time,x,y,yaw
0.00000,-12.00000,-5.99999,-0.00003
0.05000,-12.00000,-5.99999,-0.00003
0.10000,-12.00016,-5.99999,0.00553
0.15000,-11.99882,-5.99994,0.02270
0.20000,-11.99407,-5.99974,0.05035
0.25000,-11.98688,-5.99925,0.08647
0.30000,-11.97860,-5.99836,0.12784
0.35000,-11.96969,-5.99702,0.17327
0.40000,-11.96121,-5.99532,0.22472
0.45000,-11.95280,-5.99316,0.27753
0.50000,-11.94452,-5.99056,0.33034
0.55000,-11.93639,-5.98753,0.38342
0.60000,-11.92844,-5.98408,0.43668
0.65000,-11.92069,-5.98020,0.49004
0.70000,-11.91316,-5.97592,0.54356
0.75000,-11.90588,-5.97125,0.59729
0.80000,-11.89886,-5.96619,0.65100
0.85000,-11.89212,-5.96076,0.70479
0.90000,-11.88568,-5.95498,0.75860
0.95000,-11.87956,-5.94886,0.81236
1.00000,-11.87377,-5.94242,0.86603
1.05000,-11.86823,-5.93587,0.91230
1.10000,-11.86263,-5.92907,0.94017
1.15000,-11.85708,-5.92133,0.95839
1.20000,-11.85165,-5.91346,0.97588
1.25000,-11.84618,-5.90522,0.99179
1.30000,-11.84078,-5.89682,1.00662
1.35000,-11.83551,-5.88835,1.02109
1.40000,-11.83036,-5.87980,1.03521
1.45000,-11.82533,-5.87118,1.04900
1.50000,-11.82041,-5.86250,1.06243
1.55000,-11.81561,-5.85374,1.07553
1.60000,-11.81093,-5.84493,1.08828
1.65000,-11.80635,-5.83606,1.10071
1.70000,-11.80189,-5.82713,1.11278
1.75000,-11.79753,-5.81815,1.12453
1.80000,-11.79327,-5.80912,1.13594
1.85000,-11.78912,-5.80004,1.14703
1.90000,-11.78507,-5.79092,1.15778
1.95000,-11.78111,-5.78175,1.16821
2.00000,-11.77725,-5.77254,1.17831
2.05000,-11.77347,-5.76330,1.18810
2.10000,-11.76979,-5.75402,1.19756
2.15000,-11.76620,-5.74470,1.20672
2.20000,-11.76268,-5.73536,1.21555
2.25000,-11.75925,-5.72598,1.22408
2.30000,-11.75590,-5.71658,1.23230
2.35000,-11.75263,-5.70714,1.24023
2.40000,-11.74942,-5.69769,1.24784
2.45000,-11.74629,-5.68821,1.25517
2.50000,-11.74323,-5.67870,1.26219
2.55000,-11.74023,-5.66918,1.26895
2.60000,-11.73726,-5.65951,1.27604
2.65000,-11.73436,-5.64982,1.28302
2.70000,-11.73152,-5.64010,1.28952
2.75000,-11.72874,-5.63036,1.29586
2.80000,-11.72602,-5.62059,1.30196
2.85000,-11.72337,-5.61086,1.30747
2.90000,-11.72075,-5.60106,1.31298
2.95000,-11.71820,-5.59127,1.31817
3.00000,-11.71569,-5.58147,1.32300
3.05000,-11.71324,-5.57166,1.32750
3.10000,-11.71082,-5.56185,1.33173
3.15000,-11.70844,-5.55204,1.33566
3.20000,-11.70609,-5.54223,1.33931
3.25000,-11.70378,-5.53241,1.34269
3.30000,-11.70150,-5.52259,1.34579
3.35000,-11.69926,-5.51277,1.34869
3.40000,-11.69706,-5.50296,1.35126
3.45000,-11.69487,-5.49312,1.35382
3.50000,-11.69272,-5.48332,1.35626
3.55000,-11.69060,-5.47354,1.35862
3.60000,-11.68851,-5.46380,1.36088
3.65000,-11.68644,-5.45400,1.36247
3.70000,-11.68436,-5.44417,1.36373
3.75000,-11.68230,-5.43435,1.36472
3.80000,-11.68026,-5.42457,1.36546
3.85000,-11.67822,-5.41476,1.36599
3.90000,-11.67618,-5.40495,1.36632
3.95000,-11.67415,-5.39515,1.36636
4.00000,-11.67212,-5.38536,1.36620
4.05000,-11.67009,-5.37557,1.36586
4.10000,-11.66805,-5.36579,1.36526
4.15000,-11.66601,-5.35602,1.36468
4.20000,-11.66396,-5.34623,1.36392
4.25000,-11.66191,-5.33646,1.36286
4.30000,-11.65983,-5.32668,1.36163
4.35000,-11.65775,-5.31689,1.36017
4.40000,-11.65565,-5.30711,1.35849
4.45000,-11.65353,-5.29734,1.35667
4.50000,-11.65140,-5.28759,1.35486
4.55000,-11.64924,-5.27779,1.35270
4.60000,-11.64707,-5.26802,1.35044
4.65000,-11.64486,-5.25822,1.34809
4.70000,-11.64264,-5.24848,1.34567
4.75000,-11.64040,-5.23873,1.34300
4.80000,-11.63812,-5.22897,1.34032
4.85000,-11.63581,-5.21922,1.33753
4.90000,-11.63348,-5.20947,1.33471
4.95000,-11.63113,-5.19977,1.33162
5.00000,-11.62874,-5.19006,1.32844
5.05000,-11.62633,-5.18035,1.32517
5.10000,-11.62387,-5.17065,1.32169
5.15000,-11.62138,-5.16090,1.31814
5.20000,-11.61887,-5.15124,1.31461
5.25000,-11.61631,-5.14157,1.31095
5.30000,-11.61373,-5.13192,1.30721
5.35000,-11.61110,-5.12224,1.30333
5.40000,-11.60845,-5.11267,1.29942
5.45000,-11.60575,-5.10306,1.29551
5.50000,-11.60301,-5.09345,1.29129
5.55000,-11.60023,-5.08387,1.28696
5.60000,-11.59743,-5.07436,1.28268
5.65000,-11.59460,-5.06486,1.27831
5.70000,-11.59172,-5.05539,1.27396
5.75000,-11.58880,-5.04594,1.26957
5.80000,-11.58585,-5.03650,1.26522
5.85000,-11.58284,-5.02708,1.26075
5.90000,-11.57980,-5.01767,1.25622
5.95000,-11.57672,-5.00829,1.25176
6.00000,-11.57360,-4.99891,1.24724
6.05000,-11.57044,-4.98955,1.24270
6.10000,-11.56723,-4.98020,1.23809
6.15000,-11.56397,-4.97086,1.23354
6.20000,-11.56068,-4.96154,1.22898
6.25000,-11.55734,-4.95224,1.22427
6.30000,-11.55396,-4.94295,1.21955
6.35000,-11.55054,-4.93368,1.21482
6.40000,-11.54708,-4.92443,1.21008
6.45000,-11.54357,-4.91520,1.20537
6.50000,-11.54002,-4.90597,1.20065
6.55000,-11.53642,-4.89676,1.19592
6.60000,-11.53277,-4.88756,1.19116
6.65000,-11.52908,-4.87839,1.18644
6.70000,-11.52535,-4.86922,1.18169
6.75000,-11.52158,-4.86008,1.17698
6.80000,-11.51776,-4.85095,1.17226
6.85000,-11.51390,-4.84184,1.16753
6.90000,-11.50999,-4.83274,1.16282
6.95000,-11.50604,-4.82366,1.15814
7.00000,-11.50205,-4.81458,1.15347
7.05000,-11.49802,-4.80553,1.14882
7.10000,-11.49394,-4.79651,1.14415
7.15000,-11.48982,-4.78752,1.13960
7.20000,-11.48566,-4.77853,1.13499
7.25000,-11.48146,-4.76957,1.13046
7.30000,-11.47721,-4.76062,1.12596
7.35000,-11.47293,-4.75169,1.12144
7.40000,-11.46859,-4.74276,1.11691
7.45000,-11.46421,-4.73385,1.11239
7.50000,-11.45977,-4.72492,1.10766
7.55000,-11.45529,-4.71601,1.10315
7.60000,-11.45077,-4.70712,1.09877
7.65000,-11.44622,-4.69828,1.09450
7.70000,-11.44162,-4.68943,1.09038
7.75000,-11.43702,-4.68066,1.08625
7.80000,-11.43238,-4.67189,1.08217
7.85000,-11.42770,-4.66315,1.07814
7.90000,-11.42293,-4.65432,1.07410
7.95000,-11.41812,-4.64547,1.07010
8.00000,-11.41331,-4.63673,1.06621
8.05000,-11.40846,-4.62800,1.06231
8.10000,-11.40353,-4.61920,1.05848
8.15000,-11.39862,-4.61051,1.05475
8.20000,-11.39367,-4.60183,1.05114
8.25000,-11.38869,-4.59316,1.04762
8.30000,-11.38368,-4.58451,1.04412
8.35000,-11.37864,-4.57588,1.04070
8.40000,-11.37358,-4.56728,1.03733
8.45000,-11.36847,-4.55867,1.03392
8.50000,-11.36335,-4.55010,1.03066
8.55000,-11.35820,-4.54154,1.02755
8.60000,-11.35304,-4.53305,1.02428
8.65000,-11.34785,-4.52459,1.02100
8.70000,-11.34264,-4.51615,1.01777
8.75000,-11.33740,-4.50772,1.01460
8.80000,-11.33213,-4.49931,1.01147
8.85000,-11.32683,-4.49092,1.00840
8.90000,-11.32151,-4.48254,1.00539
8.95000,-11.31616,-4.47417,1.00244
9.00000,-11.31079,-4.46582,0.99953
9.05000,-11.30540,-4.45748,0.99667
9.10000,-11.29998,-4.44916,0.99387
9.15000,-11.29454,-4.44085,0.99112
9.20000,-11.28907,-4.43256,0.98843
9.25000,-11.28358,-4.42427,0.98578
9.30000,-11.27809,-4.41600,0.98323
9.35000,-11.27257,-4.40774,0.98071
9.40000,-11.26703,-4.39949,0.97833
9.45000,-11.26146,-4.39124,0.97598
9.50000,-11.25588,-4.38301,0.97362
9.55000,-11.25028,-4.37480,0.97132
9.60000,-11.24466,-4.36659,0.96907
9.65000,-11.23902,-4.35840,0.96687
9.70000,-11.23337,-4.35022,0.96473
9.75000,-11.22769,-4.34205,0.96264
9.80000,-11.22200,-4.33389,0.96061
9.85000,-11.21629,-4.32574,0.95863
9.90000,-11.21056,-4.31760,0.95670
9.95000,-11.20482,-4.30947,0.95482
10.00000,-11.19906,-4.30135,0.95299
10.05000,-11.19328,-4.29323,0.95128
10.10000,-11.18748,-4.28514,0.94953
10.15000,-11.18167,-4.27703,0.94789
10.20000,-11.17584,-4.26893,0.94617
10.25000,-11.16998,-4.26082,0.94440
10.30000,-11.16412,-4.25273,0.94269
10.35000,-11.15823,-4.24464,0.94104
10.40000,-11.15234,-4.23656,0.93945
10.45000,-11.14643,-4.22850,0.93792
10.50000,-11.14051,-4.22044,0.93645
10.55000,-11.13458,-4.21239,0.93503
10.60000,-11.12863,-4.20434,0.93367
10.65000,-11.12268,-4.19631,0.93237
10.70000,-11.11671,-4.18828,0.93112
10.75000,-11.11074,-4.18026,0.92992
10.80000,-11.10476,-4.17225,0.92878
10.85000,-11.09877,-4.16425,0.92772
10.90000,-11.09277,-4.15626,0.92678
10.95000,-11.08676,-4.14826,0.92587
11.00000,-11.08075,-4.14028,0.92505
11.05000,-11.07473,-4.13230,0.92426
11.10000,-11.06871,-4.12432,0.92352
11.15000,-11.06267,-4.11635,0.92281
11.20000,-11.05664,-4.10838,0.92212
11.25000,-11.05059,-4.10041,0.92146
11.30000,-11.04454,-4.09244,0.92085
11.35000,-11.03848,-4.08446,0.92026
11.40000,-11.03242,-4.07651,0.91971
11.45000,-11.02636,-4.06855,0.91923
11.50000,-11.02029,-4.06059,0.91880
11.55000,-11.01422,-4.05265,0.91840
11.60000,-11.00815,-4.04472,0.91800
11.65000,-11.00207,-4.03679,0.91763
11.70000,-10.99598,-4.02886,0.91729
11.75000,-10.98990,-4.02094,0.91698
11.80000,-10.98381,-4.01301,0.91671
11.85000,-10.97772,-4.00509,0.91646
11.90000,-10.97162,-3.99717,0.91624
11.95000,-10.96553,-3.98924,0.91606
12.00000,-10.95943,-3.98132,0.91590
12.05000,-10.95333,-3.97340,0.91577
12.10000,-10.94723,-3.96548,0.91566
12.15000,-10.94113,-3.95756,0.91558
12.20000,-10.93503,-3.94964,0.91553
12.25000,-10.92892,-3.94172,0.91551
12.30000,-10.92282,-3.93380,0.91550
12.35000,-10.91671,-3.92588,0.91553
12.40000,-10.91062,-3.91795,0.91561
12.45000,-10.90452,-3.91002,0.91570
12.50000,-10.89841,-3.90210,0.91579
12.55000,-10.89230,-3.89415,0.91590
12.60000,-10.88619,-3.88620,0.91608
12.65000,-10.88010,-3.87826,0.91632
12.70000,-10.87401,-3.87031,0.91659
12.75000,-10.86792,-3.86237,0.91673
12.80000,-10.86182,-3.85442,0.91680
12.85000,-10.85572,-3.84647,0.91687
12.90000,-10.84962,-3.83852,0.91697
12.95000,-10.84352,-3.83056,0.91706
13.00000,-10.83742,-3.82261,0.91715
13.05000,-10.83132,-3.81465,0.91725
13.10000,-10.82521,-3.80669,0.91736
13.15000,-10.81911,-3.79873,0.91747
13.20000,-10.81300,-3.79077,0.91758
13.25000,-10.80689,-3.78281,0.91770
13.30000,-10.80078,-3.77485,0.91783
13.35000,-10.79467,-3.76689,0.91796
13.40000,-10.78856,-3.75892,0.91809
13.45000,-10.78245,-3.75095,0.91823
13.50000,-10.77633,-3.74298,0.91838
13.55000,-10.77021,-3.73501,0.91854
13.60000,-10.76409,-3.72704,0.91870
13.65000,-10.75797,-3.71906,0.91887
13.70000,-10.75185,-3.71109,0.91904
13.75000,-10.74572,-3.70311,0.91923
13.80000,-10.73960,-3.69513,0.91942
13.85000,-10.73353,-3.68717,0.92005
13.90000,-10.72747,-3.67920,0.92079
13.95000,-10.72142,-3.67124,0.92145
14.00000,-10.71537,-3.66327,0.92213
14.05000,-10.70933,-3.65529,0.92277
14.10000,-10.70329,-3.64731,0.92338
14.15000,-10.69726,-3.63933,0.92399
14.20000,-10.69123,-3.63135,0.92467
14.25000,-10.68521,-3.62335,0.92532
14.30000,-10.67919,-3.61536,0.92592
14.35000,-10.67318,-3.60736,0.92654
14.40000,-10.66718,-3.59936,0.92718
14.45000,-10.66119,-3.59138,0.92785
14.50000,-10.65521,-3.58339,0.92853
14.55000,-10.64923,-3.57539,0.92921
14.60000,-10.64326,-3.56739,0.92989
14.65000,-10.63729,-3.55938,0.93056
14.70000,-10.63130,-3.55136,0.93121
14.75000,-10.62532,-3.54333,0.93186
14.80000,-10.61934,-3.53529,0.93252
14.85000,-10.61336,-3.52726,0.93316
14.90000,-10.60740,-3.51922,0.93381
14.95000,-10.60143,-3.51117,0.93445
15.00000,-10.59547,-3.50312,0.93510
15.05000,-10.58952,-3.49507,0.93574
15.10000,-10.58357,-3.48702,0.93638
15.15000,-10.57763,-3.47896,0.93701
15.20000,-10.57169,-3.47089,0.93764
15.25000,-10.56575,-3.46283,0.93827
15.30000,-10.55982,-3.45475,0.93890
15.35000,-10.55390,-3.44668,0.93952
15.40000,-10.54798,-3.43860,0.94014
15.45000,-10.54207,-3.43052,0.94075
15.50000,-10.53616,-3.42244,0.94136
15.55000,-10.53025,-3.41435,0.94197
15.60000,-10.52435,-3.40626,0.94257
15.65000,-10.51845,-3.39817,0.94316
15.70000,-10.51256,-3.39007,0.94376
15.75000,-10.50666,-3.38193,0.94435
15.80000,-10.50079,-3.37381,0.94498
15.85000,-10.49492,-3.36569,0.94554
15.90000,-10.48907,-3.35757,0.94615
15.95000,-10.48321,-3.34944,0.94680
16.00000,-10.47736,-3.34131,0.94738
16.05000,-10.47150,-3.33316,0.94792
16.10000,-10.46563,-3.32498,0.94847
16.15000,-10.45976,-3.31681,0.94901
16.20000,-10.45390,-3.30863,0.94955
16.25000,-10.44805,-3.30044,0.95008
16.30000,-10.44220,-3.29226,0.95061
16.35000,-10.43636,-3.28407,0.95114
16.40000,-10.43052,-3.27588,0.95166
16.45000,-10.42468,-3.26769,0.95218
16.50000,-10.41885,-3.25950,0.95270
16.55000,-10.41303,-3.25130,0.95321
16.60000,-10.40721,-3.24311,0.95372
16.65000,-10.40139,-3.23491,0.95422
16.70000,-10.39558,-3.22671,0.95473
16.75000,-10.38978,-3.21851,0.95522
16.80000,-10.38398,-3.21030,0.95572
16.85000,-10.37818,-3.20210,0.95621
16.90000,-10.37242,-3.19392,0.95670
16.95000,-10.36666,-3.18575,0.95720
17.00000,-10.36091,-3.17758,0.95763
17.05000,-10.35515,-3.16940,0.95804
17.10000,-10.34940,-3.16121,0.95840
17.15000,-10.34364,-3.15302,0.95882
17.20000,-10.33790,-3.14483,0.95919
17.25000,-10.33215,-3.13664,0.95951
17.30000,-10.32641,-3.12845,0.95981
17.35000,-10.32068,-3.12025,0.96011
17.40000,-10.31494,-3.11205,0.96039
17.45000,-10.30920,-3.10385,0.96064
17.50000,-10.30347,-3.09565,0.96090
17.55000,-10.29774,-3.08744,0.96113
17.60000,-10.29201,-3.07923,0.96139
17.65000,-10.28629,-3.07104,0.96167
17.70000,-10.28057,-3.06284,0.96194
17.75000,-10.27486,-3.05464,0.96220
17.80000,-10.26915,-3.04644,0.96245
17.85000,-10.26343,-3.03824,0.96269
17.90000,-10.25770,-3.03003,0.96291
17.95000,-10.25198,-3.02183,0.96312
18.00000,-10.24626,-3.01362,0.96333
18.05000,-10.24054,-3.00541,0.96352
18.10000,-10.23482,-2.99720,0.96371
18.15000,-10.22910,-2.98900,0.96390
18.20000,-10.22339,-2.98078,0.96408
18.25000,-10.21767,-2.97257,0.96425
18.30000,-10.21196,-2.96436,0.96441
18.35000,-10.20625,-2.95615,0.96457
18.40000,-10.20054,-2.94793,0.96473
18.45000,-10.19483,-2.93972,0.96488
18.50000,-10.18913,-2.93150,0.96502
18.55000,-10.18342,-2.92328,0.96512
18.60000,-10.17773,-2.91506,0.96526
18.65000,-10.17204,-2.90684,0.96542
18.70000,-10.16635,-2.89861,0.96558
18.75000,-10.16066,-2.89038,0.96572
18.80000,-10.15496,-2.88215,0.96585
18.85000,-10.14928,-2.87392,0.96602
18.90000,-10.14359,-2.86569,0.96627
18.95000,-10.13790,-2.85744,0.96648
19.00000,-10.13221,-2.84921,0.96669
19.05000,-10.12653,-2.84099,0.96688
19.10000,-10.12085,-2.83275,0.96708
19.15000,-10.11518,-2.82451,0.96731
19.20000,-10.10950,-2.81627,0.96759
19.25000,-10.10382,-2.80803,0.96787
19.30000,-10.09814,-2.79978,0.96815
19.35000,-10.09247,-2.79153,0.96842
19.40000,-10.08680,-2.78329,0.96870
19.45000,-10.08113,-2.77504,0.96897
19.50000,-10.07547,-2.76679,0.96924
19.55000,-10.06980,-2.75854,0.96950
19.60000,-10.06414,-2.75029,0.96977
19.65000,-10.05849,-2.74203,0.97003
19.70000,-10.05283,-2.73378,0.97029
19.75000,-10.04718,-2.72552,0.97055
19.80000,-10.04153,-2.71727,0.97081
19.85000,-10.03588,-2.70901,0.97106
19.90000,-10.03024,-2.70076,0.97132
19.95000,-10.02460,-2.69250,0.97157
20.00000,-10.01895,-2.68424,0.97182
20.05000,-10.01331,-2.67597,0.97204
20.10000,-10.00767,-2.66771,0.97213
20.15000,-10.00204,-2.65945,0.97212
20.20000,-9.99640,-2.65119,0.97211
20.25000,-9.99076,-2.64293,0.97209
20.30000,-9.98512,-2.63466,0.97208
20.35000,-9.97949,-2.62640,0.97208
20.40000,-9.97385,-2.61814,0.97209
20.45000,-9.96822,-2.60988,0.97210
20.50000,-9.96258,-2.60162,0.97214
20.55000,-9.95695,-2.59336,0.97216
20.60000,-9.95131,-2.58510,0.97219
20.65000,-9.94568,-2.57684,0.97222
20.70000,-9.94002,-2.56854,0.97229
20.75000,-9.93438,-2.56027,0.97233
20.80000,-9.92874,-2.55202,0.97024
20.85000,-9.92309,-2.54380,0.96811
20.90000,-9.91742,-2.53557,0.96600
20.95000,-9.91173,-2.52736,0.96397
21.00000,-9.90603,-2.51917,0.96200
21.05000,-9.90032,-2.51102,0.95993
21.10000,-9.89459,-2.50289,0.95787
21.15000,-9.88885,-2.49476,0.95584
21.20000,-9.88308,-2.48665,0.95384
21.25000,-9.87731,-2.47854,0.95186
21.30000,-9.87151,-2.47045,0.94991
21.35000,-9.86570,-2.46237,0.94798
21.40000,-9.85987,-2.45430,0.94608
21.45000,-9.85403,-2.44624,0.94422
21.50000,-9.84817,-2.43819,0.94239
21.55000,-9.84230,-2.43014,0.94059
21.60000,-9.83641,-2.42212,0.93882
21.65000,-9.83050,-2.41409,0.93708
21.70000,-9.82459,-2.40608,0.93538
21.75000,-9.81866,-2.39808,0.93371
21.80000,-9.81271,-2.39009,0.93208
21.85000,-9.80675,-2.38208,0.93059
21.90000,-9.80080,-2.37410,0.92903
21.95000,-9.79483,-2.36613,0.92751
22.00000,-9.78885,-2.35817,0.92603
22.05000,-9.78286,-2.35021,0.92460
22.10000,-9.77686,-2.34227,0.92320
22.15000,-9.77085,-2.33433,0.92184
22.20000,-9.76482,-2.32639,0.92053
22.25000,-9.75878,-2.31847,0.91926
22.30000,-9.75274,-2.31055,0.91803
22.35000,-9.74668,-2.30264,0.91685
22.40000,-9.74061,-2.29473,0.91571
22.45000,-9.73454,-2.28683,0.91461
22.50000,-9.72845,-2.27893,0.91357
22.55000,-9.72235,-2.27104,0.91257
22.60000,-9.71624,-2.26315,0.91162
22.65000,-9.71014,-2.25528,0.91053
22.70000,-9.70403,-2.24741,0.90949
22.75000,-9.69792,-2.23956,0.90849
22.80000,-9.69179,-2.23170,0.90755
22.85000,-9.68564,-2.22384,0.90674
22.90000,-9.67948,-2.21597,0.90608
22.95000,-9.67331,-2.20811,0.90546
23.00000,-9.66714,-2.20025,0.90489
23.05000,-9.66096,-2.19240,0.90437
23.10000,-9.65478,-2.18455,0.90390
23.15000,-9.64860,-2.17669,0.90348
23.20000,-9.64241,-2.16885,0.90312
23.25000,-9.63622,-2.16100,0.90280
23.30000,-9.63002,-2.15315,0.90253
23.35000,-9.62383,-2.14530,0.90231
23.40000,-9.61763,-2.13746,0.90206
23.45000,-9.61143,-2.12961,0.90192
23.50000,-9.60522,-2.12177,0.90186
23.55000,-9.59902,-2.11392,0.90183
23.60000,-9.59281,-2.10607,0.90186
23.65000,-9.58661,-2.09822,0.90192
23.70000,-9.58041,-2.09037,0.90204
23.75000,-9.57421,-2.08252,0.90223
23.80000,-9.56801,-2.07467,0.90245
23.85000,-9.56181,-2.06682,0.90271
23.90000,-9.55561,-2.05896,0.90302
23.95000,-9.54971,-2.05151,0.89302
24.00000,-9.54553,-2.04649,0.85739
24.05000,-9.54064,-2.04110,0.81406
24.10000,-9.53475,-2.03514,0.76724
24.15000,-9.52803,-2.02898,0.71785
24.20000,-9.52061,-2.02282,0.66668
24.25000,-9.51395,-2.01776,0.63522
24.30000,-9.50842,-2.01370,0.61487
24.35000,-9.50299,-2.00999,0.57857
24.40000,-9.49657,-2.00600,0.53559
24.45000,-9.49039,-2.00239,0.50355
24.50000,-9.48498,-1.99951,0.49008
24.55000,-9.48334,-1.99867,0.47409
24.60000,-9.48127,-1.99763,0.46464
24.65000,-9.48013,-1.99708,0.46638
24.70000,-9.47916,-1.99659,0.46894
24.75000,-9.47821,-1.99611,0.47163
24.80000,-9.47727,-1.99561,0.46715
24.85000,-9.47564,-1.99479,0.45042
24.90000,-9.47223,-1.99314,0.43733
24.95000,-9.47073,-1.99247,0.43709
25.00000,-9.46977,-1.99202,0.43933
25.05000,-9.46881,-1.99156,0.44172
25.10000,-9.46785,-1.99111,0.44422
25.15000,-9.46689,-1.99065,0.44682
25.20000,-9.46593,-1.99019,0.44953
25.25000,-9.46498,-1.98971,0.44512
25.30000,-9.46357,-1.98888,0.43969
25.35000,-9.46256,-1.98840,0.44200
25.40000,-9.46160,-1.98794,0.44449
25.45000,-9.46064,-1.98749,0.44707
25.50000,-9.45968,-1.98702,0.44976
25.55000,-9.45872,-1.98656,0.45256
25.60000,-9.45775,-1.98609,0.45545
25.65000,-9.45679,-1.98562,0.45843
25.70000,-9.45584,-1.98514,0.46151
25.75000,-9.45488,-1.98465,0.45741
25.80000,-9.45329,-1.98385,0.45403
25.85000,-9.45224,-1.98336,0.45714
25.90000,-9.45121,-1.98286,0.46020
25.95000,-9.45028,-1.98240,0.44912
26.00000,-9.44708,-1.98083,0.42438
26.05000,-9.44290,-1.97900,0.41006
26.10000,-9.44063,-1.97809,0.40647
26.15000,-9.43953,-1.97762,0.40876
26.20000,-9.43854,-1.97719,0.41183
26.25000,-9.43754,-1.97675,0.41504
26.30000,-9.43656,-1.97632,0.41835
26.35000,-9.43558,-1.97588,0.42176
26.40000,-9.43460,-1.97544,0.42529
26.45000,-9.43362,-1.97499,0.42892
26.50000,-9.43264,-1.97454,0.43265
26.55000,-9.43166,-1.97409,0.43648
26.60000,-9.43068,-1.97363,0.44040
26.65000,-9.42971,-1.97315,0.43706
26.70000,-9.42819,-1.97234,0.43383
26.75000,-9.42711,-1.97185,0.43774
26.80000,-9.42612,-1.97139,0.44143
26.85000,-9.42512,-1.97091,0.44523
26.90000,-9.42413,-1.97044,0.44910
26.95000,-9.42314,-1.96996,0.45311
27.00000,-9.42215,-1.96947,0.45719
27.05000,-9.42116,-1.96899,0.46137
27.10000,-9.42017,-1.96849,0.46560
27.15000,-9.41921,-1.96799,0.46318
27.20000,-9.41736,-1.96705,0.45021
27.25000,-9.41396,-1.96543,0.43043
27.30000,-9.40862,-1.96306,0.40223
27.35000,-9.40215,-1.96043,0.37879
27.40000,-9.39837,-1.95905,0.35899
27.45000,-9.39481,-1.95775,0.34688
27.50000,-9.39332,-1.95724,0.34897
27.55000,-9.39220,-1.95685,0.35344
27.60000,-9.39108,-1.95645,0.35810
27.65000,-9.38996,-1.95605,0.36292
27.70000,-9.38881,-1.95560,0.35409
27.75000,-9.38661,-1.95482,0.34964
27.80000,-9.38555,-1.95444,0.35421
27.85000,-9.38454,-1.95406,0.35872
27.90000,-9.38354,-1.95369,0.36332
27.95000,-9.38254,-1.95330,0.36803
28.00000,-9.38154,-1.95291,0.37286
28.05000,-9.38054,-1.95252,0.37779
28.10000,-9.37955,-1.95212,0.38283
28.15000,-9.37855,-1.95172,0.38797
28.20000,-9.37756,-1.95131,0.39321
28.25000,-9.37657,-1.95090,0.39856
28.30000,-9.37558,-1.95048,0.40400
28.35000,-9.37460,-1.95005,0.40954
28.40000,-9.37361,-1.94962,0.41516
28.45000,-9.37250,-1.94912,0.40722
28.50000,-9.36877,-1.94752,0.38599
28.55000,-9.36381,-1.94554,0.37064
28.60000,-9.36160,-1.94474,0.37071
28.65000,-9.36061,-1.94435,0.37661
28.70000,-9.35957,-1.94394,0.38283
28.75000,-9.35858,-1.94354,0.38888
28.80000,-9.35757,-1.94312,0.39514
28.85000,-9.35656,-1.94270,0.40160
28.90000,-9.35551,-1.94226,0.40826
28.95000,-9.35449,-1.94182,0.41488
29.00000,-9.35347,-1.94137,0.42141
29.05000,-9.35245,-1.94091,0.42796
29.10000,-9.35143,-1.94044,0.43464
29.15000,-9.35003,-1.93982,0.42967
29.20000,-9.34626,-1.93812,0.40908
29.25000,-9.34004,-1.93552,0.38104
29.30000,-9.33212,-1.93250,0.34676
29.35000,-9.32468,-1.92996,0.32168
29.40000,-9.31941,-1.92839,0.30949
29.45000,-9.31781,-1.92793,0.31410
29.50000,-9.31684,-1.92762,0.32213
29.55000,-9.31578,-1.92728,0.33018
29.60000,-9.31464,-1.92691,0.33828
29.65000,-9.31360,-1.92655,0.34656
29.70000,-9.31246,-1.92615,0.35511
29.75000,-9.31131,-1.92574,0.36369
29.80000,-9.31015,-1.92531,0.37232
29.85000,-9.30901,-1.92488,0.38101
29.90000,-9.30787,-1.92444,0.38973
29.95000,-9.30674,-1.92398,0.39848
30.00000,-9.30561,-1.92352,0.40727
30.05000,-9.30448,-1.92305,0.41608
30.10000,-9.30335,-1.92256,0.42487
30.15000,-9.30223,-1.92206,0.43371
30.20000,-9.30112,-1.92156,0.44256
30.25000,-9.30001,-1.92104,0.45141
30.30000,-9.29869,-1.92040,0.44674
30.35000,-9.29659,-1.91943,0.44728
30.40000,-9.29562,-1.91896,0.45595
30.45000,-9.29438,-1.91830,0.45284
30.50000,-9.29174,-1.91698,0.44826
30.55000,-9.28941,-1.91597,0.44700
30.60000,-9.28684,-1.91474,0.44280
30.65000,-9.28570,-1.91423,0.44988
30.70000,-9.28465,-1.91372,0.45736
30.75000,-9.28339,-1.91307,0.45213
30.80000,-9.27953,-1.91120,0.43241
30.85000,-9.27445,-1.90893,0.41883
30.90000,-9.27225,-1.90801,0.42011
30.95000,-9.27127,-1.90757,0.42758
31.00000,-9.27018,-1.90708,0.43501
31.05000,-9.26906,-1.90655,0.44254
31.10000,-9.26793,-1.90602,0.45012
31.15000,-9.26706,-1.90560,0.45772
31.20000,-9.26627,-1.90521,0.46536
31.25000,-9.26550,-1.90482,0.47302
31.30000,-9.26472,-1.90442,0.48070
31.35000,-9.26395,-1.90401,0.48840
31.40000,-9.26304,-1.90345,0.49005
31.45000,-9.25946,-1.90121,0.48516
31.50000,-9.25319,-1.89800,0.47527
31.55000,-9.24725,-1.89508,0.44649
31.60000,-9.24072,-1.89208,0.42443
31.65000,-9.23680,-1.89039,0.41693
31.70000,-9.23495,-1.88961,0.42058
31.75000,-9.23391,-1.88914,0.42886
31.80000,-9.23286,-1.88867,0.43688
31.85000,-9.23187,-1.88820,0.44528
31.90000,-9.23093,-1.88775,0.45421
31.95000,-9.22996,-1.88728,0.46270
32.00000,-9.22892,-1.88677,0.47125
32.05000,-9.22793,-1.88626,0.48001
32.10000,-9.22699,-1.88576,0.48851
32.15000,-9.22599,-1.88523,0.49667
32.20000,-9.22494,-1.88466,0.50495
32.25000,-9.22216,-1.88263,0.51300
32.30000,-9.21618,-1.87865,0.51095
32.35000,-9.21064,-1.87555,0.50315
32.40000,-9.20262,-1.87110,0.50757
32.45000,-9.19388,-1.86619,0.51582
32.50000,-9.18518,-1.86121,0.52441
32.55000,-9.17651,-1.85616,0.53258
32.60000,-9.16785,-1.85101,0.54105
32.65000,-9.15923,-1.84580,0.54924
32.70000,-9.15066,-1.84051,0.55751
32.75000,-9.14203,-1.83508,0.56554
32.80000,-9.13343,-1.82957,0.57351
32.85000,-9.12488,-1.82400,0.58146
32.90000,-9.11637,-1.81836,0.58938
32.95000,-9.10790,-1.81265,0.59727
33.00000,-9.09949,-1.80688,0.60512
33.05000,-9.09112,-1.80104,0.61294
33.10000,-9.08279,-1.79514,0.62071
33.15000,-9.07453,-1.78918,0.62838
33.20000,-9.06642,-1.78324,0.63648
33.25000,-9.05836,-1.77724,0.64457
33.30000,-9.05031,-1.77114,0.65237
33.35000,-9.04235,-1.76501,0.65997
33.40000,-9.03444,-1.75883,0.66723
33.45000,-9.02680,-1.75285,0.66604
33.50000,-9.01998,-1.74761,0.64260
33.55000,-9.01402,-1.74331,0.60258
33.60000,-9.00891,-1.74000,0.54935
33.65000,-9.00311,-1.73667,0.49234
33.70000,-8.99656,-1.73340,0.43338
33.75000,-8.98940,-1.73035,0.37311
33.80000,-8.98176,-1.72762,0.31200
33.85000,-8.97372,-1.72530,0.25037
33.90000,-8.96532,-1.72343,0.18857
33.95000,-8.95666,-1.72205,0.12665
34.00000,-8.94777,-1.72120,0.06486
34.05000,-8.93872,-1.72089,0.00317
34.10000,-8.92952,-1.72115,-0.05823
34.15000,-8.92022,-1.72197,-0.11929
34.20000,-8.91089,-1.72338,-0.18007
34.25000,-8.90153,-1.72538,-0.24044
34.30000,-8.89221,-1.72796,-0.30045
34.35000,-8.88293,-1.73115,-0.35998
34.40000,-8.87375,-1.73492,-0.41911
34.45000,-8.86474,-1.73925,-0.47766
34.50000,-8.85600,-1.74410,-0.53533
34.55000,-8.84820,-1.74903,-0.59511
34.60000,-8.84133,-1.75367,-0.65108
34.65000,-8.83443,-1.75856,-0.68354
34.70000,-8.82953,-1.76256,-0.69129
34.75000,-8.82634,-1.76518,-0.68644
34.80000,-8.82379,-1.76723,-0.67633
34.85000,-8.82148,-1.76908,-0.66388
34.90000,-8.82000,-1.77021,-0.64602
34.95000,-8.81900,-1.77093,-0.62481
35.00000,-8.81775,-1.77181,-0.60385
35.05000,-8.81647,-1.77267,-0.58261
35.10000,-8.81529,-1.77343,-0.56190
35.15000,-8.81410,-1.77416,-0.54090
35.20000,-8.81289,-1.77487,-0.51896
35.25000,-8.81160,-1.77558,-0.49720
35.30000,-8.81027,-1.77628,-0.47526
35.35000,-8.80895,-1.77694,-0.45307
35.40000,-8.80759,-1.77758,-0.43051
35.45000,-8.80628,-1.77814,-0.40790
35.50000,-8.80532,-1.77850,-0.39537
35.55000,-8.80464,-1.77857,-0.40288
35.60000,-8.80334,-1.77917,-0.42148
35.65000,-8.79882,-1.78137,-0.45807
35.70000,-8.79312,-1.78432,-0.48785
35.75000,-8.78739,-1.78739,-0.49219
35.80000,-8.78338,-1.78945,-0.48430
35.85000,-8.78073,-1.79069,-0.46804
35.90000,-8.77951,-1.79126,-0.44602
35.95000,-8.77845,-1.79173,-0.42332
36.00000,-8.77721,-1.79227,-0.39975
36.05000,-8.77603,-1.79274,-0.38753
36.10000,-8.77477,-1.79325,-0.39570
36.15000,-8.77111,-1.79489,-0.42450
36.20000,-8.76588,-1.79738,-0.46241
36.25000,-8.75989,-1.80038,-0.49275
36.30000,-8.75463,-1.80313,-0.49294
36.35000,-8.75257,-1.80400,-0.47365
36.40000,-8.75174,-1.80441,-0.44926
36.45000,-8.75074,-1.80487,-0.42553
36.50000,-8.74952,-1.80537,-0.40093
36.55000,-8.74841,-1.80583,-0.37633
36.60000,-8.74700,-1.80634,-0.35057
36.65000,-8.74568,-1.80672,-0.34003
36.70000,-8.74387,-1.80736,-0.35184
36.75000,-8.73979,-1.80896,-0.37983
36.80000,-8.73409,-1.81137,-0.41639
36.85000,-8.72736,-1.81452,-0.45874
36.90000,-8.72040,-1.81804,-0.49623
36.95000,-8.71344,-1.82170,-0.51054
37.00000,-8.70867,-1.82423,-0.50314
37.05000,-8.70600,-1.82551,-0.48494
37.10000,-8.70476,-1.82615,-0.45848
37.15000,-8.70361,-1.82671,-0.43175
37.20000,-8.70258,-1.82718,-0.40557
37.25000,-8.70171,-1.82754,-0.37951
37.30000,-8.70093,-1.82785,-0.35213
37.35000,-8.69979,-1.82823,-0.32529
37.40000,-8.69876,-1.82854,-0.29899
37.45000,-8.69745,-1.82880,-0.28666
37.50000,-8.69520,-1.82951,-0.29824
37.55000,-8.69020,-1.83113,-0.32287
37.60000,-8.68387,-1.83340,-0.35691
37.65000,-8.67576,-1.83661,-0.39407
37.70000,-8.66716,-1.84012,-0.42712
37.75000,-8.65879,-1.84346,-0.44501
37.80000,-8.65252,-1.84624,-0.44237
37.85000,-8.64936,-1.84752,-0.42322
37.90000,-8.64831,-1.84800,-0.39515
37.95000,-8.64737,-1.84837,-0.36751
38.00000,-8.64643,-1.84872,-0.33990
38.05000,-8.64591,-1.84890,-0.31035
38.10000,-8.64490,-1.84921,-0.28246
38.15000,-8.64381,-1.84951,-0.25431
38.20000,-8.64296,-1.84971,-0.22512
38.25000,-8.64134,-1.85002,-0.20924
38.30000,-8.63861,-1.85070,-0.21820
38.35000,-8.63342,-1.85194,-0.24159
38.40000,-8.62637,-1.85382,-0.27274
38.45000,-8.61815,-1.85628,-0.30979
38.50000,-8.60986,-1.85897,-0.34059
38.55000,-8.60175,-1.86155,-0.35730
38.60000,-8.59522,-1.86381,-0.35302
38.65000,-8.59130,-1.86497,-0.33506
38.70000,-8.58996,-1.86538,-0.30700
38.75000,-8.58899,-1.86566,-0.27830
38.80000,-8.58803,-1.86593,-0.24969
38.85000,-8.58705,-1.86616,-0.22118
38.90000,-8.58586,-1.86641,-0.19177
38.95000,-8.58444,-1.86668,-0.17310
39.00000,-8.58254,-1.86715,-0.17315
39.05000,-8.57784,-1.86810,-0.19057
39.10000,-8.57106,-1.86952,-0.22134
39.15000,-8.56258,-1.87160,-0.25691
39.20000,-8.55312,-1.87406,-0.28605
39.25000,-8.54410,-1.87660,-0.29507
39.30000,-8.53838,-1.87817,-0.28620
39.35000,-8.53554,-1.87884,-0.26163
39.40000,-8.53401,-1.87923,-0.23065
39.45000,-8.53270,-1.87950,-0.20066
39.50000,-8.53112,-1.87978,-0.16971
39.55000,-8.52965,-1.88001,-0.13934
39.60000,-8.52809,-1.88020,-0.10886
39.65000,-8.52685,-1.88027,-0.09153
39.70000,-8.52505,-1.88051,-0.09423
39.75000,-8.52060,-1.88108,-0.11118
39.80000,-8.51356,-1.88198,-0.14129
39.85000,-8.50519,-1.88333,-0.17811
39.90000,-8.49635,-1.88511,-0.21714
39.95000,-8.48750,-1.88709,-0.24946
40.00000,-8.47843,-1.88936,-0.26558
40.05000,-8.47130,-1.89109,-0.26252
40.10000,-8.46828,-1.89172,-0.23754
40.15000,-8.46663,-1.89210,-0.20571
40.20000,-8.46495,-1.89241,-0.17404
40.25000,-8.46319,-1.89269,-0.14216
40.30000,-8.46142,-1.89291,-0.11054
40.35000,-8.45965,-1.89307,-0.07905
40.40000,-8.45788,-1.89320,-0.04786
40.45000,-8.45656,-1.89326,-0.03113
40.50000,-8.45480,-1.89338,-0.03265
40.55000,-8.45110,-1.89361,-0.04406
40.60000,-8.44469,-1.89403,-0.06922
40.65000,-8.43622,-1.89477,-0.10465
40.70000,-8.42724,-1.89588,-0.14256
40.75000,-8.41826,-1.89718,-0.17487
40.80000,-8.40914,-1.89872,-0.19113
40.85000,-8.40106,-1.90022,-0.19255
40.90000,-8.39382,-1.90160,-0.18874
40.95000,-8.38736,-1.90280,-0.18041
41.00000,-8.38164,-1.90380,-0.16772
41.05000,-8.37667,-1.90460,-0.15085
41.10000,-8.37243,-1.90519,-0.12996
41.15000,-8.36894,-1.90560,-0.10523
41.20000,-8.36617,-1.90584,-0.07682
41.25000,-8.36417,-1.90596,-0.04486
41.30000,-8.36236,-1.90603,-0.01202
41.35000,-8.36055,-1.90604,0.02054
41.40000,-8.35876,-1.90599,0.05278
41.45000,-8.35758,-1.90592,0.06651
41.50000,-8.35501,-1.90568,0.06293
41.55000,-8.34935,-1.90533,0.04538
41.60000,-8.34204,-1.90505,0.01978
41.65000,-8.33304,-1.90502,-0.01373
41.70000,-8.32413,-1.90522,-0.03346
41.75000,-8.31595,-1.90539,-0.03683
41.80000,-8.31044,-1.90549,-0.02467
41.85000,-8.30841,-1.90551,0.00242
41.90000,-8.30741,-1.90549,0.03074
41.95000,-8.30642,-1.90545,0.05886
42.00000,-8.30544,-1.90538,0.08677
42.05000,-8.30446,-1.90528,0.11448
42.10000,-8.30343,-1.90510,0.13456
42.15000,-8.30205,-1.90472,0.14018
42.20000,-8.29927,-1.90422,0.13627
42.25000,-8.29424,-1.90341,0.12074
42.30000,-8.28586,-1.90250,0.08856
42.35000,-8.27678,-1.90186,0.05301
42.40000,-8.26766,-1.90154,0.01801
42.45000,-8.25930,-1.90148,0.00290
42.50000,-8.25381,-1.90146,0.01064
42.55000,-8.25104,-1.90144,0.02920
42.60000,-8.25002,-1.90140,0.05485
42.65000,-8.24904,-1.90133,0.08066
42.70000,-8.24806,-1.90124,0.10630
42.75000,-8.24708,-1.90112,0.13178
42.80000,-8.24611,-1.90098,0.15709
42.85000,-8.24515,-1.90082,0.17723
42.90000,-8.24419,-1.90056,0.18421
42.95000,-8.24234,-1.90018,0.18364
43.00000,-8.23930,-1.89961,0.17782
43.05000,-8.23499,-1.89883,0.16641
43.10000,-8.22923,-1.89787,0.14900
43.15000,-8.22154,-1.89665,0.12396
43.20000,-8.21184,-1.89557,0.09058
43.25000,-8.20342,-1.89490,0.07649
43.30000,-8.19778,-1.89452,0.08041
43.35000,-8.19486,-1.89431,0.09466
43.40000,-8.19389,-1.89421,0.11677
43.45000,-8.19293,-1.89408,0.13895
43.50000,-8.19196,-1.89394,0.16102
43.55000,-8.19100,-1.89377,0.18298
43.60000,-8.19005,-1.89358,0.20483
43.65000,-8.18909,-1.89337,0.22655
43.70000,-8.18791,-1.89314,0.23789
43.75000,-8.18622,-1.89272,0.23740
43.80000,-8.18323,-1.89199,0.23051
43.85000,-8.17884,-1.89096,0.21757
43.90000,-8.17290,-1.88968,0.19824
43.95000,-8.16498,-1.88810,0.17085
44.00000,-8.15631,-1.88677,0.15169
44.05000,-8.14934,-1.88580,0.14761
44.10000,-8.14514,-1.88525,0.15572
44.15000,-8.14318,-1.88503,0.17375
44.20000,-8.14193,-1.88482,0.19512
44.25000,-8.14098,-1.88462,0.21525
44.30000,-8.14003,-1.88440,0.23525
44.35000,-8.13909,-1.88417,0.25518
44.40000,-8.13816,-1.88391,0.27499
44.45000,-8.13723,-1.88364,0.28931
44.50000,-8.13529,-1.88293,0.28748
44.55000,-8.12963,-1.88127,0.26509
44.60000,-8.12189,-1.87930,0.23509
44.65000,-8.11271,-1.87727,0.20040
44.70000,-8.10387,-1.87566,0.18032
44.75000,-8.09698,-1.87450,0.17437
44.80000,-8.09263,-1.87379,0.18039
44.85000,-8.09076,-1.87351,0.19752
44.90000,-8.08981,-1.87331,0.21707
44.95000,-8.08887,-1.87309,0.23657
45.00000,-8.08793,-1.87286,0.25600
45.05000,-8.08700,-1.87260,0.27533
45.10000,-8.08608,-1.87233,0.29457
45.15000,-8.08516,-1.87204,0.31371
45.20000,-8.08424,-1.87174,0.33274
45.25000,-8.08334,-1.87142,0.34691
45.30000,-8.08156,-1.87066,0.34598
45.35000,-8.07794,-1.86936,0.33561
45.40000,-8.07296,-1.86765,0.31941
45.45000,-8.06649,-1.86557,0.29721
45.50000,-8.05814,-1.86311,0.26728
45.55000,-8.04938,-1.86090,0.24567
45.60000,-8.04294,-1.85940,0.23956
45.65000,-8.03954,-1.85867,0.24821
45.70000,-8.03829,-1.85839,0.26643
45.75000,-8.03719,-1.85810,0.28485
45.80000,-8.03589,-1.85773,0.30409
45.85000,-8.03454,-1.85730,0.32338
45.90000,-8.03322,-1.85686,0.34255
45.95000,-8.03225,-1.85651,0.36011
46.00000,-8.03108,-1.85608,0.37848
46.05000,-8.03019,-1.85576,0.38323
46.10000,-8.02656,-1.85427,0.37035
46.15000,-8.02066,-1.85207,0.34524
46.20000,-8.01318,-1.84952,0.31235
46.25000,-8.00516,-1.84708,0.29184
46.30000,-7.99925,-1.84542,0.28717
46.35000,-7.99651,-1.84470,0.29815
46.40000,-7.99527,-1.84434,0.31692
46.45000,-7.99395,-1.84392,0.33605
46.50000,-7.99266,-1.84347,0.35487
46.55000,-7.99136,-1.84299,0.37354
46.60000,-7.99007,-1.84248,0.39225
46.65000,-7.98878,-1.84193,0.41078
46.70000,-7.98757,-1.84140,0.42935
46.75000,-7.98649,-1.84093,0.43354
46.80000,-7.98305,-1.83931,0.42091
46.85000,-7.97718,-1.83676,0.39603
46.90000,-7.96973,-1.83378,0.36325
46.95000,-7.96189,-1.83096,0.34298
47.00000,-7.95617,-1.82903,0.33751
47.05000,-7.95275,-1.82785,0.34411
47.10000,-7.95130,-1.82734,0.36146
47.15000,-7.95008,-1.82688,0.37970
47.20000,-7.94884,-1.82640,0.39747
47.25000,-7.94767,-1.82590,0.41582
47.30000,-7.94648,-1.82537,0.43392
47.35000,-7.94530,-1.82483,0.45188
47.40000,-7.94416,-1.82427,0.46977
47.45000,-7.94299,-1.82367,0.48728
47.50000,-7.94191,-1.82316,0.49335
47.55000,-7.93886,-1.82147,0.48285
47.60000,-7.93316,-1.81856,0.45821
47.65000,-7.92595,-1.81514,0.42550
47.70000,-7.91838,-1.81186,0.40512
47.75000,-7.91260,-1.80945,0.39735
47.80000,-7.90921,-1.80805,0.40244
47.85000,-7.90796,-1.80752,0.41926
47.90000,-7.90679,-1.80701,0.43632
47.95000,-7.90562,-1.80647,0.45332
48.00000,-7.90442,-1.80588,0.47024
48.05000,-7.90330,-1.80532,0.48718
48.10000,-7.90218,-1.80471,0.50407
48.15000,-7.90103,-1.80407,0.52028
48.20000,-7.89985,-1.80340,0.53661
48.25000,-7.89886,-1.80277,0.53927
48.30000,-7.89518,-1.80057,0.52508
48.35000,-7.88947,-1.79736,0.49994
48.40000,-7.88230,-1.79359,0.46719
48.45000,-7.87479,-1.78994,0.44633
48.50000,-7.86922,-1.78735,0.43834
48.55000,-7.86580,-1.78577,0.44184
48.60000,-7.86447,-1.78514,0.45720
48.65000,-7.86330,-1.78456,0.47364
48.70000,-7.86211,-1.78393,0.48980
48.75000,-7.86092,-1.78329,0.50583
48.80000,-7.85983,-1.78268,0.52187
48.85000,-7.85875,-1.78205,0.53785
48.90000,-7.85782,-1.78149,0.55397
48.95000,-7.85678,-1.78085,0.56964
49.00000,-7.85576,-1.78019,0.58528
49.05000,-7.85501,-1.77971,0.59225
49.10000,-7.85221,-1.77779,0.58306
49.15000,-7.84681,-1.77432,0.55860
49.20000,-7.83998,-1.77020,0.52625
49.25000,-7.83246,-1.76594,0.50205
49.30000,-7.82729,-1.76315,0.49382
49.35000,-7.82393,-1.76135,0.49570
49.40000,-7.82239,-1.76053,0.50818
49.45000,-7.82144,-1.75998,0.52361
49.50000,-7.82040,-1.75938,0.53827
49.55000,-7.81937,-1.75876,0.55329
49.60000,-7.81836,-1.75814,0.56780
49.65000,-7.81738,-1.75751,0.58209
49.70000,-7.81632,-1.75681,0.59657
49.75000,-7.81526,-1.75608,0.61084
49.80000,-7.81421,-1.75533,0.62497
49.85000,-7.81329,-1.75467,0.63871
49.90000,-7.81212,-1.75378,0.63850
49.95000,-7.80843,-1.75105,0.62331
50.00000,-7.80290,-1.74718,0.59758
50.05000,-7.79603,-1.74267,0.56447
50.10000,-7.78877,-1.73820,0.54080
50.15000,-7.78364,-1.73521,0.53125
50.20000,-7.78149,-1.73398,0.53818
50.25000,-7.78059,-1.73345,0.55137
50.30000,-7.77976,-1.73295,0.56521
50.35000,-7.77899,-1.73246,0.57880
50.40000,-7.77810,-1.73190,0.59244
50.45000,-7.77735,-1.73139,0.60555
50.50000,-7.77649,-1.73080,0.61955
50.55000,-7.77570,-1.73024,0.63269
50.60000,-7.77488,-1.72966,0.64653
50.65000,-7.77407,-1.72905,0.65882
50.70000,-7.77076,-1.72630,0.67020
50.75000,-7.76316,-1.72019,0.68169
50.80000,-7.75520,-1.71365,0.69444
50.85000,-7.74798,-1.70767,0.69386
50.90000,-7.74160,-1.70248,0.67215
50.95000,-7.73552,-1.69773,0.65914
51.00000,-7.72858,-1.69232,0.66620
51.05000,-7.72099,-1.68628,0.67814
51.10000,-7.71347,-1.68015,0.69003
51.15000,-7.70573,-1.67369,0.70182
51.20000,-7.69791,-1.66700,0.71364
51.25000,-7.69018,-1.66022,0.72534
51.30000,-7.68272,-1.65354,0.73567
51.35000,-7.67535,-1.64680,0.74563
51.40000,-7.66805,-1.63999,0.75549
51.45000,-7.66082,-1.63310,0.76527
51.50000,-7.65365,-1.62615,0.77494
51.55000,-7.64655,-1.61913,0.78452
51.60000,-7.63952,-1.61204,0.79400
51.65000,-7.63256,-1.60488,0.80339
51.70000,-7.62566,-1.59766,0.81266
51.75000,-7.61883,-1.59038,0.82183
51.80000,-7.61207,-1.58304,0.83089
51.85000,-7.60537,-1.57563,0.83984
51.90000,-7.59872,-1.56815,0.84917
51.95000,-7.59207,-1.56053,0.85895
52.00000,-7.58552,-1.55286,0.86825
52.05000,-7.57897,-1.54504,0.87774
52.10000,-7.57250,-1.53718,0.88699
52.15000,-7.56609,-1.52925,0.89622
52.20000,-7.55980,-1.52132,0.90502
52.25000,-7.55352,-1.51325,0.91399
52.30000,-7.54732,-1.50513,0.92282
52.35000,-7.54118,-1.49696,0.93165
52.40000,-7.53511,-1.48873,0.94028
52.45000,-7.52912,-1.48046,0.94875
52.50000,-7.52321,-1.47215,0.95712
52.55000,-7.51736,-1.46378,0.96523
52.60000,-7.51157,-1.45538,0.97317
52.65000,-7.50587,-1.44693,0.98097
52.70000,-7.50022,-1.43844,0.98859
52.75000,-7.49464,-1.42991,0.99605
52.80000,-7.48913,-1.42134,1.00330
52.85000,-7.48368,-1.41274,1.01039
52.90000,-7.47832,-1.40413,1.01718
52.95000,-7.47300,-1.39547,1.02373
53.00000,-7.46777,-1.38683,1.02992
53.05000,-7.46257,-1.37812,1.03610
53.10000,-7.45743,-1.36938,1.04211
53.15000,-7.45240,-1.36071,1.04751
53.20000,-7.44740,-1.35197,1.05301
53.25000,-7.44245,-1.34323,1.05825
53.30000,-7.43753,-1.33444,1.06346
53.35000,-7.43267,-1.32565,1.06839
53.40000,-7.42785,-1.31682,1.07322
53.45000,-7.42308,-1.30799,1.07788
53.50000,-7.41835,-1.29914,1.08237
53.55000,-7.41367,-1.29028,1.08670
53.60000,-7.40902,-1.28139,1.09095
53.65000,-7.40442,-1.27251,1.09485
53.70000,-7.39986,-1.26362,1.09862
53.75000,-7.39533,-1.25471,1.10244
53.80000,-7.39087,-1.24586,1.10639
53.85000,-7.38645,-1.23699,1.11024
53.90000,-7.38207,-1.22811,1.11394
53.95000,-7.37771,-1.21921,1.11749
54.00000,-7.37338,-1.21029,1.12090
54.05000,-7.36908,-1.20135,1.12416
54.10000,-7.36481,-1.19239,1.12729
54.15000,-7.36057,-1.18342,1.13027
54.20000,-7.35635,-1.17443,1.13312
54.25000,-7.35215,-1.16543,1.13583
54.30000,-7.34797,-1.15642,1.13840
54.35000,-7.34382,-1.14739,1.14084
54.40000,-7.33969,-1.13834,1.14315
54.45000,-7.33557,-1.12929,1.14533
54.50000,-7.33147,-1.12022,1.14739
54.55000,-7.32739,-1.11115,1.14931
54.60000,-7.32333,-1.10206,1.15112
54.65000,-7.31928,-1.09296,1.15280
54.70000,-7.31523,-1.08382,1.15446
54.75000,-7.31119,-1.07467,1.15599
54.80000,-7.30716,-1.06551,1.15735
54.85000,-7.30315,-1.05634,1.15863
54.90000,-7.29914,-1.04717,1.15980
54.95000,-7.29515,-1.03799,1.16086
55.00000,-7.29117,-1.02882,1.16183
55.05000,-7.28719,-1.01964,1.16269
55.10000,-7.28323,-1.01046,1.16342
55.15000,-7.27927,-1.00128,1.16403
55.20000,-7.27531,-0.99209,1.16452
55.25000,-7.27136,-0.98291,1.16491
55.30000,-7.26742,-0.97372,1.16518
55.35000,-7.26347,-0.96453,1.16534
55.40000,-7.25952,-0.95531,1.16550
55.45000,-7.25556,-0.94608,1.16552
55.50000,-7.25160,-0.93687,1.16550
55.55000,-7.24765,-0.92766,1.16547
55.60000,-7.24370,-0.91845,1.16544
55.65000,-7.23974,-0.90924,1.16539
55.70000,-7.23579,-0.90003,1.16535
55.75000,-7.23183,-0.89082,1.16528
55.80000,-7.22789,-0.88164,1.16476
55.85000,-7.22393,-0.87245,1.16407
55.90000,-7.21998,-0.86328,1.16325
55.95000,-7.21602,-0.85413,1.16236
56.00000,-7.21206,-0.84497,1.16139
56.05000,-7.20808,-0.83582,1.16036
56.10000,-7.20410,-0.82668,1.15926
56.15000,-7.20010,-0.81755,1.15810
56.20000,-7.19610,-0.80842,1.15692
56.25000,-7.19208,-0.79927,1.15573
56.30000,-7.18804,-0.79013,1.15453
56.35000,-7.18399,-0.78101,1.15323
56.40000,-7.17993,-0.77191,1.15177
56.45000,-7.17586,-0.76282,1.15026
56.50000,-7.17177,-0.75373,1.14870
56.55000,-7.16767,-0.74466,1.14709
56.60000,-7.16356,-0.73559,1.14543
56.65000,-7.15942,-0.72652,1.14373
56.70000,-7.15528,-0.71747,1.14198
56.75000,-7.15112,-0.70842,1.14020
56.80000,-7.14694,-0.69939,1.13837
56.85000,-7.14275,-0.69036,1.13651
56.90000,-7.13854,-0.68133,1.13461
56.95000,-7.13431,-0.67232,1.13268
57.00000,-7.13007,-0.66332,1.13071
57.05000,-7.12580,-0.65433,1.12872
57.10000,-7.12152,-0.64534,1.12669
57.15000,-7.11723,-0.63637,1.12463
57.20000,-7.11291,-0.62740,1.12255
57.25000,-7.10858,-0.61845,1.12044
57.30000,-7.10422,-0.60950,1.11830
57.35000,-7.09985,-0.60054,1.11615
57.40000,-7.09545,-0.59157,1.11399
57.45000,-7.09103,-0.58263,1.11183
57.50000,-7.08660,-0.57371,1.10964
57.55000,-7.08216,-0.56480,1.10743
57.60000,-7.07769,-0.55589,1.10520
57.65000,-7.07320,-0.54700,1.10295
57.70000,-7.06869,-0.53811,1.10068
57.75000,-7.06415,-0.52921,1.09836
57.80000,-7.05958,-0.52028,1.09589
57.85000,-7.05499,-0.51138,1.09353
57.90000,-7.05039,-0.50252,1.09112
57.95000,-7.04578,-0.49368,1.08870
58.00000,-7.04112,-0.48482,1.08630
58.05000,-7.03647,-0.47600,1.08386
58.10000,-7.03179,-0.46719,1.08154
58.15000,-7.02710,-0.45841,1.07917
58.20000,-7.02238,-0.44963,1.07690
58.25000,-7.01764,-0.44086,1.07458
58.30000,-7.01289,-0.43211,1.07230
58.35000,-7.00812,-0.42336,1.07000
58.40000,-7.00333,-0.41464,1.06772
58.45000,-6.99851,-0.40591,1.06547
58.50000,-6.99368,-0.39720,1.06329
58.55000,-6.98884,-0.38851,1.06110
58.60000,-6.98397,-0.37983,1.05889
58.65000,-6.97908,-0.37115,1.05669
58.70000,-6.97418,-0.36249,1.05450
58.75000,-6.96926,-0.35384,1.05230
58.80000,-6.96432,-0.34520,1.05012
58.85000,-6.95936,-0.33658,1.04797
58.90000,-6.95438,-0.32795,1.04586
58.95000,-6.94938,-0.31935,1.04376
59.00000,-6.94436,-0.31075,1.04170
59.05000,-6.93933,-0.30215,1.03966
59.10000,-6.93428,-0.29358,1.03766
59.15000,-6.92920,-0.28500,1.03572
59.20000,-6.92412,-0.27644,1.03381
59.25000,-6.91901,-0.26788,1.03194
59.30000,-6.91389,-0.25933,1.03012
59.35000,-6.90876,-0.25080,1.02836
59.40000,-6.90360,-0.24227,1.02666
59.45000,-6.89843,-0.23374,1.02500
59.50000,-6.89325,-0.22523,1.02347
59.55000,-6.88805,-0.21671,1.02212
59.60000,-6.88283,-0.20819,1.02082
59.65000,-6.87761,-0.19969,1.01956
59.70000,-6.87238,-0.19118,1.01846
59.75000,-6.86713,-0.18267,1.01745
59.80000,-6.86188,-0.17418,1.01644
59.85000,-6.85661,-0.16571,1.01545
59.90000,-6.85133,-0.15724,1.01457
59.95000,-6.84605,-0.14877,1.01381
60.00000,-6.84076,-0.14031,1.01317
60.05000,-6.83546,-0.13184,1.01269
60.10000,-6.83016,-0.12337,1.01235
60.15000,-6.82485,-0.11490,1.01218
60.20000,-6.81954,-0.10643,1.01220
60.25000,-6.81423,-0.09795,1.01241
60.30000,-6.80893,-0.08947,1.01283
60.35000,-6.80364,-0.08098,1.01350
60.40000,-6.79836,-0.07249,1.01443
60.45000,-6.79308,-0.06400,1.01559
60.50000,-6.78784,-0.05553,1.01719
60.55000,-6.78262,-0.04706,1.01918
60.60000,-6.77742,-0.03859,1.02156
60.65000,-6.77225,-0.03012,1.02444
60.70000,-6.76712,-0.02164,1.02786
60.75000,-6.76202,-0.01315,1.03189
60.80000,-6.75697,-0.00466,1.03663
60.85000,-6.75192,0.00393,1.04161
60.90000,-6.74693,0.01252,1.04793
60.95000,-6.74197,0.02120,1.05530
61.00000,-6.73705,0.02998,1.06412
61.05000,-6.73221,0.03870,1.07238
61.10000,-6.72901,0.04572,1.07941
61.15000,-6.72870,0.04674,1.09356
61.20000,-6.72847,0.04721,1.11248
61.25000,-6.72832,0.04754,1.13068
61.30000,-6.72810,0.04804,1.15005
61.35000,-6.72792,0.04849,1.16886
61.40000,-6.72775,0.04891,1.18666
61.45000,-6.72760,0.04935,1.20454
61.50000,-6.72744,0.04983,1.22143
61.55000,-6.72731,0.05018,1.23745
61.60000,-6.72716,0.05059,1.25294
61.65000,-6.72703,0.05102,1.26680
61.70000,-6.72602,0.05242,1.28134
61.75000,-6.72334,0.05997,1.29459
61.80000,-6.72064,0.06974,1.30846
61.85000,-6.71810,0.07949,1.32329
61.90000,-6.71565,0.08933,1.33717
61.95000,-6.71521,0.09515,1.35097
62.00000,-6.71508,0.09622,1.36691
62.05000,-6.71429,0.09871,1.38311
62.10000,-6.71258,0.10698,1.39707
62.15000,-6.71089,0.11692,1.40725
62.20000,-6.70929,0.12686,1.41540
62.25000,-6.70777,0.13680,1.42252
62.30000,-6.70631,0.14678,1.42803
62.35000,-6.70490,0.15669,1.43250
62.40000,-6.70353,0.16662,1.43556
62.45000,-6.70219,0.17653,1.43737
62.50000,-6.70086,0.18647,1.43807
62.55000,-6.69954,0.19640,1.43830
62.60000,-6.69821,0.20629,1.43696
62.65000,-6.69687,0.21616,1.43481
62.70000,-6.69551,0.22601,1.43189
62.75000,-6.69411,0.23584,1.42810
62.80000,-6.69268,0.24563,1.42366
62.85000,-6.69121,0.25539,1.41849
62.90000,-6.68972,0.26514,1.41329
62.95000,-6.68888,0.27346,1.40768
63.00000,-6.68883,0.27567,1.40098
63.05000,-6.68882,0.27575,1.39219
63.10000,-6.68881,0.27577,1.38329
63.15000,-6.68880,0.27579,1.37435
63.20000,-6.68879,0.27581,1.36535
63.25000,-6.68878,0.27583,1.35627
63.30000,-6.68877,0.27585,1.34711
63.35000,-6.68877,0.27586,1.33794
63.40000,-6.68876,0.27588,1.32871
63.45000,-6.68875,0.27589,1.31947
63.50000,-6.68873,0.27594,1.31012
63.55000,-6.68872,0.27596,1.30079
63.60000,-6.68870,0.27602,1.29140
63.65000,-6.68869,0.27604,1.28208
63.70000,-6.68868,0.27605,1.27278
63.75000,-6.68759,0.27789,1.26273
63.80000,-6.68472,0.28448,1.25338
63.85000,-6.68162,0.29374,1.24408
63.90000,-6.67845,0.30296,1.23439
63.95000,-6.67522,0.31218,1.22465
64.00000,-6.67459,0.31744,1.21374
64.05000,-6.67456,0.31802,1.20171
64.10000,-6.67464,0.31780,1.18724
64.15000,-6.67473,0.31758,1.17268
64.20000,-6.67481,0.31737,1.15831
64.25000,-6.67490,0.31716,1.14412
64.30000,-6.67499,0.31696,1.12998
64.35000,-6.67508,0.31677,1.11600
64.40000,-6.67518,0.31658,1.10219
64.45000,-6.67527,0.31640,1.08855
64.50000,-6.67537,0.31622,1.07509
64.55000,-6.67546,0.31605,1.06181
64.60000,-6.67378,0.31798,1.04860
64.65000,-6.66926,0.32495,1.03656
64.70000,-6.66427,0.33324,1.02324
64.75000,-6.65939,0.34126,1.00999
64.80000,-6.65796,0.34462,0.99457
64.85000,-6.65821,0.34425,0.96527
64.90000,-6.65819,0.34428,0.93034
64.95000,-6.65816,0.34432,0.89611
65.00000,-6.65812,0.34436,0.86187
65.05000,-6.65809,0.34440,0.82760
65.10000,-6.65805,0.34444,0.79331
65.15000,-6.65801,0.34448,0.75901
65.20000,-6.65797,0.34451,0.72473
65.25000,-6.65793,0.34455,0.69047
65.30000,-6.65789,0.34458,0.65625
65.35000,-6.65785,0.34461,0.62208
65.40000,-6.65781,0.34464,0.58797
65.45000,-6.65777,0.34467,0.55395
65.50000,-6.65772,0.34470,0.52001
65.55000,-6.65768,0.34472,0.48618
65.60000,-6.65763,0.34474,0.45246
65.65000,-6.65759,0.34476,0.41888
65.70000,-6.65754,0.34478,0.38545
65.75000,-6.65750,0.34480,0.35217
65.80000,-6.65745,0.34482,0.31911
65.85000,-6.65741,0.34483,0.28637
65.90000,-6.65736,0.34484,0.25394
65.95000,-6.65797,0.34470,0.21936
66.00000,-6.65875,0.34454,0.18442
66.05000,-6.65953,0.34441,0.15062
66.10000,-6.66012,0.34436,0.11898
66.15000,-6.66072,0.34431,0.08908
66.20000,-6.66140,0.34427,0.05983
66.25000,-6.66205,0.34424,0.03155
66.30000,-6.66080,0.34430,0.00303
66.35000,-6.65366,0.34420,-0.02449
66.40000,-6.64432,0.34385,-0.05021
66.45000,-6.63507,0.34337,-0.07568
66.50000,-6.63174,0.34339,-0.10526
66.55000,-6.63176,0.34349,-0.15312
66.60000,-6.63187,0.34350,-0.20804
66.65000,-6.63183,0.34350,-0.26222
66.70000,-6.63180,0.34349,-0.31599
66.75000,-6.63176,0.34347,-0.36954
66.80000,-6.63173,0.34346,-0.42287
66.85000,-6.63170,0.34344,-0.47597
66.90000,-6.63167,0.34343,-0.52885
66.95000,-6.63164,0.34341,-0.58153
67.00000,-6.63162,0.34339,-0.63402
67.05000,-6.63159,0.34338,-0.68629
67.10000,-6.63157,0.34336,-0.73840
67.15000,-6.63155,0.34334,-0.79033
67.20000,-6.63154,0.34332,-0.84214
67.25000,-6.63152,0.34330,-0.89379
67.30000,-6.63151,0.34328,-0.94525
67.35000,-6.63149,0.34327,-0.99630
67.40000,-6.63148,0.34325,-1.04728
67.45000,-6.63147,0.34323,-1.09853
67.50000,-6.63147,0.34322,-1.14991
67.55000,-6.63146,0.34320,-1.20089
67.60000,-6.63145,0.34319,-1.25225
67.65000,-6.63145,0.34317,-1.30428
67.70000,-6.63145,0.34316,-1.35723
67.75000,-6.63145,0.34315,-1.41135
67.80000,-6.63144,0.34314,-1.46700
67.85000,-6.63144,0.34313,-1.52458
67.90000,-6.63144,0.34312,-1.57935
67.95000,-6.63146,0.34310,-1.62554
68.00000,-6.63168,0.34276,-1.65500
68.05000,-6.63190,0.34163,-1.66148
68.10000,-6.63193,0.34095,-1.65168
68.15000,-6.63195,0.34056,-1.63731
68.20000,-6.63198,0.34010,-1.62065
68.25000,-6.63200,0.33960,-1.60237
68.30000,-6.63201,0.33904,-1.58257
68.35000,-6.63201,0.33884,-1.56283
68.40000,-6.63201,0.33878,-1.54226
68.45000,-6.63201,0.33871,-1.52070
68.50000,-6.63200,0.33865,-1.49829
68.55000,-6.63200,0.33858,-1.47372
68.60000,-6.63199,0.33849,-1.44473
68.65000,-6.63197,0.33839,-1.41208
68.70000,-6.63195,0.33826,-1.37740
68.75000,-6.63192,0.33811,-1.34212
68.80000,-6.63188,0.33794,-1.30667
68.85000,-6.63182,0.33774,-1.27101
68.90000,-6.63175,0.33753,-1.23475
68.95000,-6.63167,0.33731,-1.19773
69.00000,-6.63158,0.33709,-1.16018
69.05000,-6.63147,0.33686,-1.12215
69.10000,-6.63135,0.33662,-1.08374
69.15000,-6.63122,0.33638,-1.04504
69.20000,-6.63108,0.33615,-1.00610
69.25000,-6.63092,0.33591,-0.96693
69.30000,-6.63075,0.33567,-0.92756
69.35000,-6.63057,0.33544,-0.88801
69.40000,-6.63037,0.33521,-0.84833
69.45000,-6.63017,0.33498,-0.80855
69.50000,-6.62994,0.33476,-0.76881
69.55000,-6.62971,0.33454,-0.72945
69.60000,-6.62946,0.33433,-0.69048
69.65000,-6.62919,0.33412,-0.65189
69.70000,-6.62892,0.33391,-0.61351
69.75000,-6.62863,0.33372,-0.57516
69.80000,-6.62833,0.33353,-0.53688
69.85000,-6.62802,0.33336,-0.49868
69.90000,-6.62771,0.33319,-0.46059
69.95000,-6.62738,0.33304,-0.42262
70.00000,-6.62705,0.33290,-0.38480
70.05000,-6.62672,0.33277,-0.34715
70.10000,-6.62638,0.33266,-0.30971
70.15000,-6.62603,0.33255,-0.27247
70.20000,-6.62569,0.33246,-0.23545
70.25000,-6.62534,0.33239,-0.19867
70.30000,-6.62499,0.33232,-0.16213
70.35000,-6.62463,0.33227,-0.12585
70.40000,-6.62428,0.33223,-0.08984
70.45000,-6.62393,0.33221,-0.05410
70.50000,-6.62351,0.33219,-0.01846
70.55000,-6.62259,0.33220,0.01869
70.60000,-6.62165,0.33217,0.05766
70.65000,-6.62137,0.33213,0.09655
70.70000,-6.62086,0.33215,0.13494
70.75000,-6.61963,0.33227,0.17282
70.80000,-6.61843,0.33242,0.21063
70.85000,-6.61726,0.33268,0.24671
70.90000,-6.61611,0.33297,0.28195
70.95000,-6.61498,0.33330,0.31671
71.00000,-6.61386,0.33368,0.35109
71.05000,-6.61277,0.33408,0.38481
71.10000,-6.61170,0.33453,0.41827
71.15000,-6.61065,0.33501,0.45104
71.20000,-6.60961,0.33551,0.48320
71.25000,-6.60860,0.33605,0.51479
71.30000,-6.60762,0.33660,0.54576
71.35000,-6.60667,0.33718,0.57613
71.40000,-6.60575,0.33778,0.60588
71.45000,-6.60493,0.33836,0.63491
71.50000,-6.60410,0.33898,0.66337
71.55000,-6.60165,0.34113,0.69037
71.60000,-6.59475,0.34700,0.71328
71.65000,-6.58713,0.35373,0.73846
71.70000,-6.58024,0.36016,0.76375
71.75000,-6.57354,0.36673,0.78845
71.80000,-6.56699,0.37348,0.81213
71.85000,-6.56058,0.38041,0.83460
71.90000,-6.55429,0.38749,0.85553
71.95000,-6.54807,0.39479,0.87404
72.00000,-6.54196,0.40220,0.88949
72.05000,-6.53586,0.40981,0.90049
72.10000,-6.52980,0.41745,0.91118
72.15000,-6.52702,0.42104,0.91732
72.20000,-6.52629,0.42202,0.90478
72.25000,-6.52614,0.42222,0.88093
72.30000,-6.52647,0.42180,0.85171
72.35000,-6.52673,0.42148,0.82195
72.40000,-6.52668,0.42150,0.79277
72.45000,-6.52672,0.42145,0.76268
72.50000,-6.52635,0.42180,0.73304
72.55000,-6.52619,0.42193,0.70362
72.60000,-6.52641,0.42176,0.67271
72.65000,-6.52674,0.42147,0.64143
72.70000,-6.52712,0.42118,0.60997
72.75000,-6.52733,0.42101,0.57965
72.80000,-6.52745,0.42091,0.55022
72.85000,-6.52777,0.42070,0.51980
72.90000,-6.52830,0.42041,0.48857
72.95000,-6.52871,0.42019,0.45808
73.00000,-6.52918,0.41996,0.42791
73.05000,-6.52964,0.41977,0.39786
73.10000,-6.52973,0.41971,0.37001
73.15000,-6.53014,0.41955,0.34147
73.20000,-6.53067,0.41938,0.31247
73.25000,-6.53126,0.41920,0.28400
73.30000,-6.53180,0.41907,0.25622
73.35000,-6.53231,0.41895,0.22905
73.40000,-6.53287,0.41884,0.20209
73.45000,-6.53345,0.41873,0.17559
73.50000,-6.53397,0.41866,0.14989
73.55000,-6.53447,0.41861,0.12497
73.60000,-6.53498,0.41855,0.10087
73.65000,-6.53548,0.41851,0.07738
73.70000,-6.53594,0.41849,0.05445
73.75000,-6.53637,0.41847,0.03384
73.80000,-6.53489,0.41855,0.01317
73.85000,-6.52897,0.41857,-0.00545
73.90000,-6.52035,0.41848,-0.01071
73.95000,-6.51040,0.41839,-0.00598
74.00000,-6.50039,0.41834,0.00047
74.05000,-6.49489,0.41832,0.00702
74.10000,-6.49325,0.41834,0.02168
74.15000,-6.49257,0.41835,0.04590
74.20000,-6.49188,0.41838,0.07175
74.25000,-6.49112,0.41844,0.09848
74.30000,-6.49031,0.41851,0.12555
74.35000,-6.48954,0.41859,0.15279
74.40000,-6.48881,0.41869,0.18029
74.45000,-6.48805,0.41880,0.20791
74.50000,-6.48740,0.41886,0.23581
74.55000,-6.48694,0.41896,0.26332
74.60000,-6.48638,0.41908,0.29022
74.65000,-6.48622,0.41910,0.31681
74.70000,-6.48549,0.41932,0.34424
74.75000,-6.48474,0.41958,0.37160
74.80000,-6.48412,0.41976,0.39882
74.85000,-6.48381,0.41976,0.42520
74.90000,-6.48326,0.41996,0.45122
74.95000,-6.48271,0.42018,0.47750
75.00000,-6.48257,0.42022,0.50366
75.05000,-6.48204,0.42048,0.52924
75.10000,-6.48163,0.42069,0.55366
75.15000,-6.48126,0.42091,0.57744
75.20000,-6.48137,0.42083,0.60099
75.25000,-6.48140,0.42082,0.62105
75.30000,-6.48107,0.42104,0.63871
75.35000,-6.47923,0.42279,0.65563
75.40000,-6.47330,0.42801,0.67237
75.45000,-6.46575,0.43411,0.68681
75.50000,-6.45830,0.44030,0.69950
75.55000,-6.45089,0.44660,0.71036
75.60000,-6.44350,0.45301,0.71903
75.65000,-6.43611,0.45952,0.72491
75.70000,-6.42866,0.46613,0.72713
75.75000,-6.42123,0.47275,0.72910
75.80000,-6.41855,0.47478,0.72954
75.85000,-6.41846,0.47482,0.71798
75.90000,-6.41833,0.47492,0.70363
75.95000,-6.41820,0.47503,0.68962
76.00000,-6.41814,0.47507,0.67474
76.05000,-6.41803,0.47515,0.65981
76.10000,-6.41788,0.47526,0.64479
76.15000,-6.41768,0.47541,0.62992
76.20000,-6.41745,0.47557,0.61450
76.25000,-6.41709,0.47583,0.59851
76.30000,-6.41672,0.47610,0.58250
76.35000,-6.41658,0.47620,0.56646
76.40000,-6.41638,0.47632,0.54951
76.45000,-6.41590,0.47661,0.53213
76.50000,-6.41541,0.47689,0.51458
76.55000,-6.41491,0.47717,0.49673
76.60000,-6.41440,0.47744,0.47861
76.65000,-6.41437,0.47745,0.46095
76.70000,-6.41433,0.47746,0.44386
76.75000,-6.41421,0.47751,0.42704
76.80000,-6.41409,0.47757,0.41022
76.85000,-6.41397,0.47762,0.39338
76.90000,-6.41384,0.47767,0.37647
76.95000,-6.41371,0.47772,0.35950
77.00000,-6.41358,0.47777,0.34250
77.05000,-6.41345,0.47781,0.32546
77.10000,-6.41332,0.47785,0.30839
77.15000,-6.41319,0.47790,0.29130
77.20000,-6.41305,0.47794,0.27420
77.25000,-6.41291,0.47797,0.25711
77.30000,-6.41277,0.47801,0.24003
77.35000,-6.41263,0.47804,0.22302
77.40000,-6.41249,0.47807,0.20611
77.45000,-6.41235,0.47810,0.18939
77.50000,-6.41221,0.47813,0.17283
77.55000,-6.41207,0.47815,0.15647
77.60000,-6.41192,0.47817,0.14033
77.65000,-6.41178,0.47819,0.12444
77.70000,-6.41163,0.47821,0.10882
77.75000,-6.41148,0.47822,0.09346
77.80000,-6.41133,0.47824,0.07835
77.85000,-6.41118,0.47825,0.06352
77.90000,-6.40948,0.47846,0.04895
77.95000,-6.40260,0.47884,0.03405
78.00000,-6.39300,0.47910,0.01825
78.05000,-6.38339,0.47919,0.00221
78.10000,-6.37343,0.47914,-0.01268
78.15000,-6.36343,0.47894,-0.02762
78.20000,-6.35344,0.47859,-0.04274
78.25000,-6.34345,0.47808,-0.05795
78.30000,-6.33350,0.47743,-0.07326
78.35000,-6.32356,0.47663,-0.08842
78.40000,-6.31363,0.47568,-0.10332
78.45000,-6.30386,0.47459,-0.11842
78.50000,-6.29406,0.47335,-0.13296
78.55000,-6.28451,0.47199,-0.14784
78.60000,-6.27498,0.47051,-0.16225
78.65000,-6.26546,0.46888,-0.17592
78.70000,-6.25594,0.46713,-0.18890
78.75000,-6.24643,0.46525,-0.20106
78.80000,-6.23678,0.46323,-0.21161
78.85000,-6.22710,0.46109,-0.22114
78.90000,-6.21752,0.45888,-0.22978
78.95000,-6.20798,0.45660,-0.23722
79.00000,-6.19830,0.45422,-0.24291
79.05000,-6.18862,0.45180,-0.24705
79.10000,-6.17896,0.44935,-0.24939
79.15000,-6.16928,0.44688,-0.24961
79.20000,-6.15962,0.44441,-0.24982
79.25000,-6.15529,0.44415,-0.25132
79.30000,-6.15507,0.44412,-0.24494
79.35000,-6.15501,0.44410,-0.23796
79.40000,-6.15491,0.44408,-0.23102
79.45000,-6.15488,0.44408,-0.22373
79.50000,-6.15472,0.44405,-0.21626
79.55000,-6.15461,0.44404,-0.20881
79.60000,-6.15461,0.44404,-0.20134
79.65000,-6.15452,0.44403,-0.19388
79.70000,-6.15443,0.44401,-0.18648
79.75000,-6.15430,0.44400,-0.17901
79.80000,-6.15436,0.44401,-0.17155
79.85000,-6.15428,0.44400,-0.16443
79.90000,-6.15421,0.44400,-0.15743
79.95000,-6.15430,0.44401,-0.15048
80.00000,-6.15438,0.44402,-0.14365
80.05000,-6.15446,0.44403,-0.13703
80.10000,-6.15453,0.44404,-0.13055
80.15000,-6.15242,0.44354,-0.12493
80.20000,-6.14559,0.44237,-0.11963
80.25000,-6.13630,0.44122,-0.11335
80.30000,-6.12662,0.44014,-0.10680
80.35000,-6.11860,0.43967,-0.10094
80.40000,-6.11737,0.43965,-0.09019
80.45000,-6.11726,0.43965,-0.07335
80.50000,-6.11735,0.43966,-0.05738
80.55000,-6.11717,0.43966,-0.04332
80.60000,-6.11707,0.43966,-0.02934
80.65000,-6.11701,0.43966,-0.01410
80.70000,-6.11684,0.43967,0.00190
80.75000,-6.11632,0.43967,0.02038
80.80000,-6.11586,0.43968,0.03983
80.85000,-6.11531,0.43969,0.06068
80.90000,-6.11504,0.43971,0.08149
80.95000,-6.11437,0.43975,0.10464
81.00000,-6.11397,0.43978,0.12749
81.05000,-6.11333,0.43985,0.15166
81.10000,-6.11275,0.43993,0.17493
81.15000,-6.11232,0.43999,0.19659
81.20000,-6.11181,0.44009,0.21765
81.25000,-6.11122,0.44022,0.23824
81.30000,-6.11065,0.44036,0.25861
81.35000,-6.11006,0.44051,0.27884
81.40000,-6.10947,0.44068,0.29878
81.45000,-6.10885,0.44086,0.31870
81.50000,-6.10825,0.44105,0.33820
81.55000,-6.10766,0.44126,0.35759
81.60000,-6.10709,0.44147,0.37664
81.65000,-6.10655,0.44169,0.39476
81.70000,-6.10603,0.44191,0.41161
81.75000,-6.10400,0.44331,0.42835
81.80000,-6.09680,0.44725,0.44409
81.85000,-6.08765,0.45168,0.45884
81.90000,-6.07851,0.45627,0.47302
81.95000,-6.06940,0.46101,0.48695
82.00000,-6.06032,0.46589,0.50143
82.05000,-6.05137,0.47087,0.51688
82.10000,-6.04247,0.47603,0.53339
82.15000,-6.03368,0.48130,0.55099
82.20000,-6.02529,0.48645,0.56947
82.25000,-6.02063,0.48824,0.58925
82.30000,-6.02013,0.48850,0.60846
82.35000,-6.01969,0.48880,0.62708
82.40000,-6.01780,0.49045,0.64604
82.45000,-6.01089,0.49597,0.66304
82.50000,-6.00280,0.50237,0.67720
82.55000,-5.99479,0.50890,0.69072
82.60000,-5.98687,0.51554,0.70427
82.65000,-5.97904,0.52229,0.71807
82.70000,-5.97154,0.52894,0.73189
82.75000,-5.96437,0.53547,0.74680
82.80000,-5.95696,0.54243,0.76270
82.85000,-5.94986,0.54933,0.77982
82.90000,-5.94287,0.55636,0.79756
82.95000,-5.93574,0.56362,0.81546
83.00000,-5.93242,0.56706,0.83293
83.05000,-5.93212,0.56741,0.85576
83.10000,-5.93204,0.56750,0.87845
83.15000,-5.93184,0.56774,0.90200
83.20000,-5.93160,0.56803,0.92450
83.25000,-5.92998,0.56984,0.94603
83.30000,-5.92518,0.57582,0.96616
83.35000,-5.91979,0.58375,0.98241
83.40000,-5.91438,0.59200,0.99644
83.45000,-5.90904,0.60033,1.00928
83.50000,-5.90377,0.60882,1.02080
83.55000,-5.89860,0.61736,1.03211
83.60000,-5.89353,0.62597,1.04370
83.65000,-5.88856,0.63463,1.05565
83.70000,-5.88370,0.64335,1.06790
83.75000,-5.87894,0.65213,1.08044
83.80000,-5.87430,0.66097,1.09325
83.85000,-5.86977,0.66986,1.10632
83.90000,-5.86538,0.67882,1.11964
83.95000,-5.86107,0.68787,1.13090
84.00000,-5.85683,0.69698,1.13921
84.05000,-5.85267,0.70607,1.14455
84.10000,-5.84854,0.71524,1.14834
84.15000,-5.84445,0.72439,1.15180
84.20000,-5.84040,0.73353,1.15506
84.25000,-5.83637,0.74271,1.15838
84.30000,-5.83238,0.75188,1.16167
84.35000,-5.82841,0.76107,1.16516
84.40000,-5.82446,0.77032,1.16843
84.45000,-5.82055,0.77956,1.17116
84.50000,-5.81666,0.78878,1.17238
84.55000,-5.81281,0.79780,1.17396
84.60000,-5.81203,0.80081,1.17065
84.65000,-5.81202,0.80083,1.16495
84.70000,-5.81199,0.80089,1.15791
84.75000,-5.81197,0.80092,1.15075
84.80000,-5.81192,0.80103,1.14311
84.85000,-5.81190,0.80105,1.13590
84.90000,-5.81187,0.80110,1.12841
84.95000,-5.81182,0.80121,1.12066
85.00000,-5.81180,0.80124,1.11340
85.05000,-5.81177,0.80130,1.10592
85.10000,-5.81172,0.80138,1.09852
85.15000,-5.81169,0.80144,1.09142
85.20000,-5.81167,0.80148,1.08447
85.25000,-5.81162,0.80157,1.07750
85.30000,-5.81157,0.80165,1.07137
85.35000,-5.81154,0.80171,1.06567
85.40000,-5.81150,0.80177,1.06004
85.45000,-5.81142,0.80192,1.05434
85.50000,-5.81136,0.80202,1.04922
85.55000,-5.81132,0.80209,1.04408
85.60000,-5.81127,0.80216,1.03891
85.65000,-5.80972,0.80373,1.03428
85.70000,-5.80499,0.80981,1.02865
85.75000,-5.79989,0.81827,1.02326
85.80000,-5.79566,0.82584,1.01757
85.85000,-5.79527,0.82827,1.01048
85.90000,-5.79525,0.82830,1.00255
85.95000,-5.79524,0.82831,0.99400
86.00000,-5.79525,0.82828,0.98511
86.05000,-5.79524,0.82828,0.97561
86.10000,-5.79523,0.82829,0.96584
86.15000,-5.79523,0.82828,0.95606
86.20000,-5.79523,0.82827,0.94614
86.25000,-5.79522,0.82827,0.93619
86.30000,-5.79522,0.82826,0.92632
86.35000,-5.79522,0.82825,0.91656
86.40000,-5.79521,0.82825,0.90661
86.45000,-5.79521,0.82825,0.89668
86.50000,-5.79521,0.82824,0.88681
86.55000,-5.79522,0.82822,0.87692
86.60000,-5.79523,0.82821,0.86690
86.65000,-5.79523,0.82820,0.85689
86.70000,-5.79375,0.82973,0.84697
86.75000,-5.78778,0.83615,0.83715
86.80000,-5.78121,0.84337,0.82775
86.85000,-5.77456,0.85054,0.81838
86.90000,-5.76785,0.85764,0.80919
86.95000,-5.76106,0.86469,0.80002
87.00000,-5.75422,0.87167,0.79094
87.05000,-5.74732,0.87859,0.78185
87.10000,-5.74035,0.88544,0.77276
87.15000,-5.73333,0.89223,0.76369
87.20000,-5.72624,0.89896,0.75464
87.25000,-5.71909,0.90562,0.74563
87.30000,-5.71187,0.91222,0.73666
87.35000,-5.70460,0.91876,0.72775
87.40000,-5.69727,0.92523,0.71894
87.45000,-5.68989,0.93163,0.71019
87.50000,-5.68245,0.93798,0.70149
87.55000,-5.67495,0.94426,0.69286
87.60000,-5.66739,0.95047,0.68430
87.65000,-5.65978,0.95663,0.67577
87.70000,-5.65210,0.96273,0.66735
87.75000,-5.64437,0.96877,0.65909
87.80000,-5.63659,0.97475,0.65102
87.85000,-5.62875,0.98067,0.64315
87.90000,-5.62087,0.98653,0.63550
87.95000,-5.61293,0.99234,0.62802
88.00000,-5.60495,0.99807,0.62074
88.05000,-5.59693,1.00374,0.61362
88.10000,-5.58886,1.00939,0.60661
88.15000,-5.58076,1.01498,0.59964
88.20000,-5.57257,1.02054,0.59251
88.25000,-5.56436,1.02603,0.58556
88.30000,-5.55614,1.03145,0.57867
88.35000,-5.54785,1.03684,0.57181
88.40000,-5.53953,1.04218,0.56477
88.45000,-5.53116,1.04746,0.55769
88.50000,-5.52278,1.05265,0.55053
88.55000,-5.51436,1.05778,0.54345
88.60000,-5.50588,1.06287,0.53631
88.65000,-5.49736,1.06790,0.52930
88.70000,-5.48877,1.07289,0.52205
88.75000,-5.48021,1.07778,0.51530
88.80000,-5.47162,1.08262,0.50864
88.85000,-5.46301,1.08739,0.50197
88.90000,-5.45436,1.09210,0.49535
88.95000,-5.44567,1.09677,0.48879
89.00000,-5.43692,1.10139,0.48221
89.05000,-5.42807,1.10599,0.47560
89.10000,-5.41923,1.11051,0.46909
89.15000,-5.41034,1.11498,0.46244
89.20000,-5.40138,1.11941,0.45581
89.25000,-5.39250,1.12372,0.44865
89.30000,-5.38363,1.12793,0.44115
89.35000,-5.37474,1.13207,0.43345
89.40000,-5.36581,1.13614,0.42557
89.45000,-5.35686,1.14014,0.41751
89.50000,-5.34789,1.14406,0.40926
89.55000,-5.33888,1.14791,0.40084
89.60000,-5.32985,1.15167,0.39223
89.65000,-5.32078,1.15536,0.38347
89.70000,-5.31169,1.15897,0.37454
89.75000,-5.30257,1.16249,0.36549
89.80000,-5.29342,1.16593,0.35635
89.85000,-5.28424,1.16928,0.34716
89.90000,-5.27503,1.17255,0.33795
89.95000,-5.26580,1.17574,0.32874
90.00000,-5.25653,1.17883,0.31952
90.05000,-5.24723,1.18185,0.31031
90.10000,-5.23791,1.18477,0.30113
90.15000,-5.22856,1.18762,0.29197
90.20000,-5.21918,1.19037,0.28284
90.25000,-5.20978,1.19304,0.27365
90.30000,-5.20036,1.19562,0.26438
90.35000,-5.19091,1.19813,0.25507
90.40000,-5.18145,1.20055,0.24549
90.45000,-5.17198,1.20288,0.23564
90.50000,-5.16249,1.20510,0.22555
90.55000,-5.15299,1.20723,0.21522
90.60000,-5.14346,1.20926,0.20466
90.65000,-5.13393,1.21119,0.19391
90.70000,-5.12437,1.21301,0.18295
90.75000,-5.11480,1.21474,0.17207
90.80000,-5.10520,1.21635,0.16085
90.85000,-5.09559,1.21788,0.14943
90.90000,-5.08593,1.21929,0.13781
90.95000,-5.07618,1.22060,0.12565
91.00000,-5.06640,1.22178,0.11342
91.05000,-5.05666,1.22284,0.10161
91.10000,-5.04693,1.22378,0.08981
91.15000,-5.03723,1.22461,0.07849
91.20000,-5.02748,1.22532,0.06722
91.25000,-5.01770,1.22593,0.05617
91.30000,-5.00795,1.22643,0.04553
91.35000,-4.99820,1.22683,0.03526
91.40000,-4.98842,1.22713,0.02540
91.45000,-4.97864,1.22734,0.01597
91.50000,-4.96885,1.22745,0.00692
91.55000,-4.95906,1.22748,-0.00207
91.60000,-4.94928,1.22741,-0.01123
91.65000,-4.93951,1.22726,-0.02071
91.70000,-4.92975,1.22700,-0.03031
91.75000,-4.92000,1.22664,-0.04020
91.80000,-4.91027,1.22620,-0.05039
91.85000,-4.90054,1.22567,-0.06076
91.90000,-4.89082,1.22503,-0.07118
91.95000,-4.88111,1.22429,-0.08135
92.00000,-4.87139,1.22345,-0.09101
92.05000,-4.86165,1.22252,-0.09984
92.10000,-4.85189,1.22151,-0.10745
92.15000,-4.84211,1.22042,-0.11355
92.20000,-4.83229,1.21928,-0.11758
92.25000,-4.82239,1.21810,-0.11845
92.30000,-4.81247,1.21692,-0.11891
92.35000,-4.80352,1.21621,-0.11964
92.40000,-4.79852,1.21634,-0.12021
92.45000,-4.79507,1.21625,-0.11414
92.50000,-4.79326,1.21610,-0.10385
92.55000,-4.79288,1.21608,-0.09495
92.60000,-4.79043,1.21571,-0.08708
92.65000,-4.78291,1.21492,-0.08162
92.70000,-4.77339,1.21411,-0.08421
92.75000,-4.76352,1.21325,-0.08902
92.80000,-4.75361,1.21235,-0.09203
92.85000,-4.74362,1.21143,-0.09116
92.90000,-4.73362,1.21053,-0.08838
92.95000,-4.72752,1.21039,-0.08055
93.00000,-4.72421,1.21031,-0.05198
93.05000,-4.72348,1.21029,-0.00613
93.10000,-4.72345,1.21030,0.04322
93.15000,-4.72343,1.21030,0.09284
93.20000,-4.72341,1.21030,0.14235
93.25000,-4.72338,1.21030,0.19155
93.30000,-4.72336,1.21031,0.23962
93.35000,-4.72334,1.21031,0.28603
93.40000,-4.72333,1.21032,0.32963
93.45000,-4.72332,1.21032,0.36789
93.50000,-4.72331,1.21034,0.39553
93.55000,-4.72150,1.21154,0.41789
93.60000,-4.71687,1.21358,0.43352
93.65000,-4.71417,1.21459,0.43656
93.70000,-4.71282,1.21515,0.43164
93.75000,-4.71265,1.21522,0.42035
93.80000,-4.71264,1.21523,0.40758
93.85000,-4.71262,1.21524,0.39424
93.90000,-4.71260,1.21525,0.38053
93.95000,-4.71257,1.21526,0.36670
94.00000,-4.71255,1.21527,0.35272
94.05000,-4.71253,1.21527,0.33849
94.10000,-4.71250,1.21528,0.32369
94.15000,-4.71247,1.21530,0.30833
94.20000,-4.71243,1.21531,0.29254
94.25000,-4.71239,1.21532,0.27644
94.30000,-4.71234,1.21533,0.26013
94.35000,-4.71229,1.21534,0.24367
94.40000,-4.71224,1.21536,0.22713
94.45000,-4.71218,1.21537,0.21056
94.50000,-4.71212,1.21538,0.19400
94.55000,-4.71206,1.21539,0.17750
94.60000,-4.71199,1.21540,0.16113
94.65000,-4.71193,1.21541,0.14490
94.70000,-4.71187,1.21542,0.12882
94.75000,-4.71180,1.21543,0.11290
94.80000,-4.71173,1.21544,0.09715
94.85000,-4.71167,1.21544,0.08160
94.90000,-4.71160,1.21545,0.06625
94.95000,-4.71153,1.21545,0.05105
95.00000,-4.71145,1.21546,0.03601
95.05000,-4.71138,1.21546,0.02115
95.10000,-4.71129,1.21546,0.00645
95.15000,-4.71121,1.21546,-0.00805
95.20000,-4.71112,1.21546,-0.02234
95.25000,-4.71103,1.21546,-0.03648
95.30000,-4.71094,1.21545,-0.05056
95.35000,-4.71084,1.21545,-0.06455
95.40000,-4.71075,1.21544,-0.07845
95.45000,-4.70871,1.21510,-0.09245
95.50000,-4.70026,1.21418,-0.10656
95.55000,-4.69034,1.21305,-0.11990
95.60000,-4.68044,1.21180,-0.13319
95.65000,-4.67077,1.21042,-0.14728
95.70000,-4.66125,1.20893,-0.16180
95.75000,-4.65175,1.20728,-0.17623
95.80000,-4.64227,1.20551,-0.19054
95.85000,-4.63282,1.20360,-0.20473
95.90000,-4.62339,1.20155,-0.21878
95.95000,-4.61399,1.19937,-0.23270
96.00000,-4.60461,1.19707,-0.24650
96.05000,-4.59526,1.19462,-0.26017
96.10000,-4.58595,1.19206,-0.27373
96.15000,-4.57667,1.18937,-0.28717
96.20000,-4.56741,1.18655,-0.30049
96.25000,-4.55820,1.18361,-0.31368
96.30000,-4.54902,1.18055,-0.32672
96.35000,-4.53988,1.17736,-0.33960
96.40000,-4.53078,1.17406,-0.35231
96.45000,-4.52171,1.17064,-0.36483
96.50000,-4.51268,1.16711,-0.37716
96.55000,-4.50369,1.16347,-0.38929
96.60000,-4.49474,1.15972,-0.40120
96.65000,-4.48583,1.15586,-0.41287
96.70000,-4.47696,1.15189,-0.42431
96.75000,-4.46813,1.14782,-0.43549
96.80000,-4.45934,1.14366,-0.44640
96.85000,-4.45059,1.13939,-0.45702
96.90000,-4.44188,1.13503,-0.46735
96.95000,-4.43320,1.13058,-0.47736
97.00000,-4.42453,1.12603,-0.48712
97.05000,-4.41587,1.12139,-0.49657
97.10000,-4.40732,1.11670,-0.50633
97.15000,-4.39881,1.11193,-0.51613
97.20000,-4.39035,1.10708,-0.52603
97.25000,-4.38198,1.10214,-0.53717
97.30000,-4.37495,1.09790,-0.56077
97.35000,-4.37019,1.09478,-0.60552
97.40000,-4.36696,1.09241,-0.66556
97.45000,-4.36486,1.09065,-0.73640
97.50000,-4.36383,1.08965,-0.81338
97.55000,-4.36355,1.08934,-0.89426
97.60000,-4.36352,1.08930,-0.97641
97.65000,-4.36350,1.08927,-1.05830
97.70000,-4.36348,1.08923,-1.14002
97.75000,-4.36347,1.08920,-1.22177
97.80000,-4.36346,1.08918,-1.30394
97.85000,-4.36345,1.08916,-1.38816
97.90000,-4.36346,1.08912,-1.46200
97.95000,-4.36349,1.08905,-1.51651
98.00000,-4.36350,1.08894,-1.56262
98.05000,-4.36351,1.08883,-1.60870
98.10000,-4.36353,1.08871,-1.65359
98.15000,-4.36355,1.08858,-1.69724
98.20000,-4.36358,1.08845,-1.73963
98.25000,-4.36361,1.08832,-1.78076
98.30000,-4.36363,1.08819,-1.82064
98.35000,-4.36367,1.08806,-1.85927
98.40000,-4.36370,1.08792,-1.89664
98.45000,-4.36374,1.08778,-1.93276
98.50000,-4.36377,1.08765,-1.96762
98.55000,-4.36381,1.08751,-2.00114
98.60000,-4.36386,1.08738,-2.03324
98.65000,-4.36390,1.08724,-2.06380
98.70000,-4.36395,1.08711,-2.09270
98.75000,-4.36400,1.08698,-2.11978
98.80000,-4.36405,1.08685,-2.14483
98.85000,-4.36426,1.08659,-2.16072
98.90000,-4.36461,1.08622,-2.16696
98.95000,-4.36498,1.08584,-2.16877
99.00000,-4.36537,1.08546,-2.16059
99.05000,-4.36581,1.08510,-2.13680
99.10000,-4.36597,1.08490,-2.09811
99.15000,-4.36604,1.08477,-2.05818
99.20000,-4.36611,1.08464,-2.01832
99.25000,-4.36617,1.08450,-1.97852
99.30000,-4.36622,1.08437,-1.93880
99.35000,-4.36627,1.08423,-1.89917
99.40000,-4.36632,1.08408,-1.85972
99.45000,-4.36636,1.08394,-1.82052
99.50000,-4.36640,1.08379,-1.78161
99.55000,-4.36643,1.08363,-1.74300
99.60000,-4.36645,1.08347,-1.70472
99.65000,-4.36647,1.08331,-1.66674
99.70000,-4.36648,1.08314,-1.62906
99.75000,-4.36649,1.08297,-1.59166
99.80000,-4.36649,1.08280,-1.55452
99.85000,-4.36648,1.08262,-1.51748
99.90000,-4.36647,1.08245,-1.48055
99.95000,-4.36645,1.08227,-1.44374
100.00000,-4.36642,1.08209,-1.40704
100.05000,-4.36639,1.08191,-1.37062
100.10000,-4.36635,1.08173,-1.33448
100.15000,-4.36622,1.08126,-1.29745
100.20000,-4.36592,1.08018,-1.25794
100.25000,-4.36557,1.07912,-1.21867
100.30000,-4.36519,1.07809,-1.17978
100.35000,-4.36475,1.07705,-1.14125
100.40000,-4.36426,1.07603,-1.10309
100.45000,-4.36377,1.07507,-1.06559
100.50000,-4.36327,1.07417,-1.02850
100.55000,-4.36274,1.07330,-0.99184
100.60000,-4.36216,1.07244,-0.95548
100.65000,-4.36165,1.07172,-0.91951
100.70000,-4.36099,1.07089,-0.88436
100.75000,-4.36040,1.07016,-0.85034
100.80000,-4.35981,1.06949,-0.81680
100.85000,-4.35922,1.06886,-0.78360
100.90000,-4.35925,1.06889,-0.75056
100.95000,-4.35909,1.06872,-0.71980
101.00000,-4.35867,1.06836,-0.68895
101.05000,-4.35805,1.06788,-0.65763
101.10000,-4.35754,1.06747,-0.62828
101.15000,-4.35712,1.06716,-0.60018
101.20000,-4.35637,1.06667,-0.57088
101.25000,-4.35387,1.06492,-0.54363
101.30000,-4.34756,1.06076,-0.51731
101.35000,-4.33940,1.05626,-0.48994
101.40000,-4.33110,1.05198,-0.46332
101.45000,-4.32268,1.04790,-0.43759
101.50000,-4.31414,1.04404,-0.41275
101.55000,-4.30548,1.04037,-0.38881
101.60000,-4.29631,1.03672,-0.36700
101.65000,-4.28719,1.03330,-0.34562
101.70000,-4.27773,1.03001,-0.32510
101.75000,-4.26841,1.02697,-0.30569
101.80000,-4.25886,1.02405,-0.28730
101.85000,-4.24917,1.02130,-0.26883
101.90000,-4.23994,1.01883,-0.25108
101.95000,-4.23047,1.01648,-0.23472
102.00000,-4.22077,1.01426,-0.21914
102.05000,-4.21106,1.01219,-0.20424
102.10000,-4.20137,1.01026,-0.18997
102.15000,-4.19188,1.00850,-0.17628
102.20000,-4.18235,1.00687,-0.16341
102.25000,-4.17264,1.00533,-0.15168
102.30000,-4.16281,1.00388,-0.14074
102.35000,-4.15292,1.00253,-0.13144
102.40000,-4.14297,1.00127,-0.12204
102.45000,-4.13304,1.00010,-0.11294
102.50000,-4.12302,0.99896,-0.10351
102.55000,-4.11749,0.99879,-0.09589
102.60000,-4.11709,0.99877,-0.08868
102.65000,-4.11686,0.99875,-0.08203
102.70000,-4.11666,0.99874,-0.07567
102.75000,-4.11646,0.99872,-0.06969
102.80000,-4.11627,0.99871,-0.06449
102.85000,-4.11608,0.99870,-0.05943
102.90000,-4.11592,0.99869,-0.05453
102.95000,-4.11574,0.99868,-0.05009
103.00000,-4.11558,0.99867,-0.04604
103.05000,-4.11542,0.99867,-0.04252
103.10000,-4.11525,0.99866,-0.03928
103.15000,-4.11510,0.99865,-0.03640
103.20000,-4.11496,0.99865,-0.03354
103.25000,-4.11479,0.99864,-0.03100
103.30000,-4.11460,0.99864,-0.02841
103.35000,-4.11441,0.99863,-0.02582
103.40000,-4.11422,0.99863,-0.02324
103.45000,-4.11403,0.99863,-0.02066
103.50000,-4.11384,0.99862,-0.01808
103.55000,-4.11365,0.99862,-0.01550
103.60000,-4.11346,0.99862,-0.01292
103.65000,-4.11328,0.99862,-0.01035
103.70000,-4.11309,0.99863,-0.00778
103.75000,-4.11294,0.99863,-0.00720
103.80000,-4.11279,0.99863,-0.00810
103.85000,-4.11265,0.99862,-0.00919
103.90000,-4.11252,0.99862,-0.01040
103.95000,-4.11238,0.99862,-0.01179
104.00000,-4.11223,0.99862,-0.01307
104.05000,-4.11209,0.99861,-0.01464
104.10000,-4.11196,0.99861,-0.01623
104.15000,-4.11181,0.99861,-0.01781
104.20000,-4.11166,0.99861,-0.01943
104.25000,-4.11150,0.99860,-0.02111
104.30000,-4.11135,0.99860,-0.02266
104.35000,-4.11121,0.99859,-0.02411
104.40000,-4.11107,0.99859,-0.02545
104.45000,-4.11093,0.99858,-0.02679
104.50000,-4.11076,0.99858,-0.02815
104.55000,-4.10923,0.99845,-0.02960
104.60000,-4.10489,0.99815,-0.03117
104.65000,-4.09674,0.99783,-0.03275
104.70000,-4.08676,0.99750,-0.03365
104.75000,-4.07678,0.99715,-0.03470
104.80000,-4.06682,0.99680,-0.03603
104.85000,-4.05684,0.99643,-0.03768
104.90000,-4.04684,0.99605,-0.03967
104.95000,-4.03685,0.99564,-0.04191
105.00000,-4.02688,0.99521,-0.04432
105.05000,-4.01694,0.99475,-0.04682
105.10000,-4.00699,0.99428,-0.04947
105.15000,-3.99707,0.99377,-0.05226
105.20000,-3.98715,0.99324,-0.05522
105.25000,-3.97725,0.99267,-0.05836
105.30000,-3.96733,0.99208,-0.06165
105.35000,-3.95743,0.99145,-0.06522
105.40000,-3.94754,0.99079,-0.06897
105.45000,-3.93765,0.99008,-0.07289
105.50000,-3.92778,0.98934,-0.07697
105.55000,-3.91792,0.98856,-0.08109
105.60000,-3.90806,0.98774,-0.08538
105.65000,-3.89821,0.98687,-0.08990
105.70000,-3.88837,0.98596,-0.09442
105.75000,-3.87854,0.98500,-0.09897
105.80000,-3.86871,0.98400,-0.10377
105.85000,-3.85888,0.98295,-0.10884
105.90000,-3.84907,0.98185,-0.11426
105.95000,-3.83929,0.98069,-0.12010
106.00000,-3.82952,0.97947,-0.12638
106.05000,-3.81976,0.97818,-0.13282
106.10000,-3.81000,0.97684,-0.13917
106.15000,-3.80015,0.97543,-0.14534
106.20000,-3.79032,0.97396,-0.15170
106.25000,-3.78047,0.97243,-0.15805
106.30000,-3.77064,0.97083,-0.16443
106.35000,-3.76084,0.96917,-0.17098
106.40000,-3.75116,0.96745,-0.17799
106.45000,-3.74150,0.96565,-0.18507
106.50000,-3.73185,0.96380,-0.19217
106.55000,-3.72222,0.96187,-0.19930
106.60000,-3.71260,0.95987,-0.20646
106.65000,-3.70300,0.95781,-0.21363
106.70000,-3.69341,0.95567,-0.22082
106.75000,-3.68384,0.95347,-0.22806
106.80000,-3.67429,0.95120,-0.23533
106.85000,-3.66475,0.94885,-0.24264
106.90000,-3.65523,0.94644,-0.24998
106.95000,-3.64573,0.94396,-0.25737
107.00000,-3.63625,0.94141,-0.26487
107.05000,-3.62680,0.93878,-0.27250
107.10000,-3.61736,0.93609,-0.28030
107.15000,-3.60785,0.93329,-0.28823
107.20000,-3.59837,0.93042,-0.29631
107.25000,-3.58882,0.92746,-0.30457
107.30000,-3.57941,0.92442,-0.31308
107.35000,-3.56996,0.92131,-0.32141
107.40000,-3.56064,0.91815,-0.33022
107.45000,-3.55133,0.91489,-0.33901
107.50000,-3.54203,0.91155,-0.34795
107.55000,-3.53285,0.90817,-0.35761
107.60000,-3.52374,0.90471,-0.36789
107.65000,-3.51467,0.90117,-0.37848
107.70000,-3.50566,0.89753,-0.38959
107.75000,-3.49670,0.89378,-0.40184
107.80000,-3.48778,0.88999,-0.41409
107.85000,-3.48338,0.88919,-0.42797
107.90000,-3.48331,0.88919,-0.44290
107.95000,-3.48326,0.88916,-0.45708
108.00000,-3.48211,0.88819,-0.47173
108.05000,-3.47662,0.88424,-0.48622
108.10000,-3.46804,0.87965,-0.49698
108.15000,-3.45953,0.87497,-0.50874
108.20000,-3.45106,0.87024,-0.52051
108.25000,-3.44370,0.86662,-0.53287
108.30000,-3.44220,0.86641,-0.54905
108.35000,-3.44247,0.86656,-0.56669
108.40000,-3.44113,0.86526,-0.58464
108.45000,-3.43490,0.86083,-0.59784
108.50000,-3.42675,0.85523,-0.60163
108.55000,-3.41858,0.84959,-0.60450
108.60000,-3.41042,0.84392,-0.60744
108.65000,-3.40229,0.83825,-0.61069
108.70000,-3.39421,0.83256,-0.61595
108.75000,-3.38631,0.82691,-0.62641
108.80000,-3.37868,0.82145,-0.63755
108.85000,-3.37531,0.81907,-0.65993
108.90000,-3.37343,0.81755,-0.70393
108.95000,-3.37301,0.81718,-0.76231
109.00000,-3.37298,0.81715,-0.82430
109.05000,-3.37296,0.81712,-0.88675
109.10000,-3.37293,0.81710,-0.94964
109.15000,-3.37292,0.81707,-1.01339
109.20000,-3.37291,0.81705,-1.07869
109.25000,-3.37290,0.81704,-1.14647
109.30000,-3.37291,0.81701,-1.20301
109.35000,-3.37293,0.81694,-1.23961
109.40000,-3.37267,0.81650,-1.24889
109.45000,-3.37255,0.81613,-1.23724
109.50000,-3.37245,0.81578,-1.22414
109.55000,-3.37233,0.81540,-1.21088
109.60000,-3.37221,0.81502,-1.19725
109.65000,-3.37203,0.81455,-1.18294
109.70000,-3.37183,0.81407,-1.16813
109.75000,-3.37168,0.81369,-1.15344
109.80000,-3.37144,0.81315,-1.13756
109.85000,-3.37127,0.81275,-1.12189
109.90000,-3.37114,0.81248,-1.10633
109.95000,-3.37097,0.81214,-1.08993
110.00000,-3.37075,0.81170,-1.07259
110.05000,-3.37042,0.81108,-1.05386
110.10000,-3.37005,0.81041,-1.03440
110.15000,-3.36974,0.80990,-1.01521
110.20000,-3.36947,0.80947,-0.99595
110.25000,-3.36914,0.80895,-0.97574
110.30000,-3.36877,0.80841,-0.95487
110.35000,-3.36844,0.80794,-0.93403
110.40000,-3.36793,0.80726,-0.91175
110.45000,-3.36751,0.80670,-0.88983
110.50000,-3.36707,0.80616,-0.86766
110.55000,-3.36669,0.80572,-0.84582
110.60000,-3.36630,0.80530,-0.82399
110.65000,-3.36591,0.80488,-0.80219
110.70000,-3.36550,0.80446,-0.78043
110.75000,-3.36508,0.80406,-0.75874
110.80000,-3.36451,0.80353,-0.73633
110.85000,-3.36363,0.80275,-0.71236
110.90000,-3.36273,0.80199,-0.68846
110.95000,-3.36179,0.80123,-0.66459
111.00000,-3.36081,0.80048,-0.64069
111.05000,-3.35978,0.79973,-0.61672
111.10000,-3.35870,0.79898,-0.59268
111.15000,-3.35757,0.79823,-0.56860
111.20000,-3.35638,0.79749,-0.54457
111.25000,-3.35514,0.79675,-0.52081
111.30000,-3.35384,0.79602,-0.49705
111.35000,-3.35252,0.79533,-0.47338
111.40000,-3.35119,0.79466,-0.44991
111.45000,-3.34984,0.79402,-0.42696
111.50000,-3.34846,0.79341,-0.40425
111.55000,-3.34707,0.79283,-0.38181
111.60000,-3.34568,0.79229,-0.35938
111.65000,-3.34423,0.79176,-0.33716
111.70000,-3.34274,0.79125,-0.31482
111.75000,-3.34117,0.79075,-0.29249
111.80000,-3.33952,0.79027,-0.27037
111.85000,-3.33780,0.78982,-0.24825
111.90000,-3.33601,0.78938,-0.22629
111.95000,-3.33414,0.78897,-0.20428
112.00000,-3.33221,0.78859,-0.18245
112.05000,-3.33020,0.78824,-0.16094
112.10000,-3.32812,0.78792,-0.13958
112.15000,-3.32600,0.78765,-0.11832
112.20000,-3.32386,0.78741,-0.09738
112.25000,-3.32173,0.78723,-0.07679
112.30000,-3.31961,0.78709,-0.05656
112.35000,-3.31653,0.78681,-0.03781
112.40000,-3.30854,0.78654,-0.01860
112.45000,-3.29844,0.78644,-0.00087
112.50000,-3.28844,0.78652,0.01611
112.55000,-3.27845,0.78676,0.03277
112.60000,-3.26845,0.78717,0.04913
112.65000,-3.25847,0.78774,0.06520
112.70000,-3.24850,0.78847,0.08098
112.75000,-3.23854,0.78936,0.09646
112.80000,-3.22859,0.79040,0.11165
112.85000,-3.21866,0.79159,0.12653
112.90000,-3.20875,0.79292,0.14111
112.95000,-3.19886,0.79440,0.15539
113.00000,-3.18899,0.79601,0.16936
113.05000,-3.17915,0.79777,0.18303
113.10000,-3.16928,0.79966,0.19651
113.15000,-3.15945,0.80168,0.20961
113.20000,-3.14968,0.80382,0.22211
113.25000,-3.13994,0.80608,0.23412
113.30000,-3.13022,0.80846,0.24564
113.35000,-3.12054,0.81094,0.25668
113.40000,-3.11088,0.81353,0.26723
113.45000,-3.10125,0.81622,0.27739
113.50000,-3.09166,0.81900,0.28709
113.55000,-3.08209,0.82188,0.29682
113.60000,-3.07256,0.82484,0.30639
113.65000,-3.06305,0.82790,0.31582
113.70000,-3.05358,0.83105,0.32511
113.75000,-3.04413,0.83428,0.33426
113.80000,-3.03465,0.83762,0.34355
113.85000,-3.02519,0.84105,0.35283
113.90000,-3.01566,0.84460,0.36226
113.95000,-3.00617,0.84824,0.37194
114.00000,-2.99668,0.85199,0.38093
114.05000,-2.98725,0.85580,0.38931
114.10000,-2.97786,0.85969,0.39740
114.15000,-2.96853,0.86365,0.40486
114.20000,-2.95926,0.86766,0.41182
114.25000,-2.95004,0.87173,0.41833
114.30000,-2.94086,0.87584,0.42463
114.35000,-2.93171,0.88001,0.43055
114.40000,-2.92256,0.88424,0.43638
114.45000,-2.91344,0.88853,0.44228
114.50000,-2.90437,0.89285,0.44788
114.55000,-2.89523,0.89727,0.45350
114.60000,-2.88612,0.90174,0.45918
114.65000,-2.87703,0.90626,0.46486
114.70000,-2.86798,0.91084,0.47046
114.75000,-2.85895,0.91546,0.47591
114.80000,-2.85004,0.92008,0.48132
114.85000,-2.84112,0.92475,0.48640
114.90000,-2.83224,0.92948,0.49145
114.95000,-2.82343,0.93422,0.49649
115.00000,-2.81463,0.93901,0.50132
115.05000,-2.80588,0.94383,0.50666
115.10000,-2.79714,0.94871,0.51185
115.15000,-2.78843,0.95362,0.51631
115.20000,-2.77974,0.95857,0.52009
115.25000,-2.77102,0.96357,0.52297
115.30000,-2.76235,0.96859,0.52482
115.35000,-2.75369,0.97360,0.52598
115.40000,-2.74503,0.97863,0.52696
115.45000,-2.73641,0.98366,0.52835
115.50000,-2.72780,0.98870,0.53060
115.55000,-2.71918,0.99376,0.53443
115.60000,-2.71065,0.99884,0.54034
115.65000,-2.70216,1.00398,0.54901
115.70000,-2.69371,1.00921,0.56099
115.75000,-2.68538,1.01453,0.57707
115.80000,-2.67710,1.02003,0.59418
115.85000,-2.67283,1.02190,0.61355
115.90000,-2.67242,1.02217,0.63334
115.95000,-2.67014,1.02401,0.65268
116.00000,-2.66291,1.02963,0.66305
116.05000,-2.65509,1.03577,0.66790
116.10000,-2.64724,1.04199,0.67287
116.15000,-2.63947,1.04823,0.67875
116.20000,-2.63181,1.05445,0.68696
116.25000,-2.62412,1.06082,0.69617
116.30000,-2.61668,1.06712,0.70825
116.35000,-2.60913,1.07367,0.72128
116.40000,-2.60168,1.08032,0.73590
116.45000,-2.59422,1.08718,0.75265
116.50000,-2.58698,1.09406,0.76768
116.55000,-2.57981,1.10109,0.78181
116.60000,-2.57277,1.10817,0.79596
116.65000,-2.56575,1.11544,0.81112
116.70000,-2.55893,1.12273,0.82732
116.75000,-2.55251,1.12971,0.84284
116.80000,-2.55089,1.13163,0.86249
116.85000,-2.55040,1.13221,0.89219
116.90000,-2.54991,1.13284,0.92219
116.95000,-2.54947,1.13342,0.94850
117.00000,-2.54754,1.13605,0.97302
117.05000,-2.54263,1.14337,0.98765
117.10000,-2.53711,1.15178,0.99214
117.15000,-2.53164,1.16020,0.99636
117.20000,-2.52960,1.16463,0.99889
117.25000,-2.52955,1.16467,1.00023
117.30000,-2.52954,1.16469,0.99926
117.35000,-2.52952,1.16471,0.99817
117.40000,-2.52951,1.16473,0.99667
117.45000,-2.52950,1.16474,0.99468
117.50000,-2.52950,1.16474,0.99111
117.55000,-2.52952,1.16471,0.98528
117.60000,-2.52955,1.16467,0.97757
117.65000,-2.52960,1.16459,0.96819
117.70000,-2.52964,1.16453,0.95832
117.75000,-2.52967,1.16449,0.94851
117.80000,-2.52968,1.16447,0.93925
117.85000,-2.52968,1.16447,0.93043
117.90000,-2.52967,1.16449,0.92194
117.95000,-2.52964,1.16452,0.91371
118.00000,-2.52961,1.16456,0.90553
118.05000,-2.52957,1.16461,0.89689
118.10000,-2.52954,1.16465,0.88720
118.15000,-2.52949,1.16470,0.87640
118.20000,-2.52949,1.16470,0.86443
118.25000,-2.52949,1.16469,0.85177
118.30000,-2.52948,1.16470,0.83926
118.35000,-2.52946,1.16472,0.82704
118.40000,-2.52942,1.16475,0.81523
118.45000,-2.52937,1.16481,0.80401
118.50000,-2.52929,1.16489,0.79336
118.55000,-2.52918,1.16500,0.78332
118.60000,-2.52905,1.16513,0.77388
118.65000,-2.52888,1.16529,0.76499
118.70000,-2.52868,1.16548,0.75664
118.75000,-2.52845,1.16570,0.74878
118.80000,-2.52627,1.16780,0.74112
118.85000,-2.51942,1.17405,0.73417
118.90000,-2.51211,1.18058,0.72616
118.95000,-2.50470,1.18714,0.71815
119.00000,-2.50116,1.18985,0.71037
119.05000,-2.50093,1.19003,0.70025
119.10000,-2.50078,1.19015,0.68988
119.15000,-2.50063,1.19027,0.67957
119.20000,-2.50047,1.19039,0.66935
119.25000,-2.50030,1.19052,0.65915
119.30000,-2.50012,1.19066,0.64922
119.35000,-2.49876,1.19188,0.63958
119.40000,-2.49483,1.19567,0.63046
119.45000,-2.48802,1.20127,0.62170
119.50000,-2.48003,1.20694,0.61335
119.55000,-2.47200,1.21254,0.60475
119.60000,-2.46393,1.21806,0.59588
119.65000,-2.45582,1.22351,0.58668
119.70000,-2.44765,1.22888,0.57728
119.75000,-2.43943,1.23418,0.56788
119.80000,-2.43116,1.23940,0.55857
119.85000,-2.42285,1.24454,0.54930
119.90000,-2.41450,1.24960,0.53988
119.95000,-2.40610,1.25458,0.53012
120.00000,-2.39766,1.25946,0.51985
120.05000,-2.38919,1.26425,0.50909
120.10000,-2.38066,1.26894,0.49766
120.15000,-2.37210,1.27352,0.48576
120.20000,-2.36342,1.27808,0.47400
120.25000,-2.35844,1.27970,0.46421
120.30000,-2.35815,1.27971,0.44930
120.35000,-2.35824,1.27968,0.43305
120.40000,-2.35825,1.27969,0.41686
120.45000,-2.35825,1.27969,0.40153
120.50000,-2.35697,1.28098,0.38755
120.55000,-2.35043,1.28448,0.37525
120.60000,-2.34131,1.28802,0.36327
120.65000,-2.33213,1.29145,0.35179
120.70000,-2.32293,1.29478,0.34098
120.75000,-2.31368,1.29801,0.33069
120.80000,-2.30441,1.30115,0.32084
120.85000,-2.29509,1.30420,0.31039
120.90000,-2.28573,1.30715,0.29943
120.95000,-2.27637,1.30999,0.28802
121.00000,-2.26697,1.31272,0.27618
121.05000,-2.25756,1.31534,0.26442
121.10000,-2.24811,1.31784,0.25281
121.15000,-2.23867,1.32023,0.24147
121.20000,-2.22921,1.32251,0.23030
121.25000,-2.21974,1.32468,0.21889
121.30000,-2.21025,1.32673,0.20714
121.35000,-2.20074,1.32868,0.19535
121.40000,-2.19121,1.33051,0.18375
121.45000,-2.18163,1.33224,0.17307
121.50000,-2.17201,1.33387,0.16382
121.55000,-2.16233,1.33543,0.15629
121.60000,-2.15254,1.33694,0.14982
121.65000,-2.14276,1.33839,0.14324
121.70000,-2.13292,1.33977,0.13610
121.75000,-2.12308,1.34108,0.12860
121.80000,-2.11319,1.34232,0.12187
121.85000,-2.10330,1.34351,0.11672
121.90000,-2.09344,1.34464,0.11371
121.95000,-2.08353,1.34577,0.11349
122.00000,-2.07357,1.34691,0.11622
122.05000,-2.06362,1.34807,0.11932
122.10000,-2.05484,1.34865,0.12290
122.15000,-2.05232,1.34869,0.13030
122.20000,-2.05211,1.34872,0.14767
122.25000,-2.05199,1.34874,0.16525
122.30000,-2.05186,1.34876,0.18191
122.35000,-2.05173,1.34879,0.19626
122.40000,-2.05159,1.34882,0.20703
122.45000,-2.05140,1.34886,0.21402
122.50000,-2.05032,1.34963,0.22109
122.55000,-2.04613,1.35159,0.22768
122.60000,-2.03939,1.35371,0.23214
122.65000,-2.03031,1.35599,0.23447
122.70000,-2.02056,1.35833,0.23634
122.75000,-2.01084,1.36069,0.23963
122.80000,-2.00115,1.36308,0.24440
122.85000,-1.99146,1.36554,0.25142
122.90000,-1.98178,1.36801,0.25845
122.95000,-1.97664,1.36843,0.26653
123.00000,-1.97624,1.36849,0.28091
123.05000,-1.97608,1.36854,0.29691
123.10000,-1.97567,1.36865,0.31377
123.15000,-1.97553,1.36870,0.32896
123.20000,-1.97540,1.36875,0.34338
123.25000,-1.97526,1.36880,0.35543
123.30000,-1.97317,1.37009,0.36742
123.35000,-1.96481,1.37355,0.37459
123.40000,-1.95550,1.37723,0.37703
123.45000,-1.94620,1.38092,0.37844
123.50000,-1.93689,1.38463,0.37982
123.55000,-1.92760,1.38835,0.38176
123.60000,-1.91828,1.39210,0.38433
123.65000,-1.90900,1.39588,0.38781
123.70000,-1.89965,1.39972,0.39270
123.75000,-1.89033,1.40361,0.39892
123.80000,-1.88098,1.40758,0.40684
123.85000,-1.87160,1.41167,0.41630
123.90000,-1.86225,1.41586,0.42699
123.95000,-1.85288,1.42011,0.43787
124.00000,-1.84869,1.42109,0.45024
124.05000,-1.84698,1.42244,0.46193
124.10000,-1.84009,1.42671,0.47261
124.15000,-1.83117,1.43129,0.47709
124.20000,-1.82233,1.43586,0.47568
124.25000,-1.81355,1.44035,0.47046
124.30000,-1.80476,1.44479,0.46365
124.35000,-1.79593,1.44916,0.45653
124.40000,-1.78709,1.45346,0.44983
124.45000,-1.77821,1.45772,0.44355
124.50000,-1.76929,1.46193,0.43790
124.55000,-1.76032,1.46611,0.43289
124.60000,-1.75131,1.47025,0.42869
124.65000,-1.74228,1.47437,0.42502
124.70000,-1.73321,1.47846,0.42217
124.75000,-1.72413,1.48255,0.41925
124.80000,-1.71509,1.48655,0.41372
124.85000,-1.70609,1.49046,0.40545
124.90000,-1.69700,1.49432,0.39659
124.95000,-1.68787,1.49810,0.38809
125.00000,-1.67873,1.50179,0.37963
125.05000,-1.66956,1.50546,0.37121
125.10000,-1.66167,1.50793,0.36377
125.15000,-1.65804,1.50821,0.35506
125.20000,-1.65546,1.50837,0.34509
125.25000,-1.65369,1.50845,0.33417
125.30000,-1.65369,1.50845,0.31800
125.35000,-1.65392,1.50838,0.30255
125.40000,-1.65416,1.50831,0.28731
125.45000,-1.65440,1.50825,0.27217
125.50000,-1.65464,1.50819,0.25712
125.55000,-1.65488,1.50813,0.24211
125.60000,-1.65512,1.50808,0.22711
125.65000,-1.65536,1.50804,0.21206
125.70000,-1.65560,1.50799,0.19575
125.75000,-1.65581,1.50797,0.17726
125.80000,-1.65579,1.50799,0.15738
125.85000,-1.65577,1.50802,0.13746
125.90000,-1.65575,1.50805,0.11752
125.95000,-1.65572,1.50809,0.09757
126.00000,-1.65569,1.50812,0.07761
126.05000,-1.65570,1.50812,0.05804
126.10000,-1.65588,1.50811,0.04005
126.15000,-1.65611,1.50811,0.02312
126.20000,-1.65608,1.50811,0.00550
126.25000,-1.65480,1.50809,-0.01219
126.30000,-1.64811,1.50789,-0.03029
126.35000,-1.63852,1.50752,-0.04536
126.40000,-1.62890,1.50701,-0.06022
126.45000,-1.61931,1.50636,-0.07553
126.50000,-1.60974,1.50556,-0.09135
126.55000,-1.60019,1.50461,-0.10714
126.60000,-1.59064,1.50351,-0.12254
126.65000,-1.58109,1.50226,-0.13715
126.70000,-1.57154,1.50088,-0.15092
126.75000,-1.56197,1.49936,-0.16361
126.80000,-1.55240,1.49772,-0.17488
126.85000,-1.54280,1.49597,-0.18461
126.90000,-1.53317,1.49413,-0.19215
126.95000,-1.52350,1.49222,-0.19739
127.00000,-1.51375,1.49026,-0.19947
127.05000,-1.50393,1.48827,-0.19870
127.10000,-1.49408,1.48629,-0.19723
127.15000,-1.48570,1.48524,-0.19645
127.20000,-1.48184,1.48511,-0.19387
127.25000,-1.47986,1.48498,-0.18797
127.30000,-1.47921,1.48492,-0.17781
127.35000,-1.47889,1.48487,-0.16808
127.40000,-1.47868,1.48484,-0.16238
127.45000,-1.47849,1.48481,-0.15786
127.50000,-1.47653,1.48412,-0.15424
127.55000,-1.46848,1.48264,-0.15068
127.60000,-1.45848,1.48115,-0.14633
127.65000,-1.45342,1.48090,-0.14233
127.70000,-1.45309,1.48087,-0.13283
127.75000,-1.45295,1.48085,-0.12150
127.80000,-1.45282,1.48083,-0.11028
127.85000,-1.45268,1.48082,-0.09913
127.90000,-1.45254,1.48080,-0.08858
127.95000,-1.45239,1.48079,-0.07929
128.00000,-1.45224,1.48078,-0.07194
128.05000,-1.45038,1.48050,-0.06498
128.10000,-1.44465,1.47995,-0.05827
128.15000,-1.43653,1.47946,-0.05178
128.20000,-1.42672,1.47897,-0.04878
128.25000,-1.41672,1.47850,-0.04541
128.30000,-1.40673,1.47807,-0.04071
128.35000,-1.39673,1.47769,-0.03445
128.40000,-1.38671,1.47739,-0.02654
128.45000,-1.37671,1.47712,-0.01879
128.50000,-1.37182,1.47711,-0.01146
128.55000,-1.37146,1.47710,-0.00025
128.60000,-1.37126,1.47710,0.01252
128.65000,-1.37106,1.47711,0.02479
128.70000,-1.37088,1.47711,0.03669
128.75000,-1.37075,1.47712,0.04825
128.80000,-1.37060,1.47713,0.05954
128.85000,-1.37045,1.47715,0.07068
128.90000,-1.37024,1.47716,0.08151
128.95000,-1.36900,1.47753,0.09274
129.00000,-1.36523,1.47841,0.10405
129.05000,-1.35890,1.47934,0.11465
129.10000,-1.35084,1.48033,0.12207
129.15000,-1.34199,1.48144,0.12384
129.20000,-1.33241,1.48264,0.11990
129.25000,-1.32258,1.48378,0.11184
129.30000,-1.31263,1.48489,0.10381
129.35000,-1.30709,1.48506,0.09710
129.40000,-1.30658,1.48508,0.08567
129.45000,-1.30635,1.48510,0.07227
129.50000,-1.30611,1.48512,0.05804
129.55000,-1.30585,1.48513,0.04325
129.60000,-1.30559,1.48514,0.02804
129.65000,-1.30531,1.48515,0.01251
129.70000,-1.30502,1.48515,-0.00328
129.75000,-1.30472,1.48514,-0.01929
129.80000,-1.30441,1.48514,-0.03549
129.85000,-1.30409,1.48512,-0.05184
129.90000,-1.30376,1.48510,-0.06831
129.95000,-1.30343,1.48508,-0.08490
130.00000,-1.30309,1.48505,-0.10158
130.05000,-1.30274,1.48501,-0.11836
130.10000,-1.30239,1.48496,-0.13526
130.15000,-1.30204,1.48491,-0.15224
130.20000,-1.30168,1.48485,-0.16927
130.25000,-1.30137,1.48480,-0.18652
130.30000,-1.30136,1.48480,-0.20508
130.35000,-1.30146,1.48482,-0.22403
130.40000,-1.30154,1.48485,-0.24279
130.45000,-1.30162,1.48487,-0.26128
130.50000,-1.30145,1.48480,-0.27841
130.55000,-1.30125,1.48472,-0.29496
130.60000,-1.30073,1.48456,-0.31180
130.65000,-1.29887,1.48339,-0.32830
130.70000,-1.29054,1.48040,-0.34293
130.75000,-1.28144,1.47703,-0.35881
130.80000,-1.27247,1.47359,-0.37485
130.85000,-1.26356,1.47001,-0.39091
130.90000,-1.25472,1.46628,-0.40697
130.95000,-1.24593,1.46241,-0.42303
131.00000,-1.23721,1.45840,-0.43905
131.05000,-1.22854,1.45425,-0.45494
131.10000,-1.21982,1.44986,-0.47032
131.15000,-1.21118,1.44536,-0.48506
131.20000,-1.20240,1.44061,-0.49905
131.25000,-1.19375,1.43583,-0.51312
131.30000,-1.18526,1.43096,-0.52649
131.35000,-1.17693,1.42604,-0.53983
131.40000,-1.16866,1.42101,-0.55269
131.45000,-1.16045,1.41588,-0.56521
131.50000,-1.15229,1.41064,-0.57754
131.55000,-1.14420,1.40530,-0.58971
131.60000,-1.13617,1.39986,-0.60176
131.65000,-1.12821,1.39433,-0.61369
131.70000,-1.12030,1.38869,-0.62548
131.75000,-1.11246,1.38297,-0.63714
131.80000,-1.10469,1.37715,-0.64865
131.85000,-1.09698,1.37124,-0.66000
131.90000,-1.08933,1.36524,-0.67113
131.95000,-1.08174,1.35915,-0.68200
132.00000,-1.07421,1.35297,-0.69256
132.05000,-1.06674,1.34672,-0.70275
132.10000,-1.05933,1.34037,-0.71244
132.15000,-1.05197,1.33395,-0.72168
132.20000,-1.04466,1.32746,-0.73066
132.25000,-1.03740,1.32090,-0.73934
132.30000,-1.03020,1.31428,-0.74767
132.35000,-1.02304,1.30759,-0.75577
132.40000,-1.01593,1.30084,-0.76367
132.45000,-1.00888,1.29402,-0.77142
132.50000,-1.00186,1.28715,-0.77905
132.55000,-0.99488,1.28021,-0.78647
132.60000,-0.98796,1.27322,-0.79371
132.65000,-0.98108,1.26618,-0.80073
132.70000,-0.97425,1.25909,-0.80749
132.75000,-0.96745,1.25194,-0.81394
132.80000,-0.96070,1.24475,-0.82007
132.85000,-0.95399,1.23752,-0.82565
132.90000,-0.94730,1.23023,-0.83052
132.95000,-0.94063,1.22290,-0.83490
133.00000,-0.93400,1.21555,-0.83861
133.05000,-0.92737,1.20814,-0.84203
133.10000,-0.92075,1.20071,-0.84498
133.15000,-0.91414,1.19324,-0.84753
133.20000,-0.90753,1.18574,-0.84971
133.25000,-0.90093,1.17822,-0.85139
133.30000,-0.89435,1.17069,-0.85258
133.35000,-0.88777,1.16316,-0.85333
133.40000,-0.88120,1.15563,-0.85370
133.45000,-0.87463,1.14809,-0.85378
133.50000,-0.86805,1.14055,-0.85362
133.55000,-0.86148,1.13302,-0.85333
133.60000,-0.85490,1.12548,-0.85290
133.65000,-0.84832,1.11795,-0.85236
133.70000,-0.84174,1.11043,-0.85174
133.75000,-0.83515,1.10290,-0.85103
133.80000,-0.82855,1.09538,-0.85004
133.85000,-0.82195,1.08787,-0.84872
133.90000,-0.81537,1.08041,-0.84680
133.95000,-0.80878,1.07298,-0.84429
134.00000,-0.80213,1.06552,-0.84142
134.05000,-0.79548,1.05811,-0.83799
134.10000,-0.78879,1.05071,-0.83436
134.15000,-0.78208,1.04333,-0.83052
134.20000,-0.77534,1.03598,-0.82681
134.25000,-0.76857,1.02866,-0.82301
134.30000,-0.76178,1.02137,-0.81910
134.35000,-0.75495,1.01409,-0.81526
134.40000,-0.74811,1.00686,-0.81162
134.45000,-0.74121,0.99961,-0.80796
134.50000,-0.73430,0.99241,-0.80439
134.55000,-0.72735,0.98521,-0.80107
134.60000,-0.72037,0.97804,-0.79781
134.65000,-0.71337,0.97088,-0.79427
134.70000,-0.70634,0.96376,-0.79041
134.75000,-0.69926,0.95663,-0.78604
134.80000,-0.69217,0.94957,-0.78139
134.85000,-0.68503,0.94253,-0.77618
134.90000,-0.67788,0.93554,-0.77070
134.95000,-0.67068,0.92860,-0.76492
135.00000,-0.66339,0.92163,-0.75840
135.05000,-0.65607,0.91474,-0.75166
135.10000,-0.64869,0.90789,-0.74483
135.15000,-0.64130,0.90112,-0.73836
135.20000,-0.63386,0.89438,-0.73209
135.25000,-0.62635,0.88767,-0.72601
135.30000,-0.61875,0.88096,-0.71993
135.35000,-0.61112,0.87430,-0.71407
135.40000,-0.60346,0.86769,-0.70860
135.45000,-0.59576,0.86113,-0.70325
135.50000,-0.58801,0.85459,-0.69778
135.55000,-0.58022,0.84809,-0.69203
135.60000,-0.57239,0.84164,-0.68608
135.65000,-0.56451,0.83523,-0.67982
135.70000,-0.55659,0.82884,-0.67325
135.75000,-0.54860,0.82251,-0.66628
135.80000,-0.54057,0.81623,-0.65899
135.85000,-0.53248,0.81000,-0.65150
135.90000,-0.52434,0.80384,-0.64372
135.95000,-0.51616,0.79774,-0.63584
136.00000,-0.50793,0.79171,-0.62795
136.05000,-0.49965,0.78574,-0.62012
136.10000,-0.49134,0.77984,-0.61245
136.15000,-0.48298,0.77401,-0.60501
136.20000,-0.47459,0.76825,-0.59787
136.25000,-0.46621,0.76259,-0.59139
136.30000,-0.45778,0.75696,-0.58505
136.35000,-0.44938,0.75143,-0.57885
136.40000,-0.44090,0.74593,-0.57337
136.45000,-0.43243,0.74049,-0.56832
136.50000,-0.42392,0.73508,-0.56369
136.55000,-0.41540,0.72973,-0.55927
136.60000,-0.40694,0.72446,-0.55541
136.65000,-0.39846,0.71922,-0.55151
136.70000,-0.38995,0.71401,-0.54755
136.75000,-0.38143,0.70883,-0.54342
136.80000,-0.37282,0.70366,-0.53879
136.85000,-0.36431,0.69860,-0.53394
136.90000,-0.35572,0.69355,-0.52944
136.95000,-0.34714,0.68856,-0.52434
137.00000,-0.33859,0.68365,-0.51886
137.05000,-0.33002,0.67878,-0.51319
137.10000,-0.32142,0.67397,-0.50737
137.15000,-0.31280,0.66921,-0.50136
137.20000,-0.30415,0.66451,-0.49511
137.25000,-0.29548,0.65986,-0.48871
137.30000,-0.28678,0.65527,-0.48220
137.35000,-0.27806,0.65075,-0.47549
137.40000,-0.26931,0.64628,-0.46847
137.45000,-0.26054,0.64188,-0.46106
137.50000,-0.25174,0.63755,-0.45311
137.55000,-0.24293,0.63331,-0.44450
137.60000,-0.23409,0.62915,-0.43503
137.65000,-0.22524,0.62509,-0.42453
137.70000,-0.21637,0.62115,-0.41271
137.75000,-0.20749,0.61732,-0.39938
137.80000,-0.19858,0.61356,-0.38593
137.85000,-0.19352,0.61250,-0.37435
137.90000,-0.19300,0.61242,-0.35697
137.95000,-0.19269,0.61231,-0.33845
138.00000,-0.19215,0.61215,-0.31902
138.05000,-0.19179,0.61204,-0.29960
138.10000,-0.19135,0.61192,-0.28107
138.15000,-0.19077,0.61178,-0.26207
138.20000,-0.19034,0.61168,-0.24394
138.25000,-0.18987,0.61159,-0.22584
138.30000,-0.18943,0.61150,-0.20798
138.35000,-0.18899,0.61142,-0.19015
138.40000,-0.18842,0.61133,-0.17164
138.45000,-0.18775,0.61123,-0.15304
138.50000,-0.18708,0.61114,-0.13454
138.55000,-0.18672,0.61109,-0.11750
138.60000,-0.18644,0.61106,-0.10057
138.65000,-0.18476,0.61065,-0.08408
138.70000,-0.17694,0.60994,-0.06744
138.75000,-0.16694,0.60936,-0.04937
138.80000,-0.15702,0.60897,-0.03010
138.85000,-0.14724,0.60866,-0.01284
138.90000,-0.14237,0.60864,0.00360
138.95000,-0.14160,0.60865,0.02302
139.00000,-0.14113,0.60866,0.04569
139.05000,-0.14040,0.60869,0.06658
139.10000,-0.13979,0.60873,0.08771
139.15000,-0.13905,0.60880,0.10806
139.20000,-0.13630,0.60931,0.12867
139.25000,-0.12747,0.61059,0.14810
139.30000,-0.11757,0.61218,0.16962
139.35000,-0.10773,0.61397,0.19172
139.40000,-0.09793,0.61599,0.21434
139.45000,-0.08818,0.61823,0.23707
139.50000,-0.07874,0.62062,0.25885
139.55000,-0.06912,0.62327,0.28191
139.60000,-0.05996,0.62603,0.30237
139.65000,-0.05085,0.62896,0.31965
139.70000,-0.04155,0.63211,0.33394
139.75000,-0.03206,0.63545,0.34592
139.80000,-0.02262,0.63889,0.35403
139.85000,-0.01335,0.64235,0.35925
139.90000,-0.00398,0.64588,0.36164
139.95000,0.00535,0.64929,0.36348
140.00000,0.01117,0.65022,0.36545
140.05000,0.01199,0.65036,0.36309
140.10000,0.01216,0.65043,0.35705
140.15000,0.01226,0.65047,0.35006
140.20000,0.01246,0.65053,0.34200
140.25000,0.01251,0.65056,0.33269
140.30000,0.01268,0.65062,0.32243
140.35000,0.01271,0.65064,0.31180
140.40000,0.01277,0.65067,0.30126
140.45000,0.01286,0.65071,0.29053
140.50000,0.01287,0.65072,0.27944
140.55000,0.01286,0.65072,0.26826
140.60000,0.01286,0.65072,0.25703
140.65000,0.01286,0.65072,0.24581
140.70000,0.01287,0.65073,0.23465
140.75000,0.01288,0.65073,0.22363
140.80000,0.01290,0.65074,0.21283
140.85000,0.01293,0.65075,0.20236
140.90000,0.01298,0.65076,0.19226
140.95000,0.01305,0.65078,0.18253
141.00000,0.01320,0.65081,0.17320
141.05000,0.01336,0.65085,0.16429
141.10000,0.01356,0.65088,0.15578
141.15000,0.01379,0.65092,0.14794
141.20000,0.01397,0.65095,0.14018
141.25000,0.01416,0.65097,0.13265
141.30000,0.01435,0.65098,0.12536
141.35000,0.01598,0.65153,0.11873
141.40000,0.02187,0.65264,0.11233
141.45000,0.03165,0.65371,0.10529
141.50000,0.04141,0.65470,0.09802
141.55000,0.05118,0.65561,0.09037
141.60000,0.06095,0.65645,0.08237
141.65000,0.07060,0.65730,0.07406
141.70000,0.07382,0.65736,0.06746
141.75000,0.07408,0.65738,0.05903
141.80000,0.07440,0.65739,0.05071
141.85000,0.07471,0.65741,0.04243
141.90000,0.07620,0.65758,0.03437
141.95000,0.08306,0.65787,0.02628
142.00000,0.09302,0.65809,0.01832
142.05000,0.10302,0.65824,0.01050
142.10000,0.11302,0.65830,0.00278
142.15000,0.12298,0.65829,-0.00487
142.20000,0.13294,0.65821,-0.01237
142.25000,0.14275,0.65803,-0.02039
142.30000,0.15254,0.65778,-0.02876
142.35000,0.16232,0.65744,-0.03748
142.40000,0.17208,0.65702,-0.04668
142.45000,0.18183,0.65650,-0.05634
142.50000,0.19156,0.65589,-0.06643
142.55000,0.20128,0.65518,-0.07692
142.60000,0.21098,0.65436,-0.08758
142.65000,0.22068,0.65345,-0.09824
142.70000,0.23036,0.65242,-0.10879
142.75000,0.24003,0.65130,-0.11920
142.80000,0.24970,0.65007,-0.12955
142.85000,0.25936,0.64875,-0.13979
142.90000,0.26900,0.64732,-0.14993
142.95000,0.27863,0.64580,-0.16003
143.00000,0.28825,0.64418,-0.17012
143.05000,0.29784,0.64246,-0.18018
143.10000,0.30743,0.64065,-0.19015
143.15000,0.31699,0.63874,-0.19999
143.20000,0.32655,0.63673,-0.20963
143.25000,0.33608,0.63464,-0.21896
143.30000,0.34562,0.63245,-0.22785
143.35000,0.35514,0.63019,-0.23626
143.40000,0.36469,0.62783,-0.24410
143.45000,0.37428,0.62539,-0.25135
143.50000,0.38384,0.62289,-0.25797
143.55000,0.39341,0.62033,-0.26407
143.60000,0.40298,0.61771,-0.26949
143.65000,0.41262,0.61502,-0.27439
143.70000,0.42223,0.61229,-0.27817
143.75000,0.43184,0.60953,-0.28048
143.80000,0.44144,0.60676,-0.28149
143.85000,0.45105,0.60399,-0.28114
143.90000,0.46066,0.60122,-0.27896
143.95000,0.47031,0.59848,-0.27505
144.00000,0.47998,0.59578,-0.26988
144.05000,0.48958,0.59313,-0.26504
144.10000,0.49385,0.59282,-0.26300
144.15000,0.49450,0.59270,-0.25408
144.20000,0.49483,0.59262,-0.24338
144.25000,0.49521,0.59254,-0.23224
144.30000,0.49558,0.59245,-0.22112
144.35000,0.49590,0.59239,-0.20944
144.40000,0.49608,0.59236,-0.19700
144.45000,0.49627,0.59233,-0.18456
144.50000,0.49646,0.59229,-0.17211
144.55000,0.49665,0.59225,-0.15966
144.60000,0.49684,0.59222,-0.14720
144.65000,0.49704,0.59218,-0.13474
144.70000,0.49723,0.59214,-0.12226
144.75000,0.49744,0.59210,-0.10978
144.80000,0.49765,0.59207,-0.09729
144.85000,0.49786,0.59205,-0.08478
144.90000,0.49808,0.59203,-0.07226
144.95000,0.49830,0.59201,-0.05974
145.00000,0.49853,0.59199,-0.04720
145.05000,0.50032,0.59184,-0.03473
145.10000,0.50765,0.59155,-0.02214
145.15000,0.51774,0.59139,-0.01032
145.20000,0.52783,0.59134,0.00168
145.25000,0.53798,0.59141,0.01316
145.30000,0.54811,0.59161,0.02568
145.35000,0.55824,0.59193,0.03856
145.40000,0.56836,0.59238,0.05170
145.45000,0.57857,0.59297,0.06439
145.50000,0.58872,0.59368,0.07692
145.55000,0.59889,0.59451,0.08938
145.60000,0.60902,0.59548,0.10146
145.65000,0.61921,0.59655,0.11307
145.70000,0.62935,0.59775,0.12442
145.75000,0.63940,0.59905,0.13513
145.80000,0.64937,0.60046,0.14464
145.85000,0.65938,0.60195,0.15382
145.90000,0.66925,0.60353,0.16200
145.95000,0.67912,0.60518,0.16955
146.00000,0.68901,0.60690,0.17673
146.05000,0.69884,0.60869,0.18282
146.10000,0.70873,0.61055,0.18850
146.15000,0.71854,0.61244,0.19295
146.20000,0.72838,0.61438,0.19691
146.25000,0.73819,0.61636,0.19991
146.30000,0.74798,0.61835,0.20165
146.35000,0.75777,0.62035,0.20055
146.40000,0.76747,0.62229,0.19589
146.45000,0.77689,0.62412,0.19076
146.50000,0.78231,0.62449,0.18521
146.55000,0.78264,0.62452,0.17391
146.60000,0.78282,0.62455,0.16097
146.65000,0.78301,0.62458,0.14763
146.70000,0.78320,0.62461,0.13421
146.75000,0.78339,0.62463,0.12079
146.80000,0.78359,0.62465,0.10735
146.85000,0.78377,0.62467,0.09392
146.90000,0.78389,0.62468,0.08031
146.95000,0.78406,0.62470,0.06692
147.00000,0.78423,0.62471,0.05355
147.05000,0.78440,0.62471,0.04022
147.10000,0.78457,0.62472,0.02692
147.15000,0.78474,0.62472,0.01368
147.20000,0.78491,0.62472,0.00049
147.25000,0.78508,0.62472,-0.01265
147.30000,0.78525,0.62472,-0.02574
147.35000,0.78543,0.62471,-0.03876
147.40000,0.78560,0.62471,-0.05172
147.45000,0.78577,0.62470,-0.06460
147.50000,0.78594,0.62468,-0.07741
147.55000,0.78611,0.62467,-0.09014
147.60000,0.78628,0.62465,-0.10278
147.65000,0.78645,0.62464,-0.11532
147.70000,0.78662,0.62460,-0.12206
147.75000,0.78672,0.62457,-0.12539
147.80000,0.78682,0.62455,-0.13716
147.85000,0.78698,0.62452,-0.14822
147.90000,0.78844,0.62394,-0.15949
147.95000,0.79483,0.62241,-0.17090
148.00000,0.80440,0.62069,-0.18262
148.05000,0.81395,0.61885,-0.19401
148.10000,0.82347,0.61690,-0.20502
148.15000,0.83286,0.61499,-0.20791
148.20000,0.84060,0.61349,-0.20704
148.25000,0.84801,0.61195,-0.20775
148.30000,0.85544,0.61038,-0.20005
148.35000,0.86292,0.60872,-0.18214
148.40000,0.87055,0.60706,-0.14956
148.45000,0.87771,0.60616,-0.09836
148.50000,0.88537,0.60562,-0.04410
148.55000,0.89363,0.60548,0.01190
148.60000,0.90236,0.60584,0.06894
148.65000,0.91138,0.60673,0.12672
148.70000,0.92056,0.60817,0.18501
148.75000,0.92984,0.61019,0.24348
148.80000,0.93918,0.61280,0.30188
148.85000,0.94847,0.61600,0.36030
148.90000,0.95767,0.61977,0.41854
148.95000,0.96669,0.62410,0.47626
149.00000,0.97544,0.62894,0.53322
149.05000,0.98390,0.63426,0.58943
149.10000,0.99205,0.64004,0.64486
149.15000,0.99987,0.64626,0.69927
149.20000,1.00735,0.65290,0.75349
149.25000,1.01446,0.65993,0.80658
149.30000,1.02116,0.66695,0.85153
149.35000,1.02716,0.67340,0.87454
149.40000,1.03117,0.67819,0.87649
149.45000,1.03253,0.67980,0.86063
149.50000,1.03223,0.67946,0.83383
149.55000,1.03191,0.67911,0.80697
149.60000,1.03158,0.67878,0.78087
149.65000,1.03126,0.67846,0.75557
149.70000,1.03096,0.67817,0.73129
149.75000,1.03068,0.67792,0.70816
149.80000,1.03044,0.67771,0.68666
149.85000,1.03018,0.67750,0.66674
149.90000,1.03025,0.67760,0.66063
149.95000,1.03149,0.67861,0.67485
150.00000,1.03530,0.68175,0.70272
150.05000,1.03953,0.68532,0.72041
150.10000,1.04138,0.68694,0.72039
150.15000,1.04161,0.68714,0.71203
150.20000,1.04155,0.68707,0.70140
150.25000,1.04145,0.68699,0.69054
150.30000,1.04134,0.68690,0.67945
150.35000,1.04123,0.68681,0.66812
150.40000,1.04112,0.68672,0.65685
150.45000,1.04120,0.68680,0.65378
150.50000,1.04299,0.68820,0.66906
150.55000,1.04739,0.69176,0.69847
150.60000,1.05209,0.69568,0.72217
150.65000,1.05530,0.69847,0.72703
150.70000,1.05607,0.69914,0.71704
150.75000,1.05592,0.69900,0.70100
150.80000,1.05572,0.69883,0.68436
150.85000,1.05551,0.69866,0.66773
150.90000,1.05530,0.69850,0.65111
150.95000,1.05509,0.69833,0.63450
151.00000,1.05512,0.69840,0.63018
151.05000,1.05718,0.69993,0.64605
151.10000,1.06158,0.70334,0.67417
151.15000,1.06717,0.70796,0.70870
151.20000,1.07313,0.71307,0.73893
151.25000,1.07840,0.71775,0.75134
151.30000,1.08107,0.72020,0.74589
151.35000,1.08139,0.72048,0.72589
151.40000,1.08105,0.72020,0.70141
151.45000,1.08073,0.71993,0.67676
151.50000,1.08038,0.71965,0.65236
151.55000,1.08004,0.71938,0.62801
151.60000,1.07972,0.71915,0.60369
151.65000,1.07939,0.71892,0.57960
151.70000,1.07924,0.71881,0.57359
151.75000,1.08084,0.71992,0.58652
151.80000,1.08551,0.72311,0.61269
151.85000,1.09182,0.72772,0.64756
151.90000,1.09899,0.73335,0.68788
151.95000,1.10563,0.73882,0.71527
152.00000,1.11139,0.74369,0.72355
152.05000,1.11447,0.74633,0.71304
152.10000,1.11492,0.74666,0.68704
152.15000,1.11457,0.74638,0.65612
152.20000,1.11435,0.74620,0.62584
152.25000,1.11432,0.74616,0.59652
152.30000,1.11384,0.74585,0.56505
152.35000,1.11336,0.74556,0.53384
152.40000,1.11336,0.74556,0.51763
152.45000,1.11439,0.74618,0.52296
152.50000,1.11882,0.74882,0.54585
152.55000,1.12523,0.75285,0.57804
152.60000,1.13282,0.75799,0.61668
152.65000,1.14009,0.76298,0.65071
152.70000,1.14693,0.76782,0.66167
152.75000,1.15124,0.77107,0.65159
152.80000,1.15407,0.77317,0.63045
152.85000,1.15649,0.77490,0.60336
152.90000,1.15837,0.77615,0.57230
152.95000,1.15972,0.77699,0.53784
153.00000,1.15992,0.77708,0.50202
153.05000,1.15982,0.77700,0.48123
153.10000,1.16068,0.77748,0.48348
153.15000,1.16442,0.77957,0.50235
153.20000,1.17065,0.78310,0.53122
153.25000,1.17851,0.78791,0.56773
153.30000,1.18591,0.79283,0.60974
153.35000,1.19297,0.79792,0.63636
153.40000,1.19858,0.80203,0.63258
153.45000,1.20110,0.80376,0.60965
153.50000,1.20109,0.80370,0.57379
153.55000,1.20086,0.80352,0.53657
153.60000,1.20079,0.80347,0.50024
153.65000,1.20065,0.80336,0.46391
153.70000,1.20046,0.80323,0.42730
153.75000,1.20051,0.80343,0.40711
153.80000,1.20170,0.80410,0.41040
153.85000,1.20577,0.80597,0.42828
153.90000,1.21252,0.80919,0.45796
153.95000,1.22042,0.81325,0.49424
154.00000,1.22901,0.81804,0.53325
154.05000,1.23787,0.82343,0.57448
154.10000,1.24594,0.82863,0.60179
154.15000,1.25221,0.83281,0.59792
154.20000,1.25469,0.83440,0.57198
154.25000,1.25497,0.83458,0.53471
154.30000,1.25521,0.83470,0.51065
154.35000,1.25591,0.83520,0.51159
154.40000,1.25721,0.83600,0.53348
154.45000,1.26101,0.83834,0.57021
154.50000,1.26542,0.84122,0.60445
154.55000,1.26924,0.84372,0.63113
154.60000,1.27177,0.84553,0.65479
154.65000,1.27363,0.84691,0.67111
154.70000,1.27478,0.84783,0.68287
154.75000,1.27598,0.84884,0.67277
154.80000,1.27737,0.85005,0.64786
154.85000,1.27806,0.85050,0.62470
154.90000,1.27893,0.85107,0.62903
154.95000,1.28002,0.85187,0.63541
155.00000,1.28080,0.85244,0.63957
155.05000,1.28242,0.85366,0.66519
155.10000,1.28458,0.85539,0.68982
155.15000,1.28640,0.85691,0.70621
155.20000,1.28892,0.85910,0.73565
155.25000,1.29187,0.86180,0.76439
155.30000,1.29412,0.86395,0.78213
155.35000,1.29566,0.86549,0.80151
155.40000,1.29728,0.86718,0.79821
155.45000,1.29902,0.86902,0.78162
155.50000,1.30021,0.87021,0.74723
155.55000,1.30039,0.87037,0.70601
155.60000,1.30062,0.87054,0.67683
155.65000,1.30118,0.87098,0.68428
155.70000,1.30312,0.87260,0.70972
155.75000,1.30667,0.87576,0.74429
155.80000,1.31153,0.88042,0.78560
155.85000,1.31669,0.88561,0.82163
155.90000,1.32201,0.89111,0.82703
155.95000,1.32524,0.89466,0.82229
156.00000,1.32766,0.89728,0.82556
156.05000,1.32983,0.89962,0.80636
156.10000,1.33054,0.90034,0.78373
156.15000,1.33131,0.90107,0.78092
156.20000,1.33213,0.90181,0.78962
156.25000,1.33337,0.90304,0.81010
156.30000,1.33607,0.90596,0.84020
156.35000,1.34035,0.91094,0.87995
156.40000,1.34550,0.91747,0.92676
156.45000,1.34999,0.92366,0.95529
156.50000,1.35361,0.92885,0.95220
156.55000,1.35556,0.93153,0.92309
156.60000,1.35588,0.93195,0.88178
156.65000,1.35607,0.93214,0.85016
156.70000,1.35639,0.93240,0.84226
156.75000,1.35805,0.93425,0.86534
156.80000,1.36120,0.93806,0.89854
156.85000,1.36533,0.94347,0.93831
156.90000,1.36989,0.94998,0.98293
156.95000,1.37467,0.95754,1.03031
157.00000,1.37892,0.96494,1.06211
157.05000,1.38310,0.97230,1.07430
157.10000,1.38696,0.97935,1.06688
157.15000,1.38998,0.98472,1.04591
157.20000,1.39172,0.98763,1.01310
157.25000,1.39212,0.98825,0.96930
157.30000,1.39229,0.98847,0.93462
157.35000,1.39245,0.98864,0.90828
157.40000,1.39258,0.98881,0.86700
157.45000,1.39278,0.98901,0.83355
157.50000,1.39324,0.98942,0.81683
157.55000,1.39409,0.99017,0.81858
157.60000,1.39506,0.99106,0.83190
157.65000,1.39708,0.99333,0.85549
157.70000,1.40055,0.99746,0.88845
157.75000,1.40538,1.00365,0.93080
157.80000,1.41061,1.01101,0.97768
157.85000,1.41588,1.01925,1.02626
157.90000,1.42085,1.02792,1.07558
157.95000,1.42510,1.03615,1.10695
158.00000,1.42844,1.04353,1.11042
158.05000,1.43095,1.04893,1.08529
158.10000,1.43345,1.05343,1.04302
158.15000,1.43681,1.05889,0.99515
158.20000,1.44094,1.06491,0.94345
158.25000,1.44574,1.07115,0.88884
158.30000,1.45079,1.07702,0.83023
158.35000,1.45692,1.08334,0.77327
158.40000,1.46356,1.08947,0.71655
158.45000,1.46984,1.09464,0.65800
158.50000,1.47534,1.09863,0.59450
158.55000,1.48100,1.10220,0.53203
158.60000,1.48628,1.10509,0.46654
158.65000,1.49141,1.10758,0.41162
158.70000,1.49723,1.11041,0.38938
158.75000,1.50353,1.11320,0.38929
158.80000,1.51034,1.11639,0.40696
158.85000,1.51718,1.11946,0.44460
158.90000,1.52438,1.12308,0.48714
158.95000,1.53111,1.12685,0.53784
159.00000,1.53590,1.12990,0.60109
159.05000,1.53969,1.13270,0.67161
159.10000,1.54338,1.13563,0.73147
159.15000,1.54653,1.13810,0.76363
159.20000,1.54890,1.13990,0.76298
159.25000,1.55094,1.14139,0.74848
159.30000,1.55274,1.14269,0.72178
159.35000,1.55444,1.14391,0.68517
159.40000,1.55746,1.14625,0.63552
159.45000,1.56171,1.14919,0.57551
159.50000,1.56589,1.15171,0.50927
159.55000,1.56995,1.15379,0.43819
159.60000,1.57452,1.15574,0.36606
159.65000,1.57913,1.15741,0.30445
159.70000,1.58441,1.15943,0.27624
159.75000,1.59005,1.16102,0.27999
159.80000,1.59603,1.16279,0.30113
159.85000,1.60203,1.16476,0.34260
159.90000,1.60801,1.16703,0.39431
159.95000,1.61301,1.16928,0.45236
160.00000,1.61717,1.17146,0.51660
160.05000,1.62078,1.17368,0.58468
160.10000,1.62388,1.17589,0.65680
160.15000,1.62685,1.17818,0.71934
160.20000,1.62966,1.18039,0.75971
160.25000,1.63206,1.18226,0.76776
160.30000,1.63428,1.18402,0.75503
160.35000,1.63770,1.18710,0.72100
160.40000,1.64235,1.19101,0.67687
160.45000,1.64784,1.19519,0.62726
160.50000,1.65340,1.19897,0.57125
160.55000,1.65844,1.20200,0.51097
160.60000,1.66307,1.20441,0.44967
160.65000,1.66705,1.20618,0.38271
160.70000,1.67013,1.20729,0.30761
160.75000,1.67318,1.20819,0.24182
160.80000,1.67718,1.20953,0.21123
160.85000,1.68179,1.21094,0.20629
160.90000,1.68703,1.21221,0.22744
160.95000,1.69413,1.21400,0.26077
161.00000,1.70284,1.21651,0.30147
161.05000,1.71168,1.21943,0.34572
161.10000,1.71911,1.22215,0.39304
161.15000,1.72392,1.22421,0.44560
161.20000,1.72668,1.22563,0.50910
161.25000,1.72890,1.22697,0.57681
161.30000,1.73101,1.22835,0.63362
161.35000,1.73310,1.22976,0.67162
161.40000,1.73477,1.23085,0.67892
161.45000,1.73703,1.23265,0.66169
161.50000,1.74158,1.23606,0.62637
161.55000,1.74735,1.24006,0.58457
161.60000,1.75453,1.24455,0.54011
161.65000,1.76258,1.24911,0.49315
161.70000,1.76979,1.25273,0.44629
161.75000,1.77429,1.25474,0.39523
161.80000,1.77652,1.25560,0.33713
161.85000,1.77857,1.25626,0.28878
161.90000,1.78130,1.25754,0.26530
161.95000,1.78496,1.25968,0.26419
162.00000,1.79056,1.26151,0.28633
162.05000,1.79821,1.26390,0.31769
162.10000,1.80707,1.26698,0.35404
162.15000,1.81636,1.27062,0.39221
162.20000,1.82552,1.27461,0.43139
162.25000,1.83277,1.27797,0.47066
162.30000,1.83671,1.27991,0.51387
162.35000,1.83865,1.28102,0.55199
162.40000,1.84052,1.28209,0.57798
162.45000,1.84221,1.28304,0.58656
162.50000,1.84385,1.28398,0.58178
162.55000,1.84624,1.28554,0.56866
162.60000,1.85019,1.28802,0.54806
162.65000,1.85630,1.29164,0.51782
162.70000,1.86447,1.29607,0.47726
162.75000,1.87244,1.29995,0.43137
162.80000,1.88058,1.30346,0.38575
162.85000,1.88816,1.30628,0.34199
162.90000,1.89171,1.30721,0.30941
162.95000,1.89553,1.30864,0.30374
163.00000,1.90113,1.31046,0.32114
163.05000,1.90872,1.31310,0.34746
163.10000,1.91767,1.31650,0.37916
163.15000,1.92689,1.32036,0.41246
163.20000,1.93599,1.32452,0.44580
163.25000,1.94490,1.32873,0.47234
163.30000,1.95368,1.33285,0.48809
163.35000,1.96239,1.33690,0.49714
163.40000,1.97077,1.34072,0.47987
163.45000,1.97880,1.34459,0.44229
163.50000,1.98747,1.34846,0.40043
163.55000,1.99451,1.35118,0.35590
163.60000,1.99642,1.35177,0.30714
163.65000,1.99675,1.35186,0.25244
163.70000,1.99706,1.35193,0.19784
163.75000,1.99739,1.35198,0.15389
163.80000,1.99816,1.35236,0.13840
163.85000,2.00079,1.35294,0.14118
163.90000,2.00687,1.35398,0.15975
163.95000,2.01572,1.35554,0.18793
164.00000,2.02511,1.35749,0.22154
164.05000,2.03422,1.35970,0.25684
164.10000,2.04302,1.36217,0.29122
164.15000,2.05180,1.36483,0.31951
164.20000,2.06060,1.36755,0.33131
164.25000,2.06825,1.36948,0.32766
164.30000,2.07458,1.37093,0.33758
164.35000,2.08006,1.37276,0.34925
164.40000,2.08420,1.37417,0.35551
164.45000,2.08897,1.37600,0.37801
164.50000,2.09602,1.37891,0.40953
164.55000,2.10378,1.38247,0.44595
164.60000,2.11215,1.38669,0.48616
164.65000,2.11999,1.39105,0.52936
164.70000,2.12812,1.39606,0.57034
164.75000,2.13618,1.40145,0.60958
164.80000,2.14357,1.40662,0.64357
164.85000,2.15074,1.41167,0.64958
164.90000,2.15719,1.41629,0.63014
164.95000,2.16088,1.41885,0.58803
165.00000,2.16165,1.41934,0.53089
165.05000,2.16194,1.41950,0.47136
165.10000,2.16225,1.41965,0.41205
165.15000,2.16256,1.41978,0.35301
165.20000,2.16289,1.41988,0.29427
165.25000,2.16324,1.41998,0.24601
165.30000,2.16439,1.42079,0.22826
165.35000,2.16678,1.42197,0.23566
165.40000,2.17242,1.42363,0.25834
165.45000,2.18054,1.42592,0.29119
165.50000,2.19002,1.42896,0.32998
165.55000,2.20032,1.43272,0.37212
165.60000,2.21053,1.43695,0.41421
165.65000,2.21997,1.44100,0.44414
165.70000,2.22914,1.44496,0.45034
165.75000,2.23804,1.44873,0.43670
165.80000,2.24389,1.45075,0.41993
165.85000,2.24828,1.45269,0.42464
165.90000,2.25409,1.45541,0.44582
165.95000,2.26195,1.45931,0.47614
166.00000,2.27107,1.46423,0.51237
166.05000,2.28032,1.46940,0.54243
166.10000,2.28916,1.47428,0.54700
166.15000,2.29754,1.47885,0.53365
166.20000,2.30562,1.48321,0.51061
166.25000,2.30907,1.48505,0.46351
166.30000,2.30963,1.48532,0.40282
166.35000,2.30996,1.48545,0.34106
166.40000,2.31030,1.48556,0.27963
166.45000,2.31064,1.48564,0.21856
166.50000,2.31099,1.48570,0.16735
166.55000,2.31206,1.48638,0.14139
166.60000,2.31436,1.48735,0.14233
166.65000,2.32014,1.48837,0.16091
166.70000,2.32829,1.48981,0.18898
166.75000,2.33777,1.49179,0.22241
166.80000,2.34749,1.49416,0.25680
166.85000,2.35711,1.49686,0.29059
166.90000,2.36664,1.49989,0.32431
166.95000,2.37607,1.50324,0.35760
167.00000,2.38537,1.50689,0.39082
167.05000,2.39447,1.51056,0.41823
167.10000,2.40303,1.51376,0.42512
167.15000,2.41129,1.51668,0.41923
167.20000,2.41936,1.51943,0.40463
167.25000,2.42720,1.52202,0.38068
167.30000,2.43334,1.52426,0.34361
167.35000,2.43691,1.52546,0.29496
167.40000,2.43792,1.52574,0.23547
167.45000,2.43828,1.52582,0.17332
167.50000,2.43870,1.52592,0.12102
167.55000,2.43998,1.52656,0.09369
167.60000,2.44206,1.52734,0.08921
167.65000,2.44633,1.52817,0.09829
167.70000,2.45416,1.52916,0.12184
167.75000,2.46433,1.53057,0.15517
167.80000,2.47505,1.53245,0.19048
167.85000,2.48560,1.53464,0.22467
167.90000,2.49550,1.53703,0.25629
167.95000,2.50505,1.53945,0.28384
168.00000,2.51435,1.54169,0.29093
168.05000,2.52339,1.54369,0.28570
168.10000,2.53226,1.54555,0.27304
168.15000,2.54097,1.54726,0.25319
168.20000,2.54883,1.54879,0.22349
168.25000,2.55386,1.54983,0.17967
168.30000,2.55653,1.55025,0.12592
168.35000,2.55714,1.55032,0.06395
168.40000,2.55761,1.55031,0.01144
168.45000,2.55852,1.55028,-0.01892
168.50000,2.56081,1.55016,-0.02246
168.55000,2.56605,1.55002,-0.01034
168.60000,2.57445,1.55003,0.01422
168.65000,2.58350,1.55031,0.04597
168.70000,2.59268,1.55088,0.07796
168.75000,2.60185,1.55174,0.10946
168.80000,2.61100,1.55289,0.14072
168.85000,2.62014,1.55419,0.16403
168.90000,2.62905,1.55533,0.16501
168.95000,2.63779,1.55633,0.14797
169.00000,2.64447,1.55704,0.11247
169.05000,2.64751,1.55732,0.06174
169.10000,2.64843,1.55735,0.00247
169.15000,2.64880,1.55734,-0.05876
169.20000,2.64919,1.55730,-0.11205
169.25000,2.64975,1.55705,-0.15165
169.30000,2.65072,1.55641,-0.16636
169.35000,2.65263,1.55564,-0.16812
169.40000,2.65658,1.55459,-0.16031
169.45000,2.66391,1.55309,-0.13665
169.50000,2.67340,1.55192,-0.10360
169.55000,2.68328,1.55105,-0.07100
169.60000,2.69292,1.55052,-0.03906
169.65000,2.70208,1.55031,-0.00544
169.70000,2.71125,1.55041,0.02767
169.75000,2.72047,1.55073,0.05477
169.80000,2.72974,1.55112,0.06697
169.85000,2.73889,1.55143,0.06502
169.90000,2.74773,1.55159,0.04560
169.95000,2.75497,1.55174,0.01390
170.00000,2.76010,1.55175,-0.02667
170.05000,2.76304,1.55169,-0.07610
170.10000,2.76383,1.55161,-0.13402
170.15000,2.76420,1.55155,-0.19337
170.20000,2.76459,1.55145,-0.24376
170.25000,2.76515,1.55114,-0.28146
170.30000,2.76579,1.55072,-0.30896
170.35000,2.76651,1.55021,-0.32677
170.40000,2.76733,1.54956,-0.33535
170.45000,2.76873,1.54870,-0.33636
170.50000,2.77205,1.54723,-0.32861
170.55000,2.77711,1.54539,-0.31285
170.60000,2.78418,1.54318,-0.28880
170.65000,2.79328,1.54061,-0.25658
170.70000,2.80300,1.53824,-0.22249
170.75000,2.81278,1.53619,-0.18911
170.80000,2.82264,1.53448,-0.15580
170.85000,2.83254,1.53309,-0.12297
170.90000,2.84248,1.53203,-0.09021
170.95000,2.85087,1.53135,-0.07759
171.00000,2.85668,1.53086,-0.09720
171.05000,2.86018,1.53046,-0.13618
171.10000,2.86128,1.53029,-0.18517
171.15000,2.86166,1.53021,-0.23707
171.20000,2.86203,1.53010,-0.27878
171.25000,2.86252,1.52982,-0.30008
171.30000,2.86478,1.52892,-0.29581
171.35000,2.86862,1.52775,-0.28444
171.40000,2.87399,1.52621,-0.26678
171.45000,2.88112,1.52433,-0.24200
171.50000,2.89037,1.52216,-0.20892
171.55000,2.90033,1.52021,-0.17342
171.60000,2.91021,1.51866,-0.13871
171.65000,2.91856,1.51758,-0.12445
171.70000,2.92432,1.51682,-0.14288
171.75000,2.92783,1.51626,-0.17939
171.80000,2.92896,1.51604,-0.22583
171.85000,2.92933,1.51594,-0.27534
171.90000,2.92970,1.51583,-0.32467
171.95000,2.93006,1.51569,-0.36354
172.00000,2.93066,1.51528,-0.38003
172.05000,2.93328,1.51408,-0.37255
172.10000,2.93737,1.51250,-0.35848
172.15000,2.94306,1.51042,-0.33788
172.20000,2.95083,1.50780,-0.30876
172.25000,2.96033,1.50495,-0.27299
172.30000,2.97000,1.50242,-0.23743
172.35000,2.97976,1.50025,-0.20154
172.40000,2.98804,1.49866,-0.18612
172.45000,2.99491,1.49766,-0.19678
172.50000,3.00006,1.49682,-0.22460
172.55000,3.00291,1.49613,-0.26232
172.60000,3.00355,1.49594,-0.30918
172.65000,3.00392,1.49582,-0.35716
172.70000,3.00428,1.49567,-0.40493
172.75000,3.00462,1.49550,-0.44186
172.80000,3.00497,1.49528,-0.45671
172.85000,3.00820,1.49360,-0.44575
172.90000,3.01357,1.49110,-0.42063
172.95000,3.02070,1.48805,-0.38673
173.00000,3.02942,1.48468,-0.34984
173.05000,3.03911,1.48134,-0.31322
173.10000,3.04866,1.47843,-0.27794
173.15000,3.05795,1.47583,-0.25056
173.20000,3.06694,1.47355,-0.24332
173.25000,3.07540,1.47164,-0.25364
173.30000,3.07986,1.47063,-0.28452
173.35000,3.08040,1.47049,-0.33215
173.40000,3.08076,1.47035,-0.38067
173.45000,3.08112,1.47020,-0.42896
173.50000,3.08147,1.47003,-0.47699
173.55000,3.08178,1.46987,-0.51664
173.60000,3.08226,1.46951,-0.53392
173.65000,3.08417,1.46836,-0.52905
173.70000,3.08704,1.46669,-0.51779
173.75000,3.09130,1.46431,-0.49942
173.80000,3.09713,1.46122,-0.47222
173.85000,3.10472,1.45750,-0.43603
173.90000,3.11297,1.45385,-0.39695
173.95000,3.12136,1.45053,-0.35790
174.00000,3.12958,1.44773,-0.33369
174.05000,3.13740,1.44547,-0.33395
174.10000,3.14365,1.44359,-0.35477
174.15000,3.14646,1.44256,-0.39109
174.20000,3.14609,1.44276,-0.44128
174.25000,3.14557,1.44302,-0.49221
174.30000,3.14591,1.44282,-0.53886
174.35000,3.14628,1.44256,-0.57475
174.40000,3.14719,1.44182,-0.58433
174.45000,3.15024,1.43973,-0.57298
174.50000,3.15583,1.43613,-0.54896
174.55000,3.16266,1.43210,-0.51596
174.60000,3.17052,1.42783,-0.47810
174.65000,3.17863,1.42383,-0.43976
174.70000,3.18662,1.42023,-0.41440
174.75000,3.19419,1.41712,-0.41130
174.80000,3.20117,1.41425,-0.42413
174.85000,3.20487,1.41257,-0.45581
174.90000,3.20535,1.41235,-0.50194
174.95000,3.20543,1.41230,-0.54994
175.00000,3.20576,1.41208,-0.59653
175.05000,3.20612,1.41180,-0.63405
175.10000,3.20706,1.41095,-0.64649
175.15000,3.21084,1.40808,-0.63334
175.20000,3.21692,1.40373,-0.60894
175.25000,3.22365,1.39917,-0.57642
175.30000,3.23131,1.39439,-0.53929
175.35000,3.23917,1.38989,-0.50172
175.40000,3.24709,1.38558,-0.47362
175.45000,3.25454,1.38183,-0.47002
175.50000,3.26035,1.37900,-0.48980
175.55000,3.26227,1.37800,-0.52850
175.60000,3.26240,1.37792,-0.57590
175.65000,3.26273,1.37770,-0.62229
175.70000,3.26304,1.37746,-0.66837
175.75000,3.26342,1.37712,-0.70569
175.80000,3.26421,1.37631,-0.72310
175.85000,3.26607,1.37453,-0.72017
175.90000,3.27153,1.36982,-0.69732
175.95000,3.27843,1.36418,-0.66813
176.00000,3.28633,1.35816,-0.63500
176.05000,3.29448,1.35237,-0.60132
176.10000,3.30282,1.34685,-0.56755
176.15000,3.31096,1.34182,-0.54788
176.20000,3.31801,1.33762,-0.55487
176.25000,3.32249,1.33481,-0.57944
176.30000,3.32355,1.33411,-0.62051
176.35000,3.32387,1.33387,-0.66535
176.40000,3.32418,1.33361,-0.71001
176.45000,3.32456,1.33325,-0.74631
176.50000,3.32540,1.33237,-0.76235
176.55000,3.32760,1.33016,-0.75758
176.60000,3.33305,1.32512,-0.73332
176.65000,3.33989,1.31914,-0.70260
176.70000,3.34758,1.31285,-0.66879
176.75000,3.35553,1.30678,-0.63449
176.80000,3.36326,1.30122,-0.61531
176.85000,3.37005,1.29660,-0.61893
176.90000,3.37506,1.29301,-0.63858
176.95000,3.37751,1.29115,-0.67140
177.00000,3.37800,1.29074,-0.71411
177.05000,3.37830,1.29047,-0.75778
177.10000,3.37866,1.29011,-0.79272
177.15000,3.37947,1.28922,-0.80753
177.20000,3.38166,1.28688,-0.80179
177.25000,3.38683,1.28164,-0.77785
177.30000,3.39323,1.27551,-0.74787
177.35000,3.40061,1.26889,-0.71389
177.40000,3.40828,1.26247,-0.67937
177.45000,3.41595,1.25633,-0.65556
177.50000,3.42332,1.25057,-0.65416
177.55000,3.42928,1.24595,-0.66787
177.60000,3.43300,1.24295,-0.69335
177.65000,3.43441,1.24175,-0.73082
177.70000,3.43471,1.24147,-0.77416
177.75000,3.43499,1.24118,-0.81739
177.80000,3.43526,1.24087,-0.86037
177.85000,3.43567,1.24039,-0.89097
177.90000,3.43677,1.23906,-0.89621
177.95000,3.44019,1.23486,-0.88078
178.00000,3.44539,1.22872,-0.85512
178.05000,3.45197,1.22139,-0.82233
178.10000,3.45877,1.21427,-0.78586
178.15000,3.46530,1.20798,-0.74867
178.20000,3.47200,1.20177,-0.71908
178.25000,3.47888,1.19545,-0.71222
178.30000,3.48474,1.19032,-0.72513
178.35000,3.48746,1.18786,-0.75508
178.40000,3.48768,1.18763,-0.79876
178.45000,3.48780,1.18749,-0.84308
178.50000,3.48807,1.18718,-0.88625
178.55000,3.48832,1.18686,-0.92914
178.60000,3.48865,1.18639,-0.95567
178.65000,3.48940,1.18532,-0.95985
178.70000,3.49226,1.18133,-0.94668
178.75000,3.49704,1.17485,-0.92183
178.80000,3.50307,1.16715,-0.88981
178.85000,3.50899,1.16009,-0.85422
178.90000,3.51509,1.15334,-0.81830
178.95000,3.52135,1.14667,-0.78910
179.00000,3.52759,1.14008,-0.77714
179.05000,3.53276,1.13481,-0.79020
179.10000,3.53466,1.13283,-0.82368
179.15000,3.53498,1.13247,-0.86667
179.20000,3.53524,1.13215,-0.90987
179.25000,3.53559,1.13169,-0.93957
179.30000,3.53649,1.13059,-0.93720
179.35000,3.53897,1.12730,-0.91581
179.40000,3.54294,1.12234,-0.88570
179.45000,3.54772,1.11665,-0.84736
179.50000,3.55294,1.11098,-0.80252
179.55000,3.55880,1.10519,-0.75380
179.60000,3.56521,1.09948,-0.70221
179.65000,3.57150,1.09446,-0.64514
179.70000,3.57833,1.08963,-0.58660
179.75000,3.58557,1.08512,-0.52761
179.80000,3.59308,1.08103,-0.47003
179.85000,3.60084,1.07736,-0.41310
179.90000,3.60943,1.07388,-0.35775
179.95000,3.61866,1.07071,-0.30519
180.00000,3.62750,1.06810,-0.26652
180.05000,3.63599,1.06600,-0.25789
180.10000,3.64371,1.06422,-0.26993
180.15000,3.64710,1.06337,-0.30334
180.20000,3.64708,1.06339,-0.35159
180.25000,3.64739,1.06327,-0.39041
180.30000,3.64762,1.06318,-0.40933
180.35000,3.64797,1.06290,-0.40085
180.40000,3.64854,1.06263,-0.38246
180.45000,3.65049,1.06187,-0.35546
180.50000,3.65448,1.06045,-0.32098
180.55000,3.65955,1.05877,-0.27630
180.60000,3.66652,1.05691,-0.22472
180.65000,3.67504,1.05517,-0.17338
180.70000,3.68367,1.05399,-0.13419
180.75000,3.69131,1.05383,-0.12256
180.80000,3.69860,1.05400,-0.12918
180.85000,3.70453,1.05436,-0.15300
180.90000,3.70659,1.05446,-0.19376
180.95000,3.70686,1.05441,-0.24205
181.00000,3.70726,1.05430,-0.28996
181.05000,3.70766,1.05417,-0.33778
181.10000,3.70806,1.05401,-0.37564
181.15000,3.70868,1.05356,-0.39018
181.20000,3.70971,1.05270,-0.38019
181.25000,3.71162,1.05166,-0.35547
181.30000,3.71511,1.05041,-0.32239
181.35000,3.72016,1.04883,-0.28099
181.40000,3.72722,1.04694,-0.23281
181.45000,3.73597,1.04508,-0.18418
181.50000,3.74553,1.04355,-0.13447
181.55000,3.75460,1.04265,-0.09579
181.60000,3.76298,1.04240,-0.08343
181.65000,3.77107,1.04242,-0.08825
181.70000,3.77771,1.04274,-0.11102
181.75000,3.78069,1.04298,-0.14993
181.80000,3.78116,1.04297,-0.19950
181.85000,3.78157,1.04288,-0.24949
181.90000,3.78197,1.04276,-0.29938
181.95000,3.78239,1.04260,-0.34086
182.00000,3.78313,1.04207,-0.36153
182.05000,3.78423,1.04111,-0.36322
182.10000,3.78641,1.03952,-0.34469
182.15000,3.79167,1.03732,-0.31136
182.20000,3.79884,1.03512,-0.27044
182.25000,3.80727,1.03299,-0.22569
182.30000,3.81651,1.03110,-0.17810
182.35000,3.82629,1.02958,-0.12853
182.40000,3.83624,1.02855,-0.07923
182.45000,3.84580,1.02803,-0.04128
182.50000,3.85304,1.02785,-0.01533
182.55000,3.85831,1.02784,0.00986
182.60000,3.86281,1.02786,0.00712
182.65000,3.86519,1.02784,-0.03406
182.70000,3.86628,1.02780,-0.08837
182.75000,3.86670,1.02775,-0.13980
182.80000,3.86714,1.02766,-0.18335
182.85000,3.86800,1.02709,-0.20676
182.90000,3.86932,1.02601,-0.20977
182.95000,3.87109,1.02455,-0.19819
183.00000,3.87462,1.02279,-0.17247
183.05000,3.88021,1.02121,-0.13924
183.10000,3.88826,1.02017,-0.09703
183.15000,3.89749,1.01948,-0.05085
183.20000,3.90722,1.01923,-0.00191
183.25000,3.91688,1.01937,0.03630
183.30000,3.92644,1.01970,0.05674
183.35000,3.93578,1.01980,0.05146
183.40000,3.94383,1.01979,0.03026
183.45000,3.94971,1.01979,-0.00056
183.50000,3.95339,1.01978,-0.04066
183.55000,3.95480,1.01971,-0.09017
183.60000,3.95522,1.01966,-0.13433
183.65000,3.95589,1.01932,-0.16078
183.70000,3.95705,1.01844,-0.16548
183.75000,3.95834,1.01741,-0.16197
183.80000,3.95973,1.01630,-0.14958
183.85000,3.96268,1.01501,-0.12930
183.90000,3.96752,1.01361,-0.10069
183.95000,3.97519,1.01284,-0.06131
184.00000,3.98443,1.01248,-0.01504
184.05000,3.99433,1.01257,0.03307
184.10000,4.00431,1.01315,0.08150
184.15000,4.01414,1.01383,0.12350
184.20000,4.02377,1.01436,0.15346
184.25000,4.03325,1.01475,0.17117
184.30000,4.04271,1.01514,0.18712
184.35000,4.05217,1.01552,0.20159
184.40000,4.06163,1.01590,0.21435
184.45000,4.07108,1.01629,0.22518
184.50000,4.08052,1.01667,0.23401
184.55000,4.08997,1.01706,0.24080
184.60000,4.09941,1.01745,0.24559
184.65000,4.10885,1.01785,0.24848
184.70000,4.11830,1.01825,0.24967
184.75000,4.12774,1.01866,0.24599
184.80000,4.13718,1.01912,0.22521
184.85000,4.14560,1.01957,0.18788
184.90000,4.15140,1.01993,0.13895
184.95000,4.15455,1.02021,0.07901
185.00000,4.15540,1.02025,0.00983
185.05000,4.15583,1.02024,-0.06082
185.10000,4.15626,1.02020,-0.13105
185.15000,4.15668,1.02013,-0.19210
185.20000,4.15733,1.01979,-0.23224
185.25000,4.15848,1.01889,-0.24223
185.30000,4.16057,1.01779,-0.23972
185.35000,4.16531,1.01625,-0.22467
185.40000,4.17378,1.01436,-0.19554
185.45000,4.18353,1.01259,-0.16121
185.50000,4.19380,1.01112,-0.12560
185.55000,4.20382,1.01005,-0.09006
185.60000,4.21388,1.00934,-0.05337
185.65000,4.22342,1.00900,-0.01673
185.70000,4.23346,1.00903,0.02226
185.75000,4.24299,1.00940,0.05963
185.80000,4.25200,1.01011,0.09796
185.85000,4.26101,1.01101,0.13087
185.90000,4.27006,1.01197,0.14872
185.95000,4.27907,1.01296,0.14573
186.00000,4.28721,1.01380,0.11666
186.05000,4.29091,1.01406,0.06144
186.10000,4.29211,1.01411,-0.00496
186.15000,4.29254,1.01409,-0.07429
186.20000,4.29297,1.01404,-0.13440
186.25000,4.29353,1.01382,-0.17609
186.30000,4.29458,1.01308,-0.18907
186.35000,4.29704,1.01205,-0.18287
186.40000,4.30032,1.01109,-0.17049
186.45000,4.30523,1.01016,-0.15139
186.50000,4.31153,1.00924,-0.12408
186.55000,4.31950,1.00830,-0.08885
186.60000,4.32868,1.00765,-0.05035
186.65000,4.33826,1.00735,-0.01256
186.70000,4.34788,1.00740,0.02453
186.75000,4.35687,1.00781,0.06495
186.80000,4.36585,1.00840,0.10007
186.85000,4.37485,1.00905,0.12101
186.90000,4.38352,1.00975,0.11068
186.95000,4.38851,1.01009,0.06886
187.00000,4.39067,1.01019,0.00852
187.05000,4.39131,1.01018,-0.05827
187.10000,4.39174,1.01013,-0.11615
187.15000,4.39215,1.01009,-0.16020
187.20000,4.39281,1.00974,-0.18113
187.25000,4.39362,1.00922,-0.18330
187.30000,4.39516,1.00864,-0.17900
187.35000,4.39795,1.00794,-0.16932
187.40000,4.40230,1.00705,-0.15247
187.45000,4.40851,1.00591,-0.12801
187.50000,4.41707,1.00473,-0.09401
187.55000,4.42704,1.00399,-0.05523
187.60000,4.43704,1.00363,-0.01622
187.65000,4.44704,1.00367,0.02331
187.70000,4.45703,1.00409,0.06211
187.75000,4.46699,1.00491,0.10084
187.80000,4.47690,1.00588,0.13344
187.85000,4.48664,1.00674,0.14732
187.90000,4.49607,1.00731,0.14567
187.95000,4.50535,1.00775,0.13654
188.00000,4.51454,1.00818,0.11253
188.05000,4.52218,1.00861,0.07505
188.10000,4.52736,1.00889,0.02716
188.15000,4.53012,1.00891,-0.03067
188.20000,4.53077,1.00887,-0.09682
188.25000,4.53120,1.00882,-0.15373
188.30000,4.53161,1.00874,-0.19659
188.35000,4.53205,1.00863,-0.23086
188.40000,4.53251,1.00846,-0.25654
188.45000,4.53302,1.00824,-0.27367
188.50000,4.53361,1.00791,-0.28243
188.55000,4.53451,1.00729,-0.27982
188.60000,4.53718,1.00626,-0.26628
188.65000,4.54179,1.00494,-0.24463
188.70000,4.54839,1.00327,-0.21495
188.75000,4.55723,1.00130,-0.17618
188.80000,4.56756,0.99969,-0.13152
188.85000,4.57781,0.99855,-0.08760
188.90000,4.58834,0.99787,-0.04360
188.95000,4.59833,0.99765,-0.00084
189.00000,4.60833,0.99785,0.04103
189.05000,4.61830,0.99848,0.08379
189.10000,4.62825,0.99952,0.12549
189.15000,4.63804,1.00065,0.16173
189.20000,4.64753,1.00150,0.18777
189.25000,4.65645,1.00184,0.19219
189.30000,4.66512,1.00194,0.18563
189.35000,4.67361,1.00189,0.17147
189.40000,4.68192,1.00181,0.14322
189.45000,4.68840,1.00171,0.10220
189.50000,4.69242,1.00158,0.05073
189.55000,4.69401,1.00155,-0.01060
189.60000,4.69444,1.00154,-0.07651
189.65000,4.69487,1.00148,-0.13390
189.70000,4.69556,1.00115,-0.17629
189.75000,4.69691,1.00008,-0.18803
189.80000,4.69975,0.99855,-0.17817
189.85000,4.70661,0.99724,-0.15141
189.90000,4.71521,0.99606,-0.11800
189.95000,4.72508,0.99508,-0.07958
190.00000,4.73507,0.99448,-0.04079
190.05000,4.74506,0.99427,-0.00220
190.10000,4.75506,0.99444,0.03676
190.15000,4.76504,0.99500,0.07555
190.20000,4.77494,0.99577,0.10792
190.25000,4.78492,0.99668,0.12521
190.30000,4.79484,0.99757,0.12534
190.35000,4.80463,0.99836,0.10893
190.40000,4.81373,0.99915,0.07795
190.45000,4.82074,0.99956,0.03746
190.50000,4.82562,0.99964,-0.01198
190.55000,4.82833,0.99960,-0.07021
190.60000,4.82953,0.99954,-0.12575
190.65000,4.83089,0.99928,-0.16547
190.70000,4.83257,0.99863,-0.18034
190.75000,4.83530,0.99764,-0.17267
190.80000,4.84167,0.99634,-0.15003
190.85000,4.84959,0.99523,-0.11609
190.90000,4.85849,0.99436,-0.07676
190.95000,4.86749,0.99385,-0.03732
191.00000,4.87650,0.99369,0.00217
191.05000,4.88551,0.99389,0.04185
191.10000,4.89452,0.99429,0.07593
191.15000,4.90360,0.99479,0.09485
191.20000,4.91260,0.99527,0.08894
191.25000,4.92180,0.99598,0.07335
191.30000,4.93037,0.99642,0.04280
191.35000,4.93439,0.99648,-0.01116
191.40000,4.93615,0.99645,-0.07452
191.45000,4.93658,0.99640,-0.14303
191.50000,4.93700,0.99632,-0.21125
191.55000,4.93742,0.99622,-0.26959
191.60000,4.93807,0.99583,-0.30901
191.65000,4.93954,0.99479,-0.31616
191.70000,4.94372,0.99310,-0.30535
191.75000,4.95010,0.99100,-0.28260
191.80000,4.95792,0.98882,-0.25151
191.85000,4.96676,0.98671,-0.21538
191.90000,4.97568,0.98493,-0.17932
191.95000,4.98466,0.98347,-0.14309
192.00000,4.99368,0.98234,-0.10674
192.05000,5.00272,0.98153,-0.06997
192.10000,5.01167,0.98107,-0.04730
192.15000,5.02006,0.98094,-0.04729
192.20000,5.02824,0.98103,-0.06420
192.25000,5.03630,0.98105,-0.09689
192.30000,5.04245,0.98091,-0.14057
192.35000,5.04605,0.98053,-0.19462
192.40000,5.04706,0.98031,-0.25909
192.45000,5.04747,0.98018,-0.31494
192.50000,5.04791,0.97998,-0.35476
192.55000,5.04843,0.97968,-0.38517
192.60000,5.04897,0.97932,-0.40639
192.65000,5.04958,0.97888,-0.41884
192.70000,5.05036,0.97837,-0.42258
192.75000,5.05216,0.97756,-0.41972
192.80000,5.05529,0.97616,-0.41071
192.85000,5.05985,0.97420,-0.39504
192.90000,5.06627,0.97160,-0.37126
192.95000,5.07494,0.96837,-0.33805
193.00000,5.08443,0.96523,-0.30195
193.05000,5.09403,0.96243,-0.26593
193.10000,5.10373,0.95997,-0.22981
193.15000,5.11350,0.95787,-0.19357
193.20000,5.12175,0.95635,-0.17816
193.25000,5.12747,0.95529,-0.19569
193.30000,5.13137,0.95444,-0.23631
193.35000,5.13311,0.95398,-0.28986
193.40000,5.13354,0.95384,-0.34886
193.45000,5.13393,0.95368,-0.39650
193.50000,5.13429,0.95351,-0.42953
193.55000,5.13454,0.95341,-0.45213
193.60000,5.13468,0.95340,-0.46458
193.65000,5.13486,0.95334,-0.46722
193.70000,5.13596,0.95279,-0.46300
193.75000,5.13834,0.95160,-0.45266
193.80000,5.14231,0.94970,-0.43486
193.85000,5.14832,0.94700,-0.40818
193.90000,5.15652,0.94361,-0.37220
193.95000,5.16590,0.94016,-0.33178
194.00000,5.17542,0.93709,-0.29155
194.05000,5.18505,0.93441,-0.25130
194.10000,5.19443,0.93229,-0.22496
194.15000,5.20275,0.93129,-0.22311
194.20000,5.20952,0.93126,-0.24703
194.25000,5.21315,0.93096,-0.28809
194.30000,5.21435,0.93061,-0.33962
194.35000,5.21474,0.93045,-0.39453
194.40000,5.21512,0.93028,-0.44930
194.45000,5.21550,0.93007,-0.49350
194.50000,5.21602,0.92969,-0.52525
194.55000,5.21664,0.92917,-0.54742
194.60000,5.21738,0.92852,-0.56003
194.65000,5.21911,0.92719,-0.55449
194.70000,5.22501,0.92355,-0.52574
194.75000,5.23282,0.91920,-0.48867
194.80000,5.24164,0.91474,-0.44833
194.85000,5.25073,0.91059,-0.40769
194.90000,5.25999,0.90681,-0.36702
194.95000,5.26940,0.90341,-0.32638
195.00000,5.27860,0.90054,-0.29964
195.05000,5.28667,0.89872,-0.30249
195.10000,5.29210,0.89775,-0.33101
195.15000,5.29436,0.89701,-0.37517
195.20000,5.29483,0.89682,-0.42711
195.25000,5.29521,0.89663,-0.47943
195.30000,5.29557,0.89643,-0.53158
195.35000,5.29598,0.89614,-0.57431
195.40000,5.29698,0.89518,-0.58545
195.45000,5.29997,0.89306,-0.57068
195.50000,5.30561,0.88952,-0.54411
195.55000,5.31317,0.88512,-0.50987
195.60000,5.32213,0.88034,-0.46995
195.65000,5.33101,0.87608,-0.42940
195.70000,5.34009,0.87209,-0.38924
195.75000,5.34866,0.86868,-0.36221
195.80000,5.35717,0.86537,-0.35500
195.85000,5.36515,0.86252,-0.36686
195.90000,5.36965,0.86081,-0.40164
195.95000,5.36991,0.86072,-0.45508
196.00000,5.37028,0.86053,-0.50841
196.05000,5.37064,0.86032,-0.56150
196.10000,5.37099,0.86009,-0.61436
196.15000,5.37139,0.85975,-0.65635
196.20000,5.37236,0.85881,-0.66592
196.25000,5.37550,0.85630,-0.65072
196.30000,5.38064,0.85249,-0.62501
196.35000,5.38726,0.84784,-0.59314
196.40000,5.39465,0.84306,-0.55469
196.45000,5.40280,0.83820,-0.51571
196.50000,5.41070,0.83394,-0.47461
196.55000,5.41852,0.83011,-0.44893
196.60000,5.42598,0.82673,-0.44796
196.65000,5.43259,0.82381,-0.46889
196.70000,5.43610,0.82199,-0.50757
196.75000,5.43695,0.82150,-0.55852
196.80000,5.43729,0.82127,-0.61176
196.85000,5.43762,0.82103,-0.66478
196.90000,5.43798,0.82071,-0.70671
196.95000,5.43892,0.81975,-0.71852
197.00000,5.44219,0.81690,-0.70466
197.05000,5.44742,0.81255,-0.68065
197.10000,5.45355,0.80773,-0.64791
197.15000,5.46069,0.80254,-0.60951
197.20000,5.46818,0.79752,-0.57021
197.25000,5.47586,0.79281,-0.53058
197.30000,5.48352,0.78849,-0.50763
197.35000,5.49057,0.78480,-0.51202
197.40000,5.49671,0.78146,-0.53625
197.45000,5.50064,0.77905,-0.57216
197.50000,5.50204,0.77811,-0.61997
197.55000,5.50237,0.77786,-0.67294
197.60000,5.50269,0.77759,-0.72574
197.65000,5.50298,0.77730,-0.76716
197.70000,5.50343,0.77680,-0.78921
197.75000,5.50404,0.77611,-0.80130
197.80000,5.50486,0.77519,-0.80456
197.85000,5.50919,0.77070,-0.78412
197.90000,5.51563,0.76447,-0.75225
197.95000,5.52301,0.75780,-0.71675
198.00000,5.53067,0.75137,-0.68104
198.05000,5.53855,0.74521,-0.64518
198.10000,5.54619,0.73959,-0.62425
198.15000,5.55291,0.73479,-0.63083
198.20000,5.55688,0.73178,-0.66723
198.25000,5.56163,0.72786,-0.71146
198.30000,5.56705,0.72295,-0.75995
198.35000,5.57290,0.71711,-0.81092
198.40000,5.57812,0.71130,-0.86783
198.45000,5.58221,0.70616,-0.93245
198.50000,5.58557,0.70153,-0.98577
198.55000,5.58897,0.69665,-1.00423
198.60000,5.59254,0.69147,-0.99785
198.65000,5.59649,0.68549,-0.97295
198.70000,5.60092,0.67922,-0.93605
198.75000,5.60535,0.67344,-0.88463
198.80000,5.60913,0.66876,-0.84214
198.85000,5.61241,0.66467,-0.83166
198.90000,5.61560,0.66072,-0.83792
198.95000,5.61887,0.65673,-0.85599
199.00000,5.62231,0.65260,-0.88922
199.05000,5.62625,0.64755,-0.93651
199.10000,5.63040,0.64158,-0.98876
199.15000,5.63404,0.63569,-1.04734
199.20000,5.63708,0.63001,-1.11127
199.25000,5.63945,0.62478,-1.18037
199.30000,5.64119,0.62009,-1.25409
199.35000,5.64233,0.61612,-1.33243
199.40000,5.64300,0.61282,-1.40316
199.45000,5.64367,0.60945,-1.45296
199.50000,5.64478,0.60550,-1.47776
199.55000,5.64564,0.60121,-1.47461
199.60000,5.64648,0.59491,-1.45186
199.65000,5.64768,0.58619,-1.41897
199.70000,5.64932,0.57661,-1.38194
199.75000,5.65120,0.56774,-1.34159
199.80000,5.65354,0.55860,-1.29987
199.85000,5.65595,0.55050,-1.25471
199.90000,5.65815,0.54427,-1.20382
199.95000,5.65997,0.53991,-1.14301
200.00000,5.66179,0.53587,-1.09104
200.05000,5.66368,0.53182,-1.05814
200.10000,5.66529,0.52824,-1.06618
200.15000,5.66669,0.52549,-1.10246
200.20000,5.66858,0.52150,-1.14757
200.25000,5.67041,0.51708,-1.20114
200.30000,5.67196,0.51267,-1.26215
200.35000,5.67324,0.50812,-1.32844
200.40000,5.67409,0.50412,-1.40091
200.45000,5.67454,0.50075,-1.47876
200.50000,5.67468,0.49747,-1.54820
200.55000,5.67466,0.49413,-1.59640
200.60000,5.67447,0.49050,-1.62056
200.65000,5.67412,0.48668,-1.62298
200.70000,5.67380,0.48293,-1.61033
200.75000,5.67357,0.47862,-1.58934
200.80000,5.67351,0.47269,-1.56067
200.85000,5.67378,0.46351,-1.52237
200.90000,5.67445,0.45376,-1.48236
200.95000,5.67548,0.44429,-1.43954
201.00000,5.67684,0.43555,-1.39317
201.05000,5.67850,0.42729,-1.34670
201.10000,5.68003,0.42110,-1.29483
201.15000,5.68137,0.41676,-1.23281
201.20000,5.68259,0.41323,-1.17720
201.25000,5.68378,0.40978,-1.14080
201.30000,5.68447,0.40694,-1.14248
201.35000,5.68559,0.40401,-1.17118
201.40000,5.68736,0.39956,-1.21274
201.45000,5.68950,0.39340,-1.25871
201.50000,5.69143,0.38686,-1.31126
201.55000,5.69274,0.38130,-1.37102
201.60000,5.69344,0.37715,-1.43900
201.65000,5.69376,0.37363,-1.50173
201.70000,5.69403,0.36974,-1.53925
201.75000,5.69421,0.36529,-1.55538
201.80000,5.69433,0.36045,-1.55315
201.85000,5.69454,0.35438,-1.52893
201.90000,5.69506,0.34569,-1.49292
201.95000,5.69597,0.33639,-1.45257
202.00000,5.69702,0.32850,-1.40621
202.05000,5.69809,0.32273,-1.35638
202.10000,5.69919,0.31823,-1.30175
202.15000,5.70010,0.31481,-1.25216
202.20000,5.70083,0.31164,-1.22410
202.25000,5.70150,0.30859,-1.21954
202.30000,5.70248,0.30544,-1.24420
202.35000,5.70412,0.30030,-1.28379
202.40000,5.70585,0.29390,-1.32971
202.45000,5.70732,0.28714,-1.38195
202.50000,5.70833,0.28084,-1.43777
202.55000,5.70892,0.27525,-1.49804
202.60000,5.70906,0.27094,-1.55375
202.65000,5.70905,0.26599,-1.58450
202.70000,5.70897,0.26001,-1.58660
202.75000,5.70893,0.25342,-1.56348
202.80000,5.70912,0.24544,-1.53213
202.85000,5.70962,0.23671,-1.49312
202.90000,5.71047,0.22785,-1.45071
202.95000,5.71133,0.22095,-1.40641
203.00000,5.71212,0.21678,-1.35454
203.05000,5.71271,0.21392,-1.30698
203.10000,5.71303,0.21137,-1.27533
203.15000,5.71283,0.20940,-1.26574
203.20000,5.71288,0.20822,-1.27631
203.25000,5.71331,0.20679,-1.29435
203.30000,5.71408,0.20397,-1.31953
203.35000,5.71516,0.19953,-1.35341
203.40000,5.71642,0.19339,-1.39636
203.45000,5.71759,0.18575,-1.44785
203.50000,5.71826,0.17868,-1.50461
203.55000,5.71848,0.17323,-1.56134
203.60000,5.71844,0.16840,-1.61171
203.65000,5.71817,0.16339,-1.64983
203.70000,5.71762,0.15813,-1.67384
203.75000,5.71696,0.15277,-1.68936
203.80000,5.71618,0.14731,-1.69718
203.85000,5.71524,0.14171,-1.69763
203.90000,5.71401,0.13585,-1.68564
203.95000,5.71273,0.12918,-1.66142
204.00000,5.71200,0.11953,-1.62547
204.05000,5.71164,0.10954,-1.58843
204.10000,5.71165,0.09954,-1.55142
204.15000,5.71204,0.08955,-1.51335
204.20000,5.71251,0.08088,-1.47520
204.25000,5.71293,0.07644,-1.44907
204.30000,5.71327,0.07329,-1.45586
204.35000,5.71375,0.06939,-1.47366
204.40000,5.71439,0.06377,-1.49846
204.45000,5.71496,0.05626,-1.53030
204.50000,5.71516,0.04753,-1.57122
204.55000,5.71497,0.03878,-1.61508
204.60000,5.71463,0.03218,-1.65935
204.65000,5.71435,0.02895,-1.69719
204.70000,5.71388,0.02558,-1.71038
204.75000,5.71319,0.02068,-1.69474
204.80000,5.71248,0.01457,-1.67016
204.85000,5.71179,0.00696,-1.63838
204.90000,5.71132,-0.00216,-1.60042
204.95000,5.71120,-0.01065,-1.56216
205.00000,5.71133,-0.01732,-1.53645
205.05000,5.71148,-0.02382,-1.53758
205.10000,5.71160,-0.03006,-1.56236
205.15000,5.71154,-0.03771,-1.59567
205.20000,5.71114,-0.04684,-1.63361
205.25000,5.71031,-0.05674,-1.67458
205.30000,5.70929,-0.06508,-1.71757
205.35000,5.70807,-0.07263,-1.75159
205.40000,5.70677,-0.08044,-1.75458
205.45000,5.70556,-0.08805,-1.73854
205.50000,5.70441,-0.09561,-1.71217
205.55000,5.70330,-0.10425,-1.67683
205.60000,5.70251,-0.11328,-1.63963
205.65000,5.70204,-0.12219,-1.61574
205.70000,5.70165,-0.13091,-1.61045
205.75000,5.70137,-0.13960,-1.62053
205.80000,5.70091,-0.14812,-1.65030
205.85000,5.70005,-0.15674,-1.69068
205.90000,5.69878,-0.16552,-1.73532
205.95000,5.69711,-0.17425,-1.78023
206.00000,5.69521,-0.18309,-1.82473
206.05000,5.69415,-0.18946,-1.86029
206.10000,5.69290,-0.19568,-1.86871
206.15000,5.69113,-0.20190,-1.85190
206.20000,5.68897,-0.20973,-1.82573
206.25000,5.68670,-0.21907,-1.79339
206.30000,5.68467,-0.22884,-1.75837
206.35000,5.68299,-0.23864,-1.72054
206.40000,5.68170,-0.24851,-1.68002
206.45000,5.68081,-0.25847,-1.63997
206.50000,5.68032,-0.26846,-1.60020
206.55000,5.68022,-0.27846,-1.56088
206.60000,5.68042,-0.28814,-1.53110
206.65000,5.68066,-0.29734,-1.52132
206.70000,5.68092,-0.30503,-1.54129
206.75000,5.68101,-0.31256,-1.57643
206.80000,5.68078,-0.32116,-1.61716
206.85000,5.68018,-0.33007,-1.65973
206.90000,5.67939,-0.33898,-1.70231
206.95000,5.67925,-0.34440,-1.73798
207.00000,5.67884,-0.34982,-1.75152
207.05000,5.67796,-0.35565,-1.74751
207.10000,5.67672,-0.36182,-1.73174
207.15000,5.67516,-0.36870,-1.70482
207.20000,5.67395,-0.37773,-1.66938
207.25000,5.67316,-0.38770,-1.63029
207.30000,5.67276,-0.39769,-1.59201
207.35000,5.67274,-0.40769,-1.55457
207.40000,5.67297,-0.41733,-1.52878
207.45000,5.67313,-0.42631,-1.52160
207.50000,5.67341,-0.43406,-1.54316
207.55000,5.67349,-0.44188,-1.57834
207.60000,5.67324,-0.45071,-1.61841
207.65000,5.67282,-0.45969,-1.65921
207.70000,5.67274,-0.46381,-1.69852
207.75000,5.67276,-0.46381,-1.73288
207.80000,5.67265,-0.46411,-1.76041
207.85000,5.67196,-0.46522,-1.76371
207.90000,5.67082,-0.46878,-1.75108
207.95000,5.66932,-0.47428,-1.73067
208.00000,5.66775,-0.48165,-1.70304
208.05000,5.66655,-0.49096,-1.66799
208.10000,5.66583,-0.49936,-1.65134
208.15000,5.66547,-0.50529,-1.65821
208.20000,5.66530,-0.50807,-1.67835
208.25000,5.66524,-0.50852,-1.70814
208.30000,5.66517,-0.50896,-1.73805
208.35000,5.66509,-0.50940,-1.76784
208.40000,5.66494,-0.50989,-1.79006
208.45000,5.66444,-0.51071,-1.79652
208.50000,5.66334,-0.51403,-1.78435
208.55000,5.66178,-0.51999,-1.76124
208.60000,5.66009,-0.52794,-1.73055
208.65000,5.65870,-0.53762,-1.69364
208.70000,5.65777,-0.54599,-1.67683
208.75000,5.65732,-0.55133,-1.68460
208.80000,5.65715,-0.55350,-1.70589
208.85000,5.65707,-0.55401,-1.73412
208.90000,5.65700,-0.55445,-1.76271
208.95000,5.65690,-0.55489,-1.79122
209.00000,5.65680,-0.55532,-1.81963
209.05000,5.65667,-0.55575,-1.83949
209.10000,5.65634,-0.55647,-1.84271
209.15000,5.65508,-0.56039,-1.82768
209.20000,5.65332,-0.56733,-1.79988
209.25000,5.65144,-0.57604,-1.76596
209.30000,5.64971,-0.58579,-1.72840
209.35000,5.64830,-0.59553,-1.70176
209.40000,5.64742,-0.60420,-1.69368
209.45000,5.64728,-0.60867,-1.70504
209.50000,5.64727,-0.60925,-1.73271
209.55000,5.64719,-0.60966,-1.76132
209.60000,5.64710,-0.61009,-1.78973
209.65000,5.64700,-0.61053,-1.81805
209.70000,5.64688,-0.61096,-1.84627
209.75000,5.64676,-0.61139,-1.87439
209.80000,5.64664,-0.61186,-1.89659
209.85000,5.64640,-0.61247,-1.90223
209.90000,5.64547,-0.61486,-1.89257
209.95000,5.64435,-0.61826,-1.87674
210.00000,5.64288,-0.62307,-1.85404
210.05000,5.64108,-0.62958,-1.82267
210.10000,5.63911,-0.63786,-1.78266
210.15000,5.63739,-0.64653,-1.75490
210.20000,5.63610,-0.65422,-1.74995
210.25000,5.63515,-0.66000,-1.76431
210.30000,5.63425,-0.66457,-1.80020
210.35000,5.63277,-0.67036,-1.84396
210.40000,5.63064,-0.67729,-1.89189
210.45000,5.62794,-0.68477,-1.94345
210.50000,5.62482,-0.69212,-1.99935
210.55000,5.62175,-0.69837,-2.06215
210.60000,5.61898,-0.70362,-2.11843
210.65000,5.61624,-0.70877,-2.14799
210.70000,5.61326,-0.71406,-2.14288
210.75000,5.61042,-0.71916,-2.12490
210.80000,5.60771,-0.72409,-2.09291
210.85000,5.60581,-0.72776,-2.06165
210.90000,5.60460,-0.73020,-2.06675
210.95000,5.60377,-0.73169,-2.09900
211.00000,5.60181,-0.73488,-2.14087
211.05000,5.59927,-0.73862,-2.19186
211.10000,5.59540,-0.74374,-2.24427
211.15000,5.59156,-0.74829,-2.30431
211.20000,5.58746,-0.75255,-2.36878
211.25000,5.58321,-0.75666,-2.42273
211.30000,5.57885,-0.76081,-2.45261
211.35000,5.57421,-0.76516,-2.45607
211.40000,5.56934,-0.76968,-2.43744
211.45000,5.56379,-0.77465,-2.40520
211.50000,5.55791,-0.78019,-2.36290
211.55000,5.55270,-0.78559,-2.31129
211.60000,5.54835,-0.79063,-2.25179
211.65000,5.54458,-0.79535,-2.20182
211.70000,5.54102,-0.79997,-2.18659
211.75000,5.53811,-0.80398,-2.20396
211.80000,5.53546,-0.80746,-2.24132
211.85000,5.53143,-0.81232,-2.28409
211.90000,5.52666,-0.81757,-2.33277
211.95000,5.52101,-0.82319,-2.38443
212.00000,5.51537,-0.82823,-2.44200
212.05000,5.50914,-0.83316,-2.50124
212.10000,5.50206,-0.83812,-2.56010
212.15000,5.49579,-0.84198,-2.62528
212.20000,5.49064,-0.84477,-2.68080
212.25000,5.48538,-0.84736,-2.69824
212.30000,5.48029,-0.84980,-2.68635
212.35000,5.47422,-0.85287,-2.66036
212.40000,5.46686,-0.85686,-2.62714
212.45000,5.45880,-0.86162,-2.58874
212.50000,5.45052,-0.86696,-2.54581
212.55000,5.44311,-0.87222,-2.49653
212.60000,5.43617,-0.87775,-2.44292
212.65000,5.42946,-0.88337,-2.39609
212.70000,5.42318,-0.88861,-2.36776
212.75000,5.41766,-0.89318,-2.36633
212.80000,5.41233,-0.89759,-2.37883
212.85000,5.40692,-0.90213,-2.40880
212.90000,5.40215,-0.90621,-2.45911
212.95000,5.39729,-0.90993,-2.51677
213.00000,5.39224,-0.91334,-2.57927
213.05000,5.38707,-0.91652,-2.63018
213.10000,5.38162,-0.91986,-2.64669
213.15000,5.37631,-0.92286,-2.63417
213.20000,5.37124,-0.92578,-2.60226
213.25000,5.36506,-0.92965,-2.56320
213.30000,5.35873,-0.93399,-2.51678
213.35000,5.35207,-0.93905,-2.46670
213.40000,5.34598,-0.94420,-2.41078
213.45000,5.34045,-0.94947,-2.35044
213.50000,5.33520,-0.95481,-2.29976
213.55000,5.33052,-0.95966,-2.27567
213.60000,5.32673,-0.96371,-2.28494
213.65000,5.32327,-0.96747,-2.30908
213.70000,5.31998,-0.97111,-2.34633
213.75000,5.31617,-0.97504,-2.39548
213.80000,5.31069,-0.97984,-2.44765
213.85000,5.30514,-0.98419,-2.50574
213.90000,5.29994,-0.98779,-2.57008
213.95000,5.29477,-0.99105,-2.62457
214.00000,5.28901,-0.99475,-2.64766
214.05000,5.28282,-0.99844,-2.64607
214.10000,5.27647,-1.00214,-2.62351
214.15000,5.27106,-1.00536,-2.58153
214.20000,5.26465,-1.00958,-2.53430
214.25000,5.25797,-1.01441,-2.48241
214.30000,5.25136,-1.01981,-2.42986
214.35000,5.24510,-1.02552,-2.37403
214.40000,5.23963,-1.03112,-2.31319
214.45000,5.23458,-1.03665,-2.25994
214.50000,5.22991,-1.04188,-2.23217
214.55000,5.22584,-1.04661,-2.23677
214.60000,5.22306,-1.05004,-2.27097
214.65000,5.22029,-1.05323,-2.31709
214.70000,5.21666,-1.05695,-2.37113
214.75000,5.21211,-1.06111,-2.42818
214.80000,5.20735,-1.06498,-2.49025
214.85000,5.20236,-1.06876,-2.54212
214.90000,5.19677,-1.07270,-2.56044
214.95000,5.19106,-1.07643,-2.56030
215.00000,5.18519,-1.08028,-2.54458
215.05000,5.17970,-1.08410,-2.50685
215.10000,5.17437,-1.08820,-2.45876
215.15000,5.16861,-1.09311,-2.40756
215.20000,5.16301,-1.09845,-2.35301
215.25000,5.15740,-1.10442,-2.29633
215.30000,5.15220,-1.11065,-2.23670
215.35000,5.14763,-1.11686,-2.17363
215.40000,5.14369,-1.12300,-2.10764
215.45000,5.14011,-1.12915,-2.05444
215.50000,5.13681,-1.13513,-2.03553
215.55000,5.13414,-1.14042,-2.04714
215.60000,5.13217,-1.14409,-2.08364
215.65000,5.12905,-1.14936,-2.12606
215.70000,5.12516,-1.15531,-2.17393
215.75000,5.12078,-1.16132,-2.22705
215.80000,5.11648,-1.16659,-2.28711
215.85000,5.11233,-1.17135,-2.33933
215.90000,5.10802,-1.17621,-2.36999
215.95000,5.10343,-1.18126,-2.37023
216.00000,5.09903,-1.18609,-2.35940
216.05000,5.09483,-1.19068,-2.33590
216.10000,5.09072,-1.19515,-2.29846
216.15000,5.08607,-1.20062,-2.24972
216.20000,5.08122,-1.20697,-2.19722
216.25000,5.07674,-1.21355,-2.14044
216.30000,5.07294,-1.21989,-2.07864
216.35000,5.07012,-1.22536,-2.01014
216.40000,5.06801,-1.23008,-1.95002
216.45000,5.06600,-1.23479,-1.92333
216.50000,5.06467,-1.23890,-1.92652
216.55000,5.06279,-1.24379,-1.95083
216.60000,5.05989,-1.25072,-1.98365
216.65000,5.05649,-1.25807,-2.02425
216.70000,5.05296,-1.26495,-2.06819
216.75000,5.05009,-1.26999,-2.11588
216.80000,5.04810,-1.27309,-2.17510
216.85000,5.04639,-1.27556,-2.22675
216.90000,5.04448,-1.27814,-2.25112
216.95000,5.04224,-1.28096,-2.24129
217.00000,5.03940,-1.28464,-2.21254
217.05000,5.03551,-1.29004,-2.17536
217.10000,5.03140,-1.29627,-2.13103
217.15000,5.02815,-1.30169,-2.08050
217.20000,5.02587,-1.30605,-2.02159
217.25000,5.02427,-1.30951,-1.96775
217.30000,5.02247,-1.31325,-1.94219
217.35000,5.02124,-1.31649,-1.94438
217.40000,5.01901,-1.32182,-1.96818
217.45000,5.01598,-1.32871,-2.00118
217.50000,5.01219,-1.33657,-2.03964
217.55000,5.00796,-1.34452,-2.07947
217.60000,5.00341,-1.35230,-2.11910
217.65000,4.99857,-1.35989,-2.15909
217.70000,4.99343,-1.36727,-2.19922
217.75000,4.98800,-1.37444,-2.23957
217.80000,4.98228,-1.38137,-2.28009
217.85000,4.97629,-1.38807,-2.32054
217.90000,4.97004,-1.39452,-2.36130
217.95000,4.96353,-1.40071,-2.40192
218.00000,4.95695,-1.40671,-2.44226
218.05000,4.95466,-1.40857,-2.47256
218.10000,4.95434,-1.40881,-2.49165
218.15000,4.95395,-1.40909,-2.50273
218.20000,4.95222,-1.41039,-2.49976
218.25000,4.94714,-1.41426,-2.47971
218.30000,4.94050,-1.41959,-2.45129
218.35000,4.93356,-1.42531,-2.42850
218.40000,4.92909,-1.42914,-2.42348
218.45000,4.92656,-1.43133,-2.42887
218.50000,4.92544,-1.43229,-2.44223
218.55000,4.92543,-1.43229,-2.46137
218.60000,4.92545,-1.43227,-2.48059
218.65000,4.92546,-1.43226,-2.49969
218.70000,4.92528,-1.43240,-2.51782
218.75000,4.92509,-1.43252,-2.53570
218.80000,4.92479,-1.43273,-2.55286
218.85000,4.92455,-1.43288,-2.57017
218.90000,4.92420,-1.43310,-2.58695
218.95000,4.92380,-1.43334,-2.60336
219.00000,4.92340,-1.43357,-2.61962
219.05000,4.92266,-1.43401,-2.62405
219.10000,4.91881,-1.43626,-2.61306
219.15000,4.91240,-1.44011,-2.59008
219.20000,4.90630,-1.44385,-2.57758
219.25000,4.90315,-1.44573,-2.58013
219.30000,4.90305,-1.44579,-2.59680
219.35000,4.90301,-1.44582,-2.61369
219.40000,4.90293,-1.44587,-2.63021
219.45000,4.90284,-1.44592,-2.64677
219.50000,4.90267,-1.44602,-2.66243
219.55000,4.90244,-1.44614,-2.67779
219.60000,4.90239,-1.44616,-2.69395
219.65000,4.90234,-1.44619,-2.70993
219.70000,4.90190,-1.44641,-2.71523
219.75000,4.89918,-1.44772,-2.70962
219.80000,4.89290,-1.45071,-2.68846
219.85000,4.88528,-1.45458,-2.65864
219.90000,4.87726,-1.45895,-2.63196
219.95000,4.87099,-1.46230,-2.61701
220.00000,4.86701,-1.46452,-2.61333
220.05000,4.86443,-1.46589,-2.61693
220.10000,4.86430,-1.46597,-2.63239
220.15000,4.86424,-1.46601,-2.64822
220.20000,4.86418,-1.46604,-2.66389
220.25000,4.86411,-1.46608,-2.67938
220.30000,4.86404,-1.46612,-2.69470
220.35000,4.86351,-1.46695,-2.70492
220.40000,4.86267,-1.46800,-2.71132
220.45000,4.86174,-1.46909,-2.71788
220.50000,4.85935,-1.47127,-2.72726
220.55000,4.85531,-1.47521,-2.74689
220.60000,4.85040,-1.47978,-2.76917
220.65000,4.84525,-1.48426,-2.79078
220.70000,4.83999,-1.48865,-2.81135
220.75000,4.83459,-1.49291,-2.83098
220.80000,4.82904,-1.49704,-2.84972
220.85000,4.82335,-1.50107,-2.86747
220.90000,4.81754,-1.50496,-2.88418
220.95000,4.81161,-1.50871,-2.89987
221.00000,4.80555,-1.51235,-2.91449
221.05000,4.79930,-1.51585,-2.92819
221.10000,4.79291,-1.51923,-2.94095
221.15000,4.78634,-1.52248,-2.95273
221.20000,4.77960,-1.52560,-2.96358
221.25000,4.77269,-1.52858,-2.97364
221.30000,4.76559,-1.53141,-2.98296
221.35000,4.75832,-1.53407,-2.99154
221.40000,4.75091,-1.53659,-2.99917
221.45000,4.74330,-1.53893,-3.00615
221.50000,4.73549,-1.54111,-3.01260
221.55000,4.72749,-1.54310,-3.01854
221.60000,4.71929,-1.54491,-3.02415
221.65000,4.71088,-1.54652,-3.02946
221.70000,4.70226,-1.54792,-3.03468
221.75000,4.69338,-1.54909,-3.04013
221.80000,4.68429,-1.55003,-3.04560
221.85000,4.67499,-1.55072,-3.05139
221.90000,4.66538,-1.55113,-3.05790
221.95000,4.65543,-1.55124,-3.06551
222.00000,4.64515,-1.55101,-3.07436
222.05000,4.63445,-1.55040,-3.08503
222.10000,4.62331,-1.54936,-3.09767
222.15000,4.61162,-1.54782,-3.11297
222.20000,4.59952,-1.54576,-3.13062
222.25000,4.58686,-1.54309,3.13202
222.30000,4.57386,-1.53979,3.10906
222.35000,4.56056,-1.53582,3.08363
222.40000,4.54709,-1.53117,3.05593
222.45000,4.53362,-1.52585,3.02626
222.50000,4.52048,-1.51993,2.99491
222.55000,4.50827,-1.51363,2.96225
222.60000,4.49734,-1.50830,2.92579
222.65000,4.48140,-1.50399,2.90142
222.70000,4.46488,-1.50174,2.87632
222.75000,4.44947,-1.50008,2.84885
222.80000,4.44088,-1.49897,2.82813
222.85000,4.43224,-1.49514,2.80406
222.90000,4.42747,-1.49342,2.75720
222.95000,4.42291,-1.49140,2.69877
223.00000,4.41908,-1.48952,2.65169
223.05000,4.41510,-1.48742,2.63223
223.10000,4.41113,-1.48528,2.63260
223.15000,4.40736,-1.48331,2.64384
223.20000,4.40379,-1.48149,2.66755
223.25000,4.39932,-1.47929,2.70552
223.30000,4.39340,-1.47667,2.75581
223.35000,4.38605,-1.47391,2.80836
223.40000,4.37855,-1.47149,2.84621
223.45000,4.37137,-1.46944,2.85506
223.50000,4.36488,-1.46757,2.83821
223.55000,4.36186,-1.46655,2.79131
223.60000,4.35792,-1.46498,2.73716
223.65000,4.35306,-1.46273,2.67929
223.70000,4.34767,-1.45984,2.61871
223.75000,4.34275,-1.45678,2.55301
223.80000,4.33807,-1.45368,2.49700
223.85000,4.33349,-1.45059,2.47260
223.90000,4.33084,-1.44858,2.46492
223.95000,4.32956,-1.44751,2.43190
224.00000,4.32851,-1.44660,2.40254
224.05000,4.32745,-1.44561,2.40750
224.10000,4.32604,-1.44434,2.43557
224.15000,4.32292,-1.44177,2.47234
224.20000,4.31891,-1.43872,2.51986
224.25000,4.31339,-1.43496,2.56998
224.30000,4.30679,-1.43096,2.62247
224.35000,4.29954,-1.42708,2.67750
224.40000,4.29228,-1.42371,2.73647
224.45000,4.28509,-1.42082,2.78225
224.50000,4.27822,-1.41835,2.79953
224.55000,4.27109,-1.41566,2.80124
224.60000,4.26348,-1.41252,2.79082
224.65000,4.25605,-1.40958,2.75694
224.70000,4.25004,-1.40699,2.70732
224.75000,4.24479,-1.40436,2.64862
224.80000,4.23908,-1.40106,2.58787
224.85000,4.23316,-1.39714,2.52571
224.90000,4.22720,-1.39264,2.46259
224.95000,4.22204,-1.38818,2.39543
225.00000,4.21753,-1.38371,2.32527
225.05000,4.21285,-1.37837,2.25707
225.10000,4.20860,-1.37305,2.20580
225.15000,4.20584,-1.36919,2.17350
225.20000,4.20366,-1.36586,2.12542
225.25000,4.20182,-1.36268,2.06623
225.30000,4.19993,-1.35890,2.00199
225.35000,4.19818,-1.35471,1.93395
225.40000,4.19665,-1.35039,1.87708
225.45000,4.19574,-1.34738,1.83982
225.50000,4.19525,-1.34544,1.78668
225.55000,4.19463,-1.34210,1.72804
225.60000,4.19419,-1.33858,1.66241
225.65000,4.19399,-1.33498,1.59160
225.70000,4.19397,-1.33123,1.52853
225.75000,4.19403,-1.32748,1.47983
225.80000,4.19426,-1.32357,1.44394
225.85000,4.19499,-1.31923,1.43248
225.90000,4.19586,-1.31475,1.43028
225.95000,4.19673,-1.31029,1.42886
226.00000,4.19760,-1.30583,1.43198
226.05000,4.19856,-1.30131,1.44411
226.10000,4.19968,-1.29664,1.46833
226.15000,4.20058,-1.28989,1.50670
226.20000,4.20093,-1.28125,1.55509
226.25000,4.20084,-1.27200,1.60572
226.30000,4.20025,-1.26249,1.65856
226.35000,4.19913,-1.25281,1.71285
226.40000,4.19745,-1.24298,1.76780
226.45000,4.19522,-1.23324,1.82296
226.50000,4.19249,-1.22375,1.87915
226.55000,4.18921,-1.21438,1.93608
226.60000,4.18540,-1.20520,1.99356
226.65000,4.18103,-1.19620,2.05110
226.70000,4.17616,-1.18747,2.10841
226.75000,4.17083,-1.17910,2.16624
226.80000,4.16502,-1.17103,2.22433
226.85000,4.15873,-1.16330,2.28265
226.90000,4.15198,-1.15592,2.34098
226.95000,4.14482,-1.14895,2.39847
227.00000,4.13735,-1.14248,2.45661
227.05000,4.12954,-1.13647,2.51518
227.10000,4.12151,-1.13102,2.57455
227.15000,4.11300,-1.12594,2.63332
227.20000,4.10421,-1.12138,2.69224
227.25000,4.09514,-1.11733,2.75115
227.30000,4.08598,-1.11388,2.81062
227.35000,4.07646,-1.11092,2.86948
227.40000,4.06704,-1.10859,2.92937
227.45000,4.05748,-1.10683,2.98923
227.50000,4.04819,-1.10569,3.05043
227.55000,4.03900,-1.10514,3.11227
227.60000,4.03009,-1.10516,-3.10794
227.65000,4.02153,-1.10572,-3.04371
227.70000,4.01343,-1.10679,-2.97791
227.75000,4.00593,-1.10829,-2.91006
227.80000,3.99921,-1.11012,-2.83964
227.85000,3.99323,-1.11222,-2.76676
227.90000,3.98730,-1.11481,-2.69430
227.95000,3.98127,-1.11797,-2.62302
228.00000,3.97552,-1.12153,-2.55153
228.05000,3.97000,-1.12552,-2.48024
228.10000,3.96456,-1.13007,-2.40997
228.15000,3.95963,-1.13483,-2.33881
228.20000,3.95511,-1.13986,-2.26733
228.25000,3.95085,-1.14534,-2.19650
228.30000,3.94689,-1.15124,-2.12626
228.35000,3.94329,-1.15752,-2.05654
228.40000,3.94008,-1.16416,-1.98735
228.45000,3.93725,-1.17119,-1.91892
228.50000,3.93488,-1.17850,-1.85095
228.55000,3.93296,-1.18611,-1.78359
228.60000,3.93154,-1.19396,-1.71673
228.65000,3.93062,-1.20205,-1.65051
228.70000,3.93024,-1.21029,-1.58473
228.75000,3.93025,-1.21833,-1.52610
228.80000,3.93027,-1.22590,-1.48165
228.85000,3.93019,-1.23135,-1.45218
228.90000,3.93015,-1.23480,-1.43465
228.95000,3.93027,-1.23749,-1.42241
229.00000,3.93051,-1.23940,-1.41542
229.05000,3.93068,-1.24056,-1.41344
229.10000,3.93076,-1.24109,-1.41549
229.15000,3.93083,-1.24153,-1.41857
229.20000,3.93090,-1.24197,-1.42231
229.25000,3.93097,-1.24239,-1.42686
229.30000,3.93103,-1.24284,-1.43191
229.35000,3.93109,-1.24322,-1.43773
229.40000,3.93116,-1.24371,-1.44428
229.45000,3.93123,-1.24425,-1.45098
229.50000,3.93129,-1.24467,-1.45868
229.55000,3.93134,-1.24506,-1.46701
229.60000,3.93139,-1.24556,-1.47596
229.65000,3.93143,-1.24603,-1.48541
229.70000,3.93147,-1.24643,-1.49534
229.75000,3.93151,-1.24696,-1.50572
229.80000,3.93154,-1.24748,-1.51693
229.85000,3.93157,-1.24803,-1.52833
229.90000,3.93160,-1.24878,-1.54060
229.95000,3.93162,-1.24954,-1.55332
230.00000,3.93163,-1.25031,-1.56648
230.05000,3.93163,-1.25109,-1.58004
230.10000,3.93161,-1.25188,-1.59399
230.15000,3.93159,-1.25267,-1.60832
230.20000,3.93155,-1.25348,-1.62301
230.25000,3.93150,-1.25429,-1.63804
230.30000,3.93145,-1.25501,-1.65325
230.35000,3.93142,-1.25541,-1.66761
230.40000,3.93137,-1.25573,-1.68267
230.45000,3.93133,-1.25601,-1.69786
230.50000,3.93129,-1.25623,-1.71369
230.55000,3.93129,-1.25632,-1.73031
230.60000,3.93129,-1.25633,-1.74755
230.65000,3.93129,-1.25634,-1.76500
230.70000,3.93129,-1.25634,-1.78266
230.75000,3.93120,-1.25668,-1.79894
230.80000,3.93110,-1.25710,-1.81504
230.85000,3.93099,-1.25752,-1.82699
230.90000,3.93077,-1.25809,-1.82359
230.95000,3.92972,-1.26197,-1.79735
231.00000,3.92838,-1.26819,-1.76176
231.05000,3.92706,-1.27590,-1.72065
231.10000,3.92594,-1.28427,-1.68858
231.15000,3.92543,-1.29135,-1.67661
231.20000,3.92546,-1.29495,-1.68057
231.25000,3.92547,-1.29672,-1.69281
231.30000,3.92541,-1.29727,-1.71040
231.35000,3.92538,-1.29738,-1.73002
231.40000,3.92534,-1.29754,-1.74964
231.45000,3.92530,-1.29754,-1.77010
231.50000,3.92526,-1.29753,-1.79072
231.55000,3.92522,-1.29751,-1.81143
231.60000,3.92519,-1.29750,-1.83224
231.65000,3.92515,-1.29749,-1.85313
231.70000,3.92512,-1.29747,-1.87409
231.75000,3.92509,-1.29745,-1.89511
231.80000,3.92510,-1.29759,-1.90952
231.85000,3.92504,-1.29777,-1.91390
231.90000,3.92494,-1.29798,-1.91177
231.95000,3.92462,-1.29884,-1.90155
232.00000,3.92384,-1.30112,-1.88490
232.05000,3.92255,-1.30522,-1.86055
232.10000,3.92077,-1.31150,-1.82713
232.15000,3.91883,-1.31921,-1.80164
232.20000,3.91775,-1.32492,-1.79637
232.25000,3.91748,-1.32656,-1.80842
232.30000,3.91738,-1.32699,-1.82614
232.35000,3.91726,-1.32741,-1.84410
232.40000,3.91714,-1.32783,-1.86220
232.45000,3.91701,-1.32824,-1.88042
232.50000,3.91688,-1.32866,-1.89875
232.55000,3.91673,-1.32907,-1.91719
232.60000,3.91658,-1.32948,-1.93572
232.65000,3.91649,-1.32966,-1.94421
232.70000,3.91638,-1.32982,-1.94711
232.75000,3.91626,-1.33001,-1.94442
232.80000,3.91584,-1.33107,-1.93385
232.85000,3.91483,-1.33377,-1.91586
232.90000,3.91318,-1.33854,-1.88913
232.95000,3.91100,-1.34550,-1.85331
233.00000,3.90879,-1.35360,-1.82680
233.05000,3.90745,-1.35988,-1.81910
233.10000,3.90664,-1.36352,-1.82304
233.15000,3.90648,-1.36417,-1.83971
233.20000,3.90643,-1.36429,-1.85894
233.25000,3.90634,-1.36456,-1.87777
233.30000,3.90627,-1.36474,-1.89706
233.35000,3.90613,-1.36516,-1.91549
233.40000,3.90598,-1.36557,-1.93399
233.45000,3.90582,-1.36597,-1.95258
233.50000,3.90565,-1.36638,-1.97125
233.55000,3.90548,-1.36678,-1.98998
233.60000,3.90530,-1.36717,-2.00418
233.65000,3.90490,-1.36774,-2.00496
233.70000,3.90429,-1.36893,-1.99568
233.75000,3.90312,-1.37157,-1.97978
233.80000,3.90120,-1.37612,-1.95541
233.85000,3.89862,-1.38278,-1.92210
233.90000,3.89590,-1.39059,-1.89792
233.95000,3.89408,-1.39638,-1.89250
234.00000,3.89321,-1.39913,-1.90025
234.05000,3.89320,-1.39923,-1.91958
234.10000,3.89323,-1.39916,-1.94006
234.15000,3.89326,-1.39909,-1.96058
234.20000,3.89329,-1.39903,-1.98113
234.25000,3.89332,-1.39896,-2.00171
234.30000,3.89335,-1.39889,-2.02230
234.35000,3.89339,-1.39883,-2.04289
234.40000,3.89343,-1.39876,-2.06346
234.45000,3.89328,-1.39897,-2.07454
234.50000,3.89206,-1.40097,-2.06353
234.55000,3.88956,-1.40575,-2.03919
234.60000,3.88628,-1.41248,-2.00682
234.65000,3.88325,-1.41952,-1.98754
234.70000,3.88123,-1.42437,-1.98614
234.75000,3.88027,-1.42661,-1.99615
234.80000,3.88028,-1.42662,-2.01614
234.85000,3.88030,-1.42655,-2.03678
234.90000,3.88034,-1.42648,-2.05732
234.95000,3.88037,-1.42640,-2.07782
235.00000,3.88039,-1.42635,-2.09839
235.05000,3.88031,-1.42646,-2.11811
235.10000,3.88009,-1.42671,-2.12717
235.15000,3.87862,-1.42888,-2.11617
235.20000,3.87574,-1.43374,-2.09215
235.25000,3.87202,-1.44045,-2.06029
235.30000,3.86856,-1.44739,-2.04124
235.35000,3.86632,-1.45198,-2.04055
235.40000,3.86528,-1.45406,-2.05111
235.45000,3.86527,-1.45406,-2.07133
235.50000,3.86529,-1.45400,-2.09212
235.55000,3.86531,-1.45396,-2.11279
235.60000,3.86534,-1.45390,-2.13338
235.65000,3.86538,-1.45384,-2.15400
235.70000,3.86517,-1.45402,-2.16187
235.75000,3.86365,-1.45614,-2.15083
235.80000,3.86031,-1.46138,-2.12545
235.85000,3.85604,-1.46854,-2.09178
235.90000,3.85215,-1.47583,-2.06785
235.95000,3.84921,-1.48145,-2.06203
236.00000,3.84682,-1.48598,-2.06119
236.05000,3.84561,-1.48826,-2.07167
236.10000,3.84522,-1.48899,-2.08926
236.15000,3.84527,-1.48890,-2.11052
236.20000,3.84532,-1.48881,-2.13183
236.25000,3.84532,-1.48881,-2.15376
236.30000,3.84534,-1.48877,-2.17525
236.35000,3.84535,-1.48874,-2.19685
236.40000,3.84534,-1.48872,-2.21780
236.45000,3.84537,-1.48868,-2.23891
236.50000,3.84524,-1.48886,-2.24500
236.55000,3.84330,-1.49124,-2.23346
236.60000,3.83948,-1.49622,-2.20939
236.65000,3.83486,-1.50262,-2.17885
236.70000,3.83002,-1.50977,-2.15534
236.75000,3.82671,-1.51484,-2.15088
236.80000,3.82517,-1.51721,-2.16008
236.85000,3.82508,-1.51736,-2.18058
236.90000,3.82511,-1.51732,-2.20194
236.95000,3.82516,-1.51725,-2.22318
237.00000,3.82522,-1.51718,-2.24431
237.05000,3.82527,-1.51712,-2.26531
237.10000,3.82533,-1.51706,-2.28620
237.15000,3.82512,-1.51722,-2.29357
237.20000,3.82354,-1.51897,-2.28439
237.25000,3.81951,-1.52373,-2.26010
237.30000,3.81496,-1.52940,-2.22775
237.35000,3.81022,-1.53561,-2.20489
237.40000,3.80692,-1.54014,-2.20165
237.45000,3.80586,-1.54160,-2.21456
237.50000,3.80590,-1.54155,-2.23516
237.55000,3.80595,-1.54149,-2.25586
237.60000,3.80600,-1.54144,-2.27643
237.65000,3.80604,-1.54139,-2.29689
237.70000,3.80609,-1.54134,-2.31723
237.75000,3.80613,-1.54130,-2.33744
237.80000,3.80584,-1.54163,-2.34298
237.85000,3.80329,-1.54427,-2.32969
237.90000,3.79892,-1.54896,-2.30591
237.95000,3.79393,-1.55460,-2.27397
238.00000,3.78875,-1.56075,-2.24720
238.05000,3.78518,-1.56521,-2.24302
238.10000,3.78404,-1.56664,-2.25527
238.15000,3.78395,-1.56676,-2.27614
238.20000,3.78394,-1.56677,-2.29634
238.25000,3.78376,-1.56698,-2.31783
238.30000,3.78367,-1.56709,-2.33864
238.35000,3.78356,-1.56722,-2.35949
238.40000,3.78344,-1.56736,-2.38038
238.45000,3.78331,-1.56751,-2.40132
238.50000,3.78301,-1.56777,-2.41247
238.55000,3.78117,-1.56941,-2.40586
238.60000,3.77646,-1.57376,-2.38321
238.65000,3.77028,-1.57981,-2.35196
238.70000,3.76406,-1.58615,-2.32808
238.75000,3.76013,-1.59031,-2.32231
238.80000,3.75823,-1.59233,-2.33100
238.85000,3.75814,-1.59242,-2.34975
238.90000,3.75797,-1.59260,-2.36994
238.95000,3.75789,-1.59268,-2.38943
239.00000,3.75791,-1.59266,-2.40813
239.05000,3.75793,-1.59265,-2.42669
239.10000,3.75794,-1.59264,-2.44512
239.15000,3.75796,-1.59263,-2.46340
239.20000,3.75767,-1.59287,-2.46810
239.25000,3.75512,-1.59494,-2.45776
239.30000,3.74993,-1.59926,-2.43385
239.35000,3.74325,-1.60516,-2.40224
239.40000,3.73659,-1.61130,-2.37718
239.45000,3.73223,-1.61545,-2.36945
239.50000,3.73032,-1.61729,-2.37768
239.55000,3.73018,-1.61742,-2.39518
239.60000,3.73016,-1.61743,-2.41352
239.65000,3.73018,-1.61743,-2.43160
239.70000,3.73019,-1.61742,-2.44955
239.75000,3.73019,-1.61742,-2.46737
239.80000,3.73020,-1.61742,-2.48505
239.85000,3.73020,-1.61742,-2.50259
239.90000,3.73020,-1.61742,-2.51998
239.95000,3.73020,-1.61742,-2.53722
240.00000,3.72963,-1.61782,-2.54035
240.05000,3.72619,-1.62023,-2.52655
240.10000,3.72044,-1.62440,-2.50246
240.15000,3.71317,-1.62998,-2.47068
240.20000,3.70574,-1.63590,-2.44336
240.25000,3.70031,-1.64043,-2.43068
240.30000,3.69802,-1.64234,-2.43526
240.35000,3.69792,-1.64242,-2.45198
240.40000,3.69784,-1.64249,-2.46963
240.45000,3.69780,-1.64252,-2.48700
240.50000,3.69777,-1.64253,-2.50401
240.55000,3.69774,-1.64255,-2.52096
240.60000,3.69771,-1.64257,-2.53779
240.65000,3.69768,-1.64258,-2.55440
240.70000,3.69765,-1.64259,-2.57085
240.75000,3.69763,-1.64261,-2.58709
240.80000,3.69760,-1.64262,-2.60307
240.85000,3.69701,-1.64299,-2.60731
240.90000,3.69335,-1.64520,-2.59521
240.95000,3.68729,-1.64898,-2.57206
241.00000,3.67957,-1.65409,-2.54051
241.05000,3.67202,-1.65926,-2.51855
241.10000,3.66716,-1.66272,-2.51033
241.15000,3.66407,-1.66494,-2.51080
241.20000,3.66336,-1.66544,-2.52326
241.25000,3.66334,-1.66546,-2.53912
241.30000,3.66331,-1.66547,-2.55510
241.35000,3.66327,-1.66548,-2.57099
241.40000,3.66322,-1.66550,-2.58671
241.45000,3.66319,-1.66551,-2.60219
241.50000,3.66315,-1.66554,-2.61759
241.55000,3.66311,-1.66556,-2.63269
241.60000,3.66306,-1.66558,-2.64771
241.65000,3.66301,-1.66561,-2.66267
241.70000,3.66295,-1.66564,-2.67749
241.75000,3.66289,-1.66567,-2.69215
241.80000,3.66260,-1.66591,-2.70044
241.85000,3.66017,-1.66711,-2.69555
241.90000,3.65398,-1.67017,-2.67367
241.95000,3.64588,-1.67442,-2.64273
242.00000,3.63757,-1.67895,-2.61583
242.05000,3.63227,-1.68200,-2.60461
242.10000,3.63005,-1.68324,-2.60847
242.15000,3.62966,-1.68345,-2.62114
242.20000,3.62959,-1.68349,-2.63524
242.25000,3.62952,-1.68353,-2.64922
242.30000,3.62944,-1.68357,-2.66307
242.35000,3.62936,-1.68361,-2.67679
242.40000,3.62927,-1.68366,-2.69036
242.45000,3.62918,-1.68370,-2.70379
242.50000,3.62908,-1.68374,-2.71707
242.55000,3.62692,-1.68526,-2.72918
242.60000,3.61996,-1.68893,-2.74071
242.65000,3.61103,-1.69265,-2.75358
242.70000,3.60204,-1.69625,-2.76635
242.75000,3.59300,-1.69975,-2.77900
242.80000,3.58391,-1.70313,-2.79154
242.85000,3.57478,-1.70640,-2.80392
242.90000,3.56560,-1.70956,-2.81616
242.95000,3.55638,-1.71261,-2.82825
243.00000,3.54711,-1.71555,-2.84019
243.05000,3.53782,-1.71838,-2.85196
243.10000,3.52848,-1.72110,-2.86356
243.15000,3.51911,-1.72372,-2.87501
243.20000,3.50971,-1.72623,-2.88629
243.25000,3.50027,-1.72864,-2.89739
243.30000,3.49081,-1.73094,-2.90833
243.35000,3.48132,-1.73313,-2.91907
243.40000,3.47182,-1.73524,-2.92974
243.45000,3.46229,-1.73724,-2.94026
243.50000,3.45273,-1.73914,-2.95061
243.55000,3.44315,-1.74095,-2.96077
243.60000,3.43355,-1.74266,-2.97076
243.65000,3.42393,-1.74428,-2.98056
243.70000,3.41429,-1.74580,-2.99018
243.75000,3.40462,-1.74723,-2.99961
243.80000,3.39494,-1.74858,-3.00886
243.85000,3.38525,-1.74984,-3.01793
243.90000,3.37554,-1.75101,-3.02680
243.95000,3.36581,-1.75209,-3.03549
244.00000,3.35607,-1.75310,-3.04399
244.05000,3.34632,-1.75402,-3.05231
244.10000,3.33655,-1.75486,-3.06043
244.15000,3.32678,-1.75562,-3.06836
244.20000,3.31699,-1.75630,-3.07611
244.25000,3.30720,-1.75691,-3.08366
244.30000,3.29740,-1.75745,-3.09102
244.35000,3.28759,-1.75791,-3.09819
244.40000,3.27777,-1.75831,-3.10518
244.45000,3.26789,-1.75863,-3.11169
244.50000,3.25805,-1.75889,-3.11814
244.55000,3.24821,-1.75907,-3.12441
244.60000,3.23836,-1.75920,-3.13051
244.65000,3.22851,-1.75926,-3.13643
244.70000,3.21865,-1.75928,3.14102
244.75000,3.20878,-1.75923,3.13547
244.80000,3.19892,-1.75913,3.13008
244.85000,3.18905,-1.75898,3.12488
244.90000,3.17917,-1.75878,3.11985
244.95000,3.16930,-1.75852,3.11499
245.00000,3.15942,-1.75823,3.11030
245.05000,3.14954,-1.75788,3.10579
245.10000,3.13965,-1.75749,3.10144
245.15000,3.12976,-1.75706,3.09727
245.20000,3.11987,-1.75659,3.09326
245.25000,3.10998,-1.75607,3.08942
245.30000,3.10009,-1.75553,3.08575
245.35000,3.09019,-1.75494,3.08223
245.40000,3.08029,-1.75432,3.07888
245.45000,3.07040,-1.75366,3.07568
245.50000,3.06049,-1.75300,3.07273
245.55000,3.05059,-1.75230,3.06992
245.60000,3.04069,-1.75157,3.06733
245.65000,3.03079,-1.75082,3.06490
245.70000,3.02088,-1.75005,3.06263
245.75000,3.01097,-1.74926,3.06057
245.80000,3.00106,-1.74844,3.05859
245.85000,2.99115,-1.74761,3.05676
245.90000,2.98123,-1.74676,3.05493
245.95000,2.97130,-1.74588,3.05324
246.00000,2.96138,-1.74500,3.05161
246.05000,2.95144,-1.74409,3.05011
246.10000,2.94151,-1.74318,3.04878
246.15000,2.93157,-1.74224,3.04751
246.20000,2.92162,-1.74130,3.04633
246.25000,2.91166,-1.74034,3.04529
246.30000,2.90171,-1.73938,3.04440
246.35000,2.89176,-1.73840,3.04365
246.40000,2.88180,-1.73742,3.04304
246.45000,2.87185,-1.73644,3.04256
246.50000,2.86190,-1.73545,3.04222
246.55000,2.85195,-1.73445,3.04200
246.60000,2.84200,-1.73346,3.04191
246.65000,2.83205,-1.73246,3.04195
246.70000,2.82210,-1.73147,3.04210
246.75000,2.81215,-1.73048,3.04237
246.80000,2.80220,-1.72949,3.04276
246.85000,2.79225,-1.72850,3.04325
246.90000,2.78230,-1.72752,3.04386
246.95000,2.77234,-1.72655,3.04457
247.00000,2.76239,-1.72559,3.04538
247.05000,2.75244,-1.72463,3.04629
247.10000,2.74248,-1.72369,3.04725
247.15000,2.73252,-1.72275,3.04823
247.20000,2.72255,-1.72182,3.04925
247.25000,2.71258,-1.72090,3.05036
247.30000,2.70261,-1.72000,3.05161
247.35000,2.69266,-1.71911,3.05281
247.40000,2.68272,-1.71823,3.05416
247.45000,2.67279,-1.71737,3.05561
247.50000,2.66286,-1.71652,3.05714
247.55000,2.65289,-1.71568,3.05866
247.60000,2.64291,-1.71486,3.06016
247.65000,2.63294,-1.71406,3.06175
247.70000,2.62295,-1.71327,3.06336
247.75000,2.61298,-1.71250,3.06501
247.80000,2.60300,-1.71174,3.06674
247.85000,2.59303,-1.71100,3.06852
247.90000,2.58305,-1.71028,3.07037
247.95000,2.57307,-1.70958,3.07226
248.00000,2.56308,-1.70890,3.07421
248.05000,2.55309,-1.70823,3.07621
248.10000,2.54310,-1.70759,3.07824
248.15000,2.53311,-1.70697,3.08033
248.20000,2.52312,-1.70637,3.08247
248.25000,2.51312,-1.70579,3.08463
248.30000,2.50312,-1.70522,3.08686
248.35000,2.49311,-1.70469,3.08915
248.40000,2.48310,-1.70417,3.09148
248.45000,2.47309,-1.70368,3.09386
248.50000,2.46308,-1.70321,3.09630
248.55000,2.45306,-1.70277,3.09879
248.60000,2.44303,-1.70236,3.10133
248.65000,2.43299,-1.70196,3.10389
248.70000,2.42296,-1.70160,3.10643
248.75000,2.41290,-1.70126,3.10911
248.80000,2.40284,-1.70095,3.11186
248.85000,2.39277,-1.70066,3.11460
248.90000,2.38271,-1.70041,3.11737
248.95000,2.37264,-1.70018,3.12017
249.00000,2.36255,-1.69998,3.12307
249.05000,2.35250,-1.69980,3.12583
249.10000,2.34242,-1.69966,3.12879
249.15000,2.33234,-1.69954,3.13175
249.20000,2.32225,-1.69945,3.13470
249.25000,2.31217,-1.69939,3.13766
249.30000,2.30209,-1.69936,3.14062
249.35000,2.29200,-1.69936,-3.13962
249.40000,2.28192,-1.69940,-3.13666
249.45000,2.27184,-1.69946,-3.13372
249.50000,2.26176,-1.69955,-3.13077
249.55000,2.25168,-1.69967,-3.12783
249.60000,2.24160,-1.69982,-3.12490
249.65000,2.23153,-1.70000,-3.12197
249.70000,2.22145,-1.70021,-3.11905
249.75000,2.21140,-1.70045,-3.11613
249.80000,2.20137,-1.70071,-3.11349
249.85000,2.19136,-1.70101,-3.11060
249.90000,2.18135,-1.70133,-3.10765
249.95000,2.17133,-1.70168,-3.10483
250.00000,2.16132,-1.70206,-3.10209
250.05000,2.15130,-1.70247,-3.09941
250.10000,2.14128,-1.70290,-3.09671
250.15000,2.13125,-1.70337,-3.09410
250.20000,2.12125,-1.70385,-3.09159
250.25000,2.11125,-1.70436,-3.08914
250.30000,2.10121,-1.70490,-3.08666
250.35000,2.09120,-1.70546,-3.08418
250.40000,2.08121,-1.70605,-3.08177
250.45000,2.07124,-1.70666,-3.07941
250.50000,2.06133,-1.70729,-3.07708
250.55000,2.05141,-1.70794,-3.07481
250.60000,2.04149,-1.70861,-3.07258
250.65000,2.03158,-1.70931,-3.07040
250.70000,2.02166,-1.71003,-3.06826
250.75000,2.01174,-1.71077,-3.06618
250.80000,2.00182,-1.71153,-3.06415
250.85000,1.99188,-1.71231,-3.06218
250.90000,1.98189,-1.71311,-3.06042
250.95000,1.97193,-1.71393,-3.05872
251.00000,1.96196,-1.71477,-3.05705
251.05000,1.95199,-1.71563,-3.05543
251.10000,1.94201,-1.71650,-3.05383
251.15000,1.93203,-1.71738,-3.05230
251.20000,1.92206,-1.71828,-3.05080
251.25000,1.91208,-1.71920,-3.04929
251.30000,1.90210,-1.72014,-3.04781
251.35000,1.89213,-1.72109,-3.04638
251.40000,1.88215,-1.72205,-3.04497
251.45000,1.87217,-1.72303,-3.04360
251.50000,1.86219,-1.72402,-3.04227
251.55000,1.85222,-1.72502,-3.04113
251.60000,1.84225,-1.72603,-3.03995
251.65000,1.83227,-1.72705,-3.03878
251.70000,1.82230,-1.72809,-3.03764
251.75000,1.81233,-1.72913,-3.03661
251.80000,1.80236,-1.73019,-3.03557
251.85000,1.79240,-1.73126,-3.03454
251.90000,1.78243,-1.73233,-3.03361
251.95000,1.77246,-1.73342,-3.03275
252.00000,1.76248,-1.73451,-3.03186
252.05000,1.75250,-1.73561,-3.03098
252.10000,1.74253,-1.73672,-3.03012
252.15000,1.73257,-1.73784,-3.02929
252.20000,1.72261,-1.73897,-3.02848
252.25000,1.71267,-1.74010,-3.02771
252.30000,1.70274,-1.74124,-3.02697
252.35000,1.69279,-1.74239,-3.02637
252.40000,1.68282,-1.74355,-3.02596
252.45000,1.67284,-1.74471,-3.02563
252.50000,1.66287,-1.74587,-3.02532
252.55000,1.65290,-1.74703,-3.02503
252.60000,1.64293,-1.74820,-3.02474
252.65000,1.63298,-1.74936,-3.02463
252.70000,1.62305,-1.75053,-3.02470
252.75000,1.61312,-1.75170,-3.02483
252.80000,1.60319,-1.75286,-3.02502
252.85000,1.59325,-1.75402,-3.02526
252.90000,1.58332,-1.75518,-3.02557
252.95000,1.57339,-1.75634,-3.02594
253.00000,1.56345,-1.75749,-3.02636
253.05000,1.55352,-1.75864,-3.02684
253.10000,1.54359,-1.75978,-3.02737
253.15000,1.53366,-1.76091,-3.02795
253.20000,1.52372,-1.76204,-3.02853
253.25000,1.51378,-1.76317,-3.02911
253.30000,1.50385,-1.76429,-3.02977
253.35000,1.49391,-1.76540,-3.03048
253.40000,1.48398,-1.76651,-3.03124
253.45000,1.47405,-1.76760,-3.03204
253.50000,1.46412,-1.76869,-3.03288
253.55000,1.45416,-1.76977,-3.03384
253.60000,1.44420,-1.77085,-3.03479
253.65000,1.43427,-1.77191,-3.03576
253.70000,1.42433,-1.77296,-3.03678
253.75000,1.41439,-1.77401,-3.03784
253.80000,1.40445,-1.77504,-3.03895
253.85000,1.39451,-1.77606,-3.04011
253.90000,1.38457,-1.77707,-3.04131
253.95000,1.37463,-1.77806,-3.04250
254.00000,1.36469,-1.77905,-3.04375
254.05000,1.35476,-1.78002,-3.04505
254.10000,1.34483,-1.78096,-3.04647
254.15000,1.33491,-1.78189,-3.04795
254.20000,1.32499,-1.78280,-3.04947
254.25000,1.31507,-1.78369,-3.05103
254.30000,1.30514,-1.78457,-3.05264
254.35000,1.29522,-1.78543,-3.05428
254.40000,1.28529,-1.78628,-3.05596
254.45000,1.27537,-1.78711,-3.05768
254.50000,1.26544,-1.78792,-3.05944
254.55000,1.25552,-1.78872,-3.06123
254.60000,1.24559,-1.78949,-3.06307
254.65000,1.23567,-1.79025,-3.06495
254.70000,1.22574,-1.79099,-3.06686
254.75000,1.21581,-1.79170,-3.06881
254.80000,1.20589,-1.79240,-3.07080
254.85000,1.19596,-1.79309,-3.07279
254.90000,1.18603,-1.79376,-3.07483
254.95000,1.17610,-1.79440,-3.07692
255.00000,1.16617,-1.79504,-3.07904
255.05000,1.15624,-1.79565,-3.08118
255.10000,1.14631,-1.79624,-3.08336
255.15000,1.13638,-1.79680,-3.08557
255.20000,1.12645,-1.79735,-3.08781
255.25000,1.11652,-1.79787,-3.09008
255.30000,1.10659,-1.79837,-3.09239
255.35000,1.09666,-1.79885,-3.09472
255.40000,1.08673,-1.79931,-3.09708
255.45000,1.07680,-1.79974,-3.09947
255.50000,1.06687,-1.80014,-3.10188
255.55000,1.05694,-1.80053,-3.10433
255.60000,1.04700,-1.80088,-3.10687
255.65000,1.03706,-1.80122,-3.10936
255.70000,1.02710,-1.80153,-3.11203
255.75000,1.01711,-1.80181,-3.11489
255.80000,1.00711,-1.80206,-3.11777
255.85000,0.99711,-1.80228,-3.12067
255.90000,0.98711,-1.80248,-3.12359
255.95000,0.97711,-1.80264,-3.12653
256.00000,0.96711,-1.80278,-3.12949
256.05000,0.95712,-1.80289,-3.13246
256.10000,0.94712,-1.80296,-3.13545
256.15000,0.93712,-1.80301,-3.13845
256.20000,0.92712,-1.80303,-3.14147
256.25000,0.91712,-1.80301,3.13869
256.30000,0.90712,-1.80297,3.13564
256.35000,0.89712,-1.80289,3.13258
256.40000,0.88712,-1.80279,3.12951
256.45000,0.87709,-1.80265,3.12651
256.50000,0.86709,-1.80249,3.12368
256.55000,0.85712,-1.80230,3.12099
256.60000,0.84706,-1.80208,3.11822
256.65000,0.83701,-1.80183,3.11539
256.70000,0.82697,-1.80155,3.11248
256.75000,0.81699,-1.80125,3.10963
256.80000,0.80701,-1.80092,3.10676
256.85000,0.79701,-1.80055,3.10386
256.90000,0.78703,-1.80016,3.10095
256.95000,0.77703,-1.79975,3.09822
257.00000,0.76708,-1.79929,3.09538
257.05000,0.75716,-1.79881,3.09244
257.10000,0.74725,-1.79829,3.08947
257.15000,0.73733,-1.79775,3.08650
257.20000,0.72742,-1.79717,3.08350
257.25000,0.71751,-1.79657,3.08050
257.30000,0.70761,-1.79593,3.07748
257.35000,0.69770,-1.79527,3.07443
257.40000,0.68780,-1.79458,3.07139
257.45000,0.67790,-1.79385,3.06833
257.50000,0.66801,-1.79310,3.06526
257.55000,0.65811,-1.79231,3.06217
257.60000,0.64822,-1.79150,3.05908
257.65000,0.63834,-1.79065,3.05597
257.70000,0.62845,-1.78977,3.05285
257.75000,0.61857,-1.78887,3.04972
257.80000,0.60869,-1.78792,3.04658
257.85000,0.59882,-1.78695,3.04343
257.90000,0.58895,-1.78595,3.04027
257.95000,0.57908,-1.78492,3.03710
258.00000,0.56921,-1.78385,3.03391
258.05000,0.55935,-1.78275,3.03072
258.10000,0.54950,-1.78162,3.02752
258.15000,0.53965,-1.78046,3.02431
258.20000,0.52980,-1.77927,3.02109
258.25000,0.51994,-1.77806,3.01793
258.30000,0.51011,-1.77682,3.01484
258.35000,0.50027,-1.77555,3.01183
258.40000,0.49045,-1.77425,3.00880
258.45000,0.48062,-1.77292,3.00572
258.50000,0.47079,-1.77156,3.00246
258.55000,0.46093,-1.77016,2.99910
258.60000,0.45110,-1.76873,2.99581
258.65000,0.44127,-1.76727,2.99256
258.70000,0.43143,-1.76578,2.98916
258.75000,0.42160,-1.76425,2.98576
258.80000,0.41179,-1.76269,2.98245
258.85000,0.40199,-1.76110,2.97909
258.90000,0.39218,-1.75947,2.97566
258.95000,0.38239,-1.75781,2.97235
259.00000,0.37256,-1.75611,2.96894
259.05000,0.36276,-1.75438,2.96556
259.10000,0.35296,-1.75262,2.96198
259.15000,0.34317,-1.75082,2.95848
259.20000,0.33339,-1.74899,2.95515
259.25000,0.32363,-1.74713,2.95174
259.30000,0.31386,-1.74524,2.94842
259.35000,0.30410,-1.74331,2.94509
259.40000,0.29433,-1.74135,2.94171
259.45000,0.28458,-1.73935,2.93842
259.50000,0.27486,-1.73733,2.93511
259.55000,0.26512,-1.73527,2.93166
259.60000,0.25539,-1.73318,2.92826
259.65000,0.24568,-1.73105,2.92496
259.70000,0.23599,-1.72890,2.92168
259.75000,0.22629,-1.72671,2.91837
259.80000,0.21661,-1.72449,2.91509
259.85000,0.20694,-1.72225,2.91185
259.90000,0.19726,-1.71996,2.90863
259.95000,0.18759,-1.71765,2.90532
260.00000,0.17791,-1.71530,2.90211
260.05000,0.16827,-1.71292,2.89889
260.10000,0.15865,-1.71050,2.89564
260.15000,0.14904,-1.70806,2.89239
260.20000,0.13943,-1.70558,2.88915
260.25000,0.12983,-1.70308,2.88591
260.30000,0.12024,-1.70053,2.88268
260.35000,0.11066,-1.69797,2.87946
260.40000,0.10108,-1.69536,2.87625
260.45000,0.09152,-1.69274,2.87304
260.50000,0.08196,-1.69007,2.86983
260.55000,0.07241,-1.68738,2.86664
260.60000,0.06287,-1.68465,2.86345
260.65000,0.05334,-1.68190,2.86028
260.70000,0.04381,-1.67912,2.85711
260.75000,0.03429,-1.67631,2.85396
260.80000,0.02479,-1.67346,2.85081
260.85000,0.01529,-1.67059,2.84767
260.90000,0.00580,-1.66768,2.84454
260.95000,-0.00368,-1.66475,2.84141
261.00000,-0.01315,-1.66178,2.83831
261.05000,-0.02261,-1.65879,2.83521
261.10000,-0.03206,-1.65577,2.83212
261.15000,-0.04151,-1.65272,2.82904
261.20000,-0.05094,-1.64963,2.82598
261.25000,-0.06037,-1.64653,2.82293
261.30000,-0.06978,-1.64338,2.81989
261.35000,-0.07919,-1.64022,2.81687
261.40000,-0.08859,-1.63702,2.81385
261.45000,-0.09799,-1.63380,2.81084
261.50000,-0.10742,-1.63054,2.80772
261.55000,-0.11681,-1.62727,2.80473
261.60000,-0.12619,-1.62397,2.80195
261.65000,-0.13556,-1.62064,2.79919
261.70000,-0.14493,-1.61728,2.79623
261.75000,-0.15430,-1.61389,2.79330
261.80000,-0.16366,-1.61047,2.79023
261.85000,-0.17301,-1.60702,2.78726
261.90000,-0.18234,-1.60355,2.78428
261.95000,-0.19166,-1.60006,2.78144
262.00000,-0.20096,-1.59654,2.77869
262.05000,-0.21026,-1.59299,2.77583
262.10000,-0.21955,-1.58942,2.77305
262.15000,-0.22884,-1.58581,2.77012
262.20000,-0.23734,-1.58259,2.75658
262.25000,-0.24334,-1.58014,2.72012
262.30000,-0.24749,-1.57815,2.66685
262.35000,-0.25330,-1.57497,2.61336
262.40000,-0.25952,-1.57110,2.55709
262.45000,-0.26596,-1.56656,2.49914
262.50000,-0.27234,-1.56148,2.43952
262.55000,-0.27867,-1.55579,2.37941
262.60000,-0.28471,-1.54966,2.31830
262.65000,-0.29051,-1.54301,2.25710
262.70000,-0.29591,-1.53598,2.19542
262.75000,-0.30097,-1.52849,2.13388
262.80000,-0.30562,-1.52059,2.07254
262.85000,-0.30981,-1.51236,2.01122
262.90000,-0.31346,-1.50395,1.94952
262.95000,-0.31674,-1.49491,1.88937
263.00000,-0.31938,-1.48601,1.82793
263.05000,-0.32137,-1.47739,1.78057
263.10000,-0.32264,-1.47065,1.75183
263.15000,-0.32316,-1.46705,1.73883
263.20000,-0.32324,-1.46620,1.74115
263.25000,-0.32328,-1.46595,1.74738
263.30000,-0.32333,-1.46572,1.75381
263.35000,-0.32337,-1.46545,1.76076
263.40000,-0.32343,-1.46514,1.76795
263.45000,-0.32349,-1.46484,1.77546
263.50000,-0.32354,-1.46454,1.78324
263.55000,-0.32361,-1.46422,1.79126
263.60000,-0.32368,-1.46391,1.79965
263.65000,-0.32375,-1.46360,1.80826
263.70000,-0.32383,-1.46327,1.81708
263.75000,-0.32391,-1.46294,1.82613
263.80000,-0.32400,-1.46260,1.83540
263.85000,-0.32410,-1.46226,1.84487
263.90000,-0.32419,-1.46192,1.85454
263.95000,-0.32418,-1.46170,1.85862
264.00000,-0.32421,-1.46150,1.85771
264.05000,-0.32428,-1.46144,1.85258
264.10000,-0.32464,-1.46019,1.82848
264.15000,-0.32559,-1.45730,1.81127
264.20000,-0.32615,-1.45498,1.80942
264.25000,-0.32633,-1.45408,1.81554
264.30000,-0.32641,-1.45375,1.82518
264.35000,-0.32650,-1.45340,1.83496
264.40000,-0.32659,-1.45305,1.84505
264.45000,-0.32670,-1.45268,1.85531
264.50000,-0.32681,-1.45232,1.86574
264.55000,-0.32673,-1.45217,1.86703
264.60000,-0.32686,-1.45190,1.86441
264.65000,-0.32688,-1.45161,1.86435
264.70000,-0.32700,-1.45125,1.86127
264.75000,-0.32713,-1.45084,1.87021
264.80000,-0.32723,-1.45049,1.87997
264.85000,-0.32735,-1.45014,1.88989
264.90000,-0.32734,-1.44993,1.89383
264.95000,-0.32711,-1.44997,1.88726
265.00000,-0.32688,-1.45019,1.87147
265.05000,-0.32696,-1.44993,1.84623
265.10000,-0.32807,-1.44758,1.82303
265.15000,-0.32877,-1.44508,1.81787
265.20000,-0.32895,-1.44422,1.82333
265.25000,-0.32903,-1.44389,1.83225
265.30000,-0.32913,-1.44354,1.84153
265.35000,-0.32923,-1.44319,1.85106
265.40000,-0.32933,-1.44284,1.86076
265.45000,-0.32944,-1.44249,1.87063
265.50000,-0.32946,-1.44236,1.87158
265.55000,-0.32962,-1.44207,1.87030
265.60000,-0.32970,-1.44178,1.86820
265.65000,-0.33003,-1.44088,1.84606
265.70000,-0.33087,-1.43767,1.80896
265.75000,-0.33202,-1.43244,1.76559
265.80000,-0.33303,-1.42636,1.73642
265.85000,-0.33365,-1.42205,1.72614
265.90000,-0.33406,-1.41902,1.72286
265.95000,-0.33427,-1.41704,1.72543
266.00000,-0.33433,-1.41640,1.73553
266.05000,-0.33440,-1.41601,1.74709
266.10000,-0.33446,-1.41563,1.75896
266.15000,-0.33453,-1.41524,1.77106
266.20000,-0.33461,-1.41484,1.78321
266.25000,-0.33468,-1.41446,1.79564
266.30000,-0.33477,-1.41408,1.80838
266.35000,-0.33487,-1.41367,1.82113
266.40000,-0.33488,-1.41359,1.82159
266.45000,-0.33521,-1.41255,1.79994
266.50000,-0.33579,-1.40964,1.78562
266.55000,-0.33598,-1.40815,1.79214
266.60000,-0.33601,-1.40809,1.78767
266.65000,-0.33620,-1.40771,1.77954
266.70000,-0.33630,-1.40740,1.77702
266.75000,-0.33649,-1.40690,1.77412
266.80000,-0.33652,-1.40649,1.77499
266.85000,-0.33659,-1.40597,1.77365
266.90000,-0.33666,-1.40582,1.77395
266.95000,-0.33693,-1.40554,1.76816
267.00000,-0.33692,-1.40528,1.76885
267.05000,-0.33714,-1.40450,1.74875
267.10000,-0.33765,-1.40151,1.73402
267.15000,-0.33807,-1.39879,1.73268
267.20000,-0.33825,-1.39738,1.73850
267.25000,-0.33828,-1.39722,1.74421
267.30000,-0.33845,-1.39636,1.74563
267.35000,-0.33853,-1.39581,1.75643
267.40000,-0.33860,-1.39543,1.76778
267.45000,-0.33867,-1.39505,1.77958
267.50000,-0.33874,-1.39465,1.79143
267.55000,-0.33881,-1.39426,1.80352
267.60000,-0.33890,-1.39387,1.81591
267.65000,-0.33899,-1.39348,1.82851
267.70000,-0.33894,-1.39331,1.83045
267.75000,-0.33930,-1.39237,1.81200
267.80000,-0.34001,-1.38933,1.79919
267.85000,-0.34052,-1.38683,1.80060
267.90000,-0.34063,-1.38625,1.81223
267.95000,-0.34074,-1.38579,1.82513
268.00000,-0.34087,-1.38527,1.83807
268.05000,-0.34082,-1.38539,1.83876
268.10000,-0.34125,-1.38396,1.81639
268.15000,-0.34207,-1.38046,1.78070
268.20000,-0.34300,-1.37553,1.73652
268.25000,-0.34403,-1.36960,1.70044
268.30000,-0.34473,-1.36361,1.68439
268.35000,-0.34512,-1.35921,1.68050
268.40000,-0.34524,-1.35712,1.68918
268.45000,-0.34531,-1.35632,1.70586
268.50000,-0.34534,-1.35571,1.72431
268.55000,-0.34537,-1.35510,1.74279
268.60000,-0.34538,-1.35500,1.74744
268.65000,-0.34548,-1.35489,1.74519
268.70000,-0.34549,-1.35471,1.74635
268.75000,-0.34562,-1.35455,1.74037
268.80000,-0.34589,-1.35400,1.75201
268.85000,-0.34593,-1.35407,1.75553
268.90000,-0.34624,-1.35252,1.73550
268.95000,-0.34681,-1.34868,1.70293
269.00000,-0.34740,-1.34337,1.67990
269.05000,-0.34792,-1.33806,1.67733
269.10000,-0.34811,-1.33499,1.68828
269.15000,-0.34820,-1.33394,1.71123
269.20000,-0.34832,-1.33316,1.73694
269.25000,-0.34846,-1.33232,1.76358
269.30000,-0.34862,-1.33149,1.79027
269.35000,-0.34850,-1.33129,1.80678
269.40000,-0.34855,-1.33095,1.81429
269.45000,-0.34855,-1.33089,1.82408
269.50000,-0.34851,-1.33090,1.81328
269.55000,-0.34929,-1.32783,1.78498
269.60000,-0.35026,-1.32295,1.74525
269.65000,-0.35127,-1.31638,1.70027
269.70000,-0.35209,-1.30863,1.65168
269.75000,-0.35254,-1.30032,1.61545
269.80000,-0.35279,-1.29154,1.60243
269.85000,-0.35288,-1.28332,1.60603
269.90000,-0.35299,-1.27622,1.61874
269.95000,-0.35314,-1.27087,1.64387
270.00000,-0.35328,-1.26719,1.67980
270.05000,-0.35332,-1.26688,1.72442
270.10000,-0.35349,-1.26593,1.77312
270.15000,-0.35357,-1.26559,1.81954
270.20000,-0.35358,-1.26546,1.85658
270.25000,-0.35321,-1.26580,1.86733
270.30000,-0.35354,-1.26502,1.85107
270.35000,-0.35433,-1.26219,1.82385
270.40000,-0.35535,-1.25795,1.78887
270.45000,-0.35664,-1.25178,1.74689
270.50000,-0.35782,-1.24420,1.69802
270.55000,-0.35865,-1.23596,1.64570
270.60000,-0.35907,-1.22731,1.59231
270.65000,-0.35905,-1.21867,1.54883
270.70000,-0.35890,-1.20956,1.53564
270.75000,-0.35873,-1.20029,1.54315
270.80000,-0.35866,-1.19152,1.56474
270.85000,-0.35867,-1.18498,1.60219
270.90000,-0.35875,-1.18133,1.65019
270.95000,-0.35885,-1.18032,1.70552
271.00000,-0.35893,-1.17992,1.75514
271.05000,-0.35908,-1.17949,1.79350
271.10000,-0.35914,-1.17915,1.82378
271.15000,-0.35909,-1.17896,1.84622
271.20000,-0.35892,-1.17889,1.86073
271.25000,-0.35877,-1.17901,1.85744
271.30000,-0.35958,-1.17711,1.83438
271.35000,-0.36127,-1.17071,1.79494
271.40000,-0.36294,-1.16254,1.74964
271.45000,-0.36436,-1.15347,1.70169
271.50000,-0.36540,-1.14369,1.65211
271.55000,-0.36597,-1.13371,1.60325
271.60000,-0.36604,-1.12372,1.55386
271.65000,-0.36583,-1.11400,1.51069
271.70000,-0.36539,-1.10412,1.48263
271.75000,-0.36445,-1.09365,1.48018
271.80000,-0.36365,-1.08372,1.50092
271.85000,-0.36320,-1.07553,1.53235
271.90000,-0.36308,-1.06941,1.57334
271.95000,-0.36312,-1.06541,1.62370
272.00000,-0.36324,-1.06365,1.68355
272.05000,-0.36339,-1.06263,1.74662
272.10000,-0.36361,-1.06160,1.80961
272.15000,-0.36387,-1.06060,1.86263
272.20000,-0.36424,-1.05953,1.89607
272.25000,-0.36464,-1.05856,1.89462
272.30000,-0.36581,-1.05521,1.86798
272.35000,-0.36756,-1.04914,1.83355
272.40000,-0.36935,-1.04190,1.79232
272.45000,-0.37105,-1.03343,1.74774
272.50000,-0.37252,-1.02393,1.70110
272.55000,-0.37358,-1.01400,1.65303
272.60000,-0.37416,-1.00402,1.60411
272.65000,-0.37425,-0.99403,1.55522
272.70000,-0.37385,-0.98404,1.50686
272.75000,-0.37319,-0.97488,1.46874
272.80000,-0.37261,-0.96595,1.44108
272.85000,-0.37200,-0.95699,1.41900
272.90000,-0.37107,-0.94775,1.41310
272.95000,-0.37014,-0.93852,1.40919
273.00000,-0.36920,-0.92929,1.40692
273.05000,-0.36827,-0.92006,1.40608
273.10000,-0.36733,-0.91084,1.40870
273.15000,-0.36654,-0.90248,1.41813
273.20000,-0.36621,-0.89732,1.41808
273.25000,-0.36587,-0.89462,1.40631
273.30000,-0.36545,-0.89216,1.40536
273.35000,-0.36515,-0.89020,1.41056
273.40000,-0.36506,-0.88932,1.39331
273.45000,-0.36502,-0.88900,1.37219
273.50000,-0.36498,-0.88872,1.35854
273.55000,-0.36496,-0.88868,1.32242
273.60000,-0.36492,-0.88852,1.26853
273.65000,-0.36488,-0.88840,1.20186
273.70000,-0.36461,-0.88779,1.12826
273.75000,-0.36410,-0.88682,1.05265
273.80000,-0.36356,-0.88595,0.97720
273.85000,-0.36300,-0.88518,0.90199
273.90000,-0.36242,-0.88450,0.82700
273.95000,-0.36184,-0.88391,0.75224
274.00000,-0.36125,-0.88340,0.67770
274.05000,-0.36068,-0.88298,0.60337
274.10000,-0.36012,-0.88262,0.52924
274.15000,-0.35957,-0.88232,0.45540
274.20000,-0.35901,-0.88207,0.38211
274.25000,-0.35843,-0.88186,0.30944
274.30000,-0.35784,-0.88170,0.23741
274.35000,-0.35724,-0.88158,0.16602
274.40000,-0.35664,-0.88150,0.09530
274.45000,-0.35603,-0.88146,0.02525
274.50000,-0.35543,-0.88147,-0.04410
274.55000,-0.35483,-0.88151,-0.11274
274.60000,-0.35423,-0.88160,-0.18067
274.65000,-0.35365,-0.88173,-0.24786
274.70000,-0.35308,-0.88189,-0.31430
274.75000,-0.35253,-0.88209,-0.37999
274.80000,-0.35199,-0.88233,-0.44491
274.85000,-0.35148,-0.88260,-0.50905
274.90000,-0.35098,-0.88289,-0.57240
274.95000,-0.35051,-0.88322,-0.63497
275.00000,-0.35006,-0.88357,-0.69673
275.05000,-0.34964,-0.88394,-0.75768
275.10000,-0.34925,-0.88434,-0.81781
275.15000,-0.34888,-0.88475,-0.87712
275.20000,-0.34854,-0.88519,-0.93560
275.25000,-0.34823,-0.88564,-0.99325
275.30000,-0.34795,-0.88610,-1.05005
275.35000,-0.34770,-0.88657,-1.10601
275.40000,-0.34747,-0.88705,-1.16111
275.45000,-0.34727,-0.88754,-1.21537
275.50000,-0.34711,-0.88803,-1.26877
275.55000,-0.34696,-0.88853,-1.32131
275.60000,-0.34685,-0.88903,-1.37298
275.65000,-0.34676,-0.88953,-1.42380
275.70000,-0.34670,-0.89003,-1.47375
275.75000,-0.34667,-0.89053,-1.52283
275.80000,-0.34665,-0.89102,-1.57105
275.85000,-0.34678,-0.89376,-1.61770
275.90000,-0.34728,-0.90083,-1.66032
275.95000,-0.34822,-0.90911,-1.70590
276.00000,-0.34964,-0.91791,-1.75446
276.05000,-0.35121,-0.92655,-1.79388
276.10000,-0.35262,-0.93498,-1.81987
276.15000,-0.35411,-0.94320,-1.83447
276.20000,-0.35668,-0.95253,-1.83038
276.25000,-0.35922,-0.96226,-1.82362
276.30000,-0.36169,-0.97193,-1.81813
276.35000,-0.36410,-0.98164,-1.81057
276.40000,-0.36641,-0.99124,-1.80255
276.45000,-0.36866,-1.00096,-1.79376
276.50000,-0.37077,-1.01048,-1.78369
276.55000,-0.37278,-1.02001,-1.77337
276.60000,-0.37468,-1.02955,-1.76255
276.65000,-0.37647,-1.03908,-1.75040
276.70000,-0.37815,-1.04866,-1.73754
276.75000,-0.37975,-1.05852,-1.72551
276.80000,-0.38122,-1.06840,-1.71305
276.85000,-0.38257,-1.07829,-1.70041
276.90000,-0.38380,-1.08826,-1.68656
276.95000,-0.38487,-1.09819,-1.67191
277.00000,-0.38581,-1.10826,-1.65685
277.05000,-0.38659,-1.11841,-1.63940
277.10000,-0.38718,-1.12843,-1.62145
277.15000,-0.38760,-1.13855,-1.60308
277.20000,-0.38783,-1.14855,-1.58264
277.25000,-0.38784,-1.15858,-1.56138
277.30000,-0.38764,-1.16860,-1.53916
277.35000,-0.38721,-1.17867,-1.51732
277.40000,-0.38656,-1.18902,-1.49480
277.45000,-0.38587,-1.19894,-1.48118
277.50000,-0.38529,-1.20871,-1.48606
277.55000,-0.38492,-1.21794,-1.50914
277.60000,-0.38479,-1.22513,-1.55027
277.65000,-0.38477,-1.23035,-1.60086
277.70000,-0.38484,-1.23342,-1.66011
277.75000,-0.38489,-1.23478,-1.71710
277.80000,-0.38521,-1.23632,-1.75361
277.85000,-0.38611,-1.23915,-1.76482
277.90000,-0.38764,-1.24559,-1.75623
277.95000,-0.38936,-1.25530,-1.73525
278.00000,-0.39096,-1.26577,-1.71119
278.05000,-0.39227,-1.27608,-1.68644
278.10000,-0.39331,-1.28616,-1.66068
278.15000,-0.39403,-1.29550,-1.63533
278.20000,-0.39451,-1.30484,-1.60939
278.25000,-0.39475,-1.31419,-1.58355
278.30000,-0.39475,-1.32355,-1.55816
278.35000,-0.39451,-1.33288,-1.53132
278.40000,-0.39402,-1.34220,-1.50474
278.45000,-0.39328,-1.35150,-1.47795
278.50000,-0.39228,-1.36076,-1.45032
278.55000,-0.39108,-1.37008,-1.42924
278.60000,-0.38972,-1.37951,-1.42374
278.65000,-0.38844,-1.38881,-1.44003
278.70000,-0.38739,-1.39774,-1.47260
278.75000,-0.38685,-1.40466,-1.51548
278.80000,-0.38670,-1.40925,-1.56804
278.85000,-0.38672,-1.41143,-1.63016
278.90000,-0.38675,-1.41213,-1.68860
278.95000,-0.38698,-1.41297,-1.73057
279.00000,-0.38732,-1.41392,-1.76200
279.05000,-0.38773,-1.41490,-1.78424
279.10000,-0.38822,-1.41595,-1.79770
279.15000,-0.38885,-1.41734,-1.80371
279.20000,-0.38971,-1.41977,-1.80456
279.25000,-0.39070,-1.42329,-1.79982
279.30000,-0.39185,-1.42808,-1.78945
279.35000,-0.39322,-1.43442,-1.77195
279.40000,-0.39489,-1.44279,-1.74640
279.45000,-0.39649,-1.45260,-1.71442
279.50000,-0.39777,-1.46254,-1.68219
279.55000,-0.39872,-1.47249,-1.64984
279.60000,-0.39935,-1.48247,-1.61744
279.65000,-0.39965,-1.49247,-1.58458
279.70000,-0.39963,-1.50246,-1.55243
279.75000,-0.39928,-1.51246,-1.51943
279.80000,-0.39860,-1.52243,-1.48665
279.85000,-0.39759,-1.53238,-1.45273
279.90000,-0.39650,-1.54221,-1.42455
279.95000,-0.39552,-1.55193,-1.40341
280.00000,-0.39458,-1.56159,-1.38333
280.05000,-0.39368,-1.57122,-1.36458
280.10000,-0.39277,-1.58085,-1.34661
280.15000,-0.39187,-1.59047,-1.32929
280.20000,-0.39097,-1.60009,-1.31309
280.25000,-0.39014,-1.60961,-1.30565
280.30000,-0.38931,-1.61913,-1.30003
280.35000,-0.38848,-1.62865,-1.29795
280.40000,-0.38768,-1.63808,-1.31572
280.45000,-0.38689,-1.64696,-1.35373
280.50000,-0.38621,-1.65329,-1.40490
280.55000,-0.38574,-1.65682,-1.46777
280.60000,-0.38567,-1.65773,-1.54101
280.65000,-0.38567,-1.65792,-1.61679
280.70000,-0.38570,-1.65812,-1.68332
280.75000,-0.38587,-1.65842,-1.73213
280.80000,-0.38645,-1.65930,-1.75442
280.85000,-0.38747,-1.66275,-1.75674
280.90000,-0.38862,-1.66838,-1.74749
280.95000,-0.38977,-1.67498,-1.73252
281.00000,-0.39099,-1.68277,-1.71189
281.05000,-0.39221,-1.69203,-1.68484
281.10000,-0.39320,-1.70210,-1.65806
281.15000,-0.39394,-1.71207,-1.63211
281.20000,-0.39441,-1.72203,-1.60638
281.25000,-0.39463,-1.73176,-1.57877
281.30000,-0.39456,-1.74112,-1.54940
281.35000,-0.39421,-1.75085,-1.52056
281.40000,-0.39358,-1.76080,-1.49366
281.45000,-0.39267,-1.77074,-1.46509
281.50000,-0.39159,-1.78021,-1.44767
281.55000,-0.39060,-1.78957,-1.45282
281.60000,-0.38987,-1.79775,-1.47899
281.65000,-0.38944,-1.80420,-1.52217
281.70000,-0.38933,-1.80866,-1.57528
281.75000,-0.38935,-1.81077,-1.63779
281.80000,-0.38939,-1.81140,-1.69640
281.85000,-0.38966,-1.81220,-1.72913
281.90000,-0.39022,-1.81383,-1.73409
281.95000,-0.39079,-1.81693,-1.73168
282.00000,-0.39145,-1.82098,-1.72421
282.05000,-0.39221,-1.82599,-1.71145
282.10000,-0.39305,-1.83235,-1.69105
282.15000,-0.39394,-1.84076,-1.66027
282.20000,-0.39460,-1.84987,-1.62573
282.25000,-0.39494,-1.85901,-1.59162
282.30000,-0.39497,-1.86814,-1.55685
282.35000,-0.39469,-1.87727,-1.52206
282.40000,-0.39408,-1.88634,-1.48579
282.45000,-0.39315,-1.89543,-1.45174
282.50000,-0.39199,-1.90458,-1.42534
282.55000,-0.39092,-1.91360,-1.41788
282.60000,-0.39002,-1.92241,-1.42552
282.65000,-0.38923,-1.93109,-1.44628
282.70000,-0.38845,-1.93912,-1.48269
282.75000,-0.38806,-1.94488,-1.52948
282.80000,-0.38800,-1.94823,-1.58617
282.85000,-0.38802,-1.94914,-1.65248
282.90000,-0.38806,-1.94934,-1.71154
282.95000,-0.38811,-1.94953,-1.75449
283.00000,-0.38833,-1.94985,-1.78350
283.05000,-0.38874,-1.95034,-1.80048
283.10000,-0.38926,-1.95091,-1.80954
283.15000,-0.38995,-1.95188,-1.81175
283.20000,-0.39077,-1.95336,-1.81093
283.25000,-0.39164,-1.95493,-1.80914
283.30000,-0.39286,-1.95792,-1.80100
283.35000,-0.39451,-1.96261,-1.78497
283.40000,-0.39643,-1.96903,-1.76147
283.45000,-0.39826,-1.97794,-1.72816
283.50000,-0.39965,-1.98783,-1.69015
283.55000,-0.40065,-1.99778,-1.65267
283.60000,-0.40128,-2.00776,-1.61562
283.65000,-0.40154,-2.01775,-1.57820
283.70000,-0.40143,-2.02775,-1.54034
283.75000,-0.40094,-2.03774,-1.50274
283.80000,-0.40007,-2.04770,-1.46520
283.85000,-0.39883,-2.05762,-1.42691
283.90000,-0.39750,-2.06740,-1.39388
283.95000,-0.39642,-2.07692,-1.37060
284.00000,-0.39580,-2.08592,-1.36733
284.05000,-0.39540,-2.09469,-1.37412
284.10000,-0.39503,-2.10338,-1.39482
284.15000,-0.39468,-2.11086,-1.43078
284.20000,-0.39438,-2.11578,-1.47777
284.25000,-0.39422,-2.11816,-1.53519
284.30000,-0.39422,-2.11855,-1.60057
284.35000,-0.39425,-2.11877,-1.65818
284.40000,-0.39442,-2.11911,-1.70551
284.45000,-0.39467,-2.11951,-1.74386
284.50000,-0.39497,-2.11994,-1.77290
284.55000,-0.39532,-2.12040,-1.79279
284.60000,-0.39578,-2.12094,-1.80403
284.65000,-0.39652,-2.12181,-1.80297
284.70000,-0.39760,-2.12406,-1.79322
284.75000,-0.39890,-2.12797,-1.77619
284.80000,-0.40048,-2.13370,-1.75132
284.85000,-0.40222,-2.14156,-1.71752
284.90000,-0.40349,-2.15159,-1.67534
284.95000,-0.40432,-2.16151,-1.63399
285.00000,-0.40475,-2.17151,-1.59250
285.05000,-0.40476,-2.18151,-1.55098
285.10000,-0.40435,-2.19149,-1.50904
285.15000,-0.40352,-2.20146,-1.46692
285.20000,-0.40228,-2.21139,-1.42589
285.25000,-0.40089,-2.22128,-1.39166
285.30000,-0.39959,-2.23104,-1.37100
285.35000,-0.39833,-2.24073,-1.36623
285.40000,-0.39706,-2.25030,-1.37156
285.45000,-0.39640,-2.25504,-1.41431
285.50000,-0.39632,-2.25568,-1.47482
285.55000,-0.39631,-2.25589,-1.53731
285.60000,-0.39631,-2.25610,-1.59958
285.65000,-0.39633,-2.25631,-1.65295
285.70000,-0.39651,-2.25664,-1.68547
285.75000,-0.39692,-2.25752,-1.68499
285.80000,-0.39751,-2.26215,-1.66557
285.85000,-0.39805,-2.26847,-1.63436
285.90000,-0.39841,-2.27632,-1.59615
285.95000,-0.39846,-2.28534,-1.55420
286.00000,-0.39812,-2.29425,-1.51085
286.05000,-0.39739,-2.30314,-1.46778
286.10000,-0.39628,-2.31197,-1.42384
286.15000,-0.39478,-2.32074,-1.37971
286.20000,-0.39308,-2.32947,-1.34168
286.25000,-0.39128,-2.33827,-1.32051
286.30000,-0.38953,-2.34696,-1.32491
286.35000,-0.38758,-2.35581,-1.33858
286.40000,-0.38556,-2.36472,-1.36258
286.45000,-0.38413,-2.37206,-1.39906
286.50000,-0.38338,-2.37700,-1.44602
286.55000,-0.38313,-2.37945,-1.50333
286.60000,-0.38312,-2.37984,-1.56888
286.65000,-0.38312,-2.38006,-1.63502
286.70000,-0.38315,-2.38026,-1.69193
286.75000,-0.38326,-2.38051,-1.72984
286.80000,-0.38381,-2.38192,-1.73172
286.85000,-0.38451,-2.38514,-1.71976
286.90000,-0.38517,-2.38949,-1.70215
286.95000,-0.38586,-2.39501,-1.67845
287.00000,-0.38656,-2.40193,-1.64697
287.05000,-0.38711,-2.41043,-1.60783
287.10000,-0.38728,-2.42066,-1.56726
287.15000,-0.38707,-2.42989,-1.52681
287.20000,-0.38649,-2.43885,-1.48605
287.25000,-0.38570,-2.44782,-1.45124
287.30000,-0.38485,-2.45683,-1.43226
287.35000,-0.38412,-2.46566,-1.43652
287.40000,-0.38345,-2.47437,-1.46003
287.45000,-0.38281,-2.48185,-1.49702
287.50000,-0.38254,-2.48701,-1.54392
287.55000,-0.38252,-2.48977,-1.60057
287.60000,-0.38255,-2.49083,-1.65431
287.65000,-0.38257,-2.49185,-1.69513
287.70000,-0.38278,-2.49301,-1.71946
287.75000,-0.38334,-2.49447,-1.72110
287.80000,-0.38396,-2.49642,-1.71574
287.85000,-0.38470,-2.49985,-1.70450
287.90000,-0.38564,-2.50494,-1.68604
287.95000,-0.38675,-2.51186,-1.66007
288.00000,-0.38746,-2.52160,-1.62311
288.05000,-0.38779,-2.53159,-1.58481
288.10000,-0.38774,-2.54159,-1.54683
288.15000,-0.38731,-2.55157,-1.51020
288.20000,-0.38652,-2.56154,-1.47220
288.25000,-0.38554,-2.57150,-1.44379
288.30000,-0.38473,-2.58131,-1.43741
288.35000,-0.38416,-2.59084,-1.44271
288.40000,-0.38373,-2.60022,-1.45512
288.45000,-0.38341,-2.60946,-1.47728
288.50000,-0.38309,-2.61736,-1.51249
288.55000,-0.38288,-2.62290,-1.55775
288.60000,-0.38288,-2.62610,-1.61262
288.65000,-0.38292,-2.62693,-1.67695
288.70000,-0.38296,-2.62715,-1.73366
288.75000,-0.38307,-2.62740,-1.77619
288.80000,-0.38327,-2.62772,-1.80998
288.85000,-0.38354,-2.62808,-1.83469
288.90000,-0.38388,-2.62851,-1.85038
288.95000,-0.38443,-2.62911,-1.85471
289.00000,-0.38523,-2.63011,-1.85046
289.05000,-0.38666,-2.63351,-1.83501
289.10000,-0.38869,-2.64000,-1.80697
289.15000,-0.39094,-2.64878,-1.76928
289.20000,-0.39273,-2.65879,-1.72717
289.25000,-0.39408,-2.66870,-1.68586
289.30000,-0.39502,-2.67866,-1.64493
289.35000,-0.39556,-2.68864,-1.60407
289.40000,-0.39569,-2.69864,-1.56289
289.45000,-0.39540,-2.70863,-1.52155
289.50000,-0.39470,-2.71861,-1.47991
289.55000,-0.39391,-2.72844,-1.44378
289.60000,-0.39333,-2.73804,-1.41598
289.65000,-0.39323,-2.74711,-1.40852
289.70000,-0.39343,-2.75586,-1.41449
289.75000,-0.39364,-2.76455,-1.43461
289.80000,-0.39385,-2.77215,-1.46962
289.85000,-0.39408,-2.77732,-1.51513
289.90000,-0.39409,-2.78007,-1.56037
289.95000,-0.39410,-2.78327,-1.57941
290.00000,-0.39423,-2.78674,-1.58889
290.05000,-0.39451,-2.79037,-1.59143
290.10000,-0.39473,-2.79448,-1.58255
290.15000,-0.39475,-2.80049,-1.55906
290.20000,-0.39448,-2.80952,-1.52387
290.25000,-0.39381,-2.81948,-1.48405
290.30000,-0.39274,-2.82942,-1.44394
290.35000,-0.39128,-2.83931,-1.40390
290.40000,-0.38971,-2.84907,-1.37021
290.45000,-0.38808,-2.85885,-1.35341
290.50000,-0.38650,-2.86854,-1.35224
290.55000,-0.38505,-2.87804,-1.36487
290.60000,-0.38432,-2.88331,-1.41048
290.65000,-0.38417,-2.88443,-1.47397
290.70000,-0.38416,-2.88465,-1.54125
290.75000,-0.38416,-2.88486,-1.60830
290.80000,-0.38417,-2.88508,-1.67501
290.85000,-0.38422,-2.88529,-1.73226
290.90000,-0.38452,-2.88572,-1.76707
290.95000,-0.38501,-2.88630,-1.78429
291.00000,-0.38546,-2.88681,-1.79121
291.05000,-0.38593,-2.88770,-1.78809
291.10000,-0.38641,-2.88982,-1.77744
291.15000,-0.38709,-2.89317,-1.76050
291.20000,-0.38800,-2.89818,-1.73453
291.25000,-0.38902,-2.90483,-1.70040
291.30000,-0.39002,-2.91334,-1.65840
291.35000,-0.39066,-2.92270,-1.61600
291.40000,-0.39086,-2.93162,-1.57192
291.45000,-0.39068,-2.94051,-1.52773
291.50000,-0.39010,-2.94938,-1.48312
291.55000,-0.38912,-2.95821,-1.43870
291.60000,-0.38775,-2.96700,-1.39438
291.65000,-0.38619,-2.97575,-1.35612
291.70000,-0.38457,-2.98453,-1.33329
291.75000,-0.38294,-2.99319,-1.34179
291.80000,-0.38175,-2.99957,-1.37758
291.85000,-0.38139,-3.00167,-1.43552
291.90000,-0.38134,-3.00214,-1.50049
291.95000,-0.38133,-3.00235,-1.56636
292.00000,-0.38134,-3.00257,-1.63197
292.05000,-0.38136,-3.00278,-1.69728
292.10000,-0.38140,-3.00299,-1.75286
292.15000,-0.38157,-3.00328,-1.78652
292.20000,-0.38212,-3.00461,-1.78453
292.25000,-0.38275,-3.00727,-1.77202
292.30000,-0.38350,-3.01102,-1.75368
292.35000,-0.38439,-3.01609,-1.72885
292.40000,-0.38537,-3.02272,-1.69574
292.45000,-0.38633,-3.03115,-1.65449
292.50000,-0.38689,-3.04006,-1.61092
292.55000,-0.38705,-3.04897,-1.56716
292.60000,-0.38682,-3.05787,-1.52359
292.65000,-0.38621,-3.06678,-1.48072
292.70000,-0.38522,-3.07564,-1.43728
292.75000,-0.38402,-3.08448,-1.39987
292.80000,-0.38272,-3.09339,-1.37492
292.85000,-0.38143,-3.10224,-1.36950
292.90000,-0.38033,-3.11085,-1.38485
292.95000,-0.37959,-3.11735,-1.42564
293.00000,-0.37945,-3.11875,-1.48822
293.05000,-0.37944,-3.11898,-1.55575
293.10000,-0.37944,-3.11920,-1.62314
293.15000,-0.37946,-3.11941,-1.69020
293.20000,-0.37951,-3.11963,-1.74695
293.25000,-0.37956,-3.11982,-1.78921
293.30000,-0.37976,-3.12012,-1.81578
293.35000,-0.38018,-3.12060,-1.82491
293.40000,-0.38060,-3.12110,-1.82532
293.45000,-0.38112,-3.12246,-1.81920
293.50000,-0.38186,-3.12534,-1.80628
293.55000,-0.38297,-3.13011,-1.78573
293.60000,-0.38440,-3.13678,-1.75718
293.65000,-0.38609,-3.14561,-1.72009
293.70000,-0.38744,-3.15601,-1.67603
293.75000,-0.38828,-3.16610,-1.63402
293.80000,-0.38870,-3.17609,-1.59246
293.85000,-0.38871,-3.18609,-1.55095
293.90000,-0.38831,-3.19608,-1.51008
293.95000,-0.38750,-3.20605,-1.46847
294.00000,-0.38661,-3.21586,-1.43091
294.05000,-0.38609,-3.22526,-1.40957
294.10000,-0.38601,-3.23418,-1.40693
294.15000,-0.38614,-3.24287,-1.41398
294.20000,-0.38644,-3.25138,-1.42871
294.25000,-0.38687,-3.25973,-1.45238
294.30000,-0.38731,-3.26716,-1.49009
294.35000,-0.38758,-3.27219,-1.53832
294.40000,-0.38761,-3.27477,-1.59655
294.45000,-0.38764,-3.27572,-1.65190
294.50000,-0.38778,-3.27676,-1.69556
294.55000,-0.38803,-3.27788,-1.73050
294.60000,-0.38835,-3.27905,-1.75626
294.65000,-0.38876,-3.28029,-1.77294
294.70000,-0.38946,-3.28179,-1.77545
294.75000,-0.39067,-3.28447,-1.76399
294.80000,-0.39256,-3.28997,-1.73992
294.85000,-0.39425,-3.29801,-1.70514
294.90000,-0.39538,-3.30786,-1.66372
294.95000,-0.39610,-3.31784,-1.62214
295.00000,-0.39640,-3.32783,-1.58034
295.05000,-0.39629,-3.33783,-1.53874
295.10000,-0.39576,-3.34782,-1.49750
295.15000,-0.39482,-3.35776,-1.45487
295.20000,-0.39345,-3.36766,-1.41276
295.25000,-0.39167,-3.37750,-1.36988
295.30000,-0.38979,-3.38717,-1.33355
295.35000,-0.38805,-3.39668,-1.30542
295.40000,-0.38634,-3.40615,-1.28635
295.45000,-0.38481,-3.41540,-1.27691
295.50000,-0.38339,-3.42454,-1.27270
295.55000,-0.38202,-3.43361,-1.27241
295.60000,-0.38064,-3.44266,-1.28393
295.65000,-0.37922,-3.45155,-1.31458
295.70000,-0.37791,-3.45839,-1.35913
295.75000,-0.37710,-3.46266,-1.41489
295.80000,-0.37687,-3.46439,-1.48115
295.85000,-0.37686,-3.46461,-1.55339
295.90000,-0.37686,-3.46482,-1.62540
295.95000,-0.37692,-3.46506,-1.68766
296.00000,-0.37738,-3.46565,-1.72449
296.05000,-0.37826,-3.46665,-1.73557
296.10000,-0.37930,-3.46845,-1.73278
296.15000,-0.38056,-3.47192,-1.72232
296.20000,-0.38202,-3.47863,-1.69887
296.25000,-0.38310,-3.48818,-1.66496
296.30000,-0.38382,-3.49752,-1.62711
296.35000,-0.38416,-3.50656,-1.58885
296.40000,-0.38415,-3.51559,-1.55034
296.45000,-0.38379,-3.52464,-1.51235
296.50000,-0.38323,-3.53370,-1.48006
296.55000,-0.38261,-3.54205,-1.45579
296.60000,-0.38164,-3.54938,-1.42799
296.65000,-0.38049,-3.55798,-1.40400
296.70000,-0.37931,-3.56658,-1.39701
296.75000,-0.37828,-3.57494,-1.41487
296.80000,-0.37734,-3.58231,-1.45206
296.85000,-0.37677,-3.58817,-1.50125
296.90000,-0.37661,-3.59175,-1.55992
296.95000,-0.37662,-3.59298,-1.62797
297.00000,-0.37664,-3.59319,-1.69990
297.05000,-0.37669,-3.59340,-1.76213
297.10000,-0.37709,-3.59391,-1.79997
297.15000,-0.37813,-3.59511,-1.80639
297.20000,-0.37953,-3.59839,-1.79709
297.25000,-0.38108,-3.60480,-1.77253
297.30000,-0.38264,-3.61255,-1.73977
297.35000,-0.38399,-3.62148,-1.70199
297.40000,-0.38500,-3.63047,-1.66420
297.45000,-0.38568,-3.63949,-1.62596
297.50000,-0.38600,-3.64852,-1.58739
297.55000,-0.38598,-3.65758,-1.54982
297.60000,-0.38561,-3.66658,-1.51040
297.65000,-0.38489,-3.67558,-1.47174
297.70000,-0.38383,-3.68454,-1.43257
297.75000,-0.38256,-3.69350,-1.39946
297.80000,-0.38121,-3.70251,-1.38207
297.85000,-0.38001,-3.71130,-1.39057
297.90000,-0.37880,-3.72003,-1.41795
297.95000,-0.37779,-3.72754,-1.46023
298.00000,-0.37735,-3.73263,-1.51319
298.05000,-0.37727,-3.73514,-1.57664
298.10000,-0.37728,-3.73554,-1.64842
298.15000,-0.37730,-3.73575,-1.72074
298.20000,-0.37736,-3.73595,-1.78235
298.25000,-0.37744,-3.73616,-1.82799
298.30000,-0.37757,-3.73639,-1.86470
298.35000,-0.37773,-3.73662,-1.89253
298.40000,-0.37793,-3.73688,-1.91175
298.45000,-0.37815,-3.73712,-1.92206
298.50000,-0.37836,-3.73747,-1.92327
298.55000,-0.37887,-3.73882,-1.91769
298.60000,-0.37985,-3.74155,-1.90576
298.65000,-0.38132,-3.74583,-1.88712
298.70000,-0.38326,-3.75198,-1.86036
298.75000,-0.38567,-3.76044,-1.82416
298.80000,-0.38797,-3.77016,-1.78326
298.85000,-0.38988,-3.77998,-1.74261
298.90000,-0.39139,-3.78986,-1.70173
298.95000,-0.39249,-3.79980,-1.66116
299.00000,-0.39319,-3.80977,-1.62010
299.05000,-0.39348,-3.81977,-1.57904
299.10000,-0.39336,-3.82977,-1.53856
299.15000,-0.39283,-3.83975,-1.49710
299.20000,-0.39193,-3.84913,-1.45072
299.25000,-0.39120,-3.85684,-1.40416
299.30000,-0.39085,-3.86407,-1.37432
299.35000,-0.39110,-3.87063,-1.37109
299.40000,-0.39155,-3.87696,-1.37805
299.45000,-0.39204,-3.88311,-1.39334
299.50000,-0.39220,-3.88892,-1.41898
299.55000,-0.39203,-3.89448,-1.45583
299.60000,-0.39158,-3.90044,-1.50379
299.65000,-0.39128,-3.90805,-1.55873
299.70000,-0.39141,-3.91623,-1.61541
299.75000,-0.39197,-3.92378,-1.67703
299.80000,-0.39264,-3.93085,-1.73261
299.85000,-0.39347,-3.93805,-1.77156
299.90000,-0.39466,-3.94555,-1.78725
299.95000,-0.39616,-3.95332,-1.78666
300.00000,-0.39800,-3.96140,-1.77310
300.05000,-0.39999,-3.96963,-1.75708
300.10000,-0.40211,-3.97797,-1.74069
300.15000,-0.40435,-3.98645,-1.72327
300.20000,-0.40634,-3.99526,-1.69643
300.25000,-0.40704,-4.00236,-1.64340
300.30000,-0.40731,-4.00856,-1.58194
300.35000,-0.40718,-4.01442,-1.51566
300.40000,-0.40666,-4.02017,-1.44651
300.45000,-0.40603,-4.02590,-1.38613
300.50000,-0.40564,-4.03135,-1.34050
300.55000,-0.40597,-4.03600,-1.32548
300.60000,-0.40669,-4.04022,-1.32849
300.65000,-0.40741,-4.04422,-1.33968
300.70000,-0.40767,-4.04780,-1.36078
300.75000,-0.40753,-4.05107,-1.39241
300.80000,-0.40705,-4.05433,-1.43458
300.85000,-0.40618,-4.06055,-1.48360
300.90000,-0.40570,-4.06850,-1.53765
300.95000,-0.40566,-4.07671,-1.59450
301.00000,-0.40609,-4.08479,-1.65438
301.05000,-0.40700,-4.09267,-1.71672
301.10000,-0.40827,-4.09971,-1.78329
301.15000,-0.40975,-4.10559,-1.85496
301.20000,-0.41130,-4.11112,-1.91882
301.25000,-0.41311,-4.11686,-1.96079
301.30000,-0.41558,-4.12316,-1.96644
301.35000,-0.41825,-4.12962,-1.95410
301.40000,-0.42048,-4.13552,-1.91921
301.45000,-0.42263,-4.14127,-1.87458
301.50000,-0.42448,-4.14771,-1.82270
301.55000,-0.42605,-4.15463,-1.76648
301.60000,-0.42728,-4.16197,-1.70748
301.65000,-0.42809,-4.16958,-1.64642
301.70000,-0.42842,-4.17715,-1.58306
301.75000,-0.42840,-4.18464,-1.52618
301.80000,-0.42829,-4.19214,-1.48044
301.85000,-0.42816,-4.19963,-1.45038
301.90000,-0.42801,-4.20712,-1.43147
301.95000,-0.42783,-4.21459,-1.42981
302.00000,-0.42769,-4.22179,-1.45597
302.05000,-0.42729,-4.22798,-1.50481
302.10000,-0.42708,-4.23384,-1.56218
302.15000,-0.42722,-4.24029,-1.62247
302.20000,-0.42777,-4.24688,-1.68576
302.25000,-0.42876,-4.25357,-1.75104
302.30000,-0.43020,-4.26020,-1.81807
302.35000,-0.43205,-4.26657,-1.88693
302.40000,-0.43427,-4.27265,-1.95732
302.45000,-0.43684,-4.27835,-2.02919
302.50000,-0.43972,-4.28369,-2.10222
302.55000,-0.44269,-4.28880,-2.16404
302.60000,-0.44579,-4.29399,-2.20834
302.65000,-0.44977,-4.29995,-2.21511
302.70000,-0.45386,-4.30566,-2.19491
302.75000,-0.45771,-4.31118,-2.15912
302.80000,-0.46165,-4.31737,-2.11517
302.85000,-0.46572,-4.32443,-2.06713
302.90000,-0.46961,-4.33205,-2.01601
302.95000,-0.47316,-4.34005,-1.96166
303.00000,-0.47629,-4.34829,-1.90483
303.05000,-0.47891,-4.35664,-1.84586
303.10000,-0.48102,-4.36509,-1.78534
303.15000,-0.48259,-4.37351,-1.72334
303.20000,-0.48361,-4.38191,-1.66021
303.25000,-0.48408,-4.39020,-1.59602
303.30000,-0.48402,-4.39833,-1.53076
303.35000,-0.48344,-4.40624,-1.46453
303.40000,-0.48236,-4.41390,-1.39734
303.45000,-0.48080,-4.42131,-1.32943
303.50000,-0.47876,-4.42852,-1.26106
303.55000,-0.47628,-4.43545,-1.19213
303.60000,-0.47338,-4.44206,-1.12255
303.65000,-0.47003,-4.44844,-1.05292
303.70000,-0.46624,-4.45459,-0.98328
303.75000,-0.46203,-4.46045,-0.91359
303.80000,-0.45745,-4.46597,-0.84374
303.85000,-0.45250,-4.47117,-0.77389
303.90000,-0.44719,-4.47600,-0.70399
303.95000,-0.44160,-4.48041,-0.63391
304.00000,-0.43583,-4.48435,-0.56333
304.05000,-0.42989,-4.48781,-0.49227
304.10000,-0.42382,-4.49079,-0.42078
304.15000,-0.41768,-4.49328,-0.34878
304.20000,-0.41152,-4.49527,-0.27620
304.25000,-0.40534,-4.49678,-0.20317
304.30000,-0.39906,-4.49784,-0.13014
304.35000,-0.39261,-4.49844,-0.05749
304.40000,-0.38603,-4.49858,0.01475
304.45000,-0.37933,-4.49824,0.08655
304.50000,-0.37257,-4.49741,0.15791
304.55000,-0.36576,-4.49608,0.22882
304.60000,-0.35896,-4.49423,0.29929
304.65000,-0.35217,-4.49188,0.36926
304.70000,-0.34546,-4.48901,0.43874
304.75000,-0.33888,-4.48563,0.50785
304.80000,-0.33247,-4.48178,0.57665
304.85000,-0.32632,-4.47746,0.64527
304.90000,-0.32046,-4.47273,0.71384
304.95000,-0.31494,-4.46761,0.78237
305.00000,-0.30978,-4.46211,0.85089
305.05000,-0.30501,-4.45629,0.91944
305.10000,-0.30066,-4.45014,0.98797
305.15000,-0.29672,-4.44371,1.05646
305.20000,-0.29323,-4.43700,1.12484
305.25000,-0.29078,-4.43120,1.19186
305.30000,-0.29060,-4.43066,1.25561
305.35000,-0.29055,-4.43049,1.31844
305.40000,-0.29051,-4.43031,1.38016
305.45000,-0.29048,-4.43012,1.44076
305.50000,-0.29046,-4.42994,1.50025
305.55000,-0.29045,-4.42976,1.55862
305.60000,-0.29045,-4.42958,1.61586
305.65000,-0.29047,-4.42939,1.67199
305.70000,-0.29099,-4.42716,1.72593
305.75000,-0.29231,-4.42007,1.77189
305.80000,-0.29424,-4.41166,1.81929
305.85000,-0.29677,-4.40262,1.86873
305.90000,-0.29993,-4.39320,1.91933
305.95000,-0.30358,-4.38390,1.96916
306.00000,-0.30768,-4.37478,2.01790
306.05000,-0.31220,-4.36587,2.06557
306.10000,-0.31715,-4.35718,2.11211
306.15000,-0.32216,-4.34878,2.15068
306.20000,-0.32696,-4.34062,2.17397
306.25000,-0.33164,-4.33262,2.18439
306.30000,-0.33685,-4.32469,2.18324
306.35000,-0.34251,-4.31658,2.17679
306.40000,-0.34805,-4.30848,2.16930
306.45000,-0.35356,-4.30033,2.16105
306.50000,-0.35897,-4.29217,2.15210
306.55000,-0.36429,-4.28399,2.14230
306.60000,-0.36951,-4.27578,2.13153
306.65000,-0.37462,-4.26752,2.11996
306.70000,-0.37962,-4.25923,2.10761
306.75000,-0.38450,-4.25090,2.09418
306.80000,-0.38927,-4.24249,2.08000
306.85000,-0.39392,-4.23403,2.06576
306.90000,-0.39844,-4.22551,2.05074
306.95000,-0.40280,-4.21696,2.03440
307.00000,-0.40702,-4.20834,2.01773
307.05000,-0.41108,-4.19967,2.00033
307.10000,-0.41499,-4.19093,1.98253
307.15000,-0.41873,-4.18215,1.96402
307.20000,-0.42231,-4.17330,1.94538
307.25000,-0.42570,-4.16441,1.92586
307.30000,-0.42891,-4.15547,1.90550
307.35000,-0.43194,-4.14649,1.88454
307.40000,-0.43477,-4.13745,1.86311
307.45000,-0.43739,-4.12838,1.84111
307.50000,-0.43980,-4.11927,1.81829
307.55000,-0.44200,-4.11012,1.79526
307.60000,-0.44398,-4.10092,1.77116
307.65000,-0.44574,-4.09169,1.74660
307.70000,-0.44727,-4.08243,1.72158
307.75000,-0.44856,-4.07315,1.69606
307.80000,-0.44960,-4.06385,1.67013
307.85000,-0.45041,-4.05454,1.64381
307.90000,-0.45096,-4.04523,1.61655
307.95000,-0.45126,-4.03593,1.58891
308.00000,-0.45130,-4.02663,1.56156
308.05000,-0.45108,-4.01733,1.53336
308.10000,-0.45060,-4.00807,1.50493
308.15000,-0.44986,-3.99882,1.47630
308.20000,-0.44885,-3.98961,1.44726
308.25000,-0.44757,-3.98044,1.41795
308.30000,-0.44602,-3.97131,1.38801
308.35000,-0.44420,-3.96223,1.35817
308.40000,-0.44212,-3.95323,1.32816
308.45000,-0.44001,-3.94442,1.30825
308.50000,-0.43790,-3.93633,1.29812
308.55000,-0.43638,-3.93073,1.30152
308.60000,-0.43514,-3.92612,1.31071
308.65000,-0.43418,-3.92239,1.32469
308.70000,-0.43350,-3.91954,1.34331
308.75000,-0.43308,-3.91758,1.36642
308.80000,-0.43287,-3.91647,1.39373
308.85000,-0.43273,-3.91560,1.42189
308.90000,-0.43267,-3.91496,1.43777
308.95000,-0.43227,-3.91264,1.44008
309.00000,-0.43156,-3.90774,1.43029
309.05000,-0.43034,-3.90008,1.40535
309.10000,-0.42869,-3.89106,1.37442
309.15000,-0.42674,-3.88206,1.34240
309.20000,-0.42465,-3.87319,1.31931
309.25000,-0.42253,-3.86486,1.30567
309.30000,-0.42068,-3.85796,1.30096
309.35000,-0.41901,-3.85181,1.30043
309.40000,-0.41765,-3.84682,1.30628
309.45000,-0.41654,-3.84262,1.31666
309.50000,-0.41570,-3.83926,1.33153
309.55000,-0.41523,-3.83708,1.35021
309.60000,-0.41508,-3.83633,1.37283
309.65000,-0.41505,-3.83614,1.39756
309.70000,-0.41501,-3.83594,1.42206
309.75000,-0.41499,-3.83574,1.44629
309.80000,-0.41496,-3.83554,1.47024
309.85000,-0.41495,-3.83535,1.48344
309.90000,-0.41460,-3.83275,1.48473
309.95000,-0.41407,-3.82768,1.47391
310.00000,-0.41316,-3.81977,1.44959
310.05000,-0.41209,-3.81048,1.42668
310.10000,-0.41100,-3.80170,1.41130
310.15000,-0.40991,-3.79303,1.39811
310.20000,-0.40882,-3.78490,1.38825
310.25000,-0.40784,-3.77819,1.38504
310.30000,-0.40724,-3.77433,1.39444
310.35000,-0.40684,-3.77191,1.40959
310.40000,-0.40667,-3.77070,1.42964
310.45000,-0.40664,-3.77044,1.45338
310.50000,-0.40662,-3.77024,1.47719
310.55000,-0.40661,-3.77004,1.50071
310.60000,-0.40659,-3.76984,1.52395
310.65000,-0.40658,-3.76963,1.54102
310.70000,-0.40644,-3.76735,1.54418
310.75000,-0.40623,-3.76228,1.53403
310.80000,-0.40582,-3.75434,1.51147
310.85000,-0.40508,-3.74444,1.48282
310.90000,-0.40406,-3.73449,1.45305
310.95000,-0.40274,-3.72458,1.42394
311.00000,-0.40135,-3.71477,1.40043
311.05000,-0.40001,-3.70609,1.38516
311.10000,-0.39867,-3.69792,1.37385
311.15000,-0.39734,-3.69001,1.36446
311.20000,-0.39602,-3.68241,1.35688
311.25000,-0.39472,-3.67515,1.35115
311.30000,-0.39343,-3.66825,1.34733
311.35000,-0.39217,-3.66173,1.34544
311.40000,-0.39093,-3.65583,1.34650
311.45000,-0.38991,-3.65123,1.35319
311.50000,-0.38920,-3.64785,1.36509
311.55000,-0.38878,-3.64572,1.38217
311.60000,-0.38864,-3.64485,1.40437
311.65000,-0.38861,-3.64464,1.42913
311.70000,-0.38859,-3.64444,1.45367
311.75000,-0.38856,-3.64424,1.47793
311.80000,-0.38855,-3.64404,1.50190
311.85000,-0.38854,-3.64383,1.52558
311.90000,-0.38853,-3.64363,1.54898
311.95000,-0.38853,-3.64342,1.57207
312.00000,-0.38853,-3.64322,1.59056
312.05000,-0.38861,-3.64250,1.60160
312.10000,-0.38869,-3.64103,1.60709
312.15000,-0.38880,-3.63863,1.60859
312.20000,-0.38894,-3.63541,1.60524
312.25000,-0.38916,-3.63102,1.59733
312.30000,-0.38939,-3.62535,1.58392
312.35000,-0.38943,-3.61795,1.56188
312.40000,-0.38919,-3.60860,1.52948
312.45000,-0.38862,-3.59866,1.49763
312.50000,-0.38773,-3.58870,1.46576
312.55000,-0.38653,-3.57877,1.43446
312.60000,-0.38520,-3.56893,1.40876
312.65000,-0.38404,-3.56095,1.39286
312.70000,-0.38316,-3.55530,1.38886
312.75000,-0.38253,-3.55132,1.39253
312.80000,-0.38202,-3.54837,1.40070
312.85000,-0.38171,-3.54644,1.41317
312.90000,-0.38159,-3.54555,1.42991
312.95000,-0.38156,-3.54534,1.44930
313.00000,-0.38154,-3.54514,1.46864
313.05000,-0.38151,-3.54475,1.48852
313.10000,-0.38149,-3.54446,1.50775
313.15000,-0.38147,-3.54418,1.52685
313.20000,-0.38146,-3.54397,1.54547
313.25000,-0.38146,-3.54369,1.56420
313.30000,-0.38146,-3.54321,1.57383
313.35000,-0.38147,-3.54081,1.58010
313.40000,-0.38149,-3.53918,1.58574
313.45000,-0.38155,-3.53570,1.57796
313.50000,-0.38152,-3.52935,1.55548
313.55000,-0.38127,-3.52148,1.52329
313.60000,-0.38084,-3.51295,1.49289
313.65000,-0.38033,-3.50545,1.46775
313.70000,-0.37974,-3.49972,1.45696
313.75000,-0.37935,-3.49588,1.44994
313.80000,-0.37884,-3.49194,1.44047
313.85000,-0.37847,-3.48829,1.44402
313.90000,-0.37815,-3.48489,1.44923
313.95000,-0.37783,-3.48210,1.45795
314.00000,-0.37763,-3.48009,1.47072
314.05000,-0.37753,-3.47887,1.48746
314.10000,-0.37748,-3.47819,1.50673
314.15000,-0.37745,-3.47752,1.52594
314.20000,-0.37743,-3.47685,1.54501
314.25000,-0.37740,-3.47617,1.56377
314.30000,-0.37740,-3.47566,1.57356
314.35000,-0.37741,-3.47362,1.57986
314.40000,-0.37743,-3.47274,1.58658
314.45000,-0.37748,-3.47067,1.58242
314.50000,-0.37752,-3.46675,1.57902
314.55000,-0.37754,-3.46388,1.57700
314.60000,-0.37755,-3.46051,1.56788
314.65000,-0.37746,-3.45507,1.54667
314.70000,-0.37713,-3.44738,1.51299
314.75000,-0.37662,-3.43889,1.48021
314.80000,-0.37598,-3.43068,1.45667
314.85000,-0.37535,-3.42352,1.44007
314.90000,-0.37474,-3.41767,1.43090
314.95000,-0.37420,-3.41346,1.43081
315.00000,-0.37367,-3.40937,1.43138
315.05000,-0.37314,-3.40527,1.43195
315.10000,-0.37281,-3.40212,1.43794
315.15000,-0.37266,-3.40055,1.45214
315.20000,-0.37258,-3.39989,1.47109
315.25000,-0.37250,-3.39921,1.48999
315.30000,-0.37245,-3.39856,1.50866
315.35000,-0.37242,-3.39791,1.52720
315.40000,-0.37239,-3.39725,1.54557
315.45000,-0.37238,-3.39658,1.56374
315.50000,-0.37238,-3.39592,1.58172
315.55000,-0.37240,-3.39527,1.59950
315.60000,-0.37242,-3.39462,1.61707
315.65000,-0.37246,-3.39398,1.63444
315.70000,-0.37252,-3.39340,1.63988
315.75000,-0.37280,-3.38989,1.62992
315.80000,-0.37311,-3.38369,1.60615
315.85000,-0.37326,-3.37590,1.57350
315.90000,-0.37311,-3.36698,1.53597
315.95000,-0.37276,-3.35807,1.51066
316.00000,-0.37241,-3.35152,1.49778
316.05000,-0.37219,-3.34677,1.49381
316.10000,-0.37206,-3.34414,1.50110
316.15000,-0.37201,-3.34316,1.51675
316.20000,-0.37198,-3.34251,1.53422
316.25000,-0.37195,-3.34189,1.55149
316.30000,-0.37194,-3.34127,1.56882
316.35000,-0.37194,-3.34064,1.58597
316.40000,-0.37196,-3.34002,1.60292
316.45000,-0.37198,-3.33941,1.61969
316.50000,-0.37202,-3.33917,1.62536
316.55000,-0.37211,-3.33786,1.62763
316.60000,-0.37218,-3.33707,1.63033
316.65000,-0.37234,-3.33489,1.62463
316.70000,-0.37250,-3.33208,1.61412
316.75000,-0.37266,-3.32813,1.59946
316.80000,-0.37277,-3.32287,1.57834
316.85000,-0.37276,-3.31595,1.55774
316.90000,-0.37274,-3.31104,1.54990
316.95000,-0.37275,-3.30790,1.55080
317.00000,-0.37275,-3.30645,1.56027
317.05000,-0.37275,-3.30600,1.57499
317.10000,-0.37275,-3.30553,1.58956
317.15000,-0.37276,-3.30500,1.60369
317.20000,-0.37279,-3.30445,1.60528
317.25000,-0.37284,-3.30228,1.60371
317.30000,-0.37286,-3.30080,1.61285
317.35000,-0.37287,-3.29980,1.62361
317.40000,-0.37292,-3.29966,1.62646
317.45000,-0.37314,-3.29690,1.61478
317.50000,-0.37336,-3.29160,1.59143
317.55000,-0.37340,-3.28458,1.55956
317.60000,-0.37313,-3.27590,1.52064
317.65000,-0.37265,-3.26689,1.48669
317.70000,-0.37215,-3.25940,1.46534
317.75000,-0.37169,-3.25356,1.45249
317.80000,-0.37126,-3.24884,1.44608
317.85000,-0.37105,-3.24615,1.44973
317.90000,-0.37100,-3.24541,1.46388
317.95000,-0.37096,-3.24482,1.47930
318.00000,-0.37094,-3.24434,1.49472
318.05000,-0.37091,-3.24393,1.50975
318.10000,-0.37090,-3.24343,1.52477
318.15000,-0.37088,-3.24291,1.53985
318.20000,-0.37088,-3.24248,1.55416
318.25000,-0.37087,-3.24202,1.56871
318.30000,-0.37088,-3.24162,1.58324
318.35000,-0.37088,-3.24121,1.59728
318.40000,-0.37090,-3.24070,1.61181
318.45000,-0.37094,-3.24018,1.61414
318.50000,-0.37103,-3.23816,1.61416
318.55000,-0.37109,-3.23711,1.61433
318.60000,-0.37116,-3.23480,1.61081
318.65000,-0.37117,-3.23366,1.62021
318.70000,-0.37123,-3.23315,1.62280
318.75000,-0.37130,-3.23103,1.62155
318.80000,-0.37131,-3.23039,1.63197
318.85000,-0.37138,-3.23000,1.63489
318.90000,-0.37151,-3.22788,1.63399
318.95000,-0.37159,-3.22678,1.63269
319.00000,-0.37184,-3.22351,1.62050
319.05000,-0.37208,-3.21743,1.59497
319.10000,-0.37215,-3.20922,1.56264
319.15000,-0.37189,-3.19961,1.52582
319.20000,-0.37125,-3.18963,1.48786
319.25000,-0.37050,-3.18002,1.45468
319.30000,-0.36985,-3.17244,1.43179
319.35000,-0.36948,-3.16649,1.41766
319.40000,-0.36928,-3.16172,1.40911
319.45000,-0.36919,-3.15859,1.40776
319.50000,-0.36915,-3.15821,1.41865
319.55000,-0.36912,-3.15799,1.43071
319.60000,-0.36911,-3.15780,1.44239
319.65000,-0.36909,-3.15762,1.45423
319.70000,-0.36907,-3.15725,1.46604
319.75000,-0.36905,-3.15704,1.47680
319.80000,-0.36903,-3.15683,1.48754
319.85000,-0.36902,-3.15662,1.49827
319.90000,-0.36901,-3.15641,1.50898
319.95000,-0.36900,-3.15620,1.51968
320.00000,-0.36899,-3.15599,1.53036
320.05000,-0.36899,-3.15577,1.54101
320.10000,-0.36898,-3.15556,1.55163
320.15000,-0.36898,-3.15535,1.56221
320.20000,-0.36898,-3.15514,1.57276
320.25000,-0.36899,-3.15493,1.58339
320.30000,-0.36899,-3.15472,1.59385
320.35000,-0.36900,-3.15456,1.60578
320.40000,-0.36901,-3.15428,1.61722
320.45000,-0.36926,-3.15237,1.62848
320.50000,-0.36985,-3.14391,1.63976
320.55000,-0.37055,-3.13390,1.64576
320.60000,-0.37109,-3.12419,1.63132
320.65000,-0.37145,-3.11600,1.59781
320.70000,-0.37155,-3.10740,1.57292
320.75000,-0.37152,-3.09998,1.55784
320.80000,-0.37140,-3.09370,1.54282
320.85000,-0.37138,-3.09002,1.53905
320.90000,-0.37139,-3.08874,1.54493
320.95000,-0.37139,-3.08841,1.55492
321.00000,-0.37139,-3.08812,1.56601
321.05000,-0.37139,-3.08774,1.57868
321.10000,-0.37139,-3.08753,1.59110
321.15000,-0.37139,-3.08730,1.60282
321.20000,-0.37143,-3.08671,1.60254
321.25000,-0.37154,-3.08314,1.58901
321.30000,-0.37158,-3.07741,1.56323
321.35000,-0.37148,-3.07060,1.54266
321.40000,-0.37146,-3.06562,1.53361
321.45000,-0.37145,-3.06346,1.53710
321.50000,-0.37145,-3.06310,1.54774
321.55000,-0.37145,-3.06292,1.55993
321.60000,-0.37145,-3.06260,1.57177
321.65000,-0.37145,-3.06243,1.58378
321.70000,-0.37145,-3.06222,1.59566
321.75000,-0.37146,-3.06200,1.60735
321.80000,-0.37147,-3.06163,1.61946
321.85000,-0.37148,-3.06139,1.63127
321.90000,-0.37161,-3.06126,1.63807
321.95000,-0.37192,-3.06006,1.63426
322.00000,-0.37230,-3.05710,1.62403
322.05000,-0.37267,-3.05217,1.60413
322.10000,-0.37282,-3.04495,1.58464
322.15000,-0.37282,-3.03971,1.57390
322.20000,-0.37282,-3.03775,1.57651
322.25000,-0.37282,-3.03737,1.58728
322.30000,-0.37282,-3.03723,1.59815
322.35000,-0.37282,-3.03726,1.60916
322.40000,-0.37282,-3.03730,1.62013
322.45000,-0.37282,-3.03733,1.63105
322.50000,-0.37291,-3.03717,1.63473
322.55000,-0.37302,-3.03545,1.63560
322.60000,-0.37307,-3.03475,1.63454
322.65000,-0.37329,-3.03152,1.61855
322.70000,-0.37351,-3.02559,1.59094
322.75000,-0.37353,-3.01764,1.55742
322.80000,-0.37338,-3.00937,1.53009
322.85000,-0.37333,-3.00315,1.51266
322.90000,-0.37337,-2.99970,1.50873
322.95000,-0.37335,-2.99862,1.51588
323.00000,-0.37334,-2.99842,1.52660
323.05000,-0.37333,-2.99802,1.53744
323.10000,-0.37333,-2.99774,1.54781
323.15000,-0.37332,-2.99737,1.55904
323.20000,-0.37332,-2.99709,1.56914
323.25000,-0.37332,-2.99663,1.57057
323.30000,-0.37330,-2.99455,1.56207
323.35000,-0.37319,-2.99066,1.54319
323.40000,-0.37301,-2.98478,1.52606
323.45000,-0.37300,-2.98125,1.52166
323.50000,-0.37299,-2.97969,1.52587
323.55000,-0.37298,-2.97942,1.53623
323.60000,-0.37297,-2.97905,1.54656
323.65000,-0.37296,-2.97863,1.55707
323.70000,-0.37296,-2.97817,1.56755
323.75000,-0.37296,-2.97767,1.57811
323.80000,-0.37296,-2.97717,1.58864
323.85000,-0.37297,-2.97672,1.59898
323.90000,-0.37298,-2.97630,1.60920
323.95000,-0.37300,-2.97579,1.60640
324.00000,-0.37310,-2.97271,1.58786
324.05000,-0.37311,-2.96723,1.55823
324.10000,-0.37300,-2.96065,1.53627
324.15000,-0.37296,-2.95618,1.52733
324.20000,-0.37295,-2.95364,1.52734
324.25000,-0.37293,-2.95143,1.52916
324.30000,-0.37292,-2.95022,1.53597
324.35000,-0.37291,-2.94983,1.54707
324.40000,-0.37291,-2.94950,1.55797
324.45000,-0.37291,-2.94920,1.56917
324.50000,-0.37291,-2.94874,1.58034
324.55000,-0.37292,-2.94847,1.59254
324.60000,-0.37293,-2.94805,1.60381
324.65000,-0.37296,-2.94761,1.60275
324.70000,-0.37306,-2.94484,1.58853
324.75000,-0.37309,-2.94011,1.57521
324.80000,-0.37309,-2.93737,1.56451
324.85000,-0.37307,-2.93421,1.55619
324.90000,-0.37307,-2.93244,1.56044
324.95000,-0.37307,-2.93194,1.57039
325.00000,-0.37307,-2.93152,1.58079
325.05000,-0.37308,-2.93118,1.59184
325.10000,-0.37310,-2.93078,1.59165
325.15000,-0.37316,-2.92815,1.57874
325.20000,-0.37317,-2.92353,1.56693
325.25000,-0.37317,-2.92097,1.56606
325.30000,-0.37317,-2.91981,1.57240
325.35000,-0.37317,-2.91928,1.58195
325.40000,-0.37318,-2.91863,1.57914
325.45000,-0.37317,-2.91581,1.56240
325.50000,-0.37311,-2.91112,1.54939
325.55000,-0.37310,-2.90773,1.54470
325.60000,-0.37309,-2.90594,1.54777
325.65000,-0.37309,-2.90546,1.55770
325.70000,-0.37308,-2.90503,1.56811
325.75000,-0.37308,-2.90456,1.57824
325.80000,-0.37308,-2.90428,1.58932
325.85000,-0.37310,-2.90388,1.58760
325.90000,-0.37312,-2.90199,1.58336
325.95000,-0.37312,-2.90078,1.58904
326.00000,-0.37314,-2.90031,1.59883
326.05000,-0.37316,-2.90001,1.59834
326.10000,-0.37320,-2.89833,1.59219
326.15000,-0.37322,-2.89678,1.58873
326.20000,-0.37325,-2.89502,1.58148
326.25000,-0.37325,-2.89317,1.58337
326.30000,-0.37326,-2.89204,1.57927
326.35000,-0.37327,-2.88903,1.56344
326.40000,-0.37321,-2.88424,1.55136
326.45000,-0.37316,-2.88185,1.54083
326.50000,-0.37307,-2.87865,1.53171
326.55000,-0.37306,-2.87646,1.53220
326.60000,-0.37305,-2.87434,1.53272
326.65000,-0.37304,-2.87223,1.53324
326.70000,-0.37303,-2.87011,1.53377
326.75000,-0.37301,-2.86800,1.53429
326.80000,-0.37300,-2.86588,1.53482
326.85000,-0.37299,-2.86377,1.53534
326.90000,-0.37298,-2.86165,1.53587
326.95000,-0.37297,-2.85954,1.53639
327.00000,-0.37295,-2.85742,1.53692
327.05000,-0.37294,-2.85530,1.53744
327.10000,-0.37293,-2.85319,1.53797
327.15000,-0.37288,-2.85211,1.53191
327.20000,-0.37280,-2.84939,1.52953
327.25000,-0.37278,-2.84822,1.53880
327.30000,-0.37277,-2.84772,1.55045
327.35000,-0.37276,-2.84726,1.56250
327.40000,-0.37276,-2.84684,1.57479
327.45000,-0.37276,-2.84648,1.58748
327.50000,-0.37277,-2.84613,1.60017
327.55000,-0.37278,-2.84578,1.61285
327.60000,-0.37280,-2.84544,1.62551
327.65000,-0.37285,-2.84505,1.62684
327.70000,-0.37301,-2.84240,1.61015
327.75000,-0.37316,-2.83661,1.58204
327.80000,-0.37311,-2.82937,1.54594
327.85000,-0.37272,-2.82098,1.50427
327.90000,-0.37213,-2.81218,1.46576
327.95000,-0.37139,-2.80378,1.43665
328.00000,-0.37047,-2.79651,1.41523
328.05000,-0.36985,-2.79171,1.40691
328.10000,-0.36948,-2.78921,1.41092
328.15000,-0.36923,-2.78754,1.41971
328.20000,-0.36911,-2.78669,1.43268
328.25000,-0.36903,-2.78609,1.44707
328.30000,-0.36896,-2.78549,1.46144
328.35000,-0.36890,-2.78489,1.47577
328.40000,-0.36885,-2.78429,1.49005
328.45000,-0.36880,-2.78369,1.50427
328.50000,-0.36877,-2.78309,1.51843
328.55000,-0.36874,-2.78249,1.53252
328.60000,-0.36872,-2.78191,1.54661
328.65000,-0.36871,-2.78132,1.56058
328.70000,-0.36871,-2.78075,1.57447
328.75000,-0.36871,-2.78026,1.58868
328.80000,-0.36872,-2.77969,1.60259
328.85000,-0.36875,-2.77920,1.60516
328.90000,-0.36883,-2.77736,1.60415
328.95000,-0.36886,-2.77606,1.60157
329.00000,-0.36895,-2.77229,1.58544
329.05000,-0.36898,-2.76653,1.57265
329.10000,-0.36898,-2.76232,1.56743
329.15000,-0.36898,-2.75856,1.56438
329.20000,-0.36897,-2.75533,1.56388
329.25000,-0.36897,-2.75448,1.57534
329.30000,-0.36898,-2.75394,1.58878
329.35000,-0.36898,-2.75351,1.60306
329.40000,-0.36900,-2.75309,1.61733
329.45000,-0.36903,-2.75266,1.61717
329.50000,-0.36909,-2.75099,1.61603
329.55000,-0.36915,-2.74986,1.61474
329.60000,-0.36928,-2.74632,1.59805
329.65000,-0.36936,-2.74062,1.56924
329.70000,-0.36921,-2.73318,1.53366
329.75000,-0.36885,-2.72505,1.50060
329.80000,-0.36848,-2.71781,1.47872
329.85000,-0.36812,-2.71257,1.46837
329.90000,-0.36774,-2.70790,1.46105
329.95000,-0.36736,-2.70324,1.45373
330.00000,-0.36699,-2.69858,1.44642
330.05000,-0.36658,-2.69432,1.44289
330.10000,-0.36646,-2.69246,1.45198
330.15000,-0.36639,-2.69175,1.46724
330.20000,-0.36633,-2.69113,1.48321
330.25000,-0.36628,-2.69050,1.49901
330.30000,-0.36625,-2.68989,1.51480
330.35000,-0.36622,-2.68929,1.53025
330.40000,-0.36620,-2.68870,1.54580
330.45000,-0.36619,-2.68807,1.56114
330.50000,-0.36619,-2.68749,1.57659
330.55000,-0.36620,-2.68691,1.59191
330.60000,-0.36623,-2.68654,1.59604
330.65000,-0.36632,-2.68362,1.58568
330.70000,-0.36633,-2.67768,1.56051
330.75000,-0.36618,-2.67059,1.53882
330.80000,-0.36604,-2.66439,1.52501
330.85000,-0.36595,-2.65942,1.51794
330.90000,-0.36591,-2.65713,1.52417
330.95000,-0.36589,-2.65673,1.53839
331.00000,-0.36588,-2.65613,1.55354
331.05000,-0.36588,-2.65557,1.56867
331.10000,-0.36588,-2.65503,1.58364
331.15000,-0.36589,-2.65451,1.59844
331.20000,-0.36589,-2.65420,1.61328
331.25000,-0.36593,-2.65358,1.62818
331.30000,-0.36597,-2.65297,1.64298
331.35000,-0.36605,-2.65231,1.64529
331.40000,-0.36619,-2.65024,1.64805
331.45000,-0.36627,-2.64940,1.64955
331.50000,-0.36656,-2.64662,1.63871
331.55000,-0.36699,-2.64092,1.61816
331.60000,-0.36722,-2.63419,1.60235
331.65000,-0.36726,-2.62944,1.59583
331.70000,-0.36730,-2.62754,1.59060
331.75000,-0.36733,-2.62505,1.58767
331.80000,-0.36734,-2.62304,1.59368
331.85000,-0.36736,-2.62203,1.59061
331.90000,-0.36739,-2.61969,1.58776
331.95000,-0.36740,-2.61835,1.59542
332.00000,-0.36740,-2.61811,1.60654
332.05000,-0.36742,-2.61787,1.61774
332.10000,-0.36743,-2.61756,1.62914
332.15000,-0.36746,-2.61717,1.64076
332.20000,-0.36750,-2.61678,1.64249
332.25000,-0.36780,-2.61411,1.63201
332.30000,-0.36803,-2.60971,1.62608
332.35000,-0.36808,-2.60765,1.63022
332.40000,-0.36814,-2.60702,1.62766
332.45000,-0.36835,-2.60321,1.61071
332.50000,-0.36848,-2.59800,1.59950
332.55000,-0.36851,-2.59533,1.59975
332.60000,-0.36853,-2.59478,1.60894
332.65000,-0.36856,-2.59441,1.60798
332.70000,-0.36871,-2.59138,1.59566
332.75000,-0.36879,-2.58669,1.58669
332.80000,-0.36882,-2.58404,1.58078
332.85000,-0.36884,-2.58098,1.57722
332.90000,-0.36884,-2.57956,1.58197
332.95000,-0.36885,-2.57909,1.59087
333.00000,-0.36885,-2.57883,1.60010
333.05000,-0.36886,-2.57856,1.60935
333.10000,-0.36890,-2.57788,1.60672
333.15000,-0.36900,-2.57407,1.58864
333.20000,-0.36904,-2.56902,1.57657
333.25000,-0.36904,-2.56598,1.57469
333.30000,-0.36904,-2.56483,1.56854
333.35000,-0.36903,-2.56235,1.56279
333.40000,-0.36902,-2.55977,1.55995
333.45000,-0.36900,-2.55720,1.55833
333.50000,-0.36899,-2.55468,1.55817
333.55000,-0.36899,-2.55287,1.56147
333.60000,-0.36899,-2.55207,1.56907
333.65000,-0.36899,-2.55177,1.57912
333.70000,-0.36899,-2.55152,1.58913
333.75000,-0.36900,-2.55127,1.59908
333.80000,-0.36899,-2.55113,1.60157
333.85000,-0.36903,-2.54990,1.60537
333.90000,-0.36904,-2.54956,1.61473
333.95000,-0.36905,-2.54931,1.62401
334.00000,-0.36906,-2.54906,1.63328
334.05000,-0.36908,-2.54881,1.64071
334.10000,-0.36909,-2.54858,1.64398
334.15000,-0.36915,-2.54801,1.64013
334.20000,-0.36929,-2.54630,1.63118
334.25000,-0.36955,-2.54356,1.61633
334.30000,-0.36995,-2.53918,1.59556
334.35000,-0.37005,-2.53262,1.57377
334.40000,-0.37003,-2.52792,1.55344
334.45000,-0.36993,-2.52411,1.53463
334.50000,-0.36982,-2.52035,1.52053
334.55000,-0.36971,-2.51659,1.50892
334.60000,-0.36960,-2.51283,1.49988
334.65000,-0.36948,-2.50908,1.49341
334.70000,-0.36936,-2.50554,1.48893
334.75000,-0.36925,-2.50232,1.48611
334.80000,-0.36914,-2.49943,1.48496
334.85000,-0.36903,-2.49738,1.48747
334.90000,-0.36899,-2.49663,1.49542
334.95000,-0.36897,-2.49638,1.50555
335.00000,-0.36896,-2.49613,1.51576
335.05000,-0.36895,-2.49588,1.52601
335.10000,-0.36894,-2.49563,1.53629
335.15000,-0.36893,-2.49538,1.54659
335.20000,-0.36892,-2.49512,1.55692
335.25000,-0.36892,-2.49487,1.56726
335.30000,-0.36892,-2.49462,1.57762
335.35000,-0.36893,-2.49437,1.58798
335.40000,-0.36893,-2.49412,1.59834
335.45000,-0.36894,-2.49387,1.60614
335.50000,-0.36895,-2.49362,1.60899
335.55000,-0.36900,-2.49291,1.60524
335.60000,-0.36912,-2.49081,1.59707
335.65000,-0.36925,-2.48693,1.58755
335.70000,-0.36929,-2.48385,1.57658
335.75000,-0.36929,-2.48034,1.56392
335.80000,-0.36928,-2.47680,1.55580
335.85000,-0.36925,-2.47423,1.54486
335.90000,-0.36915,-2.47132,1.53263
335.95000,-0.36904,-2.46841,1.52382
336.00000,-0.36892,-2.46550,1.51753
336.05000,-0.36880,-2.46260,1.51381
336.10000,-0.36867,-2.45972,1.51258
336.15000,-0.36857,-2.45747,1.51451
336.20000,-0.36852,-2.45630,1.52102
336.25000,-0.36851,-2.45597,1.53106
336.30000,-0.36850,-2.45572,1.54150
336.35000,-0.36850,-2.45547,1.55197
336.40000,-0.36850,-2.45522,1.56245
336.45000,-0.36849,-2.45496,1.57294
336.50000,-0.36850,-2.45471,1.58344
336.55000,-0.36850,-2.45446,1.59394
336.60000,-0.36851,-2.45421,1.60444
336.65000,-0.36852,-2.45395,1.61493
336.70000,-0.36853,-2.45370,1.62322
336.75000,-0.36860,-2.45264,1.63061
336.80000,-0.36863,-2.45204,1.63717
336.85000,-0.36871,-2.45088,1.64238
336.90000,-0.36875,-2.45056,1.64573
336.95000,-0.36882,-2.44986,1.64220
337.00000,-0.36897,-2.44794,1.63356
337.05000,-0.36922,-2.44422,1.62391
337.10000,-0.36933,-2.44162,1.61113
337.15000,-0.36948,-2.43665,1.58701
337.20000,-0.36951,-2.43081,1.56898
337.25000,-0.36949,-2.42717,1.55489
337.30000,-0.36934,-2.42202,1.53026
337.35000,-0.36909,-2.41617,1.51287
337.40000,-0.36903,-2.41344,1.51023
337.45000,-0.36902,-2.41250,1.51523
337.50000,-0.36900,-2.41223,1.52315
337.55000,-0.36899,-2.41198,1.53120
337.60000,-0.36898,-2.41169,1.53939
337.65000,-0.36897,-2.41144,1.54754
337.70000,-0.36896,-2.41116,1.55586
337.75000,-0.36896,-2.41087,1.56431
337.80000,-0.36896,-2.41059,1.57275
337.85000,-0.36896,-2.41028,1.58127
337.90000,-0.36897,-2.41001,1.58978
337.95000,-0.36897,-2.40974,1.59837
338.00000,-0.36898,-2.40947,1.60700
338.05000,-0.36900,-2.40919,1.61567
338.10000,-0.36901,-2.40895,1.62168
338.15000,-0.36906,-2.40807,1.62783
338.20000,-0.36909,-2.40771,1.63780
338.25000,-0.36910,-2.40737,1.64605
338.30000,-0.36920,-2.40619,1.65208
338.35000,-0.36926,-2.40525,1.64844
338.40000,-0.36948,-2.40325,1.63489
338.45000,-0.36969,-2.39960,1.62398
338.50000,-0.36976,-2.39728,1.61899
338.55000,-0.36997,-2.39465,1.60540
338.60000,-0.37022,-2.39087,1.58439
338.65000,-0.37024,-2.38542,1.56507
338.70000,-0.37023,-2.38145,1.55506
338.75000,-0.37022,-2.37909,1.55083
338.80000,-0.37021,-2.37673,1.54662
338.85000,-0.37018,-2.37554,1.53611
338.90000,-0.36999,-2.37169,1.51261
338.95000,-0.36965,-2.36666,1.49013
339.00000,-0.36930,-2.36165,1.47297
339.05000,-0.36895,-2.35664,1.45585
339.10000,-0.36861,-2.35164,1.43874
339.15000,-0.36828,-2.34664,1.42165
339.20000,-0.36794,-2.34164,1.40457
339.25000,-0.36761,-2.33665,1.38750
339.30000,-0.36728,-2.33165,1.37047
339.35000,-0.36687,-2.32680,1.35799
339.40000,-0.36640,-2.32211,1.34929
339.45000,-0.36592,-2.31743,1.34116
339.50000,-0.36544,-2.31274,1.33360
339.55000,-0.36497,-2.30806,1.32661
339.60000,-0.36449,-2.30338,1.32020
339.65000,-0.36401,-2.29870,1.31444
339.70000,-0.36348,-2.29429,1.31111
339.75000,-0.36289,-2.29055,1.31159
339.80000,-0.36228,-2.28711,1.31370
339.85000,-0.36182,-2.28490,1.32279
339.90000,-0.36173,-2.28443,1.33889
339.95000,-0.36158,-2.28379,1.35620
340.00000,-0.36144,-2.28311,1.37378
340.05000,-0.36131,-2.28243,1.39137
340.10000,-0.36119,-2.28175,1.40891
340.15000,-0.36109,-2.28108,1.42643
340.20000,-0.36099,-2.28041,1.44386
340.25000,-0.36091,-2.27974,1.46121
340.30000,-0.36085,-2.27907,1.47848
340.35000,-0.36079,-2.27839,1.49556
340.40000,-0.36074,-2.27771,1.51251
340.45000,-0.36071,-2.27704,1.52935
340.50000,-0.36069,-2.27637,1.54607
340.55000,-0.36068,-2.27570,1.56265
340.60000,-0.36068,-2.27503,1.57911
340.65000,-0.36069,-2.27437,1.59542
340.70000,-0.36071,-2.27371,1.61160
340.75000,-0.36074,-2.27305,1.62762
340.80000,-0.36078,-2.27240,1.64349
340.85000,-0.36084,-2.27176,1.65921
340.90000,-0.36090,-2.27112,1.67476
340.95000,-0.36095,-2.27068,1.68311
341.00000,-0.36138,-2.26787,1.67273
341.05000,-0.36195,-2.26168,1.64835
341.10000,-0.36240,-2.25472,1.63069
341.15000,-0.36264,-2.24951,1.62245
341.20000,-0.36273,-2.24738,1.61581
341.25000,-0.36286,-2.24456,1.61055
341.30000,-0.36290,-2.24258,1.61777
341.35000,-0.36295,-2.24216,1.62129
341.40000,-0.36303,-2.24046,1.62101
341.45000,-0.36308,-2.23932,1.62150
341.50000,-0.36318,-2.23734,1.62077
341.55000,-0.36322,-2.23644,1.62130
341.60000,-0.36335,-2.23481,1.61961
341.65000,-0.36342,-2.23369,1.62141
341.70000,-0.36354,-2.23159,1.61850
341.75000,-0.36356,-2.22999,1.62542
341.80000,-0.36359,-2.22854,1.63317
341.85000,-0.36361,-2.22762,1.63377
341.90000,-0.36376,-2.22611,1.63144
341.95000,-0.36380,-2.22505,1.64043
342.00000,-0.36383,-2.22453,1.65222
342.05000,-0.36387,-2.22398,1.66399
342.10000,-0.36394,-2.22342,1.66307
342.15000,-0.36425,-2.22056,1.64927
342.20000,-0.36463,-2.21465,1.62136
342.25000,-0.36489,-2.20700,1.58642
342.30000,-0.36489,-2.19867,1.55515
342.35000,-0.36485,-2.19227,1.53702
342.40000,-0.36481,-2.19012,1.54073
342.45000,-0.36480,-2.18954,1.55309
342.50000,-0.36479,-2.18897,1.56562
342.55000,-0.36479,-2.18840,1.57810
342.60000,-0.36480,-2.18784,1.59055
342.65000,-0.36481,-2.18727,1.60296
342.70000,-0.36484,-2.18670,1.61532
342.75000,-0.36486,-2.18614,1.62763
342.80000,-0.36490,-2.18558,1.63989
342.85000,-0.36494,-2.18502,1.65208
342.90000,-0.36497,-2.18476,1.65295
342.95000,-0.36511,-2.18328,1.65293
343.00000,-0.36515,-2.18192,1.65465
343.05000,-0.36539,-2.17931,1.64067
343.10000,-0.36564,-2.17551,1.62206
343.15000,-0.36585,-2.17066,1.59689
343.20000,-0.36594,-2.16402,1.57364
343.25000,-0.36594,-2.15903,1.56202
343.30000,-0.36594,-2.15620,1.56124
343.35000,-0.36595,-2.15370,1.56202
343.40000,-0.36596,-2.15119,1.56281
343.45000,-0.36597,-2.14868,1.56360
343.50000,-0.36598,-2.14617,1.56439
343.55000,-0.36599,-2.14367,1.56517
343.60000,-0.36600,-2.14116,1.56596
343.65000,-0.36601,-2.13865,1.56675
343.70000,-0.36602,-2.13614,1.56754
343.75000,-0.36603,-2.13363,1.56833
343.80000,-0.36604,-2.13112,1.56912
343.85000,-0.36605,-2.12862,1.56991
343.90000,-0.36606,-2.12611,1.57071
343.95000,-0.36607,-2.12360,1.57150
344.00000,-0.36607,-2.12220,1.56781
344.05000,-0.36606,-2.11956,1.56175
344.10000,-0.36605,-2.11778,1.57006
344.15000,-0.36606,-2.11709,1.58431
344.20000,-0.36607,-2.11646,1.59894
344.25000,-0.36609,-2.11584,1.61347
344.30000,-0.36613,-2.11552,1.61571
344.35000,-0.36623,-2.11373,1.61055
344.40000,-0.36627,-2.11210,1.61769
344.45000,-0.36630,-2.11147,1.63141
344.50000,-0.36637,-2.11101,1.63380
344.55000,-0.36652,-2.10872,1.63249
344.60000,-0.36657,-2.10744,1.64221
344.65000,-0.36661,-2.10685,1.65544
344.70000,-0.36667,-2.10639,1.65755
344.75000,-0.36696,-2.10373,1.64750
344.80000,-0.36722,-2.10022,1.63198
344.85000,-0.36748,-2.09551,1.61117
344.90000,-0.36769,-2.08930,1.58343
344.95000,-0.36771,-2.08189,1.56225
345.00000,-0.36765,-2.07645,1.54519
345.05000,-0.36752,-2.07189,1.53386
345.10000,-0.36749,-2.06915,1.53558
345.15000,-0.36748,-2.06686,1.53854
345.20000,-0.36747,-2.06577,1.54808
345.25000,-0.36746,-2.06522,1.56087
345.30000,-0.36746,-2.06469,1.57360
345.35000,-0.36746,-2.06415,1.58635
345.40000,-0.36747,-2.06359,1.59884
345.45000,-0.36748,-2.06310,1.61094
345.50000,-0.36750,-2.06263,1.62307
345.55000,-0.36754,-2.06249,1.62547
345.60000,-0.36774,-2.05984,1.61219
345.65000,-0.36787,-2.05499,1.60206
345.70000,-0.36793,-2.05226,1.59562
345.75000,-0.36801,-2.04785,1.57546
345.80000,-0.36794,-2.04140,1.54421
345.85000,-0.36772,-2.03442,1.52183
345.90000,-0.36767,-2.02995,1.51432
345.95000,-0.36767,-2.02727,1.51520
346.00000,-0.36772,-2.02575,1.52116
346.05000,-0.36773,-2.02507,1.53137
346.10000,-0.36771,-2.02466,1.54353
346.15000,-0.36771,-2.02443,1.55595
346.20000,-0.36771,-2.02390,1.56844
346.25000,-0.36771,-2.02349,1.58091
346.30000,-0.36771,-2.02324,1.59325
346.35000,-0.36772,-2.02306,1.60535
346.40000,-0.36774,-2.02253,1.61779
346.45000,-0.36777,-2.02196,1.63034
346.50000,-0.36781,-2.02139,1.64284
346.55000,-0.36786,-2.02082,1.65528
346.60000,-0.36793,-2.02024,1.65530
346.65000,-0.36823,-2.01746,1.64161
346.70000,-0.36859,-2.01161,1.61520
346.75000,-0.36882,-2.00347,1.58242
346.80000,-0.36882,-1.99500,1.55626
346.85000,-0.36880,-1.98958,1.54441
346.90000,-0.36880,-1.98740,1.54760
346.95000,-0.36879,-1.98686,1.55958
347.00000,-0.36878,-1.98647,1.56371
347.05000,-0.36877,-1.98528,1.56589
347.10000,-0.36877,-1.98474,1.57719
347.15000,-0.36878,-1.98443,1.57640
347.20000,-0.36878,-1.98276,1.57296
347.25000,-0.36878,-1.98200,1.58140
347.30000,-0.36879,-1.98175,1.59245
347.35000,-0.36880,-1.98138,1.60308
347.40000,-0.36881,-1.98101,1.61384
347.45000,-0.36883,-1.98061,1.62484
347.50000,-0.36885,-1.98022,1.63589
347.55000,-0.36888,-1.97982,1.64701
347.60000,-0.36894,-1.97924,1.64441
347.65000,-0.36920,-1.97574,1.62694
347.70000,-0.36945,-1.96984,1.59847
347.75000,-0.36954,-1.96351,1.57844
347.80000,-0.36954,-1.95872,1.56957
347.85000,-0.36954,-1.95503,1.56564
347.90000,-0.36954,-1.95332,1.57040
347.95000,-0.36954,-1.95296,1.58087
348.00000,-0.36954,-1.95268,1.59209
348.05000,-0.36955,-1.95231,1.60362
348.10000,-0.36957,-1.95201,1.61484
348.15000,-0.36958,-1.95167,1.62670
348.20000,-0.36960,-1.95128,1.63839
348.25000,-0.36959,-1.95132,1.65030
348.30000,-0.36964,-1.95127,1.65085
348.35000,-0.36991,-1.94847,1.63729
348.40000,-0.37012,-1.94375,1.62708
348.45000,-0.37024,-1.94136,1.61886
348.50000,-0.37033,-1.93861,1.61239
348.55000,-0.37039,-1.93737,1.60845
348.60000,-0.37053,-1.93398,1.59297
348.65000,-0.37059,-1.92903,1.58050
348.70000,-0.37059,-1.92587,1.57837
348.75000,-0.37060,-1.92466,1.57458
348.80000,-0.37060,-1.92244,1.57045
348.85000,-0.37060,-1.92196,1.57933
348.90000,-0.37060,-1.92176,1.58930
348.95000,-0.37061,-1.92148,1.59941
349.00000,-0.37062,-1.92106,1.60985
349.05000,-0.37062,-1.92086,1.62042
349.10000,-0.37062,-1.92086,1.63097
349.15000,-0.37068,-1.92074,1.63178
349.20000,-0.37095,-1.91865,1.62244
349.25000,-0.37113,-1.91440,1.61549
349.30000,-0.37120,-1.91156,1.60965
349.35000,-0.37132,-1.90755,1.58629
349.40000,-0.37135,-1.90251,1.57134
349.45000,-0.37135,-1.89983,1.56998
349.50000,-0.37135,-1.89961,1.57874
349.55000,-0.37135,-1.89937,1.58756
349.60000,-0.37136,-1.89911,1.59715
349.65000,-0.37136,-1.89889,1.60672
349.70000,-0.37137,-1.89862,1.61668
349.75000,-0.37142,-1.89824,1.61715
349.80000,-0.37161,-1.89567,1.60388
349.85000,-0.37172,-1.89023,1.57650
349.90000,-0.37163,-1.88241,1.54279
349.95000,-0.37121,-1.87344,1.50360
350.00000,-0.37065,-1.86413,1.46870
350.05000,-0.37016,-1.85648,1.44724
350.10000,-0.36989,-1.85136,1.43648
350.15000,-0.36977,-1.84745,1.43183
350.20000,-0.36974,-1.84409,1.43024
350.25000,-0.36970,-1.84217,1.43505
350.30000,-0.36967,-1.84188,1.44628
350.35000,-0.36964,-1.84166,1.45804
350.40000,-0.36964,-1.84163,1.47064
350.45000,-0.36965,-1.84168,1.48344
350.50000,-0.36965,-1.84174,1.49626
350.55000,-0.36966,-1.84180,1.50909
350.60000,-0.36966,-1.84186,1.52192
350.65000,-0.36966,-1.84192,1.53475
350.70000,-0.36966,-1.84197,1.54757
350.75000,-0.36967,-1.84203,1.56037
350.80000,-0.36967,-1.84209,1.57316
350.85000,-0.36967,-1.84214,1.58591
350.90000,-0.36966,-1.84220,1.59863
350.95000,-0.36966,-1.84225,1.61131
351.00000,-0.36974,-1.84215,1.61730
351.05000,-0.36980,-1.84062,1.61750
351.10000,-0.36987,-1.83970,1.61996
351.15000,-0.37004,-1.83667,1.60506
351.20000,-0.37014,-1.83194,1.59460
351.25000,-0.37018,-1.82963,1.58707
351.30000,-0.37021,-1.82675,1.58060
351.35000,-0.37021,-1.82571,1.58820
351.40000,-0.37022,-1.82536,1.59860
351.45000,-0.37023,-1.82505,1.60900
351.50000,-0.37024,-1.82475,1.61957
351.55000,-0.37026,-1.82435,1.63059
351.60000,-0.37031,-1.82383,1.62908
351.65000,-0.37051,-1.82057,1.61206
351.70000,-0.37067,-1.81488,1.58347
351.75000,-0.37063,-1.80767,1.54708
351.80000,-0.37042,-1.79982,1.51486
351.85000,-0.37028,-1.79388,1.49969
351.90000,-0.37027,-1.78971,1.49449
351.95000,-0.37030,-1.78747,1.49751
352.00000,-0.37028,-1.78697,1.50905
352.05000,-0.37028,-1.78680,1.52116
352.10000,-0.37028,-1.78670,1.53393
352.15000,-0.37027,-1.78623,1.54665
352.20000,-0.37026,-1.78588,1.55874
352.25000,-0.37026,-1.78547,1.57066
352.30000,-0.37026,-1.78510,1.58249
352.35000,-0.37027,-1.78468,1.58281
352.40000,-0.37029,-1.78307,1.57896
352.45000,-0.37029,-1.78204,1.58658
352.50000,-0.37030,-1.78174,1.59809
352.55000,-0.37032,-1.78147,1.59883
352.60000,-0.37042,-1.77896,1.58623
352.65000,-0.37044,-1.77383,1.55955
352.70000,-0.37032,-1.76738,1.53888
352.75000,-0.37028,-1.76326,1.53319
352.80000,-0.37031,-1.76085,1.53530
352.85000,-0.37034,-1.75943,1.54170
352.90000,-0.37033,-1.75889,1.55347
352.95000,-0.37033,-1.75858,1.56595
353.00000,-0.37033,-1.75800,1.57865
353.05000,-0.37033,-1.75742,1.59132
353.10000,-0.37035,-1.75685,1.60396
353.15000,-0.37037,-1.75627,1.61656
353.20000,-0.37039,-1.75570,1.62913
353.25000,-0.37043,-1.75513,1.64164
353.30000,-0.37049,-1.75486,1.64187
353.35000,-0.37074,-1.75209,1.62719
353.40000,-0.37098,-1.74651,1.59918
353.45000,-0.37105,-1.73943,1.56284
353.50000,-0.37081,-1.73119,1.52120
353.55000,-0.37018,-1.72240,1.47568
353.60000,-0.36933,-1.71426,1.44784
353.65000,-0.36887,-1.70853,1.43539
353.70000,-0.36868,-1.70576,1.43713
353.75000,-0.36863,-1.70520,1.44989
353.80000,-0.36858,-1.70472,1.46335
353.85000,-0.36853,-1.70416,1.47705
353.90000,-0.36850,-1.70367,1.49087
353.95000,-0.36847,-1.70320,1.50452
354.00000,-0.36845,-1.70274,1.51785
354.05000,-0.36843,-1.70213,1.53178
354.10000,-0.36841,-1.70152,1.54571
354.15000,-0.36841,-1.70091,1.55960
354.20000,-0.36840,-1.70030,1.57344
354.25000,-0.36841,-1.69969,1.58724
354.30000,-0.36842,-1.69909,1.60099
354.35000,-0.36845,-1.69866,1.60185
354.40000,-0.36849,-1.69674,1.60105
354.45000,-0.36851,-1.69585,1.61207
354.50000,-0.36854,-1.69531,1.61063
354.55000,-0.36858,-1.69370,1.60609
354.60000,-0.36859,-1.69261,1.61567
354.65000,-0.36861,-1.69228,1.62901
354.70000,-0.36863,-1.69205,1.64288
354.75000,-0.36866,-1.69181,1.65676
354.80000,-0.36871,-1.69156,1.65638
354.85000,-0.36898,-1.68822,1.63932
354.90000,-0.36931,-1.68236,1.61163
354.95000,-0.36947,-1.67512,1.57548
355.00000,-0.36934,-1.66670,1.53402
355.05000,-0.36899,-1.65780,1.50301
355.10000,-0.36874,-1.65116,1.48605
355.15000,-0.36853,-1.64647,1.47854
355.20000,-0.36835,-1.64292,1.47750
355.25000,-0.36819,-1.64048,1.48249
355.30000,-0.36815,-1.63983,1.49648
355.35000,-0.36812,-1.63923,1.51099
355.40000,-0.36809,-1.63871,1.52622
355.45000,-0.36807,-1.63819,1.54150
355.50000,-0.36806,-1.63769,1.55675
355.55000,-0.36806,-1.63719,1.57198
355.60000,-0.36806,-1.63670,1.58718
355.65000,-0.36807,-1.63621,1.60237
355.70000,-0.36809,-1.63574,1.61753
355.75000,-0.36811,-1.63527,1.63268
355.80000,-0.36815,-1.63488,1.63474
355.85000,-0.36837,-1.63178,1.62010
355.90000,-0.36859,-1.62586,1.59355
355.95000,-0.36863,-1.61856,1.55802
356.00000,-0.36847,-1.61059,1.52541
356.05000,-0.36820,-1.60273,1.50166
356.10000,-0.36795,-1.59581,1.48438
356.15000,-0.36771,-1.58996,1.47339
356.20000,-0.36749,-1.58523,1.46874
356.25000,-0.36732,-1.58224,1.47310
356.30000,-0.36728,-1.58151,1.48919
356.35000,-0.36725,-1.58116,1.50715
356.40000,-0.36723,-1.58080,1.52513
356.45000,-0.36721,-1.58043,1.54313
356.50000,-0.36720,-1.58005,1.56115
356.55000,-0.36720,-1.57967,1.57916
356.60000,-0.36720,-1.57931,1.59715
356.65000,-0.36721,-1.57894,1.61512
356.70000,-0.36724,-1.57855,1.61639
356.75000,-0.36729,-1.57692,1.61536
356.80000,-0.36734,-1.57576,1.61509
356.85000,-0.36748,-1.57231,1.59937
356.90000,-0.36755,-1.56688,1.58718
356.95000,-0.36754,-1.56247,1.58444
357.00000,-0.36755,-1.55921,1.58561
357.05000,-0.36755,-1.55594,1.58678
357.10000,-0.36757,-1.55397,1.58236
357.15000,-0.36759,-1.55143,1.57529
357.20000,-0.36759,-1.54920,1.58118
357.25000,-0.36760,-1.54845,1.59574
357.30000,-0.36761,-1.54789,1.61139
357.35000,-0.36762,-1.54738,1.62705
357.40000,-0.36764,-1.54683,1.64273
357.45000,-0.36771,-1.54641,1.64477
357.50000,-0.36798,-1.54311,1.63163
357.55000,-0.36823,-1.53780,1.61903
357.60000,-0.36835,-1.53382,1.61204
357.65000,-0.36848,-1.52945,1.58944
357.70000,-0.36850,-1.52266,1.55897
357.75000,-0.36836,-1.51529,1.53894
357.80000,-0.36831,-1.51003,1.53043
357.85000,-0.36829,-1.50726,1.53389
357.90000,-0.36827,-1.50660,1.54859
357.95000,-0.36827,-1.50596,1.56365
358.00000,-0.36827,-1.50531,1.57864
358.05000,-0.36828,-1.50494,1.58265
358.10000,-0.36830,-1.50343,1.58294
358.15000,-0.36831,-1.50241,1.59467
358.20000,-0.36832,-1.50184,1.60883
358.25000,-0.36834,-1.50132,1.62329
358.30000,-0.36836,-1.50082,1.63788
358.35000,-0.36842,-1.50051,1.64083
358.40000,-0.36871,-1.49840,1.63098
358.45000,-0.36901,-1.49407,1.60905
358.50000,-0.36921,-1.48817,1.58087
358.55000,-0.36919,-1.48106,1.55376
358.60000,-0.36913,-1.47483,1.53771
358.65000,-0.36913,-1.47070,1.53361
358.70000,-0.36913,-1.46754,1.53499
358.75000,-0.36912,-1.46571,1.54326
358.80000,-0.36911,-1.46510,1.55773
358.85000,-0.36910,-1.46451,1.57254
358.90000,-0.36911,-1.46392,1.58714
358.95000,-0.36912,-1.46333,1.60161
359.00000,-0.36915,-1.46304,1.60416
359.05000,-0.36920,-1.46144,1.60501
359.10000,-0.36922,-1.46056,1.61763
359.15000,-0.36924,-1.46015,1.63105
359.20000,-0.36928,-1.45959,1.62993
359.25000,-0.36948,-1.45631,1.61445
359.30000,-0.36968,-1.45115,1.58998
359.35000,-0.36971,-1.44435,1.55871
359.40000,-0.36953,-1.43679,1.53682
359.45000,-0.36943,-1.43131,1.52617
359.50000,-0.36934,-1.42673,1.51933
359.55000,-0.36926,-1.42320,1.51892
359.60000,-0.36920,-1.42145,1.52733
359.65000,-0.36918,-1.42096,1.54132
359.70000,-0.36918,-1.42055,1.55516
359.75000,-0.36917,-1.41993,1.57003
359.80000,-0.36918,-1.41941,1.58446
359.85000,-0.36918,-1.41898,1.59847
359.90000,-0.36921,-1.41869,1.60246
359.95000,-0.36927,-1.41711,1.60155
360.00000,-0.36929,-1.41589,1.61130
360.05000,-0.36931,-1.41533,1.62546
360.10000,-0.36935,-1.41486,1.62541
360.15000,-0.36951,-1.41175,1.60842
360.20000,-0.36960,-1.40709,1.59346
360.25000,-0.36965,-1.40362,1.58703
360.30000,-0.36967,-1.40030,1.57969
360.35000,-0.36968,-1.39845,1.57692
360.40000,-0.36968,-1.39468,1.56201
360.45000,-0.36961,-1.38930,1.55165
360.50000,-0.36959,-1.38579,1.55063
360.55000,-0.36959,-1.38355,1.55444
360.60000,-0.36959,-1.38205,1.56145
360.65000,-0.36959,-1.38145,1.57256
360.70000,-0.36959,-1.38107,1.58523
360.75000,-0.36960,-1.38080,1.59741
360.80000,-0.36960,-1.38053,1.60957
360.85000,-0.36962,-1.38026,1.62172
360.90000,-0.36965,-1.38000,1.62858
360.95000,-0.36987,-1.37743,1.61590
361.00000,-0.37006,-1.37182,1.58914
361.05000,-0.37008,-1.36362,1.55704
361.10000,-0.36989,-1.35540,1.53300
361.15000,-0.36978,-1.34857,1.51700
361.20000,-0.36967,-1.34188,1.50254
361.25000,-0.36957,-1.33520,1.48936
361.30000,-0.36946,-1.32860,1.47723
361.35000,-0.36936,-1.32209,1.46607
361.40000,-0.36926,-1.31567,1.45584
361.45000,-0.36917,-1.30933,1.44649
361.50000,-0.36907,-1.30306,1.43796
361.55000,-0.36898,-1.29685,1.43020
361.60000,-0.36889,-1.29070,1.42316
361.65000,-0.36880,-1.28458,1.41678
361.70000,-0.36871,-1.27857,1.41127
361.75000,-0.36864,-1.27290,1.40754
361.80000,-0.36857,-1.26734,1.40517
361.85000,-0.36849,-1.26179,1.40282
361.90000,-0.36843,-1.25635,1.40176
361.95000,-0.36836,-1.25091,1.40072
362.00000,-0.36830,-1.24559,1.40094
362.05000,-0.36825,-1.24035,1.40159
362.10000,-0.36823,-1.23683,1.40964
362.15000,-0.36828,-1.23512,1.42514
362.20000,-0.36826,-1.23471,1.44597
362.25000,-0.36822,-1.23441,1.46743
362.30000,-0.36820,-1.23414,1.48870
362.35000,-0.36818,-1.23387,1.50979
362.40000,-0.36816,-1.23345,1.53152
362.45000,-0.36815,-1.23292,1.55362
362.50000,-0.36814,-1.23263,1.57457
362.55000,-0.36815,-1.23220,1.59606
362.60000,-0.36816,-1.23145,1.61866
362.65000,-0.36820,-1.23073,1.64063
362.70000,-0.36822,-1.23011,1.66222
362.75000,-0.36832,-1.22950,1.67047
362.80000,-0.36873,-1.22630,1.66207
362.85000,-0.36926,-1.22007,1.64053
362.90000,-0.36970,-1.21199,1.61074
362.95000,-0.36993,-1.20226,1.57804
363.00000,-0.36990,-1.19245,1.55332
363.05000,-0.36986,-1.18507,1.54161
363.10000,-0.36993,-1.17986,1.54057
363.15000,-0.37002,-1.17573,1.54447
363.20000,-0.37008,-1.17253,1.55232
363.25000,-0.37009,-1.17030,1.56433
363.30000,-0.37010,-1.16942,1.58168
363.35000,-0.37010,-1.16911,1.60195
363.40000,-0.37017,-1.16889,1.61852
363.45000,-0.37031,-1.16783,1.63192
363.50000,-0.37034,-1.16703,1.65205
363.55000,-0.37040,-1.16634,1.65737
363.60000,-0.37073,-1.16264,1.64657
363.65000,-0.37120,-1.15675,1.62624
363.70000,-0.37162,-1.14953,1.60070
363.75000,-0.37174,-1.14049,1.56549
363.80000,-0.37159,-1.13100,1.53676
363.85000,-0.37144,-1.12221,1.51630
363.90000,-0.37123,-1.11502,1.50438
363.95000,-0.37111,-1.11055,1.50631
364.00000,-0.37109,-1.10932,1.52360
364.05000,-0.37107,-1.10875,1.54377
364.10000,-0.37106,-1.10822,1.56360
364.15000,-0.37107,-1.10787,1.58260
364.20000,-0.37107,-1.10754,1.60132
364.25000,-0.37109,-1.10687,1.62129
364.30000,-0.37114,-1.10617,1.62634
364.35000,-0.37134,-1.10314,1.61745
364.40000,-0.37152,-1.09812,1.61165
364.45000,-0.37158,-1.09482,1.61804
364.50000,-0.37164,-1.09351,1.61953
364.55000,-0.37184,-1.08961,1.60673
364.60000,-0.37199,-1.08336,1.58129
364.65000,-0.37195,-1.07561,1.54722
364.70000,-0.37169,-1.06747,1.52561
364.75000,-0.37148,-1.06101,1.51633
364.80000,-0.37125,-1.05547,1.51100
364.85000,-0.37108,-1.05094,1.51189
364.90000,-0.37089,-1.04732,1.51782
364.95000,-0.37076,-1.04440,1.52757
365.00000,-0.37069,-1.04221,1.54105
365.05000,-0.37067,-1.04109,1.55975
365.10000,-0.37066,-1.04030,1.58024
365.15000,-0.37067,-1.03954,1.60058
365.20000,-0.37069,-1.03877,1.62076
365.25000,-0.37073,-1.03803,1.64083
365.30000,-0.37079,-1.03778,1.64795
365.35000,-0.37092,-1.03596,1.65452
365.40000,-0.37101,-1.03495,1.66285
365.45000,-0.37135,-1.03145,1.65166
365.50000,-0.37176,-1.02552,1.62717
365.55000,-0.37206,-1.01800,1.59400
365.60000,-0.37209,-1.00930,1.55512
365.65000,-0.37177,-1.00033,1.51438
365.70000,-0.37125,-0.99135,1.47894
365.75000,-0.37063,-0.98271,1.45530
365.80000,-0.37006,-0.97674,1.44845
365.85000,-0.36955,-0.97233,1.45032
365.90000,-0.36914,-0.96872,1.45672
365.95000,-0.36884,-0.96592,1.46745
366.00000,-0.36866,-0.96392,1.48242
366.05000,-0.36858,-0.96273,1.50148
366.10000,-0.36854,-0.96197,1.52250
366.15000,-0.36850,-0.96119,1.54354
366.20000,-0.36849,-0.96044,1.56423
366.25000,-0.36849,-0.95968,1.58484
366.30000,-0.36850,-0.95893,1.60524
366.35000,-0.36853,-0.95818,1.62544
366.40000,-0.36857,-0.95744,1.64546
366.45000,-0.36864,-0.95684,1.65004
366.50000,-0.36890,-0.95379,1.63815
366.55000,-0.36919,-0.94927,1.62097
366.60000,-0.36945,-0.94350,1.59858
366.65000,-0.36958,-0.93638,1.56876
366.70000,-0.36939,-0.92744,1.53046
366.75000,-0.36900,-0.91840,1.49690
366.80000,-0.36845,-0.90947,1.47266
366.85000,-0.36782,-0.90182,1.45759
366.90000,-0.36716,-0.89527,1.44920
366.95000,-0.36649,-0.88880,1.44147
367.00000,-0.36579,-0.88239,1.43468
367.05000,-0.36505,-0.87607,1.42914
367.10000,-0.36430,-0.86980,1.42437
367.15000,-0.36350,-0.86367,1.42103
367.20000,-0.36269,-0.85772,1.41979
367.25000,-0.36188,-0.85178,1.41860
367.30000,-0.36107,-0.84584,1.41742
367.35000,-0.36026,-0.83990,1.41623
367.40000,-0.35945,-0.83396,1.41504
367.45000,-0.35863,-0.82803,1.41386
367.50000,-0.35785,-0.82221,1.41466
367.55000,-0.35719,-0.81758,1.42329
367.60000,-0.35664,-0.81366,1.43589
367.65000,-0.35627,-0.81058,1.45208
367.70000,-0.35609,-0.80888,1.47125
367.75000,-0.35604,-0.80815,1.49429
367.80000,-0.35600,-0.80781,1.51924
367.85000,-0.35599,-0.80748,1.54397
367.90000,-0.35599,-0.80713,1.56856
367.95000,-0.35599,-0.80641,1.59446
368.00000,-0.35601,-0.80583,1.61947
368.05000,-0.35602,-0.80556,1.64301
368.10000,-0.35605,-0.80520,1.66663
368.15000,-0.35612,-0.80433,1.69204
368.20000,-0.35625,-0.80385,1.70927
368.25000,-0.35652,-0.80239,1.72464
368.30000,-0.35661,-0.80164,1.74772
368.35000,-0.35676,-0.80097,1.75609
368.40000,-0.35751,-0.79791,1.75221
368.45000,-0.35848,-0.79252,1.74875
368.50000,-0.35901,-0.78861,1.75160
368.55000,-0.35994,-0.78392,1.74273
368.60000,-0.36110,-0.77727,1.72552
368.65000,-0.36246,-0.76894,1.70023
368.70000,-0.36360,-0.75903,1.67001
368.75000,-0.36444,-0.74907,1.63963
368.80000,-0.36492,-0.74057,1.62557
368.85000,-0.36517,-0.73469,1.62201
368.90000,-0.36524,-0.73147,1.62976
368.95000,-0.36529,-0.73020,1.64663
369.00000,-0.36531,-0.72993,1.66572
369.05000,-0.36534,-0.72966,1.68467
369.10000,-0.36537,-0.72940,1.70346
369.15000,-0.36541,-0.72913,1.72207
369.20000,-0.36545,-0.72886,1.74051
369.25000,-0.36550,-0.72860,1.75434
369.30000,-0.36580,-0.72726,1.76635
369.35000,-0.36590,-0.72652,1.78031
369.40000,-0.36635,-0.72494,1.78166
369.45000,-0.36704,-0.72197,1.77565
369.50000,-0.36794,-0.71762,1.76415
369.55000,-0.36907,-0.71175,1.74594
369.60000,-0.37048,-0.70393,1.71963
369.65000,-0.37180,-0.69417,1.68605
369.70000,-0.37278,-0.68422,1.65145
369.75000,-0.37334,-0.67563,1.63327
369.80000,-0.37360,-0.66983,1.62628
369.85000,-0.37373,-0.66621,1.62829
369.90000,-0.37375,-0.66540,1.64155
369.95000,-0.37377,-0.66513,1.65707
370.00000,-0.37380,-0.66486,1.67253
370.05000,-0.37383,-0.66459,1.68791
370.10000,-0.37386,-0.66432,1.70321
370.15000,-0.37390,-0.66405,1.71842
370.20000,-0.37394,-0.66379,1.73353
370.25000,-0.37399,-0.66352,1.74855
370.30000,-0.37404,-0.66326,1.76346
370.35000,-0.37409,-0.66299,1.77826
370.40000,-0.37416,-0.66273,1.78628
370.45000,-0.37450,-0.66129,1.78558
370.50000,-0.37512,-0.65850,1.77929
370.55000,-0.37599,-0.65437,1.76703
370.60000,-0.37709,-0.64873,1.74864
370.65000,-0.37847,-0.64118,1.72245
370.70000,-0.37956,-0.63304,1.70167
370.75000,-0.38015,-0.62780,1.69439
370.80000,-0.38043,-0.62519,1.69825
370.85000,-0.38050,-0.62434,1.71100
370.90000,-0.38054,-0.62404,1.72429
370.95000,-0.38059,-0.62376,1.73749
371.00000,-0.38064,-0.62348,1.75061
371.05000,-0.38070,-0.62321,1.76367
371.10000,-0.38075,-0.62293,1.77665
371.15000,-0.38081,-0.62265,1.78951
371.20000,-0.38087,-0.62237,1.80239
371.25000,-0.38096,-0.62204,1.80780
371.30000,-0.38152,-0.62013,1.80349
371.35000,-0.38249,-0.61619,1.79108
371.40000,-0.38372,-0.61065,1.78052
371.45000,-0.38440,-0.60732,1.77474
371.50000,-0.38522,-0.60369,1.76975
371.55000,-0.38551,-0.60191,1.77569
371.60000,-0.38560,-0.60144,1.78754
371.65000,-0.38566,-0.60115,1.79882
371.70000,-0.38576,-0.60071,1.81065
371.75000,-0.38588,-0.60016,1.82285
371.80000,-0.38612,-0.59924,1.82100
371.85000,-0.38715,-0.59526,1.80502
371.90000,-0.38834,-0.58994,1.79310
371.95000,-0.38887,-0.58719,1.79344
372.00000,-0.38898,-0.58651,1.80361
372.05000,-0.38905,-0.58623,1.81426
372.10000,-0.38912,-0.58597,1.82485
372.15000,-0.38919,-0.58571,1.83540
372.20000,-0.38927,-0.58545,1.83945
372.25000,-0.38971,-0.58402,1.83583
372.30000,-0.39046,-0.58127,1.82691
372.35000,-0.39156,-0.57701,1.81150
372.40000,-0.39300,-0.57089,1.78819
372.45000,-0.39461,-0.56332,1.76491
372.50000,-0.39553,-0.55801,1.75119
372.55000,-0.39590,-0.55547,1.75090
372.60000,-0.39596,-0.55506,1.76012
372.65000,-0.39603,-0.55469,1.77026
372.70000,-0.39611,-0.55430,1.78047
372.75000,-0.39617,-0.55403,1.79021
372.80000,-0.39622,-0.55378,1.79994
372.85000,-0.39629,-0.55350,1.80972
372.90000,-0.39640,-0.55306,1.82007
372.95000,-0.39650,-0.55262,1.83042
373.00000,-0.39662,-0.55214,1.84095
373.05000,-0.39676,-0.55163,1.85168
373.10000,-0.39692,-0.55112,1.86234
373.15000,-0.39707,-0.55061,1.87297
373.20000,-0.39713,-0.55024,1.87731
373.25000,-0.39761,-0.54885,1.87257
373.30000,-0.39834,-0.54648,1.86288
373.35000,-0.39949,-0.54256,1.84507
373.40000,-0.40109,-0.53656,1.81617
373.45000,-0.40293,-0.52901,1.78735
373.50000,-0.40406,-0.52305,1.77036
373.55000,-0.40450,-0.52029,1.76806
373.60000,-0.40461,-0.51954,1.77654
373.65000,-0.40470,-0.51909,1.78660
373.70000,-0.40479,-0.51863,1.79677
373.75000,-0.40490,-0.51815,1.80716
373.80000,-0.40501,-0.51768,1.81722
373.85000,-0.40513,-0.51720,1.82750
373.90000,-0.40525,-0.51674,1.83773
373.95000,-0.40538,-0.51624,1.84790
374.00000,-0.40550,-0.51579,1.85823
374.05000,-0.40565,-0.51530,1.86835
374.10000,-0.40579,-0.51484,1.87849
374.15000,-0.40593,-0.51437,1.88863
374.20000,-0.40609,-0.51389,1.89871
374.25000,-0.40629,-0.51347,1.89824
374.30000,-0.40776,-0.50939,1.89136
374.35000,-0.40981,-0.50332,1.88562
374.40000,-0.41173,-0.49740,1.87903
374.45000,-0.41348,-0.49147,1.88005
374.50000,-0.41375,-0.49020,1.88610
374.55000,-0.41389,-0.48975,1.89577
374.60000,-0.41403,-0.48932,1.90550
374.65000,-0.41530,-0.48733,1.91568
374.70000,-0.41858,-0.47910,1.92429
374.75000,-0.42213,-0.46957,1.93367
374.80000,-0.42577,-0.46011,1.94304
374.85000,-0.42926,-0.45102,1.94291
374.90000,-0.43179,-0.44403,1.91700
374.95000,-0.43415,-0.43719,1.90031
375.00000,-0.43698,-0.42903,1.90244
375.05000,-0.44025,-0.41960,1.91071
375.10000,-0.44237,-0.41134,1.91967
375.15000,-0.44305,-0.40625,1.93262
375.20000,-0.44648,-0.39765,1.94347
375.25000,-0.45019,-0.38826,1.95311
375.30000,-0.45401,-0.37887,1.96262
375.35000,-0.45788,-0.36961,1.97270
375.40000,-0.46192,-0.36022,1.98203
375.45000,-0.46605,-0.35087,1.99133
375.50000,-0.47026,-0.34155,2.00061
375.55000,-0.47456,-0.33228,2.00986
375.60000,-0.47895,-0.32305,2.01909
375.65000,-0.48342,-0.31386,2.02829
375.70000,-0.48797,-0.30471,2.03746
375.75000,-0.49261,-0.29561,2.04660
375.80000,-0.49733,-0.28655,2.05570
375.85000,-0.50213,-0.27753,2.06476
375.90000,-0.50702,-0.26855,2.07378
375.95000,-0.51198,-0.25963,2.08276
376.00000,-0.51702,-0.25074,2.09169
376.05000,-0.52215,-0.24191,2.10057
376.10000,-0.52734,-0.23311,2.10939
376.15000,-0.53262,-0.22437,2.11817
376.20000,-0.53798,-0.21567,2.12689
376.25000,-0.54340,-0.20702,2.13555
376.30000,-0.54891,-0.19842,2.14414
376.35000,-0.55448,-0.18987,2.15268
376.40000,-0.56013,-0.18136,2.16116
376.45000,-0.56585,-0.17291,2.16956
376.50000,-0.57164,-0.16450,2.17790
376.55000,-0.57750,-0.15614,2.18618
376.60000,-0.58343,-0.14783,2.19438
376.65000,-0.58942,-0.13957,2.20251
376.70000,-0.59548,-0.13136,2.21057
376.75000,-0.60160,-0.12321,2.21856
376.80000,-0.60779,-0.11510,2.22647
376.85000,-0.61404,-0.10704,2.23431
376.90000,-0.62035,-0.09904,2.24207
376.95000,-0.62673,-0.09108,2.24976
377.00000,-0.63316,-0.08317,2.25736
377.05000,-0.63965,-0.07532,2.26489
377.10000,-0.64619,-0.06751,2.27234
377.15000,-0.65280,-0.05976,2.27971
377.20000,-0.65946,-0.05205,2.28699
377.25000,-0.66617,-0.04440,2.29420
377.30000,-0.67294,-0.03680,2.30132
377.35000,-0.67975,-0.02924,2.30836
377.40000,-0.68663,-0.02174,2.31531
377.45000,-0.69354,-0.01428,2.32204
377.50000,-0.70050,-0.00688,2.32871
377.55100,-0.70752,0.00049,2.33542
377.60000,-0.71458,0.00782,2.34206
377.65000,-0.72168,0.01509,2.34866
377.70000,-0.72882,0.02230,2.35523
377.75000,-0.73600,0.02945,2.36176
377.80000,-0.74322,0.03655,2.36825
377.85000,-0.75047,0.04360,2.37471
377.90000,-0.75778,0.05060,2.38104
377.95000,-0.76515,0.05758,2.38713
378.00000,-0.77257,0.06452,2.39310
378.05000,-0.78002,0.07141,2.39899
378.10000,-0.78752,0.07826,2.40478
378.15000,-0.79505,0.08506,2.41047
378.20000,-0.80262,0.09181,2.41598
378.25000,-0.81021,0.09852,2.42138
378.30000,-0.81784,0.10517,2.42669
378.35000,-0.82549,0.11179,2.43190
378.40000,-0.83316,0.11834,2.43694
378.45000,-0.84087,0.12486,2.44205
378.50000,-0.84857,0.13131,2.44695
378.55000,-0.85629,0.13771,2.45162
378.60000,-0.86403,0.14406,2.45625
378.65000,-0.87175,0.15035,2.46072
378.70000,-0.87949,0.15659,2.46517
378.75000,-0.88723,0.16277,2.46963
378.80000,-0.89504,0.16896,2.47399
378.85000,-0.90281,0.17506,2.47847
378.90000,-0.91062,0.18113,2.48287
378.95000,-0.91846,0.18717,2.48719
379.00000,-0.92632,0.19318,2.49144
379.05000,-0.93421,0.19915,2.49561
379.10000,-0.94212,0.20509,2.49971
379.15000,-0.95007,0.21100,2.50374
379.20000,-0.95803,0.21688,2.50770
379.25000,-0.96602,0.22273,2.51158
379.30000,-0.97404,0.22855,2.51539
379.35000,-0.98207,0.23435,2.51914
379.40000,-0.99013,0.24011,2.52281
379.45000,-0.99822,0.24584,2.52641
379.50000,-1.00632,0.25155,2.52994
379.55000,-1.01445,0.25723,2.53341
379.60000,-1.02259,0.26288,2.53681
379.65000,-1.03076,0.26850,2.54014
379.70000,-1.03895,0.27410,2.54341
379.75000,-1.04715,0.27968,2.54661
379.80000,-1.05538,0.28522,2.54975
379.85000,-1.06362,0.29075,2.55283
379.90000,-1.07188,0.29625,2.55584
379.95000,-1.08018,0.30173,2.55877
380.00000,-1.08855,0.30723,2.56177
380.05000,-1.09696,0.31272,2.56462
380.10000,-1.10540,0.31819,2.56742
380.15000,-1.11385,0.32364,2.57024
380.20000,-1.12231,0.32907,2.57286
380.25000,-1.13079,0.33447,2.57550
380.30000,-1.13927,0.33985,2.57797
380.35000,-1.14779,0.34522,2.58047
380.40000,-1.15631,0.35056,2.58283
380.45000,-1.16485,0.35589,2.58532
380.50000,-1.17341,0.36120,2.58783
380.55000,-1.18197,0.36648,2.59032
380.60000,-1.19054,0.37174,2.59279
380.65000,-1.19911,0.37697,2.59523
380.70000,-1.20769,0.38217,2.59766
380.75000,-1.21628,0.38736,2.60006
380.80000,-1.22487,0.39251,2.60244
380.85000,-1.23346,0.39765,2.60480
380.90000,-1.24206,0.40275,2.60714
380.95000,-1.25067,0.40784,2.60945
381.00000,-1.25928,0.41290,2.61175
381.05000,-1.26790,0.41793,2.61402
381.10000,-1.27654,0.42296,2.61601
381.15000,-1.28523,0.42799,2.61760
381.20000,-1.29392,0.43300,2.61916
381.25000,-1.30262,0.43800,2.62066
381.30000,-1.31133,0.44299,2.62216
381.35000,-1.32004,0.44796,2.62361
381.40000,-1.32876,0.45292,2.62495
381.45000,-1.33747,0.45786,2.62621
381.50000,-1.34618,0.46279,2.62743
381.55000,-1.35491,0.46772,2.62870
381.60000,-1.36367,0.47263,2.63117
381.65000,-1.37242,0.47752,2.63347
381.70000,-1.38121,0.48240,2.63638
381.75000,-1.38997,0.48723,2.63910
381.80000,-1.39876,0.49204,2.64177
381.85000,-1.40754,0.49682,2.64449
381.90000,-1.41631,0.50156,2.64716
381.95000,-1.42510,0.50629,2.64982
382.00000,-1.43390,0.51099,2.65243
382.05000,-1.44272,0.51566,2.65509
382.10000,-1.45151,0.52029,2.65779
382.15000,-1.46031,0.52490,2.66044
382.20000,-1.46912,0.52949,2.66305
382.25000,-1.47794,0.53405,2.66560
382.30000,-1.48678,0.53860,2.66812
382.35000,-1.49563,0.54312,2.67059
382.40000,-1.50450,0.54762,2.67301
382.45000,-1.51337,0.55210,2.67540
382.50000,-1.52226,0.55655,2.67774
382.55000,-1.53115,0.56099,2.68004
382.60000,-1.54006,0.56541,2.68229
382.65000,-1.54898,0.56981,2.68451
382.70000,-1.55791,0.57419,2.68668
382.75000,-1.56685,0.57855,2.68881
382.80000,-1.57580,0.58289,2.69090
382.85000,-1.58476,0.58722,2.69295
382.90000,-1.59373,0.59152,2.69496
382.95000,-1.60273,0.59582,2.69697
383.00000,-1.61179,0.60013,2.69898
383.05000,-1.62085,0.60441,2.70075
383.10000,-1.62990,0.60867,2.70281
383.15000,-1.63899,0.61292,2.70464
383.20000,-1.64806,0.61715,2.70656
383.25000,-1.65716,0.62137,2.70845
383.30000,-1.66626,0.62557,2.71024
383.35000,-1.67538,0.62975,2.71200
383.40000,-1.68451,0.63393,2.71380
383.45000,-1.69365,0.63809,2.71559
383.50000,-1.70280,0.64224,2.71736
383.55000,-1.71195,0.64636,2.71912
383.60000,-1.72110,0.65047,2.72086
383.65000,-1.73025,0.65456,2.72259
383.70000,-1.73941,0.65863,2.72431
383.75000,-1.74857,0.66268,2.72600
383.80000,-1.75772,0.66672,2.72769
383.85000,-1.76688,0.67073,2.72935
383.90000,-1.77604,0.67473,2.73101
383.95000,-1.78521,0.67872,2.73265
384.00000,-1.79437,0.68268,2.73427
384.05000,-1.80354,0.68663,2.73587
384.10000,-1.81270,0.69056,2.73747
384.15000,-1.82191,0.69449,2.73858
384.20000,-1.83114,0.69842,2.73963
384.25000,-1.84036,0.70234,2.74062
384.30000,-1.84959,0.70624,2.74163
384.35000,-1.85883,0.71014,2.74265
384.40000,-1.86806,0.71403,2.74352
384.45000,-1.87729,0.71790,2.74437
384.50000,-1.88652,0.72177,2.74521
384.55000,-1.89576,0.72563,2.74603
384.60000,-1.90499,0.72948,2.74681
384.65000,-1.91422,0.73333,2.74758
384.70000,-1.92346,0.73716,2.74835
384.75000,-1.93269,0.74099,2.74910
384.80000,-1.94194,0.74481,2.74985
384.85000,-1.95118,0.74863,2.75060
384.90000,-1.96043,0.75243,2.75134
384.95000,-1.96968,0.75623,2.75209
385.00000,-1.97893,0.76003,2.75283
385.05000,-1.98818,0.76381,2.75359
385.10000,-1.99744,0.76759,2.75435
385.15000,-2.00670,0.77136,2.75516
385.20000,-2.01598,0.77513,2.75598
385.25000,-2.02524,0.77888,2.75689
385.30000,-2.03450,0.78263,2.75778
385.35000,-2.04375,0.78636,2.75874
385.40000,-2.05301,0.79008,2.75974
385.45000,-2.06226,0.79379,2.76080
385.50000,-2.07152,0.79749,2.76193
385.55000,-2.08078,0.80118,2.76314
385.60000,-2.09005,0.80486,2.76446
385.65000,-2.09932,0.80852,2.76590
385.70000,-2.10858,0.81217,2.76747
385.75000,-2.11786,0.81580,2.76917
385.80000,-2.12713,0.81941,2.77100
385.85000,-2.13641,0.82301,2.77294
385.90000,-2.14569,0.82658,2.77502
385.95000,-2.15498,0.83014,2.77724
386.00000,-2.16428,0.83367,2.77966
386.05000,-2.17367,0.83721,2.78226
386.10000,-2.18305,0.84072,2.78529
386.15000,-2.19247,0.84421,2.78830
386.20000,-2.20189,0.84766,2.79143
386.25000,-2.21133,0.85108,2.79494
386.30000,-2.22079,0.85448,2.79869
386.35000,-2.23027,0.85784,2.80265
386.40000,-2.23979,0.86117,2.80710
386.45000,-2.24933,0.86446,2.81214
386.50000,-2.25888,0.86770,2.81743
386.55000,-2.26849,0.87090,2.82317
386.60000,-2.27809,0.87404,2.82975
386.65000,-2.28771,0.87710,2.83708
386.70000,-2.29739,0.88011,2.84483
386.75000,-2.30707,0.88303,2.85346
386.80000,-2.31678,0.88586,2.86248
386.85000,-2.32660,0.88863,2.87242
386.90000,-2.33646,0.89129,2.88378
386.95000,-2.34641,0.89384,2.89651
387.00000,-2.35643,0.89635,2.90919
387.05000,-2.36185,0.89679,2.91935
387.10000,-2.36265,0.89694,2.93513
387.15000,-2.36334,0.89707,2.95271
387.20000,-2.36404,0.89720,2.97074
387.25000,-2.36476,0.89732,2.98931
387.30000,-2.36549,0.89742,3.00816
387.35000,-2.36623,0.89751,3.02702
387.40000,-2.36698,0.89758,3.04592
387.45000,-2.36769,0.89764,3.06486
387.50000,-2.36843,0.89769,3.08432
387.55000,-2.36917,0.89772,3.10442
387.60000,-2.36991,0.89774,3.12458
387.65000,-2.37056,0.89774,-3.13893
387.70000,-2.37108,0.89774,-3.11992
387.75000,-2.37168,0.89772,-3.10053
387.80000,-2.37235,0.89770,-3.08061
387.85000,-2.37300,0.89766,-3.06096
387.90000,-2.37355,0.89763,-3.04152
387.95000,-2.37385,0.89760,-3.02243
388.00000,-2.37441,0.89754,-3.00274
388.05000,-2.37491,0.89750,-2.98197
388.10000,-2.37558,0.89741,-2.96136
388.15000,-2.37633,0.89731,-2.94049
388.20000,-2.37708,0.89718,-2.91977
388.25000,-2.37781,0.89705,-2.89927
388.30000,-2.37855,0.89690,-2.87897
388.35000,-2.37926,0.89674,-2.85896
388.40000,-2.38180,0.89569,-2.83905
388.45000,-2.38955,0.89292,-2.82073
388.50000,-2.39935,0.88956,-2.80159
388.55000,-2.40920,0.88597,-2.78205
388.60000,-2.41898,0.88219,-2.76228
388.65000,-2.42868,0.87821,-2.74220
388.70000,-2.43755,0.87439,-2.72196
388.75000,-2.44617,0.87044,-2.70144
388.80000,-2.45471,0.86631,-2.68088
388.85000,-2.46317,0.86200,-2.66070
388.90000,-2.47156,0.85752,-2.64124
388.95000,-2.47988,0.85287,-2.62256
389.00000,-2.48814,0.84806,-2.60481
389.05000,-2.49654,0.84297,-2.58844
389.10000,-2.50467,0.83786,-2.57257
389.15000,-2.51274,0.83262,-2.55778
389.20000,-2.52076,0.82724,-2.54402
389.25000,-2.52873,0.82174,-2.53117
389.30000,-2.53664,0.81613,-2.51910
389.35000,-2.54472,0.81027,-2.50871
389.40000,-2.55281,0.80428,-2.49878
389.45000,-2.56089,0.79818,-2.49024
389.50000,-2.56898,0.79196,-2.48192
389.55000,-2.57698,0.78570,-2.47480
389.60000,-2.58489,0.77945,-2.46903
389.65000,-2.59277,0.77314,-2.46436
389.70000,-2.60061,0.76681,-2.46084
389.75000,-2.60843,0.76046,-2.45852
389.80000,-2.61615,0.75421,-2.45622
389.85000,-2.61999,0.75176,-2.45296
389.90000,-2.62035,0.75150,-2.45349
389.95000,-2.62060,0.75129,-2.45500
390.00000,-2.62087,0.75107,-2.45657
390.05000,-2.62114,0.75085,-2.45812
390.10000,-2.62142,0.75063,-2.45969
390.15000,-2.62169,0.75041,-2.46130
390.20000,-2.62196,0.75021,-2.46301
390.25000,-2.62222,0.75002,-2.46493
390.30000,-2.62249,0.74983,-2.46703
390.35000,-2.62275,0.74964,-2.46934
390.40000,-2.62300,0.74945,-2.47170
390.45000,-2.62326,0.74926,-2.47415
390.50000,-2.62351,0.74907,-2.47675
390.55000,-2.62377,0.74889,-2.47953
390.60000,-2.62402,0.74870,-2.48257
390.65000,-2.62427,0.74853,-2.48577
390.70000,-2.62452,0.74835,-2.48896
390.75000,-2.62477,0.74817,-2.49216
390.80000,-2.62501,0.74799,-2.49540
390.85000,-2.62527,0.74782,-2.49851
390.90000,-2.62747,0.74572,-2.50178
390.95000,-2.63388,0.74013,-2.50437
391.00000,-2.64187,0.73423,-2.50736
391.05000,-2.64987,0.72837,-2.51111
391.10000,-2.65785,0.72254,-2.51486
391.15000,-2.66396,0.71859,-2.51775
391.20000,-2.66485,0.71836,-2.52289
391.25000,-2.66504,0.71823,-2.52954
391.30000,-2.66523,0.71809,-2.53618
391.35000,-2.66542,0.71796,-2.54289
391.40000,-2.66561,0.71783,-2.54966
391.45000,-2.66580,0.71771,-2.55651
391.50000,-2.66599,0.71758,-2.56341
391.55000,-2.66618,0.71746,-2.57037
391.60000,-2.66637,0.71734,-2.57739
391.65000,-2.66656,0.71722,-2.58447
391.70000,-2.66675,0.71710,-2.59159
391.75000,-2.66694,0.71699,-2.59875
391.80000,-2.66713,0.71687,-2.60597
391.85000,-2.66731,0.71676,-2.61326
391.90000,-2.66888,0.71546,-2.62000
391.95000,-2.67337,0.71136,-2.62553
392.00000,-2.68095,0.70657,-2.63323
392.05000,-2.68934,0.70196,-2.64089
392.10000,-2.69313,0.70083,-2.64709
392.15000,-2.69331,0.70075,-2.65681
392.20000,-2.69345,0.70069,-2.66691
392.25000,-2.69360,0.70064,-2.67701
392.30000,-2.69375,0.70058,-2.68708
392.35000,-2.69390,0.70053,-2.69712
392.40000,-2.69405,0.70048,-2.70713
392.45000,-2.69422,0.70040,-2.71684
392.50000,-2.69594,0.69882,-2.72592
392.55000,-2.70173,0.69504,-2.73488
392.60000,-2.71055,0.69123,-2.74498
392.65000,-2.71954,0.68746,-2.75508
392.70000,-2.72429,0.68666,-2.76291
392.75000,-2.72455,0.68657,-2.77409
392.80000,-2.72467,0.68653,-2.78602
392.85000,-2.72481,0.68648,-2.79827
392.90000,-2.72492,0.68644,-2.81049
392.95000,-2.72506,0.68639,-2.82273
393.00000,-2.72521,0.68634,-2.83494
393.05000,-2.72738,0.68509,-2.84586
393.10000,-2.73285,0.68239,-2.85636
393.15000,-2.74209,0.67972,-2.86828
393.20000,-2.75145,0.67716,-2.88048
393.25000,-2.76084,0.67472,-2.89296
393.30000,-2.77024,0.67239,-2.90545
393.35000,-2.77966,0.67018,-2.91830
393.40000,-2.78911,0.66810,-2.93158
393.45000,-2.79857,0.66614,-2.94517
393.50000,-2.80805,0.66432,-2.95904
393.55000,-2.81755,0.66263,-2.97318
393.60000,-2.82706,0.66108,-2.98754
393.65000,-2.83660,0.65966,-3.00205
393.70000,-2.84615,0.65838,-3.01669
393.75000,-2.85572,0.65725,-3.03140
393.80000,-2.86530,0.65625,-3.04613
393.85000,-2.87489,0.65540,-3.06087
393.90000,-2.88450,0.65469,-3.07559
393.95000,-2.89412,0.65412,-3.09029
394.00000,-2.90374,0.65369,-3.10494
394.05000,-2.91337,0.65341,-3.11954
394.10000,-2.92301,0.65326,-3.13408
394.15000,-2.93264,0.65326,3.13465
394.20000,-2.94228,0.65339,3.12027
394.25000,-2.95192,0.65366,3.10600
394.30000,-2.96156,0.65407,3.09176
394.35000,-2.97119,0.65461,3.07753
394.40000,-2.98081,0.65529,3.06332
394.45000,-2.99042,0.65611,3.04913
394.50000,-3.00001,0.65707,3.03502
394.55000,-3.00960,0.65816,3.02101
394.60000,-3.01918,0.65938,3.00715
394.65000,-3.02874,0.66074,2.99346
394.70000,-3.03829,0.66222,2.97994
394.75000,-3.04781,0.66384,2.96660
394.80000,-3.05740,0.66561,2.95389
394.85000,-3.06708,0.66752,2.94184
394.90000,-3.07681,0.66954,2.93016
394.95000,-3.08654,0.67168,2.91870
395.00000,-3.09625,0.67394,2.90738
395.05000,-3.10593,0.67631,2.89612
395.10000,-3.11551,0.67877,2.88474
395.15000,-3.12498,0.68133,2.87307
395.20000,-3.13440,0.68399,2.86144
395.25000,-3.14370,0.68675,2.84959
395.30000,-3.15298,0.68961,2.83783
395.35000,-3.16222,0.69259,2.82621
395.40000,-3.17143,0.69567,2.81473
395.45000,-3.18061,0.69886,2.80342
395.50000,-3.18976,0.70216,2.79226
395.55000,-3.19888,0.70555,2.78128
395.60000,-3.20796,0.70905,2.77046
395.65000,-3.21700,0.71265,2.75983
395.70000,-3.22602,0.71634,2.74938
395.75000,-3.23500,0.72013,2.73913
395.80000,-3.24394,0.72401,2.72907
395.85000,-3.25285,0.72798,2.71922
395.90000,-3.26173,0.73204,2.70957
395.95000,-3.27057,0.73619,2.70014
396.00000,-3.27938,0.74042,2.69093
396.05000,-3.28815,0.74473,2.68195
396.10000,-3.29689,0.74912,2.67319
396.15000,-3.30565,0.75361,2.66463
396.20000,-3.31440,0.75819,2.65639
396.25000,-3.32326,0.76291,2.64833
396.30000,-3.33195,0.76763,2.64062
396.35000,-3.34059,0.77241,2.63293
396.40000,-3.34915,0.77722,2.62539
396.45000,-3.35767,0.78210,2.61808
396.50000,-3.36617,0.78704,2.61101
396.55000,-3.37463,0.79204,2.60419
396.60000,-3.38308,0.79711,2.59764
396.65000,-3.39151,0.80225,2.59141
396.70000,-3.39990,0.80743,2.58543
396.75000,-3.40829,0.81269,2.57970
396.80000,-3.41665,0.81797,2.57413
396.85000,-3.42497,0.82331,2.56885
396.90000,-3.43327,0.82869,2.56393
396.95000,-3.44153,0.83411,2.55913
397.00000,-3.44979,0.83958,2.55453
397.05000,-3.45802,0.84508,2.55019
397.10000,-3.46623,0.85062,2.54604
397.15000,-3.47443,0.85620,2.54210
397.20000,-3.48261,0.86181,2.53838
397.25000,-3.49077,0.86745,2.53485
397.30000,-3.49891,0.87312,2.53150
397.35000,-3.50704,0.87883,2.52835
397.40000,-3.51515,0.88455,2.52541
397.45000,-3.52326,0.89031,2.52267
397.50000,-3.53135,0.89609,2.52016
397.55000,-3.53943,0.90189,2.51781
397.60000,-3.54750,0.90771,2.51561
397.65000,-3.55556,0.91355,2.51367
397.70000,-3.56362,0.91941,2.51189
397.75000,-3.57166,0.92528,2.51026
397.80000,-3.57970,0.93117,2.50886
397.85000,-3.58773,0.93707,2.50763
397.90000,-3.59577,0.94298,2.50656
397.95000,-3.60380,0.94890,2.50566
398.00000,-3.61182,0.95483,2.50493
398.05000,-3.61985,0.96077,2.50435
398.10000,-3.62788,0.96672,2.50394
398.15000,-3.63591,0.97267,2.50371
398.20000,-3.64395,0.97862,2.50359
398.25000,-3.65198,0.98458,2.50361
398.30000,-3.66001,0.99054,2.50378
398.35000,-3.66806,0.99649,2.50411
398.40000,-3.67609,1.00244,2.50454
398.45000,-3.68414,1.00839,2.50513
398.50000,-3.69218,1.01433,2.50583
398.55000,-3.70021,1.02025,2.50669
398.60000,-3.70824,1.02616,2.50767
398.65000,-3.71628,1.03206,2.50878
398.70000,-3.72432,1.03796,2.51001
398.75000,-3.73237,1.04383,2.51136
398.80000,-3.74043,1.04970,2.51282
398.85000,-3.74849,1.05555,2.51440
398.90000,-3.75655,1.06139,2.51608
398.95000,-3.76463,1.06721,2.51786
399.00000,-3.77271,1.07302,2.51975
399.05000,-3.78081,1.07881,2.52174
399.10000,-3.78891,1.08458,2.52382
399.15000,-3.79702,1.09033,2.52599
399.20000,-3.80515,1.09606,2.52826
399.25000,-3.81328,1.10177,2.53061
399.30000,-3.82143,1.10747,2.53304
399.35000,-3.82959,1.11314,2.53555
399.40000,-3.83777,1.11879,2.53815
399.45000,-3.84595,1.12441,2.54081
399.50000,-3.85415,1.13001,2.54355
399.55000,-3.86237,1.13559,2.54636
399.60000,-3.87060,1.14115,2.54924
399.65000,-3.87884,1.14668,2.55218
399.70000,-3.88710,1.15218,2.55518
399.75000,-3.89543,1.15770,2.55812
399.80000,-3.90381,1.16321,2.56121
399.85000,-3.91222,1.16870,2.56446
399.90000,-3.92067,1.17418,2.56775
399.95000,-3.92912,1.17963,2.57117
400.00000,-3.93758,1.18504,2.57423
400.05000,-3.94607,1.19043,2.57764
400.10000,-3.95460,1.19580,2.58105
400.15000,-3.96316,1.20115,2.58453
400.20000,-3.97172,1.20647,2.58801
400.25000,-3.98031,1.21175,2.59150
400.30000,-3.98892,1.21701,2.59502
400.35000,-3.99754,1.22224,2.59854
400.40000,-4.00619,1.22744,2.60214
400.45000,-4.01485,1.23261,2.60579
400.50000,-4.02353,1.23776,2.60943
400.55000,-4.03223,1.24287,2.61312
400.60000,-4.04095,1.24795,2.61681
400.65000,-4.04969,1.25300,2.62058
400.70000,-4.05848,1.25802,2.62438
400.75000,-4.06728,1.26301,2.62821
400.80000,-4.07607,1.26795,2.63195
400.85000,-4.08489,1.27285,2.63566
400.90000,-4.09372,1.27772,2.63938
400.95000,-4.10257,1.28256,2.64310
401.00000,-4.11142,1.28736,2.64676
401.05000,-4.12032,1.29214,2.65053
401.10000,-4.12921,1.29688,2.65424
401.15000,-4.13809,1.30156,2.65776
401.20000,-4.14698,1.30621,2.66132
401.25000,-4.15588,1.31083,2.66484
401.30000,-4.16479,1.31541,2.66833
401.35000,-4.17372,1.31997,2.67183
401.40000,-4.18267,1.32449,2.67531
401.45000,-4.19162,1.32897,2.67877
401.50000,-4.20062,1.33345,2.68230
401.55000,-4.20960,1.33787,2.68573
401.60000,-4.21859,1.34226,2.68907
401.65000,-4.22759,1.34662,2.69243
401.70000,-4.23660,1.35094,2.69577
401.75000,-4.24560,1.35522,2.69916
401.80000,-4.25465,1.35948,2.70273
401.85000,-4.26373,1.36372,2.70636
401.90000,-4.27280,1.36792,2.70965
401.95000,-4.28189,1.37209,2.71303
402.00000,-4.29098,1.37622,2.71612
402.05000,-4.30008,1.38033,2.71920
402.10000,-4.30920,1.38440,2.72226
402.15000,-4.31832,1.38845,2.72531
402.20000,-4.32746,1.39247,2.72834
402.25000,-4.33661,1.39647,2.73136
402.30000,-4.34580,1.40044,2.73454
402.35000,-4.35498,1.40438,2.73796
402.40000,-4.36410,1.40825,2.74146
402.45000,-4.37323,1.41210,2.74492
402.50000,-4.38239,1.41592,2.74825
402.55000,-4.39164,1.41973,2.75143
402.60000,-4.40087,1.42351,2.75467
402.65000,-4.41013,1.42726,2.75800
402.70000,-4.41947,1.43101,2.76132
402.75000,-4.42880,1.43472,2.76462
402.80000,-4.43817,1.43840,2.76783
402.85000,-4.44750,1.44204,2.77107
402.90000,-4.45685,1.44566,2.77433
402.95000,-4.46624,1.44925,2.77747
403.00000,-4.47564,1.45281,2.78053
403.05000,-4.48503,1.45634,2.78356
403.10000,-4.49446,1.45985,2.78644
403.15000,-4.50390,1.46333,2.78942
403.20000,-4.51336,1.46680,2.79246
403.25000,-4.52283,1.47023,2.79549
403.30000,-4.53231,1.47364,2.79850
403.35000,-4.54178,1.47701,2.80149
403.40000,-4.55126,1.48035,2.80445
403.45000,-4.56074,1.48366,2.80740
403.50000,-4.57022,1.48695,2.81032
403.55000,-4.57971,1.49020,2.81323
403.60000,-4.58920,1.49342,2.81611
403.65000,-4.59868,1.49661,2.81897
403.70000,-4.60818,1.49977,2.82181
403.75000,-4.61772,1.50292,2.82409
403.80000,-4.62727,1.50604,2.82627
403.85000,-4.63683,1.50915,2.82843
403.90000,-4.64640,1.51223,2.83059
403.95000,-4.65597,1.51530,2.83269
404.00000,-4.66554,1.51834,2.83474
404.05000,-4.67512,1.52137,2.83669
404.10000,-4.68468,1.52436,2.83847
404.15000,-4.69426,1.52735,2.84028
404.20000,-4.70384,1.53032,2.84209
404.25000,-4.71342,1.53328,2.84383
404.30000,-4.72301,1.53622,2.84552
404.35000,-4.73259,1.53914,2.84715
404.40000,-4.74218,1.54204,2.84877
404.45000,-4.75178,1.54493,2.85033
404.50000,-4.76138,1.54780,2.85185
404.55000,-4.77098,1.55066,2.85334
404.60000,-4.78059,1.55350,2.85477
404.65000,-4.79020,1.55633,2.85616
404.70000,-4.79981,1.55914,2.85755
404.75000,-4.80943,1.56194,2.85886
404.80000,-4.81904,1.56473,2.86012
404.85000,-4.82866,1.56750,2.86137
404.90000,-4.83829,1.57026,2.86263
404.95000,-4.84792,1.57301,2.86380
405.00000,-4.85755,1.57575,2.86493
405.05000,-4.86717,1.57848,2.86608
405.10000,-4.87680,1.58119,2.86726
405.15000,-4.88643,1.58390,2.86838
405.20000,-4.89604,1.58659,2.86945
405.25000,-4.90565,1.58926,2.87052
405.30000,-4.91526,1.59193,2.87155
405.35000,-4.92487,1.59458,2.87254
405.40000,-4.93449,1.59723,2.87350
405.45000,-4.94411,1.59987,2.87442
405.50000,-4.95374,1.60250,2.87530
405.55000,-4.96337,1.60512,2.87615
405.60000,-4.97300,1.60774,2.87697
405.65000,-4.98264,1.61034,2.87779
405.70000,-4.99229,1.61295,2.87864
405.75000,-5.00196,1.61554,2.87943
405.80000,-5.01162,1.61813,2.88020
405.85000,-5.02128,1.62071,2.88094
405.90000,-5.03094,1.62329,2.88165
405.95000,-5.04061,1.62585,2.88233
406.00000,-5.05027,1.62841,2.88298
406.05000,-5.05994,1.63097,2.88362
406.10000,-5.06961,1.63352,2.88424
406.15000,-5.07928,1.63606,2.88486
406.20000,-5.08895,1.63860,2.88549
406.25000,-5.09863,1.64113,2.88614
406.30000,-5.10831,1.64365,2.88684
406.35000,-5.11798,1.64617,2.88762
406.40000,-5.12766,1.64867,2.88853
406.45000,-5.13735,1.65117,2.88966
406.50000,-5.14703,1.65366,2.89112
406.55000,-5.15674,1.65613,2.89303
406.60000,-5.16649,1.65859,2.89589
406.65000,-5.17629,1.66103,2.90019
406.70000,-5.18612,1.66341,2.90659
406.75000,-5.19600,1.66571,2.91781
406.80000,-5.20565,1.66770,2.92900
406.85000,-5.21094,1.66853,2.95038
406.90000,-5.21553,1.66933,2.98977
406.95000,-5.21891,1.66977,3.04302
407.00000,-5.22003,1.66985,3.10683
407.05000,-5.22018,1.66985,-3.10812
407.10000,-5.22033,1.66984,-3.04004
407.15000,-5.22048,1.66982,-2.97234
407.20000,-5.22063,1.66979,-2.90503
407.25000,-5.22078,1.66975,-2.83812
407.30000,-5.22093,1.66970,-2.77165
407.35000,-5.22108,1.66964,-2.70564
407.40000,-5.22122,1.66956,-2.64010
407.45000,-5.22136,1.66948,-2.57507
407.50000,-5.22149,1.66939,-2.51056
407.55000,-5.22162,1.66929,-2.44660
407.60000,-5.22175,1.66918,-2.38321
407.65000,-5.22186,1.66906,-2.32041
407.70000,-5.22197,1.66893,-2.25821
407.75000,-5.22208,1.66880,-2.19663
407.80000,-5.22217,1.66866,-2.13570
407.85000,-5.22226,1.66852,-2.07542
407.90000,-5.22233,1.66837,-2.01582
407.95000,-5.22240,1.66821,-1.95691
408.00000,-5.22246,1.66805,-1.89870
408.05000,-5.22251,1.66789,-1.84121
408.10000,-5.22255,1.66772,-1.78445
408.15000,-5.22259,1.66756,-1.72844
408.20000,-5.22261,1.66739,-1.67318
408.25000,-5.22262,1.66722,-1.61870
408.30000,-5.22262,1.66705,-1.56499
408.35000,-5.22262,1.66688,-1.51208
408.40000,-5.22260,1.66671,-1.45997
408.45000,-5.22258,1.66655,-1.40866
408.50000,-5.22255,1.66638,-1.35818
408.55000,-5.22251,1.66622,-1.30852
408.60000,-5.22246,1.66607,-1.25970
408.65000,-5.22241,1.66591,-1.21172
408.70000,-5.22235,1.66576,-1.16460
408.75000,-5.22228,1.66561,-1.11833
408.80000,-5.22221,1.66547,-1.07292
408.85000,-5.22213,1.66533,-1.02837
408.90000,-5.22205,1.66521,-0.98500
408.95000,-5.22052,1.66333,-0.94275
409.00000,-5.21632,1.65783,-0.90356
409.05000,-5.21034,1.65052,-0.86941
409.10000,-5.20391,1.64290,-0.83752
409.15000,-5.20048,1.63886,-0.82116
409.20000,-5.19814,1.63634,-0.82633
409.25000,-5.19659,1.63464,-0.84086
409.30000,-5.19629,1.63427,-0.86511
409.35000,-5.19618,1.63414,-0.89183
409.40000,-5.19606,1.63399,-0.91912
409.45000,-5.19596,1.63385,-0.94688
409.50000,-5.19585,1.63370,-0.97510
409.55000,-5.19576,1.63355,-1.00376
409.60000,-5.19601,1.63393,-1.03534
409.65000,-5.19632,1.63446,-1.06794
409.70000,-5.19661,1.63499,-1.10058
409.75000,-5.19689,1.63557,-1.13349
409.80000,-5.19716,1.63616,-1.16661
409.85000,-5.19740,1.63675,-1.20004
409.90000,-5.19763,1.63738,-1.23357
409.95000,-5.19783,1.63798,-1.26743
410.00000,-5.19802,1.63861,-1.30149
410.05000,-5.19819,1.63927,-1.33537
410.10000,-5.19834,1.63994,-1.36927
410.15000,-5.19846,1.64062,-1.40322
410.20000,-5.19856,1.64130,-1.43722
410.25000,-5.19864,1.64199,-1.47124
410.30000,-5.19870,1.64268,-1.50527
410.35000,-5.19873,1.64337,-1.53929
410.40000,-5.19874,1.64407,-1.57331
410.45000,-5.19873,1.64475,-1.60750
410.50000,-5.19871,1.64543,-1.64164
410.55000,-5.19866,1.64610,-1.67574
410.60000,-5.19861,1.64659,-1.70900
410.65000,-5.19853,1.64723,-1.74265
410.70000,-5.19847,1.64756,-1.77497
410.75000,-5.19839,1.64793,-1.80737
410.80000,-5.19828,1.64837,-1.84008
410.85000,-5.19827,1.64841,-1.87108
410.90000,-5.19832,1.64826,-1.90115
410.95000,-5.19837,1.64811,-1.93115
411.00000,-5.19843,1.64795,-1.96107
411.05000,-5.19850,1.64781,-1.99090
411.10000,-5.19857,1.64766,-2.02064
411.15000,-5.19864,1.64751,-2.05026
411.20000,-5.19872,1.64737,-2.07976
411.25000,-5.19880,1.64723,-2.10913
411.30000,-5.19888,1.64709,-2.13835
411.35000,-5.19897,1.64695,-2.16742
411.40000,-5.19907,1.64682,-2.19632
411.45000,-5.19916,1.64669,-2.22504
411.50000,-5.19927,1.64656,-2.25360
411.55000,-5.19905,1.64685,-2.28424
411.60000,-5.19886,1.64709,-2.31475
411.65000,-5.19875,1.64724,-2.34510
411.70000,-5.19894,1.64709,-2.37444
411.75000,-5.19916,1.64689,-2.40375
411.80000,-5.19915,1.64690,-2.43328
411.85000,-5.19894,1.64709,-2.46238
411.90000,-5.19888,1.64714,-2.49073
411.95000,-5.19867,1.64732,-2.51907
412.00000,-5.19878,1.64725,-2.54592
412.05000,-5.19917,1.64696,-2.57331
412.10000,-5.19956,1.64666,-2.60072
412.15000,-5.19996,1.64635,-2.62814
412.20000,-5.20036,1.64604,-2.65558
412.25000,-5.20077,1.64572,-2.68304
412.30000,-5.20104,1.64558,-2.70849
412.35000,-5.20148,1.64542,-2.73339
412.40000,-5.20167,1.64533,-2.75759
412.45000,-5.20177,1.64530,-2.78112
412.50000,-5.20189,1.64520,-2.80459
412.55000,-5.20190,1.64519,-2.82850
412.60000,-5.20189,1.64518,-2.85093
412.65000,-5.20310,1.64429,-2.87166
412.70000,-5.21029,1.64206,-2.89163
412.75000,-5.21977,1.63975,-2.91303
412.80000,-5.22937,1.63762,-2.93267
412.85000,-5.23907,1.63566,-2.94988
412.90000,-5.24877,1.63385,-2.96470
412.95000,-5.25847,1.63217,-2.97597
413.00000,-5.26830,1.63057,-2.98251
413.05000,-5.27806,1.62906,-2.98795
413.10000,-5.28186,1.62873,-2.99011
413.15000,-5.28210,1.62871,-2.97742
413.20000,-5.28232,1.62868,-2.96163
413.25000,-5.28245,1.62866,-2.94729
413.30000,-5.28258,1.62863,-2.93422
413.35000,-5.28285,1.62858,-2.92167
413.40000,-5.28310,1.62854,-2.91047
413.45000,-5.28320,1.62852,-2.90085
413.50000,-5.28330,1.62849,-2.89243
413.55000,-5.28341,1.62846,-2.88532
413.60000,-5.28354,1.62843,-2.87992
413.65000,-5.28375,1.62839,-2.87605
413.70000,-5.28389,1.62835,-2.87444
413.75000,-5.28584,1.62731,-2.87241
413.80000,-5.29429,1.62485,-2.87218
413.85000,-5.30385,1.62222,-2.87586
413.90000,-5.31345,1.61962,-2.87943
413.95000,-5.32306,1.61706,-2.88260
414.00000,-5.33269,1.61452,-2.88548
414.05000,-5.34233,1.61200,-2.88749
414.10000,-5.35199,1.60950,-2.88814
414.15000,-5.36169,1.60698,-2.88714
414.20000,-5.37137,1.60447,-2.88613
414.25000,-5.38095,1.60203,-2.88506
414.30000,-5.38739,1.60149,-2.88148
414.35000,-5.38903,1.60124,-2.87416
414.40000,-5.38919,1.60119,-2.86076
414.45000,-5.38935,1.60115,-2.84674
414.50000,-5.38951,1.60110,-2.83359
414.55000,-5.38967,1.60105,-2.82276
414.60000,-5.38982,1.60099,-2.81520
414.65000,-5.39162,1.59980,-2.80753
414.70000,-5.39766,1.59683,-2.80164
414.75000,-5.40529,1.59370,-2.79752
414.80000,-5.41326,1.59059,-2.79371
414.85000,-5.42249,1.58721,-2.79315
414.90000,-5.43189,1.58379,-2.79291
414.95000,-5.44132,1.58036,-2.79231
415.00000,-5.45073,1.57693,-2.79094
415.05000,-5.46018,1.57346,-2.78873
415.10000,-5.46965,1.56996,-2.78554
415.15000,-5.47911,1.56642,-2.78217
415.20000,-5.48853,1.56287,-2.77936
415.25000,-5.49795,1.55931,-2.77658
415.30000,-5.50731,1.55573,-2.77567
415.35000,-5.51664,1.55216,-2.77595
415.40000,-5.52595,1.54861,-2.77746
415.45000,-5.53523,1.54509,-2.78014
415.50000,-5.54450,1.54160,-2.78389
415.55000,-5.55377,1.53816,-2.78876
415.60000,-5.56305,1.53477,-2.79444
415.65000,-5.57232,1.53145,-2.80132
415.70000,-5.58158,1.52821,-2.80895
415.75000,-5.59085,1.52505,-2.81723
415.80000,-5.60013,1.52198,-2.82608
415.85000,-5.60945,1.51898,-2.83548
415.90000,-5.61881,1.51607,-2.84535
415.95000,-5.62816,1.51327,-2.85511
416.00000,-5.63753,1.51055,-2.86438
416.05000,-5.64694,1.50792,-2.87333
416.10000,-5.65639,1.50536,-2.88170
416.15000,-5.66590,1.50286,-2.88954
416.20000,-5.67546,1.50043,-2.89635
416.25000,-5.68505,1.49805,-2.90202
416.30000,-5.69468,1.49571,-2.90672
416.35000,-5.70436,1.49341,-2.91069
416.40000,-5.71409,1.49114,-2.91360
416.45000,-5.72381,1.48889,-2.91574
416.50000,-5.73357,1.48666,-2.91725
416.55000,-5.74333,1.48444,-2.91859
416.60000,-5.75307,1.48224,-2.92004
416.65000,-5.76280,1.48005,-2.92148
416.70000,-5.77254,1.47787,-2.92267
416.75000,-5.78230,1.47570,-2.92344
416.80000,-5.79207,1.47354,-2.92355
416.85000,-5.80183,1.47137,-2.92245
416.90000,-5.81153,1.46920,-2.91975
416.95000,-5.82125,1.46698,-2.91555
417.00000,-5.83090,1.46473,-2.90999
417.05000,-5.84046,1.46251,-2.90427
417.10000,-5.84476,1.46220,-2.89836
417.15000,-5.84499,1.46215,-2.88872
417.20000,-5.84541,1.46206,-2.87810
417.25000,-5.84570,1.46200,-2.86819
417.30000,-5.84597,1.46194,-2.85914
417.35000,-5.84808,1.46078,-2.85068
417.40000,-5.85528,1.45800,-2.84384
417.45000,-5.86478,1.45506,-2.83937
417.50000,-5.87428,1.45208,-2.83571
417.55000,-5.88377,1.44906,-2.83191
417.60000,-5.89327,1.44600,-2.82827
417.65000,-5.90275,1.44290,-2.82472
417.70000,-5.91225,1.43977,-2.82100
417.75000,-5.92177,1.43659,-2.81705
417.80000,-5.93128,1.43337,-2.81277
417.85000,-5.94077,1.43010,-2.80776
417.90000,-5.95023,1.42679,-2.80216
417.95000,-5.95969,1.42342,-2.79574
418.00000,-5.96914,1.41999,-2.78884
418.05000,-5.97859,1.41647,-2.78154
418.10000,-5.98799,1.41289,-2.77412
418.15000,-5.99738,1.40924,-2.76673
418.20000,-6.00677,1.40551,-2.75941
418.25000,-6.01619,1.40168,-2.75237
418.30000,-6.02552,1.39783,-2.74656
418.35000,-6.03485,1.39391,-2.74118
418.40000,-6.04417,1.38996,-2.73614
418.45000,-6.05346,1.38595,-2.73114
418.50000,-6.06274,1.38189,-2.72597
418.55000,-6.07199,1.37777,-2.72059
418.60000,-6.08123,1.37361,-2.71508
418.65000,-6.09044,1.36940,-2.70964
418.70000,-6.09963,1.36514,-2.70450
418.75000,-6.10880,1.36085,-2.69969
418.80000,-6.11793,1.35651,-2.69517
418.85000,-6.12704,1.35214,-2.69134
418.90000,-6.13610,1.34775,-2.68834
418.95000,-6.14515,1.34333,-2.68623
419.00000,-6.15415,1.33892,-2.68530
419.05000,-6.16316,1.33450,-2.68441
419.10000,-6.17210,1.33011,-2.68563
419.15000,-6.18103,1.32575,-2.68788
419.20000,-6.18996,1.32141,-2.69124
419.25000,-6.19891,1.31710,-2.69541
419.30000,-6.20785,1.31284,-2.70046
419.35000,-6.21678,1.30865,-2.70632
419.40000,-6.22572,1.30454,-2.71329
419.45000,-6.23467,1.30050,-2.72121
419.50000,-6.24362,1.29655,-2.72985
419.55000,-6.25260,1.29267,-2.73915
419.60000,-6.26167,1.28879,-2.74886
419.65000,-6.26620,1.28808,-2.75674
419.70000,-6.26633,1.28807,-2.76730
419.75000,-6.26635,1.28806,-2.77792
419.80000,-6.26801,1.28675,-2.78728
419.85000,-6.27583,1.28353,-2.79671
419.90000,-6.28504,1.28027,-2.80733
419.95000,-6.29426,1.27711,-2.81792
420.00000,-6.30351,1.27406,-2.82835
420.05000,-6.31279,1.27110,-2.83860
420.10000,-6.32212,1.26823,-2.84867
420.15000,-6.33147,1.26545,-2.85861
420.20000,-6.34085,1.26277,-2.86844
420.25000,-6.35026,1.26017,-2.87822
420.30000,-6.35969,1.25768,-2.88819
420.35000,-6.36913,1.25528,-2.89862
420.40000,-6.37859,1.25298,-2.90952
420.45000,-6.38806,1.25080,-2.92092
420.50000,-6.39754,1.24872,-2.93275
420.55000,-6.40703,1.24677,-2.94487
420.60000,-6.41655,1.24493,-2.95724
420.65000,-6.42608,1.24321,-2.96972
420.70000,-6.43564,1.24161,-2.98222
420.75000,-6.44521,1.24013,-2.99470
420.80000,-6.45480,1.23876,-3.00713
420.85000,-6.46441,1.23752,-3.01950
420.90000,-6.47404,1.23640,-3.03177
420.95000,-6.48369,1.23539,-3.04381
421.00000,-6.49347,1.23448,-3.05504
421.05000,-6.50340,1.23368,-3.06540
421.10000,-6.51327,1.23298,-3.07543
421.15000,-6.52320,1.23237,-3.08477
421.20000,-6.53319,1.23184,-3.09351
421.25000,-6.54318,1.23140,-3.10191
421.30000,-6.55310,1.23105,-3.11023
421.35000,-6.56305,1.23078,-3.11819
421.40000,-6.57298,1.23058,-3.12595
421.45000,-6.58298,1.23046,-3.13334
421.50000,-6.59294,1.23042,-3.14067
421.55000,-6.60276,1.23046,3.13462
421.60000,-6.61256,1.23058,3.12676
421.65000,-6.62237,1.23078,3.11913
421.70000,-6.63219,1.23105,3.11186
421.75000,-6.64208,1.23137,3.10528
421.80000,-6.65194,1.23177,3.09891
421.85000,-6.66178,1.23222,3.09281
421.90000,-6.67163,1.23273,3.08726
421.95000,-6.68148,1.23329,3.08243
422.00000,-6.69136,1.23389,3.07845
422.05000,-6.70128,1.23454,3.07527
422.10000,-6.71121,1.23521,3.07255
422.15000,-6.72116,1.23591,3.07106
422.20000,-6.73111,1.23661,3.07047
422.25000,-6.74108,1.23732,3.07051
422.30000,-6.75107,1.23804,3.07109
422.35000,-6.76106,1.23875,3.07170
422.40000,-6.77106,1.23946,3.07233
422.45000,-6.78107,1.24018,3.07299
422.50000,-6.79110,1.24089,3.07368
422.55000,-6.80113,1.24159,3.07454
422.60000,-6.81113,1.24225,3.07733
422.65000,-6.82114,1.24288,3.08038
422.70000,-6.83116,1.24347,3.08415
422.75000,-6.84114,1.24402,3.08861
422.80000,-6.85113,1.24453,3.09356
422.85000,-6.86112,1.24498,3.09903
422.90000,-6.87111,1.24538,3.10516
422.95000,-6.88111,1.24571,3.11204
423.00000,-6.89111,1.24600,3.11896
423.05000,-6.89602,1.24603,3.12542
423.10000,-6.89641,1.24605,3.13351
423.15000,-6.89678,1.24605,-3.14029
423.20000,-6.89714,1.24604,-3.13086
423.25000,-6.89751,1.24604,-3.12143
423.30000,-6.89787,1.24603,-3.11201
423.35000,-6.89945,1.24587,-3.10241
423.40000,-6.90744,1.24545,-3.09304
423.45000,-6.91747,1.24493,-3.08613
423.50000,-6.92756,1.24434,-3.07953
423.55000,-6.93753,1.24369,-3.07253
423.60000,-6.94753,1.24297,-3.06622
423.65000,-6.95746,1.24219,-3.06001
423.70000,-6.96746,1.24134,-3.05399
423.75000,-6.97741,1.24044,-3.04868
423.80000,-6.98735,1.23949,-3.04358
423.85000,-6.99728,1.23849,-3.03872
423.90000,-7.00721,1.23743,-3.03415
423.95000,-7.01714,1.23634,-3.02982
424.00000,-7.02706,1.23520,-3.02557
424.05000,-7.03697,1.23402,-3.02121
424.10000,-7.04689,1.23280,-3.01664
424.15000,-7.05679,1.23153,-3.01188
424.20000,-7.06664,1.23022,-3.00646
424.25000,-7.07652,1.22885,-3.00141
424.30000,-7.08641,1.22742,-2.99635
424.35000,-7.09628,1.22595,-2.99131
424.40000,-7.10615,1.22443,-2.98638
424.45000,-7.11601,1.22286,-2.98171
424.50000,-7.12587,1.22125,-2.97742
424.55000,-7.13572,1.21960,-2.97364
424.60000,-7.14559,1.21791,-2.97047
424.65000,-7.15546,1.21619,-2.96812
424.70000,-7.16532,1.21445,-2.96658
424.75000,-7.17515,1.21270,-2.96553
424.80000,-7.18500,1.21095,-2.96533
424.85000,-7.19484,1.20920,-2.96563
424.90000,-7.20468,1.20745,-2.96631
424.95000,-7.21452,1.20571,-2.96736
425.00000,-7.22436,1.20399,-2.96873
425.05000,-7.23420,1.20228,-2.97021
425.10000,-7.24406,1.20058,-2.97203
425.15000,-7.25387,1.19892,-2.97424
425.20000,-7.26367,1.19727,-2.97675
425.25000,-7.27347,1.19566,-2.97960
425.30000,-7.28326,1.19407,-2.98280
425.35000,-7.29306,1.19252,-2.98634
425.40000,-7.30285,1.19100,-2.99004
425.45000,-7.31266,1.18952,-2.99383
425.50000,-7.32247,1.18808,-2.99767
425.55000,-7.33228,1.18668,-3.00168
425.60000,-7.34209,1.18532,-3.00601
425.65000,-7.35190,1.18400,-3.01075
425.70000,-7.36171,1.18274,-3.01605
425.75000,-7.37149,1.18153,-3.02182
425.80000,-7.38127,1.18038,-3.02810
425.85000,-7.39106,1.17930,-3.03478
425.90000,-7.40084,1.17830,-3.04168
425.95000,-7.41062,1.17736,-3.04872
426.00000,-7.42041,1.17650,-3.05576
426.05000,-7.43020,1.17571,-3.06270
426.10000,-7.44001,1.17496,-3.06949
426.15000,-7.44986,1.17428,-3.07621
426.20000,-7.45971,1.17366,-3.08270
426.25000,-7.46959,1.17311,-3.08900
426.30000,-7.47947,1.17262,-3.09498
426.35000,-7.48938,1.17218,-3.10065
426.40000,-7.49928,1.17180,-3.10585
426.45000,-7.50917,1.17147,-3.11064
426.50000,-7.51910,1.17118,-3.11534
426.55000,-7.52903,1.17094,-3.11973
426.60000,-7.53900,1.17074,-3.12413
426.65000,-7.54893,1.17059,-3.12814
426.70000,-7.55887,1.17047,-3.13207
426.75000,-7.56880,1.17040,-3.13598
426.80000,-7.57874,1.17036,-3.14012
426.85000,-7.58869,1.17037,3.13862
426.90000,-7.59865,1.17042,3.13389
426.95000,-7.60859,1.17052,3.12930
427.00000,-7.61854,1.17066,3.12465
427.05000,-7.62847,1.17085,3.12004
427.10000,-7.63840,1.17109,3.11566
427.15000,-7.64832,1.17137,3.11160
427.20000,-7.65828,1.17168,3.10805
427.25000,-7.66820,1.17204,3.10473
427.30000,-7.67811,1.17244,3.10184
427.35000,-7.68805,1.17285,3.09937
427.40000,-7.69799,1.17330,3.09732
427.45000,-7.70794,1.17376,3.09570
427.50000,-7.71790,1.17424,3.09442
427.55000,-7.72786,1.17472,3.09347
427.60000,-7.73783,1.17522,3.09277
427.65000,-7.74781,1.17572,3.09218
427.70000,-7.75778,1.17623,3.09157
427.75000,-7.76775,1.17674,3.09089
427.80000,-7.77772,1.17727,3.09014
427.85000,-7.78770,1.17780,3.08950
427.90000,-7.79767,1.17833,3.08910
427.95000,-7.80766,1.17887,3.08905
428.00000,-7.81765,1.17941,3.08942
428.05000,-7.82765,1.17992,3.09036
428.10000,-7.83766,1.18043,3.09199
428.15000,-7.84763,1.18091,3.09416
428.20000,-7.85764,1.18137,3.09727
428.25000,-7.86768,1.18180,3.10121
428.30000,-7.87769,1.18218,3.10588
428.35000,-7.88774,1.18251,3.11154
428.40000,-7.89776,1.18278,3.11789
428.45000,-7.90780,1.18298,3.12506
428.50000,-7.91790,1.18311,3.13322
428.55000,-7.92796,1.18315,-3.14150
428.60000,-7.93815,1.18310,-3.13230
428.65000,-7.94837,1.18296,-3.12292
428.70000,-7.95851,1.18272,-3.11399
428.75000,-7.96869,1.18240,-3.10504
428.80000,-7.97885,1.18199,-3.09626
428.85000,-7.98896,1.18149,-3.08760
428.90000,-7.99911,1.18090,-3.07980
428.95000,-8.00928,1.18024,-3.07241
429.00000,-8.01942,1.17950,-3.06567
429.05000,-8.02944,1.17872,-3.05959
429.10000,-8.03949,1.17786,-3.05426
429.15000,-8.04955,1.17697,-3.04996
429.20000,-8.05946,1.17616,-3.05390
429.25000,-8.06746,1.17557,-3.06360
429.30000,-8.07701,1.17481,-3.06494
429.35000,-8.08698,1.17406,-3.06620
429.40000,-8.09639,1.17349,-3.07754
429.45000,-8.10422,1.17309,-3.09181
429.50000,-8.11234,1.17278,-3.10720
429.55000,-8.11979,1.17262,-3.12525
429.60000,-8.12930,1.17249,-3.13087
429.65000,-8.13924,1.17240,-3.13440
429.70000,-8.14922,1.17235,-3.13751
429.75000,-8.15919,1.17232,-3.14012
429.80000,-8.16916,1.17232,3.14080
429.85000,-8.17913,1.17234,3.13873
429.90000,-8.18912,1.17238,3.13674
429.95000,-8.19917,1.17243,3.13487
430.00000,-8.20915,1.17251,3.13329
430.05000,-8.21914,1.17260,3.13164
430.10000,-8.22914,1.17271,3.12982
430.15000,-8.23912,1.17284,3.12768
430.20000,-8.24908,1.17299,3.12520
430.25000,-8.25904,1.17316,3.12230
430.30000,-8.26900,1.17337,3.11930
430.35000,-8.27892,1.17361,3.11596
430.40000,-8.28891,1.17388,3.11278
430.45000,-8.29888,1.17418,3.10974
430.50000,-8.30886,1.17451,3.10719
430.55000,-8.31884,1.17487,3.10543
430.60000,-8.32883,1.17523,3.10453
430.65000,-8.33884,1.17560,3.10441
430.70000,-8.34881,1.17597,3.10473
430.75000,-8.35881,1.17634,3.10575
430.80000,-8.36882,1.17669,3.10733
430.85000,-8.37882,1.17702,3.10908
430.90000,-8.38882,1.17734,3.11059
430.95000,-8.39881,1.17764,3.11165
431.00000,-8.40880,1.17794,3.11223
431.05000,-8.41880,1.17823,3.11225
431.10000,-8.42882,1.17852,3.11224
431.15000,-8.43877,1.17883,3.11038
431.20000,-8.44870,1.17917,3.10743
431.25000,-8.45859,1.17954,3.10365
431.30000,-8.46848,1.17995,3.09936
431.35000,-8.47836,1.18040,3.09494
431.40000,-8.48824,1.18090,3.09041
431.45000,-8.49813,1.18144,3.08630
431.50000,-8.50802,1.18202,3.08281
431.55000,-8.51795,1.18262,3.08037
431.60000,-8.52789,1.18326,3.07891
431.65000,-8.53786,1.18390,3.07847
431.70000,-8.54784,1.18454,3.07895
431.75000,-8.55785,1.18518,3.08001
431.80000,-8.56785,1.18579,3.08120
431.85000,-8.57786,1.18639,3.08228
431.90000,-8.58785,1.18699,3.08260
431.95000,-8.59781,1.18758,3.08210
432.00000,-8.60775,1.18818,3.08048
432.05000,-8.61766,1.18881,3.07746
432.10000,-8.62755,1.18947,3.07274
432.15000,-8.63739,1.19017,3.06675
432.20000,-8.64723,1.19095,3.06009
432.25000,-8.65707,1.19179,3.05313
432.30000,-8.66695,1.19270,3.04614
432.35000,-8.67680,1.19367,3.03989
432.40000,-8.68667,1.19471,3.03457
432.45000,-8.69650,1.19578,3.03060
432.50000,-8.70639,1.19690,3.02854
432.55000,-8.71632,1.19802,3.02867
432.60000,-8.72629,1.19914,3.03107
432.65000,-8.73625,1.20023,3.03584
432.70000,-8.74624,1.20125,3.04274
432.75000,-8.75622,1.20220,3.05166
432.80000,-8.76624,1.20311,3.06096
432.85000,-8.77203,1.20332,3.06927
432.90000,-8.77267,1.20331,3.07897
432.95000,-8.77281,1.20332,3.09059
433.00000,-8.77295,1.20332,3.10161
433.05000,-8.77302,1.20333,3.11315
433.10000,-8.77308,1.20334,3.12470
433.15000,-8.77315,1.20335,3.13626
433.20000,-8.77432,1.20334,-3.13529
433.25000,-8.78072,1.20322,-3.12323
433.30000,-8.79058,1.20298,-3.11246
433.35000,-8.80062,1.20265,-3.10420
433.40000,-8.81061,1.20225,-3.09928
433.45000,-8.82063,1.20182,-3.09823
433.50000,-8.83058,1.20140,-3.10105
433.55000,-8.84053,1.20103,-3.10764
433.60000,-8.85033,1.20074,-3.11673
433.65000,-8.86021,1.20049,-3.12632
433.70000,-8.86489,1.20046,-3.13539
433.75000,-8.86483,1.20046,3.13419
433.80000,-8.86476,1.20046,3.11969
433.85000,-8.86635,1.20059,3.10453
433.90000,-8.87395,1.20101,3.09310
433.95000,-8.88393,1.20150,3.09233
434.00000,-8.89391,1.20198,3.09532
434.05000,-8.90387,1.20241,3.10140
434.10000,-8.91392,1.20277,3.11013
434.15000,-8.92356,1.20307,3.11854
434.20000,-8.92918,1.20311,3.12647
434.25000,-8.92984,1.20312,3.13932
434.30000,-8.93004,1.20312,-3.12750
434.35000,-8.93031,1.20312,-3.10853
434.40000,-8.93068,1.20311,-3.08840
434.45000,-8.93097,1.20311,-3.06889
434.50000,-8.93125,1.20310,-3.04922
434.55000,-8.93161,1.20307,-3.02935
434.60000,-8.93195,1.20305,-3.00945
434.65000,-8.93223,1.20303,-2.99034
434.70000,-8.93268,1.20300,-2.97127
434.75000,-8.93312,1.20296,-2.95248
434.80000,-8.93355,1.20291,-2.93372
434.85000,-8.93395,1.20286,-2.91476
434.90000,-8.93432,1.20281,-2.89444
434.95000,-8.93484,1.20267,-2.88180
435.00000,-8.93573,1.20245,-2.87808
435.05000,-8.93612,1.20240,-2.85569
435.10000,-8.93623,1.20236,-2.84833
435.15000,-8.93813,1.20168,-2.86136
435.20000,-8.94176,1.20075,-2.86732
435.25000,-8.94359,1.20034,-2.84711
435.30000,-8.94375,1.20027,-2.83708
435.35000,-8.94505,1.19978,-2.84451
435.40000,-8.94918,1.19842,-2.86630
435.45000,-8.95580,1.19665,-2.89799
435.50000,-8.96354,1.19488,-2.93664
435.55000,-8.97278,1.19316,-2.97669
435.60000,-8.98110,1.19188,-2.99405
435.65000,-8.98649,1.19115,-2.98932
435.70000,-8.98813,1.19100,-2.96734
435.75000,-8.98817,1.19100,-2.94234
435.80000,-8.98813,1.19099,-2.93039
435.85000,-8.98819,1.19107,-2.93018
435.90000,-8.98827,1.19110,-2.92730
435.95000,-8.99083,1.19051,-2.94154
436.00000,-8.99610,1.18951,-2.96722
436.05000,-9.00264,1.18847,-3.00269
436.10000,-9.01109,1.18746,-3.04171
436.15000,-9.01886,1.18678,-3.06080
436.20000,-9.02415,1.18635,-3.05136
436.25000,-9.02700,1.18616,-3.02867
436.30000,-9.02738,1.18611,-2.99688
436.35000,-9.02741,1.18611,-2.96338
436.40000,-9.02745,1.18610,-2.92986
436.45000,-9.02750,1.18607,-2.90473
436.50000,-9.02749,1.18605,-2.89529
436.55000,-9.02870,1.18558,-2.90349
436.60000,-9.03154,1.18484,-2.92028
436.65000,-9.03631,1.18381,-2.94477
436.70000,-9.04324,1.18245,-2.97765
436.75000,-9.05193,1.18115,-3.02033
436.80000,-9.06057,1.18033,-3.04913
436.85000,-9.06903,1.17962,-3.05471
436.90000,-9.07583,1.17913,-3.04277
436.95000,-9.07933,1.17886,-3.01603
437.00000,-9.08005,1.17883,-2.97651
437.05000,-9.08007,1.17880,-2.94479
437.10000,-9.08011,1.17878,-2.92317
437.15000,-9.08016,1.17876,-2.90128
437.20000,-9.08018,1.17876,-2.88344
437.25000,-9.08013,1.17883,-2.86691
437.30000,-9.07998,1.17899,-2.85153
437.35000,-9.07973,1.17926,-2.83740
437.40000,-9.07936,1.17964,-2.82467
437.45000,-9.07890,1.18010,-2.81351
437.50000,-9.07835,1.18065,-2.80400
437.55000,-9.07773,1.18127,-2.79610
437.60000,-9.07705,1.18194,-2.78959
437.65000,-9.07632,1.18266,-2.78435
437.70000,-9.07551,1.18331,-2.79092
437.75000,-9.07549,1.18332,-2.80781
437.80000,-9.07748,1.18264,-2.83277
437.85000,-9.08144,1.18144,-2.86666
437.90000,-9.08772,1.17975,-2.90953
437.95000,-9.09591,1.17802,-2.96026
438.00000,-9.10494,1.17661,-3.01262
438.05000,-9.11441,1.17564,-3.06643
438.10000,-9.12429,1.17516,-3.12084
438.15000,-9.13400,1.17515,3.11443
438.20000,-9.14366,1.17542,3.08875
438.25000,-9.15298,1.17547,3.08199
438.30000,-9.16182,1.17540,3.07921
438.35000,-9.17021,1.17533,3.07849
438.40000,-9.17514,1.17527,3.08655
438.45000,-9.17736,1.17528,3.11646
438.50000,-9.17810,1.17529,-3.11812
438.55000,-9.17847,1.17527,-3.06536
438.60000,-9.17883,1.17523,-3.01252
438.65000,-9.17918,1.17518,-2.95968
438.70000,-9.17955,1.17508,-2.91509
438.75000,-9.17995,1.17492,-2.88745
438.80000,-9.18007,1.17496,-2.88675
438.85000,-9.18126,1.17449,-2.90601
438.90000,-9.18561,1.17334,-2.93883
438.95000,-9.19260,1.17204,-2.98024
439.00000,-9.20077,1.17090,-3.02589
439.05000,-9.20996,1.17006,-3.07367
439.10000,-9.21952,1.16965,-3.12430
439.15000,-9.22916,1.16969,3.11772
439.20000,-9.23911,1.16988,3.10498
439.25000,-9.24857,1.17001,3.11573
439.30000,-9.25532,1.17004,-3.13422
439.35000,-9.25758,1.17000,-3.08545
439.40000,-9.25804,1.16996,-3.02910
439.45000,-9.25838,1.16991,-2.97224
439.50000,-9.25874,1.16983,-2.92326
439.55000,-9.25906,1.16973,-2.89517
439.60000,-9.25920,1.16973,-2.89636
439.65000,-9.26054,1.16924,-2.91712
439.70000,-9.26531,1.16817,-2.95402
439.75000,-9.27163,1.16711,-2.99825
439.80000,-9.27884,1.16625,-3.04744
439.85000,-9.28731,1.16568,-3.09795
439.90000,-9.29726,1.16548,3.13795
439.95000,-9.30719,1.16576,3.08903
440.00000,-9.31710,1.16625,3.04570
440.05000,-9.32720,1.16696,3.01812
440.10000,-9.33757,1.16800,3.01369
440.15000,-9.34810,1.16922,3.01973
440.20000,-9.35879,1.17057,3.03148
440.25000,-9.36973,1.17174,3.04768
440.30000,-9.38062,1.17266,3.06675
440.35000,-9.39118,1.17335,3.08781
440.40000,-9.40146,1.17379,3.11085
440.45000,-9.40948,1.17384,-3.13922
440.50000,-9.41439,1.17382,-3.09872
440.55000,-9.41720,1.17373,-3.04993
440.60000,-9.41797,1.17364,-2.99311
440.65000,-9.41832,1.17361,-2.94752
440.70000,-9.41841,1.17377,-2.93011
440.75000,-9.41934,1.17340,-2.93607
440.80000,-9.42364,1.17247,-2.96145
440.85000,-9.43003,1.17142,-2.99681
440.90000,-9.43771,1.17046,-3.03826
440.95000,-9.44646,1.16975,-3.08266
441.00000,-9.45534,1.16943,-3.12720
441.05000,-9.46421,1.16950,3.11077
441.10000,-9.47293,1.16986,3.08238
441.15000,-9.48110,1.17023,3.08430
441.20000,-9.48867,1.17044,3.10913
441.25000,-9.49290,1.17049,-3.12885
441.30000,-9.49363,1.17047,-3.07504
441.35000,-9.49404,1.17043,-3.02012
441.40000,-9.49445,1.17037,-2.97402
441.45000,-9.49466,1.17046,-2.94883
441.50000,-9.49448,1.17056,-2.94632
441.55000,-9.49656,1.17000,-2.95997
441.60000,-9.50124,1.16905,-2.98738
441.65000,-9.50745,1.16806,-3.02219
441.70000,-9.51526,1.16719,-3.06454
441.75000,-9.52401,1.16672,-3.11162
441.80000,-9.53284,1.16666,3.12476
441.85000,-9.54149,1.16693,3.09445
441.90000,-9.55020,1.16739,3.08086
441.95000,-9.55934,1.16811,3.08286
442.00000,-9.56880,1.16873,3.09288
442.05000,-9.57717,1.16906,3.11353
442.10000,-9.58335,1.16915,-3.14034
442.15000,-9.58731,1.16913,-3.10251
442.20000,-9.58892,1.16906,-3.05593
442.25000,-9.58946,1.16900,-3.00571
442.30000,-9.59003,1.16891,-2.95638
442.35000,-9.59059,1.16878,-2.91636
442.40000,-9.59108,1.16866,-2.89760
442.45000,-9.59150,1.16833,-2.89960
442.50000,-9.59404,1.16751,-2.91288
442.55000,-9.59895,1.16639,-2.93386
442.60000,-9.60588,1.16496,-2.96278
442.65000,-9.61444,1.16347,-3.00209
442.70000,-9.62413,1.16233,-3.04464
442.75000,-9.63409,1.16156,-3.08559
442.80000,-9.64408,1.16120,-3.12448
442.85000,-9.65406,1.16123,3.11837
442.90000,-9.66405,1.16167,3.07785
442.95000,-9.67402,1.16251,3.03748
443.00000,-9.68385,1.16344,3.00333
443.05000,-9.69366,1.16438,2.98101
443.10000,-9.70384,1.16574,2.97853
443.15000,-9.71381,1.16712,2.98435
443.20000,-9.72230,1.16839,2.99815
443.25000,-9.72914,1.16930,3.01895
443.30000,-9.73430,1.16986,3.04670
443.35000,-9.73776,1.17013,3.08136
443.40000,-9.73950,1.17019,3.12280
443.45000,-9.74053,1.17019,-3.11614
443.50000,-9.74157,1.17014,-3.07211
443.55000,-9.74259,1.17006,-3.03603
443.60000,-9.74357,1.17000,-3.00923
443.65000,-9.74446,1.17002,-2.99116
443.70000,-9.74527,1.17011,-2.97828
443.75000,-9.74599,1.17026,-2.97066
443.80000,-9.74665,1.17028,-2.97121
443.85000,-9.74811,1.17001,-2.97841
443.90000,-9.75066,1.16957,-2.99211
443.95000,-9.75499,1.16891,-3.01235
444.00000,-9.76123,1.16798,-3.04082
444.05000,-9.76956,1.16718,-3.08149
444.10000,-9.77936,1.16680,-3.12394
444.15000,-9.78936,1.16683,3.11824
444.20000,-9.79876,1.16714,3.08724
444.25000,-9.80817,1.16753,3.07554
444.30000,-9.81672,1.16777,3.08338
444.35000,-9.82392,1.16797,3.09742
444.40000,-9.83004,1.16817,3.11617
444.45000,-9.83483,1.16822,3.14057
444.50000,-9.83774,1.16820,-3.11068
444.55000,-9.83927,1.16812,-3.07314
444.60000,-9.84079,1.16799,-3.03558
444.65000,-9.84230,1.16783,-3.00521
444.70000,-9.84375,1.16770,-2.98444
444.75000,-9.84510,1.16763,-2.97547
444.80000,-9.84690,1.16721,-2.98470
444.85000,-9.85067,1.16644,-3.00315
444.90000,-9.85627,1.16544,-3.02864
444.95000,-9.86414,1.16441,-3.06319
445.00000,-9.87378,1.16387,-3.10605
445.05000,-9.88330,1.16374,3.13491
445.10000,-9.89254,1.16392,3.10480
445.15000,-9.90214,1.16413,3.09818
445.20000,-9.91122,1.16419,3.10437
445.25000,-9.91941,1.16411,3.11474
445.30000,-9.92666,1.16404,3.12928
445.35000,-9.93293,1.16403,-3.13480
445.40000,-9.93756,1.16398,-3.10325
445.45000,-9.94009,1.16389,-3.07730
445.50000,-9.94226,1.16375,-3.06961
445.55000,-9.94435,1.16357,-3.07168
445.60000,-9.94674,1.16330,-3.08846
445.65000,-9.95256,1.16308,-3.12486
445.70000,-9.95969,1.16307,3.12782
445.75000,-9.96715,1.16314,3.12863
445.80000,-9.97374,1.16316,-3.13359
445.85000,-9.97813,1.16310,-3.10151
445.90000,-9.98129,1.16291,-3.06175
445.95000,-9.98394,1.16278,-3.03279
446.00000,-9.98624,1.16276,-3.02752
446.05000,-9.98870,1.16241,-3.04396
446.10000,-9.99385,1.16195,-3.07674
446.15000,-10.00061,1.16165,-3.11764
446.20000,-10.00845,1.16164,3.12041
446.25000,-10.01632,1.16199,3.07475
446.30000,-10.02419,1.16254,3.03524
446.35000,-10.03246,1.16332,3.02463
446.40000,-10.03992,1.16390,3.04186
446.45000,-10.04477,1.16417,3.07370
446.50000,-10.04779,1.16430,3.11289
446.55000,-10.05047,1.16433,-3.13235
446.60000,-10.05302,1.16426,-3.09495
446.65000,-10.05559,1.16409,-3.05751
446.70000,-10.05839,1.16394,-3.02907
446.75000,-10.06100,1.16393,-3.01850
446.80000,-10.06351,1.16388,-3.01893
446.85000,-10.06658,1.16330,-3.04117
446.90000,-10.07290,1.16277,-3.07982
446.95000,-10.08053,1.16247,-3.12415
447.00000,-10.08868,1.16253,3.11061
447.05000,-10.09674,1.16297,3.06463
447.10000,-10.10454,1.16375,3.01855
447.15000,-10.11231,1.16472,2.97835
447.20000,-10.12043,1.16609,2.95971
447.25000,-10.12889,1.16784,2.95879
447.30000,-10.13727,1.16936,2.97008
447.35000,-10.14252,1.17004,3.00254
447.40000,-10.14529,1.17036,3.04218
447.45000,-10.14785,1.17058,3.08114
447.50000,-10.15046,1.17069,3.12032
447.55000,-10.15367,1.17070,-3.12124
447.60000,-10.15672,1.17058,-3.08006
447.65000,-10.15995,1.17036,-3.03818
447.70000,-10.16274,1.17004,-2.99829
447.75000,-10.16542,1.16959,-2.96581
447.80000,-10.16798,1.16919,-2.95235
447.85000,-10.17036,1.16883,-2.95691
447.90000,-10.17437,1.16794,-2.98184
447.95000,-10.18077,1.16692,-3.01837
448.00000,-10.18852,1.16612,-3.06207
448.05000,-10.19671,1.16565,-3.10589
448.10000,-10.20476,1.16554,3.13326
448.15000,-10.21282,1.16567,3.09495
448.20000,-10.22113,1.16609,3.07226
448.25000,-10.23006,1.16667,3.07363
448.30000,-10.23800,1.16712,3.08959
448.35000,-10.24456,1.16738,3.11169
448.40000,-10.24979,1.16746,3.13941
448.45000,-10.25334,1.16743,-3.10914
448.50000,-10.25552,1.16731,-3.06897
448.55000,-10.25768,1.16714,-3.03636
448.60000,-10.25968,1.16698,-3.02368
448.65000,-10.26184,1.16655,-3.03265
448.70000,-10.26537,1.16599,-3.04913
448.75000,-10.27081,1.16524,-3.07223
448.80000,-10.27808,1.16465,-3.10447
448.85000,-10.28733,1.16448,3.13915
448.90000,-10.29681,1.16453,3.10657
448.95000,-10.30619,1.16456,3.08053
449.00000,-10.31556,1.16457,3.05630
449.05000,-10.32489,1.16456,3.03260
449.10000,-10.33421,1.16453,3.01111
449.15000,-10.34363,1.16463,2.99924
449.20000,-10.35304,1.16471,2.98894
449.25000,-10.36244,1.16482,2.98457
449.30000,-10.37185,1.16492,2.98285
449.35000,-10.38098,1.16513,2.99751
449.40000,-10.38839,1.16536,3.02245
449.45000,-10.39330,1.16557,3.05765
449.50000,-10.39582,1.16572,3.10242
449.55000,-10.39759,1.16575,-3.13315
449.60000,-10.39935,1.16569,-3.08578
449.65000,-10.40109,1.16555,-3.03872
449.70000,-10.40281,1.16533,-2.99194
449.75000,-10.40453,1.16505,-2.95275
449.80000,-10.40625,1.16474,-2.92902
449.85000,-10.40829,1.16416,-2.92903
449.90000,-10.41273,1.16307,-2.94170
449.95000,-10.41921,1.16164,-2.96273
450.00000,-10.42764,1.16002,-2.99143
450.05000,-10.43695,1.15878,-3.02808
450.10000,-10.44613,1.15791,-3.06495
450.15000,-10.45518,1.15738,-3.10200
450.20000,-10.46423,1.15718,-3.13934
450.25000,-10.47342,1.15727,3.11936
450.30000,-10.48311,1.15742,3.11464
450.35000,-10.49223,1.15749,3.12951
450.40000,-10.49934,1.15751,-3.13071
450.45000,-10.50398,1.15748,-3.10570
450.50000,-10.50717,1.15740,-3.08632
450.55000,-10.50899,1.15736,-3.06488
450.60000,-10.51064,1.15714,-3.05747
450.65000,-10.51346,1.15676,-3.06717
450.70000,-10.51743,1.15646,-3.08189
450.75000,-10.52262,1.15617,-3.10164
450.80000,-10.52899,1.15594,-3.12850
450.85000,-10.53707,1.15598,3.11789
450.90000,-10.54597,1.15638,3.07505
450.95000,-10.55488,1.15698,3.03756
451.00000,-10.56404,1.15789,3.01714
451.05000,-10.57376,1.15920,3.01950
451.10000,-10.58247,1.16001,3.03835
451.15000,-10.58809,1.16041,3.07130
451.20000,-10.59029,1.16052,3.11384
451.25000,-10.59198,1.16053,-3.12509
451.30000,-10.59369,1.16046,-3.08107
451.35000,-10.59530,1.16043,-3.04444
451.40000,-10.59654,1.16053,-3.02134
451.45000,-10.59763,1.16031,-3.02106
451.50000,-10.60115,1.15985,-3.03596
451.55000,-10.60796,1.15918,-3.06779
451.60000,-10.61654,1.15871,-3.10618
451.65000,-10.62538,1.15858,3.13688
451.70000,-10.63409,1.15880,3.09621
451.75000,-10.64280,1.15921,3.06090
451.80000,-10.65165,1.15979,3.03686
451.85000,-10.66108,1.16086,3.03595
451.90000,-10.67096,1.16183,3.04804
451.95000,-10.68035,1.16263,3.06482
452.00000,-10.68904,1.16320,3.08550
452.05000,-10.69693,1.16354,3.10988
452.10000,-10.70279,1.16365,3.13866
452.15000,-10.70665,1.16361,-3.10811
452.20000,-10.70880,1.16349,-3.06492
452.25000,-10.71086,1.16329,-3.02141
452.30000,-10.71289,1.16305,-2.98608
452.35000,-10.71470,1.16300,-2.96407
452.40000,-10.71641,1.16269,-2.96450
452.45000,-10.72035,1.16199,-2.98067
452.50000,-10.72553,1.16119,-3.00365
452.55000,-10.73251,1.16030,-3.03420
452.60000,-10.74088,1.15951,-3.07197
452.65000,-10.74933,1.15908,-3.11072
452.70000,-10.75784,1.15899,3.13285
452.75000,-10.76630,1.15922,3.09476
452.80000,-10.77480,1.15966,3.06273
452.85000,-10.78357,1.16042,3.04858
452.90000,-10.79249,1.16136,3.04780
452.95000,-10.80156,1.16232,3.05580
453.00000,-10.81057,1.16304,3.07062
453.05000,-10.81877,1.16353,3.09010
453.10000,-10.82602,1.16381,3.11391
453.15000,-10.83212,1.16389,-3.14043
453.20000,-10.83609,1.16387,-3.11018
453.25000,-10.83943,1.16384,-3.08541
453.30000,-10.84147,1.16375,-3.06130
453.35000,-10.84339,1.16361,-3.04040
453.40000,-10.84535,1.16341,-3.01889
453.45000,-10.84725,1.16324,-3.00795
453.50000,-10.84912,1.16307,-3.00739
453.55000,-10.85116,1.16281,-3.01459
453.60000,-10.85430,1.16240,-3.02889
453.65000,-10.85942,1.16179,-3.04969
453.70000,-10.86625,1.16105,-3.07873
453.75000,-10.87500,1.16066,-3.11606
453.80000,-10.88405,1.16059,3.13155
453.85000,-10.89276,1.16077,3.10903
453.90000,-10.90066,1.16092,3.11474
453.95000,-10.90655,1.16097,3.14103
454.00000,-10.90978,1.16092,-3.10516
454.05000,-10.91276,1.16075,-3.07293
454.10000,-10.91521,1.16057,-3.05024
454.15000,-10.91712,1.16037,-3.03074
454.20000,-10.91909,1.15999,-3.02711
454.25000,-10.92178,1.15945,-3.04116
454.30000,-10.92749,1.15886,-3.07012
454.35000,-10.93488,1.15848,-3.10915
454.40000,-10.94353,1.15836,3.13677
454.45000,-10.95228,1.15857,3.09771
454.50000,-10.96051,1.15898,3.07147
454.55000,-10.96831,1.15926,3.07161
454.60000,-10.97588,1.15936,3.08060
454.65000,-10.98328,1.15932,3.09710
454.70000,-10.99004,1.15928,3.11963
454.75000,-10.99571,1.15928,-3.13617
454.80000,-10.99937,1.15921,-3.10045
454.85000,-11.00285,1.15906,-3.07153
454.90000,-11.00611,1.15895,-3.06786
454.95000,-11.00955,1.15862,-3.07762
455.00000,-11.01494,1.15827,-3.10483
455.05000,-11.02257,1.15814,3.14099
455.10000,-11.03077,1.15830,3.10255
455.15000,-11.03891,1.15861,3.07131
455.20000,-11.04729,1.15901,3.06507
455.25000,-11.05558,1.15925,3.07150
455.30000,-11.06372,1.15936,3.08521
455.35000,-11.07130,1.15933,3.10652
455.40000,-11.07748,1.15931,3.13399
455.45000,-11.08187,1.15928,-3.11455
455.50000,-11.08526,1.15916,-3.08764
455.55000,-11.08820,1.15902,-3.09184
455.60000,-11.09177,1.15885,-3.11427
455.65000,-11.09840,1.15877,3.13686
455.70000,-11.10671,1.15897,3.09978
455.75000,-11.11540,1.15935,3.07127
455.80000,-11.12390,1.15978,3.07078
455.85000,-11.13221,1.16012,3.08219
455.90000,-11.14005,1.16027,3.10204
455.95000,-11.14690,1.16030,3.12658
456.00000,-11.15282,1.16029,-3.12618
456.05000,-11.15670,1.16020,-3.09677
456.10000,-11.15965,1.16006,-3.09668
456.15000,-11.16306,1.15993,-3.10321
456.20000,-11.16572,1.15983,-3.10550
456.25000,-11.16911,1.15975,-3.12772
456.30000,-11.17476,1.15976,3.12396
456.35000,-11.18152,1.15995,3.09987
456.40000,-11.18889,1.16013,3.10054
456.45000,-11.19667,1.16029,3.11933
456.50000,-11.20256,1.16033,-3.13368
456.55000,-11.20707,1.16023,-3.09182
456.60000,-11.21085,1.15999,-3.04766
456.65000,-11.21398,1.15975,-3.01608
456.70000,-11.21672,1.15971,-3.00776
456.75000,-11.21995,1.15920,-3.02507
456.80000,-11.22591,1.15860,-3.05668
456.85000,-11.23346,1.15810,-3.09518
456.90000,-11.24147,1.15789,-3.13654
456.95000,-11.24972,1.15802,3.10596
457.00000,-11.25763,1.15846,3.06607
457.05000,-11.26555,1.15909,3.03191
457.10000,-11.27369,1.15998,3.01240
457.15000,-11.28216,1.16123,3.00861
457.20000,-11.29093,1.16242,3.02065
457.25000,-11.29791,1.16299,3.04979
457.30000,-11.30172,1.16323,3.08885
457.35000,-11.30410,1.16330,3.13100
457.40000,-11.30646,1.16328,-3.11013
457.45000,-11.30877,1.16316,-3.06818
457.50000,-11.31103,1.16294,-3.02629
457.55000,-11.31315,1.16274,-2.99707
457.60000,-11.31505,1.16248,-2.99009
457.65000,-11.31908,1.16179,-3.00807
457.70000,-11.32554,1.16101,-3.03783
457.75000,-11.33358,1.16032,-3.07433
457.80000,-11.34239,1.15990,-3.11283
457.85000,-11.35119,1.15982,3.13140
457.90000,-11.35971,1.16008,3.09044
457.95000,-11.36814,1.16053,3.05468
458.00000,-11.37681,1.16125,3.03388
458.05000,-11.38607,1.16231,3.03599
458.10000,-11.39213,1.16272,3.06316
458.15000,-11.39428,1.16285,3.10517
458.20000,-11.39612,1.16287,-3.13479
458.25000,-11.39793,1.16282,-3.09163
458.30000,-11.39973,1.16273,-3.05644
458.35000,-11.40154,1.16259,-3.03377
458.40000,-11.40341,1.16238,-3.01953
458.45000,-11.40533,1.16211,-3.01185
458.50000,-11.40722,1.16184,-3.01128
458.55000,-11.40940,1.16151,-3.01783
458.60000,-11.41279,1.16106,-3.03079
458.65000,-11.41797,1.16042,-3.05097
458.70000,-11.42506,1.15961,-3.07900
458.75000,-11.43429,1.15918,-3.11786
458.80000,-11.44429,1.15914,3.12605
458.85000,-11.45395,1.15938,3.09704
458.90000,-11.46387,1.15985,3.08382
458.95000,-11.47404,1.16043,3.08001
459.00000,-11.48420,1.16101,3.07799
459.05000,-11.49436,1.16159,3.07937
459.10000,-11.50400,1.16214,3.08813
459.15000,-11.51260,1.16253,3.10170
459.20000,-11.52012,1.16275,3.12000
459.25000,-11.52650,1.16280,-3.14010
459.30000,-11.53068,1.16277,-3.10810
459.35000,-11.53257,1.16268,-3.06702
459.40000,-11.53372,1.16259,-3.03097
459.45000,-11.53479,1.16248,-3.00237
459.50000,-11.53550,1.16236,-2.98628
459.55000,-11.53672,1.16212,-2.98807
459.60000,-11.53924,1.16172,-2.99593
459.65000,-11.54317,1.16115,-3.00934
459.70000,-11.54845,1.16039,-3.02909
459.75000,-11.55568,1.15942,-3.05645
459.80000,-11.56466,1.15883,-3.09687
459.85000,-11.57463,1.15857,-3.13465
459.90000,-11.58463,1.15869,3.11152
459.95000,-11.59418,1.15897,3.08114
460.00000,-11.60358,1.15916,3.05780
460.05000,-11.61294,1.15932,3.03552
460.10000,-11.62228,1.15946,3.01386
460.15000,-11.63162,1.15959,2.99296
460.20000,-11.64094,1.15971,2.97299
460.25000,-11.65025,1.15982,2.95395
460.30000,-11.65962,1.15999,2.93854
460.35000,-11.66901,1.16020,2.92595
460.40000,-11.67860,1.16064,2.92452
460.45000,-11.68806,1.16130,2.94188
460.50000,-11.69525,1.16189,2.97139
460.55000,-11.69976,1.16239,3.01205
460.60000,-11.70169,1.16260,3.06312
460.65000,-11.70231,1.16263,3.11926
460.70000,-11.70292,1.16263,-3.10813
460.75000,-11.70354,1.16259,-3.05274
460.80000,-11.70413,1.16254,-3.00573
460.85000,-11.70445,1.16263,-2.97248
460.90000,-11.70485,1.16237,-2.96011
460.95000,-11.70798,1.16174,-2.96417
461.00000,-11.71453,1.16057,-2.98589
461.05000,-11.72257,1.15938,-3.01599
461.10000,-11.73167,1.15838,-3.04973
461.15000,-11.74080,1.15770,-3.08358
461.20000,-11.74995,1.15732,-3.11718
461.25000,-11.75909,1.15725,3.13157
461.30000,-11.76825,1.15750,3.09833
461.35000,-11.77739,1.15805,3.06468
461.40000,-11.78655,1.15878,3.03621
461.45000,-11.79598,1.15981,3.02351
461.50000,-11.80582,1.16128,3.02810
461.55000,-11.81599,1.16265,3.03985
461.60000,-11.82656,1.16371,3.05860
461.65000,-11.83690,1.16443,3.08297
461.70000,-11.84507,1.16480,3.11274
461.75000,-11.85107,1.16487,-3.13177
461.80000,-11.85483,1.16484,-3.08403
461.85000,-11.85664,1.16480,-3.03782
461.90000,-11.85795,1.16479,-3.01065
461.95000,-11.86003,1.16427,-3.00621
462.00000,-11.86340,1.16377,-3.01023
462.05000,-11.86773,1.16319,-3.01925
462.10000,-11.87297,1.16256,-3.03371
462.15000,-11.87932,1.16191,-3.05370
462.20000,-11.88678,1.16128,-3.08146
462.25000,-11.89583,1.16089,-3.11591
462.30000,-11.90498,1.16081,3.13359
462.35000,-11.91414,1.16104,3.09981
462.40000,-11.92303,1.16149,3.08024
462.45000,-11.93213,1.16213,3.07619
462.50000,-11.94171,1.16280,3.08895
462.55000,-11.95073,1.16317,3.11532
462.60000,-11.95765,1.16325,-3.13223
462.65000,-11.96231,1.16322,-3.08724
462.70000,-11.96453,1.16312,-3.03235
462.75000,-11.96489,1.16307,-2.97013
462.80000,-11.96518,1.16300,-2.91813
462.85000,-11.96543,1.16293,-2.88113
462.90000,-11.96556,1.16296,-2.85380
462.95000,-11.96554,1.16311,-2.83581
463.00000,-11.96553,1.16323,-2.82756
463.05000,-11.96838,1.16220,-2.83521
463.10000,-11.97288,1.16080,-2.85002
463.15000,-11.97910,1.15899,-2.87236
463.20000,-11.98744,1.15677,-2.90324
463.25000,-11.99715,1.15460,-2.94002
463.30000,-12.00698,1.15278,-2.97618
463.35000,-12.01687,1.15131,-3.01269
463.40000,-12.02681,1.15021,-3.04960
463.45000,-12.03678,1.14947,-3.08612
463.50000,-12.04677,1.14910,-3.12283
463.55000,-12.05677,1.14910,3.12366
463.60000,-12.06676,1.14946,3.08649
463.65000,-12.07674,1.15019,3.05046
463.70000,-12.08662,1.15104,3.02001
463.75000,-12.09652,1.15194,3.00561
463.80000,-12.10631,1.15277,3.00832
463.85000,-12.11588,1.15339,3.02069
463.90000,-12.12528,1.15388,3.04096
463.95000,-12.13349,1.15433,3.07109
464.00000,-12.13936,1.15463,3.11094
464.05000,-12.14295,1.15468,-3.12316
464.10000,-12.14420,1.15465,-3.06489
464.15000,-12.14446,1.15461,-3.01183
464.20000,-12.14483,1.15443,-2.97022
464.25000,-12.14528,1.15416,-2.93761
464.30000,-12.14579,1.15381,-2.91435
464.35000,-12.14637,1.15337,-2.90022
464.40000,-12.14707,1.15278,-2.89484
464.45000,-12.14836,1.15196,-2.89875
464.50000,-12.15222,1.15075,-2.91704
464.55000,-12.15934,1.14899,-2.94664
464.60000,-12.16857,1.14724,-2.98458
464.65000,-12.17779,1.14599,-3.02692
464.70000,-12.18774,1.14505,-3.06729
464.75000,-12.19772,1.14450,-3.10688
464.80000,-12.20772,1.14435,3.13612
464.85000,-12.21771,1.14461,3.09641
464.90000,-12.22769,1.14526,3.05604
464.95000,-12.23753,1.14601,3.02125
465.00000,-12.24733,1.14674,2.99619
465.05000,-12.25736,1.14773,2.98754
465.10000,-12.26743,1.14878,2.98721
465.15000,-12.27751,1.14987,2.99747
465.20000,-12.28676,1.15096,3.02222
465.25000,-12.29381,1.15169,3.05711
465.30000,-12.29863,1.15201,3.10156
465.35000,-12.30120,1.15205,-3.12797
465.40000,-12.30176,1.15204,-3.06627
465.45000,-12.30198,1.15201,-3.01195
465.50000,-12.30200,1.15213,-2.97830
465.55000,-12.30188,1.15217,-2.96900
465.60000,-12.30453,1.15149,-2.97811
465.65000,-12.31082,1.15046,-3.00529
465.70000,-12.31873,1.14951,-3.04173
465.75000,-12.32763,1.14880,-3.08195
465.80000,-12.33661,1.14845,-3.12258
465.85000,-12.34559,1.14846,3.11988
465.90000,-12.35457,1.14884,3.07964
465.95000,-12.36352,1.14958,3.03891
466.00000,-12.37248,1.15052,3.00407
466.05000,-12.38171,1.15177,2.98676
466.10000,-12.39141,1.15354,2.98953
466.15000,-12.40132,1.15548,2.99972
466.20000,-12.41159,1.15718,3.01668
466.25000,-12.42216,1.15847,3.03997
466.30000,-12.43026,1.15905,3.07523
466.35000,-12.43360,1.15918,3.12734
466.40000,-12.43456,1.15918,-3.09494
466.45000,-12.43475,1.15918,-3.04029
466.50000,-12.43458,1.15937,-3.00877
466.55000,-12.43538,1.15905,-3.00372
466.60000,-12.44028,1.15828,-3.02056
466.65000,-12.44759,1.15750,-3.04988
466.70000,-12.45625,1.15686,-3.08566
466.75000,-12.46533,1.15652,-3.12245
466.80000,-12.47437,1.15652,3.12234
466.85000,-12.48336,1.15687,3.08237
466.90000,-12.49238,1.15758,3.04506
466.95000,-12.50144,1.15847,3.01363
467.00000,-12.51075,1.15965,2.99826
467.05000,-12.52049,1.16131,3.00164
467.10000,-12.53048,1.16301,3.01216
467.15000,-12.54008,1.16419,3.03352
467.20000,-12.54750,1.16489,3.06476
467.25000,-12.55259,1.16519,3.10546
467.30000,-12.55532,1.16523,-3.12786
467.35000,-12.55589,1.16522,-3.07004
467.40000,-12.55616,1.16519,-3.01190
467.45000,-12.55642,1.16514,-2.96333
467.50000,-12.55660,1.16512,-2.93441
467.55000,-12.55678,1.16507,-2.91858
467.60000,-12.55708,1.16490,-2.91054
467.65000,-12.55813,1.16459,-2.90827
467.70000,-12.56009,1.16411,-2.91110
467.75000,-12.56319,1.16338,-2.91935
467.80000,-12.56760,1.16240,-2.93359
467.85000,-12.57369,1.16115,-2.95495
467.90000,-12.58185,1.15959,-2.98459
467.95000,-12.59138,1.15828,-3.02204
468.00000,-12.60132,1.15726,-3.05834
468.05000,-12.61130,1.15661,-3.09473
468.10000,-12.62130,1.15633,-3.13148
468.15000,-12.63130,1.15642,3.11428
468.20000,-12.64129,1.15688,3.07676
468.25000,-12.65115,1.15743,3.04454
468.30000,-12.66109,1.15810,3.02678
468.35000,-12.67135,1.15913,3.02993
468.40000,-12.68068,1.16011,3.04120
468.45000,-12.68886,1.16086,3.05732
468.50000,-12.69584,1.16137,3.07828
468.55000,-12.70164,1.16165,3.10425
468.60000,-12.70623,1.16173,3.13523
468.65000,-12.70900,1.16172,-3.10969
468.70000,-12.70964,1.16169,-3.06301
468.75000,-12.71000,1.16165,-3.02389
468.80000,-12.71018,1.16158,-3.00291
468.85000,-12.71046,1.16138,-2.99892
468.90000,-12.71177,1.16112,-3.00062
468.95000,-12.71450,1.16073,-3.00723
469.00000,-12.71850,1.16017,-3.01950
469.05000,-12.72398,1.15944,-3.03782
469.10000,-12.73121,1.15852,-3.06435
469.15000,-12.74017,1.15798,-3.10325
469.20000,-12.74959,1.15781,3.14047
469.25000,-12.75878,1.15793,3.11557
469.30000,-12.76558,1.15811,3.10180
469.35000,-12.77081,1.15832,3.09089
469.40000,-12.77512,1.15845,3.08917
469.45000,-12.77905,1.15863,3.08588
469.50000,-12.78206,1.15874,3.11145
469.55000,-12.78323,1.15875,-3.13558
469.60000,-12.78385,1.15874,-3.10442
469.65000,-12.78455,1.15863,-3.09717
469.70000,-12.78750,1.15842,-3.10732
469.75000,-12.79235,1.15817,-3.12569
469.80000,-12.79860,1.15812,3.13403
469.85000,-12.80656,1.15827,3.11320
469.90000,-12.81451,1.15838,3.11616
469.95000,-12.81954,1.15840,3.13562
470.00000,-12.82164,1.15840,-3.11745
470.05000,-12.82247,1.15833,-3.08882
470.10000,-12.82344,1.15810,-3.06969
470.15000,-12.82454,1.15772,-3.05804
470.20000,-12.82585,1.15729,-3.06077
470.25000,-12.82925,1.15681,-3.07846
470.30000,-12.83524,1.15630,-3.10483
470.35000,-12.84363,1.15611,3.14136
470.40000,-12.85339,1.15631,3.09991
470.45000,-12.86263,1.15677,3.07157
470.50000,-12.87125,1.15714,3.06913
470.55000,-12.87706,1.15731,3.08317
470.60000,-12.88005,1.15730,3.10757
470.65000,-12.88199,1.15728,3.13592
470.70000,-12.88328,1.15727,-3.11463
470.75000,-12.88436,1.15723,-3.09708
470.80000,-12.88644,1.15713,-3.10578
470.85000,-12.89022,1.15699,-3.12618
470.90000,-12.89682,1.15699,3.12572
470.95000,-12.90451,1.15718,3.10370
471.00000,-12.91235,1.15734,3.10555
471.05000,-12.91863,1.15741,3.11884
471.10000,-12.92170,1.15743,-3.13704
471.15000,-12.92341,1.15739,-3.10497
471.20000,-12.92542,1.15735,-3.08067
471.25000,-12.92699,1.15731,-3.07879
471.30000,-12.93009,1.15702,-3.09402
471.35000,-12.93607,1.15682,-3.12556
471.40000,-12.94384,1.15684,3.11951
471.45000,-12.95238,1.15721,3.07668
471.50000,-12.96102,1.15780,3.03930
471.55000,-12.96986,1.15863,3.02050
471.60000,-12.97877,1.15955,3.01518
471.65000,-12.98749,1.16049,3.01872
471.70000,-12.99464,1.16111,3.03158
471.75000,-12.99936,1.16142,3.05749
471.80000,-13.00211,1.16159,3.09930
471.85000,-13.00622,1.16167,-3.13593
471.90000,-13.01180,1.16149,-3.08367
471.95000,-13.01810,1.16094,-3.02722
472.00000,-13.02498,1.15994,-2.96822
472.05000,-13.03195,1.15877,-2.91464
472.10000,-13.03880,1.15767,-2.88017
472.15000,-13.04554,1.15662,-2.87077
472.20000,-13.05222,1.15560,-2.87609
472.25000,-13.05862,1.15480,-2.90395
472.30000,-13.06494,1.15405,-2.94201
472.35000,-13.07089,1.15320,-2.99586
472.40000,-13.07658,1.15254,-3.05709
472.45000,-13.08291,1.15221,-3.12019
472.50000,-13.08957,1.15228,3.09818
472.55000,-13.09629,1.15253,3.04010
472.60000,-13.10306,1.15285,2.99229
472.65000,-13.10971,1.15327,2.95531
472.70000,-13.11320,1.15363,2.91746
472.75000,-13.11553,1.15421,2.86541
472.80000,-13.11957,1.15548,2.80956
472.85000,-13.12440,1.15732,2.74979
472.90000,-13.12978,1.15974,2.68757
472.95000,-13.13538,1.16270,2.62325
473.00000,-13.14110,1.16622,2.55779
473.05000,-13.14678,1.17025,2.49146
473.10000,-13.15234,1.17478,2.42462
473.15000,-13.15771,1.17979,2.35752
473.20000,-13.16281,1.18523,2.29022
473.25000,-13.16758,1.19106,2.22281
473.30000,-13.17200,1.19727,2.15536
473.35000,-13.17600,1.20379,2.08784
473.40000,-13.17957,1.21059,2.02026
473.45000,-13.18270,1.21768,1.95284
473.50000,-13.18532,1.22492,1.88516
473.55000,-13.18741,1.23216,1.81684
473.60000,-13.18897,1.23944,1.74813
473.65000,-13.19002,1.24672,1.67901
473.70000,-13.19054,1.25388,1.60924
473.75000,-13.19056,1.26086,1.53867
473.80000,-13.19011,1.26758,1.46713
473.85000,-13.18923,1.27379,1.39388
473.90000,-13.18813,1.27889,1.31661
473.95000,-13.18691,1.28290,1.23538
474.00000,-13.18531,1.28695,1.15467
474.05000,-13.18334,1.29096,1.07430
474.10000,-13.18098,1.29493,0.99443
474.15000,-13.17824,1.29880,0.91505
474.20000,-13.17513,1.30253,0.83607
474.25000,-13.17165,1.30609,0.75754
474.30000,-13.16780,1.30945,0.67950
474.35000,-13.16361,1.31257,0.60188
474.40000,-13.15910,1.31543,0.52471
474.45000,-13.15515,1.31752,0.44431
474.50000,-13.15157,1.31904,0.36168
474.55000,-13.14775,1.32031,0.27952
474.60000,-13.14371,1.32129,0.19780
474.65000,-13.13950,1.32196,0.11648
474.70000,-13.13515,1.32229,0.03550
474.75000,-13.13072,1.32227,-0.04520
474.80000,-13.12624,1.32188,-0.12565
474.85000,-13.12175,1.32113,-0.20590
474.90000,-13.11728,1.32001,-0.28592
474.95000,-13.11283,1.31850,-0.36558
475.00000,-13.10842,1.31661,-0.44490
475.05000,-13.10410,1.31433,-0.52385
475.10000,-13.09988,1.31167,-0.60241
475.15000,-13.09580,1.30862,-0.68058
475.20000,-13.09190,1.30521,-0.75836
475.25000,-13.08822,1.30143,-0.83579
475.30000,-13.08488,1.29744,-0.91235
475.35000,-13.08204,1.29348,-0.98737
475.40000,-13.07969,1.28962,-1.06078
475.45000,-13.07766,1.28583,-1.12254
475.50000,-13.07528,1.28161,-1.15669
475.55000,-13.07218,1.27576,-1.15998
475.60000,-13.06861,1.26764,-1.15173
475.65000,-13.06468,1.25891,-1.14353
475.70000,-13.06043,1.24970,-1.13476
475.75000,-13.05607,1.24044,-1.12473
475.80000,-13.05161,1.23123,-1.11364
475.85000,-13.04703,1.22205,-1.10156
475.90000,-13.04233,1.21290,-1.08820
475.95000,-13.03747,1.20378,-1.07392
476.00000,-13.03248,1.19472,-1.05877
476.05000,-13.02733,1.18570,-1.04280
476.10000,-13.02201,1.17676,-1.02565
476.15000,-13.01656,1.16792,-1.00781
476.20000,-13.01090,1.15913,-0.98886
476.25000,-13.00508,1.15047,-0.96918
476.30000,-12.99923,1.14210,-0.94951
476.35000,-12.99317,1.13378,-0.92924
476.40000,-12.98708,1.12579,-0.90920
476.45000,-12.98086,1.11797,-0.88903
476.50000,-12.97436,1.11011,-0.86729
476.55000,-12.96780,1.10256,-0.84534
476.60000,-12.96109,1.09515,-0.82305
476.65000,-12.95420,1.08790,-0.79997
476.70000,-12.94715,1.08081,-0.77646
476.75000,-12.93993,1.07388,-0.75273
476.80000,-12.93255,1.06714,-0.72825
476.85000,-12.92501,1.06058,-0.70306
476.90000,-12.91730,1.05421,-0.67749
476.95000,-12.90942,1.04804,-0.65146
477.00000,-12.90139,1.04208,-0.62514
477.05000,-12.89321,1.03634,-0.59837
477.10000,-12.88487,1.03082,-0.57145
477.15000,-12.87638,1.02553,-0.54386
477.20000,-12.86776,1.02048,-0.51565
477.25000,-12.85899,1.01567,-0.48682
477.30000,-12.85008,1.01112,-0.45761
477.35000,-12.84104,1.00684,-0.42788
477.40000,-12.83189,1.00283,-0.39770
477.45000,-12.82262,0.99910,-0.36690
477.50000,-12.81336,0.99570,-0.33489
477.55000,-12.80373,0.99252,-0.30211
477.60000,-12.79419,0.98973,-0.26939
477.65000,-12.78458,0.98725,-0.23653
477.70000,-12.77479,0.98504,-0.20316
477.75000,-12.76509,0.98323,-0.16903
477.80000,-12.75501,0.98171,-0.13356
477.85000,-12.74516,0.98058,-0.09712
477.90000,-12.73462,0.97976,-0.05952
477.95000,-12.72476,0.97935,-0.02402
478.00000,-12.71567,0.97931,0.01488
478.05000,-12.70611,0.97963,0.05240
478.10000,-12.69708,0.98028,0.09202
478.15000,-12.68814,0.98129,0.13225
478.20000,-12.67925,0.98266,0.17236
478.25000,-12.67043,0.98438,0.21275
478.30000,-12.66169,0.98645,0.25348
478.35000,-12.65305,0.98888,0.29440
478.40000,-12.64400,0.99183,0.33354
478.45000,-12.63524,0.99507,0.37329
478.50000,-12.62602,0.99888,0.41067
478.55000,-12.61694,1.00304,0.44783
478.60000,-12.60830,1.00719,0.47966
478.65000,-12.60230,1.01019,0.49663
478.70000,-12.60110,1.01075,0.49065
478.75000,-12.60103,1.01079,0.47884
478.80000,-12.60088,1.01087,0.46695
478.85000,-12.60077,1.01092,0.45495
478.90000,-12.60068,1.01096,0.44296
478.95000,-12.60049,1.01105,0.43126
479.00000,-12.60031,1.01113,0.41973
479.05000,-12.60012,1.01120,0.40811
479.10000,-12.59990,1.01128,0.39659
479.15000,-12.59972,1.01135,0.38512
479.20000,-12.59890,1.01166,0.38603
479.25000,-12.59489,1.01336,0.40144
479.30000,-12.58860,1.01614,0.42680
479.35000,-12.58138,1.01934,0.45028
479.40000,-12.57658,1.02145,0.46069
479.45000,-12.57579,1.02178,0.45154
479.50000,-12.57566,1.02185,0.43946
479.55000,-12.57558,1.02189,0.42714
479.60000,-12.57518,1.02207,0.41462
479.65000,-12.57477,1.02226,0.40208
479.70000,-12.57435,1.02245,0.38954
479.75000,-12.57393,1.02264,0.37698
479.80000,-12.57351,1.02284,0.36442
479.85000,-12.57336,1.02290,0.35241
479.90000,-12.57267,1.02317,0.35314
479.95000,-12.56871,1.02467,0.36801
480.00000,-12.56240,1.02719,0.39231
480.05000,-12.55479,1.03047,0.42434
480.10000,-12.54713,1.03395,0.45438
480.15000,-12.54122,1.03678,0.47269
480.20000,-12.53911,1.03776,0.46980
480.25000,-12.53908,1.03779,0.45704
480.30000,-12.53879,1.03792,0.44430
480.35000,-12.53857,1.03803,0.43159
480.40000,-12.53849,1.03808,0.41914
480.45000,-12.53825,1.03819,0.40656
480.50000,-12.53813,1.03825,0.39391
480.55000,-12.53797,1.03833,0.38124
480.60000,-12.53789,1.03836,0.36898
480.65000,-12.53771,1.03844,0.35637
480.70000,-12.53761,1.03848,0.34379
480.75000,-12.53748,1.03853,0.33155
480.80000,-12.53696,1.03879,0.33091
480.85000,-12.53299,1.04023,0.34530
480.90000,-12.52671,1.04257,0.36959
480.95000,-12.52040,1.04497,0.38686
481.00000,-12.51795,1.04579,0.38547
481.05000,-12.51763,1.04592,0.37401
481.10000,-12.51747,1.04599,0.36231
481.15000,-12.51725,1.04607,0.35091
481.20000,-12.51719,1.04610,0.33912
481.25000,-12.51707,1.04615,0.32751
481.30000,-12.51694,1.04621,0.31632
481.35000,-12.51664,1.04631,0.30471
481.40000,-12.51624,1.04644,0.29293
481.45000,-12.51548,1.04671,0.29308
481.50000,-12.51135,1.04802,0.30780
481.55000,-12.50478,1.05019,0.33245
481.60000,-12.49677,1.05309,0.36392
481.65000,-12.48823,1.05655,0.40188
481.70000,-12.48007,1.06006,0.42978
481.75000,-12.47493,1.06232,0.44282
481.80000,-12.47244,1.06347,0.44214
481.85000,-12.47090,1.06419,0.43561
481.90000,-12.47036,1.06444,0.42424
481.95000,-12.47017,1.06454,0.41234
482.00000,-12.47011,1.06458,0.40028
482.05000,-12.46983,1.06470,0.38807
482.10000,-12.46968,1.06475,0.37610
482.15000,-12.46951,1.06483,0.36413
482.20000,-12.46907,1.06499,0.35177
482.25000,-12.46857,1.06517,0.33933
482.30000,-12.46807,1.06534,0.32696
482.35000,-12.46757,1.06551,0.31466
482.40000,-12.46707,1.06567,0.30244
482.45000,-12.46657,1.06582,0.29030
482.50000,-12.46607,1.06597,0.27825
482.55000,-12.46557,1.06611,0.26629
482.60000,-12.46507,1.06624,0.25443
482.65000,-12.46246,1.06722,0.24363
482.70000,-12.45603,1.06900,0.24542
482.75000,-12.44924,1.07076,0.26855
482.80000,-12.44104,1.07317,0.29953
482.85000,-12.43229,1.07582,0.32769
482.90000,-12.42380,1.07839,0.35017
482.95000,-12.41813,1.07994,0.36367
483.00000,-12.41500,1.08093,0.36520
483.05000,-12.41472,1.08101,0.35295
483.10000,-12.41428,1.08118,0.34024
483.15000,-12.41384,1.08135,0.32752
483.20000,-12.41340,1.08152,0.31479
483.25000,-12.41297,1.08168,0.30217
483.30000,-12.41281,1.08173,0.29009
483.35000,-12.41267,1.08179,0.27815
483.40000,-12.41255,1.08183,0.26624
483.45000,-12.41261,1.08182,0.25378
483.50000,-12.41117,1.08275,0.24236
483.55000,-12.40526,1.08501,0.23194
483.60000,-12.39566,1.08722,0.22032
483.65000,-12.38615,1.08928,0.20839
483.70000,-12.37709,1.09109,0.20929
483.75000,-12.36944,1.09280,0.23341
483.80000,-12.36045,1.09508,0.26467
483.85000,-12.35092,1.09765,0.29082
483.90000,-12.34125,1.10039,0.30142
483.95000,-12.33161,1.10313,0.30264
484.00000,-12.32197,1.10588,0.29976
484.05000,-12.31457,1.10745,0.30150
484.10000,-12.30641,1.11057,0.30164
484.15000,-12.29667,1.11343,0.29397
484.20000,-12.28728,1.11621,0.28225
484.25000,-12.27789,1.11888,0.27030
484.30000,-12.26843,1.12143,0.25858
484.35000,-12.25897,1.12387,0.24672
484.40000,-12.24955,1.12619,0.23452
484.45000,-12.24011,1.12838,0.22233
484.50000,-12.23063,1.13047,0.21019
484.55000,-12.22112,1.13244,0.19804
484.60000,-12.21159,1.13429,0.18600
484.65000,-12.20203,1.13604,0.17407
484.70000,-12.19244,1.13767,0.16228
484.75000,-12.18284,1.13918,0.15064
484.80000,-12.17321,1.14059,0.13919
484.85000,-12.16357,1.14189,0.12792
484.90000,-12.15390,1.14308,0.11686
484.95000,-12.14422,1.14416,0.10601
485.00000,-12.13452,1.14514,0.09542
485.05000,-12.12480,1.14602,0.08507
485.10000,-12.11508,1.14680,0.07502
485.15000,-12.10533,1.14748,0.06519
485.20000,-12.09559,1.14807,0.05561
485.25000,-12.08583,1.14857,0.04625
485.30000,-12.07607,1.14898,0.03719
485.35000,-12.06637,1.14930,0.03258
485.40000,-12.05789,1.14956,0.03165
485.45000,-12.04934,1.14981,0.03241
485.50000,-12.04172,1.15006,0.03605
485.55000,-12.03220,1.15038,0.03080
485.60000,-12.02225,1.15063,0.03086
485.65000,-12.01205,1.15095,0.04737
485.70000,-12.00316,1.15139,0.06088
485.75000,-11.99489,1.15187,0.06767
485.80000,-11.98770,1.15240,0.07736
485.85000,-11.97843,1.15313,0.07471
485.90000,-11.96854,1.15385,0.06925
485.95000,-11.95866,1.15451,0.06390
486.00000,-11.94878,1.15512,0.05874
486.05000,-11.93885,1.15567,0.05349
486.10000,-11.92894,1.15618,0.04838
486.15000,-11.91903,1.15664,0.04352
486.20000,-11.90911,1.15704,0.03857
486.25000,-11.89920,1.15740,0.03396
486.30000,-11.88930,1.15768,0.03496
486.35000,-11.88080,1.15798,0.04112
486.40000,-11.87110,1.15838,0.03849
486.45000,-11.86117,1.15874,0.03473
486.50000,-11.85119,1.15907,0.03106
486.55000,-11.84120,1.15936,0.02752
486.60000,-11.83123,1.15962,0.02392
486.65000,-11.82129,1.15984,0.02051
486.70000,-11.81135,1.16002,0.01712
486.75000,-11.80143,1.16016,0.01371
486.80000,-11.79152,1.16026,0.01036
486.85000,-11.78160,1.16034,0.00708
486.90000,-11.77168,1.16038,0.00387
486.95000,-11.76175,1.16039,0.00074
487.00000,-11.75237,1.16041,0.00819
487.05000,-11.74424,1.16059,0.03634
487.10000,-11.73461,1.16110,0.06972
487.15000,-11.72473,1.16171,0.09847
487.20000,-11.71515,1.16244,0.11351
487.25000,-11.70580,1.16342,0.11772
487.30000,-11.69612,1.16456,0.11548
487.35000,-11.68624,1.16569,0.11196
487.40000,-11.67636,1.16679,0.10838
487.45000,-11.66649,1.16785,0.10480
487.50000,-11.65658,1.16887,0.10123
487.55000,-11.64668,1.16986,0.09765
487.60000,-11.63677,1.17081,0.09409
487.65000,-11.62686,1.17173,0.09053
487.70000,-11.61697,1.17261,0.08688
487.75000,-11.60709,1.17344,0.08306
487.80000,-11.59719,1.17424,0.07937
487.85000,-11.58731,1.17499,0.07549
487.90000,-11.57743,1.17571,0.07162
487.95000,-11.56755,1.17640,0.06784
488.00000,-11.55766,1.17705,0.06403
488.05000,-11.54778,1.17767,0.06022
488.10000,-11.53789,1.17824,0.05650
488.15000,-11.52800,1.17879,0.05272
488.20000,-11.51809,1.17929,0.04897
488.25000,-11.50819,1.17976,0.04519
488.30000,-11.49828,1.18019,0.04160
488.35000,-11.48836,1.18059,0.03804
488.40000,-11.47843,1.18095,0.03438
488.45000,-11.46850,1.18127,0.03085
488.50000,-11.45857,1.18156,0.02733
488.55000,-11.44863,1.18181,0.02376
488.60000,-11.43870,1.18203,0.02027
488.65000,-11.42876,1.18222,0.01693
488.70000,-11.41883,1.18237,0.01366
488.75000,-11.40886,1.18249,0.01036
488.80000,-11.39886,1.18258,0.00695
488.85000,-11.38886,1.18263,0.00364
488.90000,-11.37886,1.18265,0.00045
488.95000,-11.36886,1.18264,-0.00263
489.00000,-11.35886,1.18260,-0.00561
489.05000,-11.34886,1.18253,-0.00849
489.10000,-11.33886,1.18243,-0.01127
489.15000,-11.32886,1.18231,-0.01391
489.20000,-11.31886,1.18216,-0.01639
489.25000,-11.30887,1.18198,-0.01869
489.30000,-11.29887,1.18178,-0.02088
489.35000,-11.28887,1.18156,-0.02298
489.40000,-11.27887,1.18132,-0.02499
489.45000,-11.26888,1.18107,-0.02691
489.50000,-11.25888,1.18079,-0.02874
489.55000,-11.24888,1.18049,-0.03048
489.60000,-11.23888,1.18018,-0.03210
489.65000,-11.22890,1.17985,-0.03354
489.70000,-11.21889,1.17951,-0.03482
489.75000,-11.20890,1.17916,-0.03597
489.80000,-11.19892,1.17879,-0.03699
489.85000,-11.18894,1.17842,-0.03786
489.90000,-11.17896,1.17804,-0.03868
489.95000,-11.16899,1.17764,-0.03950
490.00000,-11.15902,1.17723,-0.04032
490.05000,-11.14904,1.17681,-0.04116
490.10000,-11.13907,1.17638,-0.04204
490.15000,-11.12910,1.17594,-0.04299
490.20000,-11.11913,1.17550,-0.04403
490.25000,-11.10917,1.17504,-0.04518
490.30000,-11.09921,1.17457,-0.04646
490.35000,-11.08926,1.17409,-0.04785
490.40000,-11.07930,1.17359,-0.04935
490.45000,-11.06935,1.17308,-0.05092
490.50000,-11.05940,1.17255,-0.05251
490.55000,-11.04945,1.17201,-0.05405
490.60000,-11.03961,1.17148,-0.04967
490.65000,-11.02968,1.17094,-0.03617
490.70000,-11.02073,1.17072,-0.02224
490.75000,-11.01105,1.17051,-0.02111
490.80000,-11.00105,1.17030,-0.02074
490.85000,-10.99106,1.17010,-0.02016
490.90000,-10.98106,1.16990,-0.01938
490.95000,-10.97104,1.16971,-0.01496
491.00000,-10.96212,1.16962,-0.00747
491.05000,-10.95228,1.16956,-0.00497
491.10000,-10.94225,1.16952,-0.00295
491.15000,-10.93220,1.16951,-0.00070
491.20000,-10.92215,1.16951,0.00167
491.25000,-10.91209,1.16954,0.00424
491.30000,-10.90202,1.16960,0.00696
491.35000,-10.89196,1.16969,0.00976
491.40000,-10.88188,1.16980,0.01271
491.45000,-10.87181,1.16995,0.01576
491.50000,-10.86173,1.17012,0.01883
491.55000,-10.85164,1.17033,0.02205
491.60000,-10.84157,1.17057,0.02548
491.65000,-10.83148,1.17083,0.02897
491.70000,-10.82138,1.17114,0.03249
491.75000,-10.81127,1.17148,0.03603
491.80000,-10.80116,1.17186,0.03959
491.85000,-10.79104,1.17228,0.04315
491.90000,-10.78093,1.17273,0.04671
491.95000,-10.77082,1.17321,0.05027
492.00000,-10.76071,1.17374,0.05383
492.05000,-10.75059,1.17430,0.05741
492.10000,-10.74048,1.17489,0.06100
492.15000,-10.73039,1.17552,0.06473
492.20000,-10.72036,1.17619,0.06832
492.25000,-10.71035,1.17689,0.07219
492.30000,-10.70035,1.17763,0.07618
492.35000,-10.69036,1.17840,0.08022
492.40000,-10.68037,1.17922,0.08427
492.45000,-10.67039,1.18008,0.08831
492.50000,-10.66041,1.18099,0.09223
492.55000,-10.65042,1.18193,0.09599
492.60000,-10.64043,1.18290,0.09967
492.65000,-10.63051,1.18391,0.10281
492.70000,-10.62058,1.18495,0.10578
492.75000,-10.61065,1.18602,0.10874
492.80000,-10.60072,1.18712,0.11171
492.85000,-10.59080,1.18825,0.11467
492.90000,-10.58088,1.18941,0.11762
492.95000,-10.57097,1.19060,0.12057
493.00000,-10.56106,1.19182,0.12350
493.05000,-10.55114,1.19307,0.12648
493.10000,-10.54125,1.19434,0.12970
493.15000,-10.53141,1.19564,0.13305
493.20000,-10.52158,1.19697,0.13642
493.25000,-10.51173,1.19834,0.13955
493.30000,-10.50184,1.19975,0.14258
493.35000,-10.49192,1.20119,0.14556
493.40000,-10.48200,1.20266,0.14853
493.45000,-10.47211,1.20415,0.15135
493.50000,-10.46222,1.20568,0.15413
493.55000,-10.45232,1.20723,0.15691
493.60000,-10.44244,1.20881,0.15966
493.65000,-10.43254,1.21042,0.16244
493.70000,-10.42265,1.21205,0.16516
493.75000,-10.41277,1.21371,0.16784
493.80000,-10.40290,1.21540,0.17049
493.85000,-10.39302,1.21712,0.17312
493.90000,-10.38315,1.21887,0.17572
493.95000,-10.37328,1.22064,0.17829
494.00000,-10.36342,1.22243,0.18077
494.05000,-10.35356,1.22425,0.18323
494.10000,-10.34368,1.22609,0.18570
494.15000,-10.33380,1.22796,0.18813
494.20000,-10.32392,1.22985,0.19051
494.25000,-10.31403,1.23177,0.19286
494.30000,-10.30417,1.23371,0.19511
494.35000,-10.29431,1.23567,0.19730
494.40000,-10.28445,1.23765,0.19946
494.45000,-10.27459,1.23966,0.20158
494.50000,-10.26473,1.24168,0.20365
494.55000,-10.25488,1.24373,0.20567
494.60000,-10.24503,1.24579,0.20767
494.65000,-10.23517,1.24788,0.20968
494.70000,-10.22532,1.24999,0.21161
494.75000,-10.21546,1.25212,0.21348
494.80000,-10.20563,1.25426,0.21537
494.85000,-10.19579,1.25642,0.21716
494.90000,-10.18598,1.25860,0.21878
494.95000,-10.17618,1.26078,0.22031
495.00000,-10.16638,1.26298,0.22198
495.05000,-10.15660,1.26520,0.22368
495.10000,-10.14682,1.26743,0.22535
495.15000,-10.13706,1.26967,0.22700
495.20000,-10.12730,1.27193,0.22862
495.25000,-10.11756,1.27420,0.23022
495.30000,-10.10781,1.27650,0.23168
495.35000,-10.09807,1.27880,0.23291
495.40000,-10.08832,1.28112,0.23403
495.45000,-10.07858,1.28344,0.23506
495.50000,-10.06884,1.28578,0.23603
495.55000,-10.05911,1.28812,0.23690
495.60000,-10.04939,1.29047,0.23772
495.65000,-10.03967,1.29283,0.23846
495.70000,-10.02995,1.29519,0.23919
495.75000,-10.02023,1.29757,0.23989
495.80000,-10.01052,1.29995,0.24050
495.85000,-10.00080,1.30233,0.24109
495.90000,-9.99109,1.30472,0.24164
495.95000,-9.98138,1.30712,0.24209
496.00000,-9.97167,1.30952,0.24255
496.05000,-9.96196,1.31193,0.24296
496.10000,-9.95225,1.31433,0.24333
496.15000,-9.94254,1.31675,0.24367
496.20000,-9.93283,1.31917,0.24397
496.25000,-9.92312,1.32158,0.24422
496.30000,-9.91343,1.32400,0.24447
496.35000,-9.90373,1.32642,0.24467
496.40000,-9.89403,1.32884,0.24485
496.45000,-9.88433,1.33127,0.24498
496.50000,-9.87463,1.33369,0.24509
496.55000,-9.86492,1.33612,0.24511
496.60000,-9.85520,1.33856,0.24517
496.65000,-9.84550,1.34098,0.24517
496.70000,-9.83580,1.34341,0.24513
496.75000,-9.82609,1.34584,0.24506
496.80000,-9.81636,1.34828,0.24500
496.85000,-9.80663,1.35071,0.24494
496.90000,-9.79690,1.35314,0.24488
496.95000,-9.78717,1.35558,0.24482
497.00000,-9.77745,1.35801,0.24464
497.05000,-9.76774,1.36043,0.24443
497.10000,-9.75804,1.36285,0.24415
497.15000,-9.74832,1.36527,0.24387
497.20000,-9.73860,1.36768,0.24357
497.25000,-9.72890,1.37009,0.24324
497.30000,-9.71920,1.37250,0.24296
497.35000,-9.70950,1.37489,0.24256
497.40000,-9.69980,1.37729,0.24219
497.45000,-9.69010,1.37968,0.24176
497.50000,-9.68040,1.38207,0.24131
497.55000,-9.67070,1.38445,0.24084
497.60000,-9.66100,1.38683,0.24035
497.65000,-9.65130,1.38921,0.23984
497.70000,-9.64160,1.39158,0.23931
497.75000,-9.63190,1.39394,0.23877
497.80000,-9.62219,1.39630,0.23821
497.85000,-9.61249,1.39866,0.23764
497.90000,-9.60278,1.40100,0.23705
497.95000,-9.59308,1.40335,0.23645
498.00000,-9.58337,1.40568,0.23583
498.05000,-9.57366,1.40801,0.23521
498.10000,-9.56395,1.41033,0.23457
498.15000,-9.55424,1.41265,0.23389
498.20000,-9.54453,1.41496,0.23322
498.25000,-9.53481,1.41727,0.23254
498.30000,-9.52509,1.41957,0.23185
498.35000,-9.51536,1.42186,0.23107
498.40000,-9.50562,1.42415,0.23029
498.45000,-9.49589,1.42643,0.22950
498.50000,-9.48615,1.42870,0.22870
498.55000,-9.47641,1.43096,0.22790
498.60000,-9.46667,1.43322,0.22709
498.65000,-9.45692,1.43546,0.22628
498.70000,-9.44718,1.43770,0.22551
498.75000,-9.43744,1.43993,0.22476
498.80000,-9.42768,1.44216,0.22410
498.85000,-9.41794,1.44437,0.22335
498.90000,-9.40819,1.44659,0.22263
498.95000,-9.39844,1.44879,0.22191
499.00000,-9.38869,1.45099,0.22119
499.05000,-9.37893,1.45318,0.22046
499.10000,-9.36918,1.45536,0.21974
499.15000,-9.35942,1.45754,0.21901
499.20000,-9.34966,1.45971,0.21829
499.25000,-9.33990,1.46187,0.21756
499.30000,-9.33014,1.46403,0.21684
499.35000,-9.32037,1.46617,0.21606
499.40000,-9.31060,1.46832,0.21531
499.45000,-9.30083,1.47045,0.21456
499.50000,-9.29106,1.47258,0.21385
499.55000,-9.28128,1.47470,0.21317
499.60000,-9.27152,1.47682,0.21243
499.65000,-9.26175,1.47891,0.21170
499.70000,-9.25198,1.48099,0.21095
499.75000,-9.24222,1.48307,0.21020
499.80000,-9.23245,1.48513,0.20946
499.85000,-9.22268,1.48719,0.20871
499.90000,-9.21291,1.48924,0.20798
499.95000,-9.20314,1.49129,0.20725
500.00000,-9.19336,1.49332,0.20652
500.05000,-9.18358,1.49536,0.20580
500.10000,-9.17381,1.49738,0.20509
500.15000,-9.16403,1.49939,0.20437
500.20000,-9.15425,1.50141,0.20369
500.25000,-9.14446,1.50343,0.20314
500.30000,-9.13468,1.50544,0.20248
500.35000,-9.12491,1.50744,0.20179
500.40000,-9.11514,1.50944,0.20110
500.45000,-9.10536,1.51143,0.20042
500.50000,-9.09558,1.51341,0.19975
500.55000,-9.08580,1.51539,0.19908
500.60000,-9.07602,1.51736,0.19842
500.65000,-9.06623,1.51932,0.19777
500.70000,-9.05645,1.52128,0.19713
500.75000,-9.04666,1.52323,0.19649
500.80000,-9.03687,1.52518,0.19586
500.85000,-9.02708,1.52712,0.19524
500.90000,-9.01729,1.52905,0.19463
500.95000,-9.00750,1.53098,0.19403
501.00000,-8.99770,1.53290,0.19343
501.05000,-8.98791,1.53482,0.19284
501.10000,-8.97811,1.53673,0.19226
501.15000,-8.96831,1.53863,0.19169
501.20000,-8.95852,1.54053,0.19113
501.25000,-8.94871,1.54242,0.19056
501.30000,-8.93891,1.54431,0.19001
501.35000,-8.92910,1.54620,0.18947
501.40000,-8.91928,1.54808,0.18892
501.45000,-8.90946,1.54995,0.18834
501.50000,-8.89964,1.55182,0.18777
501.55000,-8.88981,1.55368,0.18721
501.60000,-8.87998,1.55554,0.18667
501.65000,-8.87016,1.55740,0.18613
501.70000,-8.86033,1.55924,0.18561
501.75000,-8.85050,1.56109,0.18511
501.80000,-8.84067,1.56293,0.18461
501.85000,-8.83084,1.56476,0.18411
501.90000,-8.82101,1.56658,0.18366
501.95000,-8.81119,1.56841,0.18318
502.00000,-8.80135,1.57023,0.18281
502.05000,-8.79150,1.57205,0.18237
502.10000,-8.78167,1.57386,0.18200
502.15000,-8.77184,1.57567,0.18164
502.20000,-8.76200,1.57747,0.18129
502.25000,-8.75216,1.57927,0.18090
502.30000,-8.74232,1.58107,0.18048
502.35000,-8.73248,1.58287,0.18012
502.40000,-8.72264,1.58466,0.17976
502.45000,-8.71280,1.58645,0.17940
502.50000,-8.70295,1.58823,0.17902
502.55000,-8.69311,1.59001,0.17867
502.60000,-8.68327,1.59179,0.17836
502.65000,-8.67341,1.59357,0.17805
502.70000,-8.66357,1.59534,0.17776
502.75000,-8.65371,1.59711,0.17749
502.80000,-8.64387,1.59885,0.17724
502.85000,-8.63403,1.60061,0.17699
502.90000,-8.62419,1.60235,0.17675
502.95000,-8.61435,1.60410,0.17652
503.00000,-8.60451,1.60583,0.17629
503.05000,-8.59467,1.60758,0.17608
503.10000,-8.58482,1.60931,0.17587
503.15000,-8.57498,1.61105,0.17567
503.20000,-8.56514,1.61278,0.17548
503.25000,-8.55529,1.61451,0.17530
503.30000,-8.54545,1.61624,0.17512
503.35000,-8.53560,1.61797,0.17495
503.40000,-8.52575,1.61969,0.17477
503.45000,-8.51591,1.62143,0.17454
503.50000,-8.50606,1.62317,0.17444
503.55000,-8.49621,1.62490,0.17429
503.60000,-8.48637,1.62663,0.17417
503.65000,-8.47652,1.62837,0.17406
503.70000,-8.46666,1.63009,0.17394
503.75000,-8.45680,1.63182,0.17374
503.80000,-8.44695,1.63354,0.17364
503.85000,-8.43710,1.63527,0.17353
503.90000,-8.42725,1.63698,0.17345
503.95000,-8.41740,1.63870,0.17339
504.00000,-8.40755,1.64042,0.17347
504.05000,-8.39770,1.64215,0.17360
504.10000,-8.38784,1.64388,0.17374
504.15000,-8.37799,1.64561,0.17389
504.20000,-8.36813,1.64734,0.17404
504.25000,-8.35827,1.64907,0.17419
504.30000,-8.34841,1.65081,0.17434
504.35000,-8.33856,1.65254,0.17449
504.40000,-8.32870,1.65428,0.17464
504.45000,-8.31885,1.65602,0.17478
504.50000,-8.30899,1.65776,0.17493
504.55000,-8.29913,1.65950,0.17508
504.60000,-8.28928,1.66125,0.17523
504.65000,-8.27942,1.66299,0.17538
504.70000,-8.26957,1.66474,0.17553
504.75000,-8.25971,1.66649,0.17568
504.80000,-8.24986,1.66824,0.17583
504.85000,-8.24001,1.66999,0.17597
504.90000,-8.23015,1.67174,0.17601
504.95000,-8.22030,1.67349,0.17596
505.00000,-8.21046,1.67524,0.17589
505.05000,-8.20060,1.67699,0.17576
505.10000,-8.19075,1.67874,0.17570
505.15000,-8.18090,1.68049,0.17557
505.20000,-8.17103,1.68224,0.17546
505.25000,-8.16117,1.68399,0.17544
505.30000,-8.15132,1.68573,0.17538
505.35000,-8.14148,1.68748,0.17537
505.40000,-8.13163,1.68922,0.17531
505.45000,-8.12178,1.69097,0.17530
505.50000,-8.11192,1.69271,0.17530
505.55000,-8.10207,1.69446,0.17530
505.60000,-8.09222,1.69621,0.17529
505.65000,-8.08236,1.69795,0.17527
505.70000,-8.07250,1.69970,0.17528
505.75000,-8.06265,1.70145,0.17528
505.80000,-8.05280,1.70319,0.17522
505.85000,-8.04295,1.70494,0.17518
505.90000,-8.03308,1.70669,0.17521
505.95000,-8.02322,1.70843,0.17525
506.00000,-8.01335,1.71018,0.17530
506.05000,-8.00348,1.71193,0.17536
506.10000,-7.99362,1.71368,0.17540
506.15000,-7.98374,1.71543,0.17545
506.20000,-7.97388,1.71717,0.17550
506.25000,-7.96402,1.71892,0.17555
506.30000,-7.95415,1.72067,0.17561
506.35000,-7.94429,1.72242,0.17566
506.40000,-7.93442,1.72418,0.17572
506.45000,-7.92455,1.72593,0.17578
506.50000,-7.91469,1.72768,0.17577
506.55000,-7.90485,1.72943,0.17583
506.60000,-7.89498,1.73118,0.17589
506.65000,-7.88513,1.73293,0.17594
506.70000,-7.87527,1.73468,0.17602
506.75000,-7.86537,1.73644,0.17608
506.80000,-7.85551,1.73820,0.17618
506.85000,-7.84565,1.73995,0.17615
506.90000,-7.83579,1.74170,0.17615
506.95000,-7.82594,1.74345,0.17622
507.00000,-7.81609,1.74520,0.17626
507.05000,-7.80624,1.74695,0.17635
507.10000,-7.79639,1.74869,0.17644
507.15000,-7.78655,1.75043,0.17655
507.20000,-7.77670,1.75219,0.17681
507.25000,-7.76685,1.75395,0.17709
507.30000,-7.75700,1.75571,0.17738
507.35000,-7.74714,1.75748,0.17766
507.40000,-7.73729,1.75925,0.17795
507.45000,-7.72744,1.76102,0.17823
507.50000,-7.71759,1.76280,0.17851
507.55000,-7.70775,1.76457,0.17879
507.60000,-7.69790,1.76636,0.17907
507.65000,-7.68806,1.76814,0.17934
507.70000,-7.67821,1.76992,0.17962
507.75000,-7.66837,1.77171,0.17989
507.80000,-7.65853,1.77350,0.18015
507.85000,-7.64869,1.77529,0.18042
507.90000,-7.63885,1.77709,0.18069
507.95000,-7.62901,1.77889,0.18095
508.00000,-7.61917,1.78069,0.18118
508.05000,-7.60933,1.78249,0.18125
508.10000,-7.59949,1.78429,0.18125
508.15000,-7.58966,1.78609,0.18123
508.20000,-7.57981,1.78790,0.18118
508.25000,-7.56997,1.78970,0.18113
508.30000,-7.56013,1.79150,0.18108
508.35000,-7.55029,1.79330,0.18101
508.40000,-7.54044,1.79511,0.18095
508.45000,-7.53056,1.79691,0.18096
508.50000,-7.52068,1.79872,0.18097
508.55000,-7.51083,1.80053,0.18098
508.60000,-7.50099,1.80233,0.18099
508.65000,-7.49115,1.80413,0.18100
508.70000,-7.48132,1.80593,0.18101
508.75000,-7.47148,1.80773,0.18102
508.80000,-7.46164,1.80953,0.18103
508.85000,-7.45181,1.81133,0.18105
508.90000,-7.44197,1.81313,0.18106
508.95000,-7.43214,1.81493,0.18107
509.00000,-7.42230,1.81673,0.18106
509.05000,-7.41244,1.81854,0.18106
509.10000,-7.40258,1.82034,0.18108
509.15000,-7.39273,1.82215,0.18110
509.20000,-7.38286,1.82395,0.18115
509.25000,-7.37300,1.82576,0.18117
509.30000,-7.36315,1.82756,0.18120
509.35000,-7.35328,1.82937,0.18121
509.40000,-7.34344,1.83117,0.18122
509.45000,-7.33361,1.83298,0.18123
509.50000,-7.32377,1.83478,0.18125
509.55000,-7.31394,1.83659,0.18126
509.60000,-7.30410,1.83839,0.18128
509.65000,-7.29426,1.84019,0.18129
509.70000,-7.28443,1.84200,0.18130
509.75000,-7.27459,1.84380,0.18130
509.80000,-7.26476,1.84560,0.18132
509.85000,-7.25490,1.84741,0.18134
509.90000,-7.24501,1.84922,0.18136
509.95000,-7.23512,1.85103,0.18137
510.00000,-7.22523,1.85285,0.18139
510.05000,-7.21534,1.85466,0.18140
510.10000,-7.20545,1.85647,0.18142
510.15000,-7.19556,1.85829,0.18143
510.20000,-7.18567,1.86010,0.18144
510.25000,-7.17578,1.86192,0.18146
510.30000,-7.16589,1.86373,0.18148
510.35000,-7.15604,1.86553,0.18151
510.40000,-7.14621,1.86734,0.18169
510.45000,-7.13636,1.86914,0.18172
510.50000,-7.12652,1.87095,0.18188
510.55000,-7.11668,1.87275,0.18192
510.60000,-7.10684,1.87456,0.18199
510.65000,-7.09699,1.87637,0.18199
510.70000,-7.08717,1.87818,0.18191
510.75000,-7.07735,1.87999,0.18173
510.80000,-7.06753,1.88180,0.18166
510.85000,-7.05769,1.88360,0.18168
510.90000,-7.04785,1.88541,0.18169
510.95000,-7.03802,1.88722,0.18171
511.00000,-7.02818,1.88902,0.18173
511.05000,-7.01835,1.89083,0.18174
511.10000,-7.00851,1.89264,0.18176
511.15000,-6.99868,1.89445,0.18178
511.20000,-6.98884,1.89625,0.18179
511.25000,-6.97901,1.89806,0.18181
511.30000,-6.96917,1.89987,0.18180
511.35000,-6.95933,1.90168,0.18172
511.40000,-6.94948,1.90349,0.18168
511.45000,-6.93964,1.90530,0.18161
511.50000,-6.92979,1.90711,0.18158
511.55000,-6.91995,1.90891,0.18152
511.60000,-6.91011,1.91072,0.18153
511.65000,-6.90027,1.91253,0.18155
511.70000,-6.89043,1.91433,0.18154
511.75000,-6.88059,1.91614,0.18155
511.80000,-6.87075,1.91795,0.18157
511.85000,-6.86091,1.91976,0.18158
511.90000,-6.85107,1.92156,0.18156
511.95000,-6.84122,1.92337,0.18155
512.00000,-6.83138,1.92518,0.18160
512.05000,-6.82154,1.92699,0.18154
512.10000,-6.81169,1.92880,0.18154
512.15000,-6.80185,1.93061,0.18154
512.20000,-6.79202,1.93241,0.18156
512.25000,-6.78218,1.93420,0.18157
512.30000,-6.77234,1.93599,0.18158
512.35000,-6.76250,1.93779,0.18159
512.40000,-6.75267,1.93958,0.18160
512.45000,-6.74283,1.94137,0.18161
512.50000,-6.73299,1.94317,0.18162
512.55000,-6.72315,1.94496,0.18163
512.60000,-6.71331,1.94675,0.18164
512.65000,-6.70348,1.94855,0.18165
512.70000,-6.69364,1.95034,0.18166
512.75000,-6.68380,1.95213,0.18167
512.80000,-6.67396,1.95393,0.18168
512.85000,-6.66411,1.95573,0.18166
512.90000,-6.65423,1.95755,0.18168
512.95000,-6.64438,1.95935,0.18167
513.00000,-6.63452,1.96116,0.18169
513.05000,-6.62463,1.96297,0.18172
513.10000,-6.61477,1.96478,0.18185
513.15000,-6.60493,1.96659,0.18193
513.20000,-6.59509,1.96840,0.18190
513.25000,-6.58525,1.97020,0.18192
513.30000,-6.57541,1.97201,0.18192
513.35000,-6.56558,1.97380,0.18194
513.40000,-6.55574,1.97561,0.18208
513.45000,-6.54590,1.97742,0.18230
513.50000,-6.53606,1.97924,0.18253
513.55000,-6.52622,1.98106,0.18276
513.60000,-6.51638,1.98288,0.18298
513.65000,-6.50654,1.98470,0.18320
513.70000,-6.49670,1.98652,0.18342
513.75000,-6.48686,1.98835,0.18364
513.80000,-6.47703,1.99017,0.18385
513.85000,-6.46720,1.99200,0.18407
513.90000,-6.45736,1.99383,0.18428
513.95000,-6.44753,1.99567,0.18448
514.00000,-6.43770,1.99750,0.18469
514.05000,-6.42787,1.99934,0.18489
514.10000,-6.41805,2.00118,0.18509
514.15000,-6.40822,2.00302,0.18529
514.20000,-6.39840,2.00486,0.18548
514.25000,-6.38857,2.00670,0.18568
514.30000,-6.37874,2.00855,0.18573
514.35000,-6.36892,2.01040,0.18562
514.40000,-6.35909,2.01224,0.18552
514.45000,-6.34926,2.01408,0.18537
514.50000,-6.33943,2.01593,0.18530
514.55000,-6.32959,2.01777,0.18516
514.60000,-6.31975,2.01961,0.18499
514.65000,-6.30991,2.02146,0.18489
514.70000,-6.30037,2.02313,0.17579
514.75000,-6.29238,2.02431,0.14630
514.80000,-6.28564,2.02515,0.10156
514.85000,-6.27784,2.02575,0.05292
514.90000,-6.26924,2.02598,0.00174
514.95000,-6.26011,2.02576,-0.05122
515.00000,-6.25055,2.02501,-0.10519
515.05000,-6.24075,2.02370,-0.15989
515.10000,-6.23092,2.02184,-0.21449
515.15000,-6.22122,2.01945,-0.26834
515.20000,-6.21165,2.01654,-0.32165
515.25000,-6.20232,2.01315,-0.37376
515.30000,-6.19321,2.00930,-0.42558
515.35000,-6.18428,2.00498,-0.47694
515.40000,-6.17557,2.00019,-0.52752
515.45000,-6.16807,1.99572,-0.56907
515.50000,-6.16245,1.99210,-0.59591
515.55000,-6.15928,1.98994,-0.60742
515.60000,-6.15761,1.98879,-0.60877
515.65000,-6.15703,1.98841,-0.60316
515.70000,-6.15658,1.98810,-0.59665
515.75000,-6.15617,1.98782,-0.59014
515.80000,-6.15574,1.98753,-0.58318
515.85000,-6.15533,1.98726,-0.57609
515.90000,-6.15499,1.98704,-0.56913
515.95000,-6.15465,1.98683,-0.56198
516.00000,-6.15431,1.98662,-0.55464
516.05000,-6.15397,1.98641,-0.54712
516.10000,-6.15363,1.98620,-0.53943
516.15000,-6.15328,1.98600,-0.53157
516.20000,-6.15294,1.98579,-0.52356
516.25000,-6.15259,1.98559,-0.51539
516.30000,-6.15224,1.98540,-0.50708
516.35000,-6.15189,1.98521,-0.49863
516.40000,-6.15154,1.98502,-0.49006
516.45000,-6.15118,1.98483,-0.48136
516.50000,-6.15083,1.98464,-0.47254
516.55000,-6.15047,1.98446,-0.46361
516.60000,-6.15011,1.98429,-0.45459
516.65000,-6.14975,1.98411,-0.44546
516.70000,-6.14939,1.98394,-0.43625
516.75000,-6.14902,1.98377,-0.42695
516.80000,-6.14866,1.98361,-0.41757
516.85000,-6.14829,1.98345,-0.40812
516.90000,-6.14792,1.98329,-0.39861
516.95000,-6.14755,1.98314,-0.38904
517.00000,-6.14718,1.98299,-0.37941
517.05000,-6.14681,1.98284,-0.36973
517.10000,-6.14643,1.98270,-0.36002
517.15000,-6.14605,1.98257,-0.35710
517.20000,-6.14384,1.98164,-0.37104
517.25000,-6.13960,1.97999,-0.38580
517.30000,-6.13712,1.97905,-0.39957
517.35000,-6.13483,1.97812,-0.41286
517.40000,-6.13313,1.97745,-0.42539
517.45000,-6.12943,1.97569,-0.44761
517.50000,-6.12359,1.97278,-0.47789
517.55000,-6.11747,1.96962,-0.50173
517.60000,-6.11180,1.96670,-0.51763
517.65000,-6.10738,1.96432,-0.52716
517.70000,-6.10521,1.96309,-0.52517
517.75000,-6.10425,1.96254,-0.51715
517.80000,-6.10390,1.96235,-0.50609
517.85000,-6.10355,1.96215,-0.49488
517.90000,-6.10320,1.96197,-0.48361
517.95000,-6.10284,1.96178,-0.47228
518.00000,-6.10248,1.96160,-0.46090
518.05000,-6.10212,1.96143,-0.44946
518.10000,-6.10176,1.96126,-0.43798
518.15000,-6.10140,1.96109,-0.42647
518.20000,-6.10104,1.96092,-0.41492
518.25000,-6.10067,1.96077,-0.40335
518.30000,-6.10029,1.96062,-0.39862
518.35000,-6.09913,1.95991,-0.40017
518.40000,-6.09796,1.95934,-0.39388
518.45000,-6.09742,1.95919,-0.39514
518.50000,-6.09572,1.95845,-0.39570
518.55000,-6.09480,1.95815,-0.39449
518.60000,-6.09331,1.95748,-0.40212
518.65000,-6.09202,1.95691,-0.41066
518.70000,-6.09000,1.95608,-0.41756
518.75000,-6.08799,1.95525,-0.41920
518.80000,-6.08648,1.95460,-0.41376
518.85000,-6.08600,1.95439,-0.40349
518.90000,-6.08562,1.95424,-0.39957
518.95000,-6.08350,1.95327,-0.41135
519.00000,-6.07807,1.95079,-0.43839
519.05000,-6.07109,1.94737,-0.47217
519.10000,-6.06383,1.94370,-0.49939
519.15000,-6.05720,1.94035,-0.51773
519.20000,-6.05105,1.93719,-0.53331
519.25000,-6.04638,1.93462,-0.54165
519.30000,-6.04428,1.93339,-0.53742
519.35000,-6.04392,1.93318,-0.52477
519.40000,-6.04361,1.93300,-0.51175
519.45000,-6.04330,1.93282,-0.49870
519.50000,-6.04298,1.93265,-0.48561
519.55000,-6.04266,1.93248,-0.47250
519.60000,-6.04234,1.93232,-0.45936
519.65000,-6.04201,1.93216,-0.44622
519.70000,-6.04169,1.93200,-0.43306
519.75000,-6.04136,1.93185,-0.41991
519.80000,-6.04103,1.93171,-0.40675
519.85000,-6.04069,1.93156,-0.39361
519.90000,-6.04036,1.93143,-0.38049
519.95000,-6.04002,1.93129,-0.36739
520.00000,-6.03933,1.93102,-0.36684
520.05000,-6.03570,1.92953,-0.38255
520.10000,-6.02985,1.92708,-0.40858
520.15000,-6.02293,1.92411,-0.43178
520.20000,-6.01663,1.92123,-0.44752
520.25000,-6.01085,1.91858,-0.45892
520.30000,-6.00814,1.91734,-0.45573
520.35000,-6.00719,1.91689,-0.44440
520.40000,-6.00682,1.91672,-0.43027
520.45000,-6.00646,1.91656,-0.41611
520.50000,-6.00610,1.91640,-0.40198
520.55000,-6.00573,1.91624,-0.38788
520.60000,-6.00536,1.91610,-0.37383
520.65000,-6.00499,1.91595,-0.35982
520.70000,-6.00461,1.91581,-0.34587
520.75000,-6.00423,1.91569,-0.33870
520.80000,-6.00216,1.91488,-0.34489
520.85000,-5.99755,1.91314,-0.35627
520.90000,-5.99465,1.91210,-0.36613
520.95000,-5.98979,1.91015,-0.38544
521.00000,-5.98396,1.90787,-0.40006
521.05000,-5.97848,1.90570,-0.40921
521.10000,-5.97460,1.90411,-0.41145
521.15000,-5.97211,1.90304,-0.40709
521.20000,-5.97077,1.90248,-0.39748
521.25000,-5.97034,1.90231,-0.38383
521.30000,-5.96998,1.90216,-0.36986
521.35000,-5.96961,1.90202,-0.35593
521.40000,-5.96921,1.90186,-0.34189
521.45000,-5.96865,1.90167,-0.32725
521.50000,-5.96825,1.90153,-0.31335
521.55000,-5.96762,1.90130,-0.31218
521.60000,-5.96404,1.90003,-0.32494
521.65000,-5.95789,1.89787,-0.34982
521.70000,-5.94989,1.89483,-0.38072
521.75000,-5.94250,1.89180,-0.40155
521.80000,-5.93802,1.88994,-0.40718
521.85000,-5.93649,1.88939,-0.39712
521.90000,-5.93611,1.88924,-0.38344
521.95000,-5.93574,1.88909,-0.36981
522.00000,-5.93536,1.88895,-0.35623
522.05000,-5.93499,1.88881,-0.34269
522.10000,-5.93438,1.88860,-0.32826
522.15000,-5.93375,1.88839,-0.31378
522.20000,-5.93302,1.88816,-0.29900
522.25000,-5.93228,1.88794,-0.28433
522.30000,-5.93155,1.88773,-0.26978
522.35000,-5.93106,1.88758,-0.26791
522.40000,-5.92823,1.88674,-0.27775
522.45000,-5.92242,1.88495,-0.30263
522.50000,-5.91506,1.88251,-0.33625
522.55000,-5.90744,1.87983,-0.35907
522.60000,-5.90181,1.87777,-0.37091
522.65000,-5.89908,1.87675,-0.36768
522.70000,-5.89730,1.87607,-0.35886
522.75000,-5.89633,1.87572,-0.34555
522.80000,-5.89561,1.87547,-0.33092
522.85000,-5.89489,1.87523,-0.31629
522.90000,-5.89417,1.87500,-0.30186
522.95000,-5.89344,1.87477,-0.28755
523.00000,-5.89271,1.87456,-0.27339
523.05000,-5.89198,1.87436,-0.25936
523.10000,-5.89125,1.87418,-0.24547
523.15000,-5.89052,1.87400,-0.23175
523.20000,-5.88999,1.87398,-0.22409
523.25000,-5.88763,1.87338,-0.23101
523.30000,-5.88221,1.87198,-0.25328
523.35000,-5.87480,1.86993,-0.28627
523.40000,-5.86678,1.86753,-0.31678
523.45000,-5.85952,1.86515,-0.33901
523.50000,-5.85481,1.86354,-0.34703
523.55000,-5.85301,1.86295,-0.33916
523.60000,-5.85233,1.86271,-0.32528
523.65000,-5.85161,1.86247,-0.31132
523.70000,-5.85090,1.86225,-0.29757
523.75000,-5.85020,1.86203,-0.28396
523.80000,-5.84947,1.86182,-0.27054
523.85000,-5.84875,1.86162,-0.25732
523.90000,-5.84802,1.86144,-0.24430
523.95000,-5.84730,1.86126,-0.23150
524.00000,-5.84657,1.86110,-0.21892
524.05000,-5.84585,1.86094,-0.20657
524.10000,-5.84347,1.86008,-0.19579
524.15000,-5.83831,1.85888,-0.19563
524.20000,-5.83236,1.85759,-0.21870
524.25000,-5.82462,1.85573,-0.25134
524.30000,-5.81627,1.85356,-0.28109
524.35000,-5.80817,1.85147,-0.30460
524.40000,-5.80279,1.85020,-0.31564
524.45000,-5.80002,1.84933,-0.31369
524.50000,-5.79823,1.84876,-0.30616
524.55000,-5.79729,1.84848,-0.29423
524.60000,-5.79657,1.84826,-0.28136
524.65000,-5.79583,1.84804,-0.26878
524.70000,-5.79510,1.84785,-0.25650
524.75000,-5.79275,1.84678,-0.24522
524.80000,-5.78495,1.84442,-0.23460
524.85000,-5.77496,1.84210,-0.22310
524.90000,-5.76498,1.83990,-0.21166
524.95000,-5.75498,1.83782,-0.20038
525.00000,-5.74495,1.83584,-0.18929
525.05000,-5.73499,1.83400,-0.17880
525.10000,-5.72505,1.83226,-0.16855
525.15000,-5.71503,1.83062,-0.15763
525.20000,-5.70511,1.82909,-0.14756
525.25000,-5.69506,1.82766,-0.13701
525.30000,-5.68521,1.82636,-0.12714
525.35000,-5.67529,1.82514,-0.11777
525.40000,-5.66537,1.82402,-0.10849
525.45000,-5.65544,1.82298,-0.09926
525.50000,-5.64550,1.82204,-0.09010
525.55000,-5.63555,1.82119,-0.08102
525.60000,-5.62560,1.82043,-0.07201
525.65000,-5.61563,1.81976,-0.06307
525.70000,-5.60566,1.81918,-0.05421
525.75000,-5.59569,1.81868,-0.04543
525.80000,-5.58571,1.81827,-0.03674
525.85000,-5.57573,1.81795,-0.02812
525.90000,-5.56575,1.81771,-0.01960
525.95000,-5.55577,1.81756,-0.01116
526.00000,-5.54578,1.81749,-0.00282
526.05000,-5.53580,1.81751,0.00543
526.10000,-5.52581,1.81761,0.01358
526.15000,-5.51583,1.81778,0.02164
526.20000,-5.50585,1.81804,0.02960
526.25000,-5.49587,1.81838,0.03746
526.30000,-5.48589,1.81879,0.04521
526.35000,-5.47592,1.81928,0.05285
526.40000,-5.46595,1.81985,0.06039
526.45000,-5.45599,1.82049,0.06783
526.50000,-5.44603,1.82121,0.07515
526.55000,-5.43607,1.82199,0.08236
526.60000,-5.42610,1.82285,0.08958
526.65000,-5.41616,1.82378,0.09712
526.70000,-5.40613,1.82479,0.10499
526.75000,-5.39616,1.82587,0.11344
526.80000,-5.38613,1.82705,0.12131
526.85000,-5.37612,1.82829,0.12883
526.90000,-5.36604,1.82963,0.13620
526.95000,-5.35603,1.83104,0.14354
527.00000,-5.34599,1.83253,0.15063
527.05000,-5.33594,1.83409,0.15754
527.10000,-5.32589,1.83572,0.16428
527.15000,-5.31589,1.83740,0.17093
527.20000,-5.30591,1.83915,0.17753
527.25000,-5.29598,1.84096,0.18406
527.30000,-5.28607,1.84283,0.19052
527.35000,-5.27621,1.84476,0.19692
527.40000,-5.26638,1.84674,0.20326
527.45000,-5.25659,1.84879,0.20952
527.50000,-5.24669,1.85092,0.21495
527.55000,-5.23681,1.85310,0.22007
527.60000,-5.22693,1.85533,0.22498
527.65000,-5.21708,1.85761,0.22961
527.70000,-5.20725,1.85993,0.23417
527.75000,-5.19743,1.86229,0.23846
527.80000,-5.18765,1.86469,0.24253
527.85000,-5.17786,1.86713,0.24660
527.90000,-5.16815,1.86959,0.25017
527.95000,-5.15846,1.87209,0.25368
528.00000,-5.14875,1.87462,0.25727
528.05000,-5.13906,1.87719,0.26070
528.10000,-5.12938,1.87980,0.26402
528.15000,-5.11972,1.88243,0.26725
528.20000,-5.11006,1.88509,0.27041
528.25000,-5.10041,1.88778,0.27349
528.30000,-5.09077,1.89050,0.27650
528.35000,-5.08113,1.89325,0.27946
528.40000,-5.07151,1.89602,0.28228
528.45000,-5.06190,1.89883,0.28496
528.50000,-5.05230,1.90165,0.28752
528.55000,-5.04271,1.90450,0.29006
528.60000,-5.03313,1.90738,0.29254
528.65000,-5.02355,1.91027,0.29498
528.70000,-5.01397,1.91320,0.29737
528.75000,-5.00441,1.91614,0.29964
528.80000,-4.99484,1.91911,0.30199
528.85000,-4.98533,1.92208,0.30426
528.90000,-4.97585,1.92507,0.30649
528.95000,-4.96637,1.92808,0.30860
529.00000,-4.95687,1.93112,0.31050
529.05000,-4.94740,1.93417,0.31234
529.10000,-4.93793,1.93724,0.31406
529.15000,-4.92845,1.94032,0.31566
529.20000,-4.91899,1.94342,0.31715
529.25000,-4.90952,1.94654,0.31853
529.30000,-4.90006,1.94966,0.31982
529.35000,-4.89059,1.95280,0.32103
529.40000,-4.88113,1.95596,0.32216
529.45000,-4.87166,1.95912,0.31753
529.50000,-4.86292,1.96176,0.29333
529.55000,-4.85586,1.96372,0.25150
529.60000,-4.84827,1.96547,0.20361
529.65000,-4.83964,1.96703,0.15374
529.70000,-4.83035,1.96822,0.10210
529.75000,-4.82062,1.96896,0.04911
529.80000,-4.81062,1.96918,-0.00409
529.85000,-4.80063,1.96888,-0.05661
529.90000,-4.79067,1.96806,-0.10866
529.95000,-4.78076,1.96672,-0.16023
530.00000,-4.77093,1.96487,-0.21106
530.05000,-4.76121,1.96253,-0.26114
530.10000,-4.75162,1.95971,-0.31087
530.15000,-4.74238,1.95650,-0.36047
530.20000,-4.73334,1.95285,-0.41000
530.25000,-4.72512,1.94944,-0.45355
530.30000,-4.71790,1.94616,-0.48438
530.35000,-4.71096,1.94288,-0.51107
530.40000,-4.70429,1.93966,-0.53467
530.45000,-4.70082,1.93765,-0.54270
530.50000,-4.69917,1.93668,-0.54035
530.55000,-4.69857,1.93632,-0.53254
530.60000,-4.69826,1.93614,-0.52310
530.65000,-4.69795,1.93596,-0.51347
530.70000,-4.69764,1.93579,-0.50371
530.75000,-4.69732,1.93562,-0.49383
530.80000,-4.69701,1.93545,-0.48383
530.85000,-4.69669,1.93528,-0.47372
530.90000,-4.69636,1.93512,-0.46350
530.95000,-4.69604,1.93496,-0.45318
531.00000,-4.69572,1.93480,-0.44276
531.05000,-4.69539,1.93465,-0.43225
531.10000,-4.69506,1.93450,-0.42166
531.15000,-4.69473,1.93436,-0.41099
531.20000,-4.69440,1.93421,-0.40025
531.25000,-4.69403,1.93406,-0.38928
531.30000,-4.69347,1.93383,-0.37740
531.35000,-4.69291,1.93362,-0.36563
531.40000,-4.69241,1.93342,-0.36866
531.45000,-4.68926,1.93208,-0.38687
531.50000,-4.68410,1.92988,-0.41646
531.55000,-4.67761,1.92686,-0.45365
531.60000,-4.67061,1.92344,-0.48687
531.65000,-4.66427,1.92012,-0.50800
531.70000,-4.66098,1.91834,-0.51028
531.75000,-4.65989,1.91777,-0.49951
531.80000,-4.65927,1.91744,-0.48542
531.85000,-4.65864,1.91711,-0.47125
531.90000,-4.65800,1.91679,-0.45705
531.95000,-4.65736,1.91648,-0.44283
532.00000,-4.65671,1.91618,-0.42861
532.05000,-4.65606,1.91589,-0.41440
532.10000,-4.65541,1.91561,-0.40021
532.15000,-4.65475,1.91533,-0.38604
532.20000,-4.65409,1.91507,-0.37191
532.25000,-4.65342,1.91481,-0.35781
532.30000,-4.65276,1.91457,-0.34374
532.35000,-4.65209,1.91434,-0.32971
532.40000,-4.65142,1.91411,-0.31572
532.45000,-4.65074,1.91390,-0.30177
532.50000,-4.65036,1.91395,-0.29553
532.55000,-4.64856,1.91338,-0.30469
532.60000,-4.64360,1.91172,-0.33022
532.65000,-4.63691,1.90930,-0.36566
532.70000,-4.62913,1.90613,-0.40632
532.75000,-4.62099,1.90262,-0.44281
532.80000,-4.61343,1.89911,-0.46803
532.85000,-4.60843,1.89663,-0.47787
532.90000,-4.60600,1.89539,-0.47243
532.95000,-4.60441,1.89459,-0.46167
533.00000,-4.60362,1.89421,-0.44636
533.05000,-4.60293,1.89389,-0.43023
533.10000,-4.60224,1.89358,-0.41411
533.15000,-4.60155,1.89328,-0.39805
533.20000,-4.60085,1.89299,-0.38203
533.25000,-4.60015,1.89271,-0.36607
533.30000,-4.59945,1.89245,-0.35018
533.35000,-4.59874,1.89220,-0.33435
533.40000,-4.59803,1.89196,-0.31861
533.45000,-4.59732,1.89173,-0.30295
533.50000,-4.59680,1.89166,-0.29599
533.55000,-4.59418,1.89081,-0.30692
533.60000,-4.58869,1.88898,-0.33252
533.65000,-4.58162,1.88640,-0.36658
533.70000,-4.57396,1.88343,-0.39772
533.75000,-4.56694,1.88050,-0.41791
533.80000,-4.56248,1.87857,-0.42283
533.85000,-4.56050,1.87774,-0.41348
533.90000,-4.55980,1.87743,-0.39685
533.95000,-4.55909,1.87712,-0.38013
534.00000,-4.55838,1.87685,-0.36345
534.05000,-4.55766,1.87658,-0.34687
534.10000,-4.55694,1.87632,-0.33037
534.15000,-4.55622,1.87608,-0.31396
534.20000,-4.55549,1.87585,-0.29764
534.25000,-4.55477,1.87564,-0.28143
534.30000,-4.55404,1.87543,-0.26533
534.35000,-4.55331,1.87524,-0.24935
534.40000,-4.55287,1.87513,-0.24441
534.45000,-4.55073,1.87455,-0.25114
534.50000,-4.54548,1.87311,-0.27354
534.55000,-4.53825,1.87095,-0.30669
534.60000,-4.53031,1.86841,-0.33727
534.65000,-4.52313,1.86594,-0.35707
534.70000,-4.51802,1.86407,-0.36466
534.75000,-4.51473,1.86286,-0.36192
534.80000,-4.51266,1.86210,-0.35223
534.85000,-4.51148,1.86168,-0.33758
534.90000,-4.51076,1.86143,-0.32053
534.95000,-4.51003,1.86119,-0.30350
535.00000,-4.50929,1.86097,-0.28659
535.05000,-4.50856,1.86076,-0.26983
535.10000,-4.50782,1.86056,-0.25321
535.15000,-4.50708,1.86038,-0.23674
535.20000,-4.50634,1.86020,-0.22043
535.25000,-4.50560,1.86004,-0.20428
535.30000,-4.50501,1.85993,-0.20064
535.35000,-4.50225,1.85930,-0.20908
535.40000,-4.49671,1.85801,-0.23142
535.45000,-4.48915,1.85610,-0.26403
535.50000,-4.48107,1.85385,-0.28971
535.55000,-4.47522,1.85215,-0.30043
535.60000,-4.47337,1.85171,-0.29095
535.65000,-4.47267,1.85150,-0.27483
535.70000,-4.47195,1.85131,-0.25870
535.75000,-4.47123,1.85112,-0.24274
535.80000,-4.47050,1.85095,-0.22692
535.85000,-4.46978,1.85079,-0.21124
535.90000,-4.46907,1.85064,-0.19580
535.95000,-4.46861,1.85055,-0.18149
536.00000,-4.46827,1.85049,-0.16773
536.05000,-4.46790,1.85046,-0.16229
536.10000,-4.46491,1.84984,-0.17096
536.15000,-4.45905,1.84869,-0.19276
536.20000,-4.45145,1.84707,-0.22537
536.25000,-4.44321,1.84514,-0.25497
536.30000,-4.43659,1.84347,-0.27116
536.35000,-4.43342,1.84271,-0.26923
536.40000,-4.43221,1.84246,-0.25885
536.45000,-4.43184,1.84237,-0.24493
536.50000,-4.43151,1.84229,-0.23085
536.55000,-4.43117,1.84221,-0.21686
536.60000,-4.43084,1.84214,-0.20296
536.65000,-4.43051,1.84207,-0.18915
536.70000,-4.43017,1.84201,-0.17543
536.75000,-4.42983,1.84195,-0.16179
536.80000,-4.42949,1.84190,-0.14825
536.85000,-4.42914,1.84185,-0.13480
536.90000,-4.42876,1.84179,-0.12921
536.95000,-4.42649,1.84144,-0.13350
537.00000,-4.42175,1.84066,-0.15092
537.05000,-4.41415,1.83936,-0.18137
537.10000,-4.40607,1.83792,-0.21031
537.15000,-4.39831,1.83651,-0.23222
537.20000,-4.39059,1.83509,-0.25235
537.25000,-4.38288,1.83367,-0.27082
537.30000,-4.37526,1.83225,-0.28734
537.35000,-4.36901,1.83078,-0.29851
537.40000,-4.36335,1.82938,-0.30550
537.45000,-4.35943,1.82818,-0.30426
537.50000,-4.35666,1.82732,-0.29782
537.55000,-4.35508,1.82686,-0.28619
537.60000,-4.35458,1.82672,-0.26999
537.65000,-4.35425,1.82663,-0.25308
537.70000,-4.35392,1.82655,-0.23628
537.75000,-4.35359,1.82647,-0.21960
537.80000,-4.35326,1.82640,-0.20305
537.85000,-4.35292,1.82634,-0.18662
537.90000,-4.35259,1.82628,-0.17034
537.95000,-4.35225,1.82622,-0.15420
538.00000,-4.35192,1.82617,-0.13823
538.05000,-4.35158,1.82613,-0.12242
538.10000,-4.35124,1.82609,-0.10680
538.15000,-4.35089,1.82605,-0.09134
538.20000,-4.35055,1.82603,-0.07607
538.25000,-4.35021,1.82600,-0.06097
538.30000,-4.34986,1.82598,-0.04605
538.35000,-4.34946,1.82595,-0.03740
538.40000,-4.34668,1.82575,-0.04064
538.45000,-4.34069,1.82541,-0.05847
538.50000,-4.33207,1.82478,-0.08653
538.55000,-4.32233,1.82378,-0.11854
538.60000,-4.31294,1.82265,-0.14256
538.65000,-4.30416,1.82157,-0.16143
538.70000,-4.29585,1.82051,-0.17938
538.75000,-4.28779,1.81947,-0.19580
538.80000,-4.27999,1.81844,-0.21059
538.85000,-4.27248,1.81743,-0.22371
538.90000,-4.26525,1.81643,-0.23513
538.95000,-4.25833,1.81545,-0.24482
539.00000,-4.25173,1.81449,-0.25275
539.05000,-4.24545,1.81355,-0.25889
539.10000,-4.23952,1.81263,-0.26323
539.15000,-4.23393,1.81173,-0.26573
539.20000,-4.22881,1.81085,-0.26586
539.25000,-4.22518,1.81004,-0.25857
539.30000,-4.22326,1.80960,-0.24495
539.35000,-4.22257,1.80944,-0.22634
539.40000,-4.22225,1.80937,-0.20631
539.45000,-4.22192,1.80931,-0.18645
539.50000,-4.22160,1.80925,-0.16680
539.55000,-4.22127,1.80920,-0.14735
539.60000,-4.22094,1.80915,-0.12811
539.65000,-4.22061,1.80911,-0.10911
539.70000,-4.22028,1.80908,-0.09034
539.75000,-4.21995,1.80905,-0.07181
539.80000,-4.21962,1.80903,-0.05353
539.85000,-4.21928,1.80902,-0.03549
539.90000,-4.21895,1.80901,-0.01769
539.95000,-4.21747,1.80898,-0.00003
540.00000,-4.21123,1.80907,0.01823
540.05000,-4.20122,1.80934,0.03573
540.10000,-4.19123,1.80978,0.05258
540.15000,-4.18126,1.81039,0.06910
540.20000,-4.17129,1.81116,0.08548
540.25000,-4.16116,1.81211,0.10238
540.30000,-4.15086,1.81326,0.11978
540.35000,-4.14052,1.81459,0.13732
540.40000,-4.13020,1.81611,0.15468
540.45000,-4.11991,1.81780,0.17174
540.50000,-4.10998,1.81930,0.17805
540.55000,-4.10039,1.82052,0.17120
540.60000,-4.09092,1.82166,0.15568
540.65000,-4.08172,1.82298,0.14362
540.70000,-4.07202,1.82447,0.14855
540.75000,-4.06185,1.82607,0.16297
540.80000,-4.05163,1.82782,0.17788
540.85000,-4.04147,1.82971,0.19245
540.90000,-4.03135,1.83175,0.20674
540.95000,-4.02129,1.83392,0.22069
541.00000,-4.01124,1.83624,0.23451
541.05000,-4.00119,1.83872,0.24829
541.10000,-3.99119,1.84132,0.26182
541.15000,-3.98150,1.84398,0.27374
541.20000,-3.97168,1.84677,0.28642
541.25000,-3.96233,1.84959,0.29905
541.30000,-3.95308,1.85250,0.31137
541.35000,-3.94387,1.85553,0.32342
541.40000,-3.93468,1.85867,0.33520
541.45000,-3.92553,1.86191,0.34670
541.50000,-3.91641,1.86527,0.35793
541.55000,-3.90732,1.86873,0.36889
541.60000,-3.89826,1.87228,0.37958
541.65000,-3.88897,1.87603,0.39026
541.70000,-3.87969,1.87989,0.39995
541.75000,-3.87051,1.88382,0.40868
541.80000,-3.86137,1.88783,0.41717
541.85000,-3.85225,1.89192,0.42545
541.90000,-3.84318,1.89607,0.43352
541.95000,-3.83413,1.90031,0.44137
542.00000,-3.82512,1.90461,0.44902
542.05000,-3.81615,1.90898,0.45644
542.10000,-3.80720,1.91341,0.46366
542.15000,-3.79828,1.91791,0.47065
542.20000,-3.78940,1.92247,0.47745
542.25000,-3.78055,1.92709,0.48402
542.30000,-3.77173,1.93177,0.49039
542.35000,-3.76293,1.93650,0.49654
542.40000,-3.75417,1.94128,0.50250
542.45000,-3.74543,1.94612,0.50824
542.50000,-3.73673,1.95100,0.51379
542.55000,-3.72804,1.95594,0.51912
542.60000,-3.71939,1.96091,0.52426
542.65000,-3.71073,1.96595,0.53008
542.70000,-3.70208,1.97104,0.53573
542.75000,-3.69349,1.97617,0.54117
542.80000,-3.68489,1.98136,0.54620
542.85000,-3.67632,1.98659,0.55132
542.90000,-3.66778,1.99187,0.55585
542.95000,-3.65922,1.99722,0.56034
543.00000,-3.65069,2.00258,0.56446
543.05000,-3.64223,2.00797,0.56860
543.10000,-3.63376,2.01341,0.57242
543.15000,-3.62530,2.01888,0.57588
543.20000,-3.61685,2.02437,0.57935
543.25000,-3.60846,2.02988,0.58273
543.30000,-3.60010,2.03540,0.58603
543.35000,-3.59179,2.04092,0.58924
543.40000,-3.58353,2.04645,0.59237
543.45000,-3.57531,2.05199,0.59541
543.50000,-3.56714,2.05754,0.59837
543.55000,-3.55900,2.06309,0.60124
543.60000,-3.55091,2.06865,0.60404
543.65000,-3.54283,2.07423,0.60658
543.70000,-3.53459,2.07995,0.60761
543.75000,-3.52637,2.08568,0.60842
543.80000,-3.51815,2.09141,0.60901
543.85000,-3.50993,2.09714,0.60957
543.90000,-3.50172,2.10287,0.60987
543.95000,-3.49352,2.10860,0.60994
544.00000,-3.48528,2.11436,0.61000
544.05000,-3.47709,2.12008,0.60978
544.10000,-3.46889,2.12581,0.60940
544.15000,-3.46069,2.13153,0.60885
544.20000,-3.45249,2.13724,0.60819
544.25000,-3.44429,2.14295,0.60740
544.30000,-3.43608,2.14865,0.60647
544.35000,-3.42788,2.15434,0.60539
544.40000,-3.41966,2.16002,0.60420
544.45000,-3.41144,2.16568,0.60282
544.50000,-3.40322,2.17133,0.60139
544.55000,-3.39499,2.17696,0.59981
544.60000,-3.38675,2.18259,0.59811
544.65000,-3.37851,2.18819,0.59629
544.70000,-3.37025,2.19379,0.59443
544.75000,-3.36197,2.19938,0.59247
544.80000,-3.35370,2.20493,0.59034
544.85000,-3.34541,2.21047,0.58812
544.90000,-3.33707,2.21602,0.58577
544.95000,-3.32871,2.22155,0.58330
545.00000,-3.32035,2.22705,0.58078
545.05000,-3.31198,2.23253,0.57809
545.10000,-3.30360,2.23798,0.57532
545.15000,-3.29521,2.24341,0.57249
545.20000,-3.28679,2.24882,0.56945
545.25000,-3.27838,2.25419,0.56645
545.30000,-3.26999,2.25951,0.56329
545.35000,-3.26158,2.26481,0.56005
545.40000,-3.25316,2.27008,0.55672
545.45000,-3.24472,2.27531,0.55332
545.50000,-3.23627,2.28052,0.54985
545.55000,-3.22778,2.28571,0.54638
545.60000,-3.21927,2.29087,0.54277
545.65000,-3.21071,2.29602,0.53879
545.70000,-3.20213,2.30113,0.53507
545.75000,-3.19356,2.30620,0.53131
545.80000,-3.18499,2.31121,0.52751
545.85000,-3.17728,2.31554,0.51208
545.90000,-3.17175,2.31849,0.47384
545.95000,-3.16572,2.32140,0.42689
546.00000,-3.15865,2.32440,0.37644
546.05000,-3.15076,2.32728,0.32364
546.10000,-3.14219,2.32990,0.26934
546.15000,-3.13316,2.33212,0.21382
546.20000,-3.12371,2.33390,0.15774
546.25000,-3.11393,2.33517,0.10136
546.30000,-3.10396,2.33591,0.04511
546.35000,-3.09396,2.33608,-0.01044
546.40000,-3.08397,2.33570,-0.06549
546.45000,-3.07415,2.33516,-0.11391
546.50000,-3.06427,2.33454,-0.14651
546.55000,-3.05431,2.33382,-0.17099
546.60000,-3.04896,2.33334,-0.19544
546.65000,-3.04439,2.33236,-0.22768
546.70000,-3.03942,2.33122,-0.25911
546.75000,-3.03624,2.33053,-0.27299
546.80000,-3.03498,2.33027,-0.27577
546.85000,-3.03476,2.33021,-0.27338
546.90000,-3.03454,2.33015,-0.27068
546.95000,-3.03433,2.33009,-0.26778
547.00000,-3.03411,2.33003,-0.26467
547.05000,-3.03389,2.32997,-0.26136
547.10000,-3.03367,2.32991,-0.25786
547.15000,-3.03346,2.32985,-0.25417
547.20000,-3.03324,2.32980,-0.25029
547.25000,-3.03301,2.32975,-0.25227
547.30000,-3.03169,2.32937,-0.25741
547.35000,-3.03100,2.32921,-0.25567
547.40000,-3.03072,2.32914,-0.25157
547.45000,-3.03044,2.32907,-0.24746
547.50000,-3.03018,2.32901,-0.24303
547.55000,-3.02996,2.32896,-0.23857
547.60000,-3.02974,2.32891,-0.23395
547.65000,-3.02951,2.32886,-0.23545
547.70000,-3.02818,2.32860,-0.23783
547.75000,-3.02778,2.32852,-0.23317
547.80000,-3.02756,2.32846,-0.22863
547.85000,-3.02735,2.32841,-0.22397
547.90000,-3.02713,2.32836,-0.21916
547.95000,-3.02691,2.32832,-0.21421
548.00000,-3.02669,2.32827,-0.20913
548.05000,-3.02646,2.32823,-0.20966
548.10000,-3.02527,2.32787,-0.22404
548.15000,-3.02064,2.32664,-0.25470
548.20000,-3.01394,2.32474,-0.29266
548.25000,-3.00571,2.32208,-0.33386
548.30000,-2.99724,2.31914,-0.36999
548.35000,-2.99032,2.31644,-0.39814
548.40000,-2.98527,2.31435,-0.41640
548.45000,-2.98275,2.31330,-0.41993
548.50000,-2.98040,2.31228,-0.42242
548.55000,-2.97805,2.31126,-0.42476
548.60000,-2.97625,2.31051,-0.42288
548.65000,-2.97579,2.31031,-0.41337
548.70000,-2.97550,2.31019,-0.40388
548.75000,-2.97507,2.31001,-0.39363
548.80000,-2.97463,2.30983,-0.38315
548.85000,-2.97418,2.30965,-0.37257
548.90000,-2.97372,2.30948,-0.36188
548.95000,-2.97327,2.30931,-0.35104
549.00000,-2.97281,2.30913,-0.34019
549.05000,-2.97235,2.30895,-0.32928
549.10000,-2.97189,2.30878,-0.31830
549.15000,-2.97141,2.30862,-0.30726
549.20000,-2.97088,2.30845,-0.29619
549.25000,-2.97041,2.30831,-0.28502
549.30000,-2.96992,2.30817,-0.27382
549.35000,-2.96944,2.30804,-0.26259
549.40000,-2.96895,2.30791,-0.25133
549.45000,-2.96846,2.30778,-0.24006
549.50000,-2.96797,2.30767,-0.22877
549.55000,-2.96771,2.30779,-0.22255
549.60000,-2.96628,2.30748,-0.21799
549.65000,-2.96556,2.30736,-0.20784
549.70000,-2.96509,2.30726,-0.19733
549.75000,-2.96461,2.30717,-0.18683
549.80000,-2.96413,2.30708,-0.17634
549.85000,-2.96365,2.30700,-0.16586
549.90000,-2.96317,2.30692,-0.15539
549.95000,-2.96293,2.30705,-0.15030
550.00000,-2.96184,2.30681,-0.15059
550.05000,-2.96134,2.30675,-0.14079
550.10000,-2.96089,2.30667,-0.13112
550.15000,-2.96053,2.30659,-0.13514
550.20000,-2.95742,2.30607,-0.15441
550.25000,-2.95199,2.30513,-0.18517
550.30000,-2.94504,2.30369,-0.22323
550.35000,-2.93753,2.30196,-0.25870
550.40000,-2.93090,2.30026,-0.28169
550.45000,-2.92723,2.29927,-0.28772
550.50000,-2.92461,2.29857,-0.28836
550.55000,-2.92264,2.29806,-0.28459
550.60000,-2.92167,2.29779,-0.27517
550.65000,-2.92118,2.29764,-0.26313
550.70000,-2.92068,2.29750,-0.25100
550.75000,-2.92018,2.29738,-0.23890
550.80000,-2.91965,2.29725,-0.22692
550.85000,-2.91916,2.29714,-0.21478
550.90000,-2.91866,2.29704,-0.20267
550.95000,-2.91815,2.29693,-0.19048
551.00000,-2.91764,2.29684,-0.17837
551.05000,-2.91712,2.29675,-0.16630
551.10000,-2.91684,2.29682,-0.16011
551.15000,-2.91511,2.29647,-0.16934
551.20000,-2.91069,2.29560,-0.19242
551.25000,-2.90382,2.29413,-0.22773
551.30000,-2.89584,2.29211,-0.26878
551.35000,-2.88748,2.28980,-0.30631
551.40000,-2.87996,2.28748,-0.33197
551.45000,-2.87494,2.28580,-0.34320
551.50000,-2.87291,2.28516,-0.33769
551.55000,-2.87233,2.28495,-0.32437
551.60000,-2.87175,2.28474,-0.31104
551.65000,-2.87116,2.28452,-0.29771
551.70000,-2.87057,2.28430,-0.28436
551.75000,-2.86998,2.28408,-0.27100
551.80000,-2.86938,2.28387,-0.25763
551.85000,-2.86877,2.28367,-0.24425
551.90000,-2.86816,2.28347,-0.23085
551.95000,-2.86753,2.28328,-0.21743
552.00000,-2.86690,2.28310,-0.20400
552.05000,-2.86625,2.28293,-0.19056
552.10000,-2.86560,2.28277,-0.17709
552.15000,-2.86494,2.28261,-0.16362
552.20000,-2.86428,2.28246,-0.15012
552.25000,-2.86360,2.28232,-0.13661
552.30000,-2.86292,2.28218,-0.12309
552.35000,-2.86224,2.28205,-0.10956
552.40000,-2.86171,2.28198,-0.10629
552.45000,-2.85911,2.28160,-0.11701
552.50000,-2.85388,2.28086,-0.14086
552.55000,-2.84778,2.28000,-0.15583
552.60000,-2.84430,2.27951,-0.16638
552.65000,-2.84005,2.27880,-0.17575
552.70000,-2.83682,2.27841,-0.17595
552.75000,-2.83374,2.27803,-0.17567
552.80000,-2.83066,2.27765,-0.17537
552.85000,-2.82758,2.27727,-0.17506
552.90000,-2.82449,2.27689,-0.17476
552.95000,-2.82141,2.27651,-0.17445
553.00000,-2.81833,2.27613,-0.17415
553.05000,-2.81525,2.27575,-0.17384
553.10000,-2.81214,2.27533,-0.17194
553.15000,-2.81051,2.27511,-0.16004
553.20000,-2.80993,2.27503,-0.14204
553.25000,-2.80933,2.27494,-0.12347
553.30000,-2.80874,2.27487,-0.10440
553.35000,-2.80814,2.27482,-0.08471
553.40000,-2.80782,2.27478,-0.07847
553.45000,-2.80608,2.27458,-0.08317
553.50000,-2.80200,2.27422,-0.08437
553.55000,-2.79935,2.27403,-0.08201
553.60000,-2.79607,2.27369,-0.09369
553.65000,-2.79031,2.27302,-0.11859
553.70000,-2.78252,2.27195,-0.15382
553.75000,-2.77405,2.27060,-0.18492
553.80000,-2.76539,2.26903,-0.20034
553.85000,-2.75821,2.26776,-0.19474
553.90000,-2.75248,2.26673,-0.17580
553.95000,-2.74840,2.26606,-0.14422
554.00000,-2.74598,2.26575,-0.10015
554.05000,-2.74541,2.26571,-0.04486
554.10000,-2.74535,2.26571,0.01451
554.15000,-2.74528,2.26573,0.06500
554.20000,-2.74524,2.26575,0.10299
554.25000,-2.74549,2.26573,0.12313
554.30000,-2.74572,2.26590,0.12569
554.35000,-2.74501,2.26612,0.12349
554.40000,-2.74311,2.26642,0.11616
554.45000,-2.73965,2.26687,0.10203
554.50000,-2.73453,2.26751,0.08099
554.55000,-2.72758,2.26824,0.05197
554.60000,-2.71821,2.26855,0.01225
554.65000,-2.70863,2.26848,-0.02931
554.70000,-2.69951,2.26800,-0.07185
554.75000,-2.69049,2.26734,-0.10624
554.80000,-2.68119,2.26640,-0.11821
554.85000,-2.67322,2.26584,-0.09654
554.90000,-2.66902,2.26562,-0.06898
554.95000,-2.66546,2.26562,-0.06739
555.00000,-2.66227,2.26563,-0.09160
555.05000,-2.66074,2.26548,-0.14283
555.10000,-2.65978,2.26531,-0.20807
555.15000,-2.65923,2.26518,-0.28228
555.20000,-2.65895,2.26509,-0.35820
555.25000,-2.65868,2.26497,-0.43371
555.30000,-2.65841,2.26484,-0.50879
555.35000,-2.65816,2.26469,-0.58340
555.40000,-2.65793,2.26451,-0.65753
555.45000,-2.65770,2.26433,-0.73115
555.50000,-2.65749,2.26412,-0.80424
555.55000,-2.65730,2.26391,-0.87678
555.60000,-2.65712,2.26368,-0.94875
555.65000,-2.65696,2.26344,-1.02013
555.70000,-2.65682,2.26319,-1.09091
555.75000,-2.65669,2.26293,-1.16106
555.80000,-2.65659,2.26266,-1.23058
555.85000,-2.65650,2.26239,-1.29945
555.90000,-2.65644,2.26212,-1.36764
555.95000,-2.65639,2.26184,-1.43516
556.00000,-2.65636,2.26156,-1.50198
556.05000,-2.65635,2.26129,-1.56808
556.10000,-2.65636,2.26101,-1.63346
556.15000,-2.65639,2.26075,-1.69826
556.20000,-2.65642,2.26051,-1.76288
556.25000,-2.65647,2.26031,-1.82759
556.30000,-2.65652,2.26015,-1.89261
556.35000,-2.65657,2.26001,-1.95824
556.40000,-2.65662,2.25990,-2.02492
556.45000,-2.65667,2.25981,-2.09328
556.50000,-2.65671,2.25974,-2.16422
556.55000,-2.65675,2.25968,-2.23886
556.60000,-2.65679,2.25964,-2.31803
556.65000,-2.65682,2.25961,-2.40244
556.70000,-2.65685,2.25958,-2.49080
556.75000,-2.65688,2.25956,-2.58197
556.80000,-2.65690,2.25955,-2.67513
556.85000,-2.65692,2.25954,-2.76970
556.90000,-2.65693,2.25953,-2.86528
556.95000,-2.65695,2.25952,-2.96158
557.00000,-2.65697,2.25952,-3.05838
557.05000,-2.65698,2.25952,3.12765
557.10000,-2.65700,2.25952,3.03024
557.15000,-2.65702,2.25952,2.93264
557.20000,-2.65703,2.25953,2.83492
557.25000,-2.65705,2.25953,2.73711
557.30000,-2.65706,2.25957,2.65255
557.35000,-2.65723,2.25979,2.59426
557.40000,-2.66068,2.26209,2.56539
557.45000,-2.66809,2.26700,2.55656
557.50000,-2.67634,2.27249,2.55256
557.55000,-2.68457,2.27801,2.54879
557.60000,-2.69279,2.28356,2.54561
557.65000,-2.70101,2.28915,2.54334
557.70000,-2.70924,2.29477,2.54183
557.75000,-2.71747,2.30041,2.54099
557.80000,-2.72572,2.30606,2.54111
557.85000,-2.73399,2.31171,2.54164
557.90000,-2.74227,2.31737,2.54284
557.95000,-2.75058,2.32303,2.54473
558.00000,-2.75889,2.32867,2.54699
558.05000,-2.76724,2.33430,2.54987
558.10000,-2.77562,2.33991,2.55361
558.15000,-2.78403,2.34549,2.55783
558.20000,-2.79247,2.35103,2.56248
558.25000,-2.80095,2.35655,2.56752
558.30000,-2.80939,2.36198,2.57267
558.35000,-2.81788,2.36738,2.57849
558.40000,-2.82637,2.37269,2.58446
558.45000,-2.83496,2.37802,2.59139
558.50000,-2.84361,2.38327,2.59864
558.55000,-2.85223,2.38842,2.60626
558.60000,-2.86089,2.39350,2.61401
558.65000,-2.86952,2.39848,2.62241
558.70000,-2.87803,2.40329,2.63138
558.75000,-2.88667,2.40808,2.64073
558.80000,-2.89545,2.41283,2.65004
558.85000,-2.90428,2.41750,2.65962
558.90000,-2.91272,2.42187,2.65804
558.95000,-2.91925,2.42536,2.63223
559.00000,-2.92437,2.42835,2.58835
559.05000,-2.92785,2.43062,2.52892
559.10000,-2.93011,2.43222,2.47287
559.15000,-2.93280,2.43437,2.44649
559.20000,-2.93820,2.43891,2.44569
559.25000,-2.94522,2.44473,2.45563
559.30000,-2.95274,2.45081,2.46847
559.35000,-2.96035,2.45679,2.48159
559.40000,-2.96802,2.46267,2.49478
559.45000,-2.97578,2.46844,2.50817
559.50000,-2.98359,2.47410,2.52225
559.55000,-2.99148,2.47964,2.53676
559.60000,-2.99943,2.48505,2.55195
559.65000,-3.00687,2.48996,2.55296
559.70000,-3.01213,2.49354,2.52586
559.75000,-3.01615,2.49651,2.48023
559.80000,-3.01864,2.49856,2.41866
559.85000,-3.02004,2.49988,2.34632
559.90000,-3.02111,2.50100,2.28275
559.95000,-3.02205,2.50206,2.23961
560.00000,-3.02274,2.50291,2.20840
560.05000,-3.02405,2.50469,2.19317
560.10000,-3.02897,2.51147,2.20561
560.15000,-3.03502,2.51953,2.22591
560.20000,-3.04117,2.52739,2.24475
560.25000,-3.04749,2.53513,2.26529
560.30000,-3.05396,2.54273,2.28579
560.35000,-3.06068,2.55032,2.30920
560.40000,-3.06748,2.55762,2.33183
560.45000,-3.07445,2.56477,2.35471
560.50000,-3.08159,2.57175,2.38025
560.55000,-3.08837,2.57804,2.40840
560.60000,-3.09501,2.58383,2.44341
560.65000,-3.10049,2.58833,2.47560
560.70000,-3.10528,2.59204,2.47721
560.75000,-3.10866,2.59472,2.44955
560.80000,-3.11117,2.59690,2.40261
560.85000,-3.11423,2.59986,2.34813
560.90000,-3.11789,2.60379,2.29002
560.95000,-3.12159,2.60807,2.24381
561.00000,-3.12563,2.61291,2.22950
561.05000,-3.12998,2.61816,2.23117
561.10000,-3.13473,2.62389,2.25062
561.15000,-3.14026,2.63053,2.28229
561.20000,-3.14670,2.63772,2.32015
561.25000,-3.15364,2.64489,2.36103
561.30000,-3.16089,2.65179,2.40419
561.35000,-3.16855,2.65845,2.44972
561.40000,-3.17635,2.66462,2.49659
561.45000,-3.18447,2.67045,2.54201
561.50000,-3.19294,2.67598,2.59004
561.55000,-3.20155,2.68102,2.63659
561.60000,-3.21059,2.68576,2.68513
561.65000,-3.21965,2.68995,2.73345
561.70000,-3.22890,2.69368,2.78291
561.75000,-3.23835,2.69695,2.83273
561.80000,-3.24793,2.69975,2.88332
561.85000,-3.25766,2.70205,2.93461
561.90000,-3.26680,2.70371,2.98965
561.95000,-3.27562,2.70480,3.04816
562.00000,-3.28462,2.70538,3.10750
562.05000,-3.29305,2.70540,-3.11317
562.10000,-3.30101,2.70492,-3.04822
562.15000,-3.30904,2.70390,-2.98322
562.20000,-3.31715,2.70234,-2.91843
562.25000,-3.32526,2.70022,-2.85387
562.30000,-3.33332,2.69755,-2.78952
562.35000,-3.34128,2.69433,-2.72541
562.40000,-3.34913,2.69056,-2.66170
562.45000,-3.35683,2.68623,-2.59840
562.50000,-3.36433,2.68137,-2.53545
562.55000,-3.37160,2.67599,-2.47287
562.60000,-3.37861,2.67008,-2.41078
562.65000,-3.38533,2.66368,-2.34911
562.70000,-3.39172,2.65679,-2.28785
562.75000,-3.39776,2.64942,-2.22714
562.80000,-3.40340,2.64161,-2.16680
562.85000,-3.40865,2.63336,-2.10705
562.90000,-3.41344,2.62472,-2.04768
562.95000,-3.41776,2.61572,-1.98873
563.00000,-3.42155,2.60647,-1.93059
563.05000,-3.42413,2.59880,-1.86931
563.10000,-3.42534,2.59436,-1.80032
563.15000,-3.42587,2.59169,-1.72460
563.20000,-3.42604,2.59030,-1.64445
563.25000,-3.42607,2.58927,-1.56388
563.30000,-3.42603,2.58829,-1.48431
563.35000,-3.42591,2.58737,-1.40578
563.40000,-3.42573,2.58650,-1.32832
563.45000,-3.42549,2.58567,-1.25183
563.50000,-3.42519,2.58486,-1.17623
563.55000,-3.42483,2.58408,-1.10155
563.60000,-3.42441,2.58332,-1.02781
563.65000,-3.42393,2.58260,-0.95502
563.70000,-3.42341,2.58191,-0.88320
563.75000,-3.42284,2.58126,-0.81235
563.80000,-3.42222,2.58065,-0.74248
563.85000,-3.42156,2.58009,-0.67362
563.90000,-3.42087,2.57958,-0.60577
563.95000,-3.42015,2.57911,-0.53893
564.00000,-3.41940,2.57870,-0.47313
564.05000,-3.41863,2.57833,-0.40837
564.10000,-3.41784,2.57802,-0.34464
564.15000,-3.41703,2.57776,-0.28198
564.20000,-3.41621,2.57755,-0.22036
564.25000,-3.41538,2.57739,-0.15982
564.30000,-3.41455,2.57728,-0.10034
564.35000,-3.41379,2.57725,-0.05046
564.40000,-3.41280,2.57713,-0.01964
564.45000,-3.40996,2.57704,-0.00156
564.50000,-3.40462,2.57706,0.00284
564.55000,-3.39709,2.57705,-0.00499
564.60000,-3.38808,2.57693,-0.02083
564.65000,-3.37856,2.57664,-0.03963
564.70000,-3.36905,2.57617,-0.05865
564.75000,-3.35956,2.57552,-0.07844
564.80000,-3.35009,2.57468,-0.09831
564.85000,-3.34066,2.57365,-0.11862
564.90000,-3.33125,2.57243,-0.13913
564.95000,-3.32187,2.57102,-0.15984
565.00000,-3.31254,2.56941,-0.18095
565.05000,-3.30325,2.56761,-0.20243
565.10000,-3.29399,2.56561,-0.22378
565.15000,-3.28480,2.56341,-0.24554
565.20000,-3.27565,2.56101,-0.26735
565.25000,-3.26656,2.55842,-0.28927
565.30000,-3.25754,2.55562,-0.31149
565.35000,-3.24858,2.55263,-0.33375
565.40000,-3.23969,2.54943,-0.35617
565.45000,-3.23087,2.54604,-0.37874
565.50000,-3.22213,2.54245,-0.40130
565.55000,-3.21348,2.53866,-0.42384
565.60000,-3.20492,2.53468,-0.44656
565.65000,-3.19644,2.53050,-0.46901
565.70000,-3.18806,2.52613,-0.49171
565.75000,-3.17979,2.52157,-0.51462
565.80000,-3.17163,2.51683,-0.53750
565.85000,-3.16359,2.51190,-0.56026
565.90000,-3.15566,2.50680,-0.58324
565.95000,-3.14769,2.50150,-0.59754
566.00000,-3.14086,2.49693,-0.59263
566.05000,-3.13626,2.49391,-0.57680
566.10000,-3.13398,2.49245,-0.54985
566.15000,-3.13356,2.49221,-0.51416
566.20000,-3.13327,2.49205,-0.47817
566.25000,-3.13297,2.49190,-0.44263
566.30000,-3.13257,2.49171,-0.42015
566.35000,-3.13081,2.49093,-0.41046
566.40000,-3.12653,2.48900,-0.41261
566.45000,-3.11891,2.48550,-0.43167
566.50000,-3.11037,2.48141,-0.45698
566.55000,-3.10184,2.47707,-0.48148
566.60000,-3.09359,2.47261,-0.50673
566.65000,-3.08558,2.46810,-0.52324
566.70000,-3.07790,2.46370,-0.52783
566.75000,-3.07153,2.46000,-0.52391
566.80000,-3.06621,2.45696,-0.51467
566.85000,-3.06196,2.45460,-0.50020
566.90000,-3.05881,2.45292,-0.48052
566.95000,-3.05681,2.45190,-0.45566
567.00000,-3.05598,2.45152,-0.42566
567.05000,-3.05572,2.45140,-0.39345
567.10000,-3.05545,2.45130,-0.36160
567.15000,-3.05499,2.45110,-0.34195
567.20000,-3.05193,2.44994,-0.33827
567.25000,-3.04561,2.44764,-0.35117
567.30000,-3.03750,2.44455,-0.37447
567.35000,-3.02884,2.44100,-0.40086
567.40000,-3.02028,2.43722,-0.42699
567.45000,-3.01198,2.43346,-0.44459
567.50000,-3.00439,2.42996,-0.44964
567.55000,-2.99956,2.42789,-0.43834
567.60000,-2.99810,2.42738,-0.41076
567.65000,-2.99786,2.42728,-0.38113
567.70000,-2.99762,2.42719,-0.35182
567.75000,-2.99737,2.42710,-0.32287
567.80000,-2.99702,2.42697,-0.30520
567.85000,-2.99421,2.42600,-0.30245
567.90000,-2.98886,2.42423,-0.31171
567.95000,-2.98084,2.42153,-0.33567
568.00000,-2.97210,2.41834,-0.36364
568.05000,-2.96346,2.41491,-0.39170
568.10000,-2.95479,2.41127,-0.41241
568.15000,-2.94702,2.40787,-0.42007
568.20000,-2.94192,2.40566,-0.41233
568.25000,-2.93900,2.40443,-0.39205
568.30000,-2.93836,2.40423,-0.36455
568.35000,-2.93813,2.40414,-0.33642
568.40000,-2.93790,2.40406,-0.30846
568.45000,-2.93765,2.40399,-0.28067
568.50000,-2.93685,2.40376,-0.25092
568.55000,-2.93612,2.40358,-0.23468
568.60000,-2.93315,2.40280,-0.23306
568.65000,-2.92783,2.40147,-0.24361
568.70000,-2.91987,2.39936,-0.26805
568.75000,-2.91097,2.39678,-0.29739
568.80000,-2.90225,2.39407,-0.31777
568.85000,-2.89413,2.39142,-0.32714
568.90000,-2.88848,2.38961,-0.32197
568.95000,-2.88423,2.38823,-0.30821
569.00000,-2.88072,2.38716,-0.28968
569.05000,-2.87796,2.38637,-0.26650
569.10000,-2.87594,2.38586,-0.23878
569.15000,-2.87466,2.38557,-0.20673
569.20000,-2.87363,2.38537,-0.17285
569.25000,-2.87291,2.38530,-0.15350
569.30000,-2.87056,2.38482,-0.14989
569.35000,-2.86522,2.38385,-0.16088
569.40000,-2.85731,2.38246,-0.18549
569.45000,-2.84830,2.38062,-0.21561
569.50000,-2.83930,2.37851,-0.24564
569.55000,-2.83028,2.37621,-0.26989
569.60000,-2.82103,2.37366,-0.27969
569.65000,-2.81214,2.37116,-0.27664
569.70000,-2.80365,2.36879,-0.26764
569.75000,-2.79559,2.36662,-0.25164
569.80000,-2.78788,2.36473,-0.22992
569.85000,-2.78241,2.36364,-0.19562
569.90000,-2.77941,2.36311,-0.14913
569.95000,-2.77857,2.36300,-0.09201
570.00000,-2.77841,2.36299,-0.03306
570.05000,-2.77824,2.36299,0.01768
570.10000,-2.77820,2.36311,0.04875
570.15000,-2.77785,2.36357,0.06398
570.20000,-2.77664,2.36427,0.07088
570.25000,-2.77455,2.36511,0.07359
570.30000,-2.77139,2.36600,0.07075
570.35000,-2.76673,2.36671,0.05965
570.40000,-2.76078,2.36733,0.04191
570.45000,-2.75345,2.36767,0.01725
570.50000,-2.74465,2.36769,-0.01485
570.55000,-2.73550,2.36740,-0.04844
570.60000,-2.72635,2.36680,-0.08177
570.65000,-2.71722,2.36590,-0.11485
570.70000,-2.70804,2.36476,-0.14079
570.75000,-2.69857,2.36331,-0.15132
570.80000,-2.68903,2.36177,-0.15620
570.85000,-2.67950,2.36023,-0.15922
570.90000,-2.66997,2.35869,-0.15991
570.95000,-2.66097,2.35751,-0.15418
571.00000,-2.65437,2.35726,-0.14994
571.05000,-2.64809,2.35700,-0.15573
571.10000,-2.64344,2.35667,-0.18903
571.15000,-2.64203,2.35636,-0.25018
571.20000,-2.64100,2.35606,-0.31528
571.25000,-2.63998,2.35569,-0.38027
571.30000,-2.63898,2.35525,-0.44511
571.35000,-2.63802,2.35475,-0.50976
571.40000,-2.63709,2.35419,-0.57421
571.45000,-2.63620,2.35358,-0.63843
571.50000,-2.63536,2.35291,-0.70239
571.55000,-2.63456,2.35219,-0.76607
571.60000,-2.63381,2.35142,-0.82946
571.65000,-2.63312,2.35062,-0.89252
571.70000,-2.63248,2.34978,-0.95524
571.75000,-2.63191,2.34890,-1.01759
571.80000,-2.63139,2.34800,-1.07957
571.85000,-2.63094,2.34709,-1.14123
571.90000,-2.63057,2.34624,-1.20273
571.95000,-2.63029,2.34544,-1.26413
572.00000,-2.63009,2.34470,-1.32546
572.05000,-2.62994,2.34404,-1.38675
572.10000,-2.62985,2.34343,-1.44808
572.15000,-2.62980,2.34290,-1.50951
572.20000,-2.62978,2.34242,-1.57116
572.25000,-2.62980,2.34201,-1.63318
572.30000,-2.62983,2.34165,-1.69576
572.35000,-2.62988,2.34134,-1.75918
572.40000,-2.62994,2.34108,-1.82379
572.45000,-2.63000,2.34087,-1.89009
572.50000,-2.63007,2.34069,-1.95872
572.55000,-2.63013,2.34054,-2.03045
572.60000,-2.63020,2.34042,-2.10603
572.65000,-2.63026,2.34032,-2.18599
572.70000,-2.63033,2.34023,-2.27045
572.75000,-2.63038,2.34018,-2.35885
572.80000,-2.63043,2.34014,-2.45004
572.85000,-2.63046,2.34011,-2.54322
572.90000,-2.63049,2.34009,-2.63781
572.95000,-2.63052,2.34007,-2.73340
573.00000,-2.63054,2.34006,-2.82970
573.05000,-2.63056,2.34005,-2.92650
573.10000,-2.63058,2.34005,-3.02366
573.15000,-2.63060,2.34005,-3.12108
573.20000,-2.63062,2.34004,3.06451
573.25000,-2.63063,2.34005,2.96678
573.30000,-2.63065,2.34005,2.86896
573.35000,-2.63066,2.34006,2.77108
573.40000,-2.63068,2.34010,2.68563
573.45000,-2.63069,2.34018,2.61988
573.50000,-2.63076,2.34036,2.57245
573.55000,-2.63303,2.34202,2.54609
573.60000,-2.64023,2.34697,2.54443
573.65000,-2.64856,2.35260,2.54952
573.70000,-2.65692,2.35819,2.55508
573.75000,-2.66531,2.36373,2.56083
573.80000,-2.67373,2.36921,2.56722
573.85000,-2.68217,2.37463,2.57470
573.90000,-2.69072,2.38002,2.58221
573.95000,-2.69921,2.38529,2.59013
574.00000,-2.70780,2.39052,2.59826
574.05000,-2.71643,2.39568,2.60630
574.10000,-2.72507,2.40075,2.61487
574.15000,-2.73382,2.40579,2.62392
574.20000,-2.74255,2.41070,2.63303
574.25000,-2.75129,2.41552,2.64229
574.30000,-2.76008,2.42026,2.65139
574.35000,-2.76892,2.42492,2.66114
574.40000,-2.77780,2.42949,2.67123
574.45000,-2.78672,2.43396,2.68149
574.50000,-2.79570,2.43835,2.69213
574.55000,-2.80471,2.44263,2.70355
574.60000,-2.81376,2.44680,2.71640
574.65000,-2.82289,2.45085,2.72943
574.70000,-2.83173,2.45464,2.73105
574.75000,-2.83873,2.45770,2.70791
574.80000,-2.84402,2.46027,2.66530
574.85000,-2.84763,2.46226,2.60676
574.90000,-2.85004,2.46365,2.55197
574.95000,-2.85238,2.46504,2.52184
575.00000,-2.85545,2.46723,2.51057
575.05000,-2.86119,2.47142,2.51399
575.10000,-2.86814,2.47642,2.52385
575.15000,-2.87625,2.48210,2.53870
575.20000,-2.88453,2.48771,2.55392
575.25000,-2.89290,2.49319,2.56961
575.30000,-2.90135,2.49853,2.58589
575.35000,-2.90989,2.50373,2.60288
575.40000,-2.91852,2.50879,2.62045
575.45000,-2.92723,2.51369,2.63864
575.50000,-2.93559,2.51818,2.64366
575.55000,-2.94135,2.52136,2.61863
575.60000,-2.94492,2.52353,2.57090
575.65000,-2.94732,2.52516,2.50865
575.70000,-2.94883,2.52632,2.46703
575.75000,-2.95105,2.52817,2.45710
575.80000,-2.95543,2.53175,2.45878
575.85000,-2.96110,2.53633,2.46665
575.90000,-2.96806,2.54183,2.48112
575.95000,-2.97599,2.54787,2.50051
576.00000,-2.98406,2.55377,2.52018
576.05000,-2.99224,2.55951,2.54028
576.10000,-3.00053,2.56507,2.56046
576.15000,-3.00848,2.57017,2.56771
576.20000,-3.01369,2.57358,2.54401
576.25000,-3.01718,2.57607,2.49896
576.30000,-3.02054,2.57873,2.44341
576.35000,-3.02446,2.58223,2.38404
576.40000,-3.02841,2.58599,2.33412
576.45000,-3.03248,2.58992,2.30283
576.50000,-3.03695,2.59430,2.29198
576.55000,-3.04219,2.59998,2.30542
576.60000,-3.04852,2.60682,2.32931
576.65000,-3.05502,2.61350,2.35624
576.70000,-3.06165,2.61994,2.38596
576.75000,-3.06834,2.62604,2.42049
576.80000,-3.07548,2.63207,2.45848
576.85000,-3.08297,2.63794,2.50086
576.90000,-3.09101,2.64370,2.54722
576.95000,-3.09951,2.64917,2.59861
577.00000,-3.10816,2.65412,2.64641
577.05000,-3.11664,2.65844,2.69767
577.10000,-3.12525,2.66225,2.75188
577.15000,-3.13383,2.66549,2.80902
577.20000,-3.14230,2.66814,2.86871
577.25000,-3.15061,2.67024,2.91579
577.30000,-3.15886,2.67221,2.93519
577.35000,-3.16646,2.67345,2.93187
577.40000,-3.17275,2.67379,2.90280
577.45000,-3.17715,2.67452,2.85278
577.50000,-3.18168,2.67601,2.79486
577.55000,-3.18651,2.67774,2.74538
577.60000,-3.19172,2.67991,2.72274
577.65000,-3.19724,2.68246,2.72429
577.70000,-3.20285,2.68515,2.74392
577.75000,-3.20834,2.68776,2.77598
577.80000,-3.21489,2.69041,2.81814
577.85000,-3.22334,2.69303,2.86372
577.90000,-3.23199,2.69526,2.91397
577.95000,-3.24135,2.69717,2.96563
578.00000,-3.25047,2.69854,3.02113
578.05000,-3.25902,2.69932,3.08082
578.10000,-3.26711,2.69956,-3.13946
578.15000,-3.27506,2.69928,-3.07503
578.20000,-3.28318,2.69848,-3.01068
578.25000,-3.29133,2.69714,-2.94622
578.30000,-3.29952,2.69524,-2.88196
578.35000,-3.30767,2.69279,-2.81785
578.40000,-3.31574,2.68980,-2.75393
578.45000,-3.32371,2.68624,-2.69036
578.50000,-3.33155,2.68213,-2.62717
578.55000,-3.33919,2.67749,-2.56428
578.60000,-3.34660,2.67232,-2.50170
578.65000,-3.35377,2.66663,-2.43957
578.70000,-3.36063,2.66046,-2.37772
578.75000,-3.36719,2.65378,-2.31635
578.80000,-3.37339,2.64664,-2.25535
578.85000,-3.37920,2.63905,-2.19475
578.90000,-3.38460,2.63105,-2.13449
578.95000,-3.38958,2.62263,-2.07475
579.00000,-3.39408,2.61386,-2.01533
579.05000,-3.39809,2.60475,-1.95626
579.10000,-3.40157,2.59539,-1.89731
579.15000,-3.40410,2.58711,-1.83347
579.20000,-3.40546,2.58129,-1.75950
579.25000,-3.40607,2.57726,-1.67825
579.30000,-3.40628,2.57404,-1.59357
579.35000,-3.40622,2.57069,-1.50914
579.40000,-3.40585,2.56722,-1.42508
579.45000,-3.40518,2.56367,-1.34141
579.50000,-3.40418,2.56009,-1.25832
579.55000,-3.40290,2.55661,-1.17621
579.60000,-3.40134,2.55326,-1.09512
579.65000,-3.39953,2.55006,-1.01508
579.70000,-3.39748,2.54704,-0.93611
579.75000,-3.39523,2.54422,-0.85822
579.80000,-3.39279,2.54160,-0.78142
579.85000,-3.39019,2.53921,-0.70573
579.90000,-3.38746,2.53705,-0.63116
579.95000,-3.38463,2.53514,-0.55773
580.00000,-3.38171,2.53346,-0.48544
580.05000,-3.37874,2.53203,-0.41430
580.10000,-3.37574,2.53083,-0.34431
580.15000,-3.37273,2.52987,-0.27550
580.20000,-3.36974,2.52913,-0.20785
580.25000,-3.36677,2.52861,-0.14138
580.30000,-3.36385,2.52829,-0.07608
580.35000,-3.36099,2.52816,-0.01196
580.40000,-3.35818,2.52818,0.04470
580.45000,-3.35542,2.52829,0.08511
580.50000,-3.35265,2.52855,0.10769
580.55000,-3.34876,2.52914,0.11683
580.60000,-3.34389,2.52990,0.12102
580.65000,-3.33767,2.53092,0.11866
580.70000,-3.32943,2.53203,0.10568
580.75000,-3.31997,2.53295,0.08553
580.80000,-3.31049,2.53368,0.06520
580.85000,-3.30100,2.53421,0.04488
580.90000,-3.29152,2.53453,0.02390
580.95000,-3.28205,2.53464,0.00288
581.00000,-3.27258,2.53455,-0.01858
581.05000,-3.26314,2.53426,-0.04053
581.10000,-3.25370,2.53376,-0.06265
581.15000,-3.24429,2.53305,-0.08491
581.20000,-3.23489,2.53212,-0.10735
581.25000,-3.22552,2.53099,-0.12986
581.30000,-3.21617,2.52964,-0.15253
581.35000,-3.20687,2.52808,-0.17549
581.40000,-3.19761,2.52631,-0.19828
581.45000,-3.18840,2.52433,-0.22169
581.50000,-3.17924,2.52213,-0.24515
581.55000,-3.17013,2.51972,-0.26864
581.60000,-3.16109,2.51709,-0.29215
581.65000,-3.15211,2.51426,-0.31571
581.70000,-3.14320,2.51121,-0.33952
581.75000,-3.13436,2.50795,-0.36305
581.80000,-3.12560,2.50448,-0.38671
581.85000,-3.11693,2.50081,-0.41038
581.90000,-3.10835,2.49694,-0.43372
581.95000,-3.09985,2.49286,-0.45716
582.00000,-3.09145,2.48859,-0.48050
582.05000,-3.08316,2.48412,-0.50423
582.10000,-3.07553,2.47994,-0.51160
582.15000,-3.07057,2.47736,-0.49228
582.20000,-3.06905,2.47659,-0.45761
582.25000,-3.06856,2.47636,-0.42109
582.30000,-3.06808,2.47617,-0.38504
582.35000,-3.06719,2.47578,-0.36079
582.40000,-3.06458,2.47473,-0.35568
582.45000,-3.05869,2.47248,-0.36512
582.50000,-3.05032,2.46918,-0.38633
582.55000,-3.04153,2.46547,-0.41185
582.60000,-3.03301,2.46160,-0.43832
582.65000,-3.02461,2.45753,-0.46510
582.70000,-3.01624,2.45332,-0.48255
582.75000,-3.00877,2.44952,-0.48251
582.80000,-3.00386,2.44736,-0.46720
582.85000,-3.00118,2.44632,-0.44182
582.90000,-3.00046,2.44608,-0.40957
582.95000,-3.00005,2.44591,-0.37736
583.00000,-2.99963,2.44575,-0.34552
583.05000,-2.99920,2.44560,-0.31401
583.10000,-2.99878,2.44547,-0.29426
583.15000,-2.99575,2.44448,-0.29167
583.20000,-2.98957,2.44248,-0.30517
583.25000,-2.98138,2.43979,-0.32910
583.30000,-2.97261,2.43666,-0.35705
583.35000,-2.96395,2.43329,-0.38499
583.40000,-2.95530,2.42977,-0.40170
583.45000,-2.94861,2.42701,-0.39922
583.50000,-2.94400,2.42524,-0.38715
583.55000,-2.94177,2.42462,-0.36261
583.60000,-2.94126,2.42443,-0.33313
583.65000,-2.94027,2.42411,-0.30180
583.70000,-2.93930,2.42383,-0.27118
583.75000,-2.93827,2.42357,-0.24052
583.80000,-2.93726,2.42335,-0.22596
583.85000,-2.93377,2.42245,-0.22727
583.90000,-2.92780,2.42097,-0.24107
583.95000,-2.91962,2.41884,-0.26692
584.00000,-2.91072,2.41626,-0.29661
584.05000,-2.90190,2.41342,-0.32624
584.10000,-2.89360,2.41064,-0.33989
584.15000,-2.88778,2.40873,-0.33667
584.20000,-2.88447,2.40775,-0.32047
584.25000,-2.88219,2.40708,-0.29837
584.30000,-2.88101,2.40677,-0.27074
584.35000,-2.88006,2.40652,-0.24204
584.40000,-2.87915,2.40632,-0.21350
584.45000,-2.87820,2.40614,-0.18508
584.50000,-2.87755,2.40598,-0.17082
584.55000,-2.87484,2.40545,-0.17039
584.60000,-2.86994,2.40446,-0.18059
584.65000,-2.86197,2.40289,-0.20639
584.70000,-2.85302,2.40087,-0.23764
584.75000,-2.84395,2.39858,-0.25906
584.80000,-2.83622,2.39662,-0.26673
584.85000,-2.83037,2.39510,-0.26453
584.90000,-2.82701,2.39433,-0.24806
584.95000,-2.82502,2.39392,-0.22324
585.00000,-2.82415,2.39376,-0.19188
585.05000,-2.82323,2.39361,-0.15917
585.10000,-2.82229,2.39349,-0.12565
585.15000,-2.82132,2.39339,-0.09089
585.20000,-2.82053,2.39338,-0.06718
585.25000,-2.81925,2.39320,-0.06008
585.30000,-2.81602,2.39286,-0.06371
585.35000,-2.81003,2.39231,-0.08131
585.40000,-2.80150,2.39147,-0.11237
585.45000,-2.79241,2.39029,-0.14580
585.50000,-2.78335,2.38880,-0.17881
585.55000,-2.77419,2.38721,-0.19770
585.60000,-2.76517,2.38564,-0.19534
585.65000,-2.75601,2.38391,-0.17963
585.70000,-2.74858,2.38275,-0.14821
585.75000,-2.74332,2.38208,-0.10455
585.80000,-2.74000,2.38181,-0.04999
585.85000,-2.73890,2.38178,0.01454
585.90000,-2.73870,2.38180,0.07392
585.95000,-2.73855,2.38181,0.11310
586.00000,-2.73841,2.38184,0.13867
586.05000,-2.73819,2.38197,0.15596
586.10000,-2.73787,2.38222,0.16507
586.15000,-2.73702,2.38265,0.16746
586.20000,-2.73398,2.38340,0.15855
586.25000,-2.72696,2.38468,0.13251
586.30000,-2.71787,2.38579,0.09688
586.35000,-2.70813,2.38656,0.06124
586.40000,-2.69814,2.38700,0.02705
586.45000,-2.68814,2.38710,-0.00694
586.50000,-2.67814,2.38686,-0.04078
586.55000,-2.66840,2.38646,-0.06877
586.60000,-2.65840,2.38588,-0.07619
586.65000,-2.64874,2.38546,-0.05891
586.70000,-2.64274,2.38534,-0.01571
586.75000,-2.63983,2.38538,0.04769
586.80000,-2.63793,2.38553,0.12146
586.85000,-2.63672,2.38571,0.17184
586.90000,-2.63562,2.38597,0.19985
586.95000,-2.63437,2.38639,0.21890
587.00000,-2.63299,2.38697,0.22901
587.05000,-2.63138,2.38774,0.23041
587.10000,-2.62736,2.38897,0.21639
587.15000,-2.62038,2.39072,0.19187
587.20000,-2.61164,2.39242,0.15694
587.25000,-2.60222,2.39373,0.11985
587.30000,-2.59227,2.39476,0.08543
587.35000,-2.58229,2.39544,0.05097
587.40000,-2.57380,2.39578,0.03663
587.45000,-2.56798,2.39603,0.05519
587.50000,-2.56393,2.39633,0.09678
587.55000,-2.56113,2.39667,0.15472
587.60000,-2.55919,2.39704,0.22428
587.65000,-2.55787,2.39738,0.27150
587.70000,-2.55683,2.39767,0.28608
587.75000,-2.55583,2.39797,0.29120
587.80000,-2.55430,2.39843,0.28905
587.85000,-2.55154,2.39926,0.28147
587.90000,-2.54745,2.40043,0.26798
587.95000,-2.54184,2.40193,0.24836
588.00000,-2.53428,2.40378,0.22083
588.05000,-2.52507,2.40570,0.18429
588.10000,-2.51542,2.40730,0.14729
588.15000,-2.50592,2.40852,0.11001
588.20000,-2.49755,2.40935,0.09495
588.25000,-2.49175,2.40994,0.11281
588.30000,-2.48773,2.41047,0.15389
588.35000,-2.48496,2.41097,0.21148
588.40000,-2.48351,2.41133,0.27899
588.45000,-2.48272,2.41157,0.33784
588.50000,-2.48199,2.41178,0.37955
588.55000,-2.48160,2.41170,0.40762
588.60000,-2.48148,2.41137,0.42929
588.65000,-2.48154,2.41086,0.45028
588.70000,-2.48193,2.41027,0.46079
588.75000,-2.48045,2.41108,0.45124
588.80000,-2.47518,2.41367,0.42040
588.85000,-2.46761,2.41687,0.37846
588.90000,-2.45929,2.41996,0.33383
588.95000,-2.45082,2.42269,0.28992
589.00000,-2.44222,2.42506,0.24657
589.05000,-2.43352,2.42705,0.20373
589.10000,-2.42475,2.42866,0.16041
589.15000,-2.41585,2.42987,0.13282
589.20000,-2.40656,2.43098,0.12922
589.25000,-2.40023,2.43160,0.13409
589.30000,-2.39556,2.43192,0.12024
589.35000,-2.39133,2.43225,0.08555
589.40000,-2.38552,2.43262,0.04232
589.45000,-2.37840,2.43275,-0.00532
589.50000,-2.37042,2.43251,-0.05624
589.55000,-2.36219,2.43207,-0.10045
589.60000,-2.35598,2.43154,-0.13172
589.65000,-2.35124,2.43083,-0.17285
589.70000,-2.34449,2.42949,-0.21730
589.75000,-2.33787,2.42786,-0.26967
589.80000,-2.33321,2.42643,-0.33361
589.85000,-2.33084,2.42552,-0.40687
589.90000,-2.32975,2.42501,-0.48515
589.95000,-2.32900,2.42457,-0.56427
590.00000,-2.32828,2.42408,-0.64281
590.05000,-2.32760,2.42353,-0.72071
590.10000,-2.32697,2.42293,-0.79796
590.15000,-2.32639,2.42229,-0.87455
590.20000,-2.32587,2.42161,-0.95044
590.25000,-2.32539,2.42089,-1.02561
590.30000,-2.32498,2.42014,-1.10007
590.35000,-2.32462,2.41937,-1.17378
590.40000,-2.32433,2.41860,-1.24673
590.45000,-2.32410,2.41783,-1.31892
590.50000,-2.32393,2.41705,-1.39032
590.55000,-2.32381,2.41627,-1.46093
590.60000,-2.32376,2.41550,-1.53073
590.65000,-2.32375,2.41476,-1.59972
590.70000,-2.32380,2.41404,-1.66790
590.75000,-2.32389,2.41336,-1.73526
590.80000,-2.32401,2.41274,-1.80185
590.85000,-2.32417,2.41217,-1.86767
590.90000,-2.32435,2.41163,-1.93266
590.95000,-2.32456,2.41112,-1.99681
591.00000,-2.32480,2.41063,-2.06008
591.05000,-2.32507,2.41016,-2.12248
591.10000,-2.32537,2.40971,-2.18400
591.15000,-2.32568,2.40929,-2.24464
591.20000,-2.32602,2.40889,-2.30438
591.25000,-2.32637,2.40852,-2.36327
591.30000,-2.32674,2.40818,-2.42145
591.35000,-2.32711,2.40788,-2.47904
591.40000,-2.32748,2.40761,-2.53610
591.45000,-2.32784,2.40737,-2.59269
591.50000,-2.32821,2.40716,-2.64892
591.55000,-2.32856,2.40698,-2.70490
591.60000,-2.32890,2.40683,-2.76079
591.65000,-2.32922,2.40671,-2.81678
591.70000,-2.32953,2.40662,-2.87312
591.75000,-2.32982,2.40655,-2.93012
591.80000,-2.33009,2.40650,-2.98811
591.85000,-2.33034,2.40647,-3.04750
591.90000,-2.33058,2.40645,-3.10882
591.95000,-2.33080,2.40645,3.11076
592.00000,-2.33102,2.40647,3.05680
592.05000,-2.33226,2.40675,3.01988
592.10000,-2.33533,2.40724,2.99219
592.15000,-2.34127,2.40849,2.97696
592.20000,-2.35023,2.41011,2.97514
592.25000,-2.36012,2.41176,2.97756
592.30000,-2.37001,2.41339,2.98039
592.35000,-2.37991,2.41498,2.98361
592.40000,-2.38980,2.41654,2.98719
592.45000,-2.39976,2.41806,2.99166
592.50000,-2.40972,2.41955,2.99658
592.55000,-2.41965,2.42097,3.00175
592.60000,-2.42960,2.42234,3.00738
592.65000,-2.43965,2.42367,3.01419
592.70000,-2.44973,2.42492,3.02143
592.75000,-2.45985,2.42610,3.02926
592.80000,-2.46996,2.42720,3.03712
592.85000,-2.48011,2.42823,3.04548
592.90000,-2.49029,2.42916,3.05477
592.95000,-2.50013,2.42974,3.05687
593.00000,-2.50923,2.42966,3.04274
593.05000,-2.51696,2.42953,3.00714
593.10000,-2.52237,2.42969,2.95385
593.15000,-2.52618,2.43012,2.90075
593.20000,-2.53004,2.43073,2.86348
593.25000,-2.53414,2.43170,2.84422
593.30000,-2.54023,2.43373,2.84057
593.35000,-2.54939,2.43663,2.85129
593.40000,-2.55917,2.43949,2.86433
593.45000,-2.56894,2.44219,2.87788
593.50000,-2.57881,2.44479,2.89169
593.55000,-2.58884,2.44728,2.90491
593.60000,-2.59878,2.44959,2.91944
593.65000,-2.60870,2.45174,2.93511
593.70000,-2.61866,2.45374,2.95240
593.75000,-2.62823,2.45540,2.95942
593.80000,-2.63721,2.45653,2.94701
593.85000,-2.64418,2.45691,2.91186
593.90000,-2.64960,2.45732,2.86092
593.95000,-2.65345,2.45818,2.79705
594.00000,-2.65592,2.45891,2.73541
594.05000,-2.65854,2.45985,2.69445
594.10000,-2.66209,2.46162,2.68237
594.15000,-2.66897,2.46504,2.69050
594.20000,-2.67809,2.46935,2.70822
594.25000,-2.68748,2.47358,2.72594
594.30000,-2.69692,2.47765,2.74297
594.35000,-2.70655,2.48160,2.75994
594.40000,-2.71627,2.48539,2.77738
594.45000,-2.72574,2.48890,2.79528
594.50000,-2.73536,2.49227,2.81395
594.55000,-2.74482,2.49539,2.83194
594.60000,-2.75368,2.49791,2.83767
594.65000,-2.76127,2.49981,2.82007
594.70000,-2.76663,2.50142,2.77973
594.75000,-2.77061,2.50304,2.72401
594.80000,-2.77282,2.50410,2.65468
594.85000,-2.77447,2.50498,2.59383
594.90000,-2.77617,2.50598,2.55446
594.95000,-2.77924,2.50810,2.54626
595.00000,-2.78593,2.51260,2.55791
595.05000,-2.79452,2.51815,2.57769
595.10000,-2.80346,2.52368,2.59802
595.15000,-2.81251,2.52902,2.61831
595.20000,-2.82167,2.53418,2.63881
595.25000,-2.83052,2.53893,2.65792
595.30000,-2.83941,2.54350,2.67730
595.35000,-2.84840,2.54789,2.69753
595.40000,-2.85747,2.55209,2.71826
595.45000,-2.86630,2.55593,2.72623
595.50000,-2.87338,2.55902,2.70750
595.55000,-2.87724,2.56090,2.66157
595.60000,-2.87959,2.56220,2.60168
595.65000,-2.88095,2.56308,2.53753
595.70000,-2.88225,2.56399,2.48569
595.75000,-2.88354,2.56496,2.45253
595.80000,-2.88490,2.56602,2.43090
595.85000,-2.88649,2.56737,2.41967
595.90000,-2.89010,2.57055,2.42197
595.95000,-2.89497,2.57479,2.43165
596.00000,-2.90122,2.58008,2.44830
596.05000,-2.90883,2.58626,2.47122
596.10000,-2.91674,2.59238,2.49537
596.15000,-2.92479,2.59830,2.51978
596.20000,-2.93299,2.60403,2.54447
596.25000,-2.94133,2.60954,2.56993
596.30000,-2.94981,2.61485,2.59563
596.35000,-2.95843,2.61993,2.62179
596.40000,-2.96672,2.62454,2.63379
596.45000,-2.97262,2.62785,2.61427
596.50000,-2.97605,2.62994,2.57074
596.55000,-2.97765,2.63102,2.51708
596.60000,-2.97899,2.63205,2.46274
596.65000,-2.98027,2.63310,2.41998
596.70000,-2.98148,2.63413,2.39113
596.75000,-2.98257,2.63507,2.37270
596.80000,-2.98356,2.63593,2.36434
596.85000,-2.98451,2.63680,2.36573
596.90000,-2.98614,2.63839,2.37513
596.95000,-2.98929,2.64137,2.39303
597.00000,-2.99397,2.64561,2.42099
597.05000,-3.00058,2.65121,2.45894
597.10000,-3.00873,2.65757,2.50455
597.15000,-3.01696,2.66338,2.55086
597.20000,-3.02510,2.66855,2.60027
597.25000,-3.03376,2.67346,2.65141
597.30000,-3.04267,2.67792,2.70372
597.35000,-3.05183,2.68193,2.75453
597.40000,-3.06110,2.68543,2.80681
597.45000,-3.07056,2.68844,2.86057
597.50000,-3.07997,2.69087,2.91637
597.55000,-3.08916,2.69271,2.97258
597.60000,-3.09756,2.69389,3.03287
597.65000,-3.10493,2.69446,3.09852
597.70000,-3.11190,2.69452,-3.11644
597.75000,-3.11902,2.69409,-3.04811
597.80000,-3.12625,2.69317,-2.97985
597.85000,-3.13350,2.69173,-2.91164
597.90000,-3.14074,2.68977,-2.84355
597.95000,-3.14792,2.68730,-2.77568
598.00000,-3.15502,2.68429,-2.70812
598.05000,-3.16197,2.68079,-2.64075
598.10000,-3.16875,2.67678,-2.57370
598.15000,-3.17532,2.67226,-2.50698
598.20000,-3.18166,2.66727,-2.44060
598.25000,-3.18771,2.66181,-2.37449
598.30000,-3.19346,2.65588,-2.30883
598.35000,-3.19887,2.64953,-2.24346
598.40000,-3.20390,2.64278,-2.17839
598.45000,-3.20853,2.63564,-2.11367
598.50000,-3.21273,2.62814,-2.04929
598.55000,-3.21646,2.62034,-1.98511
598.60000,-3.21973,2.61222,-1.92132
598.65000,-3.22249,2.60385,-1.85780
598.70000,-3.22440,2.59650,-1.78975
598.75000,-3.22535,2.59138,-1.71269
598.80000,-3.22572,2.58781,-1.62944
598.85000,-3.22577,2.58514,-1.54252
598.90000,-3.22557,2.58242,-1.45561
598.95000,-3.22512,2.57960,-1.36905
599.00000,-3.22439,2.57670,-1.28288
599.05000,-3.22338,2.57376,-1.19712
599.10000,-3.22207,2.57080,-1.11180
599.15000,-3.22045,2.56785,-1.02693
599.20000,-3.21852,2.56494,-0.94253
599.25000,-3.21627,2.56211,-0.85862
599.30000,-3.21372,2.55939,-0.77531
599.35000,-3.21099,2.55692,-0.69320
599.40000,-3.20811,2.55472,-0.61234
599.45000,-3.20512,2.55280,-0.53274
599.50000,-3.20217,2.55113,-0.46505
599.55000,-3.19885,2.54947,-0.42266
599.60000,-3.19218,2.54648,-0.40621
599.65000,-3.18295,2.54254,-0.40245
599.70000,-3.17370,2.53863,-0.39879
599.75000,-3.16451,2.53478,-0.39525
599.80000,-3.15528,2.53094,-0.39266
599.85000,-3.14603,2.52712,-0.39034
599.90000,-3.13678,2.52332,-0.38889
599.95000,-3.12751,2.51954,-0.38766
600.00000,-3.11826,2.51576,-0.38750
600.05000,-3.10904,2.51199,-0.38748
600.10000,-3.09980,2.50822,-0.38848
600.15000,-3.09058,2.50443,-0.38992
600.20000,-3.08135,2.50063,-0.39165
600.25000,-3.07216,2.49682,-0.39431
600.30000,-3.06295,2.49297,-0.39752
600.35000,-3.05379,2.48911,-0.40078
600.40000,-3.04466,2.48521,-0.40483
600.45000,-3.03556,2.48129,-0.40969
600.50000,-3.02648,2.47731,-0.41523
600.55000,-3.01744,2.47329,-0.42131
600.60000,-3.00855,2.46934,-0.41680
600.65000,-3.00148,2.46647,-0.38798
600.70000,-2.99840,2.46534,-0.34076
600.75000,-2.99779,2.46514,-0.28941
600.80000,-2.99728,2.46501,-0.24853
600.85000,-2.99439,2.46421,-0.22471
600.90000,-2.98819,2.46271,-0.21838
600.95000,-2.97949,2.46071,-0.22547
601.00000,-2.97001,2.45848,-0.23677
601.05000,-2.96059,2.45613,-0.24823
601.10000,-2.95119,2.45367,-0.25967
601.15000,-2.94182,2.45112,-0.27120
601.20000,-2.93249,2.44846,-0.28320
601.25000,-2.92320,2.44570,-0.29546
601.30000,-2.91396,2.44282,-0.30816
601.35000,-2.90465,2.43984,-0.31356
601.40000,-2.89530,2.43680,-0.31054
601.45000,-2.88677,2.43410,-0.30251
601.50000,-2.87929,2.43182,-0.28989
601.55000,-2.87290,2.42997,-0.27269
601.60000,-2.86763,2.42857,-0.25086
601.65000,-2.86352,2.42757,-0.22440
601.70000,-2.86133,2.42711,-0.19039
601.75000,-2.86092,2.42704,-0.14960
601.80000,-2.86046,2.42696,-0.11777
601.85000,-2.85797,2.42660,-0.09840
601.90000,-2.85282,2.42593,-0.09216
601.95000,-2.84477,2.42502,-0.09996
602.00000,-2.83491,2.42396,-0.11492
602.05000,-2.82538,2.42277,-0.13124
602.10000,-2.81587,2.42141,-0.14727
602.15000,-2.80640,2.41991,-0.16363
602.20000,-2.79696,2.41825,-0.18035
602.25000,-2.78780,2.41661,-0.18580
602.30000,-2.78028,2.41536,-0.17973
602.35000,-2.77649,2.41495,-0.15563
602.40000,-2.77553,2.41491,-0.12315
602.45000,-2.77523,2.41488,-0.08849
602.50000,-2.77497,2.41486,-0.05431
602.55000,-2.77462,2.41482,-0.02980
602.60000,-2.77139,2.41470,-0.01981
602.65000,-2.76507,2.41453,-0.02395
602.70000,-2.75576,2.41423,-0.04031
602.75000,-2.74596,2.41374,-0.06005
602.80000,-2.73619,2.41306,-0.07937
602.85000,-2.72638,2.41219,-0.09851
602.90000,-2.71689,2.41124,-0.11048
602.95000,-2.70768,2.41034,-0.11632
603.00000,-2.69928,2.40959,-0.11768
603.05000,-2.69279,2.40904,-0.11024
603.10000,-2.68737,2.40851,-0.09771
603.15000,-2.68297,2.40813,-0.08032
603.20000,-2.67959,2.40791,-0.05824
603.25000,-2.67722,2.40781,-0.03159
603.30000,-2.67597,2.40780,-0.00012
603.35000,-2.67586,2.40781,0.03593
603.40000,-2.67577,2.40781,0.07182
603.45000,-2.67568,2.40783,0.09925
603.50000,-2.67416,2.40812,0.11562
603.55000,-2.67026,2.40872,0.11986
603.60000,-2.66443,2.40958,0.11358
603.65000,-2.65771,2.41037,0.10243
603.70000,-2.64998,2.41113,0.08627
603.75000,-2.64104,2.41183,0.06403
603.80000,-2.63167,2.41231,0.03955
603.85000,-2.62228,2.41257,0.01534
603.90000,-2.61262,2.41263,0.00254
603.95000,-2.60249,2.41265,0.01036
604.00000,-2.59330,2.41276,0.03482
604.05000,-2.58658,2.41296,0.07681
604.10000,-2.58308,2.41327,0.13552
604.15000,-2.58176,2.41348,0.20583
604.20000,-2.58129,2.41359,0.26934
604.25000,-2.58111,2.41347,0.31138
604.30000,-2.58016,2.41384,0.32627
604.35000,-2.57589,2.41534,0.32118
604.40000,-2.56819,2.41781,0.29806
604.45000,-2.55933,2.42040,0.26967
604.50000,-2.55032,2.42275,0.24148
604.55000,-2.54125,2.42485,0.21342
604.60000,-2.53213,2.42669,0.18538
604.65000,-2.52296,2.42828,0.15777
604.70000,-2.51377,2.42961,0.12996
604.75000,-2.50433,2.43075,0.11330
604.80000,-2.49428,2.43196,0.11563
604.85000,-2.48423,2.43312,0.13792
604.90000,-2.47712,2.43411,0.18179
604.95000,-2.47201,2.43519,0.23924
605.00000,-2.46903,2.43601,0.31054
605.05000,-2.46724,2.43658,0.37681
605.10000,-2.46554,2.43711,0.42451
605.15000,-2.46403,2.43748,0.46043
605.20000,-2.46260,2.43804,0.47596
605.25000,-2.45838,2.44039,0.46809
605.30000,-2.45088,2.44405,0.43936
605.35000,-2.44246,2.44786,0.40907
605.40000,-2.43391,2.45141,0.37944
605.45000,-2.42532,2.45468,0.34688
605.50000,-2.41665,2.45765,0.31329
605.55000,-2.40792,2.46031,0.27866
605.60000,-2.39922,2.46263,0.24009
605.65000,-2.39056,2.46453,0.19644
605.70000,-2.38189,2.46601,0.14726
605.75000,-2.37204,2.46723,0.09881
605.80000,-2.36207,2.46797,0.05076
605.85000,-2.35207,2.46824,0.00290
605.90000,-2.34207,2.46804,-0.04438
605.95000,-2.33210,2.46736,-0.09162
606.00000,-2.32216,2.46621,-0.13823
606.05000,-2.31230,2.46460,-0.18436
606.10000,-2.30251,2.46255,-0.23006
606.15000,-2.29283,2.46005,-0.27530
606.20000,-2.28327,2.45711,-0.32023
606.25000,-2.27385,2.45375,-0.36504
606.30000,-2.26467,2.45001,-0.40950
606.35000,-2.25594,2.44599,-0.45474
606.40000,-2.24747,2.44161,-0.49967
606.45000,-2.23940,2.43696,-0.54510
606.50000,-2.23174,2.43207,-0.59138
606.55000,-2.22589,2.42817,-0.63837
606.60000,-2.22375,2.42650,-0.69289
606.65000,-2.22310,2.42593,-0.75454
606.70000,-2.22266,2.42550,-0.81691
606.75000,-2.22226,2.42505,-0.87883
606.80000,-2.22190,2.42458,-0.94027
606.85000,-2.22158,2.42411,-1.00121
606.90000,-2.22129,2.42364,-1.06164
606.95000,-2.22105,2.42316,-1.12154
607.00000,-2.22084,2.42270,-1.18089
607.05000,-2.22068,2.42227,-1.23971
607.10000,-2.22055,2.42186,-1.29798
607.15000,-2.22046,2.42148,-1.35572
607.20000,-2.22039,2.42113,-1.41294
607.25000,-2.22035,2.42080,-1.46965
607.30000,-2.22033,2.42052,-1.52588
607.35000,-2.22032,2.42026,-1.58165
607.40000,-2.22033,2.42002,-1.63701
607.45000,-2.22035,2.41982,-1.69199
607.50000,-2.22038,2.41965,-1.74668
607.55000,-2.22041,2.41950,-1.80117
607.60000,-2.22044,2.41937,-1.85557
607.65000,-2.22048,2.41927,-1.91008
607.70000,-2.22051,2.41918,-1.96497
607.75000,-2.22054,2.41912,-2.02065
607.80000,-2.22056,2.41906,-2.07779
607.85000,-2.22059,2.41903,-2.13745
607.90000,-2.22061,2.41900,-2.20136
607.95000,-2.22063,2.41897,-2.27126
608.00000,-2.22064,2.41896,-2.34837
608.05000,-2.22066,2.41894,-2.43155
608.10000,-2.22067,2.41893,-2.51903
608.15000,-2.22068,2.41892,-2.60958
608.20000,-2.22070,2.41891,-2.70230
608.25000,-2.22071,2.41891,-2.79656
608.30000,-2.22072,2.41890,-2.89191
608.35000,-2.22074,2.41889,-2.98805
608.40000,-2.22075,2.41889,-3.08473
608.45000,-2.22079,2.41890,3.11194
608.50000,-2.22086,2.41906,3.04638
608.55000,-2.22111,2.41949,3.00181
608.60000,-2.22235,2.42015,2.97208
608.65000,-2.22586,2.42114,2.95306
608.70000,-2.23166,2.42254,2.94442
608.75000,-2.23892,2.42420,2.94257
608.80000,-2.24734,2.42594,2.94593
608.85000,-2.25692,2.42781,2.95437
608.90000,-2.26697,2.42965,2.96519
608.95000,-2.27693,2.43137,2.97587
609.00000,-2.28684,2.43297,2.98630
609.05000,-2.29672,2.43446,2.99688
609.10000,-2.30661,2.43584,3.00788
609.15000,-2.31651,2.43712,3.01905
609.20000,-2.32643,2.43828,3.03059
609.25000,-2.33636,2.43932,3.04221
609.30000,-2.34630,2.44025,3.05416
609.35000,-2.35625,2.44106,3.06643
609.40000,-2.36621,2.44175,3.07887
609.45000,-2.37618,2.44231,3.09144
609.50000,-2.38616,2.44274,3.10416
609.55000,-2.39614,2.44305,3.11721
609.60000,-2.40612,2.44323,3.13036
609.65000,-2.41611,2.44327,-3.13956
609.70000,-2.42601,2.44321,-3.13126
609.75000,-2.43579,2.44317,-3.13865
609.80000,-2.44347,2.44320,3.11140
609.85000,-2.44687,2.44340,3.05115
609.90000,-2.44923,2.44369,2.97995
609.95000,-2.45085,2.44400,2.93155
610.00000,-2.45330,2.44467,2.91446
610.05000,-2.45955,2.44616,2.91458
610.10000,-2.46753,2.44799,2.92372
610.15000,-2.47662,2.44996,2.93822
610.20000,-2.48636,2.45188,2.95457
610.25000,-2.49603,2.45363,2.97029
610.30000,-2.50593,2.45526,2.98546
610.35000,-2.51581,2.45673,3.00019
610.40000,-2.52572,2.45805,3.01655
610.45000,-2.53533,2.45918,3.03409
610.50000,-2.54462,2.45996,3.04141
610.55000,-2.55359,2.46042,3.02925
610.60000,-2.56067,2.46038,2.99470
610.65000,-2.56515,2.46055,2.94088
610.70000,-2.56795,2.46112,2.87321
610.75000,-2.56986,2.46164,2.81007
610.80000,-2.57187,2.46231,2.76995
610.85000,-2.57512,2.46374,2.75790
610.90000,-2.58087,2.46617,2.76173
610.95000,-2.58783,2.46892,2.77194
611.00000,-2.59603,2.47204,2.78834
611.05000,-2.60497,2.47523,2.80877
611.10000,-2.61397,2.47824,2.82924
611.15000,-2.62303,2.48106,2.84946
611.20000,-2.63215,2.48370,2.86992
611.25000,-2.64197,2.48632,2.89194
611.30000,-2.65198,2.48875,2.91314
611.35000,-2.66159,2.49070,2.92567
611.40000,-2.67063,2.49206,2.91783
611.45000,-2.67727,2.49247,2.88383
611.50000,-2.68150,2.49318,2.83048
611.55000,-2.68404,2.49406,2.76346
611.60000,-2.68556,2.49467,2.70272
611.65000,-2.68717,2.49543,2.66349
611.70000,-2.68900,2.49645,2.64163
611.75000,-2.69096,2.49761,2.62965
611.80000,-2.69407,2.49937,2.62640
611.85000,-2.69973,2.50269,2.63524
611.90000,-2.70880,2.50760,2.65950
611.95000,-2.71820,2.51237,2.68471
612.00000,-2.72771,2.51690,2.70935
612.05000,-2.73742,2.52123,2.73440
612.10000,-2.74706,2.52525,2.75917
612.15000,-2.75638,2.52887,2.78284
612.20000,-2.76579,2.53227,2.80727
612.25000,-2.77454,2.53506,2.81763
612.30000,-2.78246,2.53711,2.80876
612.35000,-2.78809,2.53844,2.77260
612.40000,-2.79196,2.53994,2.71950
612.45000,-2.79367,2.54077,2.65574
612.50000,-2.79504,2.54151,2.60179
612.55000,-2.79662,2.54252,2.56842
612.60000,-2.79941,2.54441,2.56436
612.65000,-2.80500,2.54812,2.57623
612.70000,-2.81311,2.55317,2.59924
612.75000,-2.82174,2.55823,2.62404
612.80000,-2.83049,2.56306,2.64921
612.85000,-2.83936,2.56768,2.67465
612.90000,-2.84835,2.57206,2.70083
612.95000,-2.85745,2.57621,2.72741
613.00000,-2.86614,2.57985,2.73953
613.05000,-2.87301,2.58267,2.72382
613.10000,-2.87685,2.58446,2.68067
613.15000,-2.87871,2.58544,2.62483
613.20000,-2.87969,2.58604,2.56553
613.25000,-2.88063,2.58667,2.51772
613.30000,-2.88172,2.58751,2.49117
613.35000,-2.88363,2.58911,2.48521
613.40000,-2.88931,2.59346,2.50221
613.45000,-2.89660,2.59877,2.52774
613.50000,-2.90424,2.60398,2.55784
613.55000,-2.91202,2.60896,2.58824
613.60000,-2.91995,2.61369,2.61883
613.65000,-2.92801,2.61817,2.65000
613.70000,-2.93611,2.62240,2.66605
613.75000,-2.94344,2.62613,2.65558
613.80000,-2.94720,2.62819,2.61563
613.85000,-2.94867,2.62908,2.56316
613.90000,-2.94942,2.62960,2.50764
613.95000,-2.95012,2.63014,2.46295
614.00000,-2.95112,2.63106,2.44649
614.05000,-2.95387,2.63342,2.45669
614.10000,-2.95892,2.63747,2.48043
614.15000,-2.96548,2.64243,2.51089
614.20000,-2.97250,2.64736,2.54981
614.25000,-2.98066,2.65260,2.59106
614.30000,-2.98903,2.65749,2.63590
614.35000,-2.99725,2.66180,2.68410
614.40000,-3.00588,2.66579,2.73331
614.45000,-3.01463,2.66931,2.78401
614.50000,-3.02326,2.67228,2.83749
614.55000,-3.03118,2.67452,2.89687
614.60000,-3.03975,2.67638,2.95608
614.65000,-3.04858,2.67784,3.00306
614.70000,-3.05682,2.67860,3.02365
614.75000,-3.06434,2.67858,3.02313
614.80000,-3.07127,2.67833,2.99920
614.85000,-3.07635,2.67866,2.95267
614.90000,-3.08135,2.67977,2.89707
614.95000,-3.08716,2.68140,2.83840
615.00000,-3.09286,2.68338,2.77516
615.05000,-3.09849,2.68548,2.72081
615.10000,-3.10415,2.68768,2.68986
615.15000,-3.10984,2.68996,2.68358
615.20000,-3.11530,2.69206,2.69312
615.25000,-3.12058,2.69402,2.71493
615.30000,-3.12575,2.69599,2.74962
615.35000,-3.13215,2.69848,2.79440
615.40000,-3.14070,2.70137,2.84162
615.45000,-3.15018,2.70407,2.88957
615.50000,-3.15956,2.70625,2.94079
615.55000,-3.16891,2.70790,2.99489
615.60000,-3.17845,2.70904,3.05023
615.65000,-3.18741,2.70959,3.11224
615.70000,-3.19569,2.70957,-3.10813
615.75000,-3.20339,2.70907,-3.04238
615.80000,-3.21100,2.70805,-2.97590
615.85000,-3.21868,2.70650,-2.90959
615.90000,-3.22634,2.70442,-2.84339
615.95000,-3.23395,2.70181,-2.77735
616.00000,-3.24148,2.69865,-2.71164
616.05000,-3.24888,2.69496,-2.64624
616.10000,-3.25609,2.69075,-2.58105
616.15000,-3.26310,2.68602,-2.51624
616.20000,-3.26989,2.68078,-2.45185
616.25000,-3.27637,2.67507,-2.38769
616.30000,-3.28256,2.66888,-2.32395
616.35000,-3.28843,2.66221,-2.26071
616.40000,-3.29390,2.65513,-2.19774
616.45000,-3.29900,2.64761,-2.13524
616.50000,-3.30365,2.63974,-2.07302
616.55000,-3.30784,2.63151,-2.01112
616.60000,-3.31156,2.62293,-1.94970
616.65000,-3.31478,2.61406,-1.88863
616.70000,-3.31711,2.60618,-1.82297
616.75000,-3.31833,2.60064,-1.74781
616.80000,-3.31887,2.59681,-1.66567
616.85000,-3.31902,2.59406,-1.57917
616.90000,-3.31892,2.59136,-1.49224
616.95000,-3.31857,2.58854,-1.40566
617.00000,-3.31796,2.58564,-1.31946
617.05000,-3.31706,2.58267,-1.23368
617.10000,-3.31586,2.57967,-1.14835
617.15000,-3.31435,2.57666,-1.06349
617.20000,-3.31253,2.57368,-0.97912
617.25000,-3.31045,2.57086,-0.89571
617.30000,-3.30816,2.56823,-0.81346
617.35000,-3.30570,2.56583,-0.73238
617.40000,-3.30308,2.56365,-0.65249
617.45000,-3.30034,2.56172,-0.57380
617.50000,-3.29750,2.56004,-0.49632
617.55000,-3.29470,2.55860,-0.43098
617.60000,-3.29203,2.55741,-0.39167
617.65000,-3.28577,2.55478,-0.37963
617.70000,-3.27678,2.55118,-0.38171
617.75000,-3.26754,2.54746,-0.38435
617.80000,-3.25829,2.54370,-0.38652
617.85000,-3.24910,2.53993,-0.38943
617.90000,-3.23994,2.53613,-0.39299
617.95000,-3.23080,2.53231,-0.39685
618.00000,-3.22169,2.52844,-0.40101
618.05000,-3.21260,2.52455,-0.40579
618.10000,-3.20355,2.52061,-0.41090
618.15000,-3.19452,2.51663,-0.41659
618.20000,-3.18553,2.51260,-0.42272
618.25000,-3.17658,2.50852,-0.42905
618.30000,-3.16765,2.50438,-0.43577
618.35000,-3.15876,2.50020,-0.44312
618.40000,-3.14992,2.49596,-0.45045
618.45000,-3.14111,2.49166,-0.45834
618.50000,-3.13235,2.48729,-0.46661
618.55000,-3.12363,2.48285,-0.47529
618.60000,-3.11496,2.47834,-0.48433
618.65000,-3.10635,2.47375,-0.49398
618.70000,-3.09779,2.46909,-0.50420
618.75000,-3.08921,2.46433,-0.50732
618.80000,-3.08056,2.45958,-0.49461
618.85000,-3.07439,2.45649,-0.46547
618.90000,-3.07133,2.45501,-0.42508
618.95000,-3.07047,2.45464,-0.37542
619.00000,-3.06990,2.45446,-0.33635
619.05000,-3.06703,2.45343,-0.31695
619.10000,-3.06105,2.45144,-0.31389
619.15000,-3.05234,2.44852,-0.32556
619.20000,-3.04323,2.44537,-0.33992
619.25000,-3.03417,2.44209,-0.35412
619.30000,-3.02515,2.43869,-0.36810
619.35000,-3.01619,2.43516,-0.38251
619.40000,-3.00728,2.43149,-0.39759
619.45000,-2.99898,2.42805,-0.39850
619.50000,-2.99209,2.42533,-0.37936
619.55000,-2.98784,2.42404,-0.34757
619.60000,-2.98633,2.42357,-0.30830
619.65000,-2.98567,2.42336,-0.26531
619.70000,-2.98520,2.42325,-0.23491
619.75000,-2.98259,2.42252,-0.22086
619.80000,-2.97675,2.42112,-0.22216
619.85000,-2.96901,2.41929,-0.23344
619.90000,-2.95978,2.41700,-0.25283
619.95000,-2.95058,2.41452,-0.27230
620.00000,-2.94142,2.41187,-0.29140
620.05000,-2.93231,2.40904,-0.31057
620.10000,-2.92329,2.40603,-0.33035
620.15000,-2.91406,2.40287,-0.33964
620.20000,-2.90669,2.40043,-0.33033
620.25000,-2.90343,2.39954,-0.30206
620.30000,-2.90231,2.39923,-0.26218
620.35000,-2.90099,2.39890,-0.22123
620.40000,-2.89968,2.39861,-0.18085
620.45000,-2.89849,2.39838,-0.15914
620.50000,-2.89477,2.39771,-0.15417
620.55000,-2.88871,2.39667,-0.16020
620.60000,-2.88011,2.39516,-0.17978
620.65000,-2.87085,2.39336,-0.20291
620.70000,-2.86164,2.39134,-0.22585
620.75000,-2.85249,2.38910,-0.24884
620.80000,-2.84375,2.38693,-0.25712
620.85000,-2.83693,2.38539,-0.24119
620.90000,-2.83264,2.38463,-0.20975
620.95000,-2.82994,2.38410,-0.16695
621.00000,-2.82905,2.38397,-0.11161
621.05000,-2.82895,2.38396,-0.05010
621.10000,-2.82884,2.38397,0.00299
621.15000,-2.82879,2.38403,0.03929
621.20000,-2.82876,2.38419,0.06391
621.25000,-2.82867,2.38444,0.08030
621.30000,-2.82803,2.38482,0.09000
621.35000,-2.82634,2.38538,0.09456
621.40000,-2.82326,2.38615,0.09267
621.45000,-2.81772,2.38699,0.07912
621.50000,-2.80945,2.38761,0.05112
621.55000,-2.79993,2.38794,0.01889
621.60000,-2.79001,2.38798,-0.01118
621.65000,-2.78007,2.38773,-0.04082
621.70000,-2.77039,2.38719,-0.07134
621.75000,-2.76123,2.38637,-0.10380
621.80000,-2.75209,2.38525,-0.13584
621.85000,-2.74302,2.38399,-0.15876
621.90000,-2.73654,2.38304,-0.17158
621.95000,-2.73241,2.38248,-0.20633
622.00000,-2.72996,2.38194,-0.25985
622.05000,-2.72891,2.38164,-0.32236
622.10000,-2.72844,2.38146,-0.38721
622.15000,-2.72797,2.38125,-0.45201
622.20000,-2.72752,2.38102,-0.51675
622.25000,-2.72709,2.38076,-0.58143
622.30000,-2.72669,2.38047,-0.64605
622.35000,-2.72630,2.38016,-0.71061
622.40000,-2.72594,2.37983,-0.77510
622.45000,-2.72561,2.37948,-0.83955
622.50000,-2.72531,2.37912,-0.90394
622.55000,-2.72503,2.37875,-0.96828
622.60000,-2.72479,2.37837,-1.03259
622.65000,-2.72458,2.37798,-1.09691
622.70000,-2.72439,2.37759,-1.16129
622.75000,-2.72424,2.37720,-1.22577
622.80000,-2.72411,2.37682,-1.29041
622.85000,-2.72402,2.37644,-1.35530
622.90000,-2.72395,2.37607,-1.42054
622.95000,-2.72391,2.37571,-1.48627
623.00000,-2.72389,2.37536,-1.55185
623.05000,-2.72390,2.37501,-1.61702
623.10000,-2.72392,2.37467,-1.68179
623.15000,-2.72397,2.37434,-1.74617
623.20000,-2.72404,2.37401,-1.81014
623.25000,-2.72413,2.37369,-1.87370
623.30000,-2.72424,2.37339,-1.93684
623.35000,-2.72436,2.37311,-2.00006
623.40000,-2.72448,2.37286,-2.06468
623.45000,-2.72460,2.37265,-2.13158
623.50000,-2.72472,2.37248,-2.20150
623.55000,-2.72483,2.37234,-2.27511
623.60000,-2.72494,2.37222,-2.35285
623.65000,-2.72505,2.37212,-2.43485
623.70000,-2.72516,2.37203,-2.52086
623.75000,-2.72526,2.37196,-2.61029
623.80000,-2.72534,2.37192,-2.70221
623.85000,-2.72540,2.37189,-2.79591
623.90000,-2.72545,2.37187,-2.89086
623.95000,-2.72549,2.37187,-2.98671
624.00000,-2.72554,2.37186,-3.08309
624.05000,-2.72566,2.37186,3.10351
624.10000,-2.72586,2.37188,3.00691
624.15000,-2.72614,2.37193,2.91043
624.20000,-2.72644,2.37202,2.81439
624.25000,-2.72675,2.37214,2.71900
624.30000,-2.72705,2.37229,2.62436
624.35000,-2.72734,2.37249,2.54316
624.40000,-2.72774,2.37286,2.49010
624.45000,-2.72986,2.37454,2.46152
624.50000,-2.73426,2.37817,2.44641
624.55000,-2.74103,2.38385,2.44436
624.60000,-2.74877,2.39031,2.44806
624.65000,-2.75653,2.39674,2.45210
624.70000,-2.76429,2.40310,2.45628
624.75000,-2.77210,2.40946,2.46101
624.80000,-2.77991,2.41575,2.46679
624.85000,-2.78775,2.42198,2.47259
624.90000,-2.79561,2.42815,2.47837
624.95000,-2.80342,2.43421,2.48536
625.00000,-2.81134,2.44027,2.49272
625.05000,-2.81931,2.44627,2.49945
625.10000,-2.82726,2.45217,2.50740
625.15000,-2.83517,2.45793,2.51597
625.20000,-2.84311,2.46362,2.52509
625.25000,-2.85111,2.46923,2.53440
625.30000,-2.85915,2.47476,2.54410
625.35000,-2.86724,2.48020,2.55420
625.40000,-2.87538,2.48556,2.56440
625.45000,-2.88356,2.49083,2.57526
625.50000,-2.89178,2.49599,2.58678
625.55000,-2.90005,2.50105,2.59900
625.60000,-2.90837,2.50600,2.61185
625.65000,-2.91675,2.51083,2.62508
625.70000,-2.92517,2.51553,2.63903
625.75000,-2.93329,2.51993,2.63991
625.80000,-2.93927,2.52325,2.61404
625.85000,-2.94389,2.52607,2.56958
625.90000,-2.94687,2.52809,2.50971
625.95000,-2.94860,2.52937,2.45520
626.00000,-2.95046,2.53091,2.42895
626.05000,-2.95454,2.53453,2.42406
626.10000,-2.96142,2.54049,2.43527
626.15000,-2.96907,2.54692,2.44927
626.20000,-2.97680,2.55324,2.46330
626.25000,-2.98463,2.55945,2.47790
626.30000,-2.99254,2.56554,2.49291
626.35000,-3.00055,2.57151,2.50846
626.40000,-3.00865,2.57735,2.52437
626.45000,-3.01684,2.58309,2.54627
626.50000,-3.02341,2.58734,2.56924
626.55000,-3.02927,2.59103,2.57022
626.60000,-3.03479,2.59433,2.55248
626.65000,-3.04000,2.59771,2.51465
626.70000,-3.04371,2.60053,2.46007
626.75000,-3.04723,2.60358,2.39818
626.80000,-3.05024,2.60653,2.32943
626.85000,-3.05254,2.60900,2.26869
626.90000,-3.05469,2.61137,2.22718
626.95000,-3.05706,2.61401,2.20443
627.00000,-3.05997,2.61762,2.20346
627.05000,-3.06494,2.62427,2.22347
627.10000,-3.07107,2.63206,2.25087
627.15000,-3.07746,2.63975,2.27898
627.20000,-3.08407,2.64723,2.30962
627.25000,-3.09092,2.65451,2.34251
627.30000,-3.09800,2.66153,2.37796
627.35000,-3.10534,2.66831,2.41533
627.40000,-3.11293,2.67479,2.45416
627.45000,-3.12078,2.68098,2.49434
627.50000,-3.12887,2.68684,2.53509
627.55000,-3.13722,2.69239,2.57662
627.60000,-3.14577,2.69757,2.61859
627.65000,-3.15454,2.70238,2.65977
627.70000,-3.16348,2.70682,2.70208
627.75000,-3.17261,2.71089,2.74323
627.80000,-3.18209,2.71466,2.78661
627.85000,-3.19154,2.71793,2.82841
627.90000,-3.20108,2.72079,2.87200
627.95000,-3.21077,2.72324,2.91601
628.00000,-3.22056,2.72526,2.96089
628.05000,-3.23043,2.72683,3.00640
628.10000,-3.24034,2.72795,3.05297
628.15000,-3.25028,2.72860,3.10072
628.20000,-3.25988,2.72875,-3.13131
628.25000,-3.26866,2.72842,-3.07458
628.30000,-3.27726,2.72759,-3.01526
628.35000,-3.28531,2.72631,-2.95273
628.40000,-3.29339,2.72450,-2.88968
628.45000,-3.30155,2.72212,-2.82666
628.50000,-3.30964,2.71920,-2.76358
628.55000,-3.31768,2.71571,-2.70073
628.60000,-3.32559,2.71167,-2.63809
628.65000,-3.33333,2.70709,-2.57570
628.70000,-3.34089,2.70195,-2.51373
628.75000,-3.34819,2.69629,-2.45208
628.80000,-3.35522,2.69013,-2.39079
628.85000,-3.36196,2.68344,-2.33002
628.90000,-3.36834,2.67630,-2.26955
628.95000,-3.37437,2.66866,-2.20963
629.00000,-3.37999,2.66061,-2.15004
629.05000,-3.38519,2.65212,-2.09102
629.10000,-3.38990,2.64330,-2.03258
629.15000,-3.39410,2.63423,-1.97497
629.20000,-3.39777,2.62493,-1.91819
629.25000,-3.40037,2.61705,-1.85671
629.30000,-3.40169,2.61200,-1.78648
629.35000,-3.40228,2.60874,-1.70915
629.40000,-3.40248,2.60681,-1.62716
629.45000,-3.40249,2.60581,-1.54240
629.50000,-3.40243,2.60498,-1.45821
629.55000,-3.40231,2.60420,-1.37517
629.60000,-3.40213,2.60344,-1.29308
629.65000,-3.40188,2.60270,-1.21186
629.70000,-3.40158,2.60198,-1.13152
629.75000,-3.40122,2.60128,-1.05210
629.80000,-3.40080,2.60062,-0.97360
629.85000,-3.40034,2.59999,-0.89606
629.90000,-3.39982,2.59939,-0.81948
629.95000,-3.39927,2.59884,-0.74388
630.00000,-3.39867,2.59833,-0.66928
630.05000,-3.39803,2.59786,-0.59568
630.10000,-3.39737,2.59745,-0.52312
630.15000,-3.39668,2.59708,-0.45159
630.20000,-3.39596,2.59677,-0.38110
630.25000,-3.39523,2.59650,-0.31168
630.30000,-3.39450,2.59631,-0.25276
630.35000,-3.39362,2.59613,-0.21654
630.40000,-3.39028,2.59533,-0.19806
630.45000,-3.38449,2.59411,-0.19274
630.50000,-3.37653,2.59249,-0.19921
630.55000,-3.36713,2.59052,-0.21362
630.60000,-3.35773,2.58841,-0.22838
630.65000,-3.34837,2.58615,-0.24351
630.70000,-3.33906,2.58376,-0.25919
630.75000,-3.32978,2.58122,-0.27499
630.80000,-3.32056,2.57854,-0.29122
630.85000,-3.31138,2.57570,-0.30764
630.90000,-3.30226,2.57272,-0.32438
630.95000,-3.29319,2.56958,-0.34112
631.00000,-3.28418,2.56629,-0.35854
631.05000,-3.27521,2.56284,-0.37616
631.10000,-3.26632,2.55924,-0.39372
631.15000,-3.25750,2.55548,-0.41157
631.20000,-3.24876,2.55156,-0.42963
631.25000,-3.24000,2.54746,-0.44835
631.30000,-3.23142,2.54323,-0.46665
631.35000,-3.22289,2.53883,-0.48496
631.40000,-3.21447,2.53429,-0.50371
631.45000,-3.20614,2.52960,-0.52250
631.50000,-3.19793,2.52477,-0.54154
631.55000,-3.18982,2.51979,-0.56068
631.60000,-3.18180,2.51465,-0.57970
631.65000,-3.17389,2.50936,-0.59904
631.70000,-3.16603,2.50405,-0.60614
631.75000,-3.15852,2.49898,-0.59518
631.80000,-3.15323,2.49550,-0.57084
631.85000,-3.15028,2.49367,-0.53524
631.90000,-3.14951,2.49323,-0.48963
631.95000,-3.14902,2.49298,-0.44302
632.00000,-3.14856,2.49281,-0.40872
632.05000,-3.14648,2.49184,-0.39632
632.10000,-3.14067,2.48937,-0.40172
632.15000,-3.13264,2.48587,-0.41977
632.20000,-3.12406,2.48193,-0.44220
632.25000,-3.11557,2.47779,-0.46439
632.30000,-3.10716,2.47347,-0.48631
632.35000,-3.09886,2.46897,-0.50838
632.40000,-3.09067,2.46442,-0.52108
632.45000,-3.08302,2.46019,-0.51582
632.50000,-3.07842,2.45781,-0.49095
632.55000,-3.07759,2.45746,-0.45086
632.60000,-3.07720,2.45728,-0.40957
632.65000,-3.07679,2.45712,-0.36874
632.70000,-3.07605,2.45686,-0.34032
632.75000,-3.07368,2.45595,-0.33163
632.80000,-3.06783,2.45390,-0.33868
632.85000,-3.05970,2.45093,-0.35892
632.90000,-3.05094,2.44750,-0.38355
632.95000,-3.04227,2.44386,-0.40772
633.00000,-3.03369,2.44001,-0.43187
633.05000,-3.02531,2.43615,-0.44615
633.10000,-3.01694,2.43230,-0.45250
633.15000,-3.00858,2.42844,-0.45710
633.20000,-3.00022,2.42458,-0.45991
633.25000,-2.99247,2.42083,-0.45497
633.30000,-2.98580,2.41761,-0.44488
633.35000,-2.98018,2.41498,-0.42985
633.40000,-2.97603,2.41312,-0.40821
633.45000,-2.97435,2.41242,-0.37588
633.50000,-2.97397,2.41228,-0.33811
633.55000,-2.97359,2.41215,-0.30071
633.60000,-2.97321,2.41204,-0.26379
633.65000,-2.97286,2.41199,-0.23796
633.70000,-2.97027,2.41129,-0.22859
633.75000,-2.96505,2.40998,-0.23257
633.80000,-2.95690,2.40793,-0.25214
633.85000,-2.94783,2.40547,-0.27666
633.90000,-2.93882,2.40280,-0.30074
633.95000,-2.92988,2.39991,-0.32481
634.00000,-2.92086,2.39677,-0.34088
634.05000,-2.91226,2.39369,-0.34508
634.10000,-2.90531,2.39123,-0.33892
634.15000,-2.89914,2.38909,-0.32826
634.20000,-2.89375,2.38730,-0.31327
634.25000,-2.88915,2.38586,-0.29405
634.30000,-2.88535,2.38476,-0.27072
634.35000,-2.88234,2.38397,-0.24340
634.40000,-2.88014,2.38347,-0.21220
634.45000,-2.87871,2.38319,-0.17753
634.50000,-2.87776,2.38306,-0.15580
634.55000,-2.87509,2.38262,-0.14762
634.60000,-2.87065,2.38191,-0.14865
634.65000,-2.86345,2.38069,-0.16376
634.70000,-2.85430,2.37906,-0.18931
634.75000,-2.84514,2.37718,-0.21471
634.80000,-2.83603,2.37507,-0.24014
634.85000,-2.82757,2.37299,-0.24954
634.90000,-2.82089,2.37137,-0.24580
634.95000,-2.81589,2.37015,-0.23417
635.00000,-2.81172,2.36920,-0.21808
635.05000,-2.80837,2.36850,-0.19767
635.10000,-2.80584,2.36803,-0.17308
635.15000,-2.80411,2.36776,-0.14443
635.20000,-2.80301,2.36761,-0.11276
635.25000,-2.80197,2.36751,-0.08114
635.30000,-2.80129,2.36743,-0.06164
635.35000,-2.79843,2.36716,-0.05711
635.40000,-2.79306,2.36675,-0.06515
635.45000,-2.78507,2.36610,-0.08681
635.50000,-2.77582,2.36516,-0.11489
635.55000,-2.76658,2.36396,-0.14241
635.60000,-2.75746,2.36269,-0.15578
635.65000,-2.74992,2.36155,-0.15568
635.70000,-2.74323,2.36052,-0.15058
635.75000,-2.73713,2.35963,-0.14094
635.80000,-2.73162,2.35889,-0.12696
635.85000,-2.72747,2.35848,-0.10798
635.90000,-2.72447,2.35834,-0.08161
635.95000,-2.72278,2.35830,-0.04840
636.00000,-2.72248,2.35829,-0.01402
636.05000,-2.72219,2.35829,0.02042
636.10000,-2.72190,2.35831,0.04731
636.15000,-2.72128,2.35851,0.06113
636.20000,-2.71934,2.35895,0.06657
636.25000,-2.71647,2.35940,0.06763
636.30000,-2.71263,2.35989,0.06419
636.35000,-2.70772,2.36046,0.05606
636.40000,-2.70164,2.36109,0.04270
636.45000,-2.69392,2.36150,0.02266
636.50000,-2.68472,2.36159,-0.00618
636.55000,-2.67509,2.36138,-0.03643
636.60000,-2.66565,2.36108,-0.06070
636.65000,-2.65626,2.36081,-0.07907
636.70000,-2.64688,2.36055,-0.09534
636.75000,-2.63752,2.36031,-0.11059
636.80000,-2.62817,2.36007,-0.12501
636.85000,-2.61882,2.35983,-0.13875
636.90000,-2.60944,2.35955,-0.14914
636.95000,-2.60000,2.35918,-0.14662
637.00000,-2.59055,2.35878,-0.13419
637.05000,-2.58109,2.35834,-0.10717
637.10000,-2.57192,2.35785,-0.06173
637.15000,-2.56460,2.35760,-0.00344
637.20000,-2.55941,2.35765,0.06598
637.25000,-2.55660,2.35789,0.14667
637.30000,-2.55534,2.35813,0.23496
637.35000,-2.55433,2.35837,0.31368
637.40000,-2.55328,2.35869,0.37546
637.45000,-2.55205,2.35924,0.41911
637.50000,-2.55048,2.36002,0.43805
637.55000,-2.54664,2.36192,0.43898
637.60000,-2.53906,2.36550,0.41876
637.65000,-2.53046,2.36920,0.39350
637.70000,-2.52175,2.37269,0.36841
637.75000,-2.51297,2.37595,0.34330
637.80000,-2.50411,2.37899,0.31792
637.85000,-2.49518,2.38181,0.29236
637.90000,-2.48618,2.38439,0.26683
637.95000,-2.47712,2.38674,0.24126
638.00000,-2.46801,2.38886,0.21537
638.05000,-2.45887,2.39073,0.18875
638.10000,-2.44973,2.39234,0.16010
638.15000,-2.44032,2.39373,0.14349
638.20000,-2.43034,2.39520,0.14727
638.25000,-2.42110,2.39656,0.17331
638.30000,-2.41516,2.39765,0.22044
638.35000,-2.41102,2.39870,0.28156
638.40000,-2.40883,2.39941,0.35589
638.45000,-2.40726,2.39999,0.42332
638.50000,-2.40591,2.40041,0.47060
638.55000,-2.40512,2.40051,0.49158
638.60000,-2.40308,2.40171,0.49135
638.65000,-2.39900,2.40388,0.48080
638.70000,-2.39382,2.40654,0.46233
638.75000,-2.38716,2.40976,0.43417
638.80000,-2.37897,2.41339,0.39841
638.85000,-2.37058,2.41673,0.36037
638.90000,-2.36200,2.41979,0.32484
638.95000,-2.35358,2.42244,0.28459
639.00000,-2.34541,2.42461,0.23783
639.05000,-2.33751,2.42631,0.18475
639.10000,-2.32908,2.42765,0.12969
639.15000,-2.32050,2.42852,0.07471
639.20000,-2.31187,2.42893,0.02056
639.25000,-2.30322,2.42888,-0.03319
639.30000,-2.29457,2.42836,-0.08686
639.35000,-2.28596,2.42738,-0.14004
639.40000,-2.27738,2.42594,-0.19206
639.45000,-2.26889,2.42405,-0.24404
639.50000,-2.26049,2.42173,-0.29538
639.55000,-2.25221,2.41898,-0.34630
639.60000,-2.24407,2.41581,-0.39687
639.65000,-2.23608,2.41222,-0.44653
639.70000,-2.22827,2.40824,-0.49586
639.75000,-2.22191,2.40463,-0.54876
639.80000,-2.21820,2.40222,-0.61060
639.85000,-2.21605,2.40061,-0.67877
639.90000,-2.21419,2.39901,-0.74716
639.95000,-2.21256,2.39738,-0.81526
640.00000,-2.21114,2.39577,-0.88307
640.05000,-2.20991,2.39418,-0.95059
640.10000,-2.20888,2.39263,-1.01786
640.15000,-2.20803,2.39114,-1.08488
640.20000,-2.20734,2.38972,-1.15173
640.25000,-2.20680,2.38838,-1.21839
640.30000,-2.20638,2.38713,-1.28487
640.35000,-2.20608,2.38597,-1.35117
640.40000,-2.20588,2.38490,-1.41728
640.45000,-2.20576,2.38391,-1.48321
640.50000,-2.20571,2.38301,-1.54896
640.55000,-2.20572,2.38219,-1.61463
640.60000,-2.20578,2.38146,-1.68028
640.65000,-2.20587,2.38081,-1.74604
640.70000,-2.20600,2.38019,-1.81149
640.75000,-2.20617,2.37960,-1.87637
640.80000,-2.20637,2.37903,-1.94067
640.85000,-2.20660,2.37848,-2.00439
640.90000,-2.20686,2.37795,-2.06751
640.95000,-2.20715,2.37745,-2.13004
641.00000,-2.20747,2.37698,-2.19197
641.05000,-2.20781,2.37654,-2.25330
641.10000,-2.20817,2.37612,-2.31403
641.15000,-2.20854,2.37574,-2.37415
641.20000,-2.20893,2.37538,-2.43366
641.25000,-2.20934,2.37505,-2.49256
641.30000,-2.20975,2.37476,-2.55085
641.35000,-2.21018,2.37449,-2.60854
641.40000,-2.21061,2.37425,-2.66561
641.45000,-2.21104,2.37404,-2.72206
641.50000,-2.21148,2.37386,-2.77790
641.55000,-2.21192,2.37371,-2.83312
641.60000,-2.21236,2.37358,-2.88772
641.65000,-2.21280,2.37348,-2.94170
641.70000,-2.21323,2.37341,-2.99505
641.75000,-2.21366,2.37336,-3.04779
641.80000,-2.21421,2.37329,-3.09075
641.85000,-2.21678,2.37307,-3.11652
641.90000,-2.22235,2.37292,-3.12943
641.95000,-2.22996,2.37283,-3.13340
642.00000,-2.23937,2.37274,-3.12952
642.05000,-2.24945,2.37258,-3.12233
642.10000,-2.25960,2.37235,-3.11450
642.15000,-2.26967,2.37204,-3.10672
642.20000,-2.27976,2.37164,-3.09832
642.25000,-2.28978,2.37117,-3.08989
642.30000,-2.29975,2.37061,-3.08127
642.35000,-2.30978,2.36995,-3.07192
642.40000,-2.31973,2.36921,-3.06249
642.45000,-2.32968,2.36837,-3.05285
642.50000,-2.33891,2.36758,-3.05401
642.55000,-2.34797,2.36678,-3.06542
642.60000,-2.35711,2.36599,-3.08595
642.65000,-2.36456,2.36590,-3.13040
642.70000,-2.36789,2.36595,3.08592
642.75000,-2.37022,2.36607,3.02245
642.80000,-2.37259,2.36627,2.98051
642.85000,-2.37534,2.36682,2.95886
642.90000,-2.37963,2.36773,2.94906
642.95000,-2.38516,2.36883,2.94485
643.00000,-2.39175,2.37016,2.94561
643.05000,-2.39953,2.37170,2.95167
643.10000,-2.40863,2.37342,2.96317
643.15000,-2.41847,2.37512,2.97785
643.20000,-2.42833,2.37667,2.99248
643.25000,-2.43822,2.37808,3.00725
643.30000,-2.44812,2.37934,3.02244
643.35000,-2.45804,2.38045,3.03750
643.40000,-2.46805,2.38142,3.05342
643.45000,-2.47802,2.38222,3.06894
643.50000,-2.48802,2.38286,3.08535
643.55000,-2.49778,2.38326,3.09141
643.60000,-2.50689,2.38343,3.07665
643.65000,-2.51342,2.38377,3.03794
643.70000,-2.51847,2.38439,2.98399
643.75000,-2.52173,2.38500,2.91642
643.80000,-2.52386,2.38546,2.85295
643.85000,-2.52591,2.38589,2.80846
643.90000,-2.52787,2.38625,2.77577
643.95000,-2.53059,2.38745,2.76527
644.00000,-2.53598,2.38973,2.76989
644.05000,-2.54282,2.39236,2.78247
644.10000,-2.55085,2.39532,2.80133
644.15000,-2.55975,2.39835,2.82452
644.20000,-2.56874,2.40119,2.84755
644.25000,-2.57779,2.40382,2.87039
644.30000,-2.58691,2.40624,2.89321
644.35000,-2.59606,2.40845,2.91635
644.40000,-2.60528,2.41045,2.93934
644.45000,-2.61451,2.41223,2.96318
644.50000,-2.62330,2.41353,2.97402
644.55000,-2.63155,2.41429,2.96520
644.60000,-2.63828,2.41431,2.93243
644.65000,-2.64223,2.41454,2.87891
644.70000,-2.64433,2.41515,2.81192
644.75000,-2.64553,2.41557,2.75190
644.80000,-2.64698,2.41629,2.71760
644.85000,-2.64968,2.41776,2.71111
644.90000,-2.65561,2.42057,2.72250
644.95000,-2.66353,2.42400,2.74546
645.00000,-2.67220,2.42750,2.77133
645.05000,-2.68097,2.43077,2.79709
645.10000,-2.68982,2.43382,2.82240
645.15000,-2.69875,2.43664,2.84815
645.20000,-2.70772,2.43922,2.87463
645.25000,-2.71662,2.44148,2.89052
645.30000,-2.72538,2.44350,2.89107
645.35000,-2.73344,2.44495,2.86916
645.40000,-2.73930,2.44592,2.82483
645.45000,-2.74310,2.44716,2.76867
645.50000,-2.74470,2.44785,2.70360
645.55000,-2.74608,2.44851,2.64905
645.60000,-2.74768,2.44946,2.61983
645.65000,-2.75122,2.45168,2.62014
645.70000,-2.75807,2.45556,2.63681
645.75000,-2.76693,2.46032,2.66156
645.80000,-2.77608,2.46493,2.68689
645.85000,-2.78523,2.46926,2.71092
645.90000,-2.79480,2.47351,2.73742
645.95000,-2.80435,2.47746,2.76353
646.00000,-2.81355,2.48096,2.78930
646.05000,-2.82233,2.48372,2.80519
646.10000,-2.83003,2.48545,2.79530
646.15000,-2.83479,2.48668,2.75734
646.20000,-2.83727,2.48775,2.70142
646.25000,-2.83894,2.48860,2.64184
646.30000,-2.84057,2.48955,2.58273
646.35000,-2.84216,2.49057,2.53398
646.40000,-2.84401,2.49190,2.50383
646.45000,-2.84759,2.49466,2.50737
646.50000,-2.85411,2.49937,2.52623
646.55000,-2.86246,2.50511,2.55267
646.60000,-2.87145,2.51093,2.58122
646.65000,-2.88061,2.51650,2.60993
646.70000,-2.88993,2.52180,2.63897
646.75000,-2.89941,2.52684,2.66832
646.80000,-2.90781,2.53090,2.68155
646.85000,-2.91406,2.53386,2.66485
646.90000,-2.91748,2.53571,2.62234
646.95000,-2.91933,2.53683,2.56994
647.00000,-2.92090,2.53790,2.51680
647.05000,-2.92245,2.53905,2.47329
647.10000,-2.92440,2.54066,2.45259
647.15000,-2.92836,2.54395,2.46050
647.20000,-2.93478,2.54907,2.48092
647.25000,-2.94249,2.55491,2.50688
647.30000,-2.95062,2.56073,2.53418
647.35000,-2.95891,2.56633,2.56174
647.40000,-2.96735,2.57169,2.58943
647.45000,-2.97555,2.57659,2.60366
647.50000,-2.98287,2.58082,2.59419
647.55000,-2.98845,2.58432,2.56509
647.60000,-2.99161,2.58645,2.52461
647.65000,-2.99465,2.58873,2.47721
647.70000,-2.99890,2.59224,2.42588
647.75000,-3.00338,2.59616,2.38197
647.80000,-3.00828,2.60056,2.36354
647.85000,-3.01355,2.60545,2.37303
647.90000,-3.01921,2.61079,2.39629
647.95000,-3.02570,2.61664,2.42966
648.00000,-3.03271,2.62248,2.46468
648.05000,-3.03948,2.62772,2.50394
648.10000,-3.04536,2.63198,2.53347
648.15000,-3.04994,2.63509,2.54904
648.20000,-3.05411,2.63791,2.57920
648.25000,-3.05848,2.64052,2.62561
648.30000,-3.06330,2.64319,2.66175
648.35000,-3.06805,2.64570,2.66587
648.40000,-3.07230,2.64783,2.64264
648.45000,-3.07588,2.64987,2.60047
648.50000,-3.07873,2.65156,2.56094
648.55000,-3.08162,2.65337,2.55290
648.60000,-3.08441,2.65515,2.56478
648.65000,-3.08843,2.65773,2.59329
648.70000,-3.09415,2.66109,2.63212
648.75000,-3.10106,2.66475,2.67611
648.80000,-3.10872,2.66837,2.72424
648.85000,-3.11685,2.67173,2.77599
648.90000,-3.12482,2.67453,2.83236
648.95000,-3.13280,2.67682,2.89177
649.00000,-3.14046,2.67853,2.95463
649.05000,-3.14791,2.67972,3.00737
649.10000,-3.15506,2.68052,3.02892
649.15000,-3.15994,2.68085,3.03595
649.20000,-3.16380,2.68110,3.05109
649.25000,-3.16769,2.68142,3.08261
649.30000,-3.17185,2.68162,3.13123
649.35000,-3.17694,2.68152,-3.09529
649.40000,-3.18285,2.68107,-3.03559
649.45000,-3.18936,2.68017,-2.97390
649.50000,-3.19624,2.67878,-2.91082
649.55000,-3.20335,2.67687,-2.84684
649.60000,-3.21060,2.67441,-2.78249
649.65000,-3.21787,2.67141,-2.71781
649.70000,-3.22511,2.66785,-2.65319
649.75000,-3.23225,2.66376,-2.58866
649.80000,-3.23923,2.65913,-2.52429
649.85000,-3.24603,2.65397,-2.46028
649.90000,-3.25255,2.64833,-2.39647
649.95000,-3.25882,2.64217,-2.33311
650.00000,-3.26474,2.63555,-2.27005
650.05000,-3.27034,2.62846,-2.20752
650.10000,-3.27554,2.62096,-2.14531
650.15000,-3.28033,2.61303,-2.08358
650.20000,-3.28468,2.60471,-2.02234
650.25000,-3.28856,2.59605,-1.96149
650.30000,-3.29194,2.58707,-1.90104
650.35000,-3.29437,2.57921,-1.83549
650.40000,-3.29560,2.57395,-1.76111
650.45000,-3.29616,2.57033,-1.68009
650.50000,-3.29633,2.56793,-1.59469
650.55000,-3.29630,2.56647,-1.50643
650.60000,-3.29622,2.56573,-1.41641
650.65000,-3.29612,2.56521,-1.32678
650.70000,-3.29597,2.56472,-1.23846
650.75000,-3.29579,2.56426,-1.15150
650.80000,-3.29558,2.56384,-1.06592
650.85000,-3.29534,2.56345,-0.98174
650.90000,-3.29508,2.56309,-0.89898
650.95000,-3.29480,2.56277,-0.81767
651.00000,-3.29450,2.56247,-0.73763
651.05000,-3.29418,2.56220,-0.65867
651.10000,-3.29384,2.56195,-0.58080
651.15000,-3.29347,2.56174,-0.50404
651.20000,-3.29310,2.56156,-0.43864
651.25000,-3.29170,2.56087,-0.39818
651.30000,-3.28698,2.55880,-0.37834
651.35000,-3.27960,2.55588,-0.37179
651.40000,-3.27033,2.55225,-0.37410
651.45000,-3.26105,2.54858,-0.37730
651.50000,-3.25180,2.54489,-0.38055
651.55000,-3.24257,2.54117,-0.38457
651.60000,-3.23336,2.53742,-0.38898
651.65000,-3.22415,2.53361,-0.39372
651.70000,-3.21498,2.52977,-0.39907
651.75000,-3.20587,2.52590,-0.40480
651.80000,-3.19675,2.52195,-0.41129
651.85000,-3.18770,2.51796,-0.41804
651.90000,-3.17864,2.51389,-0.42509
651.95000,-3.16959,2.50975,-0.43228
652.00000,-3.16071,2.50559,-0.44021
652.05000,-3.15188,2.50137,-0.44877
652.10000,-3.14309,2.49707,-0.45742
652.15000,-3.13433,2.49269,-0.46618
652.20000,-3.12563,2.48824,-0.47552
652.25000,-3.11699,2.48371,-0.48521
652.30000,-3.10839,2.47911,-0.49518
652.35000,-3.09985,2.47442,-0.50574
652.40000,-3.09181,2.47002,-0.50321
652.45000,-3.08419,2.46585,-0.48446
652.50000,-3.07875,2.46323,-0.44480
652.55000,-3.07749,2.46271,-0.38967
652.60000,-3.07711,2.46258,-0.34346
652.65000,-3.07481,2.46176,-0.32139
652.70000,-3.06847,2.45960,-0.32087
652.75000,-3.05964,2.45659,-0.33252
652.80000,-3.05054,2.45336,-0.34699
652.85000,-3.04151,2.45001,-0.36132
652.90000,-3.03253,2.44652,-0.37615
652.95000,-3.02360,2.44290,-0.39087
653.00000,-3.01474,2.43915,-0.40613
653.05000,-3.00649,2.43558,-0.40945
653.10000,-2.99836,2.43203,-0.40213
653.15000,-2.99033,2.42858,-0.38454
653.20000,-2.98416,2.42617,-0.35456
653.25000,-2.98057,2.42492,-0.31299
653.30000,-2.97953,2.42460,-0.26066
653.35000,-2.97908,2.42451,-0.21598
653.40000,-2.97764,2.42416,-0.19240
653.45000,-2.97357,2.42329,-0.18338
653.50000,-2.96690,2.42199,-0.18843
653.55000,-2.95811,2.42021,-0.20480
653.60000,-2.94880,2.41819,-0.22376
653.65000,-2.93953,2.41598,-0.24278
653.70000,-2.93030,2.41361,-0.26158
653.75000,-2.92112,2.41106,-0.28052
653.80000,-2.91201,2.40833,-0.29982
653.85000,-2.90286,2.40548,-0.31461
653.90000,-2.89344,2.40230,-0.31510
653.95000,-2.88375,2.39894,-0.30619
654.00000,-2.87397,2.39591,-0.29057
654.05000,-2.86483,2.39327,-0.26989
654.10000,-2.85635,2.39105,-0.24435
654.15000,-2.84982,2.38957,-0.21375
654.20000,-2.84573,2.38875,-0.17346
654.25000,-2.84406,2.38849,-0.12272
654.30000,-2.84373,2.38851,-0.07678
654.35000,-2.84337,2.38846,-0.04782
654.40000,-2.84112,2.38825,-0.03144
654.45000,-2.83681,2.38804,-0.02668
654.50000,-2.83055,2.38779,-0.03266
654.55000,-2.82207,2.38741,-0.04990
654.60000,-2.81264,2.38683,-0.07201
654.65000,-2.80323,2.38605,-0.09416
654.70000,-2.79383,2.38506,-0.11614
654.75000,-2.78446,2.38386,-0.13814
654.80000,-2.77512,2.38246,-0.16034
654.85000,-2.76567,2.38084,-0.17545
654.90000,-2.75595,2.37890,-0.17697
654.95000,-2.74604,2.37676,-0.16629
655.00000,-2.73596,2.37505,-0.13817
655.05000,-2.72693,2.37397,-0.09553
655.10000,-2.71972,2.37347,-0.04017
655.15000,-2.71462,2.37341,0.02725
655.20000,-2.71188,2.37355,0.10657
655.25000,-2.71028,2.37372,0.18018
655.30000,-2.70876,2.37384,0.23537
655.35000,-2.70739,2.37383,0.27742
655.40000,-2.70611,2.37378,0.30621
655.45000,-2.70495,2.37384,0.32388
655.50000,-2.70306,2.37452,0.33065
655.55000,-2.70004,2.37557,0.33160
655.60000,-2.69577,2.37704,0.32673
655.65000,-2.69016,2.37893,0.31561
655.70000,-2.68308,2.38119,0.29800
655.75000,-2.67430,2.38380,0.27355
655.80000,-2.66464,2.38637,0.24543
655.85000,-2.65490,2.38866,0.21764
655.90000,-2.64511,2.39068,0.18981
655.95000,-2.63527,2.39243,0.16204
656.00000,-2.62538,2.39391,0.13438
656.05000,-2.61545,2.39511,0.10661
656.10000,-2.60549,2.39604,0.07847
656.15000,-2.59551,2.39668,0.05008
656.20000,-2.58591,2.39701,0.01847
656.25000,-2.57642,2.39706,-0.00450
656.30000,-2.56673,2.39702,-0.00373
656.35000,-2.56018,2.39703,0.00762
656.40000,-2.55456,2.39705,-0.00081
656.45000,-2.54915,2.39703,-0.02887
656.50000,-2.54566,2.39696,-0.07875
656.55000,-2.54316,2.39669,-0.14225
656.60000,-2.54029,2.39619,-0.20809
656.65000,-2.53745,2.39549,-0.27383
656.70000,-2.53465,2.39460,-0.33942
656.75000,-2.53190,2.39353,-0.40483
656.80000,-2.52922,2.39227,-0.47003
656.85000,-2.52662,2.39084,-0.53499
656.90000,-2.52412,2.38925,-0.59970
656.95000,-2.52173,2.38750,-0.66416
657.00000,-2.51947,2.38561,-0.72835
657.05000,-2.51734,2.38358,-0.79225
657.10000,-2.51535,2.38143,-0.85583
657.15000,-2.51351,2.37918,-0.91910
657.20000,-2.51184,2.37684,-0.98202
657.25000,-2.51033,2.37442,-1.04459
657.30000,-2.50899,2.37194,-1.10679
657.35000,-2.50782,2.36942,-1.16862
657.40000,-2.50685,2.36691,-1.23013
657.45000,-2.50608,2.36450,-1.29142
657.50000,-2.50549,2.36221,-1.35252
657.55000,-2.50508,2.36005,-1.41343
657.60000,-2.50482,2.35802,-1.47415
657.65000,-2.50470,2.35612,-1.53466
657.70000,-2.50469,2.35437,-1.59498
657.75000,-2.50477,2.35275,-1.65513
657.80000,-2.50494,2.35127,-1.71517
657.85000,-2.50518,2.34992,-1.77512
657.90000,-2.50547,2.34870,-1.83504
657.95000,-2.50581,2.34760,-1.89499
658.00000,-2.50617,2.34661,-1.95503
658.05000,-2.50656,2.34573,-2.01524
658.10000,-2.50696,2.34495,-2.07571
658.15000,-2.50738,2.34426,-2.13653
658.20000,-2.50779,2.34365,-2.19781
658.25000,-2.50820,2.34311,-2.25965
658.30000,-2.50862,2.34264,-2.32215
658.35000,-2.50902,2.34223,-2.38541
658.40000,-2.50942,2.34188,-2.44955
658.45000,-2.50982,2.34158,-2.51475
658.50000,-2.51021,2.34131,-2.58098
658.55000,-2.51059,2.34109,-2.64832
658.60000,-2.51097,2.34090,-2.71673
658.65000,-2.51135,2.34075,-2.78622
658.70000,-2.51173,2.34062,-2.85671
658.75000,-2.51210,2.34053,-2.92813
658.80000,-2.51248,2.34046,-3.00036
658.85000,-2.51286,2.34042,-3.07329
658.90000,-2.51325,2.34041,3.13643
658.95000,-2.51363,2.34043,3.06255
659.00000,-2.51401,2.34047,2.98840
659.05000,-2.51439,2.34055,2.91412
659.10000,-2.51477,2.34065,2.85141
659.15000,-2.51645,2.34135,2.81673
659.20000,-2.52173,2.34324,2.80242
659.25000,-2.52912,2.34589,2.79758
659.30000,-2.53775,2.34899,2.79831
659.35000,-2.54715,2.35233,2.80272
659.40000,-2.55662,2.35564,2.80766
659.45000,-2.56611,2.35891,2.81298
659.50000,-2.57562,2.36211,2.81865
659.55000,-2.58511,2.36525,2.82453
659.60000,-2.59464,2.36835,2.83078
659.65000,-2.60416,2.37137,2.83723
659.70000,-2.61376,2.37435,2.84434
659.75000,-2.62332,2.37723,2.85163
659.80000,-2.63290,2.38005,2.85920
659.85000,-2.64250,2.38279,2.86711
659.90000,-2.65215,2.38547,2.87563
659.95000,-2.66181,2.38805,2.88488
660.00000,-2.67023,2.39022,2.87895
660.05000,-2.67620,2.39180,2.84769
660.10000,-2.68006,2.39305,2.79686
660.15000,-2.68268,2.39403,2.76166
660.20000,-2.68689,2.39585,2.75085
660.25000,-2.69447,2.39899,2.75457
660.30000,-2.70367,2.40268,2.76590
660.35000,-2.71305,2.40631,2.77759
660.40000,-2.72222,2.40974,2.78996
660.45000,-2.73172,2.41316,2.80296
660.50000,-2.74117,2.41642,2.81508
660.55000,-2.75009,2.41923,2.81763
660.60000,-2.75875,2.42175,2.80714
660.65000,-2.76685,2.42405,2.77560
660.70000,-2.77326,2.42656,2.73087
660.75000,-2.77700,2.42830,2.67478
660.80000,-2.77864,2.42890,2.62077
660.85000,-2.78043,2.42986,2.59110
660.90000,-2.78533,2.43301,2.58764
660.95000,-2.79256,2.43745,2.59790
661.00000,-2.80089,2.44241,2.61277
661.05000,-2.80949,2.44735,2.62807
661.10000,-2.81800,2.45206,2.64393
661.15000,-2.82647,2.45657,2.65993
661.20000,-2.83509,2.46099,2.67628
661.25000,-2.84415,2.46543,2.69340
661.30000,-2.85346,2.46980,2.71068
661.35000,-2.86255,2.47384,2.71715
661.40000,-2.87111,2.47759,2.70403
661.45000,-2.87867,2.48111,2.67289
661.50000,-2.88452,2.48422,2.62793
661.55000,-2.88774,2.48614,2.57111
661.60000,-2.88906,2.48688,2.51765
661.65000,-2.89053,2.48784,2.48764
661.70000,-2.89472,2.49114,2.48525
661.75000,-2.90152,2.49633,2.49717
661.80000,-2.90945,2.50219,2.51435
661.85000,-2.91758,2.50798,2.53091
661.90000,-2.92590,2.51370,2.54847
661.95000,-2.93440,2.51932,2.56696
662.00000,-2.94325,2.52493,2.58693
662.05000,-2.95219,2.53035,2.60726
662.10000,-2.96065,2.53509,2.61555
662.15000,-2.96662,2.53851,2.59380
662.20000,-2.96991,2.54061,2.54733
662.25000,-2.97209,2.54217,2.48777
662.30000,-2.97278,2.54272,2.42073
662.35000,-2.97293,2.54289,2.36347
662.40000,-2.97320,2.54324,2.32707
662.45000,-2.97362,2.54377,2.30416
662.50000,-2.97515,2.54553,2.29470
662.55000,-2.97960,2.55057,2.30354
662.60000,-2.98647,2.55804,2.32660
662.65000,-2.99378,2.56563,2.35106
662.70000,-3.00120,2.57297,2.37485
662.75000,-3.00879,2.58014,2.39832
662.80000,-3.01658,2.58715,2.42244
662.85000,-3.02429,2.59373,2.44771
662.90000,-3.03187,2.59986,2.47735
662.95000,-3.03832,2.60475,2.51542
663.00000,-3.04385,2.60858,2.54126
663.05000,-3.04842,2.61137,2.53645
663.10000,-3.05108,2.61320,2.50202
663.15000,-3.05366,2.61523,2.45305
663.20000,-3.05720,2.61831,2.39886
663.25000,-3.06131,2.62231,2.34120
663.30000,-3.06549,2.62664,2.29139
663.35000,-3.07018,2.63158,2.26889
663.40000,-3.07529,2.63726,2.27505
663.45000,-3.08045,2.64319,2.30092
663.50000,-3.08648,2.64973,2.33389
663.55000,-3.09335,2.65665,2.37141
663.60000,-3.10064,2.66345,2.41162
663.65000,-3.10821,2.66995,2.45347
663.70000,-3.11603,2.67610,2.49775
663.75000,-3.12412,2.68189,2.54405
663.80000,-3.13250,2.68733,2.58796
663.85000,-3.14108,2.69237,2.63340
663.90000,-3.14992,2.69704,2.67796
663.95000,-3.15896,2.70131,2.72244
664.00000,-3.16812,2.70514,2.76899
664.05000,-3.17751,2.70857,2.81510
664.10000,-3.18700,2.71153,2.86227
664.15000,-3.19668,2.71408,2.90752
664.20000,-3.20628,2.71612,2.95523
664.25000,-3.21613,2.71774,3.00488
664.30000,-3.22605,2.71886,3.05508
664.35000,-3.23582,2.71944,3.10890
664.40000,-3.24476,2.71948,-3.11683
664.45000,-3.25323,2.71901,-3.05606
664.50000,-3.26123,2.71807,-2.99253
664.55000,-3.26905,2.71664,-2.92775
664.60000,-3.27691,2.71466,-2.86296
664.65000,-3.28479,2.71213,-2.79834
664.70000,-3.29261,2.70904,-2.73399
664.75000,-3.30030,2.70542,-2.66974
664.80000,-3.30787,2.70125,-2.60588
664.85000,-3.31526,2.69654,-2.54242
664.90000,-3.32243,2.69130,-2.47929
664.95000,-3.32934,2.68556,-2.41656
665.00000,-3.33598,2.67930,-2.35431
665.05000,-3.34227,2.67258,-2.29238
665.10000,-3.34823,2.66536,-2.23099
665.15000,-3.35379,2.65773,-2.16996
665.20000,-3.35897,2.64964,-2.10952
665.25000,-3.36369,2.64116,-2.04946
665.30000,-3.36795,2.63233,-1.98981
665.35000,-3.37173,2.62311,-1.93080
665.40000,-3.37498,2.61365,-1.87211
665.45000,-3.37709,2.60572,-1.81276
665.50000,-3.37786,2.60209,-1.74725
665.55000,-3.37812,2.60032,-1.67515
665.60000,-3.37816,2.59980,-1.59844
665.65000,-3.37815,2.59957,-1.52115
665.70000,-3.37813,2.59934,-1.44464
665.75000,-3.37810,2.59912,-1.36898
665.80000,-3.37804,2.59890,-1.29417
665.85000,-3.37797,2.59868,-1.22023
665.90000,-3.37789,2.59847,-1.14717
665.95000,-3.37779,2.59827,-1.07500
666.00000,-3.37767,2.59807,-1.00375
666.05000,-3.37754,2.59789,-0.93341
666.10000,-3.37740,2.59771,-0.86399
666.15000,-3.37725,2.59754,-0.79552
666.20000,-3.37709,2.59739,-0.72799
666.25000,-3.37691,2.59724,-0.66142
666.30000,-3.37673,2.59711,-0.59582
666.35000,-3.37654,2.59699,-0.53118
666.40000,-3.37634,2.59688,-0.46753
666.45000,-3.37613,2.59678,-0.40486
666.50000,-3.37592,2.59670,-0.34318
666.55000,-3.37570,2.59665,-0.29193
666.60000,-3.37427,2.59617,-0.26122
666.65000,-3.37083,2.59524,-0.24477
666.70000,-3.36551,2.59393,-0.23711
666.75000,-3.35809,2.59208,-0.23888
666.80000,-3.34876,2.58974,-0.25147
666.85000,-3.33941,2.58727,-0.26493
666.90000,-3.33010,2.58468,-0.27841
666.95000,-3.32079,2.58194,-0.29264
667.00000,-3.31152,2.57906,-0.30685
667.05000,-3.30234,2.57607,-0.32141
667.10000,-3.29319,2.57292,-0.33621
667.15000,-3.28412,2.56966,-0.35161
667.20000,-3.27508,2.56623,-0.36754
667.25000,-3.26603,2.56265,-0.38298
667.30000,-3.25708,2.55895,-0.39898
667.35000,-3.24824,2.55513,-0.41527
667.40000,-3.23945,2.55114,-0.43176
667.45000,-3.23074,2.54702,-0.44853
667.50000,-3.22215,2.54278,-0.46570
667.55000,-3.21365,2.53839,-0.48308
667.60000,-3.20522,2.53386,-0.50044
667.65000,-3.19689,2.52918,-0.51823
667.70000,-3.18863,2.52436,-0.53597
667.75000,-3.18048,2.51940,-0.55410
667.80000,-3.17241,2.51429,-0.57218
667.85000,-3.16444,2.50903,-0.59059
667.90000,-3.15673,2.50385,-0.59793
667.95000,-3.14907,2.49866,-0.59400
668.00000,-3.14138,2.49343,-0.57946
668.05000,-3.13365,2.48827,-0.54808
668.10000,-3.12733,2.48460,-0.50087
668.15000,-3.12356,2.48266,-0.44045
668.20000,-3.12192,2.48209,-0.38261
668.25000,-3.12059,2.48175,-0.34825
668.30000,-3.11736,2.48051,-0.33886
668.35000,-3.11113,2.47824,-0.34451
668.40000,-3.10249,2.47502,-0.36346
668.45000,-3.09365,2.47154,-0.38409
668.50000,-3.08485,2.46788,-0.40418
668.55000,-3.07616,2.46404,-0.42453
668.60000,-3.06757,2.46004,-0.44530
668.65000,-3.05907,2.45585,-0.46619
668.70000,-3.05066,2.45157,-0.47610
668.75000,-3.04207,2.44708,-0.47363
668.80000,-3.03346,2.44254,-0.45910
668.85000,-3.02493,2.43837,-0.42541
668.90000,-3.01791,2.43537,-0.37688
668.95000,-3.01332,2.43370,-0.31594
669.00000,-3.01138,2.43312,-0.24341
669.05000,-3.01025,2.43289,-0.17768
669.10000,-3.00961,2.43300,-0.13480
669.15000,-3.00897,2.43284,-0.11351
669.20000,-3.00638,2.43248,-0.10404
669.25000,-3.00126,2.43187,-0.10790
669.30000,-2.99392,2.43096,-0.12365
669.35000,-2.98471,2.42969,-0.14897
669.40000,-2.97548,2.42818,-0.17450
669.45000,-2.96629,2.42644,-0.19974
669.50000,-2.95714,2.42447,-0.22502
669.55000,-2.94805,2.42226,-0.25046
669.60000,-2.93902,2.41983,-0.27590
669.65000,-2.93005,2.41716,-0.30123
669.70000,-2.92115,2.41428,-0.32675
669.75000,-2.91287,2.41144,-0.33600
669.80000,-2.90499,2.40883,-0.32072
669.85000,-2.89976,2.40726,-0.27662
669.90000,-2.89670,2.40649,-0.21749
669.95000,-2.89452,2.40608,-0.14843
670.00000,-2.89251,2.40587,-0.08781
670.05000,-2.89098,2.40589,-0.05001
670.10000,-2.88974,2.40574,-0.03716
670.15000,-2.88682,2.40555,-0.03625
670.20000,-2.88166,2.40525,-0.04667
670.25000,-2.87342,2.40471,-0.07257
670.30000,-2.86422,2.40390,-0.10329
670.35000,-2.85505,2.40281,-0.13354
670.40000,-2.84589,2.40144,-0.16331
670.45000,-2.83678,2.39980,-0.19297
670.50000,-2.82772,2.39789,-0.22250
670.55000,-2.81859,2.39573,-0.24415
670.60000,-2.80910,2.39326,-0.24632
670.65000,-2.79941,2.39091,-0.22712
670.70000,-2.79055,2.38900,-0.19291
670.75000,-2.78315,2.38773,-0.14475
670.80000,-2.77767,2.38708,-0.08345
670.85000,-2.77427,2.38698,-0.02308
670.90000,-2.77124,2.38699,0.01456
670.95000,-2.76885,2.38706,0.01885
671.00000,-2.76664,2.38715,0.00528
671.05000,-2.76372,2.38710,-0.01836
671.10000,-2.75830,2.38678,-0.05189
671.15000,-2.75038,2.38617,-0.09443
671.20000,-2.74227,2.38520,-0.14410
671.25000,-2.73448,2.38385,-0.19948
671.30000,-2.72637,2.38197,-0.25671
671.35000,-2.71809,2.37953,-0.31513
671.40000,-2.70976,2.37654,-0.37443
671.45000,-2.70149,2.37300,-0.43432
671.50000,-2.69332,2.36891,-0.49453
671.55000,-2.68532,2.36428,-0.55493
671.60000,-2.67755,2.35913,-0.61544
671.65000,-2.67007,2.35349,-0.67607
671.70000,-2.66290,2.34737,-0.73667
671.75000,-2.65607,2.34079,-0.79720
671.80000,-2.64962,2.33378,-0.85764
671.85000,-2.64358,2.32634,-0.91796
671.90000,-2.63796,2.31852,-0.97814
671.95000,-2.63279,2.31031,-1.03808
672.00000,-2.62810,2.30179,-1.09792
672.05000,-2.62389,2.29292,-1.15748
672.10000,-2.62021,2.28380,-1.21694
672.15000,-2.61705,2.27441,-1.27617
672.20000,-2.61444,2.26478,-1.33510
672.25000,-2.61239,2.25500,-1.39381
672.30000,-2.61092,2.24511,-1.45187
672.35000,-2.61002,2.23515,-1.50970
672.40000,-2.60970,2.22516,-1.56698
672.45000,-2.60994,2.21516,-1.62356
672.50000,-2.61074,2.20534,-1.68102
672.55000,-2.61213,2.19544,-1.73839
672.60000,-2.61408,2.18563,-1.79521
672.65000,-2.61657,2.17595,-1.85145
672.70000,-2.61959,2.16648,-1.90718
672.75000,-2.62279,2.15809,-1.96489
672.80000,-2.62604,2.15083,-2.02446
672.85000,-2.62946,2.14432,-2.08447
672.90000,-2.63308,2.13834,-2.14392
672.95000,-2.63682,2.13290,-2.20266
673.00000,-2.64070,2.12791,-2.26061
673.05000,-2.64458,2.12348,-2.31804
673.10000,-2.64850,2.11947,-2.37456
673.15000,-2.65241,2.11591,-2.43046
673.20000,-2.65633,2.11272,-2.48536
673.25000,-2.66040,2.10976,-2.53852
673.30000,-2.66473,2.10695,-2.58935
673.35000,-2.66903,2.10446,-2.63930
673.40000,-2.67347,2.10216,-2.68755
673.45000,-2.67771,2.10023,-2.73557
673.50000,-2.68186,2.09856,-2.78287
673.55000,-2.68586,2.09717,-2.82977
673.60000,-2.68963,2.09606,-2.87641
673.65000,-2.69315,2.09520,-2.92287
673.70000,-2.69644,2.09455,-2.96912
673.75000,-2.69954,2.09409,-3.01514
673.80000,-2.70246,2.09378,-3.06092
673.85000,-2.70520,2.09362,-3.10650
673.90000,-2.70777,2.09359,3.13130
673.95000,-2.71018,2.09367,3.08610
674.00000,-2.71244,2.09385,3.04103
674.05000,-2.71455,2.09411,2.99614
674.10000,-2.71653,2.09444,2.95141
674.15000,-2.71838,2.09484,2.90684
674.20000,-2.72012,2.09530,2.86243
674.25000,-2.72175,2.09581,2.81818
674.30000,-2.72328,2.09636,2.77410
674.35000,-2.72472,2.09695,2.73018
674.40000,-2.72758,2.09849,2.68665
674.45000,-2.73374,2.10174,2.64434
674.50000,-2.74195,2.10642,2.60284
674.55000,-2.75041,2.11173,2.55950
674.60000,-2.75864,2.11741,2.51606
674.65000,-2.76662,2.12344,2.47259
674.70000,-2.77433,2.12981,2.42911
674.75000,-2.78175,2.13651,2.38560
674.80000,-2.78887,2.14353,2.34207
674.85000,-2.79569,2.15085,2.29851
674.90000,-2.80217,2.15846,2.25490
674.95000,-2.80832,2.16634,2.21123
675.00000,-2.81412,2.17449,2.16746
675.05000,-2.81955,2.18288,2.12357
675.10000,-2.82461,2.19151,2.07951
675.15000,-2.82898,2.19967,2.04980
675.20000,-2.83304,2.20759,2.04886
675.25000,-2.83748,2.21601,2.06419
675.30000,-2.84230,2.22478,2.08216
675.35000,-2.84727,2.23346,2.09984
675.40000,-2.85239,2.24203,2.11792
675.45000,-2.85767,2.25051,2.13639
675.50000,-2.86311,2.25891,2.15546
675.55000,-2.86870,2.26719,2.17469
675.60000,-2.87446,2.27537,2.19408
675.65000,-2.88038,2.28343,2.21423
675.70000,-2.88661,2.29157,2.23543
675.75000,-2.89310,2.29969,2.25737
675.80000,-2.89987,2.30777,2.28000
675.85000,-2.90685,2.31571,2.30291
675.90000,-2.91401,2.32350,2.32586
675.95000,-2.92135,2.33112,2.34908
676.00000,-2.92886,2.33857,2.37234
676.05000,-2.93655,2.34584,2.39564
676.10000,-2.94441,2.35293,2.41894
676.15000,-2.95243,2.35984,2.44225
676.20000,-2.96061,2.36656,2.46553
676.25000,-2.96893,2.37308,2.48856
676.30000,-2.97740,2.37941,2.51155
676.35000,-2.98602,2.38554,2.53468
676.40000,-2.99452,2.39130,2.55644
676.45000,-3.00250,2.39650,2.56372
676.50000,-3.00864,2.40052,2.54340
676.55000,-3.01208,2.40296,2.49731
676.60000,-3.01380,2.40432,2.43894
676.65000,-3.01468,2.40510,2.38857
676.70000,-3.01580,2.40618,2.36343
676.75000,-3.01849,2.40885,2.36217
676.80000,-3.02334,2.41361,2.37319
676.85000,-3.02983,2.41977,2.39278
676.90000,-3.03724,2.42649,2.41649
676.95000,-3.04480,2.43303,2.43986
677.00000,-3.05251,2.43940,2.46307
677.05000,-3.06029,2.44550,2.49214
677.10000,-3.06661,2.45013,2.51796
677.15000,-3.07185,2.45388,2.51398
677.20000,-3.07459,2.45593,2.47854
677.25000,-3.07697,2.45789,2.42755
677.30000,-3.08023,2.46088,2.37145
677.35000,-3.08401,2.46478,2.31198
677.40000,-3.08777,2.46892,2.26192
677.45000,-3.09136,2.47298,2.23804
677.50000,-3.09506,2.47725,2.24296
677.55000,-3.09910,2.48215,2.26685
677.60000,-3.10394,2.48780,2.30159
677.65000,-3.10877,2.49298,2.34353
677.70000,-3.11347,2.49759,2.38710
677.75000,-3.11899,2.50255,2.42882
677.80000,-3.12466,2.50742,2.46204
677.85000,-3.13045,2.51219,2.46227
677.90000,-3.13452,2.51554,2.43420
677.95000,-3.13739,2.51811,2.38638
678.00000,-3.14078,2.52148,2.33182
678.05000,-3.14463,2.52578,2.27383
678.10000,-3.14814,2.53019,2.21027
678.15000,-3.15140,2.53466,2.15684
678.20000,-3.15457,2.53913,2.13570
678.25000,-3.15775,2.54378,2.14441
678.30000,-3.16103,2.54874,2.17260
678.35000,-3.16497,2.55426,2.21052
678.40000,-3.17012,2.56091,2.24739
678.45000,-3.17506,2.56687,2.28633
678.50000,-3.17918,2.57141,2.33267
678.55000,-3.18332,2.57571,2.37184
678.60000,-3.18788,2.58036,2.38131
678.65000,-3.19256,2.58505,2.36472
678.70000,-3.19666,2.58922,2.32821
678.75000,-3.19997,2.59290,2.27711
678.80000,-3.20364,2.59747,2.22144
678.85000,-3.20690,2.60202,2.15918
678.90000,-3.20968,2.60651,2.09170
678.95000,-3.21220,2.61106,2.03511
679.00000,-3.21480,2.61577,2.00855
679.05000,-3.21715,2.62055,2.01805
679.10000,-3.21986,2.62601,2.04478
679.15000,-3.22343,2.63275,2.08021
679.20000,-3.22789,2.64040,2.11972
679.25000,-3.23306,2.64850,2.16358
679.30000,-3.23891,2.65681,2.20982
679.35000,-3.24502,2.66465,2.25720
679.40000,-3.25147,2.67214,2.30707
679.45000,-3.25837,2.67937,2.35768
679.50000,-3.26563,2.68625,2.40876
679.55000,-3.27323,2.69274,2.45966
679.60000,-3.28115,2.69884,2.51082
679.65000,-3.28937,2.70453,2.56190
679.70000,-3.29788,2.70980,2.61271
679.75000,-3.30663,2.71462,2.66397
679.80000,-3.31563,2.71898,2.71549
679.85000,-3.32483,2.72287,2.76741
679.90000,-3.33416,2.72625,2.82069
679.95000,-3.34373,2.72915,2.87306
680.00000,-3.35325,2.73150,2.92711
680.05000,-3.36307,2.73336,2.98115
680.10000,-3.37274,2.73465,3.03684
680.15000,-3.38235,2.73538,3.09418
680.20000,-3.39171,2.73555,-3.12984
680.25000,-3.40040,2.73519,-3.06755
680.30000,-3.40889,2.73429,-3.00418
680.35000,-3.41665,2.73295,-2.93796
680.40000,-3.42424,2.73112,-2.87125
680.45000,-3.43184,2.72874,-2.80489
680.50000,-3.43938,2.72582,-2.73887
680.55000,-3.44683,2.72235,-2.67323
680.60000,-3.45414,2.71834,-2.60801
680.65000,-3.46129,2.71380,-2.54324
680.70000,-3.46824,2.70873,-2.47893
680.75000,-3.47495,2.70314,-2.41513
680.80000,-3.48139,2.69704,-2.35184
680.85000,-3.48753,2.69044,-2.28909
680.90000,-3.49334,2.68336,-2.22690
680.95000,-3.49876,2.67586,-2.16508
681.00000,-3.50378,2.66790,-2.10386
681.05000,-3.50838,2.65954,-2.04316
681.10000,-3.51252,2.65079,-1.98298
681.15000,-3.51616,2.64174,-1.92315
681.20000,-3.51855,2.63416,-1.86426
681.25000,-3.51935,2.63119,-1.79985
681.30000,-3.51961,2.62992,-1.72879
681.35000,-3.51965,2.62963,-1.65436
681.40000,-3.51966,2.62937,-1.58054
681.45000,-3.51965,2.62911,-1.50759
681.50000,-3.51963,2.62885,-1.43553
681.55000,-3.51958,2.62859,-1.36435
681.60000,-3.51952,2.62834,-1.29408
681.65000,-3.51944,2.62809,-1.22473
681.70000,-3.51934,2.62785,-1.15631
681.75000,-3.51923,2.62762,-1.08883
681.80000,-3.51910,2.62739,-1.02230
681.85000,-3.51896,2.62717,-0.95673
681.90000,-3.51880,2.62696,-0.89213
681.95000,-3.51863,2.62677,-0.82850
682.00000,-3.51845,2.62658,-0.76586
682.05000,-3.51826,2.62641,-0.70420
682.10000,-3.51806,2.62624,-0.64354
682.15000,-3.51784,2.62610,-0.58388
682.20000,-3.51762,2.62596,-0.52523
682.25000,-3.51739,2.62583,-0.46758
682.30000,-3.51716,2.62572,-0.41095
682.35000,-3.51692,2.62563,-0.35534
682.40000,-3.51667,2.62554,-0.30074
682.45000,-3.51642,2.62547,-0.24717
682.50000,-3.51617,2.62542,-0.19461
682.55000,-3.51591,2.62537,-0.14309
682.60000,-3.51353,2.62507,-0.09337
682.65000,-3.50631,2.62453,-0.04993
682.70000,-3.49751,2.62429,-0.00494
682.75000,-3.48793,2.62447,0.04219
682.80000,-3.47774,2.62510,0.09151
682.85000,-3.46879,2.62595,0.13320
682.90000,-3.46011,2.62666,0.15215
682.95000,-3.45195,2.62783,0.14046
683.00000,-3.44269,2.62904,0.11822
683.05000,-3.43331,2.63005,0.09551
683.10000,-3.42391,2.63084,0.07292
683.15000,-3.41451,2.63142,0.04968
683.20000,-3.40510,2.63177,0.02634
683.25000,-3.39569,2.63191,0.00269
683.30000,-3.38630,2.63182,-0.02150
683.35000,-3.37692,2.63150,-0.04620
683.40000,-3.36756,2.63095,-0.07092
683.45000,-3.35821,2.63017,-0.09591
683.50000,-3.34890,2.62916,-0.12117
683.55000,-3.33962,2.62791,-0.14663
683.60000,-3.33038,2.62642,-0.17229
683.65000,-3.32118,2.62470,-0.19788
683.70000,-3.31204,2.62274,-0.22390
683.75000,-3.30294,2.62055,-0.24953
683.80000,-3.29391,2.61812,-0.27540
683.85000,-3.28494,2.61546,-0.30136
683.90000,-3.27605,2.61257,-0.32739
683.95000,-3.26724,2.60945,-0.35349
684.00000,-3.25851,2.60610,-0.37959
684.05000,-3.24988,2.60252,-0.40570
684.10000,-3.24134,2.59872,-0.43192
684.15000,-3.23291,2.59470,-0.45814
684.20000,-3.22458,2.59045,-0.48406
684.25000,-3.21636,2.58600,-0.51017
684.30000,-3.20826,2.58132,-0.53602
684.35000,-3.20028,2.57644,-0.56181
684.40000,-3.19243,2.57136,-0.58775
684.45000,-3.18471,2.56607,-0.61357
684.50000,-3.17714,2.56059,-0.63971
684.55000,-3.16977,2.55510,-0.65216
684.60000,-3.16378,2.55059,-0.64435
684.65000,-3.16079,2.54849,-0.61787
684.70000,-3.16038,2.54819,-0.57900
684.75000,-3.15980,2.54780,-0.53879
684.80000,-3.15956,2.54764,-0.50071
684.85000,-3.15933,2.54750,-0.47953
684.90000,-3.15651,2.54596,-0.47803
684.95000,-3.15084,2.54293,-0.49115
685.00000,-3.14346,2.53887,-0.51421
685.05000,-3.13541,2.53416,-0.54188
685.10000,-3.12749,2.52923,-0.56970
685.15000,-3.11996,2.52437,-0.58235
685.20000,-3.11353,2.52019,-0.57406
685.25000,-3.10920,2.51759,-0.55239
685.30000,-3.10765,2.51669,-0.51792
685.35000,-3.10747,2.51659,-0.47657
685.40000,-3.10729,2.51650,-0.43529
685.45000,-3.10703,2.51638,-0.40915
685.50000,-3.10499,2.51543,-0.40465
685.55000,-3.09961,2.51306,-0.41679
685.60000,-3.09241,2.50976,-0.43992
685.65000,-3.08416,2.50572,-0.46876
685.70000,-3.07587,2.50136,-0.49763
685.75000,-3.06779,2.49680,-0.52708
685.80000,-3.05989,2.49224,-0.54414
685.85000,-3.05323,2.48835,-0.53233
685.90000,-3.04978,2.48639,-0.50098
685.95000,-3.04880,2.48587,-0.45698
686.00000,-3.04859,2.48578,-0.40898
686.05000,-3.04837,2.48569,-0.36117
686.10000,-3.04811,2.48560,-0.32545
686.15000,-3.04733,2.48524,-0.31290
686.20000,-3.04387,2.48407,-0.31571
686.25000,-3.03720,2.48175,-0.33587
686.30000,-3.02905,2.47876,-0.36518
686.35000,-3.02047,2.47531,-0.39636
686.40000,-3.01201,2.47160,-0.42741
686.45000,-3.00344,2.46752,-0.45764
686.50000,-2.99519,2.46349,-0.48365
686.55000,-2.98669,2.45915,-0.48522
686.60000,-2.97828,2.45486,-0.47524
686.65000,-2.97066,2.45103,-0.45319
686.70000,-2.96521,2.44848,-0.41920
686.75000,-2.96210,2.44716,-0.37350
686.80000,-2.96129,2.44686,-0.31723
686.85000,-2.96091,2.44675,-0.25890
686.90000,-2.96059,2.44673,-0.21161
686.95000,-2.96042,2.44677,-0.18988
687.00000,-2.95844,2.44628,-0.18497
687.05000,-2.95397,2.44531,-0.19336
687.10000,-2.94611,2.44362,-0.21926
687.15000,-2.93721,2.44148,-0.25097
687.20000,-2.92831,2.43906,-0.28222
687.25000,-2.91949,2.43635,-0.31297
687.30000,-2.91076,2.43337,-0.34407
687.35000,-2.90202,2.43018,-0.36799
687.40000,-2.89301,2.42675,-0.36529
687.45000,-2.88604,2.42436,-0.33515
687.50000,-2.88172,2.42295,-0.29090
687.55000,-2.87974,2.42240,-0.23616
687.60000,-2.87908,2.42226,-0.17583
687.65000,-2.87841,2.42216,-0.11575
687.70000,-2.87783,2.42218,-0.06732
687.75000,-2.87770,2.42214,-0.04579
687.80000,-2.87635,2.42198,-0.03975
687.85000,-2.87313,2.42178,-0.04352
687.90000,-2.86775,2.42139,-0.05819
687.95000,-2.85950,2.42076,-0.08748
688.00000,-2.85040,2.41980,-0.12136
688.05000,-2.84132,2.41854,-0.15418
688.10000,-2.83227,2.41698,-0.18670
688.15000,-2.82326,2.41513,-0.21908
688.20000,-2.81511,2.41330,-0.23276
688.25000,-2.80753,2.41163,-0.22002
688.30000,-2.80135,2.41044,-0.18755
688.35000,-2.79737,2.40976,-0.14509
688.40000,-2.79582,2.40956,-0.09299
688.45000,-2.79524,2.40952,-0.03744
688.50000,-2.79467,2.40952,0.01001
688.55000,-2.79451,2.40959,0.04015
688.60000,-2.79386,2.40973,0.04794
688.65000,-2.79085,2.41005,0.04279
688.70000,-2.78656,2.41026,0.03083
688.75000,-2.78123,2.41040,0.01368
688.80000,-2.77399,2.41042,-0.01282
688.85000,-2.76497,2.41014,-0.04843
688.90000,-2.75588,2.40954,-0.08402
688.95000,-2.74680,2.40861,-0.11885
689.00000,-2.73776,2.40737,-0.15377
689.05000,-2.72871,2.40593,-0.18271
689.10000,-2.71935,2.40414,-0.19401
689.15000,-2.70972,2.40204,-0.18829
689.20000,-2.70007,2.40011,-0.17311
689.25000,-2.69180,2.39877,-0.14630
689.30000,-2.68575,2.39798,-0.10817
689.35000,-2.68197,2.39765,-0.05867
689.40000,-2.68051,2.39760,0.00201
689.45000,-2.68009,2.39761,0.06853
689.50000,-2.67966,2.39766,0.13621
689.55000,-2.67923,2.39774,0.19349
689.60000,-2.67883,2.39781,0.23597
689.65000,-2.67848,2.39785,0.26927
689.70000,-2.67812,2.39793,0.29392
689.75000,-2.67780,2.39799,0.30977
689.80000,-2.67734,2.39813,0.31548
689.85000,-2.67501,2.39891,0.30951
689.90000,-2.67131,2.40008,0.29711
689.95000,-2.66604,2.40167,0.27809
690.00000,-2.65886,2.40363,0.25113
690.05000,-2.64954,2.40588,0.21572
690.10000,-2.64025,2.40772,0.17689
690.15000,-2.63070,2.40924,0.13940
690.20000,-2.62080,2.41044,0.10364
690.25000,-2.61083,2.41130,0.06830
690.30000,-2.60085,2.41180,0.03277
690.35000,-2.59220,2.41198,0.01682
690.40000,-2.58636,2.41212,0.03466
690.45000,-2.58230,2.41233,0.07574
690.50000,-2.57948,2.41262,0.13332
690.55000,-2.57764,2.41292,0.20224
690.60000,-2.57663,2.41316,0.24801
690.65000,-2.57587,2.41336,0.25790
690.70000,-2.57493,2.41362,0.25792
690.75000,-2.57279,2.41419,0.25268
690.80000,-2.56945,2.41505,0.24198
690.85000,-2.56462,2.41621,0.22455
690.90000,-2.55787,2.41770,0.19939
690.95000,-2.54926,2.41943,0.16537
691.00000,-2.54039,2.42071,0.12389
691.05000,-2.53146,2.42163,0.08286
691.10000,-2.52230,2.42223,0.05282
691.15000,-2.51268,2.42267,0.04276
691.20000,-2.50286,2.42301,0.05382
691.25000,-2.49449,2.42347,0.08710
691.30000,-2.48780,2.42406,0.13486
691.35000,-2.48272,2.42486,0.19538
691.40000,-2.47988,2.42552,0.26717
691.45000,-2.47764,2.42622,0.34150
691.50000,-2.47549,2.42697,0.40491
691.55000,-2.47355,2.42757,0.44748
691.60000,-2.47203,2.42783,0.46518
691.65000,-2.46959,2.42907,0.45537
691.70000,-2.46370,2.43186,0.42602
691.75000,-2.45637,2.43503,0.38970
691.80000,-2.44806,2.43825,0.34946
691.85000,-2.43961,2.44113,0.30707
691.90000,-2.43098,2.44368,0.26761
691.95000,-2.42239,2.44584,0.22494
692.00000,-2.41450,2.44744,0.17548
692.05000,-2.40730,2.44851,0.11866
692.10000,-2.39862,2.44930,0.06359
692.15000,-2.38934,2.44963,0.00809
692.20000,-2.37982,2.44944,-0.04831
692.25000,-2.37015,2.44870,-0.10527
692.30000,-2.36055,2.44775,-0.15566
692.35000,-2.35195,2.44684,-0.19573
692.40000,-2.34619,2.44559,-0.23857
692.45000,-2.33939,2.44380,-0.28609
692.50000,-2.33193,2.44138,-0.33700
692.55000,-2.32455,2.43858,-0.39233
692.60000,-2.32004,2.43657,-0.45932
692.65000,-2.31733,2.43510,-0.53332
692.70000,-2.31510,2.43367,-0.60838
692.75000,-2.31309,2.43215,-0.68291
692.80000,-2.31129,2.43057,-0.75696
692.85000,-2.30969,2.42895,-0.83057
692.90000,-2.30829,2.42730,-0.90373
692.95000,-2.30708,2.42564,-0.97641
693.00000,-2.30605,2.42399,-1.04862
693.05000,-2.30519,2.42237,-1.12035
693.10000,-2.30449,2.42079,-1.19161
693.15000,-2.30394,2.41926,-1.26240
693.20000,-2.30353,2.41779,-1.33271
693.25000,-2.30324,2.41639,-1.40256
693.30000,-2.30306,2.41505,-1.47193
693.35000,-2.30298,2.41380,-1.54085
693.40000,-2.30298,2.41261,-1.60932
693.45000,-2.30307,2.41151,-1.67736
693.50000,-2.30321,2.41048,-1.74498
693.55000,-2.30342,2.40949,-1.81201
693.60000,-2.30369,2.40854,-1.87831
693.65000,-2.30402,2.40761,-1.94388
693.70000,-2.30440,2.40672,-2.00871
693.75000,-2.30484,2.40586,-2.07278
693.80000,-2.30532,2.40504,-2.13599
693.85000,-2.30584,2.40426,-2.19813
693.90000,-2.30641,2.40354,-2.25916
693.95000,-2.30700,2.40286,-2.31910
694.00000,-2.30762,2.40223,-2.37811
694.05000,-2.30827,2.40164,-2.43630
694.10000,-2.30895,2.40110,-2.49366
694.15000,-2.30964,2.40060,-2.55019
694.20000,-2.31036,2.40015,-2.60589
694.25000,-2.31109,2.39974,-2.66074
694.30000,-2.31183,2.39938,-2.71473
694.35000,-2.31258,2.39906,-2.76787
694.40000,-2.31333,2.39879,-2.82015
694.45000,-2.31409,2.39856,-2.87156
694.50000,-2.31486,2.39837,-2.92210
694.55000,-2.31562,2.39822,-2.97178
694.60000,-2.31638,2.39811,-3.02058
694.65000,-2.31713,2.39803,-3.06851
694.70000,-2.31992,2.39790,-3.11560
694.75000,-2.32500,2.39786,3.13123
694.80000,-2.33091,2.39803,3.11191
694.85000,-2.34010,2.39835,3.10856
694.90000,-2.35011,2.39868,3.10928
694.95000,-2.36014,2.39900,3.11015
695.00000,-2.37017,2.39930,3.11157
695.05000,-2.38020,2.39960,3.11356
695.10000,-2.39024,2.39987,3.11585
695.15000,-2.40031,2.40011,3.11862
695.20000,-2.41041,2.40033,3.12192
695.25000,-2.42051,2.40051,3.12604
695.30000,-2.43040,2.40064,3.12326
695.35000,-2.43817,2.40067,3.10826
695.40000,-2.44260,2.40060,3.07901
695.45000,-2.44390,2.40050,3.03634
695.50000,-2.44337,2.40042,2.99421
695.55000,-2.44429,2.40077,2.96476
695.60000,-2.44862,2.40193,2.95053
695.65000,-2.45581,2.40355,2.94852
695.70000,-2.46445,2.40532,2.95401
695.75000,-2.47437,2.40715,2.96556
695.80000,-2.48428,2.40885,2.97710
695.85000,-2.49429,2.41045,2.98831
695.90000,-2.50427,2.41192,3.00008
695.95000,-2.51428,2.41328,3.01192
696.00000,-2.52429,2.41452,3.02482
696.05000,-2.53429,2.41563,3.03830
696.10000,-2.54382,2.41638,3.04133
696.15000,-2.55280,2.41675,3.02450
696.20000,-2.55885,2.41706,2.98419
696.25000,-2.56144,2.41754,2.92522
696.30000,-2.56247,2.41779,2.85774
696.35000,-2.56283,2.41792,2.79755
696.40000,-2.56339,2.41829,2.75784
696.45000,-2.56609,2.41970,2.74343
696.50000,-2.57294,2.42266,2.74964
696.55000,-2.58239,2.42647,2.76672
696.60000,-2.59214,2.43021,2.78478
696.65000,-2.60196,2.43376,2.80271
696.70000,-2.61184,2.43714,2.82060
696.75000,-2.62178,2.44034,2.83858
696.80000,-2.63178,2.44337,2.85651
696.85000,-2.64184,2.44621,2.87480
696.90000,-2.65196,2.44887,2.89359
696.95000,-2.66156,2.45120,2.91185
697.00000,-2.67061,2.45302,2.91936
697.05000,-2.67930,2.45440,2.90857
697.10000,-2.68794,2.45583,2.88093
697.15000,-2.69549,2.45755,2.83840
697.20000,-2.70092,2.45937,2.78288
697.25000,-2.70386,2.46010,2.72830
697.30000,-2.70673,2.46087,2.69383
697.35000,-2.71009,2.46227,2.68157
697.40000,-2.71644,2.46550,2.68797
697.45000,-2.72532,2.46974,2.70530
697.50000,-2.73445,2.47390,2.72324
697.55000,-2.74362,2.47788,2.74108
697.60000,-2.75286,2.48169,2.75940
697.65000,-2.76218,2.48534,2.77833
697.70000,-2.77156,2.48880,2.79746
697.75000,-2.78068,2.49192,2.80401
697.80000,-2.78798,2.49442,2.78425
697.85000,-2.79197,2.49600,2.73769
697.90000,-2.79465,2.49724,2.67634
697.95000,-2.79590,2.49791,2.60676
698.00000,-2.79641,2.49823,2.56098
698.05000,-2.79748,2.49898,2.54531
698.10000,-2.80091,2.50134,2.54219
698.15000,-2.80601,2.50481,2.54728
698.20000,-2.81241,2.50910,2.55880
698.25000,-2.82027,2.51420,2.57699
698.30000,-2.82878,2.51946,2.59777
698.35000,-2.83739,2.52455,2.61853
698.40000,-2.84611,2.52946,2.63990
698.45000,-2.85493,2.53417,2.66164
698.50000,-2.86385,2.53869,2.68378
698.55000,-2.87287,2.54301,2.70632
698.60000,-2.88164,2.54696,2.71554
698.65000,-2.88827,2.54997,2.69594
698.70000,-2.89207,2.55188,2.65044
698.75000,-2.89444,2.55323,2.59055
698.80000,-2.89525,2.55375,2.52314
698.85000,-2.89542,2.55388,2.47908
698.90000,-2.89636,2.55466,2.46486
698.95000,-2.90042,2.55794,2.46876
699.00000,-2.90574,2.56214,2.48121
699.05000,-2.91233,2.56716,2.50115
699.10000,-2.91990,2.57265,2.52675
699.15000,-2.92761,2.57795,2.55261
699.20000,-2.93544,2.58304,2.57881
699.25000,-2.94340,2.58791,2.60546
699.30000,-2.95148,2.59257,2.63249
699.35000,-2.95943,2.59687,2.64465
699.40000,-2.96672,2.60061,2.63293
699.45000,-2.97218,2.60375,2.59792
699.50000,-2.97614,2.60627,2.54763
699.55000,-2.97761,2.60731,2.48512
699.60000,-2.97799,2.60763,2.42919
699.65000,-2.97851,2.60816,2.39891
699.70000,-2.98097,2.61050,2.39670
699.75000,-2.98657,2.61560,2.41216
699.80000,-2.99303,2.62125,2.43777
699.85000,-3.00019,2.62715,2.46642
699.90000,-3.00741,2.63275,2.49971
699.95000,-3.01482,2.63808,2.53868
700.00000,-3.02242,2.64308,2.58276
700.05000,-3.03040,2.64780,2.63117
700.10000,-3.03810,2.65185,2.68528
700.15000,-3.04596,2.65543,2.74198
700.20000,-3.05403,2.65856,2.80069
700.25000,-3.06328,2.66155,2.85757
700.30000,-3.07214,2.66376,2.90008
700.35000,-3.08017,2.66501,2.91359
700.40000,-3.08775,2.66577,2.90260
700.45000,-3.09318,2.66585,2.86620
700.50000,-3.09616,2.66661,2.81012
700.55000,-3.10087,2.66839,2.75260
700.60000,-3.10633,2.67083,2.69254
700.65000,-3.11190,2.67348,2.63941
700.70000,-3.11786,2.67661,2.61372
700.75000,-3.12409,2.68008,2.62153
700.80000,-3.12965,2.68314,2.65130
700.85000,-3.13567,2.68625,2.69015
700.90000,-3.14312,2.68970,2.73305
700.95000,-3.15191,2.69332,2.77768
701.00000,-3.16118,2.69662,2.82432
701.05000,-3.17076,2.69953,2.87216
701.10000,-3.18038,2.70194,2.92091
701.15000,-3.19008,2.70386,2.97087
701.20000,-3.19951,2.70523,3.02348
701.25000,-3.20843,2.70604,3.08053
701.30000,-3.21650,2.70629,-3.14069
701.35000,-3.22431,2.70603,-3.07643
701.40000,-3.23225,2.70526,-3.01191
701.45000,-3.24032,2.70394,-2.94744
701.50000,-3.24843,2.70207,-2.88310
701.55000,-3.25649,2.69966,-2.81878
701.60000,-3.26450,2.69669,-2.75477
701.65000,-3.27238,2.69318,-2.69089
701.70000,-3.28014,2.68912,-2.62740
701.75000,-3.28774,2.68450,-2.56434
701.80000,-3.29509,2.67938,-2.50151
701.85000,-3.30221,2.67372,-2.43917
701.90000,-3.30907,2.66754,-2.37732
701.95000,-3.31559,2.66089,-2.31578
702.00000,-3.32179,2.65375,-2.25479
702.05000,-3.32759,2.64617,-2.19415
702.10000,-3.33299,2.63817,-2.13389
702.15000,-3.33797,2.62972,-2.07423
702.20000,-3.34249,2.62091,-2.01495
702.25000,-3.34651,2.61176,-1.95617
702.30000,-3.35000,2.60239,-1.89826
702.35000,-3.35236,2.59448,-1.84113
702.40000,-3.35307,2.59156,-1.77889
702.45000,-3.35326,2.59054,-1.71010
702.50000,-3.35328,2.59030,-1.63872
702.55000,-3.35329,2.59005,-1.56804
702.60000,-3.35328,2.58981,-1.49815
702.65000,-3.35326,2.58957,-1.42905
702.70000,-3.35321,2.58932,-1.36076
702.75000,-3.35315,2.58909,-1.29329
702.80000,-3.35308,2.58885,-1.22666
702.85000,-3.35299,2.58862,-1.16087
702.90000,-3.35288,2.58840,-1.09595
702.95000,-3.35276,2.58819,-1.03189
703.00000,-3.35263,2.58798,-0.96871
703.05000,-3.35249,2.58779,-0.90641
703.10000,-3.35233,2.58760,-0.84501
703.15000,-3.35216,2.58742,-0.78451
703.20000,-3.35199,2.58725,-0.72492
703.25000,-3.35180,2.58710,-0.66624
703.30000,-3.35160,2.58695,-0.60849
703.35000,-3.35140,2.58682,-0.55166
703.40000,-3.35118,2.58671,-0.50707
703.45000,-3.34944,2.58573,-0.48044
703.50000,-3.34501,2.58346,-0.46664
703.55000,-3.33702,2.57941,-0.46981
703.60000,-3.32819,2.57487,-0.47252
703.65000,-3.32080,2.57129,-0.47145
703.70000,-3.31255,2.56705,-0.47731
703.75000,-3.30389,2.56252,-0.48609
703.80000,-3.29527,2.55792,-0.49496
703.85000,-3.28669,2.55323,-0.50396
703.90000,-3.27817,2.54848,-0.51365
703.95000,-3.26971,2.54365,-0.52380
704.00000,-3.26129,2.53873,-0.53385
704.05000,-3.25293,2.53373,-0.54406
704.10000,-3.24463,2.52865,-0.55516
704.15000,-3.23641,2.52349,-0.56662
704.20000,-3.22824,2.51823,-0.57791
704.25000,-3.22014,2.51288,-0.58959
704.30000,-3.21211,2.50743,-0.60164
704.35000,-3.20415,2.50190,-0.61401
704.40000,-3.19616,2.49624,-0.62175
704.45000,-3.18792,2.49030,-0.61837
704.50000,-3.17968,2.48448,-0.60734
704.55000,-3.17203,2.47925,-0.59090
704.60000,-3.16500,2.47463,-0.56916
704.65000,-3.15884,2.47083,-0.54214
704.70000,-3.15532,2.46878,-0.50601
704.75000,-3.15428,2.46822,-0.45806
704.80000,-3.15410,2.46816,-0.41854
704.85000,-3.15183,2.46711,-0.39822
704.90000,-3.14633,2.46477,-0.39459
704.95000,-3.13828,2.46135,-0.40538
705.00000,-3.12947,2.45749,-0.42081
705.05000,-3.12071,2.45348,-0.43616
705.10000,-3.11201,2.44935,-0.45152
705.15000,-3.10338,2.44508,-0.46705
705.20000,-3.09484,2.44068,-0.48291
705.25000,-3.08620,2.43608,-0.49131
705.30000,-3.07733,2.43120,-0.48834
705.35000,-3.06837,2.42633,-0.46893
705.40000,-3.06060,2.42254,-0.43440
705.45000,-3.05493,2.42005,-0.38614
705.50000,-3.05165,2.41882,-0.32385
705.55000,-3.05028,2.41852,-0.26465
705.60000,-3.04916,2.41835,-0.22771
705.65000,-3.04592,2.41749,-0.21608
705.70000,-3.03962,2.41606,-0.21975
705.75000,-3.03077,2.41395,-0.23627
705.80000,-3.02121,2.41156,-0.25428
705.85000,-3.01194,2.40904,-0.27328
705.90000,-3.00281,2.40636,-0.29273
705.95000,-2.99373,2.40351,-0.31239
706.00000,-2.98471,2.40048,-0.33203
706.05000,-2.97575,2.39727,-0.35179
706.10000,-2.96688,2.39389,-0.37223
706.15000,-2.95823,2.39050,-0.38116
706.20000,-2.94981,2.38730,-0.37170
706.25000,-2.94141,2.38413,-0.34571
706.30000,-2.93402,2.38163,-0.30340
706.35000,-2.92840,2.38002,-0.24648
706.40000,-2.92498,2.37927,-0.17556
706.45000,-2.92292,2.37903,-0.10795
706.50000,-2.92107,2.37904,-0.06388
706.55000,-2.91899,2.37885,-0.04541
706.60000,-2.91467,2.37855,-0.04237
706.65000,-2.90809,2.37817,-0.05081
706.70000,-2.89932,2.37760,-0.07061
706.75000,-2.88960,2.37681,-0.09250
706.80000,-2.87999,2.37581,-0.11454
706.85000,-2.87039,2.37460,-0.13654
706.90000,-2.86106,2.37320,-0.15970
706.95000,-2.85179,2.37158,-0.18328
707.00000,-2.84256,2.36975,-0.20686
707.05000,-2.83338,2.36769,-0.23086
707.10000,-2.82425,2.36561,-0.24356
707.15000,-2.81498,2.36339,-0.23974
707.20000,-2.80584,2.36125,-0.22513
707.25000,-2.79679,2.35920,-0.20117
707.30000,-2.78784,2.35748,-0.16086
707.35000,-2.78031,2.35644,-0.10772
707.40000,-2.77467,2.35600,-0.04293
707.45000,-2.77111,2.35596,0.03287
707.50000,-2.76899,2.35601,0.10578
707.55000,-2.76698,2.35598,0.16726
707.60000,-2.76560,2.35581,0.20795
707.65000,-2.76351,2.35641,0.21942
707.70000,-2.75778,2.35781,0.21128
707.75000,-2.74886,2.35962,0.18685
707.80000,-2.73964,2.36124,0.16137
707.85000,-2.73037,2.36263,0.13637
707.90000,-2.72106,2.36379,0.11137
707.95000,-2.71173,2.36472,0.08660
708.00000,-2.70237,2.36541,0.06189
708.05000,-2.69301,2.36588,0.03709
708.10000,-2.68362,2.36611,0.01248
708.15000,-2.67424,2.36611,-0.01209
708.20000,-2.66485,2.36588,-0.03662
708.25000,-2.65542,2.36552,-0.04897
708.30000,-2.64596,2.36514,-0.04728
708.35000,-2.63635,2.36473,-0.03502
708.40000,-2.62651,2.36453,-0.00849
708.45000,-2.61912,2.36457,0.03977
708.50000,-2.61344,2.36478,0.10009
708.55000,-2.60996,2.36520,0.17104
708.60000,-2.60817,2.36542,0.23835
708.65000,-2.60630,2.36576,0.29047
708.70000,-2.60421,2.36637,0.32472
708.75000,-2.60194,2.36719,0.34389
708.80000,-2.59957,2.36813,0.35376
708.85000,-2.59666,2.36930,0.35587
708.90000,-2.59242,2.37099,0.35127
708.95000,-2.58667,2.37323,0.33804
709.00000,-2.57828,2.37622,0.31197
709.05000,-2.56942,2.37894,0.28275
709.10000,-2.56047,2.38141,0.25397
709.15000,-2.55145,2.38362,0.22545
709.20000,-2.54237,2.38558,0.19716
709.25000,-2.53323,2.38728,0.16887
709.30000,-2.52405,2.38872,0.14061
709.35000,-2.51484,2.38989,0.11198
709.40000,-2.50551,2.39086,0.09269
709.45000,-2.49578,2.39191,0.09080
709.50000,-2.48591,2.39301,0.10417
709.55000,-2.47620,2.39417,0.13486
709.60000,-2.46813,2.39543,0.17843
709.65000,-2.46269,2.39655,0.23303
709.70000,-2.46016,2.39722,0.29911
709.75000,-2.45912,2.39755,0.35985
709.80000,-2.45817,2.39786,0.39308
709.85000,-2.45562,2.39905,0.39679
709.90000,-2.44983,2.40165,0.38404
709.95000,-2.44145,2.40497,0.36143
710.00000,-2.43232,2.40828,0.33474
710.05000,-2.42310,2.41134,0.30844
710.10000,-2.41354,2.41426,0.28339
710.15000,-2.40391,2.41692,0.25523
710.20000,-2.39450,2.41923,0.22809
710.25000,-2.38521,2.42125,0.21401
710.30000,-2.37794,2.42262,0.21136
710.35000,-2.37108,2.42396,0.19947
710.40000,-2.36412,2.42541,0.17668
710.45000,-2.35700,2.42673,0.13787
710.50000,-2.34839,2.42773,0.09285
710.55000,-2.33882,2.42839,0.04577
710.60000,-2.32883,2.42861,-0.00253
710.65000,-2.31883,2.42834,-0.05032
710.70000,-2.30886,2.42760,-0.09761
710.75000,-2.29894,2.42639,-0.14452
710.80000,-2.28908,2.42472,-0.19130
710.85000,-2.27931,2.42259,-0.23792
710.90000,-2.26973,2.42038,-0.27810
710.95000,-2.26098,2.41849,-0.30995
711.00000,-2.25437,2.41633,-0.34478
711.05000,-2.24654,2.41333,-0.38438
711.10000,-2.23818,2.41001,-0.41890
711.15000,-2.23142,2.40737,-0.44296
711.20000,-2.22743,2.40554,-0.46045
711.25000,-2.22407,2.40397,-0.44593
711.30000,-2.22190,2.40297,-0.40660
711.35000,-2.22043,2.40238,-0.34981
711.40000,-2.21895,2.40190,-0.28283
711.45000,-2.21719,2.40145,-0.22461
711.50000,-2.21559,2.40123,-0.18979
711.55000,-2.21483,2.40151,-0.18371
711.60000,-2.21324,2.40116,-0.19666
711.65000,-2.20858,2.40006,-0.22732
711.70000,-2.20146,2.39826,-0.26619
711.75000,-2.19348,2.39592,-0.30976
711.80000,-2.18473,2.39288,-0.35589
711.85000,-2.17543,2.38919,-0.40045
711.90000,-2.16632,2.38509,-0.44471
711.95000,-2.15739,2.38059,-0.48863
712.00000,-2.14867,2.37600,-0.52613
712.05000,-2.13969,2.37108,-0.53959
712.10000,-2.13077,2.36615,-0.53223
712.15000,-2.12206,2.36141,-0.51451
712.20000,-2.11347,2.35675,-0.48690
712.25000,-2.10538,2.35266,-0.44328
712.30000,-2.09906,2.34986,-0.38650
712.35000,-2.09488,2.34831,-0.31861
712.40000,-2.09111,2.34721,-0.24812
712.45000,-2.08721,2.34637,-0.17795
712.50000,-2.08348,2.34587,-0.11753
712.55000,-2.08055,2.34615,-0.08539
712.60000,-2.07813,2.34618,-0.07886
712.65000,-2.07550,2.34586,-0.09405
712.70000,-2.07002,2.34520,-0.12687
712.75000,-2.06295,2.34414,-0.16812
712.80000,-2.05493,2.34259,-0.21372
712.85000,-2.04640,2.34052,-0.26178
712.90000,-2.03797,2.33804,-0.31036
712.95000,-2.02967,2.33515,-0.35847
713.00000,-2.02144,2.33206,-0.39966
713.05000,-2.01281,2.32850,-0.41337
713.10000,-2.00438,2.32495,-0.39893
713.15000,-1.99881,2.32275,-0.35870
713.20000,-1.99592,2.32176,-0.29862
713.25000,-1.99218,2.32075,-0.23408
713.30000,-1.98770,2.31984,-0.16682
713.35000,-1.98266,2.31917,-0.09772
713.40000,-1.97755,2.31882,-0.03742
713.45000,-1.97289,2.31878,-0.00171
713.50000,-1.96889,2.31881,0.00735
713.55000,-1.96507,2.31880,-0.01498
713.60000,-1.95964,2.31860,-0.04705
713.65000,-1.95233,2.31810,-0.08840
713.70000,-1.94408,2.31718,-0.13414
713.75000,-1.93541,2.31579,-0.18203
713.80000,-1.92678,2.31399,-0.22933
713.85000,-1.91820,2.31198,-0.27012
713.90000,-1.90939,2.30971,-0.29234
713.95000,-1.90040,2.30718,-0.29324
714.00000,-1.89160,2.30463,-0.27024
714.05000,-1.88408,2.30269,-0.22980
714.10000,-1.87802,2.30143,-0.17563
714.15000,-1.87332,2.30075,-0.11036
714.20000,-1.86840,2.30038,-0.04171
714.25000,-1.86315,2.30034,0.02869
714.30000,-1.85786,2.30045,0.09124
714.35000,-1.85253,2.30062,0.14025
714.40000,-1.84717,2.30085,0.17615
714.45000,-1.84199,2.30112,0.18756
714.50000,-1.83694,2.30202,0.16826
714.55000,-1.82967,2.30336,0.13559
714.60000,-1.82091,2.30439,0.09569
714.65000,-1.81164,2.30509,0.05255
714.70000,-1.80168,2.30541,0.01307
714.75000,-1.79168,2.30534,-0.02691
714.80000,-1.78169,2.30488,-0.06608
714.85000,-1.77183,2.30431,-0.09952
714.90000,-1.76211,2.30387,-0.12582
714.95000,-1.75237,2.30340,-0.14369
715.00000,-1.74255,2.30282,-0.15278
715.05000,-1.73269,2.30219,-0.15619
715.10000,-1.72312,2.30127,-0.13242
715.15000,-1.71920,2.30085,-0.06968
715.20000,-1.71655,2.30076,0.00360
715.25000,-1.71358,2.30089,0.07984
715.30000,-1.71031,2.30128,0.15782
715.35000,-1.70699,2.30176,0.22626
715.40000,-1.70361,2.30234,0.27843
715.45000,-1.70002,2.30316,0.31460
715.50000,-1.69639,2.30404,0.34112
715.55000,-1.69275,2.30499,0.35324
715.60000,-1.68900,2.30605,0.35683
715.65000,-1.68521,2.30727,0.34833
715.70000,-1.68063,2.30888,0.32874
715.75000,-1.67380,2.31110,0.29766
715.80000,-1.66526,2.31354,0.25784
715.85000,-1.65652,2.31565,0.21732
715.90000,-1.64768,2.31743,0.17833
715.95000,-1.63876,2.31886,0.13985
716.00000,-1.62978,2.31995,0.10157
716.05000,-1.62073,2.32067,0.07825
716.10000,-1.61161,2.32126,0.08033
716.15000,-1.60266,2.32191,0.10286
716.20000,-1.59592,2.32257,0.14591
716.25000,-1.59147,2.32334,0.20400
716.30000,-1.58896,2.32394,0.27577
716.35000,-1.58731,2.32440,0.34203
716.40000,-1.58595,2.32462,0.38555
716.45000,-1.58516,2.32455,0.40181
716.50000,-1.58393,2.32509,0.40147
716.55000,-1.58170,2.32604,0.39496
716.60000,-1.57838,2.32742,0.38236
716.65000,-1.57381,2.32922,0.36336
716.70000,-1.56775,2.33145,0.33638
716.75000,-1.55986,2.33407,0.30011
716.80000,-1.55119,2.33656,0.26076
716.85000,-1.54242,2.33872,0.22238
716.90000,-1.53356,2.34055,0.18414
716.95000,-1.52448,2.34204,0.16033
717.00000,-1.51480,2.34364,0.15776
717.05000,-1.50562,2.34505,0.17664
717.10000,-1.49838,2.34647,0.21486
717.15000,-1.49249,2.34790,0.26697
717.20000,-1.48859,2.34909,0.33287
717.25000,-1.48691,2.34974,0.41028
717.30000,-1.48562,2.35031,0.47717
717.35000,-1.48457,2.35070,0.52103
717.40000,-1.48416,2.35056,0.53993
717.45000,-1.48172,2.35217,0.53158
717.50000,-1.47731,2.35472,0.51162
717.55000,-1.47130,2.35799,0.48285
717.60000,-1.46353,2.36188,0.44566
717.65000,-1.45531,2.36562,0.40732
717.70000,-1.44694,2.36905,0.36942
717.75000,-1.43844,2.37215,0.33124
717.80000,-1.42983,2.37493,0.29322
717.85000,-1.42118,2.37737,0.27068
717.90000,-1.41224,2.37985,0.26684
717.95000,-1.40316,2.38243,0.27488
718.00000,-1.39464,2.38486,0.30849
718.05000,-1.38853,2.38695,0.35762
718.10000,-1.38445,2.38860,0.42126
718.15000,-1.38254,2.38954,0.49762
718.20000,-1.38101,2.39038,0.56319
718.25000,-1.37955,2.39121,0.60979
718.30000,-1.37788,2.39230,0.63858
718.35000,-1.37606,2.39357,0.65515
718.40000,-1.37412,2.39498,0.66284
718.45000,-1.37198,2.39663,0.66101
718.50000,-1.36796,2.39978,0.64289
718.55000,-1.36192,2.40418,0.61585
718.60000,-1.35416,2.40947,0.57977
718.65000,-1.34619,2.41446,0.54087
718.70000,-1.33753,2.41945,0.50479
718.75000,-1.32869,2.42413,0.46919
718.80000,-1.31970,2.42849,0.43334
718.85000,-1.31132,2.43215,0.39281
718.90000,-1.30333,2.43532,0.36808
718.95000,-1.29507,2.43863,0.36769
719.00000,-1.28794,2.44132,0.39210
719.05000,-1.28405,2.44301,0.44104
719.10000,-1.28181,2.44415,0.50587
719.15000,-1.28027,2.44508,0.57734
719.20000,-1.27883,2.44609,0.64851
719.25000,-1.27748,2.44713,0.70781
719.30000,-1.27601,2.44834,0.75221
719.35000,-1.27443,2.44969,0.78544
719.40000,-1.27277,2.45115,0.80737
719.45000,-1.27099,2.45276,0.81858
719.50000,-1.26883,2.45494,0.81023
719.55000,-1.26463,2.45929,0.78473
719.60000,-1.25848,2.46523,0.75061
719.65000,-1.25105,2.47190,0.71138
719.70000,-1.24334,2.47828,0.67221
719.75000,-1.23575,2.48406,0.63193
719.80000,-1.22760,2.48979,0.59374
719.85000,-1.21976,2.49484,0.55258
719.90000,-1.21118,2.49989,0.51281
719.95000,-1.20319,2.50430,0.48657
720.00000,-1.19581,2.50814,0.49040
720.05000,-1.19147,2.51052,0.52503
720.10000,-1.18887,2.51212,0.57953
720.15000,-1.18706,2.51338,0.64378
720.20000,-1.18542,2.51470,0.70826
720.25000,-1.18388,2.51605,0.76089
720.30000,-1.18232,2.51745,0.79735
720.35000,-1.18068,2.51897,0.82436
720.40000,-1.17897,2.52059,0.84218
720.45000,-1.17743,2.52214,0.84042
720.50000,-1.17510,2.52470,0.82528
720.55000,-1.17119,2.52884,0.80101
720.60000,-1.16538,2.53464,0.76694
720.65000,-1.15811,2.54135,0.72626
720.70000,-1.15101,2.54737,0.68295
720.75000,-1.14318,2.55346,0.64167
720.80000,-1.13510,2.55922,0.59963
720.85000,-1.12737,2.56433,0.57228
720.90000,-1.11957,2.56934,0.57074
720.95000,-1.11200,2.57426,0.58855
721.00000,-1.10569,2.57862,0.62428
721.05000,-1.10176,2.58158,0.67363
721.10000,-1.09970,2.58332,0.73181
721.15000,-1.09782,2.58510,0.78998
721.20000,-1.09608,2.58690,0.83656
721.25000,-1.09485,2.58825,0.85918
721.30000,-1.09416,2.58910,0.86464
721.35000,-1.09278,2.59072,0.85420
721.40000,-1.09025,2.59357,0.83503
721.45000,-1.08640,2.59770,0.80656
721.50000,-1.08105,2.60308,0.76788
721.55000,-1.07457,2.60906,0.72274
721.60000,-1.06779,2.61476,0.67721
721.65000,-1.06087,2.62019,0.64782
721.70000,-1.05386,2.62547,0.64677
721.75000,-1.04770,2.63016,0.66899
721.80000,-1.04272,2.63423,0.70768
721.85000,-1.03986,2.63679,0.75900
721.90000,-1.03779,2.63887,0.81416
721.95000,-1.03582,2.64107,0.86911
722.00000,-1.03406,2.64321,0.91207
722.05000,-1.03315,2.64458,0.91781
722.10000,-1.03083,2.64756,0.89952
722.15000,-1.02699,2.65226,0.87096
722.20000,-1.02196,2.65801,0.83462
722.25000,-1.01604,2.66428,0.79299
722.30000,-1.00965,2.67050,0.74994
722.35000,-1.00313,2.67657,0.71601
722.40000,-0.99610,2.68307,0.70514
722.45000,-0.98856,2.68995,0.71618
722.50000,-0.98371,2.69431,0.75468
722.55000,-0.98110,2.69688,0.80610
722.60000,-0.97911,2.69906,0.86046
722.65000,-0.97725,2.70135,0.91453
722.70000,-0.97552,2.70364,0.95722
722.75000,-0.97432,2.70549,0.97496
722.80000,-0.97326,2.70719,0.97026
722.85000,-0.97027,2.71144,0.94784
722.90000,-0.96578,2.71749,0.91368
722.95000,-0.96035,2.72425,0.87400
723.00000,-0.95445,2.73100,0.83253
723.05000,-0.94876,2.73701,0.79080
723.10000,-0.94296,2.74286,0.75646
723.15000,-0.93672,2.74896,0.75032
723.20000,-0.93041,2.75486,0.76517
723.25000,-0.92467,2.76044,0.79533
723.30000,-0.92103,2.76429,0.83784
723.35000,-0.91908,2.76657,0.88965
723.40000,-0.91735,2.76883,0.94189
723.45000,-0.91575,2.77115,0.99372
723.50000,-0.91432,2.77344,1.03281
723.55000,-0.91311,2.77564,1.03513
723.60000,-0.91051,2.77990,1.01799
723.65000,-0.90680,2.78570,0.99071
723.70000,-0.90241,2.79215,0.95451
723.75000,-0.89804,2.79803,0.90796
723.80000,-0.89329,2.80380,0.85577
723.85000,-0.88765,2.80994,0.80204
723.90000,-0.88139,2.81607,0.74653
723.95000,-0.87461,2.82199,0.68952
724.00000,-0.86714,2.82779,0.63257
724.05000,-0.85927,2.83323,0.57487
724.10000,-0.85091,2.83830,0.51714
724.15000,-0.84239,2.84282,0.45833
724.20000,-0.83346,2.84690,0.39977
724.25000,-0.82463,2.85033,0.33965
724.30000,-0.81521,2.85335,0.28300
724.35000,-0.80633,2.85565,0.24269
724.40000,-0.79799,2.85760,0.23376
724.45000,-0.78939,2.85983,0.24364
724.50000,-0.78132,2.86195,0.27031
724.55000,-0.77559,2.86364,0.30816
724.60000,-0.77244,2.86472,0.35668
724.65000,-0.77020,2.86556,0.39852
724.70000,-0.76798,2.86644,0.42054
724.75000,-0.76600,2.86716,0.41133
724.80000,-0.76280,2.86849,0.37496
724.85000,-0.75757,2.87042,0.33240
724.90000,-0.75087,2.87255,0.28557
724.95000,-0.74341,2.87453,0.23448
725.00000,-0.73590,2.87611,0.17840
725.05000,-0.72777,2.87734,0.12094
725.10000,-0.71892,2.87815,0.06354
725.15000,-0.71056,2.87843,0.00251
725.20000,-0.70215,2.87819,-0.05947
725.25000,-0.69350,2.87741,-0.12132
725.30000,-0.68479,2.87607,-0.18334
725.35000,-0.67626,2.87461,-0.23827
725.40000,-0.66837,2.87326,-0.28094
725.45000,-0.66279,2.87221,-0.31568
725.50000,-0.65697,2.87084,-0.33136
725.55000,-0.65096,2.86925,-0.33780
725.60000,-0.64496,2.86767,-0.34292
725.65000,-0.63898,2.86610,-0.34621
725.70000,-0.63300,2.86452,-0.34686
725.75000,-0.62701,2.86291,-0.33720
725.80000,-0.62098,2.86122,-0.31259
725.85000,-0.61504,2.85949,-0.26861
725.90000,-0.61107,2.85850,-0.21067
725.95000,-0.60778,2.85791,-0.14914
726.00000,-0.60462,2.85757,-0.09868
726.05000,-0.60228,2.85777,-0.07760
726.10000,-0.60030,2.85790,-0.08550
726.15000,-0.59638,2.85749,-0.11951
726.20000,-0.59064,2.85668,-0.16066
726.25000,-0.58356,2.85536,-0.20647
726.30000,-0.57568,2.85351,-0.25588
726.35000,-0.56724,2.85106,-0.30758
726.40000,-0.55856,2.84805,-0.36122
726.45000,-0.54997,2.84489,-0.40788
726.50000,-0.54157,2.84190,-0.44344
726.55000,-0.53300,2.83868,-0.45597
726.60000,-0.52436,2.83537,-0.46145
726.65000,-0.51573,2.83206,-0.46536
726.70000,-0.50712,2.82877,-0.46702
726.75000,-0.49850,2.82545,-0.46175
726.80000,-0.48984,2.82204,-0.44133
726.85000,-0.48131,2.81852,-0.40012
726.90000,-0.47456,2.81587,-0.34338
726.95000,-0.46941,2.81421,-0.27605
727.00000,-0.46390,2.81286,-0.20696
727.05000,-0.45847,2.81191,-0.14767
727.10000,-0.45388,2.81186,-0.11760
727.15000,-0.45022,2.81204,-0.11542
727.20000,-0.44669,2.81163,-0.14056
727.25000,-0.44143,2.81077,-0.18101
727.30000,-0.43499,2.80943,-0.22755
727.35000,-0.42773,2.80755,-0.27807
727.40000,-0.42000,2.80512,-0.33153
727.45000,-0.41208,2.80214,-0.38723
727.50000,-0.40419,2.79896,-0.43687
727.55000,-0.39609,2.79550,-0.46531
727.60000,-0.38743,2.79142,-0.46560
727.65000,-0.37851,2.78704,-0.45494
727.70000,-0.37274,2.78433,-0.41157
727.75000,-0.36860,2.78267,-0.35265
727.80000,-0.36357,2.78099,-0.29061
727.85000,-0.35787,2.77949,-0.22638
727.90000,-0.35165,2.77827,-0.16069
727.95000,-0.34503,2.77742,-0.09409
728.00000,-0.33854,2.77707,-0.03659
728.05000,-0.33268,2.77704,-0.00473
728.10000,-0.32760,2.77706,0.00575
728.15000,-0.32312,2.77707,-0.00036
728.20000,-0.31901,2.77701,-0.02229
728.25000,-0.31361,2.77674,-0.06308
728.30000,-0.30662,2.77612,-0.11226
728.35000,-0.29880,2.77503,-0.16436
728.40000,-0.29078,2.77348,-0.21952
728.45000,-0.28315,2.77155,-0.27647
728.50000,-0.27566,2.76943,-0.32711
728.55000,-0.26792,2.76702,-0.35553
728.60000,-0.25998,2.76435,-0.36384
728.65000,-0.25205,2.76166,-0.36120
728.70000,-0.24400,2.75881,-0.34091
728.75000,-0.23648,2.75630,-0.29828
728.80000,-0.23045,2.75462,-0.24236
728.85000,-0.22456,2.75336,-0.18047
728.90000,-0.21812,2.75239,-0.11675
728.95000,-0.21128,2.75182,-0.05181
729.00000,-0.20415,2.75168,0.01393
729.05000,-0.19710,2.75174,0.07198
729.10000,-0.19013,2.75176,0.11491
729.15000,-0.18348,2.75166,0.12678
729.20000,-0.17743,2.75210,0.10974
729.25000,-0.17080,2.75277,0.07583
729.30000,-0.16263,2.75322,0.03524
729.35000,-0.15348,2.75334,-0.00918
729.40000,-0.14438,2.75305,-0.05474
729.45000,-0.13585,2.75239,-0.09989
729.50000,-0.12740,2.75135,-0.14500
729.55000,-0.11901,2.74993,-0.19078
729.60000,-0.11075,2.74839,-0.22929
729.65000,-0.10242,2.74665,-0.23862
729.70000,-0.09680,2.74559,-0.21317
729.75000,-0.09357,2.74498,-0.16546
729.80000,-0.08957,2.74443,-0.10969
729.85000,-0.08476,2.74405,-0.05002
729.90000,-0.08003,2.74395,0.00976
729.95000,-0.07536,2.74401,0.06211
730.00000,-0.07064,2.74416,0.09980
730.05000,-0.06598,2.74430,0.11326
730.10000,-0.06109,2.74469,0.11511
730.15000,-0.05584,2.74537,0.09937
730.20000,-0.04859,2.74600,0.06202
730.25000,-0.03973,2.74636,0.02042
730.30000,-0.03002,2.74635,-0.02261
730.35000,-0.02031,2.74592,-0.06622
730.40000,-0.01075,2.74507,-0.11052
730.45000,-0.00171,2.74385,-0.15914
730.50000,0.00653,2.74230,-0.21445
730.55000,0.01480,2.74025,-0.27211
730.60000,0.02320,2.73764,-0.33075
730.65000,0.03179,2.73440,-0.38942
730.70000,0.04032,2.73060,-0.44841
730.75000,0.04875,2.72624,-0.50760
730.80000,0.05710,2.72126,-0.56637
730.85000,0.06523,2.71575,-0.62510
730.90000,0.07299,2.71019,-0.67500
730.95000,0.07962,2.70543,-0.71254
731.00000,0.08285,2.70258,-0.73299
731.05000,0.08524,2.70041,-0.74828
731.10000,0.08808,2.69767,-0.78012
731.15000,0.09225,2.69338,-0.81915
731.20000,0.09674,2.68856,-0.85253
731.25000,0.10154,2.68334,-0.85615
731.30000,0.10496,2.67949,-0.82910
731.35000,0.10657,2.67782,-0.77667
731.40000,0.10797,2.67652,-0.71578
731.45000,0.10937,2.67538,-0.65475
731.50000,0.11078,2.67434,-0.60676
731.55000,0.11184,2.67375,-0.59374
731.60000,0.11318,2.67292,-0.61170
731.65000,0.11663,2.67038,-0.64394
731.70000,0.12124,2.66675,-0.68404
731.75000,0.12723,2.66165,-0.72678
731.80000,0.13358,2.65572,-0.77324
731.85000,0.13987,2.64957,-0.81330
731.90000,0.14421,2.64500,-0.83931
731.95000,0.14839,2.64018,-0.87342
732.00000,0.15305,2.63460,-0.90004
732.05000,0.15770,2.62889,-0.89869
732.10000,0.16148,2.62424,-0.87105
732.15000,0.16458,2.62071,-0.82531
732.20000,0.16598,2.61925,-0.76546
732.25000,0.16675,2.61856,-0.70164
732.30000,0.16754,2.61793,-0.65004
732.35000,0.16804,2.61768,-0.62895
732.40000,0.16825,2.61774,-0.63148
732.45000,0.17068,2.61585,-0.65310
732.50000,0.17560,2.61196,-0.68499
732.55000,0.18177,2.60671,-0.72399
732.60000,0.18801,2.60095,-0.76906
732.65000,0.19379,2.59533,-0.81090
732.70000,0.19974,2.58950,-0.83062
732.75000,0.20584,2.58343,-0.82478
732.80000,0.21181,2.57739,-0.79986
732.85000,0.21651,2.57272,-0.75905
732.90000,0.21912,2.57035,-0.70550
732.95000,0.21980,2.56981,-0.64140
733.00000,0.22031,2.56946,-0.58806
733.05000,0.22046,2.56953,-0.55813
733.10000,0.22014,2.56994,-0.55423
733.15000,0.22186,2.56882,-0.56800
733.20000,0.22641,2.56581,-0.59965
733.25000,0.23230,2.56161,-0.63977
733.30000,0.23888,2.55647,-0.68426
733.35000,0.24559,2.55073,-0.73077
733.40000,0.25205,2.54467,-0.77665
733.45000,0.25835,2.53846,-0.81496
733.50000,0.26498,2.53177,-0.82520
733.55000,0.27139,2.52498,-0.81012
733.60000,0.27627,2.52002,-0.77018
733.65000,0.27885,2.51763,-0.71634
733.70000,0.27956,2.51704,-0.65207
733.75000,0.28000,2.51673,-0.58633
733.80000,0.28043,2.51649,-0.53191
733.85000,0.28015,2.51698,-0.51064
733.90000,0.28058,2.51672,-0.51343
733.95000,0.28360,2.51496,-0.53171
734.00000,0.28914,2.51157,-0.56425
734.05000,0.29569,2.50724,-0.60340
734.10000,0.30281,2.50210,-0.64659
734.15000,0.30981,2.49658,-0.68962
734.20000,0.31658,2.49075,-0.73260
734.25000,0.32324,2.48474,-0.76711
734.30000,0.33007,2.47833,-0.77109
734.35000,0.33616,2.47252,-0.75076
734.40000,0.34077,2.46842,-0.70551
734.45000,0.34262,2.46692,-0.64707
734.50000,0.34310,2.46658,-0.58170
734.55000,0.34353,2.46632,-0.51632
734.60000,0.34397,2.46610,-0.46208
734.65000,0.34400,2.46633,-0.43630
734.70000,0.34450,2.46607,-0.43640
734.75000,0.34662,2.46503,-0.45029
734.80000,0.35202,2.46229,-0.48212
734.85000,0.35902,2.45845,-0.51985
734.90000,0.36573,2.45441,-0.56622
734.95000,0.37194,2.45022,-0.61967
735.00000,0.37834,2.44539,-0.67528
735.05000,0.38505,2.43968,-0.73095
735.10000,0.39167,2.43340,-0.78771
735.15000,0.39804,2.42662,-0.84540
735.20000,0.40421,2.41925,-0.90306
735.25000,0.41001,2.41143,-0.96101
735.30000,0.41549,2.40309,-1.01860
735.35000,0.42045,2.39449,-1.07669
735.40000,0.42494,2.38556,-1.13398
735.45000,0.42889,2.37640,-1.19160
735.50000,0.43230,2.36707,-1.24972
735.55000,0.43461,2.35924,-1.30875
735.60000,0.43578,2.35431,-1.37558
735.65000,0.43623,2.35152,-1.45118
735.70000,0.43636,2.35000,-1.53169
735.75000,0.43636,2.34935,-1.61520
735.80000,0.43632,2.34885,-1.69864
735.85000,0.43623,2.34838,-1.78138
735.90000,0.43612,2.34793,-1.86339
735.95000,0.43598,2.34752,-1.94465
736.00000,0.43581,2.34713,-2.02512
736.05000,0.43562,2.34678,-2.10477
736.10000,0.43541,2.34645,-2.18358
736.15000,0.43518,2.34615,-2.26157
736.20000,0.43492,2.34587,-2.33874
736.25000,0.43465,2.34560,-2.41508
736.30000,0.43435,2.34536,-2.49056
736.35000,0.43404,2.34514,-2.56516
736.40000,0.43371,2.34494,-2.63887
736.45000,0.43337,2.34477,-2.71165
736.50000,0.43301,2.34462,-2.78350
736.55000,0.43264,2.34450,-2.85439
736.60000,0.43227,2.34440,-2.92430
736.65000,0.43190,2.34433,-2.99321
736.70000,0.43154,2.34429,-3.06110
736.75000,0.43118,2.34428,-3.12793
736.80000,0.43084,2.34428,3.08948
736.85000,0.43049,2.34431,3.02477
736.90000,0.43015,2.34436,2.96111
736.95000,0.42982,2.34443,2.89854
737.00000,0.42949,2.34453,2.83706
737.05000,0.42917,2.34464,2.77667
737.10000,0.42885,2.34477,2.71740
737.15000,0.42855,2.34492,2.65923
737.20000,0.42825,2.34509,2.60217
737.25000,0.42797,2.34527,2.54620
737.30000,0.42769,2.34547,2.49131
737.35000,0.42743,2.34568,2.43754
737.40000,0.42718,2.34590,2.38487
737.45000,0.42694,2.34613,2.33331
737.50000,0.42511,2.34820,2.28435
737.55000,0.42079,2.35343,2.23859
737.60000,0.41636,2.35919,2.20758
737.65000,0.41113,2.36628,2.19946
737.70000,0.40528,2.37434,2.19815
737.75000,0.39943,2.38242,2.19685
737.80000,0.39359,2.39050,2.19603
737.85000,0.38773,2.39861,2.19607
737.90000,0.38187,2.40673,2.19655
737.95000,0.37599,2.41486,2.19783
738.00000,0.37009,2.42299,2.19960
738.05000,0.36417,2.43111,2.20190
738.10000,0.35824,2.43919,2.20504
738.15000,0.35227,2.44728,2.20857
738.20000,0.34628,2.45533,2.21225
738.25000,0.34024,2.46339,2.21672
738.30000,0.33418,2.47138,2.22173
738.35000,0.32811,2.47931,2.22669
738.40000,0.32201,2.48720,2.23248
738.45000,0.31584,2.49507,2.23773
738.50000,0.30964,2.50291,2.24404
738.55000,0.30417,2.50988,2.23717
738.60000,0.29885,2.51681,2.21394
738.65000,0.29331,2.52440,2.18863
738.70000,0.28788,2.53224,2.16474
738.75000,0.28250,2.54033,2.15281
738.80000,0.27717,2.54840,2.16071
738.85000,0.27161,2.55665,2.17050
738.90000,0.26606,2.56467,2.18058
738.95000,0.26040,2.57273,2.18614
739.00000,0.25451,2.58099,2.17886
739.05000,0.24901,2.58908,2.15976
739.10000,0.24376,2.59714,2.13997
739.15000,0.23875,2.60511,2.13372
739.20000,0.23470,2.61144,2.15455
739.25000,0.23033,2.61783,2.18736
739.30000,0.22515,2.62484,2.22631
739.35000,0.21953,2.63186,2.26681
739.40000,0.21362,2.63864,2.30700
739.45000,0.20744,2.64519,2.34678
739.50000,0.20101,2.65149,2.38644
739.55000,0.19433,2.65754,2.42612
739.60000,0.18741,2.66331,2.46574
739.65000,0.18027,2.66881,2.50523
739.70000,0.17291,2.67402,2.54440
739.75000,0.16536,2.67895,2.58374
739.80000,0.15761,2.68357,2.62301
739.85000,0.14970,2.68788,2.66237
739.90000,0.14161,2.69188,2.70146
739.95000,0.13336,2.69558,2.73990
740.00000,0.12405,2.69936,2.77732
740.05000,0.11475,2.70270,2.81448
740.10000,0.10522,2.70577,2.85054
740.15000,0.09521,2.70858,2.88704
740.20000,0.08541,2.71095,2.92223
740.25000,0.07532,2.71300,2.95880
740.30000,0.06558,2.71462,2.99532
740.35000,0.05522,2.71593,3.03231
740.40000,0.04608,2.71675,3.07088
740.45000,0.03727,2.71718,3.09700
740.50000,0.02942,2.71727,3.10503
740.55000,0.02359,2.71720,3.09999
740.60000,0.02056,2.71715,3.08153
740.65000,0.02091,2.71709,3.04780
740.70000,0.02138,2.71707,3.01259
740.75000,0.02180,2.71701,2.97792
740.80000,0.02260,2.71694,2.94791
740.85000,0.02311,2.71719,2.93413
740.90000,0.02262,2.71779,2.93145
740.95000,0.02015,2.71882,2.93753
741.00000,0.01523,2.72027,2.95372
741.05000,0.00861,2.72198,2.97731
741.10000,-0.00045,2.72350,3.01124
741.15000,-0.01038,2.72462,3.04765
741.20000,-0.02035,2.72537,3.08395
741.25000,-0.02885,2.72576,3.10005
741.30000,-0.03474,2.72592,3.09746
741.35000,-0.03858,2.72585,3.08459
741.40000,-0.04050,2.72578,3.06198
741.45000,-0.04075,2.72578,3.03126
741.50000,-0.04083,2.72579,2.99918
741.55000,-0.04092,2.72581,2.96707
741.60000,-0.04100,2.72582,2.93499
741.65000,-0.04109,2.72586,2.91022
741.70000,-0.04126,2.72600,2.89374
741.75000,-0.04156,2.72629,2.88552
741.80000,-0.04212,2.72662,2.88519
741.85000,-0.04381,2.72710,2.89072
741.90000,-0.04683,2.72787,2.90200
741.95000,-0.05129,2.72894,2.91939
742.00000,-0.05752,2.73030,2.94431
742.05000,-0.06593,2.73199,2.97808
742.10000,-0.07583,2.73342,3.01735
742.15000,-0.08419,2.73436,3.03546
742.20000,-0.08942,2.73479,3.02968
742.25000,-0.09268,2.73506,3.01352
742.30000,-0.09356,2.73518,2.98555
742.35000,-0.09364,2.73519,2.95337
742.40000,-0.09372,2.73521,2.92172
742.45000,-0.09380,2.73522,2.89135
742.50000,-0.09387,2.73526,2.86925
742.55000,-0.09457,2.73565,2.86735
742.60000,-0.09742,2.73653,2.87874
742.65000,-0.10177,2.73768,2.89656
742.70000,-0.10780,2.73914,2.92124
742.75000,-0.11599,2.74095,2.95448
742.80000,-0.12514,2.74242,2.97714
742.85000,-0.13250,2.74339,2.98154
742.90000,-0.13782,2.74416,2.97454
742.95000,-0.14068,2.74457,2.95470
743.00000,-0.14091,2.74460,2.92218
743.05000,-0.14098,2.74462,2.88807
743.10000,-0.14106,2.74464,2.85444
743.15000,-0.14114,2.74467,2.82162
743.20000,-0.14121,2.74471,2.79773
743.25000,-0.14190,2.74509,2.79512
743.30000,-0.14442,2.74603,2.80529
743.35000,-0.14846,2.74742,2.82175
743.40000,-0.15415,2.74925,2.84508
743.45000,-0.16197,2.75153,2.87720
743.50000,-0.17156,2.75395,2.91630
743.55000,-0.18106,2.75588,2.94106
743.60000,-0.18858,2.75726,2.94527
743.65000,-0.19332,2.75804,2.93485
743.70000,-0.19604,2.75860,2.91312
743.75000,-0.19664,2.75874,2.88088
743.80000,-0.19671,2.75876,2.84555
743.85000,-0.19678,2.75878,2.81010
743.90000,-0.19685,2.75881,2.77479
743.95000,-0.19692,2.75886,2.74809
744.00000,-0.19699,2.75893,2.73234
744.05000,-0.19701,2.75899,2.72642
744.10000,-0.19748,2.75921,2.72845
744.15000,-0.19909,2.75992,2.73631
744.20000,-0.20233,2.76129,2.75118
744.25000,-0.20748,2.76335,2.77436
744.30000,-0.21468,2.76601,2.80621
744.35000,-0.22387,2.76903,2.84594
744.40000,-0.23349,2.77175,2.88702
744.45000,-0.24283,2.77390,2.91391
744.50000,-0.25030,2.77498,2.91646
744.55000,-0.25474,2.77530,2.90258
744.60000,-0.25537,2.77515,2.87077
744.65000,-0.25545,2.77517,2.83559
744.70000,-0.25553,2.77520,2.80118
744.75000,-0.25561,2.77523,2.76795
744.80000,-0.25570,2.77527,2.73622
744.85000,-0.25600,2.77542,2.71827
744.90000,-0.25717,2.77602,2.72152
744.95000,-0.26175,2.77808,2.74171
745.00000,-0.26851,2.78085,2.77109
745.05000,-0.27621,2.78370,2.80744
745.10000,-0.28374,2.78611,2.83452
745.15000,-0.29029,2.78773,2.83895
745.20000,-0.29465,2.78896,2.82988
745.25000,-0.29621,2.78934,2.80747
745.30000,-0.29559,2.78913,2.77497
745.35000,-0.29499,2.78891,2.74273
745.40000,-0.29450,2.78871,2.71207
745.45000,-0.29397,2.78846,2.68239
745.50000,-0.29390,2.78841,2.66983
745.55000,-0.29602,2.78958,2.67886
745.60000,-0.30105,2.79207,2.70059
745.65000,-0.30817,2.79532,2.73064
745.70000,-0.31645,2.79880,2.76554
745.75000,-0.32474,2.80191,2.79344
745.80000,-0.33099,2.80406,2.79962
745.85000,-0.33412,2.80512,2.78973
745.90000,-0.33468,2.80526,2.76722
745.95000,-0.33427,2.80511,2.74059
746.00000,-0.33389,2.80496,2.71402
746.05000,-0.33354,2.80481,2.68821
746.10000,-0.33321,2.80464,2.66366
746.15000,-0.33332,2.80462,2.65197
746.20000,-0.33523,2.80573,2.65883
746.25000,-0.34060,2.80847,2.68151
746.30000,-0.34807,2.81202,2.71284
746.35000,-0.35711,2.81595,2.75029
746.40000,-0.36588,2.81919,2.77520
746.45000,-0.37202,2.82143,2.78269
746.50000,-0.37552,2.82271,2.77587
746.55000,-0.37710,2.82326,2.75776
746.60000,-0.37724,2.82327,2.73530
746.65000,-0.37713,2.82321,2.71113
746.70000,-0.37688,2.82311,2.68885
746.75000,-0.37667,2.82301,2.66771
746.80000,-0.37664,2.82299,2.64689
746.85000,-0.37661,2.82297,2.62720
746.90000,-0.37671,2.82307,2.61722
746.95000,-0.37952,2.82480,2.62927
747.00000,-0.38531,2.82796,2.65329
747.05000,-0.39305,2.83191,2.68535
747.10000,-0.40067,2.83541,2.70738
747.15000,-0.40517,2.83740,2.71134
747.20000,-0.40674,2.83808,2.70002
747.25000,-0.40697,2.83818,2.68309
747.30000,-0.40684,2.83812,2.66525
747.35000,-0.40665,2.83803,2.64805
747.40000,-0.40652,2.83796,2.63115
747.45000,-0.40662,2.83796,2.62697
747.50000,-0.40816,2.83890,2.64431
747.55000,-0.41271,2.84130,2.67388
747.60000,-0.41889,2.84432,2.71046
747.65000,-0.42538,2.84706,2.73479
747.70000,-0.43002,2.84901,2.74875
747.75000,-0.43487,2.85110,2.77828
747.80000,-0.44142,2.85351,2.81573
747.85000,-0.44821,2.85540,2.84147
747.90000,-0.45293,2.85659,2.84628
747.95000,-0.45493,2.85709,2.83799
748.00000,-0.45485,2.85706,2.82117
748.05000,-0.45467,2.85700,2.80447
748.10000,-0.45466,2.85706,2.79874
748.15000,-0.45537,2.85749,2.81093
748.20000,-0.45820,2.85844,2.82417
748.25000,-0.46072,2.85917,2.82334
748.30000,-0.46137,2.85937,2.82817
748.35000,-0.46437,2.86033,2.85037
748.40000,-0.46837,2.86134,2.86625
748.45000,-0.47100,2.86201,2.87743
748.50000,-0.47280,2.86243,2.88733
748.55000,-0.47332,2.86249,2.87634
748.60000,-0.47322,2.86246,2.86203
748.65000,-0.47312,2.86243,2.84801
748.70000,-0.47303,2.86240,2.83421
748.75000,-0.47295,2.86238,2.82055
748.80000,-0.47287,2.86235,2.80698
748.85000,-0.47310,2.86242,2.80935
748.90000,-0.47538,2.86330,2.83022
748.95000,-0.48041,2.86490,2.85983
749.00000,-0.48693,2.86668,2.89674
749.05000,-0.49398,2.86818,2.92439
749.10000,-0.49912,2.86891,2.93377
749.15000,-0.50108,2.86922,2.94503
749.20000,-0.50444,2.86990,2.96970
749.25000,-0.50826,2.87051,2.98625
749.30000,-0.51097,2.87064,2.98430
749.35000,-0.51168,2.87064,2.97270
749.40000,-0.51179,2.87066,2.95716
749.45000,-0.51181,2.87069,2.94203
749.50000,-0.51176,2.87070,2.92748
749.55000,-0.51175,2.87071,2.91343
749.60000,-0.51176,2.87072,2.89909
749.65000,-0.51184,2.87081,2.89856
749.70000,-0.51208,2.87080,2.90498
749.75000,-0.51209,2.87076,2.89382
749.80000,-0.51259,2.87083,2.89716
749.85000,-0.51547,2.87153,2.91929
749.90000,-0.52065,2.87267,2.94963
749.95000,-0.52635,2.87346,2.97117
750.00000,-0.53035,2.87388,2.97677
750.05000,-0.53188,2.87399,2.97172
750.10000,-0.53188,2.87399,2.95975
750.15000,-0.53230,2.87404,2.96206
750.20000,-0.53295,2.87418,2.98037
750.25000,-0.53351,2.87424,3.00664
750.30000,-0.53447,2.87441,3.04740
750.35000,-0.53769,2.87470,3.09987
750.40000,-0.54261,2.87476,-3.12419
750.45000,-0.54832,2.87448,-3.06239
750.50000,-0.55460,2.87378,-2.99883
750.55000,-0.56136,2.87259,-2.93447
750.60000,-0.56825,2.87090,-2.86902
750.65000,-0.57523,2.86870,-2.80302
750.70000,-0.58232,2.86594,-2.73713
750.75000,-0.58937,2.86263,-2.67126
750.80000,-0.59632,2.85881,-2.60543
750.85000,-0.60320,2.85441,-2.54016
750.90000,-0.60981,2.84990,-2.48433
750.95000,-0.61646,2.84528,-2.44552
751.00000,-0.62114,2.84159,-2.43362
751.05000,-0.62378,2.83933,-2.43648
751.10000,-0.62624,2.83726,-2.44075
751.15000,-0.62674,2.83687,-2.45690
751.20000,-0.62667,2.83692,-2.47522
751.25000,-0.62661,2.83698,-2.49423
751.30000,-0.62667,2.83693,-2.51340
751.35000,-0.62672,2.83688,-2.53306
751.40000,-0.62677,2.83685,-2.55220
751.45000,-0.62683,2.83683,-2.57135
751.50000,-0.62704,2.83670,-2.57874
751.55000,-0.62709,2.83668,-2.58249
751.60000,-0.62721,2.83663,-2.58518
751.65000,-0.62791,2.83618,-2.55896
751.70000,-0.62975,2.83497,-2.52035
751.75000,-0.63273,2.83271,-2.47319
751.80000,-0.63661,2.82966,-2.43146
751.85000,-0.63996,2.82698,-2.39860
751.90000,-0.64231,2.82477,-2.36882
751.95000,-0.64469,2.82248,-2.35847
752.00000,-0.64677,2.82046,-2.36362
752.05000,-0.64688,2.82038,-2.38580
752.10000,-0.64678,2.82048,-2.40915
752.15000,-0.64649,2.82075,-2.43361
752.20000,-0.64620,2.82101,-2.45811
752.25000,-0.64592,2.82127,-2.48262
752.30000,-0.64564,2.82151,-2.50715
752.35000,-0.64537,2.82176,-2.53170
752.40000,-0.64510,2.82199,-2.55627
752.45000,-0.64489,2.82214,-2.56733
752.50000,-0.64543,2.82178,-2.54713
752.55000,-0.64786,2.82007,-2.51269
752.60000,-0.65093,2.81777,-2.46850
752.65000,-0.65451,2.81489,-2.42666
752.70000,-0.65801,2.81202,-2.40617
752.75000,-0.66084,2.80964,-2.41388
752.80000,-0.66139,2.80919,-2.43750
752.85000,-0.66148,2.80911,-2.46478
752.90000,-0.66150,2.80908,-2.49239
752.95000,-0.66156,2.80904,-2.50375
753.00000,-0.66238,2.80842,-2.48384
753.05000,-0.66478,2.80652,-2.45180
753.10000,-0.66790,2.80384,-2.40913
753.15000,-0.67157,2.80053,-2.36902
753.20000,-0.67513,2.79726,-2.34814
753.25000,-0.67797,2.79457,-2.35700
753.30000,-0.67826,2.79430,-2.38601
753.35000,-0.67845,2.79413,-2.41702
753.40000,-0.67845,2.79416,-2.44806
753.45000,-0.67809,2.79446,-2.48103
753.50000,-0.67792,2.79462,-2.49445
753.55000,-0.67843,2.79424,-2.47787
753.60000,-0.67977,2.79316,-2.44953
753.65000,-0.68244,2.79087,-2.41275
753.70000,-0.68637,2.78720,-2.36699
753.75000,-0.69136,2.78204,-2.31788
753.80000,-0.69727,2.77537,-2.26840
753.85000,-0.70311,2.76815,-2.23000
753.90000,-0.70776,2.76206,-2.22479
753.95000,-0.71062,2.75835,-2.23848
754.00000,-0.71132,2.75748,-2.26727
754.05000,-0.71135,2.75746,-2.30064
754.10000,-0.71130,2.75751,-2.33463
754.15000,-0.71157,2.75725,-2.36701
754.20000,-0.71186,2.75698,-2.39937
754.25000,-0.71215,2.75671,-2.43179
754.30000,-0.71246,2.75646,-2.46427
754.35000,-0.71279,2.75622,-2.48574
754.40000,-0.71335,2.75581,-2.48654
754.45000,-0.71528,2.75431,-2.46525
754.50000,-0.71950,2.75080,-2.43092
754.55000,-0.72484,2.74601,-2.39065
754.60000,-0.73083,2.74017,-2.34624
754.65000,-0.73709,2.73347,-2.29884
754.70000,-0.74344,2.72599,-2.24956
754.75000,-0.74936,2.71845,-2.21128
754.80000,-0.75465,2.71143,-2.20160
754.85000,-0.75843,2.70627,-2.21072
754.90000,-0.75906,2.70544,-2.24181
754.95000,-0.75876,2.70583,-2.27976
755.00000,-0.75845,2.70621,-2.31785
755.05000,-0.75814,2.70654,-2.35573
755.10000,-0.75836,2.70634,-2.37370
755.15000,-0.75944,2.70534,-2.36571
755.20000,-0.76250,2.70227,-2.34033
755.25000,-0.76679,2.69769,-2.30742
755.30000,-0.77130,2.69266,-2.28374
755.35000,-0.77505,2.68832,-2.28831
755.40000,-0.77705,2.68609,-2.31181
755.45000,-0.77702,2.68613,-2.34808
755.50000,-0.77699,2.68616,-2.38464
755.55000,-0.77705,2.68613,-2.41252
755.60000,-0.77789,2.68539,-2.41153
755.65000,-0.78042,2.68311,-2.39158
755.70000,-0.78383,2.67993,-2.37849
755.75000,-0.78630,2.67758,-2.37021
755.80000,-0.78796,2.67599,-2.36216
755.85000,-0.78929,2.67468,-2.36377
755.90000,-0.79064,2.67335,-2.36366
755.95000,-0.79170,2.67231,-2.36896
756.00000,-0.79377,2.67030,-2.35523
756.05000,-0.79780,2.66617,-2.32564
756.10000,-0.80277,2.66073,-2.29005
756.15000,-0.80773,2.65499,-2.26322
756.20000,-0.81185,2.65004,-2.26401
756.25000,-0.81449,2.64691,-2.28273
756.30000,-0.81466,2.64671,-2.31720
756.35000,-0.81414,2.64726,-2.35598
756.40000,-0.81360,2.64778,-2.39477
756.45000,-0.81304,2.64828,-2.43346
756.50000,-0.81276,2.64851,-2.46217
756.55000,-0.81326,2.64804,-2.46538
756.60000,-0.81461,2.64687,-2.45372
756.65000,-0.81912,2.64308,-2.42477
756.70000,-0.82474,2.63800,-2.38885
756.75000,-0.83107,2.63184,-2.34834
756.80000,-0.83776,2.62476,-2.30468
756.85000,-0.84418,2.61757,-2.27084
756.90000,-0.84992,2.61100,-2.26074
756.95000,-0.85413,2.60596,-2.26995
757.00000,-0.85592,2.60387,-2.29515
757.05000,-0.85574,2.60408,-2.33300
757.10000,-0.85551,2.60431,-2.37122
757.15000,-0.85511,2.60470,-2.41025
757.20000,-0.85462,2.60513,-2.44984
757.25000,-0.85417,2.60550,-2.48886
757.30000,-0.85399,2.60558,-2.51231
757.35000,-0.85469,2.60494,-2.51148
757.40000,-0.85811,2.60240,-2.49111
757.45000,-0.86354,2.59814,-2.46055
757.50000,-0.86986,2.59283,-2.42484
757.55000,-0.87680,2.58655,-2.38493
757.60000,-0.88364,2.58009,-2.35254
757.65000,-0.88953,2.57441,-2.34913
757.70000,-0.89317,2.57076,-2.36491
757.75000,-0.89429,2.56969,-2.39560
757.80000,-0.89408,2.56988,-2.43394
757.85000,-0.89395,2.57000,-2.47177
757.90000,-0.89364,2.57024,-2.51023
757.95000,-0.89307,2.57066,-2.54979
758.00000,-0.89293,2.57063,-2.57402
758.05000,-0.89344,2.57006,-2.57882
758.10000,-0.89611,2.56833,-2.56444
758.15000,-0.90167,2.56460,-2.53596
758.20000,-0.90847,2.55971,-2.50117
758.25000,-0.91589,2.55397,-2.46269
758.30000,-0.92354,2.54754,-2.42214
758.35000,-0.93091,2.54109,-2.38935
758.40000,-0.93762,2.53507,-2.38227
758.45000,-0.94224,2.53074,-2.39282
758.50000,-0.94484,2.52837,-2.41542
758.55000,-0.94550,2.52779,-2.44889
758.60000,-0.94572,2.52762,-2.48492
758.65000,-0.94594,2.52746,-2.52090
758.70000,-0.94617,2.52730,-2.55677
758.75000,-0.94641,2.52715,-2.59253
758.80000,-0.94677,2.52689,-2.61539
758.85000,-0.94796,2.52609,-2.61526
758.90000,-0.95203,2.52365,-2.59711
758.95000,-0.95850,2.51961,-2.56739
759.00000,-0.96629,2.51436,-2.53091
759.05000,-0.97438,2.50852,-2.49037
759.10000,-0.98154,2.50303,-2.45575
759.15000,-0.98874,2.49745,-2.44166
759.20000,-0.99420,2.49301,-2.44974
759.25000,-0.99584,2.49173,-2.47859
759.30000,-0.99567,2.49187,-2.51700
759.35000,-0.99511,2.49227,-2.55743
759.40000,-0.99449,2.49269,-2.59796
759.45000,-0.99385,2.49308,-2.63824
759.50000,-0.99350,2.49318,-2.66217
759.55000,-0.99405,2.49278,-2.66554
759.60000,-0.99806,2.49063,-2.64905
759.65000,-1.00466,2.48697,-2.62113
759.70000,-1.01271,2.48218,-2.58627
759.75000,-1.02095,2.47688,-2.54702
759.80000,-1.02840,2.47182,-2.51331
759.85000,-1.03585,2.46666,-2.50161
759.90000,-1.04145,2.46261,-2.51071
759.95000,-1.04522,2.45999,-2.53269
760.00000,-1.04850,2.45776,-2.56033
760.05000,-1.05121,2.45603,-2.59193
760.10000,-1.05339,2.45475,-2.62689
760.15000,-1.05432,2.45433,-2.66441
760.20000,-1.05445,2.45430,-2.70191
760.25000,-1.05460,2.45421,-2.73100
760.30000,-1.05563,2.45359,-2.73639
760.35000,-1.05957,2.45181,-2.72263
760.40000,-1.06652,2.44861,-2.69616
760.45000,-1.07503,2.44437,-2.66238
760.50000,-1.08372,2.43973,-2.62456
760.55000,-1.09158,2.43523,-2.59277
760.60000,-1.09942,2.43065,-2.58221
760.65000,-1.10506,2.42723,-2.59446
760.70000,-1.10940,2.42465,-2.61698
760.75000,-1.11300,2.42270,-2.64297
760.80000,-1.11416,2.42217,-2.67620
760.85000,-1.11377,2.42236,-2.71585
760.90000,-1.11361,2.42244,-2.75394
760.95000,-1.11384,2.42235,-2.78972
761.00000,-1.11436,2.42214,-2.81106
761.05000,-1.11651,2.42123,-2.80895
761.10000,-1.12190,2.41924,-2.79192
761.15000,-1.12972,2.41627,-2.76460
761.20000,-1.13906,2.41239,-2.73075
761.25000,-1.14775,2.40852,-2.69415
761.30000,-1.15598,2.40453,-2.66497
761.35000,-1.16416,2.40045,-2.65531
761.40000,-1.16849,2.39833,-2.67171
761.45000,-1.16914,2.39802,-2.70535
761.50000,-1.16935,2.39793,-2.74132
761.55000,-1.16956,2.39785,-2.77713
761.60000,-1.16977,2.39777,-2.81273
761.65000,-1.16998,2.39770,-2.84812
761.70000,-1.17045,2.39741,-2.87173
761.75000,-1.17257,2.39648,-2.87150
761.80000,-1.17790,2.39490,-2.85567
761.85000,-1.18573,2.39249,-2.82935
761.90000,-1.19477,2.38942,-2.79822
761.95000,-1.20413,2.38590,-2.76560
762.00000,-1.21333,2.38232,-2.73887
762.05000,-1.22236,2.37887,-2.72123
762.10000,-1.23120,2.37560,-2.71326
762.15000,-1.23984,2.37245,-2.71160
762.20000,-1.24751,2.36942,-2.71673
762.25000,-1.25399,2.36658,-2.72781
762.30000,-1.25937,2.36428,-2.74424
762.35000,-1.26362,2.36255,-2.76592
762.40000,-1.26670,2.36138,-2.79280
762.45000,-1.26792,2.36095,-2.82745
762.50000,-1.26810,2.36090,-2.86621
762.55000,-1.26828,2.36085,-2.90431
762.60000,-1.26848,2.36081,-2.94157
762.65000,-1.26868,2.36077,-2.97801
762.70000,-1.26919,2.36067,-3.00146
762.75000,-1.27135,2.36006,-3.00415
762.80000,-1.27680,2.35911,-2.99244
762.85000,-1.28500,2.35777,-2.96949
762.90000,-1.29463,2.35596,-2.94078
762.95000,-1.30440,2.35382,-2.91172
763.00000,-1.31410,2.35140,-2.88269
763.05000,-1.32368,2.34892,-2.85926
763.10000,-1.33304,2.34663,-2.84669
763.15000,-1.34188,2.34464,-2.84760
763.20000,-1.34973,2.34274,-2.85463
763.25000,-1.35635,2.34095,-2.86761
763.30000,-1.36075,2.33976,-2.89035
763.35000,-1.36271,2.33928,-2.92338
763.40000,-1.36292,2.33924,-2.96343
763.45000,-1.36307,2.33921,-3.00318
763.50000,-1.36322,2.33919,-3.04203
763.55000,-1.36338,2.33918,-3.07999
763.60000,-1.36388,2.33919,-3.10533
763.65000,-1.36585,2.33907,-3.11104
763.70000,-1.37091,2.33885,-3.10222
763.75000,-1.37947,2.33842,-3.07943
763.80000,-1.38983,2.33762,-3.04944
763.85000,-1.40055,2.33646,-3.01813
763.90000,-1.41078,2.33508,-2.98852
763.95000,-1.42027,2.33358,-2.96606
764.00000,-1.42987,2.33192,-2.95655
764.05000,-1.43893,2.33046,-2.96157
764.10000,-1.44729,2.32912,-2.97524
764.15000,-1.45561,2.32778,-2.99318
764.20000,-1.46364,2.32665,-3.01357
764.25000,-1.47043,2.32596,-3.04074
764.30000,-1.47332,2.32574,-3.08622
764.35000,-1.47420,2.32571,3.14108
764.40000,-1.47431,2.32571,3.08202
764.45000,-1.47446,2.32578,3.03325
764.50000,-1.47500,2.32623,3.01025
764.55000,-1.47656,2.32687,3.00252
764.60000,-1.47937,2.32756,3.00191
764.65000,-1.48391,2.32849,3.00992
764.70000,-1.49123,2.32967,3.03261
764.75000,-1.49997,2.33058,3.06264
764.80000,-1.50917,2.33116,3.09415
764.85000,-1.51838,2.33146,3.12541
764.90000,-1.52761,2.33146,-3.12684
764.95000,-1.53687,2.33128,-3.10091
765.00000,-1.54611,2.33108,-3.08912
765.05000,-1.55523,2.33097,-3.09707
765.10000,-1.56429,2.33087,-3.12151
765.15000,-1.57319,2.33083,3.12215
765.20000,-1.58080,2.33091,3.07064
765.25000,-1.58650,2.33118,3.00784
765.30000,-1.58969,2.33165,2.93426
765.35000,-1.59121,2.33189,2.86480
765.40000,-1.59281,2.33225,2.81151
765.45000,-1.59466,2.33290,2.77622
765.50000,-1.59667,2.33375,2.75528
765.55000,-1.59875,2.33470,2.74345
765.60000,-1.60096,2.33580,2.74001
765.65000,-1.60425,2.33739,2.74566
765.70000,-1.60920,2.33944,2.75903
765.75000,-1.61571,2.34199,2.77957
765.80000,-1.62427,2.34511,2.80857
765.85000,-1.63377,2.34822,2.84121
765.90000,-1.64337,2.35103,2.87359
765.95000,-1.65250,2.35335,2.91209
766.00000,-1.66088,2.35510,2.96021
766.05000,-1.66920,2.35640,3.01363
766.10000,-1.67707,2.35718,3.07227
766.15000,-1.68470,2.35745,3.11995
766.20000,-1.69176,2.35747,3.14097
766.25000,-1.69838,2.35747,3.13869
766.30000,-1.70304,2.35751,3.10372
766.35000,-1.70658,2.35774,3.05023
766.40000,-1.71134,2.35832,2.99251
766.45000,-1.71693,2.35934,2.93186
766.50000,-1.72309,2.36085,2.86930
766.55000,-1.72959,2.36290,2.80546
766.60000,-1.73522,2.36507,2.73650
766.65000,-1.74056,2.36759,2.66550
766.70000,-1.74573,2.37021,2.60592
766.75000,-1.75076,2.37273,2.56230
766.80000,-1.75603,2.37556,2.54030
766.85000,-1.76157,2.37870,2.53719
766.90000,-1.76713,2.38189,2.54214
766.95000,-1.77275,2.38518,2.55873
767.00000,-1.77825,2.38859,2.57812
767.05000,-1.78215,2.39102,2.59265
767.10000,-1.78577,2.39332,2.62229
767.15000,-1.79039,2.39592,2.66504
767.20000,-1.79604,2.39866,2.71471
767.25000,-1.80260,2.40143,2.76814
767.30000,-1.80966,2.40397,2.82497
767.35000,-1.81692,2.40611,2.88499
767.40000,-1.82414,2.40780,2.93135
767.45000,-1.83080,2.40884,2.94254
767.50000,-1.83534,2.40927,2.92023
767.55000,-1.83916,2.41011,2.87862
767.60000,-1.84366,2.41145,2.82798
767.65000,-1.84878,2.41327,2.77172
767.70000,-1.85429,2.41560,2.71157
767.75000,-1.85947,2.41818,2.64652
767.80000,-1.86450,2.42086,2.59132
767.85000,-1.86944,2.42349,2.55270
767.90000,-1.87458,2.42638,2.53533
767.95000,-1.87997,2.42958,2.53595
768.00000,-1.88558,2.43306,2.55742
768.05000,-1.89136,2.43674,2.59404
768.10000,-1.89782,2.44050,2.64185
768.15000,-1.90519,2.44429,2.69271
768.20000,-1.91311,2.44785,2.74634
768.25000,-1.92096,2.45086,2.80400
768.30000,-1.92882,2.45336,2.86441
768.35000,-1.93709,2.45544,2.92531
768.40000,-1.94565,2.45704,2.98660
768.45000,-1.95452,2.45815,3.04780
768.50000,-1.96355,2.45872,3.10910
768.55000,-1.97270,2.45874,-3.11279
768.60000,-1.98193,2.45819,-3.05164
768.65000,-1.99112,2.45708,-2.99033
768.70000,-2.00041,2.45537,-2.92957
768.75000,-2.00953,2.45311,-2.86856
768.80000,-2.01861,2.45027,-2.80796
768.85000,-2.02751,2.44688,-2.74736
768.90000,-2.03631,2.44290,-2.68721
768.95000,-2.04489,2.43839,-2.62723
769.00000,-2.05190,2.43414,-2.56163
769.05000,-2.05667,2.43077,-2.48711
769.10000,-2.06091,2.42725,-2.41119
769.15000,-2.06487,2.42342,-2.33511
769.20000,-2.06852,2.41931,-2.25888
769.25000,-2.07185,2.41493,-2.18256
769.30000,-2.07483,2.41032,-2.10616
769.35000,-2.07744,2.40550,-2.02969
769.40000,-2.07967,2.40051,-1.95317
769.45000,-2.08152,2.39536,-1.87660
769.50000,-2.08296,2.39009,-1.80001
769.55000,-2.08400,2.38472,-1.72341
769.60000,-2.08462,2.37929,-1.64682
769.65000,-2.08483,2.37381,-1.57025
769.70000,-2.08461,2.36834,-1.49369
769.75000,-2.08398,2.36293,-1.41732
769.80000,-2.08300,2.35783,-1.34201
769.85000,-2.08170,2.35306,-1.26780
769.90000,-2.08015,2.34865,-1.19471
769.95000,-2.07838,2.34461,-1.12274
770.00000,-2.07645,2.34092,-1.05190
770.05000,-2.07438,2.33759,-0.98216
770.10000,-2.07224,2.33460,-0.91355
770.15000,-2.07004,2.33194,-0.84607
770.20000,-2.06782,2.32960,-0.77972
770.25000,-2.06562,2.32755,-0.71450
770.30000,-2.06344,2.32578,-0.65040
770.35000,-2.06130,2.32425,-0.58742
770.40000,-2.05915,2.32292,-0.52553
770.45000,-2.05698,2.32174,-0.46473
770.50000,-2.05480,2.32073,-0.40502
770.55000,-2.05264,2.31988,-0.34639
770.60000,-2.05052,2.31918,-0.28886
770.65000,-2.04846,2.31863,-0.23242
770.70000,-2.04651,2.31823,-0.17708
770.75000,-2.04460,2.31793,-0.13187
770.80000,-2.03990,2.31718,-0.10331
770.85000,-2.03171,2.31624,-0.09077
770.90000,-2.02174,2.31535,-0.08631
770.95000,-2.01173,2.31451,-0.08282
771.00000,-2.00176,2.31369,-0.08002
771.05000,-1.99176,2.31290,-0.07809
771.10000,-1.98178,2.31213,-0.07706
771.15000,-1.97180,2.31136,-0.07676
771.20000,-1.96183,2.31059,-0.07727
771.25000,-1.95188,2.30981,-0.07862
771.30000,-1.94193,2.30901,-0.08076
771.35000,-1.93201,2.30820,-0.08367
771.40000,-1.92209,2.30735,-0.08697
771.45000,-1.91218,2.30646,-0.09104
771.50000,-1.90229,2.30554,-0.09556
771.55000,-1.89246,2.30456,-0.10046
771.60000,-1.88261,2.30354,-0.10627
771.65000,-1.87280,2.30246,-0.11228
771.70000,-1.86456,2.30175,-0.12033
771.75000,-1.85919,2.30136,-0.13784
771.80000,-1.85687,2.30140,-0.16650
771.85000,-1.85723,2.30148,-0.20634
771.90000,-1.85772,2.30157,-0.24711
771.95000,-1.85791,2.30163,-0.28650
772.00000,-1.85803,2.30165,-0.32622
772.05000,-1.85808,2.30168,-0.36528
772.10000,-1.85808,2.30165,-0.40448
772.15000,-1.85819,2.30170,-0.44414
772.20000,-1.85780,2.30150,-0.48194
772.25000,-1.85740,2.30129,-0.51986
772.30000,-1.85702,2.30105,-0.55793
772.35000,-1.85663,2.30080,-0.59614
772.40000,-1.85625,2.30054,-0.63445
772.45000,-1.85587,2.30025,-0.67280
772.50000,-1.85549,2.29993,-0.71112
772.55000,-1.85511,2.29958,-0.74936
772.60000,-1.85471,2.29920,-0.78750
772.65000,-1.85431,2.29878,-0.82553
772.70000,-1.85390,2.29832,-0.86345
772.75000,-1.85349,2.29783,-0.90127
772.80000,-1.85309,2.29730,-0.93901
772.85000,-1.85269,2.29673,-0.97661
772.90000,-1.85230,2.29612,-1.01405
772.95000,-1.85191,2.29548,-1.05129
773.00000,-1.85154,2.29479,-1.08832
773.05000,-1.85117,2.29406,-1.12515
773.10000,-1.85082,2.29330,-1.16178
773.15000,-1.85049,2.29249,-1.19821
773.20000,-1.85018,2.29165,-1.23439
773.25000,-1.84988,2.29075,-1.27034
773.30000,-1.84961,2.28981,-1.30605
773.35000,-1.84936,2.28882,-1.34150
773.40000,-1.84914,2.28777,-1.37670
773.45000,-1.84894,2.28667,-1.41163
773.50000,-1.84877,2.28551,-1.44629
773.55000,-1.84864,2.28428,-1.48068
773.60000,-1.84854,2.28298,-1.51478
773.65000,-1.84849,2.28161,-1.54861
773.70000,-1.84848,2.28016,-1.58216
773.75000,-1.84853,2.27864,-1.61542
773.80000,-1.84862,2.27705,-1.64840
773.85000,-1.84878,2.27537,-1.68110
773.90000,-1.84901,2.27361,-1.71351
773.95000,-1.84930,2.27178,-1.74565
774.00000,-1.84967,2.26987,-1.77750
774.05000,-1.85012,2.26789,-1.80908
774.10000,-1.85065,2.26584,-1.84036
774.15000,-1.85126,2.26374,-1.87134
774.20000,-1.85197,2.26158,-1.90204
774.25000,-1.85276,2.25940,-1.93242
774.30000,-1.85362,2.25722,-1.96247
774.35000,-1.85454,2.25507,-1.99215
774.40000,-1.85538,2.25331,-2.02284
774.45000,-1.85611,2.25189,-2.05446
774.50000,-1.85691,2.25048,-2.08550
774.55000,-1.85783,2.24892,-2.11524
774.60000,-1.85868,2.24761,-2.14532
774.65000,-1.85958,2.24630,-2.17482
774.70000,-1.86056,2.24497,-2.20332
774.75000,-1.86148,2.24378,-2.23178
774.80000,-1.86253,2.24249,-2.25904
774.85000,-1.86344,2.24142,-2.28707
774.90000,-1.86456,2.24021,-2.31347
774.95000,-1.86750,2.23719,-2.33908
775.00000,-1.87379,2.23085,-2.36383
775.05000,-1.88053,2.22438,-2.38991
775.10000,-1.88745,2.21807,-2.41531
775.15000,-1.89454,2.21193,-2.43995
775.20000,-1.90180,2.20594,-2.46354
775.25000,-1.90921,2.20011,-2.48634
775.30000,-1.91677,2.19444,-2.50822
775.35000,-1.92447,2.18890,-2.52882
775.40000,-1.93231,2.18350,-2.54797
775.45000,-1.94029,2.17822,-2.56514
775.50000,-1.94845,2.17300,-2.57941
775.55000,-1.95673,2.16785,-2.58930
775.60000,-1.96496,2.16284,-2.59831
775.65000,-1.96770,2.16133,-2.59914
775.70000,-1.96805,2.16111,-2.57703
775.75000,-1.96831,2.16095,-2.54568
775.80000,-1.96860,2.16074,-2.51077
775.85000,-1.96892,2.16050,-2.47341
775.90000,-1.96927,2.16021,-2.43417
775.95000,-1.96964,2.15988,-2.39356
776.00000,-1.97004,2.15949,-2.35197
776.05000,-1.97046,2.15906,-2.30970
776.10000,-1.97088,2.15857,-2.26678
776.15000,-1.97132,2.15802,-2.22338
776.20000,-1.97176,2.15741,-2.17961
776.25000,-1.97221,2.15675,-2.13559
776.30000,-1.97265,2.15602,-2.09141
776.35000,-1.97307,2.15523,-2.04714
776.40000,-1.97349,2.15438,-2.00285
776.45000,-1.97388,2.15347,-1.95860
776.50000,-1.97426,2.15250,-1.91444
776.55000,-1.97460,2.15147,-1.87042
776.60000,-1.97491,2.15038,-1.82658
776.65000,-1.97518,2.14923,-1.78296
776.70000,-1.97542,2.14803,-1.73959
776.75000,-1.97560,2.14677,-1.69650
776.80000,-1.97574,2.14547,-1.65372
776.85000,-1.97582,2.14413,-1.61124
776.90000,-1.97585,2.14277,-1.56904
776.95000,-1.97582,2.14140,-1.52709
777.00000,-1.97573,2.14002,-1.48539
777.05000,-1.97558,2.13864,-1.44397
777.10000,-1.97535,2.13713,-1.40240
777.15000,-1.97506,2.13548,-1.36041
777.20000,-1.97457,2.13347,-1.31743
777.25000,-1.97404,2.13154,-1.27517
777.30000,-1.97340,2.12951,-1.23303
777.35000,-1.97272,2.12772,-1.19228
777.40000,-1.97209,2.12622,-1.15324
777.45000,-1.97121,2.12436,-1.11302
777.50000,-1.97027,2.12253,-1.07338
777.55000,-1.96927,2.12079,-1.03450
777.60000,-1.96810,2.11888,-0.99524
777.65000,-1.96690,2.11710,-0.95696
777.70000,-1.96577,2.11555,-0.92018
777.75000,-1.96458,2.11403,-0.88425
777.80000,-1.96310,2.11226,-0.84713
777.85000,-1.96157,2.11057,-0.81063
777.90000,-1.96033,2.10929,-0.77671
777.95000,-1.95934,2.10834,-0.74495
778.00000,-1.95833,2.10744,-0.71382
778.05000,-1.95731,2.10658,-0.68321
778.10000,-1.95627,2.10577,-0.65313
778.15000,-1.95522,2.10499,-0.62357
778.20000,-1.95418,2.10426,-0.59449
778.25000,-1.95313,2.10357,-0.56591
778.30000,-1.95207,2.10292,-0.53782
778.35000,-1.94925,2.10090,-0.51077
778.40000,-1.94266,2.09666,-0.48490
778.45000,-1.93374,2.09209,-0.45797
778.50000,-1.92471,2.08778,-0.43166
778.55000,-1.91558,2.08372,-0.40568
778.60000,-1.90634,2.07989,-0.38001
778.65000,-1.89701,2.07630,-0.35463
778.70000,-1.88759,2.07294,-0.32950
778.75000,-1.87809,2.06983,-0.30460
778.80000,-1.86851,2.06695,-0.27991
778.85000,-1.85887,2.06430,-0.25540
778.90000,-1.84916,2.06189,-0.23103
778.95000,-1.83940,2.05972,-0.20678
779.00000,-1.82959,2.05779,-0.18261
779.05000,-1.81973,2.05609,-0.15848
779.10000,-1.80984,2.05463,-0.13436
779.15000,-1.79992,2.05341,-0.11020
779.20000,-1.78999,2.05244,-0.08589
779.25000,-1.78028,2.05172,-0.06041
779.30000,-1.77031,2.05125,-0.03444
779.35000,-1.76099,2.05106,-0.00718
779.40000,-1.75168,2.05112,0.02026
779.45000,-1.74237,2.05144,0.04781
779.50000,-1.73308,2.05201,0.07551
779.55000,-1.72381,2.05284,0.10334
779.60000,-1.71458,2.05393,0.13140
779.65000,-1.70539,2.05528,0.15982
779.70000,-1.69625,2.05689,0.18856
779.75000,-1.68717,2.05876,0.21762
779.80000,-1.67815,2.06089,0.24706
779.85000,-1.66922,2.06329,0.27702
779.90000,-1.65970,2.06616,0.30647
779.95000,-1.65030,2.06930,0.33614
780.00000,-1.64046,2.07288,0.36742
780.05000,-1.63069,2.07679,0.40176
780.10000,-1.62159,2.08038,0.43717
780.15000,-1.61830,2.08098,0.47489
780.20000,-1.61826,2.08100,0.51555
780.25000,-1.61823,2.08101,0.55989
780.30000,-1.61820,2.08104,0.60511
780.35000,-1.61817,2.08106,0.65100
780.40000,-1.61814,2.08108,0.69753
780.45000,-1.61811,2.08111,0.74452
780.50000,-1.61808,2.08113,0.79161
780.55000,-1.61806,2.08116,0.83855
780.60000,-1.61803,2.08119,0.88533
780.65000,-1.61801,2.08122,0.93205
780.70000,-1.61799,2.08125,0.97870
780.75000,-1.61796,2.08128,1.02529
780.80000,-1.61794,2.08132,1.07181
780.85000,-1.61793,2.08136,1.11820
780.90000,-1.61791,2.08139,1.16448
780.95000,-1.61789,2.08143,1.21051
781.00000,-1.61788,2.08147,1.25738
781.05000,-1.61787,2.08151,1.30650
781.10000,-1.61786,2.08155,1.35857
781.15000,-1.61785,2.08160,1.41351
781.20000,-1.61784,2.08164,1.47105
781.25000,-1.61784,2.08169,1.53095
781.30000,-1.61784,2.08175,1.58231
781.35000,-1.61785,2.08182,1.62322
781.40000,-1.61785,2.08186,1.67312
781.45000,-1.61786,2.08192,1.73457
781.50000,-1.61788,2.08199,1.80061
781.55000,-1.61790,2.08208,1.86821
781.60000,-1.61793,2.08217,1.93617
781.65000,-1.61848,2.08342,2.00398
781.70000,-1.61880,2.08412,2.07167
781.75000,-1.61887,2.08423,2.14010
781.80000,-1.61895,2.08435,2.20879
781.85000,-1.61905,2.08447,2.27726
781.90000,-1.61917,2.08460,2.34541
781.95000,-1.61930,2.08473,2.41318
782.00000,-1.61946,2.08486,2.48050
782.05000,-1.61965,2.08500,2.54735
782.10000,-1.61986,2.08513,2.61367
782.15000,-1.62010,2.08526,2.67940
782.20000,-1.62036,2.08538,2.74450
782.25000,-1.62066,2.08549,2.80893
782.30000,-1.62100,2.08560,2.87263
782.35000,-1.62137,2.08569,2.93559
782.40000,-1.62178,2.08576,2.99777
782.45000,-1.62222,2.08581,3.05914
782.50000,-1.62271,2.08584,3.11967
782.55000,-1.62324,2.08583,-3.10383
782.60000,-1.62381,2.08579,-3.04503
782.65000,-1.62443,2.08571,-2.98713
782.70000,-1.62508,2.08559,-2.93015
782.75000,-1.62578,2.08542,-2.87410
782.80000,-1.62650,2.08520,-2.81902
782.85000,-1.62915,2.08402,-2.76643
782.90000,-1.63646,2.08095,-2.72045
782.95000,-1.64438,2.07718,-2.67337
783.00000,-1.65278,2.07267,-2.62432
783.05000,-1.66134,2.06751,-2.57452
783.10000,-1.66964,2.06194,-2.52576
783.15000,-1.67766,2.05597,-2.47809
783.20000,-1.68539,2.04963,-2.43148
783.25000,-1.69282,2.04294,-2.38593
783.30000,-1.69994,2.03592,-2.34140
783.35000,-1.70675,2.02860,-2.29790
783.40000,-1.71324,2.02099,-2.25541
783.45000,-1.71940,2.01311,-2.21394
783.50000,-1.72523,2.00499,-2.17347
783.55000,-1.73073,1.99665,-2.13400
783.60000,-1.73591,1.98809,-2.09554
783.65000,-1.74076,1.97934,-2.05808
783.70000,-1.74533,1.97062,-2.02111
783.75000,-1.74644,1.96699,-1.98440
783.80000,-1.74703,1.96556,-1.94610
783.85000,-1.74758,1.96412,-1.90915
783.90000,-1.74808,1.96262,-1.87341
783.95000,-1.74853,1.96109,-1.83874
784.00000,-1.74893,1.95952,-1.80526
784.05000,-1.74927,1.95800,-1.77274
784.10000,-1.74956,1.95649,-1.74135
784.15000,-1.74979,1.95500,-1.71110
784.20000,-1.74997,1.95354,-1.68203
784.25000,-1.75011,1.95210,-1.65408
784.30000,-1.75021,1.95071,-1.62735
784.35000,-1.75027,1.94934,-1.60171
784.40000,-1.75030,1.94805,-1.57730
784.45000,-1.75029,1.94674,-1.55362
784.50000,-1.75026,1.94545,-1.53090
784.55000,-1.75020,1.94420,-1.50923
784.60000,-1.75011,1.94296,-1.48858
784.65000,-1.75002,1.94190,-1.46947
784.70000,-1.74993,1.94099,-1.45187
784.75000,-1.74983,1.94011,-1.43513
784.80000,-1.74971,1.93925,-1.41933
784.85000,-1.74958,1.93835,-1.40411
784.90000,-1.74943,1.93746,-1.38961
784.95000,-1.74928,1.93671,-1.37648
785.00000,-1.74912,1.93588,-1.36370
785.05000,-1.74896,1.93509,-1.35175
785.10000,-1.74880,1.93441,-1.34077
785.15000,-1.74862,1.93363,-1.33015
785.20000,-1.74842,1.93281,-1.31986
785.25000,-1.74825,1.93215,-1.31087
785.30000,-1.74805,1.93142,-1.30212
785.35000,-1.74786,1.93071,-1.29393
785.40000,-1.74767,1.93004,-1.28650
785.45000,-1.74746,1.92936,-1.27952
785.50000,-1.74728,1.92876,-1.27326
785.55000,-1.74710,1.92817,-1.26742
785.60000,-1.74691,1.92758,-1.26197
785.65000,-1.74673,1.92700,-1.25687
785.70000,-1.74654,1.92644,-1.25207
785.75000,-1.74636,1.92588,-1.24753
785.80000,-1.74617,1.92532,-1.24320
785.85000,-1.74598,1.92478,-1.23903
785.90000,-1.74580,1.92425,-1.23488
785.95000,-1.74563,1.92376,-1.23053
786.00000,-1.74547,1.92331,-1.22593
786.05000,-1.74532,1.92290,-1.22079
786.10000,-1.74518,1.92252,-1.21471
786.15000,-1.74505,1.92218,-1.20729
786.20000,-1.74493,1.92187,-1.19818
786.25000,-1.74482,1.92159,-1.18698
786.30000,-1.74471,1.92132,-1.17321
786.35000,-1.74342,1.91947,-1.15880
786.40000,-1.73987,1.91236,-1.14342
786.45000,-1.73567,1.90340,-1.12147
786.50000,-1.73118,1.89434,-1.09661
786.55000,-1.72650,1.88552,-1.07058
786.60000,-1.72158,1.87681,-1.04316
786.65000,-1.71643,1.86825,-1.01457
786.70000,-1.71103,1.85984,-0.98508
786.75000,-1.70538,1.85159,-0.95488
786.80000,-1.69947,1.84352,-0.92413
786.85000,-1.69333,1.83564,-0.89302
786.90000,-1.68693,1.82795,-0.86169
786.95000,-1.68030,1.82046,-0.83026
787.00000,-1.67344,1.81319,-0.79882
787.05000,-1.66635,1.80613,-0.76746
787.10000,-1.65905,1.79930,-0.73623
787.15000,-1.65154,1.79270,-0.70510
787.20000,-1.64382,1.78634,-0.67403
787.25000,-1.63591,1.78022,-0.64297
787.30000,-1.62782,1.77435,-0.61185
787.35000,-1.61954,1.76874,-0.58063
787.40000,-1.61110,1.76338,-0.54938
787.45000,-1.60249,1.75830,-0.51833
787.50000,-1.59373,1.75348,-0.48779
787.55000,-1.58483,1.74892,-0.45830
787.60000,-1.57580,1.74462,-0.43009
787.65000,-1.56666,1.74058,-0.40325
787.70000,-1.55741,1.73677,-0.37786
787.75000,-1.54808,1.73320,-0.35366
787.80000,-1.53866,1.72985,-0.33033
787.85000,-1.52916,1.72671,-0.30748
787.90000,-1.51960,1.72379,-0.28502
787.95000,-1.50988,1.72106,-0.26280
788.00000,-1.50021,1.71857,-0.24170
788.05000,-1.49038,1.71624,-0.22064
788.10000,-1.48062,1.71416,-0.20075
788.15000,-1.47082,1.71226,-0.18158
788.20000,-1.46099,1.71055,-0.16347
788.25000,-1.45113,1.70891,-0.14538
788.30000,-1.44767,1.70874,-0.13114
788.35000,-1.44760,1.70873,-0.12769
788.40000,-1.44758,1.70873,-0.12538
788.45000,-1.44755,1.70873,-0.12284
788.50000,-1.44748,1.70871,-0.11845
788.55000,-1.44736,1.70870,-0.11039
788.60000,-1.44729,1.70870,-0.09980
788.65000,-1.44721,1.70869,-0.08728
788.70000,-1.44712,1.70868,-0.07375
788.75000,-1.44572,1.70840,-0.06062
788.80000,-1.43958,1.70789,-0.04749
788.85000,-1.42966,1.70748,-0.03333
788.90000,-1.41967,1.70722,-0.01936
788.95000,-1.40967,1.70709,-0.00582
789.00000,-1.39967,1.70710,0.00714
789.05000,-1.38966,1.70717,0.02008
789.10000,-1.38147,1.70723,0.03279
789.15000,-1.37882,1.70723,0.04492
789.20000,-1.37755,1.70723,0.05155
789.25000,-1.37670,1.70724,0.05408
789.30000,-1.37636,1.70724,0.05313
789.35000,-1.37631,1.70725,0.05127
789.40000,-1.37623,1.70725,0.05128
789.45000,-1.37615,1.70726,0.05338
789.50000,-1.37605,1.70726,0.05742
789.55000,-1.37595,1.70727,0.06219
789.60000,-1.37584,1.70728,0.06827
789.65000,-1.37571,1.70729,0.07483
789.70000,-1.37556,1.70730,0.08146
789.75000,-1.37537,1.70731,0.08795
789.80000,-1.37519,1.70733,0.09409
789.85000,-1.37499,1.70735,0.10008
789.90000,-1.37479,1.70737,0.10614
789.95000,-1.37458,1.70739,0.11235
790.00000,-1.37438,1.70742,0.11867
790.05000,-1.37417,1.70744,0.12508
790.10000,-1.37396,1.70747,0.13157
790.15000,-1.37374,1.70750,0.13792
790.20000,-1.37352,1.70753,0.14385
790.25000,-1.37328,1.70757,0.14908
790.30000,-1.37303,1.70760,0.15347
790.35000,-1.37275,1.70765,0.15705
790.40000,-1.37246,1.70769,0.15982
790.45000,-1.37215,1.70774,0.16185
790.50000,-1.37183,1.70780,0.16322
790.55000,-1.37148,1.70786,0.16397
790.60000,-1.37111,1.70792,0.16414
790.65000,-1.37072,1.70798,0.16383
790.70000,-1.37031,1.70805,0.16310
790.75000,-1.36988,1.70812,0.16189
790.80000,-1.36942,1.70819,0.16018
790.85000,-1.36893,1.70827,0.15792
790.90000,-1.36840,1.70836,0.15514
790.95000,-1.36783,1.70845,0.15185
791.00000,-1.36721,1.70854,0.14808
791.05000,-1.36656,1.70864,0.14383
791.10000,-1.36585,1.70874,0.13912
791.15000,-1.36508,1.70884,0.13395
791.20000,-1.36425,1.70895,0.12834
791.25000,-1.36336,1.70906,0.12237
791.30000,-1.36246,1.70917,0.11613
791.35000,-1.36154,1.70928,0.10966
791.40000,-1.36060,1.70938,0.10296
791.45000,-1.35963,1.70947,0.09600
791.50000,-1.35862,1.70957,0.08874
791.55000,-1.35755,1.70966,0.08119
791.60000,-1.35640,1.70975,0.07335
791.65000,-1.35519,1.70983,0.06523
791.70000,-1.35389,1.70991,0.05688
791.75000,-1.35251,1.70998,0.04830
791.80000,-1.35105,1.71005,0.03950
791.85000,-1.34948,1.71010,0.03051
791.90000,-1.34780,1.71015,0.02134
791.95000,-1.34604,1.71018,0.01202
792.00000,-1.34423,1.71019,0.00258
792.05000,-1.34239,1.71019,-0.00694
792.10000,-1.34055,1.71016,-0.01653
792.15000,-1.33870,1.71013,-0.02620
792.20000,-1.33680,1.71007,-0.03596
792.25000,-1.33483,1.70999,-0.04583
792.30000,-1.33274,1.70988,-0.05582
792.35000,-1.33052,1.70975,-0.06592
792.40000,-1.32819,1.70958,-0.07609
792.45000,-1.32572,1.70938,-0.08634
792.50000,-1.32311,1.70914,-0.09664
792.55000,-1.32040,1.70887,-0.10723
792.60000,-1.31763,1.70855,-0.11808
792.65000,-1.31475,1.70818,-0.12920
792.70000,-1.31157,1.70775,-0.13972
792.75000,-1.30852,1.70729,-0.15091
792.80000,-1.30555,1.70680,-0.16242
792.85000,-1.30257,1.70627,-0.17389
792.90000,-1.29959,1.70572,-0.18532
792.95000,-1.29661,1.70512,-0.19669
793.00000,-1.29367,1.70449,-0.20802
793.05000,-1.29070,1.70383,-0.21929
793.10000,-1.28766,1.70311,-0.23055
793.15000,-1.28450,1.70234,-0.24181
793.20000,-1.28103,1.70145,-0.25239
793.25000,-1.27753,1.70051,-0.26342
793.30000,-1.27387,1.69947,-0.27475
793.35000,-1.26829,1.69751,-0.28587
793.40000,-1.25893,1.69467,-0.29664
793.45000,-1.24955,1.69174,-0.30746
793.50000,-1.24030,1.68875,-0.31855
793.55000,-1.23108,1.68566,-0.32951
793.60000,-1.22188,1.68246,-0.34035
793.65000,-1.21272,1.67916,-0.35106
793.70000,-1.20360,1.67576,-0.36167
793.75000,-1.19450,1.67227,-0.37216
793.80000,-1.18544,1.66868,-0.38256
793.85000,-1.17642,1.66500,-0.39287
793.90000,-1.16743,1.66122,-0.40312
793.95000,-1.15848,1.65735,-0.41331
794.00000,-1.14957,1.65339,-0.42346
794.05000,-1.14070,1.64934,-0.43357
794.10000,-1.13188,1.64520,-0.44368
794.15000,-1.12309,1.64098,-0.45383
794.20000,-1.11435,1.63666,-0.46401
794.25000,-1.10566,1.63226,-0.47423
794.30000,-1.09701,1.62777,-0.48449
794.35000,-1.08842,1.62319,-0.49480
794.40000,-1.07987,1.61852,-0.50514
794.45000,-1.07137,1.61377,-0.51553
794.50000,-1.06292,1.60893,-0.52599
794.55000,-1.05452,1.60400,-0.53654
794.60000,-1.04618,1.59898,-0.54723
794.65000,-1.03790,1.59387,-0.55797
794.70000,-1.02968,1.58868,-0.56892
794.75000,-1.02151,1.58339,-0.58007
794.80000,-1.01341,1.57802,-0.59155
794.85000,-1.00537,1.57255,-0.60323
794.90000,-0.99740,1.56698,-0.61505
794.95000,-0.98950,1.56133,-0.62695
795.00000,-0.98166,1.55558,-0.63889
795.05000,-0.97390,1.54974,-0.65085
795.10000,-0.96621,1.54381,-0.66283
795.15000,-0.95859,1.53779,-0.67485
795.20000,-0.95104,1.53167,-0.68686
795.25000,-0.94357,1.52546,-0.69886
795.30000,-0.93617,1.51917,-0.71083
795.35000,-0.92884,1.51279,-0.72274
795.40000,-0.92159,1.50631,-0.73458
795.45000,-0.91442,1.49975,-0.74635
795.50000,-0.90732,1.49311,-0.75802
795.55000,-0.90030,1.48638,-0.76957
795.60000,-0.89335,1.47957,-0.78098
795.65000,-0.88648,1.47268,-0.79233
795.70000,-0.87968,1.46571,-0.80367
795.75000,-0.87297,1.45867,-0.81497
795.80000,-0.86633,1.45155,-0.82624
795.85000,-0.85978,1.44435,-0.83745
795.90000,-0.85330,1.43709,-0.84860
795.95000,-0.84689,1.42974,-0.85968
796.00000,-0.84054,1.42230,-0.87073
796.05000,-0.83426,1.41477,-0.88147
796.10000,-0.82806,1.40718,-0.89198
796.15000,-0.82194,1.39951,-0.90224
796.20000,-0.81587,1.39176,-0.91239
796.25000,-0.80987,1.38395,-0.92215
796.30000,-0.80389,1.37603,-0.93126
796.35000,-0.79798,1.36801,-0.94056
796.40000,-0.79221,1.36005,-0.94877
796.45000,-0.78649,1.35201,-0.95657
796.50000,-0.78081,1.34389,-0.96407
796.55000,-0.77519,1.33575,-0.97108
796.60000,-0.76965,1.32759,-0.97759
796.65000,-0.76414,1.31937,-0.98354
796.70000,-0.75863,1.31106,-0.98904
796.75000,-0.75315,1.30270,-0.99396
796.80000,-0.74773,1.29433,-0.99835
796.85000,-0.74235,1.28595,-1.00200
796.90000,-0.73699,1.27753,-1.00513
796.95000,-0.73164,1.26908,-1.00743
797.00000,-0.72631,1.26063,-1.00907
797.05000,-0.72099,1.25217,-1.00990
797.10000,-0.71568,1.24371,-1.00982
797.15000,-0.71035,1.23524,-1.00874
797.20000,-0.70500,1.22677,-1.00651
797.25000,-0.69981,1.21850,-1.00421
797.30000,-0.69544,1.21104,-1.00147
797.35000,-0.69491,1.20865,-0.99602
797.40000,-0.69484,1.20853,-0.98936
797.45000,-0.69469,1.20829,-0.98159
797.50000,-0.69452,1.20800,-0.97422
797.55000,-0.69435,1.20772,-0.96768
797.60000,-0.69419,1.20745,-0.96185
797.65000,-0.69280,1.20592,-0.95570
797.70000,-0.68750,1.19961,-0.95013
797.75000,-0.68166,1.19153,-0.94593
797.80000,-0.67578,1.18341,-0.94074
797.85000,-0.66989,1.17533,-0.93570
797.90000,-0.66842,1.17244,-0.92872
797.95000,-0.66829,1.17227,-0.91754
798.00000,-0.66822,1.17217,-0.90642
798.05000,-0.66813,1.17206,-0.89675
798.10000,-0.66803,1.17194,-0.88836
798.15000,-0.66793,1.17181,-0.88125
798.20000,-0.66638,1.17020,-0.87395
798.25000,-0.66044,1.16332,-0.86805
798.30000,-0.65392,1.15566,-0.86253
798.35000,-0.64737,1.14806,-0.85620
798.40000,-0.64075,1.14048,-0.84837
798.45000,-0.63419,1.13308,-0.84079
798.50000,-0.63227,1.13082,-0.83063
798.55000,-0.63212,1.13065,-0.81731
798.60000,-0.63203,1.13055,-0.80396
798.65000,-0.63176,1.13027,-0.79039
798.70000,-0.63146,1.12994,-0.77721
798.75000,-0.63113,1.12962,-0.76458
798.80000,-0.63081,1.12932,-0.75254
798.85000,-0.63049,1.12902,-0.74109
798.90000,-0.62890,1.12747,-0.73057
798.95000,-0.62240,1.12145,-0.72069
799.00000,-0.61470,1.11476,-0.71067
799.05000,-0.60691,1.10804,-0.70052
799.10000,-0.60297,1.10513,-0.69128
799.15000,-0.60260,1.10488,-0.67636
799.20000,-0.60218,1.10454,-0.65955
799.25000,-0.60177,1.10422,-0.64373
799.30000,-0.60137,1.10393,-0.62871
799.35000,-0.60097,1.10364,-0.61447
799.40000,-0.60058,1.10337,-0.60090
799.45000,-0.59853,1.10156,-0.58894
799.50000,-0.59094,1.09631,-0.57773
799.55000,-0.58230,1.09076,-0.56523
799.60000,-0.57364,1.08528,-0.55287
799.65000,-0.56955,1.08373,-0.54127
799.70000,-0.56889,1.08345,-0.52089
799.75000,-0.56837,1.08315,-0.49860
799.80000,-0.56783,1.08287,-0.47650
799.85000,-0.56732,1.08261,-0.45472
799.90000,-0.56678,1.08235,-0.43286
799.95000,-0.56625,1.08210,-0.41098
800.00000,-0.56572,1.08188,-0.38903
800.05000,-0.56514,1.08164,-0.36669
800.10000,-0.56454,1.08142,-0.34378
800.15000,-0.56394,1.08121,-0.32041
800.20000,-0.56330,1.08101,-0.29625
800.25000,-0.56265,1.08082,-0.27144
800.30000,-0.56197,1.08064,-0.24549
800.35000,-0.56125,1.08047,-0.21848
800.40000,-0.56047,1.08030,-0.19009
800.45000,-0.55966,1.08015,-0.16006
800.50000,-0.55880,1.08002,-0.12833
800.55000,-0.55790,1.07990,-0.09474
800.60000,-0.55708,1.07985,-0.05985
800.65000,-0.55659,1.07983,-0.02466
800.70000,-0.55612,1.07983,0.01218
800.75000,-0.55605,1.07983,0.04914
800.80000,-0.55598,1.07984,0.08748
800.85000,-0.55590,1.07985,0.12706
800.90000,-0.55582,1.07986,0.16773
800.95000,-0.55574,1.07987,0.20938
801.00000,-0.55565,1.07989,0.25187
801.05000,-0.55557,1.07992,0.29502
801.10000,-0.55548,1.07995,0.33804
801.15000,-0.55540,1.07998,0.38070
801.20000,-0.55531,1.08001,0.42301
801.25000,-0.55523,1.08005,0.46496
801.30000,-0.55515,1.08010,0.50658
801.35000,-0.55507,1.08014,0.54794
801.40000,-0.55498,1.08020,0.58901
801.45000,-0.55490,1.08025,0.62980
801.50000,-0.55482,1.08031,0.67027
801.55000,-0.55474,1.08038,0.71037
801.60000,-0.55467,1.08045,0.75006
801.65000,-0.55459,1.08052,0.78932
801.70000,-0.55451,1.08060,0.82817
801.75000,-0.55444,1.08068,0.86659
801.80000,-0.55437,1.08077,0.90456
801.85000,-0.55430,1.08087,0.94207
801.90000,-0.55423,1.08096,0.97908
801.95000,-0.55417,1.08106,1.01560
802.00000,-0.55410,1.08117,1.05160
802.05000,-0.55404,1.08128,1.08709
802.10000,-0.55399,1.08139,1.12203
802.15000,-0.55393,1.08150,1.15643
802.20000,-0.55388,1.08162,1.19028
802.25000,-0.55384,1.08174,1.22357
802.30000,-0.55380,1.08186,1.25629
802.35000,-0.55286,1.08369,1.28773
802.40000,-0.55065,1.09046,1.31712
802.45000,-0.54830,1.10008,1.34790
802.50000,-0.54624,1.10986,1.37817
802.55000,-0.54447,1.11970,1.40775
802.60000,-0.54299,1.12959,1.43722
802.65000,-0.54181,1.13952,1.46664
802.70000,-0.54091,1.14948,1.49599
802.75000,-0.54031,1.15947,1.52530
802.80000,-0.54000,1.16946,1.55458
802.85000,-0.53999,1.17946,1.58390
802.90000,-0.54027,1.18946,1.61333
802.95000,-0.54084,1.19947,1.64257
803.00000,-0.54176,1.21004,1.67355
803.05000,-0.54304,1.22074,1.70484
803.10000,-0.54464,1.23140,1.73579
803.15000,-0.54657,1.24200,1.76676
803.20000,-0.54868,1.25187,1.79621
803.25000,-0.55065,1.26134,1.82500
803.30000,-0.55140,1.26532,1.86375
803.35000,-0.55198,1.26707,1.92154
803.40000,-0.55246,1.26826,1.99099
803.45000,-0.55284,1.26904,2.06862
803.50000,-0.55287,1.26910,2.14766
803.55000,-0.55290,1.26914,2.22434
803.60000,-0.55293,1.26917,2.29820
803.65000,-0.55297,1.26921,2.36931
803.70000,-0.55301,1.26925,2.43772
803.75000,-0.55306,1.26929,2.50361
803.80000,-0.55311,1.26932,2.56718
803.85000,-0.55317,1.26936,2.62854
803.90000,-0.55322,1.26939,2.68785
803.95000,-0.55329,1.26941,2.74525
804.00000,-0.55335,1.26944,2.80052
804.05000,-0.55342,1.26946,2.85369
804.10000,-0.55349,1.26948,2.90476
804.15000,-0.55356,1.26949,2.95395
804.20000,-0.55363,1.26951,3.00155
804.25000,-0.55567,1.26992,3.04776
804.30000,-0.56293,1.27049,3.08799
804.35000,-0.57228,1.27080,3.12899
804.40000,-0.58227,1.27072,-3.11237
804.45000,-0.59226,1.27023,-3.07244
804.50000,-0.60222,1.26935,-3.03486
804.55000,-0.61150,1.26819,-2.99727
804.60000,-0.62050,1.26672,-2.96138
804.65000,-0.62950,1.26492,-2.92856
804.70000,-0.63849,1.26298,-2.89602
804.75000,-0.64264,1.26263,-2.86509
804.80000,-0.64331,1.26246,-2.84184
804.85000,-0.64387,1.26230,-2.82092
804.90000,-0.64440,1.26212,-2.80100
804.95000,-0.64486,1.26196,-2.78214
805.00000,-0.64531,1.26180,-2.76455
805.05000,-0.64562,1.26168,-2.74748
805.10000,-0.64589,1.26157,-2.73034
805.15000,-0.64613,1.26148,-2.71672
805.20000,-0.64631,1.26140,-2.70521
805.25000,-0.64648,1.26133,-2.69369
805.30000,-0.64663,1.26125,-2.68478
805.35000,-0.64676,1.26118,-2.67814
805.40000,-0.64691,1.26110,-2.67299
805.45000,-0.64704,1.26103,-2.66906
805.50000,-0.64716,1.26097,-2.66628
805.55000,-0.64728,1.26090,-2.66421
805.60000,-0.64738,1.26085,-2.66328
805.65000,-0.64747,1.26080,-2.66322
805.70000,-0.64757,1.26075,-2.66391
805.75000,-0.64767,1.26070,-2.66525
805.80000,-0.64777,1.26065,-2.66710
805.85000,-0.64787,1.26060,-2.66935
805.90000,-0.64797,1.26055,-2.67190
805.95000,-0.64808,1.26050,-2.67461
806.00000,-0.64818,1.26044,-2.67745
806.05000,-0.64828,1.26039,-2.68036
806.10000,-0.64838,1.26034,-2.68331
806.15000,-0.64849,1.26029,-2.68634
806.20000,-0.64859,1.26024,-2.68955
806.25000,-0.64870,1.26019,-2.69326
806.30000,-0.64880,1.26014,-2.69756
806.35000,-0.64891,1.26009,-2.70232
806.40000,-0.64902,1.26004,-2.70741
806.45000,-0.64912,1.25999,-2.71269
806.50000,-0.64923,1.25994,-2.71800
806.55000,-0.64934,1.25989,-2.72320
806.60000,-0.64945,1.25984,-2.72818
806.65000,-0.64956,1.25979,-2.73287
806.70000,-0.64967,1.25975,-2.73722
806.75000,-0.64978,1.25970,-2.74116
806.80000,-0.64990,1.25965,-2.74488
806.85000,-0.65001,1.25960,-2.74871
806.90000,-0.65012,1.25956,-2.75270
806.95000,-0.65024,1.25951,-2.75686
807.00000,-0.65035,1.25946,-2.76097
807.05000,-0.65047,1.25942,-2.76485
807.10000,-0.65059,1.25937,-2.76832
807.15000,-0.65071,1.25932,-2.77127
807.20000,-0.65083,1.25928,-2.77363
807.25000,-0.65095,1.25923,-2.77533
807.30000,-0.65107,1.25918,-2.77701
807.35000,-0.65119,1.25914,-2.77842
807.40000,-0.65131,1.25909,-2.77901
807.45000,-0.65144,1.25904,-2.77990
807.50000,-0.65157,1.25899,-2.78116
807.55000,-0.65170,1.25894,-2.78278
807.60000,-0.65183,1.25890,-2.78473
807.65000,-0.65196,1.25885,-2.78697
807.70000,-0.65209,1.25880,-2.78943
807.75000,-0.65222,1.25875,-2.79203
807.80000,-0.65236,1.25870,-2.79465
807.85000,-0.65249,1.25865,-2.79719
807.90000,-0.65263,1.25860,-2.79962
807.95000,-0.65277,1.25855,-2.80191
808.00000,-0.65291,1.25850,-2.80406
808.05000,-0.65306,1.25845,-2.80607
808.10000,-0.65321,1.25840,-2.80804
808.15000,-0.65335,1.25835,-2.81016
808.20000,-0.65350,1.25830,-2.81252
808.25000,-0.65365,1.25825,-2.81515
808.30000,-0.65380,1.25820,-2.81803
808.35000,-0.65395,1.25815,-2.82118
808.40000,-0.65410,1.25810,-2.82466
808.45000,-0.65424,1.25806,-2.82856
808.50000,-0.65429,1.25804,-2.83251
808.55000,-0.65434,1.25802,-2.83649
808.60000,-0.65440,1.25800,-2.84049
808.65000,-0.65445,1.25798,-2.84449
808.70000,-0.65451,1.25796,-2.84926
808.75000,-0.65455,1.25794,-2.85466
808.80000,-0.65459,1.25793,-2.86012
808.85000,-0.65464,1.25792,-2.86578
808.90000,-0.65469,1.25790,-2.87165
808.95000,-0.65472,1.25789,-2.87762
809.00000,-0.65473,1.25789,-2.88380
809.05000,-0.65474,1.25789,-2.89010
809.10000,-0.65476,1.25789,-2.89659
809.15000,-0.65474,1.25788,-2.90303
809.20000,-0.65478,1.25788,-2.90971
809.25000,-0.65480,1.25787,-2.91689
809.30000,-0.65478,1.25788,-2.92468
809.35000,-0.65474,1.25789,-2.93298
809.40000,-0.65469,1.25789,-2.94189
809.45000,-0.65465,1.25790,-2.95120
809.50000,-0.65458,1.25792,-2.96086
809.55000,-0.65450,1.25794,-2.97070
809.60000,-0.65445,1.25795,-2.98046
809.65000,-0.65441,1.25796,-2.99038
809.70000,-0.65438,1.25796,-3.00018
809.75000,-0.65433,1.25797,-3.00959
809.80000,-0.65430,1.25797,-3.01876
809.85000,-0.65423,1.25798,-3.02802
809.90000,-0.65423,1.25798,-3.03630
809.95000,-0.65640,1.25757,-3.04414
810.00000,-0.66279,1.25668,-3.05171
810.05000,-0.67237,1.25583,-3.05869
810.10000,-0.68217,1.25505,-3.06572
810.15000,-0.69196,1.25434,-3.07356
810.20000,-0.70175,1.25372,-3.08208
810.25000,-0.71150,1.25318,-3.09122
810.30000,-0.72127,1.25269,-3.10039
810.35000,-0.72685,1.25256,-3.10927
810.40000,-0.72707,1.25259,-3.11875
810.45000,-0.72697,1.25259,-3.12965
810.50000,-0.72690,1.25259,-3.14007
810.55000,-0.72840,1.25262,3.13264
810.60000,-0.73444,1.25276,3.12179
810.65000,-0.74391,1.25300,3.11167
810.70000,-0.75365,1.25334,3.10134
810.75000,-0.76323,1.25371,3.09084
810.80000,-0.76813,1.25380,3.08061
810.85000,-0.76825,1.25380,3.06705
810.90000,-0.76801,1.25378,3.05170
810.95000,-0.76779,1.25376,3.03638
811.00000,-0.76758,1.25374,3.02121
811.05000,-0.76738,1.25371,3.00625
811.10000,-0.76718,1.25368,2.99151
811.15000,-0.76698,1.25365,2.97698
811.20000,-0.76680,1.25362,2.96266
811.25000,-0.76662,1.25359,2.94857
811.30000,-0.76644,1.25355,2.93470
811.35000,-0.76855,1.25442,2.92092
811.40000,-0.77709,1.25649,2.90830
811.45000,-0.78647,1.25878,2.89482
811.50000,-0.79580,1.26121,2.88032
811.55000,-0.80509,1.26369,2.86579
811.60000,-0.80925,1.26397,2.85087
811.65000,-0.80903,1.26389,2.83373
811.70000,-0.80875,1.26380,2.81600
811.75000,-0.80847,1.26371,2.79857
811.80000,-0.80820,1.26362,2.78138
811.85000,-0.80797,1.26353,2.76423
811.90000,-0.80774,1.26344,2.74727
811.95000,-0.80986,1.26474,2.73025
812.00000,-0.81784,1.26839,2.71543
812.05000,-0.82655,1.27243,2.69920
812.10000,-0.83519,1.27661,2.68234
812.15000,-0.84358,1.28077,2.66566
812.20000,-0.84811,1.28199,2.64855
812.25000,-0.84808,1.28192,2.63061
812.30000,-0.84787,1.28181,2.61168
812.35000,-0.84766,1.28168,2.59300
812.40000,-0.84905,1.28305,2.57414
812.45000,-0.85595,1.28780,2.55721
812.50000,-0.86389,1.29315,2.53969
812.55000,-0.87173,1.29864,2.52182
812.60000,-0.87949,1.30428,2.50347
812.65000,-0.88715,1.31007,2.48453
812.70000,-0.89464,1.31596,2.46544
812.75000,-0.90208,1.32204,2.44563
812.80000,-0.90934,1.32823,2.42575
812.85000,-0.91650,1.33458,2.40541
812.90000,-0.92351,1.34089,2.38550
812.95000,-0.92841,1.34535,2.37213
813.00000,-0.93533,1.35178,2.36075
813.05000,-0.94212,1.35865,2.34219
813.10000,-0.94873,1.36545,2.32142
813.15000,-0.95297,1.37032,2.30753
813.20000,-0.95938,1.37696,2.29585
813.25000,-0.96571,1.38432,2.27752
813.30000,-0.97178,1.39160,2.25610
813.35000,-0.97770,1.39900,2.23476
813.40000,-0.98347,1.40653,2.21361
813.45000,-0.98908,1.41419,2.19266
813.50000,-0.99452,1.42195,2.17206
813.55000,-0.99980,1.42982,2.15176
813.60000,-1.00494,1.43782,2.13168
813.65000,-1.00992,1.44593,2.11193
813.70000,-1.01475,1.45414,2.09256
813.75000,-1.01943,1.46246,2.07360
813.80000,-1.02395,1.47087,2.05508
813.85000,-1.02833,1.47937,2.03709
813.90000,-1.03256,1.48797,2.01961
813.95000,-1.03664,1.49663,2.00270
814.00000,-1.04059,1.50537,1.98637
814.05000,-1.04439,1.51419,1.97061
814.10000,-1.04807,1.52308,1.95549
814.15000,-1.05162,1.53204,1.94098
814.20000,-1.05506,1.54107,1.92693
814.25000,-1.05837,1.55015,1.91351
814.30000,-1.06156,1.55929,1.90080
814.35000,-1.06464,1.56848,1.88859
814.40000,-1.06760,1.57773,1.87700
814.45000,-1.07050,1.58707,1.86634
814.50000,-1.07328,1.59641,1.85632
814.55000,-1.07598,1.60579,1.84715
814.60000,-1.07860,1.61523,1.83901
814.65000,-1.08116,1.62472,1.83201
814.70000,-1.08369,1.63428,1.82639
814.75000,-1.08620,1.64393,1.82221
814.80000,-1.08863,1.65350,1.81835
814.85000,-1.08916,1.65867,1.81695
814.90000,-1.08920,1.65894,1.81775
814.95000,-1.08923,1.65907,1.82089
815.00000,-1.08925,1.65917,1.82509
815.05000,-1.08928,1.65924,1.83056
815.10000,-1.08931,1.65940,1.83758
815.15000,-1.08934,1.65953,1.84591
815.20000,-1.08940,1.65980,1.85589
815.25000,-1.08943,1.66000,1.86751
815.30000,-1.08943,1.66007,1.88086
815.35000,-1.08950,1.66036,1.89623
815.40000,-1.08955,1.66051,1.91326
815.45000,-1.08964,1.66088,1.93191
815.50000,-1.08969,1.66109,1.95218
815.55000,-1.08981,1.66141,1.97375
815.60000,-1.09001,1.66196,1.99787
815.65000,-1.09009,1.66212,2.02178
815.70000,-1.09016,1.66228,2.04701
815.75000,-1.09025,1.66244,2.07337
815.80000,-1.09035,1.66262,2.10073
815.85000,-1.09046,1.66280,2.12894
815.90000,-1.09058,1.66299,2.15776
815.95000,-1.09071,1.66318,2.18695
816.00000,-1.09085,1.66337,2.21627
816.05000,-1.09100,1.66355,2.24556
816.10000,-1.09115,1.66374,2.27478
816.15000,-1.09131,1.66392,2.30392
816.20000,-1.09147,1.66409,2.33297
816.25000,-1.09163,1.66426,2.36192
816.30000,-1.09181,1.66443,2.39094
816.35000,-1.09199,1.66459,2.42028
816.40000,-1.09219,1.66476,2.45009
816.45000,-1.09240,1.66494,2.48037
816.50000,-1.09264,1.66511,2.51117
816.55000,-1.09289,1.66529,2.54240
816.60000,-1.09317,1.66547,2.57400
816.65000,-1.09347,1.66566,2.60589
816.70000,-1.09378,1.66584,2.63791
816.75000,-1.09411,1.66601,2.66981
816.80000,-1.09445,1.66618,2.70147
816.85000,-1.09479,1.66633,2.73288
816.90000,-1.09513,1.66647,2.76403
816.95000,-1.09548,1.66661,2.79491
817.00000,-1.09584,1.66673,2.82552
817.05000,-1.09620,1.66684,2.85595
817.10000,-1.09657,1.66694,2.88637
817.15000,-1.09696,1.66704,2.91683
817.20000,-1.09736,1.66713,2.94734
817.25000,-1.09779,1.66720,2.97794
817.30000,-1.09824,1.66727,3.00861
817.35000,-1.09871,1.66733,3.03933
817.40000,-1.09921,1.66737,3.07006
817.45000,-1.09974,1.66740,3.10078
817.50000,-1.10028,1.66741,3.13137
817.55000,-1.10104,1.66741,-3.12074
817.60000,-1.10244,1.66736,-3.08754
817.65000,-1.10379,1.66728,-3.05472
817.70000,-1.10511,1.66716,-3.02244
817.75000,-1.10642,1.66699,-2.99067
817.80000,-1.10771,1.66679,-2.95932
817.85000,-1.10899,1.66655,-2.92833
817.90000,-1.11026,1.66627,-2.89763
817.95000,-1.11153,1.66594,-2.86720
818.00000,-1.11280,1.66557,-2.83700
818.05000,-1.11409,1.66516,-2.80715
818.10000,-1.11534,1.66472,-2.77772
818.15000,-1.11657,1.66424,-2.74869
818.20000,-1.11966,1.66264,-2.72164
818.25000,-1.12784,1.65880,-2.69749
818.30000,-1.13742,1.65408,-2.67016
818.35000,-1.14686,1.64911,-2.64359
818.40000,-1.15614,1.64391,-2.61798
818.45000,-1.16514,1.63862,-2.59364
818.50000,-1.17381,1.63324,-2.57038
818.55000,-1.18252,1.62750,-2.54780
818.60000,-1.19106,1.62164,-2.52592
818.65000,-1.19917,1.61579,-2.50615
818.70000,-1.20716,1.60978,-2.48760
818.75000,-1.21502,1.60364,-2.46993
818.80000,-1.22279,1.59736,-2.45317
818.85000,-1.23045,1.59096,-2.43748
818.90000,-1.23802,1.58443,-2.42327
818.95000,-1.24551,1.57780,-2.41073
819.00000,-1.25292,1.57109,-2.40009
819.05000,-1.26026,1.56431,-2.39167
819.10000,-1.26759,1.55749,-2.38348
819.15000,-1.27388,1.55170,-2.37546
819.20000,-1.27599,1.54986,-2.36835
819.25000,-1.27630,1.54958,-2.37141
819.30000,-1.27638,1.54950,-2.37618
819.35000,-1.27644,1.54944,-2.38097
819.40000,-1.27649,1.54939,-2.38508
819.45000,-1.27656,1.54933,-2.38819
819.50000,-1.27663,1.54926,-2.39112
819.55000,-1.27669,1.54921,-2.39346
819.60000,-1.27674,1.54916,-2.39580
819.65000,-1.27679,1.54911,-2.39814
819.70000,-1.27686,1.54904,-2.40095
819.75000,-1.27695,1.54897,-2.40418
819.80000,-1.27703,1.54889,-2.40765
819.85000,-1.27711,1.54882,-2.41129
819.90000,-1.27719,1.54875,-2.41466
819.95000,-1.27726,1.54869,-2.41776
820.00000,-1.27730,1.54865,-2.42060
820.05000,-1.27737,1.54859,-2.42210
820.10000,-1.27744,1.54853,-2.42299
820.15000,-1.27751,1.54847,-2.42366
820.20000,-1.27758,1.54841,-2.42444
820.25000,-1.27765,1.54834,-2.42543
820.30000,-1.27772,1.54828,-2.42663
820.35000,-1.27779,1.54822,-2.42803
820.40000,-1.27786,1.54816,-2.42964
820.45000,-1.27793,1.54810,-2.43151
820.50000,-1.27800,1.54804,-2.43362
820.55000,-1.27807,1.54798,-2.43570
820.60000,-1.27814,1.54792,-2.43762
820.65000,-1.27820,1.54787,-2.43920
820.70000,-1.27827,1.54781,-2.44030
820.75000,-1.27935,1.54681,-2.44128
820.80000,-1.28532,1.54145,-2.44126
820.85000,-1.29297,1.53499,-2.44045
820.90000,-1.30061,1.52855,-2.44133
820.95000,-1.30826,1.52210,-2.44233
821.00000,-1.31538,1.51618,-2.44318
821.05000,-1.32008,1.51268,-2.44355
821.10000,-1.32313,1.51036,-2.44809
821.15000,-1.32534,1.50855,-2.46059
821.20000,-1.32667,1.50748,-2.48032
821.25000,-1.32703,1.50721,-2.50684
821.30000,-1.32706,1.50719,-2.53583
821.35000,-1.32710,1.50716,-2.56475
821.40000,-1.32713,1.50715,-2.59352
821.45000,-1.32717,1.50714,-2.62185
821.50000,-1.32720,1.50713,-2.64994
821.55000,-1.32724,1.50711,-2.67774
821.60000,-1.32729,1.50709,-2.70509
821.65000,-1.32733,1.50707,-2.73130
821.70000,-1.32736,1.50706,-2.75651
821.75000,-1.32740,1.50704,-2.77852
821.80000,-1.32744,1.50703,-2.79758
821.85000,-1.32748,1.50702,-2.81310
821.90000,-1.32752,1.50700,-2.82504
821.95000,-1.32906,1.50596,-2.83557
822.00000,-1.33536,1.50312,-2.84431
822.05000,-1.34448,1.50026,-2.85256
822.10000,-1.35397,1.49749,-2.86346
822.15000,-1.36328,1.49483,-2.87444
822.20000,-1.36649,1.49470,-2.88467
822.25000,-1.36653,1.49470,-2.90636
822.30000,-1.36647,1.49471,-2.92441
822.35000,-1.36785,1.49401,-2.94102
822.40000,-1.37459,1.49241,-2.95309
822.45000,-1.38421,1.49054,-2.95056
822.50000,-1.39388,1.48868,-2.94635
822.55000,-1.39827,1.48843,-2.94162
822.60000,-1.39864,1.48838,-2.92955
822.65000,-1.39881,1.48836,-2.91420
822.70000,-1.39882,1.48835,-2.89919
822.75000,-1.39884,1.48835,-2.88403
822.80000,-1.39885,1.48835,-2.86873
822.85000,-1.39886,1.48834,-2.85318
822.90000,-1.39899,1.48832,-2.83694
822.95000,-1.39920,1.48827,-2.81921
823.00000,-1.39922,1.48826,-2.80092
823.05000,-1.39926,1.48825,-2.78111
823.10000,-1.39931,1.48823,-2.75975
823.15000,-1.39936,1.48820,-2.73707
823.20000,-1.39943,1.48818,-2.71325
823.25000,-1.39950,1.48814,-2.68841
823.30000,-1.39957,1.48811,-2.66217
823.35000,-1.39964,1.48807,-2.63445
823.40000,-1.39972,1.48802,-2.60530
823.45000,-1.39980,1.48797,-2.57483
823.50000,-1.39989,1.48792,-2.54346
823.55000,-1.39998,1.48785,-2.51147
823.60000,-1.40008,1.48778,-2.47934
823.65000,-1.40018,1.48769,-2.44746
823.70000,-1.40029,1.48760,-2.41575
823.75000,-1.40041,1.48749,-2.38439
823.80000,-1.40052,1.48738,-2.35371
823.85000,-1.40064,1.48726,-2.32374
823.90000,-1.40076,1.48713,-2.29450
823.95000,-1.40088,1.48699,-2.26598
824.00000,-1.40099,1.48685,-2.23796
824.05000,-1.40111,1.48670,-2.21057
824.10000,-1.40122,1.48654,-2.18386
824.15000,-1.40134,1.48637,-2.15791
824.20000,-1.40145,1.48619,-2.13300
824.25000,-1.40157,1.48600,-2.10905
824.30000,-1.40178,1.48565,-2.08505
824.35000,-1.40210,1.48506,-2.06044
824.40000,-1.40251,1.48427,-2.03518
824.45000,-1.40290,1.48350,-2.01000
824.50000,-1.40327,1.48267,-1.98443
824.55000,-1.40363,1.48183,-1.95864
824.60000,-1.40397,1.48097,-1.93256
824.65000,-1.40429,1.48009,-1.90607
824.70000,-1.40460,1.47917,-1.87917
824.75000,-1.40489,1.47822,-1.85200
824.80000,-1.40515,1.47728,-1.82445
824.85000,-1.40539,1.47627,-1.79641
824.90000,-1.40562,1.47524,-1.76797
824.95000,-1.40582,1.47417,-1.73981
825.00000,-1.40599,1.47308,-1.71212
825.05000,-1.40613,1.47199,-1.68511
825.10000,-1.40624,1.47090,-1.65904
825.15000,-1.40656,1.46783,-1.63356
825.20000,-1.40703,1.45945,-1.60911
825.25000,-1.40731,1.44890,-1.58540
825.30000,-1.40734,1.43837,-1.56179
825.35000,-1.40712,1.42778,-1.53765
825.40000,-1.40663,1.41718,-1.51316
825.45000,-1.40589,1.40659,-1.48835
825.50000,-1.40488,1.39601,-1.46317
825.55000,-1.40361,1.38545,-1.43790
825.60000,-1.40207,1.37494,-1.41291
825.65000,-1.40036,1.36483,-1.38989
825.70000,-1.39846,1.35503,-1.36862
825.75000,-1.39635,1.34527,-1.34806
825.80000,-1.39405,1.33556,-1.32827
825.85000,-1.39153,1.32576,-1.30868
825.90000,-1.38882,1.31594,-1.28960
825.95000,-1.38596,1.30636,-1.27194
826.00000,-1.38293,1.29683,-1.25451
826.05000,-1.37974,1.28736,-1.23692
826.10000,-1.37637,1.27794,-1.21902
826.15000,-1.37284,1.26858,-1.20085
826.20000,-1.36914,1.25929,-1.18228
826.25000,-1.36526,1.25005,-1.16295
826.30000,-1.36120,1.24091,-1.14307
826.35000,-1.35696,1.23187,-1.12258
826.40000,-1.35254,1.22291,-1.10166
826.45000,-1.34794,1.21406,-1.08100
826.50000,-1.34315,1.20530,-1.06088
826.55000,-1.33819,1.19663,-1.04077
826.60000,-1.33304,1.18806,-1.01970
826.65000,-1.32765,1.17949,-0.99647
826.70000,-1.32212,1.17119,-0.97125
826.75000,-1.31653,1.16298,-0.94606
826.80000,-1.31503,1.16014,-0.91502
826.85000,-1.31498,1.16007,-0.87344
826.90000,-1.31495,1.16004,-0.82938
826.95000,-1.31493,1.16001,-0.78814
827.00000,-1.31490,1.15999,-0.75202
827.05000,-1.31340,1.15851,-0.71685
827.10000,-1.30890,1.15465,-0.68273
827.15000,-1.30308,1.15001,-0.65876
827.20000,-1.29636,1.14467,-0.63856
827.25000,-1.29326,1.14238,-0.62301
827.30000,-1.29306,1.14223,-0.61868
827.35000,-1.29297,1.14215,-0.61676
827.40000,-1.29290,1.14210,-0.61603
827.45000,-1.29285,1.14206,-0.61644
827.50000,-1.29281,1.14203,-0.61772
827.55000,-1.29276,1.14198,-0.61931
827.60000,-1.29272,1.14194,-0.62103
827.65000,-1.29267,1.14188,-0.62267
827.70000,-1.29262,1.14183,-0.62421
827.75000,-1.29256,1.14176,-0.62560
827.80000,-1.29248,1.14169,-0.62680
827.85000,-1.29240,1.14162,-0.62796
827.90000,-1.29232,1.14155,-0.62940
827.95000,-1.29223,1.14147,-0.63089
828.00000,-1.29214,1.14138,-0.63223
828.05000,-1.29204,1.14129,-0.63353
828.10000,-1.29193,1.14120,-0.63495
828.15000,-1.29181,1.14111,-0.63664
828.20000,-1.29171,1.14104,-0.63874
828.25000,-1.29162,1.14095,-0.64122
828.30000,-1.29154,1.14087,-0.64402
828.35000,-1.29145,1.14079,-0.64705
828.40000,-1.29137,1.14072,-0.65036
828.45000,-1.29130,1.14065,-0.65399
828.50000,-1.29121,1.14058,-0.65779
828.55000,-1.29114,1.14050,-0.66187
828.60000,-1.29106,1.14044,-0.66630
828.65000,-1.29100,1.14039,-0.67092
828.70000,-1.29094,1.14034,-0.67573
828.75000,-1.29090,1.14028,-0.68081
828.80000,-1.29086,1.14023,-0.68607
828.85000,-1.29080,1.14018,-0.69146
828.90000,-1.29077,1.14013,-0.69703
828.95000,-1.29071,1.14008,-0.70272
829.00000,-1.29065,1.14002,-0.70839
829.05000,-1.29061,1.13998,-0.71429
829.10000,-1.29056,1.13994,-0.72021
829.15000,-1.29052,1.13990,-0.72630
829.20000,-1.29048,1.13986,-0.73240
829.25000,-1.29046,1.13982,-0.73869
829.30000,-1.29042,1.13978,-0.74502
829.35000,-1.29041,1.13975,-0.75122
829.40000,-1.29039,1.13971,-0.75691
829.45000,-1.29037,1.13967,-0.76176
829.50000,-1.29031,1.13962,-0.76558
829.55000,-1.28895,1.13828,-0.76940
829.60000,-1.28293,1.13238,-0.77192
829.65000,-1.27574,1.12538,-0.77110
829.70000,-1.26850,1.11836,-0.76751
829.75000,-1.26116,1.11133,-0.75864
829.80000,-1.25372,1.10425,-0.74886
829.85000,-1.25121,1.10202,-0.73459
829.90000,-1.25047,1.10138,-0.70166
829.95000,-1.24970,1.10075,-0.66290
830.00000,-1.24912,1.10030,-0.62339
830.05000,-1.24905,1.10025,-0.58516
830.10000,-1.24898,1.10021,-0.54563
830.15000,-1.24890,1.10016,-0.50482
830.20000,-1.24882,1.10012,-0.46287
830.25000,-1.24873,1.10008,-0.41992
830.30000,-1.24863,1.10004,-0.37606
830.35000,-1.24852,1.10000,-0.33141
830.40000,-1.24841,1.09996,-0.28606
830.45000,-1.24829,1.09993,-0.24022
830.50000,-1.24816,1.09990,-0.19401
830.55000,-1.24803,1.09988,-0.14757
830.60000,-1.24789,1.09986,-0.10099
830.65000,-1.24774,1.09985,-0.05437
830.70000,-1.24759,1.09984,-0.00777
830.75000,-1.24743,1.09985,0.03874
830.80000,-1.24728,1.09986,0.08511
830.85000,-1.24712,1.09987,0.13129
830.90000,-1.24695,1.09990,0.17724
830.95000,-1.24679,1.09993,0.22290
831.00000,-1.24662,1.09997,0.26813
831.05000,-1.24646,1.10002,0.31289
831.10000,-1.24630,1.10008,0.35716
831.15000,-1.24613,1.10014,0.40096
831.20000,-1.24597,1.10022,0.44436
831.25000,-1.24581,1.10030,0.48743
831.30000,-1.24566,1.10039,0.53012
831.35000,-1.24550,1.10048,0.57242
831.40000,-1.24535,1.10058,0.61430
831.45000,-1.24520,1.10070,0.65574
831.50000,-1.24505,1.10081,0.69671
831.55000,-1.24491,1.10094,0.73720
831.60000,-1.24477,1.10107,0.77719
831.65000,-1.24464,1.10120,0.81666
831.70000,-1.24451,1.10135,0.85560
831.75000,-1.24438,1.10149,0.89395
831.80000,-1.24427,1.10165,0.93172
831.85000,-1.24415,1.10181,0.96887
831.90000,-1.24405,1.10197,1.00542
831.95000,-1.24394,1.10213,1.04138
832.00000,-1.24385,1.10230,1.07677
832.05000,-1.24257,1.10391,1.11120
832.10000,-1.23933,1.10941,1.14461
832.15000,-1.23569,1.11774,1.18077
832.20000,-1.23205,1.12698,1.21447
832.25000,-1.22874,1.13633,1.24739
832.30000,-1.22570,1.14595,1.28026
832.35000,-1.22296,1.15566,1.31292
832.40000,-1.22055,1.16538,1.34441
832.45000,-1.21845,1.17511,1.37710
832.50000,-1.21675,1.18470,1.40880
832.55000,-1.21541,1.19380,1.44060
832.60000,-1.21436,1.20297,1.47160
832.65000,-1.21358,1.21218,1.50179
832.70000,-1.21308,1.22143,1.53116
832.75000,-1.21284,1.23071,1.55971
832.80000,-1.21287,1.24002,1.58743
832.85000,-1.21315,1.24934,1.61434
832.90000,-1.21368,1.25867,1.64049
832.95000,-1.21445,1.26800,1.66591
833.00000,-1.21546,1.27733,1.69060
833.05000,-1.21669,1.28665,1.71455
833.10000,-1.21815,1.29595,1.73778
833.15000,-1.21982,1.30524,1.76028
833.20000,-1.22170,1.31450,1.78208
833.25000,-1.22379,1.32374,1.80317
833.30000,-1.22607,1.33295,1.82355
833.35000,-1.22855,1.34216,1.84334
833.40000,-1.23124,1.35139,1.86256
833.45000,-1.23404,1.36054,1.88123
833.50000,-1.23455,1.36471,1.89930
833.55000,-1.23467,1.36513,1.91619
833.60000,-1.23473,1.36535,1.93159
833.65000,-1.23483,1.36568,1.94662
833.70000,-1.23492,1.36597,1.96130
833.75000,-1.23494,1.36604,1.97530
833.80000,-1.23498,1.36616,1.98881
833.85000,-1.23507,1.36638,2.00177
833.90000,-1.23514,1.36657,2.01428
833.95000,-1.23521,1.36677,2.02606
834.00000,-1.23531,1.36696,2.03686
834.05000,-1.23540,1.36715,2.04741
834.10000,-1.23545,1.36727,2.05763
834.15000,-1.23554,1.36746,2.06709
834.20000,-1.23565,1.36767,2.07594
834.25000,-1.23574,1.36786,2.08458
834.30000,-1.23576,1.36789,2.09283
834.35000,-1.23574,1.36786,2.10071
834.40000,-1.23573,1.36784,2.10809
834.45000,-1.23573,1.36784,2.11499
834.50000,-1.23573,1.36784,2.12139
834.55000,-1.23573,1.36785,2.12732
834.60000,-1.23575,1.36787,2.13277
834.65000,-1.23577,1.36791,2.13775
834.70000,-1.23580,1.36795,2.14227
834.75000,-1.23583,1.36800,2.14632
834.80000,-1.23587,1.36806,2.14993
834.85000,-1.23592,1.36813,2.15309
834.90000,-1.23597,1.36821,2.15582
834.95000,-1.23603,1.36830,2.15812
835.00000,-1.23609,1.36840,2.16002
835.05000,-1.23616,1.36850,2.16151
835.10000,-1.23624,1.36861,2.16264
835.15000,-1.23632,1.36873,2.16340
835.20000,-1.23640,1.36886,2.16382
835.25000,-1.23649,1.36899,2.16392
835.30000,-1.23658,1.36913,2.16371
835.35000,-1.23668,1.36927,2.16319
835.40000,-1.23678,1.36942,2.16238
835.45000,-1.23688,1.36957,2.16130
835.50000,-1.23699,1.36973,2.15994
835.55000,-1.23710,1.36989,2.15833
835.60000,-1.23721,1.37006,2.15646
835.65000,-1.23732,1.37023,2.15436
835.70000,-1.23744,1.37041,2.15203
835.75000,-1.23756,1.37059,2.14948
835.80000,-1.23768,1.37077,2.14674
835.85000,-1.23780,1.37096,2.14380
835.90000,-1.23792,1.37115,2.14068
835.95000,-1.23804,1.37134,2.13741
836.00000,-1.23816,1.37153,2.13398
836.05000,-1.23829,1.37173,2.13043
836.10000,-1.23841,1.37192,2.12676
836.15000,-1.23853,1.37212,2.12299
836.20000,-1.23865,1.37231,2.11914
836.25000,-1.23877,1.37251,2.11521
836.30000,-1.23889,1.37271,2.11118
836.35000,-1.23901,1.37291,2.10700
836.40000,-1.23913,1.37311,2.10271
836.45000,-1.23925,1.37332,2.09832
836.50000,-1.23937,1.37352,2.09390
836.55000,-1.23948,1.37372,2.08949
836.60000,-1.23960,1.37392,2.08514
836.65000,-1.23970,1.37411,2.08090
836.70000,-1.23981,1.37430,2.07684
836.75000,-1.23990,1.37447,2.07301
836.80000,-1.24000,1.37464,2.06950
836.85000,-1.24008,1.37479,2.06642
836.90000,-1.24015,1.37493,2.06392
836.95000,-1.24134,1.37639,2.06211
837.00000,-1.24573,1.38308,2.06152
837.05000,-1.25045,1.39190,2.06236
837.10000,-1.25516,1.40065,2.06672
837.15000,-1.25989,1.40931,2.07804
837.20000,-1.26440,1.41756,2.09111
837.25000,-1.26602,1.42071,2.11628
837.30000,-1.26676,1.42193,2.16373
837.35000,-1.26685,1.42208,2.21409
837.40000,-1.26692,1.42217,2.26584
837.45000,-1.26701,1.42227,2.31861
837.50000,-1.26712,1.42239,2.37203
837.55000,-1.26727,1.42252,2.42587
837.60000,-1.26744,1.42266,2.47993
837.65000,-1.26764,1.42281,2.53404
837.70000,-1.26788,1.42297,2.58805
837.75000,-1.26815,1.42312,2.64185
837.80000,-1.26845,1.42328,2.69539
837.85000,-1.26877,1.42342,2.74855
837.90000,-1.26911,1.42355,2.80122
837.95000,-1.26945,1.42366,2.85339
838.00000,-1.26980,1.42375,2.90505
838.05000,-1.27016,1.42383,2.95620
838.10000,-1.27053,1.42389,3.00688
838.15000,-1.27092,1.42393,3.05710
838.20000,-1.27134,1.42396,3.10692
838.25000,-1.27180,1.42396,-3.12684
838.30000,-1.27229,1.42394,-3.07779
838.35000,-1.27283,1.42389,-3.02918
838.40000,-1.27342,1.42381,-2.98103
838.45000,-1.27405,1.42370,-2.93336
838.50000,-1.27472,1.42354,-2.88622
838.55000,-1.27542,1.42334,-2.83966
838.60000,-1.27612,1.42310,-2.79372
838.65000,-1.27681,1.42283,-2.74843
838.70000,-1.27749,1.42253,-2.70380
838.75000,-1.27816,1.42220,-2.65983
838.80000,-1.27884,1.42183,-2.61649
838.85000,-1.27952,1.42141,-2.57373
838.90000,-1.28022,1.42095,-2.53156
838.95000,-1.28094,1.42042,-2.48995
839.00000,-1.28169,1.41982,-2.44892
839.05000,-1.28247,1.41915,-2.40847
839.10000,-1.28327,1.41840,-2.36863
839.15000,-1.28409,1.41756,-2.32941
839.20000,-1.28492,1.41666,-2.29082
839.25000,-1.28574,1.41569,-2.25290
839.30000,-1.28818,1.41259,-2.21730
839.35000,-1.29330,1.40557,-2.18536
839.40000,-1.29887,1.39738,-2.14989
839.45000,-1.30419,1.38892,-2.11468
839.50000,-1.30922,1.38027,-2.08022
839.55000,-1.31394,1.37146,-2.04645
839.60000,-1.31837,1.36250,-2.01334
839.65000,-1.32251,1.35340,-1.98087
839.70000,-1.32635,1.34416,-1.94902
839.75000,-1.32989,1.33482,-1.91780
839.80000,-1.33315,1.32536,-1.88723
839.85000,-1.33612,1.31581,-1.85730
839.90000,-1.33880,1.30618,-1.82802
839.95000,-1.34121,1.29648,-1.79942
840.00000,-1.34334,1.28671,-1.77152
840.05000,-1.34520,1.27688,-1.74433
840.10000,-1.34679,1.26701,-1.71785
840.15000,-1.34813,1.25710,-1.69212
840.20000,-1.34922,1.24716,-1.66706
840.25000,-1.35008,1.23693,-1.64158
840.30000,-1.35068,1.22649,-1.61611
840.35000,-1.35101,1.21612,-1.59141
840.40000,-1.35110,1.20568,-1.56688
840.45000,-1.35093,1.19507,-1.54212
840.50000,-1.35050,1.18447,-1.51794
840.55000,-1.34984,1.17407,-1.49516
840.60000,-1.34898,1.16410,-1.47462
840.65000,-1.34792,1.15417,-1.45471
840.70000,-1.34667,1.14427,-1.43530
840.75000,-1.34533,1.13437,-1.41591
840.80000,-1.34511,1.12939,-1.39636
840.85000,-1.34498,1.12855,-1.37684
840.90000,-1.34483,1.12797,-1.35844
840.95000,-1.34476,1.12763,-1.34154
841.00000,-1.34468,1.12730,-1.32536
841.05000,-1.34460,1.12697,-1.30973
841.10000,-1.34450,1.12664,-1.29459
841.15000,-1.34436,1.12616,-1.27937
841.20000,-1.34425,1.12578,-1.26498
841.25000,-1.34412,1.12538,-1.25092
841.30000,-1.34394,1.12483,-1.23680
841.35000,-1.34377,1.12436,-1.22345
841.40000,-1.34358,1.12386,-1.21048
841.45000,-1.34337,1.12332,-1.19787
841.50000,-1.34315,1.12274,-1.18563
841.55000,-1.34290,1.12214,-1.17377
841.60000,-1.34262,1.12150,-1.16229
841.65000,-1.34228,1.12069,-1.15059
841.70000,-1.34188,1.11975,-1.13874
841.75000,-1.34145,1.11881,-1.12748
841.80000,-1.34103,1.11788,-1.11678
841.85000,-1.34060,1.11698,-1.10663
841.90000,-1.34017,1.11608,-1.09699
841.95000,-1.33973,1.11520,-1.08781
842.00000,-1.33928,1.11430,-1.07900
842.05000,-1.33880,1.11339,-1.07054
842.10000,-1.33834,1.11253,-1.06254
842.15000,-1.33788,1.11170,-1.05519
842.20000,-1.33738,1.11080,-1.04795
842.25000,-1.33687,1.10991,-1.04130
842.30000,-1.33634,1.10900,-1.03487
842.35000,-1.33577,1.10804,-1.02849
842.40000,-1.33522,1.10713,-1.02277
842.45000,-1.33466,1.10622,-1.01749
842.50000,-1.33410,1.10532,-1.01257
842.55000,-1.33352,1.10438,-1.00789
842.60000,-1.33294,1.10346,-1.00361
842.65000,-1.33235,1.10255,-0.99969
842.70000,-1.33175,1.10162,-0.99602
842.75000,-1.33115,1.10069,-0.99250
842.80000,-1.33053,1.09974,-0.98918
842.85000,-1.32988,1.09877,-0.98598
842.90000,-1.32922,1.09778,-0.98302
842.95000,-1.32855,1.09677,-0.98010
843.00000,-1.32785,1.09572,-0.97734
843.05000,-1.32713,1.09462,-0.97476
843.10000,-1.32640,1.09353,-0.97243
843.15000,-1.32568,1.09244,-0.97042
843.20000,-1.32497,1.09138,-0.96869
843.25000,-1.32426,1.09032,-0.96728
843.30000,-1.32356,1.08928,-0.96613
843.35000,-1.32286,1.08825,-0.96523
843.40000,-1.32216,1.08723,-0.96449
843.45000,-1.32147,1.08621,-0.96385
843.50000,-1.32078,1.08519,-0.96326
843.55000,-1.32008,1.08416,-0.96273
843.60000,-1.31938,1.08313,-0.96224
843.65000,-1.31867,1.08210,-0.96180
843.70000,-1.31795,1.08105,-0.96142
843.75000,-1.31723,1.08000,-0.96108
843.80000,-1.31650,1.07894,-0.96078
843.85000,-1.31577,1.07787,-0.96052
843.90000,-1.31503,1.07680,-0.96028
843.95000,-1.31430,1.07572,-0.96010
844.00000,-1.31356,1.07466,-0.96000
844.05000,-1.31284,1.07360,-0.96004
844.10000,-1.31212,1.07256,-0.96024
844.15000,-1.31142,1.07153,-0.96062
844.20000,-1.31073,1.07052,-0.96113
844.25000,-1.31004,1.06952,-0.96179
844.30000,-1.30938,1.06854,-0.96257
844.35000,-1.30872,1.06757,-0.96346
844.40000,-1.30808,1.06663,-0.96445
844.45000,-1.30746,1.06570,-0.96548
844.50000,-1.30686,1.06481,-0.96649
844.55000,-1.30626,1.06393,-0.96735
844.60000,-1.30567,1.06309,-0.96814
844.65000,-1.30510,1.06226,-0.96888
844.70000,-1.30454,1.06144,-0.96956
844.75000,-1.30256,1.05916,-0.96967
844.80000,-1.29713,1.05220,-0.96976
844.85000,-1.29148,1.04395,-0.97023
844.90000,-1.28585,1.03570,-0.97047
844.95000,-1.28021,1.02744,-0.97038
845.00000,-1.27456,1.01917,-0.96994
845.05000,-1.26890,1.01091,-0.96908
845.10000,-1.26324,1.00263,-0.96776
845.15000,-1.25754,0.99436,-0.96590
845.20000,-1.25183,0.98608,-0.96339
845.25000,-1.24609,0.97785,-0.96044
845.30000,-1.24034,0.96966,-0.95695
845.35000,-1.23453,0.96145,-0.95254
845.40000,-1.22870,0.95328,-0.94722
845.45000,-1.22278,0.94512,-0.94031
845.50000,-1.21683,0.93704,-0.93201
845.55000,-1.21075,0.92892,-0.92122
845.60000,-1.20460,0.92093,-0.90773
845.65000,-1.19829,0.91284,-0.89251
845.70000,-1.19592,0.90932,-0.87609
845.75000,-1.19469,0.90782,-0.85000
845.80000,-1.19451,0.90759,-0.81541
845.85000,-1.19445,0.90753,-0.77690
845.90000,-1.19438,0.90747,-0.73665
845.95000,-1.19431,0.90741,-0.69505
846.00000,-1.19424,0.90735,-0.65233
846.05000,-1.19416,0.90730,-0.60872
846.10000,-1.19408,0.90724,-0.56435
846.15000,-1.19399,0.90719,-0.51946
846.20000,-1.19390,0.90714,-0.47428
846.25000,-1.19380,0.90709,-0.42886
846.30000,-1.19370,0.90705,-0.38327
846.35000,-1.19359,0.90701,-0.33747
846.40000,-1.19348,0.90697,-0.29150
846.45000,-1.19337,0.90694,-0.24540
846.50000,-1.19325,0.90692,-0.19915
846.55000,-1.19313,0.90689,-0.15273
846.60000,-1.19301,0.90688,-0.10620
846.65000,-1.19288,0.90687,-0.05949
846.70000,-1.19275,0.90686,-0.01251
846.75000,-1.19261,0.90686,0.03467
846.80000,-1.19246,0.90687,0.08194
846.85000,-1.19232,0.90689,0.12921
846.90000,-1.19217,0.90691,0.17634
846.95000,-1.19201,0.90694,0.22327
847.00000,-1.19186,0.90698,0.26993
847.05000,-1.19171,0.90703,0.31629
847.10000,-1.19155,0.90708,0.36228
847.15000,-1.19140,0.90714,0.40786
847.20000,-1.19125,0.90721,0.45298
847.25000,-1.19110,0.90729,0.49761
847.30000,-1.19095,0.90738,0.54171
847.35000,-1.19080,0.90747,0.58524
847.40000,-1.19066,0.90757,0.62818
847.45000,-1.19052,0.90767,0.67050
847.50000,-1.19039,0.90778,0.71217
847.55000,-1.19026,0.90790,0.75316
847.60000,-1.19013,0.90802,0.79344
847.65000,-1.19001,0.90815,0.83300
847.70000,-1.18990,0.90828,0.87181
847.75000,-1.18979,0.90842,0.90987
847.80000,-1.18969,0.90855,0.94716
847.85000,-1.18812,0.91062,0.98318
847.90000,-1.18363,0.91754,1.01377
847.95000,-1.17899,0.92529,1.05048
848.00000,-1.17422,0.93394,1.08467
848.05000,-1.16970,0.94283,1.11692
848.10000,-1.16543,0.95191,1.14844
848.15000,-1.16149,0.96097,1.17920
848.20000,-1.15771,0.97041,1.20919
848.25000,-1.15430,0.97992,1.23581
848.30000,-1.15108,0.98956,1.25976
848.35000,-1.14814,0.99903,1.28194
848.40000,-1.14538,1.00843,1.30548
848.45000,-1.14380,1.01633,1.32794
848.50000,-1.14353,1.01836,1.34263
848.55000,-1.14350,1.01858,1.34775
848.60000,-1.14346,1.01873,1.34884
848.65000,-1.14344,1.01884,1.34712
848.70000,-1.14341,1.01893,1.34376
848.75000,-1.14339,1.01900,1.33717
848.80000,-1.14336,1.01910,1.32840
848.85000,-1.14333,1.01917,1.31681
848.90000,-1.14334,1.01910,1.30420
848.95000,-1.14332,1.01910,1.28935
849.00000,-1.14333,1.01900,1.27382
849.05000,-1.14333,1.01898,1.25598
849.10000,-1.14338,1.01881,1.23733
849.15000,-1.14344,1.01861,1.21760
849.20000,-1.14351,1.01841,1.19727
849.25000,-1.14347,1.01851,1.17400
849.30000,-1.14353,1.01838,1.15121
849.35000,-1.14366,1.01809,1.12805
849.40000,-1.14381,1.01778,1.10415
849.45000,-1.14397,1.01747,1.07959
849.50000,-1.14414,1.01716,1.05443
849.55000,-1.14433,1.01684,1.02874
849.60000,-1.14453,1.01653,1.00257
849.65000,-1.14474,1.01621,0.97595
849.70000,-1.14496,1.01590,0.94896
849.75000,-1.14519,1.01559,0.92161
849.80000,-1.14543,1.01528,0.89395
849.85000,-1.14568,1.01498,0.86602
849.90000,-1.14595,1.01468,0.83785
849.95000,-1.14622,1.01439,0.80936
850.00000,-1.14651,1.01410,0.78048
850.05000,-1.14680,1.01382,0.75115
850.10000,-1.14711,1.01354,0.72134
850.15000,-1.14742,1.01328,0.69103
850.20000,-1.14774,1.01302,0.66019
850.25000,-1.14796,1.01284,0.62928
850.30000,-1.14823,1.01263,0.59759
850.35000,-1.14813,1.01268,0.56696
850.40000,-1.14810,1.01269,0.53583
850.45000,-1.14792,1.01276,0.50489
850.50000,-1.14771,1.01287,0.47372
850.55000,-1.14727,1.01309,0.44306
850.60000,-1.14680,1.01330,0.41210
850.65000,-1.14630,1.01351,0.38081
850.70000,-1.14578,1.01372,0.34926
850.75000,-1.14522,1.01391,0.31746
850.80000,-1.14463,1.01409,0.28552
850.85000,-1.14403,1.01426,0.25358
850.90000,-1.14341,1.01441,0.22174
850.95000,-1.14279,1.01454,0.19007
851.00000,-1.14217,1.01465,0.15856
851.05000,-1.14154,1.01474,0.12721
851.10000,-1.14090,1.01481,0.09595
851.15000,-1.14025,1.01486,0.06469
851.20000,-1.13959,1.01489,0.03341
851.25000,-1.13891,1.01491,0.00210
851.30000,-1.13822,1.01490,-0.02921
851.35000,-1.13751,1.01486,-0.06053
851.40000,-1.13678,1.01481,-0.09184
851.45000,-1.13604,1.01473,-0.12313
851.50000,-1.13528,1.01462,-0.15438
851.55000,-1.13451,1.01449,-0.18560
851.60000,-1.13372,1.01433,-0.21678
851.65000,-1.13291,1.01414,-0.24791
851.70000,-1.13209,1.01392,-0.27889
851.75000,-1.13128,1.01367,-0.30965
851.80000,-1.13047,1.01340,-0.34012
851.85000,-1.12967,1.01310,-0.37026
851.90000,-1.12889,1.01278,-0.40006
851.95000,-1.12811,1.01244,-0.42959
852.00000,-1.12735,1.01208,-0.45891
852.05000,-1.12660,1.01169,-0.48807
852.10000,-1.12585,1.01128,-0.51705
852.15000,-1.12511,1.01085,-0.54585
852.20000,-1.12439,1.01039,-0.57447
852.25000,-1.12366,1.00991,-0.60291
852.30000,-1.12295,1.00941,-0.63116
852.35000,-1.12224,1.00887,-0.65922
852.40000,-1.12155,1.00832,-0.68708
852.45000,-1.12087,1.00775,-0.71464
852.50000,-1.12060,1.00749,-0.74377
852.55000,-1.12051,1.00739,-0.77342
852.60000,-1.12040,1.00726,-0.80263
852.65000,-1.12029,1.00715,-0.83134
852.70000,-1.11830,1.00490,-0.85951
852.75000,-1.11297,0.99853,-0.88564
852.80000,-1.10717,0.99123,-0.91264
852.85000,-1.10155,0.98377,-0.93899
852.90000,-1.09612,0.97615,-0.96465
852.95000,-1.09088,0.96838,-0.98965
853.00000,-1.08582,0.96046,-1.01397
853.05000,-1.08094,0.95242,-1.03758
853.10000,-1.07623,0.94424,-1.06041
853.15000,-1.07170,0.93594,-1.08255
853.20000,-1.06734,0.92752,-1.10388
853.25000,-1.06315,0.91900,-1.12433
853.30000,-1.05912,0.91038,-1.14383
853.35000,-1.05523,0.90164,-1.16221
853.40000,-1.05149,0.89282,-1.17892
853.45000,-1.04787,0.88387,-1.19390
853.50000,-1.04436,0.87483,-1.20671
853.55000,-1.04093,0.86569,-1.21676
853.60000,-1.03761,0.85665,-1.22607
853.65000,-1.03676,0.85213,-1.23373
853.70000,-1.03657,0.85145,-1.23085
853.75000,-1.03656,0.85139,-1.22089
853.80000,-1.03652,0.85123,-1.20898
853.85000,-1.03649,0.85113,-1.19558
853.90000,-1.03649,0.85110,-1.18067
853.95000,-1.03637,0.85079,-1.16395
854.00000,-1.03630,0.85055,-1.14603
854.05000,-1.03617,0.85024,-1.12651
854.10000,-1.03596,0.84978,-1.10558
854.15000,-1.03588,0.84960,-1.08453
854.20000,-1.03566,0.84914,-1.06225
854.25000,-1.03556,0.84890,-1.04098
854.30000,-1.03530,0.84844,-1.01747
854.35000,-1.03502,0.84797,-0.99311
854.40000,-1.03474,0.84750,-0.96739
854.45000,-1.03458,0.84726,-0.94136
854.50000,-1.03419,0.84672,-0.91207
854.55000,-1.03413,0.84661,-0.88200
854.60000,-1.03387,0.84628,-0.84946
854.65000,-1.03374,0.84613,-0.81673
854.70000,-1.03368,0.84605,-0.78308
854.75000,-1.03333,0.84569,-0.74703
854.80000,-1.03332,0.84568,-0.71248
854.85000,-1.03333,0.84567,-0.67773
854.90000,-1.03333,0.84567,-0.64301
854.95000,-1.03332,0.84567,-0.60831
855.00000,-1.03332,0.84566,-0.57365
855.05000,-1.03332,0.84566,-0.53903
855.10000,-1.03331,0.84566,-0.50420
855.15000,-1.03330,0.84566,-0.46888
855.20000,-1.03326,0.84563,-0.43290
855.25000,-1.03320,0.84561,-0.39597
855.30000,-1.03314,0.84558,-0.35793
855.35000,-1.03307,0.84556,-0.31883
855.40000,-1.03301,0.84554,-0.27898
855.45000,-1.03293,0.84552,-0.23860
855.50000,-1.03286,0.84551,-0.19804
855.55000,-1.03279,0.84549,-0.15771
855.60000,-1.03271,0.84548,-0.11763
855.65000,-1.03264,0.84548,-0.07782
855.70000,-1.03256,0.84547,-0.03828
855.75000,-1.03249,0.84547,0.00097
855.80000,-1.03241,0.84547,0.03987
855.85000,-1.03234,0.84548,0.07862
855.90000,-1.03226,0.84548,0.11731
855.95000,-1.03218,0.84549,0.15604
856.00000,-1.03210,0.84551,0.19492
856.05000,-1.03202,0.84553,0.23401
856.10000,-1.03193,0.84555,0.27332
856.15000,-1.03184,0.84558,0.31277
856.20000,-1.03175,0.84561,0.35226
856.25000,-1.03166,0.84564,0.39162
856.30000,-1.03157,0.84568,0.43072
856.35000,-1.03148,0.84572,0.46945
856.40000,-1.03139,0.84577,0.50776
856.45000,-1.03131,0.84582,0.54566
856.50000,-1.03122,0.84587,0.58313
856.55000,-1.03114,0.84593,0.62018
856.60000,-1.03106,0.84599,0.65679
856.65000,-1.03098,0.84606,0.69293
856.70000,-1.03090,0.84612,0.72867
856.75000,-1.03083,0.84619,0.76418
856.80000,-1.03075,0.84627,0.79951
856.85000,-1.03067,0.84635,0.83466
856.90000,-1.03060,0.84644,0.86957
856.95000,-1.03052,0.84653,0.90414
857.00000,-1.03045,0.84663,0.93829
857.05000,-1.03038,0.84672,0.97193
857.10000,-1.03031,0.84683,1.00506
857.15000,-1.03025,0.84693,1.03768
857.20000,-1.03019,0.84703,1.06978
857.25000,-1.03013,0.84714,1.10135
857.30000,-1.03008,0.84725,1.13245
857.35000,-1.02883,0.84892,1.16241
857.40000,-1.02565,0.85414,1.19093
857.45000,-1.02214,0.86331,1.22063
857.50000,-1.01885,0.87275,1.25009
857.55000,-1.01583,0.88228,1.27885
857.60000,-1.01309,0.89190,1.30677
857.65000,-1.01061,0.90159,1.33375
857.70000,-1.00839,0.91133,1.35965
857.75000,-1.00642,0.92114,1.38421
857.80000,-1.00464,0.93101,1.40718
857.85000,-1.00311,0.94091,1.42806
857.90000,-1.00178,0.95082,1.44627
857.95000,-1.00061,0.96079,1.46122
858.00000,-0.99950,0.97072,1.47569
858.05000,-0.99925,0.97568,1.48749
858.10000,-0.99932,0.97702,1.48053
858.15000,-0.99932,0.97723,1.45342
858.20000,-0.99932,0.97725,1.42275
858.25000,-0.99932,0.97727,1.39225
858.30000,-0.99931,0.97728,1.36224
858.35000,-0.99931,0.97730,1.33286
858.40000,-0.99931,0.97732,1.30423
858.45000,-0.99930,0.97733,1.27592
858.50000,-0.99930,0.97735,1.25125
858.55000,-0.99928,0.97736,1.23397
858.60000,-0.99926,0.97737,1.22817
858.65000,-0.99816,0.97888,1.22873
858.70000,-0.99549,0.98508,1.23168
858.75000,-0.99260,0.99306,1.24068
858.80000,-0.98942,1.00248,1.25347
858.85000,-0.98630,1.01199,1.26623
858.90000,-0.98515,1.01733,1.26718
858.95000,-0.98461,1.01910,1.23426
859.00000,-0.98451,1.01936,1.18681
859.05000,-0.98450,1.01940,1.13780
859.10000,-0.98448,1.01944,1.08880
859.15000,-0.98446,1.01947,1.03984
859.20000,-0.98443,1.01951,0.99127
859.25000,-0.98442,1.01953,0.94368
859.30000,-0.98440,1.01955,0.89824
859.35000,-0.98439,1.01956,0.85891
859.40000,-0.98436,1.01956,0.83124
859.45000,-0.98315,1.02077,0.81465
859.50000,-0.97869,1.02543,0.81173
859.55000,-0.97286,1.03160,0.81583
859.60000,-0.96667,1.03817,0.82274
859.65000,-0.96269,1.04245,0.81874
859.70000,-0.95948,1.04581,0.79135
859.75000,-0.95792,1.04733,0.74971
859.80000,-0.95785,1.04740,0.69909
859.85000,-0.95782,1.04742,0.64823
859.90000,-0.95780,1.04744,0.59802
859.95000,-0.95778,1.04745,0.54906
860.00000,-0.95778,1.04745,0.50506
860.05000,-0.95757,1.04761,0.47601
860.10000,-0.95674,1.04832,0.47624
860.15000,-0.95618,1.04863,0.49634
860.20000,-0.95567,1.04890,0.52075
860.25000,-0.95516,1.04918,0.54531
860.30000,-0.95508,1.04915,0.56958
860.35000,-0.95473,1.04938,0.59316
860.40000,-0.95424,1.04970,0.61749
860.45000,-0.95379,1.05002,0.64192
860.50000,-0.95333,1.05035,0.66628
860.55000,-0.95308,1.05055,0.68943
860.60000,-0.95306,1.05056,0.71112
860.65000,-0.95304,1.05058,0.73290
860.70000,-0.95302,1.05060,0.75478
860.75000,-0.95299,1.05063,0.77670
860.80000,-0.95295,1.05067,0.79859
860.85000,-0.95292,1.05071,0.82040
860.90000,-0.95288,1.05075,0.84209
860.95000,-0.95284,1.05079,0.86367
861.00000,-0.95280,1.05084,0.88512
861.05000,-0.95277,1.05088,0.90643
861.10000,-0.95273,1.05093,0.92760
861.15000,-0.95270,1.05098,0.94862
861.20000,-0.95266,1.05103,0.96948
861.25000,-0.95262,1.05108,0.99016
861.30000,-0.95258,1.05115,1.01066
861.35000,-0.95254,1.05122,1.03097
861.40000,-0.95249,1.05130,1.05109
861.45000,-0.95245,1.05138,1.07102
861.50000,-0.95240,1.05146,1.09076
861.55000,-0.95236,1.05154,1.11031
861.60000,-0.95232,1.05162,1.12966
861.65000,-0.95228,1.05171,1.14880
861.70000,-0.95224,1.05179,1.16774
861.75000,-0.95221,1.05188,1.18647
861.80000,-0.95217,1.05197,1.20498
861.85000,-0.95214,1.05206,1.22324
861.90000,-0.95211,1.05216,1.24126
861.95000,-0.95207,1.05226,1.25902
862.00000,-0.95098,1.05434,1.27553
862.05000,-0.94838,1.06255,1.29035
862.10000,-0.94566,1.07233,1.30793
862.15000,-0.94313,1.08207,1.32504
862.20000,-0.94079,1.09177,1.34182
862.25000,-0.93860,1.10151,1.35859
862.30000,-0.93658,1.11129,1.37545
862.35000,-0.93473,1.12110,1.39251
862.40000,-0.93305,1.13095,1.40994
862.45000,-0.93154,1.14082,1.42821
862.50000,-0.93010,1.15071,1.44640
862.55000,-0.93000,1.15499,1.46363
862.60000,-0.92995,1.15573,1.49849
862.65000,-0.92995,1.15574,1.54272
862.70000,-0.92995,1.15576,1.58008
862.75000,-0.92997,1.15614,1.60824
862.80000,-0.93020,1.15863,1.63472
862.85000,-0.93094,1.16717,1.65736
862.90000,-0.93194,1.17758,1.67673
862.95000,-0.93314,1.18791,1.69766
863.00000,-0.93440,1.19831,1.71904
863.05000,-0.93506,1.20511,1.74560
863.10000,-0.93563,1.20905,1.78969
863.15000,-0.93629,1.21176,1.84892
863.20000,-0.93654,1.21255,1.92049
863.25000,-0.93656,1.21260,1.99556
863.30000,-0.93658,1.21265,2.07008
863.35000,-0.93661,1.21269,2.14375
863.40000,-0.93663,1.21272,2.21663
863.45000,-0.93666,1.21276,2.28754
863.50000,-0.93668,1.21278,2.35459
863.55000,-0.93670,1.21280,2.41427
863.60000,-0.93673,1.21281,2.46230
863.65000,-0.93674,1.21281,2.49845
863.70000,-0.93842,1.21414,2.53180
863.75000,-0.94531,1.21881,2.55887
863.80000,-0.95372,1.22422,2.58048
863.85000,-0.96225,1.22944,2.60412
863.90000,-0.97090,1.23445,2.62879
863.95000,-0.97967,1.23925,2.65313
864.00000,-0.98856,1.24383,2.67945
864.05000,-0.99757,1.24816,2.70741
864.10000,-1.00670,1.25224,2.73501
864.15000,-1.01594,1.25607,2.76228
864.20000,-1.02526,1.25963,2.79288
864.25000,-1.03454,1.26292,2.82371
864.30000,-1.03685,1.26311,2.85851
864.35000,-1.03692,1.26314,2.89864
864.40000,-1.03694,1.26314,2.93463
864.45000,-1.03861,1.26375,2.96906
864.50000,-1.04635,1.26509,2.99923
864.55000,-1.05625,1.26637,3.02707
864.60000,-1.06620,1.26738,3.05400
864.65000,-1.07617,1.26813,3.07913
864.70000,-1.08616,1.26863,3.10234
864.75000,-1.09633,1.26892,3.12345
864.80000,-1.10633,1.26912,-3.13986
864.85000,-1.11148,1.26914,-3.12145
864.90000,-1.11248,1.26912,-3.11471
864.95000,-1.11248,1.26912,-3.11625
865.00000,-1.11243,1.26912,-3.12007
865.05000,-1.11240,1.26912,-3.12514
865.10000,-1.11231,1.26912,-3.13102
865.15000,-1.11219,1.26912,-3.13747
865.20000,-1.11209,1.26913,3.13871
865.25000,-1.11195,1.26913,3.13101
865.30000,-1.11180,1.26913,3.12292
865.35000,-1.11164,1.26914,3.11447
865.40000,-1.11146,1.26913,3.10541
865.45000,-1.11130,1.26913,3.09574
865.50000,-1.11111,1.26912,3.08579
865.55000,-1.11090,1.26911,3.07551
865.60000,-1.11068,1.26910,3.06482
865.65000,-1.11045,1.26908,3.05372
865.70000,-1.11022,1.26906,3.04229
865.75000,-1.10998,1.26903,3.03051
865.80000,-1.10973,1.26900,3.01839
865.85000,-1.10947,1.26897,3.00562
865.90000,-1.10924,1.26895,2.99210
865.95000,-1.10897,1.26891,2.97761
866.00000,-1.10885,1.26891,2.96316
866.05000,-1.10890,1.26892,2.94886
866.10000,-1.10896,1.26893,2.93421
866.15000,-1.10903,1.26895,2.91923
866.20000,-1.10910,1.26896,2.90396
866.25000,-1.10917,1.26898,2.88836
866.30000,-1.10924,1.26900,2.87246
866.35000,-1.10931,1.26902,2.85633
866.40000,-1.10938,1.26904,2.84003
866.45000,-1.10945,1.26906,2.82360
866.50000,-1.10952,1.26909,2.80703
866.55000,-1.10959,1.26911,2.79034
866.60000,-1.10966,1.26914,2.77355
866.65000,-1.10972,1.26916,2.75666
866.70000,-1.10979,1.26919,2.73972
866.75000,-1.10986,1.26922,2.72269
866.80000,-1.10992,1.26925,2.70556
866.85000,-1.10999,1.26928,2.68837
866.90000,-1.11006,1.26932,2.67113
866.95000,-1.11012,1.26935,2.65385
867.00000,-1.11019,1.26939,2.63656
867.05000,-1.11025,1.26942,2.61926
867.10000,-1.11031,1.26946,2.60195
867.15000,-1.11038,1.26950,2.58453
867.20000,-1.11044,1.26954,2.56693
867.25000,-1.11051,1.26958,2.54918
867.30000,-1.11058,1.26963,2.53132
867.35000,-1.11064,1.26968,2.51339
867.40000,-1.11071,1.26973,2.49547
867.45000,-1.11078,1.26978,2.47755
867.50000,-1.11084,1.26983,2.45964
867.55000,-1.11091,1.26988,2.44175
867.60000,-1.11097,1.26994,2.42391
867.65000,-1.11104,1.26999,2.40615
867.70000,-1.11110,1.27005,2.38846
867.75000,-1.11116,1.27011,2.37086
867.80000,-1.11122,1.27017,2.35336
867.85000,-1.11128,1.27023,2.33596
867.90000,-1.11134,1.27029,2.31868
867.95000,-1.11140,1.27036,2.30150
868.00000,-1.11145,1.27042,2.28441
868.05000,-1.11151,1.27049,2.26744
868.10000,-1.11156,1.27055,2.25061
868.15000,-1.11162,1.27062,2.23393
868.20000,-1.11167,1.27069,2.21739
868.25000,-1.11172,1.27075,2.20093
868.30000,-1.11177,1.27083,2.18456
868.35000,-1.11182,1.27090,2.16829
868.40000,-1.11187,1.27097,2.15209
868.45000,-1.11192,1.27105,2.13598
868.50000,-1.11197,1.27113,2.11999
868.55000,-1.11201,1.27120,2.10414
868.60000,-1.11206,1.27128,2.08843
868.65000,-1.11211,1.27137,2.07288
868.70000,-1.11358,1.27316,2.05832
868.75000,-1.11785,1.27972,2.04503
868.80000,-1.12225,1.28849,2.02923
868.85000,-1.12653,1.29734,2.01411
868.90000,-1.13074,1.30634,2.00013
868.95000,-1.13477,1.31528,1.98731
869.00000,-1.13868,1.32423,1.97597
869.05000,-1.14255,1.33334,1.96681
869.10000,-1.14639,1.34258,1.96086
869.15000,-1.15017,1.35180,1.95893
869.20000,-1.15391,1.36095,1.95713
869.25000,-1.15534,1.36628,1.95831
869.30000,-1.15569,1.36741,1.97282
869.35000,-1.15577,1.36758,1.99843
869.40000,-1.15600,1.36814,2.02694
869.45000,-1.15591,1.36806,2.05480
869.50000,-1.15607,1.36841,2.08285
869.55000,-1.15639,1.36901,2.11197
869.60000,-1.15672,1.36959,2.14113
869.65000,-1.15711,1.37021,2.17074
869.70000,-1.15754,1.37086,2.20049
869.75000,-1.15800,1.37150,2.23049
869.80000,-1.15848,1.37213,2.26091
869.85000,-1.15898,1.37274,2.29136
869.90000,-1.15950,1.37334,2.32119
869.95000,-1.16001,1.37390,2.35030
870.00000,-1.16054,1.37444,2.37893
870.05000,-1.16107,1.37496,2.40731
870.10000,-1.16162,1.37546,2.43533
870.15000,-1.16217,1.37594,2.46301
870.20000,-1.16273,1.37640,2.49037
870.25000,-1.16329,1.37684,2.51771
870.30000,-1.16388,1.37727,2.54504
870.35000,-1.16447,1.37768,2.57224
870.40000,-1.16507,1.37807,2.59936
870.45000,-1.16568,1.37844,2.62662
870.50000,-1.16630,1.37881,2.65412
870.55000,-1.16695,1.37916,2.68220
870.60000,-1.16756,1.37945,2.71000
870.65000,-1.16782,1.37958,2.73610
870.70000,-1.16841,1.37983,2.76339
870.75000,-1.16908,1.38008,2.79162
870.80000,-1.16975,1.38032,2.82063
870.85000,-1.17049,1.38056,2.85103
870.90000,-1.17124,1.38077,2.88270
870.95000,-1.17200,1.38096,2.91575
871.00000,-1.17284,1.38114,2.94974
871.05000,-1.17368,1.38129,2.98355
871.10000,-1.17450,1.38140,3.01675
871.15000,-1.17531,1.38149,3.04890
871.20000,-1.17609,1.38155,3.08004
871.25000,-1.17687,1.38159,3.11067
871.30000,-1.17763,1.38160,3.14086
871.35000,-1.17838,1.38159,-3.11252
871.40000,-1.17911,1.38157,-3.08335
871.45000,-1.17981,1.38153,-3.05577
871.50000,-1.18045,1.38147,-3.03064
871.55000,-1.18289,1.38097,-3.00573
871.60000,-1.19113,1.37962,-2.98333
871.65000,-1.20136,1.37791,-2.96708
871.70000,-1.21141,1.37617,-2.95139
871.75000,-1.21849,1.37570,-2.94339
871.80000,-1.22487,1.37575,-2.95362
871.85000,-1.23103,1.37599,-2.97213
871.90000,-1.23667,1.37640,-2.99737
871.95000,-1.24113,1.37692,-3.03007
872.00000,-1.24350,1.37713,-3.07301
872.05000,-1.24390,1.37715,-3.12541
872.10000,-1.24394,1.37715,3.10193
872.15000,-1.24399,1.37715,3.04383
872.20000,-1.24403,1.37716,2.98362
872.25000,-1.24408,1.37717,2.92199
872.30000,-1.24414,1.37718,2.85987
872.35000,-1.24419,1.37720,2.79795
872.40000,-1.24424,1.37722,2.73631
872.45000,-1.24429,1.37724,2.67497
872.50000,-1.24433,1.37727,2.61391
872.55000,-1.24438,1.37730,2.55304
872.60000,-1.24443,1.37733,2.49241
872.65000,-1.24447,1.37737,2.43214
872.70000,-1.24451,1.37740,2.37256
872.75000,-1.24455,1.37745,2.31356
872.80000,-1.24459,1.37749,2.25455
872.85000,-1.24463,1.37754,2.19502
872.90000,-1.24467,1.37760,2.13449
872.95000,-1.24471,1.37767,2.07283
873.00000,-1.24475,1.37775,2.01005
873.05000,-1.24479,1.37783,1.94640
873.10000,-1.24482,1.37792,1.88245
873.15000,-1.24485,1.37802,1.81859
873.20000,-1.24487,1.37812,1.75518
873.25000,-1.24489,1.37823,1.69236
873.30000,-1.24490,1.37833,1.63011
873.35000,-1.24490,1.37844,1.56864
873.40000,-1.24490,1.37854,1.50813
873.45000,-1.24489,1.37865,1.44865
873.50000,-1.24487,1.37876,1.39021
873.55000,-1.24485,1.37886,1.33273
873.60000,-1.24482,1.37897,1.27603
873.65000,-1.24478,1.37908,1.21991
873.70000,-1.24474,1.37919,1.16400
873.75000,-1.24469,1.37930,1.10802
873.80000,-1.24462,1.37942,1.05173
873.85000,-1.24455,1.37954,0.99504
873.90000,-1.24446,1.37967,0.93815
873.95000,-1.24436,1.37980,0.88123
874.00000,-1.24424,1.37994,0.82455
874.05000,-1.24411,1.38007,0.76843
874.10000,-1.24396,1.38020,0.71315
874.15000,-1.24381,1.38032,0.65888
874.20000,-1.24366,1.38044,0.60564
874.25000,-1.24350,1.38055,0.55341
874.30000,-1.24333,1.38064,0.50219
874.35000,-1.24315,1.38073,0.45197
874.40000,-1.24298,1.38081,0.40270
874.45000,-1.24280,1.38089,0.35418
874.50000,-1.24261,1.38095,0.30627
874.55000,-1.24241,1.38101,0.25893
874.60000,-1.24220,1.38106,0.21206
874.65000,-1.24199,1.38110,0.16552
874.70000,-1.24175,1.38113,0.11921
874.75000,-1.24150,1.38116,0.07321
874.80000,-1.24123,1.38117,0.02760
874.85000,-1.24094,1.38117,-0.01755
874.90000,-1.24063,1.38116,-0.06213
874.95000,-1.23846,1.38085,-0.10606
875.00000,-1.23177,1.37993,-0.14716
875.05000,-1.22331,1.37847,-0.18997
875.10000,-1.21446,1.37657,-0.23422
875.15000,-1.20555,1.37424,-0.27657
875.20000,-1.19679,1.37154,-0.31762
875.25000,-1.18804,1.36848,-0.35667
875.30000,-1.17960,1.36514,-0.39516
875.35000,-1.17116,1.36143,-0.43177
875.40000,-1.16238,1.35722,-0.46513
875.45000,-1.15361,1.35264,-0.49685
875.50000,-1.14530,1.34797,-0.52871
875.55000,-1.13738,1.34317,-0.56025
875.60000,-1.12954,1.33808,-0.59002
875.65000,-1.12182,1.33292,-0.62012
875.70000,-1.11938,1.33196,-0.64760
875.75000,-1.11968,1.33217,-0.67071
875.80000,-1.11997,1.33239,-0.69243
875.85000,-1.12007,1.33246,-0.71211
875.90000,-1.12008,1.33246,-0.73057
875.95000,-1.11998,1.33237,-0.74733
876.00000,-1.11988,1.33227,-0.76311
876.05000,-1.11978,1.33218,-0.77793
876.10000,-1.11968,1.33208,-0.79186
876.15000,-1.11958,1.33198,-0.80521
876.20000,-1.11949,1.33187,-0.81818
876.25000,-1.11939,1.33177,-0.83096
876.30000,-1.11929,1.33166,-0.84376
876.35000,-1.11918,1.33154,-0.85678
876.40000,-1.11908,1.33141,-0.87009
876.45000,-1.11897,1.33128,-0.88367
876.50000,-1.11885,1.33114,-0.89747
876.55000,-1.11874,1.33099,-0.91125
876.60000,-1.11862,1.33084,-0.92465
876.65000,-1.11850,1.33068,-0.93734
876.70000,-1.11839,1.33052,-0.94923
876.75000,-1.11827,1.33036,-0.96024
876.80000,-1.11816,1.33020,-0.97034
876.85000,-1.11805,1.33004,-0.97952
876.90000,-1.11794,1.32987,-0.98781
876.95000,-1.11783,1.32971,-0.99526
877.00000,-1.11772,1.32954,-1.00209
877.05000,-1.11761,1.32937,-1.00849
877.10000,-1.11750,1.32919,-1.01460
877.15000,-1.11739,1.32901,-1.02059
877.20000,-1.11727,1.32881,-1.02653
877.25000,-1.11715,1.32862,-1.03243
877.30000,-1.11703,1.32841,-1.03838
877.35000,-1.11690,1.32819,-1.04447
877.40000,-1.11677,1.32796,-1.05075
877.45000,-1.11663,1.32771,-1.05725
877.50000,-1.11648,1.32744,-1.06399
877.55000,-1.11632,1.32716,-1.07101
877.60000,-1.11615,1.32685,-1.07824
877.65000,-1.11598,1.32652,-1.08567
877.70000,-1.11579,1.32616,-1.09331
877.75000,-1.11559,1.32577,-1.10107
877.80000,-1.11539,1.32536,-1.10867
877.85000,-1.11518,1.32494,-1.11599
877.90000,-1.11497,1.32451,-1.12304
877.95000,-1.11476,1.32406,-1.12992
878.00000,-1.11454,1.32359,-1.13666
878.05000,-1.11431,1.32310,-1.14318
878.10000,-1.11408,1.32260,-1.14941
878.15000,-1.11386,1.32209,-1.15537
878.20000,-1.11362,1.32156,-1.16109
878.25000,-1.11339,1.32101,-1.16657
878.30000,-1.11316,1.32046,-1.17169
878.35000,-1.11292,1.31991,-1.17644
878.40000,-1.11270,1.31936,-1.18082
878.45000,-1.11247,1.31881,-1.18485
878.50000,-1.11225,1.31826,-1.18850
878.55000,-1.11203,1.31770,-1.19183
878.60000,-1.11180,1.31714,-1.19494
878.65000,-1.11157,1.31655,-1.19798
878.70000,-1.11133,1.31594,-1.20094
878.75000,-1.11109,1.31531,-1.20374
878.80000,-1.11084,1.31466,-1.20640
878.85000,-1.11058,1.31398,-1.20898
878.90000,-1.11031,1.31327,-1.21152
878.95000,-1.11003,1.31251,-1.21404
879.00000,-1.10973,1.31170,-1.21655
879.05000,-1.10941,1.31083,-1.21902
879.10000,-1.10908,1.30992,-1.22142
879.15000,-1.10872,1.30895,-1.22376
879.20000,-1.10835,1.30792,-1.22601
879.25000,-1.10796,1.30683,-1.22819
879.30000,-1.10755,1.30568,-1.23029
879.35000,-1.10712,1.30446,-1.23230
879.40000,-1.10667,1.30318,-1.23421
879.45000,-1.10621,1.30186,-1.23596
879.50000,-1.10575,1.30052,-1.23749
879.55000,-1.10529,1.29918,-1.23879
879.60000,-1.10483,1.29785,-1.23986
879.65000,-1.10437,1.29651,-1.24071
879.70000,-1.10391,1.29518,-1.24134
879.75000,-1.10346,1.29385,-1.24175
879.80000,-1.10301,1.29253,-1.24195
879.85000,-1.10256,1.29121,-1.24192
879.90000,-1.10211,1.28990,-1.24170
879.95000,-1.10165,1.28856,-1.24137
880.00000,-1.10118,1.28719,-1.24100
880.05000,-1.10069,1.28575,-1.24063
880.10000,-1.10017,1.28425,-1.24028
880.15000,-1.09963,1.28267,-1.23994
880.20000,-1.09906,1.28101,-1.23960
880.25000,-1.09846,1.27927,-1.23928
880.30000,-1.09783,1.27744,-1.23897
880.35000,-1.09717,1.27553,-1.23869
880.40000,-1.09648,1.27351,-1.23843
880.45000,-1.09463,1.26900,-1.23800
880.50000,-1.09139,1.25969,-1.23772
880.55000,-1.08811,1.25023,-1.23731
880.60000,-1.08483,1.24076,-1.23673
880.65000,-1.08154,1.23130,-1.23600
880.70000,-1.07825,1.22185,-1.23511
880.75000,-1.07495,1.21242,-1.23402
880.80000,-1.07165,1.20302,-1.23271
880.85000,-1.06834,1.19362,-1.23126
880.90000,-1.06502,1.18423,-1.22975
880.95000,-1.06168,1.17484,-1.22821
881.00000,-1.05832,1.16546,-1.22667
881.05000,-1.05496,1.15609,-1.22510
881.10000,-1.05157,1.14672,-1.22353
881.15000,-1.04817,1.13735,-1.22190
881.20000,-1.04475,1.12795,-1.22017
881.25000,-1.04130,1.11854,-1.21851
881.30000,-1.03784,1.10913,-1.21687
881.35000,-1.03436,1.09973,-1.21526
881.40000,-1.03087,1.09034,-1.21376
881.45000,-1.02736,1.08097,-1.21200
881.50000,-1.02384,1.07161,-1.21005
881.55000,-1.02030,1.06226,-1.20784
881.60000,-1.01674,1.05291,-1.20527
881.65000,-1.01315,1.04358,-1.20232
881.70000,-1.00953,1.03426,-1.19894
881.75000,-1.00588,1.02495,-1.19509
881.80000,-1.00219,1.01565,-1.19071
881.85000,-0.99843,1.00629,-1.18602
881.90000,-0.99462,0.99694,-1.18126
881.95000,-0.99073,0.98754,-1.17614
882.00000,-0.98684,0.97825,-1.17018
882.05000,-0.98307,0.96913,-1.16408
882.10000,-0.97972,0.96042,-1.15770
882.15000,-0.97943,0.95648,-1.14988
882.20000,-0.97926,0.95587,-1.14230
882.25000,-0.97912,0.95557,-1.13450
882.30000,-0.97791,0.95415,-1.12585
882.35000,-0.97378,0.94686,-1.11909
882.40000,-0.96937,0.93783,-1.11377
882.45000,-0.96490,0.92881,-1.10771
882.50000,-0.96035,0.91977,-1.10060
882.55000,-0.95591,0.91097,-1.09381
882.60000,-0.95513,0.90826,-1.08652
882.65000,-0.95493,0.90786,-1.07409
882.70000,-0.95473,0.90748,-1.06084
882.75000,-0.95451,0.90708,-1.04765
882.80000,-0.95428,0.90668,-1.03431
882.85000,-0.95404,0.90628,-1.02096
882.90000,-0.95385,0.90595,-1.00791
882.95000,-0.95359,0.90555,-0.99499
883.00000,-0.95333,0.90515,-0.98240
883.05000,-0.95307,0.90477,-0.97037
883.10000,-0.95287,0.90449,-0.95889
883.15000,-0.95089,0.90221,-0.94869
883.20000,-0.94540,0.89506,-0.93936
883.25000,-0.93959,0.88719,-0.92987
883.30000,-0.93361,0.87927,-0.91872
883.35000,-0.92771,0.87154,-0.90730
883.40000,-0.92548,0.86786,-0.89490
883.45000,-0.92527,0.86756,-0.87400
883.50000,-0.92520,0.86748,-0.85179
883.55000,-0.92514,0.86741,-0.82983
883.60000,-0.92508,0.86735,-0.80821
883.65000,-0.92502,0.86728,-0.78705
883.70000,-0.92460,0.86687,-0.76443
883.75000,-0.92440,0.86666,-0.74375
883.80000,-0.92426,0.86653,-0.72410
883.85000,-0.92412,0.86639,-0.70559
883.90000,-0.92401,0.86630,-0.68888
883.95000,-0.92235,0.86465,-0.67371
884.00000,-0.91565,0.85907,-0.66005
884.05000,-0.90777,0.85302,-0.64898
884.10000,-0.89982,0.84707,-0.63701
884.15000,-0.89174,0.84118,-0.62358
884.20000,-0.88361,0.83542,-0.60980
884.25000,-0.87538,0.82976,-0.59594
884.30000,-0.86707,0.82421,-0.58155
884.35000,-0.85869,0.81879,-0.56685
884.40000,-0.85022,0.81349,-0.55207
884.45000,-0.84168,0.80832,-0.53743
884.50000,-0.83307,0.80327,-0.52317
884.55000,-0.82439,0.79835,-0.50947
884.60000,-0.81564,0.79354,-0.49654
884.65000,-0.80683,0.78884,-0.48324
884.70000,-0.79795,0.78426,-0.46896
884.75000,-0.78901,0.77982,-0.45414
884.80000,-0.77989,0.77545,-0.43836
884.85000,-0.77075,0.77125,-0.42230
884.90000,-0.76161,0.76723,-0.40695
884.95000,-0.75233,0.76332,-0.39141
885.00000,-0.74296,0.75953,-0.37600
885.05000,-0.73335,0.75583,-0.35994
885.10000,-0.72358,0.75225,-0.34391
885.15000,-0.71386,0.74885,-0.32871
885.20000,-0.70404,0.74559,-0.31345
885.25000,-0.69416,0.74247,-0.29837
885.30000,-0.68423,0.73949,-0.28328
885.35000,-0.67425,0.73667,-0.26822
885.40000,-0.66424,0.73399,-0.25303
885.45000,-0.65417,0.73147,-0.23745
885.50000,-0.64407,0.72911,-0.22143
885.55000,-0.63393,0.72692,-0.20494
885.60000,-0.62377,0.72490,-0.18795
885.65000,-0.61372,0.72307,-0.17081
885.70000,-0.60373,0.72145,-0.15300
885.75000,-0.59381,0.72000,-0.13425
885.80000,-0.58390,0.71866,-0.11556
885.85000,-0.57836,0.71854,-0.09869
885.90000,-0.57688,0.71844,-0.07913
885.95000,-0.57636,0.71841,-0.05782
886.00000,-0.57465,0.71822,-0.03812
886.05000,-0.56744,0.71793,-0.01821
886.10000,-0.55740,0.71783,-0.00365
886.15000,-0.54740,0.71786,0.01037
886.20000,-0.53740,0.71804,0.02566
886.25000,-0.52741,0.71838,0.04242
886.30000,-0.51740,0.71890,0.06082
886.35000,-0.50742,0.71960,0.08092
886.40000,-0.49745,0.72041,0.10107
886.45000,-0.49284,0.72053,0.12152
886.50000,-0.49230,0.72056,0.14757
886.55000,-0.49220,0.72058,0.17403
886.60000,-0.49210,0.72060,0.20015
886.65000,-0.49200,0.72062,0.22600
886.70000,-0.49190,0.72064,0.25174
886.75000,-0.49180,0.72067,0.27748
886.80000,-0.49170,0.72070,0.30331
886.85000,-0.49159,0.72074,0.32934
886.90000,-0.49149,0.72077,0.35564
886.95000,-0.49139,0.72081,0.38228
887.00000,-0.49128,0.72086,0.40932
887.05000,-0.49118,0.72090,0.43681
887.10000,-0.49107,0.72095,0.46476
887.15000,-0.49097,0.72101,0.49322
887.20000,-0.49086,0.72107,0.52218
887.25000,-0.49075,0.72113,0.55156
887.30000,-0.49065,0.72120,0.58086
887.35000,-0.49054,0.72127,0.61007
887.40000,-0.49044,0.72134,0.63918
887.45000,-0.49034,0.72142,0.66817
887.50000,-0.49024,0.72150,0.69703
887.55000,-0.49014,0.72159,0.72579
887.60000,-0.49004,0.72168,0.75442
887.65000,-0.48995,0.72177,0.78289
887.70000,-0.48985,0.72187,0.81119
887.75000,-0.48976,0.72197,0.83931
887.80000,-0.48967,0.72207,0.86723
887.85000,-0.48958,0.72217,0.89493
887.90000,-0.48785,0.72420,0.92176
887.95000,-0.48261,0.73123,0.94565
888.00000,-0.47705,0.73914,0.97421
888.05000,-0.47196,0.74688,1.00366
888.10000,-0.46709,0.75478,1.03241
888.15000,-0.46243,0.76283,1.06038
888.20000,-0.45799,0.77102,1.08755
888.25000,-0.45376,0.77935,1.11384
888.30000,-0.44973,0.78780,1.13919
888.35000,-0.44575,0.79661,1.16433
888.40000,-0.44169,0.80634,1.18769
888.45000,-0.43789,0.81612,1.20991
888.50000,-0.43430,0.82594,1.23045
888.55000,-0.43093,0.83578,1.24953
888.60000,-0.42773,0.84569,1.26739
888.65000,-0.42473,0.85557,1.28363
888.70000,-0.42188,0.86549,1.29798
888.75000,-0.41919,0.87540,1.31041
888.80000,-0.41651,0.88537,1.32279
888.85000,-0.41610,0.88884,1.33126
888.90000,-0.41605,0.88908,1.33778
888.95000,-0.41598,0.88934,1.34366
889.00000,-0.41592,0.88961,1.34936
889.05000,-0.41587,0.88986,1.35491
889.10000,-0.41582,0.89010,1.36069
889.15000,-0.41576,0.89039,1.36847
889.20000,-0.41490,0.89201,1.37568
889.25000,-0.41306,0.89697,1.38265
889.30000,-0.41110,0.90485,1.39209
889.35000,-0.40938,0.91479,1.40590
889.40000,-0.40780,0.92467,1.42008
889.45000,-0.40637,0.93461,1.43454
889.50000,-0.40508,0.94453,1.44912
889.55000,-0.40394,0.95446,1.46388
889.60000,-0.40295,0.96441,1.47881
889.65000,-0.40211,0.97438,1.49389
889.70000,-0.40141,0.98435,1.50909
889.75000,-0.40087,0.99434,1.52432
889.80000,-0.40048,1.00433,1.53922
889.85000,-0.40024,1.01433,1.55298
889.90000,-0.40012,1.02433,1.56547
889.95000,-0.40012,1.03432,1.57661
890.00000,-0.40023,1.04432,1.58628
890.05000,-0.40042,1.05432,1.59423
890.10000,-0.40066,1.06432,1.60210
890.15000,-0.40077,1.07280,1.60990
890.20000,-0.40078,1.07500,1.61603
890.25000,-0.40079,1.07518,1.61636
890.30000,-0.40079,1.07529,1.61556
890.35000,-0.40080,1.07541,1.61443
890.40000,-0.40080,1.07552,1.61359
890.45000,-0.40081,1.07564,1.61458
890.50000,-0.40081,1.07575,1.61763
890.55000,-0.40103,1.07688,1.62099
890.60000,-0.40153,1.08176,1.62464
890.65000,-0.40210,1.09124,1.63118
890.70000,-0.40274,1.10121,1.63809
890.75000,-0.40344,1.11118,1.64356
890.80000,-0.40415,1.12115,1.64875
890.85000,-0.40435,1.12622,1.65362
890.90000,-0.40435,1.12660,1.65628
890.95000,-0.40436,1.12669,1.65897
891.00000,-0.40474,1.12810,1.66197
891.05000,-0.40564,1.13425,1.66533
891.10000,-0.40661,1.14392,1.67149
891.15000,-0.40767,1.15395,1.67958
891.20000,-0.40880,1.16404,1.68806
891.25000,-0.41002,1.17406,1.69653
891.30000,-0.41132,1.18400,1.70495
891.35000,-0.41272,1.19399,1.71405
891.40000,-0.41422,1.20407,1.72437
891.45000,-0.41583,1.21418,1.73642
891.50000,-0.41756,1.22416,1.75199
891.55000,-0.41905,1.23369,1.76816
891.60000,-0.41981,1.23820,1.79518
891.65000,-0.42062,1.24148,1.84087
891.70000,-0.42123,1.24350,1.90203
891.75000,-0.42130,1.24369,1.97145
891.80000,-0.42132,1.24372,2.03957
891.85000,-0.42134,1.24376,2.10466
891.90000,-0.42136,1.24379,2.16728
891.95000,-0.42139,1.24383,2.22776
892.00000,-0.42142,1.24386,2.28633
892.05000,-0.42145,1.24390,2.34322
892.10000,-0.42149,1.24394,2.39857
892.15000,-0.42153,1.24397,2.45233
892.20000,-0.42157,1.24401,2.50449
892.25000,-0.42162,1.24404,2.55509
892.30000,-0.42167,1.24407,2.60412
892.35000,-0.42172,1.24410,2.65150
892.40000,-0.42178,1.24413,2.69727
892.45000,-0.42184,1.24416,2.74133
892.50000,-0.42190,1.24418,2.78348
892.55000,-0.42197,1.24420,2.82351
892.60000,-0.42204,1.24422,2.86133
892.65000,-0.42211,1.24424,2.89713
892.70000,-0.42407,1.24500,2.93160
892.75000,-0.43143,1.24645,2.96390
892.80000,-0.44120,1.24805,2.99540
892.85000,-0.45112,1.24935,3.02593
892.90000,-0.46107,1.25036,3.05544
892.95000,-0.47105,1.25108,3.08397
893.00000,-0.48103,1.25152,3.11136
893.05000,-0.49103,1.25169,3.13766
893.10000,-0.50103,1.25160,-3.12031
893.15000,-0.51102,1.25126,-3.09620
893.20000,-0.52102,1.25069,-3.07314
893.25000,-0.53104,1.24989,-3.05090
893.30000,-0.54101,1.24888,-3.03008
893.35000,-0.55114,1.24766,-3.00975
893.40000,-0.56103,1.24626,-2.99139
893.45000,-0.57093,1.24476,-2.97305
893.50000,-0.57590,1.24450,-2.95457
893.55000,-0.57627,1.24446,-2.94033
893.60000,-0.57648,1.24442,-2.92816
893.65000,-0.57672,1.24438,-2.91642
893.70000,-0.57697,1.24432,-2.90513
893.75000,-0.57726,1.24426,-2.89417
893.80000,-0.57758,1.24418,-2.88317
893.85000,-0.57795,1.24408,-2.87235
893.90000,-0.57831,1.24399,-2.86144
893.95000,-0.57867,1.24389,-2.85047
894.00000,-0.57903,1.24379,-2.83942
894.05000,-0.57941,1.24369,-2.82821
894.10000,-0.57978,1.24357,-2.81690
894.15000,-0.58017,1.24345,-2.80558
894.20000,-0.58052,1.24334,-2.79452
894.25000,-0.58085,1.24323,-2.78402
894.30000,-0.58119,1.24309,-2.77423
894.35000,-0.58149,1.24298,-2.76523
894.40000,-0.58177,1.24287,-2.75688
894.45000,-0.58205,1.24276,-2.74872
894.50000,-0.58232,1.24265,-2.74062
894.55000,-0.58258,1.24255,-2.73246
894.60000,-0.58283,1.24245,-2.72459
894.65000,-0.58310,1.24233,-2.71700
894.70000,-0.58336,1.24221,-2.70906
894.75000,-0.58370,1.24206,-2.70107
894.80000,-0.58405,1.24189,-2.69300
894.85000,-0.58440,1.24172,-2.68493
894.90000,-0.58476,1.24155,-2.67686
894.95000,-0.58512,1.24138,-2.66878
895.00000,-0.58547,1.24121,-2.66071
895.05000,-0.58582,1.24104,-2.65264
895.10000,-0.58618,1.24088,-2.64457
895.15000,-0.58653,1.24071,-2.63651
895.20000,-0.58672,1.24061,-2.63133
895.25000,-0.58691,1.24050,-2.62688
895.30000,-0.58709,1.24040,-2.62269
895.35000,-0.58725,1.24031,-2.61842
895.40000,-0.58744,1.24020,-2.61430
895.45000,-0.58761,1.24010,-2.61017
895.50000,-0.58780,1.23999,-2.60596
895.55000,-0.58798,1.23987,-2.60152
895.60000,-0.58816,1.23976,-2.59702
895.65000,-0.58836,1.23964,-2.59273
895.70000,-0.58857,1.23951,-2.58912
895.75000,-0.58876,1.23939,-2.58578
895.80000,-0.58894,1.23928,-2.58212
895.85000,-0.58911,1.23918,-2.57871
895.90000,-0.58926,1.23908,-2.57655
895.95000,-0.58940,1.23899,-2.57477
896.00000,-0.58954,1.23891,-2.57345
896.05000,-0.58967,1.23882,-2.57255
896.10000,-0.58981,1.23873,-2.57199
896.15000,-0.58995,1.23864,-2.57166
896.20000,-0.59009,1.23855,-2.57149
896.25000,-0.59023,1.23846,-2.57144
896.30000,-0.59038,1.23837,-2.57152
896.35000,-0.59053,1.23827,-2.57177
896.40000,-0.59068,1.23818,-2.57231
896.45000,-0.59083,1.23808,-2.57319
896.50000,-0.59098,1.23798,-2.57443
896.55000,-0.59113,1.23789,-2.57602
896.60000,-0.59128,1.23779,-2.57795
896.65000,-0.59143,1.23770,-2.58021
896.70000,-0.59158,1.23760,-2.58293
896.75000,-0.59169,1.23754,-2.58594
896.80000,-0.59179,1.23747,-2.58947
896.85000,-0.59190,1.23741,-2.59362
896.90000,-0.59199,1.23736,-2.59807
896.95000,-0.59207,1.23731,-2.60279
897.00000,-0.59215,1.23726,-2.60775
897.05000,-0.59222,1.23722,-2.61279
897.10000,-0.59229,1.23718,-2.61810
897.15000,-0.59236,1.23714,-2.62378
897.20000,-0.59247,1.23708,-2.62999
897.25000,-0.59262,1.23700,-2.63643
897.30000,-0.59273,1.23693,-2.64285
897.35000,-0.59278,1.23690,-2.64935
897.40000,-0.59282,1.23688,-2.65607
897.45000,-0.59285,1.23687,-2.66267
897.50000,-0.59288,1.23685,-2.66943
897.55000,-0.59291,1.23683,-2.67624
897.60000,-0.59296,1.23680,-2.68319
897.65000,-0.59300,1.23678,-2.69012
897.70000,-0.59305,1.23675,-2.69650
897.75000,-0.59311,1.23673,-2.70262
897.80000,-0.59319,1.23669,-2.70829
897.85000,-0.59329,1.23665,-2.71347
897.90000,-0.59522,1.23508,-2.71772
897.95000,-0.60304,1.23119,-2.72166
898.00000,-0.61210,1.22717,-2.72545
898.05000,-0.62114,1.22319,-2.73014
898.10000,-0.63004,1.21937,-2.73469
898.15000,-0.63768,1.21680,-2.73835
898.20000,-0.63888,1.21676,-2.74576
898.25000,-0.63884,1.21678,-2.75667
898.30000,-0.63877,1.21681,-2.76779
898.35000,-0.63872,1.21683,-2.77894
898.40000,-0.63868,1.21685,-2.78989
898.45000,-0.63860,1.21688,-2.80094
898.50000,-0.63852,1.21690,-2.81190
898.55000,-0.63845,1.21693,-2.82277
898.60000,-0.63838,1.21695,-2.83350
898.65000,-0.63832,1.21697,-2.84394
898.70000,-0.63828,1.21698,-2.85389
898.75000,-0.63826,1.21700,-2.86314
898.80000,-0.63954,1.21602,-2.87116
898.85000,-0.64485,1.21348,-2.87861
898.90000,-0.65416,1.21097,-2.88582
898.95000,-0.66367,1.20852,-2.89293
899.00000,-0.67317,1.20614,-2.90084
899.05000,-0.68267,1.20386,-2.90991
899.10000,-0.69219,1.20161,-2.91903
899.15000,-0.70062,1.20030,-2.92702
899.20000,-0.70473,1.20040,-2.93573
899.25000,-0.70515,1.20045,-2.94960
899.30000,-0.70493,1.20049,-2.96629
899.35000,-0.70471,1.20054,-2.98299
899.40000,-0.70450,1.20058,-2.99918
899.45000,-0.70431,1.20060,-3.01473
899.50000,-0.70414,1.20062,-3.02963
899.55000,-0.70397,1.20064,-3.04344
899.60000,-0.70385,1.20066,-3.05634
899.65000,-0.70541,1.20036,-3.06934
899.70000,-0.71230,1.19973,-3.08220
899.75000,-0.72200,1.19920,-3.09291
899.80000,-0.73173,1.19879,-3.10414
899.85000,-0.74142,1.19848,-3.11624
899.90000,-0.75107,1.19830,-3.12984
899.95000,-0.76073,1.19818,3.13969
900.00000,-0.76571,1.19819,3.12654
900.05000,-0.76571,1.19819,3.10929
900.10000,-0.76541,1.19819,3.09041
900.15000,-0.76512,1.19818,3.07170
900.20000,-0.76486,1.19817,3.05336
900.25000,-0.76461,1.19816,3.03551
900.30000,-0.76439,1.19813,3.01849
900.35000,-0.76417,1.19811,3.00261
900.40000,-0.76609,1.19872,2.98689
900.45000,-0.77406,1.20020,2.97221
900.50000,-0.78360,1.20189,2.95932
900.55000,-0.79312,1.20371,2.94632
900.60000,-0.80260,1.20565,2.93302
900.65000,-0.81204,1.20772,2.91959
900.70000,-0.82146,1.20992,2.90578
900.75000,-0.83082,1.21224,2.89133
900.80000,-0.84013,1.21469,2.87596
900.85000,-0.84937,1.21729,2.85951
900.90000,-0.85857,1.22005,2.84187
900.95000,-0.86777,1.22295,2.82451
901.00000,-0.87237,1.22353,2.80630
901.05000,-0.87255,1.22354,2.78531
901.10000,-0.87234,1.22348,2.76434
901.15000,-0.87203,1.22335,2.74402
901.20000,-0.87184,1.22328,2.72407
901.25000,-0.87329,1.22450,2.70397
901.30000,-0.88016,1.22832,2.68548
901.35000,-0.88872,1.23260,2.66799
901.40000,-0.89720,1.23705,2.65043
901.45000,-0.90559,1.24163,2.63240
901.50000,-0.91389,1.24636,2.61381
901.55000,-0.92207,1.25124,2.59470
901.60000,-0.93017,1.25628,2.57510
901.65000,-0.93813,1.26145,2.55505
901.70000,-0.94598,1.26679,2.53448
901.75000,-0.95372,1.27229,2.51356
901.80000,-0.96141,1.27786,2.49250
901.85000,-0.96408,1.27911,2.47138
901.90000,-0.96378,1.27886,2.44948
901.95000,-0.96558,1.28049,2.42744
902.00000,-0.97181,1.28601,2.40710
902.05000,-0.97878,1.29243,2.38617
902.10000,-0.98560,1.29900,2.36514
902.15000,-0.99229,1.30571,2.34403
902.20000,-0.99883,1.31256,2.32288
902.25000,-1.00523,1.31954,2.30171
902.30000,-1.01148,1.32666,2.28055
902.35000,-1.01757,1.33391,2.25943
902.40000,-1.02352,1.34129,2.23837
902.45000,-1.02930,1.34879,2.21741
902.50000,-1.03494,1.35642,2.19655
902.55000,-1.04041,1.36416,2.17584
902.60000,-1.04572,1.37202,2.15528
902.65000,-1.05088,1.37998,2.13491
902.70000,-1.05588,1.38806,2.11474
902.75000,-1.06071,1.39624,2.09480
902.80000,-1.06539,1.40452,2.07510
902.85000,-1.06990,1.41289,2.05566
902.90000,-1.07426,1.42135,2.03646
902.95000,-1.07846,1.42991,2.01759
903.00000,-1.08251,1.43856,1.99893
903.05000,-1.08639,1.44729,1.98059
903.10000,-1.09012,1.45609,1.96267
903.15000,-1.09371,1.46497,1.94506
903.20000,-1.09714,1.47393,1.92778
903.25000,-1.10043,1.48295,1.91136
903.30000,-1.10359,1.49205,1.89573
903.35000,-1.10662,1.50122,1.88105
903.40000,-1.10954,1.51049,1.86704
903.45000,-1.11233,1.51981,1.85398
903.50000,-1.11499,1.52914,1.84178
903.55000,-1.11761,1.53872,1.83072
903.60000,-1.12014,1.54836,1.82021
903.65000,-1.12256,1.55799,1.81070
903.70000,-1.12489,1.56768,1.80222
903.75000,-1.12713,1.57731,1.79431
903.80000,-1.12934,1.58716,1.78698
903.85000,-1.13146,1.59694,1.78038
903.90000,-1.13352,1.60677,1.77464
903.95000,-1.13553,1.61656,1.76944
904.00000,-1.13748,1.62637,1.76475
904.05000,-1.13939,1.63620,1.76048
904.10000,-1.14126,1.64600,1.75675
904.15000,-1.14309,1.65582,1.75337
904.20000,-1.14489,1.66563,1.75019
904.25000,-1.14664,1.67542,1.74719
904.30000,-1.14835,1.68520,1.74443
904.35000,-1.15004,1.69499,1.74185
904.40000,-1.15171,1.70480,1.73945
904.45000,-1.15336,1.71448,1.73743
904.50000,-1.15358,1.71911,1.73838
904.55000,-1.15360,1.71928,1.73755
904.60000,-1.15362,1.71940,1.73664
904.65000,-1.15364,1.71952,1.73554
904.70000,-1.15424,1.72111,1.73490
904.75000,-1.15582,1.72923,1.73398
904.80000,-1.15741,1.73906,1.73229
904.85000,-1.15899,1.74890,1.73058
904.90000,-1.16056,1.75874,1.72899
904.95000,-1.16210,1.76858,1.72758
905.00000,-1.16364,1.77843,1.72640
905.05000,-1.16517,1.78829,1.72550
905.10000,-1.16669,1.79816,1.72495
905.15000,-1.16821,1.80804,1.72477
905.20000,-1.16973,1.81793,1.72507
905.25000,-1.17128,1.82782,1.72584
905.30000,-1.17283,1.83745,1.72576
905.35000,-1.17298,1.84122,1.72866
905.40000,-1.17300,1.84139,1.73123
905.45000,-1.17303,1.84155,1.73431
905.50000,-1.17305,1.84172,1.73769
905.55000,-1.17309,1.84192,1.74162
905.60000,-1.17313,1.84214,1.74599
905.65000,-1.17317,1.84237,1.75082
905.70000,-1.17321,1.84261,1.75619
905.75000,-1.17326,1.84287,1.76213
905.80000,-1.17331,1.84314,1.76867
905.85000,-1.17337,1.84343,1.77586
905.90000,-1.17342,1.84372,1.78372
905.95000,-1.17349,1.84404,1.79235
906.00000,-1.17357,1.84438,1.80181
906.05000,-1.17365,1.84473,1.81204
906.10000,-1.17373,1.84511,1.82306
906.15000,-1.17384,1.84551,1.83492
906.20000,-1.17394,1.84592,1.84736
906.25000,-1.17407,1.84634,1.86027
906.30000,-1.17420,1.84678,1.87352
906.35000,-1.17434,1.84721,1.88703
906.40000,-1.17448,1.84765,1.90071
906.45000,-1.17464,1.84809,1.91443
906.50000,-1.17480,1.84853,1.92810
906.55000,-1.17496,1.84896,1.94172
906.60000,-1.17513,1.84939,1.95527
906.65000,-1.17531,1.84982,1.96876
906.70000,-1.17549,1.85024,1.98219
906.75000,-1.17567,1.85065,1.99559
906.80000,-1.17587,1.85107,2.00912
906.85000,-1.17607,1.85149,2.02291
906.90000,-1.17628,1.85192,2.03706
906.95000,-1.17650,1.85235,2.05158
907.00000,-1.17673,1.85279,2.06630
907.05000,-1.17697,1.85322,2.08104
907.10000,-1.17721,1.85365,2.09568
907.15000,-1.17746,1.85406,2.11020
907.20000,-1.17771,1.85448,2.12461
907.25000,-1.17796,1.85488,2.13889
907.30000,-1.17822,1.85529,2.15306
907.35000,-1.17849,1.85568,2.16723
907.40000,-1.17876,1.85608,2.18148
907.45000,-1.17904,1.85647,2.19590
907.50000,-1.17933,1.85687,2.21051
907.55000,-1.17963,1.85726,2.22536
907.60000,-1.17994,1.85766,2.24057
907.65000,-1.18025,1.85807,2.25626
907.70000,-1.18058,1.85849,2.27253
907.75000,-1.18092,1.85892,2.28954
907.80000,-1.18130,1.85935,2.30736
907.85000,-1.18170,1.85980,2.32596
907.90000,-1.18217,1.86029,2.34554
907.95000,-1.18265,1.86079,2.36517
908.00000,-1.18313,1.86130,2.38481
908.05000,-1.18362,1.86180,2.40447
908.10000,-1.18411,1.86232,2.42413
908.15000,-1.18466,1.86283,2.44688
908.20000,-1.18528,1.86333,2.47168
908.25000,-1.18591,1.86382,2.49697
908.30000,-1.18657,1.86431,2.52239
908.35000,-1.18723,1.86476,2.54812
908.40000,-1.18792,1.86524,2.57365
908.45000,-1.18862,1.86569,2.59881
908.50000,-1.18931,1.86610,2.62358
908.55000,-1.18998,1.86646,2.64821
908.60000,-1.19066,1.86681,2.67236
908.65000,-1.19135,1.86715,2.69628
908.70000,-1.19207,1.86748,2.72047
908.75000,-1.19278,1.86778,2.74515
908.80000,-1.19352,1.86807,2.77008
908.85000,-1.19435,1.86838,2.79560
908.90000,-1.19520,1.86867,2.82143
908.95000,-1.19606,1.86894,2.84727
909.00000,-1.19693,1.86919,2.87279
909.05000,-1.19757,1.86935,2.89690
909.10000,-1.19833,1.86953,2.92145
909.15000,-1.19920,1.86971,2.94613
909.20000,-1.20007,1.86986,2.97063
909.25000,-1.20089,1.86997,2.99457
909.30000,-1.20170,1.87005,3.01835
909.35000,-1.20257,1.87014,3.04236
909.40000,-1.20347,1.87021,3.06632
909.45000,-1.20617,1.87049,3.08904
909.50000,-1.21450,1.87086,3.11061
909.55000,-1.22392,1.87104,3.13342
909.60000,-1.23337,1.87102,-3.12787
909.65000,-1.24285,1.87079,-3.10712
909.70000,-1.25258,1.87035,-3.08769
909.75000,-1.26260,1.86974,-3.06970
909.80000,-1.27252,1.86894,-3.05431
909.85000,-1.28239,1.86801,-3.04028
909.90000,-1.29238,1.86694,-3.02737
909.95000,-1.30219,1.86576,-3.01595
910.00000,-1.31201,1.86448,-3.00582
910.05000,-1.32173,1.86310,-2.99717
910.10000,-1.33159,1.86164,-2.99021
910.15000,-1.34140,1.86012,-2.98497
910.20000,-1.35128,1.85856,-2.98010
910.25000,-1.35620,1.85833,-2.97482
910.30000,-1.35648,1.85832,-2.97460
910.35000,-1.35657,1.85830,-2.97754
910.40000,-1.35663,1.85829,-2.98082
910.45000,-1.35669,1.85828,-2.98446
910.50000,-1.35671,1.85827,-2.98856
910.55000,-1.35680,1.85826,-2.99305
910.60000,-1.35699,1.85823,-2.99785
910.65000,-1.35719,1.85820,-3.00290
910.70000,-1.35740,1.85817,-3.00825
910.75000,-1.35762,1.85814,-3.01389
910.80000,-1.35784,1.85811,-3.01984
910.85000,-1.35807,1.85809,-3.02614
910.90000,-1.35831,1.85806,-3.03283
910.95000,-1.35855,1.85803,-3.03988
911.00000,-1.35879,1.85801,-3.04671
911.05000,-1.35886,1.85800,-3.05210
911.10000,-1.35890,1.85799,-3.05582
911.15000,-1.36040,1.85759,-3.05903
911.20000,-1.36699,1.85681,-3.06169
911.25000,-1.37688,1.85600,-3.05880
911.30000,-1.38686,1.85516,-3.05618
911.35000,-1.39678,1.85431,-3.05757
911.40000,-1.40674,1.85348,-3.05949
911.45000,-1.41457,1.85317,-3.06285
911.50000,-1.41913,1.85314,-3.08604
911.55000,-1.42017,1.85312,-3.13480
911.60000,-1.42023,1.85312,3.09038
911.65000,-1.42029,1.85312,3.03032
911.70000,-1.42034,1.85313,2.96863
911.75000,-1.42040,1.85314,2.90489
911.80000,-1.42047,1.85316,2.83911
911.85000,-1.42055,1.85319,2.77173
911.90000,-1.42064,1.85323,2.70300
911.95000,-1.42073,1.85327,2.63303
912.00000,-1.42083,1.85333,2.56181
912.05000,-1.42094,1.85341,2.48952
912.10000,-1.42104,1.85350,2.41654
912.15000,-1.42115,1.85359,2.34336
912.20000,-1.42124,1.85370,2.27053
912.25000,-1.42133,1.85382,2.19826
912.30000,-1.42141,1.85394,2.12657
912.35000,-1.42149,1.85407,2.05538
912.40000,-1.42156,1.85421,1.98461
912.45000,-1.42162,1.85437,1.91418
912.50000,-1.42168,1.85455,1.84391
912.55000,-1.42173,1.85476,1.77392
912.60000,-1.42177,1.85499,1.70440
912.65000,-1.42179,1.85525,1.63536
912.70000,-1.42180,1.85555,1.56683
912.75000,-1.42179,1.85587,1.49884
912.80000,-1.42175,1.85623,1.43141
912.85000,-1.42168,1.85660,1.36446
912.90000,-1.42159,1.85699,1.29795
912.95000,-1.42147,1.85737,1.23176
913.00000,-1.42132,1.85773,1.16579
913.05000,-1.42116,1.85809,1.10000
913.10000,-1.42097,1.85843,1.03443
913.15000,-1.42076,1.85875,0.96926
913.20000,-1.42053,1.85906,0.90478
913.25000,-1.42028,1.85937,0.84116
913.30000,-1.42000,1.85966,0.77843
913.35000,-1.41967,1.85996,0.71661
913.40000,-1.41931,1.86026,0.65569
913.45000,-1.41889,1.86056,0.59564
913.50000,-1.41842,1.86086,0.53643
913.55000,-1.41789,1.86116,0.47794
913.60000,-1.41729,1.86144,0.42012
913.65000,-1.41663,1.86172,0.36295
913.70000,-1.41591,1.86197,0.30649
913.75000,-1.41511,1.86220,0.25085
913.80000,-1.41424,1.86239,0.19621
913.85000,-1.41329,1.86256,0.14256
913.90000,-1.41225,1.86268,0.08990
913.95000,-1.41114,1.86275,0.03820
914.00000,-1.40994,1.86276,-0.01254
914.05000,-1.40868,1.86272,-0.06246
914.10000,-1.40739,1.86260,-0.11164
914.15000,-1.40609,1.86243,-0.16014
914.20000,-1.40481,1.86219,-0.20800
914.25000,-1.40147,1.86129,-0.25398
914.30000,-1.39401,1.85918,-0.29580
914.35000,-1.38513,1.85626,-0.33918
914.40000,-1.37582,1.85273,-0.38462
914.45000,-1.36664,1.84877,-0.42991
914.50000,-1.35764,1.84440,-0.47488
914.55000,-1.34886,1.83963,-0.51954
914.60000,-1.34029,1.83447,-0.56391
914.65000,-1.33196,1.82894,-0.60802
914.70000,-1.32388,1.82305,-0.65208
914.75000,-1.31607,1.81681,-0.69616
914.80000,-1.30854,1.81023,-0.74036
914.85000,-1.30131,1.80332,-0.78471
914.90000,-1.29439,1.79610,-0.82910
914.95000,-1.28780,1.78858,-0.87335
915.00000,-1.28155,1.78078,-0.91739
915.05000,-1.27569,1.77276,-0.96153
915.10000,-1.27077,1.76534,-1.00952
915.15000,-1.26625,1.75776,-1.05773
915.20000,-1.26210,1.74995,-1.10552
915.25000,-1.25832,1.74195,-1.15282
915.30000,-1.25491,1.73376,-1.19948
915.35000,-1.25188,1.72541,-1.24519
915.40000,-1.24922,1.71691,-1.28991
915.45000,-1.24694,1.70831,-1.33365
915.50000,-1.24503,1.69958,-1.37625
915.55000,-1.24348,1.69075,-1.41769
915.60000,-1.24229,1.68184,-1.45802
915.65000,-1.24145,1.67286,-1.49704
915.70000,-1.24095,1.66381,-1.53444
915.75000,-1.24078,1.65471,-1.56994
915.80000,-1.24078,1.64564,-1.60511
915.85000,-1.24083,1.64231,-1.63911
915.90000,-1.24083,1.64229,-1.66902
915.95000,-1.24087,1.64213,-1.69669
916.00000,-1.24091,1.64191,-1.72304
916.05000,-1.24096,1.64166,-1.74813
916.10000,-1.24103,1.64133,-1.77183
916.15000,-1.24113,1.64089,-1.79420
916.20000,-1.24132,1.64019,-1.81617
916.25000,-1.24151,1.63948,-1.83679
916.30000,-1.24175,1.63871,-1.85580
916.35000,-1.24203,1.63783,-1.87352
916.40000,-1.24238,1.63676,-1.89069
916.45000,-1.24279,1.63557,-1.90654
916.50000,-1.24326,1.63425,-1.92144
916.55000,-1.24380,1.63282,-1.93471
916.60000,-1.24439,1.63128,-1.94663
916.65000,-1.24507,1.62960,-1.95788
916.70000,-1.24579,1.62784,-1.96783
916.75000,-1.24656,1.62601,-1.97643
916.80000,-1.24735,1.62420,-1.98373
916.85000,-1.24817,1.62234,-1.99036
916.90000,-1.24900,1.62050,-1.99599
916.95000,-1.24986,1.61862,-2.00088
917.00000,-1.25074,1.61672,-2.00505
917.05000,-1.25166,1.61476,-2.00837
917.10000,-1.25263,1.61269,-2.01098
917.15000,-1.25366,1.61050,-2.01263
917.20000,-1.25476,1.60819,-2.01344
917.25000,-1.25593,1.60574,-2.01351
917.30000,-1.25717,1.60312,-2.01278
917.35000,-1.25848,1.60034,-2.01119
917.40000,-1.25988,1.59737,-2.00890
917.45000,-1.26134,1.59422,-2.00600
917.50000,-1.26288,1.59090,-2.00247
917.55000,-1.26448,1.58741,-1.99823
917.60000,-1.26615,1.58371,-1.99340
917.65000,-1.26789,1.57980,-1.98808
917.70000,-1.26967,1.57575,-1.98269
917.75000,-1.27144,1.57166,-1.97674
917.80000,-1.27324,1.56746,-1.97042
917.85000,-1.27500,1.56326,-1.96342
917.90000,-1.27668,1.55914,-1.95637
917.95000,-1.27834,1.55501,-1.94896
918.00000,-1.27996,1.55088,-1.94121
918.05000,-1.28156,1.54673,-1.93313
918.10000,-1.28314,1.54250,-1.92477
918.15000,-1.28473,1.53813,-1.91616
918.20000,-1.28634,1.53361,-1.90732
918.25000,-1.28796,1.52891,-1.89826
918.30000,-1.28962,1.52396,-1.88926
918.35000,-1.29133,1.51866,-1.88020
918.40000,-1.29300,1.51337,-1.87063
918.45000,-1.29466,1.50791,-1.86087
918.50000,-1.29636,1.50207,-1.85140
918.55000,-1.29803,1.49614,-1.84157
918.60000,-1.29970,1.48999,-1.83170
918.65000,-1.30137,1.48362,-1.82254
918.70000,-1.30298,1.47721,-1.81296
918.75000,-1.30451,1.47088,-1.80293
918.80000,-1.30601,1.46436,-1.79366
918.85000,-1.30747,1.45780,-1.78449
918.90000,-1.30887,1.45122,-1.77469
918.95000,-1.31020,1.44461,-1.76477
919.00000,-1.31145,1.43807,-1.75464
919.05000,-1.31261,1.43163,-1.74447
919.10000,-1.31369,1.42529,-1.73449
919.15000,-1.31471,1.41890,-1.72451
919.20000,-1.31567,1.41250,-1.71462
919.25000,-1.31659,1.40587,-1.70541
919.30000,-1.31745,1.39922,-1.69561
919.35000,-1.31827,1.39246,-1.68632
919.40000,-1.31902,1.38570,-1.67723
919.45000,-1.31972,1.37876,-1.66766
919.50000,-1.32037,1.37169,-1.65810
919.55000,-1.32095,1.36464,-1.64878
919.60000,-1.32147,1.35758,-1.63968
919.65000,-1.32192,1.35056,-1.63082
919.70000,-1.32230,1.34373,-1.62251
919.75000,-1.32263,1.33681,-1.61366
919.80000,-1.32289,1.33004,-1.60519
919.85000,-1.32309,1.32328,-1.59649
919.90000,-1.32323,1.31664,-1.58816
919.95000,-1.32332,1.31007,-1.57988
920.00000,-1.32335,1.30362,-1.57147
920.05000,-1.32333,1.29731,-1.56340
920.10000,-1.32326,1.29113,-1.55556
920.15000,-1.32315,1.28502,-1.54783
920.20000,-1.32299,1.27901,-1.54024
920.25000,-1.32279,1.27306,-1.53283
920.30000,-1.32255,1.26716,-1.52563
920.35000,-1.32227,1.26128,-1.51855
920.40000,-1.32179,1.25292,-1.51194
920.45000,-1.32116,1.24277,-1.50524
920.50000,-1.32046,1.23262,-1.49858
920.55000,-1.31970,1.22251,-1.49209
920.60000,-1.31888,1.21243,-1.48567
920.65000,-1.31800,1.20238,-1.47933
920.70000,-1.31705,1.19236,-1.47306
920.75000,-1.31605,1.18238,-1.46686
920.80000,-1.31499,1.17243,-1.46072
920.85000,-1.31386,1.16249,-1.45462
920.90000,-1.31268,1.15256,-1.44864
920.95000,-1.31142,1.14250,-1.44348
921.00000,-1.31011,1.13245,-1.43837
921.05000,-1.30875,1.12243,-1.43347
921.10000,-1.30734,1.11241,-1.42860
921.15000,-1.30589,1.10240,-1.42376
921.20000,-1.30438,1.09239,-1.41900
921.25000,-1.30283,1.08240,-1.41426
921.30000,-1.30124,1.07245,-1.40965
921.35000,-1.29961,1.06257,-1.40535
921.40000,-1.29793,1.05267,-1.40088
921.45000,-1.29622,1.04283,-1.39667
921.50000,-1.29446,1.03294,-1.39215
921.55000,-1.29265,1.02305,-1.38747
921.60000,-1.29080,1.01318,-1.38287
921.65000,-1.28891,1.00338,-1.37858
921.70000,-1.28698,0.99358,-1.37426
921.75000,-1.28501,0.98379,-1.36987
921.80000,-1.28299,0.97401,-1.36542
921.85000,-1.28093,0.96424,-1.36089
921.90000,-1.27883,0.95448,-1.35629
921.95000,-1.27667,0.94473,-1.35160
922.00000,-1.27448,0.93498,-1.34683
922.05000,-1.27223,0.92525,-1.34195
922.10000,-1.26994,0.91553,-1.33698
922.15000,-1.26760,0.90582,-1.33189
922.20000,-1.26521,0.89613,-1.32669
922.25000,-1.26277,0.88645,-1.32135
922.30000,-1.26028,0.87677,-1.31587
922.35000,-1.25773,0.86712,-1.31023
922.40000,-1.25513,0.85748,-1.30440
922.45000,-1.25247,0.84785,-1.29837
922.50000,-1.24975,0.83824,-1.29212
922.55000,-1.24697,0.82865,-1.28558
922.60000,-1.24412,0.81908,-1.27876
922.65000,-1.24121,0.80952,-1.27156
922.70000,-1.23823,0.79999,-1.26397
922.75000,-1.23517,0.79048,-1.25587
922.80000,-1.23204,0.78094,-1.24617
922.85000,-1.22881,0.77146,-1.23567
922.90000,-1.22546,0.76202,-1.22437
922.95000,-1.22199,0.75255,-1.21175
923.00000,-1.21838,0.74296,-1.19873
923.05000,-1.21748,0.73750,-1.18321
923.10000,-1.21727,0.73693,-1.16542
923.15000,-1.21707,0.73645,-1.14540
923.20000,-1.21683,0.73593,-1.12370
923.25000,-1.21657,0.73537,-1.10034
923.30000,-1.21628,0.73480,-1.07407
923.35000,-1.21594,0.73417,-1.04488
923.40000,-1.21550,0.73343,-1.01250
923.45000,-1.21500,0.73264,-0.97654
923.50000,-1.21442,0.73181,-0.93691
923.55000,-1.21384,0.73103,-0.89477
923.60000,-1.21347,0.73057,-0.85198
923.65000,-1.21331,0.73038,-0.80877
923.70000,-1.21317,0.73023,-0.76394
923.75000,-1.21292,0.72998,-0.71610
923.80000,-1.21282,0.72990,-0.66712
923.85000,-1.21272,0.72982,-0.61664
923.90000,-1.21260,0.72975,-0.56499
923.95000,-1.21247,0.72967,-0.51249
924.00000,-1.21234,0.72960,-0.45935
924.05000,-1.21219,0.72953,-0.40575
924.10000,-1.21203,0.72947,-0.35188
924.15000,-1.21187,0.72941,-0.29788
924.20000,-1.21170,0.72936,-0.24383
924.25000,-1.21152,0.72933,-0.18982
924.30000,-1.21133,0.72930,-0.13594
924.35000,-1.21114,0.72927,-0.08224
924.40000,-1.21095,0.72926,-0.02879
924.45000,-1.21075,0.72926,0.02438
924.50000,-1.21055,0.72927,0.07721
924.55000,-1.21034,0.72929,0.12966
924.60000,-1.21014,0.72933,0.18171
924.65000,-1.20993,0.72937,0.23331
924.70000,-1.20973,0.72942,0.28443
924.75000,-1.20952,0.72949,0.33506
924.80000,-1.20932,0.72957,0.38517
924.85000,-1.20912,0.72965,0.43472
924.90000,-1.20892,0.72975,0.48372
924.95000,-1.20873,0.72986,0.53212
925.00000,-1.20854,0.72997,0.57993
925.05000,-1.20836,0.73010,0.62712
925.10000,-1.20818,0.73024,0.67368
925.15000,-1.20801,0.73038,0.71959
925.20000,-1.20784,0.73053,0.76486
925.25000,-1.20768,0.73069,0.80946
925.30000,-1.20753,0.73086,0.85338
925.35000,-1.20739,0.73103,0.89662
925.40000,-1.20725,0.73122,0.93918
925.45000,-1.20712,0.73140,0.98103
925.50000,-1.20699,0.73159,1.02219
925.55000,-1.20688,0.73179,1.06263
925.60000,-1.20677,0.73199,1.10236
925.65000,-1.20667,0.73220,1.14137
925.70000,-1.20557,0.73397,1.17922
925.75000,-1.20275,0.74087,1.21395
925.80000,-1.19946,0.75009,1.25010
925.85000,-1.19648,0.75961,1.28677
925.90000,-1.19388,0.76917,1.32264
925.95000,-1.19150,0.77925,1.35867
926.00000,-1.18952,0.78917,1.39352
926.05000,-1.18793,0.79902,1.42652
926.10000,-1.18672,0.80846,1.46085
926.15000,-1.18588,0.81754,1.49584
926.20000,-1.18535,0.82668,1.52989
926.25000,-1.18513,0.83585,1.56297
926.30000,-1.18520,0.84504,1.59506
926.35000,-1.18557,0.85426,1.62615
926.40000,-1.18622,0.86348,1.65622
926.45000,-1.18715,0.87271,1.68528
926.50000,-1.18834,0.88193,1.71333
926.55000,-1.18979,0.89114,1.74037
926.60000,-1.19149,0.90033,1.76643
926.65000,-1.19342,0.90950,1.79154
926.70000,-1.19559,0.91864,1.81569
926.75000,-1.19787,0.92777,1.83983
926.80000,-1.19826,0.93322,1.86387
926.85000,-1.19844,0.93410,1.88519
926.90000,-1.19865,0.93478,1.90557
926.95000,-1.19886,0.93544,1.92522
927.00000,-1.19909,0.93608,1.94422
927.05000,-1.19931,0.93669,1.96250
927.10000,-1.19955,0.93729,1.98009
927.15000,-1.19978,0.93787,1.99692
927.20000,-1.20002,0.93842,2.01304
927.25000,-1.20025,0.93896,2.02840
927.30000,-1.20049,0.93947,2.04306
927.35000,-1.20073,0.93997,2.05702
927.40000,-1.20096,0.94045,2.07034
927.45000,-1.20120,0.94091,2.08304
927.50000,-1.20143,0.94136,2.09520
927.55000,-1.20167,0.94180,2.10682
927.60000,-1.20190,0.94222,2.11789
927.65000,-1.20212,0.94262,2.12839
927.70000,-1.20235,0.94302,2.13838
927.75000,-1.20257,0.94340,2.14779
927.80000,-1.20279,0.94377,2.15669
927.85000,-1.20301,0.94412,2.16504
927.90000,-1.20322,0.94446,2.17289
927.95000,-1.20343,0.94479,2.18021
928.00000,-1.20352,0.94492,2.18689
928.05000,-1.20356,0.94499,2.19305
928.10000,-1.20360,0.94505,2.19881
928.15000,-1.20372,0.94522,2.20383
928.20000,-1.20382,0.94535,2.20869
928.25000,-1.20393,0.94550,2.21275
928.30000,-1.20406,0.94566,2.21635
928.35000,-1.20413,0.94577,2.21957
928.40000,-1.20422,0.94588,2.22231
928.45000,-1.20431,0.94600,2.22461
928.50000,-1.20441,0.94613,2.22647
928.55000,-1.20452,0.94627,2.22792
928.60000,-1.20463,0.94642,2.22899
928.65000,-1.20475,0.94657,2.22970
928.70000,-1.20488,0.94673,2.23005
928.75000,-1.20501,0.94690,2.23005
928.80000,-1.20514,0.94707,2.22970
928.85000,-1.20528,0.94725,2.22900
928.90000,-1.20543,0.94744,2.22796
928.95000,-1.20558,0.94764,2.22659
929.00000,-1.20574,0.94784,2.22487
929.05000,-1.20590,0.94805,2.22281
929.10000,-1.20606,0.94827,2.22041
929.15000,-1.20623,0.94850,2.21769
929.20000,-1.20641,0.94873,2.21463
929.25000,-1.20659,0.94897,2.21127
929.30000,-1.20677,0.94921,2.20759
929.35000,-1.20695,0.94946,2.20362
929.40000,-1.20714,0.94972,2.19936
929.45000,-1.20733,0.94999,2.19483
929.50000,-1.20753,0.95026,2.19004
929.55000,-1.20772,0.95053,2.18502
929.60000,-1.20792,0.95082,2.17976
929.65000,-1.20812,0.95110,2.17430
929.70000,-1.20832,0.95140,2.16864
929.75000,-1.20853,0.95170,2.16279
929.80000,-1.20873,0.95200,2.15674
929.85000,-1.20893,0.95231,2.15051
929.90000,-1.20914,0.95262,2.14410
929.95000,-1.20934,0.95294,2.13751
930.00000,-1.20955,0.95327,2.13075
930.05000,-1.20975,0.95359,2.12382
930.10000,-1.20995,0.95393,2.11673
930.15000,-1.21016,0.95427,2.10948
930.20000,-1.21036,0.95461,2.10208
930.25000,-1.21056,0.95496,2.09454
930.30000,-1.21077,0.95531,2.08686
930.35000,-1.21097,0.95566,2.07906
930.40000,-1.21116,0.95602,2.07115
930.45000,-1.21136,0.95638,2.06314
930.50000,-1.21156,0.95675,2.05505
930.55000,-1.21175,0.95712,2.04687
930.60000,-1.21194,0.95749,2.03862
930.65000,-1.21212,0.95787,2.03030
930.70000,-1.21231,0.95824,2.02192
930.75000,-1.21249,0.95862,2.01348
930.80000,-1.21267,0.95900,2.00499
930.85000,-1.21285,0.95939,1.99643
930.90000,-1.21302,0.95978,1.98783
930.95000,-1.21319,0.96017,1.97917
931.00000,-1.21336,0.96056,1.97046
931.05000,-1.21352,0.96095,1.96171
931.10000,-1.21369,0.96135,1.95293
931.15000,-1.21385,0.96175,1.94412
931.20000,-1.21400,0.96215,1.93530
931.25000,-1.21415,0.96255,1.92647
931.30000,-1.21430,0.96295,1.91765
931.35000,-1.21444,0.96336,1.90884
931.40000,-1.21449,0.96348,1.90051
931.45000,-1.21449,0.96346,1.89156
931.50000,-1.21448,0.96345,1.88261
931.55000,-1.21448,0.96343,1.87368
931.60000,-1.21448,0.96341,1.86476
931.65000,-1.21447,0.96339,1.85587
931.70000,-1.21447,0.96338,1.84701
931.75000,-1.21552,0.96515,1.83925
931.80000,-1.21801,0.97288,1.83177
931.85000,-1.22052,0.98242,1.82351
931.90000,-1.22298,0.99210,1.81561
931.95000,-1.22536,1.00178,1.80782
932.00000,-1.22767,1.01151,1.80014
932.05000,-1.22985,1.02107,1.79176
932.10000,-1.23194,1.03064,1.78335
932.15000,-1.23395,1.04022,1.77501
932.20000,-1.23589,1.04983,1.76676
932.25000,-1.23774,1.05945,1.75861
932.30000,-1.23952,1.06909,1.75058
932.35000,-1.24122,1.07874,1.74267
932.40000,-1.24285,1.08841,1.73492
932.45000,-1.24440,1.09810,1.72735
932.50000,-1.24588,1.10781,1.72001
932.55000,-1.24729,1.11753,1.71298
932.60000,-1.24864,1.12727,1.70641
932.65000,-1.24993,1.13704,1.70053
932.70000,-1.25119,1.14686,1.69602
932.75000,-1.25242,1.15674,1.69320
932.80000,-1.25364,1.16664,1.69334
932.85000,-1.25488,1.17654,1.69963
932.90000,-1.25597,1.18617,1.70758
932.95000,-1.25638,1.19072,1.72736
933.00000,-1.25664,1.19240,1.76657
933.05000,-1.25668,1.19258,1.81578
933.10000,-1.25669,1.19264,1.86635
933.15000,-1.25671,1.19269,1.91693
933.20000,-1.25673,1.19274,1.96766
933.25000,-1.25675,1.19280,2.01873
933.30000,-1.25678,1.19286,2.07098
933.35000,-1.25682,1.19292,2.12468
933.40000,-1.25687,1.19300,2.17980
933.45000,-1.25694,1.19309,2.23601
933.50000,-1.25703,1.19320,2.29294
933.55000,-1.25714,1.19332,2.35024
933.60000,-1.25728,1.19345,2.40767
933.65000,-1.25744,1.19358,2.46507
933.70000,-1.25761,1.19372,2.52229
933.75000,-1.25781,1.19385,2.57915
933.80000,-1.25801,1.19396,2.63556
933.85000,-1.25821,1.19407,2.69151
933.90000,-1.25843,1.19417,2.74703
933.95000,-1.25866,1.19426,2.80216
934.00000,-1.25892,1.19434,2.85702
934.05000,-1.25920,1.19441,2.91163
934.10000,-1.25951,1.19448,2.96598
934.15000,-1.25986,1.19453,3.02006
934.20000,-1.26025,1.19457,3.07380
934.25000,-1.26068,1.19458,3.12714
934.30000,-1.26114,1.19458,-3.10314
934.35000,-1.26164,1.19455,-3.05072
934.40000,-1.26214,1.19449,-2.99886
934.45000,-1.26265,1.19440,-2.94762
934.50000,-1.26316,1.19429,-2.89702
934.55000,-1.26366,1.19415,-2.84706
934.60000,-1.26416,1.19398,-2.79774
934.65000,-1.26467,1.19379,-2.74902
934.70000,-1.26519,1.19356,-2.70083
934.75000,-1.26574,1.19328,-2.65316
934.80000,-1.26631,1.19296,-2.60601
934.85000,-1.26691,1.19258,-2.55938
934.90000,-1.26754,1.19215,-2.51331
934.95000,-1.26819,1.19166,-2.46782
935.00000,-1.26885,1.19110,-2.42292
935.05000,-1.26952,1.19049,-2.37864
935.10000,-1.27019,1.18981,-2.33498
935.15000,-1.27084,1.18911,-2.29205
935.20000,-1.27145,1.18838,-2.24984
935.25000,-1.27204,1.18762,-2.20836
935.30000,-1.27259,1.18684,-2.16761
935.35000,-1.27311,1.18604,-2.12757
935.40000,-1.27483,1.18334,-2.08899
935.45000,-1.27883,1.17610,-2.05500
935.50000,-1.28321,1.16738,-2.01781
935.55000,-1.28736,1.15829,-1.98018
935.60000,-1.29117,1.14904,-1.94317
935.65000,-1.29464,1.13966,-1.90679
935.70000,-1.29777,1.13017,-1.87105
935.75000,-1.30056,1.12056,-1.83594
935.80000,-1.30301,1.11087,-1.80147
935.85000,-1.30513,1.10110,-1.76771
935.90000,-1.30692,1.09127,-1.73468
935.95000,-1.30839,1.08138,-1.70239
936.00000,-1.30955,1.07144,-1.67083
936.05000,-1.31039,1.06148,-1.63998
936.10000,-1.31093,1.05150,-1.60981
936.15000,-1.31118,1.04150,-1.58028
936.20000,-1.31113,1.03150,-1.55131
936.25000,-1.31079,1.02151,-1.52283
936.30000,-1.31017,1.01153,-1.49481
936.35000,-1.30927,1.00157,-1.46722
936.40000,-1.30811,0.99164,-1.44004
936.45000,-1.30669,0.98188,-1.41252
936.50000,-1.30506,0.97248,-1.38436
936.55000,-1.30321,0.96338,-1.35562
936.60000,-1.30109,0.95433,-1.32735
936.65000,-1.29872,0.94533,-1.29961
936.70000,-1.29611,0.93639,-1.27240
936.75000,-1.29324,0.92751,-1.24564
936.80000,-1.29014,0.91870,-1.21920
936.85000,-1.28681,0.90997,-1.19292
936.90000,-1.28325,0.90134,-1.16646
936.95000,-1.27947,0.89282,-1.13945
937.00000,-1.27533,0.88413,-1.11272
937.05000,-1.27058,0.87486,-1.08363
937.10000,-1.26602,0.86652,-1.05254
937.15000,-1.26104,0.85813,-1.02023
937.20000,-1.25593,0.85021,-0.98197
937.25000,-1.25058,0.84203,-0.94321
937.30000,-1.24913,0.83951,-0.89778
937.35000,-1.24859,0.83886,-0.83928
937.40000,-1.24856,0.83884,-0.77595
937.45000,-1.24854,0.83881,-0.71424
937.50000,-1.24851,0.83879,-0.65380
937.55000,-1.24849,0.83877,-0.59427
937.60000,-1.24846,0.83876,-0.53579
937.65000,-1.24843,0.83874,-0.47900
937.70000,-1.24840,0.83873,-0.42411
937.75000,-1.24837,0.83871,-0.37156
937.80000,-1.24834,0.83870,-0.32149
937.85000,-1.24831,0.83869,-0.27419
937.90000,-1.24628,0.83794,-0.22875
937.95000,-1.23892,0.83618,-0.18987
938.00000,-1.22927,0.83452,-0.15123
938.05000,-1.21936,0.83322,-0.11103
938.10000,-1.20942,0.83231,-0.06987
938.15000,-1.19944,0.83182,-0.02773
938.20000,-1.18944,0.83176,0.01508
938.25000,-1.17945,0.83212,0.05831
938.30000,-1.16948,0.83292,0.10159
938.35000,-1.15956,0.83415,0.14476
938.40000,-1.14970,0.83581,0.18752
938.45000,-1.13992,0.83788,0.22956
938.50000,-1.13004,0.84039,0.27141
938.55000,-1.12042,0.84327,0.31182
938.60000,-1.11095,0.84652,0.35140
938.65000,-1.10164,0.85015,0.39030
938.70000,-1.09247,0.85412,0.42841
938.75000,-1.08347,0.85843,0.46529
938.80000,-1.07462,0.86307,0.50056
938.85000,-1.06588,0.86803,0.53445
938.90000,-1.05736,0.87326,0.56639
938.95000,-1.04901,0.87875,0.59663
939.00000,-1.04082,0.88448,0.62483
939.05000,-1.03270,0.89033,0.65290
939.10000,-1.02938,0.89197,0.68005
939.15000,-1.02891,0.89235,0.70179
939.20000,-1.02848,0.89273,0.72216
939.25000,-1.02803,0.89311,0.74269
939.30000,-1.02758,0.89352,0.76426
939.35000,-1.02712,0.89396,0.78715
939.40000,-1.02665,0.89443,0.81135
939.45000,-1.02618,0.89493,0.83639
939.50000,-1.02571,0.89546,0.86208
939.55000,-1.02525,0.89600,0.88835
939.60000,-1.02477,0.89657,0.91514
939.65000,-1.02432,0.89717,0.94213
939.70000,-1.02389,0.89776,0.96895
939.75000,-1.02348,0.89837,0.99505
939.80000,-1.02312,0.89893,1.02032
939.85000,-1.02279,0.89949,1.04456
939.90000,-1.02245,0.90006,1.06790
939.95000,-1.02213,0.90063,1.09087
940.00000,-1.02182,0.90121,1.11399
940.05000,-1.02152,0.90183,1.13804
940.10000,-1.02003,0.90382,1.16094
940.15000,-1.01655,0.91154,1.18255
940.20000,-1.01283,0.92097,1.20760
940.25000,-1.00939,0.93035,1.23082
940.30000,-1.00605,0.93979,1.25400
940.35000,-1.00536,0.94457,1.27403
940.40000,-1.00520,0.94510,1.29319
940.45000,-1.00507,0.94562,1.31142
940.50000,-1.00493,0.94616,1.32994
940.55000,-1.00480,0.94671,1.34863
940.60000,-1.00467,0.94729,1.36761
940.65000,-1.00454,0.94789,1.38659
940.70000,-1.00445,0.94843,1.40510
940.75000,-1.00436,0.94897,1.42316
940.80000,-1.00427,0.94951,1.44091
940.85000,-1.00419,0.95004,1.45834
940.90000,-1.00413,0.95059,1.47566
940.95000,-1.00409,0.95112,1.49262
941.00000,-1.00405,0.95165,1.50946
941.05000,-1.00402,0.95216,1.52630
941.10000,-1.00401,0.95256,1.54358
941.15000,-1.00400,0.95268,1.56048
941.20000,-1.00400,0.95281,1.57790
941.25000,-1.00408,0.95438,1.59529
941.30000,-1.00439,0.96172,1.61296
941.35000,-1.00490,0.97170,1.63098
941.40000,-1.00559,0.98167,1.64798
941.45000,-1.00634,0.99163,1.66491
941.50000,-1.00650,0.99680,1.68141
941.55000,-1.00652,0.99712,1.69457
941.60000,-1.00654,0.99736,1.70642
941.65000,-1.00658,0.99778,1.71840
941.70000,-1.00662,0.99819,1.73018
941.75000,-1.00667,0.99860,1.74176
941.80000,-1.00672,0.99901,1.75316
941.85000,-1.00678,0.99941,1.76441
941.90000,-1.00684,0.99981,1.77551
941.95000,-1.00691,1.00021,1.78661
942.00000,-1.00698,1.00062,1.79775
942.05000,-1.00705,1.00103,1.80890
942.10000,-1.00713,1.00144,1.82000
942.15000,-1.00722,1.00185,1.83101
942.20000,-1.00731,1.00225,1.84186
942.25000,-1.00741,1.00266,1.85250
942.30000,-1.00750,1.00306,1.86288
942.35000,-1.00760,1.00345,1.87295
942.40000,-1.00770,1.00383,1.88267
942.45000,-1.00781,1.00421,1.89201
942.50000,-1.00791,1.00457,1.90093
942.55000,-1.00801,1.00493,1.90940
942.60000,-1.00811,1.00527,1.91736
942.65000,-1.00822,1.00560,1.92485
942.70000,-1.00831,1.00592,1.93176
942.75000,-1.00841,1.00623,1.93814
942.80000,-1.00850,1.00652,1.94392
942.85000,-1.00859,1.00679,1.94911
942.90000,-1.00867,1.00705,1.95364
942.95000,-1.00875,1.00729,1.95752
943.00000,-1.00883,1.00752,1.96068
943.05000,-1.00890,1.00772,1.96312
943.10000,-1.00896,1.00791,1.96475
943.15000,-1.00901,1.00807,1.96556
943.20000,-1.00906,1.00822,1.96547
943.25000,-1.00910,1.00835,1.96447
943.30000,-1.00912,1.00844,1.96244
943.35000,-1.00914,1.00852,1.95940
943.40000,-1.00914,1.00857,1.95525
943.45000,-1.00914,1.00859,1.95001
943.50000,-1.00912,1.00858,1.94361
943.55000,-1.00909,1.00855,1.93610
943.60000,-1.00905,1.00848,1.92742
943.65000,-1.00900,1.00839,1.91762
943.70000,-1.00894,1.00826,1.90667
943.75000,-1.00888,1.00812,1.89467
943.80000,-1.00880,1.00794,1.88158
943.85000,-1.00883,1.00802,1.86843
943.90000,-1.00887,1.00817,1.85519
943.95000,-1.00888,1.00815,1.83977
944.00000,-1.00889,1.00822,1.82405
944.05000,-1.00892,1.00834,1.80797
944.10000,-1.00896,1.00848,1.79111
944.15000,-1.00896,1.00850,1.77321
944.20000,-1.00898,1.00864,1.75505
944.25000,-1.00901,1.00879,1.73625
944.30000,-1.00903,1.00893,1.71696
944.35000,-1.00905,1.00908,1.69731
944.40000,-1.00907,1.00922,1.67701
944.45000,-1.00908,1.00937,1.65641
944.50000,-1.00909,1.00951,1.63531
944.55000,-1.00910,1.00963,1.61389
944.60000,-1.00910,1.00976,1.59217
944.65000,-1.00910,1.00989,1.57021
944.70000,-1.00910,1.01001,1.54801
944.75000,-1.00910,1.01014,1.52522
944.80000,-1.00909,1.01027,1.50190
944.85000,-1.00908,1.01039,1.47776
944.90000,-1.00907,1.01052,1.45216
944.95000,-1.00905,1.01065,1.42482
945.00000,-1.00903,1.01079,1.39574
945.05000,-1.00900,1.01092,1.36496
945.10000,-1.00897,1.01106,1.33253
945.15000,-1.00893,1.01120,1.29851
945.20000,-1.00889,1.01135,1.26299
945.25000,-1.00884,1.01150,1.22606
945.30000,-1.00878,1.01166,1.18782
945.35000,-1.00871,1.01182,1.14838
945.40000,-1.00863,1.01200,1.10782
945.45000,-1.00853,1.01217,1.06625
945.50000,-1.00843,1.01236,1.02378
945.55000,-1.00830,1.01255,0.98049
945.60000,-1.00817,1.01274,0.93648
945.65000,-1.00801,1.01295,0.89183
945.70000,-1.00783,1.01316,0.84664
945.75000,-1.00764,1.01337,0.80117
945.80000,-1.00743,1.01357,0.75559
945.85000,-1.00720,1.01378,0.71009
945.90000,-1.00697,1.01397,0.66480
945.95000,-1.00672,1.01416,0.61979
946.00000,-1.00646,1.01433,0.57503
946.05000,-1.00619,1.01450,0.53040
946.10000,-1.00590,1.01466,0.48577
946.15000,-1.00559,1.01481,0.44110
946.20000,-1.00527,1.01496,0.39641
946.25000,-1.00493,1.01509,0.35173
946.30000,-1.00458,1.01521,0.30707
946.35000,-1.00420,1.01532,0.26247
946.40000,-1.00381,1.01542,0.21794
946.45000,-1.00339,1.01550,0.17350
946.50000,-1.00296,1.01557,0.12917
946.55000,-1.00250,1.01561,0.08496
946.60000,-1.00203,1.01564,0.04098
946.65000,-1.00155,1.01565,-0.00261
946.70000,-1.00107,1.01564,-0.04567
946.75000,-1.00060,1.01561,-0.08816
946.80000,-1.00012,1.01556,-0.13009
946.85000,-0.99965,1.01549,-0.17148
946.90000,-0.99918,1.01539,-0.21246
946.95000,-0.99870,1.01528,-0.25309
947.00000,-0.99823,1.01515,-0.29337
947.05000,-0.99777,1.01500,-0.33331
947.10000,-0.99730,1.01483,-0.37289
947.15000,-0.99683,1.01463,-0.41212
947.20000,-0.99636,1.01442,-0.45099
947.25000,-0.99590,1.01418,-0.48951
947.30000,-0.99544,1.01392,-0.52766
947.35000,-0.99498,1.01364,-0.56545
947.40000,-0.99452,1.01334,-0.60286
947.45000,-0.99407,1.01302,-0.63974
947.50000,-0.99364,1.01269,-0.67599
947.55000,-0.99322,1.01234,-0.71158
947.60000,-0.99104,1.01031,-0.74584
947.65000,-0.98494,1.00450,-0.77604
947.70000,-0.97798,0.99744,-0.80925
947.75000,-0.97121,0.99009,-0.84204
947.80000,-0.96468,0.98253,-0.87393
947.85000,-0.95864,0.97506,-0.90616
947.90000,-0.95260,0.96710,-0.93586
947.95000,-0.94678,0.95897,-0.96436
948.00000,-0.94120,0.95068,-0.99158
948.05000,-0.93617,0.94275,-1.01950
948.10000,-0.93134,0.93465,-1.04603
948.15000,-0.92655,0.92612,-1.06939
948.20000,-0.92202,0.91762,-1.09118
948.25000,-0.91755,0.90902,-1.11286
948.30000,-0.91681,0.90631,-1.12886
948.35000,-0.91679,0.90629,-1.13768
948.40000,-0.91676,0.90622,-1.14386
948.45000,-0.91673,0.90615,-1.14946
948.50000,-0.91670,0.90608,-1.15442
948.55000,-0.91667,0.90601,-1.15865
948.60000,-0.91664,0.90594,-1.16200
948.65000,-0.91661,0.90588,-1.16436
948.70000,-0.91658,0.90581,-1.16566
948.75000,-0.91656,0.90575,-1.16582
948.80000,-0.91653,0.90569,-1.16493
948.85000,-0.91651,0.90563,-1.16313
948.90000,-0.91648,0.90558,-1.16054
948.95000,-0.91646,0.90552,-1.15729
949.00000,-0.91644,0.90547,-1.15343
949.05000,-0.91641,0.90542,-1.14902
949.10000,-0.91639,0.90537,-1.14416
949.15000,-0.91637,0.90532,-1.13882
949.20000,-0.91634,0.90527,-1.13303
949.25000,-0.91632,0.90522,-1.12677
949.30000,-0.91630,0.90517,-1.11981
949.35000,-0.91627,0.90512,-1.11163
949.40000,-0.91625,0.90508,-1.10195
949.45000,-0.91623,0.90503,-1.09046
949.50000,-0.91620,0.90499,-1.07680
949.55000,-0.91618,0.90494,-1.06085
949.60000,-0.91616,0.90490,-1.04272
949.65000,-0.91613,0.90486,-1.02277
949.70000,-0.91611,0.90483,-1.00111
949.75000,-0.91609,0.90479,-0.97823
949.80000,-0.91606,0.90475,-0.95505
949.85000,-0.91604,0.90472,-0.93161
949.90000,-0.91601,0.90468,-0.90791
949.95000,-0.91598,0.90465,-0.88395
950.00000,-0.91595,0.90461,-0.85924
950.05000,-0.91592,0.90458,-0.83289
950.10000,-0.91589,0.90454,-0.80465
950.15000,-0.91586,0.90451,-0.77431
950.20000,-0.91582,0.90448,-0.74188
950.25000,-0.91578,0.90444,-0.70770
950.30000,-0.91574,0.90441,-0.67211
950.35000,-0.91570,0.90438,-0.63574
950.40000,-0.91565,0.90434,-0.59919
950.45000,-0.91561,0.90431,-0.56266
950.50000,-0.91556,0.90429,-0.52613
950.55000,-0.91551,0.90426,-0.48965
950.60000,-0.91546,0.90423,-0.45282
950.65000,-0.91541,0.90421,-0.41520
950.70000,-0.91535,0.90419,-0.37674
950.75000,-0.91529,0.90416,-0.33734
950.80000,-0.91523,0.90414,-0.29702
950.85000,-0.91516,0.90412,-0.25598
950.90000,-0.91509,0.90411,-0.21449
950.95000,-0.91502,0.90409,-0.17288
951.00000,-0.91494,0.90408,-0.13136
951.05000,-0.91486,0.90407,-0.09001
951.10000,-0.91479,0.90407,-0.04884
951.15000,-0.91471,0.90406,-0.00784
951.20000,-0.91463,0.90406,0.03293
951.25000,-0.91455,0.90407,0.07349
951.30000,-0.91447,0.90408,0.11407
951.35000,-0.91439,0.90409,0.15474
951.40000,-0.91430,0.90410,0.19553
951.45000,-0.91421,0.90412,0.23649
951.50000,-0.91412,0.90415,0.27756
951.55000,-0.91402,0.90418,0.31863
951.60000,-0.91392,0.90421,0.35961
951.65000,-0.91383,0.90425,0.40038
951.70000,-0.91334,0.90449,0.44237
951.75000,-0.91314,0.90460,0.48277
951.80000,-0.91291,0.90472,0.52291
951.85000,-0.91245,0.90499,0.56366
951.90000,-0.91222,0.90513,0.60294
951.95000,-0.91173,0.90547,0.64298
952.00000,-0.91096,0.90604,0.68426
952.05000,-0.91010,0.90677,0.72587
952.10000,-0.90928,0.90752,0.76704
952.15000,-0.90850,0.90829,0.80768
952.20000,-0.90831,0.90848,0.84462
952.25000,-0.90823,0.90857,0.88052
952.30000,-0.90815,0.90867,0.91611
952.35000,-0.90807,0.90878,0.95132
952.40000,-0.90800,0.90889,0.98609
952.45000,-0.90793,0.90900,1.02037
952.50000,-0.90786,0.90911,1.05414
952.55000,-0.90780,0.90923,1.08740
952.60000,-0.90774,0.90935,1.12014
952.65000,-0.90768,0.90947,1.15236
952.70000,-0.90763,0.90959,1.18406
952.75000,-0.90758,0.90971,1.21523
952.80000,-0.90652,0.91160,1.24508
952.85000,-0.90398,0.91867,1.27272
952.90000,-0.90120,0.92821,1.30227
952.95000,-0.89869,0.93789,1.33166
953.00000,-0.89646,0.94764,1.36054
953.05000,-0.89451,0.95744,1.38891
953.10000,-0.89293,0.96683,1.41857
953.15000,-0.89166,0.97599,1.44869
953.20000,-0.89067,0.98520,1.47800
953.25000,-0.88994,0.99446,1.50639
953.30000,-0.88947,1.00376,1.53378
953.35000,-0.88925,1.01310,1.56002
953.40000,-0.88927,1.02248,1.58485
953.45000,-0.88951,1.03199,1.60728
953.50000,-0.88996,1.04194,1.62619
953.55000,-0.89054,1.05214,1.64437
953.60000,-0.89086,1.06116,1.66259
953.65000,-0.89098,1.06657,1.67268
953.70000,-0.89092,1.07172,1.66327
953.75000,-0.89100,1.07700,1.64605
953.80000,-0.89117,1.08209,1.61931
953.85000,-0.89128,1.08559,1.58165
953.90000,-0.89128,1.08712,1.53462
953.95000,-0.89128,1.08722,1.48108
954.00000,-0.89127,1.08727,1.42700
954.05000,-0.89126,1.08732,1.37283
954.10000,-0.89125,1.08737,1.31861
954.15000,-0.89124,1.08742,1.26438
954.20000,-0.89123,1.08745,1.21019
954.25000,-0.89122,1.08748,1.15614
954.30000,-0.89121,1.08749,1.10247
954.35000,-0.89121,1.08750,1.04969
954.40000,-0.89120,1.08750,0.99830
954.45000,-0.89120,1.08750,0.94763
954.50000,-0.89120,1.08751,0.89753
954.55000,-0.89120,1.08751,0.84809
954.60000,-0.89119,1.08751,0.79946
954.65000,-0.89119,1.08751,0.75214
954.70000,-0.89117,1.08751,0.71625
954.75000,-0.89103,1.08753,0.70794
954.80000,-0.89082,1.08759,0.71161
954.85000,-0.89060,1.08765,0.71667
954.90000,-0.89034,1.08785,0.73833
954.95000,-0.89031,1.08789,0.76003
955.00000,-0.89027,1.08793,0.78165
955.05000,-0.89022,1.08797,0.80320
955.10000,-0.89018,1.08802,0.82467
955.15000,-0.89001,1.08818,0.84719
955.20000,-0.88995,1.08825,0.86977
955.25000,-0.88958,1.08869,0.89309
955.30000,-0.88920,1.08915,0.91638
955.35000,-0.88904,1.08934,0.93803
955.40000,-0.88907,1.08933,0.96004
955.45000,-0.88906,1.08932,0.98134
955.50000,-0.88896,1.08948,1.00249
955.55000,-0.88882,1.08969,1.02368
955.60000,-0.88872,1.08988,1.04426
955.65000,-0.88874,1.08984,1.06489
955.70000,-0.88859,1.09010,1.08549
955.75000,-0.88850,1.09029,1.10595
955.80000,-0.88854,1.09020,1.12576
955.85000,-0.88845,1.09042,1.14537
955.90000,-0.88833,1.09074,1.16534
955.95000,-0.88823,1.09102,1.18487
956.00000,-0.88814,1.09128,1.20388
956.05000,-0.88806,1.09157,1.22283
956.10000,-0.88801,1.09176,1.24128
956.15000,-0.88798,1.09189,1.25922
956.20000,-0.88792,1.09210,1.27713
956.25000,-0.88785,1.09239,1.29542
956.30000,-0.88781,1.09258,1.31292
956.35000,-0.88684,1.09420,1.32876
956.40000,-0.88474,1.10094,1.34398
956.45000,-0.88262,1.11032,1.36123
956.50000,-0.88060,1.12033,1.37933
956.55000,-0.87877,1.13038,1.39715
956.60000,-0.87716,1.14018,1.41466
956.65000,-0.87571,1.14996,1.43389
956.70000,-0.87444,1.15987,1.45047
956.75000,-0.87334,1.16977,1.46741
956.80000,-0.87239,1.17979,1.48556
956.85000,-0.87165,1.18960,1.50625
956.90000,-0.87102,1.19920,1.52620
956.95000,-0.87102,1.20381,1.54470
957.00000,-0.87101,1.20492,1.57030
957.05000,-0.87102,1.20552,1.60085
957.10000,-0.87104,1.20627,1.63224
957.15000,-0.87107,1.20695,1.66458
957.20000,-0.87112,1.20771,1.69729
957.25000,-0.87118,1.20824,1.72867
957.30000,-0.87128,1.20894,1.75833
957.35000,-0.87140,1.20960,1.78626
957.40000,-0.87147,1.20991,1.81260
957.45000,-0.87244,1.21194,1.83828
957.50000,-0.87493,1.22001,1.86035
957.55000,-0.87787,1.22959,1.87990
957.60000,-0.88101,1.23913,1.90074
957.65000,-0.88432,1.24846,1.92404
957.70000,-0.88762,1.25801,1.94890
957.75000,-0.88847,1.26198,1.98099
957.80000,-0.88897,1.26311,2.03187
957.85000,-0.88899,1.26315,2.08383
957.90000,-0.88900,1.26317,2.13503
957.95000,-0.88901,1.26318,2.18454
958.00000,-0.88903,1.26320,2.23262
958.05000,-0.88904,1.26322,2.27939
958.10000,-0.88906,1.26324,2.32364
958.15000,-0.88907,1.26325,2.36396
958.20000,-0.88909,1.26326,2.40071
958.25000,-0.88910,1.26328,2.43558
958.30000,-0.88912,1.26329,2.46971
958.35000,-0.88914,1.26331,2.50315
958.40000,-0.88916,1.26332,2.53588
958.45000,-0.88917,1.26333,2.56801
958.50000,-0.88919,1.26334,2.59954
958.55000,-0.88921,1.26335,2.62945
958.60000,-0.89090,1.26457,2.65823
958.65000,-0.89782,1.26830,2.68442
958.70000,-0.90669,1.27254,2.71009
958.75000,-0.91568,1.27652,2.73934
958.80000,-0.92437,1.28019,2.77023
958.85000,-0.92921,1.28122,2.79995
958.90000,-0.93025,1.28155,2.83872
958.95000,-0.93027,1.28155,2.88017
959.00000,-0.93030,1.28156,2.91753
959.05000,-0.93033,1.28157,2.95000
959.10000,-0.93196,1.28217,2.98090
959.15000,-0.93872,1.28328,3.01083
959.20000,-0.94814,1.28438,3.03793
959.25000,-0.95809,1.28529,3.06266
959.30000,-0.96807,1.28596,3.08652
959.35000,-0.97806,1.28640,3.10907
959.40000,-0.98805,1.28662,3.12986
959.45000,-0.99804,1.28664,-3.13475
959.50000,-1.00824,1.28649,-3.11738
959.55000,-1.01866,1.28624,-3.09972
959.60000,-1.02745,1.28611,-3.08219
959.65000,-1.02956,1.28609,-3.06851
959.70000,-1.02973,1.28609,-3.06263
959.75000,-1.02987,1.28608,-3.05791
959.80000,-1.02999,1.28606,-3.05378
959.85000,-1.03010,1.28606,-3.05019
959.90000,-1.03022,1.28604,-3.04684
959.95000,-1.03028,1.28603,-3.04464
960.00000,-1.03035,1.28603,-3.04286
960.05000,-1.03044,1.28602,-3.04179
960.10000,-1.03055,1.28601,-3.04071
960.15000,-1.03055,1.28601,-3.04234
960.20000,-1.03050,1.28602,-3.04610
960.25000,-1.03044,1.28602,-3.05131
960.30000,-1.03034,1.28603,-3.05763
960.35000,-1.03020,1.28604,-3.06473
960.40000,-1.03009,1.28605,-3.07192
960.45000,-1.03000,1.28606,-3.07973
960.50000,-1.02989,1.28607,-3.08784
960.55000,-1.02971,1.28609,-3.09639
960.60000,-1.02953,1.28612,-3.10531
960.65000,-1.02935,1.28614,-3.11445
960.70000,-1.02915,1.28615,-3.12434
960.75000,-1.02894,1.28616,-3.13521
960.80000,-1.02870,1.28616,3.13612
960.85000,-1.02849,1.28615,3.12350
960.90000,-1.02827,1.28615,3.11083
960.95000,-1.02810,1.28615,3.09761
961.00000,-1.02796,1.28615,3.08394
961.05000,-1.02771,1.28614,3.06930
961.10000,-1.02744,1.28613,3.05472
961.15000,-1.02737,1.28613,3.04042
961.20000,-1.02707,1.28610,3.02586
961.25000,-1.02728,1.28614,3.01107
961.30000,-1.02708,1.28612,2.99650
961.35000,-1.02712,1.28615,2.98153
961.40000,-1.02696,1.28615,2.96629
961.45000,-1.02692,1.28616,2.95134
961.50000,-1.02690,1.28617,2.93645
961.55000,-1.02663,1.28612,2.92130
961.60000,-1.02630,1.28604,2.90570
961.65000,-1.02597,1.28596,2.88989
961.70000,-1.02563,1.28587,2.87388
961.75000,-1.02530,1.28577,2.85779
961.80000,-1.02496,1.28567,2.84168
961.85000,-1.02463,1.28556,2.82547
961.90000,-1.02429,1.28545,2.80911
961.95000,-1.02395,1.28533,2.79256
962.00000,-1.02362,1.28520,2.77588
962.05000,-1.02328,1.28507,2.75908
962.10000,-1.02295,1.28493,2.74225
962.15000,-1.02262,1.28479,2.72543
962.20000,-1.02229,1.28464,2.70861
962.25000,-1.02196,1.28449,2.69181
962.30000,-1.02164,1.28433,2.67504
962.35000,-1.02132,1.28417,2.65831
962.40000,-1.02101,1.28400,2.64162
962.45000,-1.02070,1.28383,2.62492
962.50000,-1.02039,1.28365,2.60820
962.55000,-1.02009,1.28346,2.59145
962.60000,-1.01979,1.28328,2.57467
962.65000,-1.01950,1.28308,2.55788
962.70000,-1.01920,1.28289,2.54110
962.75000,-1.01892,1.28269,2.52432
962.80000,-1.01863,1.28248,2.50756
962.85000,-1.01836,1.28227,2.49082
962.90000,-1.01808,1.28206,2.47417
962.95000,-1.01782,1.28184,2.45764
963.00000,-1.01756,1.28162,2.44122
963.05000,-1.01730,1.28140,2.42491
963.10000,-1.01706,1.28118,2.40873
963.15000,-1.01681,1.28096,2.39267
963.20000,-1.01658,1.28073,2.37673
963.25000,-1.01635,1.28051,2.36091
963.30000,-1.01613,1.28028,2.34519
963.35000,-1.01591,1.28005,2.32961
963.40000,-1.01570,1.27982,2.31423
963.45000,-1.01731,1.28140,2.29836
963.50000,-1.02285,1.28756,2.28369
963.55000,-1.02922,1.29502,2.26959
963.60000,-1.03547,1.30256,2.25699
963.65000,-1.04168,1.31022,2.24672
963.70000,-1.04785,1.31798,2.23958
963.75000,-1.05402,1.32581,2.23657
963.80000,-1.06020,1.33367,2.23879
963.85000,-1.06642,1.34158,2.24184
963.90000,-1.07168,1.34852,2.24514
963.95000,-1.07353,1.35100,2.25600
964.00000,-1.07377,1.35131,2.28299
964.05000,-1.07380,1.35135,2.31115
964.10000,-1.07384,1.35138,2.33870
964.15000,-1.07391,1.35147,2.36680
964.20000,-1.07425,1.35181,2.39515
964.25000,-1.07457,1.35210,2.42265
964.30000,-1.07497,1.35246,2.45009
964.35000,-1.07532,1.35275,2.47681
964.40000,-1.07550,1.35288,2.50293
964.45000,-1.07555,1.35289,2.53002
964.50000,-1.07593,1.35316,2.55683
964.55000,-1.07631,1.35341,2.58382
964.60000,-1.07638,1.35345,2.60957
964.65000,-1.07662,1.35358,2.63545
964.70000,-1.07715,1.35386,2.66274
964.75000,-1.07754,1.35404,2.68971
964.80000,-1.07812,1.35429,2.71660
964.85000,-1.07859,1.35446,2.74291
964.90000,-1.07892,1.35460,2.76808
964.95000,-1.07933,1.35475,2.79300
965.00000,-1.07962,1.35485,2.81646
965.05000,-1.08012,1.35501,2.83984
965.10000,-1.08055,1.35511,2.86212
965.15000,-1.08096,1.35521,2.88381
965.20000,-1.08147,1.35533,2.90538
965.25000,-1.08184,1.35540,2.92584
965.30000,-1.08223,1.35547,2.94629
965.35000,-1.08258,1.35552,2.96608
965.40000,-1.08304,1.35558,2.98668
965.45000,-1.08337,1.35562,3.00558
965.50000,-1.08361,1.35564,3.02645
965.55000,-1.08538,1.35608,3.04544
965.60000,-1.09299,1.35693,3.06399
965.65000,-1.10307,1.35762,3.08196
965.70000,-1.11306,1.35814,3.09841
965.75000,-1.12310,1.35850,3.11153
965.80000,-1.13317,1.35876,3.12091
965.85000,-1.14317,1.35894,3.12690
965.90000,-1.15312,1.35907,3.12868
965.95000,-1.16295,1.35920,3.12970
966.00000,-1.17249,1.35929,3.13068
966.05000,-1.17758,1.35930,3.13144
966.10000,-1.18035,1.35931,3.12647
966.15000,-1.18191,1.35930,3.11394
966.20000,-1.18152,1.35930,3.09230
966.25000,-1.18102,1.35927,3.06936
966.30000,-1.18053,1.35924,3.04645
966.35000,-1.18004,1.35920,3.02378
966.40000,-1.17963,1.35916,3.00071
966.45000,-1.17941,1.35916,2.97667
966.50000,-1.17900,1.35910,2.95416
966.55000,-1.17853,1.35901,2.93181
966.60000,-1.17809,1.35893,2.90914
966.65000,-1.17763,1.35883,2.88567
966.70000,-1.17732,1.35879,2.86059
966.75000,-1.17680,1.35865,2.83478
966.80000,-1.17620,1.35845,2.80738
966.85000,-1.17567,1.35828,2.77842
966.90000,-1.17507,1.35804,2.74871
966.95000,-1.17443,1.35777,2.71819
967.00000,-1.17377,1.35747,2.68667
967.05000,-1.17307,1.35713,2.65426
967.10000,-1.17263,1.35690,2.62238
967.15000,-1.17217,1.35664,2.58973
967.20000,-1.17212,1.35661,2.55797
967.25000,-1.17215,1.35662,2.52579
967.30000,-1.17217,1.35664,2.49254
967.35000,-1.17220,1.35666,2.45812
967.40000,-1.17223,1.35669,2.42300
967.45000,-1.17225,1.35671,2.38803
967.50000,-1.17228,1.35674,2.35349
967.55000,-1.17230,1.35676,2.31913
967.60000,-1.17233,1.35679,2.28488
967.65000,-1.17236,1.35682,2.25069
967.70000,-1.17238,1.35685,2.21662
967.75000,-1.17240,1.35688,2.18270
967.80000,-1.17243,1.35692,2.14906
967.85000,-1.17245,1.35696,2.11577
967.90000,-1.17247,1.35700,2.08279
967.95000,-1.17250,1.35704,2.05012
968.00000,-1.17252,1.35709,2.01783
968.05000,-1.17254,1.35713,1.98544
968.10000,-1.17256,1.35718,1.95217
968.15000,-1.17258,1.35724,1.91744
968.20000,-1.17260,1.35729,1.88086
968.25000,-1.17262,1.35734,1.84254
968.30000,-1.17263,1.35739,1.80295
968.35000,-1.17264,1.35745,1.76273
968.40000,-1.17265,1.35750,1.72252
968.45000,-1.17266,1.35756,1.68272
968.50000,-1.17266,1.35762,1.64348
968.55000,-1.17267,1.35768,1.60507
968.60000,-1.17267,1.35774,1.56744
968.65000,-1.17267,1.35780,1.53026
968.70000,-1.17266,1.35787,1.49278
968.75000,-1.17266,1.35795,1.45444
968.80000,-1.17264,1.35802,1.41498
968.85000,-1.17263,1.35810,1.37425
968.90000,-1.17261,1.35818,1.33213
968.95000,-1.17259,1.35827,1.28874
969.00000,-1.17256,1.35836,1.24431
969.05000,-1.17253,1.35845,1.19920
969.10000,-1.17249,1.35855,1.15394
969.15000,-1.17244,1.35864,1.10897
969.20000,-1.17240,1.35873,1.06445
969.25000,-1.17234,1.35882,1.02039
969.30000,-1.17229,1.35891,0.97691
969.35000,-1.17223,1.35900,0.93430
969.40000,-1.17216,1.35908,0.89284
969.45000,-1.17209,1.35917,0.85225
969.50000,-1.17201,1.35926,0.81192
969.55000,-1.17192,1.35935,0.77150
969.60000,-1.17208,1.35916,0.72944
969.65000,-1.17235,1.35889,0.68646
969.70000,-1.17290,1.35845,0.64182
969.75000,-1.17351,1.35800,0.59678
969.80000,-1.17377,1.35782,0.55306
969.85000,-1.17369,1.35783,0.51097
969.90000,-1.17358,1.35787,0.46936
969.95000,-1.17397,1.35766,0.42614
970.00000,-1.17451,1.35742,0.38331
970.05000,-1.17523,1.35715,0.34065
970.10000,-1.17581,1.35695,0.29918
970.15000,-1.17643,1.35677,0.25830
970.20000,-1.17538,1.35729,0.21816
970.25000,-1.16926,1.35859,0.17983
970.30000,-1.16062,1.35999,0.14045
970.35000,-1.15168,1.36107,0.10042
970.40000,-1.14270,1.36180,0.06095
970.45000,-1.13368,1.36217,0.02211
970.50000,-1.12464,1.36220,-0.01609
970.55000,-1.11558,1.36188,-0.05327
970.60000,-1.10649,1.36123,-0.08871
970.65000,-1.09739,1.36027,-0.12216
970.70000,-1.08827,1.35900,-0.15322
970.75000,-1.07912,1.35745,-0.18162
970.80000,-1.06995,1.35564,-0.20732
970.85000,-1.06077,1.35360,-0.23037
970.90000,-1.05186,1.35151,-0.25304
970.95000,-1.04717,1.35107,-0.27485
971.00000,-1.04738,1.35114,-0.29187
971.05000,-1.04765,1.35123,-0.30799
971.10000,-1.04795,1.35132,-0.32462
971.15000,-1.04824,1.35141,-0.34194
971.20000,-1.04855,1.35152,-0.35960
971.25000,-1.04884,1.35162,-0.37738
971.30000,-1.04910,1.35172,-0.39479
971.35000,-1.04934,1.35181,-0.41154
971.40000,-1.04958,1.35191,-0.42748
971.45000,-1.04979,1.35200,-0.44258
971.50000,-1.04999,1.35209,-0.45694
971.55000,-1.05016,1.35218,-0.47074
971.60000,-1.05034,1.35227,-0.48451
971.65000,-1.05051,1.35236,-0.49843
971.70000,-1.05068,1.35245,-0.51271
971.75000,-1.05085,1.35255,-0.52741
971.80000,-1.05103,1.35265,-0.54242
971.85000,-1.05120,1.35276,-0.55794
971.90000,-1.05138,1.35287,-0.57410
971.95000,-1.04969,1.35127,-0.59000
972.00000,-1.04293,1.34636,-0.60538
972.05000,-1.03511,1.34084,-0.62309
972.10000,-1.02738,1.33518,-0.64031
972.15000,-1.01973,1.32938,-0.65681
972.20000,-1.01236,1.32370,-0.67312
972.25000,-1.00913,1.32174,-0.68916
972.30000,-1.00918,1.32178,-0.70281
972.35000,-1.00925,1.32184,-0.71763
972.40000,-1.00929,1.32187,-0.73258
972.45000,-1.00936,1.32193,-0.74710
972.50000,-1.00943,1.32199,-0.76110
972.55000,-1.00944,1.32200,-0.77488
972.60000,-1.00941,1.32197,-0.78842
972.65000,-1.00932,1.32187,-0.80221
972.70000,-1.00924,1.32179,-0.81572
972.75000,-1.00916,1.32171,-0.82894
972.80000,-1.00914,1.32169,-0.84147
972.85000,-1.00908,1.32162,-0.85439
972.90000,-1.00892,1.32144,-0.86769
972.95000,-1.00872,1.32121,-0.88098
973.00000,-1.00861,1.32107,-0.89321
973.05000,-1.00853,1.32096,-0.90445
973.10000,-1.00845,1.32087,-0.91509
973.15000,-1.00833,1.32071,-0.92576
973.20000,-1.00812,1.32044,-0.93667
973.25000,-1.00797,1.32023,-0.94654
973.30000,-1.00783,1.32005,-0.95574
973.35000,-1.00772,1.31989,-0.96427
973.40000,-1.00761,1.31973,-0.97217
973.45000,-1.00751,1.31958,-0.97961
973.50000,-1.00735,1.31936,-0.98726
973.55000,-1.00721,1.31916,-0.99468
973.60000,-1.00708,1.31896,-1.00216
973.65000,-1.00691,1.31869,-1.00995
973.70000,-1.00670,1.31835,-1.01751
973.75000,-1.00652,1.31803,-1.02525
973.80000,-1.00632,1.31769,-1.03297
973.85000,-1.00608,1.31729,-1.04099
973.90000,-1.00583,1.31687,-1.04913
973.95000,-1.00553,1.31636,-1.05713
974.00000,-1.00356,1.31353,-1.06492
974.05000,-0.99901,1.30538,-1.07222
974.10000,-0.99432,1.29671,-1.08010
974.15000,-0.98958,1.28787,-1.08860
974.20000,-0.98872,1.28434,-1.09421
974.25000,-0.98842,1.28372,-1.10055
974.30000,-0.98812,1.28313,-1.10661
974.35000,-0.98782,1.28254,-1.11201
974.40000,-0.98752,1.28195,-1.11711
974.45000,-0.98723,1.28137,-1.12173
974.50000,-0.98693,1.28075,-1.12637
974.55000,-0.98664,1.28014,-1.13100
974.60000,-0.98633,1.27947,-1.13519
974.65000,-0.98601,1.27881,-1.13952
974.70000,-0.98566,1.27807,-1.14363
974.75000,-0.98530,1.27728,-1.14820
974.80000,-0.98493,1.27647,-1.15289
974.85000,-0.98454,1.27558,-1.15726
974.90000,-0.98412,1.27463,-1.16115
974.95000,-0.98221,1.27128,-1.16470
975.00000,-0.97840,1.26262,-1.16841
975.05000,-0.97450,1.25344,-1.17217
975.10000,-0.97065,1.24427,-1.17561
975.15000,-0.96689,1.23527,-1.17929
975.20000,-0.96409,1.22725,-1.18213
975.25000,-0.96371,1.22451,-1.18440
975.30000,-0.96339,1.22372,-1.18615
975.35000,-0.96307,1.22294,-1.18764
975.40000,-0.96276,1.22216,-1.18908
975.45000,-0.96244,1.22135,-1.19051
975.50000,-0.96210,1.22051,-1.19193
975.55000,-0.96175,1.21963,-1.19335
975.60000,-0.96008,1.21701,-1.19384
975.65000,-0.95648,1.20925,-1.19503
975.70000,-0.95282,1.19996,-1.19641
975.75000,-0.94917,1.19065,-1.19772
975.80000,-0.94553,1.18134,-1.19889
975.85000,-0.94190,1.17202,-1.19982
975.90000,-0.93828,1.16270,-1.20041
975.95000,-0.93466,1.15338,-1.20057
976.00000,-0.93104,1.14405,-1.20072
976.05000,-0.92838,1.13570,-1.20003
976.10000,-0.92812,1.13308,-1.19885
976.15000,-0.92789,1.13248,-1.19715
976.20000,-0.92765,1.13188,-1.19529
976.25000,-0.92742,1.13128,-1.19319
976.30000,-0.92716,1.13063,-1.19116
976.35000,-0.92689,1.12997,-1.18912
976.40000,-0.92663,1.12932,-1.18707
976.45000,-0.92637,1.12866,-1.18501
976.50000,-0.92482,1.12660,-1.18204
976.55000,-0.92114,1.12075,-1.17937
976.60000,-0.91733,1.11444,-1.17682
976.65000,-0.91350,1.10811,-1.17416
976.70000,-0.90965,1.10173,-1.17139
976.75000,-0.90578,1.09531,-1.16851
976.80000,-0.90189,1.08886,-1.16551
976.85000,-0.89798,1.08237,-1.16240
976.90000,-0.89404,1.07583,-1.15917
976.95000,-0.89008,1.06925,-1.15579
977.00000,-0.88604,1.06149,-1.15277
977.05000,-0.88194,1.05242,-1.14982
977.10000,-0.87781,1.04323,-1.14630
977.15000,-0.87366,1.03408,-1.14225
977.20000,-0.86944,1.02487,-1.13783
977.25000,-0.86674,1.01720,-1.13245
977.30000,-0.86654,1.01492,-1.12550
977.35000,-0.86634,1.01446,-1.11711
977.40000,-0.86613,1.01405,-1.10832
977.45000,-0.86593,1.01364,-1.09949
977.50000,-0.86572,1.01323,-1.09081
977.55000,-0.86554,1.01289,-1.08266
977.60000,-0.86534,1.01250,-1.07492
977.65000,-0.86518,1.01220,-1.06802
977.70000,-0.86339,1.01006,-1.06093
977.75000,-0.85873,1.00257,-1.05538
977.80000,-0.85375,0.99384,-1.04998
977.85000,-0.84875,0.98517,-1.04428
977.90000,-0.84365,0.97645,-1.03734
977.95000,-0.83853,0.96785,-1.02955
978.00000,-0.83706,0.96385,-1.02007
978.05000,-0.83693,0.96361,-1.00981
978.10000,-0.83684,0.96347,-0.99986
978.15000,-0.83674,0.96333,-0.99108
978.20000,-0.83510,0.96148,-0.98191
978.25000,-0.82985,0.95405,-0.97500
978.30000,-0.82419,0.94576,-0.96925
978.35000,-0.81850,0.93752,-0.96346
978.40000,-0.81276,0.92932,-0.95732
978.45000,-0.80697,0.92116,-0.95094
978.50000,-0.80114,0.91304,-0.94439
978.55000,-0.79523,0.90493,-0.93767
978.60000,-0.78929,0.89688,-0.93049
978.65000,-0.78327,0.88887,-0.92267
978.70000,-0.77719,0.88092,-0.91414
978.75000,-0.77105,0.87302,-0.90448
978.80000,-0.76487,0.86516,-0.89473
978.85000,-0.76258,0.86138,-0.88415
978.90000,-0.76247,0.86119,-0.86988
978.95000,-0.76225,0.86091,-0.85537
979.00000,-0.76217,0.86082,-0.84390
979.05000,-0.76001,0.85857,-0.83221
979.10000,-0.75362,0.85161,-0.82359
979.15000,-0.74678,0.84428,-0.81611
979.20000,-0.73990,0.83703,-0.80822
979.25000,-0.73292,0.82978,-0.79895
979.30000,-0.72590,0.82264,-0.78906
979.35000,-0.71881,0.81558,-0.77832
979.40000,-0.71171,0.80855,-0.76759
979.45000,-0.70827,0.80520,-0.75774
979.50000,-0.70813,0.80506,-0.74305
979.55000,-0.70804,0.80498,-0.72883
979.60000,-0.70656,0.80355,-0.71494
979.65000,-0.70136,0.79847,-0.70122
979.70000,-0.69356,0.79195,-0.68982
979.75000,-0.68567,0.78552,-0.67817
979.80000,-0.67769,0.77916,-0.66481
979.85000,-0.66955,0.77276,-0.65063
979.90000,-0.66594,0.77069,-0.63806
979.95000,-0.66537,0.77031,-0.61654
980.00000,-0.66483,0.76993,-0.59473
980.05000,-0.66433,0.76959,-0.57448
980.10000,-0.66384,0.76928,-0.55541
980.15000,-0.66336,0.76898,-0.53730
980.20000,-0.66288,0.76870,-0.52001
980.25000,-0.66099,0.76713,-0.50473
980.30000,-0.65342,0.76257,-0.49043
980.35000,-0.64419,0.75775,-0.47374
980.40000,-0.63503,0.75304,-0.45759
980.45000,-0.63029,0.75192,-0.44343
980.50000,-0.62790,0.75147,-0.42362
980.55000,-0.62629,0.75094,-0.39727
980.60000,-0.62535,0.75056,-0.36589
980.65000,-0.62448,0.75022,-0.33297
980.70000,-0.62359,0.74993,-0.29944
980.75000,-0.62268,0.74967,-0.26492
980.80000,-0.62176,0.74943,-0.22966
980.85000,-0.62078,0.74922,-0.19328
980.90000,-0.61998,0.74907,-0.15682
980.95000,-0.61961,0.74902,-0.12118
981.00000,-0.61950,0.74901,-0.08563
981.05000,-0.61938,0.74900,-0.04927
981.10000,-0.61926,0.74899,-0.01215
981.15000,-0.61913,0.74899,0.02572
981.20000,-0.61900,0.74900,0.06431
981.25000,-0.61887,0.74901,0.10356
981.30000,-0.61874,0.74903,0.14342
981.35000,-0.61860,0.74905,0.18380
981.40000,-0.61847,0.74908,0.22399
981.45000,-0.61833,0.74911,0.26386
981.50000,-0.61819,0.74915,0.30341
981.55000,-0.61806,0.74920,0.34264
981.60000,-0.61793,0.74925,0.38154
981.65000,-0.61780,0.74930,0.42009
981.70000,-0.61767,0.74936,0.45828
981.75000,-0.61754,0.74943,0.49610
981.80000,-0.61741,0.74950,0.53352
981.85000,-0.61729,0.74958,0.57053
981.90000,-0.61717,0.74966,0.60711
981.95000,-0.61705,0.74974,0.64327
982.00000,-0.61694,0.74983,0.67897
982.05000,-0.61682,0.74993,0.71420
982.10000,-0.61671,0.75002,0.74895
982.15000,-0.61661,0.75013,0.78321
982.20000,-0.61651,0.75023,0.81696
982.25000,-0.61641,0.75034,0.85020
982.30000,-0.61631,0.75045,0.88292
982.35000,-0.61622,0.75057,0.91510
982.40000,-0.61613,0.75069,0.94674
982.45000,-0.61458,0.75256,0.97749
982.50000,-0.61011,0.75938,1.00474
982.55000,-0.60535,0.76715,1.03758
982.60000,-0.60080,0.77514,1.06982
982.65000,-0.59650,0.78329,1.10123
982.70000,-0.59247,0.79157,1.13271
982.75000,-0.58869,0.79997,1.16434
982.80000,-0.58519,0.80848,1.19603
982.85000,-0.58195,0.81710,1.22768
982.90000,-0.57899,0.82582,1.25924
982.95000,-0.57630,0.83464,1.29065
983.00000,-0.57389,0.84354,1.32184
983.05000,-0.57176,0.85251,1.35278
983.10000,-0.56990,0.86156,1.38341
983.15000,-0.56832,0.87066,1.41371
983.20000,-0.56701,0.87982,1.44363
983.25000,-0.56588,0.88979,1.47306
983.30000,-0.56506,0.89959,1.50048
983.35000,-0.56449,0.90979,1.52684
983.40000,-0.56419,0.91926,1.55146
983.45000,-0.56412,0.92869,1.57432
983.50000,-0.56425,0.93816,1.59537
983.55000,-0.56460,0.94810,1.61546
983.60000,-0.56512,0.95803,1.63204
983.65000,-0.56568,0.96780,1.64822
983.70000,-0.56585,0.97237,1.66316
983.75000,-0.56589,0.97276,1.67699
983.80000,-0.56592,0.97318,1.69141
983.85000,-0.56598,0.97365,1.70693
983.90000,-0.56657,0.97571,1.72152
983.95000,-0.56803,0.98428,1.73584
984.00000,-0.56977,0.99438,1.75269
984.05000,-0.57173,1.00457,1.76935
984.10000,-0.57384,1.01470,1.78530
984.15000,-0.57613,1.02483,1.80067
984.20000,-0.57851,1.03475,1.81464
984.25000,-0.58092,1.04450,1.82759
984.30000,-0.58241,1.05321,1.84118
984.35000,-0.58247,1.05526,1.85376
984.40000,-0.58253,1.05545,1.86463
984.45000,-0.58258,1.05565,1.87551
984.50000,-0.58263,1.05583,1.88715
984.55000,-0.58385,1.05789,1.89864
984.60000,-0.58688,1.06639,1.90927
984.65000,-0.59030,1.07595,1.92237
984.70000,-0.59382,1.08538,1.93466
984.75000,-0.59743,1.09469,1.94610
984.80000,-0.60114,1.10396,1.95716
984.85000,-0.60495,1.11319,1.96789
984.90000,-0.60887,1.12237,1.97832
984.95000,-0.61287,1.13152,1.98848
985.00000,-0.61697,1.14062,1.99839
985.05000,-0.62115,1.14969,2.00808
985.10000,-0.62543,1.15871,2.01759
985.15000,-0.62978,1.16770,2.02695
985.20000,-0.63423,1.17664,2.03620
985.25000,-0.63875,1.18554,2.04537
985.30000,-0.64335,1.19440,2.05450
985.35000,-0.64804,1.20322,2.06365
985.40000,-0.65280,1.21199,2.07284
985.45000,-0.65768,1.22077,2.08234
985.50000,-0.66262,1.22949,2.09211
985.55000,-0.66765,1.23815,2.10211
985.60000,-0.67283,1.24686,2.11289
985.65000,-0.67809,1.25549,2.12411
985.70000,-0.68352,1.26417,2.13650
985.75000,-0.68909,1.27283,2.14996
985.80000,-0.69481,1.28145,2.16470
985.85000,-0.70066,1.28998,2.18080
985.90000,-0.70670,1.29848,2.19938
985.95000,-0.71296,1.30690,2.22070
986.00000,-0.71938,1.31517,2.24482
986.05000,-0.72601,1.32348,2.26985
986.10000,-0.72818,1.32677,2.29591
986.15000,-0.72931,1.32801,2.32887
986.20000,-0.73006,1.32878,2.36695
986.25000,-0.73078,1.32946,2.40507
986.30000,-0.73149,1.33009,2.44216
986.35000,-0.73222,1.33068,2.47828
986.40000,-0.73294,1.33124,2.51322
986.45000,-0.73369,1.33178,2.54713
986.50000,-0.73441,1.33225,2.57974
986.55000,-0.73514,1.33272,2.61155
986.60000,-0.73631,1.33367,2.64123
986.65000,-0.74331,1.33765,2.66723
986.70000,-0.75226,1.34211,2.69442
986.75000,-0.76131,1.34631,2.72161
986.80000,-0.77047,1.35026,2.74864
986.85000,-0.77974,1.35396,2.77543
986.90000,-0.78911,1.35741,2.80177
986.95000,-0.79857,1.36062,2.82789
987.00000,-0.80810,1.36357,2.85358
987.05000,-0.81771,1.36629,2.87847
987.10000,-0.82754,1.36879,2.90322
987.15000,-0.83729,1.37104,2.92579
987.20000,-0.84719,1.37309,2.94679
987.25000,-0.85704,1.37494,2.96458
987.30000,-0.86688,1.37671,2.98149
987.35000,-0.87280,1.37696,2.99055
987.40000,-0.87605,1.37676,2.97758
987.45000,-0.87549,1.37670,2.94941
987.50000,-0.87503,1.37663,2.92653
987.55000,-0.87490,1.37661,2.91232
987.60000,-0.87491,1.37661,2.90394
987.65000,-0.87496,1.37662,2.89939
987.70000,-0.87499,1.37663,2.89688
987.75000,-0.87504,1.37664,2.89543
987.80000,-0.87508,1.37665,2.89447
987.85000,-0.87514,1.37667,2.89380
987.90000,-0.87520,1.37668,2.89330
987.95000,-0.87526,1.37670,2.89283
988.00000,-0.87533,1.37671,2.89224
988.05000,-0.87539,1.37673,2.89146
988.10000,-0.87546,1.37675,2.89025
988.15000,-0.87553,1.37677,2.88829
988.20000,-0.87560,1.37678,2.88548
988.25000,-0.87567,1.37680,2.88193
988.30000,-0.87574,1.37682,2.87776
988.35000,-0.87581,1.37684,2.87315
988.40000,-0.87588,1.37686,2.86841
988.45000,-0.87596,1.37688,2.86372
988.50000,-0.87604,1.37691,2.85909
988.55000,-0.87613,1.37693,2.85451
988.60000,-0.87622,1.37696,2.84994
988.65000,-0.87631,1.37699,2.84536
988.70000,-0.87640,1.37701,2.84078
988.75000,-0.87650,1.37704,2.83620
988.80000,-0.87660,1.37708,2.83158
988.85000,-0.87670,1.37711,2.82688
988.90000,-0.87680,1.37714,2.82182
988.95000,-0.87691,1.37718,2.81624
989.00000,-0.87701,1.37721,2.81008
989.05000,-0.87712,1.37725,2.80338
989.10000,-0.87723,1.37729,2.79616
989.15000,-0.87734,1.37733,2.78848
989.20000,-0.87744,1.37737,2.78037
989.25000,-0.87755,1.37741,2.77191
989.30000,-0.87766,1.37745,2.76313
989.35000,-0.87777,1.37750,2.75414
989.40000,-0.87788,1.37754,2.74509
989.45000,-0.87800,1.37759,2.73599
989.50000,-0.87811,1.37764,2.72684
989.55000,-0.87823,1.37769,2.71766
989.60000,-0.87834,1.37775,2.70848
989.65000,-0.87846,1.37780,2.69933
989.70000,-0.87858,1.37786,2.69026
989.75000,-0.87870,1.37792,2.68135
989.80000,-0.87882,1.37798,2.67264
989.85000,-0.87894,1.37804,2.66422
989.90000,-0.87906,1.37810,2.65612
989.95000,-0.87918,1.37817,2.64841
990.00000,-0.87930,1.37823,2.64115
990.05000,-0.87942,1.37830,2.63434
990.10000,-0.88077,1.37946,2.62699
990.15000,-0.88725,1.38395,2.61934
990.20000,-0.89585,1.38894,2.61254
990.25000,-0.90431,1.39393,2.60469
990.30000,-0.91274,1.39896,2.59672
990.35000,-0.91976,1.40259,2.58768
990.40000,-0.92084,1.40269,2.57787
990.45000,-0.92090,1.40273,2.56753
990.50000,-0.92097,1.40278,2.55695
990.55000,-0.92105,1.40285,2.54646
990.60000,-0.92115,1.40292,2.53641
990.65000,-0.92127,1.40299,2.52621
990.70000,-0.92131,1.40303,2.51643
990.75000,-0.92138,1.40309,2.50660
990.80000,-0.92353,1.40506,2.49678
990.85000,-0.93082,1.41063,2.48788
990.90000,-0.93864,1.41668,2.47834
990.95000,-0.94634,1.42277,2.46796
991.00000,-0.95396,1.42892,2.45710
991.05000,-0.96152,1.43509,2.44614
991.10000,-0.96486,1.43719,2.43459
991.15000,-0.96488,1.43721,2.42306
991.20000,-0.96503,1.43735,2.41007
991.25000,-0.96536,1.43765,2.39734
991.30000,-0.96569,1.43796,2.38476
991.35000,-0.96787,1.44007,2.37267
991.40000,-0.97434,1.44643,2.36149
991.45000,-0.98127,1.45335,2.34934
991.50000,-0.98811,1.46037,2.33715
991.55000,-0.99492,1.46752,2.32506
991.60000,-1.00167,1.47479,2.31301
991.65000,-1.00825,1.48205,2.30045
991.70000,-1.01477,1.48944,2.28788
991.75000,-1.02125,1.49697,2.27512
991.80000,-1.02754,1.50447,2.26206
991.85000,-1.03374,1.51207,2.24861
991.90000,-1.03985,1.51978,2.23511
991.95000,-1.04589,1.52761,2.22195
992.00000,-1.05180,1.53549,2.20858
992.05000,-1.05750,1.54331,2.19476
992.10000,-1.06308,1.55119,2.18113
992.15000,-1.06856,1.55916,2.16766
992.20000,-1.07393,1.56720,2.15432
992.25000,-1.07919,1.57532,2.14122
992.30000,-1.08436,1.58351,2.12846
992.35000,-1.08942,1.59177,2.11606
992.40000,-1.09439,1.60011,2.10409
992.45000,-1.09926,1.60851,2.09253
992.50000,-1.10405,1.61697,2.08140
992.55000,-1.10875,1.62549,2.07070
992.60000,-1.11336,1.63408,2.06046
992.65000,-1.11789,1.64271,2.05065
992.70000,-1.12235,1.65141,2.04121
992.75000,-1.12672,1.66014,2.03209
992.80000,-1.13105,1.66896,2.02336
992.85000,-1.13529,1.67779,2.01473
992.90000,-1.13944,1.68665,2.00635
992.95000,-1.14353,1.69556,1.99817
993.00000,-1.14754,1.70450,1.99027
993.05000,-1.15150,1.71349,1.98290
993.10000,-1.15541,1.72252,1.97604
993.15000,-1.15927,1.73158,1.97011
993.20000,-1.16309,1.74069,1.96500
993.25000,-1.16687,1.74984,1.96086
993.30000,-1.17062,1.75902,1.95745
993.35000,-1.17437,1.76824,1.95525
993.40000,-1.17810,1.77748,1.95382
993.45000,-1.18183,1.78675,1.95269
993.50000,-1.18556,1.79604,1.95255
993.55000,-1.18929,1.80532,1.95270
993.60000,-1.19301,1.81460,1.95310
993.65000,-1.19675,1.82387,1.95374
993.70000,-1.20049,1.83315,1.95473
993.75000,-1.20424,1.84242,1.95623
993.80000,-1.20802,1.85170,1.95844
993.85000,-1.21183,1.86100,1.96182
993.90000,-1.21558,1.87013,1.96485
993.95000,-1.21655,1.87514,1.97093
994.00000,-1.21665,1.87553,1.97899
994.05000,-1.21670,1.87565,1.99014
994.10000,-1.21674,1.87573,2.00166
994.15000,-1.21686,1.87601,2.01478
994.20000,-1.21694,1.87617,2.03068
994.25000,-1.21705,1.87643,2.04724
994.30000,-1.21723,1.87675,2.06473
994.35000,-1.21746,1.87719,2.08354
994.40000,-1.21771,1.87764,2.10372
994.45000,-1.21800,1.87811,2.12540
994.50000,-1.21834,1.87867,2.14800
994.55000,-1.21872,1.87924,2.17189
994.60000,-1.21912,1.87983,2.19682
994.65000,-1.21955,1.88044,2.22276
994.70000,-1.22006,1.88109,2.24969
994.75000,-1.22060,1.88176,2.27749
994.80000,-1.22116,1.88241,2.30592
994.85000,-1.22155,1.88283,2.33368
994.90000,-1.22207,1.88338,2.36279
994.95000,-1.22248,1.88377,2.39155
995.00000,-1.22267,1.88394,2.41953
995.05000,-1.22287,1.88412,2.44797
995.10000,-1.22311,1.88431,2.47671
995.15000,-1.22335,1.88450,2.50555
995.20000,-1.22360,1.88468,2.53430
995.25000,-1.22387,1.88485,2.56285
995.30000,-1.22413,1.88502,2.59115
995.35000,-1.22440,1.88518,2.61922
995.40000,-1.22468,1.88534,2.64703
995.45000,-1.22496,1.88549,2.67464
995.50000,-1.22526,1.88563,2.70212
995.55000,-1.22556,1.88577,2.72954
995.60000,-1.22589,1.88590,2.75699
995.65000,-1.22623,1.88604,2.78456
995.70000,-1.22660,1.88617,2.81231
995.75000,-1.22700,1.88630,2.84023
995.80000,-1.22743,1.88643,2.86820
995.85000,-1.22788,1.88655,2.89608
995.90000,-1.22834,1.88666,2.92378
995.95000,-1.22881,1.88675,2.95120
996.00000,-1.22928,1.88684,2.97829
996.05000,-1.22976,1.88691,3.00505
996.10000,-1.23024,1.88697,3.03148
996.15000,-1.23072,1.88702,3.05766
996.20000,-1.23122,1.88705,3.08364
996.25000,-1.23173,1.88707,3.10950
996.30000,-1.23226,1.88708,3.13528
996.35000,-1.23282,1.88708,-3.12215
996.40000,-1.23342,1.88706,-3.09643
996.45000,-1.23404,1.88702,-3.07082
996.50000,-1.23469,1.88697,-3.04541
996.55000,-1.23534,1.88690,-3.02028
996.60000,-1.23600,1.88681,-2.99550
996.65000,-1.23665,1.88671,-2.97110
996.70000,-1.23729,1.88659,-2.94708
996.75000,-1.23959,1.88572,-2.92304
996.80000,-1.24816,1.88363,-2.90144
996.85000,-1.25784,1.88114,-2.87857
996.90000,-1.26747,1.87843,-2.85631
996.95000,-1.27708,1.87550,-2.83443
997.00000,-1.28682,1.87231,-2.81229
997.05000,-1.29625,1.86898,-2.79162
997.10000,-1.30561,1.86546,-2.77140
997.15000,-1.31490,1.86175,-2.75157
997.20000,-1.32411,1.85786,-2.73217
997.25000,-1.33324,1.85379,-2.71336
997.30000,-1.34253,1.84945,-2.69397
997.35000,-1.35191,1.84484,-2.67456
997.40000,-1.36118,1.84008,-2.65609
997.45000,-1.37035,1.83516,-2.63866
997.50000,-1.37939,1.83010,-2.62265
997.55000,-1.38836,1.82489,-2.60772
997.60000,-1.39722,1.81958,-2.59432
997.65000,-1.40596,1.81419,-2.58268
997.70000,-1.41462,1.80872,-2.57269
997.75000,-1.42318,1.80320,-2.56422
997.80000,-1.43172,1.79768,-2.55613
997.85000,-1.43905,1.79336,-2.54765
997.90000,-1.44071,1.79299,-2.54127
997.95000,-1.44087,1.79288,-2.53803
998.00000,-1.44106,1.79277,-2.53413
998.05000,-1.44126,1.79264,-2.52974
998.10000,-1.44146,1.79252,-2.52567
998.15000,-1.44165,1.79241,-2.52205
998.20000,-1.44182,1.79230,-2.51887
998.25000,-1.44198,1.79219,-2.51610
998.30000,-1.44214,1.79209,-2.51371
998.35000,-1.44230,1.79199,-2.51119
998.40000,-1.44247,1.79187,-2.50822
998.45000,-1.44265,1.79175,-2.50456
998.50000,-1.44395,1.79044,-2.50127
998.55000,-1.44971,1.78538,-2.49664
998.60000,-1.45779,1.77927,-2.49105
998.65000,-1.46582,1.77313,-2.48622
998.70000,-1.47364,1.76713,-2.48150
998.75000,-1.47698,1.76524,-2.47715
998.80000,-1.47702,1.76522,-2.47979
998.85000,-1.47701,1.76523,-2.48448
998.90000,-1.47698,1.76525,-2.48947
998.95000,-1.47695,1.76528,-2.49450
999.00000,-1.47693,1.76529,-2.49914
999.05000,-1.47692,1.76530,-2.50300
999.10000,-1.47695,1.76529,-2.50607
999.15000,-1.47700,1.76526,-2.50791
999.20000,-1.47705,1.76522,-2.50907
999.25000,-1.47714,1.76515,-2.50900
999.30000,-1.47867,1.76375,-2.50783
999.35000,-1.48477,1.75850,-2.50614
999.40000,-1.49282,1.75256,-2.50611
999.45000,-1.50087,1.74661,-2.50610
999.50000,-1.50816,1.74143,-2.50577
999.55000,-1.51120,1.73980,-2.50633
999.60000,-1.51207,1.73917,-2.51437
999.65000,-1.51220,1.73910,-2.52786
999.70000,-1.51194,1.73929,-2.54348
999.75000,-1.51172,1.73944,-2.55780
999.80000,-1.51153,1.73956,-2.57043
999.85000,-1.51135,1.73968,-2.58129
999.90000,-1.51125,1.73975,-2.59021
999.95000,-1.51119,1.73978,-2.59703
1000.00000,-1.51117,1.73980,-2.60204
1000.05000,-1.51315,1.73807,-2.60628
1000.10000,-1.52042,1.73326,-2.60911
1000.15000,-1.52902,1.72820,-2.61067
1000.20000,-1.53758,1.72320,-2.61442
1000.25000,-1.54605,1.71830,-2.61821
1000.30000,-1.54984,1.71702,-2.62193
1000.35000,-1.55035,1.71702,-2.63692
1000.40000,-1.54996,1.71722,-2.65829
1000.45000,-1.54957,1.71742,-2.67925
1000.50000,-1.54921,1.71758,-2.69860
1000.55000,-1.54890,1.71772,-2.71532
1000.60000,-1.54867,1.71782,-2.72938
1000.65000,-1.54850,1.71789,-2.74027
1000.70000,-1.54961,1.71669,-2.75054
1000.75000,-1.55603,1.71312,-2.75846
1000.80000,-1.56519,1.70946,-2.76551
1000.85000,-1.57433,1.70584,-2.77231
1000.90000,-1.57918,1.70489,-2.77821
1000.95000,-1.57941,1.70503,-2.79510
1001.00000,-1.57899,1.70518,-2.81753
1001.05000,-1.57855,1.70531,-2.83977
1001.10000,-1.57808,1.70545,-2.86138
1001.15000,-1.57763,1.70557,-2.88242
1001.20000,-1.57741,1.70559,-2.90375
1001.25000,-1.57728,1.70558,-2.92575
1001.30000,-1.57705,1.70562,-2.94542
1001.35000,-1.57681,1.70563,-2.96273
1001.40000,-1.57656,1.70568,-2.97681
1001.45000,-1.57799,1.70504,-2.98960
1001.50000,-1.58554,1.70367,-3.00047
1001.55000,-1.59532,1.70232,-3.00821
1001.60000,-1.60507,1.70105,-3.01755
1001.65000,-1.61473,1.69989,-3.02960
1001.70000,-1.62435,1.69880,-3.04140
1001.75000,-1.62916,1.69863,-3.05204
1001.80000,-1.63029,1.69861,-3.06639
1001.85000,-1.63041,1.69861,-3.08342
1001.90000,-1.63198,1.69843,-3.10044
1001.95000,-1.63866,1.69812,-3.11537
1002.00000,-1.64844,1.69788,-3.11829
1002.05000,-1.65842,1.69765,-3.11846
1002.10000,-1.66843,1.69742,-3.11740
1002.15000,-1.67844,1.69716,-3.11535
1002.20000,-1.68848,1.69689,-3.11215
1002.25000,-1.69854,1.69657,-3.10812
1002.30000,-1.70858,1.69621,-3.10280
1002.35000,-1.71844,1.69583,-3.09727
1002.40000,-1.72703,1.69565,-3.09153
1002.45000,-1.72890,1.69562,-3.08557
1002.50000,-1.72904,1.69562,-3.07776
1002.55000,-1.72915,1.69561,-3.06753
1002.60000,-1.72924,1.69560,-3.05367
1002.65000,-1.72960,1.69558,-3.03486
1002.70000,-1.72992,1.69556,-3.01362
1002.75000,-1.73039,1.69552,-2.99033
1002.80000,-1.73059,1.69551,-2.96733
1002.85000,-1.73112,1.69543,-2.94248
1002.90000,-1.73177,1.69533,-2.91670
1002.95000,-1.73209,1.69528,-2.89097
1003.00000,-1.73235,1.69523,-2.86418
1003.05000,-1.73286,1.69516,-2.83427
1003.10000,-1.73308,1.69509,-2.80428
1003.15000,-1.73327,1.69504,-2.77294
1003.20000,-1.73391,1.69481,-2.73878
1003.25000,-1.73423,1.69471,-2.70510
1003.30000,-1.73490,1.69441,-2.67105
1003.35000,-1.73485,1.69449,-2.63911
1003.40000,-1.73510,1.69437,-2.61042
1003.45000,-1.73526,1.69436,-2.58177
1003.50000,-1.73541,1.69429,-2.55591
1003.55000,-1.73574,1.69408,-2.53208
1003.60000,-1.73582,1.69405,-2.50845
1003.65000,-1.73584,1.69403,-2.48574
1003.70000,-1.73593,1.69397,-2.46169
1003.75000,-1.73619,1.69375,-2.43750
1003.80000,-1.73669,1.69333,-2.41222
1003.85000,-1.73726,1.69285,-2.38600
1003.90000,-1.73766,1.69249,-2.35907
1003.95000,-1.73803,1.69215,-2.33132
1004.00000,-1.73831,1.69187,-2.30203
1004.05000,-1.73877,1.69138,-2.27240
1004.10000,-1.73920,1.69087,-2.24154
1004.15000,-1.73948,1.69052,-2.21156
1004.20000,-1.73995,1.68988,-2.17998
1004.25000,-1.74058,1.68896,-2.14747
1004.30000,-1.74102,1.68826,-2.11622
1004.35000,-1.74134,1.68774,-2.08623
1004.40000,-1.74168,1.68716,-2.05621
1004.45000,-1.74185,1.68683,-2.02744
1004.50000,-1.74201,1.68649,-1.99839
1004.55000,-1.74216,1.68614,-1.96879
1004.60000,-1.74232,1.68575,-1.93834
1004.65000,-1.74247,1.68535,-1.90712
1004.70000,-1.74261,1.68491,-1.87521
1004.75000,-1.74275,1.68443,-1.84267
1004.80000,-1.74289,1.68392,-1.80959
1004.85000,-1.74301,1.68337,-1.77603
1004.90000,-1.74312,1.68277,-1.74207
1004.95000,-1.74322,1.68213,-1.70778
1005.00000,-1.74331,1.68144,-1.67324
1005.05000,-1.74337,1.68070,-1.63852
1005.10000,-1.74341,1.67990,-1.60366
1005.15000,-1.74342,1.67905,-1.56873
1005.20000,-1.74340,1.67813,-1.53378
1005.25000,-1.74335,1.67715,-1.49885
1005.30000,-1.74326,1.67610,-1.46402
1005.35000,-1.74312,1.67500,-1.42939
1005.40000,-1.74294,1.67388,-1.39510
1005.45000,-1.74272,1.67276,-1.36123
1005.50000,-1.74246,1.67164,-1.32765
1005.55000,-1.74217,1.67053,-1.29406
1005.60000,-1.74184,1.66943,-1.26047
1005.65000,-1.74147,1.66835,-1.22690
1005.70000,-1.74107,1.66728,-1.19336
1005.75000,-1.74062,1.66620,-1.15989
1005.80000,-1.74011,1.66509,-1.12664
1005.85000,-1.73954,1.66394,-1.09370
1005.90000,-1.73890,1.66275,-1.06108
1005.95000,-1.73819,1.66152,-1.02881
1006.00000,-1.73740,1.66025,-0.99694
1006.05000,-1.73652,1.65895,-0.96552
1006.10000,-1.73378,1.65521,-0.93622
1006.15000,-1.72829,1.64799,-0.90899
1006.20000,-1.72203,1.64019,-0.87905
1006.25000,-1.71554,1.63259,-0.84955
1006.30000,-1.70882,1.62517,-0.82060
1006.35000,-1.70190,1.61796,-0.79220
1006.40000,-1.69478,1.61094,-0.76436
1006.45000,-1.68747,1.60412,-0.73709
1006.50000,-1.67998,1.59749,-0.71038
1006.55000,-1.67231,1.59107,-0.68418
1006.60000,-1.66448,1.58485,-0.65843
1006.65000,-1.65649,1.57884,-0.63308
1006.70000,-1.64836,1.57302,-0.60810
1006.75000,-1.64008,1.56741,-0.58349
1006.80000,-1.63167,1.56200,-0.55921
1006.85000,-1.62313,1.55680,-0.53530
1006.90000,-1.61447,1.55180,-0.51186
1006.95000,-1.60570,1.54700,-0.48895
1007.00000,-1.59682,1.54240,-0.46655
1007.05000,-1.58784,1.53800,-0.44467
1007.10000,-1.57877,1.53380,-0.42330
1007.15000,-1.56961,1.52979,-0.40244
1007.20000,-1.56033,1.52594,-0.38193
1007.25000,-1.55096,1.52229,-0.36190
1007.30000,-1.54158,1.51884,-0.34271
1007.35000,-1.53186,1.51548,-0.32278
1007.40000,-1.52211,1.51232,-0.30349
1007.45000,-1.51208,1.50930,-0.28377
1007.50000,-1.50199,1.50646,-0.26436
1007.55000,-1.49185,1.50382,-0.24532
1007.60000,-1.48167,1.50137,-0.22654
1007.65000,-1.47145,1.49912,-0.20790
1007.70000,-1.46119,1.49705,-0.18934
1007.75000,-1.45089,1.49518,-0.17084
1007.80000,-1.44056,1.49350,-0.15234
1007.85000,-1.43021,1.49200,-0.13386
1007.90000,-1.41983,1.49070,-0.11541
1007.95000,-1.40943,1.48960,-0.09703
1008.00000,-1.39901,1.48868,-0.07877
1008.05000,-1.38888,1.48797,-0.06209
1008.10000,-1.37891,1.48743,-0.04658
1008.15000,-1.36894,1.48704,-0.03148
1008.20000,-1.35896,1.48680,-0.01679
1008.25000,-1.34897,1.48671,-0.00255
1008.30000,-1.33899,1.48675,0.01126
1008.35000,-1.32901,1.48693,0.02460
1008.40000,-1.31903,1.48724,0.03747
1008.45000,-1.30905,1.48768,0.04987
1008.50000,-1.29909,1.48824,0.06183
1008.55000,-1.28913,1.48892,0.07359
1008.60000,-1.27917,1.48971,0.08544
1008.65000,-1.26923,1.49062,0.09747
1008.70000,-1.25929,1.49166,0.10968
1008.75000,-1.24938,1.49281,0.12210
1008.80000,-1.23947,1.49409,0.13473
1008.85000,-1.22959,1.49550,0.14738
1008.90000,-1.21972,1.49703,0.15970
1008.95000,-1.20987,1.49867,0.17148
1009.00000,-1.20005,1.50043,0.18262
1009.05000,-1.19024,1.50230,0.19299
1009.10000,-1.18045,1.50426,0.20266
1009.15000,-1.17066,1.50627,0.21231
1009.20000,-1.16564,1.50656,0.22238
1009.25000,-1.16527,1.50660,0.23005
1009.30000,-1.16508,1.50664,0.23611
1009.35000,-1.16491,1.50668,0.24061
1009.40000,-1.16470,1.50673,0.24369
1009.45000,-1.16445,1.50679,0.24569
1009.50000,-1.16419,1.50686,0.24659
1009.55000,-1.16392,1.50692,0.24648
1009.60000,-1.16363,1.50700,0.24542
1009.65000,-1.16333,1.50708,0.24351
1009.70000,-1.16299,1.50716,0.24097
1009.75000,-1.16261,1.50726,0.23786
1009.80000,-1.16221,1.50736,0.23443
1009.85000,-1.16175,1.50746,0.23012
1009.90000,-1.16124,1.50756,0.22536
1009.95000,-1.16074,1.50768,0.21969
1010.00000,-1.16013,1.50782,0.21339
1010.05000,-1.15956,1.50794,0.20658
1010.10000,-1.15880,1.50810,0.19949
1010.15000,-1.15810,1.50824,0.19191
1010.20000,-1.15731,1.50840,0.18396
1010.25000,-1.15643,1.50858,0.17601
1010.30000,-1.15554,1.50875,0.16804
1010.35000,-1.15464,1.50894,0.16004
1010.40000,-1.15394,1.50905,0.15186
1010.45000,-1.15312,1.50918,0.14306
1010.50000,-1.15259,1.50926,0.13362
1010.55000,-1.15212,1.50933,0.12378
1010.60000,-1.15132,1.50943,0.11417
1010.65000,-1.15051,1.50953,0.10413
1010.70000,-1.14954,1.50963,0.09345
1010.75000,-1.14839,1.50973,0.08232
1010.80000,-1.14716,1.50982,0.07087
1010.85000,-1.14586,1.50991,0.05913
1010.90000,-1.14449,1.50998,0.04715
1010.95000,-1.14304,1.51004,0.03493
1011.00000,-1.14151,1.51008,0.02250
1011.05000,-1.13988,1.51011,0.00989
1011.10000,-1.13818,1.51012,-0.00290
1011.15000,-1.13642,1.51010,-0.01584
1011.20000,-1.13465,1.51006,-0.02892
1011.25000,-1.13287,1.51000,-0.04214
1011.30000,-1.13108,1.50991,-0.05550
1011.35000,-1.12929,1.50980,-0.06900
1011.40000,-1.12750,1.50967,-0.08264
1011.45000,-1.12572,1.50951,-0.09641
1011.50000,-1.12393,1.50932,-0.11033
1011.55000,-1.12210,1.50910,-0.12439
1011.60000,-1.12022,1.50886,-0.13859
1011.65000,-1.11829,1.50857,-0.15291
1011.70000,-1.11629,1.50825,-0.16732
1011.75000,-1.11421,1.50789,-0.18180
1011.80000,-1.11205,1.50747,-0.19628
1011.85000,-1.11039,1.50710,-0.21058
1011.90000,-1.10862,1.50670,-0.22459
1011.95000,-1.10686,1.50628,-0.23918
1012.00000,-1.10494,1.50576,-0.25358
1012.05000,-1.10273,1.50516,-0.26771
1012.10000,-1.10048,1.50452,-0.28153
1012.15000,-1.09842,1.50390,-0.29613
1012.20000,-1.09634,1.50321,-0.31089
1012.25000,-1.09427,1.50250,-0.32582
1012.30000,-1.09219,1.50174,-0.34088
1012.35000,-1.09012,1.50096,-0.35613
1012.40000,-1.08806,1.50014,-0.37153
1012.45000,-1.08600,1.49929,-0.38715
1012.50000,-1.08392,1.49839,-0.40297
1012.55000,-1.08177,1.49743,-0.41875
1012.60000,-1.07940,1.49634,-0.43411
1012.65000,-1.07680,1.49511,-0.44915
1012.70000,-1.07437,1.49388,-0.46552
1012.75000,-1.07169,1.49250,-0.48123
1012.80000,-1.06909,1.49110,-0.49780
1012.85000,-1.06623,1.48951,-0.51371
1012.90000,-1.06307,1.48768,-0.52882
1012.95000,-1.05994,1.48581,-0.54426
1013.00000,-1.05680,1.48386,-0.55974
1013.05000,-1.05377,1.48190,-0.57588
1013.10000,-1.05072,1.47987,-0.59185
1013.15000,-1.04766,1.47775,-0.60759
1013.20000,-1.04230,1.47387,-0.62231
1013.25000,-1.03430,1.46804,-0.63652
1013.30000,-1.02630,1.46204,-0.65049
1013.35000,-1.01838,1.45593,-0.66444
1013.40000,-1.01055,1.44971,-0.67837
1013.45000,-1.00281,1.44338,-0.69227
1013.50000,-0.99516,1.43695,-0.70613
1013.55000,-0.98759,1.43041,-0.71995
1013.60000,-0.98012,1.42376,-0.73376
1013.65000,-0.97274,1.41701,-0.74753
1013.70000,-0.96545,1.41017,-0.76123
1013.75000,-0.95848,1.40340,-0.77598
1013.80000,-0.95164,1.39659,-0.79086
1013.85000,-0.94493,1.38968,-0.80553
1013.90000,-0.93825,1.38262,-0.81962
1013.95000,-0.93171,1.37551,-0.83377
1014.00000,-0.92527,1.36830,-0.84755
1014.05000,-0.91892,1.36102,-0.86094
1014.10000,-0.91267,1.35364,-0.87425
1014.15000,-0.90650,1.34617,-0.88740
1014.20000,-0.90043,1.33862,-0.90038
1014.25000,-0.89443,1.33097,-0.91323
1014.30000,-0.88852,1.32322,-0.92573
1014.35000,-0.88270,1.31539,-0.93810
1014.40000,-0.87695,1.30746,-0.95018
1014.45000,-0.87131,1.29949,-0.96159
1014.50000,-0.86574,1.29142,-0.97293
1014.55000,-0.86028,1.28332,-0.98366
1014.60000,-0.85489,1.27514,-0.99406
1014.65000,-0.84957,1.26688,-1.00415
1014.70000,-0.84435,1.25859,-1.01353
1014.75000,-0.83919,1.25024,-1.02249
1014.80000,-0.83409,1.24182,-1.03102
1014.85000,-0.82903,1.23331,-1.03921
1014.90000,-0.82406,1.22479,-1.04638
1014.95000,-0.81915,1.21624,-1.05291
1015.00000,-0.81428,1.20765,-1.05885
1015.05000,-0.80946,1.19901,-1.06413
1015.10000,-0.80467,1.19035,-1.06878
1015.15000,-0.79992,1.18165,-1.07280
1015.20000,-0.79520,1.17293,-1.07609
1015.25000,-0.79049,1.16417,-1.07860
1015.30000,-0.78579,1.15538,-1.08037
1015.35000,-0.78109,1.14657,-1.08139
1015.40000,-0.77639,1.13774,-1.08140
1015.45000,-0.77168,1.12891,-1.08086
1015.50000,-0.76696,1.12006,-1.08021
1015.55000,-0.76231,1.11134,-1.07943
1015.60000,-0.75850,1.10346,-1.07798
1015.65000,-0.75773,1.09896,-1.07442
1015.70000,-0.75742,1.09789,-1.06848
1015.75000,-0.75725,1.09758,-1.06057
1015.80000,-0.75704,1.09720,-1.05201
1015.85000,-0.75683,1.09683,-1.04315
1015.90000,-0.75662,1.09645,-1.03415
1015.95000,-0.75640,1.09607,-1.02497
1016.00000,-0.75617,1.09570,-1.01558
1016.05000,-0.75593,1.09531,-1.00591
1016.10000,-0.75569,1.09493,-0.99601
1016.15000,-0.75544,1.09455,-0.98594
1016.20000,-0.75520,1.09417,-0.97566
1016.25000,-0.75495,1.09381,-0.96536
1016.30000,-0.75469,1.09343,-0.95486
1016.35000,-0.75441,1.09304,-0.94412
1016.40000,-0.75413,1.09266,-0.93324
1016.45000,-0.75385,1.09228,-0.92224
1016.50000,-0.75356,1.09190,-0.91113
1016.55000,-0.75326,1.09152,-0.89992
1016.60000,-0.75296,1.09115,-0.88860
1016.65000,-0.75266,1.09078,-0.87718
1016.70000,-0.75235,1.09042,-0.86565
1016.75000,-0.75204,1.09005,-0.85402
1016.80000,-0.75172,1.08969,-0.84230
1016.85000,-0.75140,1.08934,-0.83045
1016.90000,-0.75107,1.08898,-0.81854
1016.95000,-0.75076,1.08865,-0.80642
1017.00000,-0.75044,1.08832,-0.79434
1017.05000,-0.75013,1.08800,-0.78216
1017.10000,-0.74980,1.08768,-0.76988
1017.15000,-0.74949,1.08738,-0.75751
1017.20000,-0.74915,1.08706,-0.74502
1017.25000,-0.74888,1.08681,-0.73245
1017.30000,-0.74870,1.08664,-0.71885
1017.35000,-0.74860,1.08655,-0.70330
1017.40000,-0.74850,1.08647,-0.68486
1017.45000,-0.74842,1.08641,-0.66327
1017.50000,-0.74834,1.08634,-0.63823
1017.55000,-0.74826,1.08629,-0.60960
1017.60000,-0.74818,1.08623,-0.57739
1017.65000,-0.74810,1.08618,-0.54181
1017.70000,-0.74802,1.08614,-0.50319
1017.75000,-0.74794,1.08609,-0.46197
1017.80000,-0.74785,1.08605,-0.41858
1017.85000,-0.74775,1.08601,-0.37344
1017.90000,-0.74764,1.08597,-0.32687
1017.95000,-0.74753,1.08594,-0.27916
1018.00000,-0.74742,1.08591,-0.23053
1018.05000,-0.74730,1.08588,-0.18126
1018.10000,-0.74717,1.08586,-0.13161
1018.15000,-0.74704,1.08585,-0.08196
1018.20000,-0.74691,1.08584,-0.03252
1018.25000,-0.74677,1.08584,0.01676
1018.30000,-0.74663,1.08584,0.06610
1018.35000,-0.74649,1.08586,0.11557
1018.40000,-0.74635,1.08588,0.16510
1018.45000,-0.74620,1.08591,0.21461
1018.50000,-0.74605,1.08594,0.26400
1018.55000,-0.74590,1.08599,0.31323
1018.60000,-0.74575,1.08604,0.36226
1018.65000,-0.74560,1.08610,0.41102
1018.70000,-0.74545,1.08617,0.45948
1018.75000,-0.74530,1.08625,0.50759
1018.80000,-0.74515,1.08634,0.55533
1018.85000,-0.74501,1.08643,0.60266
1018.90000,-0.74487,1.08653,0.64954
1018.95000,-0.74473,1.08664,0.69595
1019.00000,-0.74460,1.08676,0.74187
1019.05000,-0.74447,1.08688,0.78728
1019.10000,-0.74435,1.08701,0.83214
1019.15000,-0.74423,1.08714,0.87645
1019.20000,-0.74412,1.08728,0.92019
1019.25000,-0.74401,1.08743,0.96334
1019.30000,-0.74391,1.08758,1.00588
1019.35000,-0.74382,1.08774,1.04781
1019.40000,-0.74373,1.08790,1.08912
1019.45000,-0.74365,1.08806,1.12980
1019.50000,-0.74357,1.08823,1.16986
1019.55000,-0.74350,1.08841,1.20929
1019.60000,-0.74344,1.08858,1.24810
1019.65000,-0.74338,1.08876,1.28628
1019.70000,-0.74334,1.08894,1.32384
1019.75000,-0.74329,1.08912,1.36077
1019.80000,-0.74326,1.08931,1.39706
1019.85000,-0.74274,1.09100,1.43242
1019.90000,-0.74168,1.09864,1.46649
1019.95000,-0.74082,1.10841,1.50015
1020.00000,-0.74029,1.11839,1.53405
1020.05000,-0.74009,1.12839,1.56747
1020.10000,-0.74022,1.13839,1.60042
1020.15000,-0.74068,1.14838,1.63295
1020.20000,-0.74146,1.15834,1.66508
1020.25000,-0.74256,1.16828,1.69679
1020.30000,-0.74397,1.17818,1.72811
1020.35000,-0.74569,1.18803,1.75904
1020.40000,-0.74771,1.19783,1.78960
1020.45000,-0.75003,1.20755,1.81985
1020.50000,-0.75264,1.21721,1.84982
1020.55000,-0.75554,1.22678,1.87953
1020.60000,-0.75872,1.23626,1.90901
1020.65000,-0.76217,1.24564,1.93828
1020.70000,-0.76590,1.25492,1.96736
1020.75000,-0.76990,1.26409,1.99630
1020.80000,-0.77415,1.27314,2.02510
1020.85000,-0.77867,1.28206,2.05381
1020.90000,-0.78344,1.29084,2.08242
1020.95000,-0.78846,1.29949,2.11097
1021.00000,-0.79373,1.30799,2.13947
1021.05000,-0.79923,1.31634,2.16791
1021.10000,-0.80497,1.32453,2.19628
1021.15000,-0.81094,1.33255,2.22455
1021.20000,-0.81713,1.34041,2.25267
1021.25000,-0.82354,1.34808,2.28059
1021.30000,-0.83016,1.35557,2.30828
1021.35000,-0.83699,1.36288,2.33567
1021.40000,-0.84401,1.37000,2.36272
1021.45000,-0.85122,1.37693,2.38934
1021.50000,-0.85861,1.38367,2.41545
1021.55000,-0.86629,1.39033,2.44156
1021.60000,-0.87402,1.39668,2.46641
1021.65000,-0.88190,1.40284,2.49043
1021.70000,-0.88993,1.40881,2.51359
1021.75000,-0.89808,1.41459,2.53583
1021.80000,-0.90636,1.42020,2.55712
1021.85000,-0.91476,1.42563,2.57745
1021.90000,-0.92325,1.43089,2.59668
1021.95000,-0.93180,1.43607,2.61576
1022.00000,-0.93665,1.43781,2.63244
1022.05000,-0.93700,1.43798,2.64935
1022.10000,-0.93717,1.43807,2.66444
1022.15000,-0.93726,1.43812,2.67899
1022.20000,-0.93743,1.43821,2.69392
1022.25000,-0.93755,1.43827,2.70878
1022.30000,-0.93763,1.43831,2.72368
1022.35000,-0.93771,1.43834,2.73875
1022.40000,-0.93779,1.43837,2.75401
1022.45000,-0.93788,1.43841,2.76945
1022.50000,-0.93796,1.43844,2.78507
1022.55000,-0.93805,1.43847,2.80086
1022.60000,-0.93962,1.43952,2.81565
1022.65000,-0.94606,1.44244,2.82915
1022.70000,-0.95533,1.44544,2.84542
1022.75000,-0.96492,1.44829,2.86141
1022.80000,-0.97453,1.45105,2.87739
1022.85000,-0.97910,1.45145,2.89053
1022.90000,-0.97933,1.45152,2.90423
1022.95000,-0.97937,1.45153,2.91697
1023.00000,-0.97946,1.45155,2.93044
1023.05000,-0.98085,1.45239,2.94298
1023.10000,-0.98520,1.45424,2.95523
1023.15000,-0.99436,1.45601,2.97057
1023.20000,-1.00425,1.45764,2.98695
1023.25000,-1.01414,1.45910,3.00250
1023.30000,-1.02405,1.46041,3.01716
1023.35000,-1.03406,1.46159,3.03121
1023.40000,-1.04393,1.46268,3.04540
1023.45000,-1.04916,1.46286,3.05799
1023.50000,-1.04943,1.46288,3.06967
1023.55000,-1.04952,1.46288,3.08025
1023.60000,-1.04959,1.46289,3.09114
1023.65000,-1.04966,1.46289,3.10191
1023.70000,-1.04973,1.46289,3.11232
1023.75000,-1.04980,1.46290,3.12244
1023.80000,-1.04987,1.46290,3.13266
1023.85000,-1.04995,1.46290,-3.13973
1023.90000,-1.05132,1.46286,-3.12897
1023.95000,-1.05879,1.46269,-3.11752
1024.00000,-1.06879,1.46238,-3.10430
1024.05000,-1.07876,1.46195,-3.09217
1024.10000,-1.08898,1.46139,-3.08052
1024.15000,-1.09911,1.46081,-3.06834
1024.20000,-1.10394,1.46068,-3.05698
1024.25000,-1.10461,1.46067,-3.05045
1024.30000,-1.10472,1.46066,-3.04808
1024.35000,-1.10482,1.46065,-3.04636
1024.40000,-1.10492,1.46064,-3.04501
1024.45000,-1.10500,1.46063,-3.04415
1024.50000,-1.10509,1.46063,-3.04339
1024.55000,-1.10517,1.46062,-3.04236
1024.60000,-1.10527,1.46061,-3.04124
1024.65000,-1.10536,1.46060,-3.03952
1024.70000,-1.10547,1.46059,-3.03726
1024.75000,-1.10561,1.46057,-3.03437
1024.80000,-1.10576,1.46056,-3.03053
1024.85000,-1.10595,1.46054,-3.02581
1024.90000,-1.10604,1.46053,-3.02067
1024.95000,-1.10612,1.46052,-3.01524
1025.00000,-1.10632,1.46049,-3.00951
1025.05000,-1.10652,1.46047,-3.00414
1025.10000,-1.10670,1.46045,-2.99919
1025.15000,-1.10687,1.46042,-2.99471
1025.20000,-1.10703,1.46040,-2.99063
1025.25000,-1.10719,1.46038,-2.98677
1025.30000,-1.10734,1.46036,-2.98293
1025.35000,-1.10749,1.46034,-2.97901
1025.40000,-1.10766,1.46032,-2.97473
1025.45000,-1.10928,1.45961,-2.97007
1025.50000,-1.11610,1.45792,-2.96551
1025.55000,-1.12601,1.45612,-2.96080
1025.60000,-1.13597,1.45431,-2.95604
1025.65000,-1.14176,1.45406,-2.95164
1025.70000,-1.14261,1.45413,-2.95476
1025.75000,-1.14251,1.45416,-2.96320
1025.80000,-1.14234,1.45419,-2.97226
1025.85000,-1.14216,1.45422,-2.98151
1025.90000,-1.14198,1.45425,-2.99087
1025.95000,-1.14180,1.45427,-3.00025
1026.00000,-1.14162,1.45430,-3.00950
1026.05000,-1.14145,1.45432,-3.01845
1026.10000,-1.14129,1.45434,-3.02709
1026.15000,-1.14116,1.45435,-3.03505
1026.20000,-1.14104,1.45437,-3.04209
1026.25000,-1.14098,1.45438,-3.04799
1026.30000,-1.14093,1.45438,-3.05269
1026.35000,-1.14094,1.45438,-3.05590
1026.40000,-1.14095,1.45438,-3.05799
1026.45000,-1.14233,1.45401,-3.05992
1026.50000,-1.14781,1.45323,-3.06158
1026.55000,-1.15646,1.45244,-3.06252
1026.60000,-1.16641,1.45166,-3.06323
1026.65000,-1.17624,1.45087,-3.06440
1026.70000,-1.18214,1.45071,-3.06450
1026.75000,-1.18421,1.45069,-3.06757
1026.80000,-1.18534,1.45072,-3.07555
1026.85000,-1.18521,1.45074,-3.08871
1026.90000,-1.18493,1.45075,-3.10192
1026.95000,-1.18470,1.45076,-3.11331
1027.00000,-1.18454,1.45077,-3.12246
1027.05000,-1.18443,1.45077,-3.12914
1027.10000,-1.18557,1.45073,-3.13550
1027.15000,-1.19042,1.45070,3.14113
1027.20000,-1.19952,1.45074,3.13622
1027.25000,-1.20944,1.45081,3.13243
1027.30000,-1.21935,1.45091,3.12851
1027.35000,-1.22414,1.45092,3.12422
1027.40000,-1.22445,1.45092,3.11329
1027.45000,-1.22421,1.45091,3.09804
1027.50000,-1.22401,1.45091,3.08191
1027.55000,-1.22378,1.45090,3.06630
1027.60000,-1.22360,1.45090,3.05059
1027.65000,-1.22339,1.45089,3.03564
1027.70000,-1.22340,1.45089,3.01931
1027.75000,-1.22345,1.45089,3.00288
1027.80000,-1.22325,1.45086,2.98841
1027.85000,-1.22297,1.45082,2.97506
1027.90000,-1.22281,1.45079,2.96313
1027.95000,-1.22273,1.45079,2.95263
1028.00000,-1.22436,1.45149,2.94168
1028.05000,-1.23272,1.45341,2.93405
1028.10000,-1.24247,1.45548,2.93107
1028.15000,-1.25224,1.45757,2.93027
1028.20000,-1.26203,1.45967,2.93150
1028.25000,-1.27184,1.46174,2.93522
1028.30000,-1.28171,1.46377,2.94160
1028.35000,-1.29167,1.46574,2.95087
1028.40000,-1.30171,1.46766,2.96007
1028.45000,-1.30800,1.46805,2.96862
1028.50000,-1.30954,1.46807,2.97989
1028.55000,-1.30995,1.46812,2.99778
1028.60000,-1.31049,1.46818,3.01789
1028.65000,-1.31093,1.46821,3.03964
1028.70000,-1.31123,1.46822,3.06208
1028.75000,-1.31153,1.46823,3.08453
1028.80000,-1.31183,1.46825,3.10698
1028.85000,-1.31213,1.46826,3.12945
1028.90000,-1.31244,1.46827,-3.13126
1028.95000,-1.31299,1.46826,-3.10897
1029.00000,-1.31358,1.46824,-3.08602
1029.05000,-1.31420,1.46822,-3.06238
1029.10000,-1.31486,1.46817,-3.03835
1029.15000,-1.31558,1.46811,-3.01359
1029.20000,-1.31631,1.46803,-2.98865
1029.25000,-1.31706,1.46791,-2.96382
1029.30000,-1.31777,1.46779,-2.93925
1029.35000,-1.31849,1.46764,-2.91513
1029.40000,-1.31921,1.46748,-2.89107
1029.45000,-1.31992,1.46730,-2.86724
1029.50000,-1.32062,1.46711,-2.84360
1029.55000,-1.32131,1.46690,-2.82029
1029.60000,-1.32202,1.46667,-2.79732
1029.65000,-1.32269,1.46643,-2.77445
1029.70000,-1.32335,1.46618,-2.75185
1029.75000,-1.32400,1.46592,-2.72905
1029.80000,-1.32468,1.46563,-2.70615
1029.85000,-1.32539,1.46530,-2.68310
1029.90000,-1.32612,1.46495,-2.66007
1029.95000,-1.32685,1.46457,-2.63710
1030.00000,-1.32758,1.46418,-2.61435
1030.05000,-1.32804,1.46392,-2.59309
1030.10000,-1.32843,1.46368,-2.57244
1030.15000,-1.32865,1.46354,-2.55279
1030.20000,-1.32886,1.46340,-2.53341
1030.25000,-1.33071,1.46177,-2.51383
1030.30000,-1.33634,1.45683,-2.49363
1030.35000,-1.34422,1.45073,-2.47478
1030.40000,-1.35201,1.44448,-2.45654
1030.45000,-1.35969,1.43809,-2.43872
1030.50000,-1.36725,1.43157,-2.42128
1030.55000,-1.37469,1.42492,-2.40421
1030.60000,-1.38202,1.41815,-2.38758
1030.65000,-1.38924,1.41126,-2.37150
1030.70000,-1.39636,1.40425,-2.35628
1030.75000,-1.40331,1.39719,-2.34085
1030.80000,-1.40997,1.39023,-2.32631
1030.85000,-1.41656,1.38314,-2.31351
1030.90000,-1.42310,1.37594,-2.30269
1030.95000,-1.42966,1.36858,-2.29460
1031.00000,-1.43626,1.36108,-2.28952
1031.05000,-1.44281,1.35360,-2.28449
1031.10000,-1.44493,1.35081,-2.28123
1031.15000,-1.44497,1.35076,-2.28531
1031.20000,-1.44509,1.35063,-2.29019
1031.25000,-1.44517,1.35054,-2.29336
1031.30000,-1.44523,1.35047,-2.29592
1031.35000,-1.44528,1.35041,-2.29865
1031.40000,-1.44534,1.35034,-2.30149
1031.45000,-1.44538,1.35029,-2.30447
1031.50000,-1.44544,1.35023,-2.30718
1031.55000,-1.44548,1.35018,-2.30917
1031.60000,-1.44552,1.35014,-2.31041
1031.65000,-1.44689,1.34872,-2.31202
1031.70000,-1.45267,1.34261,-2.31181
1031.75000,-1.45934,1.33528,-2.30684
1031.80000,-1.46597,1.32793,-2.30288
1031.85000,-1.47261,1.32053,-2.30082
1031.90000,-1.47928,1.31308,-2.30104
1031.95000,-1.48597,1.30565,-2.30134
1032.00000,-1.48843,1.30278,-2.30369
1032.05000,-1.48854,1.30267,-2.32027
1032.10000,-1.48850,1.30273,-2.34268
1032.15000,-1.48840,1.30283,-2.36649
1032.20000,-1.48831,1.30295,-2.38868
1032.25000,-1.48793,1.30330,-2.41109
1032.30000,-1.48756,1.30362,-2.43240
1032.35000,-1.48722,1.30390,-2.45183
1032.40000,-1.48728,1.30385,-2.46608
1032.45000,-1.48726,1.30386,-2.47370
1032.50000,-1.48858,1.30257,-2.47977
1032.55000,-1.49513,1.29721,-2.48140
1032.60000,-1.50295,1.29111,-2.47700
1032.65000,-1.51076,1.28496,-2.47243
1032.70000,-1.51852,1.27880,-2.46872
1032.75000,-1.52632,1.27258,-2.46745
1032.80000,-1.53404,1.26642,-2.47141
1032.85000,-1.54180,1.26029,-2.47611
1032.90000,-1.54573,1.25767,-2.48403
1032.95000,-1.54640,1.25726,-2.51148
1033.00000,-1.54643,1.25725,-2.54791
1033.05000,-1.54646,1.25723,-2.58393
1033.10000,-1.54649,1.25721,-2.61641
1033.15000,-1.54652,1.25719,-2.64262
1033.20000,-1.54640,1.25727,-2.66053
1033.25000,-1.54854,1.25573,-2.67630
1033.30000,-1.55621,1.25191,-2.68236
1033.35000,-1.56520,1.24745,-2.67964
1033.40000,-1.57415,1.24297,-2.67594
1033.45000,-1.58313,1.23844,-2.67175
1033.50000,-1.59206,1.23389,-2.66775
1033.55000,-1.60101,1.22929,-2.66483
1033.60000,-1.60987,1.22471,-2.66507
1033.65000,-1.61861,1.22024,-2.67110
1033.70000,-1.62736,1.21579,-2.67826
1033.75000,-1.63299,1.21332,-2.68615
1033.80000,-1.63726,1.21134,-2.70375
1033.85000,-1.63976,1.21021,-2.73567
1033.90000,-1.64013,1.21005,-2.77850
1033.95000,-1.64016,1.21004,-2.82132
1034.00000,-1.64019,1.21003,-2.85877
1034.05000,-1.64022,1.21003,-2.88685
1034.10000,-1.64187,1.20923,-2.91031
1034.15000,-1.64808,1.20742,-2.92388
1034.20000,-1.65610,1.20542,-2.92835
1034.25000,-1.66038,1.20501,-2.92966
1034.30000,-1.66108,1.20491,-2.92240
1034.35000,-1.66128,1.20488,-2.91221
1034.40000,-1.66141,1.20485,-2.90178
1034.45000,-1.66151,1.20483,-2.89144
1034.50000,-1.66161,1.20480,-2.88088
1034.55000,-1.66178,1.20476,-2.86982
1034.60000,-1.66194,1.20472,-2.85809
1034.65000,-1.66202,1.20470,-2.84608
1034.70000,-1.66210,1.20468,-2.83343
1034.75000,-1.66219,1.20465,-2.81982
1034.80000,-1.66229,1.20461,-2.80535
1034.85000,-1.66241,1.20457,-2.79017
1034.90000,-1.66256,1.20451,-2.77455
1034.95000,-1.66273,1.20445,-2.75874
1035.00000,-1.66292,1.20437,-2.74289
1035.05000,-1.66314,1.20427,-2.72700
1035.10000,-1.66339,1.20416,-2.71111
1035.15000,-1.66364,1.20405,-2.69522
1035.20000,-1.66389,1.20392,-2.67932
1035.25000,-1.66414,1.20379,-2.66333
1035.30000,-1.66443,1.20364,-2.64704
1035.35000,-1.66507,1.20329,-2.62893
1035.40000,-1.66571,1.20293,-2.61057
1035.45000,-1.66635,1.20255,-2.59207
1035.50000,-1.66700,1.20214,-2.57351
1035.55000,-1.66765,1.20172,-2.55500
1035.60000,-1.66832,1.20127,-2.53663
1035.65000,-1.66901,1.20079,-2.51844
1035.70000,-1.66971,1.20028,-2.50040
1035.75000,-1.67043,1.19974,-2.48258
1035.80000,-1.67116,1.19917,-2.46499
1035.85000,-1.67191,1.19856,-2.44770
1035.90000,-1.67268,1.19791,-2.43047
1035.95000,-1.67346,1.19724,-2.41330
1036.00000,-1.67424,1.19653,-2.39617
1036.05000,-1.67502,1.19580,-2.37902
1036.10000,-1.67578,1.19508,-2.36210
1036.15000,-1.67652,1.19435,-2.34518
1036.20000,-1.67724,1.19362,-2.32836
1036.25000,-1.67797,1.19285,-2.31112
1036.30000,-1.67872,1.19203,-2.29412
1036.35000,-1.67947,1.19118,-2.27714
1036.40000,-1.68199,1.18826,-2.26087
1036.45000,-1.68809,1.18078,-2.24595
1036.50000,-1.69453,1.17259,-2.22934
1036.55000,-1.70084,1.16430,-2.21282
1036.60000,-1.70700,1.15592,-2.19645
1036.65000,-1.71303,1.14743,-2.18021
1036.70000,-1.71891,1.13885,-2.16413
1036.75000,-1.72466,1.13018,-2.14815
1036.80000,-1.73026,1.12142,-2.13223
1036.85000,-1.73573,1.11258,-2.11631
1036.90000,-1.74105,1.10364,-2.10030
1036.95000,-1.74624,1.09462,-2.08411
1037.00000,-1.75127,1.08551,-2.06768
1037.05000,-1.75616,1.07631,-2.05094
1037.10000,-1.76090,1.06701,-2.03385
1037.15000,-1.76531,1.05801,-2.01796
1037.20000,-1.76963,1.04881,-2.00127
1037.25000,-1.77377,1.03960,-1.98449
1037.30000,-1.77771,1.03041,-1.96774
1037.35000,-1.78150,1.02116,-1.95080
1037.40000,-1.78513,1.01184,-1.93374
1037.45000,-1.78860,1.00246,-1.91661
1037.50000,-1.79191,0.99303,-1.89936
1037.55000,-1.79505,0.98353,-1.88195
1037.60000,-1.79803,0.97399,-1.86429
1037.65000,-1.80084,0.96439,-1.84632
1037.70000,-1.80347,0.95474,-1.82798
1037.75000,-1.80592,0.94505,-1.80916
1037.80000,-1.80829,0.93532,-1.79033
1037.85000,-1.80859,0.93010,-1.77378
1037.90000,-1.80864,0.92963,-1.75111
1037.95000,-1.80866,0.92952,-1.72796
1038.00000,-1.80867,0.92941,-1.70585
1038.05000,-1.80869,0.92928,-1.68486
1038.10000,-1.80910,0.92711,-1.66448
1038.15000,-1.80985,0.91884,-1.64545
1038.20000,-1.81050,0.90888,-1.62797
1038.25000,-1.81098,0.89891,-1.61052
1038.30000,-1.81129,0.88893,-1.59292
1038.35000,-1.81142,0.87894,-1.57526
1038.40000,-1.81138,0.86896,-1.55760
1038.45000,-1.81116,0.85897,-1.53995
1038.50000,-1.81076,0.84898,-1.52228
1038.55000,-1.81019,0.83900,-1.50478
1038.60000,-1.80944,0.82902,-1.48751
1038.65000,-1.80850,0.81881,-1.46947
1038.70000,-1.80735,0.80843,-1.45108
1038.75000,-1.80601,0.79806,-1.43273
1038.80000,-1.80448,0.78772,-1.41472
1038.85000,-1.80278,0.77744,-1.39723
1038.90000,-1.80090,0.76719,-1.38021
1038.95000,-1.79886,0.75702,-1.36380
1039.00000,-1.79665,0.74685,-1.34722
1039.05000,-1.79426,0.73674,-1.33051
1039.10000,-1.79169,0.72663,-1.31362
1039.15000,-1.78896,0.71658,-1.29683
1039.20000,-1.78606,0.70658,-1.28025
1039.25000,-1.78299,0.69663,-1.26395
1039.30000,-1.77984,0.68691,-1.24882
1039.35000,-1.77659,0.67739,-1.23477
1039.40000,-1.77317,0.66778,-1.22023
1039.45000,-1.76961,0.65823,-1.20589
1039.50000,-1.76594,0.64879,-1.19243
1039.55000,-1.76219,0.63952,-1.17939
1039.60000,-1.75832,0.63031,-1.16680
1039.65000,-1.75434,0.62116,-1.15403
1039.70000,-1.75024,0.61205,-1.14076
1039.75000,-1.74585,0.60269,-1.12483
1039.80000,-1.74145,0.59367,-1.10804
1039.85000,-1.73689,0.58474,-1.08828
1039.90000,-1.73229,0.57590,-1.06857
1039.95000,-1.73128,0.57240,-1.04529
1040.00000,-1.73123,0.57230,-1.00747
1040.05000,-1.73121,0.57228,-0.97195
1040.10000,-1.72985,0.57060,-0.93763
1040.15000,-1.72581,0.56528,-0.91484
1040.20000,-1.72080,0.55877,-0.89835
1040.25000,-1.71892,0.55583,-0.88532
1040.30000,-1.71886,0.55571,-0.87986
1040.35000,-1.71884,0.55569,-0.87777
1040.40000,-1.71886,0.55568,-0.87996
1040.45000,-1.71892,0.55574,-0.88504
1040.50000,-1.71902,0.55583,-0.89220
1040.55000,-1.71907,0.55588,-0.90055
1040.60000,-1.71904,0.55584,-0.90968
1040.65000,-1.71904,0.55584,-0.92012
1040.70000,-1.71912,0.55593,-0.93212
1040.75000,-1.71909,0.55588,-0.94429
1040.80000,-1.71909,0.55588,-0.95763
1040.85000,-1.71926,0.55610,-0.97290
1040.90000,-1.71946,0.55638,-0.98950
1040.95000,-1.71968,0.55669,-1.00719
1041.00000,-1.71991,0.55703,-1.02602
1041.05000,-1.72015,0.55741,-1.04622
1041.10000,-1.72040,0.55782,-1.06799
1041.15000,-1.72050,0.55800,-1.09054
1041.20000,-1.72061,0.55817,-1.11506
1041.25000,-1.72064,0.55822,-1.14169
1041.30000,-1.72063,0.55819,-1.17178
1041.35000,-1.72062,0.55816,-1.20748
1041.40000,-1.72061,0.55814,-1.25084
1041.45000,-1.72060,0.55812,-1.30274
1041.50000,-1.72060,0.55809,-1.36273
1041.55000,-1.72059,0.55806,-1.42895
1041.60000,-1.72059,0.55803,-1.49937
1041.65000,-1.72059,0.55798,-1.57246
1041.70000,-1.72059,0.55792,-1.64725
1041.75000,-1.72060,0.55786,-1.72326
1041.80000,-1.72061,0.55779,-1.80008
1041.85000,-1.72063,0.55771,-1.87743
1041.90000,-1.72066,0.55762,-1.95509
1041.95000,-1.72071,0.55753,-2.03291
1042.00000,-1.72076,0.55743,-2.11077
1042.05000,-1.72083,0.55733,-2.18857
1042.10000,-1.72090,0.55723,-2.26623
1042.15000,-1.72099,0.55713,-2.34367
1042.20000,-1.72110,0.55703,-2.42083
1042.25000,-1.72121,0.55694,-2.49766
1042.30000,-1.72133,0.55686,-2.57393
1042.35000,-1.72147,0.55678,-2.64960
1042.40000,-1.72160,0.55671,-2.72466
1042.45000,-1.72175,0.55665,-2.79908
1042.50000,-1.72190,0.55661,-2.87284
1042.55000,-1.72205,0.55657,-2.94592
1042.60000,-1.72221,0.55655,-3.01831
1042.65000,-1.72236,0.55653,-3.08997
1042.70000,-1.72252,0.55653,3.12231
1042.75000,-1.72269,0.55654,3.05218
1042.80000,-1.72285,0.55656,2.98284
1042.85000,-1.72301,0.55659,2.91431
1042.90000,-1.72317,0.55663,2.84660
1042.95000,-1.72333,0.55669,2.77974
1043.00000,-1.72349,0.55675,2.71374
1043.05000,-1.72364,0.55683,2.64860
1043.10000,-1.72378,0.55691,2.58433
1043.15000,-1.72393,0.55701,2.52096
1043.20000,-1.72406,0.55711,2.45848
1043.25000,-1.72419,0.55723,2.39691
1043.30000,-1.72432,0.55735,2.33620
1043.35000,-1.72444,0.55748,2.27624
1043.40000,-1.72456,0.55763,2.21702
1043.45000,-1.72467,0.55779,2.15858
1043.50000,-1.72477,0.55795,2.10095
1043.55000,-1.72487,0.55813,2.04415
1043.60000,-1.72496,0.55832,1.98818
1043.65000,-1.72504,0.55852,1.93306
1043.70000,-1.72511,0.55872,1.87880
1043.75000,-1.72517,0.55893,1.82541
1043.80000,-1.72522,0.55915,1.77290
1043.85000,-1.72526,0.55937,1.72129
1043.90000,-1.72529,0.55960,1.67059
1043.95000,-1.72531,0.55983,1.62081
1044.00000,-1.72536,0.56177,1.57157
1044.05000,-1.72521,0.56797,1.52503
1044.10000,-1.72465,0.57585,1.47687
1044.15000,-1.72363,0.58441,1.42629
1044.20000,-1.72215,0.59302,1.37631
1044.25000,-1.72024,0.60157,1.32750
1044.30000,-1.71791,0.61007,1.27985
1044.35000,-1.71518,0.61847,1.23338
1044.40000,-1.71206,0.62677,1.18809
1044.45000,-1.70856,0.63494,1.14398
1044.50000,-1.70469,0.64299,1.10108
1044.55000,-1.70047,0.65089,1.05939
1044.60000,-1.69591,0.65863,1.01891
1044.65000,-1.69103,0.66622,0.97963
1044.70000,-1.68585,0.67363,0.94169
1044.75000,-1.68038,0.68086,0.90468
1044.80000,-1.67463,0.68791,0.86881
1044.85000,-1.66861,0.69478,0.83407
1044.90000,-1.66248,0.70155,0.79935
1044.95000,-1.66131,0.70308,0.76640
1045.00000,-1.66165,0.70277,0.73487
1045.05000,-1.66200,0.70247,0.70364
1045.10000,-1.66234,0.70220,0.67423
1045.15000,-1.66272,0.70191,0.64596
1045.20000,-1.66299,0.70172,0.61838
1045.25000,-1.66334,0.70148,0.59214
1045.30000,-1.66367,0.70127,0.56693
1045.35000,-1.66391,0.70112,0.54305
1045.40000,-1.66420,0.70095,0.51981
1045.45000,-1.66440,0.70085,0.49784
1045.50000,-1.66460,0.70075,0.47643
1045.55000,-1.66482,0.70066,0.45609
1045.60000,-1.66504,0.70056,0.43574
1045.65000,-1.66522,0.70050,0.41698
1045.70000,-1.66531,0.70047,0.39910
1045.75000,-1.66545,0.70042,0.38228
1045.80000,-1.66559,0.70037,0.36643
1045.85000,-1.66571,0.70033,0.35143
1045.90000,-1.66572,0.70033,0.33754
1045.95000,-1.66570,0.70035,0.32397
1046.00000,-1.66559,0.70039,0.31088
1046.05000,-1.66542,0.70045,0.29807
1046.10000,-1.66531,0.70049,0.28680
1046.15000,-1.66520,0.70052,0.27640
1046.20000,-1.66508,0.70057,0.26716
1046.25000,-1.66493,0.70061,0.25848
1046.30000,-1.66476,0.70066,0.25067
1046.35000,-1.66452,0.70072,0.24301
1046.40000,-1.66434,0.70077,0.23632
1046.45000,-1.66417,0.70081,0.23060
1046.50000,-1.66402,0.70085,0.22585
1046.55000,-1.66379,0.70091,0.22138
1046.60000,-1.66359,0.70095,0.21774
1046.65000,-1.66336,0.70100,0.21482
1046.70000,-1.66314,0.70105,0.21264
1046.75000,-1.66291,0.70110,0.21111
1046.80000,-1.66265,0.70115,0.21016
1046.85000,-1.66241,0.70120,0.20983
1046.90000,-1.66217,0.70125,0.21008
1046.95000,-1.66192,0.70130,0.21090
1047.00000,-1.66167,0.70136,0.21239
1047.05000,-1.66141,0.70141,0.21435
1047.10000,-1.66112,0.70147,0.21681
1047.15000,-1.66085,0.70153,0.21979
1047.20000,-1.66060,0.70159,0.22348
1047.25000,-1.66031,0.70166,0.22733
1047.30000,-1.65996,0.70173,0.23130
1047.35000,-1.65966,0.70180,0.23627
1047.40000,-1.65938,0.70187,0.24133
1047.45000,-1.65908,0.70194,0.24715
1047.50000,-1.65881,0.70200,0.25313
1047.55000,-1.65855,0.70207,0.26011
1047.60000,-1.65823,0.70215,0.26714
1047.65000,-1.65796,0.70222,0.27492
1047.70000,-1.65763,0.70231,0.28227
1047.75000,-1.65739,0.70238,0.29067
1047.80000,-1.65706,0.70248,0.29909
1047.85000,-1.65676,0.70257,0.30778
1047.90000,-1.65644,0.70266,0.31648
1047.95000,-1.65612,0.70276,0.32597
1048.00000,-1.65589,0.70284,0.33621
1048.05000,-1.65566,0.70292,0.34649
1048.10000,-1.65542,0.70301,0.35679
1048.15000,-1.65518,0.70310,0.36710
1048.20000,-1.65493,0.70319,0.37742
1048.25000,-1.65468,0.70329,0.38776
1048.30000,-1.65442,0.70340,0.39812
1048.35000,-1.65416,0.70351,0.40849
1048.40000,-1.65389,0.70362,0.41887
1048.45000,-1.65362,0.70374,0.42927
1048.50000,-1.65335,0.70386,0.43968
1048.55000,-1.65307,0.70399,0.45011
1048.60000,-1.65278,0.70412,0.46055
1048.65000,-1.65250,0.70425,0.47101
1048.70000,-1.65220,0.70439,0.48148
1048.75000,-1.65191,0.70454,0.49196
1048.80000,-1.65161,0.70468,0.50246
1048.85000,-1.65130,0.70483,0.51298
1048.90000,-1.65099,0.70499,0.52350
1048.95000,-1.65068,0.70515,0.53405
1049.00000,-1.65036,0.70531,0.54460
1049.05000,-1.65004,0.70548,0.55517
1049.10000,-1.64971,0.70565,0.56576
1049.15000,-1.64938,0.70583,0.57635
1049.20000,-1.64905,0.70601,0.58696
1049.25000,-1.64871,0.70619,0.59759
1049.30000,-1.64837,0.70638,0.60823
1049.35000,-1.64802,0.70657,0.61888
1049.40000,-1.64767,0.70677,0.62955
1049.45000,-1.64732,0.70696,0.64023
1049.50000,-1.64696,0.70717,0.65092
1049.55000,-1.64660,0.70737,0.66163
1049.60000,-1.64623,0.70758,0.67235
1049.65000,-1.64586,0.70780,0.68308
1049.70000,-1.64549,0.70802,0.69383
1049.75000,-1.64511,0.70824,0.70458
1049.80000,-1.64473,0.70846,0.71536
1049.85000,-1.64435,0.70869,0.72614
1049.90000,-1.64396,0.70893,0.73694
1049.95000,-1.64356,0.70916,0.74775
1050.00000,-1.64317,0.70940,0.75858
1050.05000,-1.64277,0.70965,0.76941
1050.10000,-1.64237,0.70989,0.78026
1050.15000,-1.64196,0.71014,0.79112
1050.20000,-1.64155,0.71040,0.80200
1050.25000,-1.64114,0.71066,0.81288
1050.30000,-1.64072,0.71092,0.82378
1050.35000,-1.64030,0.71118,0.83469
1050.40000,-1.63987,0.71145,0.84562
1050.45000,-1.63945,0.71172,0.85655
1050.50000,-1.63901,0.71200,0.86750
1050.55000,-1.63858,0.71227,0.87846
1050.60000,-1.63814,0.71256,0.88943
1050.65000,-1.63770,0.71284,0.90041
1050.70000,-1.63725,0.71313,0.91141
1050.75000,-1.63681,0.71342,0.92242
1050.80000,-1.63490,0.71550,0.93402
1050.85000,-1.62940,0.72288,0.94542
1050.90000,-1.62344,0.73125,0.95860
1050.95000,-1.61756,0.73975,0.97201
1051.00000,-1.61180,0.74832,0.98530
1051.05000,-1.60615,0.75696,0.99846
1051.10000,-1.60063,0.76567,1.01148
1051.15000,-1.59521,0.77445,1.02437
1051.20000,-1.59003,0.78311,1.03708
1051.25000,-1.58500,0.79175,1.04937
1051.30000,-1.58006,0.80049,1.06145
1051.35000,-1.57523,0.80929,1.07362
1051.40000,-1.57053,0.81808,1.08436
1051.45000,-1.56591,0.82693,1.09484
1051.50000,-1.56138,0.83583,1.10519
1051.55000,-1.55695,0.84477,1.11544
1051.60000,-1.55261,0.85376,1.12557
1051.65000,-1.54835,0.86280,1.13558
1051.70000,-1.54419,0.87187,1.14547
1051.75000,-1.54012,0.88099,1.15523
1051.80000,-1.53614,0.89014,1.16487
1051.85000,-1.53224,0.89933,1.17439
1051.90000,-1.52843,0.90856,1.18377
1051.95000,-1.52470,0.91783,1.19302
1052.00000,-1.52107,0.92713,1.20214
1052.05000,-1.51751,0.93646,1.21112
1052.10000,-1.51404,0.94582,1.21997
1052.15000,-1.51065,0.95521,1.22868
1052.20000,-1.50735,0.96463,1.23726
1052.25000,-1.50412,0.97408,1.24569
1052.30000,-1.50097,0.98356,1.25398
1052.35000,-1.49790,0.99306,1.26214
1052.40000,-1.49488,1.00267,1.27085
1052.45000,-1.49191,1.01246,1.27995
1052.50000,-1.48902,1.02227,1.28887
1052.55000,-1.48625,1.03200,1.29717
1052.60000,-1.48356,1.04174,1.30595
1052.65000,-1.48095,1.05148,1.31458
1052.70000,-1.47841,1.06136,1.32268
1052.75000,-1.47594,1.07126,1.33063
1052.80000,-1.47356,1.08117,1.33839
1052.85000,-1.47125,1.09110,1.34597
1052.90000,-1.46902,1.10104,1.35335
1052.95000,-1.46686,1.11099,1.36055
1053.00000,-1.46477,1.12095,1.36756
1053.05000,-1.46275,1.13091,1.37426
1053.10000,-1.46080,1.14088,1.38078
1053.15000,-1.45891,1.15083,1.38688
1053.20000,-1.45707,1.16084,1.39311
1053.25000,-1.45531,1.17084,1.39922
1053.30000,-1.45360,1.18084,1.40497
1053.35000,-1.45195,1.19084,1.41061
1053.40000,-1.45036,1.20085,1.41609
1053.45000,-1.44883,1.21081,1.42115
1053.50000,-1.44735,1.22081,1.42627
1053.55000,-1.44592,1.23082,1.43118
1053.60000,-1.44454,1.24084,1.43601
1053.65000,-1.44321,1.25080,1.44043
1053.70000,-1.44193,1.26072,1.44451
1053.75000,-1.44068,1.27067,1.44864
1053.80000,-1.43948,1.28067,1.45285
1053.85000,-1.43832,1.29063,1.45672
1053.90000,-1.43719,1.30058,1.46055
1053.95000,-1.43611,1.31054,1.46425
1054.00000,-1.43506,1.32050,1.46787
1054.05000,-1.43405,1.33047,1.47148
1054.10000,-1.43308,1.34043,1.47505
1054.15000,-1.43214,1.35041,1.47866
1054.20000,-1.43124,1.36037,1.48215
1054.25000,-1.43037,1.37034,1.48578
1054.30000,-1.42954,1.38030,1.48928
1054.35000,-1.42875,1.39028,1.49275
1054.40000,-1.42799,1.40023,1.49624
1054.45000,-1.42726,1.41021,1.49963
1054.50000,-1.42657,1.42019,1.50292
1054.55000,-1.42591,1.43013,1.50627
1054.60000,-1.42528,1.44008,1.50957
1054.65000,-1.42469,1.45004,1.51249
1054.70000,-1.42413,1.46001,1.51531
1054.75000,-1.42359,1.46998,1.51813
1054.80000,-1.42308,1.47996,1.52102
1054.85000,-1.42260,1.48991,1.52455
1054.90000,-1.42216,1.49979,1.52856
1054.95000,-1.42176,1.50973,1.53272
1055.00000,-1.42141,1.51967,1.53737
1055.05000,-1.42111,1.52960,1.54271
1055.10000,-1.42086,1.53952,1.54876
1055.15000,-1.42067,1.54946,1.55546
1055.20000,-1.42055,1.55941,1.56167
1055.25000,-1.42049,1.56950,1.56841
1055.30000,-1.42050,1.57959,1.57540
1055.35000,-1.42058,1.58965,1.58200
1055.40000,-1.42072,1.59966,1.58874
1055.45000,-1.42093,1.60977,1.59502
1055.50000,-1.42121,1.61987,1.60222
1055.55000,-1.42157,1.63001,1.61113
1055.60000,-1.42203,1.64017,1.62454
1055.65000,-1.42258,1.65032,1.63931
1055.70000,-1.42271,1.65617,1.65671
1055.75000,-1.42293,1.66000,1.68780
1055.80000,-1.42314,1.66212,1.73686
1055.85000,-1.42318,1.66239,1.79352
1055.90000,-1.42319,1.66241,1.85531
1055.95000,-1.42320,1.66243,1.92410
1056.00000,-1.42323,1.66245,1.98594
1056.05000,-1.42309,1.66222,2.01984
1056.10000,-1.42293,1.66189,2.02589
1056.15000,-1.42259,1.66132,2.00859
1056.20000,-1.42225,1.66064,1.96673
1056.25000,-1.42199,1.65999,1.91902
1056.30000,-1.42188,1.65971,1.87237
1056.35000,-1.42185,1.65962,1.82614
1056.40000,-1.42180,1.65953,1.77943
1056.45000,-1.42175,1.65937,1.73217
1056.50000,-1.42173,1.65935,1.68543
1056.55000,-1.42169,1.65897,1.63742
1056.60000,-1.42168,1.65880,1.59038
1056.65000,-1.42168,1.65838,1.54255
1056.70000,-1.42167,1.65851,1.49714
1056.75000,-1.42166,1.65865,1.45208
1056.80000,-1.42164,1.65878,1.40739
1056.85000,-1.42161,1.65893,1.36316
1056.90000,-1.42157,1.65908,1.31948
1056.95000,-1.42153,1.65925,1.27623
1057.00000,-1.42147,1.65943,1.23322
1057.05000,-1.42139,1.65963,1.19025
1057.10000,-1.42130,1.65984,1.14713
1057.15000,-1.42119,1.66007,1.10377
1057.20000,-1.42106,1.66032,1.06027
1057.25000,-1.42091,1.66058,1.01666
1057.30000,-1.42073,1.66085,0.97305
1057.35000,-1.42053,1.66113,0.92954
1057.40000,-1.42030,1.66143,0.88618
1057.45000,-1.42003,1.66175,0.84307
1057.50000,-1.41972,1.66208,0.80028
1057.55000,-1.41937,1.66243,0.75781
1057.60000,-1.41897,1.66279,0.71564
1057.65000,-1.41852,1.66316,0.67382
1057.70000,-1.41804,1.66353,0.63241
1057.75000,-1.41752,1.66389,0.59144
1057.80000,-1.41699,1.66423,0.55093
1057.85000,-1.41644,1.66456,0.51085
1057.90000,-1.41587,1.66486,0.47122
1057.95000,-1.41528,1.66514,0.43203
1058.00000,-1.41467,1.66541,0.39320
1058.05000,-1.41403,1.66566,0.35467
1058.10000,-1.41334,1.66590,0.31644
1058.15000,-1.41260,1.66613,0.27854
1058.20000,-1.41181,1.66634,0.24102
1058.25000,-1.41097,1.66653,0.20391
1058.30000,-1.41007,1.66670,0.16721
1058.35000,-1.40911,1.66684,0.13093
1058.40000,-1.40808,1.66696,0.09504
1058.45000,-1.40700,1.66704,0.05955
1058.50000,-1.40585,1.66709,0.02445
1058.55000,-1.40463,1.66710,-0.01026
1058.60000,-1.40339,1.66707,-0.04443
1058.65000,-1.40214,1.66699,-0.07803
1058.70000,-1.40112,1.66688,-0.11185
1058.75000,-1.40054,1.66677,-0.14692
1058.80000,-1.39797,1.66605,-0.18119
1058.85000,-1.39044,1.66448,-0.21407
1058.90000,-1.38153,1.66238,-0.24792
1058.95000,-1.37268,1.65999,-0.28100
1059.00000,-1.36389,1.65729,-0.31324
1059.05000,-1.35517,1.65432,-0.34467
1059.10000,-1.34653,1.65106,-0.37531
1059.15000,-1.33797,1.64754,-0.40514
1059.20000,-1.32950,1.64376,-0.43418
1059.25000,-1.32113,1.63974,-0.46249
1059.30000,-1.31286,1.63547,-0.49013
1059.35000,-1.30469,1.63097,-0.51710
1059.40000,-1.29663,1.62624,-0.54340
1059.45000,-1.28868,1.62130,-0.56903
1059.50000,-1.28080,1.61612,-0.59379
1059.55000,-1.27284,1.61061,-0.61702
1059.60000,-1.26500,1.60490,-0.63966
1059.65000,-1.25751,1.59918,-0.66282
1059.70000,-1.25015,1.59328,-0.68539
1059.75000,-1.24291,1.58720,-0.70725
1059.80000,-1.23579,1.58096,-0.72835
1059.85000,-1.22878,1.57456,-0.74850
1059.90000,-1.22188,1.56801,-0.76767
1059.95000,-1.21508,1.56131,-0.78580
1060.00000,-1.20839,1.55447,-0.80297
1060.05000,-1.20179,1.54751,-0.81917
1060.10000,-1.19545,1.54069,-0.83441
1060.15000,-1.19287,1.53772,-0.84922
1060.20000,-1.19267,1.53752,-0.86265
1060.25000,-1.19244,1.53725,-0.87495
1060.30000,-1.19220,1.53696,-0.88701
1060.35000,-1.19196,1.53667,-0.89873
1060.40000,-1.19172,1.53636,-0.91016
1060.45000,-1.19147,1.53603,-0.92134
1060.50000,-1.19121,1.53569,-0.93237
1060.55000,-1.19094,1.53532,-0.94330
1060.60000,-1.19065,1.53492,-0.95418
1060.65000,-1.19035,1.53448,-0.96497
1060.70000,-1.19003,1.53401,-0.97568
1060.75000,-1.18969,1.53351,-0.98630
1060.80000,-1.18933,1.53295,-0.99681
1060.85000,-1.18895,1.53236,-1.00717
1060.90000,-1.18855,1.53172,-1.01737
1060.95000,-1.18812,1.53102,-1.02741
1061.00000,-1.18767,1.53027,-1.03726
1061.05000,-1.18719,1.52945,-1.04691
1061.10000,-1.18669,1.52856,-1.05634
1061.15000,-1.18615,1.52761,-1.06554
1061.20000,-1.18559,1.52658,-1.07450
1061.25000,-1.18502,1.52552,-1.08349
1061.30000,-1.18448,1.52450,-1.09286
1061.35000,-1.18387,1.52331,-1.10149
1061.40000,-1.18328,1.52212,-1.10993
1061.45000,-1.18265,1.52085,-1.11776
1061.50000,-1.18203,1.51955,-1.12514
1061.55000,-1.18143,1.51828,-1.13237
1061.60000,-1.18080,1.51693,-1.13893
1061.65000,-1.18020,1.51561,-1.14523
1061.70000,-1.17962,1.51430,-1.15116
1061.75000,-1.17905,1.51302,-1.15680
1061.80000,-1.17849,1.51174,-1.16222
1061.85000,-1.17792,1.51040,-1.16727
1061.90000,-1.17731,1.50898,-1.17197
1061.95000,-1.17670,1.50754,-1.17648
1062.00000,-1.17605,1.50597,-1.18072
1062.05000,-1.17537,1.50430,-1.18481
1062.10000,-1.17467,1.50257,-1.18879
1062.15000,-1.17393,1.50074,-1.19259
1062.20000,-1.17317,1.49881,-1.19622
1062.25000,-1.17235,1.49672,-1.19945
1062.30000,-1.17149,1.49450,-1.20253
1062.35000,-1.17059,1.49217,-1.20559
1062.40000,-1.16966,1.48974,-1.20826
1062.45000,-1.16875,1.48733,-1.21075
1062.50000,-1.16785,1.48493,-1.21291
1062.55000,-1.16694,1.48250,-1.21477
1062.60000,-1.16605,1.48011,-1.21643
1062.65000,-1.16517,1.47774,-1.21781
1062.70000,-1.16430,1.47537,-1.21900
1062.75000,-1.16341,1.47294,-1.21998
1062.80000,-1.16250,1.47046,-1.22084
1062.85000,-1.16157,1.46792,-1.22169
1062.90000,-1.16060,1.46526,-1.22233
1062.95000,-1.15960,1.46252,-1.22296
1063.00000,-1.15857,1.45968,-1.22351
1063.05000,-1.15750,1.45673,-1.22405
1063.10000,-1.15638,1.45364,-1.22430
1063.15000,-1.15523,1.45043,-1.22452
1063.20000,-1.15402,1.44708,-1.22463
1063.25000,-1.15276,1.44361,-1.22464
1063.30000,-1.15147,1.44003,-1.22457
1063.35000,-1.15017,1.43643,-1.22435
1063.40000,-1.14887,1.43284,-1.22401
1063.45000,-1.14758,1.42926,-1.22354
1063.50000,-1.14629,1.42570,-1.22296
1063.55000,-1.14500,1.42216,-1.22228
1063.60000,-1.14372,1.41864,-1.22149
1063.65000,-1.14245,1.41516,-1.22060
1063.70000,-1.14119,1.41171,-1.21962
1063.75000,-1.13994,1.40829,-1.21855
1063.80000,-1.13749,1.40277,-1.21711
1063.85000,-1.13403,1.39344,-1.21609
1063.90000,-1.13056,1.38406,-1.21509
1063.95000,-1.12707,1.37469,-1.21415
1064.00000,-1.12357,1.36532,-1.21325
1064.05000,-1.12007,1.35596,-1.21238
1064.10000,-1.11655,1.34660,-1.21154
1064.15000,-1.11303,1.33724,-1.21075
1064.20000,-1.10951,1.32788,-1.20990
1064.25000,-1.10597,1.31852,-1.20898
1064.30000,-1.10242,1.30916,-1.20799
1064.35000,-1.09887,1.29980,-1.20693
1064.40000,-1.09530,1.29044,-1.20581
1064.45000,-1.09172,1.28108,-1.20461
1064.50000,-1.08813,1.27173,-1.20335
1064.55000,-1.08453,1.26237,-1.20201
1064.60000,-1.08091,1.25302,-1.20058
1064.65000,-1.07728,1.24368,-1.19902
1064.70000,-1.07363,1.23435,-1.19750
1064.75000,-1.06997,1.22503,-1.19570
1064.80000,-1.06629,1.21570,-1.19403
1064.85000,-1.06260,1.20638,-1.19236
1064.90000,-1.05888,1.19706,-1.19074
1064.95000,-1.05515,1.18773,-1.18921
1065.00000,-1.05140,1.17841,-1.18774
1065.05000,-1.04764,1.16909,-1.18634
1065.10000,-1.04386,1.15978,-1.18498
1065.15000,-1.04008,1.15048,-1.18368
1065.20000,-1.03628,1.14118,-1.18241
1065.25000,-1.03247,1.13188,-1.18116
1065.30000,-1.02865,1.12259,-1.17993
1065.35000,-1.02481,1.11330,-1.17864
1065.40000,-1.02096,1.10401,-1.17731
1065.45000,-1.01709,1.09471,-1.17596
1065.50000,-1.01321,1.08540,-1.17449
1065.55000,-1.00932,1.07613,-1.17273
1065.60000,-1.00541,1.06684,-1.17084
1065.65000,-1.00148,1.05756,-1.16841
1065.70000,-0.99753,1.04830,-1.16566
1065.75000,-0.99354,1.03903,-1.16235
1065.80000,-0.98950,1.02976,-1.15866
1065.85000,-0.98544,1.02050,-1.15471
1065.90000,-0.98134,1.01128,-1.15049
1065.95000,-0.97719,1.00205,-1.14582
1066.00000,-0.97302,0.99288,-1.14087
1066.05000,-0.96877,0.98368,-1.13518
1066.10000,-0.96451,0.97459,-1.12941
1066.15000,-0.96019,0.96552,-1.12317
1066.20000,-0.95580,0.95646,-1.11618
1066.25000,-0.95137,0.94747,-1.10888
1066.30000,-0.94692,0.93853,-1.10171
1066.35000,-0.94596,0.93418,-1.09245
1066.40000,-0.94585,0.93397,-1.08099
1066.45000,-0.94564,0.93355,-1.06751
1066.50000,-0.94542,0.93312,-1.05408
1066.55000,-0.94520,0.93270,-1.04066
1066.60000,-0.94497,0.93228,-1.02726
1066.65000,-0.94474,0.93186,-1.01384
1066.70000,-0.94450,0.93146,-1.00052
1066.75000,-0.94426,0.93106,-0.98740
1066.80000,-0.94402,0.93066,-0.97448
1066.85000,-0.94378,0.93028,-0.96174
1066.90000,-0.94354,0.92990,-0.94924
1066.95000,-0.94329,0.92954,-0.93711
1067.00000,-0.94163,0.92761,-0.92528
1067.05000,-0.93600,0.92032,-0.91565
1067.10000,-0.92987,0.91242,-0.90589
1067.15000,-0.92369,0.90454,-0.89614
1067.20000,-0.91869,0.89784,-0.88623
1067.25000,-0.91803,0.89680,-0.87231
1067.30000,-0.91795,0.89670,-0.85399
1067.35000,-0.91793,0.89666,-0.83752
1067.40000,-0.91783,0.89655,-0.82349
1067.45000,-0.91624,0.89495,-0.80947
1067.50000,-0.91077,0.88939,-0.79620
1067.55000,-0.90373,0.88226,-0.78830
1067.60000,-0.89666,0.87521,-0.78061
1067.65000,-0.88951,0.86817,-0.77221
1067.70000,-0.88231,0.86123,-0.76312
1067.75000,-0.87505,0.85435,-0.75349
1067.80000,-0.86772,0.84754,-0.74340
1067.85000,-0.86034,0.84082,-0.73305
1067.90000,-0.85285,0.83415,-0.72171
1067.95000,-0.84555,0.82781,-0.70856
1068.00000,-0.83818,0.82158,-0.69445
1068.05000,-0.83074,0.81547,-0.67975
1068.10000,-0.82321,0.80948,-0.66460
1068.15000,-0.81560,0.80361,-0.64916
1068.20000,-0.80742,0.79750,-0.63383
1068.25000,-0.79899,0.79141,-0.61794
1068.30000,-0.79046,0.78546,-0.60164
1068.35000,-0.78191,0.77964,-0.58508
1068.40000,-0.77718,0.77752,-0.56995
1068.45000,-0.77659,0.77732,-0.55272
1068.50000,-0.77485,0.77578,-0.53650
1068.55000,-0.76714,0.77105,-0.52440
1068.60000,-0.75838,0.76604,-0.51422
1068.65000,-0.74956,0.76112,-0.50354
1068.70000,-0.74068,0.75629,-0.49226
1068.75000,-0.73161,0.75150,-0.47966
1068.80000,-0.72257,0.74689,-0.46477
1068.85000,-0.71337,0.74238,-0.44798
1068.90000,-0.70405,0.73788,-0.43128
1068.95000,-0.70007,0.73727,-0.41611
1069.00000,-0.69946,0.73703,-0.39227
1069.05000,-0.69891,0.73680,-0.36900
1069.10000,-0.69844,0.73664,-0.34838
1069.15000,-0.69582,0.73538,-0.32962
1069.20000,-0.68723,0.73242,-0.31423
1069.25000,-0.67747,0.72934,-0.30129
1069.30000,-0.66771,0.72639,-0.28684
1069.35000,-0.65785,0.72357,-0.27095
1069.40000,-0.64800,0.72095,-0.25386
1069.45000,-0.63833,0.71843,-0.23760
1069.50000,-0.63331,0.71813,-0.22337
1069.55000,-0.63161,0.71799,-0.20357
1069.60000,-0.63042,0.71787,-0.18068
1069.65000,-0.62992,0.71779,-0.15604
1069.70000,-0.62956,0.71775,-0.13243
1069.75000,-0.62902,0.71771,-0.10923
1069.80000,-0.62844,0.71767,-0.08612
1069.85000,-0.62781,0.71763,-0.06360
1069.90000,-0.62726,0.71761,-0.04184
1069.95000,-0.62473,0.71749,-0.02049
1070.00000,-0.61685,0.71740,0.00134
1070.05000,-0.60681,0.71739,0.02289
1070.10000,-0.60238,0.71745,0.04364
1070.15000,-0.60187,0.71746,0.07075
1070.20000,-0.60163,0.71749,0.09861
1070.25000,-0.60084,0.71755,0.12949
1070.30000,-0.60063,0.71757,0.15854
1070.35000,-0.60052,0.71759,0.18785
1070.40000,-0.60041,0.71761,0.21778
1070.45000,-0.60029,0.71764,0.24836
1070.50000,-0.60018,0.71767,0.27961
1070.55000,-0.60006,0.71771,0.31153
1070.60000,-0.59994,0.71775,0.34411
1070.65000,-0.59982,0.71779,0.37734
1070.70000,-0.59970,0.71784,0.41119
1070.75000,-0.59957,0.71790,0.44562
1070.80000,-0.59945,0.71796,0.48057
1070.85000,-0.59932,0.71803,0.51601
1070.90000,-0.59920,0.71811,0.55187
1070.95000,-0.59907,0.71819,0.58810
1071.00000,-0.59894,0.71828,0.62464
1071.05000,-0.59881,0.71837,0.66142
1071.10000,-0.59868,0.71848,0.69839
1071.15000,-0.59855,0.71859,0.73550
1071.20000,-0.59843,0.71871,0.77268
1071.25000,-0.59830,0.71884,0.80989
1071.30000,-0.59818,0.71897,0.84708
1071.35000,-0.59806,0.71911,0.88420
1071.40000,-0.59794,0.71926,0.92120
1071.45000,-0.59782,0.71942,0.95805
1071.50000,-0.59771,0.71958,0.99471
1071.55000,-0.59761,0.71975,1.03114
1071.60000,-0.59750,0.71993,1.06731
1071.65000,-0.59741,0.72011,1.10319
1071.70000,-0.59732,0.72030,1.13874
1071.75000,-0.59723,0.72049,1.17374
1071.80000,-0.59715,0.72069,1.20815
1071.85000,-0.59708,0.72089,1.24196
1071.90000,-0.59702,0.72109,1.27524
1071.95000,-0.59696,0.72129,1.30812
1072.00000,-0.59614,0.72327,1.33981
1072.05000,-0.59431,0.73105,1.36873
1072.10000,-0.59245,0.74075,1.39983
1072.15000,-0.59084,0.75097,1.43255
1072.20000,-0.58961,0.76109,1.46413
1072.25000,-0.58869,0.77105,1.49438
1072.30000,-0.58808,0.78103,1.52408
1072.35000,-0.58776,0.79102,1.55325
1072.40000,-0.58772,0.80102,1.58189
1072.45000,-0.58798,0.81101,1.60995
1072.50000,-0.58850,0.82100,1.63746
1072.55000,-0.58931,0.83097,1.66440
1072.60000,-0.59037,0.84091,1.69075
1072.65000,-0.59170,0.85082,1.71652
1072.70000,-0.59327,0.86069,1.74172
1072.75000,-0.59509,0.87052,1.76630
1072.80000,-0.59715,0.88031,1.79011
1072.85000,-0.59944,0.89004,1.81316
1072.90000,-0.60195,0.89972,1.83543
1072.95000,-0.60467,0.90934,1.85691
1073.00000,-0.60759,0.91891,1.87757
1073.05000,-0.61070,0.92841,1.89737
1073.10000,-0.61400,0.93785,1.91633
1073.15000,-0.61747,0.94723,1.93437
1073.20000,-0.62110,0.95655,1.95142
1073.25000,-0.62489,0.96580,1.96745
1073.30000,-0.62875,0.97503,1.98344
1073.35000,-0.62955,0.97886,1.99957
1073.40000,-0.62969,0.97920,2.01273
1073.45000,-0.62978,0.97937,2.02472
1073.50000,-0.62986,0.97955,2.03600
1073.55000,-0.62994,0.97969,2.04662
1073.60000,-0.63001,0.97984,2.05678
1073.65000,-0.63009,0.97998,2.06642
1073.70000,-0.63017,0.98013,2.07557
1073.75000,-0.63025,0.98027,2.08424
1073.80000,-0.63033,0.98041,2.09252
1073.85000,-0.63041,0.98055,2.10034
1073.90000,-0.63049,0.98069,2.10772
1073.95000,-0.63058,0.98083,2.11487
1074.00000,-0.63066,0.98098,2.12187
1074.05000,-0.63075,0.98112,2.12855
1074.10000,-0.63084,0.98126,2.13505
1074.15000,-0.63093,0.98140,2.14139
1074.20000,-0.63102,0.98155,2.14742
1074.25000,-0.63112,0.98169,2.15315
1074.30000,-0.63121,0.98183,2.15852
1074.35000,-0.63131,0.98198,2.16370
1074.40000,-0.63141,0.98212,2.16876
1074.45000,-0.63151,0.98226,2.17377
1074.50000,-0.63161,0.98241,2.17876
1074.55000,-0.63171,0.98256,2.18371
1074.60000,-0.63182,0.98271,2.18863
1074.65000,-0.63193,0.98286,2.19346
1074.70000,-0.63204,0.98301,2.19820
1074.75000,-0.63215,0.98317,2.20282
1074.80000,-0.63226,0.98332,2.20732
1074.85000,-0.63238,0.98348,2.21167
1074.90000,-0.63250,0.98364,2.21586
1074.95000,-0.63262,0.98379,2.21987
1075.00000,-0.63274,0.98395,2.22368
1075.05000,-0.63286,0.98411,2.22730
1075.10000,-0.63298,0.98427,2.23071
1075.15000,-0.63311,0.98443,2.23386
1075.20000,-0.63323,0.98459,2.23672
1075.25000,-0.63336,0.98475,2.23931
1075.30000,-0.63348,0.98491,2.24163
1075.35000,-0.63361,0.98507,2.24371
1075.40000,-0.63374,0.98523,2.24555
1075.45000,-0.63387,0.98539,2.24716
1075.50000,-0.63399,0.98555,2.24855
1075.55000,-0.63412,0.98571,2.24971
1075.60000,-0.63425,0.98587,2.25063
1075.65000,-0.63438,0.98603,2.25131
1075.70000,-0.63451,0.98619,2.25178
1075.75000,-0.63464,0.98635,2.25201
1075.80000,-0.63477,0.98651,2.25202
1075.85000,-0.63490,0.98667,2.25179
1075.90000,-0.63503,0.98683,2.25135
1075.95000,-0.63516,0.98699,2.25068
1076.00000,-0.63529,0.98715,2.24981
1076.05000,-0.63542,0.98732,2.24874
1076.10000,-0.63555,0.98748,2.24746
1076.15000,-0.63568,0.98764,2.24598
1076.20000,-0.63581,0.98780,2.24430
1076.25000,-0.63594,0.98796,2.24244
1076.30000,-0.63607,0.98812,2.24041
1076.35000,-0.63620,0.98828,2.23821
1076.40000,-0.63632,0.98845,2.23586
1076.45000,-0.63645,0.98861,2.23335
1076.50000,-0.63658,0.98877,2.23070
1076.55000,-0.63671,0.98894,2.22790
1076.60000,-0.63683,0.98910,2.22497
1076.65000,-0.63696,0.98927,2.22190
1076.70000,-0.63708,0.98943,2.21870
1076.75000,-0.63721,0.98960,2.21536
1076.80000,-0.63733,0.98976,2.21189
1076.85000,-0.63746,0.98993,2.20828
1076.90000,-0.63758,0.99010,2.20455
1076.95000,-0.63770,0.99027,2.20070
1077.00000,-0.63783,0.99043,2.19673
1077.05000,-0.63795,0.99060,2.19265
1077.10000,-0.63807,0.99077,2.18847
1077.15000,-0.63819,0.99094,2.18419
1077.20000,-0.63831,0.99111,2.17983
1077.25000,-0.63843,0.99128,2.17537
1077.30000,-0.63854,0.99145,2.17083
1077.35000,-0.63866,0.99162,2.16621
1077.40000,-0.63878,0.99180,2.16152
1077.45000,-0.63889,0.99197,2.15675
1077.50000,-0.63901,0.99214,2.15190
1077.55000,-0.63912,0.99232,2.14700
1077.60000,-0.63923,0.99249,2.14202
1077.65000,-0.63935,0.99267,2.13699
1077.70000,-0.64038,0.99392,2.13234
1077.75000,-0.64388,0.99766,2.12881
1077.80000,-0.64901,1.00414,2.12431
1077.85000,-0.65421,1.01261,2.11873
1077.90000,-0.65936,1.02111,2.11316
1077.95000,-0.66447,1.02965,2.10752
1078.00000,-0.66954,1.03821,2.10183
1078.05000,-0.67454,1.04679,2.09601
1078.10000,-0.67949,1.05540,2.09009
1078.15000,-0.68439,1.06404,2.08397
1078.20000,-0.68920,1.07265,2.07762
1078.25000,-0.69395,1.08127,2.07117
1078.30000,-0.69864,1.08992,2.06472
1078.35000,-0.70326,1.09860,2.05826
1078.40000,-0.70785,1.10732,2.05183
1078.45000,-0.71236,1.11607,2.04541
1078.50000,-0.71684,1.12485,2.03903
1078.55000,-0.72125,1.13364,2.03270
1078.60000,-0.72560,1.14247,2.02647
1078.65000,-0.72992,1.15135,2.02029
1078.70000,-0.73418,1.16026,2.01405
1078.75000,-0.73838,1.16917,2.00797
1078.80000,-0.74253,1.17811,2.00196
1078.85000,-0.74664,1.18709,1.99605
1078.90000,-0.75070,1.19613,1.99003
1078.95000,-0.75471,1.20518,1.98424
1079.00000,-0.75869,1.21429,1.97846
1079.05000,-0.76261,1.22343,1.97272
1079.10000,-0.76647,1.23255,1.96759
1079.15000,-0.77028,1.24172,1.96263
1079.20000,-0.77406,1.25091,1.95791
1079.25000,-0.77779,1.26010,1.95372
1079.30000,-0.78149,1.26932,1.94995
1079.35000,-0.78516,1.27857,1.94661
1079.40000,-0.78880,1.28784,1.94381
1079.45000,-0.79243,1.29712,1.94158
1079.50000,-0.79604,1.30644,1.94012
1079.55000,-0.79965,1.31578,1.93970
1079.60000,-0.80326,1.32510,1.94043
1079.65000,-0.80689,1.33446,1.94271
1079.70000,-0.81054,1.34377,1.94704
1079.75000,-0.81428,1.35315,1.95411
1079.80000,-0.81807,1.36254,1.96152
1079.85000,-0.82078,1.37060,1.97001
1079.90000,-0.82139,1.37239,1.98747
1079.95000,-0.82159,1.37289,2.01700
1080.00000,-0.82167,1.37307,2.04884
1080.05000,-0.82195,1.37362,2.08382
1080.10000,-0.82240,1.37442,2.12152
1080.15000,-0.82279,1.37506,2.15971
1080.20000,-0.82302,1.37540,2.19822
1080.25000,-0.82343,1.37598,2.23922
1080.30000,-0.82346,1.37602,2.27901
1080.35000,-0.82350,1.37606,2.32034
1080.40000,-0.82354,1.37610,2.36303
1080.45000,-0.82358,1.37614,2.40711
1080.50000,-0.82363,1.37619,2.45257
1080.55000,-0.82369,1.37623,2.49932
1080.60000,-0.82375,1.37628,2.54725
1080.65000,-0.82383,1.37632,2.59624
1080.70000,-0.82391,1.37637,2.64619
1080.75000,-0.82401,1.37642,2.69693
1080.80000,-0.82412,1.37647,2.74834
1080.85000,-0.82425,1.37652,2.80027
1080.90000,-0.82440,1.37657,2.85260
1080.95000,-0.82457,1.37661,2.90521
1081.00000,-0.82476,1.37665,2.95802
1081.05000,-0.82497,1.37669,3.01092
1081.10000,-0.82522,1.37671,3.06378
1081.15000,-0.82549,1.37673,3.11654
1081.20000,-0.82579,1.37673,-3.11405
1081.25000,-0.82612,1.37671,-3.06169
1081.30000,-0.82649,1.37667,-3.00961
1081.35000,-0.82689,1.37661,-2.95785
1081.40000,-0.82733,1.37651,-2.90647
1081.45000,-0.82780,1.37639,-2.85549
1081.50000,-0.82831,1.37622,-2.80498
1081.55000,-0.82882,1.37603,-2.75503
1081.60000,-0.82933,1.37581,-2.70568
1081.65000,-0.82983,1.37556,-2.65696
1081.70000,-0.83033,1.37528,-2.60888
1081.75000,-0.83081,1.37498,-2.56144
1081.80000,-0.83128,1.37466,-2.51465
1081.85000,-0.83173,1.37431,-2.46848
1081.90000,-0.83218,1.37394,-2.42295
1081.95000,-0.83262,1.37353,-2.37800
1082.00000,-0.83307,1.37309,-2.33356
1082.05000,-0.83352,1.37259,-2.28963
1082.10000,-0.83399,1.37203,-2.24621
1082.15000,-0.83446,1.37142,-2.20332
1082.20000,-0.83494,1.37073,-2.16098
1082.25000,-0.83542,1.36998,-2.11921
1082.30000,-0.83590,1.36916,-2.07805
1082.35000,-0.83635,1.36831,-2.03756
1082.40000,-0.83677,1.36742,-1.99775
1082.45000,-0.83716,1.36652,-1.95866
1082.50000,-0.83752,1.36561,-1.92027
1082.55000,-0.83875,1.36284,-1.88325
1082.60000,-0.84115,1.35506,-1.84980
1082.65000,-0.84360,1.34592,-1.81255
1082.70000,-0.84589,1.33583,-1.77448
1082.75000,-0.84772,1.32599,-1.73856
1082.80000,-0.84916,1.31655,-1.70223
1082.85000,-0.85027,1.30697,-1.66723
1082.90000,-0.85104,1.29732,-1.63296
1082.95000,-0.85145,1.28819,-1.59726
1083.00000,-0.85153,1.27906,-1.56214
1083.05000,-0.85130,1.26993,-1.52787
1083.10000,-0.85075,1.26078,-1.49448
1083.15000,-0.84990,1.25163,-1.46200
1083.20000,-0.84876,1.24249,-1.43041
1083.25000,-0.84732,1.23337,-1.39972
1083.30000,-0.84561,1.22428,-1.36988
1083.35000,-0.84363,1.21522,-1.34086
1083.40000,-0.84138,1.20620,-1.31255
1083.45000,-0.83888,1.19724,-1.28492
1083.50000,-0.83613,1.18833,-1.25790
1083.55000,-0.83314,1.17948,-1.23147
1083.60000,-0.82991,1.17070,-1.20564
1083.65000,-0.82628,1.16151,-1.18240
1083.70000,-0.82239,1.15230,-1.16013
1083.75000,-0.81821,1.14301,-1.13756
1083.80000,-0.81365,1.13344,-1.11374
1083.85000,-0.80887,1.12400,-1.09050
1083.90000,-0.80393,1.11472,-1.06822
1083.95000,-0.79888,1.10565,-1.04622
1084.00000,-0.79775,1.10198,-1.02290
1084.05000,-0.79744,1.10146,-1.00282
1084.10000,-0.79711,1.10093,-0.98336
1084.15000,-0.79677,1.10043,-0.96443
1084.20000,-0.79643,1.09994,-0.94582
1084.25000,-0.79608,1.09946,-0.92761
1084.30000,-0.79572,1.09898,-0.90983
1084.35000,-0.79534,1.09850,-0.89251
1084.40000,-0.79494,1.09801,-0.87571
1084.45000,-0.79456,1.09756,-0.85935
1084.50000,-0.79417,1.09711,-0.84350
1084.55000,-0.79377,1.09667,-0.82811
1084.60000,-0.79336,1.09622,-0.81346
1084.65000,-0.79293,1.09577,-0.79909
1084.70000,-0.79257,1.09540,-0.78557
1084.75000,-0.79219,1.09503,-0.77268
1084.80000,-0.79183,1.09467,-0.76059
1084.85000,-0.79148,1.09434,-0.74857
1084.90000,-0.79117,1.09405,-0.73669
1084.95000,-0.79080,1.09373,-0.72540
1085.00000,-0.79039,1.09336,-0.71434
1085.05000,-0.78999,1.09301,-0.70353
1085.10000,-0.78961,1.09269,-0.69345
1085.15000,-0.78931,1.09245,-0.68300
1085.20000,-0.78900,1.09218,-0.67266
1085.25000,-0.78860,1.09186,-0.66341
1085.30000,-0.78815,1.09152,-0.65506
1085.35000,-0.78777,1.09123,-0.64676
1085.40000,-0.78738,1.09093,-0.63860
1085.45000,-0.78698,1.09063,-0.63046
1085.50000,-0.78660,1.09034,-0.62233
1085.55000,-0.78621,1.09005,-0.61422
1085.60000,-0.78583,1.08976,-0.60612
1085.65000,-0.78545,1.08948,-0.59804
1085.70000,-0.78508,1.08921,-0.58998
1085.75000,-0.78471,1.08893,-0.58193
1085.80000,-0.78435,1.08867,-0.57390
1085.85000,-0.78399,1.08840,-0.56588
1085.90000,-0.78364,1.08814,-0.55788
1085.95000,-0.78329,1.08789,-0.54990
1086.00000,-0.78293,1.08766,-0.54489
1086.05000,-0.78253,1.08742,-0.54249
1086.10000,-0.78212,1.08717,-0.54018
1086.15000,-0.78173,1.08694,-0.53835
1086.20000,-0.78137,1.08672,-0.53685
1086.25000,-0.78100,1.08650,-0.53574
1086.30000,-0.78063,1.08629,-0.53501
1086.35000,-0.78027,1.08607,-0.53465
1086.40000,-0.77990,1.08585,-0.53454
1086.45000,-0.77953,1.08564,-0.53457
1086.50000,-0.77917,1.08542,-0.53468
1086.55000,-0.77881,1.08521,-0.53483
1086.60000,-0.77845,1.08499,-0.53504
1086.65000,-0.77808,1.08478,-0.53530
1086.70000,-0.77772,1.08456,-0.53561
1086.75000,-0.77736,1.08434,-0.53597
1086.80000,-0.77700,1.08413,-0.53635
1086.85000,-0.77663,1.08391,-0.53677
1086.90000,-0.77627,1.08370,-0.53720
1086.95000,-0.77591,1.08349,-0.53765
1087.00000,-0.77556,1.08327,-0.53816
1087.05000,-0.77520,1.08306,-0.53882
1087.10000,-0.77485,1.08285,-0.53969
1087.15000,-0.77449,1.08264,-0.54080
1087.20000,-0.77414,1.08243,-0.54215
1087.25000,-0.77379,1.08221,-0.54371
1087.30000,-0.77345,1.08201,-0.54549
1087.35000,-0.77310,1.08180,-0.54742
1087.40000,-0.77276,1.08159,-0.54945
1087.45000,-0.77243,1.08138,-0.55147
1087.50000,-0.77211,1.08119,-0.55331
1087.55000,-0.77180,1.08099,-0.55492
1087.60000,-0.77150,1.08081,-0.55629
1087.65000,-0.77121,1.08063,-0.55739
1087.70000,-0.77092,1.08045,-0.55823
1087.75000,-0.77065,1.08028,-0.55880
1087.80000,-0.76938,1.07922,-0.55973
1087.85000,-0.76452,1.07494,-0.56163
1087.90000,-0.75751,1.06965,-0.56229
1087.95000,-0.75021,1.06435,-0.56283
1088.00000,-0.74172,1.05900,-0.56207
1088.05000,-0.73322,1.05365,-0.56040
1088.10000,-0.72470,1.04833,-0.55731
1088.15000,-0.71618,1.04305,-0.55216
1088.20000,-0.70765,1.03783,-0.54435
1088.25000,-0.69906,1.03268,-0.53255
1088.30000,-0.69044,1.02760,-0.51975
1088.35000,-0.68588,1.02561,-0.50697
1088.40000,-0.68399,1.02461,-0.48272
1088.45000,-0.68287,1.02405,-0.45046
1088.50000,-0.68271,1.02397,-0.41172
1088.55000,-0.68264,1.02394,-0.37195
1088.60000,-0.68256,1.02392,-0.33245
1088.65000,-0.68249,1.02389,-0.29324
1088.70000,-0.68241,1.02387,-0.25430
1088.75000,-0.68234,1.02385,-0.21557
1088.80000,-0.68226,1.02384,-0.17668
1088.85000,-0.68218,1.02382,-0.13735
1088.90000,-0.68210,1.02381,-0.09709
1088.95000,-0.68201,1.02381,-0.05547
1089.00000,-0.68192,1.02380,-0.01280
1089.05000,-0.68182,1.02381,0.03062
1089.10000,-0.68172,1.02381,0.07460
1089.15000,-0.68161,1.02382,0.11899
1089.20000,-0.68151,1.02384,0.16368
1089.25000,-0.68140,1.02386,0.20854
1089.30000,-0.68128,1.02388,0.25334
1089.35000,-0.68117,1.02391,0.29790
1089.40000,-0.68106,1.02395,0.34206
1089.45000,-0.68095,1.02399,0.38570
1089.50000,-0.68084,1.02404,0.42883
1089.55000,-0.68074,1.02409,0.47142
1089.60000,-0.68063,1.02415,0.51352
1089.65000,-0.68053,1.02421,0.55518
1089.70000,-0.68043,1.02427,0.59646
1089.75000,-0.68033,1.02434,0.63744
1089.80000,-0.68023,1.02442,0.67819
1089.85000,-0.68014,1.02450,0.71878
1089.90000,-0.68004,1.02459,0.75928
1089.95000,-0.67994,1.02468,0.79974
1090.00000,-0.67985,1.02478,0.84014
1090.05000,-0.67975,1.02489,0.88037
1090.10000,-0.67962,1.02505,0.92058
1090.15000,-0.67953,1.02517,0.96025
1090.20000,-0.67925,1.02556,1.00073
1090.25000,-0.67896,1.02601,1.04088
1090.30000,-0.67851,1.02679,1.08186
1090.35000,-0.67819,1.02742,1.12133
1090.40000,-0.67776,1.02835,1.16132
1090.45000,-0.67732,1.02939,1.20104
1090.50000,-0.67632,1.03131,1.23810
1090.55000,-0.67373,1.03882,1.26985
1090.60000,-0.67095,1.04828,1.30310
1090.65000,-0.66847,1.05796,1.33621
1090.70000,-0.66630,1.06772,1.36855
1090.75000,-0.66445,1.07755,1.40015
1090.80000,-0.66291,1.08743,1.43108
1090.85000,-0.66166,1.09735,1.46134
1090.90000,-0.66072,1.10730,1.49089
1090.95000,-0.66006,1.11728,1.51965
1091.00000,-0.65969,1.12727,1.54750
1091.05000,-0.65959,1.13727,1.57429
1091.10000,-0.65976,1.14727,1.59985
1091.15000,-0.66017,1.15726,1.62393
1091.20000,-0.66081,1.16724,1.64653
1091.25000,-0.66167,1.17719,1.66736
1091.30000,-0.66273,1.18714,1.68619
1091.35000,-0.66385,1.19700,1.70499
1091.40000,-0.66401,1.20266,1.72352
1091.45000,-0.66405,1.20335,1.73758
1091.50000,-0.66407,1.20347,1.74904
1091.55000,-0.66409,1.20357,1.76002
1091.60000,-0.66414,1.20391,1.77252
1091.65000,-0.66420,1.20429,1.78655
1091.70000,-0.66425,1.20452,1.80073
1091.75000,-0.66427,1.20464,1.81486
1091.80000,-0.66430,1.20475,1.82915
1091.85000,-0.66434,1.20488,1.84333
1091.90000,-0.66437,1.20500,1.85742
1091.95000,-0.66441,1.20512,1.87143
1092.00000,-0.66445,1.20525,1.88539
1092.05000,-0.66449,1.20537,1.89927
1092.10000,-0.66454,1.20550,1.91308
1092.15000,-0.66458,1.20563,1.92684
1092.20000,-0.66463,1.20577,1.94050
1092.25000,-0.66469,1.20590,1.95402
1092.30000,-0.66474,1.20604,1.96738
1092.35000,-0.66480,1.20617,1.98053
1092.40000,-0.66486,1.20631,1.99334
1092.45000,-0.66493,1.20645,2.00583
1092.50000,-0.66499,1.20659,2.01801
1092.55000,-0.66506,1.20673,2.02987
1092.60000,-0.66513,1.20687,2.04138
1092.65000,-0.66520,1.20701,2.05252
1092.70000,-0.66528,1.20715,2.06321
1092.75000,-0.66535,1.20729,2.07345
1092.80000,-0.66543,1.20742,2.08323
1092.85000,-0.66551,1.20756,2.09254
1092.90000,-0.66559,1.20770,2.10140
1092.95000,-0.66567,1.20783,2.10980
1093.00000,-0.66575,1.20797,2.11775
1093.05000,-0.66583,1.20810,2.12524
1093.10000,-0.66591,1.20823,2.13229
1093.15000,-0.66600,1.20837,2.13888
1093.20000,-0.66608,1.20850,2.14501
1093.25000,-0.66617,1.20863,2.15069
1093.30000,-0.66625,1.20876,2.15592
1093.35000,-0.66634,1.20889,2.16069
1093.40000,-0.66643,1.20902,2.16499
1093.45000,-0.66651,1.20915,2.16883
1093.50000,-0.66660,1.20927,2.17219
1093.55000,-0.66669,1.20940,2.17508
1093.60000,-0.66677,1.20953,2.17748
1093.65000,-0.66686,1.20965,2.17939
1093.70000,-0.66695,1.20977,2.18080
1093.75000,-0.66703,1.20990,2.18170
1093.80000,-0.66712,1.21002,2.18208
1093.85000,-0.66720,1.21014,2.18194
1093.90000,-0.66729,1.21026,2.18127
1093.95000,-0.66737,1.21038,2.18008
1094.00000,-0.66745,1.21050,2.17836
1094.05000,-0.66753,1.21061,2.17611
1094.10000,-0.66761,1.21073,2.17333
1094.15000,-0.66769,1.21085,2.17002
1094.20000,-0.66777,1.21096,2.16617
1094.25000,-0.66785,1.21108,2.16180
1094.30000,-0.66793,1.21119,2.15689
1094.35000,-0.66800,1.21130,2.15147
1094.40000,-0.66807,1.21142,2.14552
1094.45000,-0.66815,1.21153,2.13906
1094.50000,-0.66822,1.21164,2.13175
1094.55000,-0.66828,1.21175,2.12316
1094.60000,-0.66835,1.21185,2.11305
1094.65000,-0.66841,1.21196,2.10122
1094.70000,-0.66847,1.21206,2.08753
1094.75000,-0.66852,1.21215,2.07182
1094.80000,-0.66857,1.21225,2.05396
1094.85000,-0.66862,1.21235,2.03383
1094.90000,-0.66867,1.21244,2.01137
1094.95000,-0.66872,1.21254,1.98653
1095.00000,-0.66876,1.21264,1.95930
1095.05000,-0.66880,1.21274,1.92974
1095.10000,-0.66884,1.21285,1.89782
1095.15000,-0.66887,1.21296,1.86365
1095.20000,-0.66890,1.21307,1.82732
1095.25000,-0.66893,1.21319,1.78898
1095.30000,-0.66896,1.21332,1.74875
1095.35000,-0.66898,1.21346,1.70681
1095.40000,-0.66900,1.21361,1.66332
1095.45000,-0.66901,1.21377,1.61842
1095.50000,-0.66901,1.21395,1.57224
1095.55000,-0.66901,1.21413,1.52513
1095.60000,-0.66900,1.21432,1.47767
1095.65000,-0.66897,1.21451,1.43028
1095.70000,-0.66894,1.21470,1.38308
1095.75000,-0.66890,1.21489,1.33579
1095.80000,-0.66885,1.21509,1.28818
1095.85000,-0.66879,1.21529,1.24006
1095.90000,-0.66871,1.21550,1.19147
1095.95000,-0.66862,1.21572,1.14247
1096.00000,-0.66851,1.21593,1.09312
1096.05000,-0.66839,1.21616,1.04347
1096.10000,-0.66825,1.21639,0.99356
1096.15000,-0.66809,1.21662,0.94345
1096.20000,-0.66791,1.21686,0.89318
1096.25000,-0.66771,1.21709,0.84278
1096.30000,-0.66748,1.21733,0.79230
1096.35000,-0.66724,1.21757,0.74185
1096.40000,-0.66698,1.21779,0.69161
1096.45000,-0.66670,1.21801,0.64172
1096.50000,-0.66641,1.21822,0.59226
1096.55000,-0.66611,1.21841,0.54324
1096.60000,-0.66579,1.21859,0.49455
1096.65000,-0.66547,1.21876,0.44608
1096.70000,-0.66512,1.21891,0.39782
1096.75000,-0.66477,1.21905,0.34979
1096.80000,-0.66440,1.21917,0.30199
1096.85000,-0.66401,1.21928,0.25446
1096.90000,-0.66361,1.21938,0.20718
1096.95000,-0.66320,1.21946,0.16019
1097.00000,-0.66277,1.21951,0.11349
1097.05000,-0.66233,1.21955,0.06709
1097.10000,-0.66188,1.21957,0.02106
1097.15000,-0.66142,1.21957,-0.02451
1097.20000,-0.66096,1.21955,-0.06951
1097.25000,-0.66051,1.21951,-0.11388
1097.30000,-0.66006,1.21945,-0.15760
1097.35000,-0.65961,1.21937,-0.20066
1097.40000,-0.65917,1.21927,-0.24310
1097.45000,-0.65873,1.21915,-0.28497
1097.50000,-0.65831,1.21902,-0.32633
1097.55000,-0.65789,1.21886,-0.36721
1097.60000,-0.65748,1.21870,-0.40761
1097.65000,-0.65708,1.21851,-0.44755
1097.70000,-0.65669,1.21832,-0.48701
1097.75000,-0.65630,1.21810,-0.52599
1097.80000,-0.65592,1.21787,-0.56450
1097.85000,-0.65556,1.21763,-0.60255
1097.90000,-0.65520,1.21737,-0.64012
1097.95000,-0.65304,1.21562,-0.67700
1098.00000,-0.64737,1.21089,-0.71200
1098.05000,-0.64005,1.20435,-0.74711
1098.10000,-0.63284,1.19743,-0.78198
1098.15000,-0.62586,1.19026,-0.81573
1098.20000,-0.61913,1.18287,-0.84828
1098.25000,-0.61264,1.17527,-0.87960
1098.30000,-0.60658,1.16770,-0.91084
1098.35000,-0.60089,1.16013,-0.94149
1098.40000,-0.59523,1.15211,-0.96916
1098.45000,-0.58968,1.14380,-0.99415
1098.50000,-0.58461,1.13581,-1.01894
1098.55000,-0.57966,1.12778,-1.04375
1098.60000,-0.57829,1.12469,-1.06434
1098.65000,-0.57824,1.12461,-1.07359
1098.70000,-0.57819,1.12452,-1.07803
1098.75000,-0.57817,1.12448,-1.08135
1098.80000,-0.57813,1.12442,-1.08411
1098.85000,-0.57809,1.12433,-1.08597
1098.90000,-0.57807,1.12429,-1.08615
1098.95000,-0.57804,1.12424,-1.08431
1099.00000,-0.57803,1.12422,-1.08035
1099.05000,-0.57805,1.12423,-1.07422
1099.10000,-0.57801,1.12415,-1.06580
1099.15000,-0.57801,1.12412,-1.05571
1099.20000,-0.57792,1.12395,-1.04312
1099.25000,-0.57784,1.12378,-1.02960
1099.30000,-0.57783,1.12376,-1.01501
1099.35000,-0.57784,1.12379,-0.99977
1099.40000,-0.57779,1.12371,-0.98409
1099.45000,-0.57770,1.12356,-0.96843
1099.50000,-0.57757,1.12335,-0.95045
1099.55000,-0.57747,1.12319,-0.93074
1099.60000,-0.57737,1.12302,-0.90790
1099.65000,-0.57716,1.12273,-0.88204
1099.70000,-0.57673,1.12222,-0.85206
1099.75000,-0.57623,1.12164,-0.81913
1099.80000,-0.57573,1.12112,-0.78408
1099.85000,-0.57532,1.12070,-0.74762
1099.90000,-0.57456,1.12000,-0.70807
1099.95000,-0.57377,1.11933,-0.66791
1100.00000,-0.57293,1.11867,-0.62724
1100.05000,-0.57206,1.11805,-0.58615
1100.10000,-0.57116,1.11746,-0.54466
1100.15000,-0.57022,1.11690,-0.50285
1100.20000,-0.56925,1.11637,-0.46066
1100.25000,-0.56824,1.11588,-0.41773
1100.30000,-0.56718,1.11542,-0.37397
1100.35000,-0.56609,1.11500,-0.32942
1100.40000,-0.56519,1.11471,-0.28502
1100.45000,-0.56512,1.11469,-0.24341
1100.50000,-0.56505,1.11467,-0.20132
1100.55000,-0.56497,1.11466,-0.15885
1100.60000,-0.56488,1.11465,-0.11611
1100.65000,-0.56480,1.11464,-0.07321
1100.70000,-0.56471,1.11464,-0.03028
1100.75000,-0.56462,1.11463,0.01250
1100.80000,-0.56453,1.11464,0.05508
1100.85000,-0.56445,1.11464,0.09747
1100.90000,-0.56436,1.11465,0.13963
1100.95000,-0.56427,1.11467,0.18156
1101.00000,-0.56418,1.11469,0.22331
1101.05000,-0.56409,1.11471,0.26498
1101.10000,-0.56400,1.11474,0.30661
1101.15000,-0.56391,1.11477,0.34821
1101.20000,-0.56382,1.11480,0.38980
1101.25000,-0.56372,1.11485,0.43132
1101.30000,-0.56362,1.11489,0.47272
1101.35000,-0.56352,1.11495,0.51392
1101.40000,-0.56342,1.11501,0.55482
1101.45000,-0.56333,1.11507,0.59537
1101.50000,-0.56323,1.11513,0.63554
1101.55000,-0.56314,1.11520,0.67532
1101.60000,-0.56306,1.11528,0.71470
1101.65000,-0.56297,1.11535,0.75367
1101.70000,-0.56289,1.11543,0.79225
1101.75000,-0.56281,1.11552,0.83047
1101.80000,-0.56273,1.11561,0.86835
1101.85000,-0.56265,1.11570,0.90591
1101.90000,-0.56258,1.11580,0.94315
1101.95000,-0.56250,1.11591,0.98005
1102.00000,-0.56243,1.11602,1.01656
1102.05000,-0.56237,1.11613,1.05263
1102.10000,-0.56230,1.11625,1.08822
1102.15000,-0.56224,1.11637,1.12334
1102.20000,-0.56219,1.11649,1.15798
1102.25000,-0.56214,1.11661,1.19213
1102.30000,-0.56209,1.11673,1.22578
1102.35000,-0.56205,1.11686,1.25895
1102.40000,-0.56201,1.11699,1.29168
1102.45000,-0.56197,1.11713,1.32397
1102.50000,-0.56194,1.11726,1.35581
1102.55000,-0.56191,1.11741,1.38719
1102.60000,-0.56188,1.11755,1.41809
1102.65000,-0.56186,1.11770,1.44850
1102.70000,-0.56149,1.11997,1.47823
1102.75000,-0.56085,1.12767,1.50657
1102.80000,-0.56041,1.13682,1.53835
1102.85000,-0.56026,1.14603,1.56983
1102.90000,-0.56039,1.15525,1.60066
1102.95000,-0.56080,1.16449,1.63085
1103.00000,-0.56150,1.17372,1.66039
1103.05000,-0.56246,1.18295,1.68929
1103.10000,-0.56369,1.19216,1.71756
1103.15000,-0.56518,1.20135,1.74525
1103.20000,-0.56692,1.21050,1.77237
1103.25000,-0.56891,1.21962,1.79898
1103.30000,-0.57114,1.22870,1.82510
1103.35000,-0.57376,1.23832,1.85155
1103.40000,-0.57665,1.24795,1.87754
1103.45000,-0.57984,1.25761,1.90227
1103.50000,-0.58329,1.26734,1.92800
1103.55000,-0.58688,1.27676,1.95273
1103.60000,-0.59068,1.28593,1.97811
1103.65000,-0.59482,1.29521,2.00579
1103.70000,-0.59851,1.30394,2.03425
1103.75000,-0.60027,1.30800,2.07076
1103.80000,-0.60184,1.31072,2.12367
1103.85000,-0.60272,1.31205,2.19186
1103.90000,-0.60330,1.31281,2.26882
1103.95000,-0.60342,1.31295,2.34967
1104.00000,-0.60345,1.31298,2.43047
1104.05000,-0.60348,1.31300,2.50983
1104.10000,-0.60351,1.31302,2.58722
1104.15000,-0.60353,1.31304,2.66213
1104.20000,-0.60356,1.31305,2.73439
1104.25000,-0.60359,1.31306,2.80391
1104.30000,-0.60362,1.31307,2.87085
1104.35000,-0.60364,1.31307,2.93559
1104.40000,-0.60367,1.31308,2.99861
1104.45000,-0.60370,1.31308,3.06041
1104.50000,-0.60373,1.31308,3.12127
1104.55000,-0.60375,1.31308,-3.10203
1104.60000,-0.60378,1.31308,-3.04312
1104.65000,-0.60381,1.31308,-2.98528
1104.70000,-0.60383,1.31307,-2.92881
1104.75000,-0.60386,1.31307,-2.87426
1104.80000,-0.60389,1.31306,-2.82203
1104.85000,-0.60391,1.31305,-2.77203
1104.90000,-0.60393,1.31304,-2.72391
1104.95000,-0.60591,1.31188,-2.67737
1105.00000,-0.61257,1.30814,-2.63782
1105.05000,-0.62076,1.30340,-2.59717
1105.10000,-0.62919,1.29811,-2.55972
1105.15000,-0.63755,1.29261,-2.52326
1105.20000,-0.64062,1.29103,-2.49393
1105.25000,-0.64092,1.29081,-2.47927
1105.30000,-0.64115,1.29062,-2.46809
1105.35000,-0.64137,1.29044,-2.45793
1105.40000,-0.64157,1.29028,-2.44858
1105.45000,-0.64176,1.29012,-2.43994
1105.50000,-0.64194,1.28998,-2.43187
1105.55000,-0.64211,1.28985,-2.42430
1105.60000,-0.64227,1.28972,-2.41715
1105.65000,-0.64241,1.28959,-2.41038
1105.70000,-0.64255,1.28947,-2.40392
1105.75000,-0.64269,1.28934,-2.39767
1105.80000,-0.64281,1.28923,-2.39218
1105.85000,-0.64290,1.28915,-2.38839
1105.90000,-0.64295,1.28910,-2.38666
1105.95000,-0.64297,1.28908,-2.38651
1106.00000,-0.64298,1.28907,-2.38737
1106.05000,-0.64298,1.28907,-2.38881
1106.10000,-0.64298,1.28907,-2.39036
1106.15000,-0.64298,1.28907,-2.39158
1106.20000,-0.64300,1.28906,-2.39197
1106.25000,-0.64303,1.28902,-2.39141
1106.30000,-0.64308,1.28897,-2.38989
1106.35000,-0.64316,1.28891,-2.38722
1106.40000,-0.64325,1.28882,-2.38362
1106.45000,-0.64335,1.28872,-2.37921
1106.50000,-0.64346,1.28861,-2.37437
1106.55000,-0.64357,1.28851,-2.36962
1106.60000,-0.64367,1.28841,-2.36546
1106.65000,-0.64376,1.28833,-2.36208
1106.70000,-0.64383,1.28826,-2.35936
1106.75000,-0.64389,1.28820,-2.35716
1106.80000,-0.64394,1.28814,-2.35558
1106.85000,-0.64399,1.28810,-2.35448
1106.90000,-0.64402,1.28807,-2.35395
1106.95000,-0.64405,1.28804,-2.35360
1107.00000,-0.64408,1.28801,-2.35325
1107.05000,-0.64411,1.28798,-2.35301
1107.10000,-0.64414,1.28795,-2.35260
1107.15000,-0.64418,1.28791,-2.35185
1107.20000,-0.64422,1.28787,-2.35068
1107.25000,-0.64427,1.28782,-2.34931
1107.30000,-0.64432,1.28777,-2.34786
1107.35000,-0.64436,1.28772,-2.34660
1107.40000,-0.64440,1.28768,-2.34581
1107.45000,-0.64443,1.28765,-2.34535
1107.50000,-0.64446,1.28762,-2.34521
1107.55000,-0.64448,1.28760,-2.34541
1107.60000,-0.64450,1.28758,-2.34572
1107.65000,-0.64452,1.28756,-2.34559
1107.70000,-0.64456,1.28752,-2.34506
1107.75000,-0.64461,1.28747,-2.34362
1107.80000,-0.64468,1.28740,-2.34102
1107.85000,-0.64477,1.28730,-2.33722
1107.90000,-0.64488,1.28719,-2.33245
1107.95000,-0.64500,1.28706,-2.32687
1108.00000,-0.64513,1.28693,-2.32098
1108.05000,-0.64525,1.28679,-2.31541
1108.10000,-0.64537,1.28667,-2.31008
1108.15000,-0.64548,1.28654,-2.30499
1108.20000,-0.64559,1.28642,-2.30006
1108.25000,-0.64569,1.28630,-2.29521
1108.30000,-0.64689,1.28505,-2.29061
1108.35000,-0.65259,1.27886,-2.28603
1108.40000,-0.65924,1.27120,-2.28083
1108.45000,-0.66514,1.26429,-2.27584
1108.50000,-0.66779,1.26106,-2.27519
1108.55000,-0.66808,1.26073,-2.29303
1108.60000,-0.66767,1.26119,-2.31899
1108.65000,-0.66724,1.26165,-2.34502
1108.70000,-0.66685,1.26205,-2.36963
1108.75000,-0.66646,1.26243,-2.39250
1108.80000,-0.66610,1.26276,-2.41353
1108.85000,-0.66575,1.26307,-2.43313
1108.90000,-0.66541,1.26336,-2.45130
1108.95000,-0.66510,1.26362,-2.46858
1109.00000,-0.66480,1.26387,-2.48528
1109.05000,-0.66451,1.26410,-2.50138
1109.10000,-0.66421,1.26431,-2.51711
1109.15000,-0.66392,1.26452,-2.53222
1109.20000,-0.66366,1.26470,-2.54613
1109.25000,-0.66341,1.26486,-2.55918
1109.30000,-0.66318,1.26501,-2.57141
1109.35000,-0.66296,1.26515,-2.58275
1109.40000,-0.66277,1.26527,-2.59282
1109.45000,-0.66261,1.26537,-2.60123
1109.50000,-0.66353,1.26444,-2.60905
1109.55000,-0.66760,1.26057,-2.61527
1109.60000,-0.67549,1.25582,-2.61680
1109.65000,-0.68400,1.25093,-2.62140
1109.70000,-0.69255,1.24602,-2.62678
1109.75000,-0.69643,1.24428,-2.63494
1109.80000,-0.69644,1.24432,-2.66434
1109.85000,-0.69563,1.24472,-2.70067
1109.90000,-0.69483,1.24509,-2.73667
1109.95000,-0.69402,1.24542,-2.77182
1110.00000,-0.69326,1.24570,-2.80614
1110.05000,-0.69250,1.24596,-2.83983
1110.10000,-0.69174,1.24617,-2.87254
1110.15000,-0.69099,1.24636,-2.90479
1110.20000,-0.69024,1.24653,-2.93660
1110.25000,-0.68951,1.24667,-2.96694
1110.30000,-0.68884,1.24677,-2.99641
1110.35000,-0.68815,1.24685,-3.02529
1110.40000,-0.68747,1.24692,-3.05337
1110.45000,-0.68693,1.24694,-3.07919
1110.50000,-0.68668,1.24695,-3.10268
1110.55000,-0.68633,1.24695,-3.12278
1110.60000,-0.68616,1.24695,-3.13999
1110.65000,-0.68741,1.24700,3.12679
1110.70000,-0.69420,1.24722,3.11035
1110.75000,-0.70396,1.24759,3.09777
1110.80000,-0.71376,1.24808,3.08614
1110.85000,-0.72360,1.24868,3.07620
1110.90000,-0.73344,1.24937,3.06947
1110.95000,-0.74345,1.25010,3.06902
1111.00000,-0.75308,1.25074,3.07032
1111.05000,-0.75849,1.25094,3.07949
1111.10000,-0.76253,1.25102,3.10419
1111.15000,-0.76397,1.25104,-3.14110
1111.20000,-0.76437,1.25103,-3.10053
1111.25000,-0.76448,1.25102,-3.06065
1111.30000,-0.76521,1.25096,-3.01844
1111.35000,-0.76601,1.25094,-2.97553
1111.40000,-0.76686,1.25089,-2.93253
1111.45000,-0.76790,1.25066,-2.88879
1111.50000,-0.76888,1.25041,-2.84706
1111.55000,-0.76968,1.25016,-2.80964
1111.60000,-0.77025,1.24993,-2.78184
1111.65000,-0.77235,1.24874,-2.75572
1111.70000,-0.77889,1.24578,-2.74436
1111.75000,-0.78713,1.24232,-2.74367
1111.80000,-0.79299,1.24016,-2.74539
1111.85000,-0.79588,1.23912,-2.76292
1111.90000,-0.79620,1.23912,-2.79482
1111.95000,-0.79541,1.23937,-2.83097
1112.00000,-0.79465,1.23959,-2.86541
1112.05000,-0.79396,1.23977,-2.89799
1112.10000,-0.79331,1.23991,-2.92855
1112.15000,-0.79282,1.23999,-2.95805
1112.20000,-0.79236,1.24004,-2.98533
1112.25000,-0.79203,1.24003,-3.01315
1112.30000,-0.79179,1.24004,-3.03839
1112.35000,-0.79136,1.24006,-3.06081
1112.40000,-0.79105,1.24007,-3.08255
1112.45000,-0.79070,1.24008,-3.10292
1112.50000,-0.79049,1.24008,-3.12433
1112.55000,-0.79029,1.24008,3.13745
1112.60000,-0.79013,1.24008,3.11611
1112.65000,-0.78973,1.24007,3.09682
1112.70000,-0.78933,1.24005,3.07761
1112.75000,-0.78892,1.24002,3.05863
1112.80000,-0.78852,1.23999,3.03989
1112.85000,-0.78812,1.23995,3.02132
1112.90000,-0.78773,1.23990,3.00299
1112.95000,-0.78756,1.23988,2.98447
1113.00000,-0.78730,1.23985,2.96665
1113.05000,-0.78910,1.24054,2.94893
1113.10000,-0.79755,1.24232,2.93390
1113.15000,-0.80696,1.24438,2.91876
1113.20000,-0.81634,1.24658,2.90365
1113.25000,-0.82569,1.24892,2.88842
1113.30000,-0.83499,1.25141,2.87301
1113.35000,-0.84425,1.25404,2.85731
1113.40000,-0.85345,1.25681,2.84134
1113.45000,-0.86261,1.25973,2.82529
1113.50000,-0.87172,1.26279,2.80924
1113.55000,-0.88079,1.26600,2.79325
1113.60000,-0.88980,1.26936,2.77739
1113.65000,-0.89876,1.27286,2.76181
1113.70000,-0.90766,1.27649,2.74650
1113.75000,-0.91650,1.28025,2.73119
1113.80000,-0.92527,1.28415,2.71553
1113.85000,-0.93396,1.28818,2.69918
1113.90000,-0.94258,1.29236,2.68195
1113.95000,-0.95111,1.29668,2.66423
1114.00000,-0.95954,1.30114,2.64612
1114.05000,-0.96788,1.30574,2.62768
1114.10000,-0.97613,1.31050,2.60889
1114.15000,-0.98428,1.31542,2.58990
1114.20000,-0.99233,1.32048,2.57083
1114.25000,-1.00029,1.32570,2.55191
1114.30000,-1.00816,1.33107,2.53342
1114.35000,-1.01595,1.33660,2.51548
1114.40000,-1.02365,1.34227,2.49821
1114.45000,-1.03127,1.34808,2.48163
1114.50000,-1.03881,1.35403,2.46580
1114.55000,-1.04627,1.36011,2.45049
1114.60000,-1.05365,1.36630,2.43507
1114.65000,-1.06089,1.37259,2.41895
1114.70000,-1.06803,1.37899,2.40150
1114.75000,-1.07502,1.38549,2.38320
1114.80000,-1.08187,1.39211,2.36395
1114.85000,-1.08858,1.39885,2.34396
1114.90000,-1.09513,1.40571,2.32339
1114.95000,-1.10154,1.41270,2.30243
1115.00000,-1.10781,1.41983,2.28119
1115.05000,-1.11392,1.42708,2.25968
1115.10000,-1.11988,1.43446,2.23792
1115.15000,-1.12565,1.44196,2.21610
1115.20000,-1.13127,1.44958,2.19420
1115.25000,-1.13671,1.45732,2.17242
1115.30000,-1.14198,1.46519,2.15094
1115.35000,-1.14709,1.47318,2.13009
1115.40000,-1.15205,1.48128,2.11016
1115.45000,-1.15692,1.48957,2.09100
1115.50000,-1.16165,1.49800,2.07329
1115.55000,-1.16618,1.50644,2.05610
1115.60000,-1.17057,1.51496,2.03965
1115.65000,-1.17483,1.52357,2.02403
1115.70000,-1.17897,1.53227,2.00935
1115.75000,-1.18299,1.54104,1.99553
1115.80000,-1.18690,1.54988,1.98197
1115.85000,-1.19069,1.55876,1.96819
1115.90000,-1.19434,1.56769,1.95383
1115.95000,-1.19786,1.57665,1.93896
1116.00000,-1.20124,1.58566,1.92351
1116.05000,-1.20448,1.59471,1.90771
1116.10000,-1.20756,1.60380,1.89169
1116.15000,-1.21051,1.61294,1.87578
1116.20000,-1.21331,1.62213,1.86016
1116.25000,-1.21597,1.63137,1.84506
1116.30000,-1.21850,1.64068,1.83060
1116.35000,-1.22090,1.65002,1.81661
1116.40000,-1.22318,1.65941,1.80309
1116.45000,-1.22533,1.66885,1.79042
1116.50000,-1.22738,1.67833,1.77831
1116.55000,-1.22931,1.68784,1.76643
1116.60000,-1.23112,1.69738,1.75475
1116.65000,-1.23283,1.70694,1.74333
1116.70000,-1.23444,1.71654,1.73254
1116.75000,-1.23595,1.72618,1.72300
1116.80000,-1.23742,1.73594,1.71529
1116.85000,-1.23881,1.74573,1.70937
1116.90000,-1.24017,1.75561,1.70554
1116.95000,-1.24153,1.76543,1.70182
1117.00000,-1.24166,1.76961,1.70048
1117.05000,-1.24168,1.76975,1.70281
1117.10000,-1.24169,1.76986,1.70645
1117.15000,-1.24170,1.76994,1.70972
1117.20000,-1.24171,1.77003,1.71287
1117.25000,-1.24172,1.77013,1.71568
1117.30000,-1.24174,1.77021,1.71829
1117.35000,-1.24175,1.77030,1.72107
1117.40000,-1.24176,1.77037,1.72442
1117.45000,-1.24177,1.77042,1.72785
1117.50000,-1.24178,1.77047,1.73127
1117.55000,-1.24179,1.77055,1.73525
1117.60000,-1.24181,1.77065,1.73991
1117.65000,-1.24183,1.77078,1.74483
1117.70000,-1.24185,1.77091,1.74974
1117.75000,-1.24187,1.77103,1.75395
1117.80000,-1.24189,1.77116,1.75799
1117.85000,-1.24191,1.77127,1.76143
1117.90000,-1.24193,1.77140,1.76444
1117.95000,-1.24195,1.77150,1.76709
1118.00000,-1.24197,1.77161,1.76923
1118.05000,-1.24275,1.77298,1.77265
1118.10000,-1.24470,1.78080,1.77505
1118.15000,-1.24674,1.79061,1.77646
1118.20000,-1.24879,1.80040,1.77829
1118.25000,-1.25087,1.81021,1.78099
1118.30000,-1.25298,1.81988,1.78307
1118.35000,-1.25346,1.82429,1.78823
1118.40000,-1.25347,1.82438,1.79380
1118.45000,-1.25351,1.82455,1.80019
1118.50000,-1.25354,1.82475,1.80658
1118.55000,-1.25357,1.82492,1.81254
1118.60000,-1.25360,1.82509,1.81792
1118.65000,-1.25458,1.82705,1.82415
1118.70000,-1.25703,1.83366,1.82948
1118.75000,-1.25961,1.84332,1.83313
1118.80000,-1.26223,1.85300,1.83667
1118.85000,-1.26488,1.86270,1.83979
1118.90000,-1.26756,1.87237,1.84318
1118.95000,-1.27028,1.88206,1.84683
1119.00000,-1.27304,1.89170,1.85131
1119.05000,-1.27583,1.90135,1.85647
1119.10000,-1.27868,1.91097,1.86222
1119.15000,-1.28161,1.92064,1.86779
1119.20000,-1.28460,1.93033,1.87330
1119.25000,-1.28762,1.93997,1.87870
1119.30000,-1.29065,1.94953,1.88390
1119.35000,-1.29375,1.95906,1.88751
1119.40000,-1.29689,1.96859,1.89000
1119.45000,-1.30004,1.97810,1.89175
1119.50000,-1.30320,1.98759,1.89268
1119.55000,-1.30636,1.99708,1.89269
1119.60000,-1.30952,2.00656,1.89171
1119.65000,-1.31267,2.01606,1.88973
1119.70000,-1.31578,2.02552,1.88720
1119.75000,-1.31886,2.03498,1.88406
1119.80000,-1.32192,2.04445,1.88071
1119.85000,-1.32493,2.05391,1.87744
1119.90000,-1.32791,2.06338,1.87415
1119.95000,-1.33087,2.07286,1.87078
1120.00000,-1.33379,2.08235,1.86735
1120.05000,-1.33668,2.09188,1.86391
1120.10000,-1.33953,2.10137,1.85991
1120.15000,-1.34232,2.11085,1.85497
1120.20000,-1.34506,2.12032,1.84884
1120.25000,-1.34771,2.12977,1.84162
1120.30000,-1.35030,2.13927,1.83360
1120.35000,-1.35283,2.14877,1.83497
1120.40000,-1.35463,2.15621,1.84677
1120.45000,-1.35612,2.16263,1.85565
1120.50000,-1.35739,2.16703,1.88325
1120.55000,-1.35867,2.17072,1.92804
1120.60000,-1.36053,2.17533,1.97989
1120.65000,-1.36308,2.18078,2.03557
1120.70000,-1.36630,2.18675,2.09381
1120.75000,-1.37015,2.19299,2.15382
1120.80000,-1.37461,2.19932,2.21499
1120.85000,-1.37963,2.20560,2.27693
1120.90000,-1.38520,2.21172,2.33932
1120.95000,-1.39127,2.21762,2.40195
1121.00000,-1.39783,2.22324,2.46456
1121.05000,-1.40485,2.22852,2.52705
1121.10000,-1.41228,2.23343,2.58943
1121.15000,-1.42012,2.23793,2.65153
1121.20000,-1.42833,2.24199,2.71331
1121.25000,-1.43687,2.24557,2.77482
1121.30000,-1.44573,2.24867,2.83593
1121.35000,-1.45486,2.25124,2.89672
1121.40000,-1.46424,2.25329,2.95707
1121.45000,-1.47383,2.25478,3.01704
1121.50000,-1.48363,2.25571,3.07651
1121.55000,-1.49357,2.25607,3.13557
1121.60000,-1.50357,2.25584,-3.08922
1121.65000,-1.51331,2.25537,-3.03680
1121.70000,-1.52305,2.25486,-2.99809
1121.75000,-1.53262,2.25445,-2.98148
1121.80000,-1.54133,2.25429,-2.98081
1121.85000,-1.54776,2.25444,-2.99158
1121.90000,-1.55202,2.25496,-3.01250
1121.95000,-1.55561,2.25550,-3.03715
1122.00000,-1.55862,2.25588,-3.06514
1122.05000,-1.56096,2.25609,-3.09649
1122.10000,-1.56076,2.25610,-3.13828
1122.15000,-1.56087,2.25611,3.10365
1122.20000,-1.56098,2.25611,3.06234
1122.25000,-1.56108,2.25612,3.02092
1122.30000,-1.56126,2.25622,2.98551
1122.35000,-1.56189,2.25681,2.97000
1122.40000,-1.56289,2.25781,2.97057
1122.45000,-1.56420,2.25915,2.98275
1122.50000,-1.56760,2.26062,3.00790
1122.55000,-1.57337,2.26177,3.04238
1122.60000,-1.58142,2.26246,3.08530
1122.65000,-1.59057,2.26276,3.13211
1122.70000,-1.59987,2.26273,-3.11047
1122.75000,-1.60917,2.26262,-3.08423
1122.80000,-1.61833,2.26260,-3.07236
1122.85000,-1.62712,2.26292,-3.07708
1122.90000,-1.63571,2.26341,-3.08968
1122.95000,-1.64392,2.26379,-3.10831
1123.00000,-1.65113,2.26394,-3.13309
1123.05000,-1.65668,2.26395,3.11668
1123.10000,-1.66026,2.26399,3.07369
1123.15000,-1.66167,2.26407,3.02073
1123.20000,-1.66185,2.26410,2.96184
1123.25000,-1.66204,2.26414,2.90227
1123.30000,-1.66226,2.26423,2.85221
1123.35000,-1.66277,2.26467,2.81946
1123.40000,-1.66368,2.26555,2.80601
1123.45000,-1.66485,2.26672,2.80521
1123.50000,-1.66688,2.26834,2.81817
1123.55000,-1.67145,2.27049,2.84309
1123.60000,-1.67817,2.27303,2.87661
1123.65000,-1.68756,2.27540,2.92023
1123.70000,-1.69767,2.27744,2.96611
1123.75000,-1.70755,2.27896,3.01010
1123.80000,-1.71722,2.27998,3.04010
1123.85000,-1.72602,2.28008,3.04526
1123.90000,-1.73427,2.27988,3.02922
1123.95000,-1.74189,2.27980,2.99450
1124.00000,-1.74777,2.27997,2.94788
1124.05000,-1.75119,2.28046,2.89036
1124.10000,-1.75239,2.28081,2.82320
1124.15000,-1.75338,2.28117,2.75494
1124.20000,-1.75433,2.28157,2.69745
1124.25000,-1.75557,2.28232,2.65995
1124.30000,-1.75760,2.28394,2.65773
1124.35000,-1.76183,2.28642,2.68090
1124.40000,-1.76849,2.28959,2.71443
1124.45000,-1.77632,2.29301,2.75223
1124.50000,-1.78515,2.29646,2.79323
1124.55000,-1.79461,2.29966,2.83587
1124.60000,-1.80420,2.30247,2.87846
1124.65000,-1.81237,2.30454,2.89978
1124.70000,-1.81921,2.30595,2.89670
1124.75000,-1.82463,2.30682,2.86650
1124.80000,-1.82875,2.30794,2.81788
1124.85000,-1.83131,2.30888,2.75462
1124.90000,-1.83312,2.30969,2.68676
1124.95000,-1.83486,2.31054,2.63007
1125.00000,-1.83687,2.31175,2.60124
1125.05000,-1.83929,2.31344,2.60142
1125.10000,-1.84169,2.31513,2.61576
1125.15000,-1.84709,2.31824,2.64651
1125.20000,-1.85302,2.32129,2.68925
1125.25000,-1.86100,2.32497,2.73214
1125.30000,-1.86971,2.32852,2.77825
1125.35000,-1.87899,2.33179,2.82722
1125.40000,-1.88733,2.33425,2.88314
1125.45000,-1.89510,2.33615,2.92894
1125.50000,-1.90097,2.33730,2.95879
1125.55000,-1.90610,2.33814,3.00058
1125.60000,-1.91175,2.33883,3.03293
1125.65000,-1.91615,2.33918,3.04863
1125.70000,-1.92037,2.33956,3.07778
1125.75000,-1.92525,2.33983,3.11927
1125.80000,-1.93177,2.33982,-3.11552
1125.85000,-1.93815,2.33949,-3.05945
1125.90000,-1.94278,2.33896,-2.99201
1125.95000,-1.94583,2.33839,-2.91520
1126.00000,-1.94903,2.33751,-2.83651
1126.05000,-1.95244,2.33629,-2.75713
1126.10000,-1.95596,2.33469,-2.67737
1126.15000,-1.95953,2.33273,-2.59747
1126.20000,-1.96303,2.33041,-2.51779
1126.25000,-1.96635,2.32781,-2.43875
1126.30000,-1.96947,2.32495,-2.36038
1126.35000,-1.97237,2.32184,-2.28273
1126.40000,-1.97503,2.31851,-2.20580
1126.45000,-1.97741,2.31500,-2.12963
1126.50000,-1.97953,2.31132,-2.05424
1126.55000,-1.98134,2.30752,-1.97964
1126.60000,-1.98284,2.30368,-1.90582
1126.65000,-1.98402,2.29984,-1.83275
1126.70000,-1.98490,2.29604,-1.76047
1126.75000,-1.98548,2.29231,-1.68897
1126.80000,-1.98578,2.28868,-1.61825
1126.85000,-1.98582,2.28517,-1.54831
1126.90000,-1.98563,2.28178,-1.47918
1126.95000,-1.98522,2.27855,-1.41086
1127.00000,-1.98462,2.27546,-1.34333
1127.05000,-1.98384,2.27255,-1.27662
1127.10000,-1.98291,2.26980,-1.21073
1127.15000,-1.98184,2.26722,-1.14566
1127.20000,-1.98066,2.26481,-1.08142
1127.25000,-1.97937,2.26257,-1.01804
1127.30000,-1.97798,2.26046,-0.95558
1127.35000,-1.97648,2.25847,-0.89411
1127.40000,-1.97489,2.25661,-0.83362
1127.45000,-1.97322,2.25488,-0.77411
1127.50000,-1.97149,2.25328,-0.71560
1127.55000,-1.96971,2.25182,-0.65803
1127.60000,-1.96793,2.25052,-0.60137
1127.65000,-1.96613,2.24936,-0.54568
1127.70000,-1.96435,2.24834,-0.49089
1127.75000,-1.96260,2.24747,-0.43698
1127.80000,-1.96092,2.24674,-0.38391
1127.85000,-1.95929,2.24613,-0.33168
1127.90000,-1.95771,2.24563,-0.28031
1127.95000,-1.95358,2.24447,-0.23231
1128.00000,-1.94567,2.24271,-0.18906
1128.05000,-1.93646,2.24112,-0.14308
1128.10000,-1.92672,2.23994,-0.09593
1128.15000,-1.91675,2.23921,-0.04911
1128.20000,-1.90681,2.23895,-0.00295
1128.25000,-1.89694,2.23914,0.04250
1128.30000,-1.88744,2.23975,0.08852
1128.35000,-1.87835,2.24077,0.13520
1128.40000,-1.86928,2.24195,0.17609
1128.45000,-1.86005,2.24334,0.20032
1128.50000,-1.85057,2.24504,0.20850
1128.55000,-1.84083,2.24708,0.20763
1128.60000,-1.83105,2.24914,0.20571
1128.65000,-1.82128,2.25116,0.20275
1128.70000,-1.81149,2.25316,0.19951
1128.75000,-1.80172,2.25512,0.19579
1128.80000,-1.79195,2.25705,0.19136
1128.85000,-1.78220,2.25892,0.18618
1128.90000,-1.77243,2.26075,0.18052
1128.95000,-1.76265,2.26252,0.17432
1129.00000,-1.75277,2.26423,0.16756
1129.05000,-1.74300,2.26587,0.16019
1129.10000,-1.73308,2.26747,0.15260
1129.15000,-1.72325,2.26898,0.14442
1129.20000,-1.71331,2.27043,0.13580
1129.25000,-1.70351,2.27173,0.12654
1129.30000,-1.69384,2.27292,0.11643
1129.35000,-1.68416,2.27400,0.10576
1129.40000,-1.67449,2.27498,0.09459
1129.45000,-1.66482,2.27584,0.08296
1129.50000,-1.65678,2.27635,0.06754
1129.55000,-1.65272,2.27649,0.03851
1129.60000,-1.65107,2.27653,-0.00094
1129.65000,-1.65001,2.27650,-0.04341
1129.70000,-1.64890,2.27643,-0.08604
1129.75000,-1.64773,2.27631,-0.12873
1129.80000,-1.64649,2.27612,-0.17147
1129.85000,-1.64520,2.27587,-0.21425
1129.90000,-1.64385,2.27554,-0.25708
1129.95000,-1.64244,2.27514,-0.29993
1130.00000,-1.64099,2.27465,-0.34280
1130.05000,-1.63951,2.27409,-0.38570
1130.10000,-1.63802,2.27345,-0.42863
1130.15000,-1.63653,2.27273,-0.47158
1130.20000,-1.63504,2.27193,-0.51452
1130.25000,-1.63356,2.27105,-0.55741
1130.30000,-1.63207,2.27008,-0.60022
1130.35000,-1.63056,2.26900,-0.64288
1130.40000,-1.62903,2.26780,-0.68535
1130.45000,-1.62747,2.26646,-0.72760
1130.50000,-1.62587,2.26498,-0.76963
1130.55000,-1.62425,2.26334,-0.81144
1130.60000,-1.62263,2.26156,-0.85302
1130.65000,-1.62102,2.25964,-0.89440
1130.70000,-1.61946,2.25761,-0.93555
1130.75000,-1.61794,2.25545,-0.97642
1130.80000,-1.61647,2.25318,-1.01698
1130.85000,-1.61505,2.25078,-1.05723
1130.90000,-1.61370,2.24826,-1.09714
1130.95000,-1.61241,2.24563,-1.13669
1131.00000,-1.61120,2.24288,-1.17587
1131.05000,-1.61007,2.24002,-1.21465
1131.10000,-1.60903,2.23704,-1.25303
1131.15000,-1.60807,2.23392,-1.29101
1131.20000,-1.60743,2.23150,-1.33171
1131.25000,-1.60690,2.22913,-1.37277
1131.30000,-1.60646,2.22661,-1.41343
1131.35000,-1.60609,2.22392,-1.45352
1131.40000,-1.60581,2.22105,-1.49276
1131.45000,-1.60563,2.21806,-1.53161
1131.50000,-1.60558,2.21489,-1.57004
1131.55000,-1.60564,2.21157,-1.60766
1131.60000,-1.60585,2.20808,-1.64476
1131.65000,-1.60619,2.20443,-1.68134
1131.70000,-1.60669,2.20063,-1.71750
1131.75000,-1.60736,2.19665,-1.75312
1131.80000,-1.60821,2.19254,-1.78810
1131.85000,-1.60922,2.18830,-1.82253
1131.90000,-1.61043,2.18395,-1.85646
1131.95000,-1.61183,2.17949,-1.88984
1132.00000,-1.61343,2.17495,-1.92265
1132.05000,-1.61521,2.17032,-1.95493
1132.10000,-1.61719,2.16566,-1.98660
1132.15000,-1.61934,2.16098,-2.01782
1132.20000,-1.62163,2.15639,-2.04849
1132.25000,-1.62403,2.15193,-2.07840
1132.30000,-1.62654,2.14757,-2.10796
1132.35000,-1.62913,2.14335,-2.13698
1132.40000,-1.63181,2.13927,-2.16544
1132.45000,-1.63601,2.13328,-2.19287
1132.50000,-1.64154,2.12578,-2.22025
1132.55000,-1.64728,2.11843,-2.24709
1132.60000,-1.65322,2.11123,-2.27326
1132.65000,-1.65936,2.10416,-2.29894
1132.70000,-1.66570,2.09723,-2.32401
1132.75000,-1.67221,2.09045,-2.34842
1132.80000,-1.67890,2.08382,-2.37224
1132.85000,-1.68573,2.07735,-2.39532
1132.90000,-1.69273,2.07103,-2.41777
1132.95000,-1.69987,2.06485,-2.43951
1133.00000,-1.70717,2.05881,-2.46064
1133.05000,-1.71460,2.05291,-2.48099
1133.10000,-1.72217,2.04715,-2.50052
1133.15000,-1.72986,2.04153,-2.51910
1133.20000,-1.73768,2.03602,-2.53681
1133.25000,-1.74561,2.03063,-2.55338
1133.30000,-1.75366,2.02535,-2.56869
1133.35000,-1.76184,2.02015,-2.58283
1133.40000,-1.77013,2.01504,-2.59534
1133.45000,-1.77851,2.01000,-2.60583
1133.50000,-1.78688,2.00502,-2.61580
1133.55000,-1.79070,2.00368,-2.62240
1133.60000,-1.79134,2.00332,-2.62395
1133.65000,-1.79196,2.00296,-2.62346
1133.70000,-1.79258,2.00261,-2.62196
1133.75000,-1.79317,2.00227,-2.61871
1133.80000,-1.79370,2.00197,-2.61334
1133.85000,-1.79423,2.00166,-2.60614
1133.90000,-1.79474,2.00136,-2.59666
1133.95000,-1.79526,2.00104,-2.58470
1134.00000,-1.79575,2.00073,-2.57023
1134.05000,-1.79631,2.00038,-2.55326
1134.10000,-1.79690,1.99999,-2.53412
1134.15000,-1.79731,1.99970,-2.51371
1134.20000,-1.79797,1.99922,-2.48941
1134.25000,-1.79870,1.99868,-2.46257
1134.30000,-1.79931,1.99819,-2.43417
1134.35000,-1.79967,1.99789,-2.40496
1134.40000,-1.80016,1.99745,-2.37322
1134.45000,-1.80040,1.99721,-2.34103
1134.50000,-1.80063,1.99696,-2.30732
1134.55000,-1.80085,1.99671,-2.27230
1134.60000,-1.80107,1.99644,-2.23605
1134.65000,-1.80128,1.99616,-2.19872
1134.70000,-1.80149,1.99586,-2.16046
1134.75000,-1.80169,1.99555,-2.12141
1134.80000,-1.80188,1.99523,-2.08168
1134.85000,-1.80206,1.99489,-2.04140
1134.90000,-1.80223,1.99453,-2.00068
1134.95000,-1.80239,1.99417,-1.95961
1135.00000,-1.80254,1.99378,-1.91823
1135.05000,-1.80267,1.99339,-1.87661
1135.10000,-1.80279,1.99299,-1.83481
1135.15000,-1.80289,1.99258,-1.79286
1135.20000,-1.80297,1.99217,-1.75083
1135.25000,-1.80304,1.99176,-1.70873
1135.30000,-1.80309,1.99134,-1.66659
1135.35000,-1.80312,1.99093,-1.62445
1135.40000,-1.80313,1.99052,-1.58231
1135.45000,-1.80313,1.99011,-1.54019
1135.50000,-1.80311,1.98972,-1.49810
1135.55000,-1.80307,1.98932,-1.45607
1135.60000,-1.80302,1.98893,-1.41413
1135.65000,-1.80295,1.98856,-1.37225
1135.70000,-1.80287,1.98819,-1.33036
1135.75000,-1.80278,1.98785,-1.28856
1135.80000,-1.80267,1.98751,-1.24683
1135.85000,-1.80256,1.98719,-1.20514
1135.90000,-1.80244,1.98689,-1.16346
1135.95000,-1.80231,1.98661,-1.12179
1136.00000,-1.80217,1.98634,-1.08021
1136.05000,-1.80202,1.98608,-1.03872
1136.10000,-1.80187,1.98584,-0.99739
1136.15000,-1.80172,1.98560,-0.95621
1136.20000,-1.80156,1.98538,-0.91515
1136.25000,-1.80139,1.98518,-0.87426
1136.30000,-1.80122,1.98498,-0.83360
1136.35000,-1.80090,1.98462,-0.79250
1136.40000,-1.80060,1.98431,-0.75185
1136.45000,-1.80033,1.98405,-0.71163
1136.50000,-1.80012,1.98387,-0.67204
1136.55000,-1.79992,1.98372,-0.63298
1136.60000,-1.79973,1.98359,-0.59423
1136.65000,-1.79897,1.98307,-0.55293
1136.70000,-1.79835,1.98268,-0.51254
1136.75000,-1.79739,1.98216,-0.47069
1136.80000,-1.79633,1.98165,-0.42839
1136.85000,-1.79541,1.98124,-0.38647
1136.90000,-1.79438,1.98085,-0.34442
1136.95000,-1.79387,1.98066,-0.30457
1137.00000,-1.79313,1.98042,-0.26366
1137.05000,-1.79264,1.98030,-0.22382
1137.10000,-1.79177,1.98013,-0.18251
1137.15000,-1.79075,1.97999,-0.14110
1137.20000,-1.79038,1.97993,-0.10261
1137.25000,-1.78964,1.97988,-0.06289
1137.30000,-1.78871,1.97985,-0.02247
1137.35000,-1.78832,1.97984,0.01570
1137.40000,-1.78808,1.97986,0.05298
1137.45000,-1.78794,1.97987,0.08961
1137.50000,-1.78779,1.97989,0.12595
1137.55000,-1.78765,1.97991,0.16191
1137.60000,-1.78751,1.97993,0.19760
1137.65000,-1.78737,1.97996,0.23302
1137.70000,-1.78540,1.98079,0.26804
1137.75000,-1.77870,1.98292,0.30154
1137.80000,-1.77003,1.98582,0.33750
1137.85000,-1.76149,1.98900,0.37545
1137.90000,-1.75314,1.99247,0.41377
1137.95000,-1.74494,1.99627,0.45208
1138.00000,-1.73688,2.00037,0.49038
1138.05000,-1.72899,2.00478,0.52875
1138.10000,-1.72127,2.00949,0.56703
1138.15000,-1.71374,2.01449,0.60526
1138.20000,-1.70640,2.01978,0.64366
1138.25000,-1.69929,2.02534,0.68258
1138.30000,-1.69241,2.03115,0.72218
1138.35000,-1.68579,2.03723,0.76259
1138.40000,-1.67896,2.04401,0.80151
1138.45000,-1.67265,2.05053,0.84140
1138.50000,-1.67072,2.05264,0.88184
1138.55000,-1.67065,2.05272,0.92383
1138.60000,-1.67062,2.05277,0.96597
1138.65000,-1.67059,2.05282,1.00763
1138.70000,-1.67056,2.05286,1.04885
1138.75000,-1.67053,2.05291,1.08959
1138.80000,-1.67051,2.05297,1.12983
1138.85000,-1.67048,2.05302,1.16959
1138.90000,-1.66950,2.05471,1.20809
1138.95000,-1.66691,2.06128,1.24344
1139.00000,-1.66400,2.07035,1.28017
1139.05000,-1.66122,2.08029,1.32136
1139.10000,-1.65893,2.09016,1.36228
1139.15000,-1.65881,2.09372,1.40344
1139.20000,-1.65880,2.09377,1.45316
1139.25000,-1.65880,2.09382,1.50590
1139.30000,-1.65881,2.09383,1.54974
1139.35000,-1.65881,2.09384,1.57661
1139.40000,-1.65880,2.09407,1.61672
1139.45000,-1.65878,2.09431,1.67432
1139.50000,-1.65889,2.09510,1.74266
1139.55000,-1.65929,2.09696,1.81461
1139.60000,-1.66003,2.09953,1.88905
1139.65000,-1.66118,2.10261,1.96503
1139.70000,-1.66275,2.10601,2.04195
1139.75000,-1.66476,2.10959,2.11940
1139.80000,-1.66592,2.11148,2.19344
1139.85000,-1.66600,2.11158,2.26447
1139.90000,-1.66610,2.11169,2.33559
1139.95000,-1.66621,2.11180,2.40645
1140.00000,-1.66635,2.11192,2.47692
1140.05000,-1.66650,2.11203,2.54693
1140.10000,-1.66668,2.11214,2.61641
1140.15000,-1.66688,2.11225,2.68529
1140.20000,-1.66711,2.11235,2.75351
1140.25000,-1.66737,2.11244,2.82102
1140.30000,-1.66765,2.11253,2.88778
1140.35000,-1.66797,2.11260,2.95374
1140.40000,-1.66831,2.11265,3.01888
1140.45000,-1.66870,2.11269,3.08314
1140.50000,-1.66911,2.11270,-3.13666
1140.55000,-1.66956,2.11268,-3.07421
1140.60000,-1.67004,2.11263,-3.01270
1140.65000,-1.67057,2.11255,-2.95215
1140.70000,-1.67112,2.11242,-2.89259
1140.75000,-1.67333,2.11142,-2.83456
1140.80000,-1.67935,2.10923,-2.78247
1140.85000,-1.68717,2.10606,-2.73205
1140.90000,-1.69544,2.10221,-2.68000
1140.95000,-1.70394,2.09770,-2.62695
1141.00000,-1.71250,2.09255,-2.57362
1141.05000,-1.72079,2.08695,-2.52140
1141.10000,-1.72878,2.08094,-2.47035
1141.15000,-1.73645,2.07453,-2.42045
1141.20000,-1.74379,2.06774,-2.37166
1141.25000,-1.75080,2.06061,-2.32395
1141.30000,-1.75747,2.05316,-2.27732
1141.35000,-1.76378,2.04541,-2.23175
1141.40000,-1.76974,2.03739,-2.18722
1141.45000,-1.77534,2.02911,-2.14373
1141.50000,-1.78058,2.02060,-2.10125
1141.55000,-1.78520,2.01232,-2.05777
1141.60000,-1.78937,2.00432,-2.01400
1141.65000,-1.79001,2.00140,-1.97338
1141.70000,-1.79023,2.00086,-1.93511
1141.75000,-1.79044,2.00028,-1.89790
1141.80000,-1.79064,1.99963,-1.86174
1141.85000,-1.79084,1.99892,-1.82663
1141.90000,-1.79103,1.99814,-1.79261
1141.95000,-1.79121,1.99729,-1.75967
1142.00000,-1.79137,1.99638,-1.72784
1142.05000,-1.79150,1.99543,-1.69705
1142.10000,-1.79161,1.99447,-1.66729
1142.15000,-1.79169,1.99351,-1.63854
1142.20000,-1.79174,1.99254,-1.61078
1142.25000,-1.79177,1.99158,-1.58400
1142.30000,-1.79177,1.99061,-1.55818
1142.35000,-1.79174,1.98964,-1.53331
1142.40000,-1.79170,1.98867,-1.50938
1142.45000,-1.79163,1.98771,-1.48637
1142.50000,-1.79153,1.98675,-1.46428
1142.55000,-1.79140,1.98568,-1.44272
1142.60000,-1.79125,1.98454,-1.42162
1142.65000,-1.79106,1.98332,-1.40113
1142.70000,-1.79080,1.98189,-1.38041
1142.75000,-1.79052,1.98049,-1.36069
1142.80000,-1.79022,1.97913,-1.34199
1142.85000,-1.78990,1.97780,-1.32431
1142.90000,-1.78957,1.97650,-1.30751
1142.95000,-1.78922,1.97523,-1.29170
1143.00000,-1.78886,1.97400,-1.27672
1143.05000,-1.78850,1.97281,-1.26279
1143.10000,-1.78813,1.97165,-1.24954
1143.15000,-1.78775,1.97052,-1.23705
1143.20000,-1.78736,1.96942,-1.22542
1143.25000,-1.78697,1.96834,-1.21453
1143.30000,-1.78659,1.96730,-1.20436
1143.35000,-1.78620,1.96627,-1.19492
1143.40000,-1.78581,1.96529,-1.18612
1143.45000,-1.78542,1.96431,-1.17796
1143.50000,-1.78503,1.96337,-1.17036
1143.55000,-1.78465,1.96243,-1.16327
1143.60000,-1.78428,1.96153,-1.15671
1143.65000,-1.78390,1.96066,-1.15056
1143.70000,-1.78352,1.95979,-1.14489
1143.75000,-1.78315,1.95895,-1.13959
1143.80000,-1.78279,1.95812,-1.13463
1143.85000,-1.78242,1.95732,-1.12990
1143.90000,-1.78205,1.95653,-1.12540
1143.95000,-1.78169,1.95574,-1.12111
1144.00000,-1.78133,1.95497,-1.11692
1144.05000,-1.78097,1.95421,-1.11266
1144.10000,-1.78062,1.95347,-1.10807
1144.15000,-1.78026,1.95275,-1.10303
1144.20000,-1.77992,1.95205,-1.09718
1144.25000,-1.77956,1.95136,-1.09006
1144.30000,-1.77921,1.95067,-1.08169
1144.35000,-1.77885,1.94999,-1.07161
1144.40000,-1.77848,1.94928,-1.05952
1144.45000,-1.77804,1.94850,-1.04530
1144.50000,-1.77762,1.94778,-1.02911
1144.55000,-1.77559,1.94484,-1.01296
1144.60000,-1.77067,1.93716,-0.99697
1144.65000,-1.76490,1.92842,-0.97497
1144.70000,-1.75893,1.91980,-0.95215
1144.75000,-1.75287,1.91146,-0.92942
1144.80000,-1.74668,1.90334,-0.90676
1144.85000,-1.74043,1.89554,-0.88452
1144.90000,-1.73401,1.88787,-0.86201
1144.95000,-1.72741,1.88036,-0.83930
1145.00000,-1.72065,1.87299,-0.81643
1145.05000,-1.71372,1.86578,-0.79350
1145.10000,-1.70662,1.85874,-0.77059
1145.15000,-1.69937,1.85185,-0.74788
1145.20000,-1.69196,1.84513,-0.72548
1145.25000,-1.68441,1.83858,-0.70345
1145.30000,-1.67671,1.83220,-0.68179
1145.35000,-1.66888,1.82598,-0.66052
1145.40000,-1.66092,1.81993,-0.63962
1145.45000,-1.65284,1.81404,-0.61906
1145.50000,-1.64464,1.80832,-0.59883
1145.55000,-1.63632,1.80277,-0.57894
1145.60000,-1.62790,1.79738,-0.55942
1145.65000,-1.61937,1.79215,-0.54029
1145.70000,-1.61075,1.78709,-0.52153
1145.75000,-1.60203,1.78219,-0.50320
1145.80000,-1.59323,1.77744,-0.48535
1145.85000,-1.58434,1.77285,-0.46805
1145.90000,-1.57538,1.76842,-0.45134
1145.95000,-1.56635,1.76413,-0.43526
1146.00000,-1.55726,1.75999,-0.42026
1146.05000,-1.54812,1.75598,-0.40648
1146.10000,-1.53895,1.75202,-0.39275
1146.15000,-1.53508,1.75137,-0.38249
1146.20000,-1.53467,1.75120,-0.37149
1146.25000,-1.53432,1.75107,-0.36138
1146.30000,-1.53391,1.75092,-0.35086
1146.35000,-1.53358,1.75079,-0.33987
1146.40000,-1.53311,1.75063,-0.32780
1146.45000,-1.53262,1.75047,-0.31515
1146.50000,-1.53212,1.75031,-0.30209
1146.55000,-1.53066,1.74943,-0.28975
1146.60000,-1.52759,1.74698,-0.27854
1146.65000,-1.52265,1.74423,-0.26608
1146.70000,-1.51319,1.74163,-0.25251
1146.75000,-1.50336,1.73916,-0.23991
1146.80000,-1.49343,1.73680,-0.22790
1146.85000,-1.48378,1.73455,-0.21658
1146.90000,-1.47967,1.73409,-0.20818
1146.95000,-1.47930,1.73400,-0.20080
1147.00000,-1.47897,1.73393,-0.19406
1147.05000,-1.47861,1.73386,-0.18778
1147.10000,-1.47825,1.73379,-0.18148
1147.15000,-1.47785,1.73372,-0.17513
1147.20000,-1.47741,1.73364,-0.16856
1147.25000,-1.47696,1.73356,-0.16183
1147.30000,-1.47648,1.73348,-0.15514
1147.35000,-1.47600,1.73340,-0.14843
1147.40000,-1.47552,1.73332,-0.14171
1147.45000,-1.47504,1.73324,-0.13498
1147.50000,-1.47455,1.73317,-0.12825
1147.55000,-1.47407,1.73311,-0.12156
1147.60000,-1.47359,1.73305,-0.11499
1147.65000,-1.47313,1.73299,-0.10856
1147.70000,-1.47263,1.73293,-0.10305
1147.75000,-1.47199,1.73285,-0.09881
1147.80000,-1.47132,1.73278,-0.09458
1147.85000,-1.47066,1.73272,-0.09036
1147.90000,-1.47001,1.73266,-0.08622
1147.95000,-1.46936,1.73260,-0.08226
1148.00000,-1.46873,1.73254,-0.07850
1148.05000,-1.46803,1.73248,-0.07557
1148.10000,-1.46717,1.73241,-0.07428
1148.15000,-1.46629,1.73235,-0.07356
1148.20000,-1.46538,1.73228,-0.07298
1148.25000,-1.46448,1.73221,-0.07244
1148.30000,-1.46358,1.73214,-0.07199
1148.35000,-1.46267,1.73207,-0.07156
1148.40000,-1.46178,1.73201,-0.07121
1148.45000,-1.46067,1.73193,-0.07273
1148.50000,-1.45945,1.73184,-0.07474
1148.55000,-1.45821,1.73175,-0.07685
1148.60000,-1.45686,1.73164,-0.07941
1148.65000,-1.45538,1.73152,-0.08222
1148.70000,-1.45384,1.73139,-0.08538
1148.75000,-1.45225,1.73125,-0.08870
1148.80000,-1.45064,1.73110,-0.09199
1148.85000,-1.44902,1.73095,-0.09546
1148.90000,-1.44738,1.73079,-0.09953
1148.95000,-1.44577,1.73062,-0.10370
1149.00000,-1.44410,1.73045,-0.10812
1149.05000,-1.44247,1.73027,-0.11258
1149.10000,-1.44076,1.73007,-0.11744
1149.15000,-1.43901,1.72985,-0.12235
1149.20000,-1.43711,1.72962,-0.12766
1149.25000,-1.43512,1.72936,-0.13309
1149.30000,-1.43303,1.72907,-0.13879
1149.35000,-1.43084,1.72876,-0.14451
1149.40000,-1.42855,1.72841,-0.15057
1149.45000,-1.42615,1.72804,-0.15683
1149.50000,-1.42363,1.72763,-0.16310
1149.55000,-1.42096,1.72718,-0.16977
1149.60000,-1.41819,1.72669,-0.17630
1149.65000,-1.41530,1.72616,-0.18302
1149.70000,-1.41232,1.72560,-0.18995
1149.75000,-1.40931,1.72501,-0.19681
1149.80000,-1.40628,1.72440,-0.20392
1149.85000,-1.40328,1.72376,-0.21094
1149.90000,-1.40030,1.72311,-0.21790
1149.95000,-1.39732,1.72244,-0.22511
1150.00000,-1.39436,1.72175,-0.23253
1150.05000,-1.39140,1.72104,-0.23987
1150.10000,-1.38839,1.72029,-0.24708
1150.15000,-1.38522,1.71948,-0.25482
1150.20000,-1.38195,1.71862,-0.26255
1150.25000,-1.37846,1.71766,-0.27093
1150.30000,-1.37493,1.71667,-0.27880
1150.35000,-1.37124,1.71560,-0.28671
1150.40000,-1.36744,1.71445,-0.29458
1150.45000,-1.36349,1.71324,-0.30242
1150.50000,-1.35934,1.71192,-0.31056
1150.55000,-1.35511,1.71055,-0.31845
1150.60000,-1.34880,1.70812,-0.32655
1150.65000,-1.33948,1.70491,-0.33434
1150.70000,-1.33016,1.70164,-0.34201
1150.75000,-1.32086,1.69828,-0.34979
1150.80000,-1.31157,1.69485,-0.35766
1150.85000,-1.30231,1.69136,-0.36521
1150.90000,-1.29310,1.68779,-0.37279
1150.95000,-1.28392,1.68417,-0.38028
1151.00000,-1.27480,1.68048,-0.38751
1151.05000,-1.26567,1.67671,-0.39476
1151.10000,-1.25657,1.67288,-0.40188
1151.15000,-1.24752,1.66899,-0.40896
1151.20000,-1.23848,1.66502,-0.41600
1151.25000,-1.22947,1.66100,-0.42309
1151.30000,-1.22052,1.65693,-0.42998
1151.35000,-1.21157,1.65278,-0.43664
1151.40000,-1.20266,1.64859,-0.44343
1151.45000,-1.19374,1.64431,-0.44999
1151.50000,-1.18488,1.63998,-0.45655
1151.55000,-1.17607,1.63560,-0.46321
1151.60000,-1.16729,1.63116,-0.46981
1151.65000,-1.15855,1.62666,-0.47633
1151.70000,-1.14982,1.62210,-0.48276
1151.75000,-1.14113,1.61749,-0.48913
1151.80000,-1.13246,1.61282,-0.49543
1151.85000,-1.12382,1.60810,-0.50168
1151.90000,-1.11521,1.60332,-0.50787
1151.95000,-1.10663,1.59849,-0.51402
1152.00000,-1.09807,1.59360,-0.52021
1152.05000,-1.08956,1.58867,-0.52648
1152.10000,-1.08107,1.58368,-0.53285
1152.15000,-1.07262,1.57863,-0.53930
1152.20000,-1.06420,1.57354,-0.54583
1152.25000,-1.05582,1.56839,-0.55246
1152.30000,-1.04747,1.56319,-0.55919
1152.35000,-1.03917,1.55793,-0.56600
1152.40000,-1.03089,1.55261,-0.57289
1152.45000,-1.02266,1.54724,-0.57987
1152.50000,-1.01447,1.54181,-0.58697
1152.55000,-1.00633,1.53633,-0.59419
1152.60000,-0.99822,1.53079,-0.60156
1152.65000,-0.99016,1.52519,-0.60910
1152.70000,-0.98215,1.51954,-0.61686
1152.75000,-0.97418,1.51382,-0.62485
1152.80000,-0.96627,1.50804,-0.63313
1152.85000,-0.95842,1.50220,-0.64173
1152.90000,-0.95062,1.49630,-0.65065
1152.95000,-0.94284,1.49033,-0.65981
1153.00000,-0.93513,1.48429,-0.66933
1153.05000,-0.92750,1.47819,-0.67922
1153.10000,-0.91994,1.47203,-0.68925
1153.15000,-0.91244,1.46579,-0.69928
1153.20000,-0.90500,1.45947,-0.70926
1153.25000,-0.89763,1.45309,-0.71916
1153.30000,-0.89031,1.44662,-0.72901
1153.35000,-0.88306,1.44009,-0.73882
1153.40000,-0.87588,1.43348,-0.74857
1153.45000,-0.86876,1.42681,-0.75828
1153.50000,-0.86170,1.42006,-0.76793
1153.55000,-0.85471,1.41325,-0.77751
1153.60000,-0.84778,1.40637,-0.78702
1153.65000,-0.84092,1.39942,-0.79646
1153.70000,-0.83412,1.39241,-0.80590
1153.75000,-0.82739,1.38534,-0.81540
1153.80000,-0.82073,1.37821,-0.82498
1153.85000,-0.81414,1.37101,-0.83462
1153.90000,-0.80762,1.36375,-0.84425
1153.95000,-0.80117,1.35642,-0.85384
1154.00000,-0.79479,1.34904,-0.86337
1154.05000,-0.78848,1.34158,-0.87270
1154.10000,-0.78223,1.33407,-0.88193
1154.15000,-0.77605,1.32649,-0.89096
1154.20000,-0.76992,1.31885,-0.89975
1154.25000,-0.76386,1.31114,-0.90823
1154.30000,-0.75785,1.30338,-0.91631
1154.35000,-0.75191,1.29557,-0.92395
1154.40000,-0.74602,1.28771,-0.93118
1154.45000,-0.74018,1.27980,-0.93797
1154.50000,-0.73438,1.27185,-0.94430
1154.55000,-0.72863,1.26385,-0.95016
1154.60000,-0.72291,1.25580,-0.95550
1154.65000,-0.71723,1.24772,-0.96034
1154.70000,-0.71158,1.23960,-0.96468
1154.75000,-0.70595,1.23145,-0.96846
1154.80000,-0.70034,1.22326,-0.97168
1154.85000,-0.69475,1.21505,-0.97439
1154.90000,-0.68917,1.20681,-0.97624
1154.95000,-0.68358,1.19854,-0.97685
1155.00000,-0.67796,1.19023,-0.97603
1155.05000,-0.67234,1.18194,-0.97357
1155.10000,-0.66672,1.17367,-0.97117
1155.15000,-0.66540,1.17063,-0.96632
1155.20000,-0.66524,1.17040,-0.95449
1155.25000,-0.66516,1.17029,-0.94189
1155.30000,-0.66508,1.17017,-0.92915
1155.35000,-0.66503,1.17010,-0.91724
1155.40000,-0.66497,1.17003,-0.90609
1155.45000,-0.66491,1.16995,-0.89577
1155.50000,-0.66484,1.16987,-0.88633
1155.55000,-0.66477,1.16978,-0.87776
1155.60000,-0.66470,1.16970,-0.87003
1155.65000,-0.66462,1.16960,-0.86297
1155.70000,-0.66323,1.16814,-0.85584
1155.75000,-0.65831,1.16315,-0.84785
1155.80000,-0.65174,1.15589,-0.84165
1155.85000,-0.64505,1.14845,-0.83529
1155.90000,-0.63848,1.14116,-0.82854
1155.95000,-0.63653,1.13868,-0.82151
1156.00000,-0.63629,1.13841,-0.80844
1156.05000,-0.63601,1.13810,-0.79574
1156.10000,-0.63585,1.13793,-0.78538
1156.15000,-0.63386,1.13591,-0.77537
1156.20000,-0.62801,1.13013,-0.76565
1156.25000,-0.62076,1.12321,-0.75962
1156.30000,-0.61350,1.11636,-0.75331
1156.35000,-0.60615,1.10952,-0.74583
1156.40000,-0.59879,1.10277,-0.73756
1156.45000,-0.59134,1.09607,-0.72838
1156.50000,-0.58384,1.08944,-0.71888
1156.55000,-0.57653,1.08304,-0.70841
1156.60000,-0.57104,1.07846,-0.69857
1156.65000,-0.57068,1.07827,-0.68719
1156.70000,-0.57060,1.07820,-0.67525
1156.75000,-0.56946,1.07712,-0.66354
1156.80000,-0.56275,1.07162,-0.65380
1156.85000,-0.55474,1.06553,-0.64549
1156.90000,-0.54684,1.05964,-0.63645
1156.95000,-0.53898,1.05389,-0.62617
1157.00000,-0.53091,1.04811,-0.61505
1157.05000,-0.52281,1.04246,-0.60307
1157.10000,-0.51458,1.03679,-0.59168
1157.15000,-0.51054,1.03496,-0.58156
1157.20000,-0.51018,1.03476,-0.56655
1157.25000,-0.50994,1.03460,-0.55181
1157.30000,-0.50870,1.03338,-0.53695
1157.35000,-0.50407,1.02917,-0.52357
1157.40000,-0.49567,1.02419,-0.51311
1157.45000,-0.48671,1.01921,-0.50303
1157.50000,-0.47797,1.01446,-0.49177
1157.55000,-0.46908,1.00978,-0.47819
1157.60000,-0.46010,1.00521,-0.46443
1157.65000,-0.45114,1.00072,-0.45082
1157.70000,-0.44632,0.99953,-0.43843
1157.75000,-0.44569,0.99925,-0.41662
1157.80000,-0.44508,0.99899,-0.39394
1157.85000,-0.44449,0.99876,-0.37271
1157.90000,-0.44397,0.99856,-0.35270
1157.95000,-0.44352,0.99841,-0.33398
1158.00000,-0.44302,0.99825,-0.31617
1158.05000,-0.44036,0.99708,-0.29872
1158.10000,-0.43162,0.99435,-0.28342
1158.15000,-0.42166,0.99155,-0.26725
1158.20000,-0.41167,0.98885,-0.25098
1158.25000,-0.40609,0.98841,-0.23532
1158.30000,-0.40501,0.98824,-0.21161
1158.35000,-0.40424,0.98810,-0.18433
1158.40000,-0.40347,0.98797,-0.15719
1158.45000,-0.40270,0.98786,-0.13019
1158.50000,-0.40192,0.98777,-0.10316
1158.55000,-0.40114,0.98770,-0.07594
1158.60000,-0.40036,0.98765,-0.04851
1158.65000,-0.39957,0.98762,-0.02090
1158.70000,-0.39876,0.98761,0.00724
1158.75000,-0.39792,0.98762,0.03608
1158.80000,-0.39708,0.98766,0.06569
1158.85000,-0.39621,0.98771,0.09605
1158.90000,-0.39547,0.98777,0.12665
1158.95000,-0.39479,0.98787,0.15775
1159.00000,-0.39391,0.98800,0.19057
1159.05000,-0.39324,0.98814,0.22333
1159.10000,-0.39313,0.98816,0.25460
1159.15000,-0.39302,0.98819,0.28663
1159.20000,-0.39292,0.98822,0.31936
1159.25000,-0.39281,0.98826,0.35278
1159.30000,-0.39270,0.98830,0.38687
1159.35000,-0.39259,0.98835,0.42159
1159.40000,-0.39249,0.98840,0.45691
1159.45000,-0.39238,0.98846,0.49278
1159.50000,-0.39227,0.98852,0.52916
1159.55000,-0.39216,0.98858,0.56599
1159.60000,-0.39205,0.98866,0.60322
1159.65000,-0.39194,0.98873,0.64078
1159.70000,-0.39184,0.98882,0.67862
1159.75000,-0.39173,0.98891,0.71668
1159.80000,-0.39163,0.98900,0.75491
1159.85000,-0.39152,0.98910,0.79325
1159.90000,-0.39142,0.98921,0.83165
1159.95000,-0.39132,0.98932,0.87004
1160.00000,-0.39122,0.98944,0.90817
1160.05000,-0.39113,0.98956,0.94582
1160.10000,-0.39104,0.98969,0.98301
1160.15000,-0.39096,0.98982,1.01974
1160.20000,-0.39088,0.98995,1.05602
1160.25000,-0.39081,0.99009,1.09182
1160.30000,-0.39074,0.99023,1.12715
1160.35000,-0.39067,0.99037,1.16199
1160.40000,-0.39061,0.99052,1.19634
1160.45000,-0.39056,0.99067,1.23018
1160.50000,-0.39051,0.99083,1.26351
1160.55000,-0.39046,0.99098,1.29633
1160.60000,-0.39042,0.99114,1.32862
1160.65000,-0.38965,0.99326,1.35968
1160.70000,-0.38803,1.00097,1.38804
1160.75000,-0.38654,1.00991,1.42163
1160.80000,-0.38532,1.01899,1.45494
1160.85000,-0.38441,1.02814,1.48730
1160.90000,-0.38379,1.03733,1.51866
1160.95000,-0.38345,1.04656,1.54899
1161.00000,-0.38338,1.05583,1.57822
1161.05000,-0.38358,1.06512,1.60646
1161.10000,-0.38404,1.07442,1.63420
1161.15000,-0.38476,1.08371,1.66155
1161.20000,-0.38573,1.09298,1.68848
1161.25000,-0.38695,1.10224,1.71497
1161.30000,-0.38841,1.11147,1.74103
1161.35000,-0.39026,1.12160,1.76671
1161.40000,-0.39237,1.13176,1.79108
1161.45000,-0.39472,1.14181,1.81518
1161.50000,-0.39732,1.15184,1.83798
1161.55000,-0.40014,1.16191,1.86005
1161.60000,-0.40314,1.17176,1.88007
1161.65000,-0.40633,1.18150,1.89856
1161.70000,-0.40969,1.19113,1.91504
1161.75000,-0.41306,1.20055,1.93061
1161.80000,-0.41372,1.20606,1.94647
1161.85000,-0.41386,1.20647,1.95628
1161.90000,-0.41394,1.20670,1.96371
1161.95000,-0.41404,1.20694,1.97073
1162.00000,-0.41412,1.20715,1.97717
1162.05000,-0.41421,1.20735,1.98314
1162.10000,-0.41429,1.20753,1.98867
1162.15000,-0.41436,1.20769,1.99369
1162.20000,-0.41442,1.20784,1.99827
1162.25000,-0.41449,1.20798,2.00240
1162.30000,-0.41454,1.20811,2.00603
1162.35000,-0.41459,1.20822,2.00919
1162.40000,-0.41464,1.20833,2.01186
1162.45000,-0.41468,1.20841,2.01395
1162.50000,-0.41471,1.20848,2.01564
1162.55000,-0.41475,1.20855,2.01691
1162.60000,-0.41478,1.20860,2.01767
1162.65000,-0.41479,1.20864,2.01802
1162.70000,-0.41480,1.20868,2.01790
1162.75000,-0.41485,1.20877,2.01876
1162.80000,-0.41490,1.20890,2.02275
1162.85000,-0.41500,1.20910,2.03008
1162.90000,-0.41660,1.21105,2.03842
1162.95000,-0.42078,1.21812,2.04730
1163.00000,-0.42548,1.22710,2.06006
1163.05000,-0.43031,1.23605,2.07449
1163.10000,-0.43521,1.24477,2.09223
1163.15000,-0.43984,1.25312,2.11020
1163.20000,-0.44146,1.25600,2.14356
1163.25000,-0.44245,1.25745,2.19713
1163.30000,-0.44269,1.25777,2.25982
1163.35000,-0.44271,1.25779,2.32250
1163.40000,-0.44274,1.25782,2.38306
1163.45000,-0.44277,1.25785,2.44174
1163.50000,-0.44281,1.25788,2.49888
1163.55000,-0.44285,1.25791,2.55468
1163.60000,-0.44290,1.25794,2.60926
1163.65000,-0.44295,1.25797,2.66272
1163.70000,-0.44301,1.25800,2.71529
1163.75000,-0.44307,1.25802,2.76712
1163.80000,-0.44313,1.25805,2.81823
1163.85000,-0.44321,1.25807,2.86850
1163.90000,-0.44328,1.25809,2.91781
1163.95000,-0.44336,1.25810,2.96583
1164.00000,-0.44344,1.25812,3.01243
1164.05000,-0.44352,1.25812,3.05753
1164.10000,-0.44360,1.25813,3.10115
1164.15000,-0.44369,1.25813,-3.13985
1164.20000,-0.44378,1.25813,-3.09903
1164.25000,-0.44386,1.25812,-3.05954
1164.30000,-0.44395,1.25811,-3.02159
1164.35000,-0.44612,1.25755,-2.98419
1164.40000,-0.45390,1.25610,-2.95127
1164.45000,-0.46355,1.25409,-2.91723
1164.50000,-0.47276,1.25179,-2.88512
1164.55000,-0.48188,1.24925,-2.85649
1164.60000,-0.49103,1.24646,-2.83184
1164.65000,-0.50027,1.24349,-2.80713
1164.70000,-0.50547,1.24270,-2.78379
1164.75000,-0.50603,1.24260,-2.77031
1164.80000,-0.50617,1.24256,-2.75754
1164.85000,-0.50631,1.24252,-2.74483
1164.90000,-0.50644,1.24249,-2.73217
1164.95000,-0.50658,1.24245,-2.71954
1165.00000,-0.50671,1.24242,-2.70691
1165.05000,-0.50685,1.24239,-2.69429
1165.10000,-0.50698,1.24236,-2.68167
1165.15000,-0.50711,1.24233,-2.66905
1165.20000,-0.50724,1.24230,-2.65644
1165.25000,-0.50737,1.24227,-2.64384
1165.30000,-0.50750,1.24225,-2.63124
1165.35000,-0.50763,1.24222,-2.61866
1165.40000,-0.50776,1.24220,-2.60612
1165.45000,-0.50788,1.24218,-2.59358
1165.50000,-0.50801,1.24216,-2.58105
1165.55000,-0.50813,1.24214,-2.56853
1165.60000,-0.50825,1.24212,-2.55602
1165.65000,-0.50837,1.24211,-2.54351
1165.70000,-0.50849,1.24209,-2.53101
1165.75000,-0.50860,1.24208,-2.51856
1165.80000,-0.50872,1.24207,-2.50620
1165.85000,-0.50883,1.24206,-2.49391
1165.90000,-0.50893,1.24206,-2.48224
1165.95000,-0.50910,1.24193,-2.47558
1166.00000,-0.50927,1.24179,-2.46903
1166.05000,-0.50940,1.24168,-2.46191
1166.10000,-0.50954,1.24157,-2.45483
1166.15000,-0.50968,1.24146,-2.44774
1166.20000,-0.50983,1.24134,-2.44065
1166.25000,-0.50997,1.24122,-2.43356
1166.30000,-0.51012,1.24111,-2.42645
1166.35000,-0.51027,1.24099,-2.41935
1166.40000,-0.51042,1.24086,-2.41224
1166.45000,-0.51057,1.24074,-2.40512
1166.50000,-0.51073,1.24061,-2.39799
1166.55000,-0.51088,1.24049,-2.39086
1166.60000,-0.51104,1.24036,-2.38373
1166.65000,-0.51120,1.24023,-2.37659
1166.70000,-0.51135,1.24010,-2.36946
1166.75000,-0.51151,1.23998,-2.36234
1166.80000,-0.51166,1.23985,-2.35522
1166.85000,-0.51181,1.23973,-2.34811
1166.90000,-0.51196,1.23961,-2.34100
1166.95000,-0.51211,1.23949,-2.33390
1167.00000,-0.51226,1.23937,-2.32680
1167.05000,-0.51240,1.23926,-2.31972
1167.10000,-0.51255,1.23914,-2.31264
1167.15000,-0.51269,1.23903,-2.30556
1167.20000,-0.51283,1.23892,-2.29850
1167.25000,-0.51297,1.23881,-2.29144
1167.30000,-0.51310,1.23870,-2.28438
1167.35000,-0.51324,1.23860,-2.27734
1167.40000,-0.51337,1.23849,-2.27030
1167.45000,-0.51350,1.23839,-2.26327
1167.50000,-0.51363,1.23829,-2.25624
1167.55000,-0.51375,1.23819,-2.24923
1167.60000,-0.51388,1.23810,-2.24222
1167.65000,-0.51400,1.23800,-2.23521
1167.70000,-0.51412,1.23791,-2.22822
1167.75000,-0.51424,1.23782,-2.22123
1167.80000,-0.51436,1.23774,-2.21426
1167.85000,-0.51447,1.23765,-2.20729
1167.90000,-0.51458,1.23757,-2.20033
1167.95000,-0.51465,1.23748,-2.20022
1168.00000,-0.51477,1.23732,-2.20224
1168.05000,-0.51489,1.23719,-2.20469
1168.10000,-0.51500,1.23705,-2.20742
1168.15000,-0.51512,1.23691,-2.21047
1168.20000,-0.51525,1.23673,-2.21383
1168.25000,-0.51536,1.23659,-2.21753
1168.30000,-0.51547,1.23644,-2.22131
1168.35000,-0.51559,1.23629,-2.22529
1168.40000,-0.51571,1.23613,-2.22936
1168.45000,-0.51582,1.23599,-2.23363
1168.50000,-0.51595,1.23583,-2.23812
1168.55000,-0.51606,1.23569,-2.24288
1168.60000,-0.51619,1.23553,-2.24803
1168.65000,-0.51633,1.23536,-2.25353
1168.70000,-0.51647,1.23518,-2.25930
1168.75000,-0.51658,1.23506,-2.26515
1168.80000,-0.51672,1.23489,-2.27155
1168.85000,-0.51683,1.23476,-2.27798
1168.90000,-0.51694,1.23463,-2.28479
1168.95000,-0.51707,1.23448,-2.29217
1169.00000,-0.51718,1.23435,-2.29968
1169.05000,-0.51733,1.23419,-2.30762
1169.10000,-0.51749,1.23401,-2.31569
1169.15000,-0.51765,1.23384,-2.32395
1169.20000,-0.51784,1.23364,-2.33243
1169.25000,-0.51804,1.23343,-2.34087
1169.30000,-0.51824,1.23323,-2.34922
1169.35000,-0.51844,1.23303,-2.35738
1169.40000,-0.51865,1.23282,-2.36528
1169.45000,-0.51886,1.23261,-2.37283
1169.50000,-0.51909,1.23239,-2.38007
1169.55000,-0.51932,1.23218,-2.38713
1169.60000,-0.52081,1.23072,-2.39405
1169.65000,-0.52654,1.22528,-2.40061
1169.70000,-0.53386,1.21862,-2.40652
1169.75000,-0.54125,1.21198,-2.41332
1169.80000,-0.54869,1.20535,-2.42050
1169.85000,-0.55593,1.19892,-2.42762
1169.90000,-0.55850,1.19700,-2.43444
1169.95000,-0.55860,1.19693,-2.44658
1170.00000,-0.55853,1.19698,-2.45959
1170.05000,-0.55847,1.19702,-2.47253
1170.10000,-0.55841,1.19706,-2.48540
1170.15000,-0.55835,1.19710,-2.49820
1170.20000,-0.55829,1.19714,-2.51092
1170.25000,-0.55824,1.19718,-2.52357
1170.30000,-0.55818,1.19721,-2.53613
1170.35000,-0.55813,1.19724,-2.54860
1170.40000,-0.55807,1.19728,-2.56099
1170.45000,-0.55802,1.19730,-2.57317
1170.50000,-0.55799,1.19732,-2.58501
1170.55000,-0.55815,1.19721,-2.59722
1170.60000,-0.55977,1.19573,-2.60901
1170.65000,-0.56737,1.19105,-2.61868
1170.70000,-0.57590,1.18619,-2.62828
1170.75000,-0.58445,1.18141,-2.63837
1170.80000,-0.59300,1.17676,-2.64968
1170.85000,-0.60146,1.17226,-2.66077
1170.90000,-0.60550,1.17087,-2.67137
1170.95000,-0.60550,1.17089,-2.68733
1171.00000,-0.60541,1.17093,-2.70524
1171.05000,-0.60523,1.17101,-2.72214
1171.10000,-0.60510,1.17106,-2.73854
1171.15000,-0.60502,1.17109,-2.75388
1171.20000,-0.60492,1.17112,-2.76833
1171.25000,-0.60635,1.16980,-2.78156
1171.30000,-0.61304,1.16656,-2.79356
1171.35000,-0.62218,1.16331,-2.80515
1171.40000,-0.63138,1.16016,-2.81726
1171.45000,-0.64057,1.15713,-2.83011
1171.50000,-0.64979,1.15423,-2.84435
1171.55000,-0.65904,1.15140,-2.85863
1171.60000,-0.66475,1.15070,-2.87072
1171.65000,-0.66525,1.15074,-2.88768
1171.70000,-0.66499,1.15081,-2.90766
1171.75000,-0.66471,1.15086,-2.92764
1171.80000,-0.66444,1.15092,-2.94708
1171.85000,-0.66422,1.15095,-2.96557
1171.90000,-0.66399,1.15100,-2.98314
1171.95000,-0.66543,1.15048,-2.99976
1172.00000,-0.67164,1.14926,-3.01548
1172.05000,-0.68112,1.14812,-3.02996
1172.10000,-0.69072,1.14711,-3.04387
1172.15000,-0.70033,1.14623,-3.05813
1172.20000,-0.70996,1.14550,-3.07260
1172.25000,-0.71958,1.14490,-3.08728
1172.30000,-0.72919,1.14445,-3.10258
1172.35000,-0.73878,1.14415,-3.11900
1172.40000,-0.74833,1.14402,-3.13680
1172.45000,-0.75789,1.14397,3.12852
1172.50000,-0.76275,1.14399,3.11110
1172.55000,-0.76269,1.14399,3.09031
1172.60000,-0.76231,1.14397,3.06783
1172.65000,-0.76194,1.14395,3.04562
1172.70000,-0.76158,1.14393,3.02403
1172.75000,-0.76123,1.14390,3.00315
1172.80000,-0.76282,1.14442,2.98267
1172.85000,-0.77098,1.14591,2.96389
1172.90000,-0.78036,1.14769,2.94573
1172.95000,-0.78969,1.14963,2.92708
1173.00000,-0.79897,1.15175,2.90769
1173.05000,-0.80818,1.15404,2.88778
1173.10000,-0.81734,1.15652,2.86732
1173.15000,-0.82642,1.15918,2.84614
1173.20000,-0.83549,1.16193,2.82488
1173.25000,-0.83911,1.16229,2.80267
1173.30000,-0.83883,1.16219,2.77946
1173.35000,-0.83854,1.16209,2.75602
1173.40000,-0.83818,1.16195,2.73274
1173.45000,-0.83781,1.16178,2.70965
1173.50000,-0.83946,1.16300,2.68640
1173.55000,-0.84613,1.16675,2.66499
1173.60000,-0.85451,1.17119,2.64396
1173.65000,-0.86280,1.17581,2.62292
1173.70000,-0.87101,1.18061,2.60182
1173.75000,-0.87909,1.18557,2.58085
1173.80000,-0.88711,1.19071,2.55978
1173.85000,-0.89499,1.19602,2.53874
1173.90000,-0.90277,1.20148,2.51748
1173.95000,-0.91040,1.20710,2.49610
1174.00000,-0.91791,1.21288,2.47442
1174.05000,-0.92529,1.21882,2.45242
1174.10000,-0.93251,1.22490,2.43024
1174.15000,-0.93960,1.23114,2.40794
1174.20000,-0.94654,1.23754,2.38556
1174.25000,-0.95334,1.24409,2.36313
1174.30000,-0.95999,1.25079,2.34070
1174.35000,-0.96648,1.25763,2.31830
1174.40000,-0.97283,1.26462,2.29596
1174.45000,-0.97901,1.27176,2.27371
1174.50000,-0.98504,1.27903,2.25158
1174.55000,-0.99091,1.28644,2.22959
1174.60000,-0.99670,1.29408,2.20838
1174.65000,-1.00224,1.30176,2.18692
1174.70000,-1.00762,1.30956,2.16568
1174.75000,-1.01283,1.31747,2.14469
1174.80000,-1.01789,1.32550,2.12395
1174.85000,-1.02278,1.33363,2.10352
1174.90000,-1.02751,1.34187,2.08337
1174.95000,-1.03208,1.35021,2.06352
1175.00000,-1.03648,1.35864,2.04400
1175.05000,-1.04073,1.36716,2.02485
1175.10000,-1.04481,1.37577,2.00605
1175.15000,-1.04874,1.38446,1.98766
1175.20000,-1.05252,1.39323,1.96966
1175.25000,-1.05614,1.40208,1.95209
1175.30000,-1.05961,1.41100,1.93493
1175.35000,-1.06294,1.41999,1.91824
1175.40000,-1.06612,1.42904,1.90198
1175.45000,-1.06916,1.43815,1.88621
1175.50000,-1.07206,1.44732,1.87090
1175.55000,-1.07482,1.45654,1.85608
1175.60000,-1.07746,1.46582,1.84176
1175.65000,-1.07997,1.47514,1.82797
1175.70000,-1.08235,1.48451,1.81468
1175.75000,-1.08462,1.49393,1.80207
1175.80000,-1.08677,1.50339,1.79040
1175.85000,-1.08883,1.51291,1.77982
1175.90000,-1.09080,1.52246,1.77030
1175.95000,-1.09269,1.53208,1.76184
1176.00000,-1.09456,1.54192,1.75434
1176.05000,-1.09637,1.55177,1.74796
1176.10000,-1.09809,1.56157,1.74174
1176.15000,-1.09953,1.57107,1.73585
1176.20000,-1.09956,1.57586,1.73162
1176.25000,-1.09959,1.57648,1.72845
1176.30000,-1.09961,1.57662,1.72668
1176.35000,-1.09963,1.57675,1.72534
1176.40000,-1.09966,1.57689,1.72432
1176.45000,-1.09968,1.57704,1.72353
1176.50000,-1.09970,1.57718,1.72291
1176.55000,-1.09972,1.57732,1.72236
1176.60000,-1.09974,1.57747,1.72182
1176.65000,-1.09976,1.57761,1.72122
1176.70000,-1.09979,1.57775,1.72049
1176.75000,-1.09981,1.57788,1.71958
1176.80000,-1.09983,1.57801,1.71842
1176.85000,-1.09985,1.57813,1.71698
1176.90000,-1.09987,1.57825,1.71554
1176.95000,-1.09988,1.57837,1.71438
1177.00000,-1.09991,1.57850,1.71349
1177.05000,-1.09992,1.57864,1.71287
1177.10000,-1.09994,1.57878,1.71250
1177.15000,-1.09996,1.57892,1.71239
1177.20000,-1.09999,1.57906,1.71251
1177.25000,-1.10000,1.57920,1.71284
1177.30000,-1.10003,1.57934,1.71338
1177.35000,-1.10005,1.57949,1.71412
1177.40000,-1.10007,1.57964,1.71499
1177.45000,-1.10009,1.57978,1.71589
1177.50000,-1.10011,1.57994,1.71691
1177.55000,-1.10013,1.58009,1.71785
1177.60000,-1.10076,1.58208,1.71916
1177.65000,-1.10220,1.58855,1.72026
1177.70000,-1.10369,1.59806,1.72073
1177.75000,-1.10518,1.60795,1.72071
1177.80000,-1.10668,1.61783,1.72048
1177.85000,-1.10817,1.62772,1.71998
1177.90000,-1.10965,1.63761,1.71933
1177.95000,-1.11112,1.64749,1.71861
1178.00000,-1.11259,1.65738,1.71783
1178.05000,-1.11405,1.66726,1.71707
1178.10000,-1.11550,1.67714,1.71635
1178.15000,-1.11695,1.68703,1.71571
1178.20000,-1.11839,1.69692,1.71518
1178.25000,-1.11983,1.70682,1.71487
1178.30000,-1.12126,1.71671,1.71481
1178.35000,-1.12270,1.72663,1.71511
1178.40000,-1.12414,1.73654,1.71576
1178.45000,-1.12559,1.74646,1.71684
1178.50000,-1.12706,1.75639,1.71843
1178.55000,-1.12855,1.76635,1.72057
1178.60000,-1.13008,1.77635,1.72283
1178.65000,-1.13162,1.78633,1.72620
1178.70000,-1.13321,1.79635,1.72990
1178.75000,-1.13475,1.80623,1.73380
1178.80000,-1.13498,1.81161,1.73848
1178.85000,-1.13504,1.81221,1.74464
1178.90000,-1.13509,1.81252,1.75261
1178.95000,-1.13515,1.81285,1.76128
1179.00000,-1.13521,1.81320,1.77066
1179.05000,-1.13528,1.81357,1.78085
1179.10000,-1.13535,1.81395,1.79181
1179.15000,-1.13545,1.81437,1.80358
1179.20000,-1.13555,1.81480,1.81628
1179.25000,-1.13567,1.81524,1.82950
1179.30000,-1.13579,1.81568,1.84268
1179.35000,-1.13591,1.81612,1.85582
1179.40000,-1.13604,1.81655,1.86893
1179.45000,-1.13618,1.81698,1.88199
1179.50000,-1.13632,1.81741,1.89501
1179.55000,-1.13646,1.81783,1.90798
1179.60000,-1.13661,1.81826,1.92089
1179.65000,-1.13677,1.81867,1.93373
1179.70000,-1.13693,1.81909,1.94651
1179.75000,-1.13710,1.81951,1.95940
1179.80000,-1.13726,1.81992,1.97280
1179.85000,-1.13744,1.82034,1.98680
1179.90000,-1.13763,1.82079,2.00122
1179.95000,-1.13786,1.82129,2.01619
1180.00000,-1.13810,1.82180,2.03119
1180.05000,-1.13834,1.82231,2.04621
1180.10000,-1.13859,1.82283,2.06123
1180.15000,-1.13884,1.82335,2.07627
1180.20000,-1.13909,1.82387,2.09132
1180.25000,-1.13935,1.82440,2.10638
1180.30000,-1.13961,1.82493,2.12145
1180.35000,-1.13987,1.82537,2.13680
1180.40000,-1.14013,1.82578,2.15195
1180.45000,-1.14035,1.82612,2.16687
1180.50000,-1.14060,1.82650,2.18186
1180.55000,-1.14085,1.82686,2.19654
1180.60000,-1.14109,1.82721,2.21115
1180.65000,-1.14136,1.82757,2.22616
1180.70000,-1.14161,1.82789,2.24159
1180.75000,-1.14191,1.82826,2.25697
1180.80000,-1.14222,1.82863,2.27257
1180.85000,-1.14246,1.82892,2.28828
1180.90000,-1.14433,1.83091,2.30400
1180.95000,-1.15020,1.83731,2.31887
1181.00000,-1.15680,1.84433,2.33354
1181.05000,-1.16352,1.85126,2.34740
1181.10000,-1.17035,1.85812,2.36036
1181.15000,-1.17728,1.86490,2.37237
1181.20000,-1.18430,1.87163,2.38339
1181.25000,-1.19141,1.87830,2.39340
1181.30000,-1.19862,1.88493,2.40235
1181.35000,-1.20604,1.89164,2.40981
1181.40000,-1.21349,1.89829,2.41657
1181.45000,-1.22099,1.90489,2.42283
1181.50000,-1.22854,1.91146,2.42848
1181.55000,-1.23612,1.91797,2.43353
1181.60000,-1.24373,1.92446,2.43803
1181.65000,-1.25137,1.93092,2.44190
1181.70000,-1.25904,1.93735,2.44506
1181.75000,-1.26671,1.94375,2.44758
1181.80000,-1.27441,1.95015,2.44931
1181.85000,-1.28213,1.95654,2.45032
1181.90000,-1.28985,1.96292,2.45060
1181.95000,-1.29755,1.96930,2.45036
1182.00000,-1.30523,1.97567,2.44940
1182.05000,-1.31289,1.98205,2.44809
1182.10000,-1.32054,1.98844,2.44654
1182.15000,-1.32818,1.99484,2.44490
1182.20000,-1.33580,2.00125,2.44329
1182.25000,-1.34342,2.00767,2.44185
1182.30000,-1.35104,2.01411,2.44077
1182.35000,-1.35867,2.02055,2.44001
1182.40000,-1.36631,2.02700,2.43972
1182.45000,-1.37396,2.03347,2.43993
1182.50000,-1.38161,2.03993,2.44075
1182.55000,-1.38928,2.04639,2.44150
1182.60000,-1.39691,2.05283,2.44135
1182.65000,-1.40449,2.05923,2.43838
1182.70000,-1.41185,2.06547,2.43512
1182.75000,-1.41838,2.07089,2.43185
1182.80000,-1.42070,2.07250,2.42675
1182.85000,-1.42087,2.07265,2.41095
1182.90000,-1.42053,2.07234,2.39076
1182.95000,-1.42021,2.07204,2.37064
1183.00000,-1.41990,2.07173,2.35067
1183.05000,-1.41960,2.07144,2.33114
1183.10000,-1.41930,2.07112,2.31138
1183.15000,-1.41904,2.07083,2.29084
1183.20000,-1.41892,2.07069,2.26926
1183.25000,-1.41895,2.07073,2.24679
1183.30000,-1.41899,2.07078,2.22250
1183.35000,-1.41902,2.07082,2.19637
1183.40000,-1.41905,2.07087,2.16865
1183.45000,-1.41908,2.07091,2.13900
1183.50000,-1.41911,2.07096,2.10697
1183.55000,-1.41914,2.07101,2.07379
1183.60000,-1.41917,2.07106,2.04072
1183.65000,-1.41919,2.07111,2.00779
1183.70000,-1.41922,2.07117,1.97499
1183.75000,-1.41924,2.07122,1.94238
1183.80000,-1.41926,2.07127,1.90930
1183.85000,-1.41917,2.07111,1.87398
1183.90000,-1.41892,2.07030,1.83419
1183.95000,-1.41868,2.06936,1.79179
1184.00000,-1.41847,2.06837,1.74748
1184.05000,-1.41830,2.06734,1.70157
1184.10000,-1.41819,2.06629,1.65431
1184.15000,-1.41812,2.06520,1.60592
1184.20000,-1.41810,2.06411,1.55720
1184.25000,-1.41812,2.06302,1.50844
1184.30000,-1.41813,2.06266,1.46279
1184.35000,-1.41811,2.06276,1.41934
1184.40000,-1.41810,2.06287,1.37628
1184.45000,-1.41807,2.06297,1.33352
1184.50000,-1.41805,2.06308,1.29069
1184.55000,-1.41801,2.06318,1.24742
1184.60000,-1.41797,2.06330,1.20350
1184.65000,-1.41792,2.06342,1.15905
1184.70000,-1.41785,2.06356,1.11439
1184.75000,-1.41777,2.06372,1.06961
1184.80000,-1.41768,2.06389,1.02484
1184.85000,-1.41756,2.06407,0.98020
1184.90000,-1.41742,2.06426,0.93573
1184.95000,-1.41727,2.06447,0.89149
1185.00000,-1.41709,2.06467,0.84766
1185.05000,-1.41690,2.06488,0.80430
1185.10000,-1.41671,2.06507,0.76146
1185.15000,-1.41650,2.06526,0.71908
1185.20000,-1.41630,2.06543,0.67708
1185.25000,-1.41608,2.06560,0.63528
1185.30000,-1.41587,2.06575,0.59351
1185.35000,-1.41564,2.06589,0.55167
1185.40000,-1.41540,2.06603,0.50967
1185.45000,-1.41515,2.06617,0.46758
1185.50000,-1.41486,2.06631,0.42554
1185.55000,-1.41455,2.06644,0.38374
1185.60000,-1.41420,2.06657,0.34248
1185.65000,-1.41381,2.06670,0.30192
1185.70000,-1.41337,2.06683,0.26205
1185.75000,-1.41288,2.06695,0.22287
1185.80000,-1.41235,2.06706,0.18439
1185.85000,-1.41176,2.06716,0.14661
1185.90000,-1.41112,2.06724,0.10952
1185.95000,-1.41041,2.06731,0.07312
1186.00000,-1.40964,2.06735,0.03741
1186.05000,-1.40678,2.06741,0.00199
1186.10000,-1.39929,2.06728,-0.03242
1186.15000,-1.39032,2.06682,-0.06975
1186.20000,-1.38129,2.06602,-0.10734
1186.25000,-1.37231,2.06488,-0.14511
1186.30000,-1.36339,2.06340,-0.18332
1186.35000,-1.35455,2.06159,-0.22232
1186.40000,-1.34583,2.05943,-0.26240
1186.45000,-1.33728,2.05725,-0.30186
1186.50000,-1.33452,2.05701,-0.34174
1186.55000,-1.33439,2.05696,-0.38315
1186.60000,-1.33458,2.05703,-0.42507
1186.65000,-1.33265,2.05591,-0.46500
1186.70000,-1.32582,2.05230,-0.50006
1186.75000,-1.31805,2.04785,-0.53841
1186.80000,-1.31041,2.04309,-0.57813
1186.85000,-1.30302,2.03804,-0.61917
1186.90000,-1.29589,2.03303,-0.65937
1186.95000,-1.29389,2.03210,-0.70061
1187.00000,-1.29362,2.03185,-0.74363
1187.05000,-1.29345,2.03167,-0.78676
1187.10000,-1.29318,2.03138,-0.82792
1187.15000,-1.29101,2.02889,-0.86592
1187.20000,-1.28590,2.02268,-0.90070
1187.25000,-1.28044,2.01551,-0.93895
1187.30000,-1.27526,2.00813,-0.97808
1187.35000,-1.27039,2.00057,-1.01811
1187.40000,-1.26585,1.99286,-1.05932
1187.45000,-1.26164,1.98499,-1.10195
1187.50000,-1.25781,1.97698,-1.14608
1187.55000,-1.25447,1.96926,-1.18941
1187.60000,-1.25411,1.96748,-1.23122
1187.65000,-1.25414,1.96749,-1.27795
1187.70000,-1.25394,1.96679,-1.32200
1187.75000,-1.25372,1.96582,-1.36445
1187.80000,-1.25352,1.96477,-1.40602
1187.85000,-1.25302,1.96187,-1.44689
1187.90000,-1.25232,1.95514,-1.48755
1187.95000,-1.25172,1.94572,-1.52576
1188.00000,-1.25144,1.93573,-1.56038
1188.05000,-1.25150,1.92574,-1.59276
1188.10000,-1.25187,1.91578,-1.62293
1188.15000,-1.25250,1.90645,-1.65332
1188.20000,-1.25340,1.89721,-1.68181
1188.25000,-1.25442,1.88806,-1.70984
1188.30000,-1.25472,1.88480,-1.73644
1188.35000,-1.25490,1.88388,-1.75827
1188.40000,-1.25510,1.88302,-1.77990
1188.45000,-1.25534,1.88205,-1.80107
1188.50000,-1.25558,1.88116,-1.82230
1188.55000,-1.25584,1.88026,-1.84337
1188.60000,-1.25613,1.87932,-1.86421
1188.65000,-1.25646,1.87834,-1.88428
1188.70000,-1.25684,1.87725,-1.90281
1188.75000,-1.25729,1.87606,-1.91973
1188.80000,-1.25785,1.87465,-1.93455
1188.85000,-1.25850,1.87299,-1.94825
1188.90000,-1.25915,1.87139,-1.96069
1188.95000,-1.25988,1.86967,-1.97150
1189.00000,-1.26068,1.86787,-1.98136
1189.05000,-1.26153,1.86595,-1.99005
1189.10000,-1.26244,1.86396,-1.99777
1189.15000,-1.26346,1.86173,-2.00407
1189.20000,-1.26454,1.85941,-2.00929
1189.25000,-1.26571,1.85695,-2.01319
1189.30000,-1.26694,1.85437,-2.01582
1189.35000,-1.26826,1.85161,-2.01702
1189.40000,-1.26968,1.84865,-2.01688
1189.45000,-1.27120,1.84547,-2.01544
1189.50000,-1.27282,1.84206,-2.01277
1189.55000,-1.27452,1.83844,-2.00880
1189.60000,-1.27632,1.83457,-2.00406
1189.65000,-1.27821,1.83043,-1.99840
1189.70000,-1.28013,1.82618,-1.99185
1189.75000,-1.28217,1.82157,-1.98514
1189.80000,-1.28430,1.81667,-1.97728
1189.85000,-1.28645,1.81163,-1.96853
1189.90000,-1.28860,1.80641,-1.95919
1189.95000,-1.29082,1.80091,-1.94964
1190.00000,-1.29306,1.79517,-1.93957
1190.05000,-1.29535,1.78913,-1.92828
1190.10000,-1.29765,1.78286,-1.91719
1190.15000,-1.29997,1.77629,-1.90589
1190.20000,-1.30231,1.76942,-1.89431
1190.25000,-1.30461,1.76241,-1.88243
1190.30000,-1.30687,1.75522,-1.86993
1190.35000,-1.30907,1.74797,-1.85626
1190.40000,-1.31118,1.74056,-1.84318
1190.45000,-1.31319,1.73320,-1.82983
1190.50000,-1.31513,1.72563,-1.81664
1190.55000,-1.31699,1.71799,-1.80346
1190.60000,-1.31870,1.71051,-1.79015
1190.65000,-1.32031,1.70307,-1.77641
1190.70000,-1.32182,1.69551,-1.76207
1190.75000,-1.32330,1.68756,-1.74867
1190.80000,-1.32470,1.67943,-1.73537
1190.85000,-1.32599,1.67125,-1.72175
1190.90000,-1.32721,1.66286,-1.70850
1190.95000,-1.32831,1.65438,-1.69513
1191.00000,-1.32933,1.64569,-1.68193
1191.05000,-1.33026,1.63683,-1.66883
1191.10000,-1.33105,1.62819,-1.65668
1191.15000,-1.33173,1.61958,-1.64291
1191.20000,-1.33229,1.61093,-1.63046
1191.25000,-1.33275,1.60242,-1.61868
1191.30000,-1.33310,1.59381,-1.60637
1191.35000,-1.33335,1.58537,-1.59391
1191.40000,-1.33349,1.57738,-1.58148
1191.45000,-1.33352,1.56936,-1.56919
1191.50000,-1.33346,1.56132,-1.55705
1191.55000,-1.33330,1.55329,-1.54509
1191.60000,-1.33305,1.54528,-1.53329
1191.65000,-1.33270,1.53712,-1.52183
1191.70000,-1.33226,1.52902,-1.51155
1191.75000,-1.33174,1.52101,-1.50146
1191.80000,-1.33114,1.51305,-1.49157
1191.85000,-1.33047,1.50512,-1.48181
1191.90000,-1.32973,1.49720,-1.47218
1191.95000,-1.32891,1.48931,-1.46269
1192.00000,-1.32801,1.48142,-1.45336
1192.05000,-1.32704,1.47353,-1.44418
1192.10000,-1.32600,1.46566,-1.43516
1192.15000,-1.32489,1.45780,-1.42631
1192.20000,-1.32372,1.44996,-1.41762
1192.25000,-1.32248,1.44219,-1.40894
1192.30000,-1.32120,1.43454,-1.40054
1192.35000,-1.31987,1.42699,-1.39232
1192.40000,-1.31813,1.41767,-1.38422
1192.45000,-1.31624,1.40785,-1.37625
1192.50000,-1.31427,1.39804,-1.36849
1192.55000,-1.31222,1.38826,-1.36096
1192.60000,-1.31011,1.37850,-1.35382
1192.65000,-1.30791,1.36871,-1.34663
1192.70000,-1.30565,1.35893,-1.33969
1192.75000,-1.30331,1.34912,-1.33268
1192.80000,-1.30091,1.33936,-1.32609
1192.85000,-1.29845,1.32960,-1.31967
1192.90000,-1.29590,1.31980,-1.31319
1192.95000,-1.29329,1.30999,-1.30682
1193.00000,-1.29062,1.30021,-1.30078
1193.05000,-1.28789,1.29044,-1.29489
1193.10000,-1.28510,1.28069,-1.28909
1193.15000,-1.28225,1.27095,-1.28351
1193.20000,-1.27936,1.26123,-1.27811
1193.25000,-1.27641,1.25153,-1.27295
1193.30000,-1.27343,1.24187,-1.26788
1193.35000,-1.27040,1.23225,-1.26287
1193.40000,-1.26733,1.22267,-1.25794
1193.45000,-1.26423,1.21313,-1.25308
1193.50000,-1.26108,1.20363,-1.24828
1193.55000,-1.25790,1.19416,-1.24351
1193.60000,-1.25468,1.18472,-1.23879
1193.65000,-1.25141,1.17530,-1.23410
1193.70000,-1.24811,1.16591,-1.22945
1193.75000,-1.24476,1.15655,-1.22482
1193.80000,-1.24137,1.14719,-1.22033
1193.85000,-1.23790,1.13776,-1.21683
1193.90000,-1.23441,1.12837,-1.21297
1193.95000,-1.23089,1.11897,-1.20928
1194.00000,-1.22733,1.10960,-1.20557
1194.05000,-1.22373,1.10026,-1.20168
1194.10000,-1.22011,1.09092,-1.19799
1194.15000,-1.21644,1.08159,-1.19435
1194.20000,-1.21276,1.07231,-1.19096
1194.25000,-1.20903,1.06300,-1.18743
1194.30000,-1.20528,1.05376,-1.18408
1194.35000,-1.20150,1.04452,-1.18083
1194.40000,-1.19769,1.03529,-1.17710
1194.45000,-1.19385,1.02610,-1.17318
1194.50000,-1.19000,1.01699,-1.16908
1194.55000,-1.18611,1.00789,-1.16487
1194.60000,-1.18219,0.99881,-1.16055
1194.65000,-1.17823,0.98976,-1.15610
1194.70000,-1.17422,0.98072,-1.15152
1194.75000,-1.17018,0.97171,-1.14678
1194.80000,-1.16610,0.96272,-1.14187
1194.85000,-1.16197,0.95375,-1.13677
1194.90000,-1.15776,0.94474,-1.13196
1194.95000,-1.15350,0.93569,-1.12667
1195.00000,-1.14918,0.92669,-1.12133
1195.05000,-1.14481,0.91768,-1.11544
1195.10000,-1.14040,0.90873,-1.10906
1195.15000,-1.13589,0.89971,-1.10223
1195.20000,-1.13131,0.89074,-1.09511
1195.25000,-1.12677,0.88201,-1.08706
1195.30000,-1.12208,0.87317,-1.07916
1195.35000,-1.11732,0.86437,-1.06984
1195.40000,-1.11257,0.85581,-1.05866
1195.45000,-1.10765,0.84716,-1.04618
1195.50000,-1.10265,0.83851,-1.03425
1195.55000,-1.10148,0.83491,-1.01982
1195.60000,-1.10115,0.83438,-0.99624
1195.65000,-1.10079,0.83381,-0.96870
1195.70000,-1.10066,0.83363,-0.94074
1195.75000,-1.10059,0.83353,-0.91045
1195.80000,-1.10052,0.83344,-0.87758
1195.85000,-1.10044,0.83335,-0.84213
1195.90000,-1.10036,0.83327,-0.80415
1195.95000,-1.10028,0.83318,-0.76376
1196.00000,-1.10020,0.83310,-0.72115
1196.05000,-1.10010,0.83303,-0.67654
1196.10000,-1.10000,0.83295,-0.63025
1196.15000,-1.09989,0.83287,-0.58250
1196.20000,-1.09978,0.83280,-0.53347
1196.25000,-1.09965,0.83273,-0.48333
1196.30000,-1.09952,0.83267,-0.43229
1196.35000,-1.09938,0.83261,-0.38055
1196.40000,-1.09923,0.83255,-0.32832
1196.45000,-1.09907,0.83250,-0.27574
1196.50000,-1.09891,0.83246,-0.22294
1196.55000,-1.09873,0.83243,-0.17003
1196.60000,-1.09856,0.83240,-0.11710
1196.65000,-1.09837,0.83238,-0.06424
1196.70000,-1.09819,0.83238,-0.01152
1196.75000,-1.09799,0.83238,0.04100
1196.80000,-1.09780,0.83239,0.09327
1196.85000,-1.09760,0.83242,0.14521
1196.90000,-1.09741,0.83245,0.19680
1196.95000,-1.09721,0.83250,0.24799
1197.00000,-1.09701,0.83255,0.29874
1197.05000,-1.09682,0.83262,0.34903
1197.10000,-1.09662,0.83269,0.39881
1197.15000,-1.09643,0.83278,0.44808
1197.20000,-1.09625,0.83287,0.49681
1197.25000,-1.09606,0.83298,0.54498
1197.30000,-1.09588,0.83309,0.59258
1197.35000,-1.09571,0.83322,0.63958
1197.40000,-1.09554,0.83335,0.68598
1197.45000,-1.09538,0.83349,0.73176
1197.50000,-1.09522,0.83364,0.77691
1197.55000,-1.09507,0.83379,0.82142
1197.60000,-1.09492,0.83396,0.86528
1197.65000,-1.09479,0.83412,0.90848
1197.70000,-1.09466,0.83430,0.95101
1197.75000,-1.09453,0.83448,0.99286
1197.80000,-1.09442,0.83467,1.03404
1197.85000,-1.09431,0.83486,1.07452
1197.90000,-1.09421,0.83505,1.11431
1197.95000,-1.09411,0.83525,1.15340
1198.00000,-1.09304,0.83719,1.19120
1198.05000,-1.09018,0.84454,1.22414
1198.10000,-1.08705,0.85372,1.26002
1198.15000,-1.08417,0.86330,1.29643
1198.20000,-1.08163,0.87297,1.33214
1198.25000,-1.07944,0.88272,1.36713
1198.30000,-1.07758,0.89255,1.40138
1198.35000,-1.07606,0.90243,1.43488
1198.40000,-1.07487,0.91236,1.46762
1198.45000,-1.07400,0.92232,1.49958
1198.50000,-1.07345,0.93230,1.53078
1198.55000,-1.07320,0.94230,1.56120
1198.60000,-1.07325,0.95230,1.59087
1198.65000,-1.07360,0.96229,1.61981
1198.70000,-1.07423,0.97227,1.64800
1198.75000,-1.07514,0.98223,1.67546
1198.80000,-1.07631,0.99216,1.70218
1198.85000,-1.07775,1.00205,1.72811
1198.90000,-1.07944,1.01190,1.75330
1198.95000,-1.08138,1.02176,1.77791
1199.00000,-1.08360,1.03182,1.80276
1199.05000,-1.08601,1.04153,1.82568
1199.10000,-1.08865,1.05123,1.84794
1199.15000,-1.09152,1.06096,1.86977
1199.20000,-1.09457,1.07048,1.89023
1199.25000,-1.09771,1.07998,1.91064
1199.30000,-1.09821,1.08407,1.93116
1199.35000,-1.09831,1.08437,1.94934
1199.40000,-1.09838,1.08455,1.96626
1199.45000,-1.09845,1.08472,1.98255
1199.50000,-1.09853,1.08489,1.99826
1199.55000,-1.09861,1.08505,2.01346
1199.60000,-1.09869,1.08522,2.02817
1199.65000,-1.09877,1.08539,2.04244
1199.70000,-1.09886,1.08556,2.05625
1199.75000,-1.09895,1.08573,2.06959
1199.80000,-1.09904,1.08589,2.08247
1199.85000,-1.09914,1.08606,2.09487
1199.90000,-1.09923,1.08623,2.10679
1199.95000,-1.09933,1.08639,2.11824
1200.00000,-1.09943,1.08656,2.12923
1200.05000,-1.09954,1.08672,2.13974
1200.10000,-1.09964,1.08688,2.14979
1200.15000,-1.09975,1.08704,2.15937
1200.20000,-1.09986,1.08721,2.16850
1200.25000,-1.09997,1.08737,2.17715
1200.30000,-1.10008,1.08753,2.18534
1200.35000,-1.10019,1.08768,2.19303
1200.40000,-1.10031,1.08784,2.20023
1200.45000,-1.10042,1.08800,2.20694
1200.50000,-1.10054,1.08816,2.21317
1200.55000,-1.10066,1.08831,2.21893
1200.60000,-1.10077,1.08847,2.22423
1200.65000,-1.10089,1.08862,2.22907
1200.70000,-1.10101,1.08877,2.23349
1200.75000,-1.10113,1.08893,2.23749
1200.80000,-1.10125,1.08908,2.24111
1200.85000,-1.10137,1.08923,2.24434
1200.90000,-1.10150,1.08939,2.24720
1200.95000,-1.10162,1.08954,2.24969
1201.00000,-1.10174,1.08969,2.25181
1201.05000,-1.10187,1.08984,2.25360
1201.10000,-1.10199,1.09000,2.25504
1201.15000,-1.10212,1.09015,2.25614
1201.20000,-1.10224,1.09030,2.25690
1201.25000,-1.10236,1.09045,2.25734
1201.30000,-1.10249,1.09061,2.25745
1201.35000,-1.10261,1.09076,2.25722
1201.40000,-1.10274,1.09091,2.25667
1201.45000,-1.10286,1.09106,2.25579
1201.50000,-1.10299,1.09122,2.25460
1201.55000,-1.10311,1.09137,2.25308
1201.60000,-1.10324,1.09152,2.25127
1201.65000,-1.10336,1.09167,2.24915
1201.70000,-1.10348,1.09183,2.24675
1201.75000,-1.10361,1.09198,2.24408
1201.80000,-1.10373,1.09213,2.24115
1201.85000,-1.10385,1.09229,2.23798
1201.90000,-1.10397,1.09244,2.23457
1201.95000,-1.10409,1.09260,2.23092
1202.00000,-1.10421,1.09275,2.22705
1202.05000,-1.10433,1.09291,2.22296
1202.10000,-1.10445,1.09306,2.21865
1202.15000,-1.10457,1.09322,2.21414
1202.20000,-1.10468,1.09338,2.20941
1202.25000,-1.10480,1.09353,2.20448
1202.30000,-1.10492,1.09369,2.19936
1202.35000,-1.10503,1.09385,2.19404
1202.40000,-1.10514,1.09401,2.18854
1202.45000,-1.10526,1.09417,2.18284
1202.50000,-1.10537,1.09433,2.17698
1202.55000,-1.10548,1.09449,2.17094
1202.60000,-1.10559,1.09465,2.16474
1202.65000,-1.10569,1.09481,2.15840
1202.70000,-1.10580,1.09497,2.15191
1202.75000,-1.10591,1.09513,2.14528
1202.80000,-1.10601,1.09529,2.13854
1202.85000,-1.10611,1.09545,2.13167
1202.90000,-1.10621,1.09562,2.12470
1202.95000,-1.10631,1.09578,2.11763
1203.00000,-1.10641,1.09594,2.11047
1203.05000,-1.10651,1.09610,2.10322
1203.10000,-1.10660,1.09626,2.09589
1203.15000,-1.10670,1.09643,2.08850
1203.20000,-1.10679,1.09659,2.08104
1203.25000,-1.10687,1.09675,2.07353
1203.30000,-1.10696,1.09691,2.06597
1203.35000,-1.10705,1.09706,2.05837
1203.40000,-1.10713,1.09722,2.05075
1203.45000,-1.10721,1.09738,2.04310
1203.50000,-1.10729,1.09753,2.03546
1203.55000,-1.10736,1.09768,2.02782
1203.60000,-1.10744,1.09783,2.02020
1203.65000,-1.10751,1.09798,2.01259
1203.70000,-1.10758,1.09813,2.00497
1203.75000,-1.10764,1.09828,1.99731
1203.80000,-1.10771,1.09843,1.98962
1203.85000,-1.10778,1.09858,1.98191
1203.90000,-1.10784,1.09873,1.97417
1203.95000,-1.10791,1.09888,1.96642
1204.00000,-1.10797,1.09903,1.95865
1204.05000,-1.10803,1.09918,1.95088
1204.10000,-1.10809,1.09933,1.94312
1204.15000,-1.10815,1.09948,1.93541
1204.20000,-1.10947,1.10140,1.92840
1204.25000,-1.11278,1.10921,1.92147
1204.30000,-1.11613,1.11850,1.91348
1204.35000,-1.11941,1.12781,1.90564
1204.40000,-1.12264,1.13722,1.89866
1204.45000,-1.12582,1.14666,1.89219
1204.50000,-1.12894,1.15613,1.88615
1204.55000,-1.13200,1.16561,1.88068
1204.60000,-1.13501,1.17510,1.87586
1204.65000,-1.13795,1.18456,1.87186
1204.70000,-1.14090,1.19409,1.86940
1204.75000,-1.14383,1.20364,1.86888
1204.80000,-1.14678,1.21324,1.87195
1204.85000,-1.14977,1.22271,1.87491
1204.90000,-1.15051,1.22673,1.88868
1204.95000,-1.15083,1.22796,1.92102
1205.00000,-1.15097,1.22832,1.96948
1205.05000,-1.15100,1.22839,2.02288
1205.10000,-1.15105,1.22848,2.07794
1205.15000,-1.15111,1.22858,2.13384
1205.20000,-1.15118,1.22870,2.19012
1205.25000,-1.15127,1.22881,2.24643
1205.30000,-1.15137,1.22893,2.30248
1205.35000,-1.15147,1.22904,2.35823
1205.40000,-1.15158,1.22914,2.41365
1205.45000,-1.15170,1.22924,2.46880
1205.50000,-1.15183,1.22933,2.52371
1205.55000,-1.15197,1.22943,2.57845
1205.60000,-1.15212,1.22952,2.63314
1205.65000,-1.15230,1.22961,2.68786
1205.70000,-1.15250,1.22970,2.74261
1205.75000,-1.15274,1.22980,2.79733
1205.80000,-1.15302,1.22989,2.85191
1205.85000,-1.15333,1.22997,2.90625
1205.90000,-1.15367,1.23004,2.96028
1205.95000,-1.15404,1.23010,3.01392
1206.00000,-1.15442,1.23014,3.06706
1206.05000,-1.15480,1.23016,3.11965
1206.10000,-1.15518,1.23015,-3.11151
1206.15000,-1.15557,1.23013,-3.06005
1206.20000,-1.15596,1.23009,-3.00915
1206.25000,-1.15635,1.23003,-2.95877
1206.30000,-1.15677,1.22994,-2.90886
1206.35000,-1.15720,1.22982,-2.85937
1206.40000,-1.15766,1.22968,-2.81032
1206.45000,-1.15816,1.22950,-2.76171
1206.50000,-1.15868,1.22927,-2.71353
1206.55000,-1.15925,1.22900,-2.66587
1206.60000,-1.15983,1.22868,-2.61875
1206.65000,-1.16044,1.22831,-2.57218
1206.70000,-1.16105,1.22790,-2.52622
1206.75000,-1.16165,1.22745,-2.48094
1206.80000,-1.16222,1.22698,-2.43635
1206.85000,-1.16278,1.22649,-2.39244
1206.90000,-1.16331,1.22597,-2.34923
1206.95000,-1.16383,1.22542,-2.30669
1207.00000,-1.16433,1.22484,-2.26481
1207.05000,-1.16483,1.22423,-2.22353
1207.10000,-1.16532,1.22356,-2.18283
1207.15000,-1.16580,1.22283,-2.14269
1207.20000,-1.16629,1.22204,-2.10311
1207.25000,-1.16677,1.22118,-2.06410
1207.30000,-1.16838,1.21839,-2.02660
1207.35000,-1.17158,1.21155,-1.99036
1207.40000,-1.17525,1.20292,-1.95218
1207.45000,-1.17867,1.19395,-1.91397
1207.50000,-1.18181,1.18465,-1.87731
1207.55000,-1.18460,1.17526,-1.84139
1207.60000,-1.18709,1.16565,-1.80638
1207.65000,-1.18926,1.15591,-1.77277
1207.70000,-1.19110,1.14610,-1.74019
1207.75000,-1.19262,1.13626,-1.70817
1207.80000,-1.19383,1.12635,-1.67688
1207.85000,-1.19468,1.11688,-1.64407
1207.90000,-1.19520,1.10774,-1.61040
1207.95000,-1.19541,1.09856,-1.57735
1208.00000,-1.19532,1.08937,-1.54498
1208.05000,-1.19494,1.08018,-1.51327
1208.10000,-1.19426,1.07098,-1.48225
1208.15000,-1.19331,1.06178,-1.45197
1208.20000,-1.19207,1.05261,-1.42245
1208.25000,-1.19057,1.04345,-1.39372
1208.30000,-1.18880,1.03432,-1.36574
1208.35000,-1.18678,1.02522,-1.33849
1208.40000,-1.18451,1.01617,-1.31186
1208.45000,-1.18200,1.00716,-1.28575
1208.50000,-1.17925,0.99822,-1.26010
1208.55000,-1.17628,0.98933,-1.23483
1208.60000,-1.17307,0.98052,-1.20994
1208.65000,-1.16965,0.97178,-1.18538
1208.70000,-1.16602,0.96312,-1.16115
1208.75000,-1.16217,0.95454,-1.13725
1208.80000,-1.15811,0.94605,-1.11363
1208.85000,-1.15386,0.93765,-1.09013
1208.90000,-1.14941,0.92936,-1.06648
1208.95000,-1.14477,0.92119,-1.04223
1209.00000,-1.13974,0.91276,-1.01644
1209.05000,-1.13460,0.90468,-0.98929
1209.10000,-1.12914,0.89660,-0.95948
1209.15000,-1.12349,0.88882,-0.92474
1209.20000,-1.11803,0.88135,-0.89006
1209.25000,-1.11636,0.87916,-0.84650
1209.30000,-1.11589,0.87865,-0.78941
1209.35000,-1.11587,0.87863,-0.72952
1209.40000,-1.11585,0.87862,-0.67176
1209.45000,-1.11583,0.87860,-0.61549
1209.50000,-1.11581,0.87859,-0.56008
1209.55000,-1.11579,0.87857,-0.50580
1209.60000,-1.11576,0.87856,-0.45382
1209.65000,-1.11574,0.87855,-0.40485
1209.70000,-1.11571,0.87854,-0.35957
1209.75000,-1.11362,0.87765,-0.31635
1209.80000,-1.10568,0.87507,-0.28060
1209.85000,-1.09608,0.87247,-0.24385
1209.90000,-1.08637,0.87025,-0.20498
1209.95000,-1.07656,0.86842,-0.16449
1210.00000,-1.06667,0.86699,-0.12289
1210.05000,-1.05672,0.86597,-0.08037
1210.10000,-1.04694,0.86526,-0.03838
1210.15000,-1.04367,0.86524,0.00355
1210.20000,-1.04353,0.86524,0.04803
1210.25000,-1.04162,0.86555,0.09207
1210.30000,-1.03448,0.86643,0.13088
1210.35000,-1.02497,0.86786,0.17133
1210.40000,-1.01517,0.86977,0.21280
1210.45000,-1.00544,0.87208,0.25371
1210.50000,-0.99582,0.87478,0.29342
1210.55000,-0.98632,0.87785,0.33184
1210.60000,-0.97694,0.88127,0.36863
1210.65000,-0.96768,0.88504,0.40450
1210.70000,-0.95856,0.88913,0.43926
1210.75000,-0.94958,0.89353,0.47263
1210.80000,-0.94075,0.89822,0.50417
1210.85000,-0.93207,0.90318,0.53385
1210.90000,-0.92354,0.90839,0.56177
1210.95000,-0.91515,0.91382,0.58810
1211.00000,-0.90682,0.91937,0.61437
1211.05000,-0.90309,0.92073,0.64042
1211.10000,-0.90286,0.92079,0.66097
1211.15000,-0.90281,0.92083,0.68039
1211.20000,-0.90276,0.92087,0.69913
1211.25000,-0.90271,0.92091,0.71720
1211.30000,-0.90266,0.92095,0.73482
1211.35000,-0.90261,0.92100,0.75264
1211.40000,-0.90257,0.92104,0.77131
1211.45000,-0.90252,0.92109,0.79133
1211.50000,-0.90248,0.92113,0.81269
1211.55000,-0.90243,0.92118,0.83513
1211.60000,-0.90071,0.92304,0.85693
1211.65000,-0.89513,0.92961,0.87656
1211.70000,-0.88884,0.93735,0.90020
1211.75000,-0.88262,0.94519,0.92394
1211.80000,-0.88045,0.94877,0.94550
1211.85000,-0.88020,0.94912,0.96426
1211.90000,-0.87993,0.94952,0.98226
1211.95000,-0.87989,0.94958,0.99883
1212.00000,-0.87985,0.94964,1.01500
1212.05000,-0.87981,0.94970,1.03069
1212.10000,-0.87978,0.94976,1.04604
1212.15000,-0.87974,0.94982,1.06143
1212.20000,-0.87971,0.94989,1.07747
1212.25000,-0.87967,0.94996,1.09503
1212.30000,-0.87964,0.95003,1.11446
1212.35000,-0.87875,0.95117,1.13339
1212.40000,-0.87530,0.95539,1.15201
1212.45000,-0.87133,0.96346,1.17515
1212.50000,-0.86749,0.97297,1.19948
1212.55000,-0.86397,0.98232,1.22157
1212.60000,-0.86063,0.99177,1.24192
1212.65000,-0.85740,1.00124,1.26213
1212.70000,-0.85674,1.00627,1.27899
1212.75000,-0.85661,1.00676,1.29458
1212.80000,-0.85648,1.00720,1.30878
1212.85000,-0.85636,1.00762,1.32300
1212.90000,-0.85626,1.00802,1.33697
1212.95000,-0.85616,1.00844,1.35077
1213.00000,-0.85607,1.00887,1.36455
1213.05000,-0.85598,1.00930,1.37846
1213.10000,-0.85590,1.00974,1.39259
1213.15000,-0.85582,1.01019,1.40720
1213.20000,-0.85574,1.01067,1.42269
1213.25000,-0.85567,1.01117,1.43937
1213.30000,-0.85516,1.01282,1.45460
1213.35000,-0.85412,1.01994,1.47001
1213.40000,-0.85318,1.03031,1.48900
1213.45000,-0.85242,1.04076,1.50781
1213.50000,-0.85186,1.05115,1.52489
1213.55000,-0.85136,1.06161,1.54188
1213.60000,-0.85128,1.06834,1.55787
1213.65000,-0.85129,1.06967,1.57078
1213.70000,-0.85129,1.07031,1.58144
1213.75000,-0.85129,1.07094,1.59209
1213.80000,-0.85129,1.07158,1.60274
1213.85000,-0.85128,1.07222,1.61339
1213.90000,-0.85128,1.07285,1.62404
1213.95000,-0.85127,1.07349,1.63469
1214.00000,-0.85127,1.07412,1.64533
1214.05000,-0.85126,1.07476,1.65597
1214.10000,-0.85126,1.07539,1.66659
1214.15000,-0.85126,1.07601,1.67721
1214.20000,-0.85127,1.07664,1.68783
1214.25000,-0.85128,1.07726,1.69845
1214.30000,-0.85129,1.07789,1.70908
1214.35000,-0.85131,1.07853,1.71972
1214.40000,-0.85201,1.08090,1.73080
1214.45000,-0.85360,1.08907,1.74159
1214.50000,-0.85540,1.09917,1.75292
1214.55000,-0.85726,1.10929,1.76430
1214.60000,-0.85764,1.11524,1.77619
1214.65000,-0.85772,1.11617,1.78526
1214.70000,-0.85778,1.11648,1.79249
1214.75000,-0.85785,1.11678,1.79955
1214.80000,-0.85792,1.11708,1.80641
1214.85000,-0.85799,1.11737,1.81304
1214.90000,-0.85806,1.11766,1.81931
1214.95000,-0.85812,1.11793,1.82520
1215.00000,-0.85819,1.11819,1.83070
1215.05000,-0.85825,1.11844,1.83567
1215.10000,-0.85831,1.11867,1.84009
1215.15000,-0.85837,1.11888,1.84402
1215.20000,-0.85843,1.11909,1.84727
1215.25000,-0.85848,1.11927,1.85000
1215.30000,-0.85852,1.11944,1.85205
1215.35000,-0.85857,1.11960,1.85341
1215.40000,-0.85861,1.11975,1.85413
1215.45000,-0.85865,1.11987,1.85416
1215.50000,-0.85869,1.12000,1.85357
1215.55000,-0.85871,1.12009,1.85222
1215.60000,-0.85871,1.12018,1.85012
1215.65000,-0.85871,1.12024,1.84734
1215.70000,-0.85871,1.12029,1.84383
1215.75000,-0.85872,1.12033,1.83968
1215.80000,-0.85872,1.12034,1.83485
1215.85000,-0.85872,1.12033,1.82935
1215.90000,-0.85873,1.12034,1.82327
1215.95000,-0.85872,1.12032,1.81652
1216.00000,-0.85872,1.12030,1.80925
1216.05000,-0.85871,1.12022,1.80126
1216.10000,-0.85869,1.12014,1.79266
1216.15000,-0.85868,1.12011,1.78363
1216.20000,-0.85866,1.11999,1.77391
1216.25000,-0.85863,1.11986,1.76370
1216.30000,-0.85860,1.11971,1.75303
1216.35000,-0.85858,1.11956,1.74195
1216.40000,-0.85855,1.11940,1.73048
1216.45000,-0.85852,1.11923,1.71866
1216.50000,-0.85850,1.11904,1.70650
1216.55000,-0.85847,1.11886,1.69405
1216.60000,-0.85845,1.11866,1.68132
1216.65000,-0.85843,1.11846,1.66835
1216.70000,-0.85841,1.11825,1.65517
1216.75000,-0.85839,1.11803,1.64178
1216.80000,-0.85838,1.11781,1.62822
1216.85000,-0.85837,1.11759,1.61450
1216.90000,-0.85836,1.11736,1.60064
1216.95000,-0.85835,1.11713,1.58665
1217.00000,-0.85835,1.11690,1.57255
1217.05000,-0.85835,1.11666,1.55804
1217.10000,-0.85836,1.11639,1.54274
1217.15000,-0.85836,1.11609,1.52621
1217.20000,-0.85838,1.11575,1.50793
1217.25000,-0.85839,1.11535,1.48739
1217.30000,-0.85843,1.11490,1.46490
1217.35000,-0.85848,1.11440,1.44023
1217.40000,-0.85854,1.11390,1.41349
1217.45000,-0.85863,1.11330,1.38449
1217.50000,-0.85874,1.11269,1.35341
1217.55000,-0.85889,1.11202,1.32040
1217.60000,-0.85907,1.11135,1.28558
1217.65000,-0.85928,1.11061,1.24886
1217.70000,-0.85948,1.10998,1.21112
1217.75000,-0.85976,1.10924,1.17158
1217.80000,-0.86006,1.10850,1.13125
1217.85000,-0.86040,1.10778,1.09082
1217.90000,-0.86076,1.10708,1.05060
1217.95000,-0.86109,1.10651,1.01125
1218.00000,-0.86132,1.10615,0.97249
1218.05000,-0.86162,1.10572,0.93302
1218.10000,-0.86178,1.10551,0.89394
1218.15000,-0.86198,1.10526,0.85421
1218.20000,-0.86215,1.10507,0.81390
1218.25000,-0.86230,1.10489,0.77306
1218.30000,-0.86264,1.10457,0.73045
1218.35000,-0.86290,1.10432,0.68799
1218.40000,-0.86299,1.10422,0.64597
1218.45000,-0.86355,1.10381,0.60098
1218.50000,-0.86429,1.10331,0.55500
1218.55000,-0.86504,1.10285,0.50869
1218.60000,-0.86580,1.10243,0.46228
1218.65000,-0.86657,1.10205,0.41608
1218.70000,-0.86735,1.10171,0.37038
1218.75000,-0.86813,1.10141,0.32523
1218.80000,-0.86890,1.10116,0.28063
1218.85000,-0.86967,1.10094,0.23642
1218.90000,-0.87044,1.10076,0.19248
1218.95000,-0.87121,1.10062,0.14872
1219.00000,-0.87197,1.10051,0.10513
1219.05000,-0.87272,1.10044,0.06171
1219.10000,-0.87345,1.10041,0.01849
1219.15000,-0.87417,1.10040,-0.02454
1219.20000,-0.87488,1.10041,-0.06738
1219.25000,-0.87526,1.10040,-0.10878
1219.30000,-0.87488,1.10035,-0.14707
1219.35000,-0.87450,1.10029,-0.18516
1219.40000,-0.87411,1.10021,-0.22307
1219.45000,-0.87371,1.10011,-0.26071
1219.50000,-0.87331,1.10000,-0.29793
1219.55000,-0.87292,1.09987,-0.33462
1219.60000,-0.87254,1.09973,-0.37074
1219.65000,-0.87216,1.09957,-0.40631
1219.70000,-0.87179,1.09940,-0.44140
1219.75000,-0.87142,1.09922,-0.47610
1219.80000,-0.87107,1.09903,-0.51045
1219.85000,-0.87072,1.09883,-0.54445
1219.90000,-0.87038,1.09861,-0.57810
1219.95000,-0.87004,1.09839,-0.61141
1220.00000,-0.86971,1.09815,-0.64438
1220.05000,-0.86738,1.09624,-0.67619
1220.10000,-0.86080,1.09080,-0.70428
1220.15000,-0.85333,1.08425,-0.73586
1220.20000,-0.84603,1.07743,-0.76700
1220.25000,-0.83893,1.07038,-0.79708
1220.30000,-0.83205,1.06313,-0.82593
1220.35000,-0.82538,1.05569,-0.85342
1220.40000,-0.81914,1.04833,-0.88081
1220.45000,-0.81331,1.04106,-0.90766
1220.50000,-0.80743,1.03334,-0.93107
1220.55000,-0.80184,1.02563,-0.95271
1220.60000,-0.79638,1.01779,-0.97135
1220.65000,-0.79117,1.01013,-0.98958
1220.70000,-0.78925,1.00686,-1.00385
1220.75000,-0.78919,1.00676,-1.00566
1220.80000,-0.78917,1.00671,-1.00237
1220.85000,-0.78912,1.00663,-0.99804
1220.90000,-0.78909,1.00658,-0.99351
1220.95000,-0.78909,1.00658,-0.98867
1221.00000,-0.78910,1.00660,-0.98332
1221.05000,-0.78908,1.00655,-0.97743
1221.10000,-0.78906,1.00651,-0.97083
1221.15000,-0.78901,1.00643,-0.96338
1221.20000,-0.78896,1.00633,-0.95549
1221.25000,-0.78886,1.00620,-0.94678
1221.30000,-0.78877,1.00605,-0.93671
1221.35000,-0.78869,1.00592,-0.92434
1221.40000,-0.78860,1.00580,-0.90977
1221.45000,-0.78844,1.00557,-0.89279
1221.50000,-0.78841,1.00553,-0.87546
1221.55000,-0.78838,1.00550,-0.85638
1221.60000,-0.78835,1.00546,-0.83604
1221.65000,-0.78832,1.00543,-0.81462
1221.70000,-0.78828,1.00540,-0.79262
1221.75000,-0.78825,1.00536,-0.77035
1221.80000,-0.78822,1.00533,-0.74783
1221.85000,-0.78818,1.00530,-0.72507
1221.90000,-0.78815,1.00527,-0.70203
1221.95000,-0.78811,1.00524,-0.67843
1222.00000,-0.78808,1.00521,-0.65319
1222.05000,-0.78804,1.00518,-0.62593
1222.10000,-0.78800,1.00515,-0.59661
1222.15000,-0.78795,1.00512,-0.56559
1222.20000,-0.78791,1.00510,-0.53308
1222.25000,-0.78786,1.00507,-0.49943
1222.30000,-0.78781,1.00504,-0.46486
1222.35000,-0.78776,1.00502,-0.42982
1222.40000,-0.78771,1.00500,-0.39478
1222.45000,-0.78765,1.00498,-0.35975
1222.50000,-0.78760,1.00496,-0.32475
1222.55000,-0.78754,1.00494,-0.28980
1222.60000,-0.78749,1.00492,-0.25489
1222.65000,-0.78743,1.00491,-0.21991
1222.70000,-0.78737,1.00490,-0.18450
1222.75000,-0.78731,1.00489,-0.14859
1222.80000,-0.78725,1.00488,-0.11205
1222.85000,-0.78718,1.00487,-0.07481
1222.90000,-0.78711,1.00487,-0.03686
1222.95000,-0.78704,1.00487,0.00165
1223.00000,-0.78696,1.00487,0.04057
1223.05000,-0.78688,1.00487,0.07978
1223.10000,-0.78680,1.00488,0.11914
1223.15000,-0.78672,1.00489,0.15848
1223.20000,-0.78664,1.00491,0.19756
1223.25000,-0.78656,1.00493,0.23637
1223.30000,-0.78647,1.00495,0.27488
1223.35000,-0.78639,1.00497,0.31310
1223.40000,-0.78632,1.00500,0.35101
1223.45000,-0.78624,1.00503,0.38861
1223.50000,-0.78616,1.00506,0.42596
1223.55000,-0.78608,1.00510,0.46319
1223.60000,-0.78600,1.00514,0.50036
1223.65000,-0.78592,1.00519,0.53750
1223.70000,-0.78584,1.00524,0.57464
1223.75000,-0.78576,1.00529,0.61177
1223.80000,-0.78568,1.00535,0.64878
1223.85000,-0.78513,1.00578,0.68778
1223.90000,-0.78429,1.00648,0.72816
1223.95000,-0.78380,1.00693,0.76655
1224.00000,-0.78322,1.00749,0.80503
1224.05000,-0.78263,1.00813,0.84333
1224.10000,-0.78255,1.00824,0.87947
1224.15000,-0.78239,1.00842,0.91591
1224.20000,-0.78185,1.00915,0.95322
1224.25000,-0.78155,1.00956,0.98805
1224.30000,-0.78139,1.00979,1.02167
1224.35000,-0.78112,1.01021,1.05588
1224.40000,-0.78072,1.01095,1.09115
1224.45000,-0.78033,1.01173,1.12618
1224.50000,-0.78008,1.01225,1.15954
1224.55000,-0.77971,1.01315,1.19401
1224.60000,-0.77939,1.01402,1.22786
1224.65000,-0.77909,1.01493,1.26127
1224.70000,-0.77898,1.01536,1.29219
1224.75000,-0.77802,1.01736,1.32049
1224.80000,-0.77604,1.02505,1.34719
1224.85000,-0.77403,1.03441,1.37650
1224.90000,-0.77233,1.04374,1.40585
1224.95000,-0.77095,1.05290,1.43538
1225.00000,-0.76983,1.06211,1.46413
1225.05000,-0.76897,1.07137,1.49207
1225.10000,-0.76836,1.08067,1.51922
1225.15000,-0.76800,1.09001,1.54559
1225.20000,-0.76789,1.09936,1.57125
1225.25000,-0.76801,1.10874,1.59623
1225.30000,-0.76836,1.11812,1.62054
1225.35000,-0.76894,1.12752,1.64408
1225.40000,-0.76974,1.13692,1.66658
1225.45000,-0.77074,1.14634,1.68749
1225.50000,-0.77193,1.15581,1.70520
1225.55000,-0.77302,1.16456,1.72194
1225.60000,-0.77353,1.17056,1.72851
1225.65000,-0.77416,1.17646,1.71304
1225.70000,-0.77447,1.18035,1.67641
1225.75000,-0.77462,1.18203,1.62933
1225.80000,-0.77462,1.18215,1.57534
1225.85000,-0.77462,1.18223,1.52078
1225.90000,-0.77461,1.18230,1.46613
1225.95000,-0.77460,1.18236,1.41137
1226.00000,-0.77460,1.18241,1.35652
1226.05000,-0.77459,1.18244,1.30154
1226.10000,-0.77458,1.18247,1.24641
1226.15000,-0.77457,1.18248,1.19102
1226.20000,-0.77457,1.18249,1.13543
1226.25000,-0.77457,1.18250,1.07984
1226.30000,-0.77456,1.18251,1.02433
1226.35000,-0.77456,1.18252,0.96893
1226.40000,-0.77455,1.18252,0.91367
1226.45000,-0.77454,1.18253,0.85857
1226.50000,-0.77454,1.18254,0.80368
1226.55000,-0.77454,1.18254,0.74866
1226.60000,-0.77451,1.18253,0.70562
1226.65000,-0.77413,1.18280,0.68638
1226.70000,-0.77330,1.18347,0.68780
1226.75000,-0.77243,1.18415,0.69484
1226.80000,-0.77156,1.18484,0.70298
1226.85000,-0.77124,1.18511,0.72536
1226.90000,-0.77121,1.18513,0.74898
1226.95000,-0.77119,1.18515,0.77257
1227.00000,-0.77117,1.18517,0.79607
1227.05000,-0.77115,1.18519,0.81949
1227.10000,-0.77113,1.18522,0.84273
1227.15000,-0.77110,1.18525,0.86574
1227.20000,-0.77107,1.18529,0.88855
1227.25000,-0.77103,1.18533,0.91117
1227.30000,-0.77099,1.18538,0.93361
1227.35000,-0.77095,1.18544,0.95588
1227.40000,-0.77091,1.18550,0.97800
1227.45000,-0.77087,1.18557,0.99997
1227.50000,-0.77083,1.18563,1.02179
1227.55000,-0.77079,1.18570,1.04346
1227.60000,-0.77075,1.18577,1.06495
1227.65000,-0.77071,1.18584,1.08627
1227.70000,-0.77067,1.18591,1.10740
1227.75000,-0.77063,1.18599,1.12833
1227.80000,-0.77059,1.18608,1.14908
1227.85000,-0.77055,1.18617,1.16963
1227.90000,-0.77051,1.18626,1.18999
1227.95000,-0.77048,1.18636,1.21017
1228.00000,-0.77044,1.18646,1.23015
1228.05000,-0.77040,1.18656,1.24993
1228.10000,-0.77037,1.18667,1.26951
1228.15000,-0.77034,1.18677,1.28887
1228.20000,-0.77030,1.18690,1.30808
1228.25000,-0.77027,1.18704,1.32719
1228.30000,-0.77025,1.18720,1.34683
1228.35000,-0.77024,1.18732,1.36653
1228.40000,-0.77021,1.18754,1.38596
1228.45000,-0.76952,1.18948,1.40465
1228.50000,-0.76807,1.19667,1.42236
1228.55000,-0.76671,1.20631,1.44126
1228.60000,-0.76553,1.21609,1.45993
1228.65000,-0.76454,1.22587,1.47878
1228.70000,-0.76376,1.23534,1.49863
1228.75000,-0.76317,1.24481,1.51890
1228.80000,-0.76278,1.25428,1.53979
1228.85000,-0.76248,1.26375,1.56068
1228.90000,-0.76249,1.26881,1.58074
1228.95000,-0.76249,1.26959,1.60580
1229.00000,-0.76250,1.26996,1.63342
1229.05000,-0.76254,1.27061,1.66233
1229.10000,-0.76255,1.27106,1.68999
1229.15000,-0.76257,1.27169,1.71857
1229.20000,-0.76259,1.27212,1.74670
1229.25000,-0.76271,1.27281,1.77389
1229.30000,-0.76283,1.27346,1.80050
1229.35000,-0.76297,1.27410,1.82697
1229.40000,-0.76313,1.27473,1.85320
1229.45000,-0.76331,1.27537,1.87918
1229.50000,-0.76349,1.27597,1.90485
1229.55000,-0.76368,1.27653,1.93034
1229.60000,-0.76485,1.27868,1.95635
1229.65000,-0.76834,1.28665,1.97876
1229.70000,-0.77237,1.29597,2.00263
1229.75000,-0.77335,1.30044,2.02804
1229.80000,-0.77347,1.30071,2.06735
1229.85000,-0.77349,1.30073,2.11637
1229.90000,-0.77350,1.30076,2.16514
1229.95000,-0.77352,1.30078,2.21253
1230.00000,-0.77353,1.30080,2.25941
1230.05000,-0.77355,1.30081,2.30572
1230.10000,-0.77356,1.30083,2.35149
1230.15000,-0.77358,1.30085,2.39641
1230.20000,-0.77360,1.30086,2.44010
1230.25000,-0.77370,1.30096,2.48243
1230.30000,-0.77372,1.30098,2.52305
1230.35000,-0.77374,1.30099,2.56260
1230.40000,-0.77376,1.30101,2.60136
1230.45000,-0.77378,1.30102,2.63954
1230.50000,-0.77381,1.30103,2.67707
1230.55000,-0.77384,1.30105,2.71390
1230.60000,-0.77386,1.30106,2.74991
1230.65000,-0.77389,1.30107,2.78483
1230.70000,-0.77392,1.30108,2.81845
1230.75000,-0.77395,1.30109,2.85117
1230.80000,-0.77398,1.30110,2.88339
1230.85000,-0.77552,1.30191,2.91448
1230.90000,-0.78304,1.30366,2.94271
1230.95000,-0.79272,1.30547,2.97362
1231.00000,-0.80260,1.30698,3.00607
1231.05000,-0.81253,1.30816,3.03903
1231.10000,-0.82249,1.30902,3.07181
1231.15000,-0.83247,1.30956,3.10386
1231.20000,-0.84247,1.30978,3.13468
1231.25000,-0.85246,1.30971,-3.11940
1231.30000,-0.86241,1.30935,-3.09249
1231.35000,-0.87225,1.30875,-3.06767
1231.40000,-0.88210,1.30792,-3.04405
1231.45000,-0.89181,1.30688,-3.02459
1231.50000,-0.90177,1.30573,-3.00550
1231.55000,-0.90721,1.30552,-2.98663
1231.60000,-0.90765,1.30549,-2.97676
1231.65000,-0.90777,1.30547,-2.97007
1231.70000,-0.90787,1.30546,-2.96464
1231.75000,-0.90796,1.30545,-2.96011
1231.80000,-0.90807,1.30543,-2.95631
1231.85000,-0.90816,1.30541,-2.95306
1231.90000,-0.90826,1.30539,-2.95035
1231.95000,-0.90836,1.30538,-2.94816
1232.00000,-0.90843,1.30536,-2.94655
1232.05000,-0.90849,1.30535,-2.94538
1232.10000,-0.90857,1.30536,-2.94465
1232.15000,-0.90862,1.30536,-2.94440
1232.20000,-0.90867,1.30536,-2.94462
1232.25000,-0.90871,1.30537,-2.94528
1232.30000,-0.90875,1.30538,-2.94625
1232.35000,-0.90877,1.30538,-2.94736
1232.40000,-0.90881,1.30540,-2.94838
1232.45000,-0.90888,1.30538,-2.94897
1232.50000,-0.90896,1.30537,-2.94889
1232.55000,-0.90904,1.30535,-2.94880
1232.60000,-0.90911,1.30534,-2.94695
1232.65000,-0.90919,1.30532,-2.94407
1232.70000,-0.90927,1.30531,-2.93989
1232.75000,-0.90926,1.30531,-2.93594
1232.80000,-0.90939,1.30529,-2.92975
1232.85000,-0.90950,1.30527,-2.92374
1232.90000,-0.90962,1.30524,-2.91773
1232.95000,-0.90977,1.30521,-2.91181
1233.00000,-0.90985,1.30519,-2.90665
1233.05000,-0.90993,1.30517,-2.90157
1233.10000,-0.91003,1.30515,-2.89694
1233.15000,-0.91017,1.30512,-2.89254
1233.20000,-0.91028,1.30509,-2.88865
1233.25000,-0.91036,1.30507,-2.88545
1233.30000,-0.91046,1.30505,-2.88264
1233.35000,-0.91052,1.30503,-2.88033
1233.40000,-0.91059,1.30502,-2.87804
1233.45000,-0.91070,1.30499,-2.87574
1233.50000,-0.91076,1.30497,-2.87363
1233.55000,-0.91082,1.30495,-2.87153
1233.60000,-0.91090,1.30493,-2.86924
1233.65000,-0.91100,1.30491,-2.86668
1233.70000,-0.91108,1.30489,-2.86452
1233.75000,-0.91117,1.30486,-2.86275
1233.80000,-0.91125,1.30484,-2.86146
1233.85000,-0.91132,1.30482,-2.86090
1233.90000,-0.91139,1.30480,-2.86081
1233.95000,-0.91145,1.30478,-2.86102
1234.00000,-0.91149,1.30477,-2.86124
1234.05000,-0.91155,1.30475,-2.86190
1234.10000,-0.91159,1.30474,-2.86339
1234.15000,-0.91161,1.30473,-2.86599
1234.20000,-0.91166,1.30472,-2.86943
1234.25000,-0.91172,1.30470,-2.87293
1234.30000,-0.91176,1.30469,-2.87794
1234.35000,-0.91181,1.30468,-2.88290
1234.40000,-0.91186,1.30467,-2.88788
1234.45000,-0.91186,1.30467,-2.89464
1234.50000,-0.91186,1.30467,-2.90148
1234.55000,-0.91186,1.30466,-2.90924
1234.60000,-0.91194,1.30465,-2.91701
1234.65000,-0.91201,1.30463,-2.92497
1234.70000,-0.91209,1.30461,-2.93309
1234.75000,-0.91217,1.30460,-2.94137
1234.80000,-0.91224,1.30458,-2.94975
1234.85000,-0.91232,1.30457,-2.95845
1234.90000,-0.91233,1.30456,-2.96796
1234.95000,-0.91220,1.30458,-2.97920
1235.00000,-0.91215,1.30459,-2.99128
1235.05000,-0.91226,1.30457,-3.00295
1235.10000,-0.91214,1.30460,-3.01684
1235.15000,-0.91185,1.30465,-3.03228
1235.20000,-0.91154,1.30469,-3.04830
1235.25000,-0.91122,1.30473,-3.06488
1235.30000,-0.91089,1.30477,-3.08198
1235.35000,-0.91054,1.30480,-3.09961
1235.40000,-0.91018,1.30482,-3.11772
1235.45000,-0.90982,1.30484,-3.13633
1235.50000,-0.90944,1.30485,3.12781
1235.55000,-0.90905,1.30486,3.10831
1235.60000,-0.90865,1.30485,3.08840
1235.65000,-0.90825,1.30485,3.06809
1235.70000,-0.90783,1.30483,3.04742
1235.75000,-0.90741,1.30481,3.02639
1235.80000,-0.90699,1.30478,3.00512
1235.85000,-0.90656,1.30474,2.98378
1235.90000,-0.90614,1.30469,2.96247
1235.95000,-0.90572,1.30463,2.94134
1236.00000,-0.90531,1.30456,2.92039
1236.05000,-0.90490,1.30449,2.89964
1236.10000,-0.90450,1.30440,2.87908
1236.15000,-0.90410,1.30432,2.85873
1236.20000,-0.90372,1.30422,2.83857
1236.25000,-0.90333,1.30412,2.81826
1236.30000,-0.90294,1.30400,2.79747
1236.35000,-0.90253,1.30387,2.77589
1236.40000,-0.90211,1.30373,2.75356
1236.45000,-0.90169,1.30357,2.73058
1236.50000,-0.90125,1.30340,2.70710
1236.55000,-0.90082,1.30321,2.68317
1236.60000,-0.90038,1.30301,2.65893
1236.65000,-0.89995,1.30280,2.63443
1236.70000,-0.89951,1.30258,2.60975
1236.75000,-0.89909,1.30234,2.58494
1236.80000,-0.89867,1.30209,2.56007
1236.85000,-0.89825,1.30184,2.53519
1236.90000,-0.89785,1.30157,2.51038
1236.95000,-0.89745,1.30130,2.48569
1237.00000,-0.89707,1.30101,2.46113
1237.05000,-0.89669,1.30073,2.43680
1237.10000,-0.89633,1.30044,2.41270
1237.15000,-0.89598,1.30014,2.38886
1237.20000,-0.89565,1.29984,2.36530
1237.25000,-0.89533,1.29954,2.34208
1237.30000,-0.89502,1.29924,2.31921
1237.35000,-0.89472,1.29894,2.29673
1237.40000,-0.89444,1.29864,2.27463
1237.45000,-0.89417,1.29835,2.25295
1237.50000,-0.89544,1.29976,2.23100
1237.55000,-0.90035,1.30597,2.21049
1237.60000,-0.90595,1.31366,2.18995
1237.65000,-0.91149,1.32160,2.17063
1237.70000,-0.91677,1.32952,2.15110
1237.75000,-0.92191,1.33754,2.13218
1237.80000,-0.92692,1.34569,2.11385
1237.85000,-0.93178,1.35392,2.09622
1237.90000,-0.93650,1.36225,2.07931
1237.95000,-0.94109,1.37068,2.06322
1238.00000,-0.94556,1.37919,2.04793
1238.05000,-0.94991,1.38780,2.03355
1238.10000,-0.95415,1.39647,2.02003
1238.15000,-0.95829,1.40523,2.00745
1238.20000,-0.96233,1.41405,1.99571
1238.25000,-0.96628,1.42295,1.98486
1238.30000,-0.97014,1.43189,1.97482
1238.35000,-0.97393,1.44090,1.96570
1238.40000,-0.97764,1.44996,1.95743
1238.45000,-0.98130,1.45907,1.95006
1238.50000,-0.98490,1.46822,1.94360
1238.55000,-0.98845,1.47742,1.93814
1238.60000,-0.99197,1.48666,1.93370
1238.65000,-0.99548,1.49597,1.93070
1238.70000,-0.99899,1.50532,1.92870
1238.75000,-1.00245,1.51465,1.92669
1238.80000,-1.00315,1.51940,1.92625
1238.85000,-1.00321,1.51959,1.92716
1238.90000,-1.00325,1.51968,1.92896
1238.95000,-1.00328,1.51978,1.93090
1239.00000,-1.00332,1.51988,1.93300
1239.05000,-1.00336,1.51998,1.93524
1239.10000,-1.00340,1.52007,1.93759
1239.15000,-1.00343,1.52017,1.93984
1239.20000,-1.00347,1.52027,1.94168
1239.25000,-1.00351,1.52036,1.94293
1239.30000,-1.00354,1.52046,1.94363
1239.35000,-1.00425,1.52142,1.94478
1239.40000,-1.00758,1.52635,1.94662
1239.45000,-1.01124,1.53483,1.94603
1239.50000,-1.01488,1.54413,1.94498
1239.55000,-1.01851,1.55342,1.94410
1239.60000,-1.02213,1.56273,1.94358
1239.65000,-1.02576,1.57204,1.94327
1239.70000,-1.02938,1.58135,1.94315
1239.75000,-1.03301,1.59067,1.94310
1239.80000,-1.03663,1.59999,1.94288
1239.85000,-1.04027,1.60933,1.94180
1239.90000,-1.04387,1.61859,1.93900
1239.95000,-1.04741,1.62784,1.93332
1240.00000,-1.05086,1.63700,1.92439
1240.05000,-1.05416,1.64610,1.91164
1240.10000,-1.05729,1.65514,1.89495
1240.15000,-1.06036,1.66424,1.87767
1240.20000,-1.06083,1.66869,1.86134
1240.25000,-1.06073,1.66890,1.83544
1240.30000,-1.06065,1.66860,1.80621
1240.35000,-1.06056,1.66800,1.77535
1240.40000,-1.06052,1.66780,1.74545
1240.45000,-1.06053,1.66748,1.71338
1240.50000,-1.06063,1.66779,1.68010
1240.55000,-1.06070,1.66835,1.64202
1240.60000,-1.06069,1.66806,1.60222
1240.65000,-1.06069,1.66815,1.56174
1240.70000,-1.06069,1.66825,1.51970
1240.75000,-1.06068,1.66837,1.47671
1240.80000,-1.06067,1.66849,1.43336
1240.85000,-1.06064,1.66862,1.39028
1240.90000,-1.06062,1.66876,1.34778
1240.95000,-1.06058,1.66889,1.30583
1241.00000,-1.06055,1.66902,1.26440
1241.05000,-1.06050,1.66915,1.22347
1241.10000,-1.06045,1.66928,1.18271
1241.15000,-1.06039,1.66942,1.14167
1241.20000,-1.06032,1.66956,1.09996
1241.25000,-1.06024,1.66971,1.05758
1241.30000,-1.06014,1.66988,1.01450
1241.35000,-1.06003,1.67005,0.97099
1241.40000,-1.05991,1.67022,0.92730
1241.45000,-1.05977,1.67040,0.88371
1241.50000,-1.05962,1.67057,0.84048
1241.55000,-1.05947,1.67073,0.79774
1241.60000,-1.05931,1.67089,0.75552
1241.65000,-1.05915,1.67104,0.71382
1241.70000,-1.05898,1.67118,0.67266
1241.75000,-1.05880,1.67132,0.63193
1241.80000,-1.05861,1.67145,0.59136
1241.85000,-1.05840,1.67158,0.55082
1241.90000,-1.05817,1.67172,0.51026
1241.95000,-1.05791,1.67185,0.46966
1242.00000,-1.05763,1.67199,0.42908
1242.05000,-1.05732,1.67213,0.38858
1242.10000,-1.05697,1.67226,0.34825
1242.15000,-1.05660,1.67239,0.30814
1242.20000,-1.05620,1.67251,0.26834
1242.25000,-1.05578,1.67261,0.22897
1242.30000,-1.05534,1.67270,0.19014
1242.35000,-1.05491,1.67278,0.15193
1242.40000,-1.05447,1.67284,0.11435
1242.45000,-1.05403,1.67288,0.07740
1242.50000,-1.05359,1.67291,0.04108
1242.55000,-1.05315,1.67292,0.00539
1242.60000,-1.05056,1.67284,-0.02987
1242.65000,-1.04300,1.67248,-0.06324
1242.70000,-1.03410,1.67175,-0.10074
1242.75000,-1.02511,1.67067,-0.13851
1242.80000,-1.01616,1.66925,-0.17584
1242.85000,-1.00725,1.66749,-0.21277
1242.90000,-0.99841,1.66541,-0.24939
1242.95000,-0.98964,1.66301,-0.28577
1243.00000,-0.98097,1.66029,-0.32195
1243.05000,-0.97239,1.65725,-0.35799
1243.10000,-0.96393,1.65391,-0.39401
1243.15000,-0.95559,1.65027,-0.43023
1243.20000,-0.94741,1.64633,-0.46702
1243.25000,-0.93941,1.64211,-0.50475
1243.30000,-0.93163,1.63760,-0.54415
1243.35000,-0.92404,1.63307,-0.58309
1243.40000,-0.92217,1.63261,-0.62472
1243.45000,-0.92214,1.63258,-0.67109
1243.50000,-0.92206,1.63251,-0.71676
1243.55000,-0.92197,1.63243,-0.75966
1243.60000,-0.92187,1.63233,-0.79985
1243.65000,-0.92018,1.63051,-0.83885
1243.70000,-0.91524,1.62481,-0.87451
1243.75000,-0.90957,1.61776,-0.91147
1243.80000,-0.90414,1.61048,-0.94816
1243.85000,-0.89898,1.60300,-0.98443
1243.90000,-0.89408,1.59533,-1.02018
1243.95000,-0.88944,1.58747,-1.05507
1244.00000,-0.88506,1.57943,-1.08893
1244.05000,-0.88094,1.57123,-1.12164
1244.10000,-0.87707,1.56287,-1.15306
1244.15000,-0.87345,1.55436,-1.18294
1244.20000,-0.87006,1.54572,-1.21150
1244.25000,-0.86691,1.53696,-1.23901
1244.30000,-0.86399,1.52809,-1.26574
1244.35000,-0.86130,1.51914,-1.29192
1244.40000,-0.85884,1.51012,-1.31760
1244.45000,-0.85660,1.50102,-1.34272
1244.50000,-0.85459,1.49184,-1.36712
1244.55000,-0.85280,1.48261,-1.39068
1244.60000,-0.85121,1.47330,-1.41339
1244.65000,-0.84977,1.46428,-1.43593
1244.70000,-0.84941,1.45912,-1.45682
1244.75000,-0.84943,1.45881,-1.47444
1244.80000,-0.84943,1.45881,-1.49148
1244.85000,-0.84943,1.45894,-1.50621
1244.90000,-0.84942,1.45881,-1.52072
1244.95000,-0.84942,1.45866,-1.53390
1245.00000,-0.84942,1.45843,-1.54577
1245.05000,-0.84941,1.45837,-1.55573
1245.10000,-0.84941,1.45820,-1.56426
1245.15000,-0.84941,1.45799,-1.57271
1245.20000,-0.84941,1.45772,-1.58045
1245.25000,-0.84942,1.45740,-1.58759
1245.30000,-0.84943,1.45706,-1.59390
1245.35000,-0.84943,1.45673,-1.59931
1245.40000,-0.84945,1.45639,-1.60385
1245.45000,-0.84946,1.45605,-1.60756
1245.50000,-0.84947,1.45572,-1.61049
1245.55000,-0.84948,1.45538,-1.61268
1245.60000,-0.84950,1.45503,-1.61424
1245.65000,-0.84952,1.45465,-1.61518
1245.70000,-0.84953,1.45425,-1.61552
1245.75000,-0.84955,1.45381,-1.61518
1245.80000,-0.84957,1.45334,-1.61415
1245.85000,-0.84960,1.45283,-1.61242
1245.90000,-0.84962,1.45230,-1.61005
1245.95000,-0.84964,1.45172,-1.60710
1246.00000,-0.84966,1.45110,-1.60360
1246.05000,-0.84968,1.45044,-1.59962
1246.10000,-0.84970,1.44974,-1.59520
1246.15000,-0.84972,1.44901,-1.59036
1246.20000,-0.84973,1.44828,-1.58511
1246.25000,-0.84974,1.44755,-1.57948
1246.30000,-0.84974,1.44681,-1.57351
1246.35000,-0.84974,1.44608,-1.56724
1246.40000,-0.84973,1.44534,-1.56067
1246.45000,-0.84972,1.44460,-1.55385
1246.50000,-0.84971,1.44386,-1.54684
1246.55000,-0.84969,1.44309,-1.53969
1246.60000,-0.84966,1.44228,-1.53245
1246.65000,-0.84962,1.44142,-1.52512
1246.70000,-0.84958,1.44050,-1.51773
1246.75000,-0.84952,1.43953,-1.51028
1246.80000,-0.84946,1.43849,-1.50276
1246.85000,-0.84938,1.43737,-1.49519
1246.90000,-0.84928,1.43619,-1.48759
1246.95000,-0.84917,1.43492,-1.47996
1247.00000,-0.84905,1.43360,-1.47230
1247.05000,-0.84891,1.43223,-1.46461
1247.10000,-0.84875,1.43085,-1.45682
1247.15000,-0.84859,1.42946,-1.44888
1247.20000,-0.84841,1.42807,-1.44075
1247.25000,-0.84823,1.42669,-1.43246
1247.30000,-0.84803,1.42530,-1.42402
1247.35000,-0.84782,1.42392,-1.41545
1247.40000,-0.84759,1.42254,-1.40675
1247.45000,-0.84736,1.42115,-1.39794
1247.50000,-0.84711,1.41974,-1.38908
1247.55000,-0.84683,1.41829,-1.38019
1247.60000,-0.84654,1.41679,-1.37128
1247.65000,-0.84621,1.41521,-1.36237
1247.70000,-0.84586,1.41357,-1.35350
1247.75000,-0.84547,1.41184,-1.34468
1247.80000,-0.84504,1.41003,-1.33594
1247.85000,-0.84458,1.40813,-1.32730
1247.90000,-0.84407,1.40614,-1.31879
1247.95000,-0.84353,1.40406,-1.31037
1248.00000,-0.84294,1.40188,-1.30204
1248.05000,-0.84230,1.39961,-1.29379
1248.10000,-0.84163,1.39727,-1.28562
1248.15000,-0.84093,1.39490,-1.27781
1248.20000,-0.84025,1.39269,-1.27052
1248.25000,-0.83953,1.39036,-1.26317
1248.30000,-0.83876,1.38794,-1.25552
1248.35000,-0.83796,1.38552,-1.24808
1248.40000,-0.83713,1.38306,-1.24088
1248.45000,-0.83632,1.38065,-1.23355
1248.50000,-0.83552,1.37834,-1.22609
1248.55000,-0.83467,1.37600,-1.21902
1248.60000,-0.83379,1.37360,-1.21199
1248.65000,-0.83171,1.36863,-1.20544
1248.70000,-0.82817,1.35945,-1.19904
1248.75000,-0.82453,1.35020,-1.19271
1248.80000,-0.82084,1.34099,-1.18683
1248.85000,-0.81707,1.33174,-1.18142
1248.90000,-0.81325,1.32252,-1.17614
1248.95000,-0.80938,1.31331,-1.17093
1249.00000,-0.80547,1.30412,-1.16578
1249.05000,-0.80151,1.29495,-1.16065
1249.10000,-0.79750,1.28581,-1.15552
1249.15000,-0.79345,1.27668,-1.15039
1249.20000,-0.78935,1.26758,-1.14525
1249.25000,-0.78520,1.25849,-1.14010
1249.30000,-0.78101,1.24943,-1.13495
1249.35000,-0.77677,1.24039,-1.12980
1249.40000,-0.77248,1.23137,-1.12467
1249.45000,-0.76815,1.22238,-1.11956
1249.50000,-0.76377,1.21340,-1.11452
1249.55000,-0.75934,1.20445,-1.10954
1249.60000,-0.75487,1.19552,-1.10461
1249.65000,-0.75036,1.18661,-1.09973
1249.70000,-0.74581,1.17772,-1.09489
1249.75000,-0.74121,1.16886,-1.09010
1249.80000,-0.73657,1.16002,-1.08538
1249.85000,-0.73188,1.15118,-1.08048
1249.90000,-0.72719,1.14245,-1.07483
1249.95000,-0.72238,1.13362,-1.06905
1250.00000,-0.71750,1.12478,-1.06294
1250.05000,-0.71255,1.11593,-1.05643
1250.10000,-0.70754,1.10714,-1.04937
1250.15000,-0.70248,1.09840,-1.04211
1250.20000,-0.69733,1.08965,-1.03448
1250.25000,-0.69209,1.08092,-1.02615
1250.30000,-0.68679,1.07224,-1.01729
1250.35000,-0.68137,1.06356,-1.00778
1250.40000,-0.67585,1.05491,-0.99745
1250.45000,-0.67023,1.04630,-0.98642
1250.50000,-0.66456,1.03782,-0.97491
1250.55000,-0.65878,1.02930,-0.96278
1250.60000,-0.65741,1.02592,-0.94927
1250.65000,-0.65710,1.02550,-0.93333
1250.70000,-0.65681,1.02510,-0.91773
1250.75000,-0.65651,1.02471,-0.90304
1250.80000,-0.65621,1.02433,-0.88860
1250.85000,-0.65590,1.02396,-0.87423
1250.90000,-0.65559,1.02359,-0.85991
1250.95000,-0.65527,1.02323,-0.84565
1251.00000,-0.65376,1.02162,-0.83227
1251.05000,-0.64768,1.01516,-0.81897
1251.10000,-0.64054,1.00764,-0.80421
1251.15000,-0.63339,1.00025,-0.78914
1251.20000,-0.63051,0.99718,-0.77333
1251.25000,-0.62995,0.99665,-0.74608
1251.30000,-0.62933,0.99607,-0.71470
1251.35000,-0.62869,0.99553,-0.68360
1251.40000,-0.62810,0.99506,-0.65340
1251.45000,-0.62754,0.99464,-0.62437
1251.50000,-0.62697,0.99424,-0.59668
1251.55000,-0.62640,0.99386,-0.57041
1251.60000,-0.62588,0.99354,-0.54599
1251.65000,-0.62541,0.99325,-0.52361
1251.70000,-0.62491,0.99297,-0.50336
1251.75000,-0.62256,0.99133,-0.48480
1251.80000,-0.61500,0.98716,-0.46935
1251.85000,-0.60597,0.98266,-0.45630
1251.90000,-0.59691,0.97829,-0.44293
1251.95000,-0.58772,0.97401,-0.42850
1252.00000,-0.57859,0.96992,-0.41379
1252.05000,-0.56941,0.96597,-0.39843
1252.10000,-0.56016,0.96216,-0.38277
1252.15000,-0.55085,0.95850,-0.36706
1252.20000,-0.54149,0.95498,-0.35151
1252.25000,-0.53208,0.95161,-0.33640
1252.30000,-0.52255,0.94836,-0.32167
1252.35000,-0.51304,0.94526,-0.30800
1252.40000,-0.50350,0.94229,-0.29526
1252.45000,-0.49391,0.93944,-0.28351
1252.50000,-0.48430,0.93670,-0.27200
1252.55000,-0.47465,0.93406,-0.26050
1252.60000,-0.46497,0.93154,-0.24914
1252.65000,-0.45527,0.92913,-0.23795
1252.70000,-0.44554,0.92683,-0.22692
1252.75000,-0.43578,0.92463,-0.21601
1252.80000,-0.42600,0.92254,-0.20514
1252.85000,-0.41620,0.92056,-0.19421
1252.90000,-0.40632,0.91867,-0.18292
1252.95000,-0.39649,0.91691,-0.17165
1253.00000,-0.38651,0.91525,-0.15934
1253.05000,-0.37658,0.91372,-0.14664
1253.10000,-0.36668,0.91233,-0.13328
1253.15000,-0.35676,0.91107,-0.11885
1253.20000,-0.34683,0.90996,-0.10322
1253.25000,-0.33675,0.90900,-0.08575
1253.30000,-0.32653,0.90823,-0.06610
1253.35000,-0.31621,0.90757,-0.04567
1253.40000,-0.30697,0.90721,-0.02548
1253.45000,-0.30377,0.90721,-0.00446
1253.50000,-0.30283,0.90721,0.02442
1253.55000,-0.30204,0.90723,0.05339
1253.60000,-0.30130,0.90728,0.08066
1253.65000,-0.30060,0.90733,0.10628
1253.70000,-0.29993,0.90739,0.13047
1253.75000,-0.29767,0.90796,0.15483
1253.80000,-0.28965,0.90951,0.17721
1253.85000,-0.27928,0.91148,0.19943
1253.90000,-0.26897,0.91367,0.22334
1253.95000,-0.25863,0.91603,0.24752
1254.00000,-0.25277,0.91630,0.27288
1254.05000,-0.25159,0.91657,0.30422
1254.10000,-0.25080,0.91683,0.33875
1254.15000,-0.25012,0.91709,0.37325
1254.20000,-0.24960,0.91730,0.40755
1254.25000,-0.24951,0.91734,0.44045
1254.30000,-0.24941,0.91739,0.47382
1254.35000,-0.24931,0.91744,0.50767
1254.40000,-0.24922,0.91750,0.54201
1254.45000,-0.24912,0.91756,0.57683
1254.50000,-0.24902,0.91762,0.61213
1254.55000,-0.24892,0.91770,0.64788
1254.60000,-0.24883,0.91777,0.68397
1254.65000,-0.24873,0.91786,0.71993
1254.70000,-0.24863,0.91794,0.75562
1254.75000,-0.24854,0.91803,0.79106
1254.80000,-0.24845,0.91813,0.82623
1254.85000,-0.24836,0.91823,0.86117
1254.90000,-0.24828,0.91833,0.89585
1254.95000,-0.24820,0.91843,0.93024
1255.00000,-0.24812,0.91854,0.96435
1255.05000,-0.24804,0.91866,0.99817
1255.10000,-0.24797,0.91877,1.03169
1255.15000,-0.24790,0.91890,1.06490
1255.20000,-0.24783,0.91902,1.09781
1255.25000,-0.24777,0.91915,1.13042
1255.30000,-0.24771,0.91928,1.16272
1255.35000,-0.24766,0.91941,1.19471
1255.40000,-0.24760,0.91955,1.22636
1255.45000,-0.24756,0.91969,1.25766
1255.50000,-0.24656,0.92169,1.28763
1255.55000,-0.24439,0.92907,1.31585
1255.60000,-0.24215,0.93830,1.34730
1255.65000,-0.24011,0.94792,1.37745
1255.70000,-0.23846,0.95702,1.40903
1255.75000,-0.23712,0.96615,1.43979
1255.80000,-0.23604,0.97534,1.46948
1255.85000,-0.23524,0.98459,1.49802
1255.90000,-0.23469,0.99389,1.52536
1255.95000,-0.23439,1.00323,1.55144
1256.00000,-0.23432,1.01261,1.57620
1256.05000,-0.23448,1.02202,1.59955
1256.10000,-0.23486,1.03147,1.62136
1256.15000,-0.23543,1.04095,1.64157
1256.20000,-0.23622,1.05082,1.66002
1256.25000,-0.23720,1.06104,1.67660
1256.30000,-0.23834,1.07122,1.69274
1256.35000,-0.23849,1.07504,1.70932
1256.40000,-0.23852,1.07527,1.71936
1256.45000,-0.23856,1.07556,1.72768
1256.50000,-0.23859,1.07576,1.73698
1256.55000,-0.23864,1.07600,1.74620
1256.60000,-0.23867,1.07621,1.75619
1256.65000,-0.23870,1.07642,1.76623
1256.70000,-0.23873,1.07662,1.77627
1256.75000,-0.23877,1.07683,1.78633
1256.80000,-0.23881,1.07704,1.79638
1256.85000,-0.23885,1.07725,1.80645
1256.90000,-0.23889,1.07747,1.81652
1256.95000,-0.23894,1.07769,1.82660
1257.00000,-0.23899,1.07791,1.83669
1257.05000,-0.23904,1.07813,1.84678
1257.10000,-0.23909,1.07836,1.85688
1257.15000,-0.24024,1.08032,1.86782
1257.20000,-0.24305,1.08777,1.87833
1257.25000,-0.24616,1.09737,1.88965
1257.30000,-0.24932,1.10707,1.90063
1257.35000,-0.24998,1.11280,1.91216
1257.40000,-0.25004,1.11375,1.91953
1257.45000,-0.25010,1.11391,1.92319
1257.50000,-0.25015,1.11406,1.92633
1257.55000,-0.25021,1.11421,1.92966
1257.60000,-0.25028,1.11437,1.93319
1257.65000,-0.25034,1.11453,1.93690
1257.70000,-0.25041,1.11470,1.94076
1257.75000,-0.25048,1.11487,1.94479
1257.80000,-0.25055,1.11504,1.94894
1257.85000,-0.25062,1.11521,1.95322
1257.90000,-0.25069,1.11539,1.95759
1257.95000,-0.25077,1.11557,1.96206
1258.00000,-0.25084,1.11575,1.96659
1258.05000,-0.25092,1.11593,1.97120
1258.10000,-0.25100,1.11611,1.97585
1258.15000,-0.25109,1.11629,1.98055
1258.20000,-0.25117,1.11648,1.98526
1258.25000,-0.25125,1.11666,1.98998
1258.30000,-0.25134,1.11685,1.99469
1258.35000,-0.25143,1.11703,1.99938
1258.40000,-0.25151,1.11722,2.00405
1258.45000,-0.25296,1.11887,2.00912
1258.50000,-0.25705,1.12640,2.01329
1258.55000,-0.26138,1.13549,2.01796
1258.60000,-0.26571,1.14446,2.02248
1258.65000,-0.26737,1.15016,2.02851
1258.70000,-0.26739,1.15132,2.03025
1258.75000,-0.26740,1.15133,2.02724
1258.80000,-0.26741,1.15137,2.02396
1258.85000,-0.26745,1.15143,2.02052
1258.90000,-0.26747,1.15149,2.01762
1258.95000,-0.26750,1.15154,2.01507
1259.00000,-0.26753,1.15161,2.01268
1259.05000,-0.26757,1.15168,2.01044
1259.10000,-0.26760,1.15176,2.00833
1259.15000,-0.26764,1.15183,2.00668
1259.20000,-0.26767,1.15190,2.00661
1259.25000,-0.26851,1.15295,2.00714
1259.30000,-0.27237,1.15749,2.00975
1259.35000,-0.27663,1.16416,2.01289
1259.40000,-0.28091,1.17199,2.01638
1259.45000,-0.28525,1.18045,2.02000
1259.50000,-0.28963,1.18950,2.02375
1259.55000,-0.29406,1.19855,2.02791
1259.60000,-0.29854,1.20762,2.03255
1259.65000,-0.30303,1.21659,2.03760
1259.70000,-0.30758,1.22555,2.04449
1259.75000,-0.31220,1.23446,2.05490
1259.80000,-0.31686,1.24320,2.06500
1259.85000,-0.31861,1.24693,2.08819
1259.90000,-0.31960,1.24859,2.13488
1259.95000,-0.32019,1.24947,2.19716
1260.00000,-0.32029,1.24961,2.26605
1260.05000,-0.32032,1.24964,2.33492
1260.10000,-0.32036,1.24968,2.40285
1260.15000,-0.32040,1.24971,2.46987
1260.20000,-0.32045,1.24975,2.53600
1260.25000,-0.32050,1.24978,2.60128
1260.30000,-0.32056,1.24982,2.66573
1260.35000,-0.32063,1.24985,2.72937
1260.40000,-0.32070,1.24988,2.79217
1260.45000,-0.32078,1.24990,2.85414
1260.50000,-0.32086,1.24992,2.91532
1260.55000,-0.32094,1.24994,2.97577
1260.60000,-0.32102,1.24995,3.03552
1260.65000,-0.32111,1.24996,3.09456
1260.70000,-0.32119,1.24996,-3.13039
1260.75000,-0.32128,1.24996,-3.07289
1260.80000,-0.32136,1.24995,-3.01620
1260.85000,-0.32145,1.24993,-2.96041
1260.90000,-0.32153,1.24992,-2.90554
1260.95000,-0.32162,1.24989,-2.85156
1261.00000,-0.32170,1.24986,-2.79847
1261.05000,-0.32179,1.24983,-2.74626
1261.10000,-0.32187,1.24979,-2.69493
1261.15000,-0.32196,1.24975,-2.64446
1261.20000,-0.32205,1.24970,-2.59488
1261.25000,-0.32213,1.24964,-2.54618
1261.30000,-0.32222,1.24958,-2.49840
1261.35000,-0.32230,1.24951,-2.45151
1261.40000,-0.32239,1.24944,-2.40548
1261.45000,-0.32246,1.24937,-2.36020
1261.50000,-0.32254,1.24929,-2.31565
1261.55000,-0.32261,1.24921,-2.27188
1261.60000,-0.32268,1.24912,-2.22897
1261.65000,-0.32275,1.24904,-2.18706
1261.70000,-0.32414,1.24714,-2.14644
1261.75000,-0.32849,1.24030,-2.11240
1261.80000,-0.33343,1.23176,-2.07724
1261.85000,-0.33814,1.22292,-2.04494
1261.90000,-0.34257,1.21399,-2.01762
1261.95000,-0.34690,1.20496,-1.99080
1262.00000,-0.34820,1.20110,-1.96937
1262.05000,-0.34836,1.20073,-1.96294
1262.10000,-0.34837,1.20069,-1.96276
1262.15000,-0.34840,1.20062,-1.96469
1262.20000,-0.34840,1.20060,-1.96752
1262.25000,-0.34843,1.20054,-1.97130
1262.30000,-0.34846,1.20047,-1.97571
1262.35000,-0.34848,1.20041,-1.98057
1262.40000,-0.34852,1.20034,-1.98566
1262.45000,-0.34855,1.20026,-1.99082
1262.50000,-0.34858,1.20019,-1.99594
1262.55000,-0.34862,1.20011,-2.00087
1262.60000,-0.34866,1.20003,-2.00549
1262.65000,-0.34870,1.19994,-2.00969
1262.70000,-0.34874,1.19985,-2.01335
1262.75000,-0.34879,1.19975,-2.01636
1262.80000,-0.34883,1.19966,-2.01914
1262.85000,-0.34887,1.19959,-2.02075
1262.90000,-0.34891,1.19949,-2.02128
1262.95000,-0.34897,1.19938,-2.02104
1263.00000,-0.34902,1.19926,-2.02024
1263.05000,-0.34908,1.19914,-2.01931
1263.10000,-0.34914,1.19902,-2.01826
1263.15000,-0.34920,1.19889,-2.01714
1263.20000,-0.34926,1.19876,-2.01623
1263.25000,-0.34933,1.19863,-2.01580
1263.30000,-0.34939,1.19850,-2.01582
1263.35000,-0.34945,1.19836,-2.01632
1263.40000,-0.34952,1.19823,-2.01729
1263.45000,-0.34958,1.19810,-2.01871
1263.50000,-0.34964,1.19796,-2.02048
1263.55000,-0.34971,1.19783,-2.02222
1263.60000,-0.34978,1.19769,-2.02374
1263.65000,-0.34985,1.19754,-2.02486
1263.70000,-0.34992,1.19739,-2.02551
1263.75000,-0.35001,1.19722,-2.02560
1263.80000,-0.35009,1.19704,-2.02567
1263.85000,-0.35018,1.19686,-2.02574
1263.90000,-0.35027,1.19668,-2.02580
1263.95000,-0.35036,1.19650,-2.02587
1264.00000,-0.35045,1.19632,-2.02594
1264.05000,-0.35054,1.19613,-2.02583
1264.10000,-0.35064,1.19593,-2.02480
1264.15000,-0.35073,1.19574,-2.02407
1264.20000,-0.35083,1.19554,-2.02366
1264.25000,-0.35092,1.19535,-2.02342
1264.30000,-0.35102,1.19514,-2.02325
1264.35000,-0.35112,1.19494,-2.02306
1264.40000,-0.35122,1.19472,-2.02275
1264.45000,-0.35133,1.19450,-2.02228
1264.50000,-0.35145,1.19427,-2.02164
1264.55000,-0.35156,1.19402,-2.02083
1264.60000,-0.35169,1.19376,-2.01987
1264.65000,-0.35181,1.19350,-2.01895
1264.70000,-0.35194,1.19324,-2.01823
1264.75000,-0.35207,1.19297,-2.01776
1264.80000,-0.35220,1.19271,-2.01753
1264.85000,-0.35232,1.19244,-2.01757
1264.90000,-0.35245,1.19218,-2.01785
1264.95000,-0.35257,1.19192,-2.01841
1265.00000,-0.35270,1.19165,-2.01920
1265.05000,-0.35283,1.19139,-2.02021
1265.10000,-0.35296,1.19112,-2.02140
1265.15000,-0.35309,1.19085,-2.02274
1265.20000,-0.35323,1.19057,-2.02416
1265.25000,-0.35337,1.19028,-2.02565
1265.30000,-0.35351,1.18998,-2.02719
1265.35000,-0.35366,1.18968,-2.02878
1265.40000,-0.35382,1.18937,-2.03042
1265.45000,-0.35397,1.18905,-2.03219
1265.50000,-0.35413,1.18873,-2.03415
1265.55000,-0.35429,1.18842,-2.03629
1265.60000,-0.35445,1.18810,-2.03863
1265.65000,-0.35461,1.18779,-2.04115
1265.70000,-0.35477,1.18748,-2.04387
1265.75000,-0.35492,1.18717,-2.04681
1265.80000,-0.35509,1.18686,-2.04998
1265.85000,-0.35525,1.18654,-2.05338
1265.90000,-0.35542,1.18623,-2.05699
1265.95000,-0.35558,1.18591,-2.06075
1266.00000,-0.35576,1.18558,-2.06467
1266.05000,-0.35594,1.18525,-2.06872
1266.10000,-0.35612,1.18492,-2.07292
1266.15000,-0.35630,1.18459,-2.07726
1266.20000,-0.35649,1.18426,-2.08175
1266.25000,-0.35667,1.18393,-2.08637
1266.30000,-0.35686,1.18360,-2.09112
1266.35000,-0.35705,1.18327,-2.09602
1266.40000,-0.35724,1.18295,-2.10112
1266.45000,-0.35743,1.18262,-2.10640
1266.50000,-0.35762,1.18230,-2.11184
1266.55000,-0.35782,1.18197,-2.11741
1266.60000,-0.35802,1.18164,-2.12306
1266.65000,-0.35823,1.18130,-2.12875
1266.70000,-0.35961,1.17968,-2.13490
1266.75000,-0.36462,1.17271,-2.14120
1266.80000,-0.36998,1.16443,-2.14742
1266.85000,-0.37529,1.15638,-2.15354
1266.90000,-0.37638,1.15397,-2.16250
1266.95000,-0.37658,1.15369,-2.17033
1267.00000,-0.37678,1.15340,-2.17808
1267.05000,-0.37696,1.15313,-2.18553
1267.10000,-0.37854,1.15137,-2.19304
1267.15000,-0.38393,1.14526,-2.20077
1267.20000,-0.38979,1.13735,-2.20749
1267.25000,-0.39571,1.12943,-2.21489
1267.30000,-0.40168,1.12155,-2.22306
1267.35000,-0.40759,1.11391,-2.23105
1267.40000,-0.40904,1.11162,-2.24177
1267.45000,-0.40926,1.11136,-2.25300
1267.50000,-0.40948,1.11110,-2.26437
1267.55000,-0.40967,1.11088,-2.27588
1267.60000,-0.40991,1.11059,-2.28772
1267.65000,-0.41020,1.11026,-2.29963
1267.70000,-0.41021,1.11025,-2.31165
1267.75000,-0.41023,1.11023,-2.32341
1267.80000,-0.41026,1.11019,-2.33466
1267.85000,-0.41196,1.10847,-2.34628
1267.90000,-0.41820,1.10220,-2.35681
1267.95000,-0.42515,1.09532,-2.36633
1268.00000,-0.43215,1.08853,-2.37629
1268.05000,-0.43921,1.08181,-2.38670
1268.10000,-0.44633,1.07518,-2.39754
1268.15000,-0.45352,1.06863,-2.40882
1268.20000,-0.46077,1.06218,-2.42076
1268.25000,-0.46807,1.05578,-2.43272
1268.30000,-0.47438,1.05037,-2.44472
1268.35000,-0.47563,1.04964,-2.45735
1268.40000,-0.47575,1.04954,-2.47365
1268.45000,-0.47595,1.04939,-2.48969
1268.50000,-0.47612,1.04926,-2.50688
1268.55000,-0.47627,1.04915,-2.52305
1268.60000,-0.47627,1.04914,-2.53890
1268.65000,-0.47633,1.04910,-2.55452
1268.70000,-0.47636,1.04907,-2.56999
1268.75000,-0.47638,1.04904,-2.58563
1268.80000,-0.47807,1.04750,-2.59916
1268.85000,-0.48528,1.04277,-2.61168
1268.90000,-0.49376,1.03788,-2.62466
1268.95000,-0.50226,1.03312,-2.63799
1269.00000,-0.51085,1.02846,-2.65196
1269.05000,-0.51938,1.02399,-2.66667
1269.10000,-0.52797,1.01965,-2.68179
1269.15000,-0.53661,1.01545,-2.69729
1269.20000,-0.54531,1.01139,-2.71339
1269.25000,-0.55389,1.00749,-2.72893
1269.30000,-0.56116,1.00484,-2.74360
1269.35000,-0.56245,1.00478,-2.76086
1269.40000,-0.56263,1.00471,-2.78012
1269.45000,-0.56283,1.00464,-2.79924
1269.50000,-0.56274,1.00466,-2.81927
1269.55000,-0.56294,1.00459,-2.83801
1269.60000,-0.56314,1.00453,-2.85638
1269.65000,-0.56334,1.00448,-2.87416
1269.70000,-0.56346,1.00444,-2.89155
1269.75000,-0.56534,1.00352,-2.90769
1269.80000,-0.57307,1.00144,-2.92278
1269.85000,-0.58268,0.99939,-2.93779
1269.90000,-0.59239,0.99746,-2.95275
1269.95000,-0.60216,0.99567,-2.96773
1270.00000,-0.61203,0.99402,-2.98287
1270.05000,-0.62164,0.99257,-2.99971
1270.10000,-0.63146,0.99126,-3.01701
1270.15000,-0.64131,0.99013,-3.03549
1270.20000,-0.65112,0.98915,-3.05317
1270.25000,-0.65537,0.98894,-3.07175
1270.30000,-0.65557,0.98893,-3.09338
1270.35000,-0.65578,0.98892,-3.11585
1270.40000,-0.65595,0.98892,-3.13832
1270.45000,-0.65612,0.98892,3.12281
1270.50000,-0.65632,0.98892,3.10161
1270.55000,-0.65651,0.98893,3.08118
1270.60000,-0.65861,0.98924,3.06072
1270.65000,-0.66544,0.99006,3.04009
1270.70000,-0.67507,0.99114,3.02111
1270.75000,-0.68472,0.99241,3.00233
1270.80000,-0.69415,0.99385,2.98248
1270.85000,-0.70383,0.99551,2.96314
1270.90000,-0.71348,0.99735,2.94309
1270.95000,-0.72285,0.99934,2.92128
1271.00000,-0.73220,1.00155,2.89868
1271.05000,-0.74141,1.00387,2.87549
1271.10000,-0.74643,1.00416,2.85195
1271.15000,-0.74657,1.00415,2.82784
1271.20000,-0.74664,1.00417,2.80362
1271.25000,-0.74629,1.00409,2.77833
1271.30000,-0.74589,1.00393,2.75338
1271.35000,-0.74705,1.00493,2.72778
1271.40000,-0.75459,1.00848,2.70630
1271.45000,-0.76314,1.01259,2.68434
1271.50000,-0.77161,1.01690,2.66245
1271.55000,-0.78016,1.02148,2.64127
1271.60000,-0.78844,1.02614,2.61922
1271.65000,-0.79685,1.03111,2.59797
1271.70000,-0.80494,1.03614,2.57552
1271.75000,-0.81302,1.04142,2.55329
1271.80000,-0.82085,1.04680,2.53009
1271.85000,-0.82859,1.05238,2.50693
1271.90000,-0.83610,1.05806,2.48320
1271.95000,-0.84347,1.06392,2.45935
1272.00000,-0.85069,1.06996,2.43548
1272.05000,-0.85777,1.07616,2.41165
1272.10000,-0.86470,1.08253,2.38794
1272.15000,-0.87148,1.08907,2.36439
1272.20000,-0.87810,1.09576,2.34102
1272.25000,-0.88457,1.10261,2.31785
1272.30000,-0.89089,1.10961,2.29490
1272.35000,-0.89705,1.11676,2.27212
1272.40000,-0.90305,1.12405,2.24952
1272.45000,-0.90888,1.13148,2.22710
1272.50000,-0.91456,1.13904,2.20491
1272.55000,-0.92006,1.14673,2.18295
1272.60000,-0.92541,1.15454,2.16128
1272.65000,-0.93058,1.16247,2.13988
1272.70000,-0.93559,1.17051,2.11881
1272.75000,-0.94044,1.17867,2.09806
1272.80000,-0.94512,1.18692,2.07764
1272.85000,-0.94963,1.19528,2.05759
1272.90000,-0.95398,1.20373,2.03794
1272.95000,-0.95817,1.21228,2.01868
1273.00000,-0.96221,1.22091,1.99987
1273.05000,-0.96608,1.22963,1.98149
1273.10000,-0.96980,1.23842,1.96357
1273.15000,-0.97337,1.24729,1.94611
1273.20000,-0.97679,1.25624,1.92915
1273.25000,-0.98007,1.26525,1.91266
1273.30000,-0.98320,1.27432,1.89670
1273.35000,-0.98620,1.28346,1.88124
1273.40000,-0.98909,1.29269,1.86621
1273.45000,-0.99184,1.30194,1.85195
1273.50000,-0.99448,1.31130,1.83776
1273.55000,-0.99697,1.32069,1.82417
1273.60000,-0.99935,1.33011,1.81125
1273.65000,-1.00162,1.33959,1.79901
1273.70000,-1.00378,1.34910,1.78729
1273.75000,-1.00585,1.35875,1.77554
1273.80000,-1.00780,1.36837,1.76453
1273.85000,-1.00967,1.37812,1.75372
1273.90000,-1.01143,1.38779,1.74426
1273.95000,-1.01309,1.39748,1.73540
1274.00000,-1.01467,1.40721,1.72714
1274.05000,-1.01618,1.41695,1.71957
1274.10000,-1.01761,1.42670,1.71262
1274.15000,-1.01900,1.43644,1.70571
1274.20000,-1.01924,1.44232,1.69948
1274.25000,-1.01925,1.44286,1.69408
1274.30000,-1.01927,1.44300,1.68919
1274.35000,-1.01928,1.44310,1.68492
1274.40000,-1.01930,1.44322,1.68130
1274.45000,-1.01931,1.44341,1.67817
1274.50000,-1.01933,1.44355,1.67620
1274.55000,-1.01934,1.44371,1.67519
1274.60000,-1.01936,1.44387,1.67470
1274.65000,-1.01938,1.44404,1.67498
1274.70000,-1.01940,1.44422,1.67601
1274.75000,-1.01941,1.44439,1.67766
1274.80000,-1.01943,1.44456,1.67984
1274.85000,-1.01945,1.44473,1.68246
1274.90000,-1.01947,1.44491,1.68543
1274.95000,-1.01949,1.44508,1.68865
1275.00000,-1.01951,1.44525,1.69203
1275.05000,-1.01953,1.44541,1.69550
1275.10000,-1.01955,1.44558,1.69896
1275.15000,-1.01958,1.44575,1.70235
1275.20000,-1.01960,1.44591,1.70557
1275.25000,-1.01962,1.44607,1.70858
1275.30000,-1.01964,1.44624,1.71131
1275.35000,-1.01967,1.44640,1.71371
1275.40000,-1.01969,1.44655,1.71578
1275.45000,-1.01971,1.44671,1.71752
1275.50000,-1.01974,1.44687,1.71891
1275.55000,-1.01976,1.44702,1.71997
1275.60000,-1.02036,1.44890,1.72171
1275.65000,-1.02180,1.45554,1.72343
1275.70000,-1.02331,1.46473,1.72407
1275.75000,-1.02484,1.47462,1.72414
1275.80000,-1.02637,1.48450,1.72415
1275.85000,-1.02790,1.49439,1.72427
1275.90000,-1.02943,1.50427,1.72455
1275.95000,-1.03096,1.51415,1.72515
1276.00000,-1.03250,1.52403,1.72609
1276.05000,-1.03406,1.53393,1.72736
1276.10000,-1.03564,1.54386,1.72894
1276.15000,-1.03723,1.55379,1.73099
1276.20000,-1.03885,1.56375,1.73319
1276.25000,-1.04051,1.57376,1.73551
1276.30000,-1.04218,1.58372,1.73845
1276.35000,-1.04387,1.59365,1.74160
1276.40000,-1.04560,1.60358,1.74477
1276.45000,-1.04736,1.61350,1.74792
1276.50000,-1.04916,1.62341,1.75108
1276.55000,-1.05097,1.63330,1.75414
1276.60000,-1.05282,1.64318,1.75722
1276.65000,-1.05469,1.65302,1.76030
1276.70000,-1.05660,1.66285,1.76350
1276.75000,-1.05854,1.67269,1.76689
1276.80000,-1.06051,1.68251,1.77050
1276.85000,-1.06252,1.69233,1.77430
1276.90000,-1.06456,1.70214,1.77842
1276.95000,-1.06664,1.71194,1.78280
1277.00000,-1.06876,1.72172,1.78759
1277.05000,-1.07094,1.73151,1.79292
1277.10000,-1.07318,1.74121,1.79790
1277.15000,-1.07354,1.74473,1.80581
1277.20000,-1.07358,1.74493,1.81307
1277.25000,-1.07361,1.74505,1.82043
1277.30000,-1.07365,1.74517,1.82823
1277.35000,-1.07368,1.74530,1.83649
1277.40000,-1.07371,1.74542,1.84530
1277.45000,-1.07375,1.74555,1.85467
1277.50000,-1.07379,1.74567,1.86467
1277.55000,-1.07383,1.74580,1.87536
1277.60000,-1.07387,1.74593,1.88679
1277.65000,-1.07391,1.74606,1.89901
1277.70000,-1.07396,1.74619,1.91203
1277.75000,-1.07400,1.74632,1.92564
1277.80000,-1.07405,1.74645,1.93948
1277.85000,-1.07410,1.74658,1.95328
1277.90000,-1.07416,1.74671,1.96702
1277.95000,-1.07421,1.74684,1.98068
1278.00000,-1.07427,1.74697,1.99425
1278.05000,-1.07433,1.74710,2.00774
1278.10000,-1.07439,1.74722,2.02113
1278.15000,-1.07445,1.74735,2.03443
1278.20000,-1.07451,1.74748,2.04763
1278.25000,-1.07458,1.74760,2.06074
1278.30000,-1.07465,1.74772,2.07386
1278.35000,-1.07471,1.74785,2.08709
1278.40000,-1.07478,1.74797,2.10055
1278.45000,-1.07486,1.74809,2.11440
1278.50000,-1.07493,1.74821,2.12881
1278.55000,-1.07501,1.74834,2.14384
1278.60000,-1.07509,1.74846,2.15928
1278.65000,-1.07518,1.74858,2.17491
1278.70000,-1.07526,1.74870,2.19051
1278.75000,-1.07535,1.74882,2.20594
1278.80000,-1.07544,1.74894,2.22119
1278.85000,-1.07553,1.74906,2.23628
1278.90000,-1.07562,1.74918,2.25118
1278.95000,-1.07572,1.74929,2.26595
1279.00000,-1.07581,1.74941,2.28056
1279.05000,-1.07591,1.74952,2.29502
1279.10000,-1.07773,1.75138,2.30950
1279.15000,-1.08365,1.75769,2.32240
1279.20000,-1.09052,1.76493,2.33646
1279.25000,-1.09749,1.77208,2.35029
1279.30000,-1.10455,1.77913,2.36397
1279.35000,-1.11172,1.78609,2.37751
1279.40000,-1.11897,1.79295,2.39074
1279.45000,-1.12637,1.79976,2.40373
1279.50000,-1.13381,1.80644,2.41581
1279.55000,-1.14144,1.81314,2.42786
1279.60000,-1.14925,1.81982,2.43945
1279.65000,-1.15707,1.82637,2.44975
1279.70000,-1.16489,1.83280,2.45855
1279.75000,-1.17280,1.83918,2.46636
1279.80000,-1.18073,1.84550,2.47304
1279.85000,-1.18869,1.85175,2.47832
1279.90000,-1.19665,1.85796,2.48252
1279.95000,-1.20464,1.86413,2.48602
1280.00000,-1.21262,1.87027,2.48942
1280.05000,-1.22059,1.87637,2.49210
1280.10000,-1.22857,1.88243,2.49311
1280.15000,-1.23656,1.88847,2.49339
1280.20000,-1.24453,1.89451,2.49298
1280.25000,-1.25251,1.90057,2.49245
1280.30000,-1.26050,1.90662,2.49189
1280.35000,-1.26850,1.91269,2.49130
1280.40000,-1.27651,1.91876,2.49070
1280.45000,-1.28445,1.92477,2.49012
1280.50000,-1.29063,1.92902,2.48895
1280.55000,-1.29486,1.93131,2.48715
1280.60000,-1.29677,1.93199,2.48397
1280.65000,-1.29669,1.93194,2.47605
1280.70000,-1.29661,1.93188,2.46794
1280.75000,-1.29653,1.93182,2.46042
1280.80000,-1.29649,1.93178,2.45311
1280.85000,-1.29646,1.93176,2.44581
1280.90000,-1.29644,1.93174,2.43893
1280.95000,-1.29780,1.93310,2.43252
1281.00000,-1.30413,1.93899,2.42626
1281.05000,-1.31160,1.94551,2.42168
1281.10000,-1.31903,1.95205,2.41713
1281.15000,-1.32642,1.95862,2.41242
1281.20000,-1.33379,1.96524,2.40719
1281.25000,-1.34111,1.97189,2.40206
1281.30000,-1.34841,1.97859,2.39704
1281.35000,-1.35568,1.98532,2.39262
1281.40000,-1.36294,1.99210,2.38881
1281.45000,-1.37021,1.99894,2.38587
1281.50000,-1.37748,2.00579,2.38388
1281.55000,-1.38473,2.01267,2.38225
1281.60000,-1.39201,2.01959,2.37948
1281.65000,-1.39917,2.02646,2.37353
1281.70000,-1.40624,2.03330,2.36710
1281.75000,-1.40913,2.03629,2.35655
1281.80000,-1.40935,2.03653,2.32884
1281.85000,-1.40967,2.03684,2.29304
1281.90000,-1.40955,2.03674,2.25312
1281.95000,-1.40955,2.03676,2.21213
1282.00000,-1.40959,2.03681,2.17110
1282.05000,-1.40962,2.03686,2.13019
1282.10000,-1.40965,2.03691,2.08953
1282.15000,-1.40965,2.03692,2.04915
1282.20000,-1.40967,2.03697,2.00852
1282.25000,-1.40969,2.03702,1.96641
1282.30000,-1.40972,2.03708,1.92222
1282.35000,-1.40974,2.03714,1.87610
1282.40000,-1.40976,2.03722,1.82852
1282.45000,-1.40978,2.03732,1.77974
1282.50000,-1.40980,2.03743,1.72995
1282.55000,-1.40982,2.03755,1.67939
1282.60000,-1.40983,2.03769,1.62833
1282.65000,-1.40984,2.03784,1.57711
1282.70000,-1.40983,2.03801,1.52601
1282.75000,-1.40982,2.03819,1.47521
1282.80000,-1.40980,2.03836,1.42470
1282.85000,-1.40977,2.03853,1.37422
1282.90000,-1.40973,2.03869,1.32366
1282.95000,-1.40969,2.03885,1.27273
1283.00000,-1.40964,2.03901,1.22126
1283.05000,-1.40957,2.03917,1.16928
1283.10000,-1.40950,2.03934,1.11700
1283.15000,-1.40940,2.03953,1.06494
1283.20000,-1.40928,2.03973,1.01347
1283.25000,-1.40913,2.03996,0.96272
1283.30000,-1.40895,2.04020,0.91266
1283.35000,-1.40873,2.04047,0.86329
1283.40000,-1.40848,2.04075,0.81458
1283.45000,-1.40819,2.04104,0.76655
1283.50000,-1.40785,2.04135,0.71914
1283.55000,-1.40747,2.04167,0.67217
1283.60000,-1.40704,2.04199,0.62559
1283.65000,-1.40658,2.04231,0.57930
1283.70000,-1.40610,2.04261,0.53322
1283.75000,-1.40561,2.04289,0.48730
1283.80000,-1.40511,2.04313,0.44151
1283.85000,-1.40462,2.04335,0.39581
1283.90000,-1.40412,2.04355,0.35030
1283.95000,-1.40361,2.04372,0.30524
1284.00000,-1.40310,2.04387,0.26087
1284.05000,-1.40257,2.04400,0.21713
1284.10000,-1.40203,2.04411,0.17409
1284.15000,-1.40146,2.04419,0.13182
1284.20000,-1.40085,2.04426,0.09038
1284.25000,-1.40018,2.04431,0.04980
1284.30000,-1.39946,2.04433,0.00999
1284.35000,-1.39868,2.04432,-0.02911
1284.40000,-1.39785,2.04428,-0.06757
1284.45000,-1.39491,2.04390,-0.10533
1284.50000,-1.38743,2.04294,-0.14104
1284.55000,-1.37881,2.04153,-0.18119
1284.60000,-1.37005,2.03974,-0.22283
1284.65000,-1.36126,2.03755,-0.26426
1284.70000,-1.35247,2.03497,-0.30579
1284.75000,-1.34358,2.03195,-0.34676
1284.80000,-1.33425,2.02837,-0.38545
1284.85000,-1.32505,2.02443,-0.42423
1284.90000,-1.31602,2.02014,-0.46333
1284.95000,-1.30717,2.01550,-0.50301
1285.00000,-1.29862,2.01089,-0.54220
1285.05000,-1.29558,2.01007,-0.58413
1285.10000,-1.29497,2.00964,-0.62929
1285.15000,-1.29436,2.00917,-0.67573
1285.20000,-1.29376,2.00867,-0.72290
1285.25000,-1.29317,2.00812,-0.77101
1285.30000,-1.29258,2.00752,-0.81956
1285.35000,-1.29199,2.00686,-0.86780
1285.40000,-1.29140,2.00612,-0.91490
1285.45000,-1.29082,2.00533,-0.96029
1285.50000,-1.29025,2.00447,-1.00369
1285.55000,-1.28850,2.00165,-1.04552
1285.60000,-1.28479,1.99495,-1.08456
1285.65000,-1.28080,1.98701,-1.12615
1285.70000,-1.27711,1.97883,-1.16679
1285.75000,-1.27374,1.97049,-1.20656
1285.80000,-1.27069,1.96201,-1.24575
1285.85000,-1.26797,1.95339,-1.28422
1285.90000,-1.26557,1.94465,-1.32189
1285.95000,-1.26350,1.93581,-1.35852
1286.00000,-1.26174,1.92688,-1.39436
1286.05000,-1.26030,1.91787,-1.42902
1286.10000,-1.25916,1.90878,-1.46257
1286.15000,-1.25831,1.89963,-1.49515
1286.20000,-1.25776,1.89044,-1.52667
1286.25000,-1.25750,1.88121,-1.55707
1286.30000,-1.25751,1.87194,-1.58628
1286.35000,-1.25778,1.86264,-1.61428
1286.40000,-1.25819,1.85348,-1.64189
1286.45000,-1.25829,1.85004,-1.66955
1286.50000,-1.25839,1.84922,-1.69477
1286.55000,-1.25852,1.84837,-1.71928
1286.60000,-1.25868,1.84745,-1.74316
1286.65000,-1.25888,1.84646,-1.76621
1286.70000,-1.25913,1.84529,-1.78886
1286.75000,-1.25942,1.84409,-1.80999
1286.80000,-1.25975,1.84280,-1.82963
1286.85000,-1.26016,1.84136,-1.84789
1286.90000,-1.26059,1.83989,-1.86438
1286.95000,-1.26110,1.83823,-1.87962
1287.00000,-1.26165,1.83655,-1.89314
1287.05000,-1.26231,1.83462,-1.90571
1287.10000,-1.26303,1.83256,-1.91678
1287.15000,-1.26382,1.83038,-1.92610
1287.20000,-1.26469,1.82807,-1.93419
1287.25000,-1.26564,1.82560,-1.94112
1287.30000,-1.26668,1.82295,-1.94699
1287.35000,-1.26782,1.82011,-1.95160
1287.40000,-1.26904,1.81707,-1.95523
1287.45000,-1.27036,1.81382,-1.95783
1287.50000,-1.27178,1.81037,-1.95942
1287.55000,-1.27326,1.80675,-1.95998
1287.60000,-1.27482,1.80295,-1.95950
1287.65000,-1.27645,1.79896,-1.95815
1287.70000,-1.27815,1.79478,-1.95574
1287.75000,-1.27993,1.79036,-1.95248
1287.80000,-1.28179,1.78569,-1.94835
1287.85000,-1.28373,1.78079,-1.94351
1287.90000,-1.28573,1.77561,-1.93787
1287.95000,-1.28778,1.77023,-1.93171
1288.00000,-1.28987,1.76464,-1.92515
1288.05000,-1.29198,1.75884,-1.91813
1288.10000,-1.29413,1.75285,-1.91100
1288.15000,-1.29630,1.74665,-1.90359
1288.20000,-1.29851,1.74017,-1.89547
1288.25000,-1.30068,1.73363,-1.88747
1288.30000,-1.30283,1.72698,-1.87924
1288.35000,-1.30499,1.72011,-1.87028
1288.40000,-1.30714,1.71303,-1.86075
1288.45000,-1.30921,1.70595,-1.85161
1288.50000,-1.31126,1.69869,-1.84211
1288.55000,-1.31330,1.69124,-1.83190
1288.60000,-1.31526,1.68375,-1.82191
1288.65000,-1.31716,1.67618,-1.81183
1288.70000,-1.31903,1.66841,-1.80145
1288.75000,-1.32081,1.66062,-1.79131
1288.80000,-1.32253,1.65277,-1.78114
1288.85000,-1.32416,1.64489,-1.77090
1288.90000,-1.32572,1.63699,-1.76060
1288.95000,-1.32719,1.62909,-1.75025
1289.00000,-1.32860,1.62109,-1.73969
1289.05000,-1.32995,1.61295,-1.72911
1289.10000,-1.33122,1.60468,-1.71848
1289.15000,-1.33243,1.59626,-1.70778
1289.20000,-1.33355,1.58779,-1.69720
1289.25000,-1.33459,1.57924,-1.68664
1289.30000,-1.33554,1.57063,-1.67607
1289.35000,-1.33642,1.56193,-1.66556
1289.40000,-1.33721,1.55312,-1.65511
1289.45000,-1.33791,1.54424,-1.64490
1289.50000,-1.33853,1.53528,-1.63476
1289.55000,-1.33905,1.52630,-1.62461
1289.60000,-1.33949,1.51727,-1.61420
1289.65000,-1.33983,1.50831,-1.60405
1289.70000,-1.34008,1.49932,-1.59375
1289.75000,-1.34024,1.49036,-1.58340
1289.80000,-1.34031,1.48136,-1.57278
1289.85000,-1.34028,1.47253,-1.56243
1289.90000,-1.34017,1.46389,-1.55238
1289.95000,-1.33997,1.45540,-1.54247
1290.00000,-1.33969,1.44710,-1.53254
1290.05000,-1.33934,1.43892,-1.52287
1290.10000,-1.33892,1.43083,-1.51333
1290.15000,-1.33842,1.42283,-1.50386
1290.20000,-1.33786,1.41488,-1.49469
1290.25000,-1.33722,1.40697,-1.48569
1290.30000,-1.33652,1.39909,-1.47692
1290.35000,-1.33575,1.39128,-1.46845
1290.40000,-1.33492,1.38348,-1.46009
1290.45000,-1.33402,1.37563,-1.45195
1290.50000,-1.33306,1.36780,-1.44393
1290.55000,-1.33180,1.35835,-1.43605
1290.60000,-1.33041,1.34834,-1.42834
1290.65000,-1.32893,1.33827,-1.42095
1290.70000,-1.32737,1.32821,-1.41383
1290.75000,-1.32576,1.31821,-1.40699
1290.80000,-1.32409,1.30826,-1.40034
1290.85000,-1.32236,1.29837,-1.39424
1290.90000,-1.32057,1.28849,-1.38784
1290.95000,-1.31872,1.27861,-1.38184
1291.00000,-1.31683,1.26883,-1.37628
1291.05000,-1.31487,1.25896,-1.37107
1291.10000,-1.31285,1.24908,-1.36583
1291.15000,-1.31079,1.23927,-1.36120
1291.20000,-1.30869,1.22951,-1.35695
1291.25000,-1.30655,1.21976,-1.35284
1291.30000,-1.30437,1.21001,-1.34891
1291.35000,-1.30215,1.20027,-1.34517
1291.40000,-1.29990,1.19055,-1.34163
1291.45000,-1.29761,1.18083,-1.33829
1291.50000,-1.29529,1.17111,-1.33515
1291.55000,-1.29294,1.16140,-1.33193
1291.60000,-1.29058,1.15177,-1.32864
1291.65000,-1.28819,1.14214,-1.32552
1291.70000,-1.28576,1.13252,-1.32254
1291.75000,-1.28331,1.12290,-1.31965
1291.80000,-1.28083,1.11328,-1.31685
1291.85000,-1.27832,1.10367,-1.31412
1291.90000,-1.27579,1.09407,-1.31145
1291.95000,-1.27323,1.08447,-1.30884
1292.00000,-1.27064,1.07487,-1.30627
1292.05000,-1.26803,1.06529,-1.30374
1292.10000,-1.26540,1.05571,-1.30122
1292.15000,-1.26274,1.04613,-1.29875
1292.20000,-1.26005,1.03656,-1.29635
1292.25000,-1.25735,1.02699,-1.29406
1292.30000,-1.25460,1.01733,-1.29192
1292.35000,-1.25183,1.00771,-1.28995
1292.40000,-1.24904,0.99807,-1.28797
1292.45000,-1.24623,0.98843,-1.28597
1292.50000,-1.24341,0.97883,-1.28405
1292.55000,-1.24055,0.96919,-1.28188
1292.60000,-1.23768,0.95955,-1.27951
1292.65000,-1.23478,0.94992,-1.27697
1292.70000,-1.23185,0.94028,-1.27422
1292.75000,-1.22889,0.93066,-1.27138
1292.80000,-1.22591,0.92103,-1.26824
1292.85000,-1.22290,0.91144,-1.26503
1292.90000,-1.21984,0.90182,-1.26126
1292.95000,-1.21675,0.89220,-1.25708
1293.00000,-1.21362,0.88258,-1.25245
1293.05000,-1.21044,0.87297,-1.24730
1293.10000,-1.20720,0.86337,-1.24145
1293.15000,-1.20388,0.85375,-1.23485
1293.20000,-1.20049,0.84414,-1.22743
1293.25000,-1.19701,0.83454,-1.21869
1293.30000,-1.19343,0.82494,-1.20840
1293.35000,-1.18977,0.81544,-1.19691
1293.40000,-1.18601,0.80582,-1.18446
1293.45000,-1.18521,0.80095,-1.17056
1293.50000,-1.18495,0.80032,-1.14925
1293.55000,-1.18467,0.79970,-1.12500
1293.60000,-1.18439,0.79910,-1.10186
1293.65000,-1.18411,0.79853,-1.07973
1293.70000,-1.18382,0.79799,-1.05836
1293.75000,-1.18353,0.79747,-1.03779
1293.80000,-1.18325,0.79698,-1.01792
1293.85000,-1.18297,0.79652,-0.99858
1293.90000,-1.18268,0.79607,-0.97988
1293.95000,-1.18238,0.79563,-0.96161
1294.00000,-1.18208,0.79520,-0.94387
1294.05000,-1.18177,0.79479,-0.92657
1294.10000,-1.18147,0.79438,-0.90958
1294.15000,-1.17971,0.79238,-0.89277
1294.20000,-1.17407,0.78560,-0.87811
1294.25000,-1.16760,0.77793,-0.86266
1294.30000,-1.16111,0.77034,-0.84736
1294.35000,-1.15878,0.76742,-0.83017
1294.40000,-1.15851,0.76713,-0.80060
1294.45000,-1.15847,0.76708,-0.76740
1294.50000,-1.15842,0.76704,-0.73449
1294.55000,-1.15836,0.76699,-0.70201
1294.60000,-1.15831,0.76695,-0.66990
1294.65000,-1.15826,0.76691,-0.63815
1294.70000,-1.15820,0.76687,-0.60674
1294.75000,-1.15814,0.76683,-0.57568
1294.80000,-1.15809,0.76679,-0.54494
1294.85000,-1.15803,0.76676,-0.51453
1294.90000,-1.15797,0.76673,-0.48442
1294.95000,-1.15790,0.76669,-0.45463
1295.00000,-1.15784,0.76666,-0.42514
1295.05000,-1.15778,0.76664,-0.39594
1295.10000,-1.15772,0.76661,-0.36704
1295.15000,-1.15765,0.76659,-0.33842
1295.20000,-1.15758,0.76657,-0.31009
1295.25000,-1.15752,0.76655,-0.28204
1295.30000,-1.15745,0.76653,-0.25426
1295.35000,-1.15738,0.76651,-0.22591
1295.40000,-1.15731,0.76650,-0.19617
1295.45000,-1.15724,0.76648,-0.16436
1295.50000,-1.15717,0.76647,-0.13064
1295.55000,-1.15708,0.76646,-0.09532
1295.60000,-1.15700,0.76646,-0.05867
1295.65000,-1.15691,0.76645,-0.02092
1295.70000,-1.15681,0.76645,0.01770
1295.75000,-1.15671,0.76646,0.05704
1295.80000,-1.15661,0.76646,0.09693
1295.85000,-1.15650,0.76648,0.13724
1295.90000,-1.15639,0.76649,0.17785
1295.95000,-1.15627,0.76652,0.21868
1296.00000,-1.15615,0.76655,0.25963
1296.05000,-1.15603,0.76658,0.30063
1296.10000,-1.15590,0.76662,0.34161
1296.15000,-1.15578,0.76667,0.38252
1296.20000,-1.15565,0.76673,0.42327
1296.25000,-1.15552,0.76679,0.46372
1296.30000,-1.15539,0.76685,0.50381
1296.35000,-1.15518,0.76697,0.54374
1296.40000,-1.15505,0.76705,0.58286
1296.45000,-1.15493,0.76713,0.62139
1296.50000,-1.15440,0.76751,0.66139
1296.55000,-1.15415,0.76771,0.69996
1296.60000,-1.15392,0.76790,0.73823
1296.65000,-1.15369,0.76810,0.77633
1296.70000,-1.15325,0.76853,0.81540
1296.75000,-1.15289,0.76892,0.85372
1296.80000,-1.15231,0.76960,0.89316
1296.85000,-1.15160,0.77053,0.93342
1296.90000,-1.15092,0.77148,0.97317
1296.95000,-1.15027,0.77245,1.01219
1297.00000,-1.14967,0.77342,1.05069
1297.05000,-1.14804,0.77607,1.08662
1297.10000,-1.14433,0.78322,1.11793
1297.15000,-1.14014,0.79212,1.15090
1297.20000,-1.13647,0.80070,1.18569
1297.25000,-1.13319,0.80922,1.22025
1297.30000,-1.13019,0.81788,1.25373
1297.35000,-1.12720,0.82741,1.28395
1297.40000,-1.12450,0.83707,1.31270
1297.45000,-1.12211,0.84671,1.34128
1297.50000,-1.11997,0.85656,1.36917
1297.55000,-1.11812,0.86630,1.39591
1297.60000,-1.11659,0.87572,1.42352
1297.65000,-1.11536,0.88494,1.45135
1297.70000,-1.11437,0.89421,1.47834
1297.75000,-1.11363,0.90353,1.50447
1297.80000,-1.11313,0.91288,1.52971
1297.85000,-1.11286,0.92227,1.55405
1297.90000,-1.11281,0.93168,1.57747
1297.95000,-1.11298,0.94112,1.59993
1298.00000,-1.11336,0.95057,1.62140
1298.05000,-1.11393,0.96004,1.64184
1298.10000,-1.11470,0.96953,1.66113
1298.15000,-1.11556,0.97901,1.68039
1298.20000,-1.11571,0.98482,1.69954
1298.25000,-1.11575,0.98566,1.71600
1298.30000,-1.11578,0.98602,1.73083
1298.35000,-1.11582,0.98635,1.74477
1298.40000,-1.11586,0.98679,1.75838
1298.45000,-1.11592,0.98722,1.77153
1298.50000,-1.11598,0.98760,1.78418
1298.55000,-1.11603,0.98787,1.79625
1298.60000,-1.11606,0.98798,1.80761
1298.65000,-1.11611,0.98819,1.81879
1298.70000,-1.11618,0.98856,1.82988
1298.75000,-1.11625,0.98886,1.84010
1298.80000,-1.11632,0.98913,1.84971
1298.85000,-1.11639,0.98941,1.85894
1298.90000,-1.11644,0.98958,1.86756
1298.95000,-1.11651,0.98983,1.87594
1299.00000,-1.11656,0.99004,1.88373
1299.05000,-1.11664,0.99030,1.89098
1299.10000,-1.11671,0.99053,1.89760
1299.15000,-1.11678,0.99076,1.90375
1299.20000,-1.11684,0.99095,1.90934
1299.25000,-1.11693,0.99119,1.91453
1299.30000,-1.11699,0.99138,1.91948
1299.35000,-1.11706,0.99160,1.92411
1299.40000,-1.11713,0.99178,1.92849
1299.45000,-1.11720,0.99198,1.93289
1299.50000,-1.11727,0.99217,1.93719
1299.55000,-1.11734,0.99236,1.94093
1299.60000,-1.11742,0.99257,1.94465
1299.65000,-1.11746,0.99265,1.94830
1299.70000,-1.11752,0.99280,1.95161
1299.75000,-1.11760,0.99301,1.95476
1299.80000,-1.11768,0.99321,1.95760
1299.85000,-1.11776,0.99339,1.96012
1299.90000,-1.11783,0.99358,1.96262
1299.95000,-1.11791,0.99377,1.96484
1300.00000,-1.11796,0.99390,1.96680
1300.05000,-1.11801,0.99402,1.96872
1300.10000,-1.11809,0.99421,1.97048
1300.15000,-1.11817,0.99440,1.97191
1300.20000,-1.11825,0.99458,1.97314
1300.25000,-1.11832,0.99475,1.97415
1300.30000,-1.11839,0.99492,1.97492
1300.35000,-1.11847,0.99509,1.97544
1300.40000,-1.11854,0.99527,1.97569
1300.45000,-1.11862,0.99544,1.97565
1300.50000,-1.11869,0.99561,1.97534
1300.55000,-1.11876,0.99579,1.97477
1300.60000,-1.11884,0.99596,1.97393
1300.65000,-1.11891,0.99613,1.97283
1300.70000,-1.11899,0.99630,1.97162
1300.75000,-1.11906,0.99646,1.97027
1300.80000,-1.11912,0.99661,1.96874
1300.85000,-1.11920,0.99680,1.96734
1300.90000,-1.11927,0.99695,1.96582
1300.95000,-1.11935,0.99715,1.96441
1301.00000,-1.11945,0.99736,1.96289
1301.05000,-1.11952,0.99753,1.96108
1301.10000,-1.11958,0.99767,1.95920
1301.15000,-1.11964,0.99782,1.95722
1301.20000,-1.11970,0.99796,1.95524
1301.25000,-1.11977,0.99813,1.95311
1301.30000,-1.11983,0.99828,1.95093
1301.35000,-1.11989,0.99843,1.94888
1301.40000,-1.11996,0.99859,1.94684
1301.45000,-1.12002,0.99874,1.94479
1301.50000,-1.12008,0.99890,1.94216
1301.55000,-1.12014,0.99904,1.93940
1301.60000,-1.12020,0.99920,1.93639
1301.65000,-1.12027,0.99937,1.93341
1301.70000,-1.12032,0.99951,1.93008
1301.75000,-1.12038,0.99966,1.92691
1301.80000,-1.12043,0.99981,1.92323
1301.85000,-1.12053,1.00007,1.91960
1301.90000,-1.12065,1.00039,1.91600
1301.95000,-1.12076,1.00070,1.91240
1302.00000,-1.12087,1.00102,1.90881
1302.05000,-1.12094,1.00121,1.90505
1302.10000,-1.12099,1.00136,1.90103
1302.15000,-1.12104,1.00151,1.89675
1302.20000,-1.12109,1.00165,1.89239
1302.25000,-1.12113,1.00180,1.88798
1302.30000,-1.12243,1.00366,1.88449
1302.35000,-1.12539,1.01147,1.88072
1302.40000,-1.12840,1.02094,1.87627
1302.45000,-1.13138,1.03043,1.87162
1302.50000,-1.13430,1.03990,1.86687
1302.55000,-1.13718,1.04939,1.86186
1302.60000,-1.14002,1.05892,1.85688
1302.65000,-1.14279,1.06842,1.85186
1302.70000,-1.14552,1.07794,1.84668
1302.75000,-1.14819,1.08747,1.84147
1302.80000,-1.15083,1.09705,1.83608
1302.85000,-1.15342,1.10664,1.83065
1302.90000,-1.15595,1.11622,1.82523
1302.95000,-1.15842,1.12582,1.81989
1303.00000,-1.16084,1.13541,1.81460
1303.05000,-1.16321,1.14502,1.80937
1303.10000,-1.16553,1.15466,1.80414
1303.15000,-1.16781,1.16433,1.79900
1303.20000,-1.17003,1.17400,1.79395
1303.25000,-1.17221,1.18368,1.78927
1303.30000,-1.17434,1.19337,1.78519
1303.35000,-1.17644,1.20308,1.78182
1303.40000,-1.17852,1.21284,1.77962
1303.45000,-1.18059,1.22262,1.77936
1303.50000,-1.18267,1.23243,1.78171
1303.55000,-1.18480,1.24225,1.78773
1303.60000,-1.18696,1.25214,1.79405
1303.65000,-1.18729,1.25738,1.80263
1303.70000,-1.18780,1.26021,1.82581
1303.75000,-1.18803,1.26114,1.86885
1303.80000,-1.18804,1.26118,1.91535
1303.85000,-1.18806,1.26122,1.96514
1303.90000,-1.18808,1.26128,2.01726
1303.95000,-1.18812,1.26134,2.07136
1304.00000,-1.18816,1.26142,2.12693
1304.05000,-1.18822,1.26151,2.18341
1304.10000,-1.18830,1.26161,2.24026
1304.15000,-1.18838,1.26171,2.29699
1304.20000,-1.18847,1.26180,2.35336
1304.25000,-1.18857,1.26190,2.40935
1304.30000,-1.18867,1.26198,2.46493
1304.35000,-1.18877,1.26206,2.52006
1304.40000,-1.18889,1.26214,2.57482
1304.45000,-1.18901,1.26221,2.62928
1304.50000,-1.18915,1.26228,2.68363
1304.55000,-1.18930,1.26236,2.73801
1304.60000,-1.18948,1.26243,2.79241
1304.65000,-1.18969,1.26250,2.84679
1304.70000,-1.18993,1.26256,2.90110
1304.75000,-1.19021,1.26262,2.95523
1304.80000,-1.19052,1.26267,3.00912
1304.85000,-1.19088,1.26271,3.06271
1304.90000,-1.19128,1.26273,3.11595
1304.95000,-1.19171,1.26273,-3.11441
1305.00000,-1.19218,1.26270,-3.06209
1305.05000,-1.19265,1.26265,-3.01036
1305.10000,-1.19312,1.26258,-2.95927
1305.15000,-1.19359,1.26248,-2.90884
1305.20000,-1.19405,1.26236,-2.85906
1305.25000,-1.19452,1.26221,-2.80993
1305.30000,-1.19498,1.26204,-2.76146
1305.35000,-1.19544,1.26184,-2.71362
1305.40000,-1.19592,1.26161,-2.66636
1305.45000,-1.19641,1.26134,-2.61964
1305.50000,-1.19692,1.26103,-2.57344
1305.55000,-1.19747,1.26067,-2.52777
1305.60000,-1.19804,1.26024,-2.48266
1305.65000,-1.19863,1.25976,-2.43812
1305.70000,-1.19925,1.25921,-2.39417
1305.75000,-1.19988,1.25860,-2.35085
1305.80000,-1.20051,1.25794,-2.30819
1305.85000,-1.20112,1.25723,-2.26623
1305.90000,-1.20171,1.25650,-2.22501
1305.95000,-1.20226,1.25575,-2.18453
1306.00000,-1.20278,1.25498,-2.14478
1306.05000,-1.20444,1.25288,-2.10575
1306.10000,-1.20805,1.24734,-2.06786
1306.15000,-1.21262,1.23862,-2.03076
1306.20000,-1.21702,1.22929,-1.99249
1306.25000,-1.22095,1.22009,-1.95622
1306.30000,-1.22454,1.21076,-1.92063
1306.35000,-1.22780,1.20131,-1.88572
1306.40000,-1.23074,1.19175,-1.85146
1306.45000,-1.23334,1.18210,-1.81786
1306.50000,-1.23563,1.17236,-1.78490
1306.55000,-1.23759,1.16256,-1.75261
1306.60000,-1.23925,1.15270,-1.72100
1306.65000,-1.24059,1.14279,-1.69012
1306.70000,-1.24163,1.13284,-1.66001
1306.75000,-1.24237,1.12287,-1.63065
1306.80000,-1.24283,1.11288,-1.60205
1306.85000,-1.24300,1.10289,-1.57419
1306.90000,-1.24290,1.09289,-1.54701
1306.95000,-1.24253,1.08290,-1.52043
1307.00000,-1.24190,1.07292,-1.49440
1307.05000,-1.24100,1.06296,-1.46889
1307.10000,-1.23986,1.05302,-1.44390
1307.15000,-1.23848,1.04312,-1.41942
1307.20000,-1.23685,1.03325,-1.39545
1307.25000,-1.23499,1.02343,-1.37196
1307.30000,-1.23290,1.01365,-1.34894
1307.35000,-1.23059,1.00392,-1.32637
1307.40000,-1.22806,0.99425,-1.30427
1307.45000,-1.22533,0.98463,-1.28268
1307.50000,-1.22237,0.97500,-1.26139
1307.55000,-1.21932,0.96547,-1.24038
1307.60000,-1.21888,0.96020,-1.21858
1307.65000,-1.21865,0.95954,-1.19720
1307.70000,-1.21842,0.95896,-1.17643
1307.75000,-1.21820,0.95842,-1.15625
1307.80000,-1.21796,0.95786,-1.13660
1307.85000,-1.21771,0.95732,-1.11735
1307.90000,-1.21746,0.95679,-1.09850
1307.95000,-1.21720,0.95626,-1.08018
1308.00000,-1.21692,0.95574,-1.06223
1308.05000,-1.21662,0.95521,-1.04484
1308.10000,-1.21631,0.95469,-1.02797
1308.15000,-1.21599,0.95416,-1.01155
1308.20000,-1.21566,0.95364,-0.99569
1308.25000,-1.21532,0.95312,-0.98041
1308.30000,-1.21498,0.95261,-0.96567
1308.35000,-1.21464,0.95213,-0.95156
1308.40000,-1.21430,0.95167,-0.93812
1308.45000,-1.21397,0.95122,-0.92529
1308.50000,-1.21364,0.95078,-0.91309
1308.55000,-1.21331,0.95036,-0.90154
1308.60000,-1.21298,0.94995,-0.89053
1308.65000,-1.21265,0.94955,-0.87992
1308.70000,-1.21232,0.94915,-0.86966
1308.75000,-1.21198,0.94875,-0.85974
1308.80000,-1.21164,0.94836,-0.85018
1308.85000,-1.21129,0.94796,-0.84098
1308.90000,-1.21093,0.94756,-0.83214
1308.95000,-1.21057,0.94717,-0.82367
1309.00000,-1.21019,0.94677,-0.81556
1309.05000,-1.20982,0.94637,-0.80779
1309.10000,-1.20943,0.94597,-0.80037
1309.15000,-1.20904,0.94557,-0.79329
1309.20000,-1.20864,0.94517,-0.78653
1309.25000,-1.20823,0.94476,-0.78010
1309.30000,-1.20782,0.94436,-0.77404
1309.35000,-1.20742,0.94396,-0.76837
1309.40000,-1.20701,0.94357,-0.76315
1309.45000,-1.20662,0.94320,-0.75837
1309.50000,-1.20623,0.94283,-0.75402
1309.55000,-1.20585,0.94248,-0.75010
1309.60000,-1.20547,0.94213,-0.74659
1309.65000,-1.20510,0.94179,-0.74343
1309.70000,-1.20474,0.94145,-0.74055
1309.75000,-1.20437,0.94112,-0.73784
1309.80000,-1.20401,0.94079,-0.73527
1309.85000,-1.20364,0.94046,-0.73285
1309.90000,-1.20328,0.94013,-0.73056
1309.95000,-1.20291,0.93980,-0.72842
1310.00000,-1.20254,0.93947,-0.72641
1310.05000,-1.20217,0.93915,-0.72454
1310.10000,-1.20180,0.93882,-0.72279
1310.15000,-1.20143,0.93849,-0.72115
1310.20000,-1.20106,0.93817,-0.71962
1310.25000,-1.20069,0.93784,-0.71821
1310.30000,-1.20032,0.93752,-0.71701
1310.35000,-1.19996,0.93721,-0.71607
1310.40000,-1.19961,0.93690,-0.71541
1310.45000,-1.19926,0.93659,-0.71504
1310.50000,-1.19891,0.93630,-0.71494
1310.55000,-1.19858,0.93601,-0.71510
1310.60000,-1.19825,0.93572,-0.71549
1310.65000,-1.19793,0.93544,-0.71600
1310.70000,-1.19762,0.93517,-0.71650
1310.75000,-1.19731,0.93490,-0.71694
1310.80000,-1.19701,0.93464,-0.71732
1310.85000,-1.19671,0.93438,-0.71764
1310.90000,-1.19642,0.93412,-0.71789
1310.95000,-1.19613,0.93387,-0.71807
1311.00000,-1.19584,0.93362,-0.71818
1311.05000,-1.19556,0.93337,-0.71821
1311.10000,-1.19528,0.93313,-0.71818
1311.15000,-1.19500,0.93289,-0.71812
1311.20000,-1.19473,0.93265,-0.71805
1311.25000,-1.19447,0.93242,-0.71804
1311.30000,-1.19420,0.93219,-0.71815
1311.35000,-1.19395,0.93196,-0.71843
1311.40000,-1.19370,0.93174,-0.71884
1311.45000,-1.19345,0.93153,-0.71925
1311.50000,-1.19321,0.93132,-0.71948
1311.55000,-1.19201,0.93018,-0.71986
1311.60000,-1.18689,0.92523,-0.72061
1311.65000,-1.17936,0.91862,-0.71964
1311.70000,-1.17180,0.91200,-0.71749
1311.75000,-1.16420,0.90539,-0.71379
1311.80000,-1.15655,0.89880,-0.70798
1311.85000,-1.14890,0.89231,-0.70015
1311.90000,-1.14103,0.88575,-0.68873
1311.95000,-1.13318,0.87937,-0.67468
1312.00000,-1.12534,0.87321,-0.65744
1312.05000,-1.11743,0.86710,-0.63986
1312.10000,-1.11479,0.86538,-0.61960
1312.15000,-1.11438,0.86510,-0.58836
1312.20000,-1.11429,0.86503,-0.55094
1312.25000,-1.11417,0.86494,-0.51158
1312.30000,-1.11409,0.86489,-0.47106
1312.35000,-1.11400,0.86485,-0.42944
1312.40000,-1.11391,0.86481,-0.38706
1312.45000,-1.11381,0.86477,-0.34422
1312.50000,-1.11371,0.86474,-0.30115
1312.55000,-1.11361,0.86471,-0.25791
1312.60000,-1.11350,0.86469,-0.21459
1312.65000,-1.11339,0.86466,-0.17141
1312.70000,-1.11328,0.86465,-0.12838
1312.75000,-1.11317,0.86464,-0.08557
1312.80000,-1.11305,0.86463,-0.04299
1312.85000,-1.11294,0.86463,-0.00067
1312.90000,-1.11282,0.86463,0.04149
1312.95000,-1.11270,0.86464,0.08382
1313.00000,-1.11258,0.86465,0.12637
1313.05000,-1.11245,0.86467,0.16932
1313.10000,-1.11232,0.86469,0.21257
1313.15000,-1.11219,0.86473,0.25597
1313.20000,-1.11205,0.86476,0.29940
1313.25000,-1.11191,0.86481,0.34270
1313.30000,-1.11177,0.86486,0.38577
1313.35000,-1.11163,0.86492,0.42853
1313.40000,-1.11149,0.86499,0.47090
1313.45000,-1.11136,0.86506,0.51286
1313.50000,-1.11122,0.86514,0.55443
1313.55000,-1.11109,0.86523,0.59560
1313.60000,-1.11088,0.86537,0.63670
1313.65000,-1.11075,0.86547,0.67720
1313.70000,-1.11023,0.86589,0.71910
1313.75000,-1.11009,0.86602,0.75886
1313.80000,-1.10997,0.86614,0.79807
1313.85000,-1.10985,0.86627,0.83687
1313.90000,-1.10962,0.86651,0.87572
1313.95000,-1.10945,0.86672,0.91390
1314.00000,-1.10914,0.86712,0.95266
1314.05000,-1.10888,0.86748,0.99077
1314.10000,-1.10829,0.86841,1.03077
1314.15000,-1.10774,0.86937,1.07056
1314.20000,-1.10625,0.87174,1.10832
1314.25000,-1.10272,0.87887,1.14066
1314.30000,-1.09865,0.88813,1.17571
1314.35000,-1.09495,0.89745,1.20948
1314.40000,-1.09157,0.90686,1.24233
1314.45000,-1.08849,0.91638,1.27441
1314.50000,-1.08572,0.92599,1.30572
1314.55000,-1.08325,0.93568,1.33627
1314.60000,-1.08107,0.94543,1.36606
1314.65000,-1.07918,0.95525,1.39509
1314.70000,-1.07758,0.96512,1.42338
1314.75000,-1.07624,0.97503,1.45093
1314.80000,-1.07523,0.98448,1.47964
1314.85000,-1.07452,0.99373,1.50853
1314.90000,-1.07407,1.00302,1.53656
1314.95000,-1.07388,1.01234,1.56369
1315.00000,-1.07393,1.02168,1.58991
1315.05000,-1.07423,1.03104,1.61522
1315.10000,-1.07476,1.04041,1.63960
1315.15000,-1.07552,1.04980,1.66304
1315.20000,-1.07649,1.05918,1.68548
1315.25000,-1.07768,1.06857,1.70692
1315.30000,-1.07906,1.07796,1.72729
1315.35000,-1.08054,1.08734,1.74764
1315.40000,-1.08079,1.09315,1.76797
1315.45000,-1.08087,1.09398,1.78531
1315.50000,-1.08087,1.09401,1.80093
1315.55000,-1.08100,1.09454,1.81647
1315.60000,-1.08110,1.09499,1.83127
1315.65000,-1.08118,1.09535,1.84535
1315.70000,-1.08127,1.09568,1.85855
1315.75000,-1.08136,1.09604,1.87133
1315.80000,-1.08145,1.09636,1.88336
1315.85000,-1.08155,1.09671,1.89495
1315.90000,-1.08166,1.09707,1.90599
1315.95000,-1.08174,1.09732,1.91576
1316.00000,-1.08182,1.09756,1.92455
1316.05000,-1.08188,1.09771,1.93230
1316.10000,-1.08196,1.09793,1.93956
1316.15000,-1.08204,1.09815,1.94625
1316.20000,-1.08210,1.09833,1.95230
1316.25000,-1.08216,1.09848,1.95703
1316.30000,-1.08224,1.09867,1.96075
1316.35000,-1.08230,1.09884,1.96355
1316.40000,-1.08237,1.09900,1.96534
1316.45000,-1.08243,1.09915,1.96592
1316.50000,-1.08249,1.09927,1.96521
1316.55000,-1.08254,1.09941,1.96333
1316.60000,-1.08258,1.09951,1.96003
1316.65000,-1.08263,1.09964,1.95693
1316.70000,-1.08269,1.09977,1.95325
1316.75000,-1.08272,1.09984,1.94599
1316.80000,-1.08271,1.09982,1.93704
1316.85000,-1.08277,1.09996,1.92765
1316.90000,-1.08273,1.09985,1.91607
1316.95000,-1.08273,1.09986,1.90394
1317.00000,-1.08273,1.09982,1.89016
1317.05000,-1.08270,1.09972,1.87529
1317.10000,-1.08274,1.09970,1.85991
1317.15000,-1.08276,1.09969,1.84401
1317.20000,-1.08280,1.09984,1.82770
1317.25000,-1.08274,1.09958,1.80907
1317.30000,-1.08273,1.09952,1.79041
1317.35000,-1.08271,1.09941,1.77104
1317.40000,-1.08271,1.09937,1.75146
1317.45000,-1.08267,1.09907,1.73046
1317.50000,-1.08262,1.09867,1.70839
1317.55000,-1.08257,1.09825,1.68598
1317.60000,-1.08252,1.09782,1.66330
1317.65000,-1.08249,1.09738,1.63998
1317.70000,-1.08252,1.09753,1.61683
1317.75000,-1.08253,1.09776,1.59258
1317.80000,-1.08255,1.09818,1.56665
1317.85000,-1.08254,1.09816,1.53856
1317.90000,-1.08255,1.09801,1.50837
1317.95000,-1.08255,1.09789,1.47661
1318.00000,-1.08258,1.09773,1.44357
1318.05000,-1.08259,1.09748,1.40872
1318.10000,-1.08256,1.09761,1.37405
1318.15000,-1.08252,1.09779,1.33830
1318.20000,-1.08247,1.09799,1.30129
1318.25000,-1.08241,1.09820,1.26311
1318.30000,-1.08234,1.09841,1.22384
1318.35000,-1.08225,1.09864,1.18359
1318.40000,-1.08215,1.09888,1.14245
1318.45000,-1.08203,1.09913,1.10053
1318.50000,-1.08189,1.09940,1.05789
1318.55000,-1.08172,1.09967,1.01464
1318.60000,-1.08154,1.09995,0.97083
1318.65000,-1.08133,1.10025,0.92654
1318.70000,-1.08109,1.10055,0.88184
1318.75000,-1.08082,1.10087,0.83679
1318.80000,-1.08051,1.10119,0.79147
1318.85000,-1.08018,1.10151,0.74604
1318.90000,-1.07982,1.10183,0.70070
1318.95000,-1.07944,1.10213,0.65554
1319.00000,-1.07904,1.10243,0.61064
1319.05000,-1.07863,1.10270,0.56603
1319.10000,-1.07819,1.10296,0.52171
1319.15000,-1.07775,1.10321,0.47764
1319.20000,-1.07728,1.10344,0.43377
1319.25000,-1.07679,1.10365,0.39009
1319.30000,-1.07628,1.10385,0.34656
1319.35000,-1.07574,1.10403,0.30316
1319.40000,-1.07518,1.10419,0.25985
1319.45000,-1.07459,1.10434,0.21665
1319.50000,-1.07396,1.10446,0.17359
1319.55000,-1.07331,1.10456,0.13068
1319.60000,-1.07262,1.10464,0.08794
1319.65000,-1.07191,1.10468,0.04539
1319.70000,-1.07116,1.10470,0.00306
1319.75000,-1.07038,1.10469,-0.03904
1319.80000,-1.06957,1.10464,-0.08088
1319.85000,-1.06874,1.10455,-0.12242
1319.90000,-1.06791,1.10443,-0.16348
1319.95000,-1.06708,1.10428,-0.20399
1320.00000,-1.06626,1.10409,-0.24394
1320.05000,-1.06545,1.10387,-0.28332
1320.10000,-1.06465,1.10363,-0.32212
1320.15000,-1.06386,1.10335,-0.36036
1320.20000,-1.06309,1.10304,-0.39806
1320.25000,-1.06233,1.10270,-0.43525
1320.30000,-1.06157,1.10233,-0.47195
1320.35000,-1.06083,1.10194,-0.50818
1320.40000,-1.06010,1.10151,-0.54399
1320.45000,-1.05937,1.10105,-0.57940
1320.50000,-1.05866,1.10057,-0.61444
1320.55000,-1.05794,1.10005,-0.64909
1320.60000,-1.05724,1.09949,-0.68335
1320.65000,-1.05476,1.09731,-0.71657
1320.70000,-1.04840,1.09162,-0.74638
1320.75000,-1.04122,1.08475,-0.77917
1320.80000,-1.03470,1.07808,-0.81428
1320.85000,-1.02837,1.07112,-0.84847
1320.90000,-1.02228,1.06398,-0.88201
1320.95000,-1.01659,1.05681,-0.91563
1321.00000,-1.01110,1.04942,-0.94821
1321.05000,-1.00585,1.04186,-0.97970
1321.10000,-1.00082,1.03411,-1.01004
1321.15000,-0.99600,1.02619,-1.03920
1321.20000,-0.99140,1.01811,-1.06717
1321.25000,-0.98701,1.00988,-1.09400
1321.30000,-0.98282,1.00151,-1.11973
1321.35000,-0.97883,0.99301,-1.14409
1321.40000,-0.97504,0.98440,-1.16750
1321.45000,-0.97142,0.97567,-1.18954
1321.50000,-0.96798,0.96682,-1.21016
1321.55000,-0.96471,0.95788,-1.22937
1321.60000,-0.96162,0.94919,-1.24833
1321.65000,-0.96085,0.94490,-1.26444
1321.70000,-0.96081,0.94467,-1.27601
1321.75000,-0.96085,0.94480,-1.28693
1321.80000,-0.96088,0.94492,-1.29719
1321.85000,-0.96091,0.94504,-1.30683
1321.90000,-0.96094,0.94514,-1.31592
1321.95000,-0.96096,0.94523,-1.32450
1322.00000,-0.96098,0.94532,-1.33273
1322.05000,-0.96100,0.94540,-1.34063
1322.10000,-0.96101,0.94547,-1.34829
1322.15000,-0.96102,0.94552,-1.35578
1322.20000,-0.96103,0.94553,-1.36321
1322.25000,-0.96102,0.94551,-1.37035
1322.30000,-0.96100,0.94539,-1.37702
1322.35000,-0.96097,0.94527,-1.38339
1322.40000,-0.96095,0.94515,-1.38935
1322.45000,-0.96093,0.94503,-1.39483
1322.50000,-0.96091,0.94492,-1.39986
1322.55000,-0.96089,0.94480,-1.40439
1322.60000,-0.96087,0.94469,-1.40840
1322.65000,-0.96085,0.94457,-1.41192
1322.70000,-0.96084,0.94447,-1.41499
1322.75000,-0.96082,0.94436,-1.41770
1322.80000,-0.96081,0.94426,-1.42010
1322.85000,-0.96079,0.94417,-1.42225
1322.90000,-0.96078,0.94407,-1.42414
1322.95000,-0.96076,0.94398,-1.42581
1323.00000,-0.96075,0.94388,-1.42714
1323.05000,-0.96074,0.94379,-1.42814
1323.10000,-0.96072,0.94370,-1.42875
1323.15000,-0.96071,0.94361,-1.42897
1323.20000,-0.96070,0.94352,-1.42882
1323.25000,-0.96068,0.94343,-1.42822
1323.30000,-0.96067,0.94334,-1.42715
1323.35000,-0.96066,0.94325,-1.42547
1323.40000,-0.96065,0.94317,-1.42279
1323.45000,-0.96063,0.94309,-1.41911
1323.50000,-0.96062,0.94302,-1.41447
1323.55000,-0.96061,0.94296,-1.40889
1323.60000,-0.96060,0.94290,-1.40250
1323.65000,-0.96059,0.94284,-1.39526
1323.70000,-0.96058,0.94278,-1.38744
1323.75000,-0.96057,0.94272,-1.37938
1323.80000,-0.96056,0.94267,-1.37096
1323.85000,-0.96054,0.94258,-1.36210
1323.90000,-0.96050,0.94237,-1.35241
1323.95000,-0.96047,0.94221,-1.34254
1324.00000,-0.96044,0.94207,-1.33091
1324.05000,-0.96038,0.94184,-1.31649
1324.10000,-0.96034,0.94167,-1.29945
1324.15000,-0.96031,0.94155,-1.27919
1324.20000,-0.96030,0.94151,-1.25585
1324.25000,-0.96029,0.94148,-1.22954
1324.30000,-0.96028,0.94144,-1.20097
1324.35000,-0.96027,0.94141,-1.17160
1324.40000,-0.96025,0.94138,-1.14183
1324.45000,-0.96024,0.94135,-1.11203
1324.50000,-0.96022,0.94132,-1.08162
1324.55000,-0.96020,0.94129,-1.05018
1324.60000,-0.95987,0.94077,-1.01413
1324.65000,-0.95976,0.94061,-0.97589
1324.70000,-0.95974,0.94058,-0.93404
1324.75000,-0.95971,0.94054,-0.88914
1324.80000,-0.95968,0.94051,-0.84217
1324.85000,-0.95965,0.94047,-0.79394
1324.90000,-0.95961,0.94043,-0.74538
1324.95000,-0.95957,0.94040,-0.69691
1325.00000,-0.95953,0.94036,-0.64851
1325.05000,-0.95948,0.94033,-0.60032
1325.10000,-0.95944,0.94030,-0.55232
1325.15000,-0.95939,0.94028,-0.50399
1325.20000,-0.95934,0.94025,-0.45491
1325.25000,-0.95928,0.94022,-0.40507
1325.30000,-0.95922,0.94020,-0.35465
1325.35000,-0.95915,0.94017,-0.30398
1325.40000,-0.95908,0.94015,-0.25350
1325.45000,-0.95901,0.94014,-0.20335
1325.50000,-0.95894,0.94012,-0.15357
1325.55000,-0.95886,0.94011,-0.10413
1325.60000,-0.95879,0.94011,-0.05503
1325.65000,-0.95871,0.94011,-0.00625
1325.70000,-0.95863,0.94011,0.04231
1325.75000,-0.95855,0.94011,0.09096
1325.80000,-0.95846,0.94012,0.13970
1325.85000,-0.95837,0.94014,0.18840
1325.90000,-0.95828,0.94016,0.23696
1325.95000,-0.95818,0.94018,0.28524
1326.00000,-0.95808,0.94022,0.33310
1326.05000,-0.95799,0.94025,0.38043
1326.10000,-0.95789,0.94029,0.42722
1326.15000,-0.95780,0.94034,0.47345
1326.20000,-0.95771,0.94039,0.51912
1326.25000,-0.95762,0.94044,0.56423
1326.30000,-0.95753,0.94050,0.60886
1326.35000,-0.95745,0.94056,0.65310
1326.40000,-0.95736,0.94063,0.69696
1326.45000,-0.95727,0.94071,0.74042
1326.50000,-0.95718,0.94079,0.78341
1326.55000,-0.95710,0.94088,0.82588
1326.60000,-0.95702,0.94097,0.86776
1326.65000,-0.95694,0.94107,0.90902
1326.70000,-0.95687,0.94117,0.94966
1326.75000,-0.95679,0.94127,0.98968
1326.80000,-0.95673,0.94138,1.02906
1326.85000,-0.95667,0.94148,1.06780
1326.90000,-0.95661,0.94159,1.10591
1326.95000,-0.95655,0.94171,1.14343
1327.00000,-0.95650,0.94183,1.18038
1327.05000,-0.95645,0.94195,1.21677
1327.10000,-0.95536,0.94421,1.25154
1327.15000,-0.95296,0.95177,1.28250
1327.20000,-0.95034,0.96118,1.31638
1327.25000,-0.94799,0.97090,1.35053
1327.30000,-0.94596,0.98069,1.38399
1327.35000,-0.94427,0.99055,1.41672
1327.40000,-0.94289,1.00045,1.44869
1327.45000,-0.94183,1.01039,1.47985
1327.50000,-0.94107,1.02036,1.51016
1327.55000,-0.94062,1.03035,1.53953
1327.60000,-0.94044,1.04035,1.56781
1327.65000,-0.94055,1.05034,1.59482
1327.70000,-0.94092,1.06033,1.62026
1327.75000,-0.94153,1.07031,1.64373
1327.80000,-0.94236,1.08027,1.66446
1327.85000,-0.94329,1.09024,1.68478
1327.90000,-0.94341,1.09727,1.70163
1327.95000,-0.94286,1.10309,1.70841
1328.00000,-0.94211,1.10868,1.70554
1328.05000,-0.94190,1.11234,1.69683
1328.10000,-0.94226,1.11501,1.70580
1328.15000,-0.94253,1.11737,1.74042
1328.20000,-0.94284,1.11928,1.79251
1328.25000,-0.94303,1.12004,1.85999
1328.30000,-0.94318,1.12048,1.93668
1328.35000,-0.94331,1.12078,2.01956
1328.40000,-0.94341,1.12098,2.10682
1328.45000,-0.94350,1.12111,2.19721
1328.50000,-0.94358,1.12120,2.28982
1328.55000,-0.94364,1.12127,2.38399
1328.60000,-0.94367,1.12130,2.47910
1328.65000,-0.94369,1.12131,2.57252
1328.70000,-0.94370,1.12132,2.66351
1328.75000,-0.94371,1.12132,2.75059
1328.80000,-0.94374,1.12132,2.82556
1328.85000,-0.94375,1.12130,2.88183
1328.90000,-0.94378,1.12122,2.91315
1328.95000,-0.94405,1.12128,2.93561
1329.00000,-0.94437,1.12132,2.95602
1329.05000,-0.94440,1.12133,2.97457
1329.10000,-0.94460,1.12133,2.99269
1329.15000,-0.94477,1.12135,3.00953
1329.20000,-0.94495,1.12136,3.02284
1329.25000,-0.94510,1.12137,3.03442
1329.30000,-0.94517,1.12136,3.04320
1329.35000,-0.94531,1.12137,3.05131
1329.40000,-0.94542,1.12137,3.05945
1329.45000,-0.94554,1.12138,3.06598
1329.50000,-0.94565,1.12139,3.07152
1329.55000,-0.94570,1.12139,3.07586
1329.60000,-0.94579,1.12139,3.08004
1329.65000,-0.94586,1.12140,3.08288
1329.70000,-0.94594,1.12140,3.08495
1329.75000,-0.94601,1.12141,3.08633
1329.80000,-0.94608,1.12141,3.08689
1329.85000,-0.94614,1.12141,3.08658
1329.90000,-0.94619,1.12142,3.08553
1329.95000,-0.94625,1.12142,3.08370
1330.00000,-0.94631,1.12142,3.08181
1330.05000,-0.94634,1.12143,3.07865
1330.10000,-0.94639,1.12143,3.07443
1330.15000,-0.94639,1.12144,3.06971
1330.20000,-0.94640,1.12144,3.06433
1330.25000,-0.94643,1.12144,3.05834
1330.30000,-0.94639,1.12145,3.05169
1330.35000,-0.94648,1.12146,3.04452
1330.40000,-0.94651,1.12146,3.03678
1330.45000,-0.94655,1.12147,3.02869
1330.50000,-0.94645,1.12147,3.01972
1330.55000,-0.94641,1.12147,3.01054
1330.60000,-0.94628,1.12145,3.00054
1330.65000,-0.94613,1.12143,2.99009
1330.70000,-0.94614,1.12144,2.97956
1330.75000,-0.94616,1.12145,2.96864
1330.80000,-0.94615,1.12146,2.95703
1330.85000,-0.94610,1.12147,2.94481
1330.90000,-0.94618,1.12151,2.93248
1330.95000,-0.94624,1.12153,2.91927
1331.00000,-0.94655,1.12160,2.90603
1331.05000,-0.94669,1.12165,2.89243
1331.10000,-0.94704,1.12175,2.87845
1331.15000,-0.94691,1.12172,2.86407
1331.20000,-0.94670,1.12166,2.84940
1331.25000,-0.94649,1.12159,2.83445
1331.30000,-0.94627,1.12152,2.81924
1331.35000,-0.94606,1.12145,2.80378
1331.40000,-0.94584,1.12137,2.78810
1331.45000,-0.94562,1.12129,2.77221
1331.50000,-0.94539,1.12120,2.75613
1331.55000,-0.94517,1.12111,2.73987
1331.60000,-0.94495,1.12102,2.72345
1331.65000,-0.94472,1.12091,2.70687
1331.70000,-0.94449,1.12081,2.69017
1331.75000,-0.94427,1.12069,2.67334
1331.80000,-0.94404,1.12058,2.65639
1331.85000,-0.94381,1.12045,2.63935
1331.90000,-0.94359,1.12033,2.62221
1331.95000,-0.94336,1.12019,2.60499
1332.00000,-0.94314,1.12005,2.58771
1332.05000,-0.94291,1.11991,2.57037
1332.10000,-0.94269,1.11977,2.55298
1332.15000,-0.94247,1.11961,2.53556
1332.20000,-0.94225,1.11946,2.51812
1332.25000,-0.94204,1.11930,2.50065
1332.30000,-0.94183,1.11914,2.48317
1332.35000,-0.94162,1.11897,2.46569
1332.40000,-0.94141,1.11880,2.44823
1332.45000,-0.94121,1.11863,2.43079
1332.50000,-0.94101,1.11845,2.41337
1332.55000,-0.94082,1.11827,2.39600
1332.60000,-0.94063,1.11809,2.37867
1332.65000,-0.94044,1.11791,2.36140
1332.70000,-0.94026,1.11772,2.34419
1332.75000,-0.94008,1.11753,2.32707
1332.80000,-0.93991,1.11735,2.31003
1332.85000,-0.93975,1.11716,2.29308
1332.90000,-0.93958,1.11697,2.27622
1332.95000,-0.93943,1.11678,2.25946
1333.00000,-0.93927,1.11658,2.24280
1333.05000,-0.93913,1.11639,2.22624
1333.10000,-0.93898,1.11620,2.20980
1333.15000,-0.93885,1.11601,2.19349
1333.20000,-0.93872,1.11582,2.17730
1333.25000,-0.93859,1.11563,2.16125
1333.30000,-0.93847,1.11544,2.14536
1333.35000,-0.93835,1.11525,2.12961
1333.40000,-0.93824,1.11507,2.11401
1333.45000,-0.93813,1.11488,2.09856
1333.50000,-0.93803,1.11470,2.08326
1333.55000,-0.93793,1.11452,2.06811
1333.60000,-0.93784,1.11434,2.05311
1333.65000,-0.93775,1.11417,2.03828
1333.70000,-0.93767,1.11399,2.02362
1333.75000,-0.93759,1.11382,2.00913
1333.80000,-0.93890,1.11519,1.99591
1333.85000,-0.94276,1.12050,1.98383
1333.90000,-0.94663,1.12951,1.97062
1333.95000,-0.95042,1.13863,1.95774
1334.00000,-0.95411,1.14785,1.94522
1334.05000,-0.95768,1.15709,1.93293
1334.10000,-0.96114,1.16639,1.92089
1334.15000,-0.96450,1.17577,1.90921
1334.20000,-0.96773,1.18512,1.89751
1334.25000,-0.97087,1.19455,1.88638
1334.30000,-0.97389,1.20396,1.87539
1334.35000,-0.97676,1.21329,1.86437
1334.40000,-0.97951,1.22263,1.85363
1334.45000,-0.98217,1.23201,1.84348
1334.50000,-0.98474,1.24142,1.83403
1334.55000,-0.98723,1.25089,1.82541
1334.60000,-0.98966,1.26039,1.81777
1334.65000,-0.99205,1.27001,1.81172
1334.70000,-0.99439,1.27964,1.80701
1334.75000,-0.99668,1.28928,1.80402
1334.80000,-0.99897,1.29899,1.80351
1334.85000,-1.00129,1.30870,1.80596
1334.90000,-1.00362,1.31838,1.80926
1334.95000,-1.00511,1.32709,1.81362
1335.00000,-1.00554,1.33000,1.82281
1335.05000,-1.00558,1.33018,1.84537
1335.10000,-1.00559,1.33023,1.87078
1335.15000,-1.00561,1.33028,1.89637
1335.20000,-1.00563,1.33033,1.92226
1335.25000,-1.00565,1.33038,1.94852
1335.30000,-1.00567,1.33044,1.97506
1335.35000,-1.00569,1.33049,2.00197
1335.40000,-1.00572,1.33054,2.02924
1335.45000,-1.00575,1.33060,2.05666
1335.50000,-1.00578,1.33065,2.08405
1335.55000,-1.00581,1.33070,2.11137
1335.60000,-1.00584,1.33076,2.13860
1335.65000,-1.00587,1.33081,2.16573
1335.70000,-1.00591,1.33086,2.19273
1335.75000,-1.00594,1.33091,2.21961
1335.80000,-1.00598,1.33096,2.24632
1335.85000,-1.00602,1.33100,2.27289
1335.90000,-1.00606,1.33105,2.29914
1335.95000,-1.00629,1.33130,2.32595
1336.00000,-1.00680,1.33184,2.35362
1336.05000,-1.00732,1.33234,2.38068
1336.10000,-1.00785,1.33284,2.40705
1336.15000,-1.00838,1.33331,2.43332
1336.20000,-1.00892,1.33377,2.45926
1336.25000,-1.00946,1.33423,2.48492
1336.30000,-1.01000,1.33465,2.51031
1336.35000,-1.01056,1.33505,2.53540
1336.40000,-1.01109,1.33542,2.56010
1336.45000,-1.01165,1.33578,2.58440
1336.50000,-1.01221,1.33614,2.60839
1336.55000,-1.01278,1.33647,2.63211
1336.60000,-1.01331,1.33676,2.65552
1336.65000,-1.01383,1.33703,2.67855
1336.70000,-1.01439,1.33731,2.70151
1336.75000,-1.01496,1.33758,2.72410
1336.80000,-1.01552,1.33783,2.74614
1336.85000,-1.01733,1.33898,2.76730
1336.90000,-1.02520,1.34237,2.78589
1336.95000,-1.03496,1.34589,2.80396
1337.00000,-1.04474,1.34923,2.82064
1337.05000,-1.05460,1.35242,2.83613
1337.10000,-1.06446,1.35545,2.85013
1337.15000,-1.07428,1.35833,2.86248
1337.20000,-1.08409,1.36109,2.87309
1337.25000,-1.09385,1.36374,2.88065
1337.30000,-1.10359,1.36631,2.88557
1337.35000,-1.11331,1.36884,2.88755
1337.40000,-1.12303,1.37135,2.88905
1337.45000,-1.12753,1.37171,2.88892
1337.50000,-1.12752,1.37170,2.88141
1337.55000,-1.12744,1.37168,2.87081
1337.60000,-1.12748,1.37170,2.85936
1337.65000,-1.12754,1.37171,2.84675
1337.70000,-1.12759,1.37173,2.83312
1337.75000,-1.12765,1.37175,2.81858
1337.80000,-1.12771,1.37177,2.80326
1337.85000,-1.12777,1.37179,2.78712
1337.90000,-1.12783,1.37181,2.77011
1337.95000,-1.12782,1.37181,2.75178
1338.00000,-1.12741,1.37164,2.73082
1338.05000,-1.12700,1.37146,2.70857
1338.10000,-1.12653,1.37124,2.68491
1338.15000,-1.12603,1.37100,2.66051
1338.20000,-1.12555,1.37075,2.63564
1338.25000,-1.12507,1.37049,2.61057
1338.30000,-1.12459,1.37020,2.58541
1338.35000,-1.12410,1.36990,2.56016
1338.40000,-1.12366,1.36962,2.53507
1338.45000,-1.12325,1.36934,2.51018
1338.50000,-1.12284,1.36904,2.48531
1338.55000,-1.12240,1.36869,2.46013
1338.60000,-1.12196,1.36833,2.43477
1338.65000,-1.12154,1.36795,2.40918
1338.70000,-1.12112,1.36756,2.38331
1338.75000,-1.12071,1.36716,2.35715
1338.80000,-1.12031,1.36674,2.33077
1338.85000,-1.11991,1.36631,2.30404
1338.90000,-1.11952,1.36587,2.27664
1338.95000,-1.11914,1.36541,2.24878
1339.00000,-1.11874,1.36491,2.21995
1339.05000,-1.11837,1.36440,2.19052
1339.10000,-1.11799,1.36386,2.16081
1339.15000,-1.11763,1.36332,2.13125
1339.20000,-1.11734,1.36282,2.10188
1339.25000,-1.11702,1.36228,2.07254
1339.30000,-1.11673,1.36172,2.04340
1339.35000,-1.11646,1.36117,2.01451
1339.40000,-1.11621,1.36061,1.98591
1339.45000,-1.11597,1.36006,1.95764
1339.50000,-1.11576,1.35951,1.92972
1339.55000,-1.11556,1.35895,1.90178
1339.60000,-1.11538,1.35838,1.87353
1339.65000,-1.11521,1.35779,1.84473
1339.70000,-1.11505,1.35719,1.81530
1339.75000,-1.11491,1.35656,1.78530
1339.80000,-1.11478,1.35593,1.75518
1339.85000,-1.11468,1.35530,1.72545
1339.90000,-1.11464,1.35483,1.69689
1339.95000,-1.11459,1.35429,1.66837
1340.00000,-1.11455,1.35369,1.63986
1340.05000,-1.11454,1.35327,1.61223
1340.10000,-1.11454,1.35281,1.58452
1340.15000,-1.11454,1.35234,1.55717
1340.20000,-1.11453,1.35209,1.52996
1340.25000,-1.11452,1.35188,1.50238
1340.30000,-1.11451,1.35159,1.47360
1340.35000,-1.11444,1.35224,1.44471
1340.40000,-1.11442,1.35234,1.41573
1340.45000,-1.11437,1.35244,1.38790
1340.50000,-1.11446,1.35190,1.35891
1340.55000,-1.11459,1.35133,1.33014
1340.60000,-1.11467,1.35086,1.30216
1340.65000,-1.11475,1.35043,1.27468
1340.70000,-1.11491,1.34992,1.24746
1340.75000,-1.11509,1.34941,1.22066
1340.80000,-1.11528,1.34891,1.19390
1340.85000,-1.11549,1.34841,1.16665
1340.90000,-1.11546,1.34846,1.14116
1340.95000,-1.11540,1.34858,1.11515
1341.00000,-1.11534,1.34871,1.08838
1341.05000,-1.11527,1.34883,1.06122
1341.10000,-1.11520,1.34895,1.03405
1341.15000,-1.11513,1.34907,1.00722
1341.20000,-1.11506,1.34918,0.98069
1341.25000,-1.11498,1.34930,0.95445
1341.30000,-1.11489,1.34941,0.92849
1341.35000,-1.11323,1.35129,0.90258
1341.40000,-1.10796,1.35775,0.87885
1341.45000,-1.10149,1.36537,0.85399
1341.50000,-1.09483,1.37283,0.82940
1341.55000,-1.08798,1.38012,0.80458
1341.60000,-1.08096,1.38724,0.77923
1341.65000,-1.07376,1.39417,0.75316
1341.70000,-1.06637,1.40091,0.72628
1341.75000,-1.05889,1.40756,0.69939
1341.80000,-1.05599,1.40979,0.67355
1341.85000,-1.05589,1.40987,0.64452
1341.90000,-1.05579,1.40994,0.61541
1341.95000,-1.05570,1.40999,0.58651
1342.00000,-1.05562,1.41003,0.55793
1342.05000,-1.05325,1.41165,0.53054
1342.10000,-1.04574,1.41597,0.50640
1342.15000,-1.03694,1.42069,0.47922
1342.20000,-1.02800,1.42518,0.45252
1342.25000,-1.01895,1.42944,0.42602
1342.30000,-1.00979,1.43345,0.39938
1342.35000,-1.00053,1.43721,0.37223
1342.40000,-0.99117,1.44071,0.34425
1342.45000,-0.98171,1.44395,0.31527
1342.50000,-0.97220,1.44706,0.28624
1342.55000,-0.96924,1.44721,0.25872
1342.60000,-0.96918,1.44722,0.22682
1342.65000,-0.96912,1.44723,0.19497
1342.70000,-0.96907,1.44724,0.16347
1342.75000,-0.96901,1.44725,0.13235
1342.80000,-0.96704,1.44764,0.10187
1342.85000,-0.95947,1.44834,0.07259
1342.90000,-0.95101,1.44890,0.04129
1342.95000,-0.94870,1.44892,0.00929
1343.00000,-0.94875,1.44892,-0.02982
1343.05000,-0.94875,1.44892,-0.07119
1343.10000,-0.94868,1.44891,-0.11255
1343.15000,-0.94861,1.44890,-0.15393
1343.20000,-0.94852,1.44889,-0.19514
1343.25000,-0.94843,1.44887,-0.23599
1343.30000,-0.94832,1.44884,-0.27634
1343.35000,-0.94820,1.44880,-0.31609
1343.40000,-0.94807,1.44875,-0.35525
1343.45000,-0.94792,1.44870,-0.39379
1343.50000,-0.94776,1.44863,-0.43184
1343.55000,-0.94760,1.44855,-0.46949
1343.60000,-0.94744,1.44846,-0.50686
1343.65000,-0.94727,1.44837,-0.54395
1343.70000,-0.94711,1.44826,-0.58076
1343.75000,-0.94754,1.44854,-0.62000
1343.80000,-0.94585,1.44712,-0.65649
1343.85000,-0.94037,1.44271,-0.69194
1343.90000,-0.93363,1.43691,-0.72984
1343.95000,-0.92701,1.43075,-0.76814
1344.00000,-0.92062,1.42434,-0.80601
1344.05000,-0.91446,1.41768,-0.84327
1344.10000,-0.90854,1.41079,-0.87980
1344.15000,-0.90287,1.40367,-0.91552
1344.20000,-0.89743,1.39634,-0.95030
1344.25000,-0.89223,1.38880,-0.98398
1344.30000,-0.88727,1.38107,-1.01652
1344.35000,-0.88254,1.37315,-1.04767
1344.40000,-0.87803,1.36506,-1.07730
1344.45000,-0.87374,1.35681,-1.10536
1344.50000,-0.86966,1.34842,-1.13191
1344.55000,-0.86579,1.33988,-1.15700
1344.60000,-0.86210,1.33122,-1.18054
1344.65000,-0.85860,1.32243,-1.20235
1344.70000,-0.85515,1.31358,-1.22415
1344.75000,-0.85471,1.31133,-1.24081
1344.80000,-0.85473,1.31136,-1.25437
1344.85000,-0.85471,1.31132,-1.26722
1344.90000,-0.85468,1.31123,-1.27913
1344.95000,-0.85465,1.31112,-1.29067
1345.00000,-0.85462,1.31100,-1.30185
1345.05000,-0.85458,1.31087,-1.31267
1345.10000,-0.85461,1.31095,-1.32405
1345.15000,-0.85463,1.31106,-1.33517
1345.20000,-0.85465,1.31115,-1.34569
1345.25000,-0.85467,1.31122,-1.35573
1345.30000,-0.85467,1.31125,-1.36510
1345.35000,-0.85466,1.31119,-1.37349
1345.40000,-0.85465,1.31116,-1.38122
1345.45000,-0.85463,1.31109,-1.38825
1345.50000,-0.85462,1.31098,-1.39483
1345.55000,-0.85458,1.31081,-1.40077
1345.60000,-0.85456,1.31068,-1.40608
1345.65000,-0.85454,1.31054,-1.41085
1345.70000,-0.85452,1.31042,-1.41514
1345.75000,-0.85449,1.31026,-1.41875
1345.80000,-0.85446,1.31009,-1.42178
1345.85000,-0.85443,1.30990,-1.42422
1345.90000,-0.85441,1.30972,-1.42608
1345.95000,-0.85438,1.30951,-1.42728
1346.00000,-0.85435,1.30929,-1.42771
1346.05000,-0.85432,1.30906,-1.42756
1346.10000,-0.85428,1.30880,-1.42715
1346.15000,-0.85424,1.30855,-1.42594
1346.20000,-0.85421,1.30830,-1.42421
1346.25000,-0.85417,1.30804,-1.42220
1346.30000,-0.85413,1.30777,-1.42010
1346.35000,-0.85408,1.30748,-1.41785
1346.40000,-0.85404,1.30717,-1.41548
1346.45000,-0.85400,1.30686,-1.41312
1346.50000,-0.85394,1.30652,-1.41076
1346.55000,-0.85388,1.30614,-1.40844
1346.60000,-0.85381,1.30575,-1.40606
1346.65000,-0.85374,1.30532,-1.40358
1346.70000,-0.85366,1.30487,-1.40106
1346.75000,-0.85358,1.30438,-1.39837
1346.80000,-0.85349,1.30385,-1.39558
1346.85000,-0.85339,1.30328,-1.39259
1346.90000,-0.85328,1.30271,-1.38953
1346.95000,-0.85317,1.30210,-1.38615
1347.00000,-0.85305,1.30147,-1.38254
1347.05000,-0.85293,1.30085,-1.37871
1347.10000,-0.85281,1.30020,-1.37462
1347.15000,-0.85268,1.29955,-1.37037
1347.20000,-0.85255,1.29889,-1.36586
1347.25000,-0.85241,1.29823,-1.36137
1347.30000,-0.85226,1.29751,-1.35670
1347.35000,-0.85210,1.29678,-1.35211
1347.40000,-0.85192,1.29597,-1.34760
1347.45000,-0.85174,1.29516,-1.34305
1347.50000,-0.85154,1.29430,-1.33859
1347.55000,-0.85134,1.29344,-1.33435
1347.60000,-0.85111,1.29243,-1.32990
1347.65000,-0.85086,1.29136,-1.32548
1347.70000,-0.85060,1.29027,-1.32108
1347.75000,-0.85033,1.28915,-1.31668
1347.80000,-0.85005,1.28802,-1.31226
1347.85000,-0.84977,1.28692,-1.30794
1347.90000,-0.84949,1.28586,-1.30372
1347.95000,-0.84919,1.28478,-1.29950
1348.00000,-0.84888,1.28366,-1.29529
1348.05000,-0.84857,1.28258,-1.29112
1348.10000,-0.84826,1.28149,-1.28695
1348.15000,-0.84794,1.28039,-1.28299
1348.20000,-0.84761,1.27929,-1.27923
1348.25000,-0.84727,1.27815,-1.27557
1348.30000,-0.84691,1.27695,-1.27192
1348.35000,-0.84555,1.27420,-1.26820
1348.40000,-0.84262,1.26591,-1.26518
1348.45000,-0.83959,1.25637,-1.26208
1348.50000,-0.83653,1.24681,-1.25892
1348.55000,-0.83345,1.23733,-1.25580
1348.60000,-0.83034,1.22781,-1.25268
1348.65000,-0.82721,1.21836,-1.24960
1348.70000,-0.82406,1.20892,-1.24656
1348.75000,-0.82088,1.19953,-1.24340
1348.80000,-0.81768,1.19014,-1.24022
1348.85000,-0.81445,1.18077,-1.23704
1348.90000,-0.81118,1.17140,-1.23384
1348.95000,-0.80789,1.16205,-1.23064
1349.00000,-0.80456,1.15271,-1.22737
1349.05000,-0.80121,1.14338,-1.22400
1349.10000,-0.79783,1.13407,-1.22051
1349.15000,-0.79441,1.12477,-1.21687
1349.20000,-0.79096,1.11549,-1.21306
1349.25000,-0.78748,1.10622,-1.20908
1349.30000,-0.78396,1.09698,-1.20489
1349.35000,-0.78040,1.08776,-1.20049
1349.40000,-0.77680,1.07855,-1.19584
1349.45000,-0.77315,1.06933,-1.19119
1349.50000,-0.76942,1.06007,-1.18671
1349.55000,-0.76566,1.05082,-1.18194
1349.60000,-0.76184,1.04156,-1.17633
1349.65000,-0.75795,1.03229,-1.17025
1349.70000,-0.75401,1.02304,-1.16387
1349.75000,-0.75000,1.01383,-1.15653
1349.80000,-0.74590,1.00458,-1.14872
1349.85000,-0.74175,0.99542,-1.14038
1349.90000,-0.73750,0.98615,-1.13197
1349.95000,-0.73343,0.97706,-1.12341
1350.00000,-0.73289,0.97208,-1.11244
1350.05000,-0.73263,0.97116,-1.10100
1350.10000,-0.73242,0.97073,-1.08881
1350.15000,-0.73217,0.97026,-1.07648
1350.20000,-0.73193,0.96981,-1.06365
1350.25000,-0.73172,0.96942,-1.05052
1350.30000,-0.73147,0.96897,-1.03748
1350.35000,-0.73129,0.96866,-1.02330
1350.40000,-0.73116,0.96843,-1.00870
1350.45000,-0.73102,0.96819,-0.99408
1350.50000,-0.73087,0.96795,-0.97944
1350.55000,-0.73072,0.96770,-0.96477
1350.60000,-0.73056,0.96744,-0.95009
1350.65000,-0.73039,0.96718,-0.93539
1350.70000,-0.73022,0.96691,-0.92066
1350.75000,-0.73006,0.96665,-0.90413
1350.80000,-0.72984,0.96637,-0.88760
1350.85000,-0.72954,0.96599,-0.87127
1350.90000,-0.72922,0.96561,-0.85406
1350.95000,-0.72885,0.96518,-0.83475
1351.00000,-0.72844,0.96475,-0.81420
1351.05000,-0.72800,0.96429,-0.79232
1351.10000,-0.72752,0.96382,-0.76844
1351.15000,-0.72709,0.96341,-0.74221
1351.20000,-0.72659,0.96298,-0.71400
1351.25000,-0.72596,0.96246,-0.68404
1351.30000,-0.72530,0.96193,-0.65170
1351.35000,-0.72465,0.96146,-0.61822
1351.40000,-0.72397,0.96100,-0.58463
1351.45000,-0.72326,0.96053,-0.55128
1351.50000,-0.72243,0.96004,-0.51761
1351.55000,-0.72157,0.95958,-0.48381
1351.60000,-0.72070,0.95914,-0.44988
1351.65000,-0.71982,0.95873,-0.41583
1351.70000,-0.71894,0.95837,-0.38103
1351.75000,-0.71814,0.95806,-0.34425
1351.80000,-0.71770,0.95788,-0.30662
1351.85000,-0.71754,0.95782,-0.26775
1351.90000,-0.71742,0.95779,-0.22685
1351.95000,-0.71730,0.95776,-0.18382
1352.00000,-0.71717,0.95774,-0.14064
1352.05000,-0.71704,0.95773,-0.09783
1352.10000,-0.71691,0.95772,-0.05536
1352.15000,-0.71678,0.95771,-0.01280
1352.20000,-0.71665,0.95771,0.03059
1352.25000,-0.71651,0.95772,0.07491
1352.30000,-0.71637,0.95773,0.12008
1352.35000,-0.71623,0.95775,0.16573
1352.40000,-0.71608,0.95778,0.21165
1352.45000,-0.71593,0.95782,0.25797
1352.50000,-0.71578,0.95786,0.30464
1352.55000,-0.71563,0.95791,0.35152
1352.60000,-0.71548,0.95797,0.39851
1352.65000,-0.71532,0.95804,0.44551
1352.70000,-0.71517,0.95812,0.49245
1352.75000,-0.71502,0.95821,0.53926
1352.80000,-0.71487,0.95830,0.58587
1352.85000,-0.71472,0.95841,0.63222
1352.90000,-0.71457,0.95852,0.67828
1352.95000,-0.71443,0.95864,0.72399
1353.00000,-0.71429,0.95877,0.76931
1353.05000,-0.71415,0.95891,0.81422
1353.10000,-0.71402,0.95905,0.85868
1353.15000,-0.71390,0.95920,0.90266
1353.20000,-0.71378,0.95936,0.94615
1353.25000,-0.71367,0.95952,0.98910
1353.30000,-0.71356,0.95969,1.03152
1353.35000,-0.71346,0.95987,1.07337
1353.40000,-0.71337,0.96005,1.11465
1353.45000,-0.71328,0.96023,1.15534
1353.50000,-0.71320,0.96042,1.19543
1353.55000,-0.71313,0.96062,1.23490
1353.60000,-0.71306,0.96082,1.27375
1353.65000,-0.71301,0.96102,1.31197
1353.70000,-0.71296,0.96122,1.34956
1353.75000,-0.71292,0.96142,1.38650
1353.80000,-0.71232,0.96341,1.42245
1353.85000,-0.71124,0.97100,1.45665
1353.90000,-0.71035,0.98019,1.49276
1353.95000,-0.70982,0.98922,1.53092
1354.00000,-0.70962,0.99828,1.56837
1354.05000,-0.70977,1.00736,1.60502
1354.10000,-0.71024,1.01645,1.64090
1354.15000,-0.71104,1.02554,1.67600
1354.20000,-0.71216,1.03461,1.71035
1354.25000,-0.71359,1.04366,1.74394
1354.30000,-0.71532,1.05267,1.77680
1354.35000,-0.71734,1.06164,1.80895
1354.40000,-0.71965,1.07056,1.84038
1354.45000,-0.72225,1.07942,1.87108
1354.50000,-0.72512,1.08821,1.90106
1354.55000,-0.72825,1.09694,1.93028
1354.60000,-0.73164,1.10558,1.95877
1354.65000,-0.73528,1.11415,1.98653
1354.70000,-0.73916,1.12262,2.01358
1354.75000,-0.74328,1.13101,2.03992
1354.80000,-0.74762,1.13931,2.06555
1354.85000,-0.75243,1.14800,2.08828
1354.90000,-0.75747,1.15663,2.11015
1354.95000,-0.76270,1.16516,2.13150
1355.00000,-0.76811,1.17357,2.15227
1355.05000,-0.77368,1.18187,2.17250
1355.10000,-0.77942,1.19005,2.19217
1355.15000,-0.78532,1.19813,2.21129
1355.20000,-0.79137,1.20609,2.22983
1355.25000,-0.79750,1.21400,2.24837
1355.30000,-0.79941,1.21740,2.26712
1355.35000,-0.79961,1.21765,2.28453
1355.40000,-0.79971,1.21776,2.30073
1355.45000,-0.79981,1.21788,2.31633
1355.50000,-0.79991,1.21799,2.33138
1355.55000,-0.80002,1.21810,2.34588
1355.60000,-0.80013,1.21821,2.35986
1355.65000,-0.80024,1.21832,2.37334
1355.70000,-0.80035,1.21842,2.38632
1355.75000,-0.80046,1.21853,2.39881
1355.80000,-0.80058,1.21863,2.41080
1355.85000,-0.80070,1.21874,2.42231
1355.90000,-0.80081,1.21884,2.43332
1355.95000,-0.80093,1.21894,2.44384
1356.00000,-0.80105,1.21904,2.45388
1356.05000,-0.80118,1.21914,2.46343
1356.10000,-0.80130,1.21924,2.47251
1356.15000,-0.80142,1.21933,2.48111
1356.20000,-0.80158,1.21946,2.48954
1356.25000,-0.80176,1.21960,2.49749
1356.30000,-0.80196,1.21975,2.50513
1356.35000,-0.80214,1.21988,2.51209
1356.40000,-0.80236,1.22003,2.51902
1356.45000,-0.80254,1.22017,2.52534
1356.50000,-0.80275,1.22031,2.53138
1356.55000,-0.80292,1.22043,2.53692
1356.60000,-0.80313,1.22058,2.54191
1356.65000,-0.80335,1.22073,2.54648
1356.70000,-0.80353,1.22084,2.55058
1356.75000,-0.80371,1.22096,2.55440
1356.80000,-0.80390,1.22108,2.55785
1356.85000,-0.80408,1.22120,2.56089
1356.90000,-0.80426,1.22131,2.56358
1356.95000,-0.80441,1.22141,2.56587
1357.00000,-0.80457,1.22151,2.56788
1357.05000,-0.80472,1.22161,2.56949
1357.10000,-0.80487,1.22170,2.57078
1357.15000,-0.80501,1.22179,2.57176
1357.20000,-0.80515,1.22188,2.57249
1357.25000,-0.80528,1.22197,2.57288
1357.30000,-0.80541,1.22205,2.57302
1357.35000,-0.80553,1.22213,2.57290
1357.40000,-0.80565,1.22220,2.57256
1357.45000,-0.80576,1.22227,2.57203
1357.50000,-0.80587,1.22234,2.57130
1357.55000,-0.80597,1.22241,2.57040
1357.60000,-0.80607,1.22247,2.56937
1357.65000,-0.80617,1.22253,2.56824
1357.70000,-0.80627,1.22259,2.56701
1357.75000,-0.80636,1.22265,2.56564
1357.80000,-0.80645,1.22271,2.56405
1357.85000,-0.80653,1.22276,2.56228
1357.90000,-0.80661,1.22281,2.56014
1357.95000,-0.80668,1.22286,2.55782
1358.00000,-0.80676,1.22291,2.55521
1358.05000,-0.80684,1.22297,2.55246
1358.10000,-0.80690,1.22301,2.54949
1358.15000,-0.80696,1.22305,2.54627
1358.20000,-0.80703,1.22310,2.54278
1358.25000,-0.80714,1.22317,2.53902
1358.30000,-0.80725,1.22324,2.53527
1358.35000,-0.80734,1.22331,2.53159
1358.40000,-0.80741,1.22336,2.52797
1358.45000,-0.80745,1.22339,2.52414
1358.50000,-0.80750,1.22342,2.52014
1358.55000,-0.80754,1.22346,2.51601
1358.60000,-0.80760,1.22351,2.51172
1358.65000,-0.80764,1.22354,2.50733
1358.70000,-0.80768,1.22357,2.50286
1358.75000,-0.80775,1.22363,2.49828
1358.80000,-0.80781,1.22367,2.49361
1358.85000,-0.80786,1.22372,2.48854
1358.90000,-0.80789,1.22374,2.48333
1358.95000,-0.80792,1.22377,2.47808
1359.00000,-0.80794,1.22379,2.47277
1359.05000,-0.80793,1.22378,2.46744
1359.10000,-0.80799,1.22383,2.46233
1359.15000,-0.80810,1.22392,2.45724
1359.20000,-0.80814,1.22396,2.45178
1359.25000,-0.80819,1.22401,2.44607
1359.30000,-0.80821,1.22403,2.44032
1359.35000,-0.80830,1.22411,2.43475
1359.40000,-0.80840,1.22419,2.42901
1359.45000,-0.80849,1.22427,2.42311
1359.50000,-0.80858,1.22435,2.41708
1359.55000,-0.80867,1.22443,2.41095
1359.60000,-0.80876,1.22451,2.40474
1359.65000,-0.80885,1.22459,2.39846
1359.70000,-0.80894,1.22467,2.39214
1359.75000,-0.80903,1.22476,2.38578
1359.80000,-0.80912,1.22484,2.37938
1359.85000,-0.80920,1.22492,2.37295
1359.90000,-0.80929,1.22501,2.36647
1359.95000,-0.80938,1.22509,2.35985
1360.00000,-0.80946,1.22518,2.35306
1360.05000,-0.80955,1.22527,2.34607
1360.10000,-0.80963,1.22535,2.33889
1360.15000,-0.80972,1.22544,2.33155
1360.20000,-0.80980,1.22553,2.32409
1360.25000,-0.80989,1.22562,2.31655
1360.30000,-0.80997,1.22571,2.30896
1360.35000,-0.81108,1.22685,2.30150
1360.40000,-0.81505,1.23086,2.29414
1360.45000,-0.82114,1.23724,2.28655
1360.50000,-0.82757,1.24470,2.27862
1360.55000,-0.83393,1.25220,2.27116
1360.60000,-0.84023,1.25974,2.26433
1360.65000,-0.84652,1.26735,2.25834
1360.70000,-0.85277,1.27500,2.25301
1360.75000,-0.85898,1.28269,2.24825
1360.80000,-0.86516,1.29043,2.24418
1360.85000,-0.87133,1.29819,2.24096
1360.90000,-0.87749,1.30599,2.23868
1360.95000,-0.88366,1.31382,2.23765
1361.00000,-0.88982,1.32164,2.23771
1361.05000,-0.89604,1.32953,2.24024
1361.10000,-0.90232,1.33743,2.24496
1361.15000,-0.90867,1.34533,2.25210
1361.20000,-0.91515,1.35325,2.26191
1361.25000,-0.92163,1.36103,2.27238
1361.30000,-0.92310,1.36305,2.28690
1361.35000,-0.92346,1.36346,2.30683
1361.40000,-0.92385,1.36390,2.32750
1361.45000,-0.92424,1.36433,2.34806
1361.50000,-0.92463,1.36472,2.36857
1361.55000,-0.92504,1.36513,2.38931
1361.60000,-0.92547,1.36555,2.41058
1361.65000,-0.92592,1.36595,2.43230
1361.70000,-0.92638,1.36636,2.45446
1361.75000,-0.92686,1.36677,2.47732
1361.80000,-0.92737,1.36717,2.50100
1361.85000,-0.92788,1.36755,2.52585
1361.90000,-0.92846,1.36794,2.55190
1361.95000,-0.92906,1.36835,2.57816
1362.00000,-0.92968,1.36872,2.60415
1362.05000,-0.93030,1.36909,2.62998
1362.10000,-0.93092,1.36943,2.65561
1362.15000,-0.93155,1.36976,2.68116
1362.20000,-0.93218,1.37006,2.70674
1362.25000,-0.93282,1.37035,2.73271
1362.30000,-0.93346,1.37064,2.75859
1362.35000,-0.93411,1.37089,2.78440
1362.40000,-0.93477,1.37113,2.81035
1362.45000,-0.93544,1.37135,2.83675
1362.50000,-0.93615,1.37157,2.86335
1362.55000,-0.93684,1.37175,2.89027
1362.60000,-0.93720,1.37184,2.91609
1362.65000,-0.93764,1.37194,2.94267
1362.70000,-0.93770,1.37196,2.96844
1362.75000,-0.93777,1.37197,2.99507
1362.80000,-0.93784,1.37198,3.02283
1362.85000,-0.93791,1.37198,3.05185
1362.90000,-0.93799,1.37199,3.08219
1362.95000,-0.93808,1.37199,3.11383
1363.00000,-0.93817,1.37199,-3.13645
1363.05000,-0.93827,1.37199,-3.10240
1363.10000,-0.93839,1.37198,-3.06736
1363.15000,-0.93852,1.37197,-3.03147
1363.20000,-0.93866,1.37195,-2.99487
1363.25000,-0.93882,1.37193,-2.95771
1363.30000,-0.93900,1.37189,-2.92012
1363.35000,-0.93920,1.37184,-2.88222
1363.40000,-0.93943,1.37178,-2.84414
1363.45000,-0.93967,1.37170,-2.80599
1363.50000,-0.93993,1.37160,-2.76790
1363.55000,-0.94021,1.37149,-2.73008
1363.60000,-0.94047,1.37136,-2.69274
1363.65000,-0.94074,1.37123,-2.65588
1363.70000,-0.94099,1.37109,-2.61951
1363.75000,-0.94124,1.37094,-2.58360
1363.80000,-0.94149,1.37078,-2.54812
1363.85000,-0.94174,1.37060,-2.51303
1363.90000,-0.94200,1.37041,-2.47825
1363.95000,-0.94226,1.37020,-2.44374
1364.00000,-0.94253,1.36996,-2.40949
1364.05000,-0.94278,1.36974,-2.37560
1364.10000,-0.94305,1.36949,-2.34216
1364.15000,-0.94338,1.36914,-2.30814
1364.20000,-0.94349,1.36902,-2.27434
1364.25000,-0.94375,1.36872,-2.24221
1364.30000,-0.94406,1.36833,-2.21007
1364.35000,-0.94473,1.36740,-2.17618
1364.40000,-0.94664,1.36468,-2.14403
1364.45000,-0.95096,1.35777,-2.11464
1364.50000,-0.95558,1.34984,-2.08219
1364.55000,-0.95995,1.34174,-2.05035
1364.60000,-0.96408,1.33349,-2.01935
1364.65000,-0.96797,1.32510,-1.98924
1364.70000,-0.97161,1.31658,-1.96009
1364.75000,-0.97502,1.30793,-1.93202
1364.80000,-0.97819,1.29916,-1.90504
1364.85000,-0.98115,1.29029,-1.87918
1364.90000,-0.98388,1.28132,-1.85442
1364.95000,-0.98657,1.27164,-1.82954
1365.00000,-0.98904,1.26180,-1.80689
1365.05000,-0.99131,1.25184,-1.78573
1365.10000,-0.99339,1.24174,-1.76584
1365.15000,-0.99525,1.23182,-1.74597
1365.20000,-0.99691,1.22190,-1.72874
1365.25000,-0.99849,1.21202,-1.71021
1365.30000,-0.99873,1.20708,-1.69392
1365.35000,-0.99875,1.20641,-1.68818
1365.40000,-0.99875,1.20638,-1.69022
1365.45000,-0.99875,1.20635,-1.69282
1365.50000,-0.99875,1.20632,-1.69393
1365.55000,-0.99876,1.20627,-1.69100
1365.60000,-0.99877,1.20621,-1.68469
1365.65000,-0.99877,1.20615,-1.67516
1365.70000,-0.99878,1.20607,-1.66320
1365.75000,-0.99918,1.20423,-1.65160
1365.80000,-0.99988,1.19641,-1.63975
1365.85000,-1.00052,1.18626,-1.62690
1365.90000,-1.00102,1.17624,-1.61629
1365.95000,-1.00147,1.16647,-1.60582
1366.00000,-1.00157,1.16045,-1.59575
1366.05000,-1.00155,1.15901,-1.59497
1366.10000,-1.00155,1.15909,-1.60694
1366.15000,-1.00154,1.15910,-1.62400
1366.20000,-1.00155,1.15917,-1.63880
1366.25000,-1.00154,1.15923,-1.64872
1366.30000,-1.00154,1.15924,-1.65294
1366.35000,-1.00155,1.15919,-1.65264
1366.40000,-1.00156,1.15903,-1.64807
1366.45000,-1.00190,1.15726,-1.64387
1366.50000,-1.00259,1.15130,-1.63955
1366.55000,-1.00324,1.14176,-1.63281
1366.60000,-1.00383,1.13167,-1.62476
1366.65000,-1.00433,1.12161,-1.61817
1366.70000,-1.00482,1.11165,-1.61194
1366.75000,-1.00487,1.10587,-1.60669
1366.80000,-1.00487,1.10473,-1.61026
1366.85000,-1.00486,1.10509,-1.62598
1366.90000,-1.00484,1.10547,-1.64298
1366.95000,-1.00482,1.10571,-1.65492
1367.00000,-1.00481,1.10575,-1.66029
1367.05000,-1.00482,1.10572,-1.66076
1367.10000,-1.00521,1.10433,-1.66069
1367.15000,-1.00608,1.09816,-1.66037
1367.20000,-1.00694,1.08827,-1.65483
1367.25000,-1.00775,1.07832,-1.64966
1367.30000,-1.00852,1.06834,-1.64509
1367.35000,-1.00924,1.05836,-1.64281
1367.40000,-1.00994,1.04864,-1.64074
1367.45000,-1.01008,1.04261,-1.64005
1367.50000,-1.00996,1.04021,-1.65335
1367.55000,-1.00983,1.03781,-1.68388
1367.60000,-1.00977,1.03662,-1.72792
1367.65000,-1.00978,1.03659,-1.77764
1367.70000,-1.00978,1.03657,-1.82512
1367.75000,-1.00979,1.03655,-1.86621
1367.80000,-1.00981,1.03653,-1.89628
1367.85000,-1.00984,1.03652,-1.91210
1367.90000,-1.01096,1.03523,-1.92176
1367.95000,-1.01407,1.02942,-1.92919
1368.00000,-1.01768,1.02084,-1.92867
1368.05000,-1.02117,1.01143,-1.92436
1368.10000,-1.02462,1.00202,-1.92121
1368.15000,-1.02805,0.99266,-1.92223
1368.20000,-1.03106,0.98396,-1.92519
1368.25000,-1.03199,0.97998,-1.94326
1368.30000,-1.03266,0.97836,-1.98882
1368.35000,-1.03283,0.97798,-2.04574
1368.40000,-1.03285,0.97794,-2.10435
1368.45000,-1.03287,0.97791,-2.16201
1368.50000,-1.03289,0.97789,-2.21773
1368.55000,-1.03290,0.97788,-2.26913
1368.60000,-1.03293,0.97787,-2.30879
1368.65000,-1.03440,0.97635,-2.33765
1368.70000,-1.03754,0.97313,-2.35370
1368.75000,-1.03953,0.97115,-2.35756
1368.80000,-1.04066,0.97002,-2.35340
1368.85000,-1.04104,0.96964,-2.34258
1368.90000,-1.04129,0.96937,-2.33013
1368.95000,-1.04155,0.96910,-2.31743
1369.00000,-1.04181,0.96882,-2.30469
1369.05000,-1.04206,0.96854,-2.29193
1369.10000,-1.04230,0.96825,-2.27913
1369.15000,-1.04255,0.96796,-2.26620
1369.20000,-1.04280,0.96765,-2.25294
1369.25000,-1.04306,0.96734,-2.23916
1369.30000,-1.04332,0.96701,-2.22498
1369.35000,-1.04340,0.96690,-2.21162
1369.40000,-1.04358,0.96665,-2.19736
1369.45000,-1.04379,0.96638,-2.18271
1369.50000,-1.04386,0.96626,-2.16871
1369.55000,-1.04395,0.96614,-2.15457
1369.60000,-1.04403,0.96600,-2.14038
1369.65000,-1.04412,0.96587,-2.12619
1369.70000,-1.04420,0.96573,-2.11203
1369.75000,-1.04428,0.96559,-2.09791
1369.80000,-1.04436,0.96545,-2.08383
1369.85000,-1.04444,0.96531,-2.06976
1369.90000,-1.04452,0.96516,-2.05564
1369.95000,-1.04460,0.96501,-2.04140
1370.00000,-1.04469,0.96484,-2.02701
1370.05000,-1.04477,0.96466,-2.01247
1370.10000,-1.04486,0.96447,-1.99782
1370.15000,-1.04495,0.96426,-1.98308
1370.20000,-1.04505,0.96404,-1.96827
1370.25000,-1.04514,0.96381,-1.95343
1370.30000,-1.04524,0.96357,-1.93860
1370.35000,-1.04533,0.96333,-1.92385
1370.40000,-1.04542,0.96308,-1.90921
1370.45000,-1.04550,0.96284,-1.89466
1370.50000,-1.04558,0.96259,-1.88021
1370.55000,-1.04566,0.96234,-1.86587
1370.60000,-1.04574,0.96209,-1.85158
1370.65000,-1.04581,0.96183,-1.83725
1370.70000,-1.04588,0.96156,-1.82285
1370.75000,-1.04595,0.96128,-1.80837
1370.80000,-1.04602,0.96099,-1.79384
1370.85000,-1.04609,0.96068,-1.77927
1370.90000,-1.04615,0.96037,-1.76468
1370.95000,-1.04621,0.96004,-1.75006
1371.00000,-1.04690,0.95824,-1.73625
1371.05000,-1.04840,0.95063,-1.72313
1371.10000,-1.04985,0.94070,-1.70832
1371.15000,-1.05114,0.93080,-1.69362
1371.20000,-1.05229,0.92088,-1.67865
1371.25000,-1.05329,0.91094,-1.66338
1371.30000,-1.05421,0.90099,-1.64808
1371.35000,-1.05428,0.89603,-1.63401
1371.40000,-1.05431,0.89550,-1.61704
1371.45000,-1.05432,0.89537,-1.59979
1371.50000,-1.05433,0.89522,-1.58271
1371.55000,-1.05433,0.89507,-1.56583
1371.60000,-1.05426,0.89312,-1.54883
1371.65000,-1.05397,0.88490,-1.53208
1371.70000,-1.05350,0.87492,-1.51539
1371.75000,-1.05295,0.86492,-1.49870
1371.80000,-1.05284,0.85941,-1.48207
1371.85000,-1.05284,0.85879,-1.46073
1371.90000,-1.05283,0.85872,-1.43455
1371.95000,-1.05282,0.85867,-1.40713
1372.00000,-1.05281,0.85861,-1.37857
1372.05000,-1.05280,0.85856,-1.34877
1372.10000,-1.05279,0.85851,-1.31776
1372.15000,-1.05277,0.85845,-1.28571
1372.20000,-1.05276,0.85840,-1.25290
1372.25000,-1.05274,0.85835,-1.21970
1372.30000,-1.05272,0.85830,-1.18650
1372.35000,-1.05270,0.85825,-1.15370
1372.40000,-1.05267,0.85820,-1.12164
1372.45000,-1.05265,0.85814,-1.09066
1372.50000,-1.05262,0.85809,-1.06103
1372.55000,-1.05243,0.85775,-1.03183
1372.60000,-1.05203,0.85709,-1.00271
1372.65000,-1.05163,0.85647,-0.97512
1372.70000,-1.04984,0.85428,-0.94830
1372.75000,-1.04460,0.84740,-0.92507
1372.80000,-1.03859,0.83959,-0.90156
1372.85000,-1.03199,0.83143,-0.87739
1372.90000,-1.02519,0.82341,-0.85197
1372.95000,-1.01845,0.81568,-0.82696
1373.00000,-1.01633,0.81292,-0.80177
1373.05000,-1.01575,0.81231,-0.77134
1373.10000,-1.01520,0.81178,-0.74350
1373.15000,-1.01300,0.80972,-0.71810
1373.20000,-1.00614,0.80378,-0.69651
1373.25000,-0.99815,0.79723,-0.67779
1373.30000,-0.99006,0.79083,-0.66013
1373.35000,-0.98176,0.78450,-0.64245
1373.40000,-0.97346,0.77840,-0.62557
1373.45000,-0.96521,0.77253,-0.61000
1373.50000,-0.95688,0.76680,-0.59491
1373.55000,-0.94857,0.76127,-0.58096
1373.60000,-0.94007,0.75577,-0.56683
1373.65000,-0.93161,0.75046,-0.55407
1373.70000,-0.92309,0.74526,-0.54197
1373.75000,-0.91448,0.74015,-0.53037
1373.80000,-0.90584,0.73515,-0.51954
1373.85000,-0.89715,0.73024,-0.50929
1373.90000,-0.88841,0.72542,-0.49953
1373.95000,-0.87962,0.72068,-0.49021
1374.00000,-0.87079,0.71602,-0.48123
1374.05000,-0.86192,0.71144,-0.47255
1374.10000,-0.85301,0.70693,-0.46409
1374.15000,-0.84406,0.70250,-0.45578
1374.20000,-0.83507,0.69815,-0.44761
1374.25000,-0.82605,0.69387,-0.43944
1374.30000,-0.81700,0.68966,-0.43110
1374.35000,-0.80791,0.68553,-0.42246
1374.40000,-0.79878,0.68148,-0.41341
1374.45000,-0.78961,0.67751,-0.40376
1374.50000,-0.78040,0.67363,-0.39320
1374.55000,-0.77109,0.66983,-0.38145
1374.60000,-0.76174,0.66615,-0.36844
1374.65000,-0.75239,0.66262,-0.35412
1374.70000,-0.74298,0.65923,-0.33794
1374.75000,-0.73349,0.65598,-0.32038
1374.80000,-0.72397,0.65292,-0.30252
1374.85000,-0.71440,0.65003,-0.28442
1374.90000,-0.70467,0.64728,-0.26554
1374.95000,-0.69490,0.64473,-0.24608
1375.00000,-0.68518,0.64239,-0.22626
1375.05000,-0.67541,0.64025,-0.20552
1375.10000,-0.66559,0.63832,-0.18364
1375.15000,-0.65574,0.63660,-0.16042
1375.20000,-0.64587,0.63500,-0.13705
1375.25000,-0.64048,0.63484,-0.11552
1375.30000,-0.63921,0.63475,-0.08561
1375.35000,-0.63835,0.63469,-0.05373
1375.40000,-0.63754,0.63466,-0.02339
1375.45000,-0.63678,0.63465,0.00572
1375.50000,-0.63436,0.63476,0.03471
1375.55000,-0.62657,0.63520,0.06203
1375.60000,-0.61597,0.63601,0.08952
1375.65000,-0.60572,0.63705,0.11650
1375.70000,-0.59579,0.63821,0.14232
1375.75000,-0.59119,0.63831,0.16897
1375.80000,-0.59021,0.63847,0.20333
1375.85000,-0.59012,0.63849,0.23653
1375.90000,-0.59006,0.63850,0.26921
1375.95000,-0.59000,0.63852,0.30149
1376.00000,-0.58995,0.63854,0.33343
1376.05000,-0.58989,0.63856,0.36507
1376.10000,-0.58983,0.63858,0.39713
1376.15000,-0.58978,0.63860,0.43113
1376.20000,-0.58971,0.63863,0.46714
1376.25000,-0.58965,0.63867,0.50512
1376.30000,-0.58958,0.63871,0.54463
1376.35000,-0.58951,0.63875,0.58519
1376.40000,-0.58943,0.63881,0.62654
1376.45000,-0.58935,0.63887,0.66844
1376.50000,-0.58926,0.63894,0.71070
1376.55000,-0.58917,0.63902,0.75316
1376.60000,-0.58908,0.63911,0.79568
1376.65000,-0.58899,0.63921,0.83815
1376.70000,-0.58889,0.63932,0.88047
1376.75000,-0.58880,0.63943,0.92256
1376.80000,-0.58871,0.63956,0.96437
1376.85000,-0.58862,0.63970,1.00583
1376.90000,-0.58853,0.63984,1.04690
1376.95000,-0.58845,0.64000,1.08754
1377.00000,-0.58836,0.64016,1.12772
1377.05000,-0.58829,0.64033,1.16741
1377.10000,-0.58822,0.64051,1.20659
1377.15000,-0.58815,0.64070,1.24522
1377.20000,-0.58809,0.64089,1.28330
1377.25000,-0.58803,0.64109,1.32081
1377.30000,-0.58799,0.64129,1.35773
1377.35000,-0.58794,0.64150,1.39405
1377.40000,-0.58740,0.64366,1.42936
1377.45000,-0.58642,0.65115,1.46203
1377.50000,-0.58557,0.66033,1.49803
1377.55000,-0.58503,0.66970,1.53460
1377.60000,-0.58484,0.67966,1.56789
1377.65000,-0.58497,0.68963,1.60023
1377.70000,-0.58542,0.69960,1.63193
1377.75000,-0.58618,0.70955,1.66296
1377.80000,-0.58724,0.71947,1.69335
1377.85000,-0.58861,0.72936,1.72307
1377.90000,-0.59024,0.73916,1.75335
1377.95000,-0.59205,0.74819,1.78502
1378.00000,-0.59415,0.75717,1.81593
1378.05000,-0.59653,0.76611,1.84600
1378.10000,-0.59918,0.77499,1.87526
1378.15000,-0.60209,0.78381,1.90370
1378.20000,-0.60526,0.79256,1.93133
1378.25000,-0.60866,0.80125,1.95815
1378.30000,-0.61231,0.80986,1.98416
1378.35000,-0.61618,0.81839,2.00936
1378.40000,-0.62027,0.82684,2.03376
1378.45000,-0.62457,0.83521,2.05737
1378.50000,-0.62908,0.84349,2.08018
1378.55000,-0.63378,0.85169,2.10221
1378.60000,-0.63866,0.85980,2.12345
1378.65000,-0.64372,0.86783,2.14392
1378.70000,-0.64887,0.87581,2.16439
1378.75000,-0.65043,0.87976,2.18485
1378.80000,-0.65065,0.88016,2.20215
1378.85000,-0.65088,0.88049,2.21896
1378.90000,-0.65116,0.88088,2.23551
1378.95000,-0.65140,0.88119,2.25130
1379.00000,-0.65163,0.88150,2.26625
1379.05000,-0.65199,0.88191,2.28120
1379.10000,-0.65221,0.88218,2.29505
1379.15000,-0.65240,0.88241,2.30812
1379.20000,-0.65255,0.88258,2.32031
1379.25000,-0.65269,0.88273,2.33205
1379.30000,-0.65287,0.88296,2.34290
1379.35000,-0.65303,0.88313,2.35353
1379.40000,-0.65320,0.88332,2.36344
1379.45000,-0.65339,0.88350,2.37363
1379.50000,-0.65358,0.88369,2.38324
1379.55000,-0.65371,0.88382,2.39180
1379.60000,-0.65386,0.88396,2.40013
1379.65000,-0.65402,0.88411,2.40775
1379.70000,-0.65419,0.88426,2.41486
1379.75000,-0.65437,0.88442,2.42171
1379.80000,-0.65452,0.88455,2.42782
1379.85000,-0.65469,0.88470,2.43333
1379.90000,-0.65481,0.88480,2.43809
1379.95000,-0.65495,0.88492,2.44264
1380.00000,-0.65508,0.88503,2.44662
1380.05000,-0.65516,0.88509,2.45045
1380.10000,-0.65524,0.88516,2.45384
1380.15000,-0.65533,0.88523,2.45679
1380.20000,-0.65544,0.88532,2.45932
1380.25000,-0.65555,0.88541,2.46142
1380.30000,-0.65567,0.88550,2.46311
1380.35000,-0.65580,0.88561,2.46439
1380.40000,-0.65594,0.88572,2.46527
1380.45000,-0.65608,0.88584,2.46575
1380.50000,-0.65623,0.88596,2.46584
1380.55000,-0.65640,0.88609,2.46555
1380.60000,-0.65656,0.88622,2.46489
1380.65000,-0.65674,0.88636,2.46387
1380.70000,-0.65692,0.88651,2.46250
1380.75000,-0.65711,0.88666,2.46079
1380.80000,-0.65730,0.88682,2.45876
1380.85000,-0.65751,0.88698,2.45641
1380.90000,-0.65771,0.88716,2.45376
1380.95000,-0.65793,0.88733,2.45082
1381.00000,-0.65815,0.88751,2.44758
1381.05000,-0.65837,0.88770,2.44406
1381.10000,-0.65860,0.88790,2.44026
1381.15000,-0.65884,0.88810,2.43620
1381.20000,-0.65908,0.88830,2.43187
1381.25000,-0.65932,0.88851,2.42729
1381.30000,-0.65957,0.88872,2.42247
1381.35000,-0.65982,0.88894,2.41742
1381.40000,-0.66007,0.88917,2.41214
1381.45000,-0.66033,0.88940,2.40665
1381.50000,-0.66059,0.88964,2.40095
1381.55000,-0.66085,0.88988,2.39505
1381.60000,-0.66112,0.89012,2.38896
1381.65000,-0.66138,0.89038,2.38268
1381.70000,-0.66165,0.89063,2.37622
1381.75000,-0.66192,0.89089,2.36959
1381.80000,-0.66219,0.89116,2.36280
1381.85000,-0.66246,0.89143,2.35586
1381.90000,-0.66274,0.89170,2.34877
1381.95000,-0.66301,0.89198,2.34153
1382.00000,-0.66329,0.89227,2.33417
1382.05000,-0.66356,0.89256,2.32668
1382.10000,-0.66384,0.89285,2.31907
1382.15000,-0.66411,0.89315,2.31134
1382.20000,-0.66439,0.89346,2.30351
1382.25000,-0.66466,0.89376,2.29558
1382.30000,-0.66494,0.89408,2.28756
1382.35000,-0.66521,0.89439,2.27946
1382.40000,-0.66548,0.89471,2.27127
1382.45000,-0.66575,0.89503,2.26301
1382.50000,-0.66602,0.89536,2.25468
1382.55000,-0.66629,0.89569,2.24629
1382.60000,-0.66655,0.89602,2.23784
1382.65000,-0.66682,0.89636,2.22934
1382.70000,-0.66708,0.89670,2.22079
1382.75000,-0.66734,0.89704,2.21220
1382.80000,-0.66749,0.89726,2.20386
1382.85000,-0.66758,0.89737,2.19562
1382.90000,-0.66764,0.89747,2.18741
1382.95000,-0.66767,0.89751,2.17894
1383.00000,-0.66767,0.89751,2.17005
1383.05000,-0.66767,0.89750,2.16114
1383.10000,-0.66767,0.89750,2.15224
1383.15000,-0.66767,0.89749,2.14334
1383.20000,-0.66767,0.89749,2.13445
1383.25000,-0.66767,0.89748,2.12558
1383.30000,-0.66767,0.89748,2.11673
1383.35000,-0.66767,0.89748,2.10790
1383.40000,-0.66892,0.89885,2.09925
1383.45000,-0.67315,0.90336,2.09181
1383.50000,-0.67801,0.91168,2.08354
1383.55000,-0.68277,0.92024,2.07497
1383.60000,-0.68745,0.92884,2.06632
1383.65000,-0.69205,0.93747,2.05768
1383.70000,-0.69658,0.94615,2.04906
1383.75000,-0.70103,0.95486,2.04046
1383.80000,-0.70541,0.96362,2.03188
1383.85000,-0.70971,0.97241,2.02333
1383.90000,-0.71395,0.98124,2.01481
1383.95000,-0.71810,0.99010,2.00634
1384.00000,-0.72218,0.99901,1.99793
1384.05000,-0.72619,1.00794,1.98955
1384.10000,-0.73012,1.01692,1.98125
1384.15000,-0.73398,1.02592,1.97298
1384.20000,-0.73777,1.03496,1.96481
1384.25000,-0.74148,1.04403,1.95670
1384.30000,-0.74512,1.05313,1.94868
1384.35000,-0.74869,1.06226,1.94075
1384.40000,-0.75219,1.07142,1.93292
1384.45000,-0.75561,1.08062,1.92519
1384.50000,-0.75897,1.08984,1.91759
1384.55000,-0.76226,1.09908,1.91013
1384.60000,-0.76548,1.10836,1.90283
1384.65000,-0.76863,1.11766,1.89569
1384.70000,-0.77173,1.12699,1.88875
1384.75000,-0.77475,1.13635,1.88201
1384.80000,-0.77772,1.14573,1.87548
1384.85000,-0.78063,1.15513,1.86919
1384.90000,-0.78352,1.16461,1.86317
1384.95000,-0.78635,1.17408,1.85745
1385.00000,-0.78913,1.18357,1.85213
1385.05000,-0.79187,1.19311,1.84709
1385.10000,-0.79456,1.20265,1.84260
1385.15000,-0.79721,1.21222,1.83867
1385.20000,-0.79982,1.22180,1.83533
1385.25000,-0.80242,1.23143,1.83323
1385.30000,-0.80501,1.24109,1.83251
1385.35000,-0.80761,1.25077,1.83383
1385.40000,-0.81023,1.26047,1.83773
1385.45000,-0.81280,1.27017,1.84167
1385.50000,-0.81321,1.27428,1.84686
1385.55000,-0.81335,1.27498,1.86587
1385.60000,-0.81348,1.27553,1.89143
1385.65000,-0.81366,1.27612,1.91838
1385.70000,-0.81388,1.27674,1.94573
1385.75000,-0.81405,1.27720,1.97240
1385.80000,-0.81431,1.27783,2.00063
1385.85000,-0.81461,1.27848,2.02874
1385.90000,-0.81489,1.27906,2.05761
1385.95000,-0.81522,1.27970,2.08667
1386.00000,-0.81558,1.28034,2.11592
1386.05000,-0.81589,1.28083,2.14660
1386.10000,-0.81609,1.28113,2.17917
1386.15000,-0.81646,1.28166,2.21101
1386.20000,-0.81693,1.28228,2.24276
1386.25000,-0.81744,1.28291,2.27514
1386.30000,-0.81797,1.28352,2.30848
1386.35000,-0.81858,1.28418,2.34219
1386.40000,-0.81922,1.28482,2.37637
1386.45000,-0.81987,1.28543,2.41085
1386.50000,-0.82057,1.28604,2.44543
1386.55000,-0.82128,1.28662,2.47985
1386.60000,-0.82201,1.28717,2.51430
1386.65000,-0.82277,1.28771,2.54859
1386.70000,-0.82354,1.28823,2.58281
1386.75000,-0.82404,1.28855,2.61546
1386.80000,-0.82429,1.28867,2.64667
1386.85000,-0.82437,1.28871,2.67698
1386.90000,-0.82443,1.28874,2.70675
1386.95000,-0.82449,1.28877,2.73592
1387.00000,-0.82456,1.28880,2.76456
1387.05000,-0.82463,1.28882,2.79282
1387.10000,-0.82470,1.28885,2.82089
1387.15000,-0.82477,1.28887,2.84893
1387.20000,-0.82484,1.28889,2.87698
1387.25000,-0.82492,1.28891,2.90496
1387.30000,-0.82500,1.28893,2.93275
1387.35000,-0.82508,1.28895,2.96027
1387.40000,-0.82517,1.28896,2.98752
1387.45000,-0.82525,1.28897,3.01452
1387.50000,-0.82534,1.28898,3.04113
1387.55000,-0.82543,1.28899,3.06737
1387.60000,-0.82551,1.28899,3.09322
1387.65000,-0.82560,1.28900,3.11866
1387.70000,-0.82569,1.28900,-3.13949
1387.75000,-0.82577,1.28900,-3.11487
1387.80000,-0.82768,1.28883,-3.09034
1387.85000,-0.83444,1.28827,-3.06554
1387.90000,-0.84439,1.28739,-3.04232
1387.95000,-0.85433,1.28630,-3.02132
1388.00000,-0.86425,1.28501,-3.00298
1388.05000,-0.87411,1.28356,-2.98822
1388.10000,-0.88407,1.28196,-2.97601
1388.15000,-0.89395,1.28027,-2.96743
1388.20000,-0.90379,1.27854,-2.95929
1388.25000,-0.90875,1.27826,-2.95128
1388.30000,-0.90892,1.27825,-2.95202
1388.35000,-0.90897,1.27823,-2.95499
1388.40000,-0.90904,1.27822,-2.95847
1388.45000,-0.90911,1.27821,-2.96230
1388.50000,-0.90919,1.27819,-2.96643
1388.55000,-0.90927,1.27818,-2.97085
1388.60000,-0.90935,1.27817,-2.97552
1388.65000,-0.90942,1.27815,-2.98062
1388.70000,-0.90950,1.27814,-2.98637
1388.75000,-0.90958,1.27813,-2.99301
1388.80000,-0.90966,1.27812,-3.00053
1388.85000,-0.90975,1.27810,-3.00882
1388.90000,-0.90983,1.27809,-3.01774
1388.95000,-0.90992,1.27808,-3.02722
1389.00000,-0.91000,1.27807,-3.03716
1389.05000,-0.91009,1.27807,-3.04756
1389.10000,-0.91018,1.27806,-3.05839
1389.15000,-0.91027,1.27805,-3.06961
1389.20000,-0.91036,1.27804,-3.08100
1389.25000,-0.91045,1.27804,-3.09255
1389.30000,-0.91054,1.27804,-3.10426
1389.35000,-0.91063,1.27803,-3.11611
1389.40000,-0.91072,1.27803,-3.12811
1389.45000,-0.91081,1.27803,-3.14027
1389.50000,-0.91091,1.27803,3.13046
1389.55000,-0.91100,1.27803,3.11755
1389.60000,-0.91109,1.27803,3.10394
1389.65000,-0.91119,1.27804,3.08952
1389.70000,-0.91128,1.27804,3.07435
1389.75000,-0.91138,1.27805,3.05856
1389.80000,-0.91148,1.27806,3.04222
1389.85000,-0.91159,1.27807,3.02539
1389.90000,-0.91169,1.27809,3.00810
1389.95000,-0.91180,1.27810,2.99038
1390.00000,-0.91190,1.27812,2.97231
1390.05000,-0.91201,1.27814,2.95401
1390.10000,-0.91212,1.27816,2.93571
1390.15000,-0.91223,1.27818,2.91741
1390.20000,-0.91233,1.27821,2.89914
1390.25000,-0.91244,1.27823,2.88091
1390.30000,-0.91254,1.27826,2.86260
1390.35000,-0.91245,1.27825,2.84316
1390.40000,-0.91205,1.27815,2.82210
1390.45000,-0.91165,1.27803,2.80057
1390.50000,-0.91124,1.27790,2.77865
1390.55000,-0.91084,1.27776,2.75647
1390.60000,-0.91043,1.27761,2.73408
1390.65000,-0.91002,1.27745,2.71154
1390.70000,-0.90962,1.27728,2.68888
1390.75000,-0.90922,1.27710,2.66613
1390.80000,-0.90882,1.27692,2.64332
1390.85000,-0.90843,1.27672,2.62051
1390.90000,-0.90805,1.27651,2.59778
1390.95000,-0.90767,1.27630,2.57522
1391.00000,-0.90731,1.27608,2.55290
1391.05000,-0.90700,1.27589,2.53060
1391.10000,-0.90667,1.27565,2.50857
1391.15000,-0.90634,1.27540,2.48678
1391.20000,-0.90603,1.27515,2.46519
1391.25000,-0.90572,1.27489,2.44370
1391.30000,-0.90542,1.27463,2.42215
1391.35000,-0.90512,1.27436,2.40043
1391.40000,-0.90483,1.27409,2.37857
1391.45000,-0.90454,1.27380,2.35662
1391.50000,-0.90426,1.27352,2.33463
1391.55000,-0.90399,1.27322,2.31267
1391.60000,-0.90373,1.27293,2.29078
1391.65000,-0.90348,1.27263,2.26900
1391.70000,-0.90324,1.27233,2.24738
1391.75000,-0.90301,1.27203,2.22595
1391.80000,-0.90278,1.27173,2.20474
1391.85000,-0.90257,1.27143,2.18378
1391.90000,-0.90237,1.27114,2.16310
1391.95000,-0.90377,1.27249,2.14284
1392.00000,-0.90835,1.27942,2.12434
1392.05000,-0.91328,1.28758,2.10480
1392.10000,-0.91806,1.29583,2.08575
1392.15000,-0.92268,1.30417,2.06737
1392.20000,-0.92716,1.31261,2.04959
1392.25000,-0.93149,1.32115,2.03245
1392.30000,-0.93569,1.32976,2.01595
1392.35000,-0.93976,1.33847,2.00011
1392.40000,-0.94370,1.34724,1.98496
1392.45000,-0.94751,1.35609,1.97054
1392.50000,-0.95120,1.36501,1.95690
1392.55000,-0.95479,1.37400,1.94392
1392.60000,-0.95827,1.38305,1.93180
1392.65000,-0.96166,1.39218,1.92073
1392.70000,-0.96495,1.40135,1.91069
1392.75000,-0.96816,1.41061,1.90181
1392.80000,-0.97133,1.41994,1.89405
1392.85000,-0.97444,1.42935,1.88766
1392.90000,-0.97749,1.43875,1.88234
1392.95000,-0.98052,1.44822,1.87856
1393.00000,-0.98352,1.45772,1.87612
1393.05000,-0.98652,1.46724,1.87510
1393.10000,-0.98952,1.47679,1.87421
1393.15000,-0.99183,1.48564,1.87403
1393.20000,-0.99201,1.49123,1.87637
1393.25000,-0.99211,1.49278,1.88055
1393.30000,-0.99215,1.49291,1.88721
1393.35000,-0.99218,1.49302,1.89460
1393.40000,-0.99222,1.49314,1.90206
1393.45000,-0.99227,1.49329,1.90982
1393.50000,-0.99231,1.49339,1.91763
1393.55000,-0.99234,1.49349,1.92563
1393.60000,-0.99238,1.49359,1.93378
1393.65000,-0.99242,1.49368,1.94208
1393.70000,-0.99246,1.49378,1.95052
1393.75000,-0.99249,1.49388,1.95910
1393.80000,-0.99253,1.49397,1.96779
1393.85000,-0.99257,1.49407,1.97660
1393.90000,-0.99262,1.49416,1.98553
1393.95000,-0.99266,1.49425,1.99492
1394.00000,-0.99270,1.49435,2.00522
1394.05000,-0.99274,1.49444,2.01658
1394.10000,-0.99279,1.49453,2.02899
1394.15000,-0.99283,1.49462,2.04245
1394.20000,-0.99288,1.49471,2.05697
1394.25000,-0.99293,1.49480,2.07254
1394.30000,-0.99298,1.49490,2.08914
1394.35000,-0.99303,1.49499,2.10677
1394.40000,-0.99309,1.49508,2.12542
1394.45000,-0.99315,1.49517,2.14507
1394.50000,-0.99321,1.49526,2.16570
1394.55000,-0.99327,1.49536,2.18732
1394.60000,-0.99334,1.49545,2.20991
1394.65000,-0.99341,1.49554,2.23354
1394.70000,-0.99348,1.49563,2.25824
1394.75000,-0.99356,1.49573,2.28399
1394.80000,-0.99364,1.49582,2.31079
1394.85000,-0.99373,1.49591,2.33862
1394.90000,-0.99382,1.49600,2.36748
1394.95000,-0.99392,1.49609,2.39734
1395.00000,-0.99402,1.49618,2.42816
1395.05000,-0.99412,1.49627,2.45993
1395.10000,-0.99424,1.49636,2.49262
1395.15000,-0.99436,1.49645,2.52623
1395.20000,-0.99449,1.49654,2.56051
1395.25000,-0.99463,1.49662,2.59529
1395.30000,-0.99477,1.49671,2.63053
1395.35000,-0.99493,1.49680,2.66623
1395.40000,-0.99510,1.49688,2.70243
1395.45000,-0.99528,1.49696,2.73895
1395.50000,-0.99545,1.49703,2.77564
1395.55000,-0.99563,1.49709,2.81242
1395.60000,-0.99582,1.49715,2.84933
1395.65000,-0.99600,1.49720,2.88652
1395.70000,-0.99619,1.49725,2.92406
1395.75000,-0.99638,1.49729,2.96189
1395.80000,-0.99658,1.49732,2.99979
1395.85000,-0.99678,1.49734,3.03770
1395.90000,-0.99698,1.49736,3.07562
1395.95000,-0.99719,1.49737,3.11349
1396.00000,-0.99794,1.49737,-3.12990
1396.05000,-0.99855,1.49736,-3.09069
1396.10000,-0.99909,1.49732,-3.05188
1396.15000,-0.99997,1.49724,-3.01199
1396.20000,-1.00118,1.49708,-2.97092
1396.25000,-1.00235,1.49688,-2.93044
1396.30000,-1.00350,1.49663,-2.89050
1396.35000,-1.00462,1.49634,-2.85100
1396.40000,-1.00572,1.49601,-2.81188
1396.45000,-1.00680,1.49564,-2.77288
1396.50000,-1.00786,1.49523,-2.73375
1396.55000,-1.00890,1.49477,-2.69432
1396.60000,-1.00993,1.49427,-2.65450
1396.65000,-1.01078,1.49382,-2.61503
1396.70000,-1.01116,1.49359,-2.57759
1396.75000,-1.01133,1.49348,-2.54116
1396.80000,-1.01150,1.49336,-2.50474
1396.85000,-1.01166,1.49323,-2.46840
1396.90000,-1.01182,1.49310,-2.43225
1396.95000,-1.01198,1.49296,-2.39641
1397.00000,-1.01213,1.49282,-2.36096
1397.05000,-1.01228,1.49266,-2.32587
1397.10000,-1.01243,1.49250,-2.29111
1397.15000,-1.01257,1.49233,-2.25671
1397.20000,-1.01271,1.49215,-2.22273
1397.25000,-1.01285,1.49196,-2.18905
1397.30000,-1.01299,1.49176,-2.15549
1397.35000,-1.01313,1.49155,-2.12197
1397.40000,-1.01326,1.49132,-2.08846
1397.45000,-1.01338,1.49110,-2.05499
1397.50000,-1.01350,1.49086,-2.02177
1397.55000,-1.01361,1.49062,-1.98869
1397.60000,-1.01480,1.48850,-1.95698
1397.65000,-1.01780,1.48088,-1.92877
1397.70000,-1.02110,1.47163,-1.89634
1397.75000,-1.02414,1.46210,-1.86275
1397.80000,-1.02696,1.45258,-1.82943
1397.85000,-1.02710,1.44898,-1.79788
1397.90000,-1.02714,1.44878,-1.76348
1397.95000,-1.02780,1.44673,-1.72960
1398.00000,-1.02903,1.43892,-1.69973
1398.05000,-1.03013,1.42919,-1.66692
1398.10000,-1.03092,1.41922,-1.63288
1398.15000,-1.03137,1.40923,-1.59823
1398.20000,-1.03161,1.39931,-1.56380
1398.25000,-1.03159,1.39482,-1.52996
1398.30000,-1.03158,1.39469,-1.49413
1398.35000,-1.03119,1.39247,-1.45887
1398.40000,-1.03012,1.38471,-1.42806
1398.45000,-1.02855,1.37494,-1.39588
1398.50000,-1.02665,1.36512,-1.36397
1398.55000,-1.02445,1.35537,-1.33285
1398.60000,-1.02195,1.34569,-1.30268
1398.65000,-1.01916,1.33609,-1.27349
1398.70000,-1.01610,1.32657,-1.24544
1398.75000,-1.01277,1.31713,-1.21867
1398.80000,-1.00921,1.30778,-1.19334
1398.85000,-1.00529,1.29820,-1.16813
1398.90000,-1.00107,1.28855,-1.14333
1398.95000,-0.99662,1.27902,-1.11966
1399.00000,-0.99189,1.26955,-1.09636
1399.05000,-0.98705,1.26027,-1.07403
1399.10000,-0.98213,1.25141,-1.05279
1399.15000,-0.97705,1.24271,-1.03053
1399.20000,-0.97178,1.23415,-1.00569
1399.25000,-0.96628,1.22574,-0.97643
1399.30000,-0.96102,1.21779,-0.94721
1399.35000,-0.95957,1.21563,-0.90729
1399.40000,-0.95938,1.21540,-0.85492
1399.45000,-0.95937,1.21538,-0.80258
1399.50000,-0.95935,1.21537,-0.75658
1399.55000,-0.95933,1.21535,-0.71797
1399.60000,-0.95778,1.21401,-0.68117
1399.65000,-0.95237,1.20978,-0.64731
1399.70000,-0.94534,1.20461,-0.62254
1399.75000,-0.93748,1.19897,-0.60188
1399.80000,-0.93375,1.19707,-0.58391
1399.85000,-0.93364,1.19698,-0.57135
1399.90000,-0.93359,1.19695,-0.56039
1399.95000,-0.93355,1.19692,-0.55031
1400.00000,-0.93351,1.19690,-0.54091
1400.05000,-0.93346,1.19687,-0.53219
1400.10000,-0.93341,1.19684,-0.52414
1400.15000,-0.93336,1.19681,-0.51675
1400.20000,-0.93331,1.19678,-0.51002
1400.25000,-0.93326,1.19676,-0.50393
1400.30000,-0.93321,1.19673,-0.49846
1400.35000,-0.93316,1.19670,-0.49361
1400.40000,-0.93310,1.19667,-0.48937
1400.45000,-0.93305,1.19664,-0.48572
1400.50000,-0.93299,1.19661,-0.48264
1400.55000,-0.93293,1.19658,-0.48013
1400.60000,-0.93288,1.19655,-0.47817
1400.65000,-0.93282,1.19652,-0.47675
1400.70000,-0.93276,1.19649,-0.47586
1400.75000,-0.93270,1.19646,-0.47547
1400.80000,-0.93264,1.19643,-0.47558
1400.85000,-0.93258,1.19640,-0.47616
1400.90000,-0.93252,1.19637,-0.47722
1400.95000,-0.93246,1.19633,-0.47873
1401.00000,-0.93240,1.19630,-0.48067
1401.05000,-0.93233,1.19627,-0.48305
1401.10000,-0.93227,1.19624,-0.48583
1401.15000,-0.93221,1.19621,-0.48901
1401.20000,-0.93215,1.19617,-0.49257
1401.25000,-0.93209,1.19614,-0.49650
1401.30000,-0.93203,1.19611,-0.50079
1401.35000,-0.93197,1.19607,-0.50542
1401.40000,-0.93191,1.19604,-0.51038
1401.45000,-0.93185,1.19601,-0.51565
1401.50000,-0.93179,1.19598,-0.52123
1401.55000,-0.93173,1.19594,-0.52709
1401.60000,-0.93168,1.19591,-0.53323
1401.65000,-0.93162,1.19587,-0.53964
1401.70000,-0.93156,1.19584,-0.54642
1401.75000,-0.93151,1.19581,-0.55379
1401.80000,-0.93147,1.19578,-0.56146
1401.85000,-0.93144,1.19576,-0.56934
1401.90000,-0.93142,1.19575,-0.57713
1401.95000,-0.93141,1.19574,-0.58376
1402.00000,-0.93140,1.19572,-0.58304
1402.05000,-0.93141,1.19566,-0.56732
1402.10000,-0.93142,1.19556,-0.53111
1402.15000,-0.93142,1.19546,-0.47195
1402.20000,-0.93138,1.19544,-0.40758
1402.25000,-0.93133,1.19542,-0.34341
1402.30000,-0.93127,1.19540,-0.27971
1402.35000,-0.93121,1.19539,-0.21672
1402.40000,-0.93113,1.19537,-0.15454
1402.45000,-0.93105,1.19536,-0.09319
1402.50000,-0.93096,1.19536,-0.03263
1402.55000,-0.93086,1.19536,0.02719
1402.60000,-0.93076,1.19536,0.08633
1402.65000,-0.93065,1.19537,0.14483
1402.70000,-0.93054,1.19539,0.20270
1402.75000,-0.93042,1.19542,0.25997
1402.80000,-0.93030,1.19546,0.31665
1402.85000,-0.93018,1.19550,0.37273
1402.90000,-0.93006,1.19555,0.42822
1402.95000,-0.92994,1.19561,0.48310
1403.00000,-0.92982,1.19568,0.53734
1403.05000,-0.92970,1.19576,0.59092
1403.10000,-0.92958,1.19584,0.64384
1403.15000,-0.92946,1.19593,0.69606
1403.20000,-0.92935,1.19603,0.74759
1403.25000,-0.92924,1.19614,0.79841
1403.30000,-0.92914,1.19625,0.84851
1403.35000,-0.92898,1.19642,0.89811
1403.40000,-0.92870,1.19675,0.94776
1403.45000,-0.92861,1.19688,0.99564
1403.50000,-0.92853,1.19702,1.04272
1403.55000,-0.92845,1.19716,1.08901
1403.60000,-0.92838,1.19731,1.13451
1403.65000,-0.92831,1.19746,1.17921
1403.70000,-0.92825,1.19761,1.22312
1403.75000,-0.92820,1.19777,1.26625
1403.80000,-0.92816,1.19792,1.30861
1403.85000,-0.92736,1.20008,1.34956
1403.90000,-0.92576,1.20696,1.38743
1403.95000,-0.92419,1.21643,1.42605
1404.00000,-0.92292,1.22653,1.46634
1404.05000,-0.92207,1.23649,1.50545
1404.10000,-0.92161,1.24648,1.54403
1404.15000,-0.92154,1.25648,1.58214
1404.20000,-0.92184,1.26647,1.61984
1404.25000,-0.92252,1.27645,1.65716
1404.30000,-0.92356,1.28639,1.69416
1404.35000,-0.92498,1.29629,1.73091
1404.40000,-0.92675,1.30613,1.76746
1404.45000,-0.92888,1.31590,1.80385
1404.50000,-0.93137,1.32559,1.84014
1404.55000,-0.93420,1.33518,1.87640
1404.60000,-0.93739,1.34466,1.91278
1404.65000,-0.94091,1.35401,1.94935
1404.70000,-0.94478,1.36324,1.98616
1404.75000,-0.94898,1.37231,2.02331
1404.80000,-0.95352,1.38122,2.06094
1404.85000,-0.95840,1.38995,2.09919
1404.90000,-0.96361,1.39848,2.13822
1404.95000,-0.96914,1.40680,2.17814
1405.00000,-0.97501,1.41489,2.21895
1405.05000,-0.98121,1.42273,2.26057
1405.10000,-0.98776,1.43036,2.30304
1405.15000,-0.99460,1.43765,2.34580
1405.20000,-1.00175,1.44464,2.38904
1405.25000,-1.00919,1.45131,2.43263
1405.30000,-1.01693,1.45765,2.47638
1405.35000,-1.02493,1.46365,2.52006
1405.40000,-1.03318,1.46930,2.56348
1405.45000,-1.04167,1.47458,2.60613
1405.50000,-1.05037,1.47950,2.64753
1405.55000,-1.05926,1.48407,2.68706
1405.60000,-1.06832,1.48829,2.72416
1405.65000,-1.07753,1.49218,2.75876
1405.70000,-1.08686,1.49576,2.79076
1405.75000,-1.09630,1.49906,2.82008
1405.80000,-1.10579,1.50222,2.84929
1405.85000,-1.11084,1.50279,2.87496
1405.90000,-1.11124,1.50286,2.89699
1405.95000,-1.11132,1.50288,2.91568
1406.00000,-1.11141,1.50290,2.93327
1406.05000,-1.11149,1.50292,2.95010
1406.10000,-1.11158,1.50294,2.96623
1406.15000,-1.11167,1.50295,2.98167
1406.20000,-1.11176,1.50297,2.99622
1406.25000,-1.11185,1.50298,3.00957
1406.30000,-1.11195,1.50299,3.02147
1406.35000,-1.11204,1.50300,3.03186
1406.40000,-1.11214,1.50301,3.04087
1406.45000,-1.11224,1.50302,3.04860
1406.50000,-1.11234,1.50303,3.05509
1406.55000,-1.11245,1.50304,3.06041
1406.60000,-1.11256,1.50305,3.06458
1406.65000,-1.11266,1.50306,3.06771
1406.70000,-1.11277,1.50306,3.07008
1406.75000,-1.11288,1.50307,3.07171
1406.80000,-1.11299,1.50308,3.07262
1406.85000,-1.11310,1.50309,3.07285
1406.90000,-1.11321,1.50309,3.07238
1406.95000,-1.11333,1.50310,3.07110
1407.00000,-1.11344,1.50311,3.06900
1407.05000,-1.11355,1.50312,3.06612
1407.10000,-1.11367,1.50313,3.06251
1407.15000,-1.11379,1.50314,3.05823
1407.20000,-1.11391,1.50315,3.05334
1407.25000,-1.11403,1.50316,3.04789
1407.30000,-1.11415,1.50317,3.04193
1407.35000,-1.11427,1.50318,3.03546
1407.40000,-1.11439,1.50320,3.02857
1407.45000,-1.11451,1.50321,3.02129
1407.50000,-1.11463,1.50322,3.01361
1407.55000,-1.11475,1.50324,3.00555
1407.60000,-1.11488,1.50326,2.99712
1407.65000,-1.11500,1.50328,2.98833
1407.70000,-1.11512,1.50330,2.97918
1407.75000,-1.11524,1.50332,2.96967
1407.80000,-1.11537,1.50334,2.95982
1407.85000,-1.11549,1.50336,2.94965
1407.90000,-1.11561,1.50339,2.93914
1407.95000,-1.11573,1.50341,2.92833
1408.00000,-1.11585,1.50344,2.91722
1408.05000,-1.11598,1.50347,2.90582
1408.10000,-1.11610,1.50350,2.89416
1408.15000,-1.11622,1.50353,2.88222
1408.20000,-1.11634,1.50356,2.87004
1408.25000,-1.11647,1.50360,2.85767
1408.30000,-1.11659,1.50363,2.84513
1408.35000,-1.11671,1.50367,2.83244
1408.40000,-1.11683,1.50371,2.81959
1408.45000,-1.11695,1.50375,2.80658
1408.50000,-1.11707,1.50379,2.79339
1408.55000,-1.11719,1.50384,2.78004
1408.60000,-1.11731,1.50388,2.76655
1408.65000,-1.11743,1.50393,2.75291
1408.70000,-1.11754,1.50398,2.73915
1408.75000,-1.11766,1.50403,2.72525
1408.80000,-1.11780,1.50409,2.71125
1408.85000,-1.11793,1.50416,2.69717
1408.90000,-1.11804,1.50421,2.68278
1408.95000,-1.11813,1.50425,2.66851
1409.00000,-1.11815,1.50427,2.65355
1409.05000,-1.11827,1.50435,2.63826
1409.10000,-1.11810,1.50428,2.62245
1409.15000,-1.11819,1.50435,2.60686
1409.20000,-1.11828,1.50441,2.59134
1409.25000,-1.11806,1.50427,2.57516
1409.30000,-1.11783,1.50412,2.55898
1409.35000,-1.11760,1.50397,2.54284
1409.40000,-1.11738,1.50381,2.52676
1409.45000,-1.11716,1.50365,2.51072
1409.50000,-1.11694,1.50349,2.49475
1409.55000,-1.11673,1.50332,2.47886
1409.60000,-1.11653,1.50316,2.46303
1409.65000,-1.11632,1.50299,2.44729
1409.70000,-1.11613,1.50282,2.43163
1409.75000,-1.11593,1.50265,2.41607
1409.80000,-1.11575,1.50247,2.40060
1409.85000,-1.11556,1.50230,2.38524
1409.90000,-1.11538,1.50213,2.36998
1409.95000,-1.11521,1.50195,2.35483
1410.00000,-1.11504,1.50178,2.33980
1410.05000,-1.11488,1.50160,2.32489
1410.10000,-1.11472,1.50143,2.31010
1410.15000,-1.11457,1.50125,2.29544
1410.20000,-1.11442,1.50107,2.28091
1410.25000,-1.11427,1.50090,2.26652
1410.30000,-1.11414,1.50073,2.25226
1410.35000,-1.11400,1.50055,2.23815
1410.40000,-1.11387,1.50038,2.22417
1410.45000,-1.11375,1.50021,2.21035
1410.50000,-1.11363,1.50004,2.19673
1410.55000,-1.11485,1.50122,2.18327
1410.60000,-1.11984,1.50740,2.17078
1410.65000,-1.12535,1.51556,2.15764
1410.70000,-1.13072,1.52372,2.14574
1410.75000,-1.13599,1.53195,2.13413
1410.80000,-1.14116,1.54023,2.12321
1410.85000,-1.14628,1.54861,2.11285
1410.90000,-1.15132,1.55706,2.10340
1410.95000,-1.15628,1.56554,2.09502
1411.00000,-1.16118,1.57408,2.08750
1411.05000,-1.16603,1.58269,2.08126
1411.10000,-1.17085,1.59133,2.07630
1411.15000,-1.17565,1.60005,2.07289
1411.20000,-1.18044,1.60879,2.07095
1411.25000,-1.18524,1.61757,2.07043
1411.30000,-1.19004,1.62634,2.07199
1411.35000,-1.19486,1.63512,2.07562
1411.40000,-1.19963,1.64377,2.08002
1411.45000,-1.20134,1.64894,2.08679
1411.50000,-1.20150,1.64940,2.09661
1411.55000,-1.20170,1.64976,2.11024
1411.60000,-1.20178,1.64991,2.12444
1411.65000,-1.20184,1.65000,2.13997
1411.70000,-1.20190,1.65009,2.15704
1411.75000,-1.20196,1.65019,2.17564
1411.80000,-1.20203,1.65029,2.19571
1411.85000,-1.20211,1.65039,2.21721
1411.90000,-1.20219,1.65049,2.24008
1411.95000,-1.20228,1.65060,2.26420
1412.00000,-1.20237,1.65072,2.28945
1412.05000,-1.20248,1.65083,2.31534
1412.10000,-1.20258,1.65095,2.34126
1412.15000,-1.20270,1.65106,2.36709
1412.20000,-1.20281,1.65117,2.39280
1412.25000,-1.20293,1.65127,2.41842
1412.30000,-1.20305,1.65138,2.44426
1412.35000,-1.20315,1.65146,2.47078
1412.40000,-1.20326,1.65156,2.49792
1412.45000,-1.20352,1.65177,2.52614
1412.50000,-1.20361,1.65183,2.55454
1412.55000,-1.20379,1.65198,2.58373
1412.60000,-1.20444,1.65237,2.61532
1412.65000,-1.20525,1.65284,2.64806
1412.70000,-1.20588,1.65316,2.68000
1412.75000,-1.20646,1.65345,2.71189
1412.80000,-1.20676,1.65360,2.74265
1412.85000,-1.20718,1.65377,2.77339
1412.90000,-1.20788,1.65402,2.80475
1412.95000,-1.20832,1.65418,2.83510
1413.00000,-1.20895,1.65435,2.86591
1413.05000,-1.20942,1.65447,2.89574
1413.10000,-1.20998,1.65460,2.92535
1413.15000,-1.21022,1.65466,2.95408
1413.20000,-1.21061,1.65476,2.98320
1413.25000,-1.21144,1.65486,3.01393
1413.30000,-1.21220,1.65493,3.04447
1413.35000,-1.21270,1.65498,3.07414
1413.40000,-1.21358,1.65502,3.10518
1413.45000,-1.21462,1.65503,3.13703
1413.50000,-1.21569,1.65502,-3.11455
1413.55000,-1.21677,1.65498,-3.08316
1413.60000,-1.21782,1.65490,-3.05229
1413.65000,-1.21884,1.65481,-3.02198
1413.70000,-1.21985,1.65469,-2.99227
1413.75000,-1.22082,1.65454,-2.96292
1413.80000,-1.22178,1.65438,-2.93420
1413.85000,-1.22271,1.65419,-2.90599
1413.90000,-1.22364,1.65396,-2.87814
1413.95000,-1.22458,1.65371,-2.85057
1414.00000,-1.22549,1.65343,-2.82319
1414.05000,-1.22639,1.65313,-2.79603
1414.10000,-1.22910,1.65180,-2.76951
1414.15000,-1.23765,1.64830,-2.74659
1414.20000,-1.24743,1.64407,-2.71997
1414.25000,-1.25624,1.64003,-2.69421
1414.30000,-1.26465,1.63586,-2.66945
1414.35000,-1.27297,1.63149,-2.64560
1414.40000,-1.28121,1.62691,-2.62257
1414.45000,-1.28936,1.62213,-2.60033
1414.50000,-1.29741,1.61717,-2.57891
1414.55000,-1.30539,1.61202,-2.55865
1414.60000,-1.31329,1.60670,-2.53969
1414.65000,-1.32113,1.60122,-2.52220
1414.70000,-1.32890,1.59558,-2.50635
1414.75000,-1.33664,1.58980,-2.49256
1414.80000,-1.34449,1.58377,-2.48135
1414.85000,-1.35233,1.57767,-2.46948
1414.90000,-1.35569,1.57567,-2.45853
1414.95000,-1.35584,1.57558,-2.46059
1415.00000,-1.35583,1.57558,-2.46310
1415.05000,-1.35586,1.57556,-2.46208
1415.10000,-1.35588,1.57555,-2.45834
1415.15000,-1.35595,1.57550,-2.45234
1415.20000,-1.35734,1.57413,-2.44621
1415.25000,-1.36341,1.56855,-2.43889
1415.30000,-1.37102,1.56204,-2.42680
1415.35000,-1.37835,1.55561,-2.41564
1415.40000,-1.38564,1.54908,-2.40710
1415.45000,-1.39236,1.54294,-2.38938
1415.50000,-1.39861,1.53710,-2.35739
1415.55000,-1.40370,1.53182,-2.31119
1415.60000,-1.40699,1.52802,-2.25003
1415.65000,-1.40828,1.52632,-2.17680
1415.70000,-1.40863,1.52578,-2.09857
1415.75000,-1.40866,1.52572,-2.01969
1415.80000,-1.40868,1.52567,-1.94285
1415.85000,-1.40870,1.52561,-1.86825
1415.90000,-1.40872,1.52556,-1.79563
1415.95000,-1.40873,1.52550,-1.72513
1416.00000,-1.40873,1.52545,-1.65677
1416.05000,-1.40873,1.52540,-1.59072
1416.10000,-1.40873,1.52534,-1.52778
1416.15000,-1.40873,1.52528,-1.46855
1416.20000,-1.40872,1.52521,-1.41321
1416.25000,-1.40871,1.52514,-1.36132
1416.30000,-1.40869,1.52505,-1.31221
1416.35000,-1.40866,1.52496,-1.26508
1416.40000,-1.40862,1.52485,-1.21919
1416.45000,-1.40858,1.52474,-1.17478
1416.50000,-1.40852,1.52461,-1.13211
1416.55000,-1.40716,1.52260,-1.09040
1416.60000,-1.40313,1.51547,-1.05619
1416.65000,-1.39815,1.50703,-1.01965
1416.70000,-1.39276,1.49861,-0.98354
1416.75000,-1.38708,1.49038,-0.94870
1416.80000,-1.38112,1.48236,-0.91530
1416.85000,-1.37490,1.47453,-0.88353
1416.90000,-1.36844,1.46690,-0.85288
1416.95000,-1.36175,1.45947,-0.82286
1417.00000,-1.35485,1.45224,-0.79345
1417.05000,-1.34773,1.44521,-0.76491
1417.10000,-1.34042,1.43839,-0.73722
1417.15000,-1.33294,1.43177,-0.71108
1417.20000,-1.32531,1.42536,-0.68694
1417.25000,-1.31772,1.41912,-0.66248
1417.30000,-1.31575,1.41767,-0.64144
1417.35000,-1.31562,1.41757,-0.62275
1417.40000,-1.31531,1.41734,-0.60412
1417.45000,-1.31523,1.41728,-0.58694
1417.50000,-1.31507,1.41717,-0.57019
1417.55000,-1.31475,1.41697,-0.55272
1417.60000,-1.31463,1.41689,-0.53615
1417.65000,-1.31451,1.41682,-0.51986
1417.70000,-1.31437,1.41675,-0.50416
1417.75000,-1.31424,1.41667,-0.48944
1417.80000,-1.31410,1.41660,-0.47617
1417.85000,-1.31395,1.41652,-0.46480
1417.90000,-1.31378,1.41644,-0.45544
1417.95000,-1.31361,1.41636,-0.44772
1418.00000,-1.31341,1.41627,-0.44114
1418.05000,-1.31321,1.41617,-0.43525
1418.10000,-1.31300,1.41607,-0.42962
1418.15000,-1.31278,1.41597,-0.42402
1418.20000,-1.31254,1.41587,-0.41847
1418.25000,-1.31230,1.41576,-0.41296
1418.30000,-1.31205,1.41565,-0.40746
1418.35000,-1.31178,1.41553,-0.40196
1418.40000,-1.31149,1.41541,-0.39691
1418.45000,-1.31118,1.41529,-0.39248
1418.50000,-1.31087,1.41516,-0.38880
1418.55000,-1.31055,1.41503,-0.38583
1418.60000,-1.31023,1.41490,-0.38367
1418.65000,-1.30990,1.41476,-0.38243
1418.70000,-1.30955,1.41462,-0.38232
1418.75000,-1.30918,1.41447,-0.38317
1418.80000,-1.30878,1.41431,-0.38477
1418.85000,-1.30836,1.41414,-0.38680
1418.90000,-1.30792,1.41396,-0.38894
1418.95000,-1.30747,1.41378,-0.39110
1419.00000,-1.30701,1.41359,-0.39329
1419.05000,-1.30653,1.41339,-0.39554
1419.10000,-1.30604,1.41318,-0.39803
1419.15000,-1.30555,1.41298,-0.40094
1419.20000,-1.30506,1.41277,-0.40433
1419.25000,-1.30456,1.41255,-0.40845
1419.30000,-1.30405,1.41233,-0.41346
1419.35000,-1.30351,1.41209,-0.41944
1419.40000,-1.30296,1.41184,-0.42641
1419.45000,-1.30236,1.41157,-0.43434
1419.50000,-1.30173,1.41127,-0.44322
1419.55000,-1.30107,1.41095,-0.45288
1419.60000,-1.30034,1.41059,-0.46318
1419.65000,-1.29958,1.41021,-0.47379
1419.70000,-1.29879,1.40980,-0.48474
1419.75000,-1.29815,1.40944,-0.49638
1419.80000,-1.29736,1.40901,-0.50741
1419.85000,-1.29656,1.40855,-0.51837
1419.90000,-1.29574,1.40808,-0.52928
1419.95000,-1.29489,1.40758,-0.54011
1420.00000,-1.29401,1.40704,-0.55100
1420.05000,-1.29328,1.40657,-0.56279
1420.10000,-1.29236,1.40598,-0.57416
1420.15000,-1.29133,1.40530,-0.58557
1420.20000,-1.29024,1.40457,-0.59721
1420.25000,-1.28907,1.40377,-0.60905
1420.30000,-1.28784,1.40290,-0.62105
1420.35000,-1.28655,1.40196,-0.63316
1420.40000,-1.28520,1.40096,-0.64524
1420.45000,-1.28384,1.39992,-0.65726
1420.50000,-1.28246,1.39885,-0.66930
1420.55000,-1.28108,1.39774,-0.68129
1420.60000,-1.27967,1.39659,-0.69314
1420.65000,-1.27824,1.39539,-0.70485
1420.70000,-1.27679,1.39413,-0.71658
1420.75000,-1.27530,1.39282,-0.72839
1420.80000,-1.27377,1.39144,-0.74029
1420.85000,-1.27218,1.38997,-0.75238
1420.90000,-1.27054,1.38841,-0.76474
1420.95000,-1.26886,1.38678,-0.77744
1421.00000,-1.26717,1.38510,-0.79036
1421.05000,-1.26549,1.38338,-0.80346
1421.10000,-1.26382,1.38163,-0.81671
1421.15000,-1.26217,1.37985,-0.82999
1421.20000,-1.26055,1.37806,-0.84326
1421.25000,-1.25896,1.37624,-0.85652
1421.30000,-1.25739,1.37440,-0.86980
1421.35000,-1.25583,1.37253,-0.88312
1421.40000,-1.25429,1.37063,-0.89650
1421.45000,-1.25276,1.36870,-0.90991
1421.50000,-1.25125,1.36673,-0.92337
1421.55000,-1.24977,1.36474,-0.93686
1421.60000,-1.24830,1.36272,-0.95038
1421.65000,-1.24696,1.36080,-0.96453
1421.70000,-1.24565,1.35889,-0.97896
1421.75000,-1.24439,1.35697,-0.99373
1421.80000,-1.24320,1.35510,-1.00861
1421.85000,-1.24205,1.35321,-1.02348
1421.90000,-1.24092,1.35131,-1.03829
1421.95000,-1.23969,1.34917,-1.05212
1422.00000,-1.23846,1.34699,-1.06557
1422.05000,-1.23739,1.34501,-1.08000
1422.10000,-1.23628,1.34291,-1.09398
1422.15000,-1.23520,1.34079,-1.10778
1422.20000,-1.23418,1.33871,-1.12156
1422.25000,-1.23320,1.33665,-1.13521
1422.30000,-1.23227,1.33462,-1.14898
1422.35000,-1.23135,1.33252,-1.16273
1422.40000,-1.23043,1.33035,-1.17624
1422.45000,-1.22826,1.32573,-1.18898
1422.50000,-1.22474,1.31685,-1.20239
1422.55000,-1.22128,1.30776,-1.21634
1422.60000,-1.21794,1.29861,-1.22988
1422.65000,-1.21467,1.28930,-1.24315
1422.70000,-1.21145,1.27981,-1.25610
1422.75000,-1.20839,1.27019,-1.26877
1422.80000,-1.20549,1.26074,-1.28146
1422.85000,-1.20274,1.25139,-1.29430
1422.90000,-1.20016,1.24206,-1.30725
1422.95000,-1.19764,1.23259,-1.31960
1423.00000,-1.19525,1.22308,-1.33149
1423.05000,-1.19295,1.21344,-1.34290
1423.10000,-1.19075,1.20374,-1.35411
1423.15000,-1.18870,1.19417,-1.36553
1423.20000,-1.18679,1.18464,-1.37696
1423.25000,-1.18498,1.17509,-1.38804
1423.30000,-1.18327,1.16551,-1.39875
1423.35000,-1.18167,1.15589,-1.40889
1423.40000,-1.18015,1.14625,-1.41841
1423.45000,-1.17872,1.13657,-1.42704
1423.50000,-1.17737,1.12686,-1.43434
1423.55000,-1.17604,1.11700,-1.43930
1423.60000,-1.17475,1.10714,-1.44065
1423.65000,-1.17355,1.09757,-1.44183
1423.70000,-1.17326,1.09228,-1.43690
1423.75000,-1.17289,1.08813,-1.40455
1423.80000,-1.17255,1.08621,-1.35613
1423.85000,-1.17251,1.08603,-1.29871
1423.90000,-1.17248,1.08594,-1.23982
1423.95000,-1.17245,1.08585,-1.18054
1424.00000,-1.17240,1.08576,-1.12109
1424.05000,-1.17235,1.08565,-1.06166
1424.10000,-1.17229,1.08555,-1.00240
1424.15000,-1.17222,1.08545,-0.94333
1424.20000,-1.17214,1.08535,-0.88443
1424.25000,-1.17205,1.08524,-0.82559
1424.30000,-1.17195,1.08514,-0.76679
1424.35000,-1.17184,1.08504,-0.70806
1424.40000,-1.17173,1.08495,-0.64942
1424.45000,-1.17160,1.08486,-0.59095
1424.50000,-1.17146,1.08477,-0.53267
1424.55000,-1.17132,1.08469,-0.47465
1424.60000,-1.17117,1.08462,-0.41690
1424.65000,-1.17101,1.08455,-0.35948
1424.70000,-1.17084,1.08450,-0.30240
1424.75000,-1.17067,1.08445,-0.24571
1424.80000,-1.17050,1.08441,-0.18942
1424.85000,-1.17032,1.08438,-0.13357
1424.90000,-1.17013,1.08436,-0.07820
1424.95000,-1.16995,1.08435,-0.02335
1425.00000,-1.16976,1.08435,0.03096
1425.05000,-1.16958,1.08437,0.08471
1425.10000,-1.16939,1.08439,0.13787
1425.15000,-1.16920,1.08442,0.19042
1425.20000,-1.16902,1.08446,0.24240
1425.25000,-1.16883,1.08451,0.29383
1425.30000,-1.16865,1.08457,0.34472
1425.35000,-1.16847,1.08464,0.39505
1425.40000,-1.16829,1.08472,0.44480
1425.45000,-1.16812,1.08481,0.49395
1425.50000,-1.16794,1.08490,0.54250
1425.55000,-1.16778,1.08501,0.59043
1425.60000,-1.16762,1.08512,0.63772
1425.65000,-1.16746,1.08525,0.68437
1425.70000,-1.16731,1.08538,0.73036
1425.75000,-1.16716,1.08551,0.77569
1425.80000,-1.16702,1.08565,0.82034
1425.85000,-1.16689,1.08580,0.86429
1425.90000,-1.16677,1.08596,0.90755
1425.95000,-1.16665,1.08612,0.95010
1426.00000,-1.16653,1.08628,0.99193
1426.05000,-1.16643,1.08645,1.03305
1426.10000,-1.16633,1.08663,1.07346
1426.15000,-1.16624,1.08681,1.11315
1426.20000,-1.16615,1.08699,1.15214
1426.25000,-1.16506,1.08885,1.18988
1426.30000,-1.16242,1.09520,1.22519
1426.35000,-1.15930,1.10436,1.26089
1426.40000,-1.15643,1.11394,1.29715
1426.45000,-1.15390,1.12361,1.33276
1426.50000,-1.15171,1.13337,1.36767
1426.55000,-1.14986,1.14319,1.40189
1426.60000,-1.14834,1.15307,1.43543
1426.65000,-1.14716,1.16300,1.46826
1426.70000,-1.14630,1.17296,1.50039
1426.75000,-1.14575,1.18295,1.53183
1426.80000,-1.14551,1.19294,1.56257
1426.85000,-1.14558,1.20294,1.59263
1426.90000,-1.14595,1.21293,1.62199
1426.95000,-1.14660,1.22291,1.65066
1427.00000,-1.14754,1.23286,1.67864
1427.05000,-1.14875,1.24279,1.70592
1427.10000,-1.15023,1.25268,1.73253
1427.15000,-1.15197,1.26252,1.75847
1427.20000,-1.15399,1.27254,1.78463
1427.25000,-1.15624,1.28231,1.80937
1427.30000,-1.15872,1.29200,1.83327
1427.35000,-1.16142,1.30162,1.85653
1427.40000,-1.16435,1.31119,1.87914
1427.45000,-1.16749,1.32068,1.90112
1427.50000,-1.17083,1.33010,1.92246
1427.55000,-1.17437,1.33945,1.94318
1427.60000,-1.17801,1.34877,1.96389
1427.65000,-1.17856,1.35295,1.98466
1427.70000,-1.17863,1.35332,2.00399
1427.75000,-1.17874,1.35357,2.02288
1427.80000,-1.17888,1.35388,2.04138
1427.85000,-1.17895,1.35401,2.05849
1427.90000,-1.17902,1.35414,2.07496
1427.95000,-1.17909,1.35426,2.09083
1428.00000,-1.17916,1.35439,2.10610
1428.05000,-1.17924,1.35452,2.12077
1428.10000,-1.17931,1.35464,2.13485
1428.15000,-1.17939,1.35476,2.14835
1428.20000,-1.17947,1.35489,2.16126
1428.25000,-1.17956,1.35501,2.17359
1428.30000,-1.17964,1.35513,2.18536
1428.35000,-1.17973,1.35525,2.19656
1428.40000,-1.17981,1.35536,2.20720
1428.45000,-1.17990,1.35548,2.21730
1428.50000,-1.17999,1.35560,2.22687
1428.55000,-1.18008,1.35571,2.23590
1428.60000,-1.18017,1.35583,2.24442
1428.65000,-1.18026,1.35594,2.25243
1428.70000,-1.18035,1.35605,2.25996
1428.75000,-1.18044,1.35616,2.26701
1428.80000,-1.18054,1.35627,2.27360
1428.85000,-1.18063,1.35638,2.27973
1428.90000,-1.18072,1.35649,2.28543
1428.95000,-1.18081,1.35660,2.29070
1429.00000,-1.18091,1.35670,2.29555
1429.05000,-1.18100,1.35681,2.30000
1429.10000,-1.18109,1.35691,2.30404
1429.15000,-1.18118,1.35701,2.30769
1429.20000,-1.18127,1.35711,2.31097
1429.25000,-1.18136,1.35721,2.31387
1429.30000,-1.18145,1.35730,2.31642
1429.35000,-1.18154,1.35740,2.31862
1429.40000,-1.18163,1.35749,2.32050
1429.45000,-1.18171,1.35758,2.32205
1429.50000,-1.18180,1.35767,2.32330
1429.55000,-1.18188,1.35776,2.32426
1429.60000,-1.18196,1.35785,2.32496
1429.65000,-1.18204,1.35794,2.32543
1429.70000,-1.18212,1.35802,2.32568
1429.75000,-1.18220,1.35810,2.32574
1429.80000,-1.18227,1.35818,2.32565
1429.85000,-1.18234,1.35826,2.32545
1429.90000,-1.18241,1.35833,2.32517
1429.95000,-1.18248,1.35840,2.32488
1430.00000,-1.18254,1.35847,2.32466
1430.05000,-1.18260,1.35853,2.32458
1430.10000,-1.18266,1.35859,2.32476
1430.15000,-1.18271,1.35865,2.32535
1430.20000,-1.18276,1.35870,2.32657
1430.25000,-1.18280,1.35874,2.32871
1430.30000,-1.18284,1.35878,2.33221
1430.35000,-1.18431,1.36027,2.33581
1430.40000,-1.19040,1.36656,2.34185
1430.45000,-1.19745,1.37370,2.35706
1430.50000,-1.20425,1.38041,2.37490
1430.55000,-1.20634,1.38230,2.40557
1430.60000,-1.20692,1.38281,2.45205
1430.65000,-1.20698,1.38286,2.50482
1430.70000,-1.20706,1.38291,2.55905
1430.75000,-1.20716,1.38297,2.61407
1430.80000,-1.20728,1.38304,2.66953
1430.85000,-1.20742,1.38311,2.72518
1430.90000,-1.20760,1.38318,2.78079
1430.95000,-1.20779,1.38325,2.83611
1431.00000,-1.20798,1.38330,2.89098
1431.05000,-1.20819,1.38335,2.94534
1431.10000,-1.20840,1.38339,2.99913
1431.15000,-1.20862,1.38341,3.05232
1431.20000,-1.20884,1.38342,3.10496
1431.25000,-1.20906,1.38343,-3.12604
1431.30000,-1.20931,1.38342,-3.07419
1431.35000,-1.20959,1.38339,-3.02264
1431.40000,-1.20989,1.38335,-2.97138
1431.45000,-1.21024,1.38328,-2.92047
1431.50000,-1.21062,1.38318,-2.86997
1431.55000,-1.21104,1.38305,-2.81992
1431.60000,-1.21150,1.38288,-2.77038
1431.65000,-1.21199,1.38268,-2.72142
1431.70000,-1.21250,1.38244,-2.67309
1431.75000,-1.21300,1.38217,-2.62545
1431.80000,-1.21350,1.38187,-2.57850
1431.85000,-1.21398,1.38155,-2.53229
1431.90000,-1.21446,1.38120,-2.48680
1431.95000,-1.21491,1.38083,-2.44203
1432.00000,-1.21537,1.38043,-2.39794
1432.05000,-1.21583,1.37999,-2.35447
1432.10000,-1.21630,1.37950,-2.31159
1432.15000,-1.21678,1.37895,-2.26930
1432.20000,-1.21728,1.37833,-2.22760
1432.25000,-1.21780,1.37763,-2.18651
1432.30000,-1.21832,1.37686,-2.14605
1432.35000,-1.22007,1.37419,-2.10713
1432.40000,-1.22426,1.36690,-2.07352
1432.45000,-1.22879,1.35829,-2.03610
1432.50000,-1.23311,1.34927,-1.99833
1432.55000,-1.23709,1.34010,-1.96136
1432.60000,-1.24073,1.33078,-1.92520
1432.65000,-1.24403,1.32135,-1.88987
1432.70000,-1.24700,1.31180,-1.85530
1432.75000,-1.24964,1.30216,-1.82142
1432.80000,-1.25196,1.29243,-1.78820
1432.85000,-1.25396,1.28263,-1.75562
1432.90000,-1.25564,1.27278,-1.72367
1432.95000,-1.25701,1.26287,-1.69236
1433.00000,-1.25807,1.25293,-1.66168
1433.05000,-1.25882,1.24296,-1.63163
1433.10000,-1.25928,1.23297,-1.60220
1433.15000,-1.25945,1.22297,-1.57341
1433.20000,-1.25934,1.21297,-1.54524
1433.25000,-1.25895,1.20298,-1.51775
1433.30000,-1.25828,1.19301,-1.49097
1433.35000,-1.25735,1.18305,-1.46491
1433.40000,-1.25617,1.17312,-1.43959
1433.45000,-1.25466,1.16277,-1.41307
1433.50000,-1.25294,1.15262,-1.38787
1433.55000,-1.25101,1.14282,-1.36462
1433.60000,-1.24886,1.13307,-1.34185
1433.65000,-1.24648,1.12338,-1.31949
1433.70000,-1.24390,1.11374,-1.29755
1433.75000,-1.24110,1.10415,-1.27598
1433.80000,-1.23820,1.09459,-1.25443
1433.85000,-1.23789,1.08982,-1.23260
1433.90000,-1.23771,1.08901,-1.21061
1433.95000,-1.23761,1.08873,-1.18999
1434.00000,-1.23753,1.08855,-1.17034
1434.05000,-1.23745,1.08836,-1.15126
1434.10000,-1.23736,1.08816,-1.13281
1434.15000,-1.23727,1.08797,-1.11499
1434.20000,-1.23718,1.08778,-1.09780
1434.25000,-1.23708,1.08759,-1.08122
1434.30000,-1.23697,1.08740,-1.06516
1434.35000,-1.23686,1.08719,-1.04955
1434.40000,-1.23673,1.08698,-1.03434
1434.45000,-1.23659,1.08675,-1.01953
1434.50000,-1.23644,1.08651,-1.00512
1434.55000,-1.23627,1.08625,-0.99113
1434.60000,-1.23609,1.08598,-0.97754
1434.65000,-1.23589,1.08568,-0.96437
1434.70000,-1.23568,1.08538,-0.95166
1434.75000,-1.23546,1.08507,-0.93943
1434.80000,-1.23523,1.08476,-0.92774
1434.85000,-1.23500,1.08446,-0.91658
1434.90000,-1.23476,1.08416,-0.90596
1434.95000,-1.23452,1.08386,-0.89584
1435.00000,-1.23428,1.08355,-0.88618
1435.05000,-1.23402,1.08324,-0.87689
1435.10000,-1.23376,1.08293,-0.86792
1435.15000,-1.23348,1.08260,-0.85927
1435.20000,-1.23319,1.08226,-0.85092
1435.25000,-1.23288,1.08191,-0.84288
1435.30000,-1.23255,1.08155,-0.83515
1435.35000,-1.23222,1.08118,-0.82776
1435.40000,-1.23187,1.08080,-0.82070
1435.45000,-1.23151,1.08042,-0.81402
1435.50000,-1.23115,1.08004,-0.80776
1435.55000,-1.23078,1.07967,-0.80193
1435.60000,-1.23042,1.07929,-0.79652
1435.65000,-1.23005,1.07892,-0.79152
1435.70000,-1.22968,1.07855,-0.78690
1435.75000,-1.22931,1.07817,-0.78255
1435.80000,-1.22893,1.07779,-0.77842
1435.85000,-1.22854,1.07741,-0.77448
1435.90000,-1.22815,1.07703,-0.77074
1435.95000,-1.22774,1.07664,-0.76720
1436.00000,-1.22733,1.07624,-0.76386
1436.05000,-1.22691,1.07584,-0.76070
1436.10000,-1.22648,1.07543,-0.75775
1436.15000,-1.22605,1.07502,-0.75505
1436.20000,-1.22561,1.07462,-0.75264
1436.25000,-1.22518,1.07421,-0.75054
1436.30000,-1.22474,1.07381,-0.74877
1436.35000,-1.22431,1.07341,-0.74730
1436.40000,-1.22388,1.07301,-0.74613
1436.45000,-1.22345,1.07261,-0.74524
1436.50000,-1.22303,1.07222,-0.74453
1436.55000,-1.22261,1.07183,-0.74393
1436.60000,-1.22219,1.07145,-0.74339
1436.65000,-1.22177,1.07106,-0.74291
1436.70000,-1.22136,1.07068,-0.74248
1436.75000,-1.22094,1.07030,-0.74211
1436.80000,-1.22053,1.06992,-0.74180
1436.85000,-1.22012,1.06955,-0.74153
1436.90000,-1.21971,1.06917,-0.74130
1436.95000,-1.21930,1.06880,-0.74110
1437.00000,-1.21889,1.06842,-0.74093
1437.05000,-1.21849,1.06806,-0.74077
1437.10000,-1.21809,1.06769,-0.74063
1437.15000,-1.21769,1.06732,-0.74048
1437.20000,-1.21729,1.06696,-0.74033
1437.25000,-1.21690,1.06661,-0.74018
1437.30000,-1.21652,1.06626,-0.74000
1437.35000,-1.21614,1.06591,-0.73980
1437.40000,-1.21576,1.06557,-0.73956
1437.45000,-1.21539,1.06523,-0.73932
1437.50000,-1.21502,1.06489,-0.73914
1437.55000,-1.21465,1.06455,-0.73906
1437.60000,-1.21429,1.06422,-0.73912
1437.65000,-1.21393,1.06390,-0.73932
1437.70000,-1.21357,1.06357,-0.73963
1437.75000,-1.21322,1.06325,-0.74005
1437.80000,-1.21288,1.06294,-0.74056
1437.85000,-1.21254,1.06262,-0.74115
1437.90000,-1.21221,1.06232,-0.74169
1437.95000,-1.21190,1.06204,-0.74196
1438.00000,-1.21028,1.06048,-0.74232
1438.05000,-1.20558,1.05584,-0.74301
1438.10000,-1.19865,1.04928,-0.74281
1438.15000,-1.19128,1.04253,-0.74069
1438.20000,-1.18389,1.03579,-0.73715
1438.25000,-1.17647,1.02909,-0.73137
1438.30000,-1.16900,1.02245,-0.72297
1438.35000,-1.16146,1.01586,-0.71116
1438.40000,-1.15383,1.00938,-0.69474
1438.45000,-1.14617,1.00299,-0.67753
1438.50000,-1.14293,1.00069,-0.65893
1438.55000,-1.14236,1.00025,-0.62691
1438.60000,-1.14229,1.00020,-0.58960
1438.65000,-1.14221,1.00015,-0.55135
1438.70000,-1.14213,1.00010,-0.51269
1438.75000,-1.14205,1.00006,-0.47355
1438.80000,-1.14196,1.00002,-0.43379
1438.85000,-1.14187,0.99998,-0.39342
1438.90000,-1.14178,0.99994,-0.35236
1438.95000,-1.14168,0.99991,-0.31058
1439.00000,-1.14158,0.99988,-0.26810
1439.05000,-1.14147,0.99985,-0.22504
1439.10000,-1.14136,0.99983,-0.18154
1439.15000,-1.14124,0.99981,-0.13775
1439.20000,-1.14112,0.99980,-0.09383
1439.25000,-1.14100,0.99979,-0.04989
1439.30000,-1.14088,0.99978,-0.00606
1439.35000,-1.14075,0.99978,0.03758
1439.40000,-1.14062,0.99979,0.08095
1439.45000,-1.14049,0.99981,0.12396
1439.50000,-1.14036,0.99982,0.16654
1439.55000,-1.14023,0.99985,0.20863
1439.60000,-1.14010,0.99988,0.25016
1439.65000,-1.13997,0.99992,0.29106
1439.70000,-1.13984,0.99996,0.33128
1439.75000,-1.13972,1.00000,0.37076
1439.80000,-1.13959,1.00005,0.40945
1439.85000,-1.13947,1.00011,0.44732
1439.90000,-1.13935,1.00017,0.48429
1439.95000,-1.13924,1.00023,0.52027
1440.00000,-1.13913,1.00030,0.55518
1440.05000,-1.13902,1.00037,0.58895
1440.10000,-1.13891,1.00044,0.62149
1440.15000,-1.13701,1.00207,0.65359
1440.20000,-1.13077,1.00705,0.68272
1440.25000,-1.12372,1.01296,0.71398
1440.30000,-1.11681,1.01913,0.74328
1440.35000,-1.10963,1.02589,0.76909
1440.40000,-1.10254,1.03290,0.79223
1440.45000,-1.09577,1.03990,0.81293
1440.50000,-1.08928,1.04688,0.83164
1440.55000,-1.08285,1.05393,0.85010
1440.60000,-1.08087,1.05630,0.86619
1440.65000,-1.08081,1.05637,0.87561
1440.70000,-1.08069,1.05650,0.88275
1440.75000,-1.08060,1.05661,0.88796
1440.80000,-1.08049,1.05674,0.89163
1440.85000,-1.08040,1.05686,0.89358
1440.90000,-1.08031,1.05697,0.89405
1440.95000,-1.08022,1.05708,0.89302
1441.00000,-1.08013,1.05719,0.89084
1441.05000,-1.08003,1.05733,0.88757
1441.10000,-1.07993,1.05743,0.88311
1441.15000,-1.07979,1.05760,0.87763
1441.20000,-1.07970,1.05770,0.87127
1441.25000,-1.07959,1.05783,0.86410
1441.30000,-1.07947,1.05796,0.85609
1441.35000,-1.07936,1.05809,0.84717
1441.40000,-1.07921,1.05825,0.83768
1441.45000,-1.07905,1.05842,0.82727
1441.50000,-1.07895,1.05853,0.81657
1441.55000,-1.07892,1.05855,0.80525
1441.60000,-1.07874,1.05873,0.79397
1441.65000,-1.07865,1.05882,0.78189
1441.70000,-1.07862,1.05882,0.76921
1441.75000,-1.07853,1.05890,0.75648
1441.80000,-1.07848,1.05893,0.74340
1441.85000,-1.07832,1.05907,0.73050
1441.90000,-1.07816,1.05921,0.71729
1441.95000,-1.07799,1.05936,0.70391
1442.00000,-1.07782,1.05950,0.68988
1442.05000,-1.07765,1.05964,0.67497
1442.10000,-1.07746,1.05979,0.65924
1442.15000,-1.07732,1.05989,0.64195
1442.20000,-1.07712,1.06004,0.62365
1442.25000,-1.07692,1.06018,0.60430
1442.30000,-1.07671,1.06032,0.58391
1442.35000,-1.07647,1.06047,0.56266
1442.40000,-1.07621,1.06063,0.54058
1442.45000,-1.07594,1.06079,0.51775
1442.50000,-1.07564,1.06096,0.49419
1442.55000,-1.07533,1.06111,0.46988
1442.60000,-1.07516,1.06118,0.44420
1442.65000,-1.07479,1.06135,0.41878
1442.70000,-1.07439,1.06152,0.39294
1442.75000,-1.07399,1.06168,0.36684
1442.80000,-1.07357,1.06184,0.34062
1442.85000,-1.07314,1.06198,0.31435
1442.90000,-1.07270,1.06212,0.28793
1442.95000,-1.07225,1.06225,0.26134
1443.00000,-1.07178,1.06237,0.23453
1443.05000,-1.07130,1.06247,0.20750
1443.10000,-1.07080,1.06257,0.18020
1443.15000,-1.07028,1.06266,0.15268
1443.20000,-1.06974,1.06274,0.12495
1443.25000,-1.06917,1.06280,0.09703
1443.30000,-1.06859,1.06285,0.06893
1443.35000,-1.06799,1.06288,0.04067
1443.40000,-1.06737,1.06290,0.01229
1443.45000,-1.06673,1.06290,-0.01611
1443.50000,-1.06609,1.06288,-0.04444
1443.55000,-1.06544,1.06284,-0.07259
1443.60000,-1.06515,1.06282,-0.10187
1443.65000,-1.06527,1.06283,-0.13248
1443.70000,-1.06540,1.06284,-0.16288
1443.75000,-1.06549,1.06284,-0.19318
1443.80000,-1.06559,1.06286,-0.22328
1443.85000,-1.06567,1.06287,-0.25297
1443.90000,-1.06575,1.06288,-0.28258
1443.95000,-1.06582,1.06289,-0.31208
1444.00000,-1.06589,1.06291,-0.34145
1444.05000,-1.06595,1.06292,-0.37069
1444.10000,-1.06600,1.06293,-0.39983
1444.15000,-1.06603,1.06293,-0.42885
1444.20000,-1.06602,1.06291,-0.45791
1444.25000,-1.06601,1.06290,-0.48700
1444.30000,-1.06600,1.06288,-0.51567
1444.35000,-1.06598,1.06286,-0.54412
1444.40000,-1.06595,1.06283,-0.57237
1444.45000,-1.06592,1.06279,-0.60038
1444.50000,-1.06589,1.06275,-0.62796
1444.55000,-1.06585,1.06271,-0.65515
1444.60000,-1.06580,1.06265,-0.68197
1444.65000,-1.06572,1.06258,-0.70872
1444.70000,-1.06564,1.06251,-0.73518
1444.75000,-1.06555,1.06242,-0.76130
1444.80000,-1.06545,1.06233,-0.78735
1444.85000,-1.06527,1.06217,-0.81312
1444.90000,-1.06324,1.05997,-0.83779
1444.95000,-1.05758,1.05354,-0.86051
1445.00000,-1.05155,1.04636,-0.88531
1445.05000,-1.04570,1.03901,-0.90969
1445.10000,-1.04001,1.03152,-0.93347
1445.15000,-1.03449,1.02388,-0.95659
1445.20000,-1.02913,1.01610,-0.97908
1445.25000,-1.02393,1.00818,-1.00057
1445.30000,-1.01889,1.00014,-1.02112
1445.35000,-1.01399,0.99198,-1.04073
1445.40000,-1.00922,0.98367,-1.05944
1445.45000,-1.00461,0.97529,-1.07698
1445.50000,-1.00012,0.96679,-1.09325
1445.55000,-0.99576,0.95820,-1.10799
1445.60000,-0.99148,0.94949,-1.12102
1445.65000,-0.98730,0.94071,-1.13157
1445.70000,-0.98317,0.93182,-1.13907
1445.75000,-0.97906,0.92290,-1.14636
1445.80000,-0.97762,0.91766,-1.15055
1445.85000,-0.97734,0.91690,-1.14084
1445.90000,-0.97713,0.91645,-1.12158
1445.95000,-0.97689,0.91595,-1.10077
1446.00000,-0.97660,0.91538,-1.07919
1446.05000,-0.97635,0.91489,-1.05647
1446.10000,-0.97604,0.91436,-1.03214
1446.15000,-0.97570,0.91377,-1.00520
1446.20000,-0.97530,0.91314,-0.97523
1446.25000,-0.97481,0.91244,-0.94257
1446.30000,-0.97430,0.91175,-0.90776
1446.35000,-0.97379,0.91111,-0.87099
1446.40000,-0.97371,0.91101,-0.83549
1446.45000,-0.97365,0.91094,-0.79854
1446.50000,-0.97361,0.91090,-0.76105
1446.55000,-0.97357,0.91086,-0.72336
1446.60000,-0.97352,0.91083,-0.68556
1446.65000,-0.97348,0.91079,-0.64760
1446.70000,-0.97317,0.91052,-0.60815
1446.75000,-0.97238,0.90999,-0.56620
1446.80000,-0.97226,0.90992,-0.52652
1446.85000,-0.97220,0.90988,-0.48601
1446.90000,-0.97213,0.90985,-0.44459
1446.95000,-0.97206,0.90982,-0.40242
1447.00000,-0.97199,0.90979,-0.35973
1447.05000,-0.97192,0.90977,-0.31682
1447.10000,-0.97184,0.90974,-0.27397
1447.15000,-0.97176,0.90972,-0.23135
1447.20000,-0.97168,0.90970,-0.18896
1447.25000,-0.97160,0.90969,-0.14681
1447.30000,-0.97152,0.90968,-0.10491
1447.35000,-0.97144,0.90967,-0.06302
1447.40000,-0.97135,0.90967,-0.02090
1447.45000,-0.97126,0.90967,0.02150
1447.50000,-0.97116,0.90967,0.06416
1447.55000,-0.97106,0.90968,0.10696
1447.60000,-0.97096,0.90970,0.14979
1447.65000,-0.97086,0.90971,0.19248
1447.70000,-0.97076,0.90974,0.23484
1447.75000,-0.97065,0.90976,0.27681
1447.80000,-0.97055,0.90979,0.31839
1447.85000,-0.97045,0.90983,0.35955
1447.90000,-0.97035,0.90987,0.40030
1447.95000,-0.97026,0.90991,0.44065
1448.00000,-0.97016,0.90996,0.48066
1448.05000,-0.97006,0.91001,0.52048
1448.10000,-0.96996,0.91007,0.56016
1448.15000,-0.96986,0.91014,0.59964
1448.20000,-0.96976,0.91021,0.63889
1448.25000,-0.96966,0.91029,0.67785
1448.30000,-0.96956,0.91037,0.71646
1448.35000,-0.96947,0.91046,0.75463
1448.40000,-0.96937,0.91055,0.79229
1448.45000,-0.96928,0.91064,0.82945
1448.50000,-0.96920,0.91074,0.86610
1448.55000,-0.96911,0.91084,0.90222
1448.60000,-0.96903,0.91095,0.93782
1448.65000,-0.96896,0.91106,0.97293
1448.70000,-0.96888,0.91117,1.00761
1448.75000,-0.96881,0.91129,1.04188
1448.80000,-0.96874,0.91141,1.07575
1448.85000,-0.96868,0.91154,1.10920
1448.90000,-0.96839,0.91214,1.14425
1448.95000,-0.96798,0.91308,1.18036
1449.00000,-0.96762,0.91401,1.21575
1449.05000,-0.96644,0.91693,1.24863
1449.10000,-0.96364,0.92545,1.27771
1449.15000,-0.96071,0.93577,1.31069
1449.20000,-0.95810,0.94627,1.34348
1449.25000,-0.95589,0.95656,1.37411
1449.30000,-0.95405,0.96665,1.40305
1449.35000,-0.95251,0.97653,1.43030
1449.40000,-0.95125,0.98645,1.45691
1449.45000,-0.95024,0.99639,1.48293
1449.50000,-0.94949,1.00637,1.50831
1449.55000,-0.94899,1.01635,1.53292
1449.60000,-0.94873,1.02635,1.55666
1449.65000,-0.94870,1.03635,1.57931
1449.70000,-0.94889,1.04634,1.60046
1449.75000,-0.94928,1.05635,1.61932
1449.80000,-0.94980,1.06671,1.63919
1449.85000,-0.94986,1.07259,1.65806
1449.90000,-0.94983,1.07525,1.66792
1449.95000,-0.94981,1.07790,1.67570
1450.00000,-0.94980,1.08055,1.68166
1450.05000,-0.94975,1.08276,1.68490
1450.10000,-0.94972,1.08328,1.68346
1450.15000,-0.94972,1.08325,1.68043
1450.20000,-0.94972,1.08324,1.68202
1450.25000,-0.94972,1.08325,1.68670
1450.30000,-0.94972,1.08328,1.69274
1450.35000,-0.94972,1.08326,1.69971
1450.40000,-0.94972,1.08325,1.70677
1450.45000,-0.94973,1.08333,1.71492
1450.50000,-0.95028,1.08450,1.72339
1450.55000,-0.95175,1.09116,1.73194
1450.60000,-0.95341,1.10099,1.74350
1450.65000,-0.95519,1.11082,1.75488
1450.70000,-0.95707,1.12062,1.76567
1450.75000,-0.95905,1.13040,1.77610
1450.80000,-0.96085,1.13876,1.79924
1450.85000,-0.96228,1.14440,1.84465
1450.90000,-0.96348,1.14827,1.90531
1450.95000,-0.96450,1.15090,1.97680
1451.00000,-0.96527,1.15253,2.05537
1451.05000,-0.96564,1.15319,2.13771
1451.10000,-0.96569,1.15327,2.22204
1451.15000,-0.96572,1.15330,2.30576
1451.20000,-0.96576,1.15334,2.38860
1451.25000,-0.96579,1.15337,2.47054
1451.30000,-0.96583,1.15340,2.55160
1451.35000,-0.96587,1.15342,2.63152
1451.40000,-0.96590,1.15344,2.70972
1451.45000,-0.96592,1.15345,2.78502
1451.50000,-0.96594,1.15345,2.85291
1451.55000,-0.96692,1.15370,2.91147
1451.60000,-0.96894,1.15413,2.95846
1451.65000,-0.97058,1.15419,2.98444
1451.70000,-0.97114,1.15421,2.99456
1451.75000,-0.97121,1.15422,3.00025
1451.80000,-0.97129,1.15423,3.00444
1451.85000,-0.97137,1.15424,3.00794
1451.90000,-0.97140,1.15424,3.01096
1451.95000,-0.97143,1.15425,3.01316
1452.00000,-0.97146,1.15425,3.01455
1452.05000,-0.97149,1.15426,3.01516
1452.10000,-0.97152,1.15426,3.01497
1452.15000,-0.97156,1.15426,3.01361
1452.20000,-0.97158,1.15427,3.01103
1452.25000,-0.97157,1.15427,3.00693
1452.30000,-0.97156,1.15427,3.00176
1452.35000,-0.97155,1.15427,2.99558
1452.40000,-0.97160,1.15428,2.98840
1452.45000,-0.97165,1.15429,2.98030
1452.50000,-0.97165,1.15429,2.97190
1452.55000,-0.97169,1.15430,2.96285
1452.60000,-0.97163,1.15429,2.95394
1452.65000,-0.97160,1.15430,2.94410
1452.70000,-0.97161,1.15431,2.93364
1452.75000,-0.97162,1.15431,2.92284
1452.80000,-0.97159,1.15431,2.91171
1452.85000,-0.97157,1.15430,2.90012
1452.90000,-0.97149,1.15429,2.88844
1452.95000,-0.97129,1.15424,2.87677
1453.00000,-0.97110,1.15418,2.86474
1453.05000,-0.97112,1.15419,2.85214
1453.10000,-0.97110,1.15419,2.83854
1453.15000,-0.97097,1.15416,2.82511
1453.20000,-0.97093,1.15417,2.81076
1453.25000,-0.97082,1.15414,2.79640
1453.30000,-0.97076,1.15413,2.78188
1453.35000,-0.97085,1.15417,2.76631
1453.40000,-0.97084,1.15418,2.75068
1453.45000,-0.97080,1.15420,2.73504
1453.50000,-0.97067,1.15416,2.71997
1453.55000,-0.97051,1.15410,2.70469
1453.60000,-0.97037,1.15405,2.68939
1453.65000,-0.97015,1.15393,2.67390
1453.70000,-0.96992,1.15381,2.65828
1453.75000,-0.96969,1.15369,2.64253
1453.80000,-0.96946,1.15356,2.62665
1453.85000,-0.96922,1.15342,2.61067
1453.90000,-0.96899,1.15328,2.59457
1453.95000,-0.96876,1.15314,2.57837
1454.00000,-0.96854,1.15299,2.56208
1454.05000,-0.96831,1.15284,2.54570
1454.10000,-0.96809,1.15268,2.52926
1454.15000,-0.96787,1.15252,2.51277
1454.20000,-0.96765,1.15235,2.49624
1454.25000,-0.96743,1.15219,2.47969
1454.30000,-0.96722,1.15201,2.46311
1454.35000,-0.96701,1.15184,2.44650
1454.40000,-0.96681,1.15166,2.42989
1454.45000,-0.96660,1.15148,2.41328
1454.50000,-0.96641,1.15130,2.39668
1454.55000,-0.96621,1.15111,2.38011
1454.60000,-0.96602,1.15093,2.36357
1454.65000,-0.96583,1.15074,2.34706
1454.70000,-0.96565,1.15055,2.33061
1454.75000,-0.96547,1.15035,2.31420
1454.80000,-0.96530,1.15016,2.29786
1454.85000,-0.96513,1.14996,2.28157
1454.90000,-0.96497,1.14976,2.26536
1454.95000,-0.96481,1.14956,2.24922
1455.00000,-0.96465,1.14936,2.23316
1455.05000,-0.96450,1.14917,2.21719
1455.10000,-0.96436,1.14897,2.20131
1455.15000,-0.96422,1.14877,2.18554
1455.20000,-0.96408,1.14857,2.16987
1455.25000,-0.96395,1.14837,2.15433
1455.30000,-0.96383,1.14818,2.13890
1455.35000,-0.96371,1.14798,2.12360
1455.40000,-0.96359,1.14779,2.10843
1455.45000,-0.96348,1.14760,2.09341
1455.50000,-0.96338,1.14741,2.07851
1455.55000,-0.96329,1.14724,2.06389
1455.60000,-0.96336,1.14738,2.05086
1455.65000,-0.96343,1.14752,2.03796
1455.70000,-0.96350,1.14765,2.02516
1455.75000,-0.96357,1.14779,2.01247
1455.80000,-0.96363,1.14792,1.99988
1455.85000,-0.96496,1.14970,1.98825
1455.90000,-0.96870,1.15746,1.97705
1455.95000,-0.97257,1.16663,1.96459
1456.00000,-0.97628,1.17573,1.95178
1456.05000,-0.97985,1.18479,1.93880
1456.10000,-0.98332,1.19397,1.92657
1456.15000,-0.98671,1.20327,1.91480
1456.20000,-0.98993,1.21243,1.90270
1456.25000,-0.99304,1.22162,1.89090
1456.30000,-0.99604,1.23086,1.87957
1456.35000,-0.99895,1.24014,1.86887
1456.40000,-1.00177,1.24948,1.85873
1456.45000,-1.00450,1.25885,1.84940
1456.50000,-1.00713,1.26827,1.84100
1456.55000,-1.00972,1.27775,1.83378
1456.60000,-1.01225,1.28728,1.82821
1456.65000,-1.01476,1.29688,1.82497
1456.70000,-1.01727,1.30656,1.82492
1456.75000,-1.01978,1.31624,1.82520
1456.80000,-1.02150,1.32498,1.82637
1456.85000,-1.02238,1.32932,1.83526
1456.90000,-1.02286,1.33156,1.86379
1456.95000,-1.02305,1.33220,1.90439
1457.00000,-1.02306,1.33225,1.94440
1457.05000,-1.02308,1.33229,1.98467
1457.10000,-1.02310,1.33233,2.02485
1457.15000,-1.02312,1.33236,2.06478
1457.20000,-1.02314,1.33240,2.10434
1457.25000,-1.02316,1.33244,2.14360
1457.30000,-1.02318,1.33248,2.18272
1457.35000,-1.02321,1.33251,2.22167
1457.40000,-1.02324,1.33254,2.26018
1457.45000,-1.02327,1.33258,2.29819
1457.50000,-1.02329,1.33261,2.33568
1457.55000,-1.02332,1.33264,2.37287
1457.60000,-1.02336,1.33267,2.40977
1457.65000,-1.02339,1.33270,2.44642
1457.70000,-1.02342,1.33272,2.48247
1457.75000,-1.02346,1.33275,2.51756
1457.80000,-1.02349,1.33277,2.55160
1457.85000,-1.02353,1.33279,2.58462
1457.90000,-1.02356,1.33282,2.61665
1457.95000,-1.02360,1.33284,2.64792
1458.00000,-1.02363,1.33285,2.67857
1458.05000,-1.02367,1.33287,2.70888
1458.10000,-1.02371,1.33289,2.73881
1458.15000,-1.02375,1.33290,2.76834
1458.20000,-1.02378,1.33292,2.79752
1458.25000,-1.02382,1.33293,2.82630
1458.30000,-1.02386,1.33294,2.85470
1458.35000,-1.02390,1.33296,2.88278
1458.40000,-1.02394,1.33297,2.91017
1458.45000,-1.02398,1.33297,2.93661
1458.50000,-1.02402,1.33298,2.96231
1458.55000,-1.02406,1.33299,2.98730
1458.60000,-1.02410,1.33299,3.01151
1458.65000,-1.02414,1.33300,3.03490
1458.70000,-1.02553,1.33335,3.05765
1458.75000,-1.03316,1.33401,3.07943
1458.80000,-1.04314,1.33452,3.10066
1458.85000,-1.05314,1.33483,3.12019
1458.90000,-1.06312,1.33496,3.13740
1458.95000,-1.07316,1.33492,-3.13073
1459.00000,-1.08318,1.33475,-3.11863
1459.05000,-1.09316,1.33447,-3.10995
1459.10000,-1.10298,1.33419,-3.10105
1459.15000,-1.10762,1.33411,-3.09300
1459.20000,-1.10887,1.33408,-3.08913
1459.25000,-1.11007,1.33405,-3.08690
1459.30000,-1.11121,1.33402,-3.08652
1459.35000,-1.11167,1.33401,-3.09037
1459.40000,-1.11173,1.33401,-3.09682
1459.45000,-1.11179,1.33400,-3.10364
1459.50000,-1.11184,1.33400,-3.11151
1459.55000,-1.11189,1.33400,-3.11995
1459.60000,-1.11193,1.33400,-3.12874
1459.65000,-1.11198,1.33400,-3.13782
1459.70000,-1.11203,1.33400,3.13602
1459.75000,-1.11208,1.33400,3.12647
1459.80000,-1.11213,1.33400,3.11672
1459.85000,-1.11218,1.33400,3.10664
1459.90000,-1.11223,1.33400,3.09617
1459.95000,-1.11228,1.33401,3.08519
1460.00000,-1.11233,1.33401,3.07384
1460.05000,-1.11238,1.33401,3.06219
1460.10000,-1.11244,1.33402,3.05022
1460.15000,-1.11249,1.33402,3.03801
1460.20000,-1.11254,1.33403,3.02565
1460.25000,-1.11259,1.33403,3.01303
1460.30000,-1.11264,1.33404,3.00013
1460.35000,-1.11269,1.33405,2.98707
1460.40000,-1.11275,1.33406,2.97398
1460.45000,-1.11280,1.33407,2.96090
1460.50000,-1.11285,1.33408,2.94783
1460.55000,-1.11291,1.33409,2.93481
1460.60000,-1.11296,1.33410,2.92185
1460.65000,-1.11302,1.33411,2.90889
1460.70000,-1.11308,1.33413,2.89589
1460.75000,-1.11313,1.33414,2.88285
1460.80000,-1.11319,1.33416,2.86979
1460.85000,-1.11324,1.33417,2.85669
1460.90000,-1.11329,1.33419,2.84358
1460.95000,-1.11335,1.33421,2.83047
1461.00000,-1.11340,1.33422,2.81735
1461.05000,-1.11346,1.33424,2.80407
1461.10000,-1.11351,1.33426,2.79056
1461.15000,-1.11357,1.33428,2.77685
1461.20000,-1.11362,1.33430,2.76305
1461.25000,-1.11368,1.33433,2.74920
1461.30000,-1.11374,1.33435,2.73532
1461.35000,-1.11379,1.33438,2.72152
1461.40000,-1.11385,1.33440,2.70788
1461.45000,-1.11391,1.33443,2.69437
1461.50000,-1.11397,1.33446,2.68091
1461.55000,-1.11402,1.33449,2.66751
1461.60000,-1.11408,1.33451,2.65417
1461.65000,-1.11414,1.33455,2.64090
1461.70000,-1.11419,1.33458,2.62770
1461.75000,-1.11425,1.33461,2.61454
1461.80000,-1.11430,1.33464,2.60136
1461.85000,-1.11436,1.33467,2.58818
1461.90000,-1.11441,1.33471,2.57483
1461.95000,-1.11446,1.33474,2.56113
1462.00000,-1.11452,1.33478,2.54704
1462.05000,-1.11457,1.33482,2.53271
1462.10000,-1.11463,1.33485,2.51826
1462.15000,-1.11468,1.33489,2.50374
1462.20000,-1.11474,1.33494,2.48923
1462.25000,-1.11479,1.33498,2.47471
1462.30000,-1.11485,1.33502,2.46020
1462.35000,-1.11491,1.33507,2.44576
1462.40000,-1.11496,1.33512,2.43144
1462.45000,-1.11664,1.33672,2.41714
1462.50000,-1.12317,1.34262,2.40278
1462.55000,-1.13023,1.34915,2.38766
1462.60000,-1.13721,1.35580,2.37319
1462.65000,-1.14410,1.36255,2.35910
1462.70000,-1.15090,1.36941,2.34514
1462.75000,-1.15759,1.37637,2.33127
1462.80000,-1.16419,1.38341,2.31728
1462.85000,-1.17068,1.39055,2.30310
1462.90000,-1.17707,1.39778,2.28890
1462.95000,-1.18335,1.40510,2.27469
1463.00000,-1.18953,1.41251,2.26033
1463.05000,-1.19559,1.41999,2.24562
1463.10000,-1.20153,1.42756,2.23030
1463.15000,-1.20747,1.43535,2.21480
1463.20000,-1.21323,1.44315,2.19721
1463.25000,-1.21889,1.45092,2.17922
1463.30000,-1.22105,1.45502,2.16262
1463.35000,-1.22109,1.45517,2.13450
1463.40000,-1.22104,1.45511,2.10051
1463.45000,-1.22098,1.45505,2.06582
1463.50000,-1.22097,1.45504,2.02867
1463.55000,-1.22098,1.45505,1.98671
1463.60000,-1.22099,1.45507,1.94082
1463.65000,-1.22100,1.45510,1.89275
1463.70000,-1.22101,1.45513,1.84325
1463.75000,-1.22102,1.45517,1.79263
1463.80000,-1.22103,1.45523,1.74155
1463.85000,-1.22104,1.45529,1.69070
1463.90000,-1.22104,1.45536,1.64087
1463.95000,-1.22105,1.45543,1.59241
1464.00000,-1.22105,1.45550,1.54510
1464.05000,-1.22104,1.45557,1.49860
1464.10000,-1.22104,1.45565,1.45267
1464.15000,-1.22103,1.45572,1.40720
1464.20000,-1.22101,1.45580,1.36220
1464.25000,-1.22099,1.45587,1.31768
1464.30000,-1.22097,1.45594,1.27370
1464.35000,-1.22095,1.45602,1.23026
1464.40000,-1.22092,1.45609,1.18738
1464.45000,-1.22089,1.45616,1.14500
1464.50000,-1.22086,1.45623,1.10247
1464.55000,-1.22082,1.45631,1.05932
1464.60000,-1.22077,1.45639,1.01543
1464.65000,-1.22071,1.45648,0.97101
1464.70000,-1.22064,1.45657,0.92635
1464.75000,-1.22056,1.45668,0.88163
1464.80000,-1.22047,1.45679,0.83711
1464.85000,-1.22036,1.45690,0.79302
1464.90000,-1.22024,1.45701,0.74948
1464.95000,-1.22012,1.45712,0.70675
1465.00000,-1.21999,1.45723,0.66501
1465.05000,-1.21985,1.45733,0.62425
1465.10000,-1.21971,1.45743,0.58445
1465.15000,-1.21956,1.45752,0.54558
1465.20000,-1.21941,1.45761,0.50765
1465.25000,-1.21925,1.45770,0.47054
1465.30000,-1.21908,1.45778,0.43408
1465.35000,-1.21697,1.45895,0.39904
1465.40000,-1.20999,1.46177,0.36579
1465.45000,-1.20173,1.46476,0.32761
1465.50000,-1.19276,1.46761,0.29010
1465.55000,-1.18313,1.47030,0.25523
1465.60000,-1.17409,1.47248,0.21832
1465.65000,-1.16520,1.47427,0.18114
1465.70000,-1.15623,1.47574,0.14523
1465.75000,-1.14711,1.47692,0.11111
1465.80000,-1.13787,1.47781,0.07902
1465.85000,-1.12864,1.47840,0.04858
1465.90000,-1.11936,1.47872,0.02041
1465.95000,-1.11001,1.47879,-0.00533
1466.00000,-1.10059,1.47863,-0.02858
1466.05000,-1.09132,1.47829,-0.05119
1466.10000,-1.08772,1.47827,-0.07363
1466.15000,-1.08795,1.47828,-0.08949
1466.20000,-1.08823,1.47831,-0.10483
1466.25000,-1.08833,1.47831,-0.12058
1466.30000,-1.08842,1.47831,-0.13800
1466.35000,-1.08863,1.47832,-0.15638
1466.40000,-1.08730,1.47773,-0.17485
1466.45000,-1.07984,1.47611,-0.19285
1466.50000,-1.07048,1.47418,-0.21230
1466.55000,-1.06106,1.47214,-0.23106
1466.60000,-1.05236,1.47062,-0.25018
1466.65000,-1.04869,1.47070,-0.26759
1466.70000,-1.04844,1.47069,-0.27605
1466.75000,-1.04847,1.47069,-0.28183
1466.80000,-1.04843,1.47069,-0.28680
1466.85000,-1.04842,1.47068,-0.29112
1466.90000,-1.04839,1.47067,-0.29486
1466.95000,-1.04835,1.47065,-0.29848
1467.00000,-1.04830,1.47063,-0.30204
1467.05000,-1.04829,1.47063,-0.30566
1467.10000,-1.04827,1.47062,-0.30983
1467.15000,-1.04826,1.47062,-0.31503
1467.20000,-1.04825,1.47062,-0.32167
1467.25000,-1.04823,1.47061,-0.32947
1467.30000,-1.04820,1.47059,-0.33719
1467.35000,-1.04807,1.47055,-0.34562
1467.40000,-1.04803,1.47053,-0.35444
1467.45000,-1.04795,1.47050,-0.36295
1467.50000,-1.04785,1.47046,-0.37099
1467.55000,-1.04773,1.47042,-0.37862
1467.60000,-1.04764,1.47038,-0.38577
1467.65000,-1.04756,1.47035,-0.39280
1467.70000,-1.04749,1.47032,-0.39917
1467.75000,-1.04745,1.47030,-0.40543
1467.80000,-1.04739,1.47027,-0.41214
1467.85000,-1.04740,1.47025,-0.41967
1467.90000,-1.04730,1.47020,-0.42705
1467.95000,-1.04718,1.47015,-0.43432
1468.00000,-1.04707,1.47009,-0.44245
1468.05000,-1.04692,1.47002,-0.45082
1468.10000,-1.04527,1.46856,-0.46003
1468.15000,-1.04126,1.46539,-0.46866
1468.20000,-1.04093,1.46525,-0.47631
1468.25000,-1.04081,1.46519,-0.48181
1468.30000,-1.04068,1.46512,-0.48716
1468.35000,-1.04056,1.46506,-0.49246
1468.40000,-1.04043,1.46499,-0.49789
1468.45000,-1.04029,1.46492,-0.50375
1468.50000,-1.04015,1.46484,-0.51021
1468.55000,-1.03876,1.46365,-0.51722
1468.60000,-1.03285,1.45911,-0.52499
1468.65000,-1.02441,1.45409,-0.53291
1468.70000,-1.01594,1.44904,-0.54042
1468.75000,-1.00769,1.44407,-0.54769
1468.80000,-1.00427,1.44283,-0.55545
1468.85000,-1.00416,1.44277,-0.55803
1468.90000,-1.00408,1.44271,-0.55982
1468.95000,-1.00398,1.44265,-0.56123
1469.00000,-1.00387,1.44258,-0.56241
1469.05000,-1.00377,1.44252,-0.56332
1469.10000,-1.00366,1.44245,-0.56411
1469.15000,-1.00356,1.44238,-0.56510
1469.20000,-1.00344,1.44231,-0.56661
1469.25000,-1.00333,1.44224,-0.56878
1469.30000,-1.00322,1.44217,-0.57155
1469.35000,-1.00127,1.44044,-0.57462
1469.40000,-0.99380,1.43530,-0.57800
1469.45000,-0.98550,1.42984,-0.58230
1469.50000,-0.97718,1.42434,-0.58624
1469.55000,-0.96892,1.41882,-0.59006
1469.60000,-0.96071,1.41328,-0.59376
1469.65000,-0.95250,1.40771,-0.59684
1469.70000,-0.94429,1.40214,-0.59993
1469.75000,-0.93719,1.39766,-0.60339
1469.80000,-0.93537,1.39705,-0.60515
1469.85000,-0.93514,1.39690,-0.60149
1469.90000,-0.93500,1.39680,-0.59673
1469.95000,-0.93485,1.39670,-0.59198
1470.00000,-0.93471,1.39660,-0.58723
1470.05000,-0.93456,1.39650,-0.58243
1470.10000,-0.93441,1.39640,-0.57754
1470.15000,-0.93428,1.39631,-0.57364
1470.20000,-0.93415,1.39623,-0.57094
1470.25000,-0.93406,1.39617,-0.56974
1470.30000,-0.93277,1.39507,-0.56901
1470.35000,-0.92760,1.39026,-0.57008
1470.40000,-0.91957,1.38491,-0.57189
1470.45000,-0.91120,1.37952,-0.57406
1470.50000,-0.90285,1.37410,-0.57627
1470.55000,-0.89452,1.36867,-0.57860
1470.60000,-0.88620,1.36322,-0.58097
1470.65000,-0.87789,1.35775,-0.58330
1470.70000,-0.86959,1.35226,-0.58545
1470.75000,-0.86127,1.34674,-0.58724
1470.80000,-0.85297,1.34121,-0.58853
1470.85000,-0.84466,1.33566,-0.58878
1470.90000,-0.83634,1.33009,-0.58782
1470.95000,-0.82811,1.32459,-0.58635
1471.00000,-0.82353,1.32214,-0.58477
1471.05000,-0.82249,1.32195,-0.56622
1471.10000,-0.82147,1.32149,-0.53193
1471.15000,-0.82094,1.32127,-0.50662
1471.20000,-0.82077,1.32119,-0.49717
1471.25000,-0.81921,1.31987,-0.49225
1471.30000,-0.81287,1.31559,-0.48962
1471.35000,-0.80413,1.31092,-0.49123
1471.40000,-0.79533,1.30620,-0.49243
1471.45000,-0.78652,1.30147,-0.49301
1471.50000,-0.77771,1.29674,-0.49283
1471.55000,-0.76887,1.29200,-0.49140
1471.60000,-0.76000,1.28727,-0.48812
1471.65000,-0.75102,1.28255,-0.48179
1471.70000,-0.74201,1.27785,-0.47506
1471.75000,-0.73509,1.27480,-0.46839
1471.80000,-0.73141,1.27314,-0.45258
1471.85000,-0.73025,1.27265,-0.41784
1471.90000,-0.73022,1.27263,-0.37684
1471.95000,-0.73018,1.27262,-0.33629
1472.00000,-0.73014,1.27261,-0.29688
1472.05000,-0.73010,1.27260,-0.25828
1472.10000,-0.73006,1.27259,-0.22102
1472.15000,-0.73001,1.27258,-0.18615
1472.20000,-0.72997,1.27257,-0.15479
1472.25000,-0.72992,1.27256,-0.12792
1472.30000,-0.72987,1.27256,-0.10608
1472.35000,-0.72982,1.27255,-0.08875
1472.40000,-0.72810,1.27223,-0.07257
1472.45000,-0.72079,1.27162,-0.05750
1472.50000,-0.71083,1.27108,-0.05020
1472.55000,-0.70083,1.27061,-0.04406
1472.60000,-0.69080,1.27020,-0.03862
1472.65000,-0.68080,1.26984,-0.03423
1472.70000,-0.67080,1.26951,-0.03087
1472.75000,-0.66080,1.26922,-0.02857
1472.80000,-0.65080,1.26894,-0.02756
1472.85000,-0.64079,1.26866,-0.02782
1472.90000,-0.63080,1.26838,-0.02881
1472.95000,-0.62080,1.26809,-0.03021
1473.00000,-0.61081,1.26778,-0.03208
1473.05000,-0.60081,1.26745,-0.03491
1473.10000,-0.59083,1.26712,-0.03772
1473.15000,-0.58587,1.26704,-0.04046
1473.20000,-0.58473,1.26705,-0.05713
1473.25000,-0.58445,1.26705,-0.09441
1473.30000,-0.58444,1.26704,-0.13449
1473.35000,-0.58442,1.26704,-0.17309
1473.40000,-0.58440,1.26704,-0.20906
1473.45000,-0.58441,1.26704,-0.24258
1473.50000,-0.58439,1.26704,-0.27377
1473.55000,-0.58485,1.26714,-0.30385
1473.60000,-0.58458,1.26704,-0.33197
1473.65000,-0.58479,1.26711,-0.35597
1473.70000,-0.58462,1.26704,-0.37836
1473.75000,-0.58486,1.26711,-0.39998
1473.80000,-0.58478,1.26703,-0.42044
1473.85000,-0.58494,1.26707,-0.43924
1473.90000,-0.58497,1.26708,-0.45674
1473.95000,-0.58479,1.26695,-0.47428
1474.00000,-0.58476,1.26691,-0.49030
1474.05000,-0.58492,1.26698,-0.50630
1474.10000,-0.58472,1.26687,-0.52197
1474.15000,-0.58489,1.26697,-0.53756
1474.20000,-0.58344,1.26555,-0.55416
1474.25000,-0.57627,1.26083,-0.56829
1474.30000,-0.56814,1.25554,-0.58276
1474.35000,-0.56002,1.25010,-0.59690
1474.40000,-0.55206,1.24458,-0.61114
1474.45000,-0.54415,1.23893,-0.62529
1474.50000,-0.53626,1.23314,-0.63885
1474.55000,-0.52851,1.22729,-0.65251
1474.60000,-0.52082,1.22132,-0.66556
1474.65000,-0.51320,1.21523,-0.67778
1474.70000,-0.50559,1.20903,-0.68851
1474.75000,-0.49804,1.20274,-0.69772
1474.80000,-0.49052,1.19636,-0.70500
1474.85000,-0.48295,1.18988,-0.70947
1474.90000,-0.47539,1.18338,-0.71101
1474.95000,-0.46784,1.17688,-0.70895
1475.00000,-0.46025,1.17037,-0.70605
1475.05000,-0.45403,1.16523,-0.70350
1475.10000,-0.45209,1.16367,-0.69072
1475.15000,-0.45112,1.16288,-0.66961
1475.20000,-0.45105,1.16283,-0.64617
1475.25000,-0.45102,1.16281,-0.62583
1475.30000,-0.45100,1.16279,-0.60813
1475.35000,-0.45097,1.16277,-0.59137
1475.40000,-0.45094,1.16275,-0.57451
1475.45000,-0.45091,1.16273,-0.55739
1475.50000,-0.45088,1.16271,-0.53994
1475.55000,-0.45084,1.16269,-0.52246
1475.60000,-0.45081,1.16267,-0.50642
1475.65000,-0.45077,1.16265,-0.49259
1475.70000,-0.45073,1.16263,-0.48109
1475.75000,-0.45068,1.16261,-0.47189
1475.80000,-0.44933,1.16150,-0.46362
1475.85000,-0.44305,1.15722,-0.45781
1475.90000,-0.43399,1.15279,-0.45337
1475.95000,-0.42496,1.14842,-0.44731
1476.00000,-0.41588,1.14412,-0.43875
1476.05000,-0.40684,1.13986,-0.43033
1476.10000,-0.40229,1.13866,-0.42212
1476.15000,-0.40136,1.13837,-0.40287
1476.20000,-0.40132,1.13835,-0.37806
1476.25000,-0.40127,1.13833,-0.35463
1476.30000,-0.40123,1.13831,-0.33315
1476.35000,-0.40073,1.13815,-0.31172
1476.40000,-0.40022,1.13800,-0.29202
1476.45000,-0.39975,1.13786,-0.27464
1476.50000,-0.39941,1.13777,-0.26057
1476.55000,-0.39749,1.13686,-0.24628
1476.60000,-0.39051,1.13457,-0.23405
1476.65000,-0.38064,1.13227,-0.22483
1476.70000,-0.37065,1.13005,-0.21288
1476.75000,-0.36062,1.12790,-0.20071
1476.80000,-0.35528,1.12786,-0.19077
1476.85000,-0.35308,1.12761,-0.17175
1476.90000,-0.35159,1.12738,-0.14755
1476.95000,-0.35081,1.12728,-0.12037
1477.00000,-0.35003,1.12718,-0.09382
1477.05000,-0.34934,1.12713,-0.06892
1477.10000,-0.34870,1.12710,-0.04579
1477.15000,-0.34811,1.12707,-0.02485
1477.20000,-0.34758,1.12707,-0.00593
1477.25000,-0.34555,1.12709,0.01294
1477.30000,-0.33743,1.12731,0.03093
1477.35000,-0.32712,1.12769,0.04361
1477.40000,-0.31687,1.12820,0.05680
1477.45000,-0.30658,1.12886,0.07141
1477.50000,-0.29628,1.12967,0.08750
1477.55000,-0.28592,1.13066,0.10435
1477.60000,-0.27574,1.13180,0.12235
1477.65000,-0.26598,1.13299,0.13979
1477.70000,-0.26160,1.13319,0.15762
1477.75000,-0.26098,1.13328,0.18066
1477.80000,-0.26037,1.13339,0.20354
1477.85000,-0.25980,1.13349,0.22432
1477.90000,-0.25740,1.13441,0.24434
1477.95000,-0.24981,1.13662,0.26204
1478.00000,-0.24056,1.13918,0.27780
1478.05000,-0.23088,1.14201,0.29337
1478.10000,-0.22130,1.14498,0.30970
1478.15000,-0.21166,1.14815,0.32772
1478.20000,-0.20223,1.15145,0.34668
1478.25000,-0.19281,1.15485,0.36572
1478.30000,-0.18828,1.15533,0.38642
1478.35000,-0.18802,1.15539,0.41031
1478.40000,-0.18795,1.15543,0.43484
1478.45000,-0.18788,1.15546,0.45878
1478.50000,-0.18780,1.15550,0.48216
1478.55000,-0.18773,1.15554,0.50510
1478.60000,-0.18766,1.15558,0.52775
1478.65000,-0.18758,1.15563,0.55029
1478.70000,-0.18751,1.15567,0.57286
1478.75000,-0.18743,1.15572,0.59556
1478.80000,-0.18735,1.15578,0.61852
1478.85000,-0.18728,1.15583,0.64183
1478.90000,-0.18720,1.15589,0.66558
1478.95000,-0.18713,1.15595,0.68983
1479.00000,-0.18706,1.15601,0.71463
1479.05000,-0.18698,1.15608,0.74002
1479.10000,-0.18691,1.15615,0.76602
1479.15000,-0.18684,1.15622,0.79263
1479.20000,-0.18679,1.15626,0.81992
1479.25000,-0.18670,1.15635,0.84784
1479.30000,-0.18649,1.15657,0.87690
1479.35000,-0.18642,1.15665,0.90579
1479.40000,-0.18637,1.15671,0.93524
1479.45000,-0.18628,1.15682,0.96578
1479.50000,-0.18618,1.15695,0.99612
1479.55000,-0.18600,1.15719,1.02767
1479.60000,-0.18591,1.15732,1.05897
1479.65000,-0.18583,1.15745,1.09032
1479.70000,-0.18569,1.15767,1.12234
1479.75000,-0.18559,1.15785,1.15437
1479.80000,-0.18536,1.15839,1.18808
1479.85000,-0.18519,1.15882,1.22094
1479.90000,-0.18508,1.15912,1.25275
1479.95000,-0.18498,1.15940,1.28389
1480.00000,-0.18490,1.15963,1.31460
1480.05000,-0.18484,1.15983,1.34471
1480.10000,-0.18475,1.16021,1.37501
1480.15000,-0.18461,1.16098,1.40658
1480.20000,-0.18451,1.16172,1.43764
1480.25000,-0.18414,1.16399,1.46855
1480.30000,-0.18336,1.17219,1.49572
1480.35000,-0.18280,1.18150,1.52538
1480.40000,-0.18251,1.19076,1.55472
1480.45000,-0.18250,1.20005,1.58311
1480.50000,-0.18274,1.20936,1.61048
1480.55000,-0.18323,1.21869,1.63666
1480.60000,-0.18402,1.22865,1.66322
1480.65000,-0.18507,1.23859,1.68934
1480.70000,-0.18637,1.24849,1.71319
1480.75000,-0.18790,1.25835,1.73422
1480.80000,-0.18961,1.26819,1.75177
1480.85000,-0.19143,1.27808,1.76881
1480.90000,-0.19193,1.28376,1.78490
1480.95000,-0.19187,1.28586,1.78705
1481.00000,-0.19179,1.28695,1.77862
1481.05000,-0.19175,1.28667,1.76062
1481.10000,-0.19176,1.28660,1.74134
1481.15000,-0.19174,1.28634,1.72377
1481.20000,-0.19173,1.28611,1.70724
1481.25000,-0.19172,1.28603,1.69210
1481.30000,-0.19173,1.28608,1.67836
1481.35000,-0.19174,1.28612,1.66483
1481.40000,-0.19174,1.28611,1.65451
1481.45000,-0.19173,1.28604,1.64668
1481.50000,-0.19173,1.28606,1.64016
1481.55000,-0.19173,1.28610,1.63547
1481.60000,-0.19173,1.28611,1.63188
1481.65000,-0.19173,1.28613,1.63043
1481.70000,-0.19173,1.28616,1.63036
1481.75000,-0.19173,1.28619,1.63158
1481.80000,-0.19173,1.28626,1.63420
1481.85000,-0.19201,1.28813,1.63689
1481.90000,-0.19266,1.29491,1.63977
1481.95000,-0.19337,1.30430,1.64278
1482.00000,-0.19405,1.31379,1.64589
1482.05000,-0.19402,1.32126,1.64337
1482.10000,-0.19387,1.32848,1.63023
1482.15000,-0.19368,1.33537,1.60434
1482.20000,-0.19361,1.34057,1.56141
1482.25000,-0.19360,1.34398,1.50861
1482.30000,-0.19353,1.34533,1.44578
1482.35000,-0.19352,1.34541,1.37648
1482.40000,-0.19350,1.34550,1.30584
1482.45000,-0.19347,1.34558,1.23401
1482.50000,-0.19344,1.34567,1.16123
1482.55000,-0.19340,1.34575,1.08836
1482.60000,-0.19335,1.34584,1.01582
1482.65000,-0.19329,1.34593,0.94361
1482.70000,-0.19322,1.34602,0.87176
1482.75000,-0.19314,1.34610,0.80031
1482.80000,-0.19306,1.34619,0.72929
1482.85000,-0.19296,1.34627,0.65875
1482.90000,-0.19285,1.34635,0.58870
1482.95000,-0.19272,1.34642,0.51919
1483.00000,-0.19259,1.34649,0.45023
1483.05000,-0.19244,1.34656,0.38185
1483.10000,-0.19228,1.34662,0.31409
1483.15000,-0.19211,1.34666,0.24694
1483.20000,-0.19193,1.34670,0.18045
1483.25000,-0.19173,1.34673,0.11461
1483.30000,-0.19152,1.34675,0.04941
1483.35000,-0.19130,1.34676,-0.01515
1483.40000,-0.19108,1.34674,-0.07906
1483.45000,-0.19085,1.34672,-0.14232
1483.50000,-0.19063,1.34668,-0.20493
1483.55000,-0.19040,1.34663,-0.26687
1483.60000,-0.19018,1.34656,-0.32814
1483.65000,-0.18997,1.34648,-0.38874
1483.70000,-0.18975,1.34638,-0.44869
1483.75000,-0.18954,1.34627,-0.50801
1483.80000,-0.18933,1.34615,-0.56670
1483.85000,-0.18912,1.34600,-0.62473
1483.90000,-0.18891,1.34584,-0.68208
1483.95000,-0.18871,1.34567,-0.73872
1484.00000,-0.18851,1.34547,-0.79469
1484.05000,-0.18831,1.34526,-0.85002
1484.10000,-0.18812,1.34503,-0.90471
1484.15000,-0.18793,1.34478,-0.95876
1484.20000,-0.18775,1.34451,-1.01216
1484.25000,-0.18759,1.34423,-1.06488
1484.30000,-0.18744,1.34394,-1.11690
1484.35000,-0.18730,1.34364,-1.16817
1484.40000,-0.18718,1.34334,-1.21870
1484.45000,-0.18708,1.34304,-1.26846
1484.50000,-0.18699,1.34272,-1.31750
1484.55000,-0.18692,1.34241,-1.36588
1484.60000,-0.18686,1.34208,-1.41359
1484.65000,-0.18681,1.34176,-1.46062
1484.70000,-0.18678,1.34142,-1.50692
1484.75000,-0.18677,1.34108,-1.55250
1484.80000,-0.18677,1.34074,-1.59731
1484.85000,-0.18697,1.33846,-1.64142
1484.90000,-0.18763,1.33139,-1.68184
1484.95000,-0.18878,1.32285,-1.72496
1485.00000,-0.19036,1.31400,-1.77079
1485.05000,-0.19236,1.30516,-1.81616
1485.10000,-0.19478,1.29634,-1.86084
1485.15000,-0.19776,1.28709,-1.90309
1485.20000,-0.20107,1.27811,-1.94566
1485.25000,-0.20472,1.26937,-1.98840
1485.30000,-0.20884,1.26056,-2.03002
1485.35000,-0.21315,1.25232,-2.07314
1485.40000,-0.21794,1.24408,-2.11520
1485.45000,-0.22316,1.23589,-2.15654
1485.50000,-0.22885,1.22768,-2.19707
1485.55000,-0.23487,1.21970,-2.23801
1485.60000,-0.24122,1.21198,-2.27973
1485.65000,-0.24788,1.20454,-2.32257
1485.70000,-0.25480,1.19747,-2.36716
1485.75000,-0.26198,1.19079,-2.41355
1485.80000,-0.26921,1.18443,-2.45964
1485.85000,-0.27114,1.18304,-2.50587
1485.90000,-0.27122,1.18299,-2.55634
1485.95000,-0.27130,1.18293,-2.60500
1486.00000,-0.27315,1.18179,-2.65225
1486.05000,-0.27943,1.17862,-2.69450
1486.10000,-0.28774,1.17486,-2.73669
1486.15000,-0.29672,1.17125,-2.77797
1486.20000,-0.30601,1.16794,-2.81761
1486.25000,-0.31462,1.16526,-2.85977
1486.30000,-0.32368,1.16285,-2.90013
1486.35000,-0.33326,1.16070,-2.93834
1486.40000,-0.34262,1.15898,-2.97800
1486.45000,-0.35251,1.15754,-3.01621
1486.50000,-0.36246,1.15648,-3.05467
1486.55000,-0.37243,1.15580,-3.09345
1486.60000,-0.38243,1.15552,-3.13228
1486.65000,-0.39243,1.15561,3.11284
1486.70000,-0.40226,1.15607,3.07559
1486.75000,-0.41162,1.15687,3.03859
1486.80000,-0.42137,1.15805,3.00579
1486.85000,-0.43128,1.15939,2.97392
1486.90000,-0.43519,1.15953,2.94385
1486.95000,-0.43489,1.15947,2.92100
1487.00000,-0.43468,1.15943,2.90201
1487.05000,-0.43474,1.15945,2.88555
1487.10000,-0.43481,1.15947,2.87028
1487.15000,-0.43456,1.15943,2.85466
1487.20000,-0.43427,1.15934,2.83977
1487.25000,-0.43400,1.15928,2.82599
1487.30000,-0.43376,1.15922,2.81310
1487.35000,-0.43360,1.15919,2.80127
1487.40000,-0.43341,1.15913,2.79013
1487.45000,-0.43347,1.15915,2.78093
1487.50000,-0.43352,1.15917,2.77284
1487.55000,-0.43359,1.15920,2.76548
1487.60000,-0.43366,1.15923,2.75919
1487.65000,-0.43370,1.15926,2.75376
1487.70000,-0.43379,1.15929,2.74871
1487.75000,-0.43387,1.15933,2.74534
1487.80000,-0.43397,1.15937,2.74295
1487.85000,-0.43408,1.15941,2.74139
1487.90000,-0.43417,1.15945,2.74054
1487.95000,-0.43429,1.15950,2.74047
1488.00000,-0.43441,1.15955,2.74121
1488.05000,-0.43453,1.15960,2.74248
1488.10000,-0.43466,1.15964,2.74443
1488.15000,-0.43479,1.15970,2.74736
1488.20000,-0.43491,1.15975,2.75085
1488.25000,-0.43504,1.15980,2.75485
1488.30000,-0.43518,1.15985,2.75954
1488.35000,-0.43534,1.15991,2.76457
1488.40000,-0.43549,1.15996,2.76961
1488.45000,-0.43564,1.16003,2.77514
1488.50000,-0.43580,1.16009,2.78120
1488.55000,-0.43597,1.16015,2.78734
1488.60000,-0.43611,1.16020,2.79384
1488.65000,-0.43629,1.16026,2.80061
1488.70000,-0.43649,1.16033,2.80807
1488.75000,-0.43673,1.16041,2.81589
1488.80000,-0.43697,1.16049,2.82406
1488.85000,-0.43712,1.16054,2.83222
1488.90000,-0.43728,1.16058,2.84091
1488.95000,-0.43744,1.16063,2.85015
1489.00000,-0.43759,1.16068,2.86005
1489.05000,-0.43775,1.16072,2.87078
1489.10000,-0.43791,1.16076,2.88218
1489.15000,-0.43806,1.16080,2.89409
1489.20000,-0.43822,1.16084,2.90658
1489.25000,-0.43838,1.16088,2.91959
1489.30000,-0.43854,1.16092,2.93276
1489.35000,-0.43870,1.16095,2.94605
1489.40000,-0.43886,1.16098,2.95944
1489.45000,-0.43903,1.16101,2.97286
1489.50000,-0.43920,1.16104,2.98645
1489.55000,-0.43938,1.16106,3.00029
1489.60000,-0.43956,1.16109,3.01423
1489.65000,-0.43976,1.16111,3.02826
1489.70000,-0.43996,1.16113,3.04236
1489.75000,-0.44018,1.16115,3.05651
1489.80000,-0.44041,1.16117,3.07073
1489.85000,-0.44065,1.16119,3.08498
1489.90000,-0.44091,1.16120,3.09933
1489.95000,-0.44118,1.16121,3.11392
1490.00000,-0.44147,1.16122,3.12881
1490.05000,-0.44178,1.16122,-3.13920
1490.10000,-0.44212,1.16121,-3.12394
1490.15000,-0.44248,1.16121,-3.10865
1490.20000,-0.44287,1.16119,-3.09339
1490.25000,-0.44328,1.16117,-3.07813
1490.30000,-0.44370,1.16114,-3.06284
1490.35000,-0.44413,1.16110,-3.04749
1490.40000,-0.44455,1.16106,-3.03208
1490.45000,-0.44500,1.16100,-3.01654
1490.50000,-0.44560,1.16093,-3.00036
1490.55000,-0.44636,1.16082,-2.98355
1490.60000,-0.44720,1.16068,-2.96630
1490.65000,-0.44804,1.16053,-2.94906
1490.70000,-0.44889,1.16035,-2.93186
1490.75000,-0.44976,1.16016,-2.91472
1490.80000,-0.45063,1.15995,-2.89775
1490.85000,-0.45152,1.15972,-2.88101
1490.90000,-0.45242,1.15948,-2.86453
1490.95000,-0.45335,1.15920,-2.84830
1491.00000,-0.45429,1.15891,-2.83232
1491.05000,-0.45526,1.15859,-2.81658
1491.10000,-0.45625,1.15825,-2.80108
1491.15000,-0.45725,1.15789,-2.78577
1491.20000,-0.45826,1.15751,-2.77060
1491.25000,-0.45925,1.15711,-2.75551
1491.30000,-0.46024,1.15670,-2.74046
1491.35000,-0.46121,1.15628,-2.72539
1491.40000,-0.46218,1.15584,-2.71023
1491.45000,-0.46314,1.15539,-2.69497
1491.50000,-0.46411,1.15492,-2.67962
1491.55000,-0.46508,1.15443,-2.66426
1491.60000,-0.46607,1.15391,-2.64900
1491.65000,-0.46706,1.15336,-2.63394
1491.70000,-0.46807,1.15279,-2.61919
1491.75000,-0.46910,1.15219,-2.60483
1491.80000,-0.47200,1.15010,-2.59128
1491.85000,-0.48000,1.14498,-2.57890
1491.90000,-0.48870,1.13941,-2.56550
1491.95000,-0.49732,1.13374,-2.55198
1492.00000,-0.50588,1.12792,-2.53812
1492.05000,-0.51436,1.12199,-2.52402
1492.10000,-0.52276,1.11592,-2.50959
1492.15000,-0.53105,1.10978,-2.49503
1492.20000,-0.53925,1.10350,-2.48007
1492.25000,-0.54740,1.09705,-2.46440
1492.30000,-0.55545,1.09047,-2.44845
1492.35000,-0.56340,1.08376,-2.43223
1492.40000,-0.57124,1.07691,-2.41576
1492.45000,-0.57898,1.06993,-2.39909
1492.50000,-0.58660,1.06281,-2.38215
1492.55000,-0.59408,1.05567,-2.36493
1492.60000,-0.59709,1.05292,-2.34761
1492.65000,-0.59741,1.05261,-2.33075
1492.70000,-0.59764,1.05237,-2.31406
1492.75000,-0.59786,1.05213,-2.29760
1492.80000,-0.59963,1.05025,-2.28151
1492.85000,-0.60530,1.04381,-2.26613
1492.90000,-0.61165,1.03608,-2.24998
1492.95000,-0.61787,1.02825,-2.23341
1493.00000,-0.62395,1.02032,-2.21648
1493.05000,-0.62990,1.01228,-2.19941
1493.10000,-0.63571,1.00414,-2.18226
1493.15000,-0.64138,0.99590,-2.16522
1493.20000,-0.64691,0.98757,-2.14843
1493.25000,-0.65230,0.97915,-2.13199
1493.30000,-0.65756,0.97064,-2.11602
1493.35000,-0.66268,0.96205,-2.10048
1493.40000,-0.66766,0.95338,-2.08535
1493.45000,-0.67252,0.94464,-2.07047
1493.50000,-0.67725,0.93583,-2.05568
1493.55000,-0.68184,0.92695,-2.04110
1493.60000,-0.68621,0.91820,-2.02592
1493.65000,-0.69051,0.90925,-2.01160
1493.70000,-0.69460,0.90043,-1.99753
1493.75000,-0.69856,0.89158,-1.98528
1493.80000,-0.70255,0.88241,-1.97724
1493.85000,-0.70643,0.87340,-1.96974
1493.90000,-0.70893,0.86655,-1.96619
1493.95000,-0.71041,0.86281,-1.98462
1494.00000,-0.71101,0.86149,-2.02236
1494.05000,-0.71102,0.86147,-2.06576
1494.10000,-0.71103,0.86145,-2.10734
1494.15000,-0.71104,0.86143,-2.14698
1494.20000,-0.71105,0.86142,-2.18558
1494.25000,-0.71107,0.86140,-2.22384
1494.30000,-0.71108,0.86138,-2.26190
1494.35000,-0.71109,0.86137,-2.29974
1494.40000,-0.71111,0.86135,-2.33731
1494.45000,-0.71112,0.86134,-2.37461
1494.50000,-0.71114,0.86132,-2.41162
1494.55000,-0.71115,0.86131,-2.44831
1494.60000,-0.71117,0.86130,-2.48468
1494.65000,-0.71119,0.86128,-2.52055
1494.70000,-0.71120,0.86127,-2.55542
1494.75000,-0.71109,0.86137,-2.58979
1494.80000,-0.71107,0.86140,-2.62215
1494.85000,-0.71125,0.86133,-2.65339
1494.90000,-0.71128,0.86133,-2.68253
1494.95000,-0.71137,0.86128,-2.71088
1495.00000,-0.71141,0.86126,-2.73813
1495.05000,-0.71139,0.86129,-2.76505
1495.10000,-0.71143,0.86128,-2.79137
1495.15000,-0.71140,0.86131,-2.81723
1495.20000,-0.71120,0.86138,-2.84301
1495.25000,-0.71094,0.86147,-2.86812
1495.30000,-0.71070,0.86152,-2.89154
1495.35000,-0.71058,0.86154,-2.91262
1495.40000,-0.71040,0.86158,-2.93250
1495.45000,-0.71161,0.86087,-2.95285
1495.50000,-0.71842,0.85925,-2.97151
1495.55000,-0.72786,0.85773,-2.99012
1495.60000,-0.73701,0.85635,-3.00782
1495.65000,-0.74479,0.85569,-3.02508
1495.70000,-0.74778,0.85561,-3.03632
1495.75000,-0.75067,0.85529,-3.02599
1495.80000,-0.75364,0.85494,-2.99764
1495.85000,-0.75582,0.85462,-2.95367
1495.90000,-0.75592,0.85461,-2.90339
1495.95000,-0.75594,0.85460,-2.85510
1496.00000,-0.75597,0.85459,-2.80908
1496.05000,-0.75599,0.85458,-2.76458
1496.10000,-0.75602,0.85457,-2.72120
1496.15000,-0.75605,0.85456,-2.67876
1496.20000,-0.75608,0.85454,-2.63724
1496.25000,-0.75610,0.85453,-2.59645
1496.30000,-0.75613,0.85451,-2.55614
1496.35000,-0.75616,0.85449,-2.51610
1496.40000,-0.75619,0.85447,-2.47613
1496.45000,-0.75621,0.85445,-2.43605
1496.50000,-0.75624,0.85443,-2.39564
1496.55000,-0.75626,0.85440,-2.35477
1496.60000,-0.75629,0.85438,-2.31359
1496.65000,-0.75631,0.85435,-2.27198
1496.70000,-0.75633,0.85432,-2.22987
1496.75000,-0.75635,0.85430,-2.18747
1496.80000,-0.75637,0.85427,-2.14504
1496.85000,-0.75639,0.85423,-2.10259
1496.90000,-0.75641,0.85420,-2.06004
1496.95000,-0.75643,0.85416,-2.01698
1497.00000,-0.75645,0.85413,-1.97305
1497.05000,-0.75646,0.85409,-1.92830
1497.10000,-0.75648,0.85405,-1.88317
1497.15000,-0.75649,0.85401,-1.83854
1497.20000,-0.75650,0.85397,-1.79440
1497.25000,-0.75651,0.85393,-1.75071
1497.30000,-0.75651,0.85389,-1.70748
1497.35000,-0.75652,0.85385,-1.66483
1497.40000,-0.75652,0.85381,-1.62306
1497.45000,-0.75652,0.85377,-1.58246
1497.50000,-0.75652,0.85373,-1.54312
1497.55000,-0.75652,0.85369,-1.50504
1497.60000,-0.75652,0.85365,-1.46795
1497.65000,-0.75651,0.85361,-1.43139
1497.70000,-0.75651,0.85358,-1.39533
1497.75000,-0.75650,0.85354,-1.35983
1497.80000,-0.75649,0.85350,-1.32489
1497.85000,-0.75648,0.85346,-1.29045
1497.90000,-0.75647,0.85343,-1.25651
1497.95000,-0.75646,0.85339,-1.22258
1498.00000,-0.75644,0.85336,-1.18839
1498.05000,-0.75643,0.85332,-1.15407
1498.10000,-0.75641,0.85329,-1.11843
1498.15000,-0.75640,0.85326,-1.08124
1498.20000,-0.75638,0.85323,-1.04230
1498.25000,-0.75637,0.85320,-1.00178
1498.30000,-0.75635,0.85318,-0.96011
1498.35000,-0.75633,0.85315,-0.91771
1498.40000,-0.75631,0.85313,-0.87495
1498.45000,-0.75629,0.85310,-0.83216
1498.50000,-0.75627,0.85308,-0.78921
1498.55000,-0.75624,0.85306,-0.74608
1498.60000,-0.75622,0.85303,-0.70320
1498.65000,-0.75619,0.85301,-0.66054
1498.70000,-0.75617,0.85299,-0.61788
1498.75000,-0.75614,0.85297,-0.57533
1498.80000,-0.75611,0.85296,-0.53317
1498.85000,-0.75608,0.85294,-0.49153
1498.90000,-0.75605,0.85292,-0.44981
1498.95000,-0.75602,0.85291,-0.40688
1499.00000,-0.75599,0.85290,-0.36247
1499.05000,-0.75595,0.85289,-0.31738
1499.10000,-0.75592,0.85288,-0.27153
1499.15000,-0.75589,0.85287,-0.22494
1499.20000,-0.75586,0.85286,-0.17878
1499.25000,-0.75582,0.85286,-0.13289
1499.30000,-0.75579,0.85285,-0.08747
1499.35000,-0.75575,0.85285,-0.04182
1499.40000,-0.75571,0.85285,0.00495
1499.45000,-0.75568,0.85285,0.05310
1499.50000,-0.75564,0.85285,0.10266
1499.55000,-0.75560,0.85286,0.15351
1499.60000,-0.75556,0.85287,0.20521
1499.65000,-0.75552,0.85288,0.25709
1499.70000,-0.75548,0.85289,0.30849
1499.75000,-0.75543,0.85290,0.35920
1499.80000,-0.75539,0.85292,0.40933
1499.85000,-0.75536,0.85294,0.45870
1499.90000,-0.75532,0.85296,0.50743
1499.95000,-0.75528,0.85298,0.55565
1500.00000,-0.75524,0.85300,0.60327
1500.05000,-0.75520,0.85303,0.65111
1500.10000,-0.75516,0.85306,0.69961
1500.15000,-0.75513,0.85310,0.74877
1500.20000,-0.75509,0.85313,0.79841
1500.25000,-0.75505,0.85318,0.84827
1500.30000,-0.75501,0.85323,0.89814
1500.35000,-0.75497,0.85328,0.94788
1500.40000,-0.75493,0.85333,0.99741
1500.45000,-0.75489,0.85339,1.04646
1500.50000,-0.75486,0.85346,1.09480
1500.55000,-0.75483,0.85352,1.14224
1500.60000,-0.75480,0.85358,1.18879
1500.65000,-0.75397,0.85532,1.23403
1500.70000,-0.75164,0.86214,1.27391
1500.75000,-0.74904,0.87124,1.31545
1500.80000,-0.74668,0.88101,1.35765
1500.85000,-0.74476,0.89081,1.39772
1500.90000,-0.74323,0.90068,1.43541
1500.95000,-0.74205,0.91061,1.46994
1501.00000,-0.74120,0.92054,1.49942
1501.05000,-0.74050,0.93034,1.52861
1501.10000,-0.74048,0.93638,1.54881
1501.15000,-0.74049,0.94024,1.54895
1501.20000,-0.74048,0.94351,1.53854
1501.25000,-0.74046,0.94582,1.52116
1501.30000,-0.74045,0.94666,1.49601
1501.35000,-0.74044,0.94671,1.46636
1501.40000,-0.74044,0.94676,1.43607
1501.45000,-0.74043,0.94681,1.40548
1501.50000,-0.74042,0.94686,1.37462
1501.55000,-0.74041,0.94690,1.34380
1501.60000,-0.74040,0.94694,1.31361
1501.65000,-0.74040,0.94696,1.28497
1501.70000,-0.74039,0.94698,1.26020
1501.75000,-0.74039,0.94697,1.24275
1501.80000,-0.74029,0.94694,1.23754
1501.85000,-0.73942,0.94770,1.24496
1501.90000,-0.73750,0.95135,1.25446
1501.95000,-0.73528,0.95742,1.27076
1502.00000,-0.73272,0.96547,1.29547
1502.05000,-0.73014,0.97509,1.32628
1502.10000,-0.72787,0.98482,1.35669
1502.15000,-0.72616,0.99302,1.36714
1502.20000,-0.72497,0.99863,1.34873
1502.25000,-0.72425,1.00172,1.31742
1502.30000,-0.72404,1.00250,1.27579
1502.35000,-0.72403,1.00254,1.23031
1502.40000,-0.72402,1.00257,1.18388
1502.45000,-0.72401,1.00260,1.13585
1502.50000,-0.72400,1.00261,1.08328
1502.55000,-0.72398,1.00261,1.04031
1502.60000,-0.72396,1.00256,1.01598
1502.65000,-0.72392,1.00246,1.01027
1502.70000,-0.72400,1.00220,1.02222
1502.75000,-0.72406,1.00198,1.05065
1502.80000,-0.72404,1.00202,1.08523
1502.85000,-0.72401,1.00207,1.11916
1502.90000,-0.72399,1.00213,1.15239
1502.95000,-0.72396,1.00219,1.18494
1503.00000,-0.72393,1.00226,1.21682
1503.05000,-0.72391,1.00234,1.24807
1503.10000,-0.72388,1.00242,1.27873
1503.15000,-0.72385,1.00251,1.30874
1503.20000,-0.72383,1.00261,1.33810
1503.25000,-0.72380,1.00272,1.36683
1503.30000,-0.72378,1.00284,1.39496
1503.35000,-0.72376,1.00296,1.42251
1503.40000,-0.72325,1.00513,1.44925
1503.45000,-0.72235,1.01297,1.47443
1503.50000,-0.72151,1.02292,1.50030
1503.55000,-0.72094,1.03290,1.52587
1503.60000,-0.72061,1.04290,1.55108
1503.65000,-0.72054,1.05290,1.57594
1503.70000,-0.72071,1.06289,1.60045
1503.75000,-0.72113,1.07289,1.62462
1503.80000,-0.72179,1.08286,1.64850
1503.85000,-0.72269,1.09288,1.67233
1503.90000,-0.72382,1.10281,1.69565
1503.95000,-0.72518,1.11272,1.71874
1504.00000,-0.72676,1.12259,1.74163
1504.05000,-0.72858,1.13242,1.76436
1504.10000,-0.73058,1.14207,1.78752
1504.15000,-0.73288,1.15203,1.81197
1504.20000,-0.73540,1.16193,1.83626
1504.25000,-0.73803,1.17131,1.86125
1504.30000,-0.74083,1.18026,1.88645
1504.35000,-0.74385,1.18912,1.91185
1504.40000,-0.74709,1.19790,1.93768
1504.45000,-0.75066,1.20690,1.96393
1504.50000,-0.75447,1.21575,1.99236
1504.55000,-0.75865,1.22468,2.02215
1504.60000,-0.76333,1.23433,2.05359
1504.65000,-0.76530,1.24064,2.08686
1504.70000,-0.76551,1.24106,2.12646
1504.75000,-0.76552,1.24108,2.16662
1504.80000,-0.76554,1.24111,2.20123
1504.85000,-0.76692,1.24274,2.23444
1504.90000,-0.77252,1.24953,2.26255
1504.95000,-0.77876,1.25687,2.28928
1505.00000,-0.78499,1.26379,2.31745
1505.05000,-0.79135,1.27047,2.34786
1505.10000,-0.79789,1.27690,2.38072
1505.15000,-0.80446,1.28315,2.41350
1505.20000,-0.80616,1.28462,2.44658
1505.25000,-0.80629,1.28473,2.48544
1505.30000,-0.80633,1.28476,2.52293
1505.35000,-0.80636,1.28478,2.55882
1505.40000,-0.80640,1.28481,2.59368
1505.45000,-0.80644,1.28483,2.62795
1505.50000,-0.80648,1.28485,2.66205
1505.55000,-0.80652,1.28487,2.69602
1505.60000,-0.80656,1.28489,2.72977
1505.65000,-0.80848,1.28607,2.76214
1505.70000,-0.81570,1.28889,2.79173
1505.75000,-0.82388,1.29162,2.82170
1505.80000,-0.82583,1.29173,2.85510
1505.85000,-0.82588,1.29174,2.89293
1505.90000,-0.82594,1.29176,2.93037
1505.95000,-0.82600,1.29177,2.96732
1506.00000,-0.82606,1.29178,3.00354
1506.05000,-0.82788,1.29212,3.03896
1506.10000,-0.83358,1.29271,3.07433
1506.15000,-0.84280,1.29317,3.10894
1506.20000,-0.85280,1.29334,3.14036
1506.25000,-0.86279,1.29321,-3.11366
1506.30000,-0.87278,1.29279,-3.08712
1506.35000,-0.88278,1.29213,-3.06321
1506.40000,-0.89277,1.29124,-3.04264
1506.45000,-0.90273,1.29026,-3.02272
1506.50000,-0.90858,1.29006,-3.00291
1506.55000,-0.91018,1.29003,-2.98683
1506.60000,-0.91087,1.29002,-2.97593
1506.65000,-0.91116,1.28998,-2.96778
1506.70000,-0.91142,1.28994,-2.96048
1506.75000,-0.91167,1.28991,-2.95409
1506.80000,-0.91190,1.28988,-2.94840
1506.85000,-0.91212,1.28984,-2.94336
1506.90000,-0.91232,1.28980,-2.93895
1506.95000,-0.91252,1.28976,-2.93487
1507.00000,-0.91270,1.28972,-2.93110
1507.05000,-0.91288,1.28969,-2.92750
1507.10000,-0.91308,1.28966,-2.92399
1507.15000,-0.91328,1.28963,-2.92035
1507.20000,-0.91347,1.28959,-2.91637
1507.25000,-0.91368,1.28955,-2.91232
1507.30000,-0.91391,1.28950,-2.90767
1507.35000,-0.91416,1.28945,-2.90267
1507.40000,-0.91442,1.28940,-2.89708
1507.45000,-0.91470,1.28933,-2.89084
1507.50000,-0.91500,1.28927,-2.88403
1507.55000,-0.91531,1.28919,-2.87670
1507.60000,-0.91565,1.28911,-2.86896
1507.65000,-0.91600,1.28902,-2.86094
1507.70000,-0.91636,1.28892,-2.85254
1507.75000,-0.91673,1.28881,-2.84379
1507.80000,-0.91710,1.28870,-2.83474
1507.85000,-0.91748,1.28859,-2.82548
1507.90000,-0.91788,1.28846,-2.81604
1507.95000,-0.91827,1.28833,-2.80654
1508.00000,-0.92049,1.28706,-2.79687
1508.05000,-0.92859,1.28377,-2.78858
1508.10000,-0.93816,1.28021,-2.77949
1508.15000,-0.94756,1.27660,-2.77082
1508.20000,-0.95149,1.27591,-2.75938
1508.25000,-0.95172,1.27581,-2.75599
1508.30000,-0.95195,1.27572,-2.75344
1508.35000,-0.95218,1.27563,-2.75067
1508.40000,-0.95242,1.27554,-2.74785
1508.45000,-0.95266,1.27545,-2.74497
1508.50000,-0.95291,1.27536,-2.74204
1508.55000,-0.95316,1.27526,-2.73908
1508.60000,-0.95342,1.27516,-2.73608
1508.65000,-0.95368,1.27506,-2.73309
1508.70000,-0.95394,1.27496,-2.73011
1508.75000,-0.95420,1.27485,-2.72709
1508.80000,-0.95447,1.27475,-2.72413
1508.85000,-0.95474,1.27464,-2.72118
1508.90000,-0.95500,1.27453,-2.71825
1508.95000,-0.95527,1.27442,-2.71535
1509.00000,-0.95555,1.27431,-2.71246
1509.05000,-0.95582,1.27420,-2.70954
1509.10000,-0.95610,1.27408,-2.70668
1509.15000,-0.95638,1.27396,-2.70382
1509.20000,-0.95666,1.27384,-2.70092
1509.25000,-0.95695,1.27372,-2.69805
1509.30000,-0.95723,1.27359,-2.69516
1509.35000,-0.95752,1.27346,-2.69224
1509.40000,-0.95915,1.27200,-2.68912
1509.45000,-0.96579,1.26778,-2.68600
1509.50000,-0.97395,1.26335,-2.68317
1509.55000,-0.98236,1.25909,-2.68049
1509.60000,-0.98625,1.25812,-2.67755
1509.65000,-0.98638,1.25806,-2.67973
1509.70000,-0.98651,1.25801,-2.68272
1509.75000,-0.98664,1.25795,-2.68559
1509.80000,-0.98677,1.25791,-2.68849
1509.85000,-0.98690,1.25786,-2.69135
1509.90000,-0.98704,1.25781,-2.69409
1509.95000,-0.98718,1.25775,-2.69682
1510.00000,-0.98732,1.25770,-2.69955
1510.05000,-0.98747,1.25765,-2.70226
1510.10000,-0.98761,1.25759,-2.70491
1510.15000,-0.98777,1.25752,-2.70753
1510.20000,-0.98792,1.25746,-2.71013
1510.25000,-0.98807,1.25739,-2.71275
1510.30000,-0.98822,1.25732,-2.71535
1510.35000,-0.98837,1.25725,-2.71794
1510.40000,-0.98853,1.25719,-2.72053
1510.45000,-0.98868,1.25712,-2.72312
1510.50000,-0.98884,1.25705,-2.72572
1510.55000,-0.99027,1.25588,-2.72759
1510.60000,-0.99632,1.25214,-2.72884
1510.65000,-1.00541,1.24818,-2.73183
1510.70000,-1.01452,1.24422,-2.73482
1510.75000,-1.01916,1.24341,-2.73659
1510.80000,-1.01965,1.24349,-2.74293
1510.85000,-1.01962,1.24350,-2.75208
1510.90000,-1.01957,1.24352,-2.76132
1510.95000,-1.01954,1.24353,-2.77046
1511.00000,-1.01950,1.24355,-2.77953
1511.05000,-1.01946,1.24356,-2.78852
1511.10000,-1.01943,1.24357,-2.79744
1511.15000,-1.01940,1.24358,-2.80629
1511.20000,-1.01938,1.24359,-2.81507
1511.25000,-1.01935,1.24360,-2.82378
1511.30000,-1.01933,1.24361,-2.83243
1511.35000,-1.01930,1.24361,-2.84102
1511.40000,-1.01928,1.24362,-2.84955
1511.45000,-1.01927,1.24362,-2.85803
1511.50000,-1.01925,1.24363,-2.86645
1511.55000,-1.01923,1.24363,-2.87481
1511.60000,-1.01922,1.24364,-2.88310
1511.65000,-1.01921,1.24364,-2.89122
1511.70000,-1.02053,1.24278,-2.89861
1511.75000,-1.02734,1.24051,-2.90577
1511.80000,-1.03689,1.23826,-2.91350
1511.85000,-1.04654,1.23604,-2.92118
1511.90000,-1.05120,1.23564,-2.92866
1511.95000,-1.05125,1.23566,-2.94152
1512.00000,-1.05107,1.23570,-2.95650
1512.05000,-1.05088,1.23573,-2.97193
1512.10000,-1.05067,1.23577,-2.98742
1512.15000,-1.05050,1.23579,-3.00335
1512.20000,-1.05034,1.23580,-3.01951
1512.25000,-1.05013,1.23582,-3.03595
1512.30000,-1.04987,1.23585,-3.05248
1512.35000,-1.04964,1.23586,-3.06925
1512.40000,-1.04939,1.23588,-3.08637
1512.45000,-1.04910,1.23589,-3.10397
1512.50000,-1.04894,1.23589,-3.12282
1512.55000,-1.04877,1.23588,3.14116
1512.60000,-1.04855,1.23588,3.12188
1512.65000,-1.04841,1.23588,3.10169
1512.70000,-1.04815,1.23587,3.08146
1512.75000,-1.04784,1.23586,3.06096
1512.80000,-1.04753,1.23585,3.04037
1512.85000,-1.04722,1.23584,3.01995
1512.90000,-1.04691,1.23581,3.00007
1512.95000,-1.04663,1.23578,2.98103
1513.00000,-1.04632,1.23573,2.96299
1513.05000,-1.04599,1.23567,2.94508
1513.10000,-1.04566,1.23560,2.92697
1513.15000,-1.04532,1.23552,2.90862
1513.20000,-1.04498,1.23544,2.89002
1513.25000,-1.04464,1.23534,2.87125
1513.30000,-1.04429,1.23525,2.85237
1513.35000,-1.04394,1.23514,2.83344
1513.40000,-1.04360,1.23503,2.81450
1513.45000,-1.04326,1.23491,2.79568
1513.50000,-1.04293,1.23478,2.77700
1513.55000,-1.04260,1.23466,2.75875
1513.60000,-1.04436,1.23587,2.74033
1513.65000,-1.05196,1.23944,2.72459
1513.70000,-1.06084,1.24345,2.71085
1513.75000,-1.06976,1.24761,2.69869
1513.80000,-1.07861,1.25187,2.68852
1513.85000,-1.08743,1.25621,2.67844
1513.90000,-1.09621,1.26065,2.66867
1513.95000,-1.10492,1.26515,2.65935
1514.00000,-1.11359,1.26974,2.65035
1514.05000,-1.12226,1.27443,2.64188
1514.10000,-1.13092,1.27919,2.63438
1514.15000,-1.13954,1.28401,2.62830
1514.20000,-1.14818,1.28890,2.62512
1514.25000,-1.15687,1.29383,2.62638
1514.30000,-1.16562,1.29878,2.62833
1514.35000,-1.17261,1.30212,2.62954
1514.40000,-1.17630,1.30357,2.63343
1514.45000,-1.17756,1.30417,2.65495
1514.50000,-1.17826,1.30454,2.68299
1514.55000,-1.17900,1.30488,2.71222
1514.60000,-1.17977,1.30521,2.74185
1514.65000,-1.18055,1.30551,2.77154
1514.70000,-1.18132,1.30578,2.80114
1514.75000,-1.18208,1.30603,2.83049
1514.80000,-1.18288,1.30626,2.86000
1514.85000,-1.18370,1.30648,2.88963
1514.90000,-1.18451,1.30666,2.91957
1514.95000,-1.18527,1.30681,2.94962
1515.00000,-1.18608,1.30693,2.98087
1515.05000,-1.18697,1.30705,3.01232
1515.10000,-1.18790,1.30713,3.04467
1515.15000,-1.18883,1.30719,3.07738
1515.20000,-1.18973,1.30721,3.11024
1515.25000,-1.19032,1.30721,-3.14155
1515.30000,-1.19081,1.30721,-3.11054
1515.35000,-1.19125,1.30719,-3.08002
1515.40000,-1.19220,1.30711,-3.04750
1515.45000,-1.19329,1.30699,-3.01457
1515.50000,-1.19437,1.30683,-2.98193
1515.55000,-1.19515,1.30678,-2.94990
1515.60000,-1.19564,1.30673,-2.91908
1515.65000,-1.19606,1.30664,-2.88982
1515.70000,-1.19689,1.30644,-2.85901
1515.75000,-1.19765,1.30628,-2.82774
1515.80000,-1.19804,1.30617,-2.79756
1515.85000,-1.19889,1.30588,-2.76671
1515.90000,-1.19957,1.30562,-2.73647
1515.95000,-1.20063,1.30518,-2.70505
1516.00000,-1.20174,1.30467,-2.67341
1516.05000,-1.20247,1.30432,-2.64390
1516.10000,-1.20296,1.30404,-2.61574
1516.15000,-1.20345,1.30375,-2.58792
1516.20000,-1.20393,1.30344,-2.56039
1516.25000,-1.20441,1.30311,-2.53317
1516.30000,-1.20488,1.30278,-2.50626
1516.35000,-1.20535,1.30242,-2.47967
1516.40000,-1.20582,1.30205,-2.45336
1516.45000,-1.20630,1.30164,-2.42727
1516.50000,-1.20680,1.30120,-2.40139
1516.55000,-1.20731,1.30072,-2.37571
1516.60000,-1.20785,1.30019,-2.35025
1516.65000,-1.20840,1.29961,-2.32502
1516.70000,-1.20896,1.29900,-2.30006
1516.75000,-1.20952,1.29836,-2.27543
1516.80000,-1.21006,1.29770,-2.25118
1516.85000,-1.21059,1.29704,-2.22729
1516.90000,-1.21277,1.29427,-2.20459
1516.95000,-1.21817,1.28678,-2.18411
1517.00000,-1.22383,1.27854,-2.16131
1517.05000,-1.22930,1.27017,-2.13884
1517.10000,-1.23459,1.26168,-2.11669
1517.15000,-1.23969,1.25308,-2.09489
1517.20000,-1.24452,1.24451,-2.07276
1517.25000,-1.24895,1.23621,-2.04932
1517.30000,-1.25319,1.22779,-2.02633
1517.35000,-1.25725,1.21927,-2.00389
1517.40000,-1.26117,1.21060,-1.98225
1517.45000,-1.26508,1.20136,-1.96159
1517.50000,-1.26888,1.19185,-1.94124
1517.55000,-1.27248,1.18229,-1.92152
1517.60000,-1.27593,1.17255,-1.90136
1517.65000,-1.27917,1.16274,-1.88168
1517.70000,-1.28225,1.15282,-1.86275
1517.75000,-1.28516,1.14278,-1.84419
1517.80000,-1.28789,1.13269,-1.82593
1517.85000,-1.29039,1.12269,-1.80759
1517.90000,-1.29272,1.11260,-1.78981
1517.95000,-1.29486,1.10258,-1.77249
1518.00000,-1.29681,1.09256,-1.75519
1518.05000,-1.29859,1.08252,-1.73867
1518.10000,-1.30020,1.07253,-1.72331
1518.15000,-1.30165,1.06256,-1.70890
1518.20000,-1.30296,1.05267,-1.69609
1518.25000,-1.30414,1.04271,-1.68512
1518.30000,-1.30524,1.03269,-1.67492
1518.35000,-1.30623,1.02280,-1.66671
1518.40000,-1.30717,1.01303,-1.65891
1518.45000,-1.30733,1.00760,-1.65218
1518.50000,-1.30734,1.00660,-1.65370
1518.55000,-1.30734,1.00662,-1.65744
1518.60000,-1.30734,1.00662,-1.65439
1518.65000,-1.30767,1.00470,-1.64887
1518.70000,-1.30837,0.99714,-1.64327
1518.75000,-1.30904,0.98755,-1.63454
1518.80000,-1.30963,0.97764,-1.62660
1518.85000,-1.31017,0.96785,-1.61871
1518.90000,-1.31030,0.96130,-1.61689
1518.95000,-1.31029,0.95687,-1.64040
1519.00000,-1.31036,0.95358,-1.68472
1519.05000,-1.31051,0.95197,-1.74074
1519.10000,-1.31053,0.95190,-1.80357
1519.15000,-1.31053,0.95187,-1.86675
1519.20000,-1.31054,0.95186,-1.92972
1519.25000,-1.31054,0.95185,-1.99227
1519.30000,-1.31057,0.95184,-2.04406
1519.35000,-1.31140,0.95077,-2.07131
1519.40000,-1.31330,0.94757,-2.07918
1519.45000,-1.31411,0.94591,-2.07150
1519.50000,-1.31429,0.94550,-2.05586
1519.55000,-1.31444,0.94519,-2.03891
1519.60000,-1.31460,0.94484,-2.02237
1519.65000,-1.31478,0.94445,-2.00586
1519.70000,-1.31496,0.94405,-1.98940
1519.75000,-1.31513,0.94365,-1.97298
1519.80000,-1.31529,0.94325,-1.95665
1519.85000,-1.31540,0.94292,-1.94056
1519.90000,-1.31549,0.94262,-1.92455
1519.95000,-1.31677,0.94006,-1.91010
1520.00000,-1.31973,0.93231,-1.89665
1520.05000,-1.32274,0.92317,-1.88125
1520.10000,-1.32568,0.91401,-1.86584
1520.15000,-1.32620,0.90907,-1.85309
1520.20000,-1.32630,0.90840,-1.83394
1520.25000,-1.32642,0.90786,-1.81070
1520.30000,-1.32650,0.90748,-1.78898
1520.35000,-1.32660,0.90698,-1.76686
1520.40000,-1.32670,0.90640,-1.74437
1520.45000,-1.32680,0.90581,-1.72179
1520.50000,-1.32687,0.90522,-1.69905
1520.55000,-1.32686,0.90509,-1.67655
1520.60000,-1.32688,0.90482,-1.65425
1520.65000,-1.32690,0.90438,-1.63296
1520.70000,-1.32690,0.90415,-1.61338
1520.75000,-1.32702,0.90229,-1.59328
1520.80000,-1.32713,0.89494,-1.57327
1520.85000,-1.32707,0.88539,-1.55559
1520.90000,-1.32683,0.87587,-1.53608
1520.95000,-1.32650,0.86637,-1.51637
1521.00000,-1.32643,0.86197,-1.49663
1521.05000,-1.32640,0.86141,-1.46312
1521.10000,-1.32638,0.86130,-1.42267
1521.15000,-1.32637,0.86127,-1.38397
1521.20000,-1.32637,0.86124,-1.34588
1521.25000,-1.32636,0.86122,-1.30825
1521.30000,-1.32635,0.86119,-1.27106
1521.35000,-1.32635,0.86116,-1.23430
1521.40000,-1.32634,0.86114,-1.19804
1521.45000,-1.32620,0.86078,-1.16160
1521.50000,-1.32590,0.86003,-1.12497
1521.55000,-1.32554,0.85925,-1.08966
1521.60000,-1.32547,0.85903,-1.05732
1521.65000,-1.32509,0.85835,-1.02522
1521.70000,-1.32476,0.85778,-0.99613
1521.75000,-1.32292,0.85526,-0.96976
1521.80000,-1.31746,0.84754,-0.94781
1521.85000,-1.31116,0.83899,-0.92230
1521.90000,-1.30476,0.83058,-0.89657
1521.95000,-1.30166,0.82621,-0.86849
1522.00000,-1.30144,0.82596,-0.82436
1522.05000,-1.30140,0.82592,-0.77379
1522.10000,-1.30137,0.82589,-0.72348
1522.15000,-1.30133,0.82586,-0.67370
1522.20000,-1.30130,0.82583,-0.62442
1522.25000,-1.30126,0.82581,-0.57566
1522.30000,-1.30122,0.82578,-0.52741
1522.35000,-1.30118,0.82576,-0.47962
1522.40000,-1.30113,0.82574,-0.43232
1522.45000,-1.30109,0.82572,-0.38562
1522.50000,-1.30104,0.82570,-0.33972
1522.55000,-1.30099,0.82568,-0.29476
1522.60000,-1.30094,0.82567,-0.25091
1522.65000,-1.30089,0.82566,-0.20833
1522.70000,-1.30083,0.82565,-0.16708
1522.75000,-1.30078,0.82564,-0.12709
1522.80000,-1.30073,0.82563,-0.08817
1522.85000,-1.30067,0.82563,-0.05016
1522.90000,-1.30061,0.82563,-0.01291
1522.95000,-1.30056,0.82563,0.02369
1523.00000,-1.30050,0.82563,0.05967
1523.05000,-1.30044,0.82564,0.09502
1523.10000,-1.29838,0.82606,0.12992
1523.15000,-1.29104,0.82729,0.16214
1523.20000,-1.28129,0.82905,0.19584
1523.25000,-1.27151,0.83116,0.22960
1523.30000,-1.26182,0.83360,0.26295
1523.35000,-1.25220,0.83636,0.29565
1523.40000,-1.24269,0.83942,0.32748
1523.45000,-1.23327,0.84278,0.35828
1523.50000,-1.22396,0.84643,0.38795
1523.55000,-1.21476,0.85034,0.41654
1523.60000,-1.20567,0.85451,0.44391
1523.65000,-1.19670,0.85892,0.46990
1523.70000,-1.18784,0.86356,0.49439
1523.75000,-1.17905,0.86841,0.51741
1523.80000,-1.17036,0.87346,0.53849
1523.85000,-1.16178,0.87868,0.55721
1523.90000,-1.15328,0.88397,0.57560
1523.95000,-1.14957,0.88532,0.59361
1524.00000,-1.14925,0.88552,0.60623
1524.05000,-1.14893,0.88572,0.61829
1524.10000,-1.14862,0.88592,0.63015
1524.15000,-1.14831,0.88613,0.64208
1524.20000,-1.14800,0.88634,0.65437
1524.25000,-1.14768,0.88657,0.66737
1524.30000,-1.14734,0.88682,0.68138
1524.35000,-1.14715,0.88696,0.69592
1524.40000,-1.14561,0.88843,0.70998
1524.45000,-1.13895,0.89425,0.72393
1524.50000,-1.13152,0.90094,0.74175
1524.55000,-1.12420,0.90776,0.75849
1524.60000,-1.11700,0.91469,0.77346
1524.65000,-1.10983,0.92168,0.78832
1524.70000,-1.10676,0.92460,0.80239
1524.75000,-1.10663,0.92473,0.81030
1524.80000,-1.10647,0.92489,0.81669
1524.85000,-1.10630,0.92507,0.82262
1524.90000,-1.10614,0.92524,0.82830
1524.95000,-1.10600,0.92539,0.83346
1525.00000,-1.10586,0.92554,0.83847
1525.05000,-1.10572,0.92568,0.84368
1525.10000,-1.10559,0.92583,0.84942
1525.15000,-1.10542,0.92602,0.85640
1525.20000,-1.10523,0.92624,0.86488
1525.25000,-1.10500,0.92651,0.87527
1525.30000,-1.10334,0.92825,0.88487
1525.35000,-1.09775,0.93454,0.89543
1525.40000,-1.09147,0.94247,0.90816
1525.45000,-1.08524,0.95054,0.91985
1525.50000,-1.07910,0.95863,0.93134
1525.55000,-1.07664,0.96291,0.94114
1525.60000,-1.07652,0.96306,0.94398
1525.65000,-1.07646,0.96314,0.94415
1525.70000,-1.07639,0.96323,0.94430
1525.75000,-1.07633,0.96332,0.94444
1525.80000,-1.07627,0.96341,0.94459
1525.85000,-1.07620,0.96349,0.94473
1525.90000,-1.07613,0.96357,0.94531
1525.95000,-1.07606,0.96368,0.94718
1526.00000,-1.07595,0.96382,0.95082
1526.05000,-1.07584,0.96398,0.95636
1526.10000,-1.07452,0.96530,0.96123
1526.15000,-1.06954,0.97151,0.96721
1526.20000,-1.06377,0.97997,0.97727
1526.25000,-1.05810,0.98845,0.98607
1526.30000,-1.05253,0.99692,0.99260
1526.35000,-1.04696,1.00542,0.99883
1526.40000,-1.04544,1.00922,1.00165
1526.45000,-1.04542,1.00926,0.99963
1526.50000,-1.04539,1.00930,0.99585
1526.55000,-1.04538,1.00929,0.99179
1526.60000,-1.04538,1.00929,0.98755
1526.65000,-1.04537,1.00928,0.98340
1526.70000,-1.04536,1.00929,0.98061
1526.75000,-1.04531,1.00935,0.97977
1526.80000,-1.04523,1.00946,0.98107
1526.85000,-1.04395,1.01086,0.98136
1526.90000,-1.03948,1.01587,0.98124
1526.95000,-1.03386,1.02431,0.98760
1527.00000,-1.02828,1.03282,0.99467
1527.05000,-1.02277,1.04138,1.00138
1527.10000,-1.01734,1.04991,1.00756
1527.15000,-1.01197,1.05847,1.01295
1527.20000,-1.00663,1.06706,1.01769
1527.25000,-1.00135,1.07565,1.02210
1527.30000,-0.99611,1.08424,1.02524
1527.35000,-0.99091,1.09282,1.02755
1527.40000,-0.98574,1.10138,1.02989
1527.45000,-0.98161,1.10890,1.03125
1527.50000,-0.98132,1.11029,1.03117
1527.55000,-0.98130,1.11033,1.02826
1527.60000,-0.98127,1.11037,1.02485
1527.65000,-0.98124,1.11041,1.02144
1527.70000,-0.98120,1.11048,1.01826
1527.75000,-0.98115,1.11056,1.01529
1527.80000,-0.98112,1.11061,1.01320
1527.85000,-0.98106,1.11070,1.01138
1527.90000,-0.98102,1.11077,1.01022
1527.95000,-0.97946,1.11248,1.00822
1528.00000,-0.97466,1.11814,1.00551
1528.05000,-0.96932,1.12638,1.00413
1528.10000,-0.96397,1.13478,1.00270
1528.15000,-0.96230,1.13890,0.99922
1528.20000,-0.96228,1.13893,0.99266
1528.25000,-0.96224,1.13898,0.98449
1528.30000,-0.96222,1.13901,0.97722
1528.35000,-0.96222,1.13901,0.97145
1528.40000,-0.96220,1.13904,0.96699
1528.45000,-0.96050,1.14073,0.96221
1528.50000,-0.95533,1.14711,0.95793
1528.55000,-0.94958,1.15527,0.95604
1528.60000,-0.94382,1.16342,0.95384
1528.65000,-0.93804,1.17154,0.95092
1528.70000,-0.93226,1.17961,0.94725
1528.75000,-0.92647,1.18767,0.94350
1528.80000,-0.92473,1.19130,0.93872
1528.85000,-0.92471,1.19131,0.93195
1528.90000,-0.92463,1.19141,0.92460
1528.95000,-0.92452,1.19157,0.91772
1529.00000,-0.92442,1.19172,0.91079
1529.05000,-0.92435,1.19180,0.90364
1529.10000,-0.92432,1.19183,0.89648
1529.15000,-0.92429,1.19187,0.88992
1529.20000,-0.92429,1.19187,0.88253
1529.25000,-0.92426,1.19190,0.87551
1529.30000,-0.92295,1.19320,0.86851
1529.35000,-0.91737,1.19929,0.86226
1529.40000,-0.91087,1.20685,0.85908
1529.45000,-0.90432,1.21443,0.85705
1529.50000,-0.89775,1.22201,0.85539
1529.55000,-0.89119,1.22954,0.85323
1529.60000,-0.88456,1.23711,0.85031
1529.65000,-0.87794,1.24463,0.84612
1529.70000,-0.87135,1.25202,0.83957
1529.75000,-0.86485,1.25938,0.83268
1529.80000,-0.86252,1.26218,0.82501
1529.85000,-0.86257,1.26209,0.80019
1529.90000,-0.86259,1.26206,0.77088
1529.95000,-0.86288,1.26176,0.74158
1530.00000,-0.86315,1.26150,0.71523
1530.05000,-0.86333,1.26133,0.69407
1530.10000,-0.86353,1.26117,0.68004
1530.15000,-0.86184,1.26284,0.66692
1530.20000,-0.85626,1.26730,0.66142
1530.25000,-0.84933,1.27269,0.66300
1530.30000,-0.84401,1.27681,0.67114
1530.35000,-0.84227,1.27815,0.68432
1530.40000,-0.84114,1.27909,0.67849
1530.45000,-0.83994,1.28013,0.65673
1530.50000,-0.83874,1.28124,0.61231
1530.55000,-0.83804,1.28173,0.54781
1530.60000,-0.83801,1.28174,0.47597
1530.65000,-0.83799,1.28176,0.40139
1530.70000,-0.83796,1.28177,0.32410
1530.75000,-0.83792,1.28178,0.24443
1530.80000,-0.83789,1.28178,0.16278
1530.85000,-0.83785,1.28179,0.07951
1530.90000,-0.83782,1.28179,-0.00505
1530.95000,-0.83778,1.28179,-0.09055
1531.00000,-0.83774,1.28178,-0.17678
1531.05000,-0.83769,1.28177,-0.26354
1531.10000,-0.83765,1.28176,-0.35064
1531.15000,-0.83761,1.28174,-0.43786
1531.20000,-0.83756,1.28172,-0.52487
1531.25000,-0.83752,1.28169,-0.61138
1531.30000,-0.83748,1.28166,-0.69705
1531.35000,-0.83745,1.28163,-0.78190
1531.40000,-0.83742,1.28159,-0.86597
1531.45000,-0.83739,1.28155,-0.94923
1531.50000,-0.83736,1.28151,-1.03168
1531.55000,-0.83734,1.28147,-1.11333
1531.60000,-0.83732,1.28143,-1.19421
1531.65000,-0.83730,1.28138,-1.27429
1531.70000,-0.83729,1.28134,-1.35360
1531.75000,-0.83728,1.28129,-1.43217
1531.80000,-0.83728,1.28124,-1.51000
1531.85000,-0.83728,1.28119,-1.58714
1531.90000,-0.83728,1.28115,-1.66354
1531.95000,-0.83729,1.28110,-1.73934
1532.00000,-0.83730,1.28105,-1.81466
1532.05000,-0.83731,1.28100,-1.88955
1532.10000,-0.83733,1.28095,-1.96391
1532.15000,-0.83735,1.28090,-2.03763
1532.20000,-0.83738,1.28085,-2.11066
1532.25000,-0.83741,1.28080,-2.18296
1532.30000,-0.83745,1.28075,-2.25457
1532.35000,-0.83749,1.28070,-2.32545
1532.40000,-0.83754,1.28066,-2.39565
1532.45000,-0.83758,1.28062,-2.46517
1532.50000,-0.83763,1.28058,-2.53394
1532.55000,-0.83769,1.28054,-2.60175
1532.60000,-0.83774,1.28051,-2.66847
1532.65000,-0.83780,1.28049,-2.73408
1532.70000,-0.83786,1.28046,-2.79857
1532.75000,-0.83792,1.28044,-2.86191
1532.80000,-0.83798,1.28043,-2.92411
1532.85000,-0.83804,1.28042,-2.98518
1532.90000,-0.83810,1.28041,-3.04513
1532.95000,-0.83817,1.28041,-3.10400
1533.00000,-0.83823,1.28040,3.12110
1533.05000,-0.83830,1.28041,3.06361
1533.10000,-0.84026,1.28075,3.00769
1533.15000,-0.84644,1.28177,2.95732
1533.20000,-0.85467,1.28352,2.90820
1533.25000,-0.86344,1.28584,2.85695
1533.30000,-0.87254,1.28877,2.80426
1533.35000,-0.88183,1.29231,2.75088
1533.40000,-0.89097,1.29636,2.69838
1533.45000,-0.89989,1.30088,2.64727
1533.50000,-0.90857,1.30583,2.59778
1533.55000,-0.91700,1.31120,2.55022
1533.60000,-0.92517,1.31696,2.50483
1533.65000,-0.93308,1.32307,2.46168
1533.70000,-0.94072,1.32951,2.42088
1533.75000,-0.94822,1.33608,2.38036
1533.80000,-0.94977,1.33697,2.34272
1533.85000,-0.94981,1.33701,2.31163
1533.90000,-0.94984,1.33706,2.28179
1533.95000,-0.94988,1.33710,2.25283
1534.00000,-0.94992,1.33715,2.22473
1534.05000,-0.94995,1.33720,2.19750
1534.10000,-0.94999,1.33725,2.17118
1534.15000,-0.95003,1.33730,2.14577
1534.20000,-0.95006,1.33735,2.12121
1534.25000,-0.95009,1.33741,2.09729
1534.30000,-0.95012,1.33746,2.07369
1534.35000,-0.95015,1.33752,2.05035
1534.40000,-0.95018,1.33757,2.02748
1534.45000,-0.95021,1.33763,2.00521
1534.50000,-0.95023,1.33768,1.98375
1534.55000,-0.95025,1.33774,1.96326
1534.60000,-0.95028,1.33779,1.94373
1534.65000,-0.95030,1.33785,1.92515
1534.70000,-0.95032,1.33791,1.90743
1534.75000,-0.95034,1.33796,1.89043
1534.80000,-0.95036,1.33802,1.87378
1534.85000,-0.95037,1.33808,1.85727
1534.90000,-0.95039,1.33813,1.84100
1534.95000,-0.95040,1.33819,1.82510
1535.00000,-0.95042,1.33824,1.80975
1535.05000,-0.95043,1.33830,1.79518
1535.10000,-0.95044,1.33836,1.78148
1535.15000,-0.95046,1.33841,1.76856
1535.20000,-0.95047,1.33847,1.75647
1535.25000,-0.95048,1.33853,1.74513
1535.30000,-0.95049,1.33858,1.73445
1535.35000,-0.95049,1.33863,1.72445
1535.40000,-0.95050,1.33869,1.71536
1535.45000,-0.95051,1.33874,1.70696
1535.50000,-0.95052,1.33880,1.69937
1535.55000,-0.95053,1.33886,1.69242
1535.60000,-0.95053,1.33892,1.68606
1535.65000,-0.95054,1.33898,1.68051
1535.70000,-0.95055,1.33903,1.67588
1535.75000,-0.95055,1.33909,1.67197
1535.80000,-0.95056,1.33915,1.66877
1535.85000,-0.95056,1.33920,1.66627
1535.90000,-0.95057,1.33926,1.66444
1535.95000,-0.95057,1.33931,1.66327
1536.00000,-0.95058,1.33937,1.66271
1536.05000,-0.95058,1.33943,1.66276
1536.10000,-0.95059,1.33949,1.66339
1536.15000,-0.95059,1.33954,1.66446
1536.20000,-0.95060,1.33960,1.66572
1536.25000,-0.95061,1.33966,1.66727
1536.30000,-0.95061,1.33971,1.66912
1536.35000,-0.95062,1.33977,1.67150
1536.40000,-0.95062,1.33982,1.67470
1536.45000,-0.95063,1.33988,1.67858
1536.50000,-0.95063,1.33993,1.68299
1536.55000,-0.95064,1.33999,1.68788
1536.60000,-0.95065,1.34004,1.69327
1536.65000,-0.95065,1.34010,1.69902
1536.70000,-0.95066,1.34015,1.70503
1536.75000,-0.95067,1.34020,1.71157
1536.80000,-0.95068,1.34026,1.71879
1536.85000,-0.95068,1.34031,1.72650
1536.90000,-0.95069,1.34036,1.73465
1536.95000,-0.95070,1.34042,1.74321
1537.00000,-0.95071,1.34047,1.75212
1537.05000,-0.95072,1.34052,1.76148
1537.10000,-0.95073,1.34057,1.77148
1537.15000,-0.95074,1.34063,1.78212
1537.20000,-0.95075,1.34068,1.79324
1537.25000,-0.95077,1.34073,1.80501
1537.30000,-0.95078,1.34078,1.81777
1537.35000,-0.95079,1.34083,1.83166
1537.40000,-0.95080,1.34088,1.84675
1537.45000,-0.95082,1.34093,1.86286
1537.50000,-0.95083,1.34098,1.87963
1537.55000,-0.95085,1.34103,1.89709
1537.60000,-0.95087,1.34108,1.91504
1537.65000,-0.95089,1.34113,1.93363
1537.70000,-0.95091,1.34118,1.95288
1537.75000,-0.95093,1.34122,1.97326
1537.80000,-0.95096,1.34129,1.99537
1537.85000,-0.95101,1.34141,2.01984
1537.90000,-0.95104,1.34146,2.04622
1537.95000,-0.95107,1.34151,2.07445
1538.00000,-0.95110,1.34157,2.10389
1538.05000,-0.95113,1.34162,2.13450
1538.10000,-0.95117,1.34168,2.16614
1538.15000,-0.95121,1.34174,2.19842
1538.20000,-0.95125,1.34179,2.23089
1538.25000,-0.95129,1.34185,2.26337
1538.30000,-0.95134,1.34190,2.29583
1538.35000,-0.95138,1.34195,2.32824
1538.40000,-0.95143,1.34200,2.36066
1538.45000,-0.95148,1.34205,2.39320
1538.50000,-0.95154,1.34210,2.42595
1538.55000,-0.95159,1.34214,2.45885
1538.60000,-0.95165,1.34219,2.49171
1538.65000,-0.95171,1.34223,2.52464
1538.70000,-0.95177,1.34227,2.55786
1538.75000,-0.95184,1.34232,2.59177
1538.80000,-0.95191,1.34236,2.62660
1538.85000,-0.95198,1.34240,2.66256
1538.90000,-0.95207,1.34244,2.69954
1538.95000,-0.95216,1.34248,2.73723
1539.00000,-0.95226,1.34252,2.77536
1539.05000,-0.95237,1.34256,2.81400
1539.10000,-0.95248,1.34260,2.85294
1539.15000,-0.95260,1.34263,2.89194
1539.20000,-0.95273,1.34266,2.93092
1539.25000,-0.95285,1.34269,2.96982
1539.30000,-0.95338,1.34277,3.01016
1539.35000,-0.95447,1.34286,3.05254
1539.40000,-0.95555,1.34292,3.09491
1539.45000,-0.95670,1.34294,3.13728
1539.50000,-0.95762,1.34294,-3.10513
1539.55000,-0.95876,1.34290,-3.06376
1539.60000,-0.95989,1.34281,-3.02297
1539.65000,-0.96099,1.34268,-2.98283
1539.70000,-0.96206,1.34251,-2.94306
1539.75000,-0.96313,1.34229,-2.90350
1539.80000,-0.96419,1.34204,-2.86426
1539.85000,-0.96523,1.34174,-2.82536
1539.90000,-0.96626,1.34141,-2.78668
1539.95000,-0.96701,1.34112,-2.74949
1540.00000,-0.96776,1.34080,-2.71259
1540.05000,-0.96801,1.34068,-2.67803
1540.10000,-0.96826,1.34054,-2.64372
1540.15000,-0.96858,1.34037,-2.60953
1540.20000,-0.96886,1.34020,-2.57596
1540.25000,-0.96903,1.34009,-2.54326
1540.30000,-0.96920,1.33997,-2.51103
1540.35000,-0.96936,1.33985,-2.47928
1540.40000,-0.96952,1.33972,-2.44798
1540.45000,-0.96968,1.33959,-2.41697
1540.50000,-0.96984,1.33944,-2.38617
1540.55000,-0.97001,1.33928,-2.35555
1540.60000,-0.97018,1.33910,-2.32508
1540.65000,-0.97036,1.33890,-2.29476
1540.70000,-0.97053,1.33870,-2.26479
1540.75000,-0.97071,1.33848,-2.23524
1540.80000,-0.97226,1.33676,-2.20626
1540.85000,-0.97693,1.33037,-2.17943
1540.90000,-0.98252,1.32211,-2.15154
1540.95000,-0.98789,1.31368,-2.12441
1541.00000,-0.99304,1.30510,-2.09834
1541.05000,-0.99796,1.29640,-2.07323
1541.10000,-1.00267,1.28758,-2.04905
1541.15000,-1.00717,1.27865,-2.02581
1541.20000,-1.01146,1.26962,-2.00366
1541.25000,-1.01556,1.26050,-1.98294
1541.30000,-1.01947,1.25132,-1.96401
1541.35000,-1.02322,1.24206,-1.94687
1541.40000,-1.02682,1.23272,-1.93279
1541.45000,-1.03037,1.22338,-1.91931
1541.50000,-1.03132,1.21867,-1.91031
1541.55000,-1.03139,1.21813,-1.91588
1541.60000,-1.03139,1.21811,-1.92970
1541.65000,-1.03141,1.21808,-1.94473
1541.70000,-1.03142,1.21805,-1.95737
1541.75000,-1.03141,1.21809,-1.96661
1541.80000,-1.03142,1.21806,-1.96988
1541.85000,-1.03145,1.21800,-1.96692
1541.90000,-1.03149,1.21791,-1.95922
1541.95000,-1.03254,1.21683,-1.95213
1542.00000,-1.03586,1.21034,-1.94290
1542.05000,-1.03931,1.20132,-1.92895
1542.10000,-1.04269,1.19211,-1.91719
1542.15000,-1.04605,1.18277,-1.90599
1542.20000,-1.04893,1.17391,-1.89551
1542.25000,-1.04935,1.16968,-1.88924
1542.30000,-1.04977,1.16708,-1.89519
1542.35000,-1.04996,1.16622,-1.91852
1542.40000,-1.04974,1.16686,-1.95063
1542.45000,-1.04945,1.16755,-1.98218
1542.50000,-1.04930,1.16797,-2.00763
1542.55000,-1.04912,1.16830,-2.02856
1542.60000,-1.04905,1.16838,-2.04269
1542.65000,-1.04897,1.16846,-2.04528
1542.70000,-1.05052,1.16677,-2.04623
1542.75000,-1.05474,1.15940,-2.04479
1542.80000,-1.05924,1.15059,-2.04078
1542.85000,-1.06373,1.14176,-2.03676
1542.90000,-1.06749,1.13366,-2.03334
1542.95000,-1.06936,1.12956,-2.04100
1543.00000,-1.06973,1.12879,-2.07192
1543.05000,-1.06947,1.12927,-2.11350
1543.10000,-1.06949,1.12924,-2.15361
1543.15000,-1.06952,1.12921,-2.19287
1543.20000,-1.06954,1.12918,-2.23009
1543.25000,-1.06953,1.12922,-2.26441
1543.30000,-1.06964,1.12909,-2.29500
1543.35000,-1.06981,1.12886,-2.31319
1543.40000,-1.07197,1.12662,-2.32837
1543.45000,-1.07795,1.12037,-2.33286
1543.50000,-1.08479,1.11317,-2.32893
1543.55000,-1.09162,1.10594,-2.32589
1543.60000,-1.09844,1.09869,-2.32699
1543.65000,-1.10522,1.09148,-2.32831
1543.70000,-1.11004,1.08633,-2.33053
1543.75000,-1.11390,1.08225,-2.33999
1543.80000,-1.11792,1.07800,-2.35803
1543.85000,-1.12107,1.07490,-2.38412
1543.90000,-1.12222,1.07383,-2.42253
1543.95000,-1.12225,1.07381,-2.46628
1544.00000,-1.12228,1.07379,-2.50630
1544.05000,-1.12231,1.07377,-2.53827
1544.10000,-1.12234,1.07376,-2.55824
1544.15000,-1.12367,1.07258,-2.57320
1544.20000,-1.12935,1.06879,-2.58266
1544.25000,-1.13749,1.06368,-2.58047
1544.30000,-1.14596,1.05834,-2.57826
1544.35000,-1.15442,1.05300,-2.58043
1544.40000,-1.16284,1.04772,-2.58494
1544.45000,-1.16740,1.04516,-2.59478
1544.50000,-1.16896,1.04425,-2.62495
1544.55000,-1.16899,1.04423,-2.66470
1544.60000,-1.16902,1.04422,-2.70117
1544.65000,-1.16904,1.04421,-2.72973
1544.70000,-1.17084,1.04305,-2.75492
1544.75000,-1.17749,1.04025,-2.76596
1544.80000,-1.18530,1.03717,-2.77077
1544.85000,-1.19102,1.03546,-2.77385
1544.90000,-1.19295,1.03478,-2.77218
1544.95000,-1.19320,1.03470,-2.76188
1545.00000,-1.19335,1.03465,-2.74896
1545.05000,-1.19349,1.03460,-2.73549
1545.10000,-1.19357,1.03457,-2.72199
1545.15000,-1.19384,1.03447,-2.70750
1545.20000,-1.19408,1.03437,-2.69311
1545.25000,-1.19415,1.03434,-2.67931
1545.30000,-1.19422,1.03430,-2.66510
1545.35000,-1.19430,1.03426,-2.65008
1545.40000,-1.19439,1.03421,-2.63426
1545.45000,-1.19449,1.03415,-2.61771
1545.50000,-1.19461,1.03408,-2.60056
1545.55000,-1.19475,1.03400,-2.58296
1545.60000,-1.19490,1.03390,-2.56502
1545.65000,-1.19507,1.03379,-2.54680
1545.70000,-1.19525,1.03366,-2.52837
1545.75000,-1.19545,1.03353,-2.50979
1545.80000,-1.19565,1.03338,-2.49117
1545.85000,-1.19584,1.03323,-2.47258
1545.90000,-1.19603,1.03307,-2.45405
1545.95000,-1.19622,1.03291,-2.43560
1546.00000,-1.19641,1.03275,-2.41720
1546.05000,-1.19662,1.03256,-2.39870
1546.10000,-1.19697,1.03225,-2.37954
1546.15000,-1.19733,1.03191,-2.36013
1546.20000,-1.19755,1.03168,-2.34138
1546.25000,-1.19780,1.03143,-2.32253
1546.30000,-1.19805,1.03115,-2.30359
1546.35000,-1.19832,1.03084,-2.28460
1546.40000,-1.19864,1.03046,-2.26535
1546.45000,-1.19923,1.02975,-2.24448
1546.50000,-1.19971,1.02917,-2.22447
1546.55000,-1.20019,1.02855,-2.20456
1546.60000,-1.20065,1.02792,-2.18375
1546.65000,-1.20110,1.02726,-2.16302
1546.70000,-1.20155,1.02661,-2.14342
1546.75000,-1.20199,1.02590,-2.12366
1546.80000,-1.20245,1.02513,-2.10374
1546.85000,-1.20286,1.02440,-2.08370
1546.90000,-1.20313,1.02390,-2.06209
1546.95000,-1.20348,1.02320,-2.04176
1547.00000,-1.20389,1.02236,-2.02248
1547.05000,-1.20429,1.02151,-2.00359
1547.10000,-1.20471,1.02054,-1.98406
1547.15000,-1.20514,1.01952,-1.96473
1547.20000,-1.20551,1.01859,-1.94601
1547.25000,-1.20710,1.01585,-1.92792
1547.30000,-1.21032,1.00829,-1.91038
1547.35000,-1.21361,0.99869,-1.89092
1547.40000,-1.21673,0.98892,-1.87250
1547.45000,-1.21972,0.97900,-1.85475
1547.50000,-1.22254,0.96897,-1.83717
1547.55000,-1.22519,0.95888,-1.81975
1547.60000,-1.22767,0.94875,-1.80236
1547.65000,-1.22997,0.93858,-1.78492
1547.70000,-1.23210,0.92836,-1.76740
1547.75000,-1.23404,0.91811,-1.74978
1547.80000,-1.23581,0.90781,-1.73201
1547.85000,-1.23739,0.89748,-1.71403
1547.90000,-1.23879,0.88712,-1.69575
1547.95000,-1.23999,0.87673,-1.67708
1548.00000,-1.24100,0.86630,-1.65786
1548.05000,-1.24177,0.85638,-1.63875
1548.10000,-1.24235,0.84641,-1.61964
1548.15000,-1.24284,0.83643,-1.60057
1548.20000,-1.24287,0.83137,-1.58241
1548.25000,-1.24287,0.82998,-1.55571
1548.30000,-1.24287,0.82976,-1.51822
1548.35000,-1.24287,0.82972,-1.47830
1548.40000,-1.24287,0.82969,-1.43957
1548.45000,-1.24286,0.82966,-1.40252
1548.50000,-1.24285,0.82962,-1.36727
1548.55000,-1.24284,0.82958,-1.33386
1548.60000,-1.24283,0.82953,-1.30206
1548.65000,-1.24281,0.82945,-1.27119
1548.70000,-1.24280,0.82939,-1.24118
1548.75000,-1.24274,0.82920,-1.21116
1548.80000,-1.24259,0.82873,-1.18046
1548.85000,-1.24256,0.82860,-1.15128
1548.90000,-1.24252,0.82851,-1.12237
1548.95000,-1.24230,0.82795,-1.09151
1549.00000,-1.24225,0.82769,-1.06061
1549.05000,-1.24217,0.82753,-1.03149
1549.10000,-1.24202,0.82720,-1.00037
1549.15000,-1.24180,0.82680,-0.97000
1549.20000,-1.24168,0.82657,-0.93933
1549.25000,-1.24157,0.82640,-0.90953
1549.30000,-1.24122,0.82591,-0.87751
1549.35000,-1.24135,0.82601,-0.84605
1549.40000,-1.24098,0.82557,-0.81308
1549.45000,-1.24076,0.82531,-0.77938
1549.50000,-1.24075,0.82529,-0.74467
1549.55000,-1.24074,0.82527,-0.70788
1549.60000,-1.24070,0.82524,-0.66964
1549.65000,-1.24066,0.82521,-0.63034
1549.70000,-1.24061,0.82517,-0.59035
1549.75000,-1.24056,0.82514,-0.55002
1549.80000,-1.24051,0.82511,-0.50973
1549.85000,-1.24046,0.82509,-0.46955
1549.90000,-1.24041,0.82506,-0.42943
1549.95000,-1.24035,0.82504,-0.38943
1550.00000,-1.24029,0.82501,-0.35000
1550.05000,-1.24023,0.82499,-0.31125
1550.10000,-1.24017,0.82497,-0.27329
1550.15000,-1.24011,0.82496,-0.23618
1550.20000,-1.24005,0.82494,-0.20014
1550.25000,-1.23998,0.82493,-0.16534
1550.30000,-1.23992,0.82492,-0.13196
1550.35000,-1.23780,0.82449,-0.09943
1550.40000,-1.22959,0.82374,-0.07001
1550.45000,-1.21889,0.82316,-0.03831
1550.50000,-1.20809,0.82292,-0.00654
1550.55000,-1.19731,0.82302,0.02496
1550.60000,-1.18705,0.82342,0.05378
1550.65000,-1.17704,0.82409,0.08075
1550.70000,-1.16681,0.82504,0.10782
1550.75000,-1.15666,0.82626,0.13326
1550.80000,-1.14656,0.82772,0.15725
1550.85000,-1.13623,0.82948,0.18052
1550.90000,-1.12641,0.83135,0.20245
1550.95000,-1.11711,0.83335,0.22188
1551.00000,-1.10780,0.83554,0.23922
1551.05000,-1.09849,0.83780,0.25644
1551.10000,-1.09286,0.83823,0.27348
1551.15000,-1.09218,0.83828,0.28585
1551.20000,-1.09195,0.83834,0.29500
1551.25000,-1.09184,0.83837,0.30196
1551.30000,-1.09171,0.83841,0.30688
1551.35000,-1.09156,0.83845,0.31021
1551.40000,-1.09145,0.83849,0.31196
1551.45000,-1.09133,0.83853,0.31233
1551.50000,-1.09122,0.83857,0.31177
1551.55000,-1.09114,0.83859,0.30934
1551.60000,-1.09104,0.83863,0.30611
1551.65000,-1.09100,0.83862,0.30144
1551.70000,-1.09099,0.83861,0.29577
1551.75000,-1.09098,0.83860,0.28926
1551.80000,-1.09092,0.83861,0.28232
1551.85000,-1.09088,0.83862,0.27503
1551.90000,-1.09084,0.83863,0.26675
1551.95000,-1.09077,0.83865,0.25791
1552.00000,-1.09083,0.83864,0.24792
1552.05000,-1.09092,0.83862,0.23731
1552.10000,-1.09102,0.83860,0.22622
1552.15000,-1.09113,0.83858,0.21469
1552.20000,-1.09124,0.83856,0.20275
1552.25000,-1.09136,0.83853,0.19044
1552.30000,-1.09150,0.83851,0.17778
1552.35000,-1.09163,0.83849,0.16479
1552.40000,-1.09178,0.83847,0.15151
1552.45000,-1.09193,0.83845,0.13796
1552.50000,-1.09209,0.83843,0.12415
1552.55000,-1.09225,0.83841,0.11011
1552.60000,-1.09242,0.83840,0.09587
1552.65000,-1.09259,0.83839,0.08142
1552.70000,-1.09277,0.83838,0.06680
1552.75000,-1.09295,0.83837,0.05203
1552.80000,-1.09313,0.83836,0.03711
1552.85000,-1.09332,0.83836,0.02207
1552.90000,-1.09351,0.83836,0.00692
1552.95000,-1.09371,0.83836,-0.00832
1553.00000,-1.09392,0.83837,-0.02364
1553.05000,-1.09413,0.83837,-0.03903
1553.10000,-1.09435,0.83838,-0.05445
1553.15000,-1.09458,0.83840,-0.06989
1553.20000,-1.09481,0.83842,-0.08533
1553.25000,-1.09505,0.83844,-0.10074
1553.30000,-1.09529,0.83846,-0.11610
1553.35000,-1.09553,0.83849,-0.13138
1553.40000,-1.09578,0.83853,-0.14658
1553.45000,-1.09603,0.83856,-0.16165
1553.50000,-1.09628,0.83861,-0.17659
1553.55000,-1.09653,0.83865,-0.19137
1553.60000,-1.09679,0.83870,-0.20596
1553.65000,-1.09703,0.83875,-0.22031
1553.70000,-1.09728,0.83881,-0.23439
1553.75000,-1.09752,0.83887,-0.24821
1553.80000,-1.09776,0.83893,-0.26189
1553.85000,-1.09800,0.83899,-0.27554
1553.90000,-1.09823,0.83906,-0.28886
1553.95000,-1.09845,0.83912,-0.30128
1554.00000,-1.09861,0.83917,-0.31242
1554.05000,-1.09677,0.83799,-0.32381
1554.10000,-1.08949,0.83492,-0.33302
1554.15000,-1.08012,0.83164,-0.33676
1554.20000,-1.07067,0.82835,-0.33288
1554.25000,-1.06121,0.82509,-0.32653
1554.30000,-1.05511,0.82382,-0.32015
1554.35000,-1.05173,0.82291,-0.30276
1554.40000,-1.05030,0.82264,-0.27213
1554.45000,-1.05000,0.82254,-0.23861
1554.50000,-1.04952,0.82244,-0.20365
1554.55000,-1.04865,0.82230,-0.16738
1554.60000,-1.04784,0.82218,-0.13043
1554.65000,-1.04706,0.82210,-0.09233
1554.70000,-1.04675,0.82207,-0.05511
1554.75000,-1.04667,0.82207,-0.01813
1554.80000,-1.04659,0.82207,0.01952
1554.85000,-1.04650,0.82207,0.05757
1554.90000,-1.04641,0.82208,0.09578
1554.95000,-1.04632,0.82209,0.13395
1555.00000,-1.04622,0.82211,0.17188
1555.05000,-1.04613,0.82212,0.20952
1555.10000,-1.04604,0.82215,0.24698
1555.15000,-1.04594,0.82217,0.28446
1555.20000,-1.04584,0.82220,0.32209
1555.25000,-1.04574,0.82224,0.35981
1555.30000,-1.04563,0.82228,0.39751
1555.35000,-1.04552,0.82233,0.43516
1555.40000,-1.04541,0.82239,0.47268
1555.45000,-1.04529,0.82245,0.51003
1555.50000,-1.04518,0.82251,0.54712
1555.55000,-1.04507,0.82258,0.58386
1555.60000,-1.04496,0.82266,0.62019
1555.65000,-1.04485,0.82274,0.65609
1555.70000,-1.04475,0.82282,0.69159
1555.75000,-1.04465,0.82291,0.72670
1555.80000,-1.04454,0.82300,0.76150
1555.85000,-1.04444,0.82310,0.79601
1555.90000,-1.04434,0.82321,0.83022
1555.95000,-1.04424,0.82332,0.86410
1556.00000,-1.04415,0.82344,0.89762
1556.05000,-1.04405,0.82356,0.93077
1556.10000,-1.04396,0.82369,0.96351
1556.15000,-1.04387,0.82383,0.99580
1556.20000,-1.04378,0.82396,1.02762
1556.25000,-1.04370,0.82410,1.05896
1556.30000,-1.04362,0.82425,1.08981
1556.35000,-1.04355,0.82439,1.12017
1556.40000,-1.04348,0.82454,1.15005
1556.45000,-1.04342,0.82469,1.17948
1556.50000,-1.04217,0.82673,1.20752
1556.55000,-1.03914,0.83441,1.23282
1556.60000,-1.03597,0.84384,1.26076
1556.65000,-1.03305,0.85341,1.28852
1556.70000,-1.03040,0.86305,1.31580
1556.75000,-1.02800,0.87276,1.34262
1556.80000,-1.02587,0.88252,1.36894
1556.85000,-1.02399,0.89235,1.39476
1556.90000,-1.02237,0.90221,1.42005
1556.95000,-1.02099,0.91212,1.44480
1557.00000,-1.01985,0.92205,1.46900
1557.05000,-1.01895,0.93201,1.49264
1557.10000,-1.01829,0.94199,1.51575
1557.15000,-1.01785,0.95198,1.53838
1557.20000,-1.01764,0.96197,1.56056
1557.25000,-1.01764,0.97197,1.58231
1557.30000,-1.01787,0.98197,1.60366
1557.35000,-1.01830,0.99196,1.62460
1557.40000,-1.01894,1.00193,1.64494
1557.45000,-1.01978,1.01187,1.66476
1557.50000,-1.02081,1.02180,1.68412
1557.55000,-1.02203,1.03171,1.70301
1557.60000,-1.02344,1.04159,1.72159
1557.65000,-1.02480,1.04984,1.75253
1557.70000,-1.02597,1.05552,1.80300
1557.75000,-1.02701,1.05942,1.86724
1557.80000,-1.02793,1.06208,1.94128
1557.85000,-1.02859,1.06362,2.02121
1557.90000,-1.02928,1.06495,2.10517
1557.95000,-1.03018,1.06641,2.16490
1558.00000,-1.03182,1.06862,2.20143
1558.05000,-1.03730,1.07576,2.22766
1558.10000,-1.04349,1.08361,2.24907
1558.15000,-1.04981,1.09126,2.27621
1558.20000,-1.05493,1.09717,2.31214
1558.25000,-1.05815,1.10052,2.36263
1558.30000,-1.06038,1.10260,2.42731
1558.35000,-1.06163,1.10362,2.49975
1558.40000,-1.06195,1.10385,2.57674
1558.45000,-1.06198,1.10387,2.65352
1558.50000,-1.06200,1.10388,2.72681
1558.55000,-1.06202,1.10388,2.79188
1558.60000,-1.06385,1.10449,2.85222
1558.65000,-1.06767,1.10549,2.90357
1558.70000,-1.07074,1.10575,2.93253
1558.75000,-1.07174,1.10577,2.94844
1558.80000,-1.07199,1.10582,2.96041
1558.85000,-1.07224,1.10586,2.97111
1558.90000,-1.07242,1.10589,2.98080
1558.95000,-1.07259,1.10593,2.99030
1559.00000,-1.07272,1.10595,2.99748
1559.05000,-1.07276,1.10596,3.00236
1559.10000,-1.07282,1.10597,3.00445
1559.15000,-1.07288,1.10597,3.00458
1559.20000,-1.07292,1.10598,3.00327
1559.25000,-1.07296,1.10599,3.00098
1559.30000,-1.07300,1.10600,2.99751
1559.35000,-1.07306,1.10601,2.99319
1559.40000,-1.07307,1.10601,2.98825
1559.45000,-1.07310,1.10602,2.98254
1559.50000,-1.07306,1.10601,2.97667
1559.55000,-1.07302,1.10601,2.97013
1559.60000,-1.07306,1.10602,2.96253
1559.65000,-1.07302,1.10601,2.95470
1559.70000,-1.07296,1.10601,2.94643
1559.75000,-1.07292,1.10600,2.93757
1559.80000,-1.07282,1.10599,2.92842
1559.85000,-1.07271,1.10596,2.91882
1559.90000,-1.07259,1.10594,2.90918
1559.95000,-1.07247,1.10592,2.89952
1560.00000,-1.07236,1.10590,2.88952
1560.05000,-1.07227,1.10587,2.87760
1560.10000,-1.07212,1.10583,2.86512
1560.15000,-1.07197,1.10580,2.85219
1560.20000,-1.07179,1.10575,2.83909
1560.25000,-1.07159,1.10569,2.82562
1560.30000,-1.07139,1.10562,2.81182
1560.35000,-1.07118,1.10555,2.79773
1560.40000,-1.07097,1.10547,2.78333
1560.45000,-1.07075,1.10539,2.76859
1560.50000,-1.07054,1.10530,2.75355
1560.55000,-1.07032,1.10521,2.73821
1560.60000,-1.07010,1.10511,2.72259
1560.65000,-1.06987,1.10501,2.70672
1560.70000,-1.06965,1.10491,2.69060
1560.75000,-1.06943,1.10480,2.67427
1560.80000,-1.06921,1.10468,2.65773
1560.85000,-1.06898,1.10456,2.64112
1560.90000,-1.06875,1.10444,2.62433
1560.95000,-1.06853,1.10431,2.60737
1561.00000,-1.06831,1.10418,2.59032
1561.05000,-1.06812,1.10407,2.57324
1561.10000,-1.06803,1.10402,2.55652
1561.15000,-1.06812,1.10408,2.54050
1561.20000,-1.06825,1.10418,2.52452
1561.25000,-1.06826,1.10420,2.50802
1561.30000,-1.06840,1.10430,2.49201
1561.35000,-1.06846,1.10435,2.47564
1561.40000,-1.06849,1.10438,2.45906
1561.45000,-1.06855,1.10443,2.44249
1561.50000,-1.06868,1.10454,2.42627
1561.55000,-1.06882,1.10466,2.41002
1561.60000,-1.06895,1.10479,2.39374
1561.65000,-1.06909,1.10491,2.37745
1561.70000,-1.06922,1.10504,2.36115
1561.75000,-1.06934,1.10517,2.34484
1561.80000,-1.06947,1.10530,2.32855
1561.85000,-1.06960,1.10543,2.31226
1561.90000,-1.06972,1.10557,2.29600
1561.95000,-1.06984,1.10571,2.27976
1562.00000,-1.06995,1.10585,2.26355
1562.05000,-1.07007,1.10599,2.24739
1562.10000,-1.07018,1.10613,2.23126
1562.15000,-1.07029,1.10628,2.21519
1562.20000,-1.07040,1.10642,2.19918
1562.25000,-1.07051,1.10657,2.18323
1562.30000,-1.07061,1.10672,2.16735
1562.35000,-1.07071,1.10687,2.15155
1562.40000,-1.07081,1.10703,2.13584
1562.45000,-1.07091,1.10718,2.12021
1562.50000,-1.07100,1.10734,2.10467
1562.55000,-1.07109,1.10749,2.08922
1562.60000,-1.07118,1.10765,2.07388
1562.65000,-1.07127,1.10781,2.05865
1562.70000,-1.07135,1.10797,2.04353
1562.75000,-1.07144,1.10814,2.02853
1562.80000,-1.07152,1.10830,2.01366
1562.85000,-1.07159,1.10847,1.99892
1562.90000,-1.07167,1.10863,1.98431
1562.95000,-1.07174,1.10880,1.96983
1563.00000,-1.07181,1.10897,1.95550
1563.05000,-1.07188,1.10914,1.94131
1563.10000,-1.07194,1.10931,1.92726
1563.15000,-1.07313,1.11127,1.91422
1563.20000,-1.07614,1.11929,1.90103
1563.25000,-1.07918,1.12842,1.88592
1563.30000,-1.08208,1.13760,1.87098
1563.35000,-1.08485,1.14682,1.85628
1563.40000,-1.08749,1.15610,1.84184
1563.45000,-1.08999,1.16542,1.82768
1563.50000,-1.09237,1.17477,1.81381
1563.55000,-1.09461,1.18417,1.80025
1563.60000,-1.09674,1.19361,1.78703
1563.65000,-1.09874,1.20307,1.77418
1563.70000,-1.10062,1.21258,1.76169
1563.75000,-1.10240,1.22212,1.74959
1563.80000,-1.10410,1.23174,1.73782
1563.85000,-1.10570,1.24142,1.72629
1563.90000,-1.10718,1.25111,1.71539
1563.95000,-1.10855,1.26079,1.70536
1564.00000,-1.10984,1.27057,1.69583
1564.05000,-1.11104,1.28034,1.68744
1564.10000,-1.11216,1.29017,1.67981
1564.15000,-1.11321,1.30001,1.67344
1564.20000,-1.11421,1.30992,1.66836
1564.25000,-1.11516,1.31979,1.66468
1564.30000,-1.11609,1.32973,1.66315
1564.35000,-1.11701,1.33969,1.66416
1564.40000,-1.11797,1.34942,1.66456
1564.45000,-1.11802,1.35226,1.66883
1564.50000,-1.11804,1.35267,1.68103
1564.55000,-1.11807,1.35299,1.69627
1564.60000,-1.11809,1.35331,1.71116
1564.65000,-1.11812,1.35365,1.72585
1564.70000,-1.11816,1.35394,1.74068
1564.75000,-1.11819,1.35419,1.75599
1564.80000,-1.11824,1.35451,1.77123
1564.85000,-1.11828,1.35484,1.78618
1564.90000,-1.11835,1.35518,1.80144
1564.95000,-1.11845,1.35560,1.81662
1565.00000,-1.11856,1.35603,1.83191
1565.05000,-1.11863,1.35633,1.84757
1565.10000,-1.11870,1.35666,1.86350
1565.15000,-1.11878,1.35696,1.87969
1565.20000,-1.11881,1.35709,1.89624
1565.25000,-1.11892,1.35744,1.91234
1565.30000,-1.11899,1.35763,1.92924
1565.35000,-1.11907,1.35786,1.94563
1565.40000,-1.11910,1.35793,1.96323
1565.45000,-1.11912,1.35800,1.98083
1565.50000,-1.11915,1.35808,1.99843
1565.55000,-1.11918,1.35815,2.01603
1565.60000,-1.11920,1.35822,2.03361
1565.65000,-1.11922,1.35829,2.05120
1565.70000,-1.11925,1.35836,2.06878
1565.75000,-1.12044,1.35976,2.08614
1565.80000,-1.12491,1.36685,2.09993
1565.85000,-1.13002,1.37550,2.11037
1565.90000,-1.13522,1.38408,2.12304
1565.95000,-1.14053,1.39268,2.13459
1566.00000,-1.14548,1.40091,2.14633
1566.05000,-1.14622,1.40372,2.16090
1566.10000,-1.14645,1.40404,2.18102
1566.15000,-1.14667,1.40434,2.20121
1566.20000,-1.14693,1.40470,2.22009
1566.25000,-1.14721,1.40506,2.23918
1566.30000,-1.14747,1.40539,2.25795
1566.35000,-1.14769,1.40566,2.27745
1566.40000,-1.14792,1.40593,2.29535
1566.45000,-1.14820,1.40624,2.31274
1566.50000,-1.14840,1.40646,2.32921
1566.55000,-1.15017,1.40816,2.34528
1566.60000,-1.15638,1.41438,2.36011
1566.65000,-1.16350,1.42137,2.37103
1566.70000,-1.17075,1.42834,2.38037
1566.75000,-1.17789,1.43509,2.38925
1566.80000,-1.18517,1.44185,2.39774
1566.85000,-1.19250,1.44855,2.40511
1566.90000,-1.19992,1.45523,2.41180
1566.95000,-1.20742,1.46190,2.41740
1567.00000,-1.21489,1.46848,2.42190
1567.05000,-1.22243,1.47506,2.42582
1567.10000,-1.22996,1.48158,2.42980
1567.15000,-1.23753,1.48809,2.43361
1567.20000,-1.24510,1.49454,2.43763
1567.25000,-1.25273,1.50099,2.44103
1567.30000,-1.26039,1.50742,2.44459
1567.35000,-1.26804,1.51382,2.44757
1567.40000,-1.27571,1.52018,2.44954
1567.45000,-1.28341,1.52656,2.44978
1567.50000,-1.29108,1.53293,2.44723
1567.55000,-1.29874,1.53934,2.44427
1567.60000,-1.30268,1.54229,2.43992
1567.65000,-1.30282,1.54242,2.42809
1567.70000,-1.30277,1.54238,2.41306
1567.75000,-1.30269,1.54232,2.39680
1567.80000,-1.30274,1.54236,2.38058
1567.85000,-1.30280,1.54242,2.36359
1567.90000,-1.30285,1.54247,2.34559
1567.95000,-1.30290,1.54252,2.32641
1568.00000,-1.30295,1.54257,2.30565
1568.05000,-1.30299,1.54263,2.28329
1568.10000,-1.30304,1.54268,2.25926
1568.15000,-1.30309,1.54274,2.23364
1568.20000,-1.30314,1.54280,2.20689
1568.25000,-1.30318,1.54286,2.17951
1568.30000,-1.30322,1.54293,2.15172
1568.35000,-1.30326,1.54299,2.12400
1568.40000,-1.30330,1.54306,2.09622
1568.45000,-1.30334,1.54312,2.06839
1568.50000,-1.30338,1.54319,2.04051
1568.55000,-1.30341,1.54326,2.01260
1568.60000,-1.30344,1.54333,1.98463
1568.65000,-1.30347,1.54340,1.95659
1568.70000,-1.30350,1.54348,1.92845
1568.75000,-1.30353,1.54356,1.90022
1568.80000,-1.30356,1.54365,1.87172
1568.85000,-1.30359,1.54374,1.84273
1568.90000,-1.30361,1.54383,1.81289
1568.95000,-1.30364,1.54394,1.78181
1569.00000,-1.30366,1.54404,1.74940
1569.05000,-1.30368,1.54416,1.71574
1569.10000,-1.30369,1.54428,1.68091
1569.15000,-1.30370,1.54440,1.64515
1569.20000,-1.30371,1.54453,1.60854
1569.25000,-1.30371,1.54467,1.57142
1569.30000,-1.30371,1.54481,1.53410
1569.35000,-1.30370,1.54496,1.49715
1569.40000,-1.30369,1.54510,1.46057
1569.45000,-1.30367,1.54525,1.42436
1569.50000,-1.30365,1.54540,1.38853
1569.55000,-1.30362,1.54554,1.35309
1569.60000,-1.30358,1.54569,1.31806
1569.65000,-1.30354,1.54583,1.28345
1569.70000,-1.30374,1.54518,1.24608
1569.75000,-1.30398,1.54445,1.20849
1569.80000,-1.30426,1.54372,1.17102
1569.85000,-1.30454,1.54305,1.13353
1569.90000,-1.30480,1.54248,1.09621
1569.95000,-1.30513,1.54185,1.05769
1570.00000,-1.30528,1.54161,1.01989
1570.05000,-1.30551,1.54122,0.98069
1570.10000,-1.30572,1.54090,0.94109
1570.15000,-1.30568,1.54096,0.90262
1570.20000,-1.30554,1.54113,0.86410
1570.25000,-1.30538,1.54131,0.82504
1570.30000,-1.30520,1.54149,0.78549
1570.35000,-1.30516,1.54152,0.74473
1570.40000,-1.30494,1.54171,0.70441
1570.45000,-1.30471,1.54190,0.66377
1570.50000,-1.30445,1.54210,0.62300
1570.55000,-1.30417,1.54229,0.58232
1570.60000,-1.30388,1.54247,0.54194
1570.65000,-1.30358,1.54265,0.50204
1570.70000,-1.30327,1.54281,0.46271
1570.75000,-1.30295,1.54296,0.42395
1570.80000,-1.30263,1.54310,0.38576
1570.85000,-1.30231,1.54322,0.34816
1570.90000,-1.30198,1.54333,0.31114
1570.95000,-1.30164,1.54344,0.27461
1571.00000,-1.30129,1.54353,0.23832
1571.05000,-1.30092,1.54361,0.20212
1571.10000,-1.30054,1.54368,0.16599
1571.15000,-1.30013,1.54374,0.12994
1571.20000,-1.29969,1.54379,0.09399
1571.25000,-1.29923,1.54383,0.05817
1571.30000,-1.29875,1.54385,0.02248
1571.35000,-1.29823,1.54385,-0.01306
1571.40000,-1.29769,1.54383,-0.04838
1571.45000,-1.29714,1.54379,-0.08330
1571.50000,-1.29458,1.54336,-0.11765
1571.55000,-1.28673,1.54227,-0.14923
1571.60000,-1.27708,1.54066,-0.18228
1571.65000,-1.26782,1.53877,-0.21646
1571.70000,-1.25873,1.53659,-0.25014
1571.75000,-1.24979,1.53413,-0.28331
1571.80000,-1.24099,1.53140,-0.31611
1571.85000,-1.23211,1.52832,-0.34733
1571.90000,-1.22332,1.52497,-0.37763
1571.95000,-1.21456,1.52132,-0.40675
1572.00000,-1.20589,1.51743,-0.43498
1572.05000,-1.19733,1.51329,-0.46226
1572.10000,-1.18892,1.50895,-0.48874
1572.15000,-1.18039,1.50426,-0.51324
1572.20000,-1.17214,1.49947,-0.53749
1572.25000,-1.16398,1.49446,-0.56066
1572.30000,-1.15593,1.48926,-0.58288
1572.35000,-1.14798,1.48388,-0.60415
1572.40000,-1.14024,1.47841,-0.62515
1572.45000,-1.13261,1.47276,-0.64531
1572.50000,-1.12507,1.46695,-0.66449
1572.55000,-1.11760,1.46103,-0.68264
1572.60000,-1.11402,1.45867,-0.70128
1572.65000,-1.11402,1.45867,-0.71607
1572.70000,-1.11396,1.45860,-0.73113
1572.75000,-1.11392,1.45855,-0.74658
1572.80000,-1.11378,1.45841,-0.76182
1572.85000,-1.11373,1.45835,-0.77827
1572.90000,-1.11336,1.45798,-0.79543
1572.95000,-1.11097,1.45552,-0.81099
1573.00000,-1.10485,1.44897,-0.82622
1573.05000,-1.09827,1.44170,-0.84277
1573.10000,-1.09175,1.43426,-0.85857
1573.15000,-1.08523,1.42672,-0.87383
1573.20000,-1.08305,1.42354,-0.88715
1573.25000,-1.08272,1.42310,-0.90015
1573.30000,-1.08239,1.42268,-0.91244
1573.35000,-1.08207,1.42226,-0.92464
1573.40000,-1.08174,1.42182,-0.93698
1573.45000,-1.08141,1.42136,-0.94953
1573.50000,-1.08106,1.42088,-0.96227
1573.55000,-1.08072,1.42037,-0.97507
1573.60000,-1.08037,1.41985,-0.98784
1573.65000,-1.08001,1.41931,-1.00063
1573.70000,-1.07965,1.41873,-1.01344
1573.75000,-1.07928,1.41813,-1.02624
1573.80000,-1.07890,1.41750,-1.03891
1573.85000,-1.07853,1.41685,-1.05136
1573.90000,-1.07815,1.41619,-1.06360
1573.95000,-1.07778,1.41551,-1.07562
1574.00000,-1.07742,1.41482,-1.08733
1574.05000,-1.07706,1.41414,-1.09869
1574.10000,-1.07672,1.41347,-1.10961
1574.15000,-1.07640,1.41280,-1.12003
1574.20000,-1.07608,1.41215,-1.12993
1574.25000,-1.07578,1.41150,-1.13933
1574.30000,-1.07549,1.41086,-1.14823
1574.35000,-1.07521,1.41024,-1.15665
1574.40000,-1.07494,1.40961,-1.16466
1574.45000,-1.07467,1.40898,-1.17235
1574.50000,-1.07440,1.40833,-1.17983
1574.55000,-1.07412,1.40765,-1.18712
1574.60000,-1.07384,1.40694,-1.19424
1574.65000,-1.07355,1.40619,-1.20116
1574.70000,-1.07324,1.40540,-1.20789
1574.75000,-1.07293,1.40457,-1.21439
1574.80000,-1.07261,1.40369,-1.22064
1574.85000,-1.07227,1.40277,-1.22658
1574.90000,-1.07192,1.40179,-1.23221
1574.95000,-1.07157,1.40077,-1.23754
1575.00000,-1.07120,1.39969,-1.24254
1575.05000,-1.07082,1.39858,-1.24722
1575.10000,-1.07044,1.39744,-1.25158
1575.15000,-1.07007,1.39630,-1.25561
1575.20000,-1.06970,1.39516,-1.25929
1575.25000,-1.06933,1.39403,-1.26265
1575.30000,-1.06898,1.39290,-1.26569
1575.35000,-1.06863,1.39179,-1.26842
1575.40000,-1.06829,1.39068,-1.27084
1575.45000,-1.06794,1.38957,-1.27299
1575.50000,-1.06759,1.38843,-1.27491
1575.55000,-1.06723,1.38725,-1.27662
1575.60000,-1.06686,1.38601,-1.27816
1575.65000,-1.06647,1.38470,-1.27951
1575.70000,-1.06606,1.38333,-1.28068
1575.75000,-1.06563,1.38190,-1.28165
1575.80000,-1.06518,1.38039,-1.28245
1575.85000,-1.06471,1.37880,-1.28306
1575.90000,-1.06422,1.37715,-1.28350
1575.95000,-1.06372,1.37544,-1.28376
1576.00000,-1.06320,1.37369,-1.28384
1576.05000,-1.06268,1.37193,-1.28369
1576.10000,-1.06216,1.37017,-1.28333
1576.15000,-1.06165,1.36843,-1.28275
1576.20000,-1.06113,1.36670,-1.28196
1576.25000,-1.06062,1.36498,-1.28097
1576.30000,-1.06011,1.36328,-1.27977
1576.35000,-1.05961,1.36159,-1.27838
1576.40000,-1.05910,1.35992,-1.27682
1576.45000,-1.05858,1.35822,-1.27516
1576.50000,-1.05805,1.35647,-1.27345
1576.55000,-1.05750,1.35467,-1.27169
1576.60000,-1.05692,1.35280,-1.26990
1576.65000,-1.05631,1.35086,-1.26807
1576.70000,-1.05568,1.34884,-1.26621
1576.75000,-1.05502,1.34675,-1.26433
1576.80000,-1.05433,1.34457,-1.26243
1576.85000,-1.05360,1.34230,-1.26053
1576.90000,-1.05284,1.33993,-1.25862
1576.95000,-1.05205,1.33747,-1.25672
1577.00000,-1.05015,1.33216,-1.25480
1577.05000,-1.04705,1.32270,-1.25299
1577.10000,-1.04391,1.31320,-1.25111
1577.15000,-1.04075,1.30369,-1.24905
1577.20000,-1.03757,1.29418,-1.24691
1577.25000,-1.03437,1.28468,-1.24466
1577.30000,-1.03114,1.27519,-1.24227
1577.35000,-1.02789,1.26570,-1.23978
1577.40000,-1.02462,1.25623,-1.23724
1577.45000,-1.02132,1.24676,-1.23472
1577.50000,-1.01801,1.23731,-1.23221
1577.55000,-1.01467,1.22786,-1.22973
1577.60000,-1.01129,1.21839,-1.22712
1577.65000,-1.00788,1.20891,-1.22449
1577.70000,-1.00445,1.19943,-1.22189
1577.75000,-1.00100,1.18998,-1.21941
1577.80000,-0.99753,1.18054,-1.21690
1577.85000,-0.99403,1.17111,-1.21440
1577.90000,-0.99050,1.16166,-1.21174
1577.95000,-0.98694,1.15223,-1.20893
1578.00000,-0.98336,1.14280,-1.20596
1578.05000,-0.97974,1.13337,-1.20281
1578.10000,-0.97609,1.12395,-1.19944
1578.15000,-0.97241,1.11454,-1.19586
1578.20000,-0.96871,1.10515,-1.19203
1578.25000,-0.96497,1.09576,-1.18793
1578.30000,-0.96117,1.08640,-1.18347
1578.35000,-0.95733,1.07704,-1.17866
1578.40000,-0.95344,1.06768,-1.17346
1578.45000,-0.94949,1.05833,-1.16806
1578.50000,-0.94548,1.04899,-1.16239
1578.55000,-0.94143,1.03968,-1.15650
1578.60000,-0.93732,1.03041,-1.15048
1578.65000,-0.93317,1.02120,-1.14445
1578.70000,-0.92895,1.01199,-1.13804
1578.75000,-0.92471,1.00286,-1.13105
1578.80000,-0.92039,0.99372,-1.12422
1578.85000,-0.91602,0.98466,-1.11734
1578.90000,-0.91169,0.97584,-1.11041
1578.95000,-0.90729,0.96706,-1.10337
1579.00000,-0.90283,0.95830,-1.09627
1579.05000,-0.89831,0.94958,-1.08910
1579.10000,-0.89372,0.94087,-1.08198
1579.15000,-0.88899,0.93202,-1.07505
1579.20000,-0.88421,0.92325,-1.06874
1579.25000,-0.87937,0.91451,-1.06241
1579.30000,-0.87448,0.90581,-1.05605
1579.35000,-0.86954,0.89713,-1.04966
1579.40000,-0.86454,0.88849,-1.04327
1579.45000,-0.85948,0.87987,-1.03667
1579.50000,-0.85436,0.87130,-1.02982
1579.55000,-0.84919,0.86276,-1.02272
1579.60000,-0.84395,0.85425,-1.01529
1579.65000,-0.83865,0.84579,-1.00752
1579.70000,-0.83328,0.83737,-0.99931
1579.75000,-0.82784,0.82899,-0.99062
1579.80000,-0.82233,0.82067,-0.98131
1579.85000,-0.81673,0.81239,-0.97133
1579.90000,-0.81110,0.80413,-0.96126
1579.95000,-0.80975,0.80141,-0.94906
1580.00000,-0.80960,0.80119,-0.93534
1580.05000,-0.80943,0.80094,-0.92129
1580.10000,-0.80938,0.80086,-0.90788
1580.15000,-0.80774,0.79924,-0.89553
1580.20000,-0.80190,0.79221,-0.88473
1580.25000,-0.79549,0.78448,-0.87349
1580.30000,-0.78913,0.77697,-0.86031
1580.35000,-0.78282,0.76964,-0.84710
1580.40000,-0.78029,0.76619,-0.83365
1580.45000,-0.78002,0.76587,-0.81341
1580.50000,-0.77975,0.76557,-0.79206
1580.55000,-0.77945,0.76526,-0.77103
1580.60000,-0.77932,0.76514,-0.75074
1580.65000,-0.77907,0.76492,-0.73020
1580.70000,-0.77878,0.76469,-0.70966
1580.75000,-0.77857,0.76451,-0.68979
1580.80000,-0.77829,0.76427,-0.67032
1580.85000,-0.77796,0.76401,-0.65055
1580.90000,-0.77767,0.76378,-0.63173
1580.95000,-0.77721,0.76345,-0.61212
1581.00000,-0.77669,0.76310,-0.59208
1581.05000,-0.77615,0.76275,-0.57164
1581.10000,-0.77581,0.76252,-0.55154
1581.15000,-0.77531,0.76223,-0.52995
1581.20000,-0.77479,0.76194,-0.50694
1581.25000,-0.77433,0.76170,-0.48268
1581.30000,-0.77371,0.76140,-0.45732
1581.35000,-0.77306,0.76109,-0.43097
1581.40000,-0.77238,0.76080,-0.40420
1581.45000,-0.77170,0.76053,-0.37737
1581.50000,-0.77100,0.76028,-0.35030
1581.55000,-0.77027,0.76004,-0.32306
1581.60000,-0.76962,0.75986,-0.29619
1581.65000,-0.76892,0.75967,-0.26923
1581.70000,-0.76816,0.75948,-0.24216
1581.75000,-0.76743,0.75931,-0.21510
1581.80000,-0.76665,0.75915,-0.18789
1581.85000,-0.76586,0.75902,-0.16071
1581.90000,-0.76507,0.75890,-0.13357
1581.95000,-0.76428,0.75881,-0.10646
1582.00000,-0.76349,0.75874,-0.07940
1582.05000,-0.76270,0.75869,-0.05240
1582.10000,-0.76191,0.75866,-0.02548
1582.15000,-0.76112,0.75865,0.00136
1582.20000,-0.76034,0.75867,0.02809
1582.25000,-0.75956,0.75870,0.05471
1582.30000,-0.75878,0.75876,0.08121
1582.35000,-0.75801,0.75883,0.10757
1582.40000,-0.75727,0.75891,0.13367
1582.45000,-0.75650,0.75901,0.16068
1582.50000,-0.75567,0.75915,0.19064
1582.55000,-0.75484,0.75932,0.22320
1582.60000,-0.75405,0.75950,0.25819
1582.65000,-0.75301,0.75977,0.29634
1582.70000,-0.75194,0.76011,0.33638
1582.75000,-0.75141,0.76028,0.37539
1582.80000,-0.75128,0.76034,0.41380
1582.85000,-0.75114,0.76040,0.45292
1582.90000,-0.75100,0.76048,0.49257
1582.95000,-0.75085,0.76056,0.53256
1583.00000,-0.75071,0.76065,0.57270
1583.05000,-0.75056,0.76074,0.61289
1583.10000,-0.75042,0.76085,0.65304
1583.15000,-0.75028,0.76096,0.69315
1583.20000,-0.75013,0.76109,0.73320
1583.25000,-0.74999,0.76122,0.77311
1583.30000,-0.74986,0.76136,0.81281
1583.35000,-0.74972,0.76151,0.85224
1583.40000,-0.74959,0.76166,0.89137
1583.45000,-0.74947,0.76182,0.93015
1583.50000,-0.74935,0.76199,0.96855
1583.55000,-0.74923,0.76217,1.00654
1583.60000,-0.74912,0.76235,1.04411
1583.65000,-0.74902,0.76254,1.08123
1583.70000,-0.74892,0.76273,1.11788
1583.75000,-0.74883,0.76293,1.15404
1583.80000,-0.74874,0.76313,1.18971
1583.85000,-0.74866,0.76334,1.22488
1583.90000,-0.74859,0.76355,1.25952
1583.95000,-0.74853,0.76376,1.29363
1584.00000,-0.74847,0.76398,1.32720
1584.05000,-0.74774,0.76567,1.35973
1584.10000,-0.74616,0.77255,1.39071
1584.15000,-0.74455,0.78229,1.42221
1584.20000,-0.74322,0.79220,1.45360
1584.25000,-0.74221,0.80215,1.48443
1584.30000,-0.74149,0.81212,1.51469
1584.35000,-0.74108,0.82211,1.54436
1584.40000,-0.74096,0.83211,1.57345
1584.45000,-0.74113,0.84211,1.60195
1584.50000,-0.74158,0.85210,1.62986
1584.55000,-0.74231,0.86207,1.65717
1584.60000,-0.74333,0.87218,1.68574
1584.65000,-0.74465,0.88259,1.71424
1584.70000,-0.74619,0.89254,1.74066
1584.75000,-0.74801,0.90248,1.76610
1584.80000,-0.75009,0.91246,1.79125
1584.85000,-0.75246,0.92262,1.81668
1584.90000,-0.75504,0.93258,1.84107
1584.95000,-0.75795,0.94270,1.86566
1585.00000,-0.76115,0.95281,1.88984
1585.05000,-0.76449,0.96261,1.91227
1585.10000,-0.76797,0.97211,1.93308
1585.15000,-0.77164,0.98154,1.95322
1585.20000,-0.77546,0.99077,1.97204
1585.25000,-0.77944,0.99992,1.99026
1585.30000,-0.78358,1.00900,2.00784
1585.35000,-0.78789,1.01801,2.02481
1585.40000,-0.79234,1.02694,2.04115
1585.45000,-0.79693,1.03581,2.05687
1585.50000,-0.80159,1.04464,2.07257
1585.55000,-0.80255,1.04870,2.08898
1585.60000,-0.80277,1.04914,2.10394
1585.65000,-0.80288,1.04932,2.11736
1585.70000,-0.80302,1.04955,2.13040
1585.75000,-0.80312,1.04971,2.14262
1585.80000,-0.80322,1.04987,2.15432
1585.85000,-0.80332,1.05002,2.16552
1585.90000,-0.80342,1.05017,2.17623
1585.95000,-0.80353,1.05033,2.18646
1586.00000,-0.80364,1.05048,2.19625
1586.05000,-0.80375,1.05063,2.20564
1586.10000,-0.80386,1.05078,2.21463
1586.15000,-0.80397,1.05093,2.22321
1586.20000,-0.80409,1.05108,2.23140
1586.25000,-0.80421,1.05123,2.23918
1586.30000,-0.80432,1.05137,2.24657
1586.35000,-0.80444,1.05152,2.25357
1586.40000,-0.80456,1.05167,2.26020
1586.45000,-0.80468,1.05182,2.26646
1586.50000,-0.80481,1.05196,2.27237
1586.55000,-0.80493,1.05211,2.27792
1586.60000,-0.80505,1.05225,2.28311
1586.65000,-0.80518,1.05239,2.28792
1586.70000,-0.80531,1.05254,2.29236
1586.75000,-0.80543,1.05268,2.29641
1586.80000,-0.80556,1.05282,2.30008
1586.85000,-0.80568,1.05296,2.30338
1586.90000,-0.80581,1.05310,2.30632
1586.95000,-0.80594,1.05324,2.30890
1587.00000,-0.80607,1.05338,2.31114
1587.05000,-0.80619,1.05352,2.31304
1587.10000,-0.80632,1.05366,2.31461
1587.15000,-0.80645,1.05380,2.31588
1587.20000,-0.80658,1.05394,2.31686
1587.25000,-0.80670,1.05408,2.31756
1587.30000,-0.80683,1.05422,2.31799
1587.35000,-0.80696,1.05435,2.31819
1587.40000,-0.80709,1.05449,2.31814
1587.45000,-0.80722,1.05463,2.31786
1587.50000,-0.80735,1.05477,2.31734
1587.55000,-0.80747,1.05491,2.31659
1587.60000,-0.80760,1.05505,2.31562
1587.65000,-0.80773,1.05519,2.31443
1587.70000,-0.80786,1.05532,2.31301
1587.75000,-0.80798,1.05546,2.31138
1587.80000,-0.80811,1.05560,2.30952
1587.85000,-0.80824,1.05574,2.30745
1587.90000,-0.80836,1.05588,2.30516
1587.95000,-0.80849,1.05602,2.30264
1588.00000,-0.80862,1.05616,2.29990
1588.05000,-0.80874,1.05630,2.29694
1588.10000,-0.80886,1.05644,2.29375
1588.15000,-0.80899,1.05658,2.29035
1588.20000,-0.80911,1.05672,2.28674
1588.25000,-0.80923,1.05687,2.28293
1588.30000,-0.80936,1.05701,2.27895
1588.35000,-0.80948,1.05715,2.27479
1588.40000,-0.80960,1.05729,2.27047
1588.45000,-0.80972,1.05744,2.26599
1588.50000,-0.80984,1.05758,2.26135
1588.55000,-0.80996,1.05773,2.25655
1588.60000,-0.81008,1.05787,2.25159
1588.65000,-0.81020,1.05802,2.24648
1588.70000,-0.81031,1.05817,2.24122
1588.75000,-0.81043,1.05832,2.23581
1588.80000,-0.81055,1.05847,2.23025
1588.85000,-0.81066,1.05862,2.22456
1588.90000,-0.81078,1.05877,2.21873
1588.95000,-0.81089,1.05892,2.21278
1589.00000,-0.81101,1.05907,2.20671
1589.05000,-0.81112,1.05923,2.20051
1589.10000,-0.81123,1.05938,2.19419
1589.15000,-0.81134,1.05954,2.18776
1589.20000,-0.81145,1.05969,2.18122
1589.25000,-0.81156,1.05985,2.17457
1589.30000,-0.81167,1.06001,2.16784
1589.35000,-0.81178,1.06017,2.16101
1589.40000,-0.81189,1.06033,2.15410
1589.45000,-0.81199,1.06049,2.14712
1589.50000,-0.81210,1.06065,2.14007
1589.55000,-0.81220,1.06082,2.13296
1589.60000,-0.81231,1.06098,2.12580
1589.65000,-0.81241,1.06115,2.11858
1589.70000,-0.81251,1.06131,2.11132
1589.75000,-0.81261,1.06148,2.10402
1589.80000,-0.81271,1.06165,2.09669
1589.85000,-0.81280,1.06182,2.08932
1589.90000,-0.81290,1.06199,2.08193
1589.95000,-0.81299,1.06216,2.07452
1590.00000,-0.81309,1.06233,2.06709
1590.05000,-0.81318,1.06250,2.05965
1590.10000,-0.81438,1.06399,2.05287
1590.15000,-0.81822,1.06826,2.04740
1590.20000,-0.82270,1.07585,2.03967
1590.25000,-0.82719,1.08479,2.03213
1590.30000,-0.83158,1.09372,2.02446
1590.35000,-0.83593,1.10272,2.01695
1590.40000,-0.84021,1.11176,2.00948
1590.45000,-0.84433,1.12066,2.00134
1590.50000,-0.84837,1.12959,1.99323
1590.55000,-0.85234,1.13855,1.98526
1590.60000,-0.85625,1.14755,1.97748
1590.65000,-0.86008,1.15659,1.96996
1590.70000,-0.86385,1.16566,1.96278
1590.75000,-0.86757,1.17476,1.95602
1590.80000,-0.87123,1.18390,1.94988
1590.85000,-0.87484,1.19308,1.94454
1590.90000,-0.87845,1.20234,1.94066
1590.95000,-0.88205,1.21165,1.93839
1591.00000,-0.88564,1.22099,1.93787
1591.05000,-0.88924,1.23032,1.93993
1591.10000,-0.89286,1.23962,1.94529
1591.15000,-0.89651,1.24893,1.95103
1591.20000,-0.89718,1.25276,1.96106
1591.25000,-0.89738,1.25340,1.98972
1591.30000,-0.89757,1.25379,2.02561
1591.35000,-0.89759,1.25382,2.06106
1591.40000,-0.89761,1.25386,2.09708
1591.45000,-0.89763,1.25389,2.13418
1591.50000,-0.89765,1.25393,2.17375
1591.55000,-0.89768,1.25397,2.21687
1591.60000,-0.89772,1.25401,2.26327
1591.65000,-0.89776,1.25406,2.31204
1591.70000,-0.89782,1.25412,2.36204
1591.75000,-0.89788,1.25418,2.41242
1591.80000,-0.89795,1.25424,2.46291
1591.85000,-0.89802,1.25429,2.51340
1591.90000,-0.89810,1.25434,2.56372
1591.95000,-0.89818,1.25439,2.61402
1592.00000,-0.89827,1.25444,2.66463
1592.05000,-0.89837,1.25449,2.71583
1592.10000,-0.89849,1.25454,2.76748
1592.15000,-0.89863,1.25459,2.81930
1592.20000,-0.89877,1.25464,2.87093
1592.25000,-0.89892,1.25467,2.92213
1592.30000,-0.89906,1.25470,2.97289
1592.35000,-0.89922,1.25472,3.02318
1592.40000,-0.89937,1.25474,3.07299
1592.45000,-0.89953,1.25475,3.12249
1592.50000,-0.89970,1.25475,-3.11130
1592.55000,-0.89988,1.25473,-3.06193
1592.60000,-0.90009,1.25471,-3.01260
1592.65000,-0.90032,1.25468,-2.96340
1592.70000,-0.90056,1.25463,-2.91445
1592.75000,-0.90082,1.25456,-2.86583
1592.80000,-0.90109,1.25448,-2.81768
1592.85000,-0.90135,1.25438,-2.77011
1592.90000,-0.90161,1.25428,-2.72314
1592.95000,-0.90186,1.25416,-2.67678
1593.00000,-0.90211,1.25402,-2.63105
1593.05000,-0.90235,1.25388,-2.58592
1593.10000,-0.90260,1.25372,-2.54133
1593.15000,-0.90284,1.25354,-2.49722
1593.20000,-0.90310,1.25334,-2.45353
1593.25000,-0.90336,1.25312,-2.41027
1593.30000,-0.90364,1.25286,-2.36743
1593.35000,-0.90392,1.25257,-2.32509
1593.40000,-0.90420,1.25226,-2.28333
1593.45000,-0.90446,1.25194,-2.24222
1593.50000,-0.90472,1.25160,-2.20180
1593.55000,-0.90496,1.25126,-2.16205
1593.60000,-0.90519,1.25091,-2.12298
1593.65000,-0.90540,1.25054,-2.08458
1593.70000,-0.90561,1.25016,-2.04679
1593.75000,-0.90700,1.24784,-2.01048
1593.80000,-0.91026,1.24066,-1.97758
1593.85000,-0.91390,1.23177,-1.94203
1593.90000,-0.91733,1.22248,-1.90572
1593.95000,-0.92040,1.21312,-1.87012
1594.00000,-0.92314,1.20366,-1.83526
1594.05000,-0.92554,1.19408,-1.79695
1594.10000,-0.92760,1.18438,-1.76384
1594.15000,-0.92932,1.17475,-1.73120
1594.20000,-0.93063,1.16569,-1.69722
1594.25000,-0.93164,1.15657,-1.66427
1594.30000,-0.93235,1.14739,-1.63243
1594.35000,-0.93277,1.13817,-1.60177
1594.40000,-0.93292,1.12891,-1.57226
1594.45000,-0.93280,1.11963,-1.54375
1594.50000,-0.93242,1.11033,-1.51611
1594.55000,-0.93179,1.10102,-1.48929
1594.60000,-0.93091,1.09172,-1.46317
1594.65000,-0.92978,1.08242,-1.43778
1594.70000,-0.92842,1.07314,-1.41313
1594.75000,-0.92683,1.06386,-1.38935
1594.80000,-0.92503,1.05460,-1.36698
1594.85000,-0.92312,1.04534,-1.34466
1594.90000,-0.92282,1.04032,-1.32344
1594.95000,-0.92284,1.03892,-1.30795
1595.00000,-0.92283,1.03880,-1.30306
1595.05000,-0.92283,1.03878,-1.30519
1595.10000,-0.92282,1.03875,-1.30524
1595.15000,-0.92281,1.03871,-1.29915
1595.20000,-0.92278,1.03855,-1.28832
1595.25000,-0.92270,1.03829,-1.27499
1595.30000,-0.92261,1.03796,-1.25881
1595.35000,-0.92251,1.03761,-1.24210
1595.40000,-0.92243,1.03728,-1.22559
1595.45000,-0.92235,1.03698,-1.20927
1595.50000,-0.92226,1.03668,-1.19318
1595.55000,-0.92226,1.03660,-1.17627
1595.60000,-0.92212,1.03624,-1.16056
1595.65000,-0.92198,1.03591,-1.14563
1595.70000,-0.92191,1.03576,-1.13164
1595.75000,-0.92181,1.03551,-1.11731
1595.80000,-0.92167,1.03520,-1.10371
1595.85000,-0.92159,1.03499,-1.09045
1595.90000,-0.92157,1.03486,-1.07720
1595.95000,-0.92150,1.03469,-1.06483
1596.00000,-0.92136,1.03447,-1.05238
1596.05000,-0.92118,1.03414,-1.04010
1596.10000,-0.92105,1.03392,-1.02801
1596.15000,-0.92090,1.03365,-1.01654
1596.20000,-0.92071,1.03333,-1.00531
1596.25000,-0.92055,1.03307,-0.99415
1596.30000,-0.92035,1.03277,-0.98392
1596.35000,-0.92022,1.03257,-0.97378
1596.40000,-0.92007,1.03235,-0.96414
1596.45000,-0.91988,1.03206,-0.95528
1596.50000,-0.91967,1.03176,-0.94661
1596.55000,-0.91947,1.03148,-0.93857
1596.60000,-0.91932,1.03126,-0.93066
1596.65000,-0.91919,1.03107,-0.92291
1596.70000,-0.91900,1.03080,-0.91569
1596.75000,-0.91880,1.03053,-0.90883
1596.80000,-0.91858,1.03025,-0.90223
1596.85000,-0.91843,1.03007,-0.89563
1596.90000,-0.91831,1.02991,-0.88929
1596.95000,-0.91817,1.02974,-0.88321
1597.00000,-0.91802,1.02955,-0.87738
1597.05000,-0.91785,1.02935,-0.87182
1597.10000,-0.91767,1.02914,-0.86658
1597.15000,-0.91748,1.02892,-0.86169
1597.20000,-0.91729,1.02870,-0.85720
1597.25000,-0.91708,1.02846,-0.85307
1597.30000,-0.91687,1.02822,-0.84929
1597.35000,-0.91665,1.02797,-0.84579
1597.40000,-0.91643,1.02772,-0.84248
1597.45000,-0.91619,1.02745,-0.83931
1597.50000,-0.91594,1.02717,-0.83626
1597.55000,-0.91567,1.02688,-0.83333
1597.60000,-0.91539,1.02657,-0.83052
1597.65000,-0.91510,1.02625,-0.82785
1597.70000,-0.91479,1.02592,-0.82531
1597.75000,-0.91447,1.02558,-0.82292
1597.80000,-0.91415,1.02522,-0.82073
1597.85000,-0.91381,1.02487,-0.81879
1597.90000,-0.91348,1.02451,-0.81714
1597.95000,-0.91314,1.02414,-0.81576
1598.00000,-0.91279,1.02378,-0.81464
1598.05000,-0.91244,1.02341,-0.81376
1598.10000,-0.91208,1.02303,-0.81308
1598.15000,-0.91172,1.02265,-0.81247
1598.20000,-0.91136,1.02227,-0.81190
1598.25000,-0.91100,1.02189,-0.81133
1598.30000,-0.91063,1.02150,-0.81077
1598.35000,-0.91025,1.02110,-0.81021
1598.40000,-0.90988,1.02071,-0.80967
1598.45000,-0.90949,1.02031,-0.80918
1598.50000,-0.90911,1.01990,-0.80881
1598.55000,-0.90872,1.01950,-0.80864
1598.60000,-0.90834,1.01909,-0.80867
1598.65000,-0.90795,1.01869,-0.80889
1598.70000,-0.90756,1.01828,-0.80930
1598.75000,-0.90717,1.01787,-0.80986
1598.80000,-0.90678,1.01746,-0.81051
1598.85000,-0.90639,1.01705,-0.81115
1598.90000,-0.90601,1.01665,-0.81170
1598.95000,-0.90564,1.01626,-0.81215
1599.00000,-0.90389,1.01447,-0.81251
1599.05000,-0.89777,1.00826,-0.81260
1599.10000,-0.89089,1.00099,-0.81274
1599.15000,-0.88401,0.99373,-0.81245
1599.20000,-0.87712,0.98647,-0.81180
1599.25000,-0.87023,0.97922,-0.81069
1599.30000,-0.86334,0.97198,-0.80918
1599.35000,-0.85647,0.96479,-0.80711
1599.40000,-0.84959,0.95762,-0.80444
1599.45000,-0.84270,0.95049,-0.80092
1599.50000,-0.83581,0.94341,-0.79631
1599.55000,-0.82886,0.93636,-0.79013
1599.60000,-0.82181,0.92930,-0.78186
1599.65000,-0.81485,0.92247,-0.76972
1599.70000,-0.80790,0.91573,-0.75677
1599.75000,-0.80511,0.91316,-0.74251
1599.80000,-0.80471,0.91283,-0.71319
1599.85000,-0.80441,0.91257,-0.67726
1599.90000,-0.80413,0.91234,-0.63966
1599.95000,-0.80388,0.91213,-0.60123
1600.00000,-0.80301,0.91155,-0.55874
1600.05000,-0.80207,0.91098,-0.51539
1600.10000,-0.80110,0.91045,-0.47116
1600.15000,-0.80051,0.91016,-0.42820
1600.20000,-0.80044,0.91013,-0.38734
1600.25000,-0.80037,0.91010,-0.34665
1600.30000,-0.80030,0.91008,-0.30626
1600.35000,-0.80022,0.91006,-0.26599
1600.40000,-0.80015,0.91004,-0.22574
1600.45000,-0.80007,0.91002,-0.18543
1600.50000,-0.79999,0.91001,-0.14489
1600.55000,-0.79991,0.91000,-0.10394
1600.60000,-0.79983,0.90999,-0.06249
1600.65000,-0.79974,0.90999,-0.02027
1600.70000,-0.79965,0.90999,0.02284
1600.75000,-0.79956,0.90999,0.06661
1600.80000,-0.79946,0.91000,0.11080
1600.85000,-0.79936,0.91002,0.15527
1600.90000,-0.79925,0.91004,0.19990
1600.95000,-0.79914,0.91006,0.24467
1601.00000,-0.79903,0.91009,0.28952
1601.05000,-0.79892,0.91013,0.33442
1601.10000,-0.79880,0.91017,0.37931
1601.15000,-0.79868,0.91022,0.42409
1601.20000,-0.79857,0.91028,0.46859
1601.25000,-0.79845,0.91034,0.51269
1601.30000,-0.79834,0.91041,0.55629
1601.35000,-0.79823,0.91048,0.59929
1601.40000,-0.79812,0.91056,0.64170
1601.45000,-0.79801,0.91064,0.68354
1601.50000,-0.79791,0.91072,0.72486
1601.55000,-0.79781,0.91082,0.76582
1601.60000,-0.79771,0.91092,0.80661
1601.65000,-0.79761,0.91102,0.84726
1601.70000,-0.79752,0.91114,0.88773
1601.75000,-0.79742,0.91126,0.92793
1601.80000,-0.79733,0.91138,0.96782
1601.85000,-0.79724,0.91152,1.00735
1601.90000,-0.79716,0.91166,1.04646
1601.95000,-0.79708,0.91180,1.08510
1602.00000,-0.79700,0.91196,1.12323
1602.05000,-0.79693,0.91211,1.16082
1602.10000,-0.79687,0.91227,1.19781
1602.15000,-0.79578,0.91435,1.23330
1602.20000,-0.79317,0.92206,1.26387
1602.25000,-0.79038,0.93143,1.29819
1602.30000,-0.78785,0.94110,1.33280
1602.35000,-0.78566,0.95086,1.36667
1602.40000,-0.78380,0.96068,1.39976
1602.45000,-0.78225,0.97056,1.43205
1602.50000,-0.78103,0.98049,1.46352
1602.55000,-0.78011,0.99044,1.49418
1602.60000,-0.77949,1.00042,1.52406
1602.65000,-0.77917,1.01042,1.55312
1602.70000,-0.77914,1.02042,1.58130
1602.75000,-0.77938,1.03041,1.60855
1602.80000,-0.77989,1.04040,1.63483
1602.85000,-0.78065,1.05037,1.66009
1602.90000,-0.78167,1.06032,1.68431
1602.95000,-0.78292,1.07043,1.70825
1603.00000,-0.78443,1.08064,1.73161
1603.05000,-0.78619,1.09097,1.75492
1603.10000,-0.78824,1.10132,1.77713
1603.15000,-0.79040,1.11159,1.79951
1603.20000,-0.79174,1.12074,1.82252
1603.25000,-0.79186,1.12334,1.84270
1603.30000,-0.79201,1.12386,1.85953
1603.35000,-0.79216,1.12439,1.87612
1603.40000,-0.79232,1.12490,1.89285
1603.45000,-0.79250,1.12542,1.90954
1603.50000,-0.79269,1.12595,1.92608
1603.55000,-0.79289,1.12647,1.94243
1603.60000,-0.79309,1.12697,1.95835
1603.65000,-0.79329,1.12746,1.97383
1603.70000,-0.79351,1.12795,1.98894
1603.75000,-0.79372,1.12842,2.00372
1603.80000,-0.79394,1.12889,2.01817
1603.85000,-0.79416,1.12934,2.03227
1603.90000,-0.79439,1.12979,2.04603
1603.95000,-0.79462,1.13023,2.05945
1604.00000,-0.79485,1.13066,2.07255
1604.05000,-0.79507,1.13107,2.08538
1604.10000,-0.79529,1.13146,2.09797
1604.15000,-0.79550,1.13184,2.11026
1604.20000,-0.79572,1.13221,2.12223
1604.25000,-0.79590,1.13251,2.13433
1604.30000,-0.79613,1.13287,2.14559
1604.35000,-0.79630,1.13314,2.15683
1604.40000,-0.79643,1.13334,2.16830
1604.45000,-0.79658,1.13354,2.17964
1604.50000,-0.79672,1.13375,2.19097
1604.55000,-0.79685,1.13396,2.20230
1604.60000,-0.79699,1.13416,2.21361
1604.65000,-0.79713,1.13436,2.22492
1604.70000,-0.79726,1.13456,2.23622
1604.75000,-0.79743,1.13477,2.24378
1604.80000,-0.79763,1.13502,2.25048
1604.85000,-0.79781,1.13525,2.25668
1604.90000,-0.79799,1.13546,2.26239
1604.95000,-0.79813,1.13563,2.26781
1605.00000,-0.79829,1.13583,2.27263
1605.05000,-0.79847,1.13602,2.27696
1605.10000,-0.79863,1.13621,2.28105
1605.15000,-0.79877,1.13638,2.28451
1605.20000,-0.79893,1.13656,2.28743
1605.25000,-0.79908,1.13673,2.28971
1605.30000,-0.79921,1.13688,2.29168
1605.35000,-0.79933,1.13701,2.29325
1605.40000,-0.79945,1.13715,2.29430
1605.45000,-0.79957,1.13729,2.29483
1605.50000,-0.79969,1.13743,2.29485
1605.55000,-0.79982,1.13756,2.29436
1605.60000,-0.79994,1.13770,2.29334
1605.65000,-0.80006,1.13784,2.29180
1605.70000,-0.80017,1.13797,2.28982
1605.75000,-0.80027,1.13808,2.28747
1605.80000,-0.80036,1.13818,2.28467
1605.85000,-0.80044,1.13827,2.28132
1605.90000,-0.80053,1.13836,2.27752
1605.95000,-0.80060,1.13846,2.27311
1606.00000,-0.80065,1.13852,2.26828
1606.05000,-0.80073,1.13861,2.26275
1606.10000,-0.80079,1.13868,2.25720
1606.15000,-0.80080,1.13870,2.25112
1606.20000,-0.80081,1.13872,2.24500
1606.25000,-0.80083,1.13873,2.23888
1606.30000,-0.80085,1.13876,2.23193
1606.35000,-0.80086,1.13877,2.22447
1606.40000,-0.80088,1.13879,2.21617
1606.45000,-0.80089,1.13879,2.20747
1606.50000,-0.80090,1.13881,2.19896
1606.55000,-0.80086,1.13876,2.18988
1606.60000,-0.80087,1.13877,2.18044
1606.65000,-0.80095,1.13889,2.16994
1606.70000,-0.80103,1.13899,2.15945
1606.75000,-0.80107,1.13906,2.14897
1606.80000,-0.80103,1.13899,2.13867
1606.85000,-0.80103,1.13899,2.12794
1606.90000,-0.80099,1.13892,2.11667
1606.95000,-0.80095,1.13885,2.10423
1607.00000,-0.80088,1.13873,2.09118
1607.05000,-0.80080,1.13858,2.07754
1607.10000,-0.80070,1.13841,2.06268
1607.15000,-0.80060,1.13822,2.04672
1607.20000,-0.80048,1.13797,2.02966
1607.25000,-0.80034,1.13769,2.01165
1607.30000,-0.80019,1.13736,1.99233
1607.35000,-0.80002,1.13700,1.97138
1607.40000,-0.79985,1.13660,1.94884
1607.45000,-0.79968,1.13616,1.92474
1607.50000,-0.79951,1.13567,1.89888
1607.55000,-0.79933,1.13512,1.87105
1607.60000,-0.79916,1.13452,1.84100
1607.65000,-0.79899,1.13388,1.80869
1607.70000,-0.79884,1.13318,1.77421
1607.75000,-0.79870,1.13252,1.73761
1607.80000,-0.79857,1.13169,1.69844
1607.85000,-0.79847,1.13081,1.65714
1607.90000,-0.79845,1.13054,1.61657
1607.95000,-0.79845,1.13069,1.57657
1608.00000,-0.79845,1.13084,1.53589
1608.05000,-0.79844,1.13099,1.49492
1608.10000,-0.79843,1.13114,1.45375
1608.15000,-0.79841,1.13130,1.41227
1608.20000,-0.79838,1.13146,1.37033
1608.25000,-0.79834,1.13162,1.32765
1608.30000,-0.79829,1.13179,1.28395
1608.35000,-0.79824,1.13196,1.23927
1608.40000,-0.79817,1.13214,1.19370
1608.45000,-0.79809,1.13234,1.14733
1608.50000,-0.79800,1.13253,1.10025
1608.55000,-0.79788,1.13274,1.05254
1608.60000,-0.79776,1.13295,1.00428
1608.65000,-0.79761,1.13317,0.95554
1608.70000,-0.79744,1.13340,0.90641
1608.75000,-0.79725,1.13363,0.85692
1608.80000,-0.79703,1.13387,0.80713
1608.85000,-0.79679,1.13411,0.75726
1608.90000,-0.79652,1.13435,0.70759
1608.95000,-0.79625,1.13457,0.65828
1609.00000,-0.79596,1.13479,0.60943
1609.05000,-0.79566,1.13499,0.56105
1609.10000,-0.79534,1.13517,0.51314
1609.15000,-0.79502,1.13535,0.46557
1609.20000,-0.79468,1.13551,0.41822
1609.25000,-0.79432,1.13566,0.37103
1609.30000,-0.79394,1.13579,0.32402
1609.35000,-0.79354,1.13592,0.27720
1609.40000,-0.79313,1.13602,0.23060
1609.45000,-0.79269,1.13612,0.18421
1609.50000,-0.79224,1.13619,0.13807
1609.55000,-0.79176,1.13624,0.09219
1609.60000,-0.79126,1.13628,0.04658
1609.65000,-0.79074,1.13629,0.00125
1609.70000,-0.79021,1.13628,-0.04378
1609.75000,-0.78965,1.13624,-0.08845
1609.80000,-0.78909,1.13618,-0.13259
1609.85000,-0.78853,1.13609,-0.17607
1609.90000,-0.78798,1.13598,-0.21889
1609.95000,-0.78743,1.13585,-0.26103
1610.00000,-0.78689,1.13569,-0.30249
1610.05000,-0.78636,1.13551,-0.34333
1610.10000,-0.78583,1.13531,-0.38360
1610.15000,-0.78531,1.13509,-0.42336
1610.20000,-0.78479,1.13485,-0.46267
1610.25000,-0.78427,1.13458,-0.50154
1610.30000,-0.78376,1.13428,-0.53997
1610.35000,-0.78325,1.13396,-0.57796
1610.40000,-0.78119,1.13238,-0.61569
1610.45000,-0.77550,1.12814,-0.65257
1610.50000,-0.76859,1.12264,-0.69222
1610.55000,-0.76177,1.11676,-0.73182
1610.60000,-0.75517,1.11059,-0.77027
1610.65000,-0.74878,1.10416,-0.80746
1610.70000,-0.74261,1.09747,-0.84332
1610.75000,-0.73665,1.09055,-0.87783
1610.80000,-0.73091,1.08340,-0.91097
1610.85000,-0.72539,1.07604,-0.94272
1610.90000,-0.72007,1.06848,-0.97322
1610.95000,-0.71497,1.06074,-1.00215
1611.00000,-0.71007,1.05284,-1.02965
1611.05000,-0.70536,1.04475,-1.05557
1611.10000,-0.70083,1.03653,-1.07962
1611.15000,-0.69639,1.02823,-1.10362
1611.20000,-0.69542,1.02454,-1.12422
1611.25000,-0.69553,1.02477,-1.14071
1611.30000,-0.69561,1.02497,-1.15550
1611.35000,-0.69570,1.02519,-1.16962
1611.40000,-0.69576,1.02535,-1.18309
1611.45000,-0.69584,1.02554,-1.19585
1611.50000,-0.69590,1.02571,-1.20797
1611.55000,-0.69596,1.02587,-1.21956
1611.60000,-0.69601,1.02603,-1.23071
1611.65000,-0.69606,1.02618,-1.24150
1611.70000,-0.69611,1.02633,-1.25216
1611.75000,-0.69615,1.02649,-1.26267
1611.80000,-0.69620,1.02663,-1.27309
1611.85000,-0.69624,1.02678,-1.28344
1611.90000,-0.69627,1.02693,-1.29363
1611.95000,-0.69628,1.02698,-1.30364
1612.00000,-0.69626,1.02688,-1.31379
1612.05000,-0.69626,1.02689,-1.32265
1612.10000,-0.69626,1.02690,-1.33085
1612.15000,-0.69627,1.02693,-1.33803
1612.20000,-0.69626,1.02692,-1.34500
1612.25000,-0.69625,1.02686,-1.35150
1612.30000,-0.69622,1.02676,-1.35812
1612.35000,-0.69621,1.02672,-1.36331
1612.40000,-0.69620,1.02668,-1.36784
1612.45000,-0.69620,1.02663,-1.37203
1612.50000,-0.69619,1.02659,-1.37594
1612.55000,-0.69619,1.02654,-1.37958
1612.60000,-0.69618,1.02649,-1.38285
1612.65000,-0.69618,1.02643,-1.38573
1612.70000,-0.69617,1.02638,-1.38799
1612.75000,-0.69616,1.02633,-1.38956
1612.80000,-0.69615,1.02626,-1.39082
1612.85000,-0.69613,1.02618,-1.39158
1612.90000,-0.69612,1.02610,-1.39184
1612.95000,-0.69610,1.02602,-1.39127
1613.00000,-0.69609,1.02593,-1.38982
1613.05000,-0.69607,1.02581,-1.38713
1613.10000,-0.69604,1.02569,-1.38330
1613.15000,-0.69602,1.02557,-1.37922
1613.20000,-0.69600,1.02546,-1.37333
1613.25000,-0.69597,1.02526,-1.36621
1613.30000,-0.69593,1.02507,-1.35800
1613.35000,-0.69591,1.02493,-1.34851
1613.40000,-0.69589,1.02485,-1.33788
1613.45000,-0.69586,1.02473,-1.32704
1613.50000,-0.69584,1.02463,-1.31579
1613.55000,-0.69581,1.02453,-1.30453
1613.60000,-0.69577,1.02438,-1.29301
1613.65000,-0.69571,1.02418,-1.28057
1613.70000,-0.69560,1.02377,-1.26745
1613.75000,-0.69552,1.02344,-1.25233
1613.80000,-0.69544,1.02309,-1.23352
1613.85000,-0.69524,1.02251,-1.21115
1613.90000,-0.69499,1.02186,-1.18389
1613.95000,-0.69466,1.02108,-1.15196
1614.00000,-0.69447,1.02065,-1.11672
1614.05000,-0.69445,1.02062,-1.07930
1614.10000,-0.69444,1.02059,-1.04024
1614.15000,-0.69442,1.02056,-1.00091
1614.20000,-0.69440,1.02053,-0.96149
1614.25000,-0.69438,1.02050,-0.92195
1614.30000,-0.69436,1.02048,-0.88203
1614.35000,-0.69434,1.02045,-0.84087
1614.40000,-0.69431,1.02042,-0.79808
1614.45000,-0.69428,1.02040,-0.75333
1614.50000,-0.69425,1.02037,-0.70643
1614.55000,-0.69422,1.02034,-0.65775
1614.60000,-0.69418,1.02031,-0.60789
1614.65000,-0.69413,1.02028,-0.55739
1614.70000,-0.69409,1.02025,-0.50660
1614.75000,-0.69404,1.02023,-0.45587
1614.80000,-0.69399,1.02021,-0.40540
1614.85000,-0.69393,1.02018,-0.35518
1614.90000,-0.69388,1.02017,-0.30523
1614.95000,-0.69383,1.02015,-0.25549
1615.00000,-0.69377,1.02014,-0.20559
1615.05000,-0.69371,1.02013,-0.15542
1615.10000,-0.69364,1.02012,-0.10489
1615.15000,-0.69357,1.02011,-0.05396
1615.20000,-0.69350,1.02011,-0.00282
1615.25000,-0.69342,1.02011,0.04839
1615.30000,-0.69333,1.02012,0.09949
1615.35000,-0.69325,1.02013,0.15025
1615.40000,-0.69317,1.02014,0.20057
1615.45000,-0.69308,1.02016,0.25046
1615.50000,-0.69300,1.02019,0.29989
1615.55000,-0.69292,1.02021,0.34885
1615.60000,-0.69284,1.02025,0.39734
1615.65000,-0.69276,1.02028,0.44534
1615.70000,-0.69268,1.02032,0.49292
1615.75000,-0.69260,1.02037,0.54013
1615.80000,-0.69252,1.02042,0.58702
1615.85000,-0.69243,1.02048,0.63361
1615.90000,-0.69235,1.02054,0.67989
1615.95000,-0.69226,1.02062,0.72583
1616.00000,-0.69165,1.02116,0.77402
1616.05000,-0.69151,1.02129,0.81921
1616.10000,-0.69133,1.02148,0.86407
1616.15000,-0.69121,1.02162,0.90800
1616.20000,-0.69082,1.02211,0.95304
1616.25000,-0.69068,1.02228,0.99582
1616.30000,-0.69056,1.02244,1.03786
1616.35000,-0.69041,1.02265,1.07947
1616.40000,-0.69022,1.02298,1.12086
1616.45000,-0.68977,1.02394,1.16445
1616.50000,-0.68960,1.02432,1.20481
1616.55000,-0.68935,1.02491,1.24542
1616.60000,-0.68925,1.02517,1.28396
1616.65000,-0.68908,1.02576,1.32322
1616.70000,-0.68898,1.02612,1.36091
1616.75000,-0.68895,1.02625,1.39706
1616.80000,-0.68839,1.02836,1.43223
1616.85000,-0.68732,1.03643,1.46520
1616.90000,-0.68642,1.04675,1.50149
1616.95000,-0.68596,1.05581,1.53867
1617.00000,-0.68583,1.06489,1.57504
1617.05000,-0.68603,1.07400,1.61055
1617.10000,-0.68655,1.08312,1.64517
1617.15000,-0.68739,1.09223,1.67900
1617.20000,-0.68853,1.10133,1.71210
1617.25000,-0.68997,1.11041,1.74450
1617.30000,-0.69170,1.11945,1.77619
1617.35000,-0.69372,1.12845,1.80713
1617.40000,-0.69602,1.13740,1.83727
1617.45000,-0.69860,1.14631,1.86662
1617.50000,-0.70143,1.15515,1.89521
1617.55000,-0.70452,1.16392,1.92321
1617.60000,-0.70745,1.17155,1.96020
1617.65000,-0.71004,1.17744,2.01194
1617.70000,-0.71204,1.18137,2.07738
1617.75000,-0.71350,1.18381,2.15309
1617.80000,-0.71466,1.18542,2.23527
1617.85000,-0.71553,1.18645,2.32191
1617.90000,-0.71571,1.18664,2.40929
1617.95000,-0.71572,1.18665,2.49273
1618.00000,-0.71573,1.18665,2.57093
1618.05000,-0.71573,1.18666,2.64564
1618.10000,-0.71574,1.18666,2.71694
1618.15000,-0.71575,1.18666,2.78440
1618.20000,-0.71575,1.18666,2.84742
1618.25000,-0.71576,1.18666,2.90556
1618.30000,-0.71577,1.18666,2.95906
1618.35000,-0.71764,1.18704,3.01085
1618.40000,-0.72155,1.18749,3.06072
1618.45000,-0.72419,1.18758,3.09187
1618.50000,-0.72481,1.18760,3.10999
1618.55000,-0.72520,1.18761,3.12477
1618.60000,-0.72558,1.18762,3.13819
1618.65000,-0.72592,1.18762,-3.13263
1618.70000,-0.72624,1.18761,-3.12130
1618.75000,-0.72654,1.18760,-3.11097
1618.80000,-0.72681,1.18760,-3.10164
1618.85000,-0.72706,1.18758,-3.09323
1618.90000,-0.72729,1.18757,-3.08584
1618.95000,-0.72748,1.18758,-3.07986
1619.00000,-0.72762,1.18757,-3.07521
1619.05000,-0.72776,1.18756,-3.07171
1619.10000,-0.72789,1.18757,-3.06924
1619.15000,-0.72800,1.18758,-3.06775
1619.20000,-0.72809,1.18757,-3.06716
1619.25000,-0.72816,1.18756,-3.06739
1619.30000,-0.72822,1.18756,-3.06835
1619.35000,-0.72828,1.18756,-3.07001
1619.40000,-0.72832,1.18756,-3.07161
1619.45000,-0.72834,1.18756,-3.07475
1619.50000,-0.72835,1.18755,-3.07874
1619.55000,-0.72835,1.18755,-3.08341
1619.60000,-0.72833,1.18756,-3.08870
1619.65000,-0.72832,1.18756,-3.09451
1619.70000,-0.72827,1.18756,-3.10082
1619.75000,-0.72822,1.18757,-3.10766
1619.80000,-0.72813,1.18757,-3.11506
1619.85000,-0.72804,1.18757,-3.12305
1619.90000,-0.72793,1.18757,-3.13152
1619.95000,-0.72782,1.18757,-3.14048
1620.00000,-0.72769,1.18757,3.13327
1620.05000,-0.72755,1.18757,3.12339
1620.10000,-0.72740,1.18757,3.11308
1620.15000,-0.72725,1.18756,3.10237
1620.20000,-0.72708,1.18756,3.09129
1620.25000,-0.72691,1.18755,3.07984
1620.30000,-0.72673,1.18753,3.06803
1620.35000,-0.72655,1.18752,3.05587
1620.40000,-0.72635,1.18750,3.04338
1620.45000,-0.72615,1.18748,3.03057
1620.50000,-0.72594,1.18746,3.01745
1620.55000,-0.72572,1.18743,3.00405
1620.60000,-0.72550,1.18739,2.99037
1620.65000,-0.72527,1.18736,2.97642
1620.70000,-0.72504,1.18732,2.96222
1620.75000,-0.72480,1.18727,2.94778
1620.80000,-0.72455,1.18722,2.93313
1620.85000,-0.72431,1.18717,2.91825
1620.90000,-0.72406,1.18711,2.90317
1620.95000,-0.72380,1.18705,2.88790
1621.00000,-0.72355,1.18698,2.87247
1621.05000,-0.72329,1.18691,2.85689
1621.10000,-0.72303,1.18683,2.84118
1621.15000,-0.72278,1.18675,2.82535
1621.20000,-0.72252,1.18666,2.80941
1621.25000,-0.72226,1.18657,2.79336
1621.30000,-0.72200,1.18647,2.77721
1621.35000,-0.72174,1.18637,2.76097
1621.40000,-0.72148,1.18626,2.74468
1621.45000,-0.72122,1.18615,2.72832
1621.50000,-0.72096,1.18604,2.71190
1621.55000,-0.72070,1.18591,2.69544
1621.60000,-0.72044,1.18579,2.67896
1621.65000,-0.72019,1.18566,2.66251
1621.70000,-0.71994,1.18553,2.64609
1621.75000,-0.71969,1.18539,2.62972
1621.80000,-0.71945,1.18525,2.61341
1621.85000,-0.71921,1.18511,2.59713
1621.90000,-0.71897,1.18496,2.58088
1621.95000,-0.71874,1.18481,2.56467
1622.00000,-0.71851,1.18466,2.54853
1622.05000,-0.71828,1.18451,2.53249
1622.10000,-0.71806,1.18435,2.51654
1622.15000,-0.71784,1.18419,2.50071
1622.20000,-0.71763,1.18403,2.48499
1622.25000,-0.71742,1.18387,2.46936
1622.30000,-0.71722,1.18370,2.45381
1622.35000,-0.71702,1.18354,2.43833
1622.40000,-0.71683,1.18337,2.42294
1622.45000,-0.71663,1.18320,2.40767
1622.50000,-0.71645,1.18303,2.39256
1622.55000,-0.71627,1.18286,2.37762
1622.60000,-0.71610,1.18269,2.36289
1622.65000,-0.71593,1.18253,2.34838
1622.70000,-0.71577,1.18236,2.33414
1622.75000,-0.71561,1.18220,2.32014
1622.80000,-0.71546,1.18203,2.30637
1622.85000,-0.71532,1.18187,2.29289
1622.90000,-0.71519,1.18173,2.27984
1622.95000,-0.71507,1.18158,2.26664
1623.00000,-0.71496,1.18146,2.25353
1623.05000,-0.71485,1.18132,2.24076
1623.10000,-0.71663,1.18328,2.22919
1623.15000,-0.72216,1.19050,2.21813
1623.20000,-0.72796,1.19826,2.20574
1623.25000,-0.73367,1.20611,2.19397
1623.30000,-0.73931,1.21404,2.18303
1623.35000,-0.74491,1.22211,2.17303
1623.40000,-0.75045,1.23023,2.16450
1623.45000,-0.75594,1.23841,2.15785
1623.50000,-0.76142,1.24669,2.15337
1623.55000,-0.76690,1.25502,2.15179
1623.60000,-0.77239,1.26337,2.15369
1623.65000,-0.77791,1.27177,2.15566
1623.70000,-0.77971,1.27539,2.15977
1623.75000,-0.77981,1.27556,2.17662
1623.80000,-0.78006,1.27592,2.19798
1623.85000,-0.78031,1.27625,2.22016
1623.90000,-0.78058,1.27659,2.24280
1623.95000,-0.78098,1.27709,2.26606
1624.00000,-0.78134,1.27751,2.29045
1624.05000,-0.78177,1.27798,2.31633
1624.10000,-0.78224,1.27848,2.34348
1624.15000,-0.78275,1.27899,2.37174
1624.20000,-0.78330,1.27951,2.40078
1624.25000,-0.78389,1.28004,2.43036
1624.30000,-0.78453,1.28057,2.46013
1624.35000,-0.78514,1.28107,2.49004
1624.40000,-0.78579,1.28156,2.51987
1624.45000,-0.78644,1.28201,2.54976
1624.50000,-0.78708,1.28243,2.57951
1624.55000,-0.78779,1.28287,2.60918
1624.60000,-0.78849,1.28328,2.63869
1624.65000,-0.78919,1.28366,2.66809
1624.70000,-0.78987,1.28401,2.69714
1624.75000,-0.79058,1.28435,2.72587
1624.80000,-0.79130,1.28466,2.75441
1624.85000,-0.79197,1.28492,2.78248
1624.90000,-0.79230,1.28506,2.80930
1624.95000,-0.79262,1.28518,2.83597
1625.00000,-0.79270,1.28520,2.86178
1625.05000,-0.79279,1.28523,2.88768
1625.10000,-0.79287,1.28525,2.91362
1625.15000,-0.79297,1.28527,2.93961
1625.20000,-0.79306,1.28529,2.96552
1625.25000,-0.79316,1.28530,2.99125
1625.30000,-0.79325,1.28531,3.01673
1625.35000,-0.79335,1.28533,3.04191
1625.40000,-0.79345,1.28533,3.06677
1625.45000,-0.79355,1.28534,3.09132
1625.50000,-0.79365,1.28534,3.11555
1625.55000,-0.79375,1.28535,3.13946
1625.60000,-0.79385,1.28535,-3.12015
1625.65000,-0.79395,1.28534,-3.09692
1625.70000,-0.79405,1.28534,-3.07418
1625.75000,-0.79414,1.28533,-3.05216
1625.80000,-0.79626,1.28490,-3.03022
1625.85000,-0.80442,1.28380,-3.00995
1625.90000,-0.81433,1.28239,-2.99083
1625.95000,-0.82423,1.28080,-2.97403
1626.00000,-0.83409,1.27906,-2.95989
1626.05000,-0.84391,1.27720,-2.94844
1626.10000,-0.85373,1.27524,-2.94018
1626.15000,-0.86352,1.27322,-2.93549
1626.20000,-0.87314,1.27123,-2.93115
1626.25000,-0.87895,1.27086,-2.92537
1626.30000,-0.88048,1.27095,-2.92414
1626.35000,-0.88119,1.27102,-2.92827
1626.40000,-0.88127,1.27100,-2.93584
1626.45000,-0.88136,1.27099,-2.94391
1626.50000,-0.88147,1.27097,-2.95227
1626.55000,-0.88158,1.27095,-2.96072
1626.60000,-0.88168,1.27093,-2.96944
1626.65000,-0.88179,1.27091,-2.97840
1626.70000,-0.88190,1.27089,-2.98758
1626.75000,-0.88201,1.27088,-2.99684
1626.80000,-0.88211,1.27086,-3.00642
1626.85000,-0.88222,1.27085,-3.01647
1626.90000,-0.88233,1.27083,-3.02718
1626.95000,-0.88244,1.27082,-3.03818
1627.00000,-0.88255,1.27081,-3.05023
1627.05000,-0.88267,1.27080,-3.06338
1627.10000,-0.88257,1.27081,-3.07851
1627.15000,-0.88264,1.27080,-3.09377
1627.20000,-0.88273,1.27080,-3.10955
1627.25000,-0.88283,1.27080,-3.12589
1627.30000,-0.88293,1.27080,3.14045
1627.35000,-0.88303,1.27080,3.12311
1627.40000,-0.88313,1.27080,3.10529
1627.45000,-0.88324,1.27081,3.08705
1627.50000,-0.88334,1.27081,3.06856
1627.55000,-0.88345,1.27082,3.04993
1627.60000,-0.88356,1.27083,3.03130
1627.65000,-0.88366,1.27084,3.01266
1627.70000,-0.88377,1.27086,2.99403
1627.75000,-0.88387,1.27088,2.97545
1627.80000,-0.88398,1.27089,2.95672
1627.85000,-0.88408,1.27091,2.93767
1627.90000,-0.88419,1.27094,2.91826
1627.95000,-0.88430,1.27096,2.89842
1628.00000,-0.88440,1.27099,2.87810
1628.05000,-0.88452,1.27102,2.85730
1628.10000,-0.88449,1.27102,2.83557
1628.15000,-0.88427,1.27100,2.81238
1628.20000,-0.88464,1.27113,2.78892
1628.25000,-0.88454,1.27117,2.76483
1628.30000,-0.88488,1.27137,2.74072
1628.35000,-0.88481,1.27134,2.71559
1628.40000,-0.88450,1.27122,2.69141
1628.45000,-0.88408,1.27101,2.66679
1628.50000,-0.88365,1.27078,2.64235
1628.55000,-0.88324,1.27055,2.61815
1628.60000,-0.88284,1.27031,2.59420
1628.65000,-0.88245,1.27007,2.57054
1628.70000,-0.88208,1.26982,2.54711
1628.75000,-0.88171,1.26956,2.52382
1628.80000,-0.88135,1.26930,2.50048
1628.85000,-0.88099,1.26902,2.47705
1628.90000,-0.88064,1.26874,2.45350
1628.95000,-0.88030,1.26845,2.42988
1629.00000,-0.87996,1.26815,2.40624
1629.05000,-0.87964,1.26785,2.38265
1629.10000,-0.87933,1.26754,2.35916
1629.15000,-0.87902,1.26723,2.33582
1629.20000,-0.87873,1.26691,2.31267
1629.25000,-0.87845,1.26660,2.28975
1629.30000,-0.87818,1.26628,2.26709
1629.35000,-0.87793,1.26596,2.24474
1629.40000,-0.87768,1.26564,2.22272
1629.45000,-0.87745,1.26533,2.20106
1629.50000,-0.87728,1.26507,2.17974
1629.55000,-0.87866,1.26648,2.15906
1629.60000,-0.88336,1.27330,2.14002
1629.65000,-0.88839,1.28136,2.12019
1629.70000,-0.89328,1.28952,2.10080
1629.75000,-0.89802,1.29779,2.08200
1629.80000,-0.90262,1.30617,2.06397
1629.85000,-0.90709,1.31465,2.04670
1629.90000,-0.91141,1.32321,2.03026
1629.95000,-0.91561,1.33186,2.01461
1630.00000,-0.91968,1.34059,1.99987
1630.05000,-0.92364,1.34941,1.98607
1630.10000,-0.92749,1.35830,1.97313
1630.15000,-0.93124,1.36725,1.96112
1630.20000,-0.93489,1.37627,1.95004
1630.25000,-0.93845,1.38535,1.93988
1630.30000,-0.94194,1.39450,1.93067
1630.35000,-0.94536,1.40368,1.92258
1630.40000,-0.94870,1.41292,1.91555
1630.45000,-0.95201,1.42221,1.90945
1630.50000,-0.95528,1.43156,1.90459
1630.55000,-0.95851,1.44094,1.90075
1630.60000,-0.96172,1.45036,1.89847
1630.65000,-0.96487,1.45961,1.89584
1630.70000,-0.96549,1.46439,1.89657
1630.75000,-0.96556,1.46462,1.89872
1630.80000,-0.96558,1.46470,1.90233
1630.85000,-0.96561,1.46478,1.90610
1630.90000,-0.96564,1.46486,1.90999
1630.95000,-0.96567,1.46494,1.91402
1631.00000,-0.96570,1.46502,1.91821
1631.05000,-0.96573,1.46510,1.92249
1631.10000,-0.96575,1.46517,1.92682
1631.15000,-0.96578,1.46525,1.93110
1631.20000,-0.96581,1.46532,1.93506
1631.25000,-0.96584,1.46540,1.93861
1631.30000,-0.96587,1.46547,1.94171
1631.35000,-0.96589,1.46554,1.94444
1631.40000,-0.96592,1.46560,1.94689
1631.45000,-0.96702,1.46707,1.95000
1631.50000,-0.97059,1.47442,1.95229
1631.55000,-0.97433,1.48372,1.95431
1631.60000,-0.97808,1.49301,1.95682
1631.65000,-0.98186,1.50229,1.95928
1631.70000,-0.98310,1.50794,1.96367
1631.75000,-0.98313,1.50837,1.96998
1631.80000,-0.98316,1.50846,1.97792
1631.85000,-0.98319,1.50852,1.98576
1631.90000,-0.98322,1.50859,1.99344
1631.95000,-0.98324,1.50864,1.99861
1632.00000,-0.98434,1.50999,2.00415
1632.05000,-0.98834,1.51695,2.00736
1632.10000,-0.99257,1.52596,2.00699
1632.15000,-0.99677,1.53499,2.00330
1632.20000,-1.00082,1.54391,1.99212
1632.25000,-1.00429,1.55220,1.97945
1632.30000,-1.00584,1.55676,1.95737
1632.35000,-1.00731,1.56080,1.92347
1632.40000,-1.00790,1.56249,1.87717
1632.45000,-1.00792,1.56256,1.82340
1632.50000,-1.00793,1.56261,1.76966
1632.55000,-1.00794,1.56267,1.71627
1632.60000,-1.00795,1.56274,1.66303
1632.65000,-1.00795,1.56280,1.61003
1632.70000,-1.00795,1.56286,1.55714
1632.75000,-1.00795,1.56293,1.50371
1632.80000,-1.00794,1.56301,1.44974
1632.85000,-1.00793,1.56311,1.39573
1632.90000,-1.00791,1.56322,1.34204
1632.95000,-1.00787,1.56334,1.28871
1633.00000,-1.00783,1.56348,1.23568
1633.05000,-1.00777,1.56363,1.18303
1633.10000,-1.00770,1.56378,1.13103
1633.15000,-1.00763,1.56394,1.07993
1633.20000,-1.00754,1.56409,1.02970
1633.25000,-1.00744,1.56424,0.98017
1633.30000,-1.00734,1.56439,0.93139
1633.35000,-1.00723,1.56453,0.88336
1633.40000,-1.00731,1.56443,0.83474
1633.45000,-1.00718,1.56457,0.78754
1633.50000,-1.00703,1.56471,0.74058
1633.55000,-1.00687,1.56485,0.69369
1633.60000,-1.00668,1.56500,0.64688
1633.65000,-1.00648,1.56514,0.60033
1633.70000,-1.00627,1.56528,0.55412
1633.75000,-1.00604,1.56541,0.50822
1633.80000,-1.00579,1.56554,0.46266
1633.85000,-1.00554,1.56566,0.41762
1633.90000,-1.00529,1.56577,0.37320
1633.95000,-1.00503,1.56586,0.32939
1634.00000,-1.00476,1.56595,0.28624
1634.05000,-1.00449,1.56602,0.24360
1634.10000,-1.00420,1.56609,0.20136
1634.15000,-1.00390,1.56614,0.15945
1634.20000,-1.00358,1.56619,0.11786
1634.25000,-1.00323,1.56622,0.07661
1634.30000,-1.00287,1.56624,0.03574
1634.35000,-1.00249,1.56625,-0.00466
1634.40000,-1.00209,1.56624,-0.04450
1634.45000,-1.00169,1.56621,-0.08375
1634.50000,-1.00129,1.56617,-0.12238
1634.55000,-0.99880,1.56564,-0.16036
1634.60000,-0.99147,1.56426,-0.19547
1634.65000,-0.98274,1.56234,-0.23426
1634.70000,-0.97389,1.56003,-0.27425
1634.75000,-0.96504,1.55734,-0.31343
1634.80000,-0.95640,1.55434,-0.35271
1634.85000,-0.94783,1.55098,-0.39139
1634.90000,-0.93896,1.54714,-0.42787
1634.95000,-0.93026,1.54299,-0.46428
1635.00000,-0.92161,1.53847,-0.50024
1635.05000,-0.91292,1.53352,-0.53544
1635.10000,-0.90442,1.52827,-0.57079
1635.15000,-0.89610,1.52272,-0.60640
1635.20000,-0.88799,1.51687,-0.64225
1635.25000,-0.88009,1.51074,-0.67831
1635.30000,-0.87242,1.50432,-0.71458
1635.35000,-0.86498,1.49763,-0.75107
1635.40000,-0.85780,1.49067,-0.78777
1635.45000,-0.85089,1.48347,-0.82465
1635.50000,-0.84424,1.47601,-0.86140
1635.55000,-0.83787,1.46830,-0.89798
1635.60000,-0.83178,1.46037,-0.93455
1635.65000,-0.82625,1.45256,-0.97303
1635.70000,-0.82120,1.44479,-1.01352
1635.75000,-0.81615,1.43629,-1.05262
1635.80000,-0.81179,1.42822,-1.09562
1635.85000,-0.80774,1.41988,-1.13967
1635.90000,-0.80380,1.41130,-1.18152
1635.95000,-0.80352,1.40918,-1.22281
1636.00000,-0.80348,1.40908,-1.26738
1636.05000,-0.80345,1.40897,-1.30952
1636.10000,-0.80279,1.40690,-1.35039
1636.15000,-0.80141,1.40013,-1.38911
1636.20000,-0.79988,1.39084,-1.42342
1636.25000,-0.79856,1.38093,-1.45280
1636.30000,-0.79752,1.37100,-1.47957
1636.35000,-0.79673,1.36105,-1.50381
1636.40000,-0.79606,1.35106,-1.52792
1636.45000,-0.79599,1.34560,-1.55086
1636.50000,-0.79598,1.34501,-1.56937
1636.55000,-0.79598,1.34484,-1.58445
1636.60000,-0.79599,1.34464,-1.59829
1636.65000,-0.79599,1.34442,-1.61107
1636.70000,-0.79600,1.34418,-1.62291
1636.75000,-0.79602,1.34392,-1.63387
1636.80000,-0.79604,1.34366,-1.64403
1636.85000,-0.79606,1.34340,-1.65344
1636.90000,-0.79608,1.34314,-1.66214
1636.95000,-0.79610,1.34288,-1.67017
1637.00000,-0.79613,1.34261,-1.67742
1637.05000,-0.79616,1.34235,-1.68384
1637.10000,-0.79619,1.34208,-1.68939
1637.15000,-0.79622,1.34182,-1.69411
1637.20000,-0.79626,1.34155,-1.69802
1637.25000,-0.79629,1.34128,-1.70114
1637.30000,-0.79633,1.34101,-1.70349
1637.35000,-0.79637,1.34074,-1.70511
1637.40000,-0.79640,1.34046,-1.70605
1637.45000,-0.79644,1.34016,-1.70638
1637.50000,-0.79649,1.33984,-1.70616
1637.55000,-0.79653,1.33950,-1.70544
1637.60000,-0.79658,1.33912,-1.70430
1637.65000,-0.79664,1.33871,-1.70277
1637.70000,-0.79670,1.33827,-1.70088
1637.75000,-0.79676,1.33778,-1.69866
1637.80000,-0.79683,1.33726,-1.69611
1637.85000,-0.79690,1.33669,-1.69323
1637.90000,-0.79697,1.33609,-1.69006
1637.95000,-0.79705,1.33544,-1.68661
1638.00000,-0.79713,1.33475,-1.68290
1638.05000,-0.79721,1.33401,-1.67895
1638.10000,-0.79729,1.33324,-1.67473
1638.15000,-0.79737,1.33245,-1.67021
1638.20000,-0.79745,1.33164,-1.66536
1638.25000,-0.79752,1.33084,-1.66019
1638.30000,-0.79759,1.33004,-1.65471
1638.35000,-0.79766,1.32923,-1.64894
1638.40000,-0.79772,1.32842,-1.64288
1638.45000,-0.79778,1.32761,-1.63656
1638.50000,-0.79783,1.32680,-1.63002
1638.55000,-0.79787,1.32597,-1.62331
1638.60000,-0.79791,1.32513,-1.61645
1638.65000,-0.79795,1.32427,-1.60949
1638.70000,-0.79798,1.32337,-1.60247
1638.75000,-0.79801,1.32243,-1.59542
1638.80000,-0.79803,1.32145,-1.58836
1638.85000,-0.79804,1.32040,-1.58128
1638.90000,-0.79805,1.31931,-1.57419
1638.95000,-0.79805,1.31815,-1.56710
1639.00000,-0.79804,1.31692,-1.56000
1639.05000,-0.79802,1.31562,-1.55289
1639.10000,-0.79800,1.31424,-1.54576
1639.15000,-0.79795,1.31278,-1.53860
1639.20000,-0.79790,1.31127,-1.53137
1639.25000,-0.79783,1.30972,-1.52405
1639.30000,-0.79775,1.30815,-1.51662
1639.35000,-0.79766,1.30659,-1.50906
1639.40000,-0.79756,1.30503,-1.50137
1639.45000,-0.79745,1.30347,-1.49357
1639.50000,-0.79732,1.30192,-1.48567
1639.55000,-0.79718,1.30038,-1.47768
1639.60000,-0.79703,1.29884,-1.46960
1639.65000,-0.79687,1.29729,-1.46154
1639.70000,-0.79669,1.29571,-1.45356
1639.75000,-0.79649,1.29410,-1.44568
1639.80000,-0.79628,1.29244,-1.43789
1639.85000,-0.79604,1.29074,-1.43018
1639.90000,-0.79579,1.28900,-1.42254
1639.95000,-0.79552,1.28720,-1.41496
1640.00000,-0.79522,1.28535,-1.40745
1640.05000,-0.79489,1.28340,-1.39993
1640.10000,-0.79451,1.28126,-1.39180
1640.15000,-0.79412,1.27910,-1.38361
1640.20000,-0.79370,1.27695,-1.37546
1640.25000,-0.79327,1.27482,-1.36729
1640.30000,-0.79283,1.27271,-1.35918
1640.35000,-0.79237,1.27062,-1.35110
1640.40000,-0.79190,1.26855,-1.34306
1640.45000,-0.79141,1.26650,-1.33507
1640.50000,-0.79092,1.26447,-1.32713
1640.55000,-0.79041,1.26246,-1.31924
1640.60000,-0.78989,1.26048,-1.31142
1640.65000,-0.78936,1.25851,-1.30369
1640.70000,-0.78790,1.25505,-1.29549
1640.75000,-0.78515,1.24671,-1.28798
1640.80000,-0.78228,1.23695,-1.28077
1640.85000,-0.77933,1.22720,-1.27348
1640.90000,-0.77632,1.21748,-1.26637
1640.95000,-0.77323,1.20777,-1.25939
1641.00000,-0.77009,1.19809,-1.25249
1641.05000,-0.76687,1.18844,-1.24565
1641.10000,-0.76360,1.17881,-1.23885
1641.15000,-0.76026,1.16920,-1.23204
1641.20000,-0.75685,1.15961,-1.22522
1641.25000,-0.75337,1.15005,-1.21836
1641.30000,-0.74982,1.14050,-1.21141
1641.35000,-0.74621,1.13098,-1.20439
1641.40000,-0.74253,1.12148,-1.19728
1641.45000,-0.73880,1.11205,-1.19003
1641.50000,-0.73504,1.10272,-1.18253
1641.55000,-0.73120,1.09342,-1.17522
1641.60000,-0.72732,1.08421,-1.16748
1641.65000,-0.72336,1.07499,-1.15989
1641.70000,-0.71932,1.06580,-1.15249
1641.75000,-0.71522,1.05664,-1.14471
1641.80000,-0.71103,1.04747,-1.13678
1641.85000,-0.70679,1.03840,-1.12859
1641.90000,-0.70248,1.02939,-1.12089
1641.95000,-0.69812,1.02048,-1.11181
1642.00000,-0.69354,1.01132,-1.10150
1642.05000,-0.68898,1.00238,-1.09040
1642.10000,-0.68448,0.99361,-1.07994
1642.15000,-0.68342,0.98979,-1.06829
1642.20000,-0.68336,0.98963,-1.05424
1642.25000,-0.68325,0.98938,-1.03964
1642.30000,-0.68318,0.98924,-1.02591
1642.35000,-0.68152,0.98701,-1.01258
1642.40000,-0.67652,0.97920,-1.00209
1642.45000,-0.67123,0.97101,-0.99195
1642.50000,-0.66586,0.96289,-0.98140
1642.55000,-0.66041,0.95483,-0.97047
1642.60000,-0.65488,0.94684,-0.95920
1642.65000,-0.64925,0.93892,-0.94764
1642.70000,-0.64354,0.93108,-0.93584
1642.75000,-0.63774,0.92330,-0.92382
1642.80000,-0.63185,0.91560,-0.91168
1642.85000,-0.62587,0.90797,-0.89945
1642.90000,-0.61979,0.90042,-0.88723
1642.95000,-0.61349,0.89279,-0.87459
1643.00000,-0.60719,0.88535,-0.86100
1643.05000,-0.60086,0.87809,-0.84612
1643.10000,-0.59448,0.87088,-0.83121
1643.15000,-0.59264,0.86856,-0.81625
1643.20000,-0.59249,0.86838,-0.79883
1643.25000,-0.59246,0.86835,-0.78224
1643.30000,-0.59060,0.86660,-0.76723
1643.35000,-0.58374,0.86007,-0.75558
1643.40000,-0.57643,0.85324,-0.74615
1643.45000,-0.56889,0.84634,-0.73549
1643.50000,-0.56158,0.83980,-0.72408
1643.55000,-0.55428,0.83343,-0.71125
1643.60000,-0.54689,0.82715,-0.69683
1643.65000,-0.53925,0.82086,-0.68047
1643.70000,-0.53119,0.81431,-0.66476
1643.75000,-0.52806,0.81239,-0.65046
1643.80000,-0.52754,0.81202,-0.62825
1643.85000,-0.52708,0.81168,-0.60676
1643.90000,-0.52672,0.81145,-0.58745
1643.95000,-0.52507,0.80994,-0.57073
1644.00000,-0.51852,0.80496,-0.55504
1644.05000,-0.50976,0.79963,-0.53937
1644.10000,-0.50077,0.79435,-0.52171
1644.15000,-0.49175,0.78921,-0.50342
1644.20000,-0.48467,0.78591,-0.48606
1644.25000,-0.48277,0.78517,-0.46232
1644.30000,-0.48199,0.78479,-0.42986
1644.35000,-0.48116,0.78441,-0.39760
1644.40000,-0.48038,0.78409,-0.36613
1644.45000,-0.47963,0.78383,-0.33511
1644.50000,-0.47884,0.78358,-0.30419
1644.55000,-0.47806,0.78336,-0.27320
1644.60000,-0.47728,0.78318,-0.24224
1644.65000,-0.47647,0.78300,-0.21089
1644.70000,-0.47565,0.78285,-0.17908
1644.75000,-0.47481,0.78273,-0.14653
1644.80000,-0.47400,0.78264,-0.11354
1644.85000,-0.47313,0.78257,-0.07947
1644.90000,-0.47242,0.78254,-0.04486
1644.95000,-0.47180,0.78253,-0.01000
1645.00000,-0.47154,0.78253,0.02445
1645.05000,-0.47128,0.78255,0.05913
1645.10000,-0.47092,0.78257,0.09450
1645.15000,-0.47061,0.78260,0.12962
1645.20000,-0.46965,0.78271,0.16791
1645.25000,-0.46871,0.78284,0.20624
1645.30000,-0.46784,0.78300,0.24444
1645.35000,-0.46678,0.78329,0.28386
1645.40000,-0.46573,0.78362,0.32358
1645.45000,-0.46478,0.78393,0.36314
1645.50000,-0.46459,0.78401,0.39964
1645.55000,-0.46448,0.78405,0.43602
1645.60000,-0.46438,0.78410,0.47259
1645.65000,-0.46427,0.78416,0.50932
1645.70000,-0.46417,0.78422,0.54619
1645.75000,-0.46407,0.78429,0.58315
1645.80000,-0.46396,0.78436,0.62017
1645.85000,-0.46386,0.78443,0.65721
1645.90000,-0.46376,0.78451,0.69425
1645.95000,-0.46366,0.78460,0.73124
1646.00000,-0.46356,0.78469,0.76816
1646.05000,-0.46346,0.78479,0.80497
1646.10000,-0.46337,0.78489,0.84165
1646.15000,-0.46327,0.78500,0.87816
1646.20000,-0.46318,0.78512,0.91447
1646.25000,-0.46309,0.78523,0.95057
1646.30000,-0.46301,0.78536,0.98643
1646.35000,-0.46293,0.78549,1.02201
1646.40000,-0.46285,0.78562,1.05730
1646.45000,-0.46278,0.78575,1.09227
1646.50000,-0.46271,0.78590,1.12691
1646.55000,-0.46264,0.78604,1.16119
1646.60000,-0.46258,0.78619,1.19509
1646.65000,-0.46252,0.78634,1.22860
1646.70000,-0.46154,0.78807,1.26091
1646.75000,-0.45922,0.79447,1.29118
1646.80000,-0.45665,0.80396,1.32278
1646.85000,-0.45435,0.81369,1.35439
1646.90000,-0.45235,0.82349,1.38515
1646.95000,-0.45065,0.83334,1.41501
1647.00000,-0.44924,0.84324,1.44393
1647.05000,-0.44810,0.85317,1.47185
1647.10000,-0.44722,0.86367,1.50089
1647.15000,-0.44662,0.87437,1.52955
1647.20000,-0.44633,0.88472,1.55532
1647.25000,-0.44630,0.89518,1.58014
1647.30000,-0.44652,0.90573,1.60387
1647.35000,-0.44699,0.91626,1.62593
1647.40000,-0.44767,0.92673,1.64580
1647.45000,-0.44847,0.93714,1.66586
1647.50000,-0.44905,0.94688,1.68616
1647.55000,-0.44908,0.94984,1.70305
1647.60000,-0.44912,0.95019,1.71220
1647.65000,-0.44915,0.95050,1.72009
1647.70000,-0.44918,0.95080,1.72765
1647.75000,-0.44922,0.95109,1.73491
1647.80000,-0.44926,0.95136,1.74185
1647.85000,-0.44930,0.95161,1.74830
1647.90000,-0.44934,0.95187,1.75440
1647.95000,-0.44938,0.95213,1.76011
1648.00000,-0.44942,0.95237,1.76547
1648.05000,-0.44945,0.95261,1.77042
1648.10000,-0.44950,0.95282,1.77503
1648.15000,-0.44953,0.95304,1.77915
1648.20000,-0.44955,0.95325,1.78289
1648.25000,-0.44960,0.95346,1.78679
1648.30000,-0.44965,0.95370,1.79244
1648.35000,-0.44971,0.95399,1.79972
1648.40000,-0.44979,0.95432,1.80833
1648.45000,-0.44988,0.95470,1.81825
1648.50000,-0.44998,0.95510,1.82914
1648.55000,-0.45090,0.95680,1.84050
1648.60000,-0.45347,0.96472,1.85080
1648.65000,-0.45635,0.97453,1.86293
1648.70000,-0.45931,0.98417,1.87418
1648.75000,-0.46237,0.99377,1.88492
1648.80000,-0.46552,1.00331,1.89505
1648.85000,-0.46876,1.01279,1.90398
1648.90000,-0.47196,1.02209,1.91324
1648.95000,-0.47258,1.02696,1.92238
1649.00000,-0.47265,1.02720,1.92669
1649.05000,-0.47270,1.02740,1.92960
1649.10000,-0.47275,1.02758,1.93193
1649.15000,-0.47280,1.02770,1.93359
1649.20000,-0.47285,1.02782,1.93473
1649.25000,-0.47289,1.02794,1.93539
1649.30000,-0.47293,1.02806,1.93559
1649.35000,-0.47298,1.02817,1.93533
1649.40000,-0.47302,1.02828,1.93462
1649.45000,-0.47307,1.02840,1.93346
1649.50000,-0.47311,1.02851,1.93187
1649.55000,-0.47315,1.02862,1.92985
1649.60000,-0.47319,1.02873,1.92741
1649.65000,-0.47323,1.02885,1.92456
1649.70000,-0.47327,1.02896,1.92130
1649.75000,-0.47331,1.02907,1.91821
1649.80000,-0.47336,1.02918,1.91648
1649.85000,-0.47340,1.02930,1.91611
1649.90000,-0.47344,1.02942,1.91688
1649.95000,-0.47349,1.02955,1.91858
1650.00000,-0.47445,1.03091,1.92097
1650.05000,-0.47776,1.03672,1.92397
1650.10000,-0.48124,1.04597,1.92697
1650.15000,-0.48474,1.05535,1.92890
1650.20000,-0.48826,1.06460,1.93037
1650.25000,-0.48891,1.06822,1.93452
1650.30000,-0.48895,1.06832,1.93231
1650.35000,-0.48896,1.06840,1.93002
1650.40000,-0.48900,1.06849,1.92860
1650.45000,-0.48904,1.06860,1.92779
1650.50000,-0.48908,1.06871,1.92791
1650.55000,-0.49029,1.07027,1.92886
1650.60000,-0.49365,1.07728,1.93000
1650.65000,-0.49718,1.08664,1.93221
1650.70000,-0.50073,1.09601,1.93464
1650.75000,-0.50429,1.10532,1.93723
1650.80000,-0.50788,1.11463,1.94000
1650.85000,-0.51150,1.12395,1.94301
1650.90000,-0.51515,1.13326,1.94633
1650.95000,-0.51882,1.14251,1.94977
1651.00000,-0.52251,1.15174,1.95357
1651.05000,-0.52622,1.16090,1.95774
1651.10000,-0.52997,1.17005,1.96230
1651.15000,-0.53376,1.17916,1.96731
1651.20000,-0.53759,1.18824,1.97290
1651.25000,-0.54147,1.19729,1.97917
1651.30000,-0.54541,1.20629,1.98622
1651.35000,-0.54944,1.21535,1.99414
1651.40000,-0.55357,1.22443,2.00291
1651.45000,-0.55781,1.23355,2.01304
1651.50000,-0.56208,1.24244,2.02481
1651.55000,-0.56650,1.25132,2.03847
1651.60000,-0.57113,1.26034,2.05343
1651.65000,-0.57585,1.26919,2.07015
1651.70000,-0.58062,1.27797,2.08686
1651.75000,-0.58199,1.28202,2.10605
1651.80000,-0.58230,1.28261,2.14085
1651.85000,-0.58262,1.28309,2.18281
1651.90000,-0.58277,1.28334,2.22432
1651.95000,-0.58279,1.28336,2.26493
1652.00000,-0.58282,1.28339,2.30446
1652.05000,-0.58284,1.28341,2.34116
1652.10000,-0.58317,1.28375,2.37720
1652.15000,-0.58375,1.28430,2.41216
1652.20000,-0.58431,1.28480,2.44415
1652.25000,-0.58494,1.28531,2.47493
1652.30000,-0.58555,1.28578,2.50437
1652.35000,-0.58616,1.28621,2.53265
1652.40000,-0.58673,1.28659,2.55984
1652.45000,-0.58731,1.28696,2.58609
1652.50000,-0.58918,1.28843,2.61021
1652.55000,-0.59686,1.29290,2.63176
1652.60000,-0.60597,1.29786,2.65494
1652.65000,-0.61494,1.30246,2.67946
1652.70000,-0.62403,1.30684,2.70416
1652.75000,-0.63334,1.31105,2.72860
1652.80000,-0.64249,1.31506,2.75169
1652.85000,-0.64754,1.31576,2.77251
1652.90000,-0.64861,1.31599,2.80231
1652.95000,-0.64942,1.31626,2.83481
1653.00000,-0.65015,1.31648,2.86744
1653.05000,-0.65093,1.31670,2.90075
1653.10000,-0.65181,1.31692,2.93462
1653.15000,-0.65270,1.31711,2.96846
1653.20000,-0.65359,1.31726,3.00195
1653.25000,-0.65448,1.31739,3.03514
1653.30000,-0.65537,1.31748,3.06807
1653.35000,-0.65626,1.31755,3.10084
1653.40000,-0.65715,1.31758,3.13333
1653.45000,-0.65803,1.31759,-3.11804
1653.50000,-0.65851,1.31757,-3.08845
1653.55000,-0.66066,1.31730,-3.05966
1653.60000,-0.66830,1.31646,-3.03357
1653.65000,-0.67836,1.31525,-3.00793
1653.70000,-0.68826,1.31380,-2.98441
1653.75000,-0.69812,1.31212,-2.96241
1653.80000,-0.70796,1.31024,-2.94208
1653.85000,-0.71776,1.30817,-2.92359
1653.90000,-0.72748,1.30594,-2.90653
1653.95000,-0.73718,1.30357,-2.89172
1654.00000,-0.74689,1.30103,-2.88013
1654.05000,-0.75657,1.29842,-2.86913
1654.10000,-0.76306,1.29775,-2.85694
1654.15000,-0.76465,1.29777,-2.85375
1654.20000,-0.76489,1.29777,-2.85936
1654.25000,-0.76490,1.29777,-2.86665
1654.30000,-0.76493,1.29776,-2.87421
1654.35000,-0.76497,1.29775,-2.88217
1654.40000,-0.76501,1.29774,-2.89066
1654.45000,-0.76505,1.29773,-2.89971
1654.50000,-0.76509,1.29772,-2.90940
1654.55000,-0.76508,1.29771,-2.91977
1654.60000,-0.76487,1.29777,-2.93152
1654.65000,-0.76463,1.29784,-2.94378
1654.70000,-0.76439,1.29789,-2.95631
1654.75000,-0.76414,1.29795,-2.96905
1654.80000,-0.76389,1.29801,-2.98178
1654.85000,-0.76364,1.29806,-2.99437
1654.90000,-0.76340,1.29811,-3.00696
1654.95000,-0.76315,1.29815,-3.01957
1655.00000,-0.76291,1.29819,-3.03219
1655.05000,-0.76267,1.29823,-3.04482
1655.10000,-0.76242,1.29827,-3.05750
1655.15000,-0.76218,1.29830,-3.07030
1655.20000,-0.76192,1.29833,-3.08361
1655.25000,-0.76165,1.29835,-3.09769
1655.30000,-0.76140,1.29836,-3.11247
1655.35000,-0.76108,1.29836,-3.12832
1655.40000,-0.76074,1.29836,3.13835
1655.45000,-0.76039,1.29836,3.12126
1655.50000,-0.76002,1.29835,3.10373
1655.55000,-0.75966,1.29833,3.08584
1655.60000,-0.75928,1.29831,3.06767
1655.65000,-0.75890,1.29828,3.04940
1655.70000,-0.75852,1.29824,3.03108
1655.75000,-0.75814,1.29819,3.01271
1655.80000,-0.75776,1.29814,2.99435
1655.85000,-0.75738,1.29808,2.97607
1655.90000,-0.75701,1.29802,2.95801
1655.95000,-0.75665,1.29795,2.94020
1656.00000,-0.75629,1.29788,2.92262
1656.05000,-0.75595,1.29780,2.90538
1656.10000,-0.75562,1.29772,2.88861
1656.15000,-0.75538,1.29768,2.87240
1656.20000,-0.75535,1.29770,2.85640
1656.25000,-0.75537,1.29772,2.84083
1656.30000,-0.75531,1.29771,2.82492
1656.35000,-0.75531,1.29773,2.81081
1656.40000,-0.75534,1.29774,2.79670
1656.45000,-0.75530,1.29775,2.78062
1656.50000,-0.75506,1.29767,2.76472
1656.55000,-0.75477,1.29755,2.74890
1656.60000,-0.75448,1.29743,2.73297
1656.65000,-0.75418,1.29730,2.71688
1656.70000,-0.75389,1.29716,2.70074
1656.75000,-0.75360,1.29702,2.68467
1656.80000,-0.75332,1.29688,2.66877
1656.85000,-0.75304,1.29674,2.65312
1656.90000,-0.75300,1.29672,2.63727
1656.95000,-0.75308,1.29676,2.62217
1657.00000,-0.75304,1.29675,2.60770
1657.05000,-0.75301,1.29676,2.59439
1657.10000,-0.75405,1.29783,2.58042
1657.15000,-0.76022,1.30249,2.56638
1657.20000,-0.76847,1.30790,2.55305
1657.25000,-0.77661,1.31338,2.54247
1657.30000,-0.78469,1.31895,2.53515
1657.35000,-0.79284,1.32462,2.53230
1657.40000,-0.80105,1.33033,2.53534
1657.45000,-0.80920,1.33598,2.53963
1657.50000,-0.81317,1.33824,2.54521
1657.55000,-0.81410,1.33881,2.56891
1657.60000,-0.81418,1.33887,2.59908
1657.65000,-0.81425,1.33891,2.63187
1657.70000,-0.81433,1.33895,2.66666
1657.75000,-0.81442,1.33900,2.70306
1657.80000,-0.81453,1.33905,2.74077
1657.85000,-0.81466,1.33910,2.77951
1657.90000,-0.81481,1.33915,2.81906
1657.95000,-0.81499,1.33921,2.85920
1658.00000,-0.81519,1.33926,2.89973
1658.05000,-0.81542,1.33931,2.94049
1658.10000,-0.81565,1.33936,2.98123
1658.15000,-0.81589,1.33939,3.02173
1658.20000,-0.81614,1.33941,3.06199
1658.25000,-0.81638,1.33943,3.10200
1658.30000,-0.81663,1.33943,-3.14143
1658.35000,-0.81688,1.33943,-3.10194
1658.40000,-0.81713,1.33941,-3.06270
1658.45000,-0.81738,1.33939,-3.02361
1658.50000,-0.81765,1.33935,-2.98458
1658.55000,-0.81794,1.33930,-2.94558
1658.60000,-0.81824,1.33923,-2.90659
1658.65000,-0.81857,1.33915,-2.86763
1658.70000,-0.81893,1.33904,-2.82873
1658.75000,-0.81931,1.33891,-2.79002
1658.80000,-0.81969,1.33876,-2.75159
1658.85000,-0.82008,1.33859,-2.71349
1658.90000,-0.82047,1.33841,-2.67576
1658.95000,-0.82085,1.33820,-2.63844
1659.00000,-0.82122,1.33799,-2.60154
1659.05000,-0.82159,1.33776,-2.56505
1659.10000,-0.82195,1.33751,-2.52899
1659.15000,-0.82231,1.33725,-2.49333
1659.20000,-0.82266,1.33698,-2.45805
1659.25000,-0.82302,1.33668,-2.42308
1659.30000,-0.82339,1.33634,-2.38839
1659.35000,-0.82376,1.33598,-2.35397
1659.40000,-0.82415,1.33557,-2.31981
1659.45000,-0.82456,1.33512,-2.28594
1659.50000,-0.82498,1.33462,-2.25238
1659.55000,-0.82541,1.33407,-2.21916
1659.60000,-0.82585,1.33347,-2.18630
1659.65000,-0.82654,1.33246,-2.15211
1659.70000,-0.82744,1.33106,-2.11675
1659.75000,-0.82830,1.32962,-2.08183
1659.80000,-0.82909,1.32817,-2.04757
1659.85000,-0.82980,1.32674,-2.01400
1659.90000,-0.83048,1.32528,-1.98101
1659.95000,-0.83217,1.32210,-1.95029
1660.00000,-0.83545,1.31375,-1.92353
1660.05000,-0.83877,1.30432,-1.89543
1660.10000,-0.84183,1.29480,-1.86778
1660.15000,-0.84462,1.28520,-1.84063
1660.20000,-0.84716,1.27553,-1.81395
1660.25000,-0.84944,1.26579,-1.78773
1660.30000,-0.85146,1.25600,-1.76198
1660.35000,-0.85324,1.24616,-1.73674
1660.40000,-0.85477,1.23628,-1.71205
1660.45000,-0.85606,1.22636,-1.68797
1660.50000,-0.85711,1.21642,-1.66451
1660.55000,-0.85793,1.20645,-1.64169
1660.60000,-0.85853,1.19647,-1.61951
1660.65000,-0.85891,1.18648,-1.59796
1660.70000,-0.85907,1.17648,-1.57702
1660.75000,-0.85903,1.16648,-1.55658
1660.80000,-0.85879,1.15649,-1.53658
1660.85000,-0.85835,1.14650,-1.51702
1660.90000,-0.85772,1.13652,-1.49784
1660.95000,-0.85690,1.12655,-1.47905
1661.00000,-0.85589,1.11660,-1.46063
1661.05000,-0.85470,1.10667,-1.44262
1661.10000,-0.85333,1.09676,-1.42515
1661.15000,-0.85179,1.08685,-1.40832
1661.20000,-0.85010,1.07699,-1.39243
1661.25000,-0.84825,1.06718,-1.37775
1661.30000,-0.84625,1.05720,-1.36358
1661.35000,-0.84428,1.04741,-1.34950
1661.40000,-0.84385,1.04186,-1.33314
1661.45000,-0.84393,1.04081,-1.32615
1661.50000,-0.84397,1.04050,-1.32598
1661.55000,-0.84396,1.04047,-1.32364
1661.60000,-0.84395,1.04044,-1.31647
1661.65000,-0.84394,1.04040,-1.30694
1661.70000,-0.84303,1.03867,-1.29686
1661.75000,-0.84048,1.03118,-1.28670
1661.80000,-0.83760,1.02153,-1.27448
1661.85000,-0.83462,1.01194,-1.26311
1661.90000,-0.83149,1.00224,-1.25233
1661.95000,-0.82829,0.99247,-1.24143
1662.00000,-0.82703,0.98631,-1.23377
1662.05000,-0.82674,0.98304,-1.24105
1662.10000,-0.82652,0.98105,-1.25115
1662.15000,-0.82591,0.97942,-1.23778
1662.20000,-0.82552,0.97821,-1.19575
1662.25000,-0.82535,0.97780,-1.13815
1662.30000,-0.82521,0.97752,-1.06883
1662.35000,-0.82509,0.97733,-0.99119
1662.40000,-0.82498,0.97720,-0.92352
1662.45000,-0.82354,0.97551,-0.87626
1662.50000,-0.82108,0.97262,-0.83823
1662.55000,-0.81879,0.96990,-0.80543
1662.60000,-0.81812,0.96915,-0.78783
1662.65000,-0.81785,0.96889,-0.77369
1662.70000,-0.81758,0.96863,-0.76026
1662.75000,-0.81732,0.96838,-0.74740
1662.80000,-0.81706,0.96815,-0.73504
1662.85000,-0.81682,0.96793,-0.72316
1662.90000,-0.81657,0.96772,-0.71176
1662.95000,-0.81634,0.96752,-0.70088
1663.00000,-0.81611,0.96732,-0.69042
1663.05000,-0.81588,0.96714,-0.68034
1663.10000,-0.81565,0.96696,-0.67068
1663.15000,-0.81543,0.96678,-0.66150
1663.20000,-0.81521,0.96661,-0.65281
1663.25000,-0.81498,0.96644,-0.64462
1663.30000,-0.81476,0.96627,-0.63688
1663.35000,-0.81454,0.96611,-0.62956
1663.40000,-0.81432,0.96595,-0.62264
1663.45000,-0.81410,0.96579,-0.61614
1663.50000,-0.81388,0.96564,-0.61005
1663.55000,-0.81367,0.96549,-0.60438
1663.60000,-0.81347,0.96535,-0.59914
1663.65000,-0.81327,0.96522,-0.59431
1663.70000,-0.81309,0.96509,-0.58989
1663.75000,-0.81291,0.96497,-0.58587
1663.80000,-0.81273,0.96486,-0.58216
1663.85000,-0.81256,0.96475,-0.57866
1663.90000,-0.81238,0.96463,-0.57527
1663.95000,-0.81221,0.96452,-0.57199
1664.00000,-0.81203,0.96440,-0.56889
1664.05000,-0.81185,0.96429,-0.56598
1664.10000,-0.81167,0.96417,-0.56329
1664.15000,-0.81149,0.96406,-0.56082
1664.20000,-0.81130,0.96394,-0.55854
1664.25000,-0.81112,0.96383,-0.55647
1664.30000,-0.81093,0.96371,-0.55456
1664.35000,-0.81074,0.96360,-0.55284
1664.40000,-0.81056,0.96348,-0.55134
1664.45000,-0.81038,0.96337,-0.55009
1664.50000,-0.81020,0.96327,-0.54914
1664.55000,-0.81004,0.96316,-0.54848
1664.60000,-0.80988,0.96307,-0.54803
1664.65000,-0.80972,0.96297,-0.54767
1664.70000,-0.80955,0.96287,-0.54729
1664.75000,-0.80939,0.96277,-0.54681
1664.80000,-0.80923,0.96267,-0.54623
1664.85000,-0.80906,0.96257,-0.54557
1664.90000,-0.80889,0.96246,-0.54488
1664.95000,-0.80871,0.96236,-0.54418
1665.00000,-0.80854,0.96226,-0.54354
1665.05000,-0.80837,0.96215,-0.54304
1665.10000,-0.80821,0.96206,-0.54276
1665.15000,-0.80805,0.96196,-0.54269
1665.20000,-0.80790,0.96187,-0.54281
1665.25000,-0.80775,0.96178,-0.54314
1665.30000,-0.80760,0.96169,-0.54357
1665.35000,-0.80746,0.96160,-0.54396
1665.40000,-0.80731,0.96151,-0.54406
1665.45000,-0.80715,0.96142,-0.54381
1665.50000,-0.80613,0.96057,-0.54391
1665.55000,-0.80126,0.95628,-0.54498
1665.60000,-0.79439,0.95112,-0.54432
1665.65000,-0.78607,0.94591,-0.54159
1665.70000,-0.77742,0.94074,-0.53663
1665.75000,-0.76871,0.93561,-0.52905
1665.80000,-0.75996,0.93054,-0.51845
1665.85000,-0.75101,0.92551,-0.50297
1665.90000,-0.74193,0.92058,-0.48638
1665.95000,-0.73861,0.91948,-0.46643
1666.00000,-0.73820,0.91926,-0.43325
1666.05000,-0.73811,0.91923,-0.39851
1666.10000,-0.73805,0.91920,-0.36261
1666.15000,-0.73799,0.91918,-0.32530
1666.20000,-0.73792,0.91916,-0.28681
1666.25000,-0.73785,0.91914,-0.24742
1666.30000,-0.73778,0.91913,-0.20730
1666.35000,-0.73770,0.91911,-0.16650
1666.40000,-0.73763,0.91910,-0.12513
1666.45000,-0.73754,0.91909,-0.08327
1666.50000,-0.73746,0.91909,-0.04099
1666.55000,-0.73737,0.91908,0.00164
1666.60000,-0.73727,0.91909,0.04453
1666.65000,-0.73717,0.91909,0.08764
1666.70000,-0.73708,0.91910,0.13090
1666.75000,-0.73697,0.91912,0.17427
1666.80000,-0.73687,0.91914,0.21769
1666.85000,-0.73676,0.91917,0.26112
1666.90000,-0.73665,0.91920,0.30452
1666.95000,-0.73654,0.91924,0.34781
1667.00000,-0.73643,0.91928,0.39081
1667.05000,-0.73632,0.91933,0.43341
1667.10000,-0.73621,0.91938,0.47553
1667.15000,-0.73610,0.91944,0.51709
1667.20000,-0.73600,0.91950,0.55810
1667.25000,-0.73590,0.91957,0.59855
1667.30000,-0.73580,0.91964,0.63844
1667.35000,-0.73570,0.91971,0.67777
1667.40000,-0.73561,0.91979,0.71668
1667.45000,-0.73552,0.91987,0.75538
1667.50000,-0.73543,0.91996,0.79409
1667.55000,-0.73533,0.92006,0.83285
1667.60000,-0.73524,0.92016,0.87159
1667.65000,-0.73515,0.92028,0.91020
1667.70000,-0.73506,0.92039,0.94863
1667.75000,-0.73486,0.92064,0.98742
1667.80000,-0.73464,0.92094,1.02595
1667.85000,-0.73437,0.92134,1.06458
1667.90000,-0.73400,0.92199,1.10390
1667.95000,-0.73355,0.92294,1.14434
1668.00000,-0.73311,0.92396,1.18420
1668.05000,-0.73270,0.92503,1.22354
1668.10000,-0.73157,0.92741,1.26017
1668.15000,-0.72917,0.93465,1.29336
1668.20000,-0.72669,0.94371,1.32868
1668.25000,-0.72447,0.95336,1.36152
1668.30000,-0.72253,0.96320,1.39372
1668.35000,-0.72088,0.97329,1.42583
1668.40000,-0.71968,0.98262,1.45863
1668.45000,-0.71880,0.99176,1.49133
1668.50000,-0.71822,1.00094,1.52323
1668.55000,-0.71792,1.01016,1.55428
1668.60000,-0.71791,1.01940,1.58448
1668.65000,-0.71817,1.02866,1.61381
1668.70000,-0.71871,1.03794,1.64220
1668.75000,-0.71951,1.04725,1.66952
1668.80000,-0.72059,1.05670,1.69607
1668.85000,-0.72189,1.06603,1.72163
1668.90000,-0.72341,1.07530,1.74590
1668.95000,-0.72516,1.08456,1.76888
1669.00000,-0.72712,1.09381,1.79045
1669.05000,-0.72928,1.10306,1.81049
1669.10000,-0.73154,1.11230,1.83043
1669.15000,-0.73193,1.11780,1.85025
1669.20000,-0.73197,1.11829,1.86609
1669.25000,-0.73200,1.11846,1.87972
1669.30000,-0.73205,1.11865,1.89316
1669.35000,-0.73208,1.11879,1.90731
1669.40000,-0.73213,1.11899,1.92160
1669.45000,-0.73217,1.11914,1.93660
1669.50000,-0.73221,1.11927,1.95172
1669.55000,-0.73223,1.11941,1.96702
1669.60000,-0.73235,1.11975,1.98239
1669.65000,-0.73236,1.11977,1.99751
1669.70000,-0.73248,1.12006,2.01246
1669.75000,-0.73256,1.12021,2.02778
1669.80000,-0.73266,1.12043,2.04236
1669.85000,-0.73279,1.12071,2.05644
1669.90000,-0.73293,1.12102,2.07042
1669.95000,-0.73318,1.12146,2.08422
1670.00000,-0.73325,1.12160,2.09711
1670.05000,-0.73317,1.12148,2.10985
1670.10000,-0.73311,1.12136,2.12217
1670.15000,-0.73304,1.12126,2.13404
1670.20000,-0.73299,1.12117,2.14545
1670.25000,-0.73294,1.12110,2.15639
1670.30000,-0.73289,1.12103,2.16685
1670.35000,-0.73285,1.12097,2.17682
1670.40000,-0.73282,1.12093,2.18631
1670.45000,-0.73280,1.12090,2.19530
1670.50000,-0.73278,1.12087,2.20378
1670.55000,-0.73277,1.12086,2.21176
1670.60000,-0.73277,1.12086,2.21924
1670.65000,-0.73277,1.12086,2.22621
1670.70000,-0.73279,1.12088,2.23266
1670.75000,-0.73281,1.12091,2.23861
1670.80000,-0.73284,1.12094,2.24404
1670.85000,-0.73288,1.12099,2.24895
1670.90000,-0.73296,1.12109,2.25328
1670.95000,-0.73304,1.12119,2.25732
1671.00000,-0.73313,1.12131,2.26059
1671.05000,-0.73325,1.12145,2.26338
1671.10000,-0.73338,1.12161,2.26561
1671.15000,-0.73351,1.12176,2.26730
1671.20000,-0.73363,1.12191,2.26842
1671.25000,-0.73375,1.12205,2.26901
1671.30000,-0.73386,1.12218,2.26904
1671.35000,-0.73397,1.12232,2.26852
1671.40000,-0.73407,1.12244,2.26744
1671.45000,-0.73417,1.12255,2.26578
1671.50000,-0.73431,1.12272,2.26349
1671.55000,-0.73440,1.12283,2.26068
1671.60000,-0.73450,1.12294,2.25734
1671.65000,-0.73455,1.12300,2.25337
1671.70000,-0.73464,1.12312,2.24909
1671.75000,-0.73475,1.12326,2.24410
1671.80000,-0.73483,1.12334,2.23854
1671.85000,-0.73490,1.12343,2.23240
1671.90000,-0.73499,1.12355,2.22572
1671.95000,-0.73508,1.12365,2.21848
1672.00000,-0.73527,1.12390,2.21057
1672.05000,-0.73549,1.12420,2.20214
1672.10000,-0.73571,1.12450,2.19322
1672.15000,-0.73593,1.12482,2.18382
1672.20000,-0.73616,1.12514,2.17396
1672.25000,-0.73639,1.12548,2.16366
1672.30000,-0.73662,1.12583,2.15295
1672.35000,-0.73686,1.12619,2.14184
1672.40000,-0.73709,1.12655,2.13036
1672.45000,-0.73732,1.12693,2.11852
1672.50000,-0.73734,1.12695,2.10634
1672.55000,-0.73732,1.12691,2.09282
1672.60000,-0.73732,1.12690,2.07849
1672.65000,-0.73729,1.12685,2.06235
1672.70000,-0.73729,1.12681,2.04534
1672.75000,-0.73739,1.12701,2.02743
1672.80000,-0.73742,1.12708,2.00706
1672.85000,-0.73752,1.12722,1.98451
1672.90000,-0.73757,1.12734,1.96126
1672.95000,-0.73755,1.12732,1.93636
1673.00000,-0.73754,1.12727,1.90955
1673.05000,-0.73759,1.12741,1.88170
1673.10000,-0.73756,1.12738,1.85189
1673.15000,-0.73766,1.12779,1.81992
1673.20000,-0.73763,1.12771,1.78679
1673.25000,-0.73762,1.12771,1.75234
1673.30000,-0.73761,1.12757,1.71591
1673.35000,-0.73763,1.12771,1.67909
1673.40000,-0.73764,1.12785,1.64087
1673.45000,-0.73765,1.12800,1.60119
1673.50000,-0.73765,1.12815,1.56013
1673.55000,-0.73764,1.12831,1.51775
1673.60000,-0.73763,1.12848,1.47415
1673.65000,-0.73761,1.12866,1.42942
1673.70000,-0.73758,1.12885,1.38365
1673.75000,-0.73754,1.12905,1.33694
1673.80000,-0.73748,1.12926,1.28938
1673.85000,-0.73741,1.12948,1.24107
1673.90000,-0.73732,1.12971,1.19209
1673.95000,-0.73722,1.12996,1.14253
1674.00000,-0.73709,1.13022,1.09248
1674.05000,-0.73695,1.13048,1.04202
1674.10000,-0.73678,1.13076,0.99144
1674.15000,-0.73659,1.13103,0.94102
1674.20000,-0.73639,1.13129,0.89091
1674.25000,-0.73617,1.13155,0.84112
1674.30000,-0.73593,1.13180,0.79156
1674.35000,-0.73568,1.13205,0.74206
1674.40000,-0.73540,1.13229,0.69256
1674.45000,-0.73510,1.13253,0.64310
1674.50000,-0.73477,1.13276,0.59369
1674.55000,-0.73441,1.13299,0.54437
1674.60000,-0.73403,1.13321,0.49516
1674.65000,-0.73362,1.13342,0.44609
1674.70000,-0.73318,1.13361,0.39718
1674.75000,-0.73271,1.13380,0.34844
1674.80000,-0.73221,1.13396,0.29994
1674.85000,-0.73168,1.13411,0.25179
1674.90000,-0.73115,1.13424,0.20413
1674.95000,-0.73060,1.13434,0.15705
1675.00000,-0.73006,1.13441,0.11060
1675.05000,-0.72951,1.13446,0.06475
1675.10000,-0.72895,1.13448,0.01939
1675.15000,-0.72839,1.13448,-0.02555
1675.20000,-0.72782,1.13445,-0.07008
1675.25000,-0.72724,1.13440,-0.11421
1675.30000,-0.72666,1.13432,-0.15793
1675.35000,-0.72607,1.13421,-0.20124
1675.40000,-0.72547,1.13408,-0.24413
1675.45000,-0.72486,1.13391,-0.28659
1675.50000,-0.72425,1.13372,-0.32863
1675.55000,-0.72364,1.13349,-0.37021
1675.60000,-0.72302,1.13324,-0.41126
1675.65000,-0.72242,1.13296,-0.45168
1675.70000,-0.72183,1.13266,-0.49141
1675.75000,-0.72125,1.13234,-0.53043
1675.80000,-0.72069,1.13200,-0.56874
1675.85000,-0.71817,1.13019,-0.60582
1675.90000,-0.71139,1.12532,-0.63837
1675.95000,-0.70359,1.11932,-0.67402
1676.00000,-0.69648,1.11341,-0.71245
1676.05000,-0.68906,1.10677,-0.74733
1676.10000,-0.68185,1.09985,-0.78109
1676.15000,-0.67486,1.09270,-0.81394
1676.20000,-0.66811,1.08532,-0.84584
1676.25000,-0.66160,1.07773,-0.87674
1676.30000,-0.65532,1.06995,-0.90661
1676.35000,-0.64927,1.06199,-0.93529
1676.40000,-0.64344,1.05386,-0.96253
1676.45000,-0.63784,1.04559,-0.98803
1676.50000,-0.63252,1.03729,-1.01213
1676.55000,-0.62742,1.02891,-1.03392
1676.60000,-0.62230,1.02031,-1.05488
1676.65000,-0.62074,1.01587,-1.07262
1676.70000,-0.62075,1.01587,-1.08339
1676.75000,-0.62071,1.01580,-1.09003
1676.80000,-0.62069,1.01575,-1.09641
1676.85000,-0.62067,1.01570,-1.10245
1676.90000,-0.62063,1.01564,-1.10768
1676.95000,-0.62060,1.01557,-1.11272
1677.00000,-0.62057,1.01550,-1.11764
1677.05000,-0.62053,1.01542,-1.12242
1677.10000,-0.62049,1.01533,-1.12712
1677.15000,-0.62045,1.01525,-1.13150
1677.20000,-0.62041,1.01517,-1.13541
1677.25000,-0.62038,1.01510,-1.13875
1677.30000,-0.62036,1.01504,-1.14152
1677.35000,-0.62033,1.01498,-1.14378
1677.40000,-0.62030,1.01492,-1.14541
1677.45000,-0.62027,1.01486,-1.14623
1677.50000,-0.62024,1.01480,-1.14620
1677.55000,-0.62022,1.01474,-1.14536
1677.60000,-0.62019,1.01469,-1.14385
1677.65000,-0.62017,1.01463,-1.14184
1677.70000,-0.62014,1.01458,-1.13948
1677.75000,-0.62012,1.01453,-1.13679
1677.80000,-0.62010,1.01448,-1.13367
1677.85000,-0.62008,1.01443,-1.13009
1677.90000,-0.62005,1.01439,-1.12606
1677.95000,-0.62003,1.01434,-1.12160
1678.00000,-0.62001,1.01429,-1.11671
1678.05000,-0.61998,1.01425,-1.11143
1678.10000,-0.61996,1.01420,-1.10566
1678.15000,-0.61994,1.01415,-1.09897
1678.20000,-0.61992,1.01411,-1.09113
1678.25000,-0.61989,1.01407,-1.08191
1678.30000,-0.61987,1.01403,-1.07104
1678.35000,-0.61985,1.01399,-1.05830
1678.40000,-0.61983,1.01396,-1.04375
1678.45000,-0.61981,1.01392,-1.02738
1678.50000,-0.61979,1.01389,-1.00971
1678.55000,-0.61977,1.01386,-0.99151
1678.60000,-0.61975,1.01383,-0.97280
1678.65000,-0.61973,1.01380,-0.95365
1678.70000,-0.61971,1.01377,-0.93396
1678.75000,-0.61969,1.01374,-0.91225
1678.80000,-0.61967,1.01371,-0.88772
1678.85000,-0.61964,1.01368,-0.86000
1678.90000,-0.61962,1.01366,-0.82947
1678.95000,-0.61959,1.01363,-0.79650
1679.00000,-0.61957,1.01360,-0.76150
1679.05000,-0.61954,1.01357,-0.72518
1679.10000,-0.61951,1.01355,-0.68828
1679.15000,-0.61948,1.01352,-0.65120
1679.20000,-0.61944,1.01350,-0.61400
1679.25000,-0.61941,1.01348,-0.57677
1679.30000,-0.61938,1.01346,-0.53956
1679.35000,-0.61934,1.01344,-0.50209
1679.40000,-0.61930,1.01342,-0.46370
1679.45000,-0.61926,1.01340,-0.42415
1679.50000,-0.61922,1.01338,-0.38323
1679.55000,-0.61917,1.01336,-0.34089
1679.60000,-0.61912,1.01335,-0.29729
1679.65000,-0.61907,1.01333,-0.25270
1679.70000,-0.61901,1.01332,-0.20738
1679.75000,-0.61895,1.01330,-0.16169
1679.80000,-0.61888,1.01330,-0.11579
1679.85000,-0.61882,1.01329,-0.06996
1679.90000,-0.61875,1.01329,-0.02439
1679.95000,-0.61868,1.01329,0.02089
1680.00000,-0.61862,1.01329,0.06586
1680.05000,-0.61855,1.01329,0.11052
1680.10000,-0.61849,1.01330,0.15485
1680.15000,-0.61842,1.01332,0.19902
1680.20000,-0.61835,1.01333,0.24336
1680.25000,-0.61827,1.01335,0.28790
1680.30000,-0.61820,1.01338,0.33259
1680.35000,-0.61812,1.01341,0.37734
1680.40000,-0.61804,1.01344,0.42205
1680.45000,-0.61795,1.01348,0.46656
1680.50000,-0.61787,1.01352,0.51071
1680.55000,-0.61779,1.01357,0.55440
1680.60000,-0.61771,1.01362,0.59762
1680.65000,-0.61764,1.01368,0.64036
1680.70000,-0.61756,1.01373,0.68262
1680.75000,-0.61749,1.01379,0.72440
1680.80000,-0.61742,1.01386,0.76574
1680.85000,-0.61735,1.01393,0.80680
1680.90000,-0.61729,1.01400,0.84760
1680.95000,-0.61722,1.01408,0.88812
1681.00000,-0.61715,1.01417,0.92833
1681.05000,-0.61708,1.01426,0.96819
1681.10000,-0.61702,1.01436,1.00762
1681.15000,-0.61695,1.01447,1.04654
1681.20000,-0.61690,1.01457,1.08491
1681.25000,-0.61684,1.01468,1.12272
1681.30000,-0.61679,1.01479,1.15996
1681.35000,-0.61675,1.01490,1.19664
1681.40000,-0.61670,1.01501,1.23274
1681.45000,-0.61667,1.01513,1.26826
1681.50000,-0.61663,1.01524,1.30320
1681.55000,-0.61660,1.01536,1.33758
1681.60000,-0.61657,1.01548,1.37145
1681.65000,-0.61655,1.01561,1.40484
1681.70000,-0.61601,1.01766,1.43727
1681.75000,-0.61502,1.02550,1.46642
1681.80000,-0.61415,1.03534,1.49781
1681.85000,-0.61357,1.04532,1.52923
1681.90000,-0.61331,1.05532,1.56008
1681.95000,-0.61336,1.06532,1.59035
1682.00000,-0.61370,1.07531,1.61999
1682.05000,-0.61434,1.08529,1.64900
1682.10000,-0.61526,1.09524,1.67735
1682.15000,-0.61646,1.10517,1.70503
1682.20000,-0.61793,1.11506,1.73197
1682.25000,-0.61967,1.12491,1.75808
1682.30000,-0.62169,1.13500,1.78453
1682.35000,-0.62403,1.14528,1.81124
1682.40000,-0.62661,1.15543,1.83729
1682.45000,-0.62946,1.16539,1.86376
1682.50000,-0.63218,1.17404,1.89931
1682.55000,-0.63460,1.18065,1.94976
1682.60000,-0.63659,1.18526,2.01350
1682.65000,-0.63799,1.18797,2.08888
1682.70000,-0.63911,1.18977,2.17086
1682.75000,-0.63999,1.19095,2.25750
1682.80000,-0.64068,1.19172,2.34743
1682.85000,-0.64111,1.19213,2.43926
1682.90000,-0.64124,1.19223,2.53190
1682.95000,-0.64130,1.19226,2.62390
1683.00000,-0.64135,1.19229,2.71468
1683.05000,-0.64140,1.19231,2.80391
1683.10000,-0.64145,1.19233,2.89120
1683.15000,-0.64148,1.19233,2.97582
1683.20000,-0.64150,1.19234,3.05604
1683.25000,-0.64153,1.19233,3.12722
1683.30000,-0.64316,1.19221,-3.09043
1683.35000,-0.64683,1.19183,-3.02861
1683.40000,-0.65024,1.19164,-2.98130
1683.45000,-0.65200,1.19147,-2.94809
1683.50000,-0.65258,1.19140,-2.92106
1683.55000,-0.65310,1.19132,-2.89587
1683.60000,-0.65360,1.19123,-2.87240
1683.65000,-0.65402,1.19115,-2.85083
1683.70000,-0.65380,1.19124,-2.83072
1683.75000,-0.65394,1.19122,-2.81195
1683.80000,-0.65403,1.19121,-2.79767
1683.85000,-0.65412,1.19118,-2.78801
1683.90000,-0.65418,1.19115,-2.78190
1683.95000,-0.65424,1.19114,-2.77851
1684.00000,-0.65429,1.19112,-2.77706
1684.05000,-0.65435,1.19109,-2.77689
1684.10000,-0.65440,1.19108,-2.77783
1684.15000,-0.65443,1.19106,-2.77962
1684.20000,-0.65447,1.19105,-2.78233
1684.25000,-0.65454,1.19102,-2.78624
1684.30000,-0.65455,1.19101,-2.79080
1684.35000,-0.65457,1.19100,-2.79602
1684.40000,-0.65453,1.19104,-2.80126
1684.45000,-0.65449,1.19107,-2.80651
1684.50000,-0.65445,1.19111,-2.81175
1684.55000,-0.65442,1.19115,-2.81700
1684.60000,-0.65438,1.19118,-2.82224
1684.65000,-0.65434,1.19122,-2.82749
1684.70000,-0.65431,1.19125,-2.83274
1684.75000,-0.65427,1.19129,-2.83799
1684.80000,-0.65424,1.19132,-2.84325
1684.85000,-0.65420,1.19135,-2.84850
1684.90000,-0.65417,1.19139,-2.85376
1684.95000,-0.65414,1.19142,-2.85901
1685.00000,-0.65411,1.19145,-2.86427
1685.05000,-0.65407,1.19148,-2.86953
1685.10000,-0.65404,1.19151,-2.87479
1685.15000,-0.65401,1.19154,-2.88006
1685.20000,-0.65398,1.19157,-2.88532
1685.25000,-0.65395,1.19160,-2.89059
1685.30000,-0.65393,1.19161,-2.90317
1685.35000,-0.65431,1.19152,-2.92192
1685.40000,-0.65457,1.19143,-2.94230
1685.45000,-0.65471,1.19141,-2.96141
1685.50000,-0.65477,1.19139,-2.98060
1685.55000,-0.65475,1.19136,-3.00077
1685.60000,-0.65505,1.19128,-3.02058
1685.65000,-0.65535,1.19120,-3.04035
1685.70000,-0.65521,1.19120,-3.06111
1685.75000,-0.65505,1.19121,-3.08164
1685.80000,-0.65482,1.19121,-3.10245
1685.85000,-0.65505,1.19120,-3.12309
1685.90000,-0.65511,1.19119,3.13972
1685.95000,-0.65511,1.19120,3.11923
1686.00000,-0.65506,1.19119,3.09854
1686.05000,-0.65504,1.19120,3.07779
1686.10000,-0.65509,1.19120,3.05740
1686.15000,-0.65520,1.19121,3.03707
1686.20000,-0.65530,1.19123,3.01665
1686.25000,-0.65541,1.19124,2.99616
1686.30000,-0.65552,1.19126,2.97561
1686.35000,-0.65563,1.19128,2.95502
1686.40000,-0.65574,1.19130,2.93441
1686.45000,-0.65585,1.19132,2.91376
1686.50000,-0.65596,1.19135,2.89311
1686.55000,-0.65607,1.19138,2.87244
1686.60000,-0.65617,1.19141,2.85178
1686.65000,-0.65628,1.19144,2.83114
1686.70000,-0.65639,1.19148,2.81052
1686.75000,-0.65650,1.19152,2.78992
1686.80000,-0.65660,1.19156,2.76938
1686.85000,-0.65671,1.19160,2.74889
1686.90000,-0.65682,1.19164,2.72846
1686.95000,-0.65692,1.19169,2.70810
1687.00000,-0.65702,1.19174,2.68781
1687.05000,-0.65713,1.19179,2.66761
1687.10000,-0.65723,1.19185,2.64750
1687.15000,-0.65733,1.19190,2.62750
1687.20000,-0.65743,1.19196,2.60761
1687.25000,-0.65753,1.19202,2.58784
1687.30000,-0.65762,1.19208,2.56822
1687.35000,-0.65772,1.19214,2.54879
1687.40000,-0.65781,1.19221,2.52954
1687.45000,-0.65791,1.19227,2.51049
1687.50000,-0.65800,1.19234,2.49166
1687.55000,-0.65810,1.19242,2.47302
1687.60000,-0.65819,1.19249,2.45457
1687.65000,-0.65828,1.19257,2.43631
1687.70000,-0.65837,1.19264,2.41824
1687.75000,-0.65846,1.19272,2.40036
1687.80000,-0.65854,1.19280,2.38265
1687.85000,-0.65862,1.19288,2.36512
1687.90000,-0.65871,1.19296,2.34777
1687.95000,-0.65879,1.19305,2.33060
1688.00000,-0.65887,1.19313,2.31362
1688.05000,-0.65895,1.19322,2.29683
1688.10000,-0.65902,1.19331,2.28027
1688.15000,-0.65910,1.19339,2.26398
1688.20000,-0.66067,1.19503,2.24809
1688.25000,-0.66577,1.20050,2.23200
1688.30000,-0.67158,1.20811,2.21498
1688.35000,-0.67728,1.21583,2.19866
1688.40000,-0.68287,1.22366,2.18318
1688.45000,-0.68836,1.23159,2.16885
1688.50000,-0.69374,1.23961,2.15575
1688.55000,-0.69907,1.24775,2.14453
1688.60000,-0.70435,1.25601,2.13539
1688.65000,-0.70961,1.26437,2.12931
1688.70000,-0.71486,1.27280,2.12760
1688.75000,-0.72011,1.28128,2.12661
1688.80000,-0.72185,1.28471,2.13000
1688.85000,-0.72202,1.28499,2.15218
1688.90000,-0.72236,1.28552,2.18141
1688.95000,-0.72251,1.28574,2.20969
1689.00000,-0.72254,1.28578,2.23754
1689.05000,-0.72257,1.28582,2.26556
1689.10000,-0.72261,1.28585,2.29345
1689.15000,-0.72264,1.28589,2.32146
1689.20000,-0.72267,1.28593,2.34973
1689.25000,-0.72271,1.28597,2.37818
1689.30000,-0.72275,1.28600,2.40681
1689.35000,-0.72279,1.28604,2.43580
1689.40000,-0.72283,1.28607,2.46503
1689.45000,-0.72287,1.28610,2.49424
1689.50000,-0.72292,1.28614,2.52341
1689.55000,-0.72296,1.28617,2.55252
1689.60000,-0.72301,1.28620,2.58150
1689.65000,-0.72306,1.28623,2.61035
1689.70000,-0.72311,1.28625,2.63901
1689.75000,-0.72316,1.28628,2.66753
1689.80000,-0.72321,1.28630,2.69592
1689.85000,-0.72326,1.28633,2.72410
1689.90000,-0.72331,1.28635,2.75214
1689.95000,-0.72336,1.28637,2.78022
1690.00000,-0.72342,1.28639,2.80852
1690.05000,-0.72348,1.28641,2.83729
1690.10000,-0.72355,1.28643,2.86652
1690.15000,-0.72361,1.28645,2.89627
1690.20000,-0.72369,1.28647,2.92655
1690.25000,-0.72376,1.28648,2.95722
1690.30000,-0.72384,1.28650,2.98785
1690.35000,-0.72393,1.28651,3.01827
1690.40000,-0.72401,1.28652,3.04846
1690.45000,-0.72409,1.28652,3.07840
1690.50000,-0.72417,1.28653,3.10805
1690.55000,-0.72426,1.28653,3.13738
1690.60000,-0.72434,1.28653,-3.11681
1690.65000,-0.72442,1.28653,-3.08814
1690.70000,-0.72451,1.28652,-3.05983
1690.75000,-0.72459,1.28651,-3.03186
1690.80000,-0.72467,1.28650,-3.00424
1690.85000,-0.72476,1.28649,-2.97705
1690.90000,-0.72484,1.28647,-2.95032
1690.95000,-0.72492,1.28646,-2.92397
1691.00000,-0.72501,1.28644,-2.89800
1691.05000,-0.72564,1.28628,-2.87034
1691.10000,-0.72640,1.28607,-2.84231
1691.15000,-0.72714,1.28583,-2.81481
1691.20000,-0.72786,1.28557,-2.78784
1691.25000,-0.72854,1.28532,-2.76154
1691.30000,-0.73106,1.28392,-2.73579
1691.35000,-0.73881,1.28032,-2.71202
1691.40000,-0.74833,1.27586,-2.68810
1691.45000,-0.75770,1.27118,-2.66698
1691.50000,-0.76692,1.26634,-2.64966
1691.55000,-0.77589,1.26147,-2.63698
1691.60000,-0.78469,1.25657,-2.62930
1691.65000,-0.79358,1.25157,-2.62244
1691.70000,-0.79897,1.24957,-2.61517
1691.75000,-0.80059,1.24927,-2.61607
1691.80000,-0.80074,1.24937,-2.62563
1691.85000,-0.80058,1.24946,-2.63731
1691.90000,-0.80042,1.24956,-2.64888
1691.95000,-0.80025,1.24964,-2.65961
1692.00000,-0.80010,1.24972,-2.66952
1692.05000,-0.80000,1.24978,-2.67857
1692.10000,-0.79991,1.24983,-2.68725
1692.15000,-0.79981,1.24987,-2.69586
1692.20000,-0.79969,1.24992,-2.70438
1692.25000,-0.79957,1.24999,-2.71305
1692.30000,-0.79943,1.25007,-2.72194
1692.35000,-0.79930,1.25013,-2.73078
1692.40000,-0.79916,1.25019,-2.73983
1692.45000,-0.79901,1.25027,-2.74907
1692.50000,-0.79887,1.25035,-2.75835
1692.55000,-0.79875,1.25040,-2.76753
1692.60000,-0.79863,1.25045,-2.77703
1692.65000,-0.79846,1.25051,-2.78701
1692.70000,-0.79828,1.25058,-2.79724
1692.75000,-0.79811,1.25064,-2.80752
1692.80000,-0.79793,1.25070,-2.81773
1692.85000,-0.79776,1.25076,-2.82780
1692.90000,-0.79759,1.25081,-2.83783
1692.95000,-0.79742,1.25086,-2.84793
1693.00000,-0.79724,1.25091,-2.85810
1693.05000,-0.79707,1.25096,-2.86829
1693.10000,-0.79689,1.25101,-2.87849
1693.15000,-0.79672,1.25106,-2.88868
1693.20000,-0.79654,1.25110,-2.89885
1693.25000,-0.79636,1.25115,-2.90918
1693.30000,-0.79617,1.25119,-2.91992
1693.35000,-0.79597,1.25124,-2.93105
1693.40000,-0.79577,1.25128,-2.94248
1693.45000,-0.79555,1.25132,-2.95418
1693.50000,-0.79534,1.25136,-2.96618
1693.55000,-0.79511,1.25140,-2.97855
1693.60000,-0.79487,1.25144,-2.99131
1693.65000,-0.79463,1.25147,-3.00439
1693.70000,-0.79438,1.25150,-3.01775
1693.75000,-0.79412,1.25153,-3.03126
1693.80000,-0.79387,1.25156,-3.04482
1693.85000,-0.79362,1.25158,-3.05829
1693.90000,-0.79336,1.25160,-3.07166
1693.95000,-0.79312,1.25162,-3.08495
1694.00000,-0.79287,1.25163,-3.09810
1694.05000,-0.79262,1.25164,-3.11118
1694.10000,-0.79238,1.25165,-3.12445
1694.15000,-0.79212,1.25165,-3.13820
1694.20000,-0.79184,1.25165,3.13058
1694.25000,-0.79155,1.25164,3.11544
1694.30000,-0.79124,1.25163,3.09978
1694.35000,-0.79093,1.25162,3.08380
1694.40000,-0.79062,1.25160,3.06756
1694.45000,-0.79030,1.25157,3.05109
1694.50000,-0.78998,1.25154,3.03449
1694.55000,-0.78966,1.25150,3.01803
1694.60000,-0.78935,1.25146,3.00175
1694.65000,-0.78904,1.25142,2.98565
1694.70000,-0.78874,1.25137,2.96973
1694.75000,-0.78844,1.25131,2.95406
1694.80000,-0.78815,1.25125,2.93848
1694.85000,-0.78785,1.25119,2.92276
1694.90000,-0.78755,1.25112,2.90671
1694.95000,-0.78727,1.25105,2.89034
1695.00000,-0.78715,1.25104,2.87412
1695.05000,-0.78702,1.25100,2.85735
1695.10000,-0.78711,1.25103,2.84119
1695.15000,-0.78720,1.25106,2.82477
1695.20000,-0.78729,1.25109,2.80799
1695.25000,-0.78739,1.25112,2.79095
1695.30000,-0.78748,1.25116,2.77376
1695.35000,-0.78758,1.25120,2.75652
1695.40000,-0.78767,1.25123,2.73933
1695.45000,-0.78776,1.25127,2.72231
1695.50000,-0.78786,1.25132,2.70546
1695.55000,-0.78796,1.25136,2.68881
1695.60000,-0.78805,1.25141,2.67225
1695.65000,-0.78815,1.25146,2.65557
1695.70000,-0.78824,1.25151,2.63858
1695.75000,-0.78834,1.25157,2.62123
1695.80000,-0.78844,1.25163,2.60351
1695.85000,-0.78854,1.25168,2.58551
1695.90000,-0.78864,1.25175,2.56729
1695.95000,-0.78873,1.25181,2.54888
1696.00000,-0.78883,1.25188,2.53031
1696.05000,-0.78893,1.25195,2.51163
1696.10000,-0.78903,1.25203,2.49306
1696.15000,-0.78913,1.25210,2.47469
1696.20000,-0.79065,1.25352,2.45627
1696.25000,-0.79596,1.25862,2.43661
1696.30000,-0.80314,1.26486,2.41717
1696.35000,-0.81022,1.27124,2.39820
1696.40000,-0.81719,1.27779,2.37967
1696.45000,-0.82407,1.28448,2.36160
1696.50000,-0.83082,1.29129,2.34334
1696.55000,-0.83751,1.29829,2.32580
1696.60000,-0.84413,1.30545,2.30878
1696.65000,-0.85061,1.31271,2.29194
1696.70000,-0.85690,1.31999,2.27490
1696.75000,-0.86308,1.32737,2.25834
1696.80000,-0.86913,1.33486,2.24237
1696.85000,-0.87506,1.34243,2.22694
1696.90000,-0.88092,1.35014,2.21210
1696.95000,-0.88671,1.35800,2.19794
1697.00000,-0.89239,1.36593,2.18471
1697.05000,-0.89796,1.37393,2.17286
1697.10000,-0.90344,1.38198,2.16211
1697.15000,-0.90885,1.39012,2.15265
1697.20000,-0.91421,1.39834,2.14445
1697.25000,-0.91953,1.40662,2.13739
1697.30000,-0.92480,1.41496,2.13178
1697.35000,-0.93006,1.42336,2.12755
1697.40000,-0.93530,1.43181,2.12432
1697.45000,-0.94053,1.44030,2.12225
1697.50000,-0.94547,1.44848,2.11993
1697.55000,-0.94706,1.45252,2.11879
1697.60000,-0.94715,1.45263,2.11943
1697.65000,-0.94723,1.45277,2.12189
1697.70000,-0.94732,1.45291,2.12427
1697.75000,-0.94741,1.45305,2.12642
1697.80000,-0.94749,1.45318,2.12867
1697.85000,-0.94759,1.45333,2.13084
1697.90000,-0.94768,1.45348,2.13307
1697.95000,-0.94777,1.45362,2.13531
1698.00000,-0.94786,1.45375,2.13765
1698.05000,-0.94795,1.45390,2.13994
1698.10000,-0.94804,1.45404,2.14238
1698.15000,-0.94812,1.45417,2.14481
1698.20000,-0.94821,1.45432,2.14739
1698.25000,-0.94831,1.45446,2.15007
1698.30000,-0.94840,1.45461,2.15287
1698.35000,-0.94849,1.45475,2.15556
1698.40000,-0.94859,1.45490,2.15833
1698.45000,-0.95016,1.45651,2.16206
1698.50000,-0.95528,1.46236,2.16597
1698.55000,-0.96087,1.46909,2.16922
1698.60000,-0.96648,1.47588,2.17254
1698.65000,-0.97212,1.48271,2.17600
1698.70000,-0.97779,1.48959,2.17961
1698.75000,-0.98349,1.49651,2.18337
1698.80000,-0.98923,1.50349,2.18726
1698.85000,-0.99505,1.51149,2.19059
1698.90000,-1.00094,1.51971,2.19389
1698.95000,-1.00683,1.52790,2.19741
1699.00000,-1.01275,1.53607,2.20121
1699.05000,-1.01872,1.54422,2.20528
1699.10000,-1.02472,1.55235,2.20949
1699.15000,-1.03076,1.56045,2.21382
1699.20000,-1.03683,1.56852,2.21790
1699.25000,-1.04293,1.57656,2.22138
1699.30000,-1.04903,1.58456,2.22390
1699.35000,-1.05513,1.59252,2.22539
1699.40000,-1.06122,1.60045,2.22587
1699.45000,-1.06731,1.60837,2.22532
1699.50000,-1.07337,1.61629,2.22377
1699.55000,-1.07942,1.62421,2.22108
1699.60000,-1.08542,1.63214,2.21705
1699.65000,-1.09138,1.64009,2.21165
1699.70000,-1.09728,1.64807,2.20483
1699.75000,-1.10308,1.65604,2.19610
1699.80000,-1.10890,1.66418,2.18575
1699.85000,-1.11467,1.67235,2.17509
1699.90000,-1.11861,1.67866,2.16541
1699.95000,-1.11896,1.67935,2.14265
1700.00000,-1.11899,1.67939,2.11070
1700.05000,-1.11902,1.67945,2.07481
1700.10000,-1.11905,1.67951,2.03630
1700.15000,-1.11909,1.67958,1.99588
1700.20000,-1.11912,1.67966,1.95444
1700.25000,-1.11915,1.67974,1.91295
1700.30000,-1.11918,1.67983,1.87182
1700.35000,-1.11921,1.67993,1.83102
1700.40000,-1.11923,1.68002,1.79057
1700.45000,-1.11926,1.68012,1.75047
1700.50000,-1.11927,1.68023,1.71072
1700.55000,-1.11928,1.68033,1.67132
1700.60000,-1.11925,1.67971,1.62961
1700.65000,-1.11923,1.67911,1.58793
1700.70000,-1.11924,1.67837,1.54599
1700.75000,-1.11928,1.67741,1.50318
1700.80000,-1.11933,1.67655,1.46009
1700.85000,-1.11939,1.67622,1.41828
1700.90000,-1.11946,1.67586,1.37562
1700.95000,-1.11953,1.67548,1.33183
1701.00000,-1.11961,1.67522,1.28751
1701.05000,-1.11975,1.67476,1.24152
1701.10000,-1.11994,1.67422,1.19435
1701.15000,-1.11994,1.67422,1.14898
1701.20000,-1.11984,1.67443,1.10444
1701.25000,-1.11972,1.67464,1.06012
1701.30000,-1.11960,1.67485,1.01623
1701.35000,-1.11966,1.67474,0.97150
1701.40000,-1.11952,1.67494,0.92875
1701.45000,-1.11937,1.67514,0.88660
1701.50000,-1.11920,1.67533,0.84502
1701.55000,-1.11903,1.67551,0.80399
1701.60000,-1.11886,1.67569,0.76334
1701.65000,-1.11866,1.67587,0.72269
1701.70000,-1.11845,1.67605,0.68186
1701.75000,-1.11821,1.67623,0.64084
1701.80000,-1.11795,1.67642,0.59965
1701.85000,-1.11765,1.67661,0.55836
1701.90000,-1.11733,1.67681,0.51714
1701.95000,-1.11699,1.67699,0.47621
1702.00000,-1.11663,1.67717,0.43570
1702.05000,-1.11626,1.67733,0.39575
1702.10000,-1.11588,1.67748,0.35644
1702.15000,-1.11550,1.67761,0.31775
1702.20000,-1.11511,1.67773,0.27970
1702.25000,-1.11472,1.67784,0.24230
1702.30000,-1.11433,1.67793,0.20548
1702.35000,-1.11392,1.67801,0.16903
1702.40000,-1.11348,1.67807,0.13291
1702.45000,-1.11303,1.67812,0.09710
1702.50000,-1.11068,1.67841,0.06180
1702.55000,-1.10340,1.67877,0.02788
1702.60000,-1.09384,1.67887,-0.00697
1702.65000,-1.08384,1.67863,-0.04083
1702.70000,-1.07386,1.67805,-0.07407
1702.75000,-1.06390,1.67715,-0.10666
1702.80000,-1.05398,1.67593,-0.13862
1702.85000,-1.04410,1.67439,-0.17001
1702.90000,-1.03427,1.67255,-0.20097
1702.95000,-1.02451,1.67040,-0.23163
1703.00000,-1.01481,1.66796,-0.26208
1703.05000,-1.00519,1.66522,-0.29236
1703.10000,-0.99566,1.66219,-0.32240
1703.15000,-0.98622,1.65888,-0.35228
1703.20000,-0.97689,1.65529,-0.38226
1703.25000,-0.96801,1.65156,-0.41419
1703.30000,-0.95964,1.64769,-0.44920
1703.35000,-0.95141,1.64353,-0.48676
1703.40000,-0.94355,1.63931,-0.52543
1703.45000,-0.94105,1.63845,-0.56835
1703.50000,-0.94093,1.63837,-0.62282
1703.55000,-0.94088,1.63833,-0.67766
1703.60000,-0.94083,1.63829,-0.72752
1703.65000,-0.94078,1.63824,-0.77263
1703.70000,-0.94072,1.63817,-0.81375
1703.75000,-0.93908,1.63636,-0.85338
1703.80000,-0.93410,1.63043,-0.88849
1703.85000,-0.92833,1.62305,-0.92529
1703.90000,-0.92304,1.61569,-0.96587
1703.95000,-0.91800,1.60825,-1.00460
1704.00000,-0.91718,1.60613,-1.04487
1704.05000,-0.91714,1.60606,-1.09364
1704.10000,-0.91710,1.60599,-1.14139
1704.15000,-0.91707,1.60592,-1.18709
1704.20000,-0.91704,1.60584,-1.23089
1704.25000,-0.91620,1.60361,-1.27287
1704.30000,-0.91405,1.59616,-1.30947
1704.35000,-0.91184,1.58722,-1.34789
1704.40000,-0.90980,1.57744,-1.38188
1704.45000,-0.90808,1.56760,-1.41340
1704.50000,-0.90666,1.55772,-1.44213
1704.55000,-0.90551,1.54780,-1.46767
1704.60000,-0.90447,1.53785,-1.49303
1704.65000,-0.90439,1.53229,-1.51663
1704.70000,-0.90438,1.53141,-1.53708
1704.75000,-0.90438,1.53133,-1.55212
1704.80000,-0.90438,1.53123,-1.56543
1704.85000,-0.90438,1.53114,-1.57750
1704.90000,-0.90438,1.53104,-1.58845
1704.95000,-0.90438,1.53093,-1.59831
1705.00000,-0.90439,1.53082,-1.60711
1705.05000,-0.90439,1.53070,-1.61498
1705.10000,-0.90440,1.53057,-1.62199
1705.15000,-0.90441,1.53044,-1.62819
1705.20000,-0.90441,1.53032,-1.63366
1705.25000,-0.90442,1.53018,-1.63841
1705.30000,-0.90443,1.53004,-1.64249
1705.35000,-0.90444,1.52989,-1.64595
1705.40000,-0.90445,1.52974,-1.64882
1705.45000,-0.90447,1.52958,-1.65114
1705.50000,-0.90448,1.52942,-1.65294
1705.55000,-0.90449,1.52925,-1.65420
1705.60000,-0.90451,1.52908,-1.65492
1705.65000,-0.90452,1.52892,-1.65511
1705.70000,-0.90454,1.52875,-1.65480
1705.75000,-0.90455,1.52857,-1.65401
1705.80000,-0.90457,1.52839,-1.65268
1705.85000,-0.90458,1.52819,-1.65078
1705.90000,-0.90460,1.52797,-1.64830
1705.95000,-0.90462,1.52775,-1.64530
1706.00000,-0.90463,1.52751,-1.64182
1706.05000,-0.90465,1.52725,-1.63791
1706.10000,-0.90467,1.52698,-1.63361
1706.15000,-0.90469,1.52667,-1.62893
1706.20000,-0.90471,1.52635,-1.62388
1706.25000,-0.90472,1.52599,-1.61850
1706.30000,-0.90474,1.52561,-1.61282
1706.35000,-0.90476,1.52520,-1.60688
1706.40000,-0.90477,1.52479,-1.60068
1706.45000,-0.90478,1.52437,-1.59423
1706.50000,-0.90479,1.52396,-1.58759
1706.55000,-0.90480,1.52354,-1.58078
1706.60000,-0.90480,1.52312,-1.57385
1706.65000,-0.90480,1.52268,-1.56683
1706.70000,-0.90480,1.52221,-1.55975
1706.75000,-0.90479,1.52171,-1.55262
1706.80000,-0.90478,1.52117,-1.54542
1706.85000,-0.90476,1.52059,-1.53818
1706.90000,-0.90474,1.51997,-1.53088
1706.95000,-0.90471,1.51929,-1.52353
1707.00000,-0.90467,1.51856,-1.51612
1707.05000,-0.90462,1.51777,-1.50863
1707.10000,-0.90457,1.51692,-1.50100
1707.15000,-0.90450,1.51604,-1.49314
1707.20000,-0.90443,1.51514,-1.48508
1707.25000,-0.90435,1.51424,-1.47684
1707.30000,-0.90426,1.51333,-1.46842
1707.35000,-0.90416,1.51243,-1.45984
1707.40000,-0.90406,1.51152,-1.45108
1707.45000,-0.90394,1.51061,-1.44217
1707.50000,-0.90382,1.50971,-1.43311
1707.55000,-0.90369,1.50880,-1.42395
1707.60000,-0.90355,1.50787,-1.41472
1707.65000,-0.90339,1.50690,-1.40547
1707.70000,-0.90322,1.50587,-1.39621
1707.75000,-0.90302,1.50477,-1.38701
1707.80000,-0.90280,1.50361,-1.37784
1707.85000,-0.90256,1.50240,-1.36873
1707.90000,-0.90229,1.50114,-1.35960
1707.95000,-0.90200,1.49983,-1.35040
1708.00000,-0.90169,1.49845,-1.34105
1708.05000,-0.90134,1.49701,-1.33158
1708.10000,-0.90097,1.49551,-1.32202
1708.15000,-0.90058,1.49400,-1.31238
1708.20000,-0.90017,1.49248,-1.30269
1708.25000,-0.89974,1.49096,-1.29297
1708.30000,-0.89930,1.48945,-1.28327
1708.35000,-0.89885,1.48794,-1.27361
1708.40000,-0.89838,1.48644,-1.26403
1708.45000,-0.89789,1.48492,-1.25456
1708.50000,-0.89737,1.48335,-1.24519
1708.55000,-0.89681,1.48172,-1.23588
1708.60000,-0.89621,1.48000,-1.22662
1708.65000,-0.89555,1.47820,-1.21739
1708.70000,-0.89485,1.47631,-1.20819
1708.75000,-0.89409,1.47434,-1.19901
1708.80000,-0.89328,1.47229,-1.18984
1708.85000,-0.89241,1.47016,-1.18068
1708.90000,-0.89149,1.46794,-1.17155
1708.95000,-0.89050,1.46563,-1.16245
1709.00000,-0.88946,1.46325,-1.15340
1709.05000,-0.88838,1.46085,-1.14439
1709.10000,-0.88728,1.45846,-1.13542
1709.15000,-0.88475,1.45377,-1.12644
1709.20000,-0.88043,1.44485,-1.11782
1709.25000,-0.87601,1.43585,-1.10897
1709.30000,-0.87152,1.42693,-1.10065
1709.35000,-0.86696,1.41805,-1.09255
1709.40000,-0.86230,1.40914,-1.08426
1709.45000,-0.85756,1.40025,-1.07621
1709.50000,-0.85269,1.39131,-1.06771
1709.55000,-0.84776,1.38243,-1.05971
1709.60000,-0.84276,1.37358,-1.05181
1709.65000,-0.83771,1.36480,-1.04388
1709.70000,-0.83258,1.35605,-1.03620
1709.75000,-0.82740,1.34738,-1.02835
1709.80000,-0.82215,1.33874,-1.02074
1709.85000,-0.81679,1.33007,-1.01336
1709.90000,-0.81137,1.32144,-1.00612
1709.95000,-0.80589,1.31286,-0.99902
1710.00000,-0.80036,1.30431,-0.99210
1710.05000,-0.79478,1.29583,-0.98527
1710.10000,-0.78917,1.28741,-0.97853
1710.15000,-0.78349,1.27903,-0.97234
1710.20000,-0.77776,1.27067,-0.96615
1710.25000,-0.77197,1.26234,-0.96011
1710.30000,-0.76612,1.25403,-0.95421
1710.35000,-0.76029,1.24585,-0.94807
1710.40000,-0.75439,1.23768,-0.94241
1710.45000,-0.74847,1.22957,-0.93635
1710.50000,-0.74250,1.22151,-0.93051
1710.55000,-0.73651,1.21351,-0.92433
1710.60000,-0.73042,1.20549,-0.91877
1710.65000,-0.72432,1.19754,-0.91290
1710.70000,-0.71818,1.18964,-0.90724
1710.75000,-0.71195,1.18171,-0.90201
1710.80000,-0.70569,1.17384,-0.89693
1710.85000,-0.69941,1.16601,-0.89193
1710.90000,-0.69307,1.15819,-0.88708
1710.95000,-0.68675,1.15046,-0.88263
1711.00000,-0.68037,1.14274,-0.87806
1711.05000,-0.67402,1.13512,-0.87333
1711.10000,-0.66758,1.12748,-0.86872
1711.15000,-0.66115,1.11991,-0.86359
1711.20000,-0.65467,1.11237,-0.85833
1711.25000,-0.64809,1.10480,-0.85250
1711.30000,-0.64153,1.09734,-0.84603
1711.35000,-0.63500,1.09003,-0.83805
1711.40000,-0.62843,1.08279,-0.82901
1711.45000,-0.62174,1.07556,-0.81909
1711.50000,-0.61502,1.06845,-0.80773
1711.55000,-0.60824,1.06146,-0.79491
1711.60000,-0.60146,1.05454,-0.78196
1711.65000,-0.59900,1.05203,-0.76930
1711.70000,-0.59891,1.05192,-0.75233
1711.75000,-0.59856,1.05159,-0.73394
1711.80000,-0.59826,1.05131,-0.71758
1711.85000,-0.59615,1.04939,-0.70151
1711.90000,-0.58932,1.04369,-0.68816
1711.95000,-0.58182,1.03761,-0.67433
1712.00000,-0.57428,1.03158,-0.66051
1712.05000,-0.57074,1.02929,-0.64748
1712.10000,-0.57055,1.02920,-0.62401
1712.15000,-0.57050,1.02916,-0.59773
1712.20000,-0.57044,1.02913,-0.57160
1712.25000,-0.57038,1.02909,-0.54576
1712.30000,-0.57033,1.02906,-0.52016
1712.35000,-0.57027,1.02902,-0.49471
1712.40000,-0.57021,1.02899,-0.46938
1712.45000,-0.57015,1.02896,-0.44422
1712.50000,-0.57002,1.02890,-0.41918
1712.55000,-0.56946,1.02866,-0.39278
1712.60000,-0.56903,1.02847,-0.36784
1712.65000,-0.56861,1.02832,-0.34396
1712.70000,-0.56812,1.02817,-0.32120
1712.75000,-0.56605,1.02716,-0.29867
1712.80000,-0.55850,1.02461,-0.27851
1712.85000,-0.54883,1.02196,-0.26063
1712.90000,-0.53895,1.01944,-0.24241
1712.95000,-0.52887,1.01706,-0.22141
1713.00000,-0.51864,1.01479,-0.19960
1713.05000,-0.51260,1.01446,-0.17887
1713.10000,-0.51164,1.01440,-0.15476
1713.15000,-0.51113,1.01433,-0.13046
1713.20000,-0.50905,1.01387,-0.10701
1713.25000,-0.50176,1.01295,-0.08542
1713.30000,-0.49187,1.01215,-0.07320
1713.35000,-0.48185,1.01146,-0.06463
1713.40000,-0.47173,1.01084,-0.05763
1713.45000,-0.46170,1.01029,-0.05162
1713.50000,-0.45163,1.00979,-0.04724
1713.55000,-0.44160,1.00933,-0.04422
1713.60000,-0.43170,1.00889,-0.04121
1713.65000,-0.42556,1.00876,-0.03859
1713.70000,-0.42502,1.00877,-0.03830
1713.75000,-0.42489,1.00877,-0.04002
1713.80000,-0.42481,1.00876,-0.04362
1713.85000,-0.42471,1.00876,-0.04892
1713.90000,-0.42456,1.00875,-0.05581
1713.95000,-0.42447,1.00874,-0.06343
1714.00000,-0.42425,1.00873,-0.07197
1714.05000,-0.42404,1.00871,-0.08065
1714.10000,-0.42390,1.00869,-0.09039
1714.15000,-0.42369,1.00867,-0.10075
1714.20000,-0.42349,1.00864,-0.11113
1714.25000,-0.42323,1.00861,-0.12203
1714.30000,-0.42292,1.00856,-0.13328
1714.35000,-0.42263,1.00852,-0.14434
1714.40000,-0.42229,1.00846,-0.15555
1714.45000,-0.42191,1.00839,-0.16687
1714.50000,-0.42150,1.00832,-0.17830
1714.55000,-0.42108,1.00824,-0.18963
1714.60000,-0.42062,1.00815,-0.20094
1714.65000,-0.42014,1.00804,-0.21219
1714.70000,-0.41963,1.00793,-0.22351
1714.75000,-0.41910,1.00780,-0.23471
1714.80000,-0.41855,1.00766,-0.24585
1714.85000,-0.41799,1.00752,-0.25691
1714.90000,-0.41740,1.00734,-0.26800
1714.95000,-0.41679,1.00717,-0.27896
1715.00000,-0.41616,1.00699,-0.28973
1715.05000,-0.41552,1.00679,-0.30031
1715.10000,-0.41487,1.00659,-0.31069
1715.15000,-0.41421,1.00637,-0.32085
1715.20000,-0.41355,1.00615,-0.33078
1715.25000,-0.41289,1.00592,-0.34047
1715.30000,-0.41223,1.00568,-0.34989
1715.35000,-0.41158,1.00544,-0.35904
1715.40000,-0.41094,1.00520,-0.36791
1715.45000,-0.40871,1.00381,-0.37731
1715.50000,-0.40173,1.00030,-0.38617
1715.55000,-0.39266,0.99657,-0.39403
1715.60000,-0.38361,0.99277,-0.40128
1715.65000,-0.37457,0.98890,-0.40782
1715.70000,-0.36554,0.98497,-0.41353
1715.75000,-0.35649,0.98097,-0.41825
1715.80000,-0.34745,0.97693,-0.42189
1715.85000,-0.33839,0.97285,-0.42429
1715.90000,-0.32930,0.96874,-0.42523
1715.95000,-0.32017,0.96461,-0.42457
1716.00000,-0.31101,0.96047,-0.42225
1716.05000,-0.30179,0.95635,-0.41771
1716.10000,-0.29252,0.95228,-0.41063
1716.15000,-0.28318,0.94820,-0.40323
1716.20000,-0.27729,0.94683,-0.39719
1716.25000,-0.27506,0.94684,-0.38603
1716.30000,-0.27432,0.94681,-0.36688
1716.35000,-0.27421,0.94677,-0.34333
1716.40000,-0.27411,0.94673,-0.31829
1716.45000,-0.27401,0.94670,-0.29202
1716.50000,-0.27390,0.94667,-0.26447
1716.55000,-0.27380,0.94664,-0.23562
1716.60000,-0.27369,0.94662,-0.20546
1716.65000,-0.27358,0.94660,-0.17402
1716.70000,-0.27347,0.94658,-0.14135
1716.75000,-0.27336,0.94657,-0.10756
1716.80000,-0.27324,0.94656,-0.07274
1716.85000,-0.27313,0.94655,-0.03698
1716.90000,-0.27301,0.94655,-0.00038
1716.95000,-0.27289,0.94655,0.03698
1717.00000,-0.27276,0.94656,0.07500
1717.05000,-0.27264,0.94657,0.11363
1717.10000,-0.27251,0.94659,0.15275
1717.15000,-0.27238,0.94661,0.19231
1717.20000,-0.27225,0.94664,0.23222
1717.25000,-0.27212,0.94667,0.27243
1717.30000,-0.27199,0.94671,0.31286
1717.35000,-0.27186,0.94676,0.35346
1717.40000,-0.27172,0.94681,0.39418
1717.45000,-0.27159,0.94687,0.43496
1717.50000,-0.27146,0.94693,0.47576
1717.55000,-0.27133,0.94700,0.51653
1717.60000,-0.27120,0.94708,0.55723
1717.65000,-0.27107,0.94716,0.59783
1717.70000,-0.27094,0.94725,0.63828
1717.75000,-0.27082,0.94735,0.67857
1717.80000,-0.27070,0.94745,0.71864
1717.85000,-0.27058,0.94756,0.75848
1717.90000,-0.27046,0.94767,0.79805
1717.95000,-0.27035,0.94779,0.83733
1718.00000,-0.27024,0.94792,0.87630
1718.05000,-0.27014,0.94805,0.91494
1718.10000,-0.27004,0.94818,0.95323
1718.15000,-0.26995,0.94832,0.99115
1718.20000,-0.26977,0.94854,1.02912
1718.25000,-0.26927,0.94941,1.06962
1718.30000,-0.26879,0.95029,1.10963
1718.35000,-0.26857,0.95073,1.14703
1718.40000,-0.26827,0.95142,1.18498
1718.45000,-0.26803,0.95198,1.22178
1718.50000,-0.26785,0.95242,1.25753
1718.55000,-0.26758,0.95336,1.29496
1718.60000,-0.26733,0.95436,1.33205
1718.65000,-0.26710,0.95541,1.36856
1718.70000,-0.26691,0.95641,1.40445
1718.75000,-0.26629,0.95928,1.43920
1718.80000,-0.26529,0.96735,1.46957
1718.85000,-0.26448,0.97675,1.50307
1718.90000,-0.26401,0.98591,1.53610
1718.95000,-0.26384,0.99511,1.56818
1719.00000,-0.26396,1.00433,1.59925
1719.05000,-0.26437,1.01357,1.62929
1719.10000,-0.26504,1.02282,1.65824
1719.15000,-0.26598,1.03207,1.68605
1719.20000,-0.26718,1.04133,1.71264
1719.25000,-0.26862,1.05059,1.73795
1719.30000,-0.27030,1.05984,1.76189
1719.35000,-0.27219,1.06908,1.78433
1719.40000,-0.27430,1.07832,1.80516
1719.45000,-0.27660,1.08756,1.82440
1719.50000,-0.27908,1.09677,1.84273
1719.55000,-0.28173,1.10595,1.86051
1719.60000,-0.28463,1.11541,1.87783
1719.65000,-0.28771,1.12490,1.89358
1719.70000,-0.29092,1.13433,1.90991
1719.75000,-0.29428,1.14363,1.92556
1719.80000,-0.29762,1.15250,1.94058
1719.85000,-0.29830,1.15673,1.95841
1719.90000,-0.29839,1.15697,1.97184
1719.95000,-0.29839,1.15700,1.98521
1720.00000,-0.29843,1.15711,1.99807
1720.05000,-0.29848,1.15725,2.00990
1720.10000,-0.29849,1.15731,2.02094
1720.15000,-0.29850,1.15737,2.03195
1720.20000,-0.29846,1.15732,2.04257
1720.25000,-0.29839,1.15719,2.05277
1720.30000,-0.29833,1.15707,2.06254
1720.35000,-0.29827,1.15695,2.07189
1720.40000,-0.29821,1.15685,2.08083
1720.45000,-0.29815,1.15675,2.08938
1720.50000,-0.29810,1.15666,2.09755
1720.55000,-0.29805,1.15658,2.10535
1720.60000,-0.29801,1.15650,2.11277
1720.65000,-0.29797,1.15643,2.11984
1720.70000,-0.29793,1.15637,2.12655
1720.75000,-0.29790,1.15632,2.13287
1720.80000,-0.29787,1.15627,2.13881
1720.85000,-0.29784,1.15623,2.14441
1720.90000,-0.29782,1.15620,2.14969
1720.95000,-0.29780,1.15617,2.15470
1721.00000,-0.29779,1.15615,2.15946
1721.05000,-0.29778,1.15613,2.16398
1721.10000,-0.29776,1.15611,2.16828
1721.15000,-0.29776,1.15610,2.17237
1721.20000,-0.29775,1.15609,2.17629
1721.25000,-0.29774,1.15608,2.18005
1721.30000,-0.29774,1.15607,2.18369
1721.35000,-0.29773,1.15606,2.18723
1721.40000,-0.29772,1.15606,2.19067
1721.45000,-0.29772,1.15605,2.19395
1721.50000,-0.29772,1.15605,2.19690
1721.55000,-0.29773,1.15607,2.19938
1721.60000,-0.29774,1.15607,2.20199
1721.65000,-0.29777,1.15614,2.20577
1721.70000,-0.29782,1.15621,2.21054
1721.75000,-0.29931,1.15779,2.21690
1721.80000,-0.30491,1.16490,2.22264
1721.85000,-0.31096,1.17278,2.22952
1721.90000,-0.31700,1.18052,2.23642
1721.95000,-0.32309,1.18823,2.24359
1722.00000,-0.32924,1.19587,2.25121
1722.05000,-0.33543,1.20346,2.25954
1722.10000,-0.34176,1.21108,2.26912
1722.15000,-0.34837,1.21888,2.28019
1722.20000,-0.35478,1.22624,2.29355
1722.25000,-0.36116,1.23337,2.31098
1722.30000,-0.36758,1.24040,2.32910
1722.35000,-0.37019,1.24321,2.35022
1722.40000,-0.37060,1.24361,2.38991
1722.45000,-0.37062,1.24363,2.43422
1722.50000,-0.37065,1.24366,2.47681
1722.55000,-0.37069,1.24368,2.51784
1722.60000,-0.37073,1.24371,2.55782
1722.65000,-0.37099,1.24391,2.59812
1722.70000,-0.37114,1.24401,2.63755
1722.75000,-0.37134,1.24414,2.67714
1722.80000,-0.37197,1.24444,2.71821
1722.85000,-0.37248,1.24467,2.75898
1722.90000,-0.37302,1.24490,2.79959
1722.95000,-0.37409,1.24526,2.84181
1723.00000,-0.37513,1.24555,2.88326
1723.05000,-0.37624,1.24583,2.92442
1723.10000,-0.37727,1.24603,2.96448
1723.15000,-0.37831,1.24619,3.00348
1723.20000,-0.37935,1.24632,3.04136
1723.25000,-0.38038,1.24641,3.07822
1723.30000,-0.38143,1.24646,3.11397
1723.35000,-0.38241,1.24647,-3.13477
1723.40000,-0.38338,1.24646,-3.10087
1723.45000,-0.38565,1.24623,-3.06778
1723.50000,-0.39272,1.24550,-3.03574
1723.55000,-0.40331,1.24420,-3.00327
1723.60000,-0.41358,1.24267,-2.97141
1723.65000,-0.42265,1.24096,-2.94049
1723.70000,-0.43169,1.23898,-2.91061
1723.75000,-0.44069,1.23673,-2.88164
1723.80000,-0.44964,1.23421,-2.85363
1723.85000,-0.45855,1.23144,-2.82678
1723.90000,-0.46741,1.22843,-2.80149
1723.95000,-0.47626,1.22518,-2.77832
1724.00000,-0.48509,1.22172,-2.75773
1724.05000,-0.49390,1.21807,-2.73979
1724.10000,-0.50295,1.21416,-2.72527
1724.15000,-0.51201,1.21019,-2.71163
1724.20000,-0.51662,1.20927,-2.69871
1724.25000,-0.51679,1.20919,-2.69288
1724.30000,-0.51692,1.20913,-2.68787
1724.35000,-0.51703,1.20909,-2.68247
1724.40000,-0.51719,1.20901,-2.67662
1724.45000,-0.51734,1.20894,-2.67017
1724.50000,-0.51748,1.20888,-2.66309
1724.55000,-0.51764,1.20879,-2.65556
1724.60000,-0.51771,1.20876,-2.64804
1724.65000,-0.51783,1.20870,-2.64045
1724.70000,-0.51795,1.20864,-2.63361
1724.75000,-0.51813,1.20855,-2.62717
1724.80000,-0.51829,1.20845,-2.62125
1724.85000,-0.51846,1.20837,-2.61584
1724.90000,-0.51859,1.20830,-2.61061
1724.95000,-0.51873,1.20822,-2.60560
1725.00000,-0.51884,1.20816,-2.60064
1725.05000,-0.51900,1.20807,-2.59542
1725.10000,-0.51912,1.20799,-2.59014
1725.15000,-0.51927,1.20791,-2.58473
1725.20000,-0.51941,1.20782,-2.57921
1725.25000,-0.51954,1.20774,-2.57375
1725.30000,-0.51969,1.20765,-2.56886
1725.35000,-0.51980,1.20758,-2.56425
1725.40000,-0.51993,1.20749,-2.56012
1725.45000,-0.52007,1.20740,-2.55633
1725.50000,-0.52021,1.20730,-2.55307
1725.55000,-0.52034,1.20721,-2.55013
1725.60000,-0.52050,1.20711,-2.54757
1725.65000,-0.52066,1.20700,-2.54532
1725.70000,-0.52081,1.20690,-2.54340
1725.75000,-0.52096,1.20681,-2.54167
1725.80000,-0.52113,1.20670,-2.53996
1725.85000,-0.52132,1.20660,-2.53828
1725.90000,-0.52150,1.20649,-2.53660
1725.95000,-0.52168,1.20638,-2.53495
1726.00000,-0.52186,1.20627,-2.53341
1726.05000,-0.52204,1.20616,-2.53216
1726.10000,-0.52221,1.20606,-2.53125
1726.15000,-0.52238,1.20596,-2.53070
1726.20000,-0.52253,1.20586,-2.53051
1726.25000,-0.52268,1.20577,-2.53069
1726.30000,-0.52282,1.20569,-2.53126
1726.35000,-0.52296,1.20561,-2.53227
1726.40000,-0.52309,1.20554,-2.53372
1726.45000,-0.52322,1.20547,-2.53555
1726.50000,-0.52333,1.20541,-2.53770
1726.55000,-0.52345,1.20535,-2.54013
1726.60000,-0.52356,1.20529,-2.54284
1726.65000,-0.52367,1.20524,-2.54580
1726.70000,-0.52377,1.20518,-2.54900
1726.75000,-0.52387,1.20514,-2.55247
1726.80000,-0.52396,1.20509,-2.55625
1726.85000,-0.52406,1.20505,-2.56034
1726.90000,-0.52413,1.20502,-2.56472
1726.95000,-0.52421,1.20499,-2.56933
1727.00000,-0.52428,1.20496,-2.57413
1727.05000,-0.52436,1.20493,-2.57904
1727.10000,-0.52443,1.20490,-2.58398
1727.15000,-0.52451,1.20488,-2.58885
1727.20000,-0.52459,1.20484,-2.59355
1727.25000,-0.52469,1.20480,-2.59799
1727.30000,-0.52480,1.20475,-2.60206
1727.35000,-0.52492,1.20470,-2.60570
1727.40000,-0.52507,1.20463,-2.60883
1727.45000,-0.52678,1.20304,-2.61097
1727.50000,-0.53319,1.19821,-2.61243
1727.55000,-0.54181,1.19318,-2.61412
1727.60000,-0.55044,1.18816,-2.61659
1727.65000,-0.55908,1.18317,-2.62006
1727.70000,-0.56773,1.17819,-2.62362
1727.75000,-0.57597,1.17361,-2.62683
1727.80000,-0.57954,1.17279,-2.62973
1727.85000,-0.57994,1.17270,-2.63721
1727.90000,-0.57994,1.17270,-2.64609
1727.95000,-0.57993,1.17270,-2.65499
1728.00000,-0.57993,1.17269,-2.66385
1728.05000,-0.57993,1.17269,-2.67267
1728.10000,-0.57993,1.17268,-2.68149
1728.15000,-0.57993,1.17268,-2.69029
1728.20000,-0.57994,1.17267,-2.69878
1728.25000,-0.57997,1.17265,-2.70673
1728.30000,-0.58016,1.17255,-2.71323
1728.35000,-0.58226,1.17093,-2.71906
1728.40000,-0.59013,1.16703,-2.72447
1728.45000,-0.59927,1.16299,-2.73013
1728.50000,-0.60843,1.15902,-2.73702
1728.55000,-0.61778,1.15500,-2.74428
1728.60000,-0.62339,1.15393,-2.74996
1728.65000,-0.62380,1.15391,-2.76131
1728.70000,-0.62429,1.15371,-2.77465
1728.75000,-0.62478,1.15353,-2.78762
1728.80000,-0.62489,1.15348,-2.79963
1728.85000,-0.62501,1.15342,-2.81085
1728.90000,-0.62509,1.15338,-2.82097
1728.95000,-0.62675,1.15222,-2.83043
1729.00000,-0.63386,1.14929,-2.83878
1729.05000,-0.64333,1.14636,-2.84635
1729.10000,-0.65272,1.14353,-2.85475
1729.15000,-0.66216,1.14079,-2.86431
1729.20000,-0.67152,1.13816,-2.87413
1729.25000,-0.67686,1.13775,-2.88316
1729.30000,-0.67743,1.13771,-2.89609
1729.35000,-0.67748,1.13767,-2.91117
1729.40000,-0.67732,1.13770,-2.92705
1729.45000,-0.67713,1.13773,-2.94279
1729.50000,-0.67695,1.13776,-2.95808
1729.55000,-0.67678,1.13779,-2.97273
1729.60000,-0.67677,1.13778,-2.98592
1729.65000,-0.67852,1.13713,-2.99818
1729.70000,-0.68662,1.13585,-3.00985
1729.75000,-0.69633,1.13461,-3.02109
1729.80000,-0.70597,1.13351,-3.03275
1729.85000,-0.71562,1.13253,-3.04510
1729.90000,-0.72526,1.13167,-3.05811
1729.95000,-0.73476,1.13093,-3.07067
1730.00000,-0.73922,1.13077,-3.08390
1730.05000,-0.73937,1.13076,-3.09951
1730.10000,-0.73958,1.13075,-3.11528
1730.15000,-0.73979,1.13075,-3.13109
1730.20000,-0.74000,1.13075,3.13656
1730.25000,-0.74022,1.13075,3.12144
1730.30000,-0.74043,1.13076,3.10710
1730.35000,-0.74278,1.13094,3.09237
1730.40000,-0.75152,1.13147,3.07883
1730.45000,-0.76138,1.13215,3.06617
1730.50000,-0.77132,1.13296,3.05337
1730.55000,-0.78127,1.13391,3.03998
1730.60000,-0.79103,1.13498,3.02502
1730.65000,-0.80097,1.13614,3.01072
1730.70000,-0.80621,1.13635,2.99584
1730.75000,-0.80660,1.13638,2.97873
1730.80000,-0.80678,1.13641,2.96022
1730.85000,-0.80695,1.13644,2.94185
1730.90000,-0.80713,1.13648,2.92364
1730.95000,-0.80730,1.13652,2.90567
1731.00000,-0.80748,1.13656,2.88801
1731.05000,-0.80766,1.13661,2.87076
1731.10000,-0.80936,1.13756,2.85327
1731.15000,-0.81580,1.14017,2.83636
1731.20000,-0.82492,1.14315,2.81883
1731.25000,-0.83420,1.14635,2.80220
1731.30000,-0.84356,1.14975,2.78572
1731.35000,-0.85259,1.15320,2.76776
1731.40000,-0.86149,1.15680,2.74918
1731.45000,-0.87032,1.16057,2.73023
1731.50000,-0.87905,1.16449,2.71071
1731.55000,-0.88763,1.16855,2.69030
1731.60000,-0.89601,1.17267,2.67037
1731.65000,-0.89931,1.17349,2.64757
1731.70000,-0.89945,1.17356,2.62737
1731.75000,-0.89960,1.17365,2.60722
1731.80000,-0.89975,1.17374,2.58734
1731.85000,-0.89990,1.17384,2.56769
1731.90000,-0.90154,1.17529,2.54767
1731.95000,-0.90824,1.18011,2.52828
1732.00000,-0.91592,1.18566,2.50711
1732.05000,-0.92347,1.19136,2.48553
1732.10000,-0.93089,1.19722,2.46348
1732.15000,-0.93816,1.20324,2.44101
1732.20000,-0.94529,1.20941,2.41819
1732.25000,-0.95229,1.21573,2.39505
1732.30000,-0.95914,1.22222,2.37170
1732.35000,-0.96582,1.22885,2.34819
1732.40000,-0.97235,1.23563,2.32462
1732.45000,-0.97871,1.24256,2.30106
1732.50000,-0.98491,1.24964,2.27756
1732.55000,-0.99094,1.25687,2.25413
1732.60000,-0.99680,1.26424,2.23079
1732.65000,-1.00249,1.27174,2.20755
1732.70000,-1.00801,1.27938,2.18445
1732.75000,-1.01335,1.28714,2.16150
1732.80000,-1.01852,1.29503,2.13873
1732.85000,-1.02351,1.30304,2.11617
1732.90000,-1.02832,1.31117,2.09381
1732.95000,-1.03295,1.31941,2.07179
1733.00000,-1.03741,1.32777,2.05003
1733.05000,-1.04169,1.33622,2.02852
1733.10000,-1.04579,1.34477,2.00728
1733.15000,-1.04971,1.35342,1.98635
1733.20000,-1.05346,1.36215,1.96573
1733.25000,-1.05702,1.37096,1.94541
1733.30000,-1.06042,1.37985,1.92544
1733.35000,-1.06364,1.38881,1.90585
1733.40000,-1.06669,1.39784,1.88665
1733.45000,-1.06956,1.40694,1.86784
1733.50000,-1.07227,1.41609,1.84953
1733.55000,-1.07481,1.42528,1.83171
1733.60000,-1.07720,1.43454,1.81433
1733.65000,-1.07942,1.44384,1.79741
1733.70000,-1.08150,1.45320,1.78088
1733.75000,-1.08342,1.46259,1.76487
1733.80000,-1.08520,1.47203,1.74929
1733.85000,-1.08683,1.48150,1.73421
1733.90000,-1.08833,1.49102,1.71948
1733.95000,-1.08969,1.50057,1.70528
1734.00000,-1.09092,1.51015,1.69153
1734.05000,-1.09202,1.51977,1.67822
1734.10000,-1.09300,1.52940,1.66550
1734.15000,-1.09386,1.53906,1.65324
1734.20000,-1.09460,1.54874,1.64145
1734.25000,-1.09524,1.55845,1.63016
1734.30000,-1.09578,1.56820,1.61947
1734.35000,-1.09621,1.57799,1.60926
1734.40000,-1.09654,1.58778,1.59981
1734.45000,-1.09679,1.59759,1.59092
1734.50000,-1.09694,1.60744,1.58227
1734.55000,-1.09702,1.61729,1.57441
1734.60000,-1.09702,1.62715,1.56726
1734.65000,-1.09695,1.63701,1.56136
1734.70000,-1.09683,1.64675,1.55598
1734.75000,-1.09684,1.65245,1.54986
1734.80000,-1.09683,1.65290,1.54664
1734.85000,-1.09683,1.65310,1.54599
1734.90000,-1.09682,1.65326,1.54664
1734.95000,-1.09682,1.65343,1.54844
1735.00000,-1.09681,1.65363,1.55126
1735.05000,-1.09681,1.65381,1.55530
1735.10000,-1.09681,1.65403,1.55989
1735.15000,-1.09680,1.65425,1.56533
1735.20000,-1.09680,1.65447,1.57165
1735.25000,-1.09680,1.65466,1.57911
1735.30000,-1.09680,1.65491,1.58659
1735.35000,-1.09681,1.65518,1.59461
1735.40000,-1.09681,1.65546,1.60328
1735.45000,-1.09682,1.65564,1.61300
1735.50000,-1.09683,1.65588,1.62226
1735.55000,-1.09684,1.65615,1.63196
1735.60000,-1.09685,1.65635,1.64218
1735.65000,-1.09687,1.65663,1.65198
1735.70000,-1.09688,1.65680,1.66239
1735.75000,-1.09690,1.65704,1.67187
1735.80000,-1.09692,1.65728,1.68100
1735.85000,-1.09694,1.65748,1.68993
1735.90000,-1.09694,1.65759,1.69891
1735.95000,-1.09695,1.65768,1.70732
1736.00000,-1.09695,1.65776,1.71519
1736.05000,-1.09695,1.65774,1.72240
1736.10000,-1.09694,1.65771,1.72963
1736.15000,-1.09694,1.65767,1.73694
1736.20000,-1.09693,1.65764,1.74418
1736.25000,-1.09693,1.65761,1.75113
1736.30000,-1.09693,1.65760,1.75750
1736.35000,-1.09693,1.65760,1.76318
1736.40000,-1.09765,1.65927,1.76917
1736.45000,-1.09957,1.66614,1.77441
1736.50000,-1.10160,1.67587,1.77819
1736.55000,-1.10366,1.68557,1.78130
1736.60000,-1.10575,1.69528,1.78405
1736.65000,-1.10786,1.70499,1.78641
1736.70000,-1.11000,1.71471,1.78842
1736.75000,-1.11216,1.72443,1.79010
1736.80000,-1.11433,1.73415,1.79149
1736.85000,-1.11652,1.74388,1.79259
1736.90000,-1.11872,1.75362,1.79345
1736.95000,-1.12093,1.76335,1.79409
1737.00000,-1.12314,1.77309,1.79456
1737.05000,-1.12536,1.78283,1.79489
1737.10000,-1.12758,1.79258,1.79512
1737.15000,-1.12981,1.80232,1.79531
1737.20000,-1.13203,1.81207,1.79549
1737.25000,-1.13426,1.82181,1.79570
1737.30000,-1.13648,1.83156,1.79598
1737.35000,-1.13871,1.84132,1.79636
1737.40000,-1.14094,1.85108,1.79691
1737.45000,-1.14318,1.86084,1.79768
1737.50000,-1.14542,1.87061,1.79873
1737.55000,-1.14769,1.88038,1.80008
1737.60000,-1.14997,1.89013,1.80172
1737.65000,-1.15228,1.89988,1.80377
1737.70000,-1.15460,1.90961,1.80615
1737.75000,-1.15695,1.91936,1.80913
1737.80000,-1.15934,1.92910,1.81273
1737.85000,-1.16177,1.93884,1.81698
1737.90000,-1.16424,1.94859,1.82198
1737.95000,-1.16678,1.95839,1.82794
1738.00000,-1.16939,1.96820,1.83491
1738.05000,-1.17208,1.97806,1.84254
1738.10000,-1.17475,1.98758,1.84973
1738.15000,-1.17542,1.99323,1.86000
1738.20000,-1.17553,1.99404,1.87085
1738.25000,-1.17565,1.99441,1.88318
1738.30000,-1.17578,1.99483,1.89683
1738.35000,-1.17593,1.99529,1.91143
1738.40000,-1.17609,1.99577,1.92697
1738.45000,-1.17626,1.99628,1.94342
1738.50000,-1.17646,1.99677,1.96016
1738.55000,-1.17667,1.99726,1.97683
1738.60000,-1.17688,1.99775,1.99334
1738.65000,-1.17710,1.99824,2.00972
1738.70000,-1.17733,1.99872,2.02596
1738.75000,-1.17757,1.99919,2.04206
1738.80000,-1.17781,1.99965,2.05802
1738.85000,-1.17805,2.00010,2.07381
1738.90000,-1.17830,2.00055,2.08945
1738.95000,-1.17856,2.00099,2.10491
1739.00000,-1.17882,2.00143,2.12020
1739.05000,-1.17908,2.00185,2.13529
1739.10000,-1.17935,2.00227,2.15026
1739.15000,-1.17963,2.00269,2.16538
1739.20000,-1.17992,2.00311,2.18085
1739.25000,-1.18022,2.00353,2.19665
1739.30000,-1.18053,2.00395,2.21241
1739.35000,-1.18084,2.00436,2.22794
1739.40000,-1.18275,2.00653,2.24248
1739.45000,-1.18867,2.01379,2.25561
1739.50000,-1.19526,2.02174,2.27012
1739.55000,-1.20194,2.02959,2.28386
1739.60000,-1.20870,2.03731,2.29676
1739.65000,-1.21557,2.04496,2.30925
1739.70000,-1.22253,2.05253,2.32130
1739.75000,-1.22957,2.05999,2.33292
1739.80000,-1.23667,2.06736,2.34412
1739.85000,-1.24385,2.07463,2.35486
1739.90000,-1.25110,2.08184,2.36491
1739.95000,-1.25832,2.08887,2.37347
1740.00000,-1.26556,2.09582,2.38077
1740.05000,-1.27288,2.10275,2.38791
1740.10000,-1.28024,2.10960,2.39456
1740.15000,-1.28763,2.11641,2.40082
1740.20000,-1.29505,2.12316,2.40663
1740.25000,-1.30249,2.12985,2.41193
1740.30000,-1.30997,2.13651,2.41650
1740.35000,-1.31748,2.14314,2.42035
1740.40000,-1.32501,2.14974,2.42351
1740.45000,-1.33257,2.15632,2.42627
1740.50000,-1.34013,2.16289,2.42870
1740.55000,-1.34766,2.16942,2.43653
1740.60000,-1.35525,2.17606,2.45548
1740.65000,-1.36303,2.18242,2.48858
1740.70000,-1.36947,2.18713,2.53718
1740.75000,-1.37595,2.19135,2.59200
1740.80000,-1.38317,2.19549,2.64836
1740.85000,-1.39097,2.19940,2.70582
1740.90000,-1.39929,2.20299,2.76388
1740.95000,-1.40805,2.20617,2.82226
1741.00000,-1.41718,2.20889,2.88077
1741.05000,-1.42663,2.21112,2.93922
1741.10000,-1.43632,2.21282,2.99765
1741.15000,-1.44578,2.21390,3.04109
1741.20000,-1.45287,2.21443,3.07011
1741.25000,-1.45727,2.21469,3.08873
1741.30000,-1.46074,2.21467,3.08717
1741.35000,-1.46311,2.21455,3.07383
1741.40000,-1.46300,2.21452,3.04935
1741.45000,-1.46238,2.21446,3.02205
1741.50000,-1.46178,2.21439,2.99492
1741.55000,-1.46121,2.21431,2.96857
1741.60000,-1.46088,2.21426,2.96080
1741.65000,-1.46069,2.21419,2.95672
1741.70000,-1.46022,2.21409,2.93634
1741.75000,-1.45978,2.21410,2.92060
1741.80000,-1.45962,2.21413,2.91280
1741.85000,-1.45954,2.21416,2.90729
1741.90000,-1.45942,2.21400,2.90823
1741.95000,-1.45936,2.21405,2.90335
1742.00000,-1.45963,2.21445,2.91071
1742.05000,-1.46021,2.21509,2.92803
1742.10000,-1.46229,2.21594,2.95388
1742.15000,-1.46629,2.21706,2.98749
1742.20000,-1.47175,2.21787,3.01539
1742.25000,-1.47636,2.21836,3.03446
1742.30000,-1.48101,2.21878,3.06884
1742.35000,-1.48737,2.21911,3.11003
1742.40000,-1.49408,2.21919,-3.14001
1742.45000,-1.49986,2.21918,-3.13170
1742.50000,-1.50492,2.21918,3.13872
1742.55000,-1.50926,2.21918,3.10926
1742.60000,-1.51196,2.21922,3.06700
1742.65000,-1.51271,2.21928,3.01509
1742.70000,-1.51288,2.21930,2.95955
1742.75000,-1.51307,2.21934,2.90325
1742.80000,-1.51327,2.21940,2.84635
1742.85000,-1.51348,2.21949,2.79929
1742.90000,-1.51391,2.21985,2.77098
1742.95000,-1.51484,2.22079,2.77048
1743.00000,-1.51625,2.22225,2.78907
1743.05000,-1.51907,2.22402,2.81630
1743.10000,-1.52490,2.22614,2.85554
1743.15000,-1.53246,2.22818,2.90161
1743.20000,-1.54096,2.23004,2.95056
1743.25000,-1.55017,2.23158,3.00148
1743.30000,-1.55995,2.23270,3.05354
1743.35000,-1.56993,2.23332,3.10592
1743.40000,-1.57916,2.23344,3.13981
1743.45000,-1.58555,2.23340,-3.11980
1743.50000,-1.59100,2.23318,-3.07968
1743.55000,-1.59563,2.23278,-3.02596
1743.60000,-1.59866,2.23233,-2.95879
1743.65000,-1.60027,2.23198,-2.88082
1743.70000,-1.60136,2.23164,-2.79703
1743.75000,-1.60243,2.23120,-2.71063
1743.80000,-1.60355,2.23063,-2.62475
1743.85000,-1.60464,2.22994,-2.53967
1743.90000,-1.60569,2.22915,-2.45542
1743.95000,-1.60669,2.22826,-2.37200
1744.00000,-1.60763,2.22728,-2.28945
1744.05000,-1.60849,2.22620,-2.20777
1744.10000,-1.60927,2.22505,-2.12699
1744.15000,-1.60997,2.22382,-2.04712
1744.20000,-1.61057,2.22253,-1.96817
1744.25000,-1.61108,2.22118,-1.89017
1744.30000,-1.61148,2.21978,-1.81312
1744.35000,-1.61178,2.21834,-1.73704
1744.40000,-1.61197,2.21688,-1.66193
1744.45000,-1.61205,2.21539,-1.58781
1744.50000,-1.61202,2.21390,-1.51469
1744.55000,-1.61188,2.21240,-1.44258
1744.60000,-1.61163,2.21092,-1.37148
1744.65000,-1.61128,2.20946,-1.30143
1744.70000,-1.61084,2.20803,-1.23244
1744.75000,-1.61029,2.20664,-1.16452
1744.80000,-1.60966,2.20529,-1.09765
1744.85000,-1.60894,2.20400,-1.03184
1744.90000,-1.60815,2.20276,-0.96708
1744.95000,-1.60728,2.20158,-0.90338
1745.00000,-1.60634,2.20047,-0.84073
1745.05000,-1.60535,2.19942,-0.77915
1745.10000,-1.60430,2.19845,-0.71864
1745.15000,-1.60321,2.19755,-0.65919
1745.20000,-1.60208,2.19673,-0.60081
1745.25000,-1.60092,2.19598,-0.54350
1745.30000,-1.59973,2.19530,-0.48725
1745.35000,-1.59852,2.19471,-0.43208
1745.40000,-1.59508,2.19315,-0.38064
1745.45000,-1.58770,2.19038,-0.33538
1745.50000,-1.57925,2.18766,-0.28780
1745.55000,-1.56998,2.18517,-0.23841
1745.60000,-1.56022,2.18305,-0.18826
1745.65000,-1.55036,2.18142,-0.13917
1745.70000,-1.54043,2.18027,-0.09116
1745.75000,-1.53045,2.17959,-0.04424
1745.80000,-1.52046,2.17938,0.00159
1745.85000,-1.51046,2.17962,0.04634
1745.90000,-1.50049,2.18030,0.08995
1745.95000,-1.49055,2.18141,0.13238
1746.00000,-1.48047,2.18296,0.17443
1746.05000,-1.47066,2.18489,0.21431
1746.10000,-1.46094,2.18720,0.25268
1746.15000,-1.45131,2.18987,0.28934
1746.20000,-1.44172,2.19272,0.32588
1746.25000,-1.43782,2.19308,0.36065
1746.30000,-1.43703,2.19334,0.38744
1746.35000,-1.43650,2.19351,0.40623
1746.40000,-1.43618,2.19349,0.41635
1746.45000,-1.43616,2.19343,0.41376
1746.50000,-1.43626,2.19338,0.40510
1746.55000,-1.43642,2.19331,0.39324
1746.60000,-1.43663,2.19323,0.37959
1746.65000,-1.43688,2.19313,0.36447
1746.70000,-1.43715,2.19303,0.34795
1746.75000,-1.43746,2.19292,0.33011
1746.80000,-1.43781,2.19281,0.31102
1746.85000,-1.43817,2.19269,0.29079
1746.90000,-1.43858,2.19258,0.26924
1746.95000,-1.43901,2.19247,0.24501
1747.00000,-1.43956,2.19234,0.21599
1747.05000,-1.44009,2.19224,0.18286
1747.10000,-1.43990,2.19228,0.14954
1747.15000,-1.43961,2.19232,0.11458
1747.20000,-1.43928,2.19235,0.07865
1747.25000,-1.43893,2.19237,0.04209
1747.30000,-1.43856,2.19238,0.00474
1747.35000,-1.43818,2.19237,-0.03360
1747.40000,-1.43778,2.19235,-0.07287
1747.45000,-1.43736,2.19231,-0.11298
1747.50000,-1.43693,2.19226,-0.15381
1747.55000,-1.43649,2.19218,-0.19530
1747.60000,-1.43603,2.19208,-0.23735
1747.65000,-1.43557,2.19195,-0.27991
1747.70000,-1.43509,2.19181,-0.32290
1747.75000,-1.43462,2.19164,-0.36626
1747.80000,-1.43414,2.19144,-0.40986
1747.85000,-1.43366,2.19122,-0.45361
1747.90000,-1.43317,2.19097,-0.49742
1747.95000,-1.43267,2.19068,-0.54125
1748.00000,-1.43215,2.19036,-0.58503
1748.05000,-1.43161,2.18998,-0.62877
1748.10000,-1.43103,2.18954,-0.67243
1748.15000,-1.43042,2.18903,-0.71600
1748.20000,-1.42979,2.18846,-0.75943
1748.25000,-1.42914,2.18781,-0.80274
1748.30000,-1.42847,2.18709,-0.84590
1748.35000,-1.42780,2.18630,-0.88894
1748.40000,-1.42716,2.18547,-0.93187
1748.45000,-1.42655,2.18461,-0.97466
1748.50000,-1.42596,2.18371,-1.01728
1748.55000,-1.42542,2.18278,-1.05971
1748.60000,-1.42490,2.18181,-1.10194
1748.65000,-1.42443,2.18082,-1.14395
1748.70000,-1.42399,2.17980,-1.18569
1748.75000,-1.42358,2.17874,-1.22714
1748.80000,-1.42321,2.17762,-1.26822
1748.85000,-1.42286,2.17644,-1.30891
1748.90000,-1.42255,2.17518,-1.34917
1748.95000,-1.42228,2.17383,-1.38899
1749.00000,-1.42204,2.17240,-1.42836
1749.05000,-1.42186,2.17088,-1.46732
1749.10000,-1.42172,2.16929,-1.50588
1749.15000,-1.42165,2.16768,-1.54407
1749.20000,-1.42164,2.16606,-1.58190
1749.25000,-1.42168,2.16443,-1.61935
1749.30000,-1.42179,2.16280,-1.65640
1749.35000,-1.42196,2.16117,-1.69306
1749.40000,-1.42219,2.15955,-1.72929
1749.45000,-1.42248,2.15792,-1.76507
1749.50000,-1.42284,2.15627,-1.80034
1749.55000,-1.42326,2.15459,-1.83508
1749.60000,-1.42376,2.15286,-1.86924
1749.65000,-1.42409,2.15185,-1.90584
1749.70000,-1.42445,2.15090,-1.94233
1749.75000,-1.42487,2.14988,-1.97821
1749.80000,-1.42535,2.14883,-2.01334
1749.85000,-1.42589,2.14778,-2.04808
1749.90000,-1.42647,2.14674,-2.08222
1749.95000,-1.42710,2.14567,-2.11578
1750.00000,-1.42777,2.14462,-2.14871
1750.05000,-1.42848,2.14359,-2.18099
1750.10000,-1.42924,2.14256,-2.21263
1750.15000,-1.43004,2.14153,-2.24362
1750.20000,-1.43090,2.14051,-2.27389
1750.25000,-1.43372,2.13740,-2.30272
1750.30000,-1.43975,2.13087,-2.32953
1750.35000,-1.44624,2.12421,-2.35750
1750.40000,-1.45293,2.11772,-2.38474
1750.45000,-1.45980,2.11140,-2.41124
1750.50000,-1.46685,2.10525,-2.43701
1750.55000,-1.47406,2.09927,-2.46211
1750.60000,-1.48145,2.09347,-2.48660
1750.65000,-1.48897,2.08783,-2.51065
1750.70000,-1.49663,2.08236,-2.53418
1750.75000,-1.50445,2.07705,-2.55711
1750.80000,-1.51239,2.07194,-2.57940
1750.85000,-1.52044,2.06699,-2.60112
1750.90000,-1.52862,2.06221,-2.62233
1750.95000,-1.53691,2.05758,-2.64304
1751.00000,-1.54531,2.05312,-2.66315
1751.05000,-1.55381,2.04882,-2.68265
1751.10000,-1.56240,2.04467,-2.70154
1751.15000,-1.57109,2.04068,-2.71979
1751.20000,-1.57985,2.03684,-2.73745
1751.25000,-1.58870,2.03314,-2.75449
1751.30000,-1.59762,2.02959,-2.77097
1751.35000,-1.60661,2.02618,-2.78699
1751.40000,-1.61566,2.02291,-2.80257
1751.45000,-1.62477,2.01977,-2.81775
1751.50000,-1.63393,2.01677,-2.83258
1751.55000,-1.64314,2.01390,-2.84707
1751.60000,-1.65241,2.01117,-2.86128
1751.65000,-1.66172,2.00855,-2.87522
1751.70000,-1.67106,2.00607,-2.88891
1751.75000,-1.68045,2.00371,-2.90238
1751.80000,-1.68987,2.00148,-2.91565
1751.85000,-1.69932,1.99937,-2.92850
1751.90000,-1.70880,1.99738,-2.94099
1751.95000,-1.71832,1.99550,-2.95320
1752.00000,-1.72794,1.99372,-2.96463
1752.05000,-1.73761,1.99204,-2.97543
1752.10000,-1.74731,1.99047,-2.98578
1752.15000,-1.75704,1.98899,-2.99548
1752.20000,-1.76672,1.98763,-3.00492
1752.25000,-1.77641,1.98635,-3.01393
1752.30000,-1.78612,1.98516,-3.02258
1752.35000,-1.79585,1.98406,-3.03084
1752.40000,-1.80532,1.98302,-3.03819
1752.45000,-1.81106,1.98277,-3.04509
1752.50000,-1.81153,1.98275,-3.05184
1752.55000,-1.81164,1.98274,-3.05751
1752.60000,-1.81182,1.98273,-3.06229
1752.65000,-1.81201,1.98271,-3.06649
1752.70000,-1.81222,1.98270,-3.07016
1752.75000,-1.81246,1.98268,-3.07335
1752.80000,-1.81272,1.98266,-3.07608
1752.85000,-1.81301,1.98264,-3.07852
1752.90000,-1.81337,1.98262,-3.08080
1752.95000,-1.81372,1.98260,-3.08307
1753.00000,-1.81407,1.98258,-3.08448
1753.05000,-1.81446,1.98255,-3.08491
1753.10000,-1.81486,1.98253,-3.08472
1753.15000,-1.81526,1.98251,-3.08420
1753.20000,-1.81568,1.98248,-3.08305
1753.25000,-1.81610,1.98246,-3.08128
1753.30000,-1.81650,1.98243,-3.07901
1753.35000,-1.81694,1.98240,-3.07604
1753.40000,-1.81735,1.98237,-3.07246
1753.45000,-1.81778,1.98234,-3.06835
1753.50000,-1.81815,1.98231,-3.06362
1753.55000,-1.81856,1.98228,-3.05823
1753.60000,-1.81899,1.98224,-3.05173
1753.65000,-1.81941,1.98221,-3.04483
1753.70000,-1.81976,1.98217,-3.03675
1753.75000,-1.82011,1.98213,-3.02760
1753.80000,-1.82048,1.98208,-3.01727
1753.85000,-1.82096,1.98203,-3.00498
1753.90000,-1.82132,1.98198,-2.99185
1753.95000,-1.82165,1.98193,-2.97745
1754.00000,-1.82198,1.98187,-2.96144
1754.05000,-1.82246,1.98179,-2.94319
1754.10000,-1.82291,1.98170,-2.92325
1754.15000,-1.82328,1.98161,-2.90159
1754.20000,-1.82361,1.98152,-2.87801
1754.25000,-1.82395,1.98143,-2.85234
1754.30000,-1.82429,1.98132,-2.82457
1754.35000,-1.82464,1.98120,-2.79472
1754.40000,-1.82501,1.98106,-2.76286
1754.45000,-1.82539,1.98090,-2.72909
1754.50000,-1.82579,1.98072,-2.69353
1754.55000,-1.82622,1.98051,-2.65645
1754.60000,-1.82665,1.98027,-2.61824
1754.65000,-1.82710,1.98000,-2.57912
1754.70000,-1.82754,1.97970,-2.53887
1754.75000,-1.82799,1.97938,-2.49734
1754.80000,-1.82842,1.97904,-2.45441
1754.85000,-1.82886,1.97867,-2.41015
1754.90000,-1.82928,1.97826,-2.36476
1754.95000,-1.82970,1.97783,-2.31842
1755.00000,-1.83012,1.97736,-2.27120
1755.05000,-1.83055,1.97683,-2.22320
1755.10000,-1.83099,1.97622,-2.17461
1755.15000,-1.83144,1.97553,-2.12563
1755.20000,-1.83190,1.97475,-2.07643
1755.25000,-1.83235,1.97388,-2.02713
1755.30000,-1.83280,1.97291,-1.97785
1755.35000,-1.83323,1.97183,-1.92868
1755.40000,-1.83364,1.97064,-1.87970
1755.45000,-1.83403,1.96934,-1.83095
1755.50000,-1.83437,1.96791,-1.78250
1755.55000,-1.83465,1.96640,-1.73439
1755.60000,-1.83487,1.96484,-1.68665
1755.65000,-1.83502,1.96324,-1.63929
1755.70000,-1.83509,1.96161,-1.59234
1755.75000,-1.83509,1.95997,-1.54582
1755.80000,-1.83501,1.95832,-1.49973
1755.85000,-1.83486,1.95666,-1.45411
1755.90000,-1.83462,1.95500,-1.40896
1755.95000,-1.83432,1.95335,-1.36430
1756.00000,-1.83393,1.95170,-1.32014
1756.05000,-1.83347,1.95006,-1.27649
1756.10000,-1.83295,1.94845,-1.23336
1756.15000,-1.83235,1.94685,-1.19076
1756.20000,-1.83168,1.94528,-1.14870
1756.25000,-1.83095,1.94374,-1.10717
1756.30000,-1.83016,1.94224,-1.06619
1756.35000,-1.82931,1.94077,-1.02577
1756.40000,-1.82841,1.93935,-0.98590
1756.45000,-1.82730,1.93773,-0.94555
1756.50000,-1.82602,1.93598,-0.90470
1756.55000,-1.82501,1.93474,-0.86654
1756.60000,-1.82397,1.93354,-0.82899
1756.65000,-1.82290,1.93240,-0.79202
1756.70000,-1.82179,1.93131,-0.75561
1756.75000,-1.82066,1.93027,-0.71979
1756.80000,-1.81950,1.92928,-0.68452
1756.85000,-1.81829,1.92832,-0.64967
1756.90000,-1.81494,1.92585,-0.61595
1756.95000,-1.80818,1.92122,-0.58314
1757.00000,-1.80020,1.91616,-0.54825
1757.05000,-1.79163,1.91111,-0.51579
1757.10000,-1.78287,1.90633,-0.48403
1757.15000,-1.77397,1.90183,-0.45273
1757.20000,-1.76493,1.89761,-0.42186
1757.25000,-1.75577,1.89367,-0.39142
1757.30000,-1.74649,1.89001,-0.36137
1757.35000,-1.73710,1.88662,-0.33170
1757.40000,-1.72762,1.88352,-0.30240
1757.45000,-1.71805,1.88069,-0.27343
1757.50000,-1.70841,1.87814,-0.24479
1757.55000,-1.69870,1.87587,-0.21645
1757.60000,-1.68893,1.87387,-0.18839
1757.65000,-1.67910,1.87215,-0.16059
1757.70000,-1.66949,1.87073,-0.13179
1757.75000,-1.66032,1.86966,-0.10131
1757.80000,-1.65111,1.86886,-0.07112
1757.85000,-1.64187,1.86834,-0.04118
1757.90000,-1.63262,1.86810,-0.01122
1757.95000,-1.62338,1.86814,0.01899
1758.00000,-1.61415,1.86846,0.04963
1758.05000,-1.60495,1.86906,0.08089
1758.10000,-1.59580,1.86995,0.11289
1758.15000,-1.58670,1.87113,0.14578
1758.20000,-1.57744,1.87268,0.18068
1758.25000,-1.56815,1.87460,0.21594
1758.30000,-1.55818,1.87693,0.25165
1758.35000,-1.54900,1.87947,0.28865
1758.40000,-1.54050,1.88190,0.32737
1758.45000,-1.53778,1.88235,0.36990
1758.50000,-1.53759,1.88241,0.41893
1758.55000,-1.53756,1.88242,0.47211
1758.60000,-1.53753,1.88244,0.52700
1758.65000,-1.53750,1.88245,0.58295
1758.70000,-1.53747,1.88248,0.63969
1758.75000,-1.53744,1.88250,0.69700
1758.80000,-1.53741,1.88252,0.75466
1758.85000,-1.53739,1.88255,0.81251
1758.90000,-1.53736,1.88258,0.87039
1758.95000,-1.53733,1.88261,0.92818
1759.00000,-1.53731,1.88265,0.98577
1759.05000,-1.53729,1.88268,1.04307
1759.10000,-1.53727,1.88272,1.10000
1759.15000,-1.53725,1.88276,1.15648
1759.20000,-1.53723,1.88280,1.21237
1759.25000,-1.53722,1.88285,1.26751
1759.30000,-1.53720,1.88289,1.32180
1759.35000,-1.53719,1.88293,1.37573
1759.40000,-1.53719,1.88298,1.43066
1759.45000,-1.53718,1.88302,1.48725
1759.50000,-1.53718,1.88306,1.54569
1759.55000,-1.53718,1.88310,1.60605
1759.60000,-1.53718,1.88315,1.66830
1759.65000,-1.53719,1.88319,1.73246
1759.70000,-1.53720,1.88324,1.79839
1759.75000,-1.53721,1.88329,1.86595
1759.80000,-1.53723,1.88334,1.93485
1759.85000,-1.53725,1.88339,2.00485
1759.90000,-1.53728,1.88344,2.07574
1759.95000,-1.53731,1.88350,2.14731
1760.00000,-1.53736,1.88356,2.21936
1760.05000,-1.53741,1.88363,2.29170
1760.10000,-1.53747,1.88369,2.36416
1760.15000,-1.53754,1.88376,2.43661
1760.20000,-1.53763,1.88383,2.50890
1760.25000,-1.53773,1.88389,2.58094
1760.30000,-1.53784,1.88396,2.65260
1760.35000,-1.53797,1.88402,2.72381
1760.40000,-1.53811,1.88408,2.79450
1760.45000,-1.53827,1.88413,2.86458
1760.50000,-1.53845,1.88417,2.93399
1760.55000,-1.53865,1.88421,3.00269
1760.60000,-1.53886,1.88423,3.07062
1760.65000,-1.53910,1.88424,3.13774
1760.70000,-1.53935,1.88423,-3.07917
1760.75000,-1.53963,1.88420,-3.01378
1760.80000,-1.53993,1.88415,-2.94931
1760.85000,-1.54025,1.88408,-2.88577
1760.90000,-1.54059,1.88398,-2.82320
1760.95000,-1.54095,1.88385,-2.76162
1761.00000,-1.54132,1.88369,-2.70105
1761.05000,-1.54345,1.88249,-2.64321
1761.10000,-1.54954,1.87895,-2.59337
1761.15000,-1.55654,1.87443,-2.54237
1761.20000,-1.56383,1.86916,-2.48976
1761.25000,-1.57122,1.86320,-2.43612
1761.30000,-1.57858,1.85658,-2.38191
1761.35000,-1.58565,1.84950,-2.32833
1761.40000,-1.59232,1.84206,-2.27575
1761.45000,-1.59860,1.83428,-2.22415
1761.50000,-1.60448,1.82619,-2.17342
1761.55000,-1.60994,1.81781,-2.12336
1761.60000,-1.61497,1.80917,-2.07386
1761.65000,-1.61957,1.80030,-2.02482
1761.70000,-1.62374,1.79121,-1.97621
1761.75000,-1.62746,1.78193,-1.92799
1761.80000,-1.63073,1.77248,-1.88014
1761.85000,-1.63355,1.76288,-1.83267
1761.90000,-1.63591,1.75317,-1.78562
1761.95000,-1.63781,1.74335,-1.73905
1762.00000,-1.63926,1.73346,-1.69304
1762.05000,-1.64025,1.72351,-1.64769
1762.10000,-1.64080,1.71352,-1.60310
1762.15000,-1.64090,1.70353,-1.55940
1762.20000,-1.64057,1.69353,-1.51668
1762.25000,-1.63982,1.68356,-1.47504
1762.30000,-1.63890,1.67372,-1.43379
1762.35000,-1.63881,1.66874,-1.39245
1762.40000,-1.63861,1.66730,-1.35120
1762.45000,-1.63850,1.66676,-1.31370
1762.50000,-1.63839,1.66638,-1.27795
1762.55000,-1.63827,1.66599,-1.24303
1762.60000,-1.63812,1.66560,-1.20875
1762.65000,-1.63797,1.66521,-1.17500
1762.70000,-1.63780,1.66482,-1.14172
1762.75000,-1.63761,1.66443,-1.10885
1762.80000,-1.63741,1.66405,-1.07634
1762.85000,-1.63720,1.66367,-1.04414
1762.90000,-1.63697,1.66328,-1.01220
1762.95000,-1.63672,1.66290,-0.98043
1763.00000,-1.63646,1.66253,-0.94911
1763.05000,-1.63618,1.66215,-0.91814
1763.10000,-1.63589,1.66178,-0.88731
1763.15000,-1.63558,1.66141,-0.85652
1763.20000,-1.63524,1.66103,-0.82573
1763.25000,-1.63489,1.66066,-0.79493
1763.30000,-1.63451,1.66029,-0.76409
1763.35000,-1.63411,1.65991,-0.73319
1763.40000,-1.63368,1.65954,-0.70223
1763.45000,-1.63321,1.65916,-0.67121
1763.50000,-1.63272,1.65878,-0.64014
1763.55000,-1.63219,1.65839,-0.60898
1763.60000,-1.63161,1.65801,-0.57774
1763.65000,-1.63099,1.65762,-0.54642
1763.70000,-1.63032,1.65722,-0.51512
1763.75000,-1.62905,1.65653,-0.48179
1763.80000,-1.62757,1.65579,-0.44821
1763.85000,-1.62609,1.65511,-0.41556
1763.90000,-1.62463,1.65450,-0.38403
1763.95000,-1.62321,1.65395,-0.35392
1764.00000,-1.62180,1.65347,-0.32485
1764.05000,-1.62041,1.65303,-0.29700
1764.10000,-1.61900,1.65263,-0.27012
1764.15000,-1.61770,1.65231,-0.24488
1764.20000,-1.61638,1.65202,-0.22042
1764.25000,-1.61507,1.65175,-0.19700
1764.30000,-1.61389,1.65154,-0.17520
1764.35000,-1.61256,1.65133,-0.15373
1764.40000,-1.61122,1.65114,-0.13293
1764.45000,-1.60991,1.65099,-0.11268
1764.50000,-1.60860,1.65087,-0.09288
1764.55000,-1.60716,1.65076,-0.07233
1764.60000,-1.60573,1.65068,-0.05153
1764.65000,-1.60430,1.65063,-0.03071
1764.70000,-1.60288,1.65061,-0.00997
1764.75000,-1.60133,1.65061,0.01111
1764.80000,-1.59968,1.65063,0.03256
1764.85000,-1.59796,1.65070,0.05375
1764.90000,-1.59628,1.65079,0.07457
1764.95000,-1.59445,1.65092,0.09525
1765.00000,-1.59268,1.65110,0.11497
1765.05000,-1.59079,1.65131,0.13436
1765.10000,-1.58900,1.65155,0.15345
1765.15000,-1.58716,1.65184,0.17172
1765.20000,-1.58524,1.65218,0.19092
1765.25000,-1.58318,1.65258,0.20757
1765.30000,-1.58106,1.65301,0.22393
1765.35000,-1.57891,1.65350,0.23987
1765.40000,-1.57655,1.65406,0.25582
1765.45000,-1.57438,1.65464,0.27022
1765.50000,-1.57195,1.65533,0.28353
1765.55000,-1.56938,1.65606,0.29662
1765.60000,-1.56709,1.65677,0.30925
1765.65000,-1.56448,1.65761,0.32052
1765.70000,-1.56183,1.65849,0.33147
1765.75000,-1.55918,1.65941,0.34202
1765.80000,-1.55661,1.66033,0.35154
1765.85000,-1.55392,1.66132,0.36035
1765.90000,-1.55126,1.66231,0.36926
1765.95000,-1.54880,1.66328,0.37715
1766.00000,-1.54618,1.66432,0.38438
1766.05000,-1.54362,1.66536,0.39081
1766.10000,-1.54113,1.66639,0.39666
1766.15000,-1.53862,1.66746,0.40182
1766.20000,-1.53599,1.66857,0.40651
1766.25000,-1.53332,1.66973,0.41043
1766.30000,-1.53063,1.67090,0.41375
1766.35000,-1.52785,1.67213,0.41639
1766.40000,-1.52497,1.67340,0.41836
1766.45000,-1.52200,1.67473,0.41968
1766.50000,-1.51891,1.67611,0.42037
1766.55000,-1.51571,1.67754,0.42043
1766.60000,-1.51239,1.67902,0.41990
1766.65000,-1.50895,1.68056,0.41878
1766.70000,-1.50539,1.68214,0.41709
1766.75000,-1.50168,1.68378,0.41485
1766.80000,-1.49782,1.68547,0.41207
1766.85000,-1.49383,1.68721,0.40877
1766.90000,-1.48973,1.68898,0.40500
1766.95000,-1.48558,1.69075,0.40079
1767.00000,-1.48148,1.69247,0.39632
1767.05000,-1.47739,1.69417,0.39146
1767.10000,-1.47331,1.69587,0.38650
1767.15000,-1.46921,1.69754,0.38103
1767.20000,-1.46512,1.69916,0.37512
1767.25000,-1.46111,1.70073,0.36892
1767.30000,-1.45709,1.70227,0.36235
1767.35000,-1.45309,1.70378,0.35528
1767.40000,-1.44900,1.70529,0.34802
1767.45000,-1.44482,1.70679,0.34047
1767.50000,-1.44061,1.70827,0.33230
1767.55000,-1.43633,1.70972,0.32383
1767.60000,-1.43194,1.71117,0.31509
1767.65000,-1.42747,1.71260,0.30597
1767.70000,-1.42289,1.71402,0.29673
1767.75000,-1.41836,1.71538,0.28653
1767.80000,-1.41378,1.71669,0.27592
1767.85000,-1.40899,1.71802,0.26560
1767.90000,-1.40412,1.71933,0.25506
1767.95000,-1.39901,1.72062,0.24450
1768.00000,-1.39397,1.72184,0.23298
1768.05000,-1.38861,1.72308,0.22185
1768.10000,-1.38310,1.72429,0.21039
1768.15000,-1.37739,1.72546,0.19886
1768.20000,-1.37154,1.72661,0.18701
1768.25000,-1.36553,1.72771,0.17496
1768.30000,-1.35922,1.72878,0.16295
1768.35000,-1.35282,1.72980,0.15060
1768.40000,-1.34619,1.73077,0.13836
1768.45000,-1.33937,1.73167,0.12589
1768.50000,-1.33236,1.73252,0.11353
1768.55000,-1.32526,1.73329,0.10116
1768.60000,-1.31814,1.73397,0.08885
1768.65000,-1.31101,1.73456,0.07657
1768.70000,-1.30377,1.73507,0.06475
1768.75000,-1.29656,1.73549,0.05293
1768.80000,-1.28940,1.73583,0.04108
1768.85000,-1.28231,1.73608,0.02923
1768.90000,-1.27534,1.73624,0.01737
1768.95000,-1.26862,1.73632,0.00489
1769.00000,-1.26213,1.73630,-0.00824
1769.05000,-1.25561,1.73619,-0.02142
1769.10000,-1.24886,1.73600,-0.03391
1769.15000,-1.24218,1.73571,-0.04705
1769.20000,-1.23523,1.73534,-0.05946
1769.25000,-1.22826,1.73488,-0.07235
1769.30000,-1.22116,1.73432,-0.08526
1769.35000,-1.21391,1.73365,-0.09807
1769.40000,-1.20651,1.73288,-0.11076
1769.45000,-1.19898,1.73199,-0.12331
1769.50000,-1.19136,1.73100,-0.13573
1769.55000,-1.18368,1.72990,-0.14801
1769.60000,-1.17595,1.72870,-0.16044
1769.65000,-1.16832,1.72742,-0.17259
1769.70000,-1.16079,1.72606,-0.18465
1769.75000,-1.15332,1.72462,-0.19662
1769.80000,-1.14583,1.72308,-0.20855
1769.85000,-1.13837,1.72145,-0.22055
1769.90000,-1.13101,1.71974,-0.23243
1769.95000,-1.12203,1.71752,-0.24430
1770.00000,-1.11258,1.71511,-0.25587
1770.05000,-1.10313,1.71257,-0.26747
1770.10000,-1.09368,1.70992,-0.27917
1770.15000,-1.08428,1.70716,-0.29070
1770.20000,-1.07492,1.70429,-0.30215
1770.25000,-1.06558,1.70132,-0.31352
1770.30000,-1.05635,1.69828,-0.32459
1770.35000,-1.04714,1.69512,-0.33556
1770.40000,-1.03797,1.69187,-0.34644
1770.45000,-1.02884,1.68852,-0.35721
1770.50000,-1.01974,1.68507,-0.36788
1770.55000,-1.01067,1.68153,-0.37844
1770.60000,-1.00164,1.67789,-0.38891
1770.65000,-0.99264,1.67415,-0.39930
1770.70000,-0.98369,1.67032,-0.40961
1770.75000,-0.97477,1.66640,-0.41988
1770.80000,-0.96589,1.66238,-0.43010
1770.85000,-0.95705,1.65828,-0.44031
1770.90000,-0.94825,1.65408,-0.45042
1770.95000,-0.93950,1.64979,-0.46045
1771.00000,-0.93079,1.64541,-0.47047
1771.05000,-0.92212,1.64095,-0.48049
1771.10000,-0.91349,1.63640,-0.49051
1771.15000,-0.90492,1.63177,-0.50052
1771.20000,-0.89639,1.62705,-0.51054
1771.25000,-0.88790,1.62224,-0.52056
1771.30000,-0.87947,1.61735,-0.53058
1771.35000,-0.87109,1.61237,-0.54058
1771.40000,-0.86275,1.60731,-0.55056
1771.45000,-0.85447,1.60217,-0.56052
1771.50000,-0.84623,1.59695,-0.57048
1771.55000,-0.83805,1.59164,-0.58045
1771.60000,-0.82993,1.58625,-0.59045
1771.65000,-0.82186,1.58079,-0.60050
1771.70000,-0.81384,1.57524,-0.61059
1771.75000,-0.80590,1.56960,-0.62076
1771.80000,-0.79800,1.56388,-0.63098
1771.85000,-0.79018,1.55807,-0.64130
1771.90000,-0.78234,1.55215,-0.65142
1771.95000,-0.77453,1.54613,-0.66155
1772.00000,-0.76681,1.54004,-0.67185
1772.05000,-0.75923,1.53395,-0.68289
1772.10000,-0.75172,1.52778,-0.69415
1772.15000,-0.74429,1.52153,-0.70559
1772.20000,-0.73694,1.51519,-0.71719
1772.25000,-0.72966,1.50877,-0.72893
1772.30000,-0.72245,1.50226,-0.74078
1772.35000,-0.71533,1.49568,-0.75272
1772.40000,-0.70829,1.48900,-0.76472
1772.45000,-0.70132,1.48225,-0.77678
1772.50000,-0.69445,1.47541,-0.78893
1772.55000,-0.68765,1.46849,-0.80118
1772.60000,-0.68095,1.46149,-0.81359
1772.65000,-0.67433,1.45440,-0.82616
1772.70000,-0.66781,1.44724,-0.83889
1772.75000,-0.66139,1.44000,-0.85183
1772.80000,-0.65506,1.43268,-0.86495
1772.85000,-0.64883,1.42528,-0.87827
1772.90000,-0.64271,1.41781,-0.89179
1772.95000,-0.63669,1.41025,-0.90552
1773.00000,-0.63079,1.40262,-0.91946
1773.05000,-0.62499,1.39491,-0.93365
1773.10000,-0.61931,1.38713,-0.94809
1773.15000,-0.61375,1.37926,-0.96280
1773.20000,-0.60831,1.37132,-0.97778
1773.25000,-0.60299,1.36331,-0.99299
1773.30000,-0.59780,1.35522,-1.00833
1773.35000,-0.59273,1.34704,-1.02370
1773.40000,-0.58778,1.33879,-1.03897
1773.45000,-0.58296,1.33047,-1.05407
1773.50000,-0.57827,1.32206,-1.06895
1773.55000,-0.57369,1.31359,-1.08364
1773.60000,-0.56924,1.30504,-1.09815
1773.65000,-0.56491,1.29643,-1.11254
1773.70000,-0.56070,1.28775,-1.12692
1773.75000,-0.55663,1.27902,-1.14143
1773.80000,-0.55268,1.27024,-1.15613
1773.85000,-0.54886,1.26140,-1.17107
1773.90000,-0.54518,1.25251,-1.18611
1773.95000,-0.54164,1.24355,-1.20157
1774.00000,-0.53823,1.23455,-1.21727
1774.05000,-0.53497,1.22550,-1.23307
1774.10000,-0.53186,1.21640,-1.24895
1774.15000,-0.52889,1.20725,-1.26484
1774.20000,-0.52606,1.19806,-1.28068
1774.25000,-0.52338,1.18882,-1.29636
1774.30000,-0.52084,1.17953,-1.31174
1774.35000,-0.51844,1.17019,-1.32677
1774.40000,-0.51618,1.16081,-1.34141
1774.45000,-0.51405,1.15139,-1.35564
1774.50000,-0.51205,1.14193,-1.36955
1774.55000,-0.51018,1.13245,-1.38337
1774.60000,-0.50845,1.12294,-1.39749
1774.65000,-0.50686,1.11344,-1.41223
1774.70000,-0.50541,1.10393,-1.42811
1774.75000,-0.50413,1.09445,-1.44554
1774.80000,-0.50303,1.08501,-1.46528
1774.85000,-0.50198,1.07551,-1.48505
1774.90000,-0.50192,1.07054,-1.50365
1774.95000,-0.50194,1.07061,-1.53433
1775.00000,-0.50195,1.07140,-1.56989
1775.05000,-0.50194,1.07218,-1.60371
1775.10000,-0.50193,1.07277,-1.63449
1775.15000,-0.50191,1.07327,-1.66301
1775.20000,-0.50189,1.07373,-1.68952
1775.25000,-0.50186,1.07417,-1.71480
1775.30000,-0.50245,1.07266,-1.73975
1775.35000,-0.50400,1.06451,-1.76161
1775.40000,-0.50589,1.05529,-1.78515
1775.45000,-0.50800,1.04616,-1.81031
1775.50000,-0.51017,1.03727,-1.83547
1775.55000,-0.51055,1.03328,-1.86094
1775.60000,-0.51041,1.03361,-1.89464
1775.65000,-0.51021,1.03420,-1.93177
1775.70000,-0.51012,1.03446,-1.96633
1775.75000,-0.50999,1.03475,-1.99927
1775.80000,-0.51002,1.03470,-2.02889
1775.85000,-0.50996,1.03483,-2.05723
1775.90000,-0.50999,1.03477,-2.08300
1775.95000,-0.51153,1.03258,-2.10811
1776.00000,-0.51603,1.02527,-2.13069
1776.05000,-0.52111,1.01738,-2.15574
1776.10000,-0.52637,1.00967,-2.18237
1776.15000,-0.53181,1.00215,-2.21079
1776.20000,-0.53735,0.99470,-2.23931
1776.25000,-0.53853,0.99223,-2.26836
1776.30000,-0.53857,0.99219,-2.30134
1776.35000,-0.53861,0.99214,-2.33460
1776.40000,-0.53866,0.99209,-2.36686
1776.45000,-0.53871,0.99204,-2.39840
1776.50000,-0.53876,0.99200,-2.42925
1776.55000,-0.53882,0.99195,-2.45932
1776.60000,-0.53887,0.99191,-2.48852
1776.65000,-0.54074,0.99029,-2.51692
1776.70000,-0.54729,0.98566,-2.54358
1776.75000,-0.55562,0.98016,-2.57107
1776.80000,-0.56401,0.97478,-2.59853
1776.85000,-0.56756,0.97358,-2.62466
1776.90000,-0.56775,0.97354,-2.65986
1776.95000,-0.56779,0.97352,-2.69632
1777.00000,-0.56784,0.97350,-2.73218
1777.05000,-0.56789,0.97348,-2.76748
1777.10000,-0.56794,0.97346,-2.80233
1777.15000,-0.56799,0.97344,-2.83690
1777.20000,-0.56804,0.97343,-2.87120
1777.25000,-0.56809,0.97341,-2.90517
1777.30000,-0.56815,0.97340,-2.93870
1777.35000,-0.56821,0.97339,-2.97168
1777.40000,-0.56826,0.97338,-3.00399
1777.45000,-0.57031,0.97298,-3.03558
1777.50000,-0.57813,0.97224,-3.06469
1777.55000,-0.58779,0.97166,-3.09608
1777.60000,-0.59778,0.97136,-3.12738
1777.65000,-0.60778,0.97137,3.12409
1777.70000,-0.61778,0.97171,3.09213
1777.75000,-0.62776,0.97236,3.06005
1777.80000,-0.63771,0.97334,3.02801
1777.85000,-0.64762,0.97463,2.99635
1777.90000,-0.65707,0.97617,2.96348
1777.95000,-0.66604,0.97797,2.92916
1778.00000,-0.67496,0.98007,2.89516
1778.05000,-0.68381,0.98247,2.86197
1778.10000,-0.69262,0.98515,2.83042
1778.15000,-0.70145,0.98814,2.80217
1778.20000,-0.71027,0.99135,2.77843
1778.25000,-0.71882,0.99463,2.75692
1778.30000,-0.72375,0.99563,2.73809
1778.35000,-0.72575,0.99589,2.73859
1778.40000,-0.72626,0.99597,2.75248
1778.45000,-0.72651,0.99605,2.77097
1778.50000,-0.72673,0.99612,2.79040
1778.55000,-0.72671,0.99613,2.81062
1778.60000,-0.72707,0.99623,2.83333
1778.65000,-0.72737,0.99631,2.85500
1778.70000,-0.72764,0.99636,2.87078
1778.75000,-0.72936,0.99688,2.87825
1778.80000,-0.73289,0.99781,2.86437
1778.85000,-0.73464,0.99832,2.83148
1778.90000,-0.73475,0.99836,2.79037
1778.95000,-0.73477,0.99837,2.74841
1779.00000,-0.73480,0.99838,2.70636
1779.05000,-0.73482,0.99839,2.66426
1779.10000,-0.73485,0.99841,2.62205
1779.15000,-0.73488,0.99842,2.57981
1779.20000,-0.73491,0.99844,2.53762
1779.25000,-0.73494,0.99846,2.49554
1779.30000,-0.73496,0.99848,2.45367
1779.35000,-0.73499,0.99851,2.41239
1779.40000,-0.73503,0.99854,2.37197
1779.45000,-0.73506,0.99858,2.33243
1779.50000,-0.73510,0.99862,2.29375
1779.55000,-0.73515,0.99867,2.25588
1779.60000,-0.73519,0.99873,2.21878
1779.65000,-0.73524,0.99879,2.18239
1779.70000,-0.73528,0.99886,2.14670
1779.75000,-0.73533,0.99893,2.11168
1779.80000,-0.73537,0.99901,2.07728
1779.85000,-0.73671,1.00101,2.04420
1779.90000,-0.74031,1.00826,2.01449
1779.95000,-0.74427,1.01701,1.98121
1780.00000,-0.74800,1.02600,1.94807
1780.05000,-0.75154,1.03536,1.91667
1780.10000,-0.75479,1.04481,1.88611
1780.15000,-0.75775,1.05437,1.85655
1780.20000,-0.76043,1.06400,1.82828
1780.25000,-0.76277,1.07347,1.80092
1780.30000,-0.76482,1.08280,1.77545
1780.35000,-0.76668,1.09229,1.75475
1780.40000,-0.76838,1.10183,1.73575
1780.45000,-0.76877,1.10707,1.72276
1780.50000,-0.76891,1.10946,1.73314
1780.55000,-0.76898,1.11023,1.75981
1780.60000,-0.76899,1.11025,1.79109
1780.65000,-0.76899,1.11027,1.82104
1780.70000,-0.76900,1.11028,1.84701
1780.75000,-0.76900,1.11029,1.86767
1780.80000,-0.76904,1.11044,1.88420
1780.85000,-0.76914,1.11080,1.89352
1780.90000,-0.76915,1.11087,1.89668
1780.95000,-0.76997,1.11186,1.89788
1781.00000,-0.77264,1.11847,1.89339
1781.05000,-0.77569,1.12779,1.87974
1781.10000,-0.77863,1.13716,1.87058
1781.15000,-0.78142,1.14625,1.86249
1781.20000,-0.78223,1.15145,1.86633
1781.25000,-0.78270,1.15300,1.89727
1781.30000,-0.78271,1.15303,1.93756
1781.35000,-0.78273,1.15306,1.97573
1781.40000,-0.78274,1.15308,2.00819
1781.45000,-0.78275,1.15310,2.03137
1781.50000,-0.78277,1.15311,2.04465
1781.55000,-0.78279,1.15313,2.04838
1781.60000,-0.78430,1.15495,2.04920
1781.65000,-0.78841,1.16259,2.04674
1781.70000,-0.79288,1.17134,2.03930
1781.75000,-0.79733,1.18018,2.03488
1781.80000,-0.80170,1.18897,2.03125
1781.85000,-0.80282,1.19251,2.03188
1781.90000,-0.80285,1.19256,2.04823
1781.95000,-0.80286,1.19258,2.06557
1782.00000,-0.80294,1.19275,2.07962
1782.05000,-0.80298,1.19283,2.09057
1782.10000,-0.80304,1.19293,2.09934
1782.15000,-0.80306,1.19298,2.10626
1782.20000,-0.80308,1.19302,2.11228
1782.25000,-0.80312,1.19308,2.11794
1782.30000,-0.80317,1.19315,2.12357
1782.35000,-0.80321,1.19323,2.12943
1782.40000,-0.80324,1.19327,2.13584
1782.45000,-0.80331,1.19340,2.14328
1782.50000,-0.80339,1.19352,2.15163
1782.55000,-0.80342,1.19357,2.16066
1782.60000,-0.80349,1.19368,2.17111
1782.65000,-0.80354,1.19375,2.18271
1782.70000,-0.80358,1.19381,2.19569
1782.75000,-0.80364,1.19388,2.21042
1782.80000,-0.80369,1.19396,2.22750
1782.85000,-0.80375,1.19403,2.24672
1782.90000,-0.80382,1.19411,2.26780
1782.95000,-0.80389,1.19420,2.29054
1783.00000,-0.80398,1.19430,2.31471
1783.05000,-0.80407,1.19440,2.34012
1783.10000,-0.80418,1.19450,2.36661
1783.15000,-0.80429,1.19461,2.39401
1783.20000,-0.80442,1.19473,2.42211
1783.25000,-0.80457,1.19485,2.45086
1783.30000,-0.80473,1.19498,2.48008
1783.35000,-0.80490,1.19511,2.50959
1783.40000,-0.80508,1.19524,2.53936
1783.45000,-0.80528,1.19537,2.56928
1783.50000,-0.80549,1.19551,2.59928
1783.55000,-0.80572,1.19564,2.62928
1783.60000,-0.80595,1.19576,2.65917
1783.65000,-0.80619,1.19589,2.68891
1783.70000,-0.80645,1.19600,2.71844
1783.75000,-0.80695,1.19623,2.74882
1783.80000,-0.80796,1.19665,2.78100
1783.85000,-0.80897,1.19703,2.81277
1783.90000,-0.80997,1.19736,2.84403
1783.95000,-0.81098,1.19765,2.87481
1784.00000,-0.81197,1.19791,2.90487
1784.05000,-0.81295,1.19813,2.93421
1784.10000,-0.81391,1.19832,2.96277
1784.15000,-0.81486,1.19848,2.99044
1784.20000,-0.81574,1.19860,3.01734
1784.25000,-0.81663,1.19870,3.04332
1784.30000,-0.81747,1.19877,3.06842
1784.35000,-0.81829,1.19881,3.09250
1784.40000,-0.81907,1.19885,3.11558
1784.45000,-0.81982,1.19886,3.13744
1784.50000,-0.82243,1.19881,-3.12392
1784.55000,-0.83080,1.19854,-3.10248
1784.60000,-0.84118,1.19804,-3.08457
1784.65000,-0.85145,1.19738,-3.06954
1784.70000,-0.86167,1.19658,-3.05674
1784.75000,-0.87181,1.19567,-3.04833
1784.80000,-0.88187,1.19471,-3.04375
1784.85000,-0.89192,1.19373,-3.03961
1784.90000,-0.89738,1.19363,-3.03468
1784.95000,-0.89872,1.19368,-3.03692
1785.00000,-0.89882,1.19372,-3.04687
1785.05000,-0.89857,1.19374,-3.06029
1785.10000,-0.89831,1.19375,-3.07434
1785.15000,-0.89806,1.19377,-3.08866
1785.20000,-0.89778,1.19378,-3.10365
1785.25000,-0.89747,1.19379,-3.11984
1785.30000,-0.89712,1.19379,-3.13740
1785.35000,-0.89676,1.19379,3.12694
1785.40000,-0.89637,1.19378,3.10699
1785.45000,-0.89595,1.19377,3.08615
1785.50000,-0.89551,1.19375,3.06443
1785.55000,-0.89505,1.19371,3.04193
1785.60000,-0.89458,1.19366,3.01874
1785.65000,-0.89409,1.19360,2.99506
1785.70000,-0.89359,1.19353,2.97083
1785.75000,-0.89310,1.19345,2.94619
1785.80000,-0.89259,1.19335,2.92121
1785.85000,-0.89209,1.19324,2.89591
1785.90000,-0.89159,1.19311,2.87033
1785.95000,-0.89108,1.19297,2.84454
1786.00000,-0.89057,1.19282,2.81868
1786.05000,-0.89005,1.19265,2.79267
1786.10000,-0.88953,1.19246,2.76660
1786.15000,-0.88902,1.19226,2.74051
1786.20000,-0.88852,1.19204,2.71444
1786.25000,-0.88803,1.19181,2.68842
1786.30000,-0.88754,1.19158,2.66249
1786.35000,-0.88706,1.19133,2.63667
1786.40000,-0.88660,1.19107,2.61097
1786.45000,-0.88615,1.19081,2.58528
1786.50000,-0.88572,1.19055,2.55969
1786.55000,-0.88531,1.19028,2.53434
1786.60000,-0.88490,1.18999,2.50951
1786.65000,-0.88450,1.18969,2.48498
1786.70000,-0.88412,1.18939,2.46071
1786.75000,-0.88377,1.18911,2.43652
1786.80000,-0.88343,1.18882,2.41258
1786.85000,-0.88310,1.18853,2.38902
1786.90000,-0.88278,1.18823,2.36601
1786.95000,-0.88247,1.18792,2.34359
1787.00000,-0.88217,1.18761,2.32156
1787.05000,-0.88188,1.18730,2.29998
1787.10000,-0.88163,1.18701,2.27861
1787.15000,-0.88141,1.18675,2.25776
1787.20000,-0.88121,1.18649,2.23740
1787.25000,-0.88102,1.18625,2.21757
1787.30000,-0.88081,1.18597,2.19835
1787.35000,-0.88240,1.18774,2.17987
1787.40000,-0.88742,1.19505,2.16324
1787.45000,-0.89268,1.20302,2.14519
1787.50000,-0.89781,1.21110,2.12768
1787.55000,-0.90283,1.21930,2.11084
1787.60000,-0.90770,1.22758,2.09477
1787.65000,-0.91250,1.23601,2.07929
1787.70000,-0.91714,1.24448,2.06514
1787.75000,-0.92172,1.25309,2.05232
1787.80000,-0.92621,1.26177,2.04147
1787.85000,-0.93065,1.27058,2.03365
1787.90000,-0.93509,1.27953,2.03146
1787.95000,-0.93953,1.28847,2.03069
1788.00000,-0.94297,1.29575,2.03476
1788.05000,-0.94577,1.30136,2.05638
1788.10000,-0.94743,1.30447,2.10090
1788.15000,-0.94775,1.30500,2.15482
1788.20000,-0.94781,1.30510,2.20818
1788.25000,-0.94789,1.30520,2.26165
1788.30000,-0.94797,1.30529,2.31502
1788.35000,-0.94806,1.30538,2.36826
1788.40000,-0.94815,1.30546,2.42131
1788.45000,-0.94825,1.30554,2.47415
1788.50000,-0.94835,1.30562,2.52677
1788.55000,-0.94845,1.30569,2.57922
1788.60000,-0.94857,1.30576,2.63170
1788.65000,-0.94869,1.30582,2.68436
1788.70000,-0.94883,1.30589,2.73724
1788.75000,-0.94899,1.30595,2.79034
1788.80000,-0.94916,1.30601,2.84355
1788.85000,-0.94936,1.30606,2.89679
1788.90000,-0.94957,1.30611,2.94997
1788.95000,-0.94979,1.30615,3.00287
1789.00000,-0.95001,1.30617,3.05539
1789.05000,-0.95023,1.30618,3.10749
1789.10000,-0.95046,1.30619,-3.12403
1789.15000,-0.95068,1.30618,-3.07288
1789.20000,-0.95090,1.30615,-3.02234
1789.25000,-0.95113,1.30612,-2.97239
1789.30000,-0.95136,1.30608,-2.92291
1789.35000,-0.95159,1.30602,-2.87379
1789.40000,-0.95184,1.30594,-2.82497
1789.45000,-0.95210,1.30585,-2.77646
1789.50000,-0.95237,1.30574,-2.72830
1789.55000,-0.95264,1.30561,-2.68060
1789.60000,-0.95290,1.30547,-2.63350
1789.65000,-0.95316,1.30532,-2.58700
1789.70000,-0.95341,1.30516,-2.54108
1789.75000,-0.95366,1.30498,-2.49571
1789.80000,-0.95390,1.30479,-2.45085
1789.85000,-0.95413,1.30459,-2.40643
1789.90000,-0.95437,1.30437,-2.36235
1789.95000,-0.95460,1.30413,-2.31857
1790.00000,-0.95483,1.30387,-2.27505
1790.05000,-0.95509,1.30356,-2.23159
1790.10000,-0.95532,1.30326,-2.18864
1790.15000,-0.95554,1.30293,-2.14608
1790.20000,-0.95575,1.30260,-2.10402
1790.25000,-0.95594,1.30225,-2.06253
1790.30000,-0.95628,1.30165,-2.02055
1790.35000,-0.95688,1.30033,-1.97613
1790.40000,-0.95739,1.29906,-1.93265
1790.45000,-0.95780,1.29787,-1.89035
1790.50000,-0.95821,1.29658,-1.84822
1790.55000,-0.95855,1.29524,-1.80655
1790.60000,-0.95883,1.29390,-1.76546
1790.65000,-0.95905,1.29256,-1.72464
1790.70000,-0.95956,1.28992,-1.68518
1790.75000,-0.96041,1.28193,-1.65008
1790.80000,-0.96100,1.27220,-1.61386
1790.85000,-0.96121,1.26316,-1.57531
1790.90000,-0.96108,1.25412,-1.53716
1790.95000,-0.96061,1.24507,-1.49952
1791.00000,-0.95979,1.23604,-1.46239
1791.05000,-0.95864,1.22703,-1.42577
1791.10000,-0.95717,1.21805,-1.38962
1791.15000,-0.95537,1.20913,-1.35383
1791.20000,-0.95325,1.20027,-1.31827
1791.25000,-0.95081,1.19149,-1.28273
1791.30000,-0.94807,1.18281,-1.24693
1791.35000,-0.94479,1.17370,-1.21086
1791.40000,-0.94121,1.16473,-1.17476
1791.45000,-0.93731,1.15589,-1.13625
1791.50000,-0.93384,1.14795,-1.09567
1791.55000,-0.93284,1.14558,-1.04780
1791.60000,-0.93233,1.14475,-0.98717
1791.65000,-0.93218,1.14454,-0.91814
1791.70000,-0.93216,1.14451,-0.84839
1791.75000,-0.93214,1.14448,-0.77935
1791.80000,-0.93211,1.14446,-0.71116
1791.85000,-0.93208,1.14443,-0.64381
1791.90000,-0.93204,1.14441,-0.57730
1791.95000,-0.93201,1.14438,-0.51168
1792.00000,-0.93197,1.14436,-0.44695
1792.05000,-0.93193,1.14435,-0.38306
1792.10000,-0.93189,1.14433,-0.32004
1792.15000,-0.93184,1.14432,-0.25802
1792.20000,-0.93180,1.14431,-0.19688
1792.25000,-0.93176,1.14430,-0.13660
1792.30000,-0.93171,1.14430,-0.07697
1792.35000,-0.93166,1.14430,-0.01763
1792.40000,-0.93161,1.14430,0.04170
1792.45000,-0.93156,1.14430,0.10098
1792.50000,-0.93151,1.14431,0.15998
1792.55000,-0.93145,1.14432,0.21850
1792.60000,-0.93139,1.14433,0.27646
1792.65000,-0.93134,1.14435,0.33384
1792.70000,-0.93128,1.14437,0.39051
1792.75000,-0.93122,1.14440,0.44642
1792.80000,-0.93116,1.14443,0.50152
1792.85000,-0.93111,1.14446,0.55576
1792.90000,-0.93106,1.14450,0.60908
1792.95000,-0.93100,1.14453,0.66126
1793.00000,-0.92923,1.14607,0.71113
1793.05000,-0.92354,1.15119,0.75271
1793.10000,-0.91718,1.15741,0.79711
1793.15000,-0.91050,1.16457,0.84349
1793.20000,-0.90402,1.17218,0.88892
1793.25000,-0.89789,1.18008,0.93242
1793.30000,-0.89211,1.18823,0.97366
1793.35000,-0.88665,1.19660,1.01191
1793.40000,-0.88152,1.20512,1.04667
1793.45000,-0.87651,1.21378,1.08114
1793.50000,-0.87497,1.21809,1.11164
1793.55000,-0.87474,1.21860,1.13276
1793.60000,-0.87467,1.21876,1.14841
1793.65000,-0.87466,1.21878,1.16389
1793.70000,-0.87463,1.21883,1.18017
1793.75000,-0.87459,1.21890,1.19720
1793.80000,-0.87448,1.21918,1.21596
1793.85000,-0.87447,1.21921,1.23381
1793.90000,-0.87437,1.21949,1.25120
1793.95000,-0.87425,1.21984,1.26800
1794.00000,-0.87423,1.21991,1.28231
1794.05000,-0.87420,1.22001,1.29560
1794.10000,-0.87416,1.22019,1.30807
1794.15000,-0.87417,1.22020,1.31940
1794.20000,-0.87414,1.22032,1.33026
1794.25000,-0.87414,1.22037,1.34226
1794.30000,-0.87413,1.22041,1.35477
1794.35000,-0.87405,1.22073,1.36993
1794.40000,-0.87395,1.22117,1.38684
1794.45000,-0.87390,1.22154,1.40436
1794.50000,-0.87386,1.22187,1.42163
1794.55000,-0.87386,1.22191,1.43769
1794.60000,-0.87386,1.22189,1.45417
1794.65000,-0.87384,1.22225,1.47104
1794.70000,-0.87382,1.22263,1.48767
1794.75000,-0.87382,1.22281,1.50326
1794.80000,-0.87381,1.22296,1.51745
1794.85000,-0.87383,1.22279,1.53169
1794.90000,-0.87382,1.22300,1.54344
1794.95000,-0.87382,1.22313,1.55406
1795.00000,-0.87383,1.22319,1.56344
1795.05000,-0.87383,1.22321,1.57203
1795.10000,-0.87383,1.22318,1.58018
1795.15000,-0.87383,1.22327,1.58643
1795.20000,-0.87383,1.22337,1.59162
1795.25000,-0.87383,1.22340,1.59502
1795.30000,-0.87383,1.22344,1.59679
1795.35000,-0.87383,1.22349,1.59846
1795.40000,-0.87383,1.22360,1.59746
1795.45000,-0.87384,1.22372,1.59590
1795.50000,-0.87384,1.22376,1.59215
1795.55000,-0.87384,1.22380,1.58680
1795.60000,-0.87384,1.22383,1.58037
1795.65000,-0.87384,1.22379,1.57306
1795.70000,-0.87384,1.22378,1.56555
1795.75000,-0.87384,1.22385,1.55760
1795.80000,-0.87384,1.22377,1.54889
1795.85000,-0.87384,1.22384,1.53897
1795.90000,-0.87385,1.22360,1.52760
1795.95000,-0.87385,1.22355,1.51516
1796.00000,-0.87384,1.22355,1.50167
1796.05000,-0.87383,1.22371,1.48736
1796.10000,-0.87382,1.22367,1.47128
1796.15000,-0.87380,1.22375,1.45467
1796.20000,-0.87381,1.22357,1.43729
1796.25000,-0.87383,1.22335,1.41956
1796.30000,-0.87385,1.22316,1.40179
1796.35000,-0.87393,1.22274,1.38291
1796.40000,-0.87401,1.22232,1.36409
1796.45000,-0.87411,1.22190,1.34542
1796.50000,-0.87421,1.22149,1.32673
1796.55000,-0.87431,1.22108,1.30791
1796.60000,-0.87443,1.22066,1.28879
1796.65000,-0.87457,1.22023,1.26925
1796.70000,-0.87471,1.21979,1.24914
1796.75000,-0.87486,1.21936,1.22906
1796.80000,-0.87501,1.21894,1.20971
1796.85000,-0.87514,1.21856,1.19163
1796.90000,-0.87527,1.21819,1.17464
1796.95000,-0.87530,1.21810,1.15954
1797.00000,-0.87528,1.21814,1.14561
1797.05000,-0.87527,1.21817,1.13217
1797.10000,-0.87525,1.21821,1.11920
1797.15000,-0.87523,1.21824,1.10673
1797.20000,-0.87521,1.21828,1.09466
1797.25000,-0.87519,1.21832,1.08265
1797.30000,-0.87517,1.21836,1.07060
1797.35000,-0.87515,1.21839,1.05843
1797.40000,-0.87513,1.21844,1.04590
1797.45000,-0.87510,1.21848,1.03303
1797.50000,-0.87508,1.21852,1.01992
1797.55000,-0.87505,1.21856,1.00671
1797.60000,-0.87503,1.21860,0.99350
1797.65000,-0.87500,1.21864,0.98053
1797.70000,-0.87497,1.21868,0.96841
1797.75000,-0.87495,1.21872,0.95743
1797.80000,-0.87492,1.21876,0.94773
1797.85000,-0.87489,1.21880,0.93928
1797.90000,-0.87486,1.21884,0.93197
1797.95000,-0.87358,1.22020,0.92438
1798.00000,-0.86814,1.22672,0.91749
1798.05000,-0.86207,1.23461,0.91258
1798.10000,-0.85596,1.24246,0.90631
1798.15000,-0.85005,1.24997,0.90034
1798.20000,-0.84742,1.25378,0.89285
1798.25000,-0.84742,1.25381,0.87665
1798.30000,-0.84741,1.25381,0.85810
1798.35000,-0.84738,1.25385,0.84072
1798.40000,-0.84735,1.25389,0.82432
1798.45000,-0.84732,1.25392,0.80811
1798.50000,-0.84731,1.25392,0.79183
1798.55000,-0.84736,1.25385,0.77658
1798.60000,-0.84741,1.25381,0.76245
1798.65000,-0.84738,1.25383,0.74961
1798.70000,-0.84736,1.25385,0.73776
1798.75000,-0.84579,1.25540,0.72615
1798.80000,-0.83919,1.26134,0.71695
1798.85000,-0.83167,1.26784,0.71221
1798.90000,-0.82413,1.27431,0.70789
1798.95000,-0.81656,1.28075,0.70276
1799.00000,-0.80890,1.28720,0.69416
1799.05000,-0.80229,1.29261,0.68389
1799.10000,-0.79891,1.29529,0.65599
1799.15000,-0.79629,1.29722,0.60842
1799.20000,-0.79520,1.29794,0.54600
1799.25000,-0.79512,1.29799,0.47813
1799.30000,-0.79510,1.29800,0.41005
1799.35000,-0.79508,1.29801,0.34225
1799.40000,-0.79505,1.29802,0.27477
1799.45000,-0.79504,1.29802,0.20770
1799.50000,-0.79502,1.29803,0.14120
1799.55000,-0.79501,1.29803,0.07466
1799.60000,-0.79500,1.29803,0.00596
1799.65000,-0.79499,1.29803,-0.06722
1799.70000,-0.79498,1.29803,-0.14610
1799.75000,-0.79497,1.29803,-0.23053
1799.80000,-0.79496,1.29802,-0.31890
1799.85000,-0.79495,1.29802,-0.41007
1799.90000,-0.79493,1.29801,-0.50298
1799.95000,-0.79491,1.29800,-0.59658
1800.00000,-0.79489,1.29798,-0.69092
1800.05000,-0.79488,1.29797,-0.78605
1800.10000,-0.79486,1.29795,-0.88163
1800.15000,-0.79484,1.29792,-0.97703
1800.20000,-0.79483,1.29790,-1.07168
1800.25000,-0.79481,1.29788,-1.16559
1800.30000,-0.79481,1.29785,-1.25858
1800.35000,-0.79480,1.29783,-1.35061
1800.40000,-0.79479,1.29780,-1.44169
1800.45000,-0.79479,1.29777,-1.53178
1800.50000,-0.79479,1.29774,-1.62082
1800.55000,-0.79479,1.29772,-1.70886
1800.60000,-0.79480,1.29769,-1.79592
1800.65000,-0.79481,1.29766,-1.88201
1800.70000,-0.79482,1.29763,-1.96712
1800.75000,-0.79483,1.29760,-2.05139
1800.80000,-0.79485,1.29757,-2.13502
1800.85000,-0.79487,1.29754,-2.21802
1800.90000,-0.79490,1.29751,-2.30039
1800.95000,-0.79492,1.29748,-2.38197
1801.00000,-0.79495,1.29746,-2.46242
1801.05000,-0.79499,1.29743,-2.54157
1801.10000,-0.79502,1.29741,-2.61931
1801.15000,-0.79506,1.29739,-2.69569
1801.20000,-0.79510,1.29738,-2.77077
1801.25000,-0.79514,1.29736,-2.84443
1801.30000,-0.79518,1.29735,-2.91644
1801.35000,-0.79522,1.29734,-2.98644
1801.40000,-0.79526,1.29734,-3.05404
1801.45000,-0.79530,1.29734,-3.11873
1801.50000,-0.79534,1.29734,3.10333
1801.55000,-0.79696,1.29757,3.04357
1801.60000,-0.80299,1.29842,2.99021
1801.65000,-0.81141,1.29993,2.94042
1801.70000,-0.82000,1.30168,2.89084
1801.75000,-0.82398,1.30214,2.84657
1801.80000,-0.82502,1.30221,2.80971
1801.85000,-0.82544,1.30235,2.77900
1801.90000,-0.82550,1.30238,2.75462
1801.95000,-0.82515,1.30224,2.73489
1802.00000,-0.82479,1.30208,2.71662
1802.05000,-0.82446,1.30193,2.69933
1802.10000,-0.82415,1.30179,2.68265
1802.15000,-0.82385,1.30166,2.66670
1802.20000,-0.82358,1.30153,2.65181
1802.25000,-0.82333,1.30140,2.63812
1802.30000,-0.82312,1.30129,2.62574
1802.35000,-0.82296,1.30120,2.61521
1802.40000,-0.82287,1.30115,2.60679
1802.45000,-0.82282,1.30113,2.60061
1802.50000,-0.82283,1.30114,2.59634
1802.55000,-0.82287,1.30117,2.59391
1802.60000,-0.82296,1.30122,2.59254
1802.65000,-0.82304,1.30128,2.59204
1802.70000,-0.82314,1.30134,2.59235
1802.75000,-0.82324,1.30140,2.59339
1802.80000,-0.82336,1.30148,2.59515
1802.85000,-0.82351,1.30157,2.59764
1802.90000,-0.82369,1.30167,2.60113
1802.95000,-0.82390,1.30180,2.60601
1803.00000,-0.82415,1.30194,2.61237
1803.05000,-0.82444,1.30211,2.62016
1803.10000,-0.82478,1.30231,2.62928
1803.15000,-0.82514,1.30251,2.63951
1803.20000,-0.82551,1.30271,2.65039
1803.25000,-0.82590,1.30292,2.66205
1803.30000,-0.82631,1.30313,2.67417
1803.35000,-0.82675,1.30335,2.68703
1803.40000,-0.82720,1.30357,2.70045
1803.45000,-0.82765,1.30378,2.71456
1803.50000,-0.82815,1.30400,2.72956
1803.55000,-0.82870,1.30424,2.74556
1803.60000,-0.82929,1.30448,2.76244
1803.65000,-0.82990,1.30473,2.78007
1803.70000,-0.83053,1.30496,2.79805
1803.75000,-0.83116,1.30518,2.81647
1803.80000,-0.83183,1.30542,2.83534
1803.85000,-0.83250,1.30562,2.85460
1803.90000,-0.83320,1.30584,2.87429
1803.95000,-0.83391,1.30603,2.89435
1804.00000,-0.83466,1.30622,2.91502
1804.05000,-0.83544,1.30640,2.93633
1804.10000,-0.83624,1.30655,2.95822
1804.15000,-0.83708,1.30669,2.98064
1804.20000,-0.83798,1.30683,3.00359
1804.25000,-0.83890,1.30695,3.02682
1804.30000,-0.83982,1.30704,3.05025
1804.35000,-0.84073,1.30711,3.07377
1804.40000,-0.84169,1.30718,3.09748
1804.45000,-0.84265,1.30721,3.12145
1804.50000,-0.84363,1.30721,-3.13757
1804.55000,-0.84461,1.30719,-3.11329
1804.60000,-0.84559,1.30715,-3.08891
1804.65000,-0.84658,1.30709,-3.06445
1804.70000,-0.84757,1.30699,-3.03988
1804.75000,-0.84858,1.30688,-3.01513
1804.80000,-0.84961,1.30673,-2.99016
1804.85000,-0.85064,1.30657,-2.96496
1804.90000,-0.85169,1.30639,-2.93972
1804.95000,-0.85275,1.30618,-2.91441
1805.00000,-0.85380,1.30594,-2.88913
1805.05000,-0.85484,1.30568,-2.86388
1805.10000,-0.85586,1.30539,-2.83878
1805.15000,-0.85688,1.30509,-2.81375
1805.20000,-0.85788,1.30475,-2.78879
1805.25000,-0.85887,1.30440,-2.76391
1805.30000,-0.85984,1.30402,-2.73893
1805.35000,-0.86083,1.30360,-2.71397
1805.40000,-0.86172,1.30322,-2.68906
1805.45000,-0.86226,1.30302,-2.66389
1805.50000,-0.86298,1.30259,-2.63890
1805.55000,-0.86400,1.30203,-2.61370
1805.60000,-0.86496,1.30149,-2.58924
1805.65000,-0.86599,1.30085,-2.56425
1805.70000,-0.86687,1.30032,-2.53939
1805.75000,-0.86739,1.29993,-2.51456
1805.80000,-0.86808,1.29947,-2.49005
1805.85000,-0.86883,1.29889,-2.46645
1805.90000,-0.86968,1.29821,-2.44290
1805.95000,-0.87042,1.29761,-2.42022
1806.00000,-0.87113,1.29699,-2.39748
1806.05000,-0.87179,1.29638,-2.37507
1806.10000,-0.87240,1.29578,-2.35225
1806.15000,-0.87305,1.29513,-2.33010
1806.20000,-0.87368,1.29446,-2.30810
1806.25000,-0.87440,1.29366,-2.28598
1806.30000,-0.87521,1.29272,-2.26350
1806.35000,-0.87575,1.29207,-2.24227
1806.40000,-0.87641,1.29123,-2.22087
1806.45000,-0.87700,1.29045,-2.19919
1806.50000,-0.87764,1.28954,-2.17800
1806.55000,-0.87827,1.28861,-2.15696
1806.60000,-0.87888,1.28767,-2.13621
1806.65000,-0.87948,1.28671,-2.11608
1806.70000,-0.88007,1.28571,-2.09575
1806.75000,-0.88067,1.28464,-2.07496
1806.80000,-0.88126,1.28350,-2.05467
1806.85000,-0.88172,1.28259,-2.03472
1806.90000,-0.88228,1.28144,-2.01509
1806.95000,-0.88282,1.28028,-1.99612
1807.00000,-0.88336,1.27906,-1.97710
1807.05000,-0.88520,1.27600,-1.95880
1807.10000,-0.88861,1.26954,-1.94035
1807.15000,-0.89214,1.26022,-1.92246
1807.20000,-0.89549,1.25082,-1.90527
1807.25000,-0.89869,1.24137,-1.88839
1807.30000,-0.90172,1.23186,-1.87183
1807.35000,-0.90460,1.22230,-1.85555
1807.40000,-0.90733,1.21270,-1.83955
1807.45000,-0.90990,1.20305,-1.82377
1807.50000,-0.91232,1.19337,-1.80820
1807.55000,-0.91459,1.18365,-1.79279
1807.60000,-0.91671,1.17389,-1.77757
1807.65000,-0.91868,1.16411,-1.76251
1807.70000,-0.92051,1.15420,-1.74659
1807.75000,-0.92219,1.14425,-1.72995
1807.80000,-0.92369,1.13430,-1.71520
1807.85000,-0.92507,1.12426,-1.69982
1807.90000,-0.92629,1.11424,-1.68324
1807.95000,-0.92734,1.10423,-1.66817
1808.00000,-0.92825,1.09407,-1.65313
1808.05000,-0.92901,1.08394,-1.63816
1808.10000,-0.92963,1.07367,-1.62428
1808.15000,-0.93010,1.06342,-1.61115
1808.20000,-0.93044,1.05340,-1.59709
1808.25000,-0.93064,1.04332,-1.58385
1808.30000,-0.93071,1.03311,-1.57078
1808.35000,-0.93064,1.02292,-1.55752
1808.40000,-0.93044,1.01277,-1.54451
1808.45000,-0.93011,1.00267,-1.53117
1808.50000,-0.92965,0.99260,-1.51768
1808.55000,-0.92906,0.98252,-1.50520
1808.60000,-0.92834,0.97243,-1.49355
1808.65000,-0.92752,0.96244,-1.48239
1808.70000,-0.92659,0.95250,-1.47252
1808.75000,-0.92556,0.94257,-1.46305
1808.80000,-0.92444,0.93265,-1.45341
1808.85000,-0.92341,0.92353,-1.43326
1808.90000,-0.92235,0.91635,-1.39400
1808.95000,-0.92116,0.91048,-1.34164
1809.00000,-0.92012,0.90655,-1.27601
1809.05000,-0.91956,0.90489,-1.20065
1809.10000,-0.91937,0.90443,-1.12127
1809.15000,-0.91935,0.90440,-1.04182
1809.20000,-0.91934,0.90437,-0.96460
1809.25000,-0.91932,0.90435,-0.88934
1809.30000,-0.91931,0.90434,-0.81512
1809.35000,-0.91929,0.90432,-0.74168
1809.40000,-0.91927,0.90431,-0.66903
1809.45000,-0.91925,0.90429,-0.59720
1809.50000,-0.91923,0.90428,-0.52630
1809.55000,-0.91921,0.90427,-0.45684
1809.60000,-0.91920,0.90426,-0.38995
1809.65000,-0.91918,0.90426,-0.32757
1809.70000,-0.91916,0.90425,-0.27206
1809.75000,-0.91914,0.90425,-0.22645
1809.80000,-0.91709,0.90367,-0.18596
1809.85000,-0.91200,0.90244,-0.15016
1809.90000,-0.90970,0.90240,-0.12349
1809.95000,-0.90918,0.90235,-0.10718
1810.00000,-0.90880,0.90232,-0.09282
1810.05000,-0.90843,0.90228,-0.07922
1810.10000,-0.90808,0.90225,-0.06632
1810.15000,-0.90774,0.90221,-0.05408
1810.20000,-0.90742,0.90218,-0.04249
1810.25000,-0.90711,0.90215,-0.03153
1810.30000,-0.90682,0.90213,-0.02142
1810.35000,-0.90659,0.90212,-0.01233
1810.40000,-0.90636,0.90212,-0.00385
1810.45000,-0.90615,0.90212,0.00273
1810.50000,-0.90597,0.90212,0.00798
1810.55000,-0.90582,0.90212,0.01194
1810.60000,-0.90569,0.90212,0.01467
1810.65000,-0.90559,0.90212,0.01634
1810.70000,-0.90549,0.90213,0.01712
1810.75000,-0.90542,0.90213,0.01720
1810.80000,-0.90535,0.90213,0.01673
1810.85000,-0.90530,0.90213,0.01575
1810.90000,-0.90526,0.90213,0.01428
1810.95000,-0.90523,0.90213,0.01233
1811.00000,-0.90521,0.90213,0.00993
1811.05000,-0.90521,0.90213,0.00702
1811.10000,-0.90521,0.90213,0.00368
1811.15000,-0.90521,0.90213,0.00021
1811.20000,-0.90522,0.90213,-0.00334
1811.25000,-0.90523,0.90213,-0.00703
1811.30000,-0.90523,0.90213,-0.01095
1811.35000,-0.90525,0.90213,-0.01515
1811.40000,-0.90526,0.90213,-0.01965
1811.45000,-0.90528,0.90213,-0.02437
1811.50000,-0.90529,0.90213,-0.02924
1811.55000,-0.90531,0.90213,-0.03425
1811.60000,-0.90533,0.90213,-0.03941
1811.65000,-0.90535,0.90213,-0.04481
1811.70000,-0.90538,0.90214,-0.05047
1811.75000,-0.90542,0.90214,-0.05642
1811.80000,-0.90546,0.90214,-0.06265
1811.85000,-0.90551,0.90214,-0.06915
1811.90000,-0.90557,0.90215,-0.07589
1811.95000,-0.90563,0.90215,-0.08292
1812.00000,-0.90569,0.90216,-0.09003
1812.05000,-0.90575,0.90216,-0.09683
1812.10000,-0.90580,0.90217,-0.10320
1812.15000,-0.90584,0.90217,-0.10912
1812.20000,-0.90587,0.90218,-0.11465
1812.25000,-0.90589,0.90218,-0.11988
1812.30000,-0.90591,0.90218,-0.12480
1812.35000,-0.90591,0.90218,-0.12932
1812.40000,-0.90590,0.90218,-0.13338
1812.45000,-0.90589,0.90218,-0.13698
1812.50000,-0.90586,0.90217,-0.14017
1812.55000,-0.90583,0.90217,-0.14304
1812.60000,-0.90580,0.90216,-0.14584
1812.65000,-0.90577,0.90216,-0.14873
1812.70000,-0.90574,0.90215,-0.15176
1812.75000,-0.90570,0.90215,-0.15490
1812.80000,-0.90565,0.90213,-0.15809
1812.85000,-0.90561,0.90212,-0.16131
1812.90000,-0.90556,0.90211,-0.16441
1812.95000,-0.90551,0.90210,-0.16692
1813.00000,-0.90390,0.90146,-0.16997
1813.05000,-0.89733,0.89981,-0.17249
1813.10000,-0.88743,0.89810,-0.17042
1813.15000,-0.87751,0.89643,-0.16416
1813.20000,-0.86751,0.89484,-0.15251
1813.25000,-0.85729,0.89336,-0.13546
1813.30000,-0.84711,0.89203,-0.11804
1813.35000,-0.84283,0.89183,-0.09849
1813.40000,-0.84193,0.89176,-0.06753
1813.45000,-0.84107,0.89172,-0.03492
1813.50000,-0.84021,0.89170,-0.00254
1813.55000,-0.83934,0.89171,0.02967
1813.60000,-0.83849,0.89174,0.06177
1813.65000,-0.83760,0.89179,0.09382
1813.70000,-0.83674,0.89187,0.12620
1813.75000,-0.83586,0.89198,0.15940
1813.80000,-0.83494,0.89214,0.19369
1813.85000,-0.83413,0.89228,0.22814
1813.90000,-0.83367,0.89234,0.26167
1813.95000,-0.83343,0.89241,0.29516
1814.00000,-0.83333,0.89244,0.32845
1814.05000,-0.83323,0.89248,0.36199
1814.10000,-0.83313,0.89252,0.39575
1814.15000,-0.83302,0.89256,0.42960
1814.20000,-0.83292,0.89261,0.46332
1814.25000,-0.83281,0.89267,0.49679
1814.30000,-0.83271,0.89273,0.52990
1814.35000,-0.83261,0.89279,0.56261
1814.40000,-0.83251,0.89285,0.59498
1814.45000,-0.83241,0.89292,0.62714
1814.50000,-0.83232,0.89299,0.65932
1814.55000,-0.83222,0.89307,0.69175
1814.60000,-0.83212,0.89316,0.72436
1814.65000,-0.83202,0.89325,0.75705
1814.70000,-0.83192,0.89334,0.78974
1814.75000,-0.83182,0.89345,0.82236
1814.80000,-0.83172,0.89356,0.85485
1814.85000,-0.83163,0.89367,0.88715
1814.90000,-0.83153,0.89379,0.91921
1814.95000,-0.83144,0.89392,0.95098
1815.00000,-0.83135,0.89405,0.98241
1815.05000,-0.83126,0.89418,1.01347
1815.10000,-0.83118,0.89432,1.04410
1815.15000,-0.83110,0.89445,1.07429
1815.20000,-0.83103,0.89460,1.10404
1815.25000,-0.83096,0.89474,1.13334
1815.30000,-0.82965,0.89678,1.16129
1815.35000,-0.82641,0.90355,1.18715
1815.40000,-0.82281,0.91284,1.21493
1815.45000,-0.81946,0.92226,1.24229
1815.50000,-0.81636,0.93176,1.26891
1815.55000,-0.81351,0.94135,1.29490
1815.60000,-0.81091,0.95100,1.32034
1815.65000,-0.80855,0.96072,1.34530
1815.70000,-0.80644,0.97049,1.36976
1815.75000,-0.80456,0.98032,1.39371
1815.80000,-0.80291,0.99018,1.41711
1815.85000,-0.80149,1.00008,1.43995
1815.90000,-0.80030,1.01000,1.46219
1815.95000,-0.79932,1.01996,1.48374
1816.00000,-0.79856,1.02993,1.50446
1816.05000,-0.79799,1.03991,1.52424
1816.10000,-0.79762,1.05027,1.54445
1816.15000,-0.79744,1.06072,1.56385
1816.20000,-0.79746,1.07111,1.58152
1816.25000,-0.79766,1.08151,1.59786
1816.30000,-0.79801,1.09181,1.61233
1816.35000,-0.79843,1.10213,1.62665
1816.40000,-0.79854,1.10805,1.64084
1816.45000,-0.79856,1.10874,1.65239
1816.50000,-0.79858,1.10913,1.66308
1816.55000,-0.79861,1.10953,1.67441
1816.60000,-0.79865,1.10995,1.68616
1816.65000,-0.79918,1.11183,1.69741
1816.70000,-0.80046,1.11933,1.70871
1816.75000,-0.80194,1.12953,1.72094
1816.80000,-0.80352,1.13968,1.73235
1816.85000,-0.80518,1.14984,1.74374
1816.90000,-0.80606,1.15889,1.75559
1816.95000,-0.80614,1.16061,1.76468
1817.00000,-0.80619,1.16086,1.77061
1817.05000,-0.80622,1.16112,1.77604
1817.10000,-0.80627,1.16135,1.78129
1817.15000,-0.80631,1.16160,1.78616
1817.20000,-0.80635,1.16183,1.79071
1817.25000,-0.80640,1.16204,1.79477
1817.30000,-0.80645,1.16224,1.79853
1817.35000,-0.80649,1.16245,1.80177
1817.40000,-0.80652,1.16263,1.80449
1817.45000,-0.80655,1.16281,1.80661
1817.50000,-0.80658,1.16297,1.80809
1817.55000,-0.80660,1.16312,1.80886
1817.60000,-0.80662,1.16324,1.80882
1817.65000,-0.80664,1.16333,1.80799
1817.70000,-0.80666,1.16341,1.80711
1817.75000,-0.80668,1.16348,1.80623
1817.80000,-0.80670,1.16355,1.80496
1817.85000,-0.80670,1.16356,1.80035
1817.90000,-0.80669,1.16352,1.79458
1817.95000,-0.80668,1.16349,1.78793
1818.00000,-0.80667,1.16343,1.78004
1818.05000,-0.80664,1.16334,1.77121
1818.10000,-0.80662,1.16323,1.76141
1818.15000,-0.80658,1.16309,1.75060
1818.20000,-0.80655,1.16292,1.73895
1818.25000,-0.80652,1.16273,1.72641
1818.30000,-0.80649,1.16251,1.71292
1818.35000,-0.80645,1.16228,1.69864
1818.40000,-0.80642,1.16202,1.68362
1818.45000,-0.80639,1.16175,1.66793
1818.50000,-0.80637,1.16146,1.65161
1818.55000,-0.80635,1.16116,1.63473
1818.60000,-0.80633,1.16085,1.61734
1818.65000,-0.80632,1.16053,1.59950
1818.70000,-0.80631,1.16019,1.58126
1818.75000,-0.80631,1.15985,1.56267
1818.80000,-0.80632,1.15950,1.54378
1818.85000,-0.80633,1.15914,1.52463
1818.90000,-0.80635,1.15878,1.50526
1818.95000,-0.80638,1.15842,1.48572
1819.00000,-0.80641,1.15805,1.46604
1819.05000,-0.80645,1.15768,1.44625
1819.10000,-0.80650,1.15731,1.42639
1819.15000,-0.80656,1.15694,1.40647
1819.20000,-0.80663,1.15657,1.38654
1819.25000,-0.80670,1.15620,1.36660
1819.30000,-0.80678,1.15581,1.34624
1819.35000,-0.80687,1.15541,1.32499
1819.40000,-0.80697,1.15498,1.30222
1819.45000,-0.80710,1.15451,1.27765
1819.50000,-0.80725,1.15402,1.25114
1819.55000,-0.80743,1.15348,1.22248
1819.60000,-0.80764,1.15290,1.19212
1819.65000,-0.80788,1.15231,1.15981
1819.70000,-0.80817,1.15168,1.12596
1819.75000,-0.80841,1.15114,1.09127
1819.80000,-0.80850,1.15097,1.05663
1819.85000,-0.80864,1.15071,1.02043
1819.90000,-0.80853,1.15088,0.98488
1819.95000,-0.80841,1.15106,0.94836
1820.00000,-0.80827,1.15124,0.91091
1820.05000,-0.80865,1.15078,0.86935
1820.10000,-0.80863,1.15079,0.82958
1820.15000,-0.80844,1.15099,0.79059
1820.20000,-0.80824,1.15118,0.75157
1820.25000,-0.80803,1.15137,0.71265
1820.30000,-0.80781,1.15156,0.67370
1820.35000,-0.80757,1.15174,0.63461
1820.40000,-0.80732,1.15192,0.59537
1820.45000,-0.80706,1.15207,0.55575
1820.50000,-0.80676,1.15225,0.51600
1820.55000,-0.80644,1.15242,0.47607
1820.60000,-0.80610,1.15259,0.43598
1820.65000,-0.80573,1.15276,0.39578
1820.70000,-0.80533,1.15291,0.35551
1820.75000,-0.80491,1.15306,0.31527
1820.80000,-0.80447,1.15319,0.27517
1820.85000,-0.80402,1.15331,0.23530
1820.90000,-0.80355,1.15341,0.19577
1820.95000,-0.80308,1.15350,0.15658
1821.00000,-0.80260,1.15357,0.11774
1821.05000,-0.80210,1.15361,0.07918
1821.10000,-0.80160,1.15364,0.04080
1821.15000,-0.80108,1.15366,0.00259
1821.20000,-0.80055,1.15365,-0.03544
1821.25000,-0.80000,1.15362,-0.07327
1821.30000,-0.79944,1.15357,-0.11089
1821.35000,-0.79886,1.15349,-0.14830
1821.40000,-0.79827,1.15339,-0.18548
1821.45000,-0.79766,1.15326,-0.22243
1821.50000,-0.79704,1.15311,-0.25915
1821.55000,-0.79641,1.15293,-0.29560
1821.60000,-0.79577,1.15273,-0.33165
1821.65000,-0.79514,1.15250,-0.36722
1821.70000,-0.79452,1.15225,-0.40225
1821.75000,-0.79391,1.15197,-0.43674
1821.80000,-0.79331,1.15168,-0.47079
1821.85000,-0.79272,1.15137,-0.50447
1821.90000,-0.79213,1.15103,-0.53780
1821.95000,-0.79155,1.15067,-0.57079
1822.00000,-0.79098,1.15029,-0.60342
1822.05000,-0.78833,1.14826,-0.63490
1822.10000,-0.78192,1.14338,-0.66514
1822.15000,-0.77487,1.13765,-0.69985
1822.20000,-0.76798,1.13164,-0.73418
1822.25000,-0.76128,1.12539,-0.76766
1822.30000,-0.75478,1.11891,-0.80012
1822.35000,-0.74846,1.11220,-0.83149
1822.40000,-0.74234,1.10527,-0.86174
1822.45000,-0.73640,1.09815,-0.89081
1822.50000,-0.73066,1.09084,-0.91871
1822.55000,-0.72509,1.08334,-0.94545
1822.60000,-0.71971,1.07569,-0.97097
1822.65000,-0.71450,1.06787,-0.99517
1822.70000,-0.70945,1.05989,-1.01767
1822.75000,-0.70456,1.05178,-1.03869
1822.80000,-0.69981,1.04353,-1.05783
1822.85000,-0.69514,1.03511,-1.07488
1822.90000,-0.69061,1.02670,-1.09132
1822.95000,-0.68699,1.01921,-1.10697
1823.00000,-0.68664,1.01772,-1.11653
1823.05000,-0.68660,1.01765,-1.11701
1823.10000,-0.68657,1.01759,-1.11564
1823.15000,-0.68654,1.01750,-1.11375
1823.20000,-0.68651,1.01745,-1.11138
1823.25000,-0.68648,1.01736,-1.10833
1823.30000,-0.68645,1.01731,-1.10482
1823.35000,-0.68643,1.01726,-1.10051
1823.40000,-0.68640,1.01721,-1.09542
1823.45000,-0.68636,1.01712,-1.08888
1823.50000,-0.68631,1.01700,-1.08067
1823.55000,-0.68631,1.01699,-1.07143
1823.60000,-0.68621,1.01679,-1.06065
1823.65000,-0.68608,1.01656,-1.04904
1823.70000,-0.68597,1.01635,-1.03634
1823.75000,-0.68590,1.01621,-1.02311
1823.80000,-0.68589,1.01618,-1.00822
1823.85000,-0.68592,1.01620,-0.99269
1823.90000,-0.68580,1.01599,-0.97738
1823.95000,-0.68568,1.01578,-0.96184
1824.00000,-0.68564,1.01572,-0.94521
1824.05000,-0.68559,1.01563,-0.92804
1824.10000,-0.68537,1.01531,-0.90847
1824.15000,-0.68514,1.01500,-0.88666
1824.20000,-0.68487,1.01464,-0.86169
1824.25000,-0.68447,1.01416,-0.83353
1824.30000,-0.68426,1.01392,-0.80401
1824.35000,-0.68422,1.01389,-0.77338
1824.40000,-0.68419,1.01386,-0.74103
1824.45000,-0.68416,1.01383,-0.70748
1824.50000,-0.68412,1.01380,-0.67304
1824.55000,-0.68408,1.01377,-0.63812
1824.60000,-0.68405,1.01374,-0.60315
1824.65000,-0.68401,1.01372,-0.56813
1824.70000,-0.68397,1.01369,-0.53306
1824.75000,-0.68392,1.01367,-0.49778
1824.80000,-0.68388,1.01365,-0.46148
1824.85000,-0.68383,1.01362,-0.42397
1824.90000,-0.68379,1.01360,-0.38508
1824.95000,-0.68373,1.01358,-0.34476
1825.00000,-0.68367,1.01356,-0.30331
1825.05000,-0.68361,1.01354,-0.26102
1825.10000,-0.68354,1.01353,-0.21810
1825.15000,-0.68348,1.01351,-0.17479
1825.20000,-0.68340,1.01350,-0.13146
1825.25000,-0.68333,1.01349,-0.08837
1825.30000,-0.68326,1.01349,-0.04551
1825.35000,-0.68319,1.01349,-0.00289
1825.40000,-0.68312,1.01349,0.03947
1825.45000,-0.68304,1.01349,0.08169
1825.50000,-0.68297,1.01350,0.12392
1825.55000,-0.68289,1.01351,0.16620
1825.60000,-0.68282,1.01353,0.20857
1825.65000,-0.68273,1.01355,0.25108
1825.70000,-0.68265,1.01357,0.29372
1825.75000,-0.68256,1.01360,0.33641
1825.80000,-0.68248,1.01363,0.37902
1825.85000,-0.68239,1.01367,0.42144
1825.90000,-0.68230,1.01371,0.46360
1825.95000,-0.68221,1.01376,0.50545
1826.00000,-0.68213,1.01381,0.54691
1826.05000,-0.68204,1.01386,0.58797
1826.10000,-0.68196,1.01392,0.62861
1826.15000,-0.68188,1.01398,0.66883
1826.20000,-0.68176,1.01407,0.70879
1826.25000,-0.68161,1.01420,0.74856
1826.30000,-0.68142,1.01436,0.78826
1826.35000,-0.68123,1.01455,0.82757
1826.40000,-0.68108,1.01470,0.86642
1826.45000,-0.68088,1.01491,0.90537
1826.50000,-0.68068,1.01516,0.94405
1826.55000,-0.68052,1.01534,0.98186
1826.60000,-0.68035,1.01554,1.01945
1826.65000,-0.67991,1.01627,1.05877
1826.70000,-0.67941,1.01717,1.09845
1826.75000,-0.67895,1.01813,1.13778
1826.80000,-0.67872,1.01866,1.17446
1826.85000,-0.67866,1.01887,1.20908
1826.90000,-0.67862,1.01900,1.24278
1826.95000,-0.67860,1.01908,1.27608
1827.00000,-0.67858,1.01913,1.31103
1827.05000,-0.67844,1.01981,1.34554
1827.10000,-0.67771,1.02167,1.37662
1827.15000,-0.67630,1.02865,1.40648
1827.20000,-0.67485,1.03831,1.43727
1827.25000,-0.67369,1.04796,1.46840
1827.30000,-0.67282,1.05790,1.49770
1827.35000,-0.67225,1.06786,1.52646
1827.40000,-0.67195,1.07783,1.55470
1827.45000,-0.67193,1.08780,1.58239
1827.50000,-0.67217,1.09778,1.60954
1827.55000,-0.67269,1.10774,1.63611
1827.60000,-0.67346,1.11768,1.66211
1827.65000,-0.67449,1.12760,1.68745
1827.70000,-0.67577,1.13750,1.71206
1827.75000,-0.67729,1.14735,1.73574
1827.80000,-0.67896,1.15668,1.76035
1827.85000,-0.68084,1.16595,1.78161
1827.90000,-0.68295,1.17534,1.79506
1827.95000,-0.68509,1.18474,1.79272
1828.00000,-0.68654,1.19223,1.77182
1828.05000,-0.68699,1.19527,1.73147
1828.10000,-0.68701,1.19551,1.67854
1828.15000,-0.68702,1.19558,1.62421
1828.20000,-0.68702,1.19564,1.56939
1828.25000,-0.68702,1.19569,1.51395
1828.30000,-0.68702,1.19573,1.45776
1828.35000,-0.68701,1.19576,1.40098
1828.40000,-0.68701,1.19578,1.34376
1828.45000,-0.68700,1.19581,1.28651
1828.50000,-0.68699,1.19583,1.22925
1828.55000,-0.68698,1.19586,1.17199
1828.60000,-0.68697,1.19588,1.11474
1828.65000,-0.68696,1.19590,1.05685
1828.70000,-0.68696,1.19591,0.99648
1828.75000,-0.68692,1.19592,0.94821
1828.80000,-0.68683,1.19593,0.91725
1828.85000,-0.68635,1.19626,0.90781
1828.90000,-0.68579,1.19667,0.90496
1828.95000,-0.68520,1.19707,0.90873
1829.00000,-0.68460,1.19746,0.92687
1829.05000,-0.68449,1.19760,0.95462
1829.10000,-0.68403,1.19824,0.98556
1829.15000,-0.68359,1.19890,1.01630
1829.20000,-0.68317,1.19957,1.04689
1829.25000,-0.68278,1.20025,1.07728
1829.30000,-0.68241,1.20093,1.10751
1829.35000,-0.68206,1.20162,1.13752
1829.40000,-0.68174,1.20232,1.16683
1829.45000,-0.68144,1.20300,1.19518
1829.50000,-0.68117,1.20368,1.22262
1829.55000,-0.68092,1.20436,1.24936
1829.60000,-0.68069,1.20503,1.27548
1829.65000,-0.68048,1.20571,1.30110
1829.70000,-0.68029,1.20638,1.32619
1829.75000,-0.68012,1.20705,1.35086
1829.80000,-0.67996,1.20772,1.37508
1829.85000,-0.67982,1.20839,1.39890
1829.90000,-0.67970,1.20905,1.42231
1829.95000,-0.67960,1.20971,1.44536
1830.00000,-0.67951,1.21037,1.46804
1830.05000,-0.67917,1.21280,1.49021
1830.10000,-0.67857,1.22035,1.51204
1830.15000,-0.67810,1.23010,1.53330
1830.20000,-0.67785,1.23954,1.55522
1830.25000,-0.67781,1.24899,1.57756
1830.30000,-0.67798,1.25841,1.60054
1830.35000,-0.67826,1.26784,1.62353
1830.40000,-0.67833,1.27320,1.64617
1830.45000,-0.67838,1.27399,1.67233
1830.50000,-0.67839,1.27419,1.70075
1830.55000,-0.67847,1.27474,1.73059
1830.60000,-0.67856,1.27517,1.75980
1830.65000,-0.67867,1.27586,1.78982
1830.70000,-0.67882,1.27658,1.81986
1830.75000,-0.67899,1.27730,1.84980
1830.80000,-0.67918,1.27801,1.87967
1830.85000,-0.67939,1.27871,1.90952
1830.90000,-0.67963,1.27940,1.93960
1830.95000,-0.67988,1.28007,1.97042
1831.00000,-0.68019,1.28079,2.00115
1831.05000,-0.68049,1.28145,2.03232
1831.10000,-0.68076,1.28201,2.06397
1831.15000,-0.68110,1.28262,2.09556
1831.20000,-0.68144,1.28322,2.12707
1831.25000,-0.68183,1.28385,2.15812
1831.30000,-0.68225,1.28446,2.18906
1831.35000,-0.68268,1.28506,2.22023
1831.40000,-0.68315,1.28567,2.25160
1831.45000,-0.68354,1.28617,2.28304
1831.50000,-0.68409,1.28679,2.31609
1831.55000,-0.68466,1.28740,2.34986
1831.60000,-0.68523,1.28797,2.38510
1831.65000,-0.68586,1.28854,2.42100
1831.70000,-0.68653,1.28911,2.45725
1831.75000,-0.68726,1.28969,2.49436
1831.80000,-0.68801,1.29023,2.53197
1831.85000,-0.68876,1.29075,2.56989
1831.90000,-0.68925,1.29107,2.60666
1831.95000,-0.68964,1.29131,2.64322
1832.00000,-0.68997,1.29151,2.67965
1832.05000,-0.69006,1.29156,2.71490
1832.10000,-0.69008,1.29157,2.74980
1832.15000,-0.69011,1.29158,2.78437
1832.20000,-0.69014,1.29159,2.81861
1832.25000,-0.69018,1.29160,2.85252
1832.30000,-0.69021,1.29161,2.88607
1832.35000,-0.69024,1.29162,2.91920
1832.40000,-0.69027,1.29162,2.95229
1832.45000,-0.69030,1.29163,2.98574
1832.50000,-0.69033,1.29163,3.01997
1832.55000,-0.69037,1.29164,3.05539
1832.60000,-0.69040,1.29164,3.09234
1832.65000,-0.69044,1.29164,3.13101
1832.70000,-0.69049,1.29164,-3.11214
1832.75000,-0.69053,1.29164,-3.07116
1832.80000,-0.69059,1.29163,-3.02932
1832.85000,-0.69064,1.29163,-2.98681
1832.90000,-0.69070,1.29161,-2.94378
1832.95000,-0.69077,1.29160,-2.90038
1833.00000,-0.69084,1.29158,-2.85673
1833.05000,-0.69091,1.29156,-2.81291
1833.10000,-0.69099,1.29153,-2.76908
1833.15000,-0.69107,1.29150,-2.72537
1833.20000,-0.69115,1.29146,-2.68185
1833.25000,-0.69122,1.29142,-2.63855
1833.30000,-0.69130,1.29138,-2.59546
1833.35000,-0.69137,1.29133,-2.55251
1833.40000,-0.69145,1.29128,-2.50967
1833.45000,-0.69152,1.29122,-2.46689
1833.50000,-0.69159,1.29116,-2.42409
1833.55000,-0.69166,1.29110,-2.38125
1833.60000,-0.69172,1.29104,-2.33826
1833.65000,-0.69179,1.29097,-2.29506
1833.70000,-0.69185,1.29089,-2.25165
1833.75000,-0.69191,1.29082,-2.20812
1833.80000,-0.69197,1.29073,-2.16459
1833.85000,-0.69203,1.29064,-2.12127
1833.90000,-0.69208,1.29055,-2.07837
1833.95000,-0.69213,1.29045,-2.03607
1834.00000,-0.69218,1.29035,-1.99458
1834.05000,-0.69323,1.28840,-1.95452
1834.10000,-0.69612,1.28140,-1.91881
1834.15000,-0.69923,1.27241,-1.88119
1834.20000,-0.70216,1.26275,-1.84263
1834.25000,-0.70465,1.25311,-1.80543
1834.30000,-0.70681,1.24343,-1.76934
1834.35000,-0.70866,1.23330,-1.73453
1834.40000,-0.71016,1.22309,-1.70377
1834.45000,-0.71115,1.21413,-1.67426
1834.50000,-0.71087,1.20840,-1.66188
1834.55000,-0.71047,1.20321,-1.67225
1834.60000,-0.71027,1.20053,-1.70455
1834.65000,-0.71032,1.20005,-1.73307
1834.70000,-0.71081,1.19883,-1.73415
1834.75000,-0.71101,1.19713,-1.70222
1834.80000,-0.71104,1.19675,-1.65020
1834.85000,-0.71105,1.19653,-1.58469
1834.90000,-0.71105,1.19637,-1.50975
1834.95000,-0.71103,1.19627,-1.42812
1835.00000,-0.71102,1.19619,-1.34174
1835.05000,-0.71101,1.19615,-1.25304
1835.10000,-0.71100,1.19612,-1.16558
1835.15000,-0.71099,1.19610,-1.07964
1835.20000,-0.71097,1.19608,-0.99539
1835.25000,-0.71096,1.19605,-0.91291
1835.30000,-0.71094,1.19604,-0.83216
1835.35000,-0.71093,1.19602,-0.75305
1835.40000,-0.71091,1.19601,-0.67549
1835.45000,-0.71089,1.19599,-0.59936
1835.50000,-0.71088,1.19598,-0.52456
1835.55000,-0.71086,1.19597,-0.45099
1835.60000,-0.71084,1.19596,-0.37864
1835.65000,-0.71082,1.19596,-0.30741
1835.70000,-0.71080,1.19595,-0.23736
1835.75000,-0.71078,1.19595,-0.16834
1835.80000,-0.71076,1.19595,-0.10024
1835.85000,-0.71074,1.19594,-0.03314
1835.90000,-0.71072,1.19594,0.03275
1835.95000,-0.71070,1.19594,0.09728
1836.00000,-0.71069,1.19595,0.16031
1836.05000,-0.71067,1.19595,0.22158
1836.10000,-0.71066,1.19595,0.28115
1836.15000,-0.70889,1.19677,0.33853
1836.20000,-0.70257,1.19934,0.38783
1836.25000,-0.69478,1.20275,0.43696
1836.30000,-0.68614,1.20705,0.48631
1836.35000,-0.67799,1.21149,0.53093
1836.40000,-0.67153,1.21518,0.55710
1836.45000,-0.66780,1.21746,0.56447
1836.50000,-0.66733,1.21770,0.55482
1836.55000,-0.66761,1.21753,0.54056
1836.60000,-0.66792,1.21734,0.52500
1836.65000,-0.66827,1.21714,0.50795
1836.70000,-0.66866,1.21693,0.48918
1836.75000,-0.66910,1.21670,0.46790
1836.80000,-0.66955,1.21646,0.44445
1836.85000,-0.67011,1.21619,0.41863
1836.90000,-0.67072,1.21592,0.39068
1836.95000,-0.67137,1.21565,0.36072
1837.00000,-0.67209,1.21537,0.32887
1837.05000,-0.67286,1.21511,0.29506
1837.10000,-0.67369,1.21486,0.25937
1837.15000,-0.67394,1.21480,0.22286
1837.20000,-0.67392,1.21480,0.18273
1837.25000,-0.67366,1.21499,0.15325
1837.30000,-0.67250,1.21556,0.15003
1837.35000,-0.67126,1.21570,0.18025
1837.40000,-0.67064,1.21577,0.23112
1837.45000,-0.67047,1.21581,0.29671
1837.50000,-0.67036,1.21585,0.37170
1837.55000,-0.67027,1.21589,0.45337
1837.60000,-0.67022,1.21592,0.53978
1837.65000,-0.67017,1.21595,0.62955
1837.70000,-0.67012,1.21599,0.71837
1837.75000,-0.67008,1.21604,0.80499
1837.80000,-0.67003,1.21609,0.88948
1837.85000,-0.66998,1.21615,0.97210
1837.90000,-0.66994,1.21622,1.05303
1837.95000,-0.66991,1.21629,1.13238
1838.00000,-0.66987,1.21637,1.21018
1838.05000,-0.66985,1.21645,1.28647
1838.10000,-0.66982,1.21654,1.36124
1838.15000,-0.66981,1.21663,1.43450
1838.20000,-0.66980,1.21672,1.50625
1838.25000,-0.66980,1.21682,1.57650
1838.30000,-0.66980,1.21692,1.64527
1838.35000,-0.66981,1.21702,1.71257
1838.40000,-0.66983,1.21712,1.77839
1838.45000,-0.66985,1.21722,1.84276
1838.50000,-0.66988,1.21732,1.90575
1838.55000,-0.66992,1.21741,1.96742
1838.60000,-0.66997,1.21751,2.02776
1838.65000,-0.67113,1.21955,2.08477
1838.70000,-0.67491,1.22588,2.13253
1838.75000,-0.67952,1.23281,2.18287
1838.80000,-0.68482,1.23995,2.23548
1838.85000,-0.69075,1.24711,2.28963
1838.90000,-0.69727,1.25416,2.34477
1838.95000,-0.70437,1.26103,2.40045
1839.00000,-0.71192,1.26757,2.45576
1839.05000,-0.71983,1.27369,2.50985
1839.10000,-0.72805,1.27938,2.56244
1839.15000,-0.73655,1.28464,2.61341
1839.20000,-0.74531,1.28946,2.66265
1839.25000,-0.75429,1.29385,2.71017
1839.30000,-0.76344,1.29783,2.75584
1839.35000,-0.77277,1.30139,2.79964
1839.40000,-0.78224,1.30455,2.84160
1839.45000,-0.79146,1.30731,2.88311
1839.50000,-0.79550,1.30752,2.92052
1839.55000,-0.79616,1.30763,2.95865
1839.60000,-0.79627,1.30764,2.99333
1839.65000,-0.79638,1.30766,3.02686
1839.70000,-0.79649,1.30767,3.05940
1839.75000,-0.79661,1.30768,3.09093
1839.80000,-0.79672,1.30768,3.12156
1839.85000,-0.79683,1.30768,-3.13186
1839.90000,-0.79695,1.30768,-3.10295
1839.95000,-0.79707,1.30767,-3.07484
1840.00000,-0.79718,1.30766,-3.04763
1840.05000,-0.79730,1.30765,-3.02142
1840.10000,-0.79742,1.30764,-2.99622
1840.15000,-0.79753,1.30762,-2.97208
1840.20000,-0.79765,1.30760,-2.94898
1840.25000,-0.79776,1.30757,-2.92686
1840.30000,-0.79788,1.30755,-2.90568
1840.35000,-0.79800,1.30752,-2.88533
1840.40000,-0.79811,1.30748,-2.86574
1840.45000,-0.79823,1.30745,-2.84678
1840.50000,-0.79834,1.30741,-2.82842
1840.55000,-0.79846,1.30738,-2.81064
1840.60000,-0.79857,1.30734,-2.79336
1840.65000,-0.79869,1.30729,-2.77665
1840.70000,-0.79880,1.30725,-2.76067
1840.75000,-0.79891,1.30720,-2.74554
1840.80000,-0.79903,1.30715,-2.73129
1840.85000,-0.79914,1.30710,-2.71791
1840.90000,-0.79925,1.30705,-2.70543
1840.95000,-0.79937,1.30700,-2.69380
1841.00000,-0.79948,1.30694,-2.68301
1841.05000,-0.79959,1.30689,-2.67304
1841.10000,-0.79970,1.30683,-2.66383
1841.15000,-0.79981,1.30677,-2.65526
1841.20000,-0.79992,1.30671,-2.64727
1841.25000,-0.80003,1.30665,-2.63981
1841.30000,-0.80015,1.30659,-2.63283
1841.35000,-0.80026,1.30653,-2.62629
1841.40000,-0.80037,1.30646,-2.62017
1841.45000,-0.80048,1.30640,-2.61459
1841.50000,-0.80059,1.30633,-2.60966
1841.55000,-0.80071,1.30627,-2.60541
1841.60000,-0.80082,1.30620,-2.60186
1841.65000,-0.80093,1.30613,-2.59900
1841.70000,-0.80104,1.30607,-2.59683
1841.75000,-0.80115,1.30600,-2.59536
1841.80000,-0.80126,1.30593,-2.59454
1841.85000,-0.80138,1.30586,-2.59430
1841.90000,-0.80149,1.30580,-2.59463
1841.95000,-0.80159,1.30575,-2.59543
1842.00000,-0.80169,1.30571,-2.59669
1842.05000,-0.80178,1.30567,-2.59840
1842.10000,-0.80187,1.30564,-2.60054
1842.15000,-0.80194,1.30562,-2.60318
1842.20000,-0.80200,1.30560,-2.60641
1842.25000,-0.80204,1.30559,-2.61023
1842.30000,-0.80208,1.30559,-2.61460
1842.35000,-0.80210,1.30559,-2.61948
1842.40000,-0.80212,1.30560,-2.62487
1842.45000,-0.80212,1.30562,-2.63075
1842.50000,-0.80212,1.30564,-2.63713
1842.55000,-0.80209,1.30567,-2.64419
1842.60000,-0.80205,1.30571,-2.65207
1842.65000,-0.80199,1.30575,-2.66075
1842.70000,-0.80192,1.30581,-2.67021
1842.75000,-0.80183,1.30587,-2.68032
1842.80000,-0.80173,1.30594,-2.69101
1842.85000,-0.80161,1.30601,-2.70218
1842.90000,-0.80149,1.30608,-2.71381
1842.95000,-0.80135,1.30616,-2.72585
1843.00000,-0.80121,1.30624,-2.73831
1843.05000,-0.80106,1.30632,-2.75115
1843.10000,-0.80089,1.30640,-2.76437
1843.15000,-0.80072,1.30648,-2.77791
1843.20000,-0.80054,1.30656,-2.79168
1843.25000,-0.80036,1.30664,-2.80565
1843.30000,-0.80017,1.30672,-2.81982
1843.35000,-0.79998,1.30680,-2.83416
1843.40000,-0.79977,1.30688,-2.84888
1843.45000,-0.79955,1.30695,-2.86406
1843.50000,-0.79933,1.30703,-2.87969
1843.55000,-0.79909,1.30711,-2.89575
1843.60000,-0.79884,1.30718,-2.91217
1843.65000,-0.79858,1.30725,-2.92888
1843.70000,-0.79832,1.30732,-2.94581
1843.75000,-0.79805,1.30738,-2.96286
1843.80000,-0.79778,1.30745,-2.97993
1843.85000,-0.79752,1.30750,-2.99692
1843.90000,-0.79725,1.30755,-3.01375
1843.95000,-0.79700,1.30759,-3.03029
1844.00000,-0.79675,1.30763,-3.04645
1844.05000,-0.79652,1.30766,-3.06213
1844.10000,-0.79629,1.30770,-3.07723
1844.15000,-0.79632,1.30770,-3.09088
1844.20000,-0.79649,1.30769,-3.10316
1844.25000,-0.79665,1.30769,-3.11505
1844.30000,-0.79681,1.30768,-3.12640
1844.35000,-0.79696,1.30768,-3.13762
1844.40000,-0.79713,1.30768,3.13452
1844.45000,-0.79730,1.30768,3.12348
1844.50000,-0.79746,1.30769,3.11240
1844.55000,-0.79761,1.30769,3.10132
1844.60000,-0.79778,1.30770,3.09019
1844.65000,-0.79794,1.30770,3.07908
1844.70000,-0.79809,1.30772,3.06789
1844.75000,-0.79824,1.30773,3.05668
1844.80000,-0.79841,1.30774,3.04558
1844.85000,-0.79859,1.30776,3.03451
1844.90000,-0.79867,1.30777,3.02311
1844.95000,-0.79875,1.30778,3.01178
1845.00000,-0.79885,1.30780,3.00063
1845.05000,-0.79900,1.30782,2.98974
1845.10000,-0.79915,1.30784,2.97890
1845.15000,-0.79931,1.30787,2.96810
1845.20000,-0.79933,1.30788,2.95684
1845.25000,-0.79941,1.30790,2.94586
1845.30000,-0.79947,1.30792,2.93494
1845.35000,-0.79953,1.30794,2.92409
1845.40000,-0.79954,1.30795,2.91318
1845.45000,-0.80151,1.30882,2.90184
1845.50000,-0.80934,1.31108,2.89137
1845.55000,-0.81875,1.31354,2.87992
1845.60000,-0.82824,1.31606,2.86876
1845.65000,-0.83310,1.31654,2.85653
1845.70000,-0.83326,1.31655,2.84283
1845.75000,-0.83315,1.31653,2.82801
1845.80000,-0.83320,1.31655,2.81404
1845.85000,-0.83317,1.31655,2.79977
1845.90000,-0.83304,1.31651,2.78520
1845.95000,-0.83297,1.31649,2.77101
1846.00000,-0.83312,1.31655,2.75794
1846.05000,-0.83326,1.31661,2.74501
1846.10000,-0.83504,1.31790,2.73167
1846.15000,-0.84196,1.32153,2.71816
1846.20000,-0.85076,1.32558,2.70394
1846.25000,-0.85945,1.32972,2.68935
1846.30000,-0.86811,1.33393,2.67483
1846.35000,-0.87192,1.33477,2.65976
1846.40000,-0.87183,1.33473,2.64330
1846.45000,-0.87207,1.33488,2.62611
1846.50000,-0.87200,1.33484,2.60827
1846.55000,-0.87193,1.33483,2.59074
1846.60000,-0.87172,1.33468,2.57297
1846.65000,-0.87147,1.33452,2.55509
1846.70000,-0.87123,1.33435,2.53720
1846.75000,-0.87098,1.33418,2.51931
1846.80000,-0.87075,1.33400,2.50142
1846.85000,-0.87051,1.33382,2.48356
1846.90000,-0.87235,1.33549,2.46544
1846.95000,-0.87900,1.34096,2.44893
1847.00000,-0.88634,1.34716,2.43096
1847.05000,-0.89357,1.35348,2.41292
1847.10000,-0.90067,1.35992,2.39471
1847.15000,-0.90764,1.36649,2.37647
1847.20000,-0.91450,1.37319,2.35809
1847.25000,-0.92122,1.38001,2.33969
1847.30000,-0.92781,1.38693,2.32140
1847.35000,-0.93426,1.39398,2.30320
1847.40000,-0.94059,1.40114,2.28509
1847.45000,-0.94679,1.40843,2.26726
1847.50000,-0.95288,1.41585,2.24970
1847.55000,-0.95882,1.42336,2.23215
1847.60000,-0.96462,1.43097,2.21474
1847.65000,-0.97029,1.43868,2.19754
1847.70000,-0.97583,1.44649,2.18054
1847.75000,-0.98124,1.45440,2.16375
1847.80000,-0.98652,1.46241,2.14715
1847.85000,-0.99166,1.47050,2.13078
1847.90000,-0.99669,1.47868,2.11465
1847.95000,-1.00158,1.48695,2.09881
1848.00000,-1.00635,1.49530,2.08331
1848.05000,-1.01098,1.50372,2.06819
1848.10000,-1.01551,1.51223,2.05353
1848.15000,-1.01991,1.52081,2.03941
1848.20000,-1.02421,1.52947,2.02589
1848.25000,-1.02839,1.53820,2.01308
1848.30000,-1.03256,1.54713,2.00164
1848.35000,-1.03665,1.55616,1.99119
1848.40000,-1.04064,1.56521,1.98162
1848.45000,-1.04457,1.57433,1.97327
1848.50000,-1.04838,1.58340,1.96575
1848.55000,-1.05212,1.59250,1.95959
1848.60000,-1.05584,1.60166,1.95514
1848.65000,-1.05953,1.61087,1.95255
1848.70000,-1.06308,1.61982,1.94992
1848.75000,-1.06403,1.62463,1.94837
1848.80000,-1.06409,1.62481,1.95228
1848.85000,-1.06413,1.62489,1.95860
1848.90000,-1.06417,1.62501,1.96643
1848.95000,-1.06422,1.62512,1.97603
1849.00000,-1.06426,1.62522,1.98742
1849.05000,-1.06431,1.62533,2.00054
1849.10000,-1.06437,1.62545,2.01551
1849.15000,-1.06442,1.62557,2.03223
1849.20000,-1.06448,1.62569,2.05077
1849.25000,-1.06455,1.62582,2.07079
1849.30000,-1.06463,1.62595,2.09178
1849.35000,-1.06471,1.62608,2.11331
1849.40000,-1.06479,1.62622,2.13500
1849.45000,-1.06487,1.62635,2.15673
1849.50000,-1.06496,1.62648,2.17849
1849.55000,-1.06505,1.62661,2.20027
1849.60000,-1.06515,1.62673,2.22233
1849.65000,-1.06525,1.62686,2.24521
1849.70000,-1.06536,1.62700,2.26898
1849.75000,-1.06547,1.62713,2.29386
1849.80000,-1.06561,1.62728,2.31986
1849.85000,-1.06575,1.62743,2.34681
1849.90000,-1.06591,1.62758,2.37456
1849.95000,-1.06608,1.62774,2.40287
1850.00000,-1.06626,1.62790,2.43145
1850.05000,-1.06644,1.62806,2.46008
1850.10000,-1.06664,1.62821,2.48860
1850.15000,-1.06683,1.62836,2.51699
1850.20000,-1.06704,1.62850,2.54524
1850.25000,-1.06724,1.62863,2.57333
1850.30000,-1.06745,1.62876,2.60126
1850.35000,-1.06767,1.62889,2.62916
1850.40000,-1.06789,1.62901,2.65708
1850.45000,-1.06812,1.62912,2.68510
1850.50000,-1.06860,1.62936,2.71437
1850.55000,-1.06957,1.62980,2.74599
1850.60000,-1.07058,1.63021,2.77800
1850.65000,-1.07161,1.63058,2.81032
1850.70000,-1.07269,1.63094,2.84262
1850.75000,-1.07380,1.63126,2.87510
1850.80000,-1.07496,1.63157,2.90770
1850.85000,-1.07609,1.63182,2.94010
1850.90000,-1.07722,1.63203,2.97201
1850.95000,-1.07837,1.63222,3.00371
1851.00000,-1.07948,1.63236,3.03474
1851.05000,-1.08061,1.63247,3.06528
1851.10000,-1.08172,1.63254,3.09538
1851.15000,-1.08281,1.63259,3.12522
1851.20000,-1.08389,1.63259,-3.12804
1851.25000,-1.08494,1.63257,-3.09774
1851.30000,-1.08601,1.63252,-3.06755
1851.35000,-1.08716,1.63243,-3.03778
1851.40000,-1.08830,1.63232,-3.00805
1851.45000,-1.08942,1.63217,-2.97848
1851.50000,-1.09056,1.63199,-2.94907
1851.55000,-1.09167,1.63178,-2.92010
1851.60000,-1.09276,1.63154,-2.89162
1851.65000,-1.09378,1.63132,-2.86362
1851.70000,-1.09482,1.63103,-2.83603
1851.75000,-1.09584,1.63071,-2.80917
1851.80000,-1.09672,1.63041,-2.78330
1851.85000,-1.09968,1.62904,-2.75818
1851.90000,-1.10752,1.62567,-2.73516
1851.95000,-1.11656,1.62168,-2.70953
1852.00000,-1.12502,1.61765,-2.68452
1852.05000,-1.13340,1.61340,-2.66011
1852.10000,-1.14168,1.60895,-2.63624
1852.15000,-1.14986,1.60430,-2.61292
1852.20000,-1.15795,1.59945,-2.59023
1852.25000,-1.16595,1.59441,-2.56836
1852.30000,-1.17386,1.58918,-2.54752
1852.35000,-1.18168,1.58379,-2.52780
1852.40000,-1.18943,1.57822,-2.50931
1852.45000,-1.19710,1.57250,-2.49220
1852.50000,-1.20471,1.56663,-2.47666
1852.55000,-1.21226,1.56062,-2.46285
1852.60000,-1.21978,1.55449,-2.45097
1852.65000,-1.22742,1.54811,-2.44225
1852.70000,-1.23507,1.54168,-2.43382
1852.75000,-1.23776,1.53988,-2.42605
1852.80000,-1.23785,1.53980,-2.42433
1852.85000,-1.23789,1.53977,-2.42253
1852.90000,-1.23794,1.53972,-2.41910
1852.95000,-1.23803,1.53966,-2.41434
1853.00000,-1.23812,1.53957,-2.40914
1853.05000,-1.24042,1.53738,-2.40401
1853.10000,-1.24682,1.53139,-2.39850
1853.15000,-1.25403,1.52471,-2.39181
1853.20000,-1.26123,1.51801,-2.38513
1853.25000,-1.26698,1.51276,-2.37857
1853.30000,-1.26841,1.51149,-2.38831
1853.35000,-1.26875,1.51117,-2.42308
1853.40000,-1.26897,1.51101,-2.45696
1853.45000,-1.26918,1.51093,-2.46782
1853.50000,-1.26961,1.51073,-2.44166
1853.55000,-1.26986,1.51058,-2.39146
1853.60000,-1.26989,1.51055,-2.33020
1853.65000,-1.26991,1.51053,-2.26883
1853.70000,-1.26993,1.51051,-2.20779
1853.75000,-1.26994,1.51049,-2.14714
1853.80000,-1.26996,1.51047,-2.08695
1853.85000,-1.26997,1.51044,-2.02726
1853.90000,-1.26998,1.51041,-1.96833
1853.95000,-1.26999,1.51039,-1.91068
1854.00000,-1.27000,1.51036,-1.85479
1854.05000,-1.27001,1.51033,-1.80102
1854.10000,-1.27001,1.51030,-1.74942
1854.15000,-1.27002,1.51026,-1.69938
1854.20000,-1.27002,1.51021,-1.65026
1854.25000,-1.27003,1.51016,-1.60157
1854.30000,-1.27003,1.51009,-1.55328
1854.35000,-1.27002,1.51002,-1.50548
1854.40000,-1.27002,1.50993,-1.45822
1854.45000,-1.27000,1.50984,-1.41156
1854.50000,-1.26998,1.50972,-1.36574
1854.55000,-1.26995,1.50960,-1.32080
1854.60000,-1.26992,1.50946,-1.27687
1854.65000,-1.26987,1.50932,-1.23403
1854.70000,-1.26981,1.50918,-1.19239
1854.75000,-1.26975,1.50903,-1.15210
1854.80000,-1.26968,1.50888,-1.11298
1854.85000,-1.26961,1.50874,-1.07462
1854.90000,-1.26831,1.50683,-1.03687
1854.95000,-1.26431,1.50039,-1.00324
1855.00000,-1.25893,1.49227,-0.96796
1855.05000,-1.25311,1.48414,-0.93174
1855.10000,-1.24700,1.47622,-0.89551
1855.15000,-1.24061,1.46853,-0.85948
1855.20000,-1.23395,1.46107,-0.82371
1855.25000,-1.22703,1.45386,-0.78800
1855.30000,-1.21985,1.44690,-0.75238
1855.35000,-1.21243,1.44019,-0.71682
1855.40000,-1.20477,1.43376,-0.68132
1855.45000,-1.19690,1.42760,-0.64592
1855.50000,-1.18881,1.42172,-0.61049
1855.55000,-1.18051,1.41614,-0.57506
1855.60000,-1.17203,1.41085,-0.53968
1855.65000,-1.16336,1.40586,-0.50450
1855.70000,-1.15452,1.40118,-0.46982
1855.75000,-1.14553,1.39681,-0.43576
1855.80000,-1.13640,1.39274,-0.40232
1855.85000,-1.12713,1.38898,-0.36907
1855.90000,-1.11775,1.38553,-0.33596
1855.95000,-1.10825,1.38239,-0.30300
1856.00000,-1.09866,1.37956,-0.27037
1856.05000,-1.08898,1.37704,-0.23803
1856.10000,-1.07923,1.37484,-0.20552
1856.15000,-1.06938,1.37295,-0.17245
1856.20000,-1.05945,1.37137,-0.13937
1856.25000,-1.04953,1.37014,-0.10776
1856.30000,-1.03917,1.36918,-0.08077
1856.35000,-1.02971,1.36860,-0.05709
1856.40000,-1.02410,1.36868,-0.04543
1856.45000,-1.02090,1.36869,-0.05110
1856.50000,-1.02027,1.36872,-0.06719
1856.55000,-1.02069,1.36875,-0.08651
1856.60000,-1.02106,1.36878,-0.10446
1856.65000,-1.02112,1.36881,-0.12259
1856.70000,-1.02137,1.36884,-0.13874
1856.75000,-1.02157,1.36886,-0.15413
1856.80000,-1.02179,1.36890,-0.16887
1856.85000,-1.02206,1.36895,-0.18358
1856.90000,-1.02227,1.36898,-0.19843
1856.95000,-1.02229,1.36896,-0.21459
1857.00000,-1.02242,1.36898,-0.23021
1857.05000,-1.02258,1.36901,-0.24516
1857.10000,-1.02250,1.36899,-0.26120
1857.15000,-1.02236,1.36896,-0.27707
1857.20000,-1.02235,1.36895,-0.29207
1857.25000,-1.02225,1.36890,-0.30725
1857.30000,-1.02220,1.36887,-0.32123
1857.35000,-1.02213,1.36883,-0.33447
1857.40000,-1.02199,1.36876,-0.34816
1857.45000,-1.02189,1.36872,-0.36066
1857.50000,-1.02183,1.36869,-0.37185
1857.55000,-1.02170,1.36862,-0.38309
1857.60000,-1.02167,1.36861,-0.39325
1857.65000,-1.02164,1.36859,-0.40365
1857.70000,-1.02162,1.36859,-0.41430
1857.75000,-1.02145,1.36852,-0.42460
1857.80000,-1.02145,1.36852,-0.43549
1857.85000,-1.02144,1.36851,-0.44641
1857.90000,-1.02143,1.36850,-0.45735
1857.95000,-1.02142,1.36848,-0.46830
1858.00000,-1.02140,1.36845,-0.47928
1858.05000,-1.02137,1.36842,-0.49028
1858.10000,-1.02133,1.36838,-0.50130
1858.15000,-1.02128,1.36833,-0.51235
1858.20000,-1.02123,1.36827,-0.52341
1858.25000,-1.02117,1.36821,-0.53451
1858.30000,-1.02110,1.36814,-0.54563
1858.35000,-1.02103,1.36806,-0.55677
1858.40000,-1.02094,1.36797,-0.56795
1858.45000,-1.02085,1.36788,-0.57915
1858.50000,-1.02075,1.36778,-0.59039
1858.55000,-1.02064,1.36766,-0.60166
1858.60000,-1.02052,1.36754,-0.61296
1858.65000,-1.02026,1.36734,-0.62439
1858.70000,-1.01981,1.36701,-0.63592
1858.75000,-1.01942,1.36672,-0.64688
1858.80000,-1.01896,1.36637,-0.65820
1858.85000,-1.01861,1.36610,-0.66896
1858.90000,-1.01821,1.36578,-0.68037
1858.95000,-1.01766,1.36533,-0.69316
1859.00000,-1.01717,1.36492,-0.70599
1859.05000,-1.01666,1.36448,-0.71935
1859.10000,-1.01606,1.36394,-0.73356
1859.15000,-1.01544,1.36340,-0.74783
1859.20000,-1.01481,1.36284,-0.76216
1859.25000,-1.01416,1.36226,-0.77655
1859.30000,-1.01350,1.36166,-0.79100
1859.35000,-1.01281,1.36105,-0.80552
1859.40000,-1.01211,1.36041,-0.82010
1859.45000,-1.01139,1.35976,-0.83474
1859.50000,-1.01065,1.35910,-0.84945
1859.55000,-1.00990,1.35841,-0.86422
1859.60000,-1.00914,1.35770,-0.87905
1859.65000,-1.00839,1.35696,-0.89391
1859.70000,-1.00790,1.35639,-0.90801
1859.75000,-1.00744,1.35580,-0.92203
1859.80000,-1.00695,1.35514,-0.93636
1859.85000,-1.00649,1.35451,-0.95092
1859.90000,-1.00599,1.35380,-0.96567
1859.95000,-1.00550,1.35308,-0.98057
1860.00000,-1.00498,1.35230,-0.99532
1860.05000,-1.00448,1.35152,-1.01043
1860.10000,-1.00396,1.35069,-1.02542
1860.15000,-1.00345,1.34983,-1.04037
1860.20000,-1.00293,1.34894,-1.05529
1860.25000,-1.00243,1.34806,-1.07019
1860.30000,-1.00195,1.34717,-1.08506
1860.35000,-1.00149,1.34628,-1.09983
1860.40000,-1.00103,1.34538,-1.11450
1860.45000,-1.00059,1.34447,-1.12910
1860.50000,-1.00016,1.34354,-1.14363
1860.55000,-0.99973,1.34259,-1.15808
1860.60000,-0.99788,1.33944,-1.17163
1860.65000,-0.99429,1.33110,-1.18447
1860.70000,-0.99072,1.32214,-1.19856
1860.75000,-0.98727,1.31313,-1.21278
1860.80000,-0.98396,1.30407,-1.22704
1860.85000,-0.98077,1.29497,-1.24134
1860.90000,-0.97772,1.28583,-1.25569
1860.95000,-0.97480,1.27664,-1.27008
1861.00000,-0.97201,1.26742,-1.28449
1861.05000,-0.96936,1.25815,-1.29890
1861.10000,-0.96683,1.24885,-1.31331
1861.15000,-0.96445,1.23951,-1.32771
1861.20000,-0.96219,1.23014,-1.34208
1861.25000,-0.96007,1.22074,-1.35644
1861.30000,-0.95809,1.21130,-1.37077
1861.35000,-0.95624,1.20184,-1.38508
1861.40000,-0.95453,1.19236,-1.39940
1861.45000,-0.95295,1.18284,-1.41374
1861.50000,-0.95151,1.17331,-1.42813
1861.55000,-0.95021,1.16376,-1.44255
1861.60000,-0.94905,1.15419,-1.45705
1861.65000,-0.94802,1.14461,-1.47176
1861.70000,-0.94714,1.13503,-1.48684
1861.75000,-0.94641,1.12545,-1.50246
1861.80000,-0.94584,1.11589,-1.51892
1861.85000,-0.94543,1.10634,-1.53665
1861.90000,-0.94510,1.09709,-1.55443
1861.95000,-0.94508,1.09219,-1.57136
1862.00000,-0.94507,1.09172,-1.60012
1862.05000,-0.94504,1.09245,-1.64358
1862.10000,-0.94501,1.09290,-1.68966
1862.15000,-0.94501,1.09296,-1.73667
1862.20000,-0.94501,1.09294,-1.79124
1862.25000,-0.94502,1.09291,-1.85456
1862.30000,-0.94503,1.09287,-1.92331
1862.35000,-0.94505,1.09283,-1.99488
1862.40000,-0.94508,1.09277,-2.06786
1862.45000,-0.94512,1.09270,-2.14150
1862.50000,-0.94517,1.09263,-2.21541
1862.55000,-0.94523,1.09255,-2.28930
1862.60000,-0.94531,1.09248,-2.36303
1862.65000,-0.94539,1.09240,-2.43650
1862.70000,-0.94549,1.09232,-2.50961
1862.75000,-0.94560,1.09225,-2.58228
1862.80000,-0.94572,1.09218,-2.65445
1862.85000,-0.94585,1.09211,-2.72606
1862.90000,-0.94599,1.09206,-2.79707
1862.95000,-0.94614,1.09201,-2.86743
1863.00000,-0.94629,1.09197,-2.93713
1863.05000,-0.94645,1.09195,-3.00614
1863.10000,-0.94662,1.09193,-3.07443
1863.15000,-0.94679,1.09192,3.14121
1863.20000,-0.94696,1.09193,3.07441
1863.25000,-0.94714,1.09195,3.00840
1863.30000,-0.94731,1.09198,2.94318
1863.35000,-0.94749,1.09202,2.87878
1863.40000,-0.94766,1.09207,2.81521
1863.45000,-0.94783,1.09214,2.75251
1863.50000,-0.94800,1.09221,2.69067
1863.55000,-0.94817,1.09230,2.62971
1863.60000,-0.94833,1.09240,2.56964
1863.65000,-0.94849,1.09250,2.51047
1863.70000,-0.94864,1.09262,2.45220
1863.75000,-0.94878,1.09275,2.39485
1863.80000,-0.94892,1.09288,2.33841
1863.85000,-0.94905,1.09302,2.28290
1863.90000,-0.94917,1.09317,2.22833
1863.95000,-0.94929,1.09333,2.17468
1864.00000,-0.94939,1.09350,2.12198
1864.05000,-0.94949,1.09366,2.07021
1864.10000,-0.94958,1.09384,2.01939
1864.15000,-0.94966,1.09402,1.96952
1864.20000,-0.94973,1.09420,1.92059
1864.25000,-0.95056,1.09618,1.87314
1864.30000,-0.95245,1.10265,1.82920
1864.35000,-0.95429,1.11036,1.78179
1864.40000,-0.95589,1.11886,1.73198
1864.45000,-0.95708,1.12755,1.68289
1864.50000,-0.95786,1.13631,1.63497
1864.55000,-0.95822,1.14513,1.58824
1864.60000,-0.95817,1.15399,1.54270
1864.65000,-0.95772,1.16287,1.49834
1864.70000,-0.95688,1.17175,1.45520
1864.75000,-0.95567,1.18061,1.41324
1864.80000,-0.95408,1.18945,1.37248
1864.85000,-0.95213,1.19825,1.33291
1864.90000,-0.94983,1.20699,1.29455
1864.95000,-0.94720,1.21567,1.25739
1865.00000,-0.94423,1.22427,1.22144
1865.05000,-0.94096,1.23279,1.18680
1865.10000,-0.93756,1.24127,1.15235
1865.15000,-0.93712,1.24440,1.12067
1865.20000,-0.93729,1.24403,1.09042
1865.25000,-0.93740,1.24381,1.06191
1865.30000,-0.93756,1.24353,1.03406
1865.35000,-0.93766,1.24337,1.00762
1865.40000,-0.93773,1.24324,0.98235
1865.45000,-0.93764,1.24338,0.95908
1865.50000,-0.93754,1.24352,0.93670
1865.55000,-0.93744,1.24366,0.91517
1865.60000,-0.93733,1.24379,0.89447
1865.65000,-0.93722,1.24392,0.87459
1865.70000,-0.93711,1.24405,0.85552
1865.75000,-0.93700,1.24418,0.83724
1865.80000,-0.93689,1.24430,0.81976
1865.85000,-0.93677,1.24442,0.80306
1865.90000,-0.93665,1.24454,0.78712
1865.95000,-0.93653,1.24466,0.77195
1866.00000,-0.93641,1.24478,0.75753
1866.05000,-0.93629,1.24489,0.74384
1866.10000,-0.93624,1.24493,0.73037
1866.15000,-0.93634,1.24483,0.71690
1866.20000,-0.93644,1.24471,0.70412
1866.25000,-0.93654,1.24462,0.69211
1866.30000,-0.93661,1.24453,0.68093
1866.35000,-0.93667,1.24446,0.67049
1866.40000,-0.93672,1.24441,0.66084
1866.45000,-0.93675,1.24436,0.65191
1866.50000,-0.93677,1.24432,0.64374
1866.55000,-0.93665,1.24442,0.63689
1866.60000,-0.93650,1.24453,0.63019
1866.65000,-0.93641,1.24459,0.62460
1866.70000,-0.93631,1.24466,0.61946
1866.75000,-0.93623,1.24470,0.61489
1866.80000,-0.93616,1.24473,0.61078
1866.85000,-0.93609,1.24476,0.60732
1866.90000,-0.93600,1.24481,0.60447
1866.95000,-0.93589,1.24486,0.60225
1867.00000,-0.93578,1.24492,0.60060
1867.05000,-0.93565,1.24498,0.59955
1867.10000,-0.93552,1.24506,0.59903
1867.15000,-0.93537,1.24514,0.59908
1867.20000,-0.93522,1.24523,0.59965
1867.25000,-0.93505,1.24533,0.60075
1867.30000,-0.93488,1.24545,0.60228
1867.35000,-0.93474,1.24555,0.60424
1867.40000,-0.93455,1.24568,0.60679
1867.45000,-0.93440,1.24578,0.60972
1867.50000,-0.93424,1.24589,0.61308
1867.55000,-0.93406,1.24602,0.61699
1867.60000,-0.93391,1.24612,0.62118
1867.65000,-0.93375,1.24624,0.62579
1867.70000,-0.93362,1.24633,0.63071
1867.75000,-0.93345,1.24645,0.63612
1867.80000,-0.93326,1.24658,0.64187
1867.85000,-0.93310,1.24670,0.64800
1867.90000,-0.93290,1.24684,0.65472
1867.95000,-0.93275,1.24696,0.66156
1868.00000,-0.93251,1.24714,0.66929
1868.05000,-0.93224,1.24735,0.67755
1868.10000,-0.93207,1.24748,0.68545
1868.15000,-0.93190,1.24762,0.69361
1868.20000,-0.93169,1.24778,0.70240
1868.25000,-0.93148,1.24796,0.71147
1868.30000,-0.93135,1.24807,0.72043
1868.35000,-0.93118,1.24821,0.72990
1868.40000,-0.93101,1.24836,0.73971
1868.45000,-0.93081,1.24853,0.74990
1868.50000,-0.93064,1.24868,0.76011
1868.55000,-0.93043,1.24888,0.77115
1868.60000,-0.93020,1.24910,0.78258
1868.65000,-0.93001,1.24928,0.79410
1868.70000,-0.92980,1.24947,0.80602
1868.75000,-0.92964,1.24964,0.81807
1868.80000,-0.92956,1.24973,0.83013
1868.85000,-0.92948,1.24981,0.84261
1868.90000,-0.92941,1.24989,0.85553
1868.95000,-0.92930,1.25002,0.86923
1869.00000,-0.92899,1.25039,0.88478
1869.05000,-0.92868,1.25078,0.90114
1869.10000,-0.92836,1.25119,0.91851
1869.15000,-0.92806,1.25159,0.93716
1869.20000,-0.92772,1.25205,0.95748
1869.25000,-0.92734,1.25258,0.98040
1869.30000,-0.92717,1.25284,1.00638
1869.35000,-0.92714,1.25288,1.03784
1869.40000,-0.92712,1.25291,1.07903
1869.45000,-0.92711,1.25294,1.13114
1869.50000,-0.92710,1.25297,1.19252
1869.55000,-0.92708,1.25301,1.25903
1869.60000,-0.92706,1.25307,1.32797
1869.65000,-0.92705,1.25313,1.39757
1869.70000,-0.92704,1.25319,1.46696
1869.75000,-0.92704,1.25326,1.53612
1869.80000,-0.92704,1.25333,1.60509
1869.85000,-0.92704,1.25339,1.67390
1869.90000,-0.92705,1.25346,1.74254
1869.95000,-0.92707,1.25353,1.81138
1870.00000,-0.92709,1.25361,1.88108
1870.05000,-0.92712,1.25370,1.95172
1870.10000,-0.92717,1.25380,2.02318
1870.15000,-0.92723,1.25392,2.09513
1870.20000,-0.92732,1.25406,2.16733
1870.25000,-0.92742,1.25421,2.23961
1870.30000,-0.92756,1.25437,2.31182
1870.35000,-0.92772,1.25453,2.38374
1870.40000,-0.92791,1.25469,2.45520
1870.45000,-0.92811,1.25485,2.52610
1870.50000,-0.92833,1.25499,2.59636
1870.55000,-0.92855,1.25511,2.66596
1870.60000,-0.92879,1.25522,2.73487
1870.65000,-0.92903,1.25532,2.80309
1870.70000,-0.92928,1.25540,2.87061
1870.75000,-0.92955,1.25546,2.93756
1870.80000,-0.92983,1.25551,3.00398
1870.85000,-0.93015,1.25555,3.06993
1870.90000,-0.93050,1.25556,3.13537
1870.95000,-0.93089,1.25555,-3.08291
1871.00000,-0.93131,1.25551,-3.01859
1871.05000,-0.93176,1.25544,-2.95488
1871.10000,-0.93225,1.25533,-2.89183
1871.15000,-0.93275,1.25518,-2.82954
1871.20000,-0.93326,1.25500,-2.76806
1871.25000,-0.93375,1.25479,-2.70745
1871.30000,-0.93423,1.25455,-2.64771
1871.35000,-0.93470,1.25428,-2.58884
1871.40000,-0.93515,1.25398,-2.53084
1871.45000,-0.93560,1.25365,-2.47366
1871.50000,-0.93604,1.25328,-2.41726
1871.55000,-0.93648,1.25287,-2.36162
1871.60000,-0.93693,1.25240,-2.30673
1871.65000,-0.93737,1.25189,-2.25261
1871.70000,-0.93781,1.25131,-2.19927
1871.75000,-0.93825,1.25068,-2.14671
1871.80000,-0.93867,1.24999,-2.09496
1871.85000,-0.93907,1.24925,-2.04406
1871.90000,-0.93944,1.24849,-1.99404
1871.95000,-0.93977,1.24770,-1.94495
1872.00000,-0.94006,1.24690,-1.89679
1872.05000,-0.94101,1.24419,-1.85014
1872.10000,-0.94287,1.23710,-1.80776
1872.15000,-0.94486,1.22800,-1.76501
1872.20000,-0.94657,1.21817,-1.72044
1872.25000,-0.94784,1.20825,-1.67653
1872.30000,-0.94868,1.19829,-1.63343
1872.35000,-0.94909,1.18830,-1.59113
1872.40000,-0.94909,1.17830,-1.54963
1872.45000,-0.94867,1.16831,-1.50891
1872.50000,-0.94786,1.15835,-1.46896
1872.55000,-0.94664,1.14842,-1.42977
1872.60000,-0.94505,1.13855,-1.39133
1872.65000,-0.94309,1.12886,-1.35310
1872.70000,-0.94078,1.11929,-1.31552
1872.75000,-0.93832,1.11056,-1.27595
1872.80000,-0.93553,1.10198,-1.23706
1872.85000,-0.93240,1.09348,-1.19921
1872.90000,-0.92895,1.08509,-1.16226
1872.95000,-0.92519,1.07681,-1.12612
1873.00000,-0.92112,1.06865,-1.09072
1873.05000,-0.91677,1.06063,-1.05600
1873.10000,-0.91213,1.05274,-1.02193
1873.15000,-0.90722,1.04501,-0.98849
1873.20000,-0.90204,1.03742,-0.95565
1873.25000,-0.89675,1.02992,-0.92282
1873.30000,-0.89536,1.02707,-0.89065
1873.35000,-0.89481,1.02639,-0.85961
1873.40000,-0.89427,1.02578,-0.82927
1873.45000,-0.89373,1.02520,-0.79987
1873.50000,-0.89316,1.02462,-0.77139
1873.55000,-0.89259,1.02408,-0.74375
1873.60000,-0.89202,1.02356,-0.71696
1873.65000,-0.89143,1.02306,-0.69079
1873.70000,-0.89088,1.02263,-0.66525
1873.75000,-0.89030,1.02217,-0.64067
1873.80000,-0.88972,1.02176,-0.61661
1873.85000,-0.88919,1.02140,-0.59309
1873.90000,-0.88863,1.02104,-0.57055
1873.95000,-0.88811,1.02073,-0.54890
1874.00000,-0.88749,1.02037,-0.52786
1874.05000,-0.88697,1.02007,-0.50813
1874.10000,-0.88652,1.01983,-0.48903
1874.15000,-0.88605,1.01958,-0.47035
1874.20000,-0.88561,1.01938,-0.45247
1874.25000,-0.88514,1.01916,-0.43591
1874.30000,-0.88475,1.01900,-0.41908
1874.35000,-0.88431,1.01882,-0.40301
1874.40000,-0.88392,1.01868,-0.38731
1874.45000,-0.88351,1.01852,-0.37328
1874.50000,-0.88315,1.01838,-0.35903
1874.55000,-0.88275,1.01824,-0.34529
1874.60000,-0.88243,1.01813,-0.33161
1874.65000,-0.88217,1.01805,-0.31947
1874.70000,-0.88195,1.01797,-0.30663
1874.75000,-0.88169,1.01789,-0.29447
1874.80000,-0.88133,1.01780,-0.28375
1874.85000,-0.88107,1.01773,-0.27283
1874.90000,-0.88074,1.01764,-0.26283
1874.95000,-0.88033,1.01754,-0.25362
1875.00000,-0.88007,1.01748,-0.24516
1875.05000,-0.87977,1.01741,-0.23688
1875.10000,-0.87949,1.01735,-0.23002
1875.15000,-0.87922,1.01729,-0.22358
1875.20000,-0.87893,1.01723,-0.21695
1875.25000,-0.87865,1.01719,-0.21112
1875.30000,-0.87841,1.01714,-0.20527
1875.35000,-0.87813,1.01709,-0.19945
1875.40000,-0.87794,1.01706,-0.19382
1875.45000,-0.87776,1.01702,-0.18886
1875.50000,-0.87767,1.01701,-0.18383
1875.55000,-0.87758,1.01699,-0.17900
1875.60000,-0.87748,1.01697,-0.17439
1875.65000,-0.87738,1.01696,-0.17008
1875.70000,-0.87727,1.01694,-0.16613
1875.75000,-0.87715,1.01692,-0.16265
1875.80000,-0.87702,1.01690,-0.15963
1875.85000,-0.87688,1.01688,-0.15706
1875.90000,-0.87673,1.01685,-0.15485
1875.95000,-0.87658,1.01683,-0.15283
1876.00000,-0.87644,1.01681,-0.15077
1876.05000,-0.87631,1.01679,-0.14843
1876.10000,-0.87620,1.01677,-0.14575
1876.15000,-0.87611,1.01676,-0.14273
1876.20000,-0.87603,1.01675,-0.13941
1876.25000,-0.87595,1.01674,-0.13587
1876.30000,-0.87589,1.01673,-0.13205
1876.35000,-0.87584,1.01672,-0.12793
1876.40000,-0.87581,1.01672,-0.12346
1876.45000,-0.87578,1.01671,-0.11863
1876.50000,-0.87577,1.01671,-0.11347
1876.55000,-0.87577,1.01671,-0.10808
1876.60000,-0.87578,1.01671,-0.10268
1876.65000,-0.87577,1.01671,-0.09745
1876.70000,-0.87577,1.01671,-0.09239
1876.75000,-0.87577,1.01671,-0.08738
1876.80000,-0.87577,1.01671,-0.08216
1876.85000,-0.87581,1.01672,-0.07603
1876.90000,-0.87476,1.01641,-0.07020
1876.95000,-0.86886,1.01575,-0.06427
1877.00000,-0.85903,1.01518,-0.05299
1877.05000,-0.84921,1.01473,-0.03780
1877.10000,-0.83929,1.01445,-0.01909
1877.15000,-0.82986,1.01438,0.00635
1877.20000,-0.82059,1.01445,0.03307
1877.25000,-0.81706,1.01448,0.06073
1877.30000,-0.81607,1.01452,0.09850
1877.35000,-0.81552,1.01459,0.13620
1877.40000,-0.81526,1.01461,0.17277
1877.45000,-0.81517,1.01462,0.20857
1877.50000,-0.81508,1.01465,0.24424
1877.55000,-0.81499,1.01467,0.27978
1877.60000,-0.81490,1.01470,0.31521
1877.65000,-0.81481,1.01473,0.35051
1877.70000,-0.81472,1.01476,0.38570
1877.75000,-0.81463,1.01480,0.42080
1877.80000,-0.81454,1.01484,0.45593
1877.85000,-0.81445,1.01489,0.49168
1877.90000,-0.81435,1.01494,0.52831
1877.95000,-0.81425,1.01500,0.56572
1878.00000,-0.81415,1.01507,0.60365
1878.05000,-0.81405,1.01514,0.64186
1878.10000,-0.81395,1.01522,0.68020
1878.15000,-0.81385,1.01531,0.71857
1878.20000,-0.81374,1.01540,0.75688
1878.25000,-0.81364,1.01550,0.79497
1878.30000,-0.81354,1.01561,0.83272
1878.35000,-0.81345,1.01571,0.87005
1878.40000,-0.81336,1.01583,0.90691
1878.45000,-0.81327,1.01595,0.94331
1878.50000,-0.81318,1.01607,0.97928
1878.55000,-0.81310,1.01619,1.01482
1878.60000,-0.81302,1.01632,1.04994
1878.65000,-0.81295,1.01646,1.08462
1878.70000,-0.81288,1.01660,1.11887
1878.75000,-0.81281,1.01674,1.15267
1878.80000,-0.81163,1.01901,1.18487
1878.85000,-0.80867,1.02620,1.21421
1878.90000,-0.80538,1.03547,1.24614
1878.95000,-0.80234,1.04499,1.27820
1879.00000,-0.79961,1.05461,1.30973
1879.05000,-0.79718,1.06431,1.34071
1879.10000,-0.79505,1.07408,1.37112
1879.15000,-0.79321,1.08391,1.40093
1879.20000,-0.79167,1.09379,1.43010
1879.25000,-0.79041,1.10370,1.45855
1879.30000,-0.78942,1.11365,1.48629
1879.35000,-0.78871,1.12363,1.51328
1879.40000,-0.78827,1.13362,1.53948
1879.45000,-0.78809,1.14362,1.56488
1879.50000,-0.78815,1.15361,1.58942
1879.55000,-0.78845,1.16361,1.61306
1879.60000,-0.78899,1.17359,1.63575
1879.65000,-0.78975,1.18356,1.65742
1879.70000,-0.79071,1.19351,1.67797
1879.75000,-0.79189,1.20347,1.69747
1879.80000,-0.79324,1.21339,1.71554
1879.85000,-0.79477,1.22335,1.73234
1879.90000,-0.79637,1.23322,1.74874
1879.95000,-0.79666,1.23824,1.76526
1880.00000,-0.79669,1.23867,1.77689
1880.05000,-0.79673,1.23887,1.78613
1880.10000,-0.79676,1.23899,1.79428
1880.15000,-0.79678,1.23910,1.80164
1880.20000,-0.79681,1.23923,1.80828
1880.25000,-0.79684,1.23937,1.81410
1880.30000,-0.79688,1.23950,1.81892
1880.35000,-0.79691,1.23963,1.82314
1880.40000,-0.79695,1.23976,1.82614
1880.45000,-0.79697,1.23987,1.82829
1880.50000,-0.79700,1.23999,1.83004
1880.55000,-0.79703,1.24010,1.83021
1880.60000,-0.79705,1.24020,1.82931
1880.65000,-0.79708,1.24029,1.82749
1880.70000,-0.79711,1.24041,1.82489
1880.75000,-0.79713,1.24050,1.82146
1880.80000,-0.79716,1.24062,1.81706
1880.85000,-0.79720,1.24075,1.81213
1880.90000,-0.79723,1.24089,1.80625
1880.95000,-0.79726,1.24102,1.79953
1881.00000,-0.79729,1.24115,1.79187
1881.05000,-0.79732,1.24129,1.78391
1881.10000,-0.79735,1.24143,1.77509
1881.15000,-0.79738,1.24156,1.76538
1881.20000,-0.79740,1.24170,1.75491
1881.25000,-0.79743,1.24183,1.74404
1881.30000,-0.79745,1.24197,1.73242
1881.35000,-0.79746,1.24206,1.72055
1881.40000,-0.79748,1.24216,1.70800
1881.45000,-0.79749,1.24229,1.69483
1881.50000,-0.79751,1.24239,1.68142
1881.55000,-0.79752,1.24251,1.66745
1881.60000,-0.79753,1.24255,1.65282
1881.65000,-0.79753,1.24267,1.63803
1881.70000,-0.79754,1.24278,1.62293
1881.75000,-0.79755,1.24290,1.60752
1881.80000,-0.79755,1.24301,1.59150
1881.85000,-0.79755,1.24313,1.57434
1881.90000,-0.79755,1.24325,1.55548
1881.95000,-0.79755,1.24337,1.53473
1882.00000,-0.79754,1.24349,1.51196
1882.05000,-0.79753,1.24362,1.48710
1882.10000,-0.79752,1.24375,1.46024
1882.15000,-0.79750,1.24389,1.43147
1882.20000,-0.79748,1.24404,1.40093
1882.25000,-0.79745,1.24420,1.36875
1882.30000,-0.79741,1.24436,1.33508
1882.35000,-0.79739,1.24447,1.29982
1882.40000,-0.79739,1.24445,1.26274
1882.45000,-0.79732,1.24465,1.22537
1882.50000,-0.79724,1.24485,1.18704
1882.55000,-0.79749,1.24427,1.14449
1882.60000,-0.79784,1.24350,1.10017
1882.65000,-0.79822,1.24274,1.05525
1882.70000,-0.79863,1.24201,1.00994
1882.75000,-0.79908,1.24130,0.96451
1882.80000,-0.79955,1.24062,0.91916
1882.85000,-0.80005,1.23997,0.87402
1882.90000,-0.80057,1.23935,0.82910
1882.95000,-0.80112,1.23875,0.78420
1883.00000,-0.80168,1.23819,0.73915
1883.05000,-0.80216,1.23776,0.69465
1883.10000,-0.80197,1.23790,0.65343
1883.15000,-0.80224,1.23770,0.60992
1883.20000,-0.80199,1.23786,0.56848
1883.25000,-0.80165,1.23807,0.52736
1883.30000,-0.80128,1.23827,0.48616
1883.35000,-0.80089,1.23847,0.44492
1883.40000,-0.80047,1.23866,0.40365
1883.45000,-0.80003,1.23884,0.36238
1883.50000,-0.79956,1.23900,0.32114
1883.55000,-0.79907,1.23915,0.28004
1883.60000,-0.79857,1.23929,0.23924
1883.65000,-0.79805,1.23940,0.19885
1883.70000,-0.79754,1.23950,0.15889
1883.75000,-0.79702,1.23957,0.11937
1883.80000,-0.79650,1.23962,0.08026
1883.85000,-0.79598,1.23965,0.04147
1883.90000,-0.79545,1.23966,0.00292
1883.95000,-0.79491,1.23965,-0.03540
1884.00000,-0.79437,1.23963,-0.07347
1884.05000,-0.79382,1.23957,-0.11130
1884.10000,-0.79327,1.23950,-0.14887
1884.15000,-0.79271,1.23941,-0.18618
1884.20000,-0.79215,1.23929,-0.22324
1884.25000,-0.79158,1.23915,-0.26002
1884.30000,-0.79101,1.23899,-0.29652
1884.35000,-0.79043,1.23880,-0.33274
1884.40000,-0.78985,1.23859,-0.36867
1884.45000,-0.78926,1.23835,-0.40430
1884.50000,-0.78868,1.23809,-0.43960
1884.55000,-0.78810,1.23780,-0.47441
1884.60000,-0.78754,1.23750,-0.50867
1884.65000,-0.78699,1.23718,-0.54236
1884.70000,-0.78645,1.23685,-0.57550
1884.75000,-0.78593,1.23649,-0.60814
1884.80000,-0.78542,1.23613,-0.64037
1884.85000,-0.78310,1.23424,-0.67176
1884.90000,-0.77672,1.22900,-0.70069
1884.95000,-0.76920,1.22246,-0.73153
1885.00000,-0.76187,1.21567,-0.76197
1885.05000,-0.75528,1.20916,-0.79458
1885.10000,-0.74895,1.20248,-0.82677
1885.15000,-0.74260,1.19536,-0.85684
1885.20000,-0.73616,1.18771,-0.88433
1885.25000,-0.72992,1.17989,-0.91098
1885.30000,-0.72390,1.17191,-0.93668
1885.35000,-0.71822,1.16398,-0.96214
1885.40000,-0.71286,1.15607,-0.98721
1885.45000,-0.70759,1.14789,-1.01005
1885.50000,-0.70262,1.13979,-1.03190
1885.55000,-0.69775,1.13150,-1.05141
1885.60000,-0.69303,1.12307,-1.06798
1885.65000,-0.68835,1.11457,-1.08429
1885.70000,-0.68724,1.11140,-1.09565
1885.75000,-0.68722,1.11123,-1.09632
1885.80000,-0.68721,1.11119,-1.09060
1885.85000,-0.68721,1.11119,-1.08380
1885.90000,-0.68720,1.11117,-1.07640
1885.95000,-0.68716,1.11108,-1.06810
1886.00000,-0.68716,1.11106,-1.05911
1886.05000,-0.68710,1.11095,-1.04969
1886.10000,-0.68710,1.11092,-1.03963
1886.15000,-0.68709,1.11089,-1.02903
1886.20000,-0.68709,1.11089,-1.01782
1886.25000,-0.68709,1.11087,-1.00609
1886.30000,-0.68710,1.11089,-0.99316
1886.35000,-0.68704,1.11078,-0.97903
1886.40000,-0.68696,1.11063,-0.96278
1886.45000,-0.68686,1.11046,-0.94414
1886.50000,-0.68665,1.11015,-0.92221
1886.55000,-0.68641,1.10984,-0.89692
1886.60000,-0.68617,1.10957,-0.86971
1886.65000,-0.68576,1.10907,-0.84096
1886.70000,-0.68540,1.10865,-0.81099
1886.75000,-0.68505,1.10827,-0.77908
1886.80000,-0.68514,1.10838,-0.74565
1886.85000,-0.68491,1.10818,-0.71105
1886.90000,-0.68436,1.10770,-0.67713
1886.95000,-0.68372,1.10720,-0.64268
1887.00000,-0.68324,1.10684,-0.60856
1887.05000,-0.68267,1.10644,-0.57352
1887.10000,-0.68193,1.10597,-0.53706
1887.15000,-0.68173,1.10583,-0.50204
1887.20000,-0.68159,1.10576,-0.46606
1887.25000,-0.68151,1.10572,-0.42908
1887.30000,-0.68147,1.10570,-0.39075
1887.35000,-0.68142,1.10568,-0.35124
1887.40000,-0.68136,1.10566,-0.31078
1887.45000,-0.68130,1.10564,-0.26954
1887.50000,-0.68124,1.10563,-0.22774
1887.55000,-0.68118,1.10561,-0.18557
1887.60000,-0.68111,1.10560,-0.14323
1887.65000,-0.68103,1.10559,-0.10094
1887.70000,-0.68096,1.10559,-0.05885
1887.75000,-0.68089,1.10558,-0.01696
1887.80000,-0.68082,1.10558,0.02470
1887.85000,-0.68074,1.10559,0.06614
1887.90000,-0.68067,1.10559,0.10745
1887.95000,-0.68059,1.10560,0.14877
1888.00000,-0.68052,1.10562,0.19012
1888.05000,-0.68044,1.10563,0.23156
1888.10000,-0.68036,1.10565,0.27310
1888.15000,-0.68027,1.10568,0.31474
1888.20000,-0.68019,1.10571,0.35639
1888.25000,-0.68010,1.10574,0.39797
1888.30000,-0.68001,1.10578,0.43937
1888.35000,-0.67993,1.10583,0.48046
1888.40000,-0.67984,1.10587,0.52116
1888.45000,-0.67976,1.10592,0.56147
1888.50000,-0.67968,1.10598,0.60137
1888.55000,-0.67960,1.10603,0.64089
1888.60000,-0.67952,1.10609,0.68000
1888.65000,-0.67945,1.10616,0.71871
1888.70000,-0.67937,1.10622,0.75707
1888.75000,-0.67930,1.10629,0.79510
1888.80000,-0.67923,1.10637,0.83284
1888.85000,-0.67916,1.10645,0.87029
1888.90000,-0.67909,1.10654,0.90747
1888.95000,-0.67902,1.10663,0.94435
1889.00000,-0.67895,1.10672,0.98090
1889.05000,-0.67889,1.10683,1.01705
1889.10000,-0.67882,1.10693,1.05277
1889.15000,-0.67877,1.10704,1.08800
1889.20000,-0.67871,1.10715,1.12272
1889.25000,-0.67866,1.10726,1.15695
1889.30000,-0.67861,1.10737,1.19067
1889.35000,-0.67857,1.10749,1.22386
1889.40000,-0.67853,1.10760,1.25656
1889.45000,-0.67849,1.10772,1.28879
1889.50000,-0.67846,1.10785,1.32057
1889.55000,-0.67843,1.10797,1.35191
1889.60000,-0.67840,1.10810,1.38280
1889.65000,-0.67780,1.11020,1.41264
1889.70000,-0.67663,1.11787,1.44107
1889.75000,-0.67549,1.12765,1.47262
1889.80000,-0.67470,1.13709,1.50425
1889.85000,-0.67424,1.14629,1.53573
1889.90000,-0.67406,1.15552,1.56654
1889.95000,-0.67416,1.16476,1.59665
1890.00000,-0.67453,1.17402,1.62603
1890.05000,-0.67518,1.18328,1.65467
1890.10000,-0.67609,1.19254,1.68255
1890.15000,-0.67725,1.20179,1.70969
1890.20000,-0.67867,1.21102,1.73618
1890.25000,-0.68038,1.22048,1.76300
1890.30000,-0.68242,1.23052,1.78901
1890.35000,-0.68469,1.24029,1.81420
1890.40000,-0.68722,1.25015,1.83812
1890.45000,-0.68995,1.25979,1.86168
1890.50000,-0.69312,1.26991,1.88661
1890.55000,-0.69651,1.27987,1.91638
1890.60000,-0.69954,1.28802,1.95648
1890.65000,-0.70211,1.29391,2.01097
1890.70000,-0.70411,1.29785,2.07825
1890.75000,-0.70563,1.30037,2.15495
1890.80000,-0.70680,1.30200,2.23766
1890.85000,-0.70747,1.30279,2.32343
1890.90000,-0.70765,1.30297,2.41101
1890.95000,-0.70769,1.30301,2.49791
1891.00000,-0.70774,1.30303,2.58313
1891.05000,-0.70778,1.30306,2.66675
1891.10000,-0.70782,1.30308,2.74906
1891.15000,-0.70787,1.30310,2.83032
1891.20000,-0.70791,1.30311,2.91055
1891.25000,-0.70796,1.30312,2.98965
1891.30000,-0.70800,1.30312,3.06769
1891.35000,-0.70805,1.30312,-3.13851
1891.40000,-0.70810,1.30312,-3.06264
1891.45000,-0.70814,1.30312,-2.98796
1891.50000,-0.70818,1.30311,-2.91492
1891.55000,-0.70822,1.30310,-2.84378
1891.60000,-0.70826,1.30309,-2.77486
1891.65000,-0.70829,1.30307,-2.70845
1891.70000,-0.70832,1.30306,-2.64480
1891.75000,-0.70834,1.30304,-2.58406
1891.80000,-0.70836,1.30303,-2.52620
1891.85000,-0.70838,1.30301,-2.47106
1891.90000,-0.71003,1.30154,-2.41828
1891.95000,-0.71550,1.29648,-2.37434
1892.00000,-0.72197,1.28996,-2.32965
1892.05000,-0.72850,1.28280,-2.28939
1892.10000,-0.73510,1.27527,-2.25135
1892.15000,-0.73870,1.27084,-2.22196
1892.20000,-0.73995,1.26917,-2.21154
1892.25000,-0.74010,1.26891,-2.21151
1892.30000,-0.74019,1.26872,-2.21389
1892.35000,-0.74027,1.26852,-2.21638
1892.40000,-0.74023,1.26857,-2.22273
1892.45000,-0.74015,1.26868,-2.23034
1892.50000,-0.74006,1.26880,-2.23876
1892.55000,-0.73996,1.26895,-2.24806
1892.60000,-0.73984,1.26912,-2.25816
1892.65000,-0.73971,1.26930,-2.26896
1892.70000,-0.73957,1.26949,-2.28047
1892.75000,-0.73942,1.26969,-2.29265
1892.80000,-0.73924,1.26990,-2.30548
1892.85000,-0.73906,1.27012,-2.31907
1892.90000,-0.73885,1.27035,-2.33324
1892.95000,-0.73862,1.27059,-2.34809
1893.00000,-0.73838,1.27084,-2.36355
1893.05000,-0.73813,1.27109,-2.37946
1893.10000,-0.73786,1.27134,-2.39574
1893.15000,-0.73759,1.27160,-2.41228
1893.20000,-0.73730,1.27185,-2.42908
1893.25000,-0.73701,1.27210,-2.44622
1893.30000,-0.73670,1.27236,-2.46370
1893.35000,-0.73639,1.27261,-2.48148
1893.40000,-0.73606,1.27286,-2.49954
1893.45000,-0.73573,1.27311,-2.51780
1893.50000,-0.73538,1.27336,-2.53625
1893.55000,-0.73503,1.27360,-2.55490
1893.60000,-0.73467,1.27384,-2.57377
1893.65000,-0.73430,1.27407,-2.59277
1893.70000,-0.73393,1.27430,-2.61189
1893.75000,-0.73355,1.27452,-2.63108
1893.80000,-0.73316,1.27473,-2.65024
1893.85000,-0.73279,1.27493,-2.66941
1893.90000,-0.73242,1.27514,-2.68864
1893.95000,-0.73203,1.27534,-2.70792
1894.00000,-0.73166,1.27551,-2.72697
1894.05000,-0.73127,1.27568,-2.74562
1894.10000,-0.73089,1.27585,-2.76435
1894.15000,-0.73051,1.27601,-2.78311
1894.20000,-0.73011,1.27615,-2.80203
1894.25000,-0.72971,1.27629,-2.82105
1894.30000,-0.72930,1.27642,-2.84014
1894.35000,-0.72890,1.27654,-2.85927
1894.40000,-0.72848,1.27665,-2.87844
1894.45000,-0.72807,1.27676,-2.89756
1894.50000,-0.72766,1.27685,-2.91642
1894.55000,-0.72726,1.27694,-2.93479
1894.60000,-0.72687,1.27701,-2.95241
1894.65000,-0.72651,1.27709,-2.96903
1894.70000,-0.72618,1.27716,-2.98459
1894.75000,-0.72591,1.27720,-2.99888
1894.80000,-0.72565,1.27723,-3.01252
1894.85000,-0.72541,1.27726,-3.02610
1894.90000,-0.72516,1.27729,-3.03962
1894.95000,-0.72491,1.27731,-3.05318
1895.00000,-0.72467,1.27732,-3.06651
1895.05000,-0.72441,1.27733,-3.07979
1895.10000,-0.72416,1.27735,-3.09335
1895.15000,-0.72423,1.27734,-3.10615
1895.20000,-0.72445,1.27733,-3.11892
1895.25000,-0.72441,1.27732,-3.13087
1895.30000,-0.72427,1.27732,-3.14108
1895.35000,-0.72416,1.27732,3.13383
1895.40000,-0.72540,1.27738,3.12525
1895.45000,-0.73192,1.27758,3.11675
1895.50000,-0.74182,1.27784,3.11368
1895.55000,-0.75179,1.27813,3.11224
1895.60000,-0.76179,1.27843,3.11114
1895.65000,-0.77177,1.27874,3.11004
1895.70000,-0.78174,1.27906,3.10845
1895.75000,-0.79171,1.27940,3.10608
1895.80000,-0.80165,1.27977,3.10272
1895.85000,-0.81157,1.28018,3.09851
1895.90000,-0.82148,1.28063,3.09329
1895.95000,-0.83141,1.28114,3.08690
1896.00000,-0.84126,1.28172,3.07979
1896.05000,-0.85112,1.28237,3.07178
1896.10000,-0.86093,1.28310,3.06342
1896.15000,-0.87079,1.28392,3.05439
1896.20000,-0.88054,1.28482,3.04534
1896.25000,-0.89027,1.28580,3.03595
1896.30000,-0.89997,1.28688,3.02629
1896.35000,-0.90955,1.28803,3.01710
1896.40000,-0.91484,1.28818,3.00612
1896.45000,-0.91502,1.28818,2.99468
1896.50000,-0.91490,1.28817,2.98179
1896.55000,-0.91479,1.28816,2.96902
1896.60000,-0.91473,1.28815,2.95663
1896.65000,-0.91636,1.28884,2.94468
1896.70000,-0.92400,1.29071,2.93382
1896.75000,-0.93357,1.29278,2.92498
1896.80000,-0.94315,1.29493,2.91687
1896.85000,-0.95274,1.29716,2.90934
1896.90000,-0.96231,1.29946,2.90223
1896.95000,-0.97184,1.30182,2.89508
1897.00000,-0.98135,1.30426,2.88752
1897.05000,-0.99083,1.30676,2.87960
1897.10000,-1.00028,1.30934,2.87133
1897.15000,-1.00970,1.31199,2.86273
1897.20000,-1.01908,1.31473,2.85377
1897.25000,-1.02844,1.31755,2.84449
1897.30000,-1.03777,1.32045,2.83482
1897.35000,-1.04704,1.32344,2.82470
1897.40000,-1.05627,1.32652,2.81391
1897.45000,-1.06544,1.32970,2.80244
1897.50000,-1.07456,1.33300,2.79036
1897.55000,-1.08363,1.33640,2.77767
1897.60000,-1.09264,1.33990,2.76439
1897.65000,-1.10159,1.34352,2.75060
1897.70000,-1.11053,1.34720,2.73693
1897.75000,-1.11505,1.34787,2.72237
1897.80000,-1.11507,1.34786,2.70865
1897.85000,-1.11493,1.34780,2.69415
1897.90000,-1.11468,1.34768,2.67945
1897.95000,-1.11642,1.34911,2.66516
1898.00000,-1.12416,1.35328,2.65218
1898.05000,-1.13263,1.35787,2.63789
1898.10000,-1.14103,1.36259,2.62340
1898.15000,-1.14936,1.36742,2.60850
1898.20000,-1.15760,1.37237,2.59313
1898.25000,-1.16576,1.37744,2.57746
1898.30000,-1.17385,1.38265,2.56165
1898.35000,-1.18186,1.38800,2.54587
1898.40000,-1.18976,1.39346,2.52969
1898.45000,-1.19756,1.39903,2.51325
1898.50000,-1.20528,1.40472,2.49681
1898.55000,-1.21290,1.41055,2.48064
1898.60000,-1.22056,1.41660,2.46567
1898.65000,-1.22811,1.42276,2.45112
1898.70000,-1.23563,1.42907,2.43735
1898.75000,-1.24304,1.43546,2.42384
1898.80000,-1.25031,1.44189,2.41036
1898.85000,-1.25746,1.44839,2.39674
1898.90000,-1.26452,1.45498,2.38275
1898.95000,-1.27147,1.46166,2.36834
1899.00000,-1.27831,1.46844,2.35357
1899.05000,-1.28505,1.47531,2.33852
1899.10000,-1.29168,1.48228,2.32322
1899.15000,-1.29820,1.48934,2.30767
1899.20000,-1.30460,1.49651,2.29195
1899.25000,-1.31089,1.50377,2.27619
1899.30000,-1.31707,1.51113,2.26052
1899.35000,-1.32317,1.51867,2.24555
1899.40000,-1.32918,1.52632,2.23143
1899.45000,-1.33510,1.53406,2.21812
1899.50000,-1.34093,1.54190,2.20570
1899.55000,-1.34668,1.54981,2.19423
1899.60000,-1.35235,1.55781,2.18382
1899.65000,-1.35794,1.56586,2.17399
1899.70000,-1.36345,1.57395,2.16414
1899.75000,-1.36888,1.58211,2.15381
1899.80000,-1.37422,1.59033,2.14274
1899.85000,-1.37953,1.59870,2.13148
1899.90000,-1.38465,1.60697,2.11881
1899.95000,-1.38964,1.61528,2.10548
1900.00000,-1.39452,1.62366,2.09160
1900.05000,-1.39935,1.63222,2.07773
1900.10000,-1.40414,1.64100,2.06407
1900.15000,-1.40882,1.64984,2.05023
1900.20000,-1.41322,1.65846,2.03557
1900.25000,-1.41750,1.66716,2.02150
1900.30000,-1.42165,1.67589,2.00796
1900.35000,-1.42569,1.68468,1.99495
1900.40000,-1.42962,1.69353,1.98261
1900.45000,-1.43346,1.70245,1.97107
1900.50000,-1.43719,1.71142,1.95967
1900.55000,-1.44081,1.72041,1.94748
1900.60000,-1.44431,1.72942,1.93390
1900.65000,-1.44766,1.73843,1.91862
1900.70000,-1.45084,1.74746,1.90130
1900.75000,-1.45384,1.75646,1.88155
1900.80000,-1.45670,1.76548,1.86234
1900.85000,-1.45711,1.76923,1.84135
1900.90000,-1.45698,1.76882,1.81261
1900.95000,-1.45691,1.76855,1.78181
1901.00000,-1.45684,1.76820,1.74868
1901.05000,-1.45679,1.76775,1.71407
1901.10000,-1.45679,1.76752,1.67971
1901.15000,-1.45679,1.76760,1.64681
1901.20000,-1.45680,1.76767,1.61428
1901.25000,-1.45680,1.76775,1.58207
1901.30000,-1.45680,1.76783,1.55018
1901.35000,-1.45680,1.76790,1.51859
1901.40000,-1.45679,1.76798,1.48683
1901.45000,-1.45678,1.76806,1.45432
1901.50000,-1.45677,1.76815,1.42056
1901.55000,-1.45676,1.76824,1.38530
1901.60000,-1.45674,1.76833,1.34876
1901.65000,-1.45671,1.76844,1.31112
1901.70000,-1.45668,1.76855,1.27258
1901.75000,-1.45664,1.76868,1.23331
1901.80000,-1.45659,1.76880,1.19349
1901.85000,-1.45653,1.76894,1.15346
1901.90000,-1.45647,1.76908,1.11390
1901.95000,-1.45640,1.76922,1.07496
1902.00000,-1.45632,1.76936,1.03663
1902.05000,-1.45623,1.76950,0.99886
1902.10000,-1.45614,1.76963,0.96151
1902.15000,-1.45604,1.76977,0.92422
1902.20000,-1.45594,1.76991,0.88661
1902.25000,-1.45581,1.77005,0.84845
1902.30000,-1.45568,1.77020,0.80976
1902.35000,-1.45553,1.77035,0.77057
1902.40000,-1.45536,1.77050,0.73097
1902.45000,-1.45518,1.77066,0.69097
1902.50000,-1.45497,1.77083,0.65063
1902.55000,-1.45474,1.77100,0.60999
1902.60000,-1.45448,1.77117,0.56912
1902.65000,-1.45420,1.77134,0.52825
1902.70000,-1.45390,1.77151,0.48759
1902.75000,-1.45359,1.77167,0.44732
1902.80000,-1.45326,1.77181,0.40760
1902.85000,-1.45293,1.77195,0.36851
1902.90000,-1.45260,1.77207,0.33005
1902.95000,-1.45226,1.77218,0.29223
1903.00000,-1.45192,1.77227,0.25500
1903.05000,-1.45156,1.77236,0.21815
1903.10000,-1.45119,1.77243,0.18146
1903.15000,-1.45079,1.77250,0.14489
1903.20000,-1.45036,1.77256,0.10847
1903.25000,-1.44990,1.77260,0.07223
1903.30000,-1.44941,1.77262,0.03619
1903.35000,-1.44733,1.77267,0.00042
1903.40000,-1.44039,1.77253,-0.03496
1903.45000,-1.43154,1.77205,-0.07317
1903.50000,-1.42254,1.77122,-0.11164
1903.55000,-1.41357,1.77004,-0.14943
1903.60000,-1.40463,1.76852,-0.18640
1903.65000,-1.39572,1.76668,-0.22257
1903.70000,-1.38687,1.76451,-0.25766
1903.75000,-1.37807,1.76203,-0.29189
1903.80000,-1.36934,1.75924,-0.32503
1903.85000,-1.36067,1.75617,-0.35703
1903.90000,-1.35207,1.75281,-0.38792
1903.95000,-1.34356,1.74918,-0.41766
1904.00000,-1.33513,1.74529,-0.44626
1904.05000,-1.32678,1.74116,-0.47376
1904.10000,-1.31853,1.73679,-0.50023
1904.15000,-1.31037,1.73219,-0.52573
1904.20000,-1.30231,1.72738,-0.55040
1904.25000,-1.29434,1.72236,-0.57428
1904.30000,-1.28649,1.71715,-0.59753
1904.35000,-1.27873,1.71173,-0.62007
1904.40000,-1.27111,1.70617,-0.64242
1904.45000,-1.26360,1.70043,-0.66439
1904.50000,-1.25622,1.69451,-0.68592
1904.55000,-1.24895,1.68843,-0.70748
1904.60000,-1.24182,1.68219,-0.72915
1904.65000,-1.23484,1.67582,-0.75104
1904.70000,-1.22800,1.66929,-0.77316
1904.75000,-1.22132,1.66263,-0.79553
1904.80000,-1.21480,1.65582,-0.81837
1904.85000,-1.20846,1.64888,-0.84232
1904.90000,-1.20231,1.64181,-0.86793
1904.95000,-1.19641,1.63465,-0.89605
1905.00000,-1.19077,1.62736,-0.92740
1905.05000,-1.18530,1.61980,-0.96185
1905.10000,-1.18005,1.61222,-0.99614
1905.15000,-1.17916,1.60999,-1.03160
1905.20000,-1.17915,1.60995,-1.07379
1905.25000,-1.17912,1.60990,-1.11486
1905.30000,-1.17909,1.60983,-1.15447
1905.35000,-1.17906,1.60975,-1.19271
1905.40000,-1.17902,1.60966,-1.22976
1905.45000,-1.17808,1.60779,-1.26551
1905.50000,-1.17592,1.60070,-1.29921
1905.55000,-1.17367,1.59201,-1.33588
1905.60000,-1.17171,1.58312,-1.37114
1905.65000,-1.17004,1.57410,-1.40377
1905.70000,-1.16864,1.56496,-1.43381
1905.75000,-1.16749,1.55571,-1.46103
1905.80000,-1.16658,1.54637,-1.48550
1905.85000,-1.16587,1.53694,-1.50734
1905.90000,-1.16529,1.52772,-1.52895
1905.95000,-1.16516,1.52232,-1.54981
1906.00000,-1.16518,1.52169,-1.56577
1906.05000,-1.16518,1.52180,-1.57975
1906.10000,-1.16518,1.52191,-1.59327
1906.15000,-1.16518,1.52199,-1.60636
1906.20000,-1.16519,1.52187,-1.62031
1906.25000,-1.16519,1.52185,-1.63349
1906.30000,-1.16520,1.52169,-1.64695
1906.35000,-1.16521,1.52170,-1.65877
1906.40000,-1.16522,1.52159,-1.67041
1906.45000,-1.16523,1.52156,-1.68089
1906.50000,-1.16525,1.52147,-1.69090
1906.55000,-1.16526,1.52141,-1.70001
1906.60000,-1.16528,1.52128,-1.70914
1906.65000,-1.16531,1.52114,-1.71768
1906.70000,-1.16534,1.52097,-1.72627
1906.75000,-1.16537,1.52081,-1.73384
1906.80000,-1.16540,1.52065,-1.74032
1906.85000,-1.16545,1.52041,-1.74602
1906.90000,-1.16550,1.52014,-1.75085
1906.95000,-1.16555,1.51984,-1.75463
1907.00000,-1.16562,1.51947,-1.75791
1907.05000,-1.16570,1.51909,-1.75978
1907.10000,-1.16578,1.51868,-1.76083
1907.15000,-1.16587,1.51823,-1.76085
1907.20000,-1.16596,1.51774,-1.76022
1907.25000,-1.16606,1.51719,-1.75852
1907.30000,-1.16618,1.51660,-1.75589
1907.35000,-1.16630,1.51593,-1.75260
1907.40000,-1.16642,1.51526,-1.74867
1907.45000,-1.16654,1.51456,-1.74452
1907.50000,-1.16666,1.51384,-1.73991
1907.55000,-1.16679,1.51313,-1.73479
1907.60000,-1.16690,1.51240,-1.72958
1907.65000,-1.16701,1.51165,-1.72415
1907.70000,-1.16712,1.51089,-1.71855
1907.75000,-1.16722,1.51014,-1.71251
1907.80000,-1.16734,1.50932,-1.70607
1907.85000,-1.16745,1.50844,-1.69969
1907.90000,-1.16756,1.50750,-1.69252
1907.95000,-1.16768,1.50647,-1.68523
1908.00000,-1.16779,1.50536,-1.67769
1908.05000,-1.16791,1.50421,-1.66974
1908.10000,-1.16802,1.50303,-1.66139
1908.15000,-1.16812,1.50181,-1.65286
1908.20000,-1.16823,1.50038,-1.64392
1908.25000,-1.16833,1.49890,-1.63429
1908.30000,-1.16842,1.49725,-1.62479
1908.35000,-1.16849,1.49568,-1.61529
1908.40000,-1.16855,1.49412,-1.60560
1908.45000,-1.16860,1.49249,-1.59559
1908.50000,-1.16863,1.49094,-1.58638
1908.55000,-1.16864,1.48933,-1.57674
1908.60000,-1.16864,1.48777,-1.56727
1908.65000,-1.16863,1.48612,-1.55721
1908.70000,-1.16860,1.48440,-1.54686
1908.75000,-1.16855,1.48276,-1.53636
1908.80000,-1.16849,1.48104,-1.52564
1908.85000,-1.16840,1.47921,-1.51541
1908.90000,-1.16828,1.47728,-1.50515
1908.95000,-1.16814,1.47519,-1.49479
1909.00000,-1.16798,1.47317,-1.48523
1909.05000,-1.16778,1.47105,-1.47499
1909.10000,-1.16756,1.46875,-1.46449
1909.15000,-1.16730,1.46640,-1.45405
1909.20000,-1.16703,1.46414,-1.44392
1909.25000,-1.16673,1.46182,-1.43420
1909.30000,-1.16640,1.45939,-1.42441
1909.35000,-1.16605,1.45697,-1.41475
1909.40000,-1.16568,1.45457,-1.40530
1909.45000,-1.16529,1.45219,-1.39610
1909.50000,-1.16487,1.44979,-1.38720
1909.55000,-1.16443,1.44735,-1.37798
1909.60000,-1.16394,1.44482,-1.36898
1909.65000,-1.16343,1.44234,-1.36020
1909.70000,-1.16290,1.43990,-1.35148
1909.75000,-1.16232,1.43736,-1.34287
1909.80000,-1.16169,1.43471,-1.33431
1909.85000,-1.16101,1.43194,-1.32578
1909.90000,-1.16028,1.42906,-1.31725
1909.95000,-1.15949,1.42605,-1.30872
1910.00000,-1.15771,1.42025,-1.30067
1910.05000,-1.15502,1.41068,-1.29249
1910.10000,-1.15228,1.40122,-1.28416
1910.15000,-1.14948,1.39184,-1.27580
1910.20000,-1.14659,1.38248,-1.26753
1910.25000,-1.14363,1.37315,-1.25935
1910.30000,-1.14059,1.36383,-1.25125
1910.35000,-1.13747,1.35454,-1.24324
1910.40000,-1.13428,1.34528,-1.23531
1910.45000,-1.13102,1.33603,-1.22746
1910.50000,-1.12765,1.32670,-1.21974
1910.55000,-1.12425,1.31751,-1.21209
1910.60000,-1.12073,1.30823,-1.20465
1910.65000,-1.11712,1.29889,-1.19703
1910.70000,-1.11349,1.28972,-1.18966
1910.75000,-1.10980,1.28060,-1.18254
1910.80000,-1.10600,1.27139,-1.17544
1910.85000,-1.10212,1.26218,-1.16828
1910.90000,-1.09814,1.25290,-1.16128
1910.95000,-1.09412,1.24369,-1.15414
1911.00000,-1.09003,1.23453,-1.14707
1911.05000,-1.08586,1.22538,-1.14050
1911.10000,-1.08163,1.21622,-1.13398
1911.15000,-1.07731,1.20704,-1.12767
1911.20000,-1.07299,1.19800,-1.12110
1911.25000,-1.06857,1.18894,-1.11446
1911.30000,-1.06410,1.17990,-1.10780
1911.35000,-1.05957,1.17089,-1.10122
1911.40000,-1.05495,1.16185,-1.09479
1911.45000,-1.05026,1.15282,-1.08822
1911.50000,-1.04551,1.14381,-1.08157
1911.55000,-1.04069,1.13482,-1.07489
1911.60000,-1.03582,1.12586,-1.06805
1911.65000,-1.03089,1.11697,-1.06100
1911.70000,-1.02589,1.10811,-1.05363
1911.75000,-1.02082,1.09926,-1.04601
1911.80000,-1.01568,1.09045,-1.03818
1911.85000,-1.01047,1.08168,-1.03007
1911.90000,-1.00519,1.07298,-1.02175
1911.95000,-0.99986,1.06431,-1.01302
1912.00000,-0.99444,1.05570,-1.00384
1912.05000,-0.98898,1.04721,-0.99450
1912.10000,-0.98349,1.03884,-0.98489
1912.15000,-0.97789,1.03050,-0.97446
1912.20000,-0.97224,1.02228,-0.96342
1912.25000,-0.96649,1.01411,-0.95136
1912.30000,-0.96081,1.00610,-0.93878
1912.35000,-0.95968,1.00358,-0.92500
1912.40000,-0.95932,1.00309,-0.90664
1912.45000,-0.95895,1.00261,-0.88793
1912.50000,-0.95882,1.00245,-0.87100
1912.55000,-0.95870,1.00231,-0.85428
1912.60000,-0.95858,1.00217,-0.83771
1912.65000,-0.95846,1.00204,-0.82129
1912.70000,-0.95833,1.00190,-0.80502
1912.75000,-0.95820,1.00177,-0.78890
1912.80000,-0.95807,1.00164,-0.77292
1912.85000,-0.95794,1.00151,-0.75709
1912.90000,-0.95780,1.00139,-0.74140
1912.95000,-0.95608,0.99970,-0.72597
1913.00000,-0.94933,0.99376,-0.71219
1913.05000,-0.94171,0.98728,-0.69638
1913.10000,-0.93404,0.98086,-0.68057
1913.15000,-0.93102,0.97886,-0.66538
1913.20000,-0.93089,0.97876,-0.64187
1913.25000,-0.93071,0.97861,-0.61680
1913.30000,-0.93060,0.97854,-0.59234
1913.35000,-0.93050,0.97847,-0.56802
1913.40000,-0.93039,0.97840,-0.54388
1913.45000,-0.93028,0.97834,-0.51991
1913.50000,-0.93018,0.97828,-0.49611
1913.55000,-0.93007,0.97822,-0.47248
1913.60000,-0.92995,0.97816,-0.44904
1913.65000,-0.92984,0.97811,-0.42576
1913.70000,-0.92973,0.97806,-0.40267
1913.75000,-0.92962,0.97801,-0.37976
1913.80000,-0.92950,0.97797,-0.35702
1913.85000,-0.92938,0.97793,-0.33447
1913.90000,-0.92927,0.97789,-0.31209
1913.95000,-0.92915,0.97785,-0.28987
1914.00000,-0.92903,0.97782,-0.26775
1914.05000,-0.92892,0.97779,-0.24433
1914.10000,-0.92881,0.97776,-0.21838
1914.15000,-0.92870,0.97774,-0.18949
1914.20000,-0.92859,0.97772,-0.15782
1914.25000,-0.92847,0.97770,-0.12367
1914.30000,-0.92836,0.97769,-0.08735
1914.35000,-0.92824,0.97768,-0.04920
1914.40000,-0.92812,0.97768,-0.00951
1914.45000,-0.92799,0.97768,0.03143
1914.50000,-0.92786,0.97769,0.07338
1914.55000,-0.92772,0.97770,0.11612
1914.60000,-0.92758,0.97772,0.15950
1914.65000,-0.92744,0.97775,0.20334
1914.70000,-0.92729,0.97778,0.24742
1914.75000,-0.92714,0.97782,0.29164
1914.80000,-0.92699,0.97787,0.33591
1914.85000,-0.92684,0.97793,0.38015
1914.90000,-0.92669,0.97799,0.42434
1914.95000,-0.92654,0.97807,0.46836
1915.00000,-0.92628,0.97821,0.51251
1915.05000,-0.92586,0.97846,0.55715
1915.10000,-0.92541,0.97874,0.60169
1915.15000,-0.92485,0.97913,0.64640
1915.20000,-0.92462,0.97930,0.68920
1915.25000,-0.92441,0.97948,0.73156
1915.30000,-0.92418,0.97967,0.77354
1915.35000,-0.92405,0.97980,0.81467
1915.40000,-0.92393,0.97994,0.85530
1915.45000,-0.92381,0.98009,0.89547
1915.50000,-0.92369,0.98024,0.93517
1915.55000,-0.92358,0.98039,0.97438
1915.60000,-0.92348,0.98055,1.01308
1915.65000,-0.92338,0.98072,1.05125
1915.70000,-0.92328,0.98089,1.08888
1915.75000,-0.92320,0.98106,1.12596
1915.80000,-0.92312,0.98124,1.16247
1915.85000,-0.92304,0.98142,1.19843
1915.90000,-0.92198,0.98339,1.23304
1915.95000,-0.91924,0.99117,1.26352
1916.00000,-0.91643,1.00056,1.29704
1916.05000,-0.91389,1.01023,1.33076
1916.10000,-0.91168,1.01998,1.36386
1916.15000,-0.90978,1.02980,1.39633
1916.20000,-0.90820,1.03967,1.42817
1916.25000,-0.90694,1.04959,1.45936
1916.30000,-0.90598,1.05955,1.48992
1916.35000,-0.90532,1.06952,1.51983
1916.40000,-0.90496,1.07952,1.54909
1916.45000,-0.90488,1.08952,1.57768
1916.50000,-0.90509,1.09951,1.60557
1916.55000,-0.90558,1.10950,1.63271
1916.60000,-0.90634,1.11958,1.65951
1916.65000,-0.90735,1.12954,1.68520
1916.70000,-0.90860,1.13936,1.71071
1916.75000,-0.91010,1.14920,1.73552
1916.80000,-0.91198,1.15967,1.76140
1916.85000,-0.91402,1.16975,1.78633
1916.90000,-0.91615,1.17897,1.81024
1916.95000,-0.91849,1.18810,1.83318
1917.00000,-0.92105,1.19719,1.85532
1917.05000,-0.92392,1.20680,1.87577
1917.10000,-0.92706,1.21654,1.89595
1917.15000,-0.93041,1.22619,1.91660
1917.20000,-0.93399,1.23589,1.93650
1917.25000,-0.93773,1.24569,1.95588
1917.30000,-0.93867,1.25151,1.97553
1917.35000,-0.93888,1.25236,1.99316
1917.40000,-0.93909,1.25284,2.01026
1917.45000,-0.93931,1.25331,2.02703
1917.50000,-0.93953,1.25376,2.04338
1917.55000,-0.93977,1.25423,2.05925
1917.60000,-0.94000,1.25467,2.07472
1917.65000,-0.94025,1.25512,2.08974
1917.70000,-0.94050,1.25556,2.10455
1917.75000,-0.94075,1.25599,2.11891
1917.80000,-0.94099,1.25638,2.13246
1917.85000,-0.94124,1.25677,2.14543
1917.90000,-0.94148,1.25714,2.15794
1917.95000,-0.94172,1.25749,2.16987
1918.00000,-0.94198,1.25785,2.18143
1918.05000,-0.94221,1.25818,2.19244
1918.10000,-0.94246,1.25852,2.20310
1918.15000,-0.94271,1.25885,2.21355
1918.20000,-0.94293,1.25917,2.22318
1918.25000,-0.94315,1.25947,2.23238
1918.30000,-0.94339,1.25977,2.24131
1918.35000,-0.94362,1.26006,2.24997
1918.40000,-0.94385,1.26034,2.25834
1918.45000,-0.94408,1.26062,2.26642
1918.50000,-0.94430,1.26088,2.27421
1918.55000,-0.94452,1.26114,2.28168
1918.60000,-0.94474,1.26139,2.28884
1918.65000,-0.94495,1.26163,2.29566
1918.70000,-0.94516,1.26186,2.30217
1918.75000,-0.94536,1.26209,2.30840
1918.80000,-0.94556,1.26230,2.31433
1918.85000,-0.94575,1.26251,2.31995
1918.90000,-0.94594,1.26272,2.32521
1918.95000,-0.94612,1.26291,2.33009
1919.00000,-0.94630,1.26310,2.33463
1919.05000,-0.94648,1.26328,2.33887
1919.10000,-0.94665,1.26346,2.34286
1919.15000,-0.94682,1.26363,2.34662
1919.20000,-0.94698,1.26379,2.35019
1919.25000,-0.94714,1.26396,2.35356
1919.30000,-0.94730,1.26411,2.35675
1919.35000,-0.94745,1.26426,2.35977
1919.40000,-0.94760,1.26441,2.36262
1919.45000,-0.94774,1.26456,2.36529
1919.50000,-0.94788,1.26469,2.36767
1919.55000,-0.94802,1.26483,2.36971
1919.60000,-0.94815,1.26495,2.37141
1919.65000,-0.94827,1.26507,2.37278
1919.70000,-0.94839,1.26518,2.37383
1919.75000,-0.94850,1.26529,2.37461
1919.80000,-0.94861,1.26540,2.37517
1919.85000,-0.94871,1.26550,2.37556
1919.90000,-0.94881,1.26559,2.37579
1919.95000,-0.94891,1.26569,2.37589
1920.00000,-0.94900,1.26578,2.37589
1920.05000,-0.94910,1.26586,2.37576
1920.10000,-0.94918,1.26595,2.37544
1920.15000,-0.94927,1.26603,2.37488
1920.20000,-0.94935,1.26611,2.37409
1920.25000,-0.94942,1.26618,2.37307
1920.30000,-0.94949,1.26625,2.37182
1920.35000,-0.94956,1.26631,2.37036
1920.40000,-0.94962,1.26637,2.36868
1920.45000,-0.94968,1.26643,2.36679
1920.50000,-0.94974,1.26648,2.36469
1920.55000,-0.94979,1.26653,2.36241
1920.60000,-0.94983,1.26658,2.35996
1920.65000,-0.94988,1.26662,2.35737
1920.70000,-0.94992,1.26666,2.35465
1920.75000,-0.94995,1.26670,2.35180
1920.80000,-0.94999,1.26674,2.34879
1920.85000,-0.95002,1.26677,2.34561
1920.90000,-0.95005,1.26680,2.34227
1920.95000,-0.95007,1.26682,2.33878
1921.00000,-0.95010,1.26685,2.33513
1921.05000,-0.95012,1.26687,2.33132
1921.10000,-0.95013,1.26689,2.32734
1921.15000,-0.95015,1.26690,2.32318
1921.20000,-0.95016,1.26691,2.31884
1921.25000,-0.95017,1.26692,2.31432
1921.30000,-0.95017,1.26693,2.30964
1921.35000,-0.95017,1.26693,2.30483
1921.40000,-0.95017,1.26693,2.29989
1921.45000,-0.95017,1.26692,2.29483
1921.50000,-0.95016,1.26692,2.28967
1921.55000,-0.95016,1.26691,2.28442
1921.60000,-0.95015,1.26690,2.27907
1921.65000,-0.95014,1.26689,2.27363
1921.70000,-0.95013,1.26688,2.26811
1921.75000,-0.95012,1.26687,2.26247
1921.80000,-0.95010,1.26685,2.25669
1921.85000,-0.95009,1.26683,2.25075
1921.90000,-0.95007,1.26681,2.24465
1921.95000,-0.95005,1.26678,2.23836
1922.00000,-0.95003,1.26675,2.23190
1922.05000,-0.95000,1.26672,2.22531
1922.10000,-0.94997,1.26668,2.21861
1922.15000,-0.94995,1.26664,2.21183
1922.20000,-0.94992,1.26661,2.20503
1922.25000,-0.94989,1.26657,2.19819
1922.30000,-0.95116,1.26795,2.19174
1922.35000,-0.95590,1.27299,2.18604
1922.40000,-0.96155,1.28099,2.17910
1922.45000,-0.96713,1.28909,2.17236
1922.50000,-0.97267,1.29722,2.16607
1922.55000,-0.97818,1.30540,2.16012
1922.60000,-0.98366,1.31363,2.15464
1922.65000,-0.98909,1.32190,2.14976
1922.70000,-0.99451,1.33023,2.14552
1922.75000,-0.99991,1.33859,2.14233
1922.80000,-1.00530,1.34698,2.14033
1922.85000,-1.01068,1.35539,2.13983
1922.90000,-1.01606,1.36381,2.14106
1922.95000,-1.02146,1.37219,2.14441
1923.00000,-1.02687,1.38051,2.14977
1923.05000,-1.03233,1.38880,2.15822
1923.10000,-1.03786,1.39702,2.16927
1923.15000,-1.04337,1.40526,2.18100
1923.20000,-1.04514,1.40922,2.19438
1923.25000,-1.04519,1.40933,2.21541
1923.30000,-1.04545,1.40969,2.24007
1923.35000,-1.04544,1.40971,2.26545
1923.40000,-1.04552,1.40978,2.29175
1923.45000,-1.04589,1.41021,2.31931
1923.50000,-1.04594,1.41029,2.34694
1923.55000,-1.04613,1.41049,2.37436
1923.60000,-1.04604,1.41042,2.40264
1923.65000,-1.04555,1.40998,2.43144
1923.70000,-1.04585,1.41025,2.45925
1923.75000,-1.04592,1.41031,2.48481
1923.80000,-1.04621,1.41055,2.51101
1923.85000,-1.04676,1.41095,2.53818
1923.90000,-1.04713,1.41120,2.56530
1923.95000,-1.04700,1.41111,2.59169
1924.00000,-1.04704,1.41114,2.61789
1924.05000,-1.04707,1.41116,2.64513
1924.10000,-1.04711,1.41118,2.67360
1924.15000,-1.04717,1.41121,2.70297
1924.20000,-1.04723,1.41124,2.73287
1924.25000,-1.04730,1.41127,2.76326
1924.30000,-1.04737,1.41130,2.79387
1924.35000,-1.04744,1.41132,2.82459
1924.40000,-1.04751,1.41134,2.85545
1924.45000,-1.04758,1.41136,2.88669
1924.50000,-1.04766,1.41138,2.91856
1924.55000,-1.04774,1.41140,2.95125
1924.60000,-1.04783,1.41141,2.98487
1924.65000,-1.04792,1.41143,3.01947
1924.70000,-1.04803,1.41144,3.05502
1924.75000,-1.04814,1.41145,3.09146
1924.80000,-1.04827,1.41145,3.12870
1924.85000,-1.04841,1.41145,-3.11658
1924.90000,-1.04856,1.41144,-3.07811
1924.95000,-1.04874,1.41143,-3.03924
1925.00000,-1.04892,1.41140,-3.00022
1925.05000,-1.04912,1.41137,-2.96136
1925.10000,-1.04932,1.41133,-2.92269
1925.15000,-1.04953,1.41128,-2.88425
1925.20000,-1.04975,1.41122,-2.84609
1925.25000,-1.04997,1.41115,-2.80838
1925.30000,-1.05018,1.41107,-2.77112
1925.35000,-1.05039,1.41098,-2.73434
1925.40000,-1.05060,1.41089,-2.69805
1925.45000,-1.05081,1.41079,-2.66225
1925.50000,-1.05101,1.41068,-2.62694
1925.55000,-1.05122,1.41056,-2.59204
1925.60000,-1.05142,1.41042,-2.55743
1925.65000,-1.05164,1.41028,-2.52301
1925.70000,-1.05187,1.41011,-2.48878
1925.75000,-1.05211,1.40992,-2.45471
1925.80000,-1.05236,1.40970,-2.42086
1925.85000,-1.05320,1.40894,-2.38431
1925.90000,-1.05412,1.40804,-2.34730
1925.95000,-1.05501,1.40711,-2.31095
1926.00000,-1.05586,1.40616,-2.27527
1926.05000,-1.05791,1.40370,-2.24109
1926.10000,-1.06227,1.39862,-2.20733
1926.15000,-1.06775,1.39113,-2.17500
1926.20000,-1.07331,1.38282,-2.14569
1926.25000,-1.07863,1.37435,-2.11731
1926.30000,-1.08370,1.36573,-2.08983
1926.35000,-1.08855,1.35699,-2.06317
1926.40000,-1.09316,1.34811,-2.03739
1926.45000,-1.09755,1.33913,-2.01260
1926.50000,-1.10172,1.33004,-1.98889
1926.55000,-1.10567,1.32086,-1.96634
1926.60000,-1.10942,1.31159,-1.94494
1926.65000,-1.11298,1.30225,-1.92491
1926.70000,-1.11636,1.29285,-1.90679
1926.75000,-1.11960,1.28332,-1.89063
1926.80000,-1.12275,1.27384,-1.87500
1926.85000,-1.12365,1.26778,-1.86287
1926.90000,-1.12378,1.26678,-1.85764
1926.95000,-1.12379,1.26674,-1.85876
1927.00000,-1.12381,1.26670,-1.85641
1927.05000,-1.12383,1.26662,-1.84994
1927.10000,-1.12385,1.26655,-1.84099
1927.15000,-1.12388,1.26649,-1.83118
1927.20000,-1.12389,1.26646,-1.82169
1927.25000,-1.12391,1.26638,-1.81268
1927.30000,-1.12393,1.26631,-1.80403
1927.35000,-1.12394,1.26624,-1.79580
1927.40000,-1.12396,1.26617,-1.78799
1927.45000,-1.12397,1.26609,-1.78035
1927.50000,-1.12399,1.26601,-1.77214
1927.55000,-1.12401,1.26593,-1.76328
1927.60000,-1.12403,1.26583,-1.75361
1927.65000,-1.12470,1.26445,-1.74466
1927.70000,-1.12634,1.25973,-1.73600
1927.75000,-1.12796,1.25249,-1.72541
1927.80000,-1.12944,1.24266,-1.71429
1927.85000,-1.13081,1.23277,-1.70417
1927.90000,-1.13214,1.22286,-1.69408
1927.95000,-1.13238,1.21688,-1.68553
1928.00000,-1.13240,1.21605,-1.68066
1928.05000,-1.13241,1.21597,-1.68102
1928.10000,-1.13241,1.21592,-1.68096
1928.15000,-1.13242,1.21584,-1.67930
1928.20000,-1.13243,1.21576,-1.67565
1928.25000,-1.13244,1.21567,-1.67073
1928.30000,-1.13245,1.21557,-1.66507
1928.35000,-1.13246,1.21547,-1.65928
1928.40000,-1.13247,1.21536,-1.65376
1928.45000,-1.13248,1.21525,-1.64855
1928.50000,-1.13249,1.21514,-1.64356
1928.55000,-1.13249,1.21503,-1.63873
1928.60000,-1.13250,1.21491,-1.63361
1928.65000,-1.13276,1.21360,-1.62877
1928.70000,-1.13330,1.20695,-1.62395
1928.75000,-1.13380,1.19759,-1.61840
1928.80000,-1.13425,1.18762,-1.61251
1928.85000,-1.13464,1.17759,-1.60697
1928.90000,-1.13492,1.16777,-1.60198
1928.95000,-1.13501,1.16229,-1.59621
1929.00000,-1.13502,1.16168,-1.59398
1929.05000,-1.13502,1.16162,-1.59520
1929.10000,-1.13502,1.16156,-1.59671
1929.15000,-1.13502,1.16149,-1.59812
1929.20000,-1.13502,1.16143,-1.59918
1929.25000,-1.13503,1.16135,-1.59915
1929.30000,-1.13503,1.16125,-1.59799
1929.35000,-1.13503,1.16114,-1.59593
1929.40000,-1.13514,1.15909,-1.59386
1929.45000,-1.13535,1.15006,-1.59110
1929.50000,-1.13553,1.14001,-1.58702
1929.55000,-1.13567,1.12997,-1.58303
1929.60000,-1.13577,1.11987,-1.57902
1929.65000,-1.13584,1.10978,-1.57554
1929.70000,-1.13587,1.09973,-1.57308
1929.75000,-1.13584,1.08981,-1.57102
1929.80000,-1.13591,1.08618,-1.56804
1929.85000,-1.13591,1.08612,-1.57216
1929.90000,-1.13591,1.08627,-1.57896
1929.95000,-1.13591,1.08638,-1.58528
1930.00000,-1.13590,1.08645,-1.59011
1930.05000,-1.13590,1.08645,-1.59309
1930.10000,-1.13591,1.08639,-1.59407
1930.15000,-1.13601,1.08515,-1.59488
1930.20000,-1.13625,1.08091,-1.59580
1930.25000,-1.13650,1.07388,-1.59667
1930.30000,-1.13676,1.06400,-1.59480
1930.35000,-1.13698,1.05396,-1.59228
1930.40000,-1.13719,1.04391,-1.59009
1930.45000,-1.13738,1.03389,-1.58911
1930.50000,-1.13756,1.02394,-1.58989
1930.55000,-1.13775,1.01397,-1.59078
1930.60000,-1.13789,1.00442,-1.59173
1930.65000,-1.13789,0.99934,-1.59730
1930.70000,-1.13785,0.99579,-1.62188
1930.75000,-1.13781,0.99359,-1.66360
1930.80000,-1.13782,0.99345,-1.71105
1930.85000,-1.13783,0.99345,-1.75061
1930.90000,-1.13789,0.99339,-1.78075
1930.95000,-1.13850,0.99196,-1.80420
1931.00000,-1.14016,0.98650,-1.82177
1931.05000,-1.14243,0.97840,-1.82734
1931.10000,-1.14496,0.96871,-1.82548
1931.15000,-1.14747,0.95903,-1.82411
1931.20000,-1.14997,0.94938,-1.82619
1931.25000,-1.15185,0.94096,-1.82942
1931.30000,-1.15249,0.93639,-1.84927
1931.35000,-1.15277,0.93409,-1.89412
1931.40000,-1.15312,0.93314,-1.95494
1931.45000,-1.15317,0.93302,-2.02084
1931.50000,-1.15319,0.93299,-2.08685
1931.55000,-1.15320,0.93297,-2.15220
1931.60000,-1.15321,0.93296,-2.21623
1931.65000,-1.15322,0.93295,-2.27417
1931.70000,-1.15323,0.93297,-2.32132
1931.75000,-1.15317,0.93310,-2.35447
1931.80000,-1.15321,0.93316,-2.37543
1931.85000,-1.15351,0.93300,-2.37443
1931.90000,-1.15357,0.93294,-2.36093
1931.95000,-1.15362,0.93289,-2.34742
1932.00000,-1.15377,0.93274,-2.33458
1932.05000,-1.15395,0.93254,-2.32168
1932.10000,-1.15410,0.93240,-2.30834
1932.15000,-1.15428,0.93219,-2.29505
1932.20000,-1.15435,0.93212,-2.28083
1932.25000,-1.15445,0.93200,-2.26654
1932.30000,-1.15459,0.93182,-2.25184
1932.35000,-1.15471,0.93166,-2.23694
1932.40000,-1.15484,0.93146,-2.22202
1932.45000,-1.15501,0.93123,-2.20729
1932.50000,-1.15520,0.93095,-2.19222
1932.55000,-1.15533,0.93075,-2.17636
1932.60000,-1.15554,0.93043,-2.16125
1932.65000,-1.15573,0.93014,-2.14700
1932.70000,-1.15595,0.92977,-2.13199
1932.75000,-1.15610,0.92952,-2.11764
1932.80000,-1.15625,0.92927,-2.10169
1932.85000,-1.15636,0.92907,-2.08531
1932.90000,-1.15647,0.92888,-2.06893
1932.95000,-1.15658,0.92868,-2.05255
1933.00000,-1.15669,0.92848,-2.03616
1933.05000,-1.15680,0.92828,-2.01977
1933.10000,-1.15691,0.92807,-2.00336
1933.15000,-1.15703,0.92786,-1.98694
1933.20000,-1.15722,0.92740,-1.97138
1933.25000,-1.15745,0.92684,-1.95607
1933.30000,-1.15765,0.92630,-1.94062
1933.35000,-1.15787,0.92572,-1.92522
1933.40000,-1.15808,0.92512,-1.90984
1933.45000,-1.15828,0.92453,-1.89454
1933.50000,-1.15847,0.92394,-1.87934
1933.55000,-1.15865,0.92334,-1.86425
1933.60000,-1.15881,0.92275,-1.84926
1933.65000,-1.15898,0.92215,-1.83437
1933.70000,-1.15913,0.92155,-1.81947
1933.75000,-1.15927,0.92095,-1.80447
1933.80000,-1.15941,0.92033,-1.78935
1933.85000,-1.15954,0.91971,-1.77415
1933.90000,-1.15966,0.91908,-1.75890
1933.95000,-1.15977,0.91845,-1.74360
1934.00000,-1.15988,0.91780,-1.72828
1934.05000,-1.15997,0.91715,-1.71292
1934.10000,-1.16006,0.91649,-1.69754
1934.15000,-1.16057,0.91408,-1.68244
1934.20000,-1.16159,0.90601,-1.66768
1934.25000,-1.16250,0.89574,-1.65212
1934.30000,-1.16324,0.88556,-1.63627
1934.35000,-1.16387,0.87533,-1.62078
1934.40000,-1.16416,0.86625,-1.60580
1934.45000,-1.16418,0.86330,-1.59053
1934.50000,-1.16419,0.86274,-1.56967
1934.55000,-1.16418,0.86211,-1.54772
1934.60000,-1.16416,0.86148,-1.52530
1934.65000,-1.16414,0.86086,-1.50237
1934.70000,-1.16410,0.86023,-1.47875
1934.75000,-1.16404,0.85951,-1.45458
1934.80000,-1.16397,0.85886,-1.42967
1934.85000,-1.16388,0.85819,-1.40445
1934.90000,-1.16378,0.85754,-1.37902
1934.95000,-1.16366,0.85692,-1.35378
1935.00000,-1.16359,0.85658,-1.33001
1935.05000,-1.16357,0.85650,-1.30757
1935.10000,-1.16355,0.85641,-1.28582
1935.15000,-1.16352,0.85631,-1.26496
1935.20000,-1.16349,0.85621,-1.24505
1935.25000,-1.16235,0.85440,-1.22494
1935.30000,-1.15918,0.84662,-1.20734
1935.35000,-1.15542,0.83699,-1.18849
1935.40000,-1.15152,0.82750,-1.16895
1935.45000,-1.14770,0.81875,-1.14742
1935.50000,-1.14382,0.81012,-1.12555
1935.55000,-1.14310,0.80619,-1.10281
1935.60000,-1.14293,0.80581,-1.07823
1935.65000,-1.14288,0.80572,-1.05619
1935.70000,-1.14139,0.80374,-1.03435
1935.75000,-1.13680,0.79648,-1.01575
1935.80000,-1.13168,0.78839,-0.99843
1935.85000,-1.12643,0.78040,-0.98118
1935.90000,-1.12104,0.77249,-0.96391
1935.95000,-1.11552,0.76467,-0.94673
1936.00000,-1.10986,0.75695,-0.92972
1936.05000,-1.10406,0.74932,-0.91295
1936.10000,-1.09814,0.74178,-0.89648
1936.15000,-1.09209,0.73434,-0.88036
1936.20000,-1.08591,0.72698,-0.86465
1936.25000,-1.07961,0.71971,-0.84939
1936.30000,-1.07320,0.71252,-0.83462
1936.35000,-1.06667,0.70542,-0.82036
1936.40000,-1.06004,0.69841,-0.80657
1936.45000,-1.05331,0.69148,-0.79312
1936.50000,-1.04648,0.68463,-0.77988
1936.55000,-1.03956,0.67788,-0.76672
1936.60000,-1.03255,0.67121,-0.75349
1936.65000,-1.02546,0.66465,-0.74001
1936.70000,-1.01801,0.65794,-0.72537
1936.75000,-1.01042,0.65132,-0.71014
1936.80000,-1.00271,0.64481,-0.69320
1936.85000,-0.99490,0.63844,-0.67506
1936.90000,-0.98681,0.63208,-0.65608
1936.95000,-0.97858,0.62589,-0.63416
1937.00000,-0.97069,0.62009,-0.61050
1937.05000,-0.96643,0.61771,-0.58849
1937.10000,-0.96583,0.61738,-0.55810
1937.15000,-0.96510,0.61694,-0.52434
1937.20000,-0.96449,0.61662,-0.49129
1937.25000,-0.96381,0.61627,-0.46026
1937.30000,-0.96325,0.61603,-0.43104
1937.35000,-0.96079,0.61461,-0.40417
1937.40000,-0.95259,0.61104,-0.38103
1937.45000,-0.94341,0.60750,-0.35899
1937.50000,-0.93458,0.60431,-0.33452
1937.55000,-0.92572,0.60123,-0.30975
1937.60000,-0.92087,0.60072,-0.28627
1937.65000,-0.91978,0.60050,-0.25157
1937.70000,-0.91935,0.60039,-0.21597
1937.75000,-0.91887,0.60029,-0.17988
1937.80000,-0.91882,0.60028,-0.14487
1937.85000,-0.91877,0.60027,-0.10899
1937.90000,-0.91872,0.60027,-0.07179
1937.95000,-0.91867,0.60026,-0.03309
1938.00000,-0.91861,0.60026,0.00728
1938.05000,-0.91855,0.60027,0.04932
1938.10000,-0.91849,0.60027,0.09296
1938.15000,-0.91843,0.60028,0.13799
1938.20000,-0.91835,0.60029,0.18417
1938.25000,-0.91827,0.60031,0.23124
1938.30000,-0.91819,0.60033,0.27896
1938.35000,-0.91810,0.60036,0.32711
1938.40000,-0.91800,0.60039,0.37550
1938.45000,-0.91790,0.60044,0.42397
1938.50000,-0.91779,0.60049,0.47239
1938.55000,-0.91767,0.60055,0.52065
1938.60000,-0.91756,0.60062,0.56867
1938.65000,-0.91744,0.60070,0.61637
1938.70000,-0.91731,0.60079,0.66368
1938.75000,-0.91719,0.60090,0.71055
1938.80000,-0.91707,0.60101,0.75694
1938.85000,-0.91694,0.60113,0.80281
1938.90000,-0.91682,0.60126,0.84813
1938.95000,-0.91670,0.60140,0.89287
1939.00000,-0.91659,0.60155,0.93700
1939.05000,-0.91647,0.60171,0.98051
1939.10000,-0.91637,0.60188,1.02339
1939.15000,-0.91626,0.60206,1.06563
1939.20000,-0.91617,0.60224,1.10720
1939.25000,-0.91608,0.60243,1.14811
1939.30000,-0.91599,0.60263,1.18835
1939.35000,-0.91592,0.60283,1.22789
1939.40000,-0.91585,0.60304,1.26675
1939.45000,-0.91499,0.60492,1.30437
1939.50000,-0.91298,0.61212,1.33852
1939.55000,-0.91091,0.62158,1.37417
1939.60000,-0.90914,0.63142,1.41033
1939.65000,-0.90772,0.64132,1.44581
1939.70000,-0.90664,0.65126,1.48059
1939.75000,-0.90591,0.66123,1.51467
1939.80000,-0.90552,0.67122,1.54805
1939.85000,-0.90546,0.68122,1.58072
1939.90000,-0.90572,0.69121,1.61266
1939.95000,-0.90629,0.70119,1.64388
1940.00000,-0.90717,0.71115,1.67438
1940.05000,-0.90835,0.72108,1.70416
1940.10000,-0.90983,0.73097,1.73322
1940.15000,-0.91158,0.74081,1.76161
1940.20000,-0.91362,0.75060,1.78924
1940.25000,-0.91597,0.76063,1.81737
1940.30000,-0.91854,0.77031,1.84364
1940.35000,-0.92135,0.77990,1.86911
1940.40000,-0.92441,0.78942,1.89386
1940.45000,-0.92771,0.79894,1.91828
1940.50000,-0.93123,0.80830,1.94160
1940.55000,-0.93496,0.81758,1.96420
1940.60000,-0.93889,0.82677,1.98608
1940.65000,-0.94302,0.83588,2.00724
1940.70000,-0.94734,0.84490,2.02770
1940.75000,-0.95175,0.85388,2.04814
1940.80000,-0.95252,0.85765,2.06888
1940.85000,-0.95267,0.85792,2.08791
1940.90000,-0.95275,0.85805,2.10567
1940.95000,-0.95283,0.85819,2.12280
1941.00000,-0.95292,0.85833,2.13933
1941.05000,-0.95302,0.85848,2.15524
1941.10000,-0.95311,0.85862,2.17055
1941.15000,-0.95321,0.85876,2.18525
1941.20000,-0.95331,0.85890,2.19935
1941.25000,-0.95341,0.85904,2.21285
1941.30000,-0.95352,0.85918,2.22576
1941.35000,-0.95362,0.85931,2.23809
1941.40000,-0.95373,0.85945,2.24984
1941.45000,-0.95384,0.85958,2.26103
1941.50000,-0.95396,0.85972,2.27167
1941.55000,-0.95407,0.85986,2.28175
1941.60000,-0.95419,0.86000,2.29130
1941.65000,-0.95432,0.86013,2.30031
1941.70000,-0.95444,0.86027,2.30879
1941.75000,-0.95457,0.86042,2.31676
1941.80000,-0.95470,0.86056,2.32421
1941.85000,-0.95483,0.86070,2.33116
1941.90000,-0.95497,0.86084,2.33761
1941.95000,-0.95510,0.86098,2.34357
1942.00000,-0.95524,0.86112,2.34905
1942.05000,-0.95538,0.86125,2.35406
1942.10000,-0.95552,0.86139,2.35860
1942.15000,-0.95566,0.86153,2.36269
1942.20000,-0.95580,0.86167,2.36633
1942.25000,-0.95594,0.86181,2.36953
1942.30000,-0.95608,0.86194,2.37229
1942.35000,-0.95622,0.86208,2.37463
1942.40000,-0.95637,0.86222,2.37654
1942.45000,-0.95652,0.86236,2.37805
1942.50000,-0.95666,0.86251,2.37916
1942.55000,-0.95681,0.86265,2.37987
1942.60000,-0.95696,0.86279,2.38020
1942.65000,-0.95711,0.86294,2.38015
1942.70000,-0.95726,0.86308,2.37974
1942.75000,-0.95742,0.86322,2.37898
1942.80000,-0.95757,0.86337,2.37786
1942.85000,-0.95772,0.86351,2.37641
1942.90000,-0.95787,0.86366,2.37462
1942.95000,-0.95802,0.86380,2.37251
1943.00000,-0.95817,0.86395,2.37009
1943.05000,-0.95832,0.86410,2.36736
1943.10000,-0.95847,0.86424,2.36432
1943.15000,-0.95862,0.86439,2.36098
1943.20000,-0.95878,0.86455,2.35736
1943.25000,-0.95893,0.86470,2.35346
1943.30000,-0.95908,0.86485,2.34930
1943.35000,-0.95923,0.86500,2.34487
1943.40000,-0.95938,0.86516,2.34019
1943.45000,-0.95953,0.86531,2.33527
1943.50000,-0.95968,0.86547,2.33011
1943.55000,-0.95983,0.86563,2.32473
1943.60000,-0.95997,0.86578,2.31913
1943.65000,-0.96012,0.86594,2.31332
1943.70000,-0.96027,0.86610,2.30730
1943.75000,-0.96041,0.86626,2.30108
1943.80000,-0.96055,0.86643,2.29466
1943.85000,-0.96070,0.86659,2.28806
1943.90000,-0.96084,0.86675,2.28128
1943.95000,-0.96098,0.86692,2.27432
1944.00000,-0.96112,0.86709,2.26721
1944.05000,-0.96126,0.86726,2.25993
1944.10000,-0.96140,0.86743,2.25251
1944.15000,-0.96154,0.86760,2.24494
1944.20000,-0.96168,0.86777,2.23723
1944.25000,-0.96181,0.86794,2.22940
1944.30000,-0.96195,0.86812,2.22144
1944.35000,-0.96208,0.86830,2.21337
1944.40000,-0.96221,0.86847,2.20519
1944.45000,-0.96234,0.86865,2.19691
1944.50000,-0.96247,0.86883,2.18853
1944.55000,-0.96260,0.86901,2.18005
1944.60000,-0.96273,0.86920,2.17150
1944.65000,-0.96285,0.86938,2.16286
1944.70000,-0.96297,0.86956,2.15415
1944.75000,-0.96310,0.86975,2.14538
1944.80000,-0.96322,0.86994,2.13654
1944.85000,-0.96333,0.87012,2.12765
1944.90000,-0.96345,0.87031,2.11871
1944.95000,-0.96356,0.87050,2.10972
1945.00000,-0.96368,0.87069,2.10070
1945.05000,-0.96379,0.87088,2.09164
1945.10000,-0.96390,0.87108,2.08255
1945.15000,-0.96401,0.87127,2.07344
1945.20000,-0.96411,0.87146,2.06431
1945.25000,-0.96422,0.87166,2.05517
1945.30000,-0.96432,0.87186,2.04601
1945.35000,-0.96442,0.87205,2.03685
1945.40000,-0.96452,0.87225,2.02769
1945.45000,-0.96461,0.87245,2.01853
1945.50000,-0.96471,0.87265,2.00937
1945.55000,-0.96480,0.87285,2.00023
1945.60000,-0.96489,0.87305,1.99110
1945.65000,-0.96498,0.87325,1.98198
1945.70000,-0.96507,0.87346,1.97289
1945.75000,-0.96516,0.87366,1.96383
1945.80000,-0.96654,0.87599,1.95549
1945.85000,-0.97005,0.88411,1.94746
1945.90000,-0.97363,0.89329,1.93791
1945.95000,-0.97708,0.90242,1.92794
1946.00000,-0.98043,0.91158,1.91794
1946.05000,-0.98369,0.92078,1.90798
1946.10000,-0.98685,0.93000,1.89804
1946.15000,-0.98993,0.93926,1.88814
1946.20000,-0.99291,0.94855,1.87828
1946.25000,-0.99581,0.95786,1.86846
1946.30000,-0.99861,0.96721,1.85869
1946.35000,-1.00132,0.97658,1.84896
1946.40000,-1.00394,0.98598,1.83929
1946.45000,-1.00648,0.99541,1.82967
1946.50000,-1.00891,1.00486,1.82011
1946.55000,-1.01129,1.01437,1.81076
1946.60000,-1.01355,1.02387,1.80133
1946.65000,-1.01575,1.03343,1.79213
1946.70000,-1.01786,1.04298,1.78271
1946.75000,-1.01988,1.05254,1.77330
1946.80000,-1.02181,1.06215,1.76380
1946.85000,-1.02367,1.07178,1.75432
1946.90000,-1.02542,1.08144,1.74460
1946.95000,-1.02707,1.09111,1.73480
1947.00000,-1.02864,1.10081,1.72486
1947.05000,-1.03010,1.11053,1.71479
1947.10000,-1.03147,1.12023,1.70468
1947.15000,-1.03274,1.12997,1.69420
1947.20000,-1.03391,1.13979,1.68313
1947.25000,-1.03496,1.14955,1.67216
1947.30000,-1.03590,1.15931,1.66077
1947.35000,-1.03673,1.16909,1.64885
1947.40000,-1.03743,1.17879,1.63668
1947.45000,-1.03802,1.18851,1.62351
1947.50000,-1.03847,1.19818,1.60964
1947.55000,-1.03877,1.20780,1.59482
1947.60000,-1.03901,1.21744,1.57994
1947.65000,-1.03901,1.22252,1.56569
1947.70000,-1.03901,1.22254,1.54816
1947.75000,-1.03902,1.22225,1.52829
1947.80000,-1.03901,1.22204,1.50771
1947.85000,-1.03903,1.22171,1.48804
1947.90000,-1.03906,1.22134,1.46847
1947.95000,-1.03909,1.22097,1.44892
1948.00000,-1.03913,1.22060,1.42927
1948.05000,-1.03918,1.22022,1.40974
1948.10000,-1.03924,1.21985,1.39018
1948.15000,-1.03929,1.21950,1.37026
1948.20000,-1.03937,1.21909,1.34964
1948.25000,-1.03945,1.21866,1.32797
1948.30000,-1.03956,1.21818,1.30507
1948.35000,-1.03969,1.21766,1.28081
1948.40000,-1.03978,1.21733,1.25603
1948.45000,-1.03987,1.21706,1.23007
1948.50000,-1.03984,1.21713,1.20345
1948.55000,-1.03982,1.21719,1.17483
1948.60000,-1.03980,1.21724,1.14379
1948.65000,-1.03977,1.21729,1.10980
1948.70000,-1.03974,1.21734,1.07227
1948.75000,-1.03972,1.21739,1.03093
1948.80000,-1.03968,1.21745,0.98587
1948.85000,-1.03965,1.21750,0.93733
1948.90000,-1.03960,1.21756,0.88568
1948.95000,-1.03954,1.21762,0.83145
1949.00000,-1.03948,1.21769,0.77519
1949.05000,-1.03940,1.21777,0.71732
1949.10000,-1.03930,1.21785,0.65826
1949.15000,-1.03918,1.21794,0.59836
1949.20000,-1.03903,1.21803,0.53786
1949.25000,-1.03887,1.21812,0.47702
1949.30000,-1.03867,1.21821,0.41606
1949.35000,-1.03846,1.21830,0.35520
1949.40000,-1.03824,1.21837,0.29463
1949.45000,-1.03800,1.21844,0.23454
1949.50000,-1.03776,1.21849,0.17499
1949.55000,-1.03751,1.21852,0.11604
1949.60000,-1.03726,1.21855,0.05764
1949.65000,-1.03700,1.21855,-0.00026
1949.70000,-1.03672,1.21854,-0.05769
1949.75000,-1.03643,1.21852,-0.11469
1949.80000,-1.03612,1.21847,-0.17124
1949.85000,-1.03578,1.21840,-0.22729
1949.90000,-1.03542,1.21831,-0.28280
1949.95000,-1.03504,1.21819,-0.33773
1950.00000,-1.03517,1.21823,-0.39420
1950.05000,-1.03475,1.21804,-0.44792
1950.10000,-1.03432,1.21781,-0.50078
1950.15000,-1.03388,1.21756,-0.55287
1950.20000,-1.03387,1.21756,-0.60599
1950.25000,-1.03349,1.21728,-0.65675
1950.30000,-1.03309,1.21695,-0.70653
1950.35000,-1.03269,1.21660,-0.75556
1950.40000,-1.03231,1.21622,-0.80384
1950.45000,-1.03222,1.21610,-0.85282
1950.50000,-1.03186,1.21568,-0.89954
1950.55000,-1.03174,1.21547,-0.94664
1950.60000,-1.03141,1.21500,-0.99166
1950.65000,-1.03131,1.21475,-1.03698
1950.70000,-1.03116,1.21443,-1.08116
1950.75000,-1.02967,1.21164,-1.12236
1950.80000,-1.02660,1.20494,-1.16164
1950.85000,-1.02337,1.19702,-1.20508
1950.90000,-1.02037,1.18865,-1.24900
1950.95000,-1.01773,1.18012,-1.29177
1951.00000,-1.01545,1.17146,-1.33327
1951.05000,-1.01351,1.16269,-1.37380
1951.10000,-1.01192,1.15382,-1.41324
1951.15000,-1.01068,1.14487,-1.45156
1951.20000,-1.00977,1.13585,-1.48874
1951.25000,-1.00919,1.12677,-1.52475
1951.30000,-1.00893,1.11764,-1.55957
1951.35000,-1.00898,1.10849,-1.59316
1951.40000,-1.00933,1.09930,-1.62547
1951.45000,-1.00998,1.09010,-1.65644
1951.50000,-1.01091,1.08089,-1.68592
1951.55000,-1.01210,1.07168,-1.71393
1951.60000,-1.01339,1.06275,-1.74178
1951.65000,-1.01369,1.05857,-1.76930
1951.70000,-1.01360,1.05880,-1.79283
1951.75000,-1.01353,1.05915,-1.81446
1951.80000,-1.01347,1.05945,-1.83548
1951.85000,-1.01340,1.05968,-1.85586
1951.90000,-1.01333,1.05994,-1.87527
1951.95000,-1.01331,1.06001,-1.89479
1952.00000,-1.01326,1.06018,-1.91275
1952.05000,-1.01321,1.06033,-1.92970
1952.10000,-1.01316,1.06050,-1.94577
1952.15000,-1.01309,1.06067,-1.96094
1952.20000,-1.01306,1.06076,-1.97530
1952.25000,-1.01303,1.06084,-1.98893
1952.30000,-1.01308,1.06073,-2.00267
1952.35000,-1.01316,1.06054,-2.01570
1952.40000,-1.01321,1.06044,-2.02748
1952.45000,-1.01326,1.06034,-2.03797
1952.50000,-1.01332,1.06024,-2.04780
1952.55000,-1.01334,1.06019,-2.05560
1952.60000,-1.01338,1.06012,-2.06206
1952.65000,-1.01344,1.06003,-2.06709
1952.70000,-1.01350,1.05993,-2.07081
1952.75000,-1.01355,1.05983,-2.07297
1952.80000,-1.01362,1.05971,-2.07322
1952.85000,-1.01368,1.05959,-2.07137
1952.90000,-1.01375,1.05947,-2.06696
1952.95000,-1.01382,1.05935,-2.06242
1953.00000,-1.01393,1.05912,-2.05354
1953.05000,-1.01405,1.05887,-2.04212
1953.10000,-1.01421,1.05856,-2.02700
1953.15000,-1.01441,1.05812,-2.00699
1953.20000,-1.01466,1.05760,-1.98137
1953.25000,-1.01497,1.05686,-1.94920
1953.30000,-1.01522,1.05624,-1.91186
1953.35000,-1.01531,1.05596,-1.87061
1953.40000,-1.01533,1.05590,-1.82553
1953.45000,-1.01535,1.05582,-1.77682
1953.50000,-1.01536,1.05574,-1.72538
1953.55000,-1.01537,1.05565,-1.67284
1953.60000,-1.01538,1.05556,-1.61976
1953.65000,-1.01538,1.05546,-1.56623
1953.70000,-1.01538,1.05535,-1.51233
1953.75000,-1.01537,1.05524,-1.45816
1953.80000,-1.01535,1.05513,-1.40349
1953.85000,-1.01533,1.05501,-1.34785
1953.90000,-1.01530,1.05489,-1.29113
1953.95000,-1.01526,1.05476,-1.23352
1954.00000,-1.01521,1.05463,-1.17522
1954.05000,-1.01515,1.05450,-1.11639
1954.10000,-1.01508,1.05436,-1.05716
1954.15000,-1.01500,1.05423,-0.99762
1954.20000,-1.01491,1.05410,-0.93787
1954.25000,-1.01481,1.05398,-0.87799
1954.30000,-1.01470,1.05386,-0.81804
1954.35000,-1.01459,1.05374,-0.75812
1954.40000,-1.01446,1.05363,-0.69828
1954.45000,-1.01432,1.05352,-0.63857
1954.50000,-1.01418,1.05342,-0.57904
1954.55000,-1.01403,1.05332,-0.51974
1954.60000,-1.01387,1.05324,-0.46070
1954.65000,-1.01370,1.05316,-0.40195
1954.70000,-1.01352,1.05309,-0.34352
1954.75000,-1.01334,1.05303,-0.28545
1954.80000,-1.01316,1.05299,-0.22776
1954.85000,-1.01297,1.05295,-0.17048
1954.90000,-1.01278,1.05292,-0.11363
1954.95000,-1.01259,1.05290,-0.05724
1955.00000,-1.01239,1.05290,-0.00132
1955.05000,-1.01219,1.05290,0.05410
1955.10000,-1.01200,1.05292,0.10901
1955.15000,-1.01180,1.05295,0.16339
1955.20000,-1.01160,1.05299,0.21722
1955.25000,-1.01141,1.05303,0.27049
1955.30000,-1.01122,1.05309,0.32317
1955.35000,-1.01103,1.05316,0.37527
1955.40000,-1.01084,1.05324,0.42675
1955.45000,-1.01066,1.05333,0.47760
1955.50000,-1.01049,1.05342,0.52782
1955.55000,-1.01031,1.05353,0.57739
1955.60000,-1.01015,1.05365,0.62629
1955.65000,-1.00999,1.05377,0.67452
1955.70000,-1.00983,1.05390,0.72209
1955.75000,-1.00968,1.05404,0.76898
1955.80000,-1.00954,1.05418,0.81520
1955.85000,-1.00940,1.05433,0.86075
1955.90000,-1.00928,1.05449,0.90562
1955.95000,-1.00915,1.05465,0.94979
1956.00000,-1.00904,1.05482,0.99327
1956.05000,-1.00893,1.05499,1.03605
1956.10000,-1.00883,1.05517,1.07813
1956.15000,-1.00874,1.05535,1.11949
1956.20000,-1.00865,1.05554,1.16014
1956.25000,-1.00858,1.05573,1.20007
1956.30000,-1.00851,1.05592,1.23928
1956.35000,-1.00754,1.05790,1.27716
1956.40000,-1.00530,1.06550,1.31026
1956.45000,-1.00297,1.07490,1.34613
1956.50000,-1.00092,1.08469,1.38260
1956.55000,-0.99923,1.09454,1.41841
1956.60000,-0.99789,1.10445,1.45351
1956.65000,-0.99689,1.11440,1.48791
1956.70000,-0.99623,1.12438,1.52161
1956.75000,-0.99590,1.13437,1.55462
1956.80000,-0.99590,1.14437,1.58693
1956.85000,-0.99622,1.15436,1.61854
1956.90000,-0.99685,1.16434,1.64946
1956.95000,-0.99779,1.17430,1.67968
1957.00000,-0.99902,1.18422,1.70921
1957.05000,-1.00055,1.19410,1.73806
1957.10000,-1.00235,1.20394,1.76622
1957.15000,-1.00443,1.21372,1.79369
1957.20000,-1.00677,1.22344,1.82047
1957.25000,-1.00936,1.23309,1.84658
1957.30000,-1.01221,1.24268,1.87201
1957.35000,-1.01529,1.25219,1.89677
1957.40000,-1.01861,1.26163,1.92086
1957.45000,-1.02215,1.27098,1.94430
1957.50000,-1.02593,1.28035,1.96746
1957.55000,-1.02990,1.28953,1.98968
1957.60000,-1.03406,1.29862,2.01124
1957.65000,-1.03844,1.30767,2.03249
1957.70000,-1.04305,1.31693,2.05481
1957.75000,-1.04406,1.32172,2.07763
1957.80000,-1.04437,1.32239,2.09869
1957.85000,-1.04471,1.32296,2.11916
1957.90000,-1.04503,1.32352,2.13886
1957.95000,-1.04537,1.32406,2.15784
1958.00000,-1.04570,1.32457,2.17607
1958.05000,-1.04603,1.32505,2.19357
1958.10000,-1.04635,1.32552,2.21032
1958.15000,-1.04668,1.32597,2.22636
1958.20000,-1.04700,1.32640,2.24174
1958.25000,-1.04732,1.32680,2.25642
1958.30000,-1.04764,1.32718,2.27039
1958.35000,-1.04796,1.32755,2.28369
1958.40000,-1.04826,1.32790,2.29634
1958.45000,-1.04856,1.32824,2.30838
1958.50000,-1.04886,1.32856,2.31980
1958.55000,-1.04915,1.32886,2.33064
1958.60000,-1.04942,1.32915,2.34089
1958.65000,-1.04970,1.32943,2.35058
1958.70000,-1.04996,1.32969,2.35971
1958.75000,-1.05022,1.32995,2.36830
1958.80000,-1.05046,1.33019,2.37634
1958.85000,-1.05070,1.33041,2.38387
1958.90000,-1.05093,1.33063,2.39088
1958.95000,-1.05115,1.33083,2.39739
1959.00000,-1.05137,1.33103,2.40341
1959.05000,-1.05157,1.33121,2.40896
1959.10000,-1.05177,1.33139,2.41405
1959.15000,-1.05195,1.33156,2.41870
1959.20000,-1.05213,1.33171,2.42291
1959.25000,-1.05230,1.33186,2.42671
1959.30000,-1.05246,1.33200,2.43010
1959.35000,-1.05262,1.33213,2.43311
1959.40000,-1.05276,1.33226,2.43575
1959.45000,-1.05290,1.33237,2.43804
1959.50000,-1.05303,1.33249,2.43999
1959.55000,-1.05315,1.33259,2.44164
1959.60000,-1.05327,1.33269,2.44301
1959.65000,-1.05338,1.33278,2.44413
1959.70000,-1.05348,1.33286,2.44502
1959.75000,-1.05358,1.33295,2.44574
1959.80000,-1.05367,1.33302,2.44632
1959.85000,-1.05376,1.33310,2.44681
1959.90000,-1.05384,1.33317,2.44729
1959.95000,-1.05393,1.33324,2.44783
1960.00000,-1.05401,1.33331,2.44854
1960.05000,-1.05410,1.33338,2.44955
1960.10000,-1.05419,1.33345,2.45103
1960.15000,-1.05428,1.33353,2.45318
1960.20000,-1.05440,1.33363,2.45633
1960.25000,-1.05453,1.33374,2.46089
1960.30000,-1.05589,1.33499,2.46523
1960.35000,-1.06180,1.34018,2.47089
1960.40000,-1.06989,1.34651,2.48551
1960.45000,-1.07803,1.35275,2.50076
1960.50000,-1.08265,1.35595,2.51941
1960.55000,-1.08579,1.35814,2.54848
1960.60000,-1.08696,1.35891,2.59163
1960.65000,-1.08704,1.35895,2.64273
1960.70000,-1.08714,1.35900,2.69525
1960.75000,-1.08726,1.35906,2.74851
1960.80000,-1.08741,1.35911,2.80218
1960.85000,-1.08757,1.35917,2.85602
1960.90000,-1.08776,1.35922,2.90969
1960.95000,-1.08796,1.35926,2.96297
1961.00000,-1.08817,1.35929,3.01576
1961.05000,-1.08837,1.35931,3.06796
1961.10000,-1.08858,1.35932,3.11958
1961.15000,-1.08879,1.35932,-3.11256
1961.20000,-1.08901,1.35931,-3.06197
1961.25000,-1.08924,1.35928,-3.01170
1961.30000,-1.08950,1.35924,-2.96170
1961.35000,-1.08977,1.35919,-2.91197
1961.40000,-1.09007,1.35911,-2.86255
1961.45000,-1.09040,1.35900,-2.81349
1961.50000,-1.09076,1.35887,-2.76484
1961.55000,-1.09115,1.35871,-2.71665
1961.60000,-1.09156,1.35851,-2.66897
1961.65000,-1.09198,1.35828,-2.62188
1961.70000,-1.09241,1.35802,-2.57541
1961.75000,-1.09283,1.35774,-2.52962
1961.80000,-1.09325,1.35743,-2.48455
1961.85000,-1.09365,1.35711,-2.44020
1961.90000,-1.09403,1.35677,-2.39657
1961.95000,-1.09440,1.35642,-2.35368
1962.00000,-1.09475,1.35605,-2.31152
1962.05000,-1.09509,1.35566,-2.27008
1962.10000,-1.09543,1.35524,-2.22923
1962.15000,-1.09586,1.35469,-2.18851
1962.20000,-1.09628,1.35411,-2.14834
1962.25000,-1.09795,1.35156,-2.10994
1962.30000,-1.10198,1.34475,-2.07514
1962.35000,-1.10636,1.33651,-2.03736
1962.40000,-1.11071,1.32753,-1.99888
1962.45000,-1.11486,1.31791,-1.95953
1962.50000,-1.11847,1.30867,-1.92294
1962.55000,-1.12175,1.29926,-1.88703
1962.60000,-1.12466,1.28985,-1.85196
1962.65000,-1.12729,1.28017,-1.81781
1962.70000,-1.12958,1.27046,-1.78487
1962.75000,-1.13152,1.26074,-1.75171
1962.80000,-1.13317,1.25058,-1.71863
1962.85000,-1.13437,1.24148,-1.68526
1962.90000,-1.13527,1.23234,-1.65271
1962.95000,-1.13588,1.22316,-1.62101
1963.00000,-1.13620,1.21394,-1.59010
1963.05000,-1.13624,1.20469,-1.55991
1963.10000,-1.13600,1.19543,-1.53043
1963.15000,-1.13549,1.18617,-1.50166
1963.20000,-1.13472,1.17690,-1.47358
1963.25000,-1.13369,1.16764,-1.44620
1963.30000,-1.13240,1.15840,-1.41956
1963.35000,-1.13088,1.14917,-1.39362
1963.40000,-1.12911,1.13997,-1.36849
1963.45000,-1.12706,1.13066,-1.34422
1963.50000,-1.12496,1.12150,-1.32001
1963.55000,-1.12464,1.11621,-1.29613
1963.60000,-1.12459,1.11543,-1.27461
1963.65000,-1.12452,1.11497,-1.25417
1963.70000,-1.12450,1.11490,-1.23471
1963.75000,-1.12442,1.11457,-1.21538
1963.80000,-1.12430,1.11416,-1.19683
1963.85000,-1.12422,1.11397,-1.17881
1963.90000,-1.12404,1.11350,-1.16092
1963.95000,-1.12382,1.11294,-1.14246
1964.00000,-1.12366,1.11257,-1.12489
1964.05000,-1.12352,1.11234,-1.10821
1964.10000,-1.12330,1.11188,-1.09218
1964.15000,-1.12304,1.11132,-1.07597
1964.20000,-1.12281,1.11088,-1.06080
1964.25000,-1.12252,1.11032,-1.04627
1964.30000,-1.12224,1.10982,-1.03226
1964.35000,-1.12208,1.10952,-1.01901
1964.40000,-1.12193,1.10929,-1.00682
1964.45000,-1.12169,1.10891,-0.99463
1964.50000,-1.12143,1.10851,-0.98348
1964.55000,-1.12110,1.10800,-0.97175
1964.60000,-1.12082,1.10755,-0.96045
1964.65000,-1.12068,1.10736,-0.94971
1964.70000,-1.12052,1.10714,-0.93939
1964.75000,-1.12034,1.10689,-0.92950
1964.80000,-1.12013,1.10661,-0.92009
1964.85000,-1.11990,1.10631,-0.91119
1964.90000,-1.11966,1.10600,-0.90284
1964.95000,-1.11941,1.10569,-0.89504
1965.00000,-1.11914,1.10536,-0.88777
1965.05000,-1.11869,1.10481,-0.88099
1965.10000,-1.11824,1.10426,-0.87450
1965.15000,-1.11774,1.10367,-0.86851
1965.20000,-1.11727,1.10311,-0.86289
1965.25000,-1.11681,1.10257,-0.85767
1965.30000,-1.11630,1.10198,-0.85268
1965.35000,-1.11577,1.10138,-0.84774
1965.40000,-1.11521,1.10074,-0.84316
1965.45000,-1.11462,1.10009,-0.83894
1965.50000,-1.11402,1.09942,-0.83501
1965.55000,-1.11347,1.09881,-0.83143
1965.60000,-1.11291,1.09820,-0.82817
1965.65000,-1.11236,1.09761,-0.82531
1965.70000,-1.11180,1.09700,-0.82278
1965.75000,-1.11126,1.09642,-0.82068
1965.80000,-1.11068,1.09581,-0.81883
1965.85000,-1.11010,1.09518,-0.81726
1965.90000,-1.10949,1.09454,-0.81582
1965.95000,-1.10887,1.09388,-0.81467
1966.00000,-1.10824,1.09321,-0.81354
1966.05000,-1.10759,1.09253,-0.81269
1966.10000,-1.10693,1.09183,-0.81193
1966.15000,-1.10625,1.09112,-0.81141
1966.20000,-1.10558,1.09040,-0.81108
1966.25000,-1.10491,1.08970,-0.81105
1966.30000,-1.10424,1.08900,-0.81128
1966.35000,-1.10358,1.08830,-0.81184
1966.40000,-1.10293,1.08761,-0.81264
1966.45000,-1.10227,1.08692,-0.81362
1966.50000,-1.10161,1.08621,-0.81475
1966.55000,-1.10094,1.08551,-0.81585
1966.60000,-1.10028,1.08480,-0.81704
1966.65000,-1.09961,1.08409,-0.81824
1966.70000,-1.09894,1.08337,-0.81949
1966.75000,-1.09826,1.08265,-0.82077
1966.80000,-1.09759,1.08192,-0.82206
1966.85000,-1.09690,1.08119,-0.82344
1966.90000,-1.09623,1.08047,-0.82482
1966.95000,-1.09555,1.07973,-0.82630
1967.00000,-1.09487,1.07899,-0.82800
1967.05000,-1.09420,1.07826,-0.82988
1967.10000,-1.09353,1.07753,-0.83195
1967.15000,-1.09287,1.07680,-0.83420
1967.20000,-1.09222,1.07608,-0.83662
1967.25000,-1.09158,1.07537,-0.83919
1967.30000,-1.09094,1.07466,-0.84184
1967.35000,-1.09032,1.07396,-0.84450
1967.40000,-1.08971,1.07327,-0.84708
1967.45000,-1.08911,1.07259,-0.84953
1967.50000,-1.08853,1.07193,-0.85185
1967.55000,-1.08795,1.07127,-0.85405
1967.60000,-1.08739,1.07062,-0.85613
1967.65000,-1.08684,1.06998,-0.85809
1967.70000,-1.08629,1.06935,-0.85993
1967.75000,-1.08410,1.06703,-0.86151
1967.80000,-1.07798,1.06023,-0.86281
1967.85000,-1.07148,1.05263,-0.86421
1967.90000,-1.06499,1.04502,-0.86520
1967.95000,-1.05852,1.03742,-0.86589
1968.00000,-1.05205,1.02980,-0.86629
1968.05000,-1.04557,1.02218,-0.86643
1968.10000,-1.03908,1.01455,-0.86616
1968.15000,-1.03259,1.00691,-0.86586
1968.20000,-1.02609,0.99927,-0.86451
1968.25000,-1.01959,0.99167,-0.86210
1968.30000,-1.01304,0.98406,-0.85863
1968.35000,-1.00648,0.97650,-0.85330
1968.40000,-0.99985,0.96896,-0.84539
1968.45000,-0.99311,0.96142,-0.83498
1968.50000,-0.98632,0.95402,-0.82027
1968.55000,-0.97937,0.94656,-0.80480
1968.60000,-0.97721,0.94424,-0.78705
1968.65000,-0.97656,0.94366,-0.75455
1968.70000,-0.97597,0.94312,-0.71673
1968.75000,-0.97534,0.94259,-0.67703
1968.80000,-0.97511,0.94241,-0.63806
1968.85000,-0.97497,0.94229,-0.59869
1968.90000,-0.97490,0.94223,-0.55876
1968.95000,-0.97483,0.94219,-0.51873
1969.00000,-0.97473,0.94213,-0.47841
1969.05000,-0.97465,0.94209,-0.43775
1969.10000,-0.97457,0.94205,-0.39598
1969.15000,-0.97375,0.94171,-0.34966
1969.20000,-0.97250,0.94127,-0.30019
1969.25000,-0.97120,0.94089,-0.24944
1969.30000,-0.97055,0.94075,-0.20057
1969.35000,-0.97043,0.94073,-0.15324
1969.40000,-0.97031,0.94071,-0.10559
1969.45000,-0.97019,0.94070,-0.05774
1969.50000,-0.97006,0.94070,-0.00982
1969.55000,-0.96993,0.94070,0.03805
1969.60000,-0.96979,0.94071,0.08576
1969.65000,-0.96966,0.94072,0.13324
1969.70000,-0.96952,0.94074,0.18044
1969.75000,-0.96938,0.94077,0.22734
1969.80000,-0.96924,0.94081,0.27386
1969.85000,-0.96910,0.94085,0.31995
1969.90000,-0.96896,0.94090,0.36558
1969.95000,-0.96883,0.94096,0.41074
1970.00000,-0.96869,0.94102,0.45544
1970.05000,-0.96856,0.94109,0.49966
1970.10000,-0.96843,0.94116,0.54341
1970.15000,-0.96830,0.94124,0.58667
1970.20000,-0.96818,0.94133,0.62948
1970.25000,-0.96805,0.94143,0.67207
1970.30000,-0.96793,0.94153,0.71447
1970.35000,-0.96781,0.94164,0.75663
1970.40000,-0.96769,0.94176,0.79849
1970.45000,-0.96757,0.94188,0.83999
1970.50000,-0.96745,0.94202,0.88109
1970.55000,-0.96734,0.94216,0.92176
1970.60000,-0.96724,0.94230,0.96195
1970.65000,-0.96714,0.94245,1.00162
1970.70000,-0.96704,0.94261,1.04076
1970.75000,-0.96695,0.94277,1.07934
1970.80000,-0.96686,0.94294,1.11736
1970.85000,-0.96678,0.94311,1.15478
1970.90000,-0.96573,0.94479,1.19108
1970.95000,-0.96302,0.95087,1.22545
1971.00000,-0.95987,0.96008,1.26008
1971.05000,-0.95698,0.96965,1.29500
1971.10000,-0.95442,0.97932,1.32919
1971.15000,-0.95220,0.98907,1.36258
1971.20000,-0.95029,0.99888,1.39515
1971.25000,-0.94870,1.00875,1.42686
1971.30000,-0.94742,1.01867,1.45769
1971.35000,-0.94644,1.02862,1.48758
1971.40000,-0.94575,1.03859,1.51649
1971.45000,-0.94535,1.04858,1.54436
1971.50000,-0.94522,1.05858,1.57112
1971.55000,-0.94535,1.06858,1.59670
1971.60000,-0.94573,1.07859,1.62092
1971.65000,-0.94635,1.08857,1.64378
1971.70000,-0.94719,1.09854,1.66513
1971.75000,-0.94822,1.10848,1.68474
1971.80000,-0.94936,1.11842,1.70422
1971.85000,-0.94953,1.12502,1.72374
1971.90000,-0.94955,1.12629,1.74000
1971.95000,-0.94959,1.12650,1.75098
1972.00000,-0.94961,1.12663,1.76008
1972.05000,-0.94964,1.12677,1.76809
1972.10000,-0.94966,1.12692,1.77491
1972.15000,-0.94969,1.12709,1.78067
1972.20000,-0.94972,1.12722,1.78517
1972.25000,-0.94975,1.12736,1.78836
1972.30000,-0.94978,1.12748,1.79057
1972.35000,-0.94981,1.12762,1.79145
1972.40000,-0.94984,1.12773,1.79123
1972.45000,-0.94986,1.12785,1.78995
1972.50000,-0.94989,1.12796,1.78751
1972.55000,-0.94992,1.12809,1.78412
1972.60000,-0.94994,1.12819,1.77964
1972.65000,-0.94996,1.12828,1.77419
1972.70000,-0.94999,1.12841,1.76801
1972.75000,-0.95000,1.12851,1.76085
1972.80000,-0.95003,1.12863,1.75298
1972.85000,-0.95005,1.12875,1.74426
1972.90000,-0.95007,1.12887,1.73477
1972.95000,-0.95009,1.12899,1.72460
1973.00000,-0.95010,1.12911,1.71376
1973.05000,-0.95012,1.12922,1.70226
1973.10000,-0.95014,1.12934,1.69016
1973.15000,-0.95015,1.12946,1.67746
1973.20000,-0.95016,1.12958,1.66423
1973.25000,-0.95017,1.12971,1.65047
1973.30000,-0.95018,1.12983,1.63623
1973.35000,-0.95019,1.12996,1.62151
1973.40000,-0.95020,1.13008,1.60633
1973.45000,-0.95020,1.13021,1.59047
1973.50000,-0.95020,1.13034,1.57358
1973.55000,-0.95020,1.13047,1.55500
1973.60000,-0.95020,1.13060,1.53433
1973.65000,-0.95019,1.13074,1.51151
1973.70000,-0.95018,1.13088,1.48665
1973.75000,-0.95016,1.13103,1.45986
1973.80000,-0.95014,1.13119,1.43124
1973.85000,-0.95012,1.13136,1.40093
1973.90000,-0.95009,1.13154,1.36902
1973.95000,-0.95004,1.13173,1.33564
1974.00000,-0.94999,1.13193,1.30093
1974.05000,-0.94993,1.13214,1.26501
1974.10000,-0.94985,1.13237,1.22799
1974.15000,-0.94976,1.13261,1.18997
1974.20000,-0.94966,1.13285,1.15109
1974.25000,-0.94953,1.13312,1.11142
1974.30000,-0.94939,1.13340,1.07106
1974.35000,-0.94948,1.13321,1.02808
1974.40000,-0.94929,1.13351,0.98673
1974.45000,-0.94908,1.13382,0.94524
1974.50000,-0.94886,1.13412,0.90375
1974.55000,-0.94862,1.13441,0.86230
1974.60000,-0.94836,1.13470,0.82087
1974.65000,-0.94808,1.13499,0.77936
1974.70000,-0.94778,1.13527,0.73773
1974.75000,-0.94746,1.13555,0.69597
1974.80000,-0.94712,1.13583,0.65404
1974.85000,-0.94674,1.13610,0.61199
1974.90000,-0.94635,1.13637,0.56985
1974.95000,-0.94592,1.13663,0.52763
1975.00000,-0.94546,1.13688,0.48537
1975.05000,-0.94498,1.13712,0.44308
1975.10000,-0.94446,1.13736,0.40081
1975.15000,-0.94391,1.13757,0.35859
1975.20000,-0.94336,1.13776,0.31639
1975.25000,-0.94277,1.13794,0.27449
1975.30000,-0.94216,1.13810,0.23290
1975.35000,-0.94154,1.13823,0.19168
1975.40000,-0.94092,1.13834,0.15083
1975.45000,-0.94028,1.13842,0.11035
1975.50000,-0.93965,1.13848,0.07014
1975.55000,-0.93900,1.13851,0.03014
1975.60000,-0.93834,1.13852,-0.00963
1975.65000,-0.93767,1.13850,-0.04918
1975.70000,-0.93700,1.13846,-0.08849
1975.75000,-0.93631,1.13838,-0.12755
1975.80000,-0.93562,1.13828,-0.16636
1975.85000,-0.93491,1.13815,-0.20491
1975.90000,-0.93420,1.13798,-0.24319
1975.95000,-0.93348,1.13779,-0.28121
1976.00000,-0.93276,1.13757,-0.31894
1976.05000,-0.93204,1.13731,-0.35634
1976.10000,-0.93132,1.13703,-0.39330
1976.15000,-0.93062,1.13672,-0.42971
1976.20000,-0.92993,1.13639,-0.46559
1976.25000,-0.92926,1.13604,-0.50092
1976.30000,-0.92860,1.13567,-0.53580
1976.35000,-0.92797,1.13528,-0.57027
1976.40000,-0.92735,1.13486,-0.60437
1976.45000,-0.92675,1.13443,-0.63809
1976.50000,-0.92616,1.13398,-0.67144
1976.55000,-0.92559,1.13352,-0.70440
1976.60000,-0.92504,1.13303,-0.73699
1976.65000,-0.92451,1.13253,-0.76920
1976.70000,-0.92217,1.13017,-0.80036
1976.75000,-0.91624,1.12388,-0.82825
1976.80000,-0.90982,1.11665,-0.86028
1976.85000,-0.90341,1.10898,-0.89067
1976.90000,-0.89746,1.10136,-0.92149
1976.95000,-0.89154,1.09333,-0.95023
1977.00000,-0.88584,1.08511,-0.97795
1977.05000,-0.88036,1.07675,-1.00472
1977.10000,-0.87511,1.06824,-1.03048
1977.15000,-0.87007,1.05960,-1.05518
1977.20000,-0.86525,1.05085,-1.07874
1977.25000,-0.86084,1.04238,-1.10265
1977.30000,-0.85654,1.03363,-1.12467
1977.35000,-0.85242,1.02477,-1.14493
1977.40000,-0.84852,1.01595,-1.16358
1977.45000,-0.84477,1.00732,-1.18293
1977.50000,-0.84417,1.00438,-1.19634
1977.55000,-0.84415,1.00437,-1.20318
1977.60000,-0.84413,1.00433,-1.20753
1977.65000,-0.84409,1.00424,-1.21130
1977.70000,-0.84407,1.00418,-1.21442
1977.75000,-0.84404,1.00412,-1.21698
1977.80000,-0.84402,1.00406,-1.21903
1977.85000,-0.84399,1.00401,-1.22051
1977.90000,-0.84397,1.00396,-1.22144
1977.95000,-0.84395,1.00390,-1.22183
1978.00000,-0.84393,1.00385,-1.22154
1978.05000,-0.84391,1.00379,-1.22045
1978.10000,-0.84389,1.00376,-1.21797
1978.15000,-0.84391,1.00378,-1.21323
1978.20000,-0.84390,1.00372,-1.20588
1978.25000,-0.84390,1.00366,-1.19620
1978.30000,-0.84388,1.00357,-1.18367
1978.35000,-0.84388,1.00355,-1.16851
1978.40000,-0.84380,1.00336,-1.15060
1978.45000,-0.84378,1.00322,-1.13076
1978.50000,-0.84373,1.00308,-1.11020
1978.55000,-0.84352,1.00267,-1.08895
1978.60000,-0.84323,1.00215,-1.06668
1978.65000,-0.84313,1.00195,-1.04523
1978.70000,-0.84294,1.00158,-1.02136
1978.75000,-0.84291,1.00155,-0.99724
1978.80000,-0.84289,1.00151,-0.97066
1978.85000,-0.84287,1.00148,-0.94151
1978.90000,-0.84284,1.00145,-0.90944
1978.95000,-0.84282,1.00141,-0.87472
1979.00000,-0.84278,1.00138,-0.83800
1979.05000,-0.84275,1.00134,-0.79989
1979.10000,-0.84272,1.00131,-0.76103
1979.15000,-0.84268,1.00127,-0.72171
1979.20000,-0.84264,1.00124,-0.68222
1979.25000,-0.84260,1.00121,-0.64273
1979.30000,-0.84256,1.00118,-0.60324
1979.35000,-0.84252,1.00115,-0.56377
1979.40000,-0.84247,1.00112,-0.52426
1979.45000,-0.84243,1.00110,-0.48429
1979.50000,-0.84238,1.00107,-0.44364
1979.55000,-0.84232,1.00105,-0.40212
1979.60000,-0.84227,1.00103,-0.35958
1979.65000,-0.84220,1.00101,-0.31614
1979.70000,-0.84214,1.00098,-0.27202
1979.75000,-0.84207,1.00097,-0.22739
1979.80000,-0.84199,1.00095,-0.18240
1979.85000,-0.84191,1.00094,-0.13732
1979.90000,-0.84183,1.00093,-0.09241
1979.95000,-0.84175,1.00092,-0.04779
1980.00000,-0.84167,1.00092,-0.00346
1980.05000,-0.84158,1.00092,0.04056
1980.10000,-0.84150,1.00093,0.08427
1980.15000,-0.84142,1.00094,0.12764
1980.20000,-0.84134,1.00095,0.17066
1980.25000,-0.84126,1.00096,0.21342
1980.30000,-0.84118,1.00098,0.25603
1980.35000,-0.84109,1.00101,0.29852
1980.40000,-0.84100,1.00104,0.34092
1980.45000,-0.84092,1.00107,0.38329
1980.50000,-0.84082,1.00111,0.42559
1980.55000,-0.84073,1.00115,0.46776
1980.60000,-0.84064,1.00120,0.50969
1980.65000,-0.84054,1.00126,0.55128
1980.70000,-0.84045,1.00132,0.59245
1980.75000,-0.84036,1.00138,0.63316
1980.80000,-0.84028,1.00145,0.67342
1980.85000,-0.84019,1.00152,0.71321
1980.90000,-0.84011,1.00159,0.75250
1980.95000,-0.84003,1.00167,0.79134
1981.00000,-0.83995,1.00175,0.82976
1981.05000,-0.83987,1.00184,0.86776
1981.10000,-0.83980,1.00193,0.90538
1981.15000,-0.83970,1.00205,0.94302
1981.20000,-0.83961,1.00217,0.97993
1981.25000,-0.83956,1.00225,1.01639
1981.30000,-0.83951,1.00233,1.05238
1981.35000,-0.83946,1.00241,1.08782
1981.40000,-0.83943,1.00249,1.12273
1981.45000,-0.83935,1.00263,1.15725
1981.50000,-0.83928,1.00277,1.19121
1981.55000,-0.83926,1.00285,1.22446
1981.60000,-0.83913,1.00316,1.25799
1981.65000,-0.83911,1.00327,1.29016
1981.70000,-0.83829,1.00504,1.32112
1981.75000,-0.83643,1.01181,1.35048
1981.80000,-0.83442,1.02148,1.38096
1981.85000,-0.83278,1.03083,1.41304
1981.90000,-0.83148,1.03992,1.44584
1981.95000,-0.83049,1.04906,1.47798
1982.00000,-0.82978,1.05825,1.50937
1982.05000,-0.82935,1.06747,1.53996
1982.10000,-0.82920,1.07672,1.56973
1982.15000,-0.82933,1.08600,1.59864
1982.20000,-0.82972,1.09529,1.62663
1982.25000,-0.83036,1.10459,1.65360
1982.30000,-0.83126,1.11390,1.67944
1982.35000,-0.83239,1.12322,1.70385
1982.40000,-0.83379,1.13292,1.72665
1982.45000,-0.83541,1.14268,1.74642
1982.50000,-0.83711,1.15216,1.76426
1982.55000,-0.83764,1.15897,1.77539
1982.60000,-0.83785,1.16509,1.77300
1982.65000,-0.83792,1.17101,1.75633
1982.70000,-0.83805,1.17377,1.73229
1982.75000,-0.83860,1.17628,1.73093
1982.80000,-0.83916,1.17927,1.75558
1982.85000,-0.83956,1.18171,1.80734
1982.90000,-0.83976,1.18245,1.87223
1982.95000,-0.83992,1.18292,1.94661
1983.00000,-0.84006,1.18324,2.02783
1983.05000,-0.84018,1.18345,2.11393
1983.10000,-0.84028,1.18360,2.20349
1983.15000,-0.84036,1.18370,2.29550
1983.20000,-0.84038,1.18372,2.38807
1983.25000,-0.84039,1.18373,2.47821
1983.30000,-0.84040,1.18373,2.56371
1983.35000,-0.84041,1.18373,2.64080
1983.40000,-0.84041,1.18374,2.71289
1983.45000,-0.84042,1.18374,2.78230
1983.50000,-0.84042,1.18374,2.84480
1983.55000,-0.84043,1.18374,2.89788
1983.60000,-0.84246,1.18422,2.94697
1983.65000,-0.84865,1.18529,2.99264
1983.70000,-0.85718,1.18639,3.03334
1983.75000,-0.86655,1.18741,3.07085
1983.80000,-0.87136,1.18756,3.10313
1983.85000,-0.87284,1.18755,3.12168
1983.90000,-0.87292,1.18755,3.13096
1983.95000,-0.87295,1.18755,3.13789
1984.00000,-0.87299,1.18755,-3.13959
1984.05000,-0.87303,1.18755,-3.13478
1984.10000,-0.87308,1.18755,-3.13075
1984.15000,-0.87312,1.18755,-3.12747
1984.20000,-0.87317,1.18754,-3.12492
1984.25000,-0.87321,1.18754,-3.12311
1984.30000,-0.87326,1.18754,-3.12208
1984.35000,-0.87331,1.18754,-3.12177
1984.40000,-0.87336,1.18754,-3.12213
1984.45000,-0.87341,1.18754,-3.12316
1984.50000,-0.87346,1.18754,-3.12489
1984.55000,-0.87351,1.18754,-3.12728
1984.60000,-0.87357,1.18754,-3.13027
1984.65000,-0.87362,1.18754,-3.13384
1984.70000,-0.87367,1.18754,-3.13800
1984.75000,-0.87373,1.18754,3.14040
1984.80000,-0.87379,1.18754,3.13496
1984.85000,-0.87385,1.18754,3.12895
1984.90000,-0.87391,1.18754,3.12243
1984.95000,-0.87398,1.18754,3.11539
1985.00000,-0.87404,1.18754,3.10787
1985.05000,-0.87410,1.18754,3.09984
1985.10000,-0.87417,1.18755,3.09132
1985.15000,-0.87424,1.18755,3.08232
1985.20000,-0.87431,1.18756,3.07285
1985.25000,-0.87438,1.18756,3.06293
1985.30000,-0.87445,1.18757,3.05259
1985.35000,-0.87453,1.18757,3.04183
1985.40000,-0.87461,1.18758,3.03064
1985.45000,-0.87470,1.18759,3.01909
1985.50000,-0.87478,1.18760,3.00718
1985.55000,-0.87487,1.18762,2.99494
1985.60000,-0.87495,1.18763,2.98238
1985.65000,-0.87504,1.18764,2.96953
1985.70000,-0.87512,1.18766,2.95638
1985.75000,-0.87521,1.18767,2.94296
1985.80000,-0.87529,1.18769,2.92928
1985.85000,-0.87538,1.18771,2.91535
1985.90000,-0.87546,1.18773,2.90117
1985.95000,-0.87555,1.18775,2.88674
1986.00000,-0.87563,1.18778,2.87207
1986.05000,-0.87573,1.18780,2.85717
1986.10000,-0.87582,1.18783,2.84207
1986.15000,-0.87591,1.18786,2.82679
1986.20000,-0.87600,1.18789,2.81133
1986.25000,-0.87610,1.18792,2.79571
1986.30000,-0.87619,1.18796,2.77994
1986.35000,-0.87628,1.18799,2.76403
1986.40000,-0.87638,1.18803,2.74799
1986.45000,-0.87647,1.18807,2.73184
1986.50000,-0.87656,1.18811,2.71558
1986.55000,-0.87665,1.18815,2.69922
1986.60000,-0.87674,1.18820,2.68278
1986.65000,-0.87683,1.18824,2.66626
1986.70000,-0.87692,1.18829,2.64968
1986.75000,-0.87692,1.18830,2.63273
1986.80000,-0.87683,1.18826,2.61542
1986.85000,-0.87679,1.18824,2.59824
1986.90000,-0.87672,1.18820,2.58093
1986.95000,-0.87650,1.18808,2.56277
1987.00000,-0.87657,1.18812,2.54596
1987.05000,-0.87666,1.18818,2.52923
1987.10000,-0.87674,1.18824,2.51250
1987.15000,-0.87682,1.18830,2.49577
1987.20000,-0.87690,1.18836,2.47905
1987.25000,-0.87688,1.18835,2.46190
1987.30000,-0.87664,1.18815,2.44348
1987.35000,-0.87637,1.18791,2.42487
1987.40000,-0.87610,1.18768,2.40634
1987.45000,-0.87585,1.18744,2.38793
1987.50000,-0.87560,1.18720,2.36962
1987.55000,-0.87536,1.18696,2.35143
1987.60000,-0.87512,1.18671,2.33337
1987.65000,-0.87490,1.18647,2.31543
1987.70000,-0.87468,1.18622,2.29762
1987.75000,-0.87446,1.18597,2.27994
1987.80000,-0.87426,1.18573,2.26241
1987.85000,-0.87406,1.18548,2.24502
1987.90000,-0.87387,1.18523,2.22779
1987.95000,-0.87369,1.18499,2.21072
1988.00000,-0.87351,1.18474,2.19381
1988.05000,-0.87335,1.18450,2.17707
1988.10000,-0.87318,1.18426,2.16051
1988.15000,-0.87303,1.18402,2.14412
1988.20000,-0.87288,1.18378,2.12791
1988.25000,-0.87274,1.18354,2.11189
1988.30000,-0.87261,1.18330,2.09605
1988.35000,-0.87248,1.18307,2.08041
1988.40000,-0.87409,1.18483,2.06618
1988.45000,-0.87834,1.19214,2.05260
1988.50000,-0.88274,1.20071,2.03771
1988.55000,-0.88704,1.20937,2.02327
1988.60000,-0.89123,1.21813,2.00907
1988.65000,-0.89532,1.22699,1.99526
1988.70000,-0.89926,1.23585,1.98230
1988.75000,-0.90311,1.24480,1.96999
1988.80000,-0.90686,1.25382,1.95858
1988.85000,-0.91053,1.26292,1.94849
1988.90000,-0.91412,1.27206,1.94022
1988.95000,-0.91766,1.28128,1.93464
1989.00000,-0.92119,1.29058,1.93326
1989.05000,-0.92474,1.29992,1.93229
1989.10000,-0.92606,1.30478,1.93732
1989.15000,-0.92650,1.30606,1.96381
1989.20000,-0.92676,1.30674,2.00324
1989.25000,-0.92677,1.30677,2.04078
1989.30000,-0.92679,1.30679,2.07824
1989.35000,-0.92681,1.30682,2.11505
1989.40000,-0.92682,1.30685,2.15077
1989.45000,-0.92684,1.30687,2.18531
1989.50000,-0.92686,1.30690,2.21960
1989.55000,-0.92688,1.30692,2.25370
1989.60000,-0.92690,1.30695,2.28758
1989.65000,-0.92692,1.30697,2.32123
1989.70000,-0.92694,1.30699,2.35463
1989.75000,-0.92693,1.30699,2.38766
1989.80000,-0.92695,1.30702,2.42073
1989.85000,-0.92694,1.30702,2.45313
1989.90000,-0.92748,1.30746,2.48501
1989.95000,-0.92802,1.30788,2.51405
1990.00000,-0.92839,1.30816,2.54083
1990.05000,-0.92860,1.30829,2.56637
1990.10000,-0.92866,1.30831,2.59155
1990.15000,-0.92882,1.30842,2.61623
1990.20000,-0.92886,1.30844,2.64009
1990.25000,-0.92917,1.30859,2.66451
1990.30000,-0.92962,1.30881,2.68856
1990.35000,-0.92983,1.30888,2.71087
1990.40000,-0.93013,1.30902,2.73329
1990.45000,-0.93048,1.30917,2.75556
1990.50000,-0.93089,1.30933,2.77796
1990.55000,-0.93136,1.30951,2.80064
1990.60000,-0.93183,1.30968,2.82313
1990.65000,-0.93215,1.30979,2.84435
1990.70000,-0.93258,1.30993,2.86508
1990.75000,-0.93465,1.31085,2.88448
1990.80000,-0.94220,1.31307,2.90225
1990.85000,-0.95175,1.31531,2.92108
1990.90000,-0.96131,1.31736,2.94132
1990.95000,-0.97098,1.31937,2.96138
1991.00000,-0.97620,1.31961,2.97904
1991.05000,-0.97667,1.31966,3.00129
1991.10000,-0.97877,1.32017,3.02346
1991.15000,-0.98668,1.32117,3.04478
1991.20000,-0.99617,1.32199,3.06610
1991.25000,-1.00563,1.32261,3.08681
1991.30000,-1.01556,1.32305,3.10537
1991.35000,-1.02517,1.32332,3.12282
1991.40000,-1.03531,1.32343,3.13844
1991.45000,-1.04541,1.32340,-3.13156
1991.50000,-1.05547,1.32324,-3.12151
1991.55000,-1.06549,1.32301,-3.11550
1991.60000,-1.07564,1.32277,-3.11005
1991.65000,-1.07997,1.32268,-3.10560
1991.70000,-1.07995,1.32268,-3.11001
1991.75000,-1.07995,1.32268,-3.11783
1991.80000,-1.07992,1.32268,-3.12589
1991.85000,-1.07992,1.32268,-3.13437
1991.90000,-1.07995,1.32268,3.13983
1991.95000,-1.07998,1.32268,3.13053
1992.00000,-1.08001,1.32268,3.12099
1992.05000,-1.08004,1.32268,3.11135
1992.10000,-1.08007,1.32268,3.10101
1992.15000,-1.08010,1.32269,3.08972
1992.20000,-1.08013,1.32269,3.07756
1992.25000,-1.08017,1.32269,3.06464
1992.30000,-1.08020,1.32269,3.05122
1992.35000,-1.08024,1.32270,3.03746
1992.40000,-1.08027,1.32270,3.02339
1992.45000,-1.08031,1.32271,3.00915
1992.50000,-1.08034,1.32271,2.99484
1992.55000,-1.08038,1.32272,2.98044
1992.60000,-1.08042,1.32272,2.96595
1992.65000,-1.08045,1.32273,2.95140
1992.70000,-1.08049,1.32274,2.93673
1992.75000,-1.08052,1.32274,2.92186
1992.80000,-1.08056,1.32275,2.90686
1992.85000,-1.08059,1.32276,2.89176
1992.90000,-1.08063,1.32277,2.87658
1992.95000,-1.08066,1.32278,2.86107
1993.00000,-1.08062,1.32276,2.84551
1993.05000,-1.08043,1.32272,2.83027
1993.10000,-1.08034,1.32270,2.81449
1993.15000,-1.08018,1.32266,2.80029
1993.20000,-1.07996,1.32260,2.78540
1993.25000,-1.07965,1.32248,2.77039
1993.30000,-1.07934,1.32236,2.75513
1993.35000,-1.07902,1.32222,2.73964
1993.40000,-1.07869,1.32208,2.72391
1993.45000,-1.07836,1.32193,2.70786
1993.50000,-1.07802,1.32177,2.69153
1993.55000,-1.07768,1.32161,2.67484
1993.60000,-1.07733,1.32142,2.65759
1993.65000,-1.07697,1.32123,2.63997
1993.70000,-1.07661,1.32103,2.62186
1993.75000,-1.07623,1.32080,2.60322
1993.80000,-1.07585,1.32057,2.58409
1993.85000,-1.07547,1.32033,2.56479
1993.90000,-1.07511,1.32008,2.54601
1993.95000,-1.07475,1.31983,2.52730
1994.00000,-1.07439,1.31958,2.50862
1994.05000,-1.07405,1.31931,2.49005
1994.10000,-1.07371,1.31905,2.47156
1994.15000,-1.07337,1.31877,2.45294
1994.20000,-1.07304,1.31849,2.43441
1994.25000,-1.07272,1.31821,2.41591
1994.30000,-1.07240,1.31792,2.39750
1994.35000,-1.07209,1.31762,2.37920
1994.40000,-1.07179,1.31733,2.36095
1994.45000,-1.07149,1.31702,2.34268
1994.50000,-1.07120,1.31672,2.32455
1994.55000,-1.07092,1.31641,2.30645
1994.60000,-1.07064,1.31609,2.28841
1994.65000,-1.07037,1.31578,2.27063
1994.70000,-1.07012,1.31547,2.25323
1994.75000,-1.07167,1.31711,2.23612
1994.80000,-1.07702,1.32405,2.22103
1994.85000,-1.08280,1.33179,2.20543
1994.90000,-1.08847,1.33962,2.19238
1994.95000,-1.09415,1.34762,2.18439
1995.00000,-1.09977,1.35554,2.17688
1995.05000,-1.10188,1.35867,2.18541
1995.10000,-1.10252,1.35961,2.21889
1995.15000,-1.10256,1.35967,2.26572
1995.20000,-1.10258,1.35969,2.31657
1995.25000,-1.10260,1.35971,2.37043
1995.30000,-1.10263,1.35974,2.42662
1995.35000,-1.10265,1.35976,2.48425
1995.40000,-1.10268,1.35978,2.54238
1995.45000,-1.10271,1.35980,2.60054
1995.50000,-1.10275,1.35982,2.65857
1995.55000,-1.10278,1.35983,2.71647
1995.60000,-1.10281,1.35985,2.77420
1995.65000,-1.10285,1.35986,2.83179
1995.70000,-1.10288,1.35987,2.88932
1995.75000,-1.10292,1.35988,2.94715
1995.80000,-1.10296,1.35988,3.00565
1995.85000,-1.10300,1.35989,3.06506
1995.90000,-1.10304,1.35989,3.12544
1995.95000,-1.10309,1.35989,-3.09661
1996.00000,-1.10315,1.35989,-3.03495
1996.05000,-1.10320,1.35988,-2.97326
1996.10000,-1.10326,1.35987,-2.91179
1996.15000,-1.10332,1.35985,-2.85073
1996.20000,-1.10338,1.35983,-2.79015
1996.25000,-1.10343,1.35981,-2.73009
1996.30000,-1.10348,1.35978,-2.67055
1996.35000,-1.10354,1.35976,-2.61153
1996.40000,-1.10359,1.35972,-2.55299
1996.45000,-1.10364,1.35969,-2.49488
1996.50000,-1.10369,1.35965,-2.43693
1996.55000,-1.10374,1.35960,-2.37928
1996.60000,-1.10379,1.35955,-2.32175
1996.65000,-1.10384,1.35949,-2.26428
1996.70000,-1.10389,1.35943,-2.20706
1996.75000,-1.10394,1.35936,-2.15028
1996.80000,-1.10398,1.35929,-2.09402
1996.85000,-1.10402,1.35921,-2.03842
1996.90000,-1.10406,1.35913,-1.98353
1996.95000,-1.10409,1.35905,-1.92924
1997.00000,-1.10412,1.35897,-1.87560
1997.05000,-1.10415,1.35888,-1.82254
1997.10000,-1.10417,1.35878,-1.76997
1997.15000,-1.10419,1.35868,-1.71789
1997.20000,-1.10420,1.35857,-1.66633
1997.25000,-1.10421,1.35845,-1.61531
1997.30000,-1.10421,1.35832,-1.56487
1997.35000,-1.10421,1.35818,-1.51502
1997.40000,-1.10420,1.35803,-1.46581
1997.45000,-1.10418,1.35789,-1.41727
1997.50000,-1.10415,1.35775,-1.36945
1997.55000,-1.10412,1.35761,-1.32236
1997.60000,-1.10408,1.35747,-1.27601
1997.65000,-1.10404,1.35734,-1.23042
1997.70000,-1.10399,1.35720,-1.18559
1997.75000,-1.10393,1.35707,-1.14154
1997.80000,-1.10386,1.35692,-1.09830
1997.85000,-1.10255,1.35499,-1.05586
1997.90000,-1.09910,1.34932,-1.01563
1997.95000,-1.09451,1.34227,-0.97255
1998.00000,-1.08888,1.33438,-0.93011
1998.05000,-1.08319,1.32709,-0.88580
1998.10000,-1.07664,1.31939,-0.84348
1998.15000,-1.07013,1.31236,-0.80062
1998.20000,-1.06326,1.30558,-0.75646
1998.25000,-1.05601,1.29903,-0.71288
1998.30000,-1.04920,1.29316,-0.66783
1998.35000,-1.04678,1.29156,-0.62269
1998.40000,-1.04670,1.29150,-0.57498
1998.45000,-1.04664,1.29147,-0.52767
1998.50000,-1.04658,1.29143,-0.48168
1998.55000,-1.04493,1.29039,-0.43690
1998.60000,-1.03860,1.28749,-0.39670
1998.65000,-1.03017,1.28412,-0.35577
1998.70000,-1.02098,1.28092,-0.31291
1998.75000,-1.01185,1.27817,-0.26883
1998.80000,-1.00253,1.27579,-0.22427
1998.85000,-0.99318,1.27387,-0.17894
1998.90000,-0.98340,1.27232,-0.13426
1998.95000,-0.97386,1.27125,-0.08852
1999.00000,-0.96471,1.27063,-0.04164
1999.05000,-0.95583,1.27047,0.00513
1999.10000,-0.94696,1.27072,0.04973
1999.15000,-0.93765,1.27139,0.08921
1999.20000,-0.92811,1.27242,0.12361
1999.25000,-0.91795,1.27376,0.15730
1999.30000,-0.91262,1.27397,0.19153
1999.35000,-0.91178,1.27404,0.21511
1999.40000,-0.91148,1.27409,0.23288
1999.45000,-0.91122,1.27414,0.25016
1999.50000,-0.91133,1.27410,0.26747
1999.55000,-0.91145,1.27407,0.28345
1999.60000,-0.91127,1.27409,0.29753
1999.65000,-0.91109,1.27413,0.31071
1999.70000,-0.91089,1.27418,0.32303
1999.75000,-0.91067,1.27425,0.33363
1999.80000,-0.91050,1.27430,0.34350
1999.85000,-0.91034,1.27435,0.35250
1999.90000,-0.91032,1.27436,0.36116
1999.95000,-0.91030,1.27437,0.36981
2000.00000,-0.91024,1.27439,0.37669
2000.05000,-0.91017,1.27441,0.38261
2000.10000,-0.91012,1.27444,0.38783
2000.15000,-0.91002,1.27448,0.39182
2000.20000,-0.90992,1.27452,0.39514
2000.25000,-0.90984,1.27455,0.39808
2000.30000,-0.90976,1.27459,0.40080
2000.35000,-0.90967,1.27463,0.40373
2000.40000,-0.90955,1.27467,0.40644
2000.45000,-0.90944,1.27472,0.40880
2000.50000,-0.90935,1.27476,0.41102
2000.55000,-0.90926,1.27479,0.41298
2000.60000,-0.90917,1.27484,0.41461
2000.65000,-0.90907,1.27487,0.41576
2000.70000,-0.90899,1.27491,0.41602
2000.75000,-0.90891,1.27494,0.41557
2000.80000,-0.90883,1.27498,0.41423
2000.85000,-0.90874,1.27502,0.41217
2000.90000,-0.90864,1.27506,0.40942
2000.95000,-0.90856,1.27510,0.40641
2001.00000,-0.90849,1.27513,0.40339
2001.05000,-0.90839,1.27518,0.40065
2001.10000,-0.90832,1.27521,0.39775
2001.15000,-0.90824,1.27525,0.39496
2001.20000,-0.90816,1.27529,0.39224
2001.25000,-0.90808,1.27532,0.38937
2001.30000,-0.90802,1.27535,0.38650
2001.35000,-0.90795,1.27539,0.38353
2001.40000,-0.90787,1.27542,0.38022
2001.45000,-0.90782,1.27545,0.37666
2001.50000,-0.90771,1.27549,0.37244
2001.55000,-0.90761,1.27554,0.36698
2001.60000,-0.90751,1.27558,0.36112
2001.65000,-0.90742,1.27562,0.35422
2001.70000,-0.90730,1.27567,0.34630
2001.75000,-0.90716,1.27573,0.33772
2001.80000,-0.90700,1.27579,0.32830
2001.85000,-0.90674,1.27588,0.31832
2001.90000,-0.90648,1.27597,0.30834
2001.95000,-0.90621,1.27606,0.29834
2002.00000,-0.90595,1.27616,0.28833
2002.05000,-0.90567,1.27626,0.27831
2002.10000,-0.90540,1.27637,0.26829
2002.15000,-0.90512,1.27648,0.25824
2002.20000,-0.90484,1.27659,0.24819
2002.25000,-0.90455,1.27670,0.23813
2002.30000,-0.90426,1.27682,0.22806
2002.35000,-0.90397,1.27695,0.21797
2002.40000,-0.90368,1.27705,0.20743
2002.45000,-0.90326,1.27714,0.19562
2002.50000,-0.90295,1.27721,0.18334
2002.55000,-0.90260,1.27729,0.17098
2002.60000,-0.90231,1.27734,0.15814
2002.65000,-0.90208,1.27739,0.14473
2002.70000,-0.90147,1.27748,0.13119
2002.75000,-0.90095,1.27756,0.11787
2002.80000,-0.90001,1.27768,0.10379
2002.85000,-0.89906,1.27779,0.08966
2002.90000,-0.89834,1.27785,0.07516
2002.95000,-0.89778,1.27790,0.06150
2003.00000,-0.89726,1.27793,0.04707
2003.05000,-0.89666,1.27796,0.03374
2003.10000,-0.89617,1.27798,0.02008
2003.15000,-0.89552,1.27799,0.00666
2003.20000,-0.89506,1.27799,-0.00686
2003.25000,-0.89432,1.27798,-0.02048
2003.30000,-0.89398,1.27797,-0.03444
2003.35000,-0.89363,1.27795,-0.04839
2003.40000,-0.89327,1.27793,-0.06243
2003.45000,-0.89256,1.27788,-0.07610
2003.50000,-0.89191,1.27782,-0.09013
2003.55000,-0.89119,1.27774,-0.10467
2003.60000,-0.89053,1.27766,-0.11881
2003.65000,-0.88962,1.27753,-0.13375
2003.70000,-0.88877,1.27740,-0.14850
2003.75000,-0.88787,1.27723,-0.16348
2003.80000,-0.88707,1.27708,-0.17834
2003.85000,-0.88607,1.27687,-0.19292
2003.90000,-0.88479,1.27660,-0.20844
2003.95000,-0.88380,1.27637,-0.22337
2004.00000,-0.88293,1.27615,-0.23903
2004.05000,-0.88210,1.27595,-0.25464
2004.10000,-0.88128,1.27573,-0.27016
2004.15000,-0.88045,1.27549,-0.28557
2004.20000,-0.87962,1.27524,-0.30088
2004.25000,-0.87879,1.27498,-0.31605
2004.30000,-0.87796,1.27471,-0.33116
2004.35000,-0.87711,1.27441,-0.34623
2004.40000,-0.87622,1.27407,-0.36123
2004.45000,-0.87528,1.27369,-0.37616
2004.50000,-0.87427,1.27325,-0.39101
2004.55000,-0.87316,1.27276,-0.40535
2004.60000,-0.87199,1.27223,-0.41945
2004.65000,-0.87076,1.27167,-0.43341
2004.70000,-0.86945,1.27105,-0.44706
2004.75000,-0.86818,1.27043,-0.46097
2004.80000,-0.86517,1.26840,-0.47520
2004.85000,-0.85712,1.26402,-0.48872
2004.90000,-0.84832,1.25927,-0.50188
2004.95000,-0.83959,1.25441,-0.51488
2005.00000,-0.83092,1.24943,-0.52768
2005.05000,-0.82246,1.24441,-0.54089
2005.10000,-0.81421,1.23936,-0.55449
2005.15000,-0.80604,1.23420,-0.56789
2005.20000,-0.79792,1.22894,-0.58099
2005.25000,-0.78988,1.22356,-0.59377
2005.30000,-0.78189,1.21807,-0.60634
2005.35000,-0.77397,1.21249,-0.61874
2005.40000,-0.76612,1.20681,-0.63099
2005.45000,-0.75832,1.20102,-0.64298
2005.50000,-0.75059,1.19516,-0.65498
2005.55000,-0.74293,1.18921,-0.66687
2005.60000,-0.73534,1.18316,-0.67859
2005.65000,-0.72781,1.17702,-0.69015
2005.70000,-0.72035,1.17080,-0.70152
2005.75000,-0.71296,1.16449,-0.71265
2005.80000,-0.70563,1.15808,-0.72332
2005.85000,-0.69836,1.15160,-0.73353
2005.90000,-0.69114,1.14503,-0.74323
2005.95000,-0.68398,1.13838,-0.75238
2006.00000,-0.67686,1.13166,-0.76097
2006.05000,-0.66978,1.12487,-0.76890
2006.10000,-0.66274,1.11802,-0.77606
2006.15000,-0.65573,1.11109,-0.78244
2006.20000,-0.64872,1.10409,-0.78793
2006.25000,-0.64174,1.09704,-0.79239
2006.30000,-0.63477,1.08995,-0.79554
2006.35000,-0.62780,1.08283,-0.79756
2006.40000,-0.62082,1.07567,-0.79826
2006.45000,-0.61383,1.06851,-0.79756
2006.50000,-0.60681,1.06133,-0.79505
2006.55000,-0.59977,1.05415,-0.79244
2006.60000,-0.59360,1.04784,-0.78989
2006.65000,-0.59200,1.04616,-0.78539
2006.70000,-0.59189,1.04605,-0.77357
2006.75000,-0.59178,1.04593,-0.76136
2006.80000,-0.59166,1.04580,-0.74914
2006.85000,-0.59155,1.04568,-0.73692
2006.90000,-0.59143,1.04556,-0.72469
2006.95000,-0.59131,1.04543,-0.71245
2007.00000,-0.59119,1.04530,-0.70022
2007.05000,-0.59107,1.04517,-0.68797
2007.10000,-0.59094,1.04504,-0.67572
2007.15000,-0.59082,1.04491,-0.66347
2007.20000,-0.59069,1.04478,-0.65121
2007.25000,-0.59060,1.04472,-0.63999
2007.30000,-0.59052,1.04465,-0.62876
2007.35000,-0.58908,1.04325,-0.61796
2007.40000,-0.58290,1.03811,-0.60918
2007.45000,-0.57465,1.03239,-0.60358
2007.50000,-0.56635,1.02671,-0.59646
2007.55000,-0.55807,1.02106,-0.58896
2007.60000,-0.55448,1.01944,-0.58273
2007.65000,-0.55400,1.01918,-0.56529
2007.70000,-0.55360,1.01894,-0.54476
2007.75000,-0.55326,1.01873,-0.52548
2007.80000,-0.55296,1.01855,-0.50659
2007.85000,-0.55275,1.01844,-0.48829
2007.90000,-0.55245,1.01828,-0.46972
2007.95000,-0.55222,1.01817,-0.45165
2008.00000,-0.55190,1.01802,-0.43311
2008.05000,-0.55158,1.01787,-0.41460
2008.10000,-0.55108,1.01766,-0.39540
2008.15000,-0.55074,1.01754,-0.37740
2008.20000,-0.55047,1.01744,-0.36056
2008.25000,-0.55020,1.01736,-0.34482
2008.30000,-0.54990,1.01727,-0.33073
2008.35000,-0.54793,1.01610,-0.31838
2008.40000,-0.54014,1.01316,-0.30826
2008.45000,-0.53081,1.01023,-0.29942
2008.50000,-0.52149,1.00740,-0.28901
2008.55000,-0.51218,1.00470,-0.27671
2008.60000,-0.50281,1.00210,-0.26281
2008.65000,-0.49349,0.99960,-0.24862
2008.70000,-0.48841,0.99919,-0.23685
2008.75000,-0.48803,0.99915,-0.22109
2008.80000,-0.48724,0.99848,-0.20556
2008.85000,-0.48075,0.99667,-0.19231
2008.90000,-0.47112,0.99481,-0.18743
2008.95000,-0.46130,0.99296,-0.18538
2009.00000,-0.45145,0.99112,-0.18417
2009.05000,-0.44162,0.98929,-0.18383
2009.10000,-0.43178,0.98747,-0.18434
2009.15000,-0.42196,0.98563,-0.18568
2009.20000,-0.41214,0.98377,-0.18734
2009.25000,-0.40233,0.98191,-0.18917
2009.30000,-0.39249,0.98001,-0.19116
2009.35000,-0.38267,0.97810,-0.19333
2009.40000,-0.37286,0.97617,-0.19556
2009.45000,-0.36301,0.97421,-0.19781
2009.50000,-0.35323,0.97224,-0.19993
2009.55000,-0.34343,0.97024,-0.20191
2009.60000,-0.33364,0.96823,-0.20360
2009.65000,-0.32383,0.96620,-0.20487
2009.70000,-0.31404,0.96417,-0.20553
2009.75000,-0.30425,0.96212,-0.20549
2009.80000,-0.29446,0.96009,-0.20469
2009.85000,-0.28465,0.95806,-0.20282
2009.90000,-0.27481,0.95606,-0.19978
2009.95000,-0.26492,0.95408,-0.19512
2010.00000,-0.25501,0.95215,-0.18880
2010.05000,-0.24513,0.95031,-0.18075
2010.10000,-0.23516,0.94854,-0.16998
2010.15000,-0.22536,0.94697,-0.15937
2010.20000,-0.22104,0.94655,-0.14736
2010.25000,-0.22034,0.94647,-0.12707
2010.30000,-0.21973,0.94640,-0.10537
2010.35000,-0.21916,0.94635,-0.08483
2010.40000,-0.21860,0.94630,-0.06514
2010.45000,-0.21802,0.94627,-0.04611
2010.50000,-0.21749,0.94625,-0.02730
2010.55000,-0.21692,0.94623,-0.00858
2010.60000,-0.21637,0.94623,0.01033
2010.65000,-0.21581,0.94624,0.02974
2010.70000,-0.21524,0.94626,0.04977
2010.75000,-0.21465,0.94629,0.07068
2010.80000,-0.21403,0.94633,0.09252
2010.85000,-0.21336,0.94639,0.11551
2010.90000,-0.21268,0.94647,0.13989
2010.95000,-0.21197,0.94656,0.16582
2011.00000,-0.21124,0.94668,0.19333
2011.05000,-0.21047,0.94682,0.22235
2011.10000,-0.20963,0.94701,0.25275
2011.15000,-0.20876,0.94724,0.28449
2011.20000,-0.20789,0.94750,0.31673
2011.25000,-0.20701,0.94779,0.34946
2011.30000,-0.20616,0.94810,0.38281
2011.35000,-0.20529,0.94845,0.41656
2011.40000,-0.20444,0.94884,0.45072
2011.45000,-0.20362,0.94924,0.48522
2011.50000,-0.20280,0.94967,0.52015
2011.55000,-0.20194,0.95019,0.55563
2011.60000,-0.20109,0.95074,0.59155
2011.65000,-0.20025,0.95133,0.62781
2011.70000,-0.19942,0.95196,0.66435
2011.75000,-0.19868,0.95254,0.70091
2011.80000,-0.19861,0.95249,0.73734
2011.85000,-0.19799,0.95305,0.77344
2011.90000,-0.19761,0.95341,0.81057
2011.95000,-0.19761,0.95340,0.84641
2012.00000,-0.19743,0.95358,0.88059
2012.05000,-0.19721,0.95383,0.91523
2012.10000,-0.19687,0.95427,0.95087
2012.15000,-0.19663,0.95462,0.98593
2012.20000,-0.19647,0.95482,1.02015
2012.25000,-0.19602,0.95557,1.05678
2012.30000,-0.19575,0.95608,1.09212
2012.35000,-0.19557,0.95642,1.12641
2012.40000,-0.19550,0.95657,1.15970
2012.45000,-0.19544,0.95672,1.19279
2012.50000,-0.19538,0.95688,1.22568
2012.55000,-0.19532,0.95705,1.25835
2012.60000,-0.19527,0.95722,1.29076
2012.65000,-0.19522,0.95739,1.32290
2012.70000,-0.19518,0.95756,1.35475
2012.75000,-0.19515,0.95774,1.38627
2012.80000,-0.19512,0.95792,1.41747
2012.85000,-0.19509,0.95810,1.44833
2012.90000,-0.19507,0.95828,1.47882
2012.95000,-0.19506,0.95846,1.50893
2013.00000,-0.19489,0.96045,1.53864
2013.05000,-0.19474,0.96813,1.56677
2013.10000,-0.19484,0.97808,1.59546
2013.15000,-0.19523,0.98807,1.62389
2013.20000,-0.19590,0.99805,1.65178
2013.25000,-0.19684,1.00800,1.67914
2013.30000,-0.19805,1.01776,1.70654
2013.35000,-0.19952,1.02757,1.73332
2013.40000,-0.20123,1.03711,1.76054
2013.45000,-0.20311,1.04623,1.78823
2013.50000,-0.20524,1.05531,1.81518
2013.55000,-0.20762,1.06434,1.84136
2013.60000,-0.21024,1.07334,1.86674
2013.65000,-0.21309,1.08228,1.89132
2013.70000,-0.21616,1.09117,1.91506
2013.75000,-0.21944,1.10001,1.93794
2013.80000,-0.22309,1.10927,1.95897
2013.85000,-0.22689,1.11826,1.98087
2013.90000,-0.23102,1.12750,2.00194
2013.95000,-0.23540,1.13678,2.02154
2014.00000,-0.23988,1.14584,2.03999
2014.05000,-0.24451,1.15479,2.05663
2014.10000,-0.24918,1.16363,2.07321
2014.15000,-0.25256,1.17114,2.09083
2014.20000,-0.25311,1.17389,2.10468
2014.25000,-0.25315,1.17413,2.10875
2014.30000,-0.25317,1.17417,2.10919
2014.35000,-0.25319,1.17420,2.11092
2014.40000,-0.25321,1.17424,2.11378
2014.45000,-0.25324,1.17428,2.11745
2014.50000,-0.25326,1.17432,2.12170
2014.55000,-0.25329,1.17437,2.12635
2014.60000,-0.25332,1.17441,2.13126
2014.65000,-0.25335,1.17446,2.13634
2014.70000,-0.25338,1.17451,2.14150
2014.75000,-0.25341,1.17455,2.14667
2014.80000,-0.25344,1.17460,2.15182
2014.85000,-0.25348,1.17465,2.15690
2014.90000,-0.25351,1.17470,2.16188
2014.95000,-0.25354,1.17476,2.16674
2015.00000,-0.25358,1.17481,2.17147
2015.05000,-0.25361,1.17486,2.17654
2015.10000,-0.25365,1.17491,2.18288
2015.15000,-0.25371,1.17500,2.19093
2015.20000,-0.25463,1.17595,2.19943
2015.25000,-0.25961,1.18189,2.20912
2015.30000,-0.26563,1.18991,2.22054
2015.35000,-0.27175,1.19787,2.23267
2015.40000,-0.27799,1.20579,2.24550
2015.45000,-0.28433,1.21362,2.26009
2015.50000,-0.29069,1.22121,2.27720
2015.55000,-0.29717,1.22866,2.29861
2015.60000,-0.30326,1.23552,2.32034
2015.65000,-0.30585,1.23831,2.35038
2015.70000,-0.30704,1.23946,2.39826
2015.75000,-0.30723,1.23963,2.45918
2015.80000,-0.30727,1.23966,2.52195
2015.85000,-0.30731,1.23969,2.58437
2015.90000,-0.30736,1.23972,2.64643
2015.95000,-0.30742,1.23975,2.70814
2016.00000,-0.30748,1.23977,2.76918
2016.05000,-0.30755,1.23980,2.82960
2016.10000,-0.30763,1.23982,2.88928
2016.15000,-0.30770,1.23984,2.94831
2016.20000,-0.30778,1.23985,3.00671
2016.25000,-0.30786,1.23986,3.06448
2016.30000,-0.30794,1.23986,3.12154
2016.35000,-0.30801,1.23986,-3.10535
2016.40000,-0.30809,1.23986,-3.05003
2016.45000,-0.30817,1.23985,-2.99583
2016.50000,-0.30825,1.23983,-2.94263
2016.55000,-0.30832,1.23982,-2.89051
2016.60000,-0.30840,1.23979,-2.83953
2016.65000,-0.30848,1.23977,-2.78960
2016.70000,-0.30855,1.23974,-2.74068
2016.75000,-0.30863,1.23970,-2.69274
2016.80000,-0.30871,1.23966,-2.64569
2016.85000,-0.30878,1.23962,-2.59953
2016.90000,-0.30886,1.23957,-2.55427
2016.95000,-0.30893,1.23952,-2.50994
2017.00000,-0.30901,1.23946,-2.46655
2017.05000,-0.30907,1.23941,-2.42440
2017.10000,-0.31070,1.23786,-2.38322
2017.15000,-0.31655,1.23214,-2.34860
2017.20000,-0.32333,1.22501,-2.31317
2017.25000,-0.32996,1.21755,-2.28078
2017.30000,-0.33618,1.21012,-2.25215
2017.35000,-0.34204,1.20291,-2.22311
2017.40000,-0.34430,1.19992,-2.20054
2017.45000,-0.34446,1.19965,-2.19388
2017.50000,-0.34453,1.19957,-2.19239
2017.55000,-0.34457,1.19951,-2.19233
2017.60000,-0.34462,1.19948,-2.19321
2017.65000,-0.34465,1.19944,-2.19475
2017.70000,-0.34467,1.19940,-2.19654
2017.75000,-0.34470,1.19936,-2.19836
2017.80000,-0.34472,1.19933,-2.20020
2017.85000,-0.34475,1.19929,-2.20205
2017.90000,-0.34478,1.19925,-2.20391
2017.95000,-0.34480,1.19921,-2.20577
2018.00000,-0.34484,1.19916,-2.20744
2018.05000,-0.34488,1.19910,-2.20869
2018.10000,-0.34494,1.19902,-2.20853
2018.15000,-0.34503,1.19892,-2.20749
2018.20000,-0.34513,1.19880,-2.20536
2018.25000,-0.34524,1.19866,-2.20228
2018.30000,-0.34537,1.19848,-2.19862
2018.35000,-0.34551,1.19829,-2.19496
2018.40000,-0.34563,1.19812,-2.19135
2018.45000,-0.34576,1.19796,-2.18824
2018.50000,-0.34587,1.19780,-2.18552
2018.55000,-0.34598,1.19765,-2.18319
2018.60000,-0.34608,1.19750,-2.18110
2018.65000,-0.34619,1.19734,-2.17881
2018.70000,-0.34631,1.19717,-2.17619
2018.75000,-0.34643,1.19700,-2.17331
2018.80000,-0.34655,1.19682,-2.17040
2018.85000,-0.34668,1.19664,-2.16747
2018.90000,-0.34680,1.19645,-2.16436
2018.95000,-0.34694,1.19625,-2.16083
2019.00000,-0.34709,1.19602,-2.15661
2019.05000,-0.34725,1.19578,-2.15170
2019.10000,-0.34741,1.19553,-2.14617
2019.15000,-0.34758,1.19527,-2.14083
2019.20000,-0.34775,1.19502,-2.13549
2019.25000,-0.34792,1.19476,-2.13015
2019.30000,-0.34809,1.19449,-2.12481
2019.35000,-0.34825,1.19424,-2.12002
2019.40000,-0.34839,1.19400,-2.11577
2019.45000,-0.34854,1.19375,-2.11156
2019.50000,-0.34868,1.19352,-2.10800
2019.55000,-0.34881,1.19329,-2.10462
2019.60000,-0.34895,1.19305,-2.10111
2019.65000,-0.34910,1.19280,-2.09739
2019.70000,-0.34925,1.19254,-2.09366
2019.75000,-0.34941,1.19226,-2.08958
2019.80000,-0.34957,1.19198,-2.08550
2019.85000,-0.34974,1.19169,-2.08142
2019.90000,-0.34990,1.19141,-2.07733
2019.95000,-0.35007,1.19112,-2.07324
2020.00000,-0.35024,1.19083,-2.06914
2020.05000,-0.35040,1.19055,-2.06505
2020.10000,-0.35057,1.19026,-2.06094
2020.15000,-0.35074,1.18997,-2.05685
2020.20000,-0.35091,1.18968,-2.05276
2020.25000,-0.35106,1.18939,-2.05003
2020.30000,-0.35121,1.18910,-2.04756
2020.35000,-0.35136,1.18881,-2.04509
2020.40000,-0.35151,1.18851,-2.04263
2020.45000,-0.35165,1.18822,-2.04018
2020.50000,-0.35180,1.18793,-2.03773
2020.55000,-0.35194,1.18765,-2.03530
2020.60000,-0.35209,1.18736,-2.03287
2020.65000,-0.35223,1.18707,-2.03044
2020.70000,-0.35237,1.18679,-2.02802
2020.75000,-0.35251,1.18650,-2.02560
2020.80000,-0.35265,1.18622,-2.02320
2020.85000,-0.35278,1.18594,-2.02080
2020.90000,-0.35292,1.18566,-2.01841
2020.95000,-0.35305,1.18539,-2.01602
2021.00000,-0.35318,1.18511,-2.01364
2021.05000,-0.35331,1.18483,-2.01126
2021.10000,-0.35344,1.18456,-2.00888
2021.15000,-0.35357,1.18429,-2.00651
2021.20000,-0.35370,1.18402,-2.00415
2021.25000,-0.35382,1.18375,-2.00179
2021.30000,-0.35394,1.18348,-1.99946
2021.35000,-0.35407,1.18321,-1.99712
2021.40000,-0.35419,1.18295,-1.99479
2021.45000,-0.35431,1.18269,-1.99246
2021.50000,-0.35443,1.18242,-1.99014
2021.55000,-0.35454,1.18216,-1.98786
2021.60000,-0.35465,1.18191,-1.98565
2021.65000,-0.35476,1.18165,-1.98347
2021.70000,-0.35487,1.18140,-1.98131
2021.75000,-0.35497,1.18115,-1.97914
2021.80000,-0.35506,1.18093,-1.98427
2021.85000,-0.35518,1.18068,-1.99055
2021.90000,-0.35529,1.18044,-1.99704
2021.95000,-0.35539,1.18020,-2.00387
2022.00000,-0.35550,1.17997,-2.01083
2022.05000,-0.35562,1.17972,-2.01778
2022.10000,-0.35574,1.17948,-2.02486
2022.15000,-0.35586,1.17924,-2.03190
2022.20000,-0.35599,1.17897,-2.03885
2022.25000,-0.35613,1.17870,-2.04567
2022.30000,-0.35628,1.17840,-2.05235
2022.35000,-0.35645,1.17808,-2.05888
2022.40000,-0.35663,1.17774,-2.06528
2022.45000,-0.35782,1.17619,-2.07218
2022.50000,-0.36218,1.17044,-2.07996
2022.55000,-0.36701,1.16188,-2.08644
2022.60000,-0.37189,1.15334,-2.09344
2022.65000,-0.37665,1.14507,-2.10037
2022.70000,-0.38010,1.13812,-2.10786
2022.75000,-0.38024,1.13724,-2.11712
2022.80000,-0.38035,1.13711,-2.12691
2022.85000,-0.38046,1.13695,-2.13638
2022.90000,-0.38060,1.13678,-2.14547
2022.95000,-0.38075,1.13657,-2.15418
2023.00000,-0.38231,1.13495,-2.16338
2023.05000,-0.38730,1.12886,-2.17285
2023.10000,-0.39288,1.12081,-2.18112
2023.15000,-0.39853,1.11282,-2.18989
2023.20000,-0.40424,1.10489,-2.19940
2023.25000,-0.40996,1.09701,-2.20898
2023.30000,-0.41173,1.09339,-2.21971
2023.35000,-0.41180,1.09328,-2.23190
2023.40000,-0.41182,1.09326,-2.24438
2023.45000,-0.41186,1.09320,-2.25628
2023.50000,-0.41192,1.09313,-2.26759
2023.55000,-0.41317,1.09183,-2.27909
2023.60000,-0.41723,1.08771,-2.29156
2023.65000,-0.42345,1.08098,-2.30299
2023.70000,-0.43000,1.07378,-2.31382
2023.75000,-0.43661,1.06667,-2.32555
2023.80000,-0.44326,1.05959,-2.33730
2023.85000,-0.44602,1.05648,-2.34887
2023.90000,-0.44606,1.05646,-2.36215
2023.95000,-0.44604,1.05648,-2.37635
2024.00000,-0.44604,1.05649,-2.38947
2024.05000,-0.44738,1.05523,-2.40184
2024.10000,-0.45148,1.05122,-2.41438
2024.15000,-0.45839,1.04497,-2.42633
2024.20000,-0.46576,1.03864,-2.43846
2024.25000,-0.47318,1.03244,-2.45174
2024.30000,-0.48064,1.02629,-2.46509
2024.35000,-0.48328,1.02460,-2.47751
2024.40000,-0.48318,1.02468,-2.49488
2024.45000,-0.48303,1.02480,-2.51308
2024.50000,-0.48288,1.02493,-2.53103
2024.55000,-0.48274,1.02505,-2.54857
2024.60000,-0.48267,1.02509,-2.56548
2024.65000,-0.48260,1.02513,-2.58147
2024.70000,-0.48350,1.02425,-2.59707
2024.75000,-0.48875,1.01980,-2.61122
2024.80000,-0.49710,1.01496,-2.62446
2024.85000,-0.50562,1.01018,-2.63821
2024.90000,-0.51414,1.00556,-2.65209
2024.95000,-0.52274,1.00105,-2.66659
2025.00000,-0.53134,0.99670,-2.68177
2025.05000,-0.54001,0.99247,-2.69808
2025.10000,-0.54854,0.98836,-2.71488
2025.15000,-0.55186,0.98777,-2.72769
2025.20000,-0.55173,0.98784,-2.74847
2025.25000,-0.55143,0.98795,-2.77019
2025.30000,-0.55115,0.98805,-2.79135
2025.35000,-0.55089,0.98814,-2.81165
2025.40000,-0.55085,0.98816,-2.83005
2025.45000,-0.55220,0.98704,-2.84836
2025.50000,-0.55910,0.98447,-2.86500
2025.55000,-0.56844,0.98189,-2.88121
2025.60000,-0.57785,0.97945,-2.89771
2025.65000,-0.58720,0.97719,-2.91419
2025.70000,-0.59656,0.97510,-2.93097
2025.75000,-0.60594,0.97317,-2.94822
2025.80000,-0.61534,0.97141,-2.96643
2025.85000,-0.62475,0.96983,-2.98573
2025.90000,-0.63424,0.96839,-3.00488
2025.95000,-0.63795,0.96813,-3.02459
2026.00000,-0.63800,0.96812,-3.04666
2026.05000,-0.63820,0.96810,-3.06839
2026.10000,-0.63840,0.96809,-3.08980
2026.15000,-0.63860,0.96808,-3.11091
2026.20000,-0.63880,0.96808,-3.13159
2026.25000,-0.63900,0.96808,3.13156
2026.30000,-0.64080,0.96818,3.11159
2026.35000,-0.64662,0.96854,3.09102
2026.40000,-0.65587,0.96912,3.07095
2026.45000,-0.66536,0.96988,3.05143
2026.50000,-0.67481,0.97083,3.03156
2026.55000,-0.68424,0.97197,3.01134
2026.60000,-0.69363,0.97330,2.99062
2026.65000,-0.70311,0.97485,2.96984
2026.70000,-0.71272,0.97662,2.94887
2026.75000,-0.72213,0.97856,2.92642
2026.80000,-0.73134,0.98058,2.90318
2026.85000,-0.73605,0.98099,2.87890
2026.90000,-0.73606,0.98098,2.85474
2026.95000,-0.73623,0.98104,2.83116
2027.00000,-0.73641,0.98110,2.80800
2027.05000,-0.73658,0.98116,2.78526
2027.10000,-0.73803,0.98220,2.76199
2027.15000,-0.74542,0.98546,2.74025
2027.20000,-0.75404,0.98924,2.71685
2027.25000,-0.76257,0.99322,2.69341
2027.30000,-0.77100,0.99740,2.66989
2027.35000,-0.77934,1.00177,2.64632
2027.40000,-0.78777,1.00646,2.62352
2027.45000,-0.79589,1.01122,2.59951
2027.50000,-0.80387,1.01618,2.57518
2027.55000,-0.81172,1.02132,2.55059
2027.60000,-0.81943,1.02666,2.52580
2027.65000,-0.82701,1.03218,2.50085
2027.70000,-0.83445,1.03789,2.47579
2027.75000,-0.84173,1.04378,2.45065
2027.80000,-0.84887,1.04986,2.42542
2027.85000,-0.85585,1.05611,2.40015
2027.90000,-0.86267,1.06253,2.37489
2027.95000,-0.86932,1.06913,2.34972
2028.00000,-0.87582,1.07589,2.32470
2028.05000,-0.88214,1.08282,2.29990
2028.10000,-0.88830,1.08991,2.27534
2028.15000,-0.89428,1.09715,2.25107
2028.20000,-0.90009,1.10453,2.22705
2028.25000,-0.90573,1.11206,2.20331
2028.30000,-0.91120,1.11973,2.17982
2028.35000,-0.91648,1.12752,2.15664
2028.40000,-0.92159,1.13544,2.13377
2028.45000,-0.92653,1.14349,2.11125
2028.50000,-0.93128,1.15165,2.08908
2028.55000,-0.93587,1.15992,2.06731
2028.60000,-0.94027,1.16829,2.04592
2028.65000,-0.94451,1.17677,2.02497
2028.70000,-0.94857,1.18534,2.00444
2028.75000,-0.95246,1.19401,1.98438
2028.80000,-0.95618,1.20276,1.96476
2028.85000,-0.95974,1.21159,1.94565
2028.90000,-0.96313,1.22050,1.92702
2028.95000,-0.96637,1.22948,1.90891
2029.00000,-0.96945,1.23853,1.89131
2029.05000,-0.97237,1.24764,1.87427
2029.10000,-0.97515,1.25682,1.85775
2029.15000,-0.97778,1.26605,1.84181
2029.20000,-0.98027,1.27534,1.82642
2029.25000,-0.98262,1.28467,1.81163
2029.30000,-0.98484,1.29406,1.79740
2029.35000,-0.98693,1.30349,1.78379
2029.40000,-0.98890,1.31296,1.77076
2029.45000,-0.99075,1.32247,1.75835
2029.50000,-0.99249,1.33201,1.74653
2029.55000,-0.99412,1.34159,1.73535
2029.60000,-0.99565,1.35121,1.72478
2029.65000,-0.99709,1.36085,1.71486
2029.70000,-0.99843,1.37053,1.70555
2029.75000,-0.99972,1.38027,1.69704
2029.80000,-1.00092,1.39001,1.68893
2029.85000,-1.00204,1.39976,1.68138
2029.90000,-1.00312,1.40952,1.67384
2029.95000,-1.00360,1.41799,1.66654
2030.00000,-1.00361,1.42050,1.65999
2030.05000,-1.00363,1.42066,1.65523
2030.10000,-1.00364,1.42077,1.65095
2030.15000,-1.00365,1.42091,1.64700
2030.20000,-1.00366,1.42104,1.64345
2030.25000,-1.00368,1.42119,1.64024
2030.30000,-1.00368,1.42132,1.63746
2030.35000,-1.00370,1.42148,1.63551
2030.40000,-1.00370,1.42163,1.63443
2030.45000,-1.00371,1.42177,1.63338
2030.50000,-1.00373,1.42192,1.63273
2030.55000,-1.00374,1.42212,1.63398
2030.60000,-1.00375,1.42232,1.63593
2030.65000,-1.00376,1.42251,1.63840
2030.70000,-1.00377,1.42268,1.64152
2030.75000,-1.00379,1.42290,1.64500
2030.80000,-1.00380,1.42314,1.64890
2030.85000,-1.00382,1.42335,1.65305
2030.90000,-1.00383,1.42359,1.65752
2030.95000,-1.00384,1.42377,1.66186
2031.00000,-1.00386,1.42395,1.66643
2031.05000,-1.00388,1.42417,1.67087
2031.10000,-1.00389,1.42435,1.67568
2031.15000,-1.00391,1.42450,1.68017
2031.20000,-1.00393,1.42467,1.68445
2031.25000,-1.00395,1.42489,1.68842
2031.30000,-1.00397,1.42505,1.69217
2031.35000,-1.00398,1.42512,1.69591
2031.40000,-1.00400,1.42533,1.69927
2031.45000,-1.00403,1.42551,1.70260
2031.50000,-1.00405,1.42569,1.70601
2031.55000,-1.00407,1.42588,1.70867
2031.60000,-1.00410,1.42605,1.71111
2031.65000,-1.00471,1.42732,1.71386
2031.70000,-1.00611,1.43300,1.71657
2031.75000,-1.00757,1.44245,1.71848
2031.80000,-1.00905,1.45237,1.71994
2031.85000,-1.01055,1.46229,1.72175
2031.90000,-1.01207,1.47221,1.72368
2031.95000,-1.01360,1.48212,1.72602
2032.00000,-1.01517,1.49206,1.72874
2032.05000,-1.01677,1.50198,1.73183
2032.10000,-1.01840,1.51193,1.73514
2032.15000,-1.02008,1.52194,1.73861
2032.20000,-1.02180,1.53200,1.74224
2032.25000,-1.02357,1.54209,1.74594
2032.30000,-1.02534,1.55198,1.75024
2032.35000,-1.02716,1.56193,1.75457
2032.40000,-1.02903,1.57188,1.75896
2032.45000,-1.03094,1.58183,1.76338
2032.50000,-1.03291,1.59180,1.76787
2032.55000,-1.03492,1.60179,1.77242
2032.60000,-1.03699,1.61180,1.77708
2032.65000,-1.03908,1.62171,1.78224
2032.70000,-1.04122,1.63157,1.78778
2032.75000,-1.04342,1.64145,1.79333
2032.80000,-1.04566,1.65128,1.79918
2032.85000,-1.04796,1.66107,1.80514
2032.90000,-1.05034,1.67088,1.81131
2032.95000,-1.05276,1.68066,1.81722
2033.00000,-1.05523,1.69038,1.82337
2033.05000,-1.05777,1.70010,1.82985
2033.10000,-1.06039,1.70985,1.83633
2033.15000,-1.06306,1.71959,1.84338
2033.20000,-1.06579,1.72922,1.85039
2033.25000,-1.06860,1.73889,1.85802
2033.30000,-1.07136,1.74824,1.86523
2033.35000,-1.07191,1.75275,1.87622
2033.40000,-1.07198,1.75301,1.88525
2033.45000,-1.07203,1.75316,1.89472
2033.50000,-1.07208,1.75331,1.90477
2033.55000,-1.07214,1.75351,1.91559
2033.60000,-1.07219,1.75364,1.92674
2033.65000,-1.07224,1.75378,1.93859
2033.70000,-1.07229,1.75391,1.95112
2033.75000,-1.07235,1.75404,1.96426
2033.80000,-1.07240,1.75417,1.97769
2033.85000,-1.07246,1.75430,1.99137
2033.90000,-1.07252,1.75444,2.00506
2033.95000,-1.07258,1.75457,2.01869
2034.00000,-1.07265,1.75470,2.03225
2034.05000,-1.07271,1.75483,2.04574
2034.10000,-1.07278,1.75496,2.05916
2034.15000,-1.07285,1.75508,2.07249
2034.20000,-1.07292,1.75521,2.08586
2034.25000,-1.07299,1.75534,2.09941
2034.30000,-1.07311,1.75557,2.11383
2034.35000,-1.07329,1.75589,2.12856
2034.40000,-1.07353,1.75631,2.14373
2034.45000,-1.07381,1.75676,2.15900
2034.50000,-1.07409,1.75721,2.17458
2034.55000,-1.07439,1.75767,2.19067
2034.60000,-1.07471,1.75814,2.20734
2034.65000,-1.07504,1.75861,2.22437
2034.70000,-1.07538,1.75908,2.24144
2034.75000,-1.07573,1.75954,2.25835
2034.80000,-1.07608,1.75999,2.27503
2034.85000,-1.07644,1.76042,2.29151
2034.90000,-1.07680,1.76086,2.30775
2034.95000,-1.07831,1.76236,2.32353
2035.00000,-1.08248,1.76653,2.34009
2035.05000,-1.08892,1.77299,2.35637
2035.10000,-1.09578,1.77975,2.37116
2035.15000,-1.10275,1.78642,2.38530
2035.20000,-1.10982,1.79301,2.39867
2035.25000,-1.11722,1.79973,2.41054
2035.30000,-1.12448,1.80616,2.42228
2035.35000,-1.13191,1.81260,2.43290
2035.40000,-1.13935,1.81891,2.44308
2035.45000,-1.14685,1.82516,2.45236
2035.50000,-1.15455,1.83144,2.46003
2035.55000,-1.16237,1.83775,2.46669
2035.60000,-1.17027,1.84404,2.47241
2035.65000,-1.17821,1.85029,2.47693
2035.70000,-1.18616,1.85649,2.48035
2035.75000,-1.19410,1.86265,2.48282
2035.80000,-1.20205,1.86879,2.48451
2035.85000,-1.20998,1.87491,2.48548
2035.90000,-1.21792,1.88102,2.48602
2035.95000,-1.22585,1.88713,2.48607
2036.00000,-1.23376,1.89322,2.48558
2036.05000,-1.24166,1.89932,2.48456
2036.10000,-1.24954,1.90542,2.48305
2036.15000,-1.25740,1.91152,2.48098
2036.20000,-1.26524,1.91763,2.47833
2036.25000,-1.27305,1.92375,2.47517
2036.30000,-1.28083,1.92989,2.47142
2036.35000,-1.28858,1.93606,2.46705
2036.40000,-1.29631,1.94227,2.46250
2036.45000,-1.30011,1.94463,2.45641
2036.50000,-1.30007,1.94460,2.45014
2036.55000,-1.30002,1.94456,2.44389
2036.60000,-1.29998,1.94453,2.43826
2036.65000,-1.30168,1.94621,2.43160
2036.70000,-1.30772,1.95193,2.42490
2036.75000,-1.31516,1.95844,2.42081
2036.80000,-1.32257,1.96498,2.41634
2036.85000,-1.32993,1.97154,2.41091
2036.90000,-1.33724,1.97814,2.40445
2036.95000,-1.34457,1.98482,2.39796
2037.00000,-1.34717,1.98693,2.39056
2037.05000,-1.34707,1.98685,2.38109
2037.10000,-1.34696,1.98675,2.37189
2037.15000,-1.34687,1.98667,2.36349
2037.20000,-1.34808,1.98788,2.35520
2037.25000,-1.35186,1.99165,2.34660
2037.30000,-1.35799,1.99787,2.33906
2037.35000,-1.36485,2.00500,2.33382
2037.40000,-1.37164,2.01216,2.32791
2037.45000,-1.37838,2.01934,2.32116
2037.50000,-1.38504,2.02655,2.31380
2037.55000,-1.39165,2.03381,2.30584
2037.60000,-1.39820,2.04111,2.29689
2037.65000,-1.40483,2.04855,2.28724
2037.70000,-1.40699,2.05142,2.27879
2037.75000,-1.40682,2.05125,2.26270
2037.80000,-1.40655,2.05093,2.24233
2037.85000,-1.40629,2.05060,2.21883
2037.90000,-1.40596,2.05014,2.19107
2037.95000,-1.40555,2.04954,2.15769
2038.00000,-1.40506,2.04877,2.11903
2038.05000,-1.40454,2.04788,2.07610
2038.10000,-1.40403,2.04690,2.02997
2038.15000,-1.40366,2.04613,1.98271
2038.20000,-1.40348,2.04569,1.93555
2038.25000,-1.40344,2.04564,1.88943
2038.30000,-1.40341,2.04560,1.84368
2038.35000,-1.40333,2.04542,1.79761
2038.40000,-1.40326,2.04520,1.75156
2038.45000,-1.40326,2.04524,1.70655
2038.50000,-1.40327,2.04530,1.66141
2038.55000,-1.40327,2.04537,1.61572
2038.60000,-1.40327,2.04521,1.56834
2038.65000,-1.40327,2.04495,1.51940
2038.70000,-1.40326,2.04506,1.47102
2038.75000,-1.40325,2.04518,1.42218
2038.80000,-1.40322,2.04531,1.37307
2038.85000,-1.40319,2.04546,1.32370
2038.90000,-1.40314,2.04563,1.27401
2038.95000,-1.40308,2.04581,1.22412
2039.00000,-1.40300,2.04602,1.17419
2039.05000,-1.40291,2.04623,1.12456
2039.10000,-1.40279,2.04646,1.07531
2039.15000,-1.40266,2.04668,1.02649
2039.20000,-1.40252,2.04690,0.97818
2039.25000,-1.40237,2.04712,0.93039
2039.30000,-1.40220,2.04733,0.88312
2039.35000,-1.40203,2.04753,0.83638
2039.40000,-1.40184,2.04773,0.79012
2039.45000,-1.40164,2.04793,0.74426
2039.50000,-1.40142,2.04812,0.69869
2039.55000,-1.40117,2.04832,0.65331
2039.60000,-1.40089,2.04852,0.60811
2039.65000,-1.40057,2.04873,0.56318
2039.70000,-1.40021,2.04895,0.51871
2039.75000,-1.39982,2.04916,0.47490
2039.80000,-1.39938,2.04938,0.43176
2039.85000,-1.39889,2.04959,0.38931
2039.90000,-1.39835,2.04980,0.34754
2039.95000,-1.39775,2.05000,0.30646
2040.00000,-1.39709,2.05020,0.26605
2040.05000,-1.39637,2.05038,0.22622
2040.10000,-1.39559,2.05054,0.18691
2040.15000,-1.39476,2.05068,0.14804
2040.20000,-1.39393,2.05079,0.10953
2040.25000,-1.39310,2.05086,0.07130
2040.30000,-1.39227,2.05091,0.03328
2040.35000,-1.39147,2.05092,-0.00457
2040.40000,-1.39067,2.05090,-0.04226
2040.45000,-1.38989,2.05085,-0.07967
2040.50000,-1.38708,2.05045,-0.11669
2040.55000,-1.37956,2.04941,-0.15169
2040.60000,-1.37037,2.04783,-0.18900
2040.65000,-1.36144,2.04593,-0.22875
2040.70000,-1.35274,2.04372,-0.26976
2040.75000,-1.34411,2.04114,-0.31118
2040.80000,-1.33565,2.03822,-0.35333
2040.85000,-1.32741,2.03524,-0.39519
2040.90000,-1.32553,2.03502,-0.43594
2040.95000,-1.32540,2.03496,-0.47730
2041.00000,-1.32363,2.03367,-0.51866
2041.05000,-1.31702,2.02971,-0.55441
2041.10000,-1.30949,2.02484,-0.59292
2041.15000,-1.30211,2.01964,-0.63167
2041.20000,-1.29493,2.01417,-0.67059
2041.25000,-1.28798,2.00843,-0.70997
2041.30000,-1.28128,2.00243,-0.75011
2041.35000,-1.27486,1.99619,-0.79183
2041.40000,-1.26860,1.98957,-0.83422
2041.45000,-1.26280,1.98315,-0.87632
2041.50000,-1.26171,1.98170,-0.91870
2041.55000,-1.26126,1.98109,-0.96375
2041.60000,-1.26082,1.98043,-1.00965
2041.65000,-1.26041,1.97973,-1.05564
2041.70000,-1.26002,1.97900,-1.10113
2041.75000,-1.25966,1.97825,-1.14561
2041.80000,-1.25932,1.97747,-1.18851
2041.85000,-1.25815,1.97482,-1.23003
2041.90000,-1.25576,1.96769,-1.26893
2041.95000,-1.25329,1.95913,-1.30972
2042.00000,-1.25113,1.95039,-1.34893
2042.05000,-1.24931,1.94153,-1.38638
2042.10000,-1.24780,1.93255,-1.42194
2042.15000,-1.24659,1.92347,-1.45554
2042.20000,-1.24568,1.91432,-1.48728
2042.25000,-1.24505,1.90511,-1.51769
2042.30000,-1.24470,1.89585,-1.54710
2042.35000,-1.24461,1.88657,-1.57586
2042.40000,-1.24479,1.87728,-1.60423
2042.45000,-1.24523,1.86799,-1.63220
2042.50000,-1.24593,1.85870,-1.65930
2042.55000,-1.24675,1.84947,-1.68618
2042.60000,-1.24691,1.84516,-1.71285
2042.65000,-1.24704,1.84435,-1.73629
2042.70000,-1.24717,1.84371,-1.75812
2042.75000,-1.24733,1.84297,-1.77835
2042.80000,-1.24753,1.84207,-1.79838
2042.85000,-1.24774,1.84124,-1.81653
2042.90000,-1.24797,1.84038,-1.83338
2042.95000,-1.24827,1.83933,-1.84956
2043.00000,-1.24862,1.83818,-1.86472
2043.05000,-1.24901,1.83695,-1.87915
2043.10000,-1.24949,1.83551,-1.89357
2043.15000,-1.25000,1.83392,-1.90675
2043.20000,-1.25054,1.83239,-1.91864
2043.25000,-1.25112,1.83083,-1.92897
2043.30000,-1.25174,1.82919,-1.93776
2043.35000,-1.25243,1.82743,-1.94509
2043.40000,-1.25316,1.82558,-1.95083
2043.45000,-1.25394,1.82366,-1.95580
2043.50000,-1.25480,1.82156,-1.95888
2043.55000,-1.25574,1.81927,-1.96092
2043.60000,-1.25675,1.81682,-1.96197
2043.65000,-1.25783,1.81420,-1.96212
2043.70000,-1.25895,1.81149,-1.96172
2043.75000,-1.26018,1.80850,-1.95992
2043.80000,-1.26150,1.80528,-1.95721
2043.85000,-1.26290,1.80181,-1.95366
2043.90000,-1.26436,1.79815,-1.94889
2043.95000,-1.26589,1.79427,-1.94313
2044.00000,-1.26744,1.79025,-1.93671
2044.05000,-1.26899,1.78617,-1.92957
2044.10000,-1.27052,1.78204,-1.92190
2044.15000,-1.27203,1.77786,-1.91377
2044.20000,-1.27354,1.77357,-1.90544
2044.25000,-1.27498,1.76934,-1.89664
2044.30000,-1.27644,1.76494,-1.88789
2044.35000,-1.27787,1.76053,-1.87925
2044.40000,-1.27927,1.75603,-1.86985
2044.45000,-1.28066,1.75145,-1.85950
2044.50000,-1.28197,1.74697,-1.84887
2044.55000,-1.28328,1.74228,-1.83785
2044.60000,-1.28455,1.73753,-1.82762
2044.65000,-1.28579,1.73263,-1.81577
2044.70000,-1.28699,1.72768,-1.80375
2044.75000,-1.28808,1.72293,-1.79097
2044.80000,-1.28915,1.71798,-1.77894
2044.85000,-1.29017,1.71302,-1.76700
2044.90000,-1.29112,1.70805,-1.75480
2044.95000,-1.29201,1.70309,-1.74233
2045.00000,-1.29283,1.69815,-1.72965
2045.05000,-1.29358,1.69325,-1.71673
2045.10000,-1.29426,1.68839,-1.70361
2045.15000,-1.29483,1.68385,-1.68904
2045.20000,-1.29531,1.67949,-1.67376
2045.25000,-1.29574,1.67499,-1.65880
2045.30000,-1.29611,1.67029,-1.64379
2045.35000,-1.29640,1.66580,-1.62909
2045.40000,-1.29662,1.66143,-1.61374
2045.45000,-1.29677,1.65705,-1.59822
2045.50000,-1.29685,1.65290,-1.58268
2045.55000,-1.29687,1.64897,-1.56703
2045.60000,-1.29682,1.64521,-1.55152
2045.65000,-1.29672,1.64150,-1.53614
2045.70000,-1.29657,1.63791,-1.52140
2045.75000,-1.29636,1.63437,-1.50613
2045.80000,-1.29610,1.63062,-1.48962
2045.85000,-1.29579,1.62707,-1.47329
2045.90000,-1.29546,1.62381,-1.45793
2045.95000,-1.29509,1.62074,-1.44278
2046.00000,-1.29469,1.61771,-1.42690
2046.05000,-1.29427,1.61481,-1.41070
2046.10000,-1.29386,1.61230,-1.39527
2046.15000,-1.29343,1.60984,-1.37966
2046.20000,-1.29302,1.60773,-1.36457
2046.25000,-1.29261,1.60586,-1.34872
2046.30000,-1.29217,1.60384,-1.33350
2046.35000,-1.29177,1.60216,-1.31904
2046.40000,-1.29137,1.60058,-1.30408
2046.45000,-1.29096,1.59909,-1.29019
2046.50000,-1.29055,1.59764,-1.27633
2046.55000,-1.29013,1.59619,-1.26231
2046.60000,-1.28976,1.59504,-1.24832
2046.65000,-1.28943,1.59406,-1.23538
2046.70000,-1.28908,1.59298,-1.22269
2046.75000,-1.28872,1.59199,-1.21091
2046.80000,-1.28834,1.59097,-1.19828
2046.85000,-1.28803,1.59015,-1.18537
2046.90000,-1.28644,1.58752,-1.17164
2046.95000,-1.28275,1.57969,-1.15976
2047.00000,-1.27871,1.57056,-1.14837
2047.05000,-1.27455,1.56140,-1.13800
2047.10000,-1.27028,1.55226,-1.12909
2047.15000,-1.26593,1.54316,-1.12097
2047.20000,-1.26152,1.53410,-1.11366
2047.25000,-1.25705,1.52507,-1.10754
2047.30000,-1.25251,1.51603,-1.10217
2047.35000,-1.24793,1.50704,-1.09747
2047.40000,-1.24334,1.49807,-1.09304
2047.45000,-1.23875,1.48916,-1.08877
2047.50000,-1.23410,1.48031,-1.08458
2047.55000,-1.22941,1.47147,-1.08035
2047.60000,-1.22468,1.46264,-1.07609
2047.65000,-1.21991,1.45382,-1.07182
2047.70000,-1.21512,1.44505,-1.06763
2047.75000,-1.21033,1.43633,-1.06358
2047.80000,-1.20548,1.42760,-1.06205
2047.85000,-1.20063,1.41888,-1.06304
2047.90000,-1.19584,1.41022,-1.06688
2047.95000,-1.19117,1.40168,-1.07087
2048.00000,-1.18963,1.39708,-1.07443
2048.05000,-1.18939,1.39537,-1.08704
2048.10000,-1.18937,1.39404,-1.10794
2048.15000,-1.18963,1.39371,-1.13527
2048.20000,-1.18994,1.39436,-1.16581
2048.25000,-1.19020,1.39498,-1.19453
2048.30000,-1.19042,1.39554,-1.22119
2048.35000,-1.19059,1.39605,-1.24650
2048.40000,-1.19074,1.39651,-1.27052
2048.45000,-1.19088,1.39695,-1.29372
2048.50000,-1.19099,1.39736,-1.31620
2048.55000,-1.19110,1.39776,-1.33834
2048.60000,-1.19119,1.39816,-1.36054
2048.65000,-1.19127,1.39856,-1.38297
2048.70000,-1.19135,1.39896,-1.40560
2048.75000,-1.19142,1.39938,-1.42838
2048.80000,-1.19148,1.39979,-1.45125
2048.85000,-1.19152,1.40021,-1.47414
2048.90000,-1.19156,1.40062,-1.49698
2048.95000,-1.19159,1.40103,-1.51968
2049.00000,-1.19161,1.40142,-1.54213
2049.05000,-1.19162,1.40180,-1.56412
2049.10000,-1.19162,1.40214,-1.58540
2049.15000,-1.19162,1.40245,-1.60590
2049.20000,-1.19161,1.40273,-1.62542
2049.25000,-1.19160,1.40297,-1.64418
2049.30000,-1.19159,1.40317,-1.66220
2049.35000,-1.19200,1.40107,-1.68059
2049.40000,-1.19306,1.39272,-1.69784
2049.45000,-1.19435,1.38323,-1.71469
2049.50000,-1.19580,1.37376,-1.73157
2049.55000,-1.19742,1.36432,-1.74864
2049.60000,-1.19919,1.35493,-1.76607
2049.65000,-1.20113,1.34558,-1.78398
2049.70000,-1.20323,1.33627,-1.80253
2049.75000,-1.20536,1.32726,-1.82098
2049.80000,-1.20589,1.32227,-1.83972
2049.85000,-1.20579,1.32249,-1.86202
2049.90000,-1.20566,1.32294,-1.88656
2049.95000,-1.20552,1.32338,-1.91093
2050.00000,-1.20537,1.32381,-1.93395
2050.05000,-1.20525,1.32411,-1.95574
2050.10000,-1.20634,1.32273,-1.97737
2050.15000,-1.20986,1.31560,-1.99592
2050.20000,-1.21390,1.30687,-2.01202
2050.25000,-1.21808,1.29819,-2.02770
2050.30000,-1.22240,1.28957,-2.04322
2050.35000,-1.22685,1.28102,-2.05868
2050.40000,-1.23143,1.27254,-2.07418
2050.45000,-1.23614,1.26415,-2.09039
2050.50000,-1.24097,1.25588,-2.10836
2050.55000,-1.24590,1.24779,-2.12904
2050.60000,-1.25092,1.23975,-2.15005
2050.65000,-1.25202,1.23708,-2.17433
2050.70000,-1.25166,1.23757,-2.21449
2050.75000,-1.25135,1.23798,-2.25936
2050.80000,-1.25136,1.23796,-2.30088
2050.85000,-1.25138,1.23794,-2.34099
2050.90000,-1.25105,1.23827,-2.38036
2050.95000,-1.25045,1.23883,-2.41629
2051.00000,-1.24992,1.23929,-2.44638
2051.05000,-1.25095,1.23828,-2.47560
2051.10000,-1.25770,1.23311,-2.49626
2051.15000,-1.26543,1.22737,-2.51024
2051.20000,-1.27327,1.22172,-2.52357
2051.25000,-1.28117,1.21619,-2.53789
2051.30000,-1.28909,1.21082,-2.55502
2051.35000,-1.29702,1.20565,-2.57721
2051.40000,-1.30479,1.20081,-2.60023
2051.45000,-1.30642,1.20020,-2.63109
2051.50000,-1.30614,1.20035,-2.67617
2051.55000,-1.30617,1.20034,-2.72146
2051.60000,-1.30620,1.20032,-2.76389
2051.65000,-1.30624,1.20031,-2.80240
2051.70000,-1.30621,1.20033,-2.83523
2051.75000,-1.30792,1.19946,-2.86553
2051.80000,-1.31587,1.19724,-2.88725
2051.85000,-1.32524,1.19486,-2.89909
2051.90000,-1.33467,1.19253,-2.91020
2051.95000,-1.33953,1.19210,-2.91884
2052.00000,-1.34200,1.19115,-2.92742
2052.05000,-1.34717,1.18922,-2.93611
2052.10000,-1.35499,1.18729,-2.94725
2052.15000,-1.36443,1.18550,-2.96226
2052.20000,-1.37379,1.18390,-2.98136
2052.25000,-1.38299,1.18253,-3.00571
2052.30000,-1.39217,1.18140,-3.03420
2052.35000,-1.40141,1.18054,-3.06268
2052.40000,-1.41074,1.17993,-3.08832
2052.45000,-1.42020,1.17952,-3.10939
2052.50000,-1.42982,1.17929,-3.12453
2052.55000,-1.43919,1.17913,-3.13882
2052.60000,-1.44422,1.17910,3.13058
2052.65000,-1.44504,1.17911,3.12496
2052.70000,-1.44519,1.17911,3.12601
2052.75000,-1.44537,1.17911,3.12996
2052.80000,-1.44547,1.17911,3.13593
2052.85000,-1.44557,1.17911,-3.14057
2052.90000,-1.44568,1.17911,-3.13350
2052.95000,-1.44579,1.17911,-3.12606
2053.00000,-1.44589,1.17911,-3.11827
2053.05000,-1.44600,1.17911,-3.11003
2053.10000,-1.44611,1.17910,-3.10111
2053.15000,-1.44624,1.17910,-3.09104
2053.20000,-1.44638,1.17909,-3.07971
2053.25000,-1.44661,1.17907,-3.06759
2053.30000,-1.44709,1.17903,-3.05541
2053.35000,-1.44762,1.17899,-3.04236
2053.40000,-1.44819,1.17893,-3.02871
2053.45000,-1.44879,1.17886,-3.01442
2053.50000,-1.44945,1.17878,-2.99996
2053.55000,-1.45011,1.17870,-2.98534
2053.60000,-1.45078,1.17861,-2.97059
2053.65000,-1.45144,1.17850,-2.95571
2053.70000,-1.45212,1.17838,-2.94074
2053.75000,-1.45279,1.17826,-2.92564
2053.80000,-1.45348,1.17812,-2.91034
2053.85000,-1.45418,1.17796,-2.89473
2053.90000,-1.45491,1.17777,-2.87876
2053.95000,-1.45568,1.17756,-2.86237
2054.00000,-1.45649,1.17733,-2.84575
2054.05000,-1.45733,1.17707,-2.82896
2054.10000,-1.45822,1.17678,-2.81184
2054.15000,-1.45914,1.17647,-2.79459
2054.20000,-1.46010,1.17612,-2.77718
2054.25000,-1.46106,1.17575,-2.75973
2054.30000,-1.46204,1.17536,-2.74225
2054.35000,-1.46301,1.17494,-2.72482
2054.40000,-1.46398,1.17451,-2.70749
2054.45000,-1.46493,1.17406,-2.69015
2054.50000,-1.46588,1.17360,-2.67290
2054.55000,-1.46682,1.17311,-2.65561
2054.60000,-1.46778,1.17259,-2.63831
2054.65000,-1.46876,1.17205,-2.62088
2054.70000,-1.46976,1.17147,-2.60336
2054.75000,-1.47068,1.17092,-2.58639
2054.80000,-1.47162,1.17034,-2.56944
2054.85000,-1.47244,1.16981,-2.55309
2054.90000,-1.47344,1.16913,-2.53599
2054.95000,-1.47451,1.16839,-2.51868
2055.00000,-1.47554,1.16764,-2.50181
2055.05000,-1.47664,1.16682,-2.48466
2055.10000,-1.47764,1.16604,-2.46811
2055.15000,-1.47853,1.16531,-2.45206
2055.20000,-1.47939,1.16459,-2.43622
2055.25000,-1.48024,1.16386,-2.42047
2055.30000,-1.48108,1.16311,-2.40481
2055.35000,-1.48192,1.16234,-2.38922
2055.40000,-1.48276,1.16154,-2.37364
2055.45000,-1.48361,1.16070,-2.35805
2055.50000,-1.48468,1.15964,-2.34146
2055.55000,-1.48589,1.15840,-2.32416
2055.60000,-1.48710,1.15710,-2.30688
2055.65000,-1.48833,1.15574,-2.28967
2055.70000,-1.48957,1.15433,-2.27253
2055.75000,-1.49081,1.15286,-2.25547
2055.80000,-1.49204,1.15136,-2.23856
2055.85000,-1.49324,1.14984,-2.22182
2055.90000,-1.49441,1.14831,-2.20530
2055.95000,-1.49554,1.14677,-2.18897
2056.00000,-1.49805,1.14338,-2.17370
2056.05000,-1.50348,1.13541,-2.16025
2056.10000,-1.50897,1.12707,-2.14620
2056.15000,-1.51435,1.11866,-2.13223
2056.20000,-1.51960,1.11017,-2.11834
2056.25000,-1.52474,1.10160,-2.10448
2056.30000,-1.52975,1.09297,-2.09067
2056.35000,-1.53465,1.08427,-2.07689
2056.40000,-1.53943,1.07550,-2.06317
2056.45000,-1.54409,1.06667,-2.04949
2056.50000,-1.54862,1.05778,-2.03587
2056.55000,-1.55304,1.04882,-2.02231
2056.60000,-1.55733,1.03981,-2.00886
2056.65000,-1.56151,1.03074,-1.99555
2056.70000,-1.56556,1.02161,-1.98242
2056.75000,-1.56949,1.01243,-1.96946
2056.80000,-1.57331,1.00321,-1.95668
2056.85000,-1.57703,0.99387,-1.94363
2056.90000,-1.58068,0.98432,-1.92992
2056.95000,-1.58420,0.97475,-1.91644
2057.00000,-1.58764,0.96499,-1.90230
2057.05000,-1.59094,0.95517,-1.88812
2057.10000,-1.59410,0.94531,-1.87390
2057.15000,-1.59712,0.93540,-1.85963
2057.20000,-1.60000,0.92545,-1.84528
2057.25000,-1.60273,0.91546,-1.83080
2057.30000,-1.60532,0.90542,-1.81615
2057.35000,-1.60776,0.89534,-1.80127
2057.40000,-1.61004,0.88526,-1.78623
2057.45000,-1.61218,0.87510,-1.77060
2057.50000,-1.61415,0.86488,-1.75442
2057.55000,-1.61592,0.85487,-1.73765
2057.60000,-1.61751,0.84482,-1.71851
2057.65000,-1.61894,0.83497,-1.69811
2057.70000,-1.61900,0.83087,-1.67889
2057.75000,-1.61906,0.82997,-1.64485
2057.80000,-1.61911,0.82893,-1.60335
2057.85000,-1.61912,0.82846,-1.56466
2057.90000,-1.61912,0.82838,-1.52841
2057.95000,-1.61912,0.82835,-1.49410
2058.00000,-1.61911,0.82831,-1.46216
2058.05000,-1.61911,0.82827,-1.43245
2058.10000,-1.61910,0.82822,-1.40435
2058.15000,-1.61909,0.82817,-1.37769
2058.20000,-1.61908,0.82811,-1.35192
2058.25000,-1.61907,0.82805,-1.32682
2058.30000,-1.61905,0.82799,-1.30226
2058.35000,-1.61903,0.82793,-1.27821
2058.40000,-1.61901,0.82786,-1.25462
2058.45000,-1.61820,0.82664,-1.23072
2058.50000,-1.61519,0.81957,-1.20875
2058.55000,-1.61154,0.81028,-1.18546
2058.60000,-1.60784,0.80106,-1.16234
2058.65000,-1.60698,0.79771,-1.13354
2058.70000,-1.60671,0.79715,-1.09054
2058.75000,-1.60669,0.79710,-1.04008
2058.80000,-1.60666,0.79705,-0.98902
2058.85000,-1.60662,0.79701,-0.93798
2058.90000,-1.60659,0.79696,-0.88715
2058.95000,-1.60655,0.79691,-0.83671
2059.00000,-1.60651,0.79687,-0.78684
2059.05000,-1.60646,0.79682,-0.73770
2059.10000,-1.60641,0.79678,-0.68940
2059.15000,-1.60636,0.79674,-0.64193
2059.20000,-1.60631,0.79670,-0.59523
2059.25000,-1.60625,0.79667,-0.54921
2059.30000,-1.60619,0.79663,-0.50373
2059.35000,-1.60613,0.79660,-0.45855
2059.40000,-1.60607,0.79657,-0.41360
2059.45000,-1.60600,0.79655,-0.36869
2059.50000,-1.60593,0.79652,-0.32361
2059.55000,-1.60586,0.79650,-0.27831
2059.60000,-1.60578,0.79648,-0.23303
2059.65000,-1.60570,0.79646,-0.18786
2059.70000,-1.60562,0.79645,-0.14301
2059.75000,-1.60554,0.79644,-0.09868
2059.80000,-1.60545,0.79643,-0.05502
2059.85000,-1.60537,0.79643,-0.01215
2059.90000,-1.60528,0.79643,0.02990
2059.95000,-1.60519,0.79643,0.07112
2060.00000,-1.60510,0.79644,0.11155
2060.05000,-1.60501,0.79645,0.15129
2060.10000,-1.60481,0.79649,0.19082
2060.15000,-1.60445,0.79656,0.23056
2060.20000,-1.60381,0.79669,0.27149
2060.25000,-1.60302,0.79691,0.31276
2060.30000,-1.60122,0.79791,0.35197
2060.35000,-1.59553,0.80041,0.38951
2060.40000,-1.58663,0.80430,0.42693
2060.45000,-1.57773,0.80852,0.46618
2060.50000,-1.56979,0.81272,0.50686
2060.55000,-1.56201,0.81725,0.54656
2060.60000,-1.55438,0.82209,0.58520
2060.65000,-1.54692,0.82724,0.62262
2060.70000,-1.53963,0.83268,0.65855
2060.75000,-1.53249,0.83839,0.69273
2060.80000,-1.52551,0.84438,0.72490
2060.85000,-1.51869,0.85061,0.75521
2060.90000,-1.51202,0.85706,0.78371
2060.95000,-1.50529,0.86395,0.80930
2061.00000,-1.49882,0.87090,0.83445
2061.05000,-1.49252,0.87786,0.85912
2061.10000,-1.49041,0.88047,0.88173
2061.15000,-1.49022,0.88071,0.90118
2061.20000,-1.48998,0.88103,0.92154
2061.25000,-1.48997,0.88106,0.94134
2061.30000,-1.48999,0.88103,0.96235
2061.35000,-1.48992,0.88113,0.98246
2061.40000,-1.48849,0.88263,1.00163
2061.45000,-1.48407,0.88755,1.02097
2061.50000,-1.47900,0.89588,1.04156
2061.55000,-1.47387,0.90460,1.06279
2061.60000,-1.47278,0.90814,1.07997
2061.65000,-1.47271,0.90831,1.09549
2061.70000,-1.47266,0.90845,1.11014
2061.75000,-1.47267,0.90848,1.12438
2061.80000,-1.47271,0.90844,1.13772
2061.85000,-1.47264,0.90859,1.15012
2061.90000,-1.47260,0.90868,1.16146
2061.95000,-1.47257,0.90872,1.17220
2062.00000,-1.47256,0.90876,1.18126
2062.05000,-1.47251,0.90884,1.18935
2062.10000,-1.47248,0.90891,1.19634
2062.15000,-1.47244,0.90903,1.20224
2062.20000,-1.47242,0.90908,1.20656
2062.25000,-1.47238,0.90918,1.20909
2062.30000,-1.47234,0.90930,1.20991
2062.35000,-1.47230,0.90941,1.20884
2062.40000,-1.47227,0.90949,1.20579
2062.45000,-1.47219,0.90965,1.20052
2062.50000,-1.47214,0.90979,1.19339
2062.55000,-1.47208,0.90992,1.18388
2062.60000,-1.47210,0.90984,1.17162
2062.65000,-1.47203,0.90991,1.15717
2062.70000,-1.47196,0.91004,1.14096
2062.75000,-1.47185,0.91025,1.12292
2062.80000,-1.47167,0.91070,1.10329
2062.85000,-1.47160,0.91086,1.08179
2062.90000,-1.47178,0.91053,1.05807
2062.95000,-1.47183,0.91038,1.03375
2063.00000,-1.47160,0.91076,1.00889
2063.05000,-1.47140,0.91106,0.98312
2063.10000,-1.47137,0.91107,0.95669
2063.15000,-1.47132,0.91111,0.92936
2063.20000,-1.47136,0.91105,0.90115
2063.25000,-1.47117,0.91127,0.87366
2063.30000,-1.47098,0.91149,0.84567
2063.35000,-1.47078,0.91172,0.81724
2063.40000,-1.47056,0.91194,0.78837
2063.45000,-1.47033,0.91217,0.75912
2063.50000,-1.47009,0.91239,0.72956
2063.55000,-1.46984,0.91261,0.69974
2063.60000,-1.46957,0.91283,0.66969
2063.65000,-1.46930,0.91304,0.63946
2063.70000,-1.46901,0.91324,0.60908
2063.75000,-1.46872,0.91344,0.57860
2063.80000,-1.46841,0.91363,0.54802
2063.85000,-1.46810,0.91382,0.51739
2063.90000,-1.46778,0.91399,0.48672
2063.95000,-1.46746,0.91416,0.45603
2064.00000,-1.46712,0.91432,0.42530
2064.05000,-1.46678,0.91446,0.39454
2064.10000,-1.46643,0.91460,0.36372
2064.15000,-1.46607,0.91473,0.33279
2064.20000,-1.46571,0.91485,0.30173
2064.25000,-1.46534,0.91496,0.27053
2064.30000,-1.46495,0.91506,0.23918
2064.35000,-1.46456,0.91515,0.20765
2064.40000,-1.46416,0.91523,0.17597
2064.45000,-1.46375,0.91530,0.14413
2064.50000,-1.46334,0.91535,0.11216
2064.55000,-1.46291,0.91539,0.08008
2064.60000,-1.46248,0.91542,0.04789
2064.65000,-1.46204,0.91543,0.01563
2064.70000,-1.46159,0.91543,-0.01672
2064.75000,-1.46113,0.91542,-0.04912
2064.80000,-1.46067,0.91539,-0.08157
2064.85000,-1.46020,0.91534,-0.11406
2064.90000,-1.45972,0.91528,-0.14657
2064.95000,-1.45924,0.91520,-0.17910
2065.00000,-1.45875,0.91510,-0.21163
2065.05000,-1.45825,0.91499,-0.24415
2065.10000,-1.45775,0.91485,-0.27665
2065.15000,-1.45724,0.91470,-0.30912
2065.20000,-1.45672,0.91453,-0.34154
2065.25000,-1.45621,0.91433,-0.37382
2065.30000,-1.45570,0.91412,-0.40591
2065.35000,-1.45588,0.91420,-0.44065
2065.40000,-1.45616,0.91434,-0.47566
2065.45000,-1.45644,0.91448,-0.51013
2065.50000,-1.45671,0.91461,-0.54425
2065.55000,-1.45694,0.91475,-0.57796
2065.60000,-1.45717,0.91490,-0.61139
2065.65000,-1.45739,0.91507,-0.64463
2065.70000,-1.45760,0.91523,-0.67760
2065.75000,-1.45780,0.91540,-0.71031
2065.80000,-1.45798,0.91556,-0.74274
2065.85000,-1.45815,0.91572,-0.77490
2065.90000,-1.45830,0.91588,-0.80678
2065.95000,-1.45844,0.91603,-0.83838
2066.00000,-1.45857,0.91618,-0.86970
2066.05000,-1.45856,0.91613,-0.89969
2066.10000,-1.45851,0.91601,-0.92908
2066.15000,-1.45842,0.91584,-0.95758
2066.20000,-1.45679,0.91377,-0.98646
2066.25000,-1.45237,0.90692,-1.01279
2066.30000,-1.44756,0.89897,-1.04096
2066.35000,-1.44296,0.89086,-1.06827
2066.40000,-1.43858,0.88262,-1.09467
2066.45000,-1.43439,0.87425,-1.12013
2066.50000,-1.43040,0.86575,-1.14459
2066.55000,-1.42661,0.85713,-1.16797
2066.60000,-1.42300,0.84839,-1.19011
2066.65000,-1.41956,0.83955,-1.21102
2066.70000,-1.41630,0.83062,-1.23042
2066.75000,-1.41318,0.82157,-1.24786
2066.80000,-1.41020,0.81243,-1.26298
2066.85000,-1.40732,0.80318,-1.27506
2066.90000,-1.40450,0.79391,-1.28676
2066.95000,-1.40391,0.78943,-1.29482
2067.00000,-1.40382,0.78892,-1.29187
2067.05000,-1.40374,0.78864,-1.28111
2067.10000,-1.40364,0.78828,-1.26761
2067.15000,-1.40351,0.78787,-1.25195
2067.20000,-1.40336,0.78741,-1.23360
2067.25000,-1.40318,0.78688,-1.21290
2067.30000,-1.40296,0.78630,-1.18993
2067.35000,-1.40272,0.78570,-1.16452
2067.40000,-1.40244,0.78506,-1.13714
2067.45000,-1.40212,0.78436,-1.10801
2067.50000,-1.40178,0.78367,-1.07758
2067.55000,-1.40140,0.78298,-1.04634
2067.60000,-1.40100,0.78227,-1.01448
2067.65000,-1.40058,0.78158,-0.98209
2067.70000,-1.40008,0.78085,-0.94913
2067.75000,-1.39956,0.78014,-0.91492
2067.80000,-1.39898,0.77940,-0.87905
2067.85000,-1.39835,0.77867,-0.84107
2067.90000,-1.39772,0.77798,-0.80169
2067.95000,-1.39723,0.77748,-0.76243
2068.00000,-1.39655,0.77685,-0.72129
2068.05000,-1.39640,0.77672,-0.68233
2068.10000,-1.39582,0.77623,-0.64068
2068.15000,-1.39565,0.77608,-0.60100
2068.20000,-1.39552,0.77598,-0.56158
2068.25000,-1.39536,0.77586,-0.52204
2068.30000,-1.39491,0.77560,-0.48132
2068.35000,-1.39459,0.77542,-0.44095
2068.40000,-1.39441,0.77533,-0.40093
2068.45000,-1.39432,0.77530,-0.36095
2068.50000,-1.39422,0.77526,-0.32059
2068.55000,-1.39412,0.77523,-0.27998
2068.60000,-1.39401,0.77520,-0.23927
2068.65000,-1.39390,0.77518,-0.19867
2068.70000,-1.39379,0.77516,-0.15831
2068.75000,-1.39368,0.77514,-0.11818
2068.80000,-1.39357,0.77513,-0.07833
2068.85000,-1.39345,0.77513,-0.03874
2068.90000,-1.39334,0.77512,0.00063
2068.95000,-1.39322,0.77513,0.03989
2069.00000,-1.39310,0.77513,0.07921
2069.05000,-1.39298,0.77515,0.11854
2069.10000,-1.39285,0.77516,0.15783
2069.15000,-1.39272,0.77519,0.19704
2069.20000,-1.39258,0.77522,0.23608
2069.25000,-1.39245,0.77525,0.27490
2069.30000,-1.39231,0.77529,0.31342
2069.35000,-1.39218,0.77534,0.35157
2069.40000,-1.39205,0.77539,0.38932
2069.45000,-1.39192,0.77545,0.42665
2069.50000,-1.39179,0.77551,0.46355
2069.55000,-1.39166,0.77557,0.50002
2069.60000,-1.39154,0.77564,0.53605
2069.65000,-1.39142,0.77572,0.57166
2069.70000,-1.39130,0.77580,0.60691
2069.75000,-1.39118,0.77589,0.64183
2069.80000,-1.39106,0.77598,0.67642
2069.85000,-1.39094,0.77608,0.71071
2069.90000,-1.39082,0.77618,0.74464
2069.95000,-1.39070,0.77630,0.77821
2070.00000,-1.39059,0.77641,0.81136
2070.05000,-1.39047,0.77654,0.84407
2070.10000,-1.39036,0.77666,0.87630
2070.15000,-1.39026,0.77679,0.90803
2070.20000,-1.39016,0.77692,0.93924
2070.25000,-1.39006,0.77706,0.96995
2070.30000,-1.38997,0.77720,1.00015
2070.35000,-1.38847,0.77902,1.02941
2070.40000,-1.38409,0.78637,1.05449
2070.45000,-1.37930,0.79508,1.08293
2070.50000,-1.37474,0.80398,1.11116
2070.55000,-1.37043,0.81300,1.13883
2070.60000,-1.36637,0.82214,1.16596
2070.65000,-1.36255,0.83138,1.19258
2070.70000,-1.35898,0.84072,1.21868
2070.75000,-1.35556,0.85040,1.24533
2070.80000,-1.35241,0.86011,1.27118
2070.85000,-1.34958,0.86970,1.29550
2070.90000,-1.34697,0.87936,1.31897
2070.95000,-1.34459,0.88907,1.34159
2071.00000,-1.34242,0.89883,1.36314
2071.05000,-1.34046,0.90863,1.38345
2071.10000,-1.33869,0.91847,1.40202
2071.15000,-1.33708,0.92850,1.41831
2071.20000,-1.33550,0.93869,1.43482
2071.25000,-1.33526,0.94407,1.44474
2071.30000,-1.33532,0.94490,1.43165
2071.35000,-1.33531,0.94493,1.39914
2071.40000,-1.33530,0.94493,1.37420
2071.45000,-1.33531,0.94483,1.35808
2071.50000,-1.33517,0.94486,1.34799
2071.55000,-1.33445,0.94651,1.34095
2071.60000,-1.33256,0.95304,1.34127
2071.65000,-1.33046,0.96110,1.34730
2071.70000,-1.32829,0.97075,1.35561
2071.75000,-1.32641,0.97988,1.36330
2071.80000,-1.32597,0.98482,1.35709
2071.85000,-1.32552,0.98930,1.32818
2071.90000,-1.32493,0.99190,1.28669
2071.95000,-1.32481,0.99230,1.23493
2072.00000,-1.32479,0.99236,1.18122
2072.05000,-1.32476,0.99242,1.12753
2072.10000,-1.32473,0.99247,1.07402
2072.15000,-1.32471,0.99251,1.02086
2072.20000,-1.32469,0.99254,0.96844
2072.25000,-1.32468,0.99256,0.91702
2072.30000,-1.32466,0.99258,0.86651
2072.35000,-1.32465,0.99259,0.81637
2072.40000,-1.32463,0.99261,0.76666
2072.45000,-1.32462,0.99262,0.71745
2072.50000,-1.32461,0.99263,0.66870
2072.55000,-1.32460,0.99264,0.62097
2072.60000,-1.32458,0.99265,0.57586
2072.65000,-1.32501,0.99237,0.53561
2072.70000,-1.32413,0.99289,0.49875
2072.75000,-1.32123,0.99468,0.48269
2072.80000,-1.31935,0.99565,0.49140
2072.85000,-1.31898,0.99583,0.51025
2072.90000,-1.31869,0.99599,0.53036
2072.95000,-1.31826,0.99625,0.54994
2073.00000,-1.31782,0.99653,0.56958
2073.05000,-1.31738,0.99681,0.58920
2073.10000,-1.31696,0.99711,0.60878
2073.15000,-1.31653,0.99741,0.62831
2073.20000,-1.31612,0.99772,0.64777
2073.25000,-1.31571,0.99804,0.66715
2073.30000,-1.31531,0.99836,0.68645
2073.35000,-1.31491,0.99870,0.70589
2073.40000,-1.31451,0.99905,0.72553
2073.45000,-1.31411,0.99942,0.74533
2073.50000,-1.31371,0.99980,0.76523
2073.55000,-1.31331,1.00019,0.78508
2073.60000,-1.31293,1.00058,0.80469
2073.65000,-1.31265,1.00087,0.82475
2073.70000,-1.31249,1.00106,0.84548
2073.75000,-1.31232,1.00124,0.86622
2073.80000,-1.31216,1.00142,0.88694
2073.85000,-1.31200,1.00161,0.90766
2073.90000,-1.31184,1.00179,0.92838
2073.95000,-1.31168,1.00197,0.94908
2074.00000,-1.31144,1.00231,0.96801
2074.05000,-1.31118,1.00270,0.98601
2074.10000,-1.31089,1.00314,1.00361
2074.15000,-1.31064,1.00352,1.02081
2074.20000,-1.31038,1.00395,1.03803
2074.25000,-1.31012,1.00438,1.05501
2074.30000,-1.30987,1.00482,1.07178
2074.35000,-1.30834,1.00668,1.08651
2074.40000,-1.30401,1.01395,1.10080
2074.45000,-1.29956,1.02289,1.11633
2074.50000,-1.29526,1.03185,1.13185
2074.55000,-1.29102,1.04108,1.14817
2074.60000,-1.28693,1.05035,1.16407
2074.65000,-1.28308,1.05948,1.17981
2074.70000,-1.27936,1.06871,1.19597
2074.75000,-1.27580,1.07794,1.21221
2074.80000,-1.27234,1.08722,1.22866
2074.85000,-1.27175,1.09201,1.24479
2074.90000,-1.27141,1.09348,1.27690
2074.95000,-1.27100,1.09495,1.33035
2075.00000,-1.27088,1.09549,1.39474
2075.05000,-1.27084,1.09574,1.46826
2075.10000,-1.27084,1.09575,1.54364
2075.15000,-1.27084,1.09577,1.61812
2075.20000,-1.27084,1.09578,1.69117
2075.25000,-1.27085,1.09580,1.75690
2075.30000,-1.27088,1.09581,1.80994
2075.35000,-1.27156,1.09729,1.85029
2075.40000,-1.27332,1.10232,1.88354
2075.45000,-1.27617,1.11019,1.90409
2075.50000,-1.27951,1.11963,1.91698
2075.55000,-1.28296,1.12898,1.93237
2075.60000,-1.28599,1.13777,1.94830
2075.65000,-1.28749,1.14182,1.97562
2075.70000,-1.28882,1.14477,2.02234
2075.75000,-1.28956,1.14620,2.08553
2075.80000,-1.28969,1.14642,2.15618
2075.85000,-1.28971,1.14645,2.22735
2075.90000,-1.28974,1.14648,2.29778
2075.95000,-1.28977,1.14651,2.36734
2076.00000,-1.28979,1.14653,2.43512
2076.05000,-1.28981,1.14655,2.49979
2076.10000,-1.28983,1.14656,2.56169
2076.15000,-1.28985,1.14657,2.62199
2076.20000,-1.28987,1.14658,2.68105
2076.25000,-1.28989,1.14659,2.73885
2076.30000,-1.28990,1.14660,2.79096
2076.35000,-1.29186,1.14734,2.84036
2076.40000,-1.29615,1.14857,2.88478
2076.45000,-1.29834,1.14853,2.90407
2076.50000,-1.29857,1.14858,2.91247
2076.55000,-1.29873,1.14862,2.91877
2076.60000,-1.29888,1.14866,2.92439
2076.65000,-1.29901,1.14869,2.92909
2076.70000,-1.29911,1.14872,2.93280
2076.75000,-1.29920,1.14874,2.93585
2076.80000,-1.29927,1.14875,2.93755
2076.85000,-1.29928,1.14875,2.93654
2076.90000,-1.29920,1.14874,2.93283
2076.95000,-1.29915,1.14872,2.92682
2077.00000,-1.29906,1.14869,2.91965
2077.05000,-1.29899,1.14868,2.91171
2077.10000,-1.29884,1.14864,2.90295
2077.15000,-1.29867,1.14861,2.89368
2077.20000,-1.29849,1.14858,2.88393
2077.25000,-1.29832,1.14854,2.87392
2077.30000,-1.29812,1.14851,2.86329
2077.35000,-1.29790,1.14846,2.85223
2077.40000,-1.29767,1.14841,2.84038
2077.45000,-1.29742,1.14834,2.82760
2077.50000,-1.29716,1.14828,2.81389
2077.55000,-1.29691,1.14819,2.79949
2077.60000,-1.29665,1.14811,2.78468
2077.65000,-1.29637,1.14801,2.76951
2077.70000,-1.29608,1.14790,2.75403
2077.75000,-1.29579,1.14778,2.73831
2077.80000,-1.29549,1.14765,2.72236
2077.85000,-1.29518,1.14752,2.70619
2077.90000,-1.29488,1.14738,2.68982
2077.95000,-1.29457,1.14723,2.67326
2078.00000,-1.29426,1.14708,2.65653
2078.05000,-1.29396,1.14692,2.63964
2078.10000,-1.29364,1.14675,2.62258
2078.15000,-1.29334,1.14657,2.60531
2078.20000,-1.29303,1.14639,2.58770
2078.25000,-1.29272,1.14620,2.56974
2078.30000,-1.29241,1.14600,2.55146
2078.35000,-1.29211,1.14580,2.53296
2078.40000,-1.29181,1.14559,2.51430
2078.45000,-1.29152,1.14538,2.49555
2078.50000,-1.29122,1.14516,2.47673
2078.55000,-1.29093,1.14493,2.45786
2078.60000,-1.29064,1.14470,2.43894
2078.65000,-1.29036,1.14446,2.41998
2078.70000,-1.29008,1.14421,2.40099
2078.75000,-1.28981,1.14396,2.38198
2078.80000,-1.28954,1.14371,2.36299
2078.85000,-1.28928,1.14345,2.34400
2078.90000,-1.28902,1.14318,2.32498
2078.95000,-1.28877,1.14292,2.30591
2079.00000,-1.28853,1.14265,2.28677
2079.05000,-1.28830,1.14238,2.26758
2079.10000,-1.28807,1.14211,2.24836
2079.15000,-1.28785,1.14184,2.22917
2079.20000,-1.28765,1.14157,2.21004
2079.25000,-1.28744,1.14130,2.19101
2079.30000,-1.28725,1.14102,2.17200
2079.35000,-1.28706,1.14074,2.15304
2079.40000,-1.28688,1.14047,2.13417
2079.45000,-1.28671,1.14020,2.11527
2079.50000,-1.28655,1.13993,2.09646
2079.55000,-1.28640,1.13966,2.07773
2079.60000,-1.28625,1.13939,2.05913
2079.65000,-1.28612,1.13913,2.04070
2079.70000,-1.28598,1.13887,2.02240
2079.75000,-1.28599,1.13884,2.00526
2079.80000,-1.28603,1.13892,1.98866
2079.85000,-1.28606,1.13901,1.97213
2079.90000,-1.28606,1.13903,1.95541
2079.95000,-1.28607,1.13906,1.93890
2080.00000,-1.28613,1.13922,1.92305
2080.05000,-1.28619,1.13938,1.90732
2080.10000,-1.28624,1.13954,1.89172
2080.15000,-1.28630,1.13970,1.87624
2080.20000,-1.28635,1.13986,1.86089
2080.25000,-1.28639,1.14002,1.84567
2080.30000,-1.28644,1.14018,1.83058
2080.35000,-1.28648,1.14035,1.81564
2080.40000,-1.28652,1.14051,1.80083
2080.45000,-1.28739,1.14239,1.78685
2080.50000,-1.28931,1.14965,1.77284
2080.55000,-1.29116,1.15907,1.75689
2080.60000,-1.29287,1.16853,1.74108
2080.65000,-1.29442,1.17801,1.72549
2080.70000,-1.29583,1.18752,1.71012
2080.75000,-1.29709,1.19706,1.69498
2080.80000,-1.29822,1.20662,1.68006
2080.85000,-1.29920,1.21621,1.66545
2080.90000,-1.30006,1.22585,1.65087
2080.95000,-1.30077,1.23550,1.63659
2081.00000,-1.30135,1.24518,1.62254
2081.05000,-1.30179,1.25484,1.60896
2081.10000,-1.30210,1.26454,1.59563
2081.15000,-1.30228,1.27426,1.58251
2081.20000,-1.30233,1.28396,1.56988
2081.25000,-1.30226,1.29370,1.55755
2081.30000,-1.30208,1.30343,1.54574
2081.35000,-1.30178,1.31323,1.53404
2081.40000,-1.30136,1.32301,1.52310
2081.45000,-1.30084,1.33281,1.51300
2081.50000,-1.30023,1.34263,1.50427
2081.55000,-1.29954,1.35246,1.49794
2081.60000,-1.29880,1.36237,1.49544
2081.65000,-1.29807,1.37230,1.49345
2081.70000,-1.29792,1.37862,1.49320
2081.75000,-1.29777,1.38316,1.50812
2081.80000,-1.29769,1.38761,1.53828
2081.85000,-1.29764,1.39154,1.57410
2081.90000,-1.29765,1.39315,1.61780
2081.95000,-1.29766,1.39337,1.67010
2082.00000,-1.29766,1.39340,1.72505
2082.05000,-1.29767,1.39343,1.78130
2082.10000,-1.29768,1.39346,1.83894
2082.15000,-1.29769,1.39350,1.89796
2082.20000,-1.29770,1.39353,1.95817
2082.25000,-1.29771,1.39356,2.01932
2082.30000,-1.29773,1.39359,2.08088
2082.35000,-1.29774,1.39362,2.14227
2082.40000,-1.29776,1.39364,2.20349
2082.45000,-1.29778,1.39367,2.26455
2082.50000,-1.29780,1.39369,2.32544
2082.55000,-1.29782,1.39371,2.38612
2082.60000,-1.29784,1.39373,2.44656
2082.65000,-1.29786,1.39374,2.50675
2082.70000,-1.29788,1.39376,2.56667
2082.75000,-1.29790,1.39377,2.62635
2082.80000,-1.29791,1.39378,2.68576
2082.85000,-1.29793,1.39378,2.74490
2082.90000,-1.29795,1.39379,2.80379
2082.95000,-1.29797,1.39380,2.86239
2083.00000,-1.29799,1.39380,2.92053
2083.05000,-1.29801,1.39381,2.97869
2083.10000,-1.29803,1.39381,3.03766
2083.15000,-1.29805,1.39381,3.09842
2083.20000,-1.29807,1.39381,-3.12181
2083.25000,-1.29809,1.39381,-3.05750
2083.30000,-1.29812,1.39381,-2.99328
2083.35000,-1.29814,1.39380,-2.92951
2083.40000,-1.29816,1.39380,-2.86612
2083.45000,-1.29819,1.39379,-2.80318
2083.50000,-1.29821,1.39378,-2.74070
2083.55000,-1.29823,1.39377,-2.67865
2083.60000,-1.29825,1.39376,-2.61706
2083.65000,-1.29827,1.39375,-2.55598
2083.70000,-1.29829,1.39373,-2.49531
2083.75000,-1.29831,1.39372,-2.43446
2083.80000,-1.29833,1.39370,-2.37289
2083.85000,-1.29835,1.39368,-2.31044
2083.90000,-1.29837,1.39366,-2.24709
2083.95000,-1.29839,1.39363,-2.18310
2084.00000,-1.29841,1.39360,-2.11883
2084.05000,-1.29843,1.39356,-2.05461
2084.10000,-1.29845,1.39351,-1.99069
2084.15000,-1.29847,1.39346,-1.92715
2084.20000,-1.29849,1.39341,-1.86419
2084.25000,-1.29851,1.39335,-1.80197
2084.30000,-1.29852,1.39330,-1.74053
2084.35000,-1.29853,1.39324,-1.67980
2084.40000,-1.29853,1.39318,-1.61979
2084.45000,-1.29853,1.39312,-1.56055
2084.50000,-1.29853,1.39306,-1.50214
2084.55000,-1.29852,1.39300,-1.44448
2084.60000,-1.29851,1.39294,-1.38752
2084.65000,-1.29850,1.39288,-1.33133
2084.70000,-1.29849,1.39282,-1.27576
2084.75000,-1.29847,1.39276,-1.22069
2084.80000,-1.29844,1.39270,-1.16613
2084.85000,-1.29841,1.39263,-1.11238
2084.90000,-1.29837,1.39256,-1.05953
2084.95000,-1.29832,1.39248,-1.00746
2085.00000,-1.29826,1.39239,-0.95620
2085.05000,-1.29820,1.39230,-0.90587
2085.10000,-1.29654,1.39044,-0.85768
2085.15000,-1.29141,1.38476,-0.81723
2085.20000,-1.28518,1.37839,-0.77361
2085.25000,-1.27815,1.37184,-0.72703
2085.30000,-1.27054,1.36539,-0.67845
2085.35000,-1.26261,1.35932,-0.62897
2085.40000,-1.25439,1.35365,-0.57842
2085.45000,-1.24634,1.34850,-0.52851
2085.50000,-1.24367,1.34775,-0.47755
2085.55000,-1.24357,1.34770,-0.42162
2085.60000,-1.24352,1.34768,-0.36723
2085.65000,-1.24347,1.34766,-0.31495
2085.70000,-1.24154,1.34696,-0.26444
2085.75000,-1.23504,1.34538,-0.21908
2085.80000,-1.22589,1.34354,-0.17596
2085.85000,-1.21602,1.34201,-0.13189
2085.90000,-1.20565,1.34086,-0.08737
2085.95000,-1.19524,1.34020,-0.04387
2086.00000,-1.18525,1.33996,-0.00330
2086.05000,-1.17526,1.34013,0.03583
2086.10000,-1.16527,1.34067,0.07315
2086.15000,-1.15532,1.34158,0.10811
2086.20000,-1.14538,1.34265,0.14281
2086.25000,-1.14106,1.34278,0.17559
2086.30000,-1.14057,1.34286,0.19749
2086.35000,-1.14037,1.34289,0.21438
2086.40000,-1.14034,1.34290,0.22929
2086.45000,-1.14032,1.34290,0.24348
2086.50000,-1.14011,1.34295,0.25807
2086.55000,-1.14008,1.34295,0.27184
2086.60000,-1.14005,1.34296,0.28558
2086.65000,-1.13977,1.34303,0.30034
2086.70000,-1.13960,1.34308,0.31460
2086.75000,-1.13952,1.34310,0.32808
2086.80000,-1.13946,1.34313,0.34103
2086.85000,-1.13936,1.34316,0.35378
2086.90000,-1.13905,1.34325,0.36698
2086.95000,-1.13875,1.34335,0.37974
2087.00000,-1.13866,1.34337,0.39129
2087.05000,-1.13859,1.34340,0.40157
2087.10000,-1.13853,1.34343,0.41130
2087.15000,-1.13845,1.34346,0.42009
2087.20000,-1.13840,1.34348,0.42833
2087.25000,-1.13835,1.34350,0.43577
2087.30000,-1.13831,1.34353,0.44235
2087.35000,-1.13827,1.34355,0.44844
2087.40000,-1.13821,1.34357,0.45409
2087.45000,-1.13816,1.34360,0.45939
2087.50000,-1.13804,1.34366,0.46433
2087.55000,-1.13795,1.34370,0.46857
2087.60000,-1.13788,1.34374,0.47213
2087.65000,-1.13781,1.34378,0.47505
2087.70000,-1.13772,1.34382,0.47735
2087.75000,-1.13763,1.34387,0.47906
2087.80000,-1.13755,1.34391,0.48020
2087.85000,-1.13747,1.34395,0.48082
2087.90000,-1.13738,1.34400,0.48089
2087.95000,-1.13728,1.34406,0.48091
2088.00000,-1.13717,1.34411,0.48092
2088.05000,-1.13707,1.34416,0.48094
2088.10000,-1.13697,1.34422,0.48095
2088.15000,-1.13687,1.34427,0.48096
2088.20000,-1.13677,1.34432,0.48097
2088.25000,-1.13666,1.34438,0.48099
2088.30000,-1.13659,1.34441,0.47955
2088.35000,-1.13653,1.34445,0.47502
2088.40000,-1.13643,1.34450,0.47007
2088.45000,-1.13632,1.34455,0.46471
2088.50000,-1.13620,1.34461,0.45901
2088.55000,-1.13607,1.34468,0.45289
2088.60000,-1.13593,1.34475,0.44642
2088.65000,-1.13579,1.34481,0.43958
2088.70000,-1.13565,1.34488,0.43236
2088.75000,-1.13550,1.34495,0.42480
2088.80000,-1.13536,1.34501,0.41686
2088.85000,-1.13521,1.34508,0.40858
2088.90000,-1.13506,1.34514,0.39998
2088.95000,-1.13491,1.34520,0.39113
2089.00000,-1.13476,1.34526,0.38203
2089.05000,-1.13460,1.34533,0.37263
2089.10000,-1.13444,1.34539,0.36286
2089.15000,-1.13427,1.34545,0.35270
2089.20000,-1.13409,1.34552,0.34218
2089.25000,-1.13390,1.34558,0.33129
2089.30000,-1.13370,1.34565,0.32006
2089.35000,-1.13348,1.34572,0.30847
2089.40000,-1.13326,1.34579,0.29655
2089.45000,-1.13302,1.34586,0.28442
2089.50000,-1.13279,1.34593,0.27218
2089.55000,-1.13255,1.34599,0.25987
2089.60000,-1.13232,1.34605,0.24746
2089.65000,-1.13208,1.34611,0.23494
2089.70000,-1.13185,1.34617,0.22229
2089.75000,-1.13161,1.34622,0.20949
2089.80000,-1.13137,1.34627,0.19648
2089.85000,-1.13112,1.34632,0.18322
2089.90000,-1.13087,1.34636,0.16972
2089.95000,-1.13060,1.34641,0.15596
2090.00000,-1.13032,1.34645,0.14198
2090.05000,-1.13002,1.34649,0.12780
2090.10000,-1.12972,1.34653,0.11346
2090.15000,-1.12941,1.34656,0.09901
2090.20000,-1.12934,1.34656,0.08347
2090.25000,-1.12939,1.34656,0.06734
2090.30000,-1.12943,1.34656,0.05119
2090.35000,-1.12911,1.34657,0.03641
2090.40000,-1.12875,1.34658,0.02166
2090.45000,-1.12838,1.34659,0.00682
2090.50000,-1.12799,1.34659,-0.00809
2090.55000,-1.12757,1.34658,-0.02307
2090.60000,-1.12735,1.34658,-0.03885
2090.65000,-1.12733,1.34657,-0.05548
2090.70000,-1.12729,1.34656,-0.07207
2090.75000,-1.12723,1.34656,-0.08862
2090.80000,-1.12716,1.34654,-0.10509
2090.85000,-1.12708,1.34653,-0.12152
2090.90000,-1.12700,1.34652,-0.13782
2090.95000,-1.12690,1.34650,-0.15406
2091.00000,-1.12679,1.34648,-0.17021
2091.05000,-1.12668,1.34646,-0.18633
2091.10000,-1.12656,1.34643,-0.20230
2091.15000,-1.12643,1.34639,-0.21826
2091.20000,-1.12630,1.34634,-0.23414
2091.25000,-1.12616,1.34631,-0.24971
2091.30000,-1.12603,1.34626,-0.26527
2091.35000,-1.12587,1.34621,-0.28081
2091.40000,-1.12568,1.34614,-0.29610
2091.45000,-1.12548,1.34608,-0.31130
2091.50000,-1.12527,1.34601,-0.32648
2091.55000,-1.12503,1.34592,-0.34140
2091.60000,-1.12475,1.34581,-0.35631
2091.65000,-1.12443,1.34569,-0.37114
2091.70000,-1.12408,1.34554,-0.38595
2091.75000,-1.12368,1.34537,-0.40066
2091.80000,-1.12326,1.34519,-0.41513
2091.85000,-1.12113,1.34365,-0.43035
2091.90000,-1.11366,1.33978,-0.44441
2091.95000,-1.10499,1.33558,-0.45851
2092.00000,-1.09636,1.33125,-0.47228
2092.05000,-1.08778,1.32678,-0.48588
2092.10000,-1.07925,1.32220,-0.49920
2092.15000,-1.07077,1.31751,-0.51222
2092.20000,-1.06235,1.31270,-0.52487
2092.25000,-1.05398,1.30778,-0.53729
2092.30000,-1.04563,1.30275,-0.54952
2092.35000,-1.03735,1.29760,-0.56137
2092.40000,-1.02907,1.29234,-0.57303
2092.45000,-1.02089,1.28700,-0.58393
2092.50000,-1.01270,1.28153,-0.59470
2092.55000,-1.00461,1.27600,-0.60475
2092.60000,-0.99655,1.27038,-0.61449
2092.65000,-0.98851,1.26464,-0.62401
2092.70000,-0.98053,1.25885,-0.63304
2092.75000,-0.97257,1.25295,-0.64184
2092.80000,-0.96466,1.24698,-0.65007
2092.85000,-0.95682,1.24096,-0.65766
2092.90000,-0.94902,1.23489,-0.66441
2092.95000,-0.94127,1.22878,-0.67049
2093.00000,-0.93351,1.22260,-0.67572
2093.05000,-0.92574,1.21635,-0.68005
2093.10000,-0.91798,1.21005,-0.68318
2093.15000,-0.91025,1.20374,-0.68477
2093.20000,-0.90251,1.19742,-0.68465
2093.25000,-0.89476,1.19111,-0.68257
2093.30000,-0.88706,1.18486,-0.67986
2093.35000,-0.87974,1.17898,-0.67735
2093.40000,-0.87673,1.17706,-0.67481
2093.45000,-0.87642,1.17686,-0.66632
2093.50000,-0.87623,1.17671,-0.65733
2093.55000,-0.87605,1.17657,-0.64988
2093.60000,-0.87597,1.17651,-0.64360
2093.65000,-0.87588,1.17644,-0.63808
2093.70000,-0.87385,1.17455,-0.63374
2093.75000,-0.86716,1.16896,-0.63014
2093.80000,-0.85908,1.16309,-0.62619
2093.85000,-0.85094,1.15723,-0.62069
2093.90000,-0.84280,1.15142,-0.61539
2093.95000,-0.83571,1.14665,-0.61064
2094.00000,-0.83354,1.14584,-0.60480
2094.05000,-0.83304,1.14554,-0.59385
2094.10000,-0.83288,1.14544,-0.58106
2094.15000,-0.83280,1.14538,-0.56977
2094.20000,-0.83271,1.14533,-0.55942
2094.25000,-0.83262,1.14527,-0.54928
2094.30000,-0.83248,1.14519,-0.53889
2094.35000,-0.83235,1.14511,-0.52851
2094.40000,-0.83225,1.14505,-0.51822
2094.45000,-0.83216,1.14500,-0.50794
2094.50000,-0.83202,1.14492,-0.49751
2094.55000,-0.83188,1.14485,-0.48765
2094.60000,-0.83186,1.14485,-0.47790
2094.65000,-0.82946,1.14307,-0.46932
2094.70000,-0.82295,1.13885,-0.46156
2094.75000,-0.81409,1.13449,-0.45354
2094.80000,-0.80503,1.13013,-0.44446
2094.85000,-0.79596,1.12587,-0.43496
2094.90000,-0.78690,1.12165,-0.42556
2094.95000,-0.78221,1.12082,-0.41754
2095.00000,-0.78176,1.12067,-0.40367
2095.05000,-0.78156,1.12058,-0.39154
2095.10000,-0.77913,1.11913,-0.37997
2095.15000,-0.77157,1.11564,-0.37122
2095.20000,-0.76216,1.11202,-0.36465
2095.25000,-0.75265,1.10842,-0.35789
2095.30000,-0.74317,1.10492,-0.35113
2095.35000,-0.73366,1.10147,-0.34405
2095.40000,-0.72407,1.09808,-0.33631
2095.45000,-0.71442,1.09476,-0.32746
2095.50000,-0.70472,1.09151,-0.31668
2095.55000,-0.69509,1.08842,-0.30616
2095.60000,-0.69174,1.08787,-0.29213
2095.65000,-0.69118,1.08770,-0.27029
2095.70000,-0.69055,1.08753,-0.24698
2095.75000,-0.68985,1.08736,-0.22362
2095.80000,-0.68922,1.08722,-0.20016
2095.85000,-0.68858,1.08709,-0.17696
2095.90000,-0.68797,1.08699,-0.15473
2095.95000,-0.68738,1.08690,-0.13445
2096.00000,-0.68689,1.08684,-0.11623
2096.05000,-0.68427,1.08641,-0.09832
2096.10000,-0.67569,1.08556,-0.08201
2096.15000,-0.66540,1.08478,-0.06981
2096.20000,-0.65512,1.08412,-0.05734
2096.25000,-0.64481,1.08360,-0.04413
2096.30000,-0.63453,1.08321,-0.03058
2096.35000,-0.62418,1.08297,-0.01632
2096.40000,-0.61382,1.08288,-0.00212
2096.45000,-0.60354,1.08292,0.01145
2096.50000,-0.59320,1.08312,0.02554
2096.55000,-0.58291,1.08345,0.04065
2096.60000,-0.57260,1.08387,0.05588
2096.65000,-0.56707,1.08396,0.07096
2096.70000,-0.56594,1.08399,0.09248
2096.75000,-0.56542,1.08402,0.11869
2096.80000,-0.56490,1.08407,0.14528
2096.85000,-0.56484,1.08408,0.17014
2096.90000,-0.56479,1.08409,0.19504
2096.95000,-0.56473,1.08410,0.21987
2097.00000,-0.56467,1.08412,0.24450
2097.05000,-0.56462,1.08413,0.26874
2097.10000,-0.56456,1.08415,0.29238
2097.15000,-0.56451,1.08416,0.31512
2097.20000,-0.56446,1.08418,0.33647
2097.25000,-0.56324,1.08506,0.35819
2097.30000,-0.55571,1.08841,0.37765
2097.35000,-0.54635,1.09220,0.39278
2097.40000,-0.53709,1.09609,0.40554
2097.45000,-0.52787,1.10010,0.41638
2097.50000,-0.51868,1.10420,0.42432
2097.55000,-0.50959,1.10832,0.42879
2097.60000,-0.50061,1.11250,0.43241
2097.65000,-0.49759,1.11329,0.43655
2097.70000,-0.49753,1.11333,0.43237
2097.75000,-0.49750,1.11334,0.42706
2097.80000,-0.49746,1.11336,0.42153
2097.85000,-0.49742,1.11338,0.41631
2097.90000,-0.49738,1.11340,0.41148
2097.95000,-0.49734,1.11342,0.40699
2098.00000,-0.49730,1.11343,0.40273
2098.05000,-0.49726,1.11345,0.39844
2098.10000,-0.49722,1.11347,0.39406
2098.15000,-0.49719,1.11348,0.38956
2098.20000,-0.49713,1.11351,0.38444
2098.25000,-0.49709,1.11352,0.37796
2098.30000,-0.49706,1.11354,0.37137
2098.35000,-0.49721,1.11347,0.36075
2098.40000,-0.49746,1.11336,0.34708
2098.45000,-0.49758,1.11332,0.33202
2098.50000,-0.49752,1.11334,0.31609
2098.55000,-0.49745,1.11336,0.29891
2098.60000,-0.49738,1.11338,0.28059
2098.65000,-0.49731,1.11340,0.26155
2098.70000,-0.49724,1.11342,0.24188
2098.75000,-0.49716,1.11344,0.22184
2098.80000,-0.49708,1.11346,0.20141
2098.85000,-0.49699,1.11347,0.18063
2098.90000,-0.49691,1.11349,0.15950
2098.95000,-0.49683,1.11350,0.13802
2099.00000,-0.49675,1.11351,0.11620
2099.05000,-0.49666,1.11352,0.09413
2099.10000,-0.49658,1.11352,0.07187
2099.15000,-0.49649,1.11353,0.04943
2099.20000,-0.49641,1.11353,0.02670
2099.25000,-0.49632,1.11353,0.00364
2099.30000,-0.49623,1.11353,-0.01981
2099.35000,-0.49614,1.11353,-0.04381
2099.40000,-0.49604,1.11353,-0.06849
2099.45000,-0.49594,1.11352,-0.09384
2099.50000,-0.49582,1.11350,-0.11975
2099.55000,-0.49570,1.11349,-0.14613
2099.60000,-0.49558,1.11347,-0.17288
2099.65000,-0.49546,1.11345,-0.19980
2099.70000,-0.49533,1.11342,-0.22675
2099.75000,-0.49521,1.11339,-0.25373
2099.80000,-0.49514,1.11337,-0.28085
2099.85000,-0.49569,1.11354,-0.31020
2099.90000,-0.49627,1.11371,-0.33961
2099.95000,-0.49684,1.11391,-0.36876
2100.00000,-0.49740,1.11411,-0.39764
2100.05000,-0.49795,1.11433,-0.42631
2100.10000,-0.49848,1.11457,-0.45485
2100.15000,-0.49899,1.11481,-0.48352
2100.20000,-0.49951,1.11509,-0.51245
2100.25000,-0.50001,1.11539,-0.54166
2100.30000,-0.50051,1.11570,-0.57100
2100.35000,-0.50098,1.11602,-0.60043
2100.40000,-0.50145,1.11635,-0.62993
2100.45000,-0.50190,1.11669,-0.65947
2100.50000,-0.50233,1.11704,-0.68901
2100.55000,-0.50275,1.11740,-0.71849
2100.60000,-0.50316,1.11776,-0.74790
2100.65000,-0.50355,1.11814,-0.77722
2100.70000,-0.50392,1.11852,-0.80645
2100.75000,-0.50428,1.11891,-0.83547
2100.80000,-0.50462,1.11929,-0.86404
2100.85000,-0.50487,1.11960,-0.89215
2100.90000,-0.50513,1.11993,-0.91987
2100.95000,-0.50541,1.12031,-0.94727
2101.00000,-0.50567,1.12070,-0.97435
2101.05000,-0.50593,1.12109,-1.00120
2101.10000,-0.50617,1.12148,-1.02784
2101.15000,-0.50639,1.12187,-1.05428
2101.20000,-0.50660,1.12226,-1.08061
2101.25000,-0.50681,1.12266,-1.10689
2101.30000,-0.50562,1.12086,-1.13242
2101.35000,-0.50213,1.11332,-1.15509
2101.40000,-0.49847,1.10471,-1.18094
2101.45000,-0.49503,1.09602,-1.20729
2101.50000,-0.49183,1.08726,-1.23430
2101.55000,-0.48875,1.07846,-1.26133
2101.60000,-0.48854,1.07498,-1.28554
2101.65000,-0.48868,1.07534,-1.31634
2101.70000,-0.48883,1.07598,-1.34886
2101.75000,-0.48896,1.07660,-1.38117
2101.80000,-0.48908,1.07731,-1.41383
2101.85000,-0.48918,1.07803,-1.44643
2101.90000,-0.48926,1.07875,-1.47881
2101.95000,-0.48931,1.07947,-1.51105
2102.00000,-0.48934,1.08018,-1.54315
2102.05000,-0.48935,1.08087,-1.57481
2102.10000,-0.48933,1.08155,-1.60597
2102.15000,-0.48933,1.08159,-1.63402
2102.20000,-0.48966,1.07974,-1.66145
2102.25000,-0.49052,1.07243,-1.68871
2102.30000,-0.49174,1.06327,-1.71844
2102.35000,-0.49308,1.05413,-1.74819
2102.40000,-0.49317,1.05074,-1.77856
2102.45000,-0.49318,1.05068,-1.81768
2102.50000,-0.49320,1.05063,-1.86118
2102.55000,-0.49321,1.05057,-1.90523
2102.60000,-0.49323,1.05052,-1.94977
2102.65000,-0.49326,1.05047,-1.99488
2102.70000,-0.49328,1.05041,-2.04047
2102.75000,-0.49331,1.05036,-2.08630
2102.80000,-0.49334,1.05030,-2.13216
2102.85000,-0.49338,1.05025,-2.17784
2102.90000,-0.49342,1.05019,-2.22310
2102.95000,-0.49346,1.05014,-2.26756
2103.00000,-0.49351,1.05008,-2.31091
2103.05000,-0.49356,1.05003,-2.35302
2103.10000,-0.49362,1.04997,-2.39381
2103.15000,-0.49368,1.04992,-2.43321
2103.20000,-0.49375,1.04986,-2.47121
2103.25000,-0.49382,1.04981,-2.50835
2103.30000,-0.49390,1.04975,-2.54517
2103.35000,-0.49399,1.04970,-2.58185
2103.40000,-0.49408,1.04964,-2.61819
2103.45000,-0.49417,1.04959,-2.65390
2103.50000,-0.49629,1.04829,-2.68818
2103.55000,-0.50298,1.04503,-2.72028
2103.60000,-0.51146,1.04142,-2.75583
2103.65000,-0.52032,1.03802,-2.79338
2103.70000,-0.52961,1.03472,-2.82870
2103.75000,-0.53361,1.03444,-2.86377
2103.80000,-0.53375,1.03442,-2.90374
2103.85000,-0.53385,1.03440,-2.94318
2103.90000,-0.53395,1.03438,-2.98134
2103.95000,-0.53599,1.03391,-3.01864
2104.00000,-0.54331,1.03312,-3.05343
2104.05000,-0.55204,1.03251,-3.09244
2104.10000,-0.56203,1.03221,-3.12978
2104.15000,-0.57192,1.03212,3.11640
2104.20000,-0.57617,1.03213,3.07975
2104.25000,-0.57616,1.03211,3.03962
2104.30000,-0.57570,1.03209,2.99809
2104.35000,-0.57751,1.03269,2.95931
2104.40000,-0.58490,1.03423,2.92447
2104.45000,-0.59353,1.03631,2.88578
2104.50000,-0.60222,1.03877,2.84691
2104.55000,-0.61081,1.04156,2.80853
2104.60000,-0.61931,1.04468,2.77076
2104.65000,-0.62771,1.04813,2.73392
2104.70000,-0.63601,1.05188,2.69817
2104.75000,-0.64419,1.05594,2.66352
2104.80000,-0.65224,1.06029,2.62967
2104.85000,-0.66016,1.06492,2.59657
2104.90000,-0.66795,1.06981,2.56441
2104.95000,-0.67559,1.07496,2.53325
2105.00000,-0.68309,1.08036,2.50284
2105.05000,-0.69044,1.08599,2.47319
2105.10000,-0.69764,1.09184,2.44435
2105.15000,-0.70469,1.09791,2.41634
2105.20000,-0.71158,1.10419,2.38926
2105.25000,-0.71832,1.11068,2.36355
2105.30000,-0.72518,1.11759,2.34151
2105.35000,-0.73215,1.12477,2.32060
2105.40000,-0.73482,1.12761,2.30111
2105.45000,-0.73481,1.12758,2.28774
2105.50000,-0.73487,1.12766,2.27695
2105.55000,-0.73494,1.12774,2.26672
2105.60000,-0.73501,1.12783,2.25638
2105.65000,-0.73508,1.12791,2.24558
2105.70000,-0.73515,1.12800,2.23425
2105.75000,-0.73522,1.12809,2.22238
2105.80000,-0.73529,1.12819,2.21013
2105.85000,-0.73536,1.12828,2.19761
2105.90000,-0.73543,1.12838,2.18510
2105.95000,-0.73550,1.12848,2.17278
2106.00000,-0.73557,1.12858,2.16071
2106.05000,-0.73564,1.12869,2.14901
2106.10000,-0.73571,1.12880,2.13789
2106.15000,-0.73570,1.12879,2.12698
2106.20000,-0.73563,1.12868,2.11672
2106.25000,-0.73557,1.12861,2.10742
2106.30000,-0.73552,1.12855,2.09883
2106.35000,-0.73549,1.12852,2.09092
2106.40000,-0.73549,1.12852,2.08326
2106.45000,-0.73547,1.12850,2.07664
2106.50000,-0.73549,1.12851,2.07059
2106.55000,-0.73551,1.12856,2.06484
2106.60000,-0.73553,1.12859,2.05943
2106.65000,-0.73556,1.12864,2.05448
2106.70000,-0.73558,1.12868,2.05014
2106.75000,-0.73562,1.12875,2.04644
2106.80000,-0.73565,1.12883,2.04316
2106.85000,-0.73569,1.12890,2.03993
2106.90000,-0.73573,1.12898,2.03670
2106.95000,-0.73577,1.12906,2.03348
2107.00000,-0.73580,1.12914,2.03026
2107.05000,-0.73584,1.12921,2.02704
2107.10000,-0.73588,1.12929,2.02382
2107.15000,-0.73591,1.12936,2.02061
2107.20000,-0.73594,1.12944,2.01740
2107.25000,-0.73598,1.12951,2.01419
2107.30000,-0.73601,1.12958,2.01098
2107.35000,-0.73604,1.12965,2.00778
2107.40000,-0.73607,1.12973,2.00458
2107.45000,-0.73610,1.12980,2.00139
2107.50000,-0.73613,1.12987,1.99819
2107.55000,-0.73616,1.12994,1.99500
2107.60000,-0.73619,1.13001,1.99182
2107.65000,-0.73622,1.13007,1.98863
2107.70000,-0.73625,1.13014,1.98545
2107.75000,-0.73627,1.13021,1.98227
2107.80000,-0.73630,1.13027,1.97910
2107.85000,-0.73632,1.13034,1.97592
2107.90000,-0.73635,1.13041,1.97275
2107.95000,-0.73637,1.13047,1.96959
2108.00000,-0.73640,1.13053,1.96642
2108.05000,-0.73642,1.13060,1.96326
2108.10000,-0.73644,1.13066,1.96011
2108.15000,-0.73646,1.13072,1.95695
2108.20000,-0.73648,1.13078,1.95380
2108.25000,-0.73650,1.13084,1.95065
2108.30000,-0.73652,1.13090,1.94751
2108.35000,-0.73654,1.13096,1.94437
2108.40000,-0.73655,1.13101,1.94125
2108.45000,-0.73667,1.13120,1.94489
2108.50000,-0.73675,1.13140,1.96231
2108.55000,-0.73683,1.13158,1.98031
2108.60000,-0.73691,1.13176,1.99861
2108.65000,-0.73700,1.13195,2.01735
2108.70000,-0.73709,1.13213,2.03658
2108.75000,-0.73719,1.13233,2.05617
2108.80000,-0.73729,1.13252,2.07594
2108.85000,-0.73740,1.13271,2.09579
2108.90000,-0.73751,1.13290,2.11570
2108.95000,-0.73763,1.13308,2.13568
2109.00000,-0.73775,1.13327,2.15567
2109.05000,-0.73787,1.13345,2.17570
2109.10000,-0.73800,1.13363,2.19574
2109.15000,-0.73813,1.13381,2.21578
2109.20000,-0.73827,1.13399,2.23583
2109.25000,-0.73841,1.13416,2.25584
2109.30000,-0.73855,1.13434,2.27583
2109.35000,-0.73870,1.13451,2.29579
2109.40000,-0.73885,1.13467,2.31574
2109.45000,-0.73901,1.13484,2.33578
2109.50000,-0.73917,1.13501,2.35598
2109.55000,-0.73934,1.13518,2.37639
2109.60000,-0.73952,1.13534,2.39694
2109.65000,-0.73970,1.13551,2.41749
2109.70000,-0.73989,1.13567,2.43794
2109.75000,-0.74008,1.13583,2.45834
2109.80000,-0.74028,1.13598,2.47862
2109.85000,-0.74047,1.13614,2.49878
2109.90000,-0.74067,1.13628,2.51882
2109.95000,-0.74088,1.13643,2.53870
2110.00000,-0.74109,1.13657,2.55841
2110.05000,-0.74130,1.13670,2.57799
2110.10000,-0.74152,1.13684,2.59754
2110.15000,-0.74174,1.13697,2.61709
2110.20000,-0.74197,1.13710,2.63661
2110.25000,-0.74221,1.13723,2.65606
2110.30000,-0.74245,1.13735,2.67536
2110.35000,-0.74269,1.13747,2.69453
2110.40000,-0.74293,1.13759,2.71352
2110.45000,-0.74318,1.13770,2.73232
2110.50000,-0.74343,1.13780,2.75092
2110.55000,-0.74368,1.13790,2.76932
2110.60000,-0.74394,1.13800,2.78751
2110.65000,-0.74420,1.13809,2.80555
2110.70000,-0.74446,1.13818,2.82346
2110.75000,-0.74473,1.13827,2.84121
2110.80000,-0.74662,1.13930,2.85788
2110.85000,-0.75464,1.14187,2.87368
2110.90000,-0.76435,1.14444,2.89082
2110.95000,-0.77405,1.14684,2.90681
2111.00000,-0.78390,1.14911,2.92253
2111.05000,-0.79385,1.15124,2.93755
2111.10000,-0.80393,1.15326,2.95171
2111.15000,-0.81390,1.15510,2.96411
2111.20000,-0.82400,1.15684,2.97583
2111.25000,-0.83412,1.15848,2.98663
2111.30000,-0.84424,1.16002,2.99609
2111.35000,-0.85433,1.16145,3.00411
2111.40000,-0.86438,1.16281,3.01067
2111.45000,-0.87442,1.16411,3.01565
2111.50000,-0.88441,1.16536,3.01910
2111.55000,-0.89439,1.16658,3.02074
2111.60000,-0.90421,1.16774,3.02222
2111.65000,-0.91336,1.16855,3.02328
2111.70000,-0.91845,1.16857,3.02322
2111.75000,-0.91917,1.16859,3.01985
2111.80000,-0.91914,1.16859,3.01352
2111.85000,-0.91911,1.16859,3.00673
2111.90000,-0.91907,1.16860,2.99976
2111.95000,-0.91904,1.16860,2.99275
2112.00000,-0.91901,1.16859,2.98561
2112.05000,-0.91897,1.16859,2.97839
2112.10000,-0.91894,1.16858,2.97110
2112.15000,-0.91890,1.16858,2.96376
2112.20000,-0.91887,1.16857,2.95639
2112.25000,-0.91883,1.16856,2.94899
2112.30000,-0.91879,1.16856,2.94159
2112.35000,-0.91876,1.16855,2.93419
2112.40000,-0.91872,1.16854,2.92677
2112.45000,-0.91869,1.16853,2.91929
2112.50000,-0.91865,1.16852,2.91175
2112.55000,-0.91861,1.16851,2.90415
2112.60000,-0.91857,1.16850,2.89648
2112.65000,-0.91852,1.16849,2.88873
2112.70000,-0.91848,1.16848,2.88092
2112.75000,-0.91843,1.16847,2.87305
2112.80000,-0.91839,1.16846,2.86514
2112.85000,-0.91834,1.16844,2.85716
2112.90000,-0.91830,1.16843,2.84910
2112.95000,-0.91825,1.16842,2.84098
2113.00000,-0.91820,1.16840,2.83284
2113.05000,-0.91816,1.16839,2.82472
2113.10000,-0.91811,1.16837,2.81662
2113.15000,-0.91807,1.16836,2.80853
2113.20000,-0.91802,1.16834,2.80045
2113.25000,-0.91948,1.16939,2.79176
2113.30000,-0.92651,1.17264,2.78360
2113.35000,-0.93568,1.17611,2.77540
2113.40000,-0.94483,1.17961,2.76741
2113.45000,-0.94920,1.18039,2.75845
2113.50000,-0.94909,1.18035,2.74739
2113.55000,-0.94897,1.18031,2.73558
2113.60000,-0.94883,1.18026,2.72365
2113.65000,-0.94868,1.18021,2.71165
2113.70000,-0.94855,1.18016,2.69957
2113.75000,-0.94843,1.18011,2.68745
2113.80000,-0.94828,1.18004,2.67525
2113.85000,-0.94814,1.17996,2.66285
2113.90000,-0.94800,1.17989,2.65026
2113.95000,-0.94785,1.17981,2.63752
2114.00000,-0.94771,1.17973,2.62460
2114.05000,-0.94756,1.17964,2.61152
2114.10000,-0.94740,1.17955,2.59821
2114.15000,-0.94725,1.17946,2.58463
2114.20000,-0.94709,1.17936,2.57074
2114.25000,-0.94692,1.17925,2.55656
2114.30000,-0.94676,1.17914,2.54210
2114.35000,-0.94659,1.17902,2.52739
2114.40000,-0.94641,1.17889,2.51248
2114.45000,-0.94624,1.17877,2.49738
2114.50000,-0.94607,1.17863,2.48209
2114.55000,-0.94590,1.17851,2.46665
2114.60000,-0.94575,1.17839,2.45088
2114.65000,-0.94559,1.17825,2.43533
2114.70000,-0.94543,1.17812,2.41960
2114.75000,-0.94528,1.17799,2.40347
2114.80000,-0.94515,1.17787,2.38730
2114.85000,-0.94502,1.17774,2.37103
2114.90000,-0.94487,1.17759,2.35469
2114.95000,-0.94473,1.17745,2.33833
2115.00000,-0.94465,1.17735,2.32170
2115.05000,-0.94450,1.17720,2.30519
2115.10000,-0.94434,1.17701,2.28859
2115.15000,-0.94615,1.17897,2.27194
2115.20000,-0.95180,1.18577,2.25689
2115.25000,-0.95782,1.19324,2.24030
2115.30000,-0.96370,1.20080,2.22342
2115.35000,-0.96945,1.20845,2.20616
2115.40000,-0.97506,1.21620,2.18871
2115.45000,-0.98053,1.22403,2.17110
2115.50000,-0.98586,1.23197,2.15339
2115.55000,-0.99106,1.23999,2.13560
2115.60000,-0.99610,1.24811,2.11779
2115.65000,-1.00100,1.25631,2.09999
2115.70000,-1.00576,1.26460,2.08231
2115.75000,-1.01037,1.27298,2.06482
2115.80000,-1.01484,1.28144,2.04751
2115.85000,-1.01916,1.28998,2.03041
2115.90000,-1.02334,1.29860,2.01353
2115.95000,-1.02738,1.30729,1.99690
2116.00000,-1.03127,1.31606,1.98064
2116.05000,-1.03503,1.32489,1.96467
2116.10000,-1.03864,1.33379,1.94894
2116.15000,-1.04212,1.34275,1.93348
2116.20000,-1.04547,1.35177,1.91827
2116.25000,-1.04868,1.36085,1.90339
2116.30000,-1.05176,1.36999,1.88885
2116.35000,-1.05472,1.37919,1.87473
2116.40000,-1.05754,1.38843,1.86112
2116.45000,-1.06025,1.39770,1.84808
2116.50000,-1.06284,1.40703,1.83556
2116.55000,-1.06532,1.41641,1.82351
2116.60000,-1.06770,1.42583,1.81210
2116.65000,-1.06997,1.43530,1.80137
2116.70000,-1.07215,1.44480,1.79132
2116.75000,-1.07425,1.45435,1.78198
2116.80000,-1.07626,1.46394,1.77338
2116.85000,-1.07819,1.47356,1.76556
2116.90000,-1.08007,1.48321,1.75863
2116.95000,-1.08188,1.49291,1.75252
2117.00000,-1.08364,1.50264,1.74756
2117.05000,-1.08536,1.51238,1.74366
2117.10000,-1.08706,1.52216,1.74097
2117.15000,-1.08873,1.53198,1.73929
2117.20000,-1.09040,1.54181,1.73863
2117.25000,-1.09207,1.55167,1.73900
2117.30000,-1.09375,1.56155,1.73955
2117.35000,-1.09407,1.56712,1.74118
2117.40000,-1.09411,1.56747,1.74385
2117.45000,-1.09415,1.56767,1.74812
2117.50000,-1.09417,1.56780,1.75216
2117.55000,-1.09419,1.56792,1.75608
2117.60000,-1.09421,1.56803,1.76010
2117.65000,-1.09424,1.56814,1.76422
2117.70000,-1.09426,1.56826,1.76843
2117.75000,-1.09428,1.56837,1.77275
2117.80000,-1.09430,1.56848,1.77715
2117.85000,-1.09433,1.56860,1.78164
2117.90000,-1.09435,1.56871,1.78622
2117.95000,-1.09438,1.56882,1.79088
2118.00000,-1.09440,1.56894,1.79560
2118.05000,-1.09443,1.56905,1.80036
2118.10000,-1.09446,1.56917,1.80493
2118.15000,-1.09448,1.56928,1.80920
2118.20000,-1.09532,1.57085,1.81388
2118.25000,-1.09766,1.57783,1.81798
2118.30000,-1.10013,1.58754,1.82142
2118.35000,-1.10263,1.59725,1.82521
2118.40000,-1.10518,1.60696,1.82961
2118.45000,-1.10776,1.61661,1.83423
2118.50000,-1.11030,1.62610,1.83934
2118.55000,-1.11066,1.63013,1.84438
2118.60000,-1.11069,1.63024,1.85085
2118.65000,-1.11073,1.63036,1.85778
2118.70000,-1.11077,1.63048,1.86468
2118.75000,-1.11081,1.63064,1.87179
2118.80000,-1.11086,1.63078,1.87869
2118.85000,-1.11089,1.63088,1.88559
2118.90000,-1.11093,1.63099,1.89248
2118.95000,-1.11195,1.63264,1.89973
2119.00000,-1.11505,1.63999,1.90640
2119.05000,-1.11837,1.64940,1.91273
2119.10000,-1.12175,1.65880,1.91879
2119.15000,-1.12518,1.66817,1.92465
2119.20000,-1.12867,1.67753,1.93018
2119.25000,-1.13221,1.68687,1.93542
2119.30000,-1.13579,1.69619,1.94034
2119.35000,-1.13942,1.70549,1.94496
2119.40000,-1.14309,1.71477,1.94920
2119.45000,-1.14679,1.72402,1.95343
2119.50000,-1.15054,1.73329,1.95695
2119.55000,-1.15431,1.74251,1.96041
2119.60000,-1.15813,1.75178,1.96353
2119.65000,-1.16198,1.76107,1.96663
2119.70000,-1.16587,1.77035,1.96980
2119.75000,-1.16978,1.77961,1.97297
2119.80000,-1.17371,1.78879,1.97626
2119.85000,-1.17766,1.79797,1.97954
2119.90000,-1.18164,1.80711,1.98297
2119.95000,-1.18566,1.81628,1.98610
2120.00000,-1.18971,1.82543,1.98833
2120.05000,-1.19377,1.83457,1.98960
2120.10000,-1.19784,1.84371,1.99015
2120.15000,-1.20192,1.85285,1.99058
2120.20000,-1.20599,1.86199,1.99099
2120.25000,-1.21005,1.87113,1.99139
2120.30000,-1.21410,1.88021,1.98900
2120.35000,-1.21813,1.88929,1.98510
2120.40000,-1.22211,1.89838,1.98090
2120.45000,-1.22604,1.90746,1.97623
2120.50000,-1.22991,1.91656,1.97090
2120.55000,-1.23373,1.92566,1.96517
2120.60000,-1.23750,1.93478,1.95918
2120.65000,-1.24120,1.94389,1.95277
2120.70000,-1.24483,1.95303,1.94617
2120.75000,-1.24841,1.96220,1.93927
2120.80000,-1.25192,1.97140,1.93218
2120.85000,-1.25537,1.98061,1.92497
2120.90000,-1.25875,1.98985,1.91765
2120.95000,-1.26206,1.99911,1.91022
2121.00000,-1.26530,2.00839,1.90270
2121.05000,-1.26846,2.01769,1.89507
2121.10000,-1.27156,2.02702,1.88734
2121.15000,-1.27458,2.03637,1.87950
2121.20000,-1.27753,2.04574,1.87158
2121.25000,-1.28040,2.05512,1.86358
2121.30000,-1.28320,2.06453,1.85550
2121.35000,-1.28592,2.07396,1.84737
2121.40000,-1.28856,2.08341,1.83918
2121.45000,-1.29113,2.09288,1.83094
2121.50000,-1.29361,2.10238,1.82268
2121.55000,-1.29602,2.11189,1.81438
2121.60000,-1.29835,2.12141,1.80607
2121.65000,-1.30059,2.13094,1.79776
2121.70000,-1.30277,2.14043,1.78383
2121.75000,-1.30426,2.14798,1.76695
2121.80000,-1.30569,2.15551,1.74814
2121.85000,-1.30701,2.16304,1.71587
2121.90000,-1.30786,2.16982,1.66926
2121.95000,-1.30826,2.17560,1.61160
2122.00000,-1.30832,2.18189,1.55069
2122.05000,-1.30797,2.18872,1.48821
2122.10000,-1.30714,2.19593,1.42475
2122.15000,-1.30581,2.20336,1.36060
2122.20000,-1.30394,2.21090,1.29603
2122.25000,-1.30153,2.21850,1.23137
2122.30000,-1.29857,2.22609,1.16673
2122.35000,-1.29507,2.23359,1.10214
2122.40000,-1.29103,2.24097,1.03779
2122.45000,-1.28645,2.24819,0.97373
2122.50000,-1.28134,2.25522,0.91010
2122.55000,-1.27572,2.26199,0.84675
2122.60000,-1.26958,2.26851,0.78393
2122.65000,-1.26298,2.27469,0.72143
2122.70000,-1.25639,2.28039,0.66758
2122.75000,-1.25202,2.28381,0.62799
2122.80000,-1.24906,2.28596,0.59925
2122.85000,-1.24616,2.28796,0.59401
2122.90000,-1.24455,2.28905,0.59994
2122.95000,-1.24395,2.28946,0.61437
2123.00000,-1.24352,2.28977,0.63179
2123.05000,-1.24325,2.28994,0.64307
2123.10000,-1.24309,2.29003,0.64656
2123.15000,-1.24256,2.29045,0.66058
2123.20000,-1.24208,2.29082,0.68210
2123.25000,-1.24155,2.29125,0.70512
2123.30000,-1.24103,2.29169,0.72918
2123.35000,-1.24074,2.29192,0.73754
2123.40000,-1.24084,2.29180,0.72831
2123.45000,-1.24116,2.29151,0.70795
2123.50000,-1.24059,2.29198,0.67761
2123.55000,-1.23852,2.29358,0.63814
2123.60000,-1.23485,2.29634,0.60631
2123.65000,-1.23199,2.29827,0.58848
2123.70000,-1.22979,2.29970,0.57374
2123.75000,-1.22782,2.30087,0.56914
2123.80000,-1.22648,2.30171,0.56247
2123.85000,-1.22476,2.30295,0.57567
2123.90000,-1.22376,2.30360,0.61060
2123.95000,-1.22321,2.30399,0.64762
2124.00000,-1.22304,2.30412,0.68363
2124.05000,-1.22298,2.30417,0.71151
2124.10000,-1.22284,2.30429,0.73011
2124.15000,-1.22270,2.30445,0.74481
2124.20000,-1.22309,2.30415,0.73929
2124.25000,-1.22369,2.30366,0.72390
2124.30000,-1.22359,2.30374,0.69839
2124.35000,-1.22207,2.30497,0.66379
2124.40000,-1.21892,2.30733,0.61954
2124.45000,-1.21399,2.31065,0.56603
2124.50000,-1.20826,2.31428,0.52626
2124.55000,-1.20219,2.31779,0.52025
2124.60000,-1.19717,2.32061,0.54089
2124.65000,-1.19509,2.32188,0.57556
2124.70000,-1.19468,2.32216,0.61898
2124.75000,-1.19433,2.32242,0.66339
2124.80000,-1.19403,2.32267,0.69753
2124.85000,-1.19430,2.32243,0.70698
2124.90000,-1.19494,2.32185,0.70188
2124.95000,-1.19566,2.32123,0.68697
2125.00000,-1.19537,2.32146,0.66281
2125.05000,-1.19367,2.32275,0.62957
2125.10000,-1.19032,2.32508,0.58688
2125.15000,-1.18543,2.32847,0.55330
2125.20000,-1.17985,2.33207,0.54797
2125.25000,-1.17423,2.33558,0.56858
2125.30000,-1.17201,2.33698,0.61105
2125.35000,-1.17117,2.33760,0.65994
2125.40000,-1.17031,2.33830,0.70917
2125.45000,-1.16950,2.33902,0.74708
2125.50000,-1.16905,2.33946,0.76217
2125.55000,-1.16904,2.33950,0.76040
2125.60000,-1.16926,2.33933,0.74845
2125.65000,-1.16956,2.33912,0.72000
2125.70000,-1.16862,2.34008,0.68534
2125.75000,-1.16702,2.34160,0.67015
2125.80000,-1.16543,2.34294,0.66953
2125.85000,-1.16429,2.34384,0.67141
2125.90000,-1.16232,2.34544,0.69442
2125.95000,-1.15886,2.34842,0.72791
2126.00000,-1.15412,2.35282,0.76781
2126.05000,-1.14920,2.35780,0.81522
2126.10000,-1.14388,2.36375,0.86567
2126.15000,-1.13839,2.37055,0.91799
2126.20000,-1.13333,2.37756,0.97400
2126.25000,-1.12849,2.38514,1.03105
2126.30000,-1.12417,2.39287,1.09029
2126.35000,-1.12026,2.40095,1.15026
2126.40000,-1.11680,2.40935,1.21066
2126.45000,-1.11396,2.41769,1.27265
2126.50000,-1.11170,2.42595,1.33602
2126.55000,-1.11000,2.43422,1.40014
2126.60000,-1.10886,2.44243,1.46508
2126.65000,-1.10825,2.45076,1.52994
2126.70000,-1.10818,2.45896,1.59550
2126.75000,-1.10866,2.46717,1.66108
2126.80000,-1.10965,2.47521,1.72719
2126.85000,-1.11119,2.48325,1.79302
2126.90000,-1.11309,2.49047,1.86157
2126.95000,-1.11526,2.49689,1.93276
2127.00000,-1.11791,2.50321,2.00374
2127.05000,-1.12104,2.50940,2.07449
2127.10000,-1.12466,2.51544,2.14486
2127.15000,-1.12870,2.52124,2.21514
2127.20000,-1.13327,2.52689,2.28472
2127.25000,-1.13823,2.53224,2.35417
2127.30000,-1.14362,2.53729,2.42329
2127.35000,-1.14943,2.54202,2.49201
2127.40000,-1.15557,2.54636,2.56057
2127.45000,-1.16212,2.55035,2.62862
2127.50000,-1.16903,2.55394,2.69618
2127.55000,-1.17630,2.55711,2.76320
2127.60000,-1.18385,2.55982,2.82988
2127.65000,-1.19172,2.56208,2.89588
2127.70000,-1.19984,2.56383,2.96146
2127.75000,-1.20815,2.56506,3.02661
2127.80000,-1.21666,2.56577,3.09127
2127.85000,-1.22531,2.56593,-3.12773
2127.90000,-1.23411,2.56552,-3.06414
2127.95000,-1.24304,2.56455,-3.00126
2128.00000,-1.25209,2.56298,-2.93912
2128.05000,-1.26111,2.56083,-2.87733
2128.10000,-1.27004,2.55812,-2.81581
2128.15000,-1.27875,2.55488,-2.75416
2128.20000,-1.28712,2.55151,-2.70047
2128.25000,-1.29567,2.54748,-2.66206
2128.30000,-1.30418,2.54289,-2.62865
2128.35000,-1.31206,2.53826,-2.59428
2128.40000,-1.31981,2.53337,-2.56070
2128.45000,-1.32740,2.52821,-2.52795
2128.50000,-1.33483,2.52279,-2.49602
2128.55000,-1.34211,2.51713,-2.46487
2128.60000,-1.34923,2.51123,-2.43449
2128.65000,-1.35617,2.50511,-2.40487
2128.70000,-1.36205,2.49974,-2.37551
2128.75000,-1.36664,2.49520,-2.34714
2128.80000,-1.37109,2.49055,-2.31969
2128.85000,-1.37545,2.48572,-2.29298
2128.90000,-1.37974,2.48073,-2.26700
2128.95000,-1.38393,2.47558,-2.24176
2129.00000,-1.38802,2.47030,-2.21725
2129.05000,-1.39221,2.46463,-2.19405
2129.10000,-1.39639,2.45867,-2.17282
2129.15000,-1.40036,2.45278,-2.15252
2129.20000,-1.40412,2.44695,-2.13203
2129.25000,-1.40769,2.44113,-2.11295
2129.30000,-1.41096,2.43560,-2.09396
2129.35000,-1.41419,2.42987,-2.07507
2129.40000,-1.41717,2.42437,-2.05685
2129.45000,-1.42010,2.41870,-2.04031
2129.50000,-1.42286,2.41317,-2.02359
2129.55000,-1.42543,2.40776,-2.00729
2129.60000,-1.42802,2.40210,-1.99236
2129.65000,-1.43052,2.39643,-1.97754
2129.70000,-1.43297,2.39061,-1.96307
2129.75000,-1.43538,2.38465,-1.94929
2129.80000,-1.43768,2.37873,-1.93627
2129.85000,-1.43991,2.37280,-1.92423
2129.90000,-1.44205,2.36688,-1.91265
2129.95000,-1.44412,2.36096,-1.90153
2130.00000,-1.44611,2.35503,-1.89082
2130.05000,-1.44804,2.34910,-1.88054
2130.10000,-1.44991,2.34316,-1.87065
2130.15000,-1.45174,2.33714,-1.86089
2130.20000,-1.45349,2.33115,-1.85142
2130.25000,-1.45522,2.32506,-1.84156
2130.30000,-1.45687,2.31898,-1.83253
2130.35000,-1.45846,2.31293,-1.82399
2130.40000,-1.46000,2.30685,-1.81536
2130.45000,-1.46150,2.30072,-1.80707
2130.50000,-1.46297,2.29451,-1.79909
2130.55000,-1.46439,2.28826,-1.79146
2130.60000,-1.46579,2.28195,-1.78423
2130.65000,-1.46714,2.27559,-1.77745
2130.70000,-1.46847,2.26918,-1.77113
2130.75000,-1.46976,2.26271,-1.76497
2130.80000,-1.47103,2.25619,-1.75919
2130.85000,-1.47227,2.24964,-1.75378
2130.90000,-1.47347,2.24302,-1.74872
2130.95000,-1.47466,2.23634,-1.74395
2131.00000,-1.47583,2.22959,-1.73962
2131.05000,-1.47698,2.22277,-1.73563
2131.10000,-1.47811,2.21588,-1.73201
2131.15000,-1.47924,2.20892,-1.72875
2131.20000,-1.48036,2.20187,-1.72581
2131.25000,-1.48146,2.19478,-1.72325
2131.30000,-1.48255,2.18768,-1.72085
2131.35000,-1.48361,2.18062,-1.71907
2131.40000,-1.48465,2.17366,-1.71757
2131.45000,-1.48567,2.16678,-1.71644
2131.50000,-1.48668,2.15999,-1.71569
2131.55000,-1.48767,2.15326,-1.71525
2131.60000,-1.48864,2.14662,-1.71520
2131.65000,-1.48959,2.14006,-1.71547
2131.70000,-1.49053,2.13359,-1.71608
2131.75000,-1.49147,2.12722,-1.71703
2131.80000,-1.49240,2.12094,-1.71831
2131.85000,-1.49332,2.11477,-1.71994
2131.90000,-1.49423,2.10872,-1.72190
2131.95000,-1.49514,2.10279,-1.72420
2132.00000,-1.49605,2.09698,-1.72682
2132.05000,-1.49695,2.09130,-1.72978
2132.10000,-1.49785,2.08577,-1.73305
2132.15000,-1.49874,2.08039,-1.73659
2132.20000,-1.49962,2.07517,-1.74043
2132.25000,-1.50050,2.07011,-1.74462
2132.30000,-1.50138,2.06521,-1.74915
2132.35000,-1.50224,2.06047,-1.75396
2132.40000,-1.50310,2.05591,-1.75907
2132.45000,-1.50395,2.05153,-1.76448
2132.50000,-1.50478,2.04733,-1.77017
2132.55000,-1.50561,2.04330,-1.77612
2132.60000,-1.50643,2.03945,-1.78231
2132.65000,-1.50723,2.03575,-1.78869
2132.70000,-1.50803,2.03223,-1.79525
2132.75000,-1.50883,2.02880,-1.80184
2132.80000,-1.50961,2.02554,-1.80862
2132.85000,-1.51039,2.02236,-1.81543
2132.90000,-1.51116,2.01938,-1.82299
2132.95000,-1.51191,2.01654,-1.83085
2133.00000,-1.51266,2.01382,-1.83851
2133.05000,-1.51338,2.01127,-1.84653
2133.10000,-1.51408,2.00885,-1.85450
2133.15000,-1.51474,2.00657,-1.86261
2133.20000,-1.51535,2.00455,-1.87112
2133.25000,-1.51596,2.00265,-1.88008
2133.30000,-1.51651,2.00098,-1.88891
2133.35000,-1.51701,1.99950,-1.89817
2133.40000,-1.51749,1.99813,-1.90781
2133.45000,-1.51795,1.99685,-1.91722
2133.50000,-1.51837,1.99573,-1.92707
2133.55000,-1.51876,1.99467,-1.93726
2133.60000,-1.51917,1.99364,-1.94761
2133.65000,-1.51954,1.99274,-1.95827
2133.70000,-1.51988,1.99190,-1.96946
2133.75000,-1.52019,1.99119,-1.98085
2133.80000,-1.52050,1.99051,-1.99222
2133.85000,-1.52078,1.98990,-2.00430
2133.90000,-1.52102,1.98939,-2.01614
2133.95000,-1.52123,1.98898,-2.02864
2134.00000,-1.52137,1.98871,-2.04155
2134.05000,-1.52153,1.98841,-2.05483
2134.10000,-1.52167,1.98818,-2.06801
2134.15000,-1.52186,1.98786,-2.08154
2134.20000,-1.52197,1.98768,-2.09546
2134.25000,-1.52209,1.98749,-2.11071
2134.30000,-1.52216,1.98738,-2.12635
2134.35000,-1.52225,1.98727,-2.14180
2134.40000,-1.52230,1.98721,-2.15767
2134.45000,-1.52243,1.98702,-2.17546
2134.50000,-1.52244,1.98702,-2.19303
2134.55000,-1.52246,1.98700,-2.21150
2134.60000,-1.52237,1.98712,-2.23010
2134.65000,-1.52236,1.98713,-2.25032
2134.70000,-1.52248,1.98699,-2.27280
2134.75000,-1.52252,1.98694,-2.29542
2134.80000,-1.52235,1.98712,-2.31802
2134.85000,-1.52217,1.98733,-2.34183
2134.90000,-1.52214,1.98736,-2.36863
2134.95000,-1.52197,1.98751,-2.39607
2135.00000,-1.52162,1.98782,-2.42347
2135.05000,-1.52115,1.98822,-2.45238
2135.10000,-1.52070,1.98858,-2.48257
2135.15000,-1.52022,1.98893,-2.51455
2135.20000,-1.51966,1.98933,-2.54782
2135.25000,-1.51900,1.98976,-2.58294
2135.30000,-1.51832,1.99017,-2.61990
2135.35000,-1.51759,1.99057,-2.65821
2135.40000,-1.51679,1.99098,-2.69729
2135.45000,-1.51598,1.99134,-2.73631
2135.50000,-1.51518,1.99168,-2.77496
2135.55000,-1.51437,1.99197,-2.81309
2135.60000,-1.51355,1.99224,-2.85060
2135.65000,-1.51274,1.99246,-2.88766
2135.70000,-1.51192,1.99266,-2.92437
2135.75000,-1.51109,1.99282,-2.96145
2135.80000,-1.51024,1.99296,-2.99930
2135.85000,-1.50952,1.99301,-3.03743
2135.90000,-1.50883,1.99306,-3.07726
2135.95000,-1.50890,1.99306,-3.11578
2136.00000,-1.50898,1.99306,3.12782
2136.05000,-1.50905,1.99306,3.08683
2136.10000,-1.50913,1.99307,3.04428
2136.15000,-1.50921,1.99308,3.00044
2136.20000,-1.50929,1.99309,2.95551
2136.25000,-1.50937,1.99311,2.90973
2136.30000,-1.50945,1.99313,2.86328
2136.35000,-1.50953,1.99315,2.81633
2136.40000,-1.50961,1.99318,2.76908
2136.45000,-1.50970,1.99322,2.72159
2136.50000,-1.50978,1.99326,2.67396
2136.55000,-1.50986,1.99330,2.62631
2136.60000,-1.50994,1.99335,2.57875
2136.65000,-1.51002,1.99340,2.53132
2136.70000,-1.51010,1.99346,2.48405
2136.75000,-1.51017,1.99352,2.43703
2136.80000,-1.51025,1.99359,2.39030
2136.85000,-1.51032,1.99366,2.34392
2136.90000,-1.51039,1.99373,2.29793
2136.95000,-1.51045,1.99381,2.25236
2137.00000,-1.51052,1.99389,2.20725
2137.05000,-1.51057,1.99397,2.16261
2137.10000,-1.51063,1.99406,2.11850
2137.15000,-1.51068,1.99415,2.07493
2137.20000,-1.51073,1.99424,2.03194
2137.25000,-1.51077,1.99434,1.98955
2137.30000,-1.51082,1.99443,1.94778
2137.35000,-1.51085,1.99453,1.90664
2137.40000,-1.51088,1.99463,1.86612
2137.45000,-1.51091,1.99473,1.82620
2137.50000,-1.51094,1.99483,1.78685
2137.55000,-1.51096,1.99493,1.74803
2137.60000,-1.51097,1.99504,1.70974
2137.65000,-1.51099,1.99514,1.67200
2137.70000,-1.51100,1.99525,1.63482
2137.75000,-1.51112,1.99744,1.59816
2137.80000,-1.51119,2.00475,1.56359
2137.85000,-1.51095,2.01356,1.52530
2137.90000,-1.51037,2.02258,1.48682
2137.95000,-1.50944,2.03159,1.44923
2138.00000,-1.50817,2.04058,1.41259
2138.05000,-1.50658,2.04955,1.37691
2138.10000,-1.50466,2.05848,1.34224
2138.15000,-1.50244,2.06736,1.30859
2138.20000,-1.49991,2.07619,1.27595
2138.25000,-1.49710,2.08495,1.24426
2138.30000,-1.49400,2.09365,1.21349
2138.35000,-1.49064,2.10227,1.18365
2138.40000,-1.48701,2.11081,1.15488
2138.45000,-1.48313,2.11927,1.12717
2138.50000,-1.47950,2.12661,1.09023
2138.55000,-1.47615,2.13274,1.05837
2138.60000,-1.47138,2.14098,1.03464
2138.65000,-1.46640,2.14914,1.01149
2138.70000,-1.46191,2.15610,0.97795
2138.75000,-1.45859,2.16079,0.92565
2138.80000,-1.45558,2.16454,0.86309
2138.85000,-1.45186,2.16861,0.79837
2138.90000,-1.44748,2.17282,0.73233
2138.95000,-1.44298,2.17682,0.67721
2139.00000,-1.43918,2.17993,0.63681
2139.05000,-1.43734,2.18125,0.61203
2139.10000,-1.43603,2.18217,0.59303
2139.15000,-1.43569,2.18238,0.57875
2139.20000,-1.43587,2.18226,0.56677
2139.25000,-1.43603,2.18216,0.55504
2139.30000,-1.43621,2.18204,0.54340
2139.35000,-1.43638,2.18194,0.53193
2139.40000,-1.43655,2.18184,0.52078
2139.45000,-1.43672,2.18175,0.51025
2139.50000,-1.43686,2.18167,0.50023
2139.55000,-1.43700,2.18159,0.49060
2139.60000,-1.43711,2.18152,0.48171
2139.65000,-1.43721,2.18147,0.47315
2139.70000,-1.43729,2.18143,0.46521
2139.75000,-1.43736,2.18140,0.45781
2139.80000,-1.43741,2.18137,0.45066
2139.85000,-1.43747,2.18134,0.44369
2139.90000,-1.43754,2.18130,0.43695
2139.95000,-1.43760,2.18128,0.43039
2140.00000,-1.43766,2.18125,0.42403
2140.05000,-1.43772,2.18122,0.41795
2140.10000,-1.43777,2.18120,0.41201
2140.15000,-1.43779,2.18119,0.40650
2140.20000,-1.43780,2.18118,0.40145
2140.25000,-1.43779,2.18119,0.39672
2140.30000,-1.43780,2.18118,0.39242
2140.35000,-1.43779,2.18119,0.38864
2140.40000,-1.43778,2.18120,0.38519
2140.45000,-1.43774,2.18121,0.38224
2140.50000,-1.43770,2.18122,0.37967
2140.55000,-1.43765,2.18125,0.37740
2140.60000,-1.43761,2.18127,0.37512
2140.65000,-1.43756,2.18130,0.37283
2140.70000,-1.43751,2.18133,0.37055
2140.75000,-1.43747,2.18135,0.36827
2140.80000,-1.43742,2.18138,0.36600
2140.85000,-1.43737,2.18140,0.36372
2140.90000,-1.43733,2.18143,0.36145
2140.95000,-1.43728,2.18145,0.35918
2141.00000,-1.43724,2.18147,0.35691
2141.05000,-1.43719,2.18150,0.35464
2141.10000,-1.43715,2.18152,0.35238
2141.15000,-1.43710,2.18154,0.35011
2141.20000,-1.43706,2.18157,0.34784
2141.25000,-1.43701,2.18159,0.34558
2141.30000,-1.43697,2.18161,0.34332
2141.35000,-1.43693,2.18163,0.34105
2141.40000,-1.43688,2.18166,0.33879
2141.45000,-1.43684,2.18168,0.33654
2141.50000,-1.43680,2.18170,0.33428
2141.55000,-1.43676,2.18172,0.33202
2141.60000,-1.43671,2.18174,0.32977
2141.65000,-1.43667,2.18176,0.32751
2141.70000,-1.43663,2.18178,0.32526
2141.75000,-1.43659,2.18180,0.32301
2141.80000,-1.43655,2.18182,0.32076
2141.85000,-1.43651,2.18184,0.31851
2141.90000,-1.43647,2.18186,0.31626
2141.95000,-1.43643,2.18187,0.31402
2142.00000,-1.43639,2.18189,0.31177
2142.05000,-1.43635,2.18191,0.30953
2142.10000,-1.43631,2.18193,0.30728
2142.15000,-1.43627,2.18194,0.30504
2142.20000,-1.43623,2.18196,0.30280
2142.25000,-1.43619,2.18198,0.30056
2142.30000,-1.43616,2.18199,0.29832
2142.35000,-1.43612,2.18201,0.29609
2142.40000,-1.43608,2.18203,0.29385
2142.45000,-1.43604,2.18204,0.29162
2142.50000,-1.43601,2.18206,0.28938
2142.55000,-1.43597,2.18207,0.28715
2142.60000,-1.43593,2.18209,0.28492
2142.65000,-1.43590,2.18210,0.28269
2142.70000,-1.43569,2.18224,0.28798
2142.75000,-1.43557,2.18227,0.30248
2142.80000,-1.43547,2.18230,0.31720
2142.85000,-1.43538,2.18233,0.33195
2142.90000,-1.43528,2.18236,0.34674
2142.95000,-1.43519,2.18240,0.36156
2143.00000,-1.43510,2.18243,0.37640
2143.05000,-1.43500,2.18247,0.39124
2143.10000,-1.43491,2.18251,0.40609
2143.15000,-1.43482,2.18255,0.42093
2143.20000,-1.43473,2.18259,0.43576
2143.25000,-1.43464,2.18263,0.45058
2143.30000,-1.43455,2.18268,0.46537
2143.35000,-1.43446,2.18272,0.48015
2143.40000,-1.43437,2.18277,0.49488
2143.45000,-1.43429,2.18282,0.50958
2143.50000,-1.43420,2.18287,0.52423
2143.55000,-1.43412,2.18292,0.53881
2143.60000,-1.43403,2.18297,0.55329
2143.65000,-1.43395,2.18302,0.56768
2143.70000,-1.43386,2.18308,0.58197
2143.75000,-1.43378,2.18313,0.59616
2143.80000,-1.43370,2.18319,0.61026
2143.85000,-1.43361,2.18325,0.62426
2143.90000,-1.43353,2.18331,0.63817
2143.95000,-1.43345,2.18337,0.65198
2144.00000,-1.43337,2.18343,0.66571
2144.05000,-1.43330,2.18349,0.67933
2144.10000,-1.43322,2.18355,0.69286
2144.15000,-1.43314,2.18362,0.70628
2144.20000,-1.43307,2.18368,0.71960
2144.25000,-1.43299,2.18375,0.73282
2144.30000,-1.43292,2.18382,0.74592
2144.35000,-1.43284,2.18389,0.75890
2144.40000,-1.43173,2.18498,0.77178
2144.45000,-1.42832,2.18842,0.77098
2144.50000,-1.42439,2.19215,0.74570
2144.55000,-1.41887,2.19708,0.71198
2144.60000,-1.41208,2.20272,0.67323
2144.65000,-1.40545,2.20789,0.64683
2144.70000,-1.40024,2.21178,0.63391
2144.75000,-1.39835,2.21309,0.62281
2144.80000,-1.39627,2.21457,0.61988
2144.85000,-1.39524,2.21531,0.61825
2144.90000,-1.39386,2.21632,0.61685
2144.95000,-1.39343,2.21657,0.62934
2145.00000,-1.39328,2.21671,0.63418
2145.05000,-1.39292,2.21700,0.63024
2145.10000,-1.39144,2.21807,0.61867
2145.15000,-1.38857,2.22009,0.59987
2145.20000,-1.38374,2.22337,0.58415
2145.25000,-1.38064,2.22540,0.58152
2145.30000,-1.38001,2.22576,0.58075
2145.35000,-1.37870,2.22662,0.57006
2145.40000,-1.37586,2.22849,0.56263
2145.45000,-1.37506,2.22897,0.57176
2145.50000,-1.37499,2.22904,0.57550
2145.55000,-1.37430,2.22958,0.57557
2145.60000,-1.37411,2.22970,0.58644
2145.65000,-1.37403,2.22977,0.59001
2145.70000,-1.37346,2.23029,0.58877
2145.75000,-1.37320,2.23049,0.59800
2145.80000,-1.37313,2.23054,0.60872
2145.85000,-1.37306,2.23061,0.61188
2145.90000,-1.37142,2.23179,0.59722
2145.95000,-1.36763,2.23431,0.57238
2146.00000,-1.36174,2.23797,0.53833
2146.05000,-1.35548,2.24157,0.51439
2146.10000,-1.35094,2.24403,0.50498
2146.15000,-1.34924,2.24493,0.51021
2146.20000,-1.34914,2.24498,0.52367
2146.25000,-1.34893,2.24510,0.53792
2146.30000,-1.34872,2.24522,0.55255
2146.35000,-1.34857,2.24530,0.56705
2146.40000,-1.34850,2.24535,0.58140
2146.45000,-1.34842,2.24540,0.59589
2146.50000,-1.34835,2.24545,0.61050
2146.55000,-1.34829,2.24551,0.61772
2146.60000,-1.34720,2.24639,0.60716
2146.65000,-1.34366,2.24881,0.58404
2146.70000,-1.33900,2.25184,0.56824
2146.75000,-1.33603,2.25370,0.56921
2146.80000,-1.33519,2.25422,0.58070
2146.85000,-1.33512,2.25427,0.59595
2146.90000,-1.33505,2.25432,0.61138
2146.95000,-1.33498,2.25438,0.61966
2147.00000,-1.33438,2.25482,0.62560
2147.05000,-1.33408,2.25503,0.62754
2147.10000,-1.33358,2.25539,0.63004
2147.15000,-1.33321,2.25576,0.63623
2147.20000,-1.33206,2.25662,0.62412
2147.25000,-1.32941,2.25849,0.60375
2147.30000,-1.32478,2.26159,0.57443
2147.35000,-1.31810,2.26574,0.53594
2147.40000,-1.31092,2.26989,0.50730
2147.45000,-1.30503,2.27308,0.49699
2147.50000,-1.30221,2.27455,0.50364
2147.55000,-1.30187,2.27471,0.52503
2147.60000,-1.30174,2.27483,0.53089
2147.65000,-1.30163,2.27484,0.53169
2147.70000,-1.30149,2.27491,0.53395
2147.75000,-1.30142,2.27497,0.53221
2147.80000,-1.30129,2.27506,0.55273
2147.85000,-1.30122,2.27510,0.57688
2147.90000,-1.30110,2.27523,0.59076
2147.95000,-1.29992,2.27609,0.57829
2148.00000,-1.29727,2.27778,0.57125
2148.05000,-1.29531,2.27910,0.57318
2148.10000,-1.29310,2.28071,0.55826
2148.15000,-1.28876,2.28361,0.52897
2148.20000,-1.28340,2.28666,0.51019
2148.25000,-1.27897,2.28904,0.52149
2148.30000,-1.27760,2.28973,0.55385
2148.35000,-1.27747,2.28986,0.58079
2148.40000,-1.27706,2.29024,0.57812
2148.45000,-1.27399,2.29221,0.55486
2148.50000,-1.26867,2.29539,0.52336
2148.55000,-1.26294,2.29861,0.50254
2148.60000,-1.25764,2.30144,0.50947
2148.65000,-1.25459,2.30316,0.53881
2148.70000,-1.25385,2.30361,0.57995
2148.75000,-1.25373,2.30370,0.62489
2148.80000,-1.25359,2.30383,0.66082
2148.85000,-1.25361,2.30388,0.67112
2148.90000,-1.25216,2.30512,0.65600
2148.95000,-1.24840,2.30792,0.62398
2149.00000,-1.24322,2.31150,0.58455
2149.05000,-1.23690,2.31548,0.53996
2149.10000,-1.22982,2.31965,0.50833
2149.15000,-1.22252,2.32366,0.50383
2149.20000,-1.21603,2.32718,0.52487
2149.25000,-1.21288,2.32887,0.56507
2149.30000,-1.21251,2.32911,0.61674
2149.35000,-1.21229,2.32928,0.66950
2149.40000,-1.21209,2.32946,0.71150
2149.45000,-1.21205,2.32956,0.73061
2149.50000,-1.21189,2.32979,0.72493
2149.55000,-1.20929,2.33208,0.70070
2149.60000,-1.20465,2.33585,0.66355
2149.65000,-1.19881,2.34021,0.62066
2149.70000,-1.19198,2.34486,0.57381
2149.75000,-1.18449,2.34944,0.52525
2149.80000,-1.17691,2.35366,0.49354
2149.85000,-1.16972,2.35747,0.49239
2149.90000,-1.16349,2.36084,0.51749
2149.95000,-1.15971,2.36297,0.56662
2150.00000,-1.15884,2.36354,0.62395
2150.05000,-1.15824,2.36400,0.68296
2150.10000,-1.15763,2.36452,0.74209
2150.15000,-1.15710,2.36504,0.79008
2150.20000,-1.15695,2.36525,0.81239
2150.25000,-1.15698,2.36533,0.81666
2150.30000,-1.15648,2.36594,0.80690
2150.35000,-1.15301,2.36948,0.77507
2150.40000,-1.14807,2.37412,0.73347
2150.45000,-1.14212,2.37924,0.68731
2150.50000,-1.13533,2.38454,0.63809
2150.55000,-1.12915,2.38887,0.58191
2150.60000,-1.12347,2.39251,0.53429
2150.65000,-1.11717,2.39624,0.51818
2150.70000,-1.11067,2.39993,0.51946
2150.75000,-1.10400,2.40374,0.53632
2150.80000,-1.09856,2.40708,0.57664
2150.85000,-1.09334,2.41066,0.62661
2150.90000,-1.08761,2.41504,0.67972
2150.95000,-1.08163,2.42016,0.73524
2151.00000,-1.07560,2.42594,0.79230
2151.05000,-1.07017,2.43178,0.85320
2151.10000,-1.06494,2.43815,0.91476
2151.15000,-1.06019,2.44475,0.97794
2151.20000,-1.05595,2.45151,1.04259
2151.25000,-1.05224,2.45839,1.10841
2151.30000,-1.04893,2.46561,1.17425
2151.35000,-1.04616,2.47290,1.24092
2151.40000,-1.04414,2.47952,1.31110
2151.45000,-1.04250,2.48671,1.37980
2151.50000,-1.04137,2.49387,1.44909
2151.55000,-1.04076,2.50090,1.51921
2151.60000,-1.04065,2.50780,1.58997
2151.65000,-1.04102,2.51455,1.66134
2151.70000,-1.04191,2.52156,1.73162
2151.75000,-1.04319,2.52803,1.80365
2151.80000,-1.04459,2.53427,1.86641
2151.85000,-1.04593,2.53998,1.91721
2151.90000,-1.04713,2.54316,1.97133
2151.95000,-1.04832,2.54573,2.03638
2152.00000,-1.05013,2.54904,2.10428
2152.05000,-1.05253,2.55278,2.17409
2152.10000,-1.05546,2.55673,2.24528
2152.15000,-1.05890,2.56072,2.31735
2152.20000,-1.06286,2.56471,2.38965
2152.25000,-1.06730,2.56856,2.46206
2152.30000,-1.07219,2.57223,2.53434
2152.35000,-1.07756,2.57568,2.60616
2152.40000,-1.08324,2.57878,2.67798
2152.45000,-1.08926,2.58152,2.74951
2152.50000,-1.09560,2.58388,2.82063
2152.55000,-1.10225,2.58583,2.89129
2152.60000,-1.10912,2.58734,2.96161
2152.65000,-1.11620,2.58837,3.03154
2152.70000,-1.12349,2.58892,3.10087
2152.75000,-1.13094,2.58896,-3.11346
2152.80000,-1.13857,2.58849,-3.04536
2152.85000,-1.14630,2.58748,-2.97784
2152.90000,-1.15419,2.58590,-2.91124
2152.95000,-1.16206,2.58378,-2.84509
2153.00000,-1.17004,2.58105,-2.77999
2153.05000,-1.17781,2.57782,-2.71485
2153.10000,-1.18532,2.57410,-2.64964
2153.15000,-1.19248,2.57024,-2.59565
2153.20000,-1.20031,2.56525,-2.55434
2153.25000,-1.20853,2.55955,-2.51687
2153.30000,-1.21653,2.55356,-2.48033
2153.35000,-1.22388,2.54764,-2.44442
2153.40000,-1.23086,2.54159,-2.40962
2153.45000,-1.23760,2.53532,-2.37568
2153.50000,-1.24410,2.52886,-2.34260
2153.55000,-1.25034,2.52223,-2.31041
2153.60000,-1.25630,2.51550,-2.27909
2153.65000,-1.26196,2.50867,-2.24856
2153.70000,-1.26738,2.50173,-2.21884
2153.75000,-1.27257,2.49467,-2.18989
2153.80000,-1.27754,2.48748,-2.16169
2153.85000,-1.28230,2.48017,-2.13422
2153.90000,-1.28685,2.47275,-2.10744
2153.95000,-1.29119,2.46523,-2.08135
2154.00000,-1.29532,2.45764,-2.05592
2154.05000,-1.29925,2.44995,-2.03115
2154.10000,-1.30298,2.44220,-2.00700
2154.15000,-1.30649,2.43442,-1.98350
2154.20000,-1.30980,2.42662,-1.96065
2154.25000,-1.31293,2.41876,-1.93842
2154.30000,-1.31588,2.41085,-1.91683
2154.35000,-1.31866,2.40288,-1.89586
2154.40000,-1.32127,2.39486,-1.87550
2154.45000,-1.32371,2.38681,-1.85577
2154.50000,-1.32598,2.37879,-1.83666
2154.55000,-1.32808,2.37078,-1.81815
2154.60000,-1.33003,2.36276,-1.80022
2154.65000,-1.33182,2.35475,-1.78283
2154.70000,-1.33348,2.34673,-1.76599
2154.75000,-1.33499,2.33873,-1.74967
2154.80000,-1.33636,2.33083,-1.73394
2154.85000,-1.33758,2.32300,-1.71876
2154.90000,-1.33869,2.31521,-1.70413
2154.95000,-1.33968,2.30743,-1.69002
2155.00000,-1.34056,2.29962,-1.67641
2155.05000,-1.34133,2.29181,-1.66334
2155.10000,-1.34201,2.28402,-1.65079
2155.15000,-1.34258,2.27626,-1.63876
2155.20000,-1.34306,2.26855,-1.62725
2155.25000,-1.34345,2.26092,-1.61624
2155.30000,-1.34375,2.25336,-1.60565
2155.35000,-1.34397,2.24589,-1.59543
2155.40000,-1.34412,2.23860,-1.58597
2155.45000,-1.34419,2.23136,-1.57690
2155.50000,-1.34421,2.22416,-1.56823
2155.55000,-1.34416,2.21684,-1.55963
2155.60000,-1.34405,2.20955,-1.55163
2155.65000,-1.34388,2.20224,-1.54389
2155.70000,-1.34366,2.19496,-1.53673
2155.75000,-1.34339,2.18772,-1.52995
2155.80000,-1.34307,2.18049,-1.52361
2155.85000,-1.34271,2.17325,-1.51763
2155.90000,-1.34230,2.16604,-1.51204
2155.95000,-1.34186,2.15885,-1.50682
2156.00000,-1.34139,2.15176,-1.50210
2156.05000,-1.34089,2.14467,-1.49763
2156.10000,-1.34036,2.13771,-1.49347
2156.15000,-1.33983,2.13095,-1.48947
2156.20000,-1.33928,2.12434,-1.48595
2156.25000,-1.33871,2.11785,-1.48297
2156.30000,-1.33815,2.11148,-1.48049
2156.35000,-1.33757,2.10517,-1.47844
2156.40000,-1.33698,2.09890,-1.47680
2156.45000,-1.33639,2.09265,-1.47554
2156.50000,-1.33579,2.08640,-1.47464
2156.55000,-1.33518,2.08014,-1.47411
2156.60000,-1.33458,2.07390,-1.47393
2156.65000,-1.33398,2.06771,-1.47416
2156.70000,-1.33338,2.06156,-1.47478
2156.75000,-1.33279,2.05542,-1.47576
2156.80000,-1.33221,2.04926,-1.47708
2156.85000,-1.33163,2.04306,-1.47872
2156.90000,-1.33106,2.03680,-1.48067
2156.95000,-1.33050,2.03049,-1.48292
2157.00000,-1.32994,2.02409,-1.48546
2157.05000,-1.32940,2.01761,-1.48830
2157.10000,-1.32886,2.01103,-1.49142
2157.15000,-1.32835,2.00439,-1.49483
2157.20000,-1.32785,1.99768,-1.49851
2157.25000,-1.32737,1.99092,-1.50248
2157.30000,-1.32692,1.98414,-1.50671
2157.35000,-1.32650,1.97735,-1.51121
2157.40000,-1.32611,1.97054,-1.51596
2157.45000,-1.32575,1.96367,-1.52093
2157.50000,-1.32542,1.95673,-1.52610
2157.55000,-1.32513,1.94984,-1.53136
2157.60000,-1.32488,1.94305,-1.53661
2157.65000,-1.32467,1.93636,-1.54208
2157.70000,-1.32450,1.92971,-1.54765
2157.75000,-1.32436,1.92316,-1.55342
2157.80000,-1.32427,1.91666,-1.55908
2157.85000,-1.32421,1.91003,-1.56494
2157.90000,-1.32419,1.90334,-1.57092
2157.95000,-1.32421,1.89678,-1.57701
2158.00000,-1.32427,1.89019,-1.58309
2158.05000,-1.32437,1.88356,-1.58908
2158.10000,-1.32451,1.87696,-1.59501
2158.15000,-1.32468,1.87051,-1.60095
2158.20000,-1.32489,1.86420,-1.60697
2158.25000,-1.32514,1.85805,-1.61306
2158.30000,-1.32542,1.85207,-1.61921
2158.35000,-1.32572,1.84617,-1.62526
2158.40000,-1.32606,1.84039,-1.63118
2158.45000,-1.32642,1.83473,-1.63718
2158.50000,-1.32680,1.82920,-1.64334
2158.55000,-1.32722,1.82374,-1.64940
2158.60000,-1.32766,1.81833,-1.65538
2158.65000,-1.32812,1.81299,-1.66148
2158.70000,-1.32861,1.80778,-1.66783
2158.75000,-1.32913,1.80263,-1.67423
2158.80000,-1.32967,1.79770,-1.68123
2158.85000,-1.33023,1.79276,-1.68814
2158.90000,-1.33082,1.78803,-1.69549
2158.95000,-1.33143,1.78332,-1.70269
2159.00000,-1.33205,1.77878,-1.71027
2159.05000,-1.33271,1.77422,-1.71757
2159.10000,-1.33339,1.76976,-1.72493
2159.15000,-1.33407,1.76547,-1.73271
2159.20000,-1.33478,1.76124,-1.74041
2159.25000,-1.33549,1.75720,-1.74841
2159.30000,-1.33619,1.75339,-1.75697
2159.35000,-1.33692,1.74964,-1.76547
2159.40000,-1.33765,1.74605,-1.77420
2159.45000,-1.33839,1.74260,-1.78313
2159.50000,-1.33913,1.73924,-1.79199
2159.55000,-1.33986,1.73608,-1.80129
2159.60000,-1.34058,1.73317,-1.81123
2159.65000,-1.34131,1.73034,-1.82111
2159.70000,-1.34204,1.72761,-1.83102
2159.75000,-1.34277,1.72492,-1.84076
2159.80000,-1.34353,1.72223,-1.85025
2159.85000,-1.34428,1.71965,-1.85983
2159.90000,-1.34504,1.71715,-1.86952
2159.95000,-1.34579,1.71477,-1.87934
2160.00000,-1.34654,1.71247,-1.88926
2160.05000,-1.34728,1.71024,-1.89921
2160.10000,-1.34802,1.70811,-1.90925
2160.15000,-1.34872,1.70616,-1.91970
2160.20000,-1.34939,1.70435,-1.93037
2160.25000,-1.35005,1.70262,-1.94116
2160.30000,-1.35068,1.70104,-1.95230
2160.35000,-1.35125,1.69966,-1.96413
2160.40000,-1.35181,1.69832,-1.97606
2160.45000,-1.35231,1.69721,-1.98898
2160.50000,-1.35280,1.69614,-2.00212
2160.55000,-1.35329,1.69509,-2.01536
2160.60000,-1.35376,1.69412,-2.02908
2160.65000,-1.35421,1.69322,-2.04332
2160.70000,-1.35460,1.69247,-2.05846
2160.75000,-1.35502,1.69170,-2.07383
2160.80000,-1.35541,1.69100,-2.08984
2160.85000,-1.35570,1.69053,-2.10722
2160.90000,-1.35596,1.69014,-2.12536
2160.95000,-1.35618,1.68981,-2.14428
2161.00000,-1.35642,1.68946,-2.16362
2161.05000,-1.35665,1.68915,-2.18380
2161.10000,-1.35689,1.68883,-2.20449
2161.15000,-1.35723,1.68838,-2.22498
2161.20000,-1.35739,1.68820,-2.24714
2161.25000,-1.35767,1.68786,-2.26921
2161.30000,-1.35799,1.68749,-2.29166
2161.35000,-1.35831,1.68714,-2.31476
2161.40000,-1.35862,1.68681,-2.33849
2161.45000,-1.35893,1.68650,-2.36283
2161.50000,-1.35924,1.68620,-2.38775
2161.55000,-1.35928,1.68617,-2.41462
2161.60000,-1.35933,1.68615,-2.44179
2161.65000,-1.35924,1.68624,-2.47007
2161.70000,-1.35940,1.68615,-2.49755
2161.75000,-1.35945,1.68614,-2.52556
2161.80000,-1.35954,1.68609,-2.55350
2161.85000,-1.35981,1.68592,-2.58206
2161.90000,-1.35950,1.68609,-2.61241
2161.95000,-1.35915,1.68629,-2.64308
2162.00000,-1.35878,1.68648,-2.67395
2162.05000,-1.35840,1.68666,-2.70497
2162.10000,-1.35801,1.68683,-2.73610
2162.15000,-1.35762,1.68699,-2.76729
2162.20000,-1.35721,1.68714,-2.79852
2162.25000,-1.35680,1.68728,-2.82972
2162.30000,-1.35638,1.68740,-2.86087
2162.35000,-1.35596,1.68751,-2.89192
2162.40000,-1.35554,1.68761,-2.92285
2162.45000,-1.35512,1.68769,-2.95366
2162.50000,-1.35467,1.68777,-2.98444
2162.55000,-1.35420,1.68783,-3.01524
2162.60000,-1.35371,1.68788,-3.04608
2162.65000,-1.35319,1.68792,-3.07698
2162.70000,-1.35266,1.68795,-3.10792
2162.75000,-1.35213,1.68795,-3.13866
2162.80000,-1.35162,1.68795,3.11428
2162.85000,-1.35112,1.68792,3.08458
2162.90000,-1.35063,1.68790,3.05563
2162.95000,-1.35017,1.68787,3.02730
2163.00000,-1.34975,1.68783,2.99947
2163.05000,-1.35121,1.68840,2.97166
2163.10000,-1.35920,1.68994,2.94706
2163.15000,-1.36833,1.69186,2.91980
2163.20000,-1.37737,1.69404,2.89143
2163.25000,-1.38608,1.69626,2.86322
2163.30000,-1.39001,1.69662,2.83542
2163.35000,-1.38953,1.69645,2.80418
2163.40000,-1.38894,1.69624,2.77201
2163.45000,-1.38836,1.69602,2.73996
2163.50000,-1.38779,1.69578,2.70813
2163.55000,-1.38724,1.69552,2.67672
2163.60000,-1.38668,1.69525,2.64514
2163.65000,-1.38613,1.69496,2.61333
2163.70000,-1.38558,1.69463,2.58135
2163.75000,-1.38504,1.69429,2.54950
2163.80000,-1.38452,1.69394,2.51817
2163.85000,-1.38610,1.69537,2.48808
2163.90000,-1.39210,1.70011,2.45979
2163.95000,-1.39919,1.70604,2.43004
2164.00000,-1.40610,1.71219,2.39984
2164.05000,-1.41281,1.71852,2.36894
2164.10000,-1.41929,1.72505,2.33722
2164.15000,-1.42569,1.73168,2.30547
2164.20000,-1.42656,1.73267,2.27543
2164.25000,-1.42611,1.73214,2.24148
2164.30000,-1.42566,1.73159,2.20750
2164.35000,-1.42525,1.73103,2.17389
2164.40000,-1.42641,1.73259,2.14163
2164.45000,-1.43052,1.73917,2.11278
2164.50000,-1.43512,1.74709,2.08044
2164.55000,-1.43947,1.75517,2.04777
2164.60000,-1.44355,1.76340,2.01501
2164.65000,-1.44735,1.77175,1.98219
2164.70000,-1.45089,1.78022,1.94936
2164.75000,-1.45414,1.78881,1.91659
2164.80000,-1.45711,1.79750,1.88400
2164.85000,-1.45980,1.80629,1.85160
2164.90000,-1.46220,1.81516,1.81943
2164.95000,-1.46433,1.82411,1.78755
2165.00000,-1.46616,1.83314,1.75599
2165.05000,-1.46772,1.84223,1.72482
2165.10000,-1.46900,1.85137,1.69409
2165.15000,-1.46999,1.86056,1.66385
2165.20000,-1.47072,1.86979,1.63416
2165.25000,-1.47117,1.87905,1.60505
2165.30000,-1.47135,1.88834,1.57659
2165.35000,-1.47128,1.89764,1.54878
2165.40000,-1.47095,1.90695,1.52156
2165.45000,-1.47036,1.91627,1.49496
2165.50000,-1.46953,1.92558,1.46905
2165.55000,-1.46847,1.93489,1.44386
2165.60000,-1.46716,1.94419,1.41951
2165.65000,-1.46564,1.95348,1.39603
2165.70000,-1.46389,1.96275,1.37348
2165.75000,-1.46194,1.97200,1.35185
2165.80000,-1.45978,1.98124,1.33103
2165.85000,-1.45743,1.99044,1.31103
2165.90000,-1.45490,1.99962,1.29185
2165.95000,-1.45219,2.00877,1.27353
2166.00000,-1.44931,2.01789,1.25608
2166.05000,-1.44627,2.02697,1.23959
2166.10000,-1.44307,2.03603,1.22403
2166.15000,-1.43981,2.04508,1.20852
2166.20000,-1.43914,2.04887,1.19257
2166.25000,-1.43922,2.04871,1.18039
2166.30000,-1.43929,2.04853,1.16895
2166.35000,-1.43936,2.04836,1.15782
2166.40000,-1.43944,2.04819,1.14721
2166.45000,-1.43950,2.04805,1.13704
2166.50000,-1.43957,2.04791,1.12735
2166.55000,-1.43963,2.04779,1.11815
2166.60000,-1.43968,2.04768,1.10941
2166.65000,-1.43973,2.04757,1.10092
2166.70000,-1.43979,2.04747,1.09246
2166.75000,-1.43984,2.04736,1.08397
2166.80000,-1.43990,2.04726,1.07544
2166.85000,-1.43995,2.04716,1.06695
2166.90000,-1.44001,2.04706,1.05859
2166.95000,-1.44006,2.04697,1.05042
2167.00000,-1.44011,2.04688,1.04248
2167.05000,-1.44015,2.04681,1.03488
2167.10000,-1.44019,2.04674,1.02770
2167.15000,-1.44023,2.04668,1.02107
2167.20000,-1.44025,2.04664,1.01497
2167.25000,-1.44027,2.04661,1.00941
2167.30000,-1.44029,2.04659,1.00445
2167.35000,-1.44029,2.04658,0.99999
2167.40000,-1.44029,2.04659,0.99589
2167.45000,-1.44028,2.04659,0.99205
2167.50000,-1.44028,2.04661,0.98845
2167.55000,-1.44026,2.04663,0.98509
2167.60000,-1.44024,2.04666,0.98216
2167.65000,-1.44022,2.04670,0.97966
2167.70000,-1.44018,2.04675,0.97759
2167.75000,-1.44014,2.04681,0.97614
2167.80000,-1.44008,2.04689,0.97470
2167.85000,-1.44003,2.04696,0.97326
2167.90000,-1.43995,2.04708,0.97363
2167.95000,-1.43986,2.04720,0.97411
2168.00000,-1.43977,2.04734,0.97576
2168.05000,-1.43966,2.04750,0.97821
2168.10000,-1.43953,2.04767,0.98141
2168.15000,-1.43940,2.04784,0.98531
2168.20000,-1.43926,2.04804,0.98992
2168.25000,-1.43911,2.04825,0.99513
2168.30000,-1.43896,2.04848,1.00093
2168.35000,-1.43879,2.04873,1.00741
2168.40000,-1.43861,2.04899,1.01448
2168.45000,-1.43842,2.04928,1.02224
2168.50000,-1.43822,2.04959,1.03070
2168.55000,-1.43802,2.04992,1.03993
2168.60000,-1.43780,2.05026,1.04940
2168.65000,-1.43759,2.05060,1.05900
2168.70000,-1.43738,2.05096,1.06871
2168.75000,-1.43718,2.05131,1.07859
2168.80000,-1.43698,2.05167,1.08860
2168.85000,-1.43678,2.05204,1.09871
2168.90000,-1.43658,2.05241,1.10893
2168.95000,-1.43639,2.05279,1.11932
2169.00000,-1.43620,2.05317,1.12977
2169.05000,-1.43601,2.05355,1.14037
2169.10000,-1.43582,2.05393,1.15090
2169.15000,-1.43564,2.05432,1.16144
2169.20000,-1.43547,2.05471,1.17193
2169.25000,-1.43529,2.05510,1.18236
2169.30000,-1.43513,2.05548,1.19268
2169.35000,-1.43498,2.05585,1.20296
2169.40000,-1.43484,2.05623,1.21319
2169.45000,-1.43467,2.05662,1.22339
2169.50000,-1.43452,2.05701,1.23355
2169.55000,-1.43436,2.05740,1.24367
2169.60000,-1.43423,2.05780,1.25375
2169.65000,-1.43410,2.05820,1.26382
2169.70000,-1.43397,2.05860,1.27386
2169.75000,-1.43385,2.05900,1.28388
2169.80000,-1.43374,2.05940,1.29387
2169.85000,-1.43362,2.05981,1.30383
2169.90000,-1.43352,2.06021,1.31377
2169.95000,-1.43341,2.06061,1.32369
2170.00000,-1.43331,2.06102,1.33360
2170.05000,-1.43322,2.06142,1.34349
2170.10000,-1.43313,2.06183,1.35336
2170.15000,-1.43304,2.06223,1.36321
2170.20000,-1.43295,2.06264,1.37303
2170.25000,-1.43287,2.06304,1.38283
2170.30000,-1.43280,2.06345,1.39260
2170.35000,-1.43273,2.06386,1.40233
2170.40000,-1.43204,2.06602,1.41132
2170.45000,-1.43053,2.07382,1.41971
2170.50000,-1.42907,2.08370,1.42822
2170.55000,-1.42769,2.09361,1.43657
2170.60000,-1.42639,2.10356,1.44462
2170.65000,-1.42516,2.11349,1.45232
2170.70000,-1.42401,2.12345,1.45959
2170.75000,-1.42311,2.13317,1.45709
2170.80000,-1.42263,2.14097,1.43088
2170.85000,-1.42183,2.14681,1.38560
2170.90000,-1.42047,2.15314,1.33387
2170.95000,-1.41856,2.16022,1.27927
2171.00000,-1.41606,2.16775,1.22268
2171.05000,-1.41297,2.17556,1.16482
2171.10000,-1.40928,2.18349,1.10615
2171.15000,-1.40501,2.19142,1.04700
2171.20000,-1.40016,2.19926,0.98760
2171.25000,-1.39476,2.20694,0.92813
2171.30000,-1.38880,2.21443,0.86880
2171.35000,-1.38232,2.22164,0.80962
2171.40000,-1.37534,2.22855,0.75065
2171.45000,-1.36788,2.23510,0.69194
2171.50000,-1.36000,2.24126,0.63394
2171.55000,-1.35178,2.24695,0.57692
2171.60000,-1.34325,2.25216,0.52046
2171.65000,-1.33444,2.25689,0.46484
2171.70000,-1.32572,2.26107,0.42188
2171.75000,-1.31849,2.26416,0.39981
2171.80000,-1.31413,2.26594,0.39395
2171.85000,-1.31219,2.26668,0.40278
2171.90000,-1.31164,2.26691,0.42033
2171.95000,-1.31112,2.26713,0.43862
2172.00000,-1.31058,2.26738,0.45708
2172.05000,-1.31003,2.26764,0.47572
2172.10000,-1.30949,2.26792,0.49462
2172.15000,-1.30900,2.26817,0.51381
2172.20000,-1.30850,2.26845,0.53343
2172.25000,-1.30836,2.26848,0.54186
2172.30000,-1.30823,2.26856,0.54542
2172.35000,-1.30771,2.26888,0.56427
2172.40000,-1.30719,2.26922,0.58355
2172.45000,-1.30700,2.26934,0.58560
2172.50000,-1.30574,2.27017,0.56467
2172.55000,-1.30230,2.27234,0.53352
2172.60000,-1.29736,2.27525,0.50919
2172.65000,-1.29240,2.27810,0.49936
2172.70000,-1.28911,2.27987,0.50289
2172.75000,-1.28826,2.28029,0.52054
2172.80000,-1.28782,2.28053,0.54110
2172.85000,-1.28732,2.28082,0.56210
2172.90000,-1.28720,2.28083,0.56884
2172.95000,-1.28595,2.28164,0.55146
2173.00000,-1.28200,2.28400,0.52283
2173.05000,-1.27613,2.28724,0.48699
2173.10000,-1.27023,2.29026,0.46565
2173.15000,-1.26594,2.29238,0.46552
2173.20000,-1.26417,2.29319,0.47960
2173.25000,-1.26361,2.29347,0.50102
2173.30000,-1.26306,2.29376,0.52287
2173.35000,-1.26251,2.29408,0.54471
2173.40000,-1.26197,2.29440,0.56637
2173.45000,-1.26144,2.29473,0.58788
2173.50000,-1.26094,2.29506,0.60916
2173.55000,-1.26078,2.29518,0.61341
2173.60000,-1.25916,2.29632,0.59605
2173.65000,-1.25547,2.29877,0.57032
2173.70000,-1.24972,2.30233,0.53611
2173.75000,-1.24381,2.30571,0.51513
2173.80000,-1.23934,2.30819,0.51304
2173.85000,-1.23809,2.30880,0.52783
2173.90000,-1.23754,2.30911,0.54871
2173.95000,-1.23698,2.30944,0.56980
2174.00000,-1.23642,2.30979,0.59096
2174.05000,-1.23587,2.31014,0.61214
2174.10000,-1.23555,2.31034,0.61545
2174.15000,-1.23536,2.31049,0.61762
2174.20000,-1.23519,2.31057,0.62064
2174.25000,-1.23331,2.31196,0.60318
2174.30000,-1.22903,2.31483,0.57595
2174.35000,-1.22295,2.31863,0.54109
2174.40000,-1.21696,2.32212,0.52025
2174.45000,-1.21238,2.32469,0.51748
2174.50000,-1.21081,2.32555,0.52921
2174.55000,-1.21071,2.32561,0.54765
2174.60000,-1.21061,2.32568,0.56624
2174.65000,-1.21050,2.32574,0.58479
2174.70000,-1.21040,2.32581,0.60340
2174.75000,-1.21031,2.32588,0.62209
2174.80000,-1.21021,2.32597,0.63346
2174.85000,-1.20964,2.32641,0.64046
2174.90000,-1.20902,2.32688,0.65366
2174.95000,-1.20821,2.32752,0.64656
2175.00000,-1.20631,2.32894,0.63099
2175.05000,-1.20272,2.33150,0.60744
2175.10000,-1.19701,2.33534,0.57406
2175.15000,-1.18959,2.33991,0.53191
2175.20000,-1.18211,2.34412,0.50376
2175.25000,-1.17622,2.34724,0.49383
2175.30000,-1.17303,2.34894,0.49718
2175.35000,-1.17212,2.34939,0.51355
2175.40000,-1.17182,2.34955,0.53278
2175.45000,-1.17172,2.34961,0.55112
2175.50000,-1.17162,2.34967,0.56952
2175.55000,-1.17153,2.34974,0.58803
2175.60000,-1.17143,2.34980,0.60656
2175.65000,-1.17134,2.34987,0.62504
2175.70000,-1.17125,2.34993,0.64341
2175.75000,-1.17116,2.35000,0.66166
2175.80000,-1.17107,2.35009,0.67225
2175.85000,-1.17065,2.35044,0.66797
2175.90000,-1.16904,2.35171,0.65615
2175.95000,-1.16603,2.35398,0.63723
2176.00000,-1.16116,2.35749,0.60925
2176.05000,-1.15401,2.36229,0.57119
2176.10000,-1.14689,2.36671,0.54577
2176.15000,-1.14192,2.36965,0.53953
2176.20000,-1.13942,2.37114,0.54535
2176.25000,-1.13885,2.37148,0.56084
2176.30000,-1.13851,2.37167,0.57973
2176.35000,-1.13807,2.37195,0.59938
2176.40000,-1.13767,2.37221,0.61885
2176.45000,-1.13758,2.37227,0.63683
2176.50000,-1.13749,2.37234,0.65482
2176.55000,-1.13741,2.37241,0.67282
2176.60000,-1.13732,2.37247,0.69078
2176.65000,-1.13725,2.37256,0.70093
2176.70000,-1.13653,2.37319,0.69538
2176.75000,-1.13451,2.37486,0.68234
2176.80000,-1.13109,2.37759,0.66192
2176.85000,-1.12605,2.38147,0.64673
2176.90000,-1.12230,2.38427,0.64538
2176.95000,-1.12046,2.38565,0.65279
2177.00000,-1.12006,2.38596,0.66775
2177.05000,-1.11998,2.38603,0.68456
2177.10000,-1.11990,2.38610,0.70148
2177.15000,-1.11982,2.38618,0.71091
2177.20000,-1.11929,2.38665,0.70653
2177.25000,-1.11762,2.38806,0.69492
2177.30000,-1.11454,2.39059,0.67629
2177.35000,-1.10959,2.39446,0.64832
2177.40000,-1.10348,2.39897,0.62725
2177.45000,-1.09919,2.40205,0.62248
2177.50000,-1.09772,2.40310,0.63265
2177.55000,-1.09756,2.40321,0.64935
2177.60000,-1.09727,2.40342,0.66674
2177.65000,-1.09691,2.40369,0.68451
2177.70000,-1.09650,2.40400,0.70258
2177.75000,-1.09610,2.40433,0.72062
2177.80000,-1.09580,2.40459,0.73809
2177.85000,-1.09573,2.40466,0.74404
2177.90000,-1.09395,2.40631,0.72992
2177.95000,-1.08968,2.41005,0.70487
2178.00000,-1.08369,2.41499,0.67201
2178.05000,-1.07751,2.41978,0.65017
2178.10000,-1.07266,2.42338,0.64309
2178.15000,-1.07121,2.42446,0.65384
2178.20000,-1.07110,2.42454,0.67137
2178.25000,-1.07096,2.42465,0.68922
2178.30000,-1.07086,2.42473,0.70695
2178.35000,-1.07077,2.42482,0.72475
2178.40000,-1.07067,2.42491,0.74263
2178.45000,-1.07056,2.42500,0.76058
2178.50000,-1.07047,2.42511,0.77115
2178.55000,-1.06986,2.42571,0.76756
2178.60000,-1.06820,2.42731,0.75699
2178.65000,-1.06502,2.43025,0.73835
2178.70000,-1.06006,2.43465,0.71041
2178.75000,-1.05384,2.43999,0.68447
2178.80000,-1.04834,2.44449,0.67157
2178.85000,-1.04525,2.44695,0.67384
2178.90000,-1.04473,2.44736,0.69146
2178.95000,-1.04439,2.44765,0.71060
2179.00000,-1.04423,2.44779,0.72892
2179.05000,-1.04386,2.44812,0.74830
2179.10000,-1.04369,2.44827,0.76670
2179.15000,-1.04352,2.44844,0.78510
2179.20000,-1.04335,2.44862,0.80353
2179.25000,-1.04338,2.44862,0.81133
2179.30000,-1.04276,2.44927,0.80642
2179.35000,-1.04047,2.45163,0.78918
2179.40000,-1.03654,2.45549,0.76145
2179.45000,-1.03113,2.46047,0.72447
2179.50000,-1.02488,2.46598,0.69000
2179.55000,-1.01897,2.47090,0.67304
2179.60000,-1.01496,2.47409,0.67136
2179.65000,-1.01252,2.47604,0.68052
2179.70000,-1.01159,2.47679,0.69953
2179.75000,-1.01101,2.47727,0.72069
2179.80000,-1.01041,2.47780,0.74194
2179.85000,-1.00982,2.47834,0.76311
2179.90000,-1.00921,2.47894,0.78423
2179.95000,-1.00863,2.47951,0.80526
2180.00000,-1.00805,2.48013,0.82613
2180.05000,-1.00748,2.48074,0.84687
2180.10000,-1.00713,2.48114,0.85131
2180.15000,-1.00579,2.48264,0.84260
2180.20000,-1.00345,2.48523,0.82710
2180.25000,-0.99988,2.48902,0.80298
2180.30000,-0.99491,2.49400,0.76950
2180.35000,-0.98898,2.49974,0.73747
2180.40000,-0.98328,2.50496,0.72064
2180.45000,-0.97925,2.50848,0.71805
2180.50000,-0.97736,2.51016,0.73008
2180.55000,-0.97677,2.51069,0.75106
2180.60000,-0.97620,2.51122,0.77224
2180.65000,-0.97562,2.51177,0.79332
2180.70000,-0.97507,2.51234,0.81435
2180.75000,-0.97454,2.51292,0.83527
2180.80000,-0.97402,2.51348,0.85573
2180.85000,-0.97351,2.51408,0.87607
2180.90000,-0.97303,2.51466,0.89616
2180.95000,-0.97282,2.51494,0.90133
2181.00000,-0.97089,2.51734,0.88886
2181.05000,-0.96721,2.52175,0.86334
2181.10000,-0.96229,2.52732,0.82965
2181.15000,-0.95679,2.53332,0.79954
2181.20000,-0.95144,2.53885,0.78287
2181.25000,-0.94741,2.54287,0.77791
2181.30000,-0.94485,2.54543,0.78390
2181.35000,-0.94406,2.54623,0.80281
2181.40000,-0.94356,2.54675,0.82379
2181.45000,-0.94309,2.54726,0.84471
2181.50000,-0.94262,2.54779,0.86548
2181.55000,-0.94216,2.54834,0.88618
2181.60000,-0.94172,2.54888,0.90669
2181.65000,-0.94130,2.54942,0.92701
2181.70000,-0.94115,2.54971,0.93266
2181.75000,-0.93920,2.55228,0.92130
2181.80000,-0.93558,2.55692,0.89666
2181.85000,-0.93077,2.56275,0.86380
2181.90000,-0.92537,2.56905,0.83435
2181.95000,-0.92042,2.57452,0.81980
2182.00000,-0.91751,2.57767,0.82203
2182.05000,-0.91560,2.57972,0.83198
2182.10000,-0.91368,2.58178,0.84194
2182.15000,-0.91176,2.58385,0.85191
2182.20000,-0.90984,2.58591,0.86188
2182.25000,-0.90792,2.58798,0.87187
2182.30000,-0.90599,2.59005,0.88186
2182.35000,-0.90444,2.59193,0.89568
2182.40000,-0.90338,2.59327,0.91308
2182.45000,-0.90294,2.59384,0.93553
2182.50000,-0.90251,2.59442,0.95801
2182.55000,-0.90209,2.59500,0.98033
2182.60000,-0.90173,2.59552,0.98636
2182.65000,-0.90011,2.59795,0.97856
2182.70000,-0.89676,2.60280,0.95622
2182.75000,-0.89219,2.60907,0.92480
2182.80000,-0.88672,2.61606,0.88778
2182.85000,-0.88095,2.62312,0.85756
2182.90000,-0.87566,2.62921,0.84272
2182.95000,-0.87207,2.63328,0.84237
2183.00000,-0.87053,2.63507,0.85694
2183.05000,-0.87017,2.63551,0.87834
2183.10000,-0.86986,2.63588,0.90245
2183.15000,-0.86960,2.63621,0.92630
2183.20000,-0.86948,2.63636,0.94928
2183.25000,-0.86941,2.63646,0.97195
2183.30000,-0.86935,2.63656,0.99464
2183.35000,-0.86928,2.63666,1.01737
2183.40000,-0.86922,2.63680,1.02878
2183.45000,-0.86753,2.63950,1.02114
2183.50000,-0.86426,2.64470,0.99956
2183.55000,-0.86039,2.65061,0.97919
2183.60000,-0.85679,2.65603,0.97356
2183.65000,-0.85468,2.65921,0.98175
2183.70000,-0.85331,2.66130,0.99561
2183.75000,-0.85265,2.66234,1.01475
2183.80000,-0.85254,2.66252,1.03798
2183.85000,-0.85248,2.66265,1.05100
2183.90000,-0.85120,2.66478,1.04672
2183.95000,-0.84806,2.67005,1.02702
2184.00000,-0.84377,2.67692,0.99855
2184.05000,-0.83835,2.68504,0.96584
2184.10000,-0.83277,2.69314,0.93797
2184.15000,-0.82770,2.70029,0.92484
2184.20000,-0.82416,2.70506,0.92570
2184.25000,-0.82301,2.70670,0.94491
2184.30000,-0.82291,2.70683,0.97010
2184.35000,-0.82272,2.70710,0.99563
2184.40000,-0.82227,2.70778,1.02298
2184.45000,-0.82182,2.70851,1.05011
2184.50000,-0.82150,2.70907,1.07607
2184.55000,-0.82134,2.70936,1.10048
2184.60000,-0.82121,2.70961,1.12418
2184.65000,-0.82097,2.71010,1.13613
2184.70000,-0.82024,2.71160,1.13600
2184.75000,-0.81786,2.71647,1.11927
2184.80000,-0.81431,2.72351,1.09096
2184.85000,-0.80994,2.73154,1.05691
2184.90000,-0.80557,2.73935,1.02632
2184.95000,-0.80135,2.74676,1.01389
2185.00000,-0.79784,2.75245,1.01611
2185.05000,-0.79565,2.75617,1.02963
2185.10000,-0.79505,2.75724,1.05815
2185.15000,-0.79489,2.75753,1.08902
2185.20000,-0.79474,2.75782,1.11961
2185.25000,-0.79460,2.75814,1.14992
2185.30000,-0.79445,2.75848,1.18002
2185.35000,-0.79433,2.75883,1.20122
2185.40000,-0.79387,2.76000,1.20546
2185.45000,-0.79197,2.76465,1.19173
2185.50000,-0.78904,2.77171,1.16476
2185.55000,-0.78565,2.77924,1.12874
2185.60000,-0.78181,2.78692,1.08580
2185.65000,-0.77776,2.79417,1.03558
2185.70000,-0.77327,2.80129,0.98136
2185.75000,-0.76816,2.80849,0.92556
2185.80000,-0.76247,2.81561,0.86862
2185.85000,-0.75618,2.82263,0.81131
2185.90000,-0.74930,2.82947,0.75389
2185.95000,-0.74213,2.83581,0.69527
2186.00000,-0.73458,2.84175,0.63625
2186.05000,-0.72674,2.84718,0.57655
2186.10000,-0.71843,2.85224,0.51729
2186.15000,-0.71008,2.85666,0.45682
2186.20000,-0.70151,2.86055,0.39605
2186.25000,-0.69277,2.86390,0.33501
2186.30000,-0.68378,2.86673,0.27408
2186.35000,-0.67499,2.86890,0.21175
2186.40000,-0.66636,2.87047,0.14831
2186.45000,-0.65775,2.87148,0.08440
2186.50000,-0.64904,2.87194,0.02069
2186.55000,-0.64025,2.87184,-0.04283
2186.60000,-0.63138,2.87118,-0.10599
2186.65000,-0.62249,2.86995,-0.16883
2186.70000,-0.61369,2.86816,-0.23167
2186.75000,-0.60628,2.86616,-0.29937
2186.80000,-0.60001,2.86432,-0.36010
2186.85000,-0.59460,2.86270,-0.40664
2186.90000,-0.59152,2.86129,-0.45978
2186.95000,-0.58915,2.86002,-0.52472
2187.00000,-0.58644,2.85832,-0.59429
2187.05000,-0.58327,2.85601,-0.66579
2187.10000,-0.57989,2.85314,-0.73861
2187.15000,-0.57645,2.84977,-0.81226
2187.20000,-0.57304,2.84589,-0.88622
2187.25000,-0.56978,2.84157,-0.96038
2187.30000,-0.56671,2.83682,-1.03441
2187.35000,-0.56391,2.83167,-1.10819
2187.40000,-0.56142,2.82620,-1.18178
2187.45000,-0.55929,2.82041,-1.25504
2187.50000,-0.55755,2.81434,-1.32794
2187.55000,-0.55623,2.80803,-1.40047
2187.60000,-0.55536,2.80153,-1.47264
2187.65000,-0.55501,2.79604,-1.54879
2187.70000,-0.55508,2.79208,-1.63081
2187.75000,-0.55548,2.78814,-1.71302
2187.80000,-0.55624,2.78406,-1.79460
2187.85000,-0.55737,2.77987,-1.87551
2187.90000,-0.55890,2.77561,-1.95577
2187.95000,-0.56084,2.77132,-2.03537
2188.00000,-0.56320,2.76705,-2.11435
2188.05000,-0.56597,2.76285,-2.19272
2188.10000,-0.56914,2.75876,-2.27055
2188.15000,-0.57271,2.75484,-2.34784
2188.20000,-0.57667,2.75112,-2.42461
2188.25000,-0.58099,2.74763,-2.50091
2188.30000,-0.58559,2.74446,-2.57637
2188.35000,-0.59033,2.74170,-2.65042
2188.40000,-0.59514,2.73935,-2.72303
2188.45000,-0.60000,2.73739,-2.79420
2188.50000,-0.60488,2.73581,-2.86393
2188.55000,-0.60975,2.73460,-2.93224
2188.60000,-0.61460,2.73374,-2.99911
2188.65000,-0.61941,2.73321,-3.06457
2188.70000,-0.62416,2.73300,-3.12860
2188.75000,-0.62877,2.73299,3.09891
2188.80000,-0.63343,2.73316,3.06232
2188.85000,-0.63820,2.73362,3.04675
2188.90000,-0.64587,2.73436,3.05374
2188.95000,-0.65451,2.73507,3.06381
2189.00000,-0.66309,2.73569,3.07447
2189.05000,-0.67209,2.73625,3.08547
2189.10000,-0.68153,2.73672,3.09665
2189.15000,-0.69122,2.73709,3.10926
2189.20000,-0.70120,2.73735,3.12177
2189.25000,-0.71122,2.73748,3.13540
2189.30000,-0.72121,2.73747,-3.13378
2189.35000,-0.73119,2.73732,-3.11956
2189.40000,-0.74140,2.73702,-3.10337
2189.45000,-0.75166,2.73655,-3.08631
2189.50000,-0.76168,2.73592,-3.07022
2189.55000,-0.77182,2.73511,-3.05288
2189.60000,-0.78191,2.73412,-3.03529
2189.65000,-0.79229,2.73292,-3.01564
2189.70000,-0.80268,2.73151,-2.99568
2189.75000,-0.81303,2.72990,-2.97556
2189.80000,-0.82336,2.72806,-2.95465
2189.85000,-0.83365,2.72602,-2.93415
2189.90000,-0.84392,2.72376,-2.91323
2189.95000,-0.85414,2.72128,-2.89196
2190.00000,-0.86430,2.71858,-2.87069
2190.05000,-0.87441,2.71566,-2.84975
2190.10000,-0.88423,2.71261,-2.82887
2190.15000,-0.89386,2.70939,-2.80869
2190.20000,-0.90328,2.70603,-2.78886
2190.25000,-0.91262,2.70249,-2.76907
2190.30000,-0.92188,2.69876,-2.74929
2190.35000,-0.93107,2.69486,-2.72956
2190.40000,-0.94018,2.69076,-2.70950
2190.45000,-0.94921,2.68649,-2.68893
2190.50000,-0.95814,2.68203,-2.66860
2190.55000,-0.96698,2.67739,-2.64806
2190.60000,-0.97572,2.67257,-2.62751
2190.65000,-0.98437,2.66757,-2.60698
2190.70000,-0.99290,2.66239,-2.58632
2190.75000,-1.00133,2.65704,-2.56577
2190.80000,-1.00965,2.65152,-2.54484
2190.85000,-1.01785,2.64582,-2.52334
2190.90000,-1.02592,2.63994,-2.50156
2190.95000,-1.03387,2.63389,-2.47953
2191.00000,-1.04126,2.62808,-2.46602
2191.05000,-1.04852,2.62238,-2.45962
2191.10000,-1.05577,2.61667,-2.45684
2191.15000,-1.06270,2.61111,-2.46042
2191.20000,-1.06823,2.60668,-2.47249
2191.25000,-1.07211,2.60366,-2.49316
2191.30000,-1.07345,2.60268,-2.52642
2191.35000,-1.07465,2.60186,-2.55997
2191.40000,-1.07588,2.60108,-2.59271
2191.45000,-1.07714,2.60034,-2.62464
2191.50000,-1.07842,2.59964,-2.65577
2191.55000,-1.07986,2.59889,-2.67319
2191.60000,-1.08424,2.59662,-2.67177
2191.65000,-1.09118,2.59303,-2.65774
2191.70000,-1.09956,2.58852,-2.63577
2191.75000,-1.10773,2.58387,-2.61182
2191.80000,-1.11589,2.57905,-2.59362
2191.85000,-1.12281,2.57495,-2.59182
2191.90000,-1.12517,2.57363,-2.61345
2191.95000,-1.12619,2.57308,-2.64180
2192.00000,-1.12746,2.57241,-2.66872
2192.05000,-1.12866,2.57182,-2.69579
2192.10000,-1.13015,2.57113,-2.72143
2192.15000,-1.13169,2.57046,-2.73723
2192.20000,-1.13548,2.56879,-2.73784
2192.25000,-1.14257,2.56568,-2.72373
2192.30000,-1.15141,2.56166,-2.70169
2192.35000,-1.15995,2.55752,-2.67695
2192.40000,-1.16837,2.55327,-2.65733
2192.45000,-1.17589,2.54939,-2.65158
2192.50000,-1.17961,2.54754,-2.66568
2192.55000,-1.18097,2.54688,-2.69031
2192.60000,-1.18240,2.54622,-2.71453
2192.65000,-1.18377,2.54561,-2.73904
2192.70000,-1.18547,2.54482,-2.76367
2192.75000,-1.18696,2.54418,-2.78833
2192.80000,-1.18843,2.54358,-2.80002
2192.85000,-1.19341,2.54174,-2.79419
2192.90000,-1.20086,2.53899,-2.77740
2192.95000,-1.20959,2.53555,-2.75264
2193.00000,-1.21817,2.53190,-2.72547
2193.05000,-1.22674,2.52808,-2.70412
2193.10000,-1.23479,2.52437,-2.69368
2193.15000,-1.24030,2.52178,-2.69861
2193.20000,-1.24474,2.51970,-2.71063
2193.25000,-1.24836,2.51808,-2.72767
2193.30000,-1.25114,2.51689,-2.74959
2193.35000,-1.25309,2.51612,-2.77612
2193.40000,-1.25386,2.51585,-2.80284
2193.45000,-1.25424,2.51573,-2.83057
2193.50000,-1.25461,2.51563,-2.85805
2193.55000,-1.25499,2.51554,-2.88517
2193.60000,-1.25593,2.51529,-2.89627
2193.65000,-1.26002,2.51412,-2.89309
2193.70000,-1.26735,2.51218,-2.87692
2193.75000,-1.27602,2.50970,-2.85162
2193.80000,-1.28488,2.50692,-2.82321
2193.85000,-1.29377,2.50393,-2.80141
2193.90000,-1.30202,2.50112,-2.79361
2193.95000,-1.30579,2.49993,-2.80789
2194.00000,-1.30644,2.49972,-2.83693
2194.05000,-1.30712,2.49952,-2.86666
2194.10000,-1.30778,2.49934,-2.89690
2194.15000,-1.30842,2.49919,-2.92782
2194.20000,-1.30904,2.49907,-2.95941
2194.25000,-1.30972,2.49892,-2.97996
2194.30000,-1.31253,2.49825,-2.98157
2194.35000,-1.31894,2.49709,-2.96829
2194.40000,-1.32773,2.49545,-2.94507
2194.45000,-1.33750,2.49337,-2.91781
2194.50000,-1.34722,2.49101,-2.89049
2194.55000,-1.35682,2.48860,-2.86846
2194.60000,-1.36631,2.48628,-2.85632
2194.65000,-1.37578,2.48398,-2.84562
2194.70000,-1.38524,2.48167,-2.83616
2194.75000,-1.39470,2.47937,-2.82834
2194.80000,-1.40415,2.47707,-2.82259
2194.85000,-1.41361,2.47476,-2.81936
2194.90000,-1.42306,2.47244,-2.82003
2194.95000,-1.43242,2.47009,-2.83264
2195.00000,-1.44039,2.46785,-2.85578
2195.05000,-1.44616,2.46625,-2.88898
2195.10000,-1.44924,2.46551,-2.93379
2195.15000,-1.44999,2.46537,-2.98819
2195.20000,-1.45050,2.46531,-3.04344
2195.25000,-1.45101,2.46527,-3.09821
2195.30000,-1.45152,2.46526,3.13074
2195.35000,-1.45203,2.46528,3.07705
2195.40000,-1.45253,2.46533,3.03245
2195.45000,-1.45336,2.46573,3.00899
2195.50000,-1.45631,2.46663,3.00371
2195.55000,-1.46041,2.46758,3.00380
2195.60000,-1.46564,2.46861,3.00886
2195.65000,-1.47207,2.46976,3.01903
2195.70000,-1.47998,2.47102,3.03545
2195.75000,-1.48955,2.47200,3.05863
2195.80000,-1.49950,2.47271,3.08304
2195.85000,-1.50928,2.47316,3.10792
2195.90000,-1.51933,2.47338,3.13208
2195.95000,-1.52924,2.47335,-3.12671
2196.00000,-1.53901,2.47310,-3.10811
2196.05000,-1.54891,2.47291,-3.10574
2196.10000,-1.55800,2.47281,-3.11901
2196.15000,-1.56505,2.47274,-3.14110
2196.20000,-1.57004,2.47275,3.11151
2196.25000,-1.57285,2.47281,3.07212
2196.30000,-1.57356,2.47287,3.02441
2196.35000,-1.57387,2.47292,2.97523
2196.40000,-1.57415,2.47295,2.93428
2196.45000,-1.57485,2.47325,2.91308
2196.50000,-1.57853,2.47428,2.91337
2196.55000,-1.58344,2.47542,2.92068
2196.60000,-1.58948,2.47675,2.93364
2196.65000,-1.59668,2.47823,2.95263
2196.70000,-1.60520,2.47977,2.97817
2196.75000,-1.61439,2.48115,3.00653
2196.80000,-1.62362,2.48227,3.03485
2196.85000,-1.63286,2.48313,3.06359
2196.90000,-1.64193,2.48369,3.07934
2196.95000,-1.65064,2.48389,3.07478
2197.00000,-1.65777,2.48376,3.05466
2197.05000,-1.66198,2.48350,3.02216
2197.10000,-1.66391,2.48339,2.98025
2197.15000,-1.66417,2.48343,2.93168
2197.20000,-1.66436,2.48347,2.88304
2197.25000,-1.66451,2.48350,2.84308
2197.30000,-1.66532,2.48396,2.82564
2197.35000,-1.66951,2.48556,2.83204
2197.40000,-1.67702,2.48790,2.85134
2197.45000,-1.68560,2.49035,2.87955
2197.50000,-1.69482,2.49270,2.90803
2197.55000,-1.70447,2.49485,2.93710
2197.60000,-1.71433,2.49671,2.97025
2197.65000,-1.72339,2.49810,3.00998
2197.70000,-1.73233,2.49907,3.05643
2197.75000,-1.74197,2.49966,3.10495
2197.80000,-1.75170,2.49977,-3.12821
2197.85000,-1.76071,2.49942,-3.07588
2197.90000,-1.76933,2.49862,-3.02261
2197.95000,-1.77792,2.49737,-2.96966
2198.00000,-1.78759,2.49543,-2.92046
2198.05000,-1.79669,2.49317,-2.87129
2198.10000,-1.80633,2.49024,-2.82299
2198.15000,-1.81550,2.48707,-2.77424
2198.20000,-1.82358,2.48372,-2.72427
2198.25000,-1.83238,2.47958,-2.67844
2198.30000,-1.84063,2.47548,-2.63814
2198.35000,-1.84894,2.47126,-2.61910
2198.40000,-1.85630,2.46747,-2.63193
2198.45000,-1.86067,2.46514,-2.66931
2198.50000,-1.86277,2.46412,-2.71799
2198.55000,-1.86337,2.46389,-2.76191
2198.60000,-1.86468,2.46304,-2.77746
2198.65000,-1.86690,2.46167,-2.76717
2198.70000,-1.87195,2.45957,-2.74228
2198.75000,-1.87908,2.45635,-2.70752
2198.80000,-1.88714,2.45244,-2.66864
2198.85000,-1.89544,2.44795,-2.62645
2198.90000,-1.90328,2.44329,-2.58186
2198.95000,-1.91077,2.43859,-2.54325
2199.00000,-1.91834,2.43374,-2.52516
2199.05000,-1.92466,2.42950,-2.54306
2199.10000,-1.92890,2.42670,-2.57731
2199.15000,-1.93067,2.42561,-2.62327
2199.20000,-1.93085,2.42552,-2.67622
2199.25000,-1.93102,2.42544,-2.72851
2199.30000,-1.93120,2.42537,-2.77989
2199.35000,-1.93140,2.42531,-2.82082
2199.40000,-1.93228,2.42463,-2.83605
2199.45000,-1.93538,2.42318,-2.82395
2199.50000,-1.94148,2.42110,-2.79816
2199.55000,-1.94916,2.41820,-2.76573
2199.60000,-1.95789,2.41457,-2.72885
2199.65000,-1.96697,2.41039,-2.68985
2199.70000,-1.97588,2.40585,-2.65153
2199.75000,-1.98457,2.40126,-2.62021
2199.80000,-1.99310,2.39680,-2.59957
2199.85000,-2.00159,2.39238,-2.58111
2199.90000,-2.00997,2.38804,-2.57122
2199.95000,-2.01796,2.38394,-2.58033
2200.00000,-2.02383,2.38047,-2.60796
2200.05000,-2.02715,2.37858,-2.64854
2200.10000,-2.02792,2.37818,-2.70109
2200.15000,-2.02810,2.37810,-2.75639
2200.20000,-2.02828,2.37803,-2.81144
2200.25000,-2.02846,2.37798,-2.86615
2200.30000,-2.02865,2.37794,-2.91079
2200.35000,-2.02952,2.37731,-2.92930
2200.40000,-2.03241,2.37600,-2.92303
2200.45000,-2.03893,2.37447,-2.90132
2200.50000,-2.04727,2.37229,-2.87210
2200.55000,-2.05673,2.36951,-2.83840
2200.60000,-2.06622,2.36636,-2.80442
2200.65000,-2.07560,2.36289,-2.77088
2200.70000,-2.08482,2.35936,-2.74418
2200.75000,-2.09391,2.35593,-2.72516
2200.80000,-2.10292,2.35259,-2.70885
2200.85000,-2.11172,2.34941,-2.70141
2200.90000,-2.12053,2.34623,-2.69493
2200.95000,-2.12931,2.34308,-2.69017
2201.00000,-2.13799,2.34001,-2.69003
2201.05000,-2.14665,2.33692,-2.70475
2201.10000,-2.15403,2.33399,-2.73754
2201.15000,-2.15838,2.33224,-2.78452
2201.20000,-2.16010,2.33163,-2.84277
2201.25000,-2.16027,2.33159,-2.90684
2201.30000,-2.16043,2.33156,-2.96982
2201.35000,-2.16060,2.33153,-3.03145
2201.40000,-2.16083,2.33150,-3.08307
2201.45000,-2.16164,2.33133,-3.11210
2201.50000,-2.16313,2.33116,-3.12187
2201.55000,-2.16670,2.33100,-3.11865
2201.60000,-2.17291,2.33074,-3.10448
2201.65000,-2.18215,2.33025,-3.07876
2201.70000,-2.19291,2.32941,-3.04681
2201.75000,-2.20361,2.32823,-3.01548
2201.80000,-2.21427,2.32672,-2.98442
2201.85000,-2.22487,2.32488,-2.95364
2201.90000,-2.23540,2.32272,-2.92313
2201.95000,-2.24570,2.32055,-2.89819
2202.00000,-2.25598,2.31834,-2.88891
2202.05000,-2.26618,2.31614,-2.90149
2202.10000,-2.27421,2.31443,-2.93253
2202.15000,-2.27873,2.31366,-2.97889
2202.20000,-2.28048,2.31341,-3.03683
2202.25000,-2.28065,2.31340,-3.10078
2202.30000,-2.28082,2.31340,3.12719
2202.35000,-2.28139,2.31351,3.09329
2202.40000,-2.28407,2.31378,3.09025
2202.45000,-2.28940,2.31410,3.10243
2202.50000,-2.29610,2.31432,3.12149
2202.55000,-2.30467,2.31438,-3.13367
2202.60000,-2.31388,2.31416,-3.10248
2202.65000,-2.32310,2.31365,-3.07167
2202.70000,-2.33230,2.31287,-3.04127
2202.75000,-2.34155,2.31188,-3.01686
2202.80000,-2.35084,2.31082,-3.00910
2202.85000,-2.35995,2.30987,-3.02401
2202.90000,-2.36846,2.30901,-3.05449
2202.95000,-2.37487,2.30857,-3.09505
2203.00000,-2.37895,2.30847,3.13774
2203.05000,-2.38064,2.30848,3.07773
2203.10000,-2.38099,2.30852,3.02195
2203.15000,-2.38141,2.30867,2.98283
2203.20000,-2.38209,2.30913,2.95993
2203.25000,-2.38290,2.30972,2.94646
2203.30000,-2.38400,2.31044,2.94012
2203.35000,-2.38609,2.31129,2.93922
2203.40000,-2.38935,2.31222,2.94361
2203.45000,-2.39386,2.31329,2.95365
2203.50000,-2.39974,2.31454,2.96956
2203.55000,-2.40739,2.31603,2.99282
2203.60000,-2.41713,2.31739,3.02414
2203.65000,-2.42707,2.31840,3.05594
2203.70000,-2.43705,2.31910,3.08724
2203.75000,-2.44704,2.31949,3.11847
2203.80000,-2.45704,2.31956,-3.13351
2203.85000,-2.46683,2.31942,-3.11101
2203.90000,-2.47649,2.31932,-3.09608
2203.95000,-2.48611,2.31925,-3.08266
2204.00000,-2.49572,2.31919,-3.07065
2204.05000,-2.50533,2.31913,-3.06020
2204.10000,-2.51494,2.31906,-3.05147
2204.15000,-2.52455,2.31899,-3.04455
2204.20000,-2.53416,2.31892,-3.03943
2204.25000,-2.54377,2.31884,-3.03603
2204.30000,-2.55338,2.31876,-3.03416
2204.35000,-2.56299,2.31868,-3.03350
2204.40000,-2.57260,2.31858,-3.03681
2204.45000,-2.58221,2.31845,-3.05590
2204.50000,-2.59181,2.31826,-3.09275
2204.55000,-2.60016,2.31811,3.13979
2204.60000,-2.60628,2.31814,3.07936
2204.65000,-2.60994,2.31830,3.00912
2204.70000,-2.61102,2.31847,2.92885
2204.75000,-2.61119,2.31851,2.84539
2204.80000,-2.61136,2.31857,2.76263
2204.85000,-2.61152,2.31866,2.69146
2204.90000,-2.61201,2.31914,2.65159
2204.95000,-2.61445,2.32061,2.63774
2205.00000,-2.62056,2.32399,2.64466
2205.05000,-2.62913,2.32854,2.66279
2205.10000,-2.63823,2.33312,2.68459
2205.15000,-2.64729,2.33746,2.70461
2205.20000,-2.65653,2.34166,2.72502
2205.25000,-2.66619,2.34581,2.74567
2205.30000,-2.67593,2.34976,2.76630
2205.35000,-2.68575,2.35351,2.78708
2205.40000,-2.69564,2.35705,2.80774
2205.45000,-2.70560,2.36038,2.82832
2205.50000,-2.71507,2.36335,2.84796
2205.55000,-2.72398,2.36575,2.85542
2205.60000,-2.73257,2.36778,2.84933
2205.65000,-2.74102,2.36963,2.82474
2205.70000,-2.74866,2.37174,2.78399
2205.75000,-2.75427,2.37397,2.72984
2205.80000,-2.75705,2.37527,2.66350
2205.85000,-2.75810,2.37580,2.60193
2205.90000,-2.75927,2.37650,2.56449
2205.95000,-2.76230,2.37854,2.55877
2206.00000,-2.76782,2.38219,2.56605
2206.05000,-2.77529,2.38696,2.58206
2206.10000,-2.78380,2.39218,2.60289
2206.15000,-2.79244,2.39722,2.62340
2206.20000,-2.80117,2.40209,2.64378
2206.25000,-2.81001,2.40677,2.66412
2206.30000,-2.81894,2.41127,2.68478
2206.35000,-2.82796,2.41559,2.70542
2206.40000,-2.83706,2.41972,2.72670
2206.45000,-2.84626,2.42366,2.74855
2206.50000,-2.85509,2.42717,2.75675
2206.55000,-2.86181,2.42989,2.73666
2206.60000,-2.86568,2.43164,2.69084
2206.65000,-2.86822,2.43295,2.63023
2206.70000,-2.86926,2.43357,2.56170
2206.75000,-2.86960,2.43381,2.51680
2206.80000,-2.87097,2.43483,2.50496
2206.85000,-2.87515,2.43794,2.50842
2206.90000,-2.88156,2.44260,2.52264
2206.95000,-2.88941,2.44807,2.54366
2207.00000,-2.89774,2.45361,2.56624
2207.05000,-2.90619,2.45896,2.58848
2207.10000,-2.91475,2.46411,2.61117
2207.15000,-2.92344,2.46907,2.63449
2207.20000,-2.93171,2.47356,2.64366
2207.25000,-2.93716,2.47657,2.62069
2207.30000,-2.94072,2.47871,2.57526
2207.35000,-2.94287,2.48015,2.51568
2207.40000,-2.94352,2.48064,2.44873
2207.45000,-2.94367,2.48080,2.39217
2207.50000,-2.94391,2.48113,2.36188
2207.55000,-2.94425,2.48157,2.34681
2207.60000,-2.94731,2.48474,2.35037
2207.65000,-2.95341,2.49080,2.37248
2207.70000,-2.96025,2.49724,2.40083
2207.75000,-2.96719,2.50341,2.42956
2207.80000,-2.97431,2.50938,2.45783
2207.85000,-2.98160,2.51514,2.48626
2207.90000,-2.98903,2.52069,2.51521
2207.95000,-2.99662,2.52601,2.54441
2208.00000,-3.00436,2.53111,2.57383
2208.05000,-3.01198,2.53585,2.58756
2208.10000,-3.01887,2.54002,2.57737
2208.15000,-3.02430,2.54357,2.54356
2208.20000,-3.02851,2.54658,2.49361
2208.25000,-3.03277,2.55001,2.43670
2208.30000,-3.03742,2.55421,2.37705
2208.35000,-3.04199,2.55861,2.32703
2208.40000,-3.04664,2.56319,2.30481
2208.45000,-3.05102,2.56795,2.31667
2208.50000,-3.05645,2.57373,2.33968
2208.55000,-3.06282,2.58012,2.37036
2208.60000,-3.06943,2.58633,2.40598
2208.65000,-3.07557,2.59169,2.44455
2208.70000,-3.08127,2.59626,2.48895
2208.75000,-3.08598,2.59978,2.52354
2208.80000,-3.09037,2.60288,2.52416
2208.85000,-3.09318,2.60490,2.49562
2208.90000,-3.09568,2.60688,2.44978
2208.95000,-3.09924,2.61000,2.39821
2209.00000,-3.10344,2.61408,2.34272
2209.05000,-3.10770,2.61849,2.29665
2209.10000,-3.11240,2.62348,2.28209
2209.15000,-3.11722,2.62895,2.29344
2209.20000,-3.12177,2.63400,2.32376
2209.25000,-3.12671,2.63907,2.36391
2209.30000,-3.13265,2.64466,2.40925
2209.35000,-3.13971,2.65075,2.45593
2209.40000,-3.14731,2.65668,2.50478
2209.45000,-3.15446,2.66168,2.55818
2209.50000,-3.16165,2.66614,2.61410
2209.55000,-3.16924,2.67030,2.66743
2209.60000,-3.17724,2.67418,2.72136
2209.65000,-3.18540,2.67757,2.77735
2209.70000,-3.19405,2.68061,2.83340
2209.75000,-3.20352,2.68334,2.88827
2209.80000,-3.21195,2.68526,2.94884
2209.85000,-3.22084,2.68672,3.00913
2209.90000,-3.22950,2.68764,3.05734
2209.95000,-3.23587,2.68802,3.08998
2210.00000,-3.24035,2.68814,3.13673
2210.05000,-3.24534,2.68803,-3.09173
2210.10000,-3.25130,2.68756,-3.03382
2210.15000,-3.25789,2.68664,-2.97357
2210.20000,-3.26492,2.68522,-2.91188
2210.25000,-3.27221,2.68327,-2.84919
2210.30000,-3.27962,2.68078,-2.78586
2210.35000,-3.28711,2.67773,-2.72236
2210.40000,-3.29456,2.67411,-2.65878
2210.45000,-3.30193,2.66995,-2.59526
2210.50000,-3.30916,2.66523,-2.53202
2210.55000,-3.31617,2.66000,-2.46892
2210.60000,-3.32295,2.65424,-2.40622
2210.65000,-3.32948,2.64795,-2.34398
2210.70000,-3.33567,2.64120,-2.28203
2210.75000,-3.34153,2.63396,-2.22061
2210.80000,-3.34699,2.62630,-2.15953
2210.85000,-3.35203,2.61822,-2.09883
2210.90000,-3.35666,2.60972,-2.03873
2210.95000,-3.36081,2.60085,-1.97905
2211.00000,-3.36447,2.59165,-1.91979
2211.05000,-3.36692,2.58360,-1.86140
2211.10000,-3.36774,2.57988,-1.79842
2211.15000,-3.36799,2.57865,-1.72831
2211.20000,-3.36802,2.57837,-1.65483
2211.25000,-3.36804,2.57813,-1.58197
2211.30000,-3.36803,2.57788,-1.50995
2211.35000,-3.36800,2.57763,-1.43876
2211.40000,-3.36796,2.57739,-1.36844
2211.45000,-3.36791,2.57715,-1.29899
2211.50000,-3.36783,2.57691,-1.23042
2211.55000,-3.36774,2.57668,-1.16274
2211.60000,-3.36763,2.57645,-1.09598
2211.65000,-3.36751,2.57624,-1.03013
2211.70000,-3.36738,2.57603,-0.96521
2211.75000,-3.36723,2.57583,-0.90122
2211.80000,-3.36707,2.57564,-0.83818
2211.85000,-3.36690,2.57546,-0.77609
2211.90000,-3.36672,2.57529,-0.71495
2211.95000,-3.36653,2.57514,-0.65478
2212.00000,-3.36632,2.57499,-0.59558
2212.05000,-3.36612,2.57486,-0.53736
2212.10000,-3.36590,2.57474,-0.48012
2212.15000,-3.36568,2.57463,-0.42386
2212.20000,-3.36545,2.57453,-0.36859
2212.25000,-3.36522,2.57445,-0.31431
2212.30000,-3.36498,2.57438,-0.26102
2212.35000,-3.36477,2.57435,-0.21747
2212.40000,-3.36292,2.57388,-0.19087
2212.45000,-3.35785,2.57283,-0.17916
2212.50000,-3.35049,2.57140,-0.18072
2212.55000,-3.34124,2.56963,-0.19251
2212.60000,-3.33177,2.56771,-0.20616
2212.65000,-3.32232,2.56566,-0.21932
2212.70000,-3.31292,2.56350,-0.23325
2212.75000,-3.30355,2.56120,-0.24764
2212.80000,-3.29421,2.55877,-0.26236
2212.85000,-3.28493,2.55619,-0.27741
2212.90000,-3.27571,2.55349,-0.29264
2212.95000,-3.26653,2.55065,-0.30819
2213.00000,-3.25739,2.54766,-0.32432
2213.05000,-3.24832,2.54452,-0.34071
2213.10000,-3.23930,2.54124,-0.35737
2213.15000,-3.23034,2.53781,-0.37428
2213.20000,-3.22147,2.53423,-0.39130
2213.25000,-3.21267,2.53051,-0.40851
2213.30000,-3.20393,2.52664,-0.42570
2213.35000,-3.19526,2.52262,-0.44313
2213.40000,-3.18667,2.51845,-0.46068
2213.45000,-3.17816,2.51413,-0.47873
2213.50000,-3.16973,2.50965,-0.49660
2213.55000,-3.16138,2.50503,-0.51498
2213.60000,-3.15310,2.50024,-0.53326
2213.65000,-3.14492,2.49531,-0.55166
2213.70000,-3.13685,2.49023,-0.57063
2213.75000,-3.12889,2.48511,-0.58105
2213.80000,-3.12088,2.47987,-0.57940
2213.85000,-3.11349,2.47507,-0.56989
2213.90000,-3.10667,2.47078,-0.55510
2213.95000,-3.10170,2.46777,-0.53177
2214.00000,-3.09888,2.46616,-0.49562
2214.05000,-3.09816,2.46578,-0.44639
2214.10000,-3.09808,2.46575,-0.39028
2214.15000,-3.09799,2.46573,-0.34474
2214.20000,-3.09738,2.46550,-0.31986
2214.25000,-3.09424,2.46442,-0.31175
2214.30000,-3.08828,2.46244,-0.31789
2214.35000,-3.07967,2.45946,-0.33746
2214.40000,-3.07082,2.45622,-0.36049
2214.45000,-3.06204,2.45278,-0.38327
2214.50000,-3.05334,2.44913,-0.40592
2214.55000,-3.04471,2.44530,-0.42854
2214.60000,-3.03619,2.44126,-0.45150
2214.65000,-3.02845,2.43739,-0.47826
2214.70000,-3.02313,2.43456,-0.51239
2214.75000,-3.02039,2.43295,-0.55733
2214.80000,-3.01984,2.43259,-0.61229
2214.85000,-3.01952,2.43235,-0.66820
2214.90000,-3.01918,2.43207,-0.72378
2214.95000,-3.01884,2.43174,-0.77895
2215.00000,-3.01847,2.43136,-0.83365
2215.05000,-3.01809,2.43092,-0.88788
2215.10000,-3.01769,2.43040,-0.94169
2215.15000,-3.01728,2.42980,-0.99508
2215.20000,-3.01686,2.42912,-1.04807
2215.25000,-3.01644,2.42834,-1.10068
2215.30000,-3.01603,2.42747,-1.15294
2215.35000,-3.01564,2.42652,-1.20489
2215.40000,-3.01528,2.42552,-1.25652
2215.45000,-3.01497,2.42447,-1.30784
2215.50000,-3.01471,2.42338,-1.35884
2215.55000,-3.01450,2.42227,-1.40951
2215.60000,-3.01434,2.42113,-1.45984
2215.65000,-3.01424,2.41997,-1.50981
2215.70000,-3.01420,2.41879,-1.55941
2215.75000,-3.01422,2.41760,-1.60862
2215.80000,-3.01429,2.41639,-1.65740
2215.85000,-3.01443,2.41515,-1.70570
2215.90000,-3.01463,2.41387,-1.75351
2215.95000,-3.01491,2.41257,-1.80082
2216.00000,-3.01525,2.41123,-1.84760
2216.05000,-3.01569,2.40984,-1.89380
2216.10000,-3.01622,2.40837,-1.93937
2216.15000,-3.01686,2.40682,-1.98433
2216.20000,-3.01762,2.40519,-2.02867
2216.25000,-3.01851,2.40347,-2.07239
2216.30000,-3.01954,2.40169,-2.11549
2216.35000,-3.02073,2.39982,-2.15798
2216.40000,-3.02207,2.39789,-2.19985
2216.45000,-3.02359,2.39589,-2.24112
2216.50000,-3.02527,2.39386,-2.28180
2216.55000,-3.02709,2.39183,-2.32190
2216.60000,-3.02904,2.38983,-2.36140
2216.65000,-3.03109,2.38787,-2.40032
2216.70000,-3.03329,2.38594,-2.43864
2216.75000,-3.03561,2.38404,-2.47636
2216.80000,-3.03806,2.38219,-2.51348
2216.85000,-3.04058,2.38043,-2.55002
2216.90000,-3.04318,2.37875,-2.58596
2216.95000,-3.04584,2.37717,-2.62131
2217.00000,-3.04858,2.37566,-2.65607
2217.05000,-3.05138,2.37424,-2.69024
2217.10000,-3.05425,2.37291,-2.72381
2217.15000,-3.05721,2.37165,-2.75679
2217.20000,-3.06027,2.37047,-2.78919
2217.25000,-3.06633,2.36836,-2.81805
2217.30000,-3.07538,2.36544,-2.84740
2217.35000,-3.08499,2.36268,-2.87817
2217.40000,-3.09469,2.36023,-2.90838
2217.45000,-3.10445,2.35806,-2.93801
2217.50000,-3.11353,2.35636,-2.95357
2217.55000,-3.12182,2.35495,-2.94387
2217.60000,-3.13028,2.35314,-2.91756
2217.65000,-3.13958,2.35086,-2.88573
2217.70000,-3.14929,2.34820,-2.85302
2217.75000,-3.15804,2.34544,-2.81817
2217.80000,-3.16663,2.34239,-2.78280
2217.85000,-3.17511,2.33904,-2.74740
2217.90000,-3.18347,2.33539,-2.71233
2217.95000,-3.19169,2.33145,-2.67706
2218.00000,-3.19977,2.32722,-2.64178
2218.05000,-3.20770,2.32271,-2.60679
2218.10000,-3.21547,2.31792,-2.57171
2218.15000,-3.22306,2.31286,-2.53681
2218.20000,-3.23048,2.30754,-2.50195
2218.25000,-3.23771,2.30197,-2.46725
2218.30000,-3.24475,2.29614,-2.43292
2218.35000,-3.25160,2.29007,-2.39880
2218.40000,-3.25823,2.28376,-2.36496
2218.45000,-3.26465,2.27723,-2.33123
2218.50000,-3.27086,2.27049,-2.29773
2218.55000,-3.27683,2.26354,-2.26431
2218.60000,-3.28259,2.25638,-2.23170
2218.65000,-3.28807,2.24919,-2.21412
2218.70000,-3.29263,2.24308,-2.21305
2218.75000,-3.29539,2.23939,-2.22403
2218.80000,-3.29602,2.23858,-2.24953
2218.85000,-3.29590,2.23872,-2.27986
2218.90000,-3.29576,2.23888,-2.31012
2218.95000,-3.29562,2.23903,-2.34010
2219.00000,-3.29605,2.23865,-2.35482
2219.05000,-3.29867,2.23601,-2.34818
2219.10000,-3.30337,2.23117,-2.32993
2219.15000,-3.30924,2.22481,-2.30315
2219.20000,-3.31614,2.21688,-2.27002
2219.25000,-3.32279,2.20886,-2.24540
2219.30000,-3.32820,2.20206,-2.23722
2219.35000,-3.33203,2.19719,-2.24066
2219.40000,-3.33473,2.19381,-2.25218
2219.45000,-3.33521,2.19324,-2.27822
2219.50000,-3.33511,2.19336,-2.30804
2219.55000,-3.33529,2.19317,-2.33633
2219.60000,-3.33546,2.19300,-2.36477
2219.65000,-3.33522,2.19325,-2.39591
2219.70000,-3.33484,2.19360,-2.42825
2219.75000,-3.33473,2.19370,-2.44596
2219.80000,-3.33571,2.19288,-2.44911
2219.85000,-3.33991,2.18937,-2.43538
2219.90000,-3.34606,2.18400,-2.41051
2219.95000,-3.35314,2.17746,-2.37995
2220.00000,-3.36027,2.17044,-2.34835
2220.05000,-3.36716,2.16342,-2.32568
2220.10000,-3.37215,2.15812,-2.31425
2220.15000,-3.37660,2.15334,-2.28876
2220.20000,-3.38007,2.14921,-2.24637
2220.25000,-3.38148,2.14737,-2.19156
2220.30000,-3.38159,2.14721,-2.12877
2220.35000,-3.38168,2.14706,-2.06633
2220.40000,-3.38176,2.14689,-2.00444
2220.45000,-3.38184,2.14672,-1.94308
2220.50000,-3.38191,2.14653,-1.88221
2220.55000,-3.38196,2.14634,-1.82176
2220.60000,-3.38200,2.14614,-1.76172
2220.65000,-3.38204,2.14594,-1.70205
2220.70000,-3.38206,2.14574,-1.64280
2220.75000,-3.38207,2.14553,-1.58404
2220.80000,-3.38206,2.14532,-1.52583
2220.85000,-3.38205,2.14511,-1.46819
2220.90000,-3.38202,2.14489,-1.41111
2220.95000,-3.38198,2.14467,-1.35458
2221.00000,-3.38192,2.14445,-1.29862
2221.05000,-3.38185,2.14423,-1.24323
2221.10000,-3.38177,2.14402,-1.18842
2221.15000,-3.38168,2.14380,-1.13418
2221.20000,-3.38157,2.14359,-1.08053
2221.25000,-3.38146,2.14338,-1.02747
2221.30000,-3.38133,2.14318,-0.97501
2221.35000,-3.38118,2.14298,-0.92315
2221.40000,-3.38103,2.14279,-0.87188
2221.45000,-3.38087,2.14261,-0.82121
2221.50000,-3.38070,2.14243,-0.77113
2221.55000,-3.38052,2.14227,-0.72166
2221.60000,-3.38033,2.14211,-0.67282
2221.65000,-3.38014,2.14196,-0.62462
2221.70000,-3.37994,2.14182,-0.57709
2221.75000,-3.37972,2.14169,-0.53022
2221.80000,-3.37951,2.14157,-0.48402
2221.85000,-3.37928,2.14146,-0.43850
2221.90000,-3.37905,2.14136,-0.39365
2221.95000,-3.37882,2.14127,-0.34949
2222.00000,-3.37858,2.14119,-0.30602
2222.05000,-3.37834,2.14112,-0.26323
2222.10000,-3.37809,2.14106,-0.22114
2222.15000,-3.37785,2.14101,-0.17974
2222.20000,-3.37759,2.14097,-0.13904
2222.25000,-3.37734,2.14094,-0.09904
2222.30000,-3.37709,2.14092,-0.05973
2222.35000,-3.37683,2.14091,-0.02112
2222.40000,-3.37658,2.14090,0.01679
2222.45000,-3.37443,2.14108,0.05423
2222.50000,-3.36704,2.14168,0.08825
2222.55000,-3.35733,2.14271,0.12314
2222.60000,-3.34743,2.14412,0.15833
2222.65000,-3.33759,2.14586,0.19285
2222.70000,-3.32781,2.14794,0.22670
2222.75000,-3.31810,2.15035,0.25984
2222.80000,-3.30848,2.15308,0.29231
2222.85000,-3.29895,2.15611,0.32407
2222.90000,-3.28953,2.15944,0.35515
2222.95000,-3.28021,2.16306,0.38552
2223.00000,-3.27100,2.16696,0.41520
2223.05000,-3.26191,2.17112,0.44418
2223.10000,-3.25294,2.17555,0.47247
2223.15000,-3.24410,2.18022,0.50007
2223.20000,-3.23539,2.18513,0.52697
2223.25000,-3.22681,2.19027,0.55318
2223.30000,-3.21838,2.19563,0.57870
2223.35000,-3.21007,2.20121,0.60353
2223.40000,-3.20191,2.20698,0.62769
2223.45000,-3.19355,2.21320,0.65289
2223.50000,-3.18518,2.21977,0.67832
2223.55000,-3.17700,2.22653,0.70296
2223.60000,-3.16927,2.23321,0.72519
2223.65000,-3.16158,2.24016,0.74716
2223.70000,-3.15392,2.24742,0.76934
2223.75000,-3.14641,2.25472,0.79178
2223.80000,-3.13915,2.26177,0.81421
2223.85000,-3.13411,2.26687,0.83359
2223.90000,-3.12995,2.27129,0.83959
2223.95000,-3.12611,2.27542,0.83393
2224.00000,-3.12250,2.27932,0.80809
2224.05000,-3.11768,2.28417,0.76919
2224.10000,-3.11165,2.28975,0.72347
2224.15000,-3.10495,2.29538,0.67500
2224.20000,-3.09795,2.30072,0.62705
2224.25000,-3.09070,2.30571,0.57913
2224.30000,-3.08322,2.31035,0.53143
2224.35000,-3.07552,2.31463,0.48401
2224.40000,-3.06761,2.31855,0.43688
2224.45000,-3.05953,2.32210,0.38985
2224.50000,-3.05128,2.32526,0.34344
2224.55000,-3.04289,2.32805,0.29716
2224.60000,-3.03437,2.33044,0.25133
2224.65000,-3.02574,2.33245,0.20594
2224.70000,-3.01701,2.33407,0.16078
2224.75000,-3.00822,2.33529,0.11592
2224.80000,-2.99937,2.33613,0.07160
2224.85000,-2.99047,2.33657,0.02785
2224.90000,-2.98157,2.33662,-0.01578
2224.95000,-2.97265,2.33629,-0.05904
2225.00000,-2.96375,2.33557,-0.10186
2225.05000,-2.95488,2.33447,-0.14425
2225.10000,-2.94605,2.33300,-0.18592
2225.15000,-2.93727,2.33116,-0.22692
2225.20000,-2.92857,2.32896,-0.26764
2225.25000,-2.91996,2.32641,-0.30779
2225.30000,-2.91175,2.32375,-0.33310
2225.35000,-2.90592,2.32179,-0.34412
2225.40000,-2.90349,2.32108,-0.33717
2225.45000,-2.90220,2.32075,-0.32377
2225.50000,-2.90158,2.32056,-0.30674
2225.55000,-2.90098,2.32037,-0.28947
2225.60000,-2.90039,2.32020,-0.27229
2225.65000,-2.89980,2.32004,-0.25521
2225.70000,-2.89921,2.31989,-0.23824
2225.75000,-2.89862,2.31975,-0.22137
2225.80000,-2.89802,2.31963,-0.20464
2225.85000,-2.89767,2.31973,-0.19328
2225.90000,-2.89650,2.31949,-0.19496
2225.95000,-2.89267,2.31861,-0.21062
2226.00000,-2.88574,2.31699,-0.24238
2226.05000,-2.87756,2.31481,-0.28059
2226.10000,-2.86895,2.31231,-0.31520
2226.15000,-2.86139,2.30993,-0.33698
2226.20000,-2.85581,2.30800,-0.34698
2226.25000,-2.85241,2.30683,-0.34479
2226.30000,-2.85157,2.30654,-0.32858
2226.35000,-2.85098,2.30633,-0.31079
2226.40000,-2.85039,2.30613,-0.29305
2226.45000,-2.84979,2.30593,-0.27542
2226.50000,-2.84920,2.30576,-0.25788
2226.55000,-2.84860,2.30560,-0.24041
2226.60000,-2.84802,2.30545,-0.22317
2226.65000,-2.84742,2.30531,-0.20600
2226.70000,-2.84683,2.30517,-0.18903
2226.75000,-2.84623,2.30505,-0.17223
2226.80000,-2.84563,2.30493,-0.15561
2226.85000,-2.84504,2.30484,-0.13919
2226.90000,-2.84469,2.30478,-0.13196
2226.95000,-2.84244,2.30437,-0.13808
2227.00000,-2.83776,2.30361,-0.15634
2227.05000,-2.83046,2.30232,-0.18793
2227.10000,-2.82193,2.30053,-0.22588
2227.15000,-2.81314,2.29850,-0.25960
2227.20000,-2.80495,2.29637,-0.28377
2227.25000,-2.79867,2.29459,-0.29666
2227.30000,-2.79361,2.29305,-0.30234
2227.35000,-2.78909,2.29165,-0.30502
2227.40000,-2.78457,2.29025,-0.30769
2227.45000,-2.78046,2.28899,-0.30716
2227.50000,-2.77725,2.28799,-0.30109
2227.55000,-2.77486,2.28727,-0.29041
2227.60000,-2.77331,2.28682,-0.27523
2227.65000,-2.77253,2.28661,-0.25615
2227.70000,-2.77225,2.28654,-0.23784
2227.75000,-2.77207,2.28650,-0.22018
2227.80000,-2.77189,2.28646,-0.20264
2227.85000,-2.77171,2.28643,-0.18523
2227.90000,-2.77153,2.28639,-0.16794
2227.95000,-2.77135,2.28636,-0.15077
2228.00000,-2.77116,2.28634,-0.13374
2228.05000,-2.77098,2.28631,-0.11684
2228.10000,-2.77080,2.28629,-0.10010
2228.15000,-2.77061,2.28628,-0.08353
2228.20000,-2.77043,2.28626,-0.06713
2228.25000,-2.77013,2.28622,-0.06099
2228.30000,-2.76781,2.28600,-0.06352
2228.35000,-2.76334,2.28564,-0.07505
2228.40000,-2.75635,2.28495,-0.10115
2228.45000,-2.74740,2.28387,-0.13589
2228.50000,-2.73831,2.28264,-0.16529
2228.55000,-2.72986,2.28141,-0.18758
2228.60000,-2.72154,2.28016,-0.20803
2228.65000,-2.71322,2.27891,-0.22684
2228.70000,-2.70490,2.27766,-0.24393
2228.75000,-2.69715,2.27639,-0.25787
2228.80000,-2.69042,2.27508,-0.26696
2228.85000,-2.68575,2.27403,-0.26609
2228.90000,-2.68321,2.27339,-0.25601
2228.95000,-2.68185,2.27306,-0.24077
2229.00000,-2.68154,2.27299,-0.22120
2229.05000,-2.68137,2.27295,-0.20109
2229.10000,-2.68120,2.27292,-0.18114
2229.15000,-2.68103,2.27289,-0.16136
2229.20000,-2.68085,2.27287,-0.14175
2229.25000,-2.68068,2.27284,-0.12233
2229.30000,-2.68051,2.27282,-0.10311
2229.35000,-2.68034,2.27281,-0.08410
2229.40000,-2.68016,2.27279,-0.06533
2229.45000,-2.67998,2.27278,-0.04678
2229.50000,-2.67981,2.27278,-0.02847
2229.55000,-2.67963,2.27277,-0.01037
2229.60000,-2.67945,2.27277,0.00752
2229.65000,-2.67927,2.27278,0.02519
2229.70000,-2.67909,2.27279,0.03874
2229.75000,-2.67844,2.27283,0.04622
2229.80000,-2.67688,2.27292,0.04937
2229.85000,-2.67445,2.27306,0.04811
2229.90000,-2.67093,2.27325,0.04201
2229.95000,-2.66623,2.27354,0.03088
2230.00000,-2.65948,2.27377,0.00857
2230.05000,-2.65014,2.27369,-0.02566
2230.10000,-2.64110,2.27343,-0.05047
2230.15000,-2.63396,2.27321,-0.06484
2230.20000,-2.62766,2.27296,-0.07507
2230.25000,-2.62143,2.27272,-0.08486
2230.30000,-2.61520,2.27247,-0.09449
2230.35000,-2.60897,2.27223,-0.10398
2230.40000,-2.60274,2.27199,-0.11345
2230.45000,-2.59651,2.27175,-0.12291
2230.50000,-2.59028,2.27151,-0.13236
2230.55000,-2.58405,2.27127,-0.14181
2230.60000,-2.57783,2.27103,-0.15125
2230.65000,-2.57160,2.27080,-0.16067
2230.70000,-2.56538,2.27056,-0.17002
2230.75000,-2.55916,2.27033,-0.17875
2230.80000,-2.55294,2.27009,-0.18721
2230.85000,-2.54671,2.26986,-0.19565
2230.90000,-2.54049,2.26962,-0.20409
2230.95000,-2.53428,2.26939,-0.21246
2231.00000,-2.52806,2.26916,-0.22077
2231.05000,-2.52184,2.26893,-0.22905
2231.10000,-2.51562,2.26870,-0.23733
2231.15000,-2.50941,2.26847,-0.24561
2231.20000,-2.50320,2.26825,-0.25388
2231.25000,-2.49698,2.26802,-0.26215
2231.30000,-2.49077,2.26779,-0.27040
2231.35000,-2.48456,2.26757,-0.27864
2231.40000,-2.47835,2.26735,-0.28681
2231.45000,-2.47214,2.26712,-0.29497
2231.50000,-2.46589,2.26682,-0.29880
2231.55000,-2.46101,2.26620,-0.28690
2231.60000,-2.45727,2.26561,-0.26976
2231.65000,-2.45667,2.26545,-0.24127
2231.70000,-2.45605,2.26532,-0.20964
2231.75000,-2.45539,2.26520,-0.17823
2231.80000,-2.45476,2.26510,-0.14728
2231.85000,-2.45387,2.26498,-0.11578
2231.90000,-2.45299,2.26489,-0.08474
2231.95000,-2.45210,2.26484,-0.05411
2232.00000,-2.45126,2.26481,-0.02376
2232.05000,-2.45037,2.26480,0.00615
2232.10000,-2.44953,2.26482,0.03552
2232.15000,-2.44872,2.26484,0.06448
2232.20000,-2.44791,2.26489,0.09303
2232.25000,-2.44710,2.26496,0.12103
2232.30000,-2.44628,2.26508,0.14858
2232.35000,-2.44553,2.26518,0.17548
2232.40000,-2.44284,2.26598,0.20260
2232.45000,-2.43462,2.26790,0.22716
2232.50000,-2.42503,2.27022,0.25386
2232.55000,-2.41528,2.27285,0.28014
2232.60000,-2.40600,2.27564,0.30604
2232.65000,-2.39657,2.27861,0.32361
2232.70000,-2.38741,2.28139,0.31840
2232.75000,-2.37864,2.28415,0.29546
2232.80000,-2.36962,2.28678,0.27126
2232.85000,-2.36037,2.28947,0.25522
2232.90000,-2.35073,2.29206,0.26093
2232.95000,-2.34125,2.29469,0.28220
2233.00000,-2.33111,2.29776,0.30680
2233.05000,-2.32103,2.30110,0.33178
2233.10000,-2.31102,2.30469,0.35715
2233.15000,-2.30111,2.30839,0.38276
2233.20000,-2.29158,2.31172,0.40865
2233.25000,-2.28749,2.31213,0.43643
2233.30000,-2.28670,2.31253,0.45026
2233.35000,-2.28505,2.31339,0.45276
2233.40000,-2.28082,2.31555,0.43967
2233.45000,-2.27305,2.31915,0.41581
2233.50000,-2.26409,2.32295,0.38614
2233.55000,-2.25515,2.32640,0.35021
2233.60000,-2.24684,2.32920,0.30654
2233.65000,-2.23837,2.33164,0.25787
2233.70000,-2.22869,2.33394,0.21234
2233.75000,-2.21922,2.33573,0.16617
2233.80000,-2.20964,2.33710,0.12030
2233.85000,-2.19969,2.33808,0.07611
2233.90000,-2.18970,2.33862,0.03192
2233.95000,-2.17971,2.33872,-0.01181
2234.00000,-2.16971,2.33839,-0.05505
2234.05000,-2.15974,2.33762,-0.09802
2234.10000,-2.14983,2.33667,-0.13440
2234.15000,-2.14142,2.33574,-0.16120
2234.20000,-2.13479,2.33453,-0.19440
2234.25000,-2.12787,2.33303,-0.23667
2234.30000,-2.12420,2.33206,-0.29124
2234.35000,-2.12277,2.33160,-0.35512
2234.40000,-2.12250,2.33149,-0.42421
2234.45000,-2.12234,2.33141,-0.49417
2234.50000,-2.12219,2.33132,-0.56463
2234.55000,-2.12206,2.33123,-0.63560
2234.60000,-2.12194,2.33114,-0.70672
2234.65000,-2.12183,2.33104,-0.77747
2234.70000,-2.12173,2.33093,-0.84776
2234.75000,-2.12164,2.33082,-0.91755
2234.80000,-2.12155,2.33070,-0.98683
2234.85000,-2.12148,2.33057,-1.05558
2234.90000,-2.12141,2.33044,-1.12379
2234.95000,-2.12135,2.33031,-1.19143
2235.00000,-2.12130,2.33017,-1.25848
2235.05000,-2.12126,2.33004,-1.32494
2235.10000,-2.12123,2.32990,-1.39078
2235.15000,-2.12121,2.32975,-1.45599
2235.20000,-2.12120,2.32961,-1.52056
2235.25000,-2.12120,2.32947,-1.58449
2235.30000,-2.12120,2.32933,-1.64776
2235.35000,-2.12122,2.32919,-1.71038
2235.40000,-2.12124,2.32905,-1.77235
2235.45000,-2.12128,2.32891,-1.83364
2235.50000,-2.12132,2.32878,-1.89426
2235.55000,-2.12136,2.32865,-1.95421
2235.60000,-2.12142,2.32852,-2.01350
2235.65000,-2.12148,2.32840,-2.07209
2235.70000,-2.12155,2.32828,-2.12997
2235.75000,-2.12162,2.32817,-2.18723
2235.80000,-2.12170,2.32807,-2.24414
2235.85000,-2.12178,2.32797,-2.30064
2235.90000,-2.12187,2.32788,-2.35665
2235.95000,-2.12197,2.32779,-2.41221
2236.00000,-2.12207,2.32770,-2.46733
2236.05000,-2.12218,2.32762,-2.52180
2236.10000,-2.12229,2.32755,-2.57556
2236.15000,-2.12240,2.32748,-2.62865
2236.20000,-2.12252,2.32741,-2.68099
2236.25000,-2.12264,2.32736,-2.73257
2236.30000,-2.12276,2.32731,-2.78355
2236.35000,-2.12288,2.32727,-2.83443
2236.40000,-2.12300,2.32723,-2.88545
2236.45000,-2.12311,2.32721,-2.93636
2236.50000,-2.12322,2.32719,-2.98687
2236.55000,-2.12349,2.32709,-3.02694
2236.60000,-2.12651,2.32648,-3.04994
2236.65000,-2.13289,2.32570,-3.05925
2236.70000,-2.14212,2.32487,-3.05505
2236.75000,-2.15204,2.32398,-3.04765
2236.80000,-2.16181,2.32302,-3.03989
2236.85000,-2.17172,2.32197,-3.03187
2236.90000,-2.18168,2.32084,-3.02351
2236.95000,-2.19145,2.31964,-3.01460
2237.00000,-2.20157,2.31830,-3.00519
2237.05000,-2.21171,2.31687,-2.99526
2237.10000,-2.22184,2.31533,-2.98500
2237.15000,-2.23168,2.31372,-2.97516
2237.20000,-2.24148,2.31204,-2.96476
2237.25000,-2.25113,2.31026,-2.95807
2237.30000,-2.26091,2.30833,-2.96579
2237.35000,-2.27005,2.30690,-2.99538
2237.40000,-2.27792,2.30591,-3.03945
2237.45000,-2.28424,2.30543,-3.09610
2237.50000,-2.28840,2.30539,3.12921
2237.55000,-2.29258,2.30554,3.09262
2237.60000,-2.29713,2.30597,3.07571
2237.65000,-2.30443,2.30666,3.07628
2237.70000,-2.31462,2.30727,3.08927
2237.75000,-2.32494,2.30774,3.10276
2237.80000,-2.33527,2.30807,3.11601
2237.85000,-2.34560,2.30826,3.12943
2237.90000,-2.35562,2.30832,-3.14135
2237.95000,-2.36562,2.30826,-3.12890
2238.00000,-2.37562,2.30807,-3.11628
2238.05000,-2.38562,2.30775,-3.10335
2238.10000,-2.39558,2.30739,-3.09409
2238.15000,-2.40550,2.30706,-3.08858
2238.20000,-2.41542,2.30674,-3.08471
2238.25000,-2.42533,2.30642,-3.08288
2238.30000,-2.43524,2.30608,-3.08599
2238.35000,-2.44516,2.30571,-3.10146
2238.40000,-2.45514,2.30541,-3.13432
2238.45000,-2.46446,2.30542,3.10028
2238.50000,-2.47160,2.30554,3.03982
2238.55000,-2.47625,2.30592,2.96741
2238.60000,-2.47886,2.30620,2.89734
2238.65000,-2.48150,2.30657,2.84907
2238.70000,-2.48448,2.30736,2.82395
2238.75000,-2.48893,2.30886,2.81286
2238.80000,-2.49610,2.31146,2.81362
2238.85000,-2.50451,2.31431,2.82044
2238.90000,-2.51394,2.31739,2.83196
2238.95000,-2.52347,2.32038,2.84318
2239.00000,-2.53303,2.32326,2.85464
2239.05000,-2.54263,2.32603,2.86649
2239.10000,-2.55226,2.32868,2.87844
2239.15000,-2.56192,2.33121,2.89076
2239.20000,-2.57160,2.33363,2.90327
2239.25000,-2.58132,2.33593,2.91583
2239.30000,-2.59107,2.33810,2.92872
2239.35000,-2.60085,2.34014,2.94176
2239.40000,-2.61063,2.34204,2.95627
2239.45000,-2.61984,2.34357,2.95939
2239.50000,-2.62800,2.34491,2.93978
2239.55000,-2.63522,2.34632,2.90355
2239.60000,-2.64115,2.34790,2.85316
2239.65000,-2.64515,2.34921,2.78871
2239.70000,-2.64761,2.35000,2.72706
2239.75000,-2.65004,2.35083,2.68733
2239.80000,-2.65318,2.35244,2.67450
2239.85000,-2.65927,2.35562,2.67824
2239.90000,-2.66804,2.35991,2.69539
2239.95000,-2.67682,2.36402,2.71323
2240.00000,-2.68554,2.36790,2.73144
2240.05000,-2.69432,2.37163,2.74979
2240.10000,-2.70317,2.37519,2.76807
2240.15000,-2.71208,2.37859,2.78675
2240.20000,-2.72105,2.38182,2.80530
2240.25000,-2.73007,2.38487,2.82431
2240.30000,-2.73913,2.38775,2.84403
2240.35000,-2.74801,2.39021,2.85261
2240.40000,-2.75659,2.39232,2.84614
2240.45000,-2.76326,2.39387,2.81246
2240.50000,-2.76630,2.39499,2.75393
2240.55000,-2.76830,2.39589,2.68419
2240.60000,-2.76947,2.39650,2.63755
2240.65000,-2.77089,2.39732,2.62019
2240.70000,-2.77562,2.40017,2.61996
2240.75000,-2.78270,2.40420,2.63207
2240.80000,-2.79097,2.40871,2.65205
2240.85000,-2.79940,2.41309,2.67216
2240.90000,-2.80817,2.41743,2.69097
2240.95000,-2.81720,2.42170,2.70923
2241.00000,-2.82644,2.42586,2.72863
2241.05000,-2.83502,2.42936,2.73538
2241.10000,-2.84228,2.43200,2.71787
2241.15000,-2.84623,2.43386,2.67279
2241.20000,-2.84885,2.43528,2.61213
2241.25000,-2.85058,2.43635,2.57119
2241.30000,-2.85239,2.43754,2.55704
2241.35000,-2.85662,2.44036,2.55715
2241.40000,-2.86370,2.44500,2.57072
2241.45000,-2.87223,2.45037,2.59086
2241.50000,-2.88087,2.45557,2.61082
2241.55000,-2.88954,2.46054,2.63095
2241.60000,-2.89831,2.46534,2.65126
2241.65000,-2.90732,2.47005,2.67278
2241.70000,-2.91564,2.47406,2.68071
2241.75000,-2.92157,2.47694,2.65910
2241.80000,-2.92486,2.47876,2.61297
2241.85000,-2.92725,2.48024,2.55299
2241.90000,-2.92826,2.48095,2.48469
2241.95000,-2.92865,2.48128,2.42582
2242.00000,-2.92914,2.48177,2.38883
2242.05000,-2.92978,2.48246,2.36547
2242.10000,-2.93070,2.48343,2.35273
2242.15000,-2.93426,2.48707,2.35746
2242.20000,-2.94126,2.49390,2.38175
2242.25000,-2.94859,2.50070,2.40691
2242.30000,-2.95615,2.50737,2.43162
2242.35000,-2.96396,2.51393,2.45665
2242.40000,-2.97178,2.52016,2.48077
2242.45000,-2.97975,2.52620,2.50550
2242.50000,-2.98787,2.53204,2.53047
2242.55000,-2.99613,2.53767,2.55583
2242.60000,-3.00447,2.54305,2.58657
2242.65000,-3.01093,2.54675,2.61471
2242.70000,-3.01619,2.54936,2.61507
2242.75000,-3.02036,2.55126,2.58876
2242.80000,-3.02342,2.55320,2.54238
2242.85000,-3.02699,2.55579,2.48807
2242.90000,-3.03124,2.55925,2.43008
2242.95000,-3.03586,2.56348,2.36964
2243.00000,-3.04044,2.56796,2.31721
2243.05000,-3.04539,2.57288,2.28988
2243.10000,-3.05071,2.57843,2.29386
2243.15000,-3.05642,2.58474,2.31661
2243.20000,-3.06312,2.59182,2.34564
2243.25000,-3.06971,2.59833,2.37880
2243.30000,-3.07643,2.60454,2.41274
2243.35000,-3.08273,2.60997,2.45075
2243.40000,-3.08848,2.61471,2.48548
2243.45000,-3.09433,2.61947,2.49440
2243.50000,-3.09899,2.62309,2.47000
2243.55000,-3.10175,2.62540,2.42216
2243.60000,-3.10492,2.62834,2.36655
2243.65000,-3.10824,2.63162,2.32160
2243.70000,-3.11180,2.63538,2.31193
2243.75000,-3.11535,2.63925,2.32020
2243.80000,-3.11868,2.64293,2.34052
2243.85000,-3.12251,2.64684,2.37334
2243.90000,-3.12795,2.65188,2.41574
2243.95000,-3.13476,2.65764,2.46117
2244.00000,-3.14211,2.66331,2.50977
2244.05000,-3.14922,2.66823,2.56304
2244.10000,-3.15660,2.67277,2.61605
2244.15000,-3.16477,2.67722,2.66778
2244.20000,-3.17335,2.68137,2.71760
2244.25000,-3.18232,2.68514,2.76805
2244.30000,-3.19164,2.68852,2.81874
2244.35000,-3.20098,2.69137,2.87113
2244.40000,-3.21001,2.69361,2.92724
2244.45000,-3.21867,2.69523,2.98673
2244.50000,-3.22795,2.69640,3.04532
2244.55000,-3.23646,2.69696,3.10782
2244.60000,-3.24451,2.69697,-3.11047
2244.65000,-3.25233,2.69647,-3.04432
2244.70000,-3.26023,2.69544,-2.97831
2244.75000,-3.26814,2.69386,-2.91246
2244.80000,-3.27605,2.69174,-2.84690
2244.85000,-3.28392,2.68907,-2.78169
2244.90000,-3.29169,2.68586,-2.71675
2244.95000,-3.29931,2.68210,-2.65211
2245.00000,-3.30679,2.67781,-2.58791
2245.05000,-3.31407,2.67297,-2.52418
2245.10000,-3.32110,2.66764,-2.46071
2245.15000,-3.32788,2.66178,-2.39776
2245.20000,-3.33438,2.65542,-2.33533
2245.25000,-3.34052,2.64860,-2.27324
2245.30000,-3.34632,2.64130,-2.21170
2245.35000,-3.35172,2.63358,-2.15053
2245.40000,-3.35672,2.62541,-2.08997
2245.45000,-3.36127,2.61687,-2.02980
2245.50000,-3.36534,2.60797,-1.97007
2245.55000,-3.36891,2.59874,-1.91076
2245.60000,-3.37132,2.59062,-1.85231
2245.65000,-3.37210,2.58750,-1.78877
2245.70000,-3.37233,2.58631,-1.71868
2245.75000,-3.37236,2.58605,-1.64542
2245.80000,-3.37237,2.58580,-1.57281
2245.85000,-3.37236,2.58555,-1.50104
2245.90000,-3.37234,2.58530,-1.43011
2245.95000,-3.37229,2.58506,-1.36004
2246.00000,-3.37223,2.58482,-1.29084
2246.05000,-3.37215,2.58458,-1.22253
2246.10000,-3.37206,2.58435,-1.15511
2246.15000,-3.37195,2.58412,-1.08860
2246.20000,-3.37183,2.58391,-1.02301
2246.25000,-3.37170,2.58370,-0.95835
2246.30000,-3.37155,2.58350,-0.89462
2246.35000,-3.37138,2.58331,-0.83183
2246.40000,-3.37121,2.58313,-0.76999
2246.45000,-3.37103,2.58297,-0.70912
2246.50000,-3.37083,2.58281,-0.64920
2246.55000,-3.37063,2.58267,-0.59026
2246.60000,-3.37042,2.58253,-0.53229
2246.65000,-3.37020,2.58241,-0.47531
2246.70000,-3.36998,2.58231,-0.41930
2246.75000,-3.36975,2.58221,-0.36429
2246.80000,-3.36952,2.58213,-0.31026
2246.85000,-3.36931,2.58211,-0.26686
2246.90000,-3.36709,2.58147,-0.24374
2246.95000,-3.36089,2.57987,-0.23786
2247.00000,-3.35215,2.57768,-0.24513
2247.05000,-3.34264,2.57522,-0.25669
2247.10000,-3.33320,2.57267,-0.26854
2247.15000,-3.32385,2.57002,-0.28077
2247.20000,-3.31450,2.56724,-0.29298
2247.25000,-3.30518,2.56434,-0.30607
2247.30000,-3.29596,2.56134,-0.31948
2247.35000,-3.28678,2.55821,-0.33308
2247.40000,-3.27763,2.55495,-0.34672
2247.45000,-3.26854,2.55157,-0.36101
2247.50000,-3.25952,2.54806,-0.37583
2247.55000,-3.25053,2.54444,-0.39040
2247.60000,-3.24139,2.54059,-0.40450
2247.65000,-3.23247,2.53668,-0.41944
2247.70000,-3.22359,2.53264,-0.43448
2247.75000,-3.21492,2.52851,-0.45025
2247.80000,-3.20632,2.52425,-0.46643
2247.85000,-3.19779,2.51985,-0.48254
2247.90000,-3.18933,2.51531,-0.49901
2247.95000,-3.18096,2.51064,-0.51562
2248.00000,-3.17268,2.50583,-0.53238
2248.05000,-3.16447,2.50088,-0.54925
2248.10000,-3.15636,2.49580,-0.56642
2248.15000,-3.14838,2.49078,-0.57418
2248.20000,-3.14094,2.48603,-0.57092
2248.25000,-3.13467,2.48204,-0.56070
2248.30000,-3.12957,2.47890,-0.54454
2248.35000,-3.12568,2.47659,-0.52242
2248.40000,-3.12305,2.47513,-0.49432
2248.45000,-3.12178,2.47448,-0.46021
2248.50000,-3.12115,2.47418,-0.43890
2248.55000,-3.11841,2.47287,-0.42790
2248.60000,-3.11380,2.47077,-0.42526
2248.65000,-3.10673,2.46749,-0.43511
2248.70000,-3.09815,2.46339,-0.45458
2248.75000,-3.08962,2.45912,-0.47405
2248.80000,-3.08120,2.45469,-0.49373
2248.85000,-3.07270,2.45003,-0.50516
2248.90000,-3.06496,2.44578,-0.50437
2248.95000,-3.05812,2.44204,-0.49783
2249.00000,-3.05208,2.43880,-0.48627
2249.05000,-3.04685,2.43609,-0.46972
2249.10000,-3.04250,2.43396,-0.44824
2249.15000,-3.04063,2.43309,-0.41971
2249.20000,-3.04040,2.43299,-0.38428
2249.25000,-3.04019,2.43291,-0.34908
2249.30000,-3.03976,2.43274,-0.32579
2249.35000,-3.03632,2.43154,-0.31790
2249.40000,-3.03017,2.42946,-0.32493
2249.45000,-3.02161,2.42648,-0.34476
2249.50000,-3.01273,2.42318,-0.36646
2249.55000,-3.00393,2.41970,-0.38774
2249.60000,-2.99521,2.41602,-0.40964
2249.65000,-2.98711,2.41249,-0.41671
2249.70000,-2.98029,2.40953,-0.41264
2249.75000,-2.97440,2.40698,-0.40368
2249.80000,-2.96937,2.40487,-0.38974
2249.85000,-2.96519,2.40321,-0.37089
2249.90000,-2.96191,2.40198,-0.34722
2249.95000,-2.95953,2.40116,-0.31882
2250.00000,-2.95809,2.40072,-0.28578
2250.05000,-2.95706,2.40042,-0.25113
2250.10000,-2.95624,2.40027,-0.22980
2250.15000,-2.95335,2.39952,-0.22173
2250.20000,-2.94772,2.39818,-0.22808
2250.25000,-2.93933,2.39612,-0.24879
2250.30000,-2.93026,2.39370,-0.27317
2250.35000,-2.92125,2.39105,-0.29717
2250.40000,-2.91231,2.38820,-0.32140
2250.45000,-2.90343,2.38528,-0.34013
2250.50000,-2.89494,2.38234,-0.34972
2250.55000,-2.88866,2.38013,-0.34627
2250.60000,-2.88416,2.37861,-0.33303
2250.65000,-2.88051,2.37739,-0.31488
2250.70000,-2.87770,2.37651,-0.29229
2250.75000,-2.87585,2.37604,-0.26550
2250.80000,-2.87559,2.37599,-0.23689
2250.85000,-2.87539,2.37594,-0.20863
2250.90000,-2.87518,2.37590,-0.18077
2250.95000,-2.87469,2.37578,-0.16318
2251.00000,-2.87110,2.37510,-0.16038
2251.05000,-2.86427,2.37390,-0.17385
2251.10000,-2.85551,2.37226,-0.19768
2251.15000,-2.84636,2.37030,-0.22337
2251.20000,-2.83712,2.36811,-0.24140
2251.25000,-2.82925,2.36623,-0.24827
2251.30000,-2.82317,2.36473,-0.24648
2251.35000,-2.81813,2.36349,-0.24006
2251.40000,-2.81415,2.36254,-0.22900
2251.45000,-2.81129,2.36191,-0.21326
2251.50000,-2.80958,2.36157,-0.19279
2251.55000,-2.80904,2.36148,-0.16774
2251.60000,-2.80885,2.36145,-0.14154
2251.65000,-2.80865,2.36142,-0.11568
2251.70000,-2.80845,2.36140,-0.09018
2251.75000,-2.80801,2.36131,-0.07415
2251.80000,-2.80500,2.36099,-0.06993
2251.85000,-2.79950,2.36052,-0.07711
2251.90000,-2.79108,2.35975,-0.09702
2251.95000,-2.78134,2.35868,-0.12240
2252.00000,-2.77169,2.35736,-0.14797
2252.05000,-2.76274,2.35603,-0.16212
2252.10000,-2.75500,2.35494,-0.16876
2252.15000,-2.74762,2.35389,-0.17417
2252.20000,-2.74031,2.35286,-0.17856
2252.25000,-2.73314,2.35182,-0.18182
2252.30000,-2.72612,2.35079,-0.18378
2252.35000,-2.71930,2.34976,-0.18433
2252.40000,-2.71350,2.34878,-0.18019
2252.45000,-2.70899,2.34800,-0.17042
2252.50000,-2.70564,2.34746,-0.15561
2252.55000,-2.70350,2.34716,-0.13578
2252.60000,-2.70260,2.34706,-0.11096
2252.65000,-2.70241,2.34704,-0.08339
2252.70000,-2.70224,2.34703,-0.05608
2252.75000,-2.70206,2.34702,-0.02914
2252.80000,-2.70188,2.34702,-0.00255
2252.85000,-2.70170,2.34702,0.02366
2252.90000,-2.70153,2.34703,0.04411
2252.95000,-2.70036,2.34721,0.05544
2253.00000,-2.69805,2.34740,0.06120
2253.05000,-2.69474,2.34763,0.06233
2253.10000,-2.69045,2.34791,0.05877
2253.15000,-2.68501,2.34827,0.05035
2253.20000,-2.67837,2.34873,0.03687
2253.25000,-2.67013,2.34904,0.01690
2253.30000,-2.66055,2.34908,-0.01128
2253.35000,-2.65081,2.34883,-0.03956
2253.40000,-2.64123,2.34851,-0.06342
2253.45000,-2.63250,2.34825,-0.07601
2253.50000,-2.62591,2.34804,-0.07647
2253.55000,-2.62226,2.34794,-0.06392
2253.60000,-2.62045,2.34787,-0.04271
2253.65000,-2.61973,2.34786,-0.01644
2253.70000,-2.61957,2.34786,0.01240
2253.75000,-2.61942,2.34786,0.04117
2253.80000,-2.61927,2.34787,0.06967
2253.85000,-2.61912,2.34788,0.09789
2253.90000,-2.61897,2.34791,0.11905
2253.95000,-2.61740,2.34831,0.12677
2254.00000,-2.61332,2.34900,0.12070
2254.05000,-2.60567,2.34986,0.09671
2254.10000,-2.59661,2.35060,0.06565
2254.15000,-2.58739,2.35106,0.03463
2254.20000,-2.57807,2.35125,0.01575
2254.25000,-2.56943,2.35129,0.01023
2254.30000,-2.56286,2.35131,0.01676
2254.35000,-2.55871,2.35131,0.03596
2254.40000,-2.55698,2.35134,0.06408
2254.45000,-2.55678,2.35135,0.09882
2254.50000,-2.55663,2.35137,0.13387
2254.55000,-2.55648,2.35139,0.16862
2254.60000,-2.55633,2.35139,0.19569
2254.65000,-2.55548,2.35169,0.20635
2254.70000,-2.55154,2.35254,0.19960
2254.75000,-2.54433,2.35393,0.17593
2254.80000,-2.53550,2.35536,0.14467
2254.85000,-2.52638,2.35654,0.11270
2254.90000,-2.51708,2.35736,0.09377
2254.95000,-2.50804,2.35814,0.09381
2255.00000,-2.50043,2.35880,0.10489
2255.05000,-2.49532,2.35926,0.13096
2255.10000,-2.49299,2.35945,0.17145
2255.15000,-2.49246,2.35955,0.21576
2255.20000,-2.49226,2.35959,0.25893
2255.25000,-2.49215,2.35959,0.29573
2255.30000,-2.49210,2.35957,0.31327
2255.35000,-2.48966,2.36048,0.31217
2255.40000,-2.48337,2.36250,0.29067
2255.45000,-2.47522,2.36480,0.25992
2255.50000,-2.46633,2.36701,0.22638
2255.55000,-2.45735,2.36892,0.19340
2255.60000,-2.44832,2.37053,0.16035
2255.65000,-2.43911,2.37187,0.14093
2255.70000,-2.42994,2.37313,0.14044
2255.75000,-2.42333,2.37400,0.15656
2255.80000,-2.41926,2.37462,0.18590
2255.85000,-2.41765,2.37491,0.22644
2255.90000,-2.41722,2.37501,0.26517
2255.95000,-2.41628,2.37527,0.30444
2256.00000,-2.41529,2.37544,0.33361
2256.05000,-2.41362,2.37606,0.33863
2256.10000,-2.40875,2.37781,0.32485
2256.15000,-2.40158,2.38012,0.29937
2256.20000,-2.39302,2.38262,0.26722
2256.25000,-2.38414,2.38489,0.23383
2256.30000,-2.37508,2.38705,0.21039
2256.35000,-2.36721,2.38861,0.20342
2256.40000,-2.36169,2.38965,0.20829
2256.45000,-2.35912,2.38985,0.21567
2256.50000,-2.35721,2.39015,0.19834
2256.55000,-2.35365,2.39081,0.16515
2256.60000,-2.34835,2.39158,0.12398
2256.65000,-2.34184,2.39223,0.07708
2256.70000,-2.33460,2.39264,0.04136
2256.75000,-2.32882,2.39276,0.01890
2256.80000,-2.32488,2.39278,-0.00250
2256.85000,-2.32200,2.39277,-0.01534
2256.90000,-2.31986,2.39273,-0.02958
2256.95000,-2.31843,2.39268,-0.03828
2257.00000,-2.31746,2.39264,-0.04271
2257.05000,-2.31675,2.39261,-0.04765
2257.10000,-2.31626,2.39258,-0.04925
2257.15000,-2.31574,2.39257,-0.02287
2257.20000,-2.31578,2.39256,-0.00200
2257.25000,-2.31633,2.39256,0.00019
2257.30000,-2.31679,2.39255,-0.00804
2257.35000,-2.31492,2.39249,-0.01919
2257.40000,-2.31266,2.39244,-0.02939
2257.45000,-2.31108,2.39239,-0.03490
2257.50000,-2.30998,2.39236,-0.00820
2257.55000,-2.30937,2.39236,0.03139
2257.60000,-2.30927,2.39241,0.06531
2257.65000,-2.30913,2.39254,0.07894
2257.70000,-2.30907,2.39263,0.07361
2257.75000,-2.30815,2.39285,0.05096
2257.80000,-2.30365,2.39299,0.00871
2257.85000,-2.29761,2.39288,-0.03946
2257.90000,-2.29025,2.39241,-0.09000
2257.95000,-2.28203,2.39145,-0.14227
2258.00000,-2.27392,2.39007,-0.19816
2258.05000,-2.26567,2.38846,-0.24766
2258.10000,-2.25816,2.38697,-0.28571
2258.15000,-2.25302,2.38569,-0.31793
2258.20000,-2.24757,2.38398,-0.33039
2258.25000,-2.24172,2.38182,-0.32552
2258.30000,-2.23725,2.38066,-0.31255
2258.35000,-2.23496,2.38065,-0.31578
2258.40000,-2.23300,2.38100,-0.34515
2258.45000,-2.23115,2.38128,-0.39446
2258.50000,-2.23038,2.38110,-0.46010
2258.55000,-2.22996,2.38088,-0.53536
2258.60000,-2.22959,2.38064,-0.61250
2258.65000,-2.22923,2.38037,-0.68898
2258.70000,-2.22889,2.38006,-0.76482
2258.75000,-2.22857,2.37973,-0.84002
2258.80000,-2.22827,2.37937,-0.91457
2258.85000,-2.22800,2.37898,-0.98843
2258.90000,-2.22775,2.37857,-1.06154
2258.95000,-2.22752,2.37813,-1.13385
2259.00000,-2.22732,2.37765,-1.20526
2259.05000,-2.22714,2.37714,-1.27569
2259.10000,-2.22699,2.37658,-1.34513
2259.15000,-2.22688,2.37596,-1.41357
2259.20000,-2.22679,2.37530,-1.48101
2259.25000,-2.22675,2.37458,-1.54750
2259.30000,-2.22676,2.37382,-1.61304
2259.35000,-2.22682,2.37301,-1.67767
2259.40000,-2.22694,2.37216,-1.74141
2259.45000,-2.22712,2.37130,-1.80428
2259.50000,-2.22735,2.37043,-1.86631
2259.55000,-2.22764,2.36957,-1.92748
2259.60000,-2.22799,2.36873,-1.98780
2259.65000,-2.22838,2.36790,-2.04725
2259.70000,-2.22883,2.36710,-2.10582
2259.75000,-2.22933,2.36631,-2.16349
2259.80000,-2.22988,2.36554,-2.22025
2259.85000,-2.23048,2.36479,-2.27607
2259.90000,-2.23115,2.36405,-2.33093
2259.95000,-2.23189,2.36331,-2.38478
2260.00000,-2.23272,2.36257,-2.43764
2260.05000,-2.23363,2.36183,-2.48951
2260.10000,-2.23464,2.36110,-2.54041
2260.15000,-2.23574,2.36039,-2.59036
2260.20000,-2.23694,2.35969,-2.63935
2260.25000,-2.23823,2.35902,-2.68741
2260.30000,-2.23960,2.35840,-2.73455
2260.35000,-2.24105,2.35781,-2.78076
2260.40000,-2.24459,2.35649,-2.82506
2260.45000,-2.25177,2.35429,-2.86712
2260.50000,-2.26072,2.35199,-2.91037
2260.55000,-2.27050,2.34991,-2.95284
2260.60000,-2.28035,2.34824,-2.99439
2260.65000,-2.29027,2.34697,-3.03504
2260.70000,-2.30023,2.34611,-3.07480
2260.75000,-2.31022,2.34563,-3.11369
2260.80000,-2.31927,2.34552,-3.13574
2260.85000,-2.32873,2.34549,-3.13899
2260.90000,-2.33873,2.34547,-3.13956
2260.95000,-2.34874,2.34545,-3.14025
2261.00000,-2.35876,2.34543,-3.14056
2261.05000,-2.36877,2.34542,-3.14015
2261.10000,-2.37878,2.34540,-3.13925
2261.15000,-2.38879,2.34537,-3.13794
2261.20000,-2.39879,2.34532,-3.13586
2261.25000,-2.40888,2.34528,-3.14115
2261.30000,-2.41831,2.34537,3.11879
2261.35000,-2.42821,2.34575,3.08794
2261.40000,-2.43818,2.34644,3.05718
2261.45000,-2.44812,2.34726,3.03268
2261.50000,-2.45820,2.34832,3.03005
2261.55000,-2.46815,2.34940,3.03620
2261.60000,-2.47807,2.35042,3.04241
2261.65000,-2.48801,2.35138,3.04823
2261.70000,-2.49796,2.35227,3.05456
2261.75000,-2.50771,2.35299,3.05204
2261.80000,-2.51685,2.35385,3.03156
2261.85000,-2.52607,2.35502,3.00277
2261.90000,-2.53525,2.35645,2.97422
2261.95000,-2.54441,2.35815,2.94629
2262.00000,-2.55355,2.36001,2.93070
2262.05000,-2.56280,2.36183,2.93460
2262.10000,-2.57233,2.36378,2.94455
2262.15000,-2.58213,2.36569,2.95437
2262.20000,-2.59195,2.36749,2.96449
2262.25000,-2.60150,2.36887,2.96576
2262.30000,-2.61075,2.37044,2.94796
2262.35000,-2.61992,2.37236,2.92194
2262.40000,-2.62901,2.37451,2.89552
2262.45000,-2.63804,2.37690,2.86895
2262.50000,-2.64701,2.37937,2.84983
2262.55000,-2.65589,2.38177,2.83977
2262.60000,-2.66472,2.38414,2.83817
2262.65000,-2.67355,2.38660,2.84489
2262.70000,-2.68282,2.38938,2.85842
2262.75000,-2.69242,2.39209,2.87345
2262.80000,-2.70167,2.39450,2.87926
2262.85000,-2.70807,2.39607,2.86784
2262.90000,-2.71023,2.39661,2.83413
2262.95000,-2.71040,2.39666,2.78712
2263.00000,-2.71046,2.39669,2.73829
2263.05000,-2.71051,2.39673,2.70042
2263.10000,-2.71108,2.39708,2.67954
2263.15000,-2.71505,2.39916,2.67630
2263.20000,-2.72263,2.40295,2.68968
2263.25000,-2.73155,2.40719,2.70873
2263.30000,-2.74065,2.41128,2.72782
2263.35000,-2.74984,2.41521,2.74688
2263.40000,-2.75944,2.41911,2.76770
2263.45000,-2.76900,2.42274,2.78845
2263.50000,-2.77874,2.42621,2.81004
2263.55000,-2.78805,2.42904,2.82202
2263.60000,-2.79607,2.43082,2.80797
2263.65000,-2.80108,2.43202,2.76775
2263.70000,-2.80420,2.43330,2.71108
2263.75000,-2.80530,2.43384,2.64460
2263.80000,-2.80571,2.43409,2.58697
2263.85000,-2.80624,2.43452,2.55112
2263.90000,-2.80694,2.43517,2.52934
2263.95000,-2.80809,2.43609,2.51744
2264.00000,-2.81134,2.43846,2.51747
2264.05000,-2.81832,2.44349,2.53605
2264.10000,-2.82670,2.44915,2.56109
2264.15000,-2.83532,2.45466,2.58591
2264.20000,-2.84430,2.46007,2.61178
2264.25000,-2.85331,2.46519,2.63710
2264.30000,-2.86235,2.47005,2.66223
2264.35000,-2.87158,2.47470,2.68802
2264.40000,-2.88007,2.47866,2.70047
2264.45000,-2.88778,2.48188,2.69052
2264.50000,-2.89277,2.48426,2.65324
2264.55000,-2.89539,2.48573,2.59691
2264.60000,-2.89629,2.48631,2.53190
2264.65000,-2.89656,2.48654,2.47616
2264.70000,-2.89771,2.48755,2.45707
2264.75000,-2.90134,2.49053,2.46209
2264.80000,-2.90717,2.49517,2.48020
2264.85000,-2.91497,2.50109,2.50522
2264.90000,-2.92331,2.50708,2.53172
2264.95000,-2.93113,2.51239,2.55903
2265.00000,-2.93896,2.51739,2.58740
2265.05000,-2.94692,2.52216,2.61621
2265.10000,-2.95510,2.52695,2.63629
2265.15000,-2.96330,2.53169,2.63552
2265.20000,-2.96982,2.53538,2.60751
2265.25000,-2.97465,2.53836,2.56241
2265.30000,-2.97715,2.54008,2.50563
2265.35000,-2.97755,2.54039,2.43883
2265.40000,-2.97772,2.54057,2.38332
2265.45000,-2.97852,2.54144,2.36221
2265.50000,-2.98159,2.54449,2.36563
2265.55000,-2.98699,2.54971,2.38225
2265.60000,-2.99354,2.55579,2.40715
2265.65000,-3.00053,2.56192,2.43531
2265.70000,-3.00768,2.56785,2.46373
2265.75000,-3.01493,2.57351,2.49564
2265.80000,-3.02161,2.57837,2.53172
2265.85000,-3.02745,2.58227,2.57700
2265.90000,-3.03233,2.58522,2.61381
2265.95000,-3.03664,2.58751,2.61670
2266.00000,-3.03987,2.58931,2.59072
2266.05000,-3.04238,2.59093,2.54527
2266.10000,-3.04590,2.59346,2.49300
2266.15000,-3.05017,2.59690,2.43668
2266.20000,-3.05485,2.60112,2.37756
2266.25000,-3.05871,2.60506,2.31140
2266.30000,-3.06167,2.60834,2.25191
2266.35000,-3.06479,2.61184,2.21492
2266.40000,-3.06832,2.61582,2.19799
2266.45000,-3.07233,2.62041,2.20343
2266.50000,-3.07712,2.62676,2.23105
2266.55000,-3.08289,2.63394,2.26545
2266.60000,-3.08941,2.64148,2.30300
2266.65000,-3.09620,2.64873,2.34323
2266.70000,-3.10329,2.65571,2.38601
2266.75000,-3.11069,2.66237,2.43093
2266.80000,-3.11839,2.66870,2.47777
2266.85000,-3.12639,2.67465,2.52616
2266.90000,-3.13468,2.68023,2.57261
2266.95000,-3.14322,2.68541,2.62006
2267.00000,-3.15196,2.69015,2.66933
2267.05000,-3.16097,2.69448,2.71780
2267.10000,-3.17015,2.69835,2.76716
2267.15000,-3.17953,2.70177,2.81729
2267.20000,-3.18908,2.70471,2.86794
2267.25000,-3.19877,2.70717,2.91895
2267.30000,-3.20856,2.70913,2.96800
2267.35000,-3.21789,2.71052,3.02068
2267.40000,-3.22698,2.71137,3.07689
2267.45000,-3.23584,2.71168,3.13585
2267.50000,-3.24438,2.71147,-3.08590
2267.55000,-3.25250,2.71076,-3.02212
2267.60000,-3.26011,2.70959,-2.95601
2267.65000,-3.26780,2.70788,-2.89002
2267.70000,-3.27545,2.70564,-2.82405
2267.75000,-3.28307,2.70286,-2.75837
2267.80000,-3.29061,2.69953,-2.69302
2267.85000,-3.29803,2.69565,-2.62805
2267.90000,-3.30527,2.69125,-2.56339
2267.95000,-3.31230,2.68633,-2.49908
2268.00000,-3.31911,2.68089,-2.43524
2268.05000,-3.32565,2.67494,-2.37189
2268.10000,-3.33187,2.66852,-2.30886
2268.15000,-3.33776,2.66162,-2.24638
2268.20000,-3.34327,2.65429,-2.18425
2268.25000,-3.34840,2.64650,-2.12270
2268.30000,-3.35309,2.63834,-2.06153
2268.35000,-3.35735,2.62975,-2.00097
2268.40000,-3.36112,2.62083,-1.94084
2268.45000,-3.36438,2.61162,-1.88105
2268.50000,-3.36663,2.60364,-1.82095
2268.55000,-3.36728,2.60047,-1.75614
2268.60000,-3.36747,2.59933,-1.68551
2268.65000,-3.36749,2.59907,-1.61195
2268.70000,-3.36749,2.59882,-1.53911
2268.75000,-3.36747,2.59858,-1.46712
2268.80000,-3.36744,2.59833,-1.39599
2268.85000,-3.36738,2.59809,-1.32575
2268.90000,-3.36731,2.59785,-1.25640
2268.95000,-3.36723,2.59762,-1.18796
2269.00000,-3.36713,2.59739,-1.12044
2269.05000,-3.36701,2.59717,-1.05385
2269.10000,-3.36688,2.59696,-0.98819
2269.15000,-3.36674,2.59676,-0.92348
2269.20000,-3.36659,2.59656,-0.85973
2269.25000,-3.36642,2.59638,-0.79693
2269.30000,-3.36624,2.59621,-0.73511
2269.35000,-3.36605,2.59605,-0.67426
2269.40000,-3.36585,2.59590,-0.61440
2269.45000,-3.36565,2.59576,-0.55552
2269.50000,-3.36543,2.59564,-0.49764
2269.55000,-3.36521,2.59552,-0.44075
2269.60000,-3.36498,2.59545,-0.39588
2269.65000,-3.36375,2.59496,-0.36676
2269.70000,-3.35974,2.59342,-0.35027
2269.75000,-3.35294,2.59091,-0.34661
2269.80000,-3.34431,2.58776,-0.35194
2269.85000,-3.33516,2.58433,-0.36135
2269.90000,-3.32605,2.58082,-0.37102
2269.95000,-3.31699,2.57722,-0.38108
2270.00000,-3.30798,2.57353,-0.39167
2270.05000,-3.29901,2.56975,-0.40249
2270.10000,-3.29009,2.56588,-0.41379
2270.15000,-3.28124,2.56191,-0.42576
2270.20000,-3.27244,2.55783,-0.43795
2270.25000,-3.26369,2.55365,-0.45036
2270.30000,-3.25501,2.54936,-0.46299
2270.35000,-3.24638,2.54497,-0.47581
2270.40000,-3.23782,2.54047,-0.48908
2270.45000,-3.22933,2.53585,-0.50249
2270.50000,-3.22090,2.53113,-0.51628
2270.55000,-3.21255,2.52629,-0.53021
2270.60000,-3.20427,2.52134,-0.54452
2270.65000,-3.19607,2.51627,-0.55894
2270.70000,-3.18794,2.51109,-0.57345
2270.75000,-3.17990,2.50579,-0.58828
2270.80000,-3.17232,2.50078,-0.59021
2270.85000,-3.16584,2.49656,-0.57938
2270.90000,-3.16229,2.49429,-0.55418
2270.95000,-3.16129,2.49368,-0.51691
2271.00000,-3.16108,2.49357,-0.47615
2271.05000,-3.16081,2.49344,-0.44680
2271.10000,-3.15717,2.49166,-0.43849
2271.15000,-3.15040,2.48845,-0.44647
2271.20000,-3.14205,2.48436,-0.46398
2271.25000,-3.13353,2.47999,-0.48219
2271.30000,-3.12511,2.47549,-0.50050
2271.35000,-3.11677,2.47083,-0.51887
2271.40000,-3.10875,2.46631,-0.52441
2271.45000,-3.10272,2.46298,-0.51219
2271.50000,-3.09968,2.46145,-0.48551
2271.55000,-3.09904,2.46114,-0.44733
2271.60000,-3.09863,2.46092,-0.41016
2271.65000,-3.09815,2.46069,-0.38741
2271.70000,-3.09508,2.45940,-0.37839
2271.75000,-3.08945,2.45711,-0.38313
2271.80000,-3.08145,2.45378,-0.40104
2271.85000,-3.07279,2.44999,-0.42314
2271.90000,-3.06418,2.44600,-0.44474
2271.95000,-3.05565,2.44181,-0.46676
2272.00000,-3.04750,2.43778,-0.47475
2272.05000,-3.04135,2.43477,-0.46648
2272.10000,-3.03765,2.43307,-0.44533
2272.15000,-3.03632,2.43252,-0.41098
2272.20000,-3.03539,2.43214,-0.37536
2272.25000,-3.03438,2.43177,-0.33971
2272.30000,-3.03368,2.43164,-0.31630
2272.35000,-3.03076,2.43065,-0.30977
2272.40000,-3.02546,2.42890,-0.31599
2272.45000,-3.01762,2.42622,-0.33564
2272.50000,-3.00880,2.42301,-0.36073
2272.55000,-3.00006,2.41959,-0.38572
2272.60000,-2.99141,2.41595,-0.41087
2272.65000,-2.98294,2.41223,-0.42440
2272.70000,-2.97599,2.40918,-0.42452
2272.75000,-2.97152,2.40728,-0.41162
2272.80000,-2.96933,2.40644,-0.38618
2272.85000,-2.96847,2.40612,-0.35424
2272.90000,-2.96756,2.40581,-0.32240
2272.95000,-2.96668,2.40554,-0.29087
2273.00000,-2.96582,2.40531,-0.26022
2273.05000,-2.96545,2.40524,-0.23996
2273.10000,-2.96316,2.40464,-0.23319
2273.15000,-2.95862,2.40348,-0.23800
2273.20000,-2.95113,2.40150,-0.25822
2273.25000,-2.94221,2.39901,-0.28625
2273.30000,-2.93332,2.39626,-0.31402
2273.35000,-2.92451,2.39326,-0.34189
2273.40000,-2.91567,2.39003,-0.36032
2273.45000,-2.90866,2.38745,-0.36453
2273.50000,-2.90418,2.38592,-0.35591
2273.55000,-2.90215,2.38537,-0.33421
2273.60000,-2.90166,2.38521,-0.30737
2273.65000,-2.90107,2.38501,-0.28012
2273.70000,-2.90018,2.38478,-0.25198
2273.75000,-2.89931,2.38457,-0.22420
2273.80000,-2.89869,2.38447,-0.19753
2273.85000,-2.89788,2.38431,-0.18243
2273.90000,-2.89468,2.38360,-0.18245
2273.95000,-2.88875,2.38237,-0.19587
2274.00000,-2.88052,2.38062,-0.22154
2274.05000,-2.87151,2.37844,-0.25117
2274.10000,-2.86250,2.37604,-0.27264
2274.15000,-2.85503,2.37408,-0.28066
2274.20000,-2.84872,2.37236,-0.28338
2274.25000,-2.84455,2.37134,-0.27544
2274.30000,-2.84319,2.37109,-0.25449
2274.35000,-2.84273,2.37099,-0.22926
2274.40000,-2.84205,2.37088,-0.20304
2274.45000,-2.84188,2.37088,-0.17720
2274.50000,-2.84165,2.37084,-0.15326
2274.55000,-2.84129,2.37080,-0.12908
2274.60000,-2.84094,2.37070,-0.11703
2274.65000,-2.83810,2.37018,-0.11636
2274.70000,-2.83303,2.36943,-0.12612
2274.75000,-2.82541,2.36827,-0.14831
2274.80000,-2.81636,2.36677,-0.17929
2274.85000,-2.80731,2.36498,-0.21037
2274.90000,-2.79822,2.36306,-0.23551
2274.95000,-2.78976,2.36123,-0.24941
2275.00000,-2.78383,2.35986,-0.24874
2275.05000,-2.77925,2.35877,-0.24126
2275.10000,-2.77652,2.35824,-0.22469
2275.15000,-2.77575,2.35814,-0.19713
2275.20000,-2.77559,2.35811,-0.16917
2275.25000,-2.77543,2.35808,-0.14146
2275.30000,-2.77527,2.35806,-0.11404
2275.35000,-2.77511,2.35805,-0.08691
2275.40000,-2.77495,2.35803,-0.06008
2275.45000,-2.77478,2.35797,-0.04447
2275.50000,-2.77230,2.35776,-0.04314
2275.55000,-2.76658,2.35742,-0.05579
2275.60000,-2.75862,2.35686,-0.08106
2275.65000,-2.74893,2.35592,-0.11030
2275.70000,-2.73971,2.35474,-0.14149
2275.75000,-2.73058,2.35342,-0.16186
2275.80000,-2.72215,2.35217,-0.16845
2275.85000,-2.71701,2.35151,-0.15711
2275.90000,-2.71374,2.35105,-0.13818
2275.95000,-2.71203,2.35083,-0.11199
2276.00000,-2.71185,2.35081,-0.07929
2276.05000,-2.71170,2.35080,-0.04631
2276.10000,-2.71156,2.35080,-0.01367
2276.15000,-2.71142,2.35080,0.01865
2276.20000,-2.71128,2.35082,0.04103
2276.25000,-2.70935,2.35099,0.04502
2276.30000,-2.70384,2.35124,0.03129
2276.35000,-2.69609,2.35139,0.00572
2276.40000,-2.68707,2.35129,-0.02616
2276.45000,-2.67789,2.35091,-0.05839
2276.50000,-2.66870,2.35033,-0.08417
2276.55000,-2.65927,2.34958,-0.09376
2276.60000,-2.65130,2.34897,-0.08497
2276.65000,-2.64585,2.34875,-0.06183
2276.70000,-2.64266,2.34859,-0.02988
2276.75000,-2.64144,2.34858,0.01123
2276.80000,-2.64128,2.34858,0.05717
2276.85000,-2.64113,2.34859,0.10309
2276.90000,-2.64103,2.34858,0.14020
2276.95000,-2.64054,2.34879,0.15553
2277.00000,-2.63708,2.34952,0.15073
2277.05000,-2.63057,2.35052,0.13023
2277.10000,-2.62217,2.35150,0.10055
2277.15000,-2.61303,2.35227,0.06772
2277.20000,-2.60385,2.35274,0.03528
2277.25000,-2.59446,2.35291,0.01372
2277.30000,-2.58456,2.35297,0.01050
2277.35000,-2.57463,2.35304,0.02464
2277.40000,-2.56718,2.35312,0.05467
2277.45000,-2.56362,2.35320,0.10566
2277.50000,-2.56320,2.35325,0.16264
2277.55000,-2.56292,2.35330,0.22024
2277.60000,-2.56274,2.35330,0.26622
2277.65000,-2.56288,2.35314,0.28830
2277.70000,-2.56104,2.35379,0.29015
2277.75000,-2.55675,2.35520,0.27909
2277.80000,-2.54932,2.35728,0.25208
2277.85000,-2.54054,2.35939,0.21846
2277.90000,-2.53157,2.36122,0.18471
2277.95000,-2.52252,2.36275,0.15169
2278.00000,-2.51343,2.36399,0.11867
2278.05000,-2.50405,2.36494,0.09854
2278.10000,-2.49408,2.36598,0.09702
2278.15000,-2.48360,2.36711,0.10966
2278.20000,-2.47598,2.36782,0.14430
2278.25000,-2.47392,2.36816,0.19866
2278.30000,-2.47339,2.36828,0.25965
2278.35000,-2.47287,2.36844,0.32043
2278.40000,-2.47236,2.36863,0.37064
2278.45000,-2.47174,2.36897,0.40167
2278.50000,-2.47097,2.36952,0.41481
2278.55000,-2.46763,2.37108,0.40705
2278.60000,-2.46122,2.37376,0.38225
2278.65000,-2.45297,2.37692,0.34859
2278.70000,-2.44433,2.37989,0.31413
2278.75000,-2.43558,2.38257,0.28001
2278.80000,-2.42673,2.38495,0.24649
2278.85000,-2.41782,2.38704,0.21269
2278.90000,-2.40864,2.38891,0.19227
2278.95000,-2.39919,2.39069,0.19495
2279.00000,-2.39218,2.39206,0.22131
2279.05000,-2.38796,2.39308,0.25926
2279.10000,-2.38651,2.39349,0.30814
2279.15000,-2.38620,2.39360,0.36100
2279.20000,-2.38590,2.39373,0.40293
2279.25000,-2.38575,2.39378,0.42428
2279.30000,-2.38563,2.39381,0.43393
2279.35000,-2.38474,2.39423,0.43533
2279.40000,-2.38283,2.39513,0.43014
2279.45000,-2.37931,2.39675,0.41945
2279.50000,-2.37443,2.39890,0.40042
2279.55000,-2.36743,2.40176,0.37179
2279.60000,-2.35828,2.40514,0.33517
2279.65000,-2.34937,2.40803,0.29409
2279.70000,-2.34086,2.41039,0.24811
2279.75000,-2.33230,2.41232,0.19709
2279.80000,-2.32304,2.41392,0.14471
2279.85000,-2.31332,2.41507,0.09126
2279.90000,-2.30335,2.41572,0.03785
2279.95000,-2.29335,2.41583,-0.01514
2280.00000,-2.28336,2.41541,-0.06786
2280.05000,-2.27340,2.41448,-0.11990
2280.10000,-2.26351,2.41302,-0.17124
2280.15000,-2.25371,2.41107,-0.22208
2280.20000,-2.24401,2.40862,-0.27237
2280.25000,-2.23445,2.40570,-0.32190
2280.30000,-2.22505,2.40230,-0.37103
2280.35000,-2.21582,2.39845,-0.41957
2280.40000,-2.20680,2.39448,-0.46040
2280.45000,-2.20056,2.39156,-0.48654
2280.50000,-2.19618,2.38926,-0.51219
2280.55000,-2.19180,2.38687,-0.51047
2280.60000,-2.18759,2.38461,-0.49345
2280.65000,-2.18430,2.38289,-0.46237
2280.70000,-2.18336,2.38244,-0.41975
2280.75000,-2.18316,2.38235,-0.37301
2280.80000,-2.18295,2.38228,-0.32616
2280.85000,-2.18266,2.38216,-0.29174
2280.90000,-2.18243,2.38214,-0.28465
2280.95000,-2.18042,2.38140,-0.30053
2281.00000,-2.17650,2.38012,-0.31205
2281.05000,-2.17298,2.37904,-0.31256
2281.10000,-2.16880,2.37758,-0.33116
2281.15000,-2.16334,2.37558,-0.36443
2281.20000,-2.15623,2.37272,-0.40256
2281.25000,-2.14799,2.36900,-0.44408
2281.30000,-2.14013,2.36523,-0.47850
2281.35000,-2.13241,2.36153,-0.49656
2281.40000,-2.12460,2.35768,-0.48973
2281.45000,-2.11730,2.35399,-0.46844
2281.50000,-2.11218,2.35149,-0.43405
2281.55000,-2.10952,2.35032,-0.38737
2281.60000,-2.10895,2.35010,-0.33087
2281.65000,-2.10854,2.34998,-0.27335
2281.70000,-2.10815,2.34991,-0.22709
2281.75000,-2.10842,2.35029,-0.21121
2281.80000,-2.10748,2.35001,-0.21695
2281.85000,-2.10321,2.34888,-0.23840
2281.90000,-2.09627,2.34708,-0.27059
2281.95000,-2.08781,2.34456,-0.30762
2282.00000,-2.07849,2.34139,-0.34802
2282.05000,-2.06922,2.33810,-0.38297
2282.10000,-2.05997,2.33479,-0.40168
2282.15000,-2.05119,2.33128,-0.38767
2282.20000,-2.04358,2.32829,-0.35807
2282.25000,-2.03823,2.32640,-0.31698
2282.30000,-2.03537,2.32553,-0.26441
2282.35000,-2.03451,2.32532,-0.20311
2282.40000,-2.03375,2.32519,-0.14121
2282.45000,-2.03306,2.32516,-0.08905
2282.50000,-2.03275,2.32537,-0.06105
2282.55000,-2.03265,2.32526,-0.05458
2282.60000,-2.03083,2.32500,-0.06404
2282.65000,-2.02564,2.32450,-0.09070
2282.70000,-2.01825,2.32369,-0.12897
2282.75000,-2.00983,2.32241,-0.17203
2282.80000,-2.00111,2.32069,-0.21614
2282.85000,-1.99245,2.31859,-0.25974
2282.90000,-1.98388,2.31611,-0.30280
2282.95000,-1.97535,2.31343,-0.33906
2283.00000,-1.96658,2.31045,-0.35744
2283.05000,-1.95735,2.30697,-0.35462
2283.10000,-1.94792,2.30326,-0.34375
2283.15000,-1.93833,2.29962,-0.32095
2283.20000,-1.93002,2.29701,-0.28479
2283.25000,-1.92399,2.29538,-0.23777
2283.30000,-1.92033,2.29459,-0.18011
2283.35000,-1.91859,2.29433,-0.11418
2283.40000,-1.91696,2.29419,-0.04762
2283.45000,-1.91539,2.29418,0.00908
2283.50000,-1.91425,2.29423,0.03798
2283.55000,-1.91287,2.29440,0.03898
2283.60000,-1.90792,2.29456,0.01831
2283.65000,-1.90080,2.29458,-0.01314
2283.70000,-1.89239,2.29431,-0.05089
2283.75000,-1.88341,2.29367,-0.09084
2283.80000,-1.87446,2.29268,-0.13064
2283.85000,-1.86555,2.29133,-0.17011
2283.90000,-1.85664,2.28978,-0.20335
2283.95000,-1.84749,2.28794,-0.21979
2284.00000,-1.83789,2.28561,-0.21556
2284.05000,-1.82809,2.28305,-0.20283
2284.10000,-1.81804,2.28076,-0.17548
2284.15000,-1.80878,2.27931,-0.13371
2284.20000,-1.80167,2.27852,-0.08143
2284.25000,-1.79679,2.27826,-0.01903
2284.30000,-1.79374,2.27831,0.05137
2284.35000,-1.79084,2.27856,0.12267
2284.40000,-1.78800,2.27888,0.18439
2284.45000,-1.78511,2.27928,0.23344
2284.50000,-1.78216,2.27976,0.27302
2284.55000,-1.77926,2.28022,0.29689
2284.60000,-1.77657,2.28055,0.29502
2284.65000,-1.77267,2.28190,0.26464
2284.70000,-1.76673,2.28357,0.22319
2284.75000,-1.76010,2.28490,0.17262
2284.80000,-1.75200,2.28609,0.12129
2284.85000,-1.74351,2.28689,0.06699
2284.90000,-1.73424,2.28726,0.01247
2284.95000,-1.72502,2.28712,-0.04427
2285.00000,-1.71606,2.28645,-0.10343
2285.05000,-1.70699,2.28524,-0.16301
2285.10000,-1.69789,2.28346,-0.22287
2285.15000,-1.68880,2.28111,-0.28284
2285.20000,-1.67980,2.27820,-0.34290
2285.25000,-1.67091,2.27472,-0.40288
2285.30000,-1.66218,2.27069,-0.46281
2285.35000,-1.65365,2.26610,-0.52258
2285.40000,-1.64538,2.26101,-0.58234
2285.45000,-1.63737,2.25538,-0.64186
2285.50000,-1.62965,2.24925,-0.70117
2285.55000,-1.62229,2.24264,-0.76037
2285.60000,-1.61527,2.23557,-0.81932
2285.65000,-1.60867,2.22807,-0.87794
2285.70000,-1.60384,2.22194,-0.93870
2285.75000,-1.60000,2.21633,-1.00110
2285.80000,-1.59649,2.21046,-1.06285
2285.85000,-1.59335,2.20438,-1.12390
2285.90000,-1.59059,2.19815,-1.18427
2285.95000,-1.58823,2.19182,-1.24398
2286.00000,-1.58628,2.18545,-1.30303
2286.05000,-1.58473,2.17910,-1.36145
2286.10000,-1.58358,2.17281,-1.41923
2286.15000,-1.58282,2.16665,-1.47637
2286.20000,-1.58242,2.16064,-1.53287
2286.25000,-1.58237,2.15482,-1.58871
2286.30000,-1.58262,2.14923,-1.64388
2286.35000,-1.58316,2.14388,-1.69838
2286.40000,-1.58395,2.13879,-1.75219
2286.45000,-1.58497,2.13397,-1.80529
2286.50000,-1.58618,2.12943,-1.85768
2286.55000,-1.58756,2.12516,-1.90932
2286.60000,-1.58908,2.12116,-1.96020
2286.65000,-1.59073,2.11742,-2.01031
2286.70000,-1.59247,2.11395,-2.05962
2286.75000,-1.59428,2.11072,-2.10812
2286.80000,-1.59616,2.10772,-2.15578
2286.85000,-1.59806,2.10500,-2.20269
2286.90000,-1.59993,2.10257,-2.24893
2286.95000,-1.60175,2.10041,-2.29451
2287.00000,-1.60350,2.09852,-2.33944
2287.05000,-1.60517,2.09686,-2.38371
2287.10000,-1.60677,2.09541,-2.42730
2287.15000,-1.60829,2.09415,-2.47020
2287.20000,-1.60973,2.09306,-2.51241
2287.25000,-1.61108,2.09212,-2.55392
2287.30000,-1.61500,2.08964,-2.59208
2287.35000,-1.62246,2.08525,-2.62727
2287.40000,-1.63103,2.08062,-2.66660
2287.45000,-1.64002,2.07623,-2.70727
2287.50000,-1.64917,2.07221,-2.74833
2287.55000,-1.65842,2.06863,-2.79011
2287.60000,-1.66755,2.06542,-2.83094
2287.65000,-1.67058,2.06517,-2.87157
2287.70000,-1.67112,2.06503,-2.91571
2287.75000,-1.67161,2.06493,-2.96033
2287.80000,-1.67208,2.06486,-3.00533
2287.85000,-1.67253,2.06481,-3.05073
2287.90000,-1.67296,2.06478,-3.09654
2287.95000,-1.67337,2.06477,3.14040
2288.00000,-1.67377,2.06478,3.09376
2288.05000,-1.67415,2.06480,3.04673
2288.10000,-1.67452,2.06485,2.99941
2288.15000,-1.67487,2.06491,2.95216
2288.20000,-1.67522,2.06498,2.90484
2288.25000,-1.67555,2.06507,2.85731
2288.30000,-1.67587,2.06517,2.80963
2288.35000,-1.67619,2.06529,2.76190
2288.40000,-1.67649,2.06542,2.71422
2288.45000,-1.67678,2.06556,2.66662
2288.50000,-1.67705,2.06571,2.61909
2288.55000,-1.67732,2.06587,2.57168
2288.60000,-1.67758,2.06605,2.52441
2288.65000,-1.67783,2.06623,2.47735
2288.70000,-1.68004,2.06813,2.43288
2288.75000,-1.68580,2.07328,2.39345
2288.80000,-1.69185,2.07914,2.34875
2288.85000,-1.69780,2.08550,2.29970
2288.90000,-1.70424,2.09307,2.25291
2288.95000,-1.71036,2.10098,2.20632
2289.00000,-1.71611,2.10916,2.15951
2289.05000,-1.72146,2.11760,2.11246
2289.10000,-1.72596,2.12543,2.08133
2289.15000,-1.72893,2.13087,2.06037
2289.20000,-1.73130,2.13550,2.04248
2289.25000,-1.73419,2.14113,2.04807
2289.30000,-1.73832,2.14896,2.06547
2289.35000,-1.74318,2.15772,2.08907
2289.40000,-1.74812,2.16620,2.11293
2289.45000,-1.75309,2.17423,2.13761
2289.50000,-1.75822,2.18207,2.16288
2289.55000,-1.76354,2.18976,2.18867
2289.60000,-1.76906,2.19731,2.21469
2289.65000,-1.77476,2.20471,2.24094
2289.70000,-1.78066,2.21195,2.26743
2289.75000,-1.78674,2.21903,2.29414
2289.80000,-1.79301,2.22594,2.32082
2289.85000,-1.79946,2.23269,2.34744
2289.90000,-1.80609,2.23925,2.37425
2289.95000,-1.81289,2.24564,2.40119
2290.00000,-1.81986,2.25183,2.42825
2290.05000,-1.82699,2.25783,2.45542
2290.10000,-1.83428,2.26364,2.48268
2290.15000,-1.84172,2.26924,2.51000
2290.20000,-1.84932,2.27464,2.53712
2290.25000,-1.85706,2.27984,2.56405
2290.30000,-1.86494,2.28482,2.59126
2290.35000,-1.87295,2.28959,2.61821
2290.40000,-1.88109,2.29414,2.64517
2290.45000,-1.88935,2.29847,2.67208
2290.50000,-1.89773,2.30259,2.69869
2290.55000,-1.90622,2.30648,2.72521
2290.60000,-1.91481,2.31014,2.75168
2290.65000,-1.92341,2.31352,2.78368
2290.70000,-1.93184,2.31650,2.82528
2290.75000,-1.94096,2.31929,2.87053
2290.80000,-1.95062,2.32177,2.91592
2290.85000,-1.96030,2.32376,2.96138
2290.90000,-1.97012,2.32534,3.00620
2290.95000,-1.97975,2.32643,3.05125
2291.00000,-1.98924,2.32708,3.09715
2291.05000,-1.99804,2.32726,-3.13789
2291.10000,-2.00682,2.32709,-3.10558
2291.15000,-2.01362,2.32684,-3.08557
2291.20000,-2.02077,2.32633,-3.05488
2291.25000,-2.02936,2.32543,-3.01826
2291.30000,-2.03877,2.32408,-2.97768
2291.35000,-2.04818,2.32260,-2.94083
2291.40000,-2.05761,2.32106,-2.91928
2291.45000,-2.06418,2.31986,-2.91288
2291.50000,-2.06799,2.31892,-2.90489
2291.55000,-2.07181,2.31794,-2.91945
2291.60000,-2.07365,2.31758,-2.96507
2291.65000,-2.07484,2.31740,-3.02593
2291.70000,-2.07553,2.31737,-3.08238
2291.75000,-2.07645,2.31722,-3.11546
2291.80000,-2.07777,2.31710,-3.12373
2291.85000,-2.08015,2.31697,-3.11397
2291.90000,-2.08562,2.31670,-3.09037
2291.95000,-2.09380,2.31613,-3.05610
2292.00000,-2.10325,2.31514,-3.01735
2292.05000,-2.11227,2.31383,-2.97468
2292.10000,-2.12103,2.31215,-2.93157
2292.15000,-2.12973,2.31011,-2.88905
2292.20000,-2.13839,2.30786,-2.85276
2292.25000,-2.14706,2.30556,-2.83231
2292.30000,-2.15552,2.30340,-2.83969
2292.35000,-2.16359,2.30129,-2.86931
2292.40000,-2.16977,2.29969,-2.91227
2292.45000,-2.17340,2.29893,-2.96647
2292.50000,-2.17436,2.29878,-3.03178
2292.55000,-2.17451,2.29878,-3.09076
2292.60000,-2.17489,2.29869,-3.12867
2292.65000,-2.17574,2.29867,3.13973
2292.70000,-2.17687,2.29869,3.13989
2292.75000,-2.17963,2.29868,-3.13422
2292.80000,-2.18687,2.29850,-3.10722
2292.85000,-2.19630,2.29801,-3.07128
2292.90000,-2.20626,2.29712,-3.03370
2292.95000,-2.21618,2.29586,-2.99662
2293.00000,-2.22604,2.29423,-2.96000
2293.05000,-2.23584,2.29225,-2.92365
2293.10000,-2.24557,2.29011,-2.89429
2293.15000,-2.25540,2.28783,-2.87959
2293.20000,-2.26500,2.28575,-2.88075
2293.25000,-2.27458,2.28365,-2.89128
2293.30000,-2.28417,2.28152,-2.91350
2293.35000,-2.29244,2.27975,-2.95100
2293.40000,-2.29813,2.27878,-2.99995
2293.45000,-2.30110,2.27843,-3.06031
2293.50000,-2.30162,2.27840,-3.13053
2293.55000,-2.30179,2.27841,3.09053
2293.60000,-2.30193,2.27843,3.04236
2293.65000,-2.30200,2.27837,3.00299
2293.70000,-2.30203,2.27831,2.97168
2293.75000,-2.30206,2.27825,2.94833
2293.80000,-2.30210,2.27824,2.93281
2293.85000,-2.30222,2.27831,2.92536
2293.90000,-2.30254,2.27842,2.92575
2293.95000,-2.30388,2.27873,2.93179
2294.00000,-2.30644,2.27927,2.94342
2294.05000,-2.31064,2.28009,2.96200
2294.10000,-2.31669,2.28119,2.98820
2294.15000,-2.32485,2.28253,3.02256
2294.20000,-2.33510,2.28356,3.06483
2294.25000,-2.34517,2.28412,3.10602
2294.30000,-2.35517,2.28427,-3.13704
2294.35000,-2.36517,2.28403,-3.09731
2294.40000,-2.37515,2.28339,-3.05803
2294.45000,-2.38498,2.28268,-3.02341
2294.50000,-2.39432,2.28241,-3.00657
2294.55000,-2.40321,2.28255,-3.00893
2294.60000,-2.41193,2.28285,-3.01913
2294.65000,-2.42046,2.28332,-3.03670
2294.70000,-2.42885,2.28388,-3.06421
2294.75000,-2.43580,2.28427,-3.10416
2294.80000,-2.44046,2.28434,3.12935
2294.85000,-2.44285,2.28437,3.07035
2294.90000,-2.44323,2.28440,3.00341
2294.95000,-2.44340,2.28445,2.94522
2295.00000,-2.44373,2.28468,2.90188
2295.05000,-2.44460,2.28550,2.88734
2295.10000,-2.44702,2.28680,2.89460
2295.15000,-2.45344,2.28856,2.91756
2295.20000,-2.46208,2.29041,2.94910
2295.25000,-2.47176,2.29213,2.98516
2295.30000,-2.48123,2.29350,3.02298
2295.35000,-2.49125,2.29450,3.05846
2295.40000,-2.50090,2.29514,3.09519
2295.45000,-2.51082,2.29544,3.12135
2295.50000,-2.52008,2.29552,3.12510
2295.55000,-2.52872,2.29557,3.10759
2295.60000,-2.53445,2.29558,3.06549
2295.65000,-2.53698,2.29572,3.00839
2295.70000,-2.53739,2.29578,2.94260
2295.75000,-2.53756,2.29583,2.87603
2295.80000,-2.53776,2.29592,2.82126
2295.85000,-2.53825,2.29639,2.79603
2295.90000,-2.54061,2.29759,2.80042
2295.95000,-2.54654,2.29965,2.82125
2296.00000,-2.55443,2.30214,2.85072
2296.05000,-2.56302,2.30456,2.88582
2296.10000,-2.57266,2.30692,2.92132
2296.15000,-2.58222,2.30888,2.95931
2296.20000,-2.59221,2.31055,2.99389
2296.25000,-2.60131,2.31160,3.01425
2296.30000,-2.60956,2.31228,3.00777
2296.35000,-2.61693,2.31250,2.98208
2296.40000,-2.62163,2.31232,2.93589
2296.45000,-2.62337,2.31248,2.87651
2296.50000,-2.62358,2.31255,2.81090
2296.55000,-2.62376,2.31264,2.75521
2296.60000,-2.62416,2.31300,2.72152
2296.65000,-2.62553,2.31401,2.71917
2296.70000,-2.63053,2.31634,2.73689
2296.75000,-2.63792,2.31939,2.76471
2296.80000,-2.64665,2.32269,2.79803
2296.85000,-2.65524,2.32559,2.83542
2296.90000,-2.66394,2.32816,2.87260
2296.95000,-2.67274,2.33041,2.90913
2297.00000,-2.68136,2.33218,2.93114
2297.05000,-2.68932,2.33320,2.92880
2297.10000,-2.69670,2.33379,2.90375
2297.15000,-2.70295,2.33461,2.86461
2297.20000,-2.70681,2.33570,2.81517
2297.25000,-2.70799,2.33613,2.75453
2297.30000,-2.70817,2.33623,2.70059
2297.35000,-2.70845,2.33646,2.65978
2297.40000,-2.70880,2.33679,2.62880
2297.45000,-2.70919,2.33720,2.60760
2297.50000,-2.70966,2.33770,2.59566
2297.55000,-2.71025,2.33835,2.59216
2297.60000,-2.71179,2.33937,2.59713
2297.65000,-2.71494,2.34126,2.61023
2297.70000,-2.71996,2.34415,2.63202
2297.75000,-2.72711,2.34801,2.66306
2297.80000,-2.73600,2.35241,2.70110
2297.85000,-2.74512,2.35650,2.73889
2297.90000,-2.75439,2.36025,2.77601
2297.95000,-2.76379,2.36365,2.81285
2298.00000,-2.77331,2.36670,2.85021
2298.05000,-2.78265,2.36928,2.87266
2298.10000,-2.79098,2.37115,2.86790
2298.15000,-2.79568,2.37250,2.83222
2298.20000,-2.79768,2.37318,2.78096
2298.25000,-2.79800,2.37331,2.72247
2298.30000,-2.79818,2.37340,2.66349
2298.35000,-2.79835,2.37352,2.61656
2298.40000,-2.79849,2.37365,2.58508
2298.45000,-2.79853,2.37371,2.56452
2298.50000,-2.79847,2.37369,2.55465
2298.55000,-2.79863,2.37382,2.55447
2298.60000,-2.79994,2.37469,2.56117
2298.65000,-2.80260,2.37642,2.57470
2298.70000,-2.80695,2.37913,2.59622
2298.75000,-2.81351,2.38299,2.62742
2298.80000,-2.82210,2.38762,2.66720
2298.85000,-2.83108,2.39201,2.70729
2298.90000,-2.84024,2.39603,2.74714
2298.95000,-2.84919,2.39955,2.77141
2299.00000,-2.85726,2.40229,2.76998
2299.05000,-2.86345,2.40440,2.74407
2299.10000,-2.86680,2.40587,2.70291
2299.15000,-2.86762,2.40627,2.65042
2299.20000,-2.86780,2.40637,2.59505
2299.25000,-2.86797,2.40650,2.55145
2299.30000,-2.86813,2.40668,2.52254
2299.35000,-2.86840,2.40697,2.50301
2299.40000,-2.86914,2.40769,2.50170
2299.45000,-2.87142,2.40937,2.51458
2299.50000,-2.87547,2.41224,2.53613
2299.55000,-2.88152,2.41631,2.56680
2299.60000,-2.88974,2.42142,2.60661
2299.65000,-2.89845,2.42635,2.64725
2299.70000,-2.90734,2.43091,2.68806
2299.75000,-2.91598,2.43491,2.71306
2299.80000,-2.92335,2.43795,2.71077
2299.85000,-2.92943,2.44036,2.68741
2299.90000,-2.93175,2.44152,2.64381
2299.95000,-2.93200,2.44166,2.59047
2300.00000,-2.93218,2.44178,2.53680
2300.05000,-2.93235,2.44190,2.48330
2300.10000,-2.93252,2.44207,2.44036
2300.15000,-2.93284,2.44241,2.40921
2300.20000,-2.93328,2.44291,2.38783
2300.25000,-2.93418,2.44389,2.38615
2300.30000,-2.93682,2.44636,2.40276
2300.35000,-2.94157,2.45058,2.43069
2300.40000,-2.94823,2.45612,2.46734
2300.45000,-2.95617,2.46222,2.50892
2300.50000,-2.96435,2.46797,2.54991
2300.55000,-2.97276,2.47337,2.59082
2300.60000,-2.98139,2.47843,2.63200
2300.65000,-2.98979,2.48293,2.65814
2300.70000,-2.99708,2.48634,2.65649
2300.75000,-3.00225,2.48896,2.62928
2300.80000,-3.00445,2.49024,2.58669
2300.85000,-3.00477,2.49045,2.53510
2300.90000,-3.00647,2.49178,2.48394
2300.95000,-3.00844,2.49328,2.43454
2301.00000,-3.00889,2.49370,2.39375
2301.05000,-3.00995,2.49482,2.38305
2301.10000,-3.01295,2.49765,2.39881
2301.15000,-3.01811,2.50226,2.42603
2301.20000,-3.02402,2.50723,2.46082
2301.25000,-3.03133,2.51291,2.50335
2301.30000,-3.03820,2.51777,2.55258
2301.35000,-3.04389,2.52145,2.59647
2301.40000,-3.04938,2.52483,2.60837
2301.45000,-3.05426,2.52767,2.59449
2301.50000,-3.05774,2.52987,2.55540
2301.55000,-3.06222,2.53300,2.50889
2301.60000,-3.06748,2.53707,2.45820
2301.65000,-3.07316,2.54196,2.40446
2301.70000,-3.07901,2.54757,2.34868
2301.75000,-3.08463,2.55334,2.30016
2301.80000,-3.09046,2.55958,2.28235
2301.85000,-3.09592,2.56583,2.29166
2301.90000,-3.10081,2.57136,2.31961
2301.95000,-3.10641,2.57717,2.35736
2302.00000,-3.11220,2.58268,2.40278
2302.05000,-3.11774,2.58749,2.45633
2302.10000,-3.12252,2.59136,2.50652
2302.15000,-3.12712,2.59494,2.52296
2302.20000,-3.13099,2.59777,2.50594
2302.25000,-3.13388,2.59999,2.46690
2302.30000,-3.13806,2.60350,2.42161
2302.35000,-3.14297,2.60803,2.37182
2302.40000,-3.14827,2.61345,2.31898
2302.45000,-3.15329,2.61918,2.26183
2302.50000,-3.15811,2.62507,2.21506
2302.55000,-3.16318,2.63132,2.19379
2302.60000,-3.16841,2.63799,2.19780
2302.65000,-3.17338,2.64443,2.21713
2302.70000,-3.17818,2.65077,2.24963
2302.75000,-3.18326,2.65679,2.29472
2302.80000,-3.18890,2.66287,2.34465
2302.85000,-3.19521,2.66899,2.39725
2302.90000,-3.20212,2.67501,2.45163
2302.95000,-3.20957,2.68082,2.50721
2303.00000,-3.21732,2.68619,2.56440
2303.05000,-3.22553,2.69120,2.62200
2303.10000,-3.23413,2.69580,2.67991
2303.15000,-3.24303,2.69991,2.73817
2303.20000,-3.25216,2.70349,2.79678
2303.25000,-3.26144,2.70652,2.85588
2303.30000,-3.27080,2.70897,2.91547
2303.35000,-3.28007,2.71080,2.97606
2303.40000,-3.28923,2.71204,3.03754
2303.45000,-3.29780,2.71267,3.10152
2303.50000,-3.30556,2.71272,-3.11445
2303.55000,-3.31259,2.71229,-3.04446
2303.60000,-3.31940,2.71138,-2.97369
2303.65000,-3.32627,2.70997,-2.90334
2303.70000,-3.33313,2.70804,-2.83333
2303.75000,-3.33993,2.70561,-2.76371
2303.80000,-3.34666,2.70267,-2.69449
2303.85000,-3.35327,2.69921,-2.62569
2303.90000,-3.35976,2.69523,-2.55745
2303.95000,-3.36606,2.69075,-2.48967
2304.00000,-3.37214,2.68577,-2.42239
2304.05000,-3.37796,2.68033,-2.35553
2304.10000,-3.38349,2.67440,-2.28919
2304.15000,-3.38871,2.66802,-2.22342
2304.20000,-3.39358,2.66120,-2.15812
2304.25000,-3.39805,2.65399,-2.09329
2304.30000,-3.40212,2.64636,-2.02908
2304.35000,-3.40574,2.63839,-1.96528
2304.40000,-3.40891,2.63005,-1.90212
2304.45000,-3.41086,2.62365,-1.83890
2304.50000,-3.41164,2.62044,-1.76930
2304.55000,-3.41191,2.61881,-1.69384
2304.60000,-3.41196,2.61832,-1.61452
2304.65000,-3.41196,2.61806,-1.53509
2304.70000,-3.41194,2.61781,-1.45666
2304.75000,-3.41190,2.61756,-1.37924
2304.80000,-3.41184,2.61732,-1.30286
2304.85000,-3.41177,2.61708,-1.22754
2304.90000,-3.41167,2.61685,-1.15327
2304.95000,-3.41156,2.61662,-1.08007
2305.00000,-3.41144,2.61640,-1.00795
2305.05000,-3.41130,2.61620,-0.93692
2305.10000,-3.41114,2.61600,-0.86698
2305.15000,-3.41097,2.61581,-0.79815
2305.20000,-3.41079,2.61564,-0.73042
2305.25000,-3.41060,2.61548,-0.66382
2305.30000,-3.41039,2.61533,-0.59833
2305.35000,-3.41018,2.61520,-0.53397
2305.40000,-3.40996,2.61507,-0.47073
2305.45000,-3.40973,2.61497,-0.40864
2305.50000,-3.40950,2.61487,-0.34767
2305.55000,-3.40926,2.61480,-0.28785
2305.60000,-3.40901,2.61474,-0.23873
2305.65000,-3.40709,2.61428,-0.21017
2305.70000,-3.40102,2.61292,-0.19923
2305.75000,-3.39218,2.61108,-0.20166
2305.80000,-3.38253,2.60906,-0.20888
2305.85000,-3.37282,2.60696,-0.21659
2305.90000,-3.36313,2.60478,-0.22437
2305.95000,-3.35345,2.60253,-0.23257
2306.00000,-3.34382,2.60020,-0.24112
2306.05000,-3.33436,2.59780,-0.25073
2306.10000,-3.32493,2.59532,-0.26088
2306.15000,-3.31555,2.59274,-0.27182
2306.20000,-3.30620,2.59006,-0.28282
2306.25000,-3.29689,2.58728,-0.29426
2306.30000,-3.28762,2.58439,-0.30614
2306.35000,-3.27840,2.58139,-0.31855
2306.40000,-3.26924,2.57829,-0.33166
2306.45000,-3.26013,2.57506,-0.34482
2306.50000,-3.25106,2.57172,-0.35824
2306.55000,-3.24205,2.56825,-0.37217
2306.60000,-3.23309,2.56467,-0.38632
2306.65000,-3.22419,2.56095,-0.40069
2306.70000,-3.21535,2.55712,-0.41526
2306.75000,-3.20658,2.55315,-0.43027
2306.80000,-3.19788,2.54906,-0.44570
2306.85000,-3.18924,2.54483,-0.46109
2306.90000,-3.18068,2.54047,-0.47667
2306.95000,-3.17219,2.53598,-0.49259
2307.00000,-3.16378,2.53137,-0.50889
2307.05000,-3.15544,2.52661,-0.52488
2307.10000,-3.14719,2.52172,-0.54124
2307.15000,-3.13902,2.51670,-0.55791
2307.20000,-3.13095,2.51156,-0.57519
2307.25000,-3.12298,2.50637,-0.58291
2307.30000,-3.11588,2.50182,-0.57385
2307.35000,-3.11291,2.50007,-0.54282
2307.40000,-3.11246,2.49981,-0.50148
2307.45000,-3.11233,2.49974,-0.45844
2307.50000,-3.11220,2.49968,-0.41540
2307.55000,-3.11211,2.49968,-0.38304
2307.60000,-3.11026,2.49891,-0.36624
2307.65000,-3.10555,2.49705,-0.36497
2307.70000,-3.09813,2.49413,-0.37906
2307.75000,-3.08938,2.49053,-0.40083
2307.80000,-3.08069,2.48673,-0.42228
2307.85000,-3.07209,2.48275,-0.44370
2307.90000,-3.06358,2.47859,-0.46529
2307.95000,-3.05518,2.47426,-0.48723
2308.00000,-3.04668,2.46978,-0.49930
2308.05000,-3.03935,2.46608,-0.50461
2308.10000,-3.03486,2.46360,-0.53197
2308.15000,-3.03287,2.46239,-0.57788
2308.20000,-3.03249,2.46213,-0.63147
2308.25000,-3.03219,2.46189,-0.68547
2308.30000,-3.03190,2.46164,-0.73946
2308.35000,-3.03163,2.46138,-0.79340
2308.40000,-3.03136,2.46109,-0.84726
2308.45000,-3.03110,2.46079,-0.90101
2308.50000,-3.03086,2.46046,-0.95456
2308.55000,-3.03062,2.46010,-1.00770
2308.60000,-3.03038,2.45969,-1.06029
2308.65000,-3.03013,2.45922,-1.11231
2308.70000,-3.02988,2.45869,-1.16379
2308.75000,-3.02964,2.45808,-1.21476
2308.80000,-3.02941,2.45739,-1.26526
2308.85000,-3.02918,2.45662,-1.31530
2308.90000,-3.02898,2.45576,-1.36488
2308.95000,-3.02881,2.45481,-1.41403
2309.00000,-3.02867,2.45376,-1.46275
2309.05000,-3.02857,2.45262,-1.51108
2309.10000,-3.02853,2.45139,-1.55900
2309.15000,-3.02854,2.45008,-1.60655
2309.20000,-3.02862,2.44872,-1.65371
2309.25000,-3.02877,2.44732,-1.70047
2309.30000,-3.02899,2.44591,-1.74683
2309.35000,-3.02928,2.44449,-1.79279
2309.40000,-3.02963,2.44307,-1.83831
2309.45000,-3.03006,2.44163,-1.88337
2309.50000,-3.03057,2.44016,-1.92791
2309.55000,-3.03118,2.43863,-1.97189
2309.60000,-3.03190,2.43703,-2.01530
2309.65000,-3.03274,2.43537,-2.05813
2309.70000,-3.03371,2.43363,-2.10039
2309.75000,-3.03481,2.43184,-2.14207
2309.80000,-3.03606,2.42997,-2.18317
2309.85000,-3.03747,2.42806,-2.22369
2309.90000,-3.03903,2.42610,-2.26363
2309.95000,-3.04076,2.42410,-2.30301
2310.00000,-3.04265,2.42208,-2.34183
2310.05000,-3.04467,2.42007,-2.38009
2310.10000,-3.04680,2.41812,-2.41781
2310.15000,-3.04902,2.41623,-2.45497
2310.20000,-3.05134,2.41440,-2.49158
2310.25000,-3.05378,2.41262,-2.52764
2310.30000,-3.05637,2.41086,-2.56313
2310.35000,-3.05910,2.40914,-2.59807
2310.40000,-3.06156,2.40774,-2.63440
2310.45000,-3.06381,2.40654,-2.67181
2310.50000,-3.06625,2.40536,-2.70854
2310.55000,-3.06877,2.40425,-2.74455
2310.60000,-3.07136,2.40323,-2.78014
2310.65000,-3.07403,2.40227,-2.81505
2310.70000,-3.07884,2.40059,-2.84852
2310.75000,-3.08633,2.39811,-2.86912
2310.80000,-3.09426,2.39558,-2.86704
2310.85000,-3.10236,2.39325,-2.84190
2310.90000,-3.11115,2.39034,-2.80950
2310.95000,-3.12041,2.38701,-2.77531
2311.00000,-3.12920,2.38356,-2.74119
2311.05000,-3.13751,2.37987,-2.70619
2311.10000,-3.14571,2.37588,-2.67086
2311.15000,-3.15377,2.37160,-2.63579
2311.20000,-3.16214,2.36676,-2.60183
2311.25000,-3.17034,2.36175,-2.56714
2311.30000,-3.17792,2.35665,-2.53262
2311.35000,-3.18532,2.35130,-2.49783
2311.40000,-3.19253,2.34569,-2.46326
2311.45000,-3.19954,2.33984,-2.42855
2311.50000,-3.20635,2.33374,-2.39415
2311.55000,-3.21295,2.32741,-2.36022
2311.60000,-3.21934,2.32086,-2.32624
2311.65000,-3.22551,2.31408,-2.29279
2311.70000,-3.23144,2.30711,-2.25900
2311.75000,-3.23715,2.29993,-2.22593
2311.80000,-3.24262,2.29256,-2.19289
2311.85000,-3.24776,2.28521,-2.17491
2311.90000,-3.25164,2.27957,-2.17871
2311.95000,-3.25304,2.27756,-2.20057
2312.00000,-3.25327,2.27728,-2.23062
2312.05000,-3.25374,2.27673,-2.25934
2312.10000,-3.25419,2.27622,-2.28861
2312.15000,-3.25456,2.27587,-2.30477
2312.20000,-3.25566,2.27466,-2.31313
2312.25000,-3.25676,2.27345,-2.32558
2312.30000,-3.25914,2.27098,-2.32054
2312.35000,-3.26352,2.26620,-2.30015
2312.40000,-3.26869,2.26024,-2.27045
2312.45000,-3.27429,2.25360,-2.24482
2312.50000,-3.27937,2.24733,-2.23728
2312.55000,-3.28293,2.24281,-2.24283
2312.60000,-3.28382,2.24171,-2.26571
2312.65000,-3.28386,2.24168,-2.29443
2312.70000,-3.28379,2.24175,-2.32349
2312.75000,-3.28372,2.24182,-2.35230
2312.80000,-3.28372,2.24187,-2.37035
2312.85000,-3.28528,2.24041,-2.36968
2312.90000,-3.28973,2.23601,-2.35152
2312.95000,-3.29547,2.23012,-2.32428
2313.00000,-3.30150,2.22347,-2.28989
2313.05000,-3.30760,2.21650,-2.26240
2313.10000,-3.31317,2.20988,-2.25318
2313.15000,-3.31654,2.20576,-2.26300
2313.20000,-3.31737,2.20478,-2.29244
2313.25000,-3.31744,2.20470,-2.33150
2313.30000,-3.31749,2.20465,-2.37588
2313.35000,-3.31755,2.20460,-2.42512
2313.40000,-3.31762,2.20456,-2.46338
2313.45000,-3.31821,2.20413,-2.47598
2313.50000,-3.32157,2.20147,-2.46436
2313.55000,-3.32705,2.19697,-2.44107
2313.60000,-3.33375,2.19115,-2.41108
2313.65000,-3.34104,2.18439,-2.37727
2313.70000,-3.34814,2.17735,-2.34346
2313.75000,-3.35419,2.17099,-2.30282
2313.80000,-3.35751,2.16714,-2.24832
2313.85000,-3.35877,2.16552,-2.18681
2313.90000,-3.35889,2.16534,-2.12219
2313.95000,-3.35898,2.16518,-2.05799
2314.00000,-3.35906,2.16502,-1.99440
2314.05000,-3.35914,2.16484,-1.93140
2314.10000,-3.35920,2.16465,-1.86897
2314.15000,-3.35926,2.16446,-1.80708
2314.20000,-3.35930,2.16426,-1.74566
2314.25000,-3.35933,2.16405,-1.68470
2314.30000,-3.35934,2.16384,-1.62418
2314.35000,-3.35935,2.16363,-1.56413
2314.40000,-3.35934,2.16342,-1.50458
2314.45000,-3.35932,2.16321,-1.44559
2314.50000,-3.35929,2.16300,-1.38719
2314.55000,-3.35924,2.16278,-1.32941
2314.60000,-3.35918,2.16257,-1.27224
2314.65000,-3.35911,2.16235,-1.21569
2314.70000,-3.35902,2.16214,-1.15976
2314.75000,-3.35892,2.16193,-1.10446
2314.80000,-3.35881,2.16172,-1.04979
2314.85000,-3.35869,2.16152,-0.99576
2314.90000,-3.35855,2.16132,-0.94236
2314.95000,-3.35841,2.16113,-0.88959
2315.00000,-3.35825,2.16095,-0.83745
2315.05000,-3.35809,2.16078,-0.78594
2315.10000,-3.35791,2.16061,-0.73506
2315.15000,-3.35773,2.16046,-0.68483
2315.20000,-3.35754,2.16031,-0.63526
2315.25000,-3.35734,2.16017,-0.58637
2315.30000,-3.35714,2.16004,-0.53816
2315.35000,-3.35693,2.15992,-0.49065
2315.40000,-3.35671,2.15981,-0.44384
2315.45000,-3.35649,2.15971,-0.39775
2315.50000,-3.35626,2.15962,-0.35238
2315.55000,-3.35602,2.15954,-0.30774
2315.60000,-3.35578,2.15947,-0.26381
2315.65000,-3.35554,2.15941,-0.22061
2315.70000,-3.35530,2.15936,-0.17814
2315.75000,-3.35505,2.15932,-0.13639
2315.80000,-3.35480,2.15929,-0.09538
2315.85000,-3.35455,2.15927,-0.05509
2315.90000,-3.35430,2.15927,-0.01552
2315.95000,-3.35405,2.15927,0.02332
2316.00000,-3.35208,2.15944,0.06188
2316.05000,-3.34470,2.16012,0.09723
2316.10000,-3.33505,2.16124,0.13280
2316.15000,-3.32516,2.16274,0.16880
2316.20000,-3.31534,2.16460,0.20414
2316.25000,-3.30558,2.16679,0.23876
2316.30000,-3.29591,2.16932,0.27269
2316.35000,-3.28633,2.17217,0.30590
2316.40000,-3.27685,2.17534,0.33839
2316.45000,-3.26747,2.17881,0.37017
2316.50000,-3.25820,2.18257,0.40121
2316.55000,-3.24906,2.18661,0.43154
2316.60000,-3.24004,2.19093,0.46114
2316.65000,-3.23115,2.19550,0.49002
2316.70000,-3.22240,2.20033,0.51817
2316.75000,-3.21378,2.20540,0.54562
2316.80000,-3.20530,2.21071,0.57236
2316.85000,-3.19697,2.21623,0.59841
2316.90000,-3.18878,2.22197,0.62375
2316.95000,-3.18073,2.22791,0.64841
2317.00000,-3.17284,2.23404,0.67236
2317.05000,-3.16509,2.24036,0.69561
2317.10000,-3.15748,2.24686,0.71816
2317.15000,-3.15003,2.25352,0.73999
2317.20000,-3.14271,2.26034,0.76112
2317.25000,-3.13547,2.26724,0.78223
2317.30000,-3.13153,2.27078,0.79511
2317.35000,-3.12858,2.27359,0.78336
2317.40000,-3.12471,2.27738,0.76196
2317.45000,-3.11907,2.28260,0.73137
2317.50000,-3.11205,2.28867,0.69401
2317.55000,-3.10453,2.29465,0.65264
2317.60000,-3.09647,2.30055,0.61250
2317.65000,-3.08817,2.30613,0.57226
2317.70000,-3.07966,2.31138,0.53221
2317.75000,-3.07095,2.31627,0.49222
2317.80000,-3.06205,2.32082,0.45229
2317.85000,-3.05297,2.32501,0.41244
2317.90000,-3.04374,2.32884,0.37271
2317.95000,-3.03437,2.33228,0.33307
2318.00000,-3.02486,2.33536,0.29363
2318.05000,-3.01523,2.33807,0.25439
2318.10000,-3.00550,2.34039,0.21516
2318.15000,-2.99570,2.34234,0.17619
2318.20000,-2.98582,2.34390,0.13746
2318.25000,-2.97589,2.34508,0.09902
2318.30000,-2.96592,2.34588,0.06088
2318.35000,-2.95593,2.34630,0.02305
2318.40000,-2.94593,2.34634,-0.01442
2318.45000,-2.93594,2.34601,-0.05177
2318.50000,-2.92597,2.34530,-0.08891
2318.55000,-2.91602,2.34423,-0.12563
2318.60000,-2.90613,2.34280,-0.16188
2318.65000,-2.89629,2.34101,-0.19790
2318.70000,-2.88652,2.33887,-0.23365
2318.75000,-2.87684,2.33638,-0.26887
2318.80000,-2.86730,2.33382,-0.29753
2318.85000,-2.85846,2.33133,-0.31866
2318.90000,-2.85007,2.32887,-0.33699
2318.95000,-2.84194,2.32642,-0.35336
2319.00000,-2.83408,2.32400,-0.36775
2319.05000,-2.82650,2.32161,-0.38019
2319.10000,-2.81918,2.31923,-0.39065
2319.15000,-2.81214,2.31688,-0.39916
2319.20000,-2.80538,2.31456,-0.40576
2319.25000,-2.79890,2.31226,-0.41054
2319.30000,-2.79274,2.31000,-0.41357
2319.35000,-2.78686,2.30776,-0.41491
2319.40000,-2.78172,2.30562,-0.41268
2319.45000,-2.77780,2.30393,-0.40470
2319.50000,-2.77499,2.30275,-0.39142
2319.55000,-2.77330,2.30208,-0.37288
2319.60000,-2.77277,2.30188,-0.34926
2319.65000,-2.77264,2.30184,-0.32388
2319.70000,-2.77252,2.30180,-0.29864
2319.75000,-2.77240,2.30176,-0.27362
2319.80000,-2.77227,2.30173,-0.24883
2319.85000,-2.77215,2.30170,-0.22428
2319.90000,-2.77202,2.30167,-0.20007
2319.95000,-2.77189,2.30165,-0.17632
2320.00000,-2.77175,2.30162,-0.15306
2320.05000,-2.77161,2.30160,-0.13030
2320.10000,-2.77146,2.30159,-0.10804
2320.15000,-2.77131,2.30157,-0.08623
2320.20000,-2.77115,2.30156,-0.06480
2320.25000,-2.77086,2.30149,-0.05339
2320.30000,-2.76799,2.30124,-0.05443
2320.35000,-2.76266,2.30082,-0.06758
2320.40000,-2.75455,2.30016,-0.09476
2320.45000,-2.74544,2.29914,-0.12688
2320.50000,-2.73628,2.29792,-0.15323
2320.55000,-2.72852,2.29690,-0.16646
2320.60000,-2.72334,2.29619,-0.16573
2320.65000,-2.71843,2.29544,-0.16376
2320.70000,-2.71351,2.29470,-0.16175
2320.75000,-2.70860,2.29396,-0.15956
2320.80000,-2.70551,2.29365,-0.14708
2320.85000,-2.70475,2.29355,-0.12255
2320.90000,-2.70404,2.29348,-0.09808
2320.95000,-2.70334,2.29343,-0.07393
2321.00000,-2.70263,2.29338,-0.05004
2321.05000,-2.70191,2.29336,-0.02660
2321.10000,-2.70121,2.29335,-0.00345
2321.15000,-2.70051,2.29335,0.01941
2321.20000,-2.69992,2.29339,0.03082
2321.25000,-2.69666,2.29354,0.02819
2321.30000,-2.69047,2.29368,0.01071
2321.35000,-2.68222,2.29365,-0.01719
2321.40000,-2.67305,2.29335,-0.04928
2321.45000,-2.66384,2.29286,-0.07664
2321.50000,-2.65550,2.29229,-0.09391
2321.55000,-2.64848,2.29173,-0.10355
2321.60000,-2.64324,2.29132,-0.10355
2321.65000,-2.64095,2.29125,-0.08843
2321.70000,-2.64029,2.29120,-0.06490
2321.75000,-2.63960,2.29116,-0.04123
2321.80000,-2.63890,2.29113,-0.01792
2321.85000,-2.63820,2.29113,0.00525
2321.90000,-2.63755,2.29114,0.02821
2321.95000,-2.63689,2.29116,0.05070
2322.00000,-2.63622,2.29118,0.07282
2322.05000,-2.63544,2.29126,0.08165
2322.10000,-2.63198,2.29163,0.07716
2322.15000,-2.62537,2.29210,0.05794
2322.20000,-2.61740,2.29250,0.03115
2322.25000,-2.60858,2.29266,0.01112
2322.30000,-2.60172,2.29267,0.00150
2322.35000,-2.59609,2.29267,-0.00235
2322.40000,-2.59064,2.29267,-0.00511
2322.45000,-2.58519,2.29266,-0.00787
2322.50000,-2.57974,2.29266,-0.01062
2322.55000,-2.57429,2.29266,-0.01338
2322.60000,-2.56988,2.29266,-0.00928
2322.65000,-2.56827,2.29266,0.00953
2322.70000,-2.56761,2.29267,0.03358
2322.75000,-2.56699,2.29269,0.05752
2322.80000,-2.56631,2.29273,0.08128
2322.85000,-2.56566,2.29278,0.10471
2322.90000,-2.56503,2.29284,0.12782
2322.95000,-2.56441,2.29290,0.15057
2323.00000,-2.56379,2.29308,0.16039
2323.05000,-2.56029,2.29379,0.15648
2323.10000,-2.55363,2.29478,0.13710
2323.15000,-2.54526,2.29582,0.10880
2323.20000,-2.53609,2.29668,0.07714
2323.25000,-2.52706,2.29722,0.05633
2323.30000,-2.52018,2.29745,0.04603
2323.35000,-2.51579,2.29753,0.04835
2323.40000,-2.51382,2.29756,0.06301
2323.45000,-2.51328,2.29758,0.08486
2323.50000,-2.51320,2.29759,0.10533
2323.55000,-2.51312,2.29760,0.12553
2323.60000,-2.51304,2.29761,0.14546
2323.65000,-2.51294,2.29763,0.16515
2323.70000,-2.51237,2.29771,0.18671
2323.75000,-2.51177,2.29781,0.20800
2323.80000,-2.51122,2.29795,0.22372
2323.85000,-2.50996,2.29839,0.22935
2323.90000,-2.50753,2.29912,0.22875
2323.95000,-2.50291,2.30028,0.21806
2324.00000,-2.49635,2.30171,0.19981
2324.05000,-2.48782,2.30342,0.17384
2324.10000,-2.47823,2.30493,0.14164
2324.15000,-2.46910,2.30607,0.11698
2324.20000,-2.46167,2.30678,0.10208
2324.25000,-2.45688,2.30715,0.09930
2324.30000,-2.45433,2.30735,0.10854
2324.35000,-2.45353,2.30738,0.12626
2324.40000,-2.45346,2.30739,0.14417
2324.45000,-2.45339,2.30740,0.16181
2324.50000,-2.45332,2.30742,0.17919
2324.55000,-2.45325,2.30743,0.19626
2324.60000,-2.45318,2.30744,0.21309
2324.65000,-2.45312,2.30746,0.22976
2324.70000,-2.45305,2.30748,0.24624
2324.75000,-2.45298,2.30750,0.25677
2324.80000,-2.45084,2.30826,0.25585
2324.85000,-2.44615,2.30955,0.24457
2324.90000,-2.44002,2.31106,0.22720
2324.95000,-2.43207,2.31284,0.20244
2325.00000,-2.42381,2.31438,0.18333
2325.05000,-2.41783,2.31538,0.17572
2325.10000,-2.41442,2.31592,0.18216
2325.15000,-2.41366,2.31602,0.20180
2325.20000,-2.41362,2.31603,0.22566
2325.25000,-2.41358,2.31604,0.24955
2325.30000,-2.41355,2.31604,0.27312
2325.35000,-2.41351,2.31606,0.29633
2325.40000,-2.41348,2.31608,0.31355
2325.45000,-2.41309,2.31622,0.31975
2325.50000,-2.41156,2.31674,0.31964
2325.55000,-2.40875,2.31768,0.31359
2325.60000,-2.40452,2.31904,0.30138
2325.65000,-2.39875,2.32080,0.28260
2325.70000,-2.39107,2.32294,0.25586
2325.75000,-2.38260,2.32500,0.23683
2325.80000,-2.37466,2.32683,0.24204
2325.85000,-2.36843,2.32834,0.26342
2325.90000,-2.36431,2.32954,0.30408
2325.95000,-2.36227,2.33022,0.35925
2326.00000,-2.36213,2.33028,0.42476
2326.05000,-2.36208,2.33033,0.47874
2326.10000,-2.36206,2.33040,0.51528
2326.15000,-2.36215,2.33040,0.54145
2326.20000,-2.36238,2.33028,0.55761
2326.25000,-2.36268,2.33011,0.56381
2326.30000,-2.36236,2.33032,0.56219
2326.35000,-2.36085,2.33127,0.55422
2326.40000,-2.35797,2.33304,0.53943
2326.45000,-2.35321,2.33582,0.51587
2326.50000,-2.34624,2.33963,0.48256
2326.55000,-2.33738,2.34405,0.44187
2326.60000,-2.32825,2.34814,0.40111
2326.65000,-2.31922,2.35172,0.35701
2326.70000,-2.31024,2.35484,0.31550
2326.75000,-2.30164,2.35747,0.29136
2326.80000,-2.29335,2.35988,0.29405
2326.85000,-2.28636,2.36145,0.30703
2326.90000,-2.27973,2.36290,0.30510
2326.95000,-2.27351,2.36425,0.27822
2327.00000,-2.26780,2.36568,0.23569
2327.05000,-2.26107,2.36713,0.18749
2327.10000,-2.25335,2.36839,0.13615
2327.15000,-2.24494,2.36931,0.08259
2327.20000,-2.23596,2.36981,0.02772
2327.25000,-2.22658,2.36980,-0.02800
2327.30000,-2.21691,2.36926,-0.08418
2327.35000,-2.20711,2.36815,-0.14079
2327.40000,-2.19725,2.36647,-0.19715
2327.45000,-2.18750,2.36424,-0.25297
2327.50000,-2.17790,2.36147,-0.30787
2327.55000,-2.17054,2.35912,-0.36353
2327.60000,-2.16714,2.35772,-0.42663
2327.65000,-2.16556,2.35695,-0.49685
2327.70000,-2.16512,2.35669,-0.57162
2327.75000,-2.16484,2.35649,-0.64650
2327.80000,-2.16457,2.35628,-0.72072
2327.85000,-2.16432,2.35604,-0.79426
2327.90000,-2.16409,2.35579,-0.86711
2327.95000,-2.16388,2.35552,-0.93924
2328.00000,-2.16369,2.35524,-1.01064
2328.05000,-2.16352,2.35495,-1.08129
2328.10000,-2.16337,2.35465,-1.15118
2328.15000,-2.16325,2.35434,-1.22030
2328.20000,-2.16314,2.35402,-1.28863
2328.25000,-2.16306,2.35370,-1.35616
2328.30000,-2.16300,2.35337,-1.42288
2328.35000,-2.16297,2.35305,-1.48877
2328.40000,-2.16295,2.35273,-1.55382
2328.45000,-2.16296,2.35240,-1.61804
2328.50000,-2.16298,2.35208,-1.68139
2328.55000,-2.16303,2.35177,-1.74389
2328.60000,-2.16309,2.35146,-1.80550
2328.65000,-2.16317,2.35116,-1.86624
2328.70000,-2.16327,2.35086,-1.92609
2328.75000,-2.16339,2.35058,-1.98503
2328.80000,-2.16352,2.35030,-2.04308
2328.85000,-2.16366,2.35004,-2.10022
2328.90000,-2.16382,2.34978,-2.15644
2328.95000,-2.16399,2.34954,-2.21175
2329.00000,-2.16418,2.34931,-2.26613
2329.05000,-2.16437,2.34909,-2.31960
2329.10000,-2.16457,2.34888,-2.37213
2329.15000,-2.16478,2.34869,-2.42374
2329.20000,-2.16500,2.34851,-2.47441
2329.25000,-2.16523,2.34834,-2.52415
2329.30000,-2.16546,2.34818,-2.57295
2329.35000,-2.16782,2.34673,-2.61934
2329.40000,-2.17457,2.34303,-2.66001
2329.45000,-2.18281,2.33895,-2.70296
2329.50000,-2.19188,2.33494,-2.74820
2329.55000,-2.20120,2.33132,-2.79326
2329.60000,-2.21067,2.32812,-2.83789
2329.65000,-2.22027,2.32534,-2.88224
2329.70000,-2.22999,2.32299,-2.92656
2329.75000,-2.23981,2.32108,-2.97120
2329.80000,-2.24969,2.31961,-3.01671
2329.85000,-2.25924,2.31866,-3.06525
2329.90000,-2.26836,2.31822,-3.09606
2329.95000,-2.27762,2.31784,-3.10264
2330.00000,-2.28758,2.31746,-3.10391
2330.05000,-2.29756,2.31709,-3.10506
2330.10000,-2.30754,2.31673,-3.10577
2330.15000,-2.31753,2.31637,-3.10589
2330.20000,-2.32753,2.31601,-3.10554
2330.25000,-2.33755,2.31565,-3.10455
2330.30000,-2.34759,2.31527,-3.10299
2330.35000,-2.35765,2.31487,-3.10106
2330.40000,-2.36771,2.31445,-3.09836
2330.45000,-2.37733,2.31413,-3.10539
2330.50000,-2.38636,2.31392,-3.12533
2330.55000,-2.39547,2.31388,3.12555
2330.60000,-2.40387,2.31402,3.08034
2330.65000,-2.40979,2.31418,3.03215
2330.70000,-2.41525,2.31441,2.99865
2330.75000,-2.42163,2.31558,2.98448
2330.80000,-2.43081,2.31714,2.98540
2330.85000,-2.44074,2.31868,2.99027
2330.90000,-2.45068,2.32017,2.99542
2330.95000,-2.46066,2.32161,3.00065
2331.00000,-2.47060,2.32299,3.00650
2331.05000,-2.48057,2.32431,3.01291
2331.10000,-2.49054,2.32556,3.01964
2331.15000,-2.50053,2.32675,3.02719
2331.20000,-2.51058,2.32786,3.03463
2331.25000,-2.52066,2.32890,3.04299
2331.30000,-2.53060,2.32974,3.04328
2331.35000,-2.53991,2.33002,3.02497
2331.40000,-2.54689,2.32998,2.98563
2331.45000,-2.55085,2.33023,2.92688
2331.50000,-2.55316,2.33082,2.85531
2331.55000,-2.55501,2.33135,2.78993
2331.60000,-2.55703,2.33211,2.74752
2331.65000,-2.55965,2.33334,2.72589
2331.70000,-2.56651,2.33650,2.72666
2331.75000,-2.57569,2.34047,2.74009
2331.80000,-2.58504,2.34437,2.75283
2331.85000,-2.59445,2.34815,2.76556
2331.90000,-2.60401,2.35185,2.77844
2331.95000,-2.61368,2.35545,2.79114
2332.00000,-2.62341,2.35894,2.80426
2332.05000,-2.63311,2.36227,2.81750
2332.10000,-2.64291,2.36548,2.83111
2332.15000,-2.65272,2.36855,2.84491
2332.20000,-2.66261,2.37150,2.85873
2332.25000,-2.67249,2.37430,2.87255
2332.30000,-2.68229,2.37692,2.88648
2332.35000,-2.69145,2.37898,2.88963
2332.40000,-2.69937,2.38009,2.86978
2332.45000,-2.70564,2.38101,2.83005
2332.50000,-2.71050,2.38239,2.77581
2332.55000,-2.71332,2.38357,2.70704
2332.60000,-2.71514,2.38441,2.64365
2332.65000,-2.71711,2.38548,2.60396
2332.70000,-2.72090,2.38784,2.59479
2332.75000,-2.72820,2.39225,2.60500
2332.80000,-2.73691,2.39735,2.62155
2332.85000,-2.74566,2.40227,2.63770
2332.90000,-2.75445,2.40703,2.65359
2332.95000,-2.76331,2.41164,2.66943
2333.00000,-2.77231,2.41615,2.68615
2333.05000,-2.78132,2.42047,2.70257
2333.10000,-2.79039,2.42464,2.71904
2333.15000,-2.79954,2.42866,2.73589
2333.20000,-2.80874,2.43252,2.75337
2333.25000,-2.81802,2.43621,2.77137
2333.30000,-2.82708,2.43959,2.77781
2333.35000,-2.83444,2.44232,2.75846
2333.40000,-2.83839,2.44400,2.71167
2333.45000,-2.84108,2.44533,2.65003
2333.50000,-2.84257,2.44619,2.57918
2333.55000,-2.84329,2.44666,2.53212
2333.60000,-2.84436,2.44747,2.51399
2333.65000,-2.84885,2.45081,2.51523
2333.70000,-2.85568,2.45569,2.52873
2333.75000,-2.86343,2.46102,2.54959
2333.80000,-2.87135,2.46623,2.57057
2333.85000,-2.87938,2.47127,2.59124
2333.90000,-2.88750,2.47614,2.61241
2333.95000,-2.89571,2.48082,2.63426
2334.00000,-2.90402,2.48532,2.65654
2334.05000,-2.91239,2.48967,2.66560
2334.10000,-2.91891,2.49306,2.64603
2334.15000,-2.92257,2.49513,2.60020
2334.20000,-2.92498,2.49668,2.53945
2334.25000,-2.92668,2.49785,2.48565
2334.30000,-2.92860,2.49936,2.46254
2334.35000,-2.93256,2.50261,2.46438
2334.40000,-2.93861,2.50741,2.47937
2334.45000,-2.94598,2.51305,2.50067
2334.50000,-2.95391,2.51883,2.52334
2334.55000,-2.96190,2.52439,2.54784
2334.60000,-2.97006,2.52979,2.57141
2334.65000,-2.97828,2.53494,2.59470
2334.70000,-2.98603,2.53953,2.60249
2334.75000,-2.99211,2.54318,2.58294
2334.80000,-2.99587,2.54562,2.53931
2334.85000,-2.99911,2.54799,2.48316
2334.90000,-3.00311,2.55128,2.42383
2334.95000,-3.00717,2.55484,2.37391
2335.00000,-3.01143,2.55868,2.35368
2335.05000,-3.01603,2.56309,2.36055
2335.10000,-3.02190,2.56882,2.37901
2335.15000,-3.02869,2.57515,2.40476
2335.20000,-3.03564,2.58127,2.43405
2335.25000,-3.04252,2.58697,2.46711
2335.30000,-3.04880,2.59182,2.50417
2335.35000,-3.05389,2.59548,2.53167
2335.40000,-3.05876,2.59887,2.53457
2335.45000,-3.06342,2.60205,2.51214
2335.50000,-3.06728,2.60497,2.46937
2335.55000,-3.07068,2.60784,2.41462
2335.60000,-3.07468,2.61161,2.35626
2335.65000,-3.07807,2.61522,2.29065
2335.70000,-3.08092,2.61852,2.23397
2335.75000,-3.08409,2.62224,2.21231
2335.80000,-3.08753,2.62631,2.21588
2335.85000,-3.09184,2.63186,2.23586
2335.90000,-3.09742,2.63877,2.26500
2335.95000,-3.10385,2.64624,2.29955
2336.00000,-3.11064,2.65356,2.33661
2336.05000,-3.11766,2.66059,2.37633
2336.10000,-3.12500,2.66736,2.41755
2336.15000,-3.13261,2.67380,2.46064
2336.20000,-3.14055,2.67998,2.50633
2336.25000,-3.14873,2.68573,2.55119
2336.30000,-3.15725,2.69120,2.59713
2336.35000,-3.16593,2.69620,2.64195
2336.40000,-3.17486,2.70085,2.68765
2336.45000,-3.18393,2.70503,2.73335
2336.50000,-3.19319,2.70879,2.77729
2336.55000,-3.20255,2.71212,2.82333
2336.60000,-3.21211,2.71502,2.87030
2336.65000,-3.22180,2.71747,2.91713
2336.70000,-3.23160,2.71947,2.96420
2336.75000,-3.24145,2.72099,3.01264
2336.80000,-3.25136,2.72203,3.06292
2336.85000,-3.26094,2.72253,3.11629
2336.90000,-3.27014,2.72251,-3.11002
2336.95000,-3.27865,2.72198,-3.04917
2337.00000,-3.28647,2.72101,-2.98484
2337.05000,-3.29434,2.71950,-2.92014
2337.10000,-3.30227,2.71744,-2.85559
2337.15000,-3.31017,2.71484,-2.79111
2337.20000,-3.31800,2.71169,-2.72681
2337.25000,-3.32574,2.70798,-2.66284
2337.30000,-3.33334,2.70372,-2.59924
2337.35000,-3.34075,2.69893,-2.53596
2337.40000,-3.34792,2.69362,-2.47303
2337.45000,-3.35485,2.68778,-2.41058
2337.50000,-3.36149,2.68145,-2.34854
2337.55000,-3.36780,2.67463,-2.28691
2337.60000,-3.37378,2.66733,-2.22583
2337.65000,-3.37935,2.65960,-2.16511
2337.70000,-3.38452,2.65142,-2.10498
2337.75000,-3.38925,2.64285,-2.04524
2337.80000,-3.39351,2.63392,-1.98592
2337.85000,-3.39727,2.62466,-1.92746
2337.90000,-3.39979,2.61694,-1.87023
2337.95000,-3.40064,2.61366,-1.80905
2338.00000,-3.40087,2.61260,-1.73994
2338.05000,-3.40090,2.61235,-1.66801
2338.10000,-3.40092,2.61210,-1.59679
2338.15000,-3.40091,2.61185,-1.52636
2338.20000,-3.40089,2.61160,-1.45674
2338.25000,-3.40086,2.61135,-1.38794
2338.30000,-3.40080,2.61110,-1.31998
2338.35000,-3.40073,2.61086,-1.25286
2338.40000,-3.40065,2.61063,-1.18661
2338.45000,-3.40054,2.61040,-1.12123
2338.50000,-3.40043,2.61018,-1.05674
2338.55000,-3.40030,2.60996,-0.99314
2338.60000,-3.40015,2.60976,-0.93043
2338.65000,-3.40000,2.60956,-0.86864
2338.70000,-3.39983,2.60937,-0.80777
2338.75000,-3.39965,2.60920,-0.74782
2338.80000,-3.39946,2.60903,-0.68880
2338.85000,-3.39927,2.60888,-0.63072
2338.90000,-3.39906,2.60874,-0.57358
2338.95000,-3.39884,2.60861,-0.51739
2339.00000,-3.39862,2.60849,-0.46216
2339.05000,-3.39840,2.60838,-0.40788
2339.10000,-3.39816,2.60829,-0.35456
2339.15000,-3.39792,2.60823,-0.31223
2339.20000,-3.39561,2.60740,-0.29059
2339.25000,-3.38947,2.60554,-0.28610
2339.30000,-3.38121,2.60305,-0.29324
2339.35000,-3.37196,2.60019,-0.30588
2339.40000,-3.36275,2.59722,-0.31876
2339.45000,-3.35359,2.59413,-0.33229
2339.50000,-3.34449,2.59092,-0.34610
2339.55000,-3.33544,2.58758,-0.36021
2339.60000,-3.32644,2.58412,-0.37438
2339.65000,-3.31750,2.58053,-0.38932
2339.70000,-3.30863,2.57681,-0.40425
2339.75000,-3.29981,2.57296,-0.41944
2339.80000,-3.29106,2.56898,-0.43486
2339.85000,-3.28239,2.56487,-0.45080
2339.90000,-3.27378,2.56061,-0.46668
2339.95000,-3.26525,2.55623,-0.48299
2340.00000,-3.25680,2.55171,-0.49921
2340.05000,-3.24842,2.54705,-0.51611
2340.10000,-3.24012,2.54225,-0.53299
2340.15000,-3.23190,2.53730,-0.55003
2340.20000,-3.22376,2.53221,-0.56720
2340.25000,-3.21574,2.52701,-0.58466
2340.30000,-3.20780,2.52166,-0.60205
2340.35000,-3.19996,2.51617,-0.61982
2340.40000,-3.19234,2.51072,-0.62683
2340.45000,-3.18563,2.50594,-0.61911
2340.50000,-3.18183,2.50334,-0.59218
2340.55000,-3.18034,2.50240,-0.55087
2340.60000,-3.17920,2.50174,-0.50757
2340.65000,-3.17836,2.50140,-0.48070
2340.70000,-3.17532,2.49979,-0.47107
2340.75000,-3.16989,2.49700,-0.47498
2340.80000,-3.16220,2.49294,-0.49210
2340.85000,-3.15387,2.48837,-0.51334
2340.90000,-3.14558,2.48358,-0.53450
2340.95000,-3.13746,2.47866,-0.55558
2341.00000,-3.12938,2.47367,-0.56536
2341.05000,-3.12244,2.46938,-0.56119
2341.10000,-3.11927,2.46758,-0.53655
2341.15000,-3.11864,2.46722,-0.49895
2341.20000,-3.11785,2.46679,-0.46134
2341.25000,-3.11712,2.46645,-0.42418
2341.30000,-3.11631,2.46615,-0.39976
2341.35000,-3.11340,2.46487,-0.39325
2341.40000,-3.10750,2.46232,-0.40185
2341.45000,-3.09943,2.45877,-0.42281
2341.50000,-3.09085,2.45477,-0.44709
2341.55000,-3.08241,2.45059,-0.47097
2341.60000,-3.07408,2.44622,-0.49502
2341.65000,-3.06583,2.44175,-0.50728
2341.70000,-3.05967,2.43845,-0.50230
2341.75000,-3.05683,2.43713,-0.48099
2341.80000,-3.05625,2.43698,-0.44945
2341.85000,-3.05597,2.43683,-0.41783
2341.90000,-3.05579,2.43676,-0.38690
2341.95000,-3.05529,2.43653,-0.35523
2342.00000,-3.05465,2.43631,-0.33719
2342.05000,-3.05139,2.43512,-0.33477
2342.10000,-3.04486,2.43277,-0.34845
2342.15000,-3.03663,2.42966,-0.37159
2342.20000,-3.02792,2.42612,-0.39800
2342.25000,-3.01936,2.42237,-0.42448
2342.30000,-3.01098,2.41857,-0.43818
2342.35000,-3.00454,2.41563,-0.43718
2342.40000,-3.00080,2.41404,-0.42345
2342.45000,-2.99998,2.41375,-0.39509
2342.50000,-2.99943,2.41354,-0.36512
2342.55000,-2.99919,2.41345,-0.33701
2342.60000,-2.99892,2.41337,-0.30907
2342.65000,-2.99845,2.41324,-0.29282
2342.70000,-2.99544,2.41227,-0.29092
2342.75000,-2.98899,2.41021,-0.30541
2342.80000,-2.98074,2.40748,-0.32981
2342.85000,-2.97197,2.40433,-0.35800
2342.90000,-2.96332,2.40093,-0.38656
2342.95000,-2.95493,2.39752,-0.40146
2343.00000,-2.94931,2.39524,-0.39902
2343.05000,-2.94725,2.39449,-0.38095
2343.10000,-2.94646,2.39423,-0.35761
2343.15000,-2.94626,2.39415,-0.33207
2343.20000,-2.94588,2.39402,-0.30606
2343.25000,-2.94502,2.39375,-0.27831
2343.30000,-2.94415,2.39350,-0.25088
2343.35000,-2.94321,2.39323,-0.23942
2343.40000,-2.93971,2.39232,-0.24158
2343.45000,-2.93327,2.39064,-0.25831
2343.50000,-2.92513,2.38837,-0.28499
2343.55000,-2.91628,2.38562,-0.31527
2343.60000,-2.90746,2.38279,-0.33862
2343.65000,-2.90060,2.38052,-0.34417
2343.70000,-2.89745,2.37955,-0.33142
2343.75000,-2.89669,2.37936,-0.30718
2343.80000,-2.89611,2.37919,-0.28141
2343.85000,-2.89549,2.37902,-0.25571
2343.90000,-2.89490,2.37887,-0.23044
2343.95000,-2.89408,2.37867,-0.20439
2344.00000,-2.89326,2.37849,-0.19282
2344.05000,-2.88982,2.37771,-0.19590
2344.10000,-2.88357,2.37633,-0.21286
2344.15000,-2.87544,2.37445,-0.24003
2344.20000,-2.86654,2.37212,-0.27151
2344.25000,-2.85760,2.36958,-0.29615
2344.30000,-2.84987,2.36725,-0.30652
2344.35000,-2.84494,2.36582,-0.30128
2344.40000,-2.84131,2.36478,-0.28892
2344.45000,-2.83968,2.36436,-0.26521
2344.50000,-2.83883,2.36415,-0.23728
2344.55000,-2.83797,2.36395,-0.20956
2344.60000,-2.83712,2.36378,-0.18205
2344.65000,-2.83626,2.36364,-0.15498
2344.70000,-2.83547,2.36352,-0.12816
2344.75000,-2.83492,2.36341,-0.11419
2344.80000,-2.83175,2.36290,-0.11658
2344.85000,-2.82540,2.36209,-0.13458
2344.90000,-2.81728,2.36087,-0.16217
2344.95000,-2.80825,2.35925,-0.19417
2345.00000,-2.79920,2.35744,-0.22101
2345.05000,-2.79080,2.35563,-0.23360
2345.10000,-2.78515,2.35451,-0.22887
2345.15000,-2.78204,2.35389,-0.20938
2345.20000,-2.77968,2.35342,-0.18496
2345.25000,-2.77808,2.35316,-0.15636
2345.30000,-2.77710,2.35301,-0.12454
2345.35000,-2.77614,2.35291,-0.09255
2345.40000,-2.77517,2.35283,-0.06073
2345.45000,-2.77461,2.35280,-0.04142
2345.50000,-2.77342,2.35269,-0.03445
2345.55000,-2.77051,2.35251,-0.03651
2345.60000,-2.76500,2.35217,-0.05202
2345.65000,-2.75674,2.35159,-0.08150
2345.70000,-2.74762,2.35069,-0.11517
2345.75000,-2.73851,2.34961,-0.14368
2345.80000,-2.72927,2.34840,-0.16343
2345.85000,-2.72097,2.34720,-0.16372
2345.90000,-2.71471,2.34629,-0.14927
2345.95000,-2.70900,2.34549,-0.12921
2346.00000,-2.70368,2.34486,-0.10436
2346.05000,-2.69970,2.34456,-0.07408
2346.10000,-2.69826,2.34448,-0.03476
2346.15000,-2.69811,2.34448,0.01056
2346.20000,-2.69798,2.34449,0.05614
2346.25000,-2.69787,2.34450,0.09362
2346.30000,-2.69777,2.34459,0.11251
2346.35000,-2.69590,2.34496,0.11514
2346.40000,-2.69043,2.34568,0.09899
2346.45000,-2.68224,2.34637,0.06918
2346.50000,-2.67312,2.34685,0.03546
2346.55000,-2.66396,2.34702,0.00236
2346.60000,-2.65478,2.34689,-0.03059
2346.65000,-2.64553,2.34652,-0.05671
2346.70000,-2.63593,2.34589,-0.06688
2346.75000,-2.62689,2.34549,-0.04692
2346.80000,-2.62169,2.34540,-0.00416
2346.85000,-2.61988,2.34542,0.05076
2346.90000,-2.61963,2.34544,0.11251
2346.95000,-2.61939,2.34547,0.17427
2347.00000,-2.61916,2.34554,0.22585
2347.05000,-2.61903,2.34556,0.25562
2347.10000,-2.61901,2.34561,0.26713
2347.15000,-2.61819,2.34588,0.27131
2347.20000,-2.61603,2.34649,0.26965
2347.25000,-2.61271,2.34741,0.26237
2347.30000,-2.60803,2.34866,0.24932
2347.35000,-2.60167,2.35023,0.22891
2347.40000,-2.59317,2.35215,0.19987
2347.45000,-2.58341,2.35394,0.16578
2347.50000,-2.57353,2.35543,0.13219
2347.55000,-2.56359,2.35658,0.09922
2347.60000,-2.55363,2.35741,0.06620
2347.65000,-2.54517,2.35788,0.05318
2347.70000,-2.53936,2.35823,0.07261
2347.75000,-2.53533,2.35859,0.11475
2347.80000,-2.53329,2.35888,0.17028
2347.85000,-2.53272,2.35899,0.23190
2347.90000,-2.53223,2.35913,0.28287
2347.95000,-2.53177,2.35926,0.31958
2348.00000,-2.53143,2.35931,0.34607
2348.05000,-2.53122,2.35924,0.36260
2348.10000,-2.53107,2.35916,0.36908
2348.15000,-2.52981,2.35969,0.36505
2348.20000,-2.52709,2.36073,0.35453
2348.25000,-2.52292,2.36225,0.33748
2348.30000,-2.51682,2.36432,0.31244
2348.35000,-2.50850,2.36689,0.27829
2348.40000,-2.49884,2.36945,0.23934
2348.45000,-2.48908,2.37163,0.20067
2348.50000,-2.47925,2.37343,0.16260
2348.55000,-2.46935,2.37486,0.12430
2348.60000,-2.46086,2.37580,0.10569
2348.65000,-2.45321,2.37651,0.11193
2348.70000,-2.44700,2.37720,0.14153
2348.75000,-2.44304,2.37784,0.18515
2348.80000,-2.44148,2.37816,0.23891
2348.85000,-2.44074,2.37837,0.29613
2348.90000,-2.44002,2.37861,0.35308
2348.95000,-2.43933,2.37888,0.39931
2349.00000,-2.43857,2.37926,0.43124
2349.05000,-2.43771,2.37975,0.45424
2349.10000,-2.43677,2.38037,0.46821
2349.15000,-2.43531,2.38130,0.46463
2349.20000,-2.43089,2.38349,0.44304
2349.25000,-2.42489,2.38625,0.41520
2349.30000,-2.41711,2.38954,0.38047
2349.35000,-2.40829,2.39284,0.33805
2349.40000,-2.39883,2.39596,0.29798
2349.45000,-2.38926,2.39868,0.25605
2349.50000,-2.37954,2.40102,0.21627
2349.55000,-2.37023,2.40283,0.18985
2349.60000,-2.36346,2.40390,0.17451
2349.65000,-2.35781,2.40471,0.14111
2349.70000,-2.35250,2.40535,0.11010
2349.75000,-2.34872,2.40567,0.08978
2349.80000,-2.34494,2.40594,0.05490
2349.85000,-2.33997,2.40607,0.02799
2349.90000,-2.33646,2.40613,0.01071
2349.95000,-2.33293,2.40610,-0.02253
2350.00000,-2.32739,2.40586,-0.06330
2350.05000,-2.32049,2.40526,-0.10919
2350.10000,-2.31320,2.40455,-0.15110
2350.15000,-2.30580,2.40369,-0.17719
2350.20000,-2.29967,2.40281,-0.18775
2350.25000,-2.29693,2.40232,-0.18903
2350.30000,-2.29441,2.40187,-0.17116
2350.35000,-2.29185,2.40137,-0.13597
2350.40000,-2.28996,2.40125,-0.09818
2350.45000,-2.28883,2.40119,-0.07436
2350.50000,-2.28808,2.40116,-0.05130
2350.55000,-2.28777,2.40121,-0.05130
2350.60000,-2.28705,2.40103,-0.07387
2350.65000,-2.28373,2.40064,-0.11088
2350.70000,-2.27781,2.39986,-0.15442
2350.75000,-2.27193,2.39889,-0.19051
2350.80000,-2.26662,2.39796,-0.21585
2350.85000,-2.26204,2.39687,-0.25184
2350.90000,-2.25634,2.39527,-0.29540
2350.95000,-2.24916,2.39290,-0.34176
2351.00000,-2.24199,2.39047,-0.38106
2351.05000,-2.23466,2.38783,-0.40233
2351.10000,-2.22678,2.38457,-0.39543
2351.15000,-2.21890,2.38129,-0.37164
2351.20000,-2.21282,2.37903,-0.33431
2351.25000,-2.20923,2.37787,-0.28520
2351.30000,-2.20772,2.37747,-0.22671
2351.35000,-2.20634,2.37719,-0.16731
2351.40000,-2.20494,2.37700,-0.10805
2351.45000,-2.20363,2.37690,-0.05842
2351.50000,-2.20298,2.37703,-0.03230
2351.55000,-2.20283,2.37697,-0.02712
2351.60000,-2.20294,2.37692,-0.03998
2351.65000,-2.20073,2.37671,-0.06731
2351.70000,-2.19563,2.37619,-0.10900
2351.75000,-2.18901,2.37530,-0.15830
2351.80000,-2.18163,2.37392,-0.21103
2351.85000,-2.17374,2.37200,-0.26607
2351.90000,-2.16557,2.36952,-0.32253
2351.95000,-2.15750,2.36657,-0.37866
2352.00000,-2.14956,2.36343,-0.42796
2352.05000,-2.14239,2.36069,-0.46551
2352.10000,-2.13855,2.35881,-0.49307
2352.15000,-2.13434,2.35645,-0.49832
2352.20000,-2.12936,2.35368,-0.47675
2352.25000,-2.12442,2.35116,-0.43877
2352.30000,-2.12079,2.34956,-0.38435
2352.35000,-2.11846,2.34871,-0.32196
2352.40000,-2.11605,2.34798,-0.25950
2352.45000,-2.11373,2.34748,-0.20724
2352.50000,-2.11233,2.34795,-0.17914
2352.55000,-2.11163,2.34834,-0.17530
2352.60000,-2.11007,2.34795,-0.19405
2352.65000,-2.10509,2.34683,-0.23083
2352.70000,-2.09869,2.34517,-0.27496
2352.75000,-2.09136,2.34291,-0.32320
2352.80000,-2.08357,2.34008,-0.37485
2352.85000,-2.07566,2.33697,-0.42100
2352.90000,-2.06757,2.33365,-0.44955
2352.95000,-2.05890,2.32965,-0.45004
2353.00000,-2.04995,2.32535,-0.43902
2353.05000,-2.04079,2.32082,-0.41803
2353.10000,-2.03184,2.31695,-0.38020
2353.15000,-2.02491,2.31437,-0.32979
2353.20000,-2.02037,2.31295,-0.26796
2353.25000,-2.01643,2.31201,-0.20282
2353.30000,-2.01240,2.31131,-0.13797
2353.35000,-2.00850,2.31092,-0.08308
2353.40000,-2.00534,2.31111,-0.05409
2353.45000,-2.00273,2.31111,-0.04701
2353.50000,-2.00016,2.31093,-0.06086
2353.55000,-1.99559,2.31050,-0.08858
2353.60000,-1.98768,2.30964,-0.12677
2353.65000,-1.97875,2.30831,-0.16935
2353.70000,-1.96905,2.30642,-0.21417
2353.75000,-1.95934,2.30435,-0.25244
2353.80000,-1.94942,2.30202,-0.27294
2353.85000,-1.93922,2.29938,-0.27845
2353.90000,-1.92904,2.29675,-0.28320
2353.95000,-1.91887,2.29414,-0.28681
2354.00000,-1.90872,2.29153,-0.28879
2354.05000,-1.89856,2.28891,-0.28681
2354.10000,-1.88838,2.28623,-0.27218
2354.15000,-1.87810,2.28342,-0.24266
2354.20000,-1.86831,2.28119,-0.19725
2354.25000,-1.86064,2.27987,-0.13937
2354.30000,-1.85479,2.27924,-0.07159
2354.35000,-1.84883,2.27903,-0.00206
2354.40000,-1.84279,2.27922,0.06754
2354.45000,-1.83690,2.27954,0.12804
2354.50000,-1.83116,2.27972,0.17783
2354.55000,-1.82553,2.27981,0.22111
2354.60000,-1.82017,2.27967,0.24272
2354.65000,-1.81499,2.27937,0.25602
2354.70000,-1.80990,2.27899,0.26858
2354.75000,-1.80488,2.27854,0.28046
2354.80000,-1.79989,2.27807,0.28978
2354.85000,-1.79488,2.27762,0.29226
2354.90000,-1.78993,2.27715,0.28670
2354.95000,-1.78497,2.27677,0.26546
2355.00000,-1.78016,2.27744,0.22664
2355.05000,-1.77434,2.27867,0.17191
2355.10000,-1.76740,2.27966,0.11299
2355.15000,-1.76003,2.28027,0.05219
2355.20000,-1.75227,2.28043,-0.00966
2355.25000,-1.74424,2.28010,-0.07216
2355.30000,-1.73652,2.27930,-0.13685
2355.35000,-1.72871,2.27796,-0.20177
2355.40000,-1.72089,2.27609,-0.26684
2355.45000,-1.71308,2.27368,-0.33186
2355.50000,-1.70539,2.27075,-0.39691
2355.55000,-1.69911,2.26787,-0.46712
2355.60000,-1.69446,2.26530,-0.54352
2355.65000,-1.68992,2.26232,-0.61974
2355.70000,-1.68551,2.25891,-0.69553
2355.75000,-1.68125,2.25507,-0.77090
2355.80000,-1.67721,2.25084,-0.84585
2355.85000,-1.67351,2.24634,-0.91990
2355.90000,-1.67017,2.24160,-0.99306
2355.95000,-1.66722,2.23669,-1.06534
2356.00000,-1.66466,2.23166,-1.13676
2356.05000,-1.66251,2.22655,-1.20732
2356.10000,-1.66075,2.22141,-1.27705
2356.15000,-1.65940,2.21630,-1.34594
2356.20000,-1.65842,2.21125,-1.41398
2356.25000,-1.65781,2.20630,-1.48117
2356.30000,-1.65754,2.20150,-1.54750
2356.35000,-1.65758,2.19686,-1.61295
2356.40000,-1.65791,2.19240,-1.67752
2356.45000,-1.65850,2.18816,-1.74117
2356.50000,-1.65933,2.18412,-1.80390
2356.55000,-1.66035,2.18032,-1.86567
2356.60000,-1.66154,2.17680,-1.92661
2356.65000,-1.66284,2.17361,-1.98686
2356.70000,-1.66422,2.17071,-2.04632
2356.75000,-1.66539,2.16860,-2.10708
2356.80000,-1.66685,2.16630,-2.16508
2356.85000,-1.66831,2.16426,-2.22227
2356.90000,-1.66976,2.16247,-2.27869
2356.95000,-1.67119,2.16089,-2.33420
2357.00000,-1.67263,2.15947,-2.38867
2357.05000,-1.67404,2.15821,-2.44215
2357.10000,-1.67539,2.15713,-2.49479
2357.15000,-1.67668,2.15621,-2.54660
2357.20000,-1.67791,2.15542,-2.59758
2357.25000,-1.67907,2.15476,-2.64773
2357.30000,-1.68015,2.15421,-2.69705
2357.35000,-1.68117,2.15376,-2.74555
2357.40000,-1.68445,2.15245,-2.79131
2357.45000,-1.69127,2.15013,-2.83473
2357.50000,-1.69938,2.14777,-2.88090
2357.55000,-1.70823,2.14564,-2.92935
2357.60000,-1.71805,2.14376,-2.97569
2357.65000,-1.72794,2.14234,-3.02250
2357.70000,-1.73789,2.14139,-3.07003
2357.75000,-1.74787,2.14092,-3.11838
2357.80000,-1.75750,2.14077,3.11706
2357.85000,-1.76095,2.14078,3.06935
2357.90000,-1.76128,2.14080,3.01788
2357.95000,-1.76157,2.14085,2.96571
2358.00000,-1.76186,2.14091,2.91326
2358.05000,-1.76213,2.14098,2.86056
2358.10000,-1.76240,2.14106,2.80764
2358.15000,-1.76265,2.14116,2.75457
2358.20000,-1.76290,2.14126,2.70141
2358.25000,-1.76313,2.14138,2.64822
2358.30000,-1.76336,2.14151,2.59507
2358.35000,-1.76357,2.14165,2.54203
2358.40000,-1.76378,2.14180,2.48917
2358.45000,-1.76398,2.14196,2.43655
2358.50000,-1.76417,2.14213,2.38424
2358.55000,-1.76593,2.14395,2.33425
2358.60000,-1.77091,2.14940,2.29056
2358.65000,-1.77649,2.15606,2.24440
2358.70000,-1.78213,2.16350,2.19550
2358.75000,-1.78692,2.17035,2.16374
2358.80000,-1.79146,2.17712,2.16041
2358.85000,-1.79680,2.18503,2.17108
2358.90000,-1.80234,2.19303,2.18415
2358.95000,-1.80796,2.20089,2.19764
2359.00000,-1.81367,2.20866,2.21180
2359.05000,-1.81949,2.21634,2.22642
2359.10000,-1.82541,2.22392,2.24146
2359.15000,-1.83158,2.23160,2.25692
2359.20000,-1.83772,2.23898,2.27298
2359.25000,-1.84397,2.24625,2.28946
2359.30000,-1.85034,2.25340,2.30630
2359.35000,-1.85682,2.26044,2.32352
2359.40000,-1.86342,2.26736,2.34109
2359.45000,-1.87013,2.27415,2.35926
2359.50000,-1.87696,2.28082,2.37748
2359.55000,-1.88390,2.28735,2.39605
2359.60000,-1.89096,2.29375,2.41491
2359.65000,-1.89836,2.30020,2.43270
2359.70000,-1.90596,2.30659,2.45443
2359.75000,-1.91376,2.31285,2.47966
2359.80000,-1.92173,2.31889,2.50533
2359.85000,-1.92985,2.32473,2.53126
2359.90000,-1.93812,2.33035,2.55763
2359.95000,-1.94653,2.33575,2.58452
2360.00000,-1.95512,2.34095,2.61478
2360.05000,-1.96384,2.34586,2.64185
2360.10000,-1.97272,2.35058,2.67137
2360.15000,-1.98186,2.35503,2.70487
2360.20000,-1.99083,2.35904,2.74263
2360.25000,-2.00048,2.36291,2.78466
2360.30000,-2.00998,2.36624,2.82528
2360.35000,-2.01955,2.36916,2.86536
2360.40000,-2.02922,2.37169,2.90529
2360.45000,-2.03899,2.37384,2.94502
2360.50000,-2.04883,2.37560,2.98455
2360.55000,-2.05873,2.37697,3.02381
2360.60000,-2.06868,2.37795,3.06281
2360.65000,-2.07867,2.37854,3.10154
2360.70000,-2.08866,2.37875,3.13997
2360.75000,-2.09866,2.37858,-3.10513
2360.80000,-2.10864,2.37802,-3.06722
2360.85000,-2.11860,2.37709,-3.02948
2360.90000,-2.12851,2.37579,-2.99216
2360.95000,-2.13837,2.37411,-2.95505
2361.00000,-2.14816,2.37208,-2.91838
2361.05000,-2.15787,2.36969,-2.88215
2361.10000,-2.16749,2.36695,-2.84598
2361.15000,-2.17694,2.36414,-2.81598
2361.20000,-2.18620,2.36149,-2.79885
2361.25000,-2.19531,2.35896,-2.79039
2361.30000,-2.20442,2.35644,-2.78329
2361.35000,-2.21352,2.35392,-2.77801
2361.40000,-2.22261,2.35139,-2.77521
2361.45000,-2.23171,2.34885,-2.77743
2361.50000,-2.24081,2.34627,-2.79432
2361.55000,-2.24959,2.34367,-2.83215
2361.60000,-2.25599,2.34179,-2.88488
2361.65000,-2.25949,2.34097,-2.95005
2361.70000,-2.26022,2.34084,-3.02646
2361.75000,-2.26037,2.34083,-3.10480
2361.80000,-2.26053,2.34084,3.10946
2361.85000,-2.26067,2.34084,3.05602
2361.90000,-2.26092,2.34097,3.01743
2361.95000,-2.26137,2.34135,2.99528
2362.00000,-2.26342,2.34220,2.99414
2362.05000,-2.26732,2.34327,3.00145
2362.10000,-2.27327,2.34444,3.01732
2362.15000,-2.28140,2.34563,3.04190
2362.20000,-2.29134,2.34647,3.07368
2362.25000,-2.30053,2.34694,3.10824
2362.30000,-2.30967,2.34709,-3.14061
2362.35000,-2.31882,2.34692,-3.10658
2362.40000,-2.32796,2.34645,-3.07284
2362.45000,-2.33709,2.34566,-3.03939
2362.50000,-2.34627,2.34467,-3.01244
2362.55000,-2.35551,2.34357,-3.00236
2362.60000,-2.36469,2.34249,-3.01292
2362.65000,-2.37317,2.34164,-3.04506
2362.70000,-2.38011,2.34112,-3.09160
2362.75000,-2.38487,2.34100,3.13519
2362.80000,-2.38724,2.34103,3.06917
2362.85000,-2.38802,2.34106,3.00664
2362.90000,-2.38885,2.34121,2.96507
2362.95000,-2.39073,2.34179,2.95863
2363.00000,-2.39600,2.34293,2.97116
2363.05000,-2.40280,2.34406,2.99282
2363.10000,-2.41110,2.34522,3.02151
2363.15000,-2.42070,2.34623,3.05259
2363.20000,-2.42987,2.34691,3.08467
2363.25000,-2.43906,2.34728,3.11658
2363.30000,-2.44827,2.34737,-3.13502
2363.35000,-2.45726,2.34724,-3.11815
2363.40000,-2.46600,2.34714,-3.12216
2363.45000,-2.47439,2.34711,3.13795
2363.50000,-2.48071,2.34715,3.09501
2363.55000,-2.48378,2.34730,3.03353
2363.60000,-2.48467,2.34742,2.96294
2363.65000,-2.48492,2.34748,2.90024
2363.70000,-2.48536,2.34780,2.86161
2363.75000,-2.48682,2.34867,2.85351
2363.80000,-2.49198,2.35029,2.86755
2363.85000,-2.49877,2.35212,2.89029
2363.90000,-2.50748,2.35421,2.92210
2363.95000,-2.51647,2.35606,2.95490
2364.00000,-2.52553,2.35763,2.98714
2364.05000,-2.53464,2.35890,3.01901
2364.10000,-2.54379,2.35987,3.05116
2364.15000,-2.55264,2.36048,3.07096
2364.20000,-2.56084,2.36064,3.06960
2364.25000,-2.56800,2.36065,3.04398
2364.30000,-2.57285,2.36097,2.99591
2364.35000,-2.57588,2.36146,2.93574
2364.40000,-2.57653,2.36161,2.86603
2364.45000,-2.57671,2.36168,2.80557
2364.50000,-2.57695,2.36187,2.76434
2364.55000,-2.57744,2.36236,2.73996
2364.60000,-2.57805,2.36298,2.72556
2364.65000,-2.57886,2.36376,2.71978
2364.70000,-2.58078,2.36489,2.72111
2364.75000,-2.58550,2.36711,2.73511
2364.80000,-2.59296,2.37024,2.76114
2364.85000,-2.60216,2.37376,2.79380
2364.90000,-2.61162,2.37701,2.82667
2364.95000,-2.62118,2.37995,2.85913
2365.00000,-2.63082,2.38258,2.89128
2365.05000,-2.64055,2.38491,2.92320
2365.10000,-2.65034,2.38692,2.95564
2365.15000,-2.65960,2.38836,2.97445
2365.20000,-2.66771,2.38871,2.97007
2365.25000,-2.67454,2.38861,2.94196
2365.30000,-2.67899,2.38891,2.89419
2365.35000,-2.68107,2.38944,2.83546
2365.40000,-2.68130,2.38952,2.76916
2365.45000,-2.68149,2.38962,2.71354
2365.50000,-2.68182,2.38991,2.67126
2365.55000,-2.68225,2.39032,2.63977
2365.60000,-2.68275,2.39083,2.61910
2365.65000,-2.68336,2.39148,2.60874
2365.70000,-2.68425,2.39234,2.60776
2365.75000,-2.68769,2.39447,2.62098
2365.80000,-2.69498,2.39854,2.65166
2365.85000,-2.70381,2.40305,2.68850
2365.90000,-2.71288,2.40726,2.72505
2365.95000,-2.72209,2.41114,2.76101
2366.00000,-2.73144,2.41469,2.79651
2366.05000,-2.74091,2.41790,2.83206
2366.10000,-2.75048,2.42078,2.86815
2366.15000,-2.75857,2.42295,2.88339
2366.20000,-2.76419,2.42447,2.86577
2366.25000,-2.76803,2.42563,2.82499
2366.30000,-2.76981,2.42626,2.77103
2366.35000,-2.77009,2.42637,2.71064
2366.40000,-2.77027,2.42646,2.64997
2366.45000,-2.77044,2.42658,2.60105
2366.50000,-2.77060,2.42674,2.56874
2366.55000,-2.77094,2.42712,2.54980
2366.60000,-2.77134,2.42757,2.53985
2366.65000,-2.77178,2.42803,2.53911
2366.70000,-2.77316,2.42898,2.54528
2366.75000,-2.77583,2.43077,2.55802
2366.80000,-2.78027,2.43365,2.57954
2366.85000,-2.78688,2.43768,2.61066
2366.90000,-2.79545,2.44249,2.64980
2366.95000,-2.80436,2.44704,2.68927
2367.00000,-2.81343,2.45124,2.72826
2367.05000,-2.82267,2.45507,2.76761
2367.10000,-2.83175,2.45844,2.79164
2367.15000,-2.83979,2.46105,2.78769
2367.20000,-2.84630,2.46346,2.76134
2367.25000,-2.85069,2.46529,2.72284
2367.30000,-2.85241,2.46610,2.67257
2367.35000,-2.85259,2.46620,2.61543
2367.40000,-2.85276,2.46632,2.56980
2367.45000,-2.85285,2.46643,2.54477
2367.50000,-2.85302,2.46661,2.54014
2367.55000,-2.85401,2.46729,2.54507
2367.60000,-2.85597,2.46861,2.55599
2367.65000,-2.85923,2.47073,2.57500
2367.70000,-2.86407,2.47373,2.60280
2367.75000,-2.87061,2.47749,2.64009
2367.80000,-2.87847,2.48158,2.68400
2367.85000,-2.88654,2.48533,2.72802
2367.90000,-2.89478,2.48893,2.75803
2367.95000,-2.90291,2.49234,2.76494
2368.00000,-2.91029,2.49522,2.74736
2368.05000,-2.91472,2.49709,2.70972
2368.10000,-2.91619,2.49780,2.65882
2368.15000,-2.91638,2.49790,2.60205
2368.20000,-2.91655,2.49801,2.54537
2368.25000,-2.91670,2.49813,2.49854
2368.30000,-2.91683,2.49830,2.47176
2368.35000,-2.91758,2.49898,2.47131
2368.40000,-2.92150,2.50210,2.49092
2368.45000,-2.92724,2.50640,2.52180
2368.50000,-2.93400,2.51103,2.56017
2368.55000,-2.94176,2.51593,2.60095
2368.60000,-2.94953,2.52037,2.64302
2368.65000,-2.95733,2.52453,2.67160
2368.70000,-2.96476,2.52823,2.67533
2368.75000,-2.97109,2.53136,2.65320
2368.80000,-2.97373,2.53281,2.60824
2368.85000,-2.97417,2.53308,2.55273
2368.90000,-2.97435,2.53320,2.49599
2368.95000,-2.97450,2.53334,2.44933
2369.00000,-2.97494,2.53384,2.42838
2369.05000,-2.97710,2.53578,2.43753
2369.10000,-2.98118,2.53917,2.46052
2369.15000,-2.98678,2.54358,2.49218
2369.20000,-2.99369,2.54861,2.53078
2369.25000,-3.00114,2.55361,2.57171
2369.30000,-3.00860,2.55830,2.60066
2369.35000,-3.01567,2.56254,2.60432
2369.40000,-3.02247,2.56648,2.58734
2369.45000,-3.02696,2.56934,2.54489
2369.50000,-3.03168,2.57273,2.49433
2369.55000,-3.03713,2.57708,2.44097
2369.60000,-3.04287,2.58220,2.38524
2369.65000,-3.04847,2.58751,2.33691
2369.70000,-3.05434,2.59315,2.30941
2369.75000,-3.06070,2.59934,2.30380
2369.80000,-3.06733,2.60585,2.30900
2369.85000,-3.07412,2.61274,2.33552
2369.90000,-3.08061,2.61925,2.37439
2369.95000,-3.08765,2.62574,2.41851
2370.00000,-3.09484,2.63178,2.46809
2370.05000,-3.10175,2.63700,2.52377
2370.10000,-3.10823,2.64132,2.58515
2370.15000,-3.11505,2.64527,2.64793
2370.20000,-3.12177,2.64860,2.71343
2370.25000,-3.12837,2.65147,2.76807
2370.30000,-3.13499,2.65430,2.79922
2370.35000,-3.14094,2.65638,2.80185
2370.40000,-3.14627,2.65776,2.77946
2370.45000,-3.15139,2.65938,2.73731
2370.50000,-3.15680,2.66186,2.68670
2370.55000,-3.16219,2.66469,2.62958
2370.60000,-3.16757,2.66769,2.58063
2370.65000,-3.17313,2.67092,2.54958
2370.70000,-3.17933,2.67488,2.54772
2370.75000,-3.18582,2.67917,2.56219
2370.80000,-3.19243,2.68363,2.59162
2370.85000,-3.19894,2.68749,2.63590
2370.90000,-3.20611,2.69124,2.68539
2370.95000,-3.21412,2.69491,2.73678
2371.00000,-3.22253,2.69827,2.79078
2371.05000,-3.23146,2.70127,2.84569
2371.10000,-3.24055,2.70376,2.90228
2371.15000,-3.24972,2.70572,2.96036
2371.20000,-3.25881,2.70710,3.02007
2371.25000,-3.26711,2.70786,3.08361
2371.30000,-3.27448,2.70804,-3.13188
2371.35000,-3.28163,2.70772,-3.06299
2371.40000,-3.28859,2.70693,-2.99319
2371.45000,-3.29562,2.70563,-2.92372
2371.50000,-3.30266,2.70381,-2.85455
2371.55000,-3.30967,2.70147,-2.78571
2371.60000,-3.31662,2.69862,-2.71724
2371.65000,-3.32346,2.69524,-2.64918
2371.70000,-3.33016,2.69135,-2.58155
2371.75000,-3.33668,2.68694,-2.51438
2371.80000,-3.34298,2.68205,-2.44758
2371.85000,-3.34904,2.67666,-2.38129
2371.90000,-3.35482,2.67078,-2.31553
2371.95000,-3.36030,2.66443,-2.25030
2372.00000,-3.36543,2.65765,-2.18553
2372.05000,-3.37017,2.65045,-2.12124
2372.10000,-3.37452,2.64282,-2.05756
2372.15000,-3.37843,2.63484,-1.99427
2372.20000,-3.38186,2.62653,-1.93142
2372.25000,-3.38481,2.61791,-1.86901
2372.30000,-3.38662,2.61117,-1.80658
2372.35000,-3.38728,2.60803,-1.73842
2372.40000,-3.38748,2.60652,-1.66420
2372.45000,-3.38751,2.60612,-1.58623
2372.50000,-3.38750,2.60587,-1.50853
2372.55000,-3.38748,2.60562,-1.43179
2372.60000,-3.38743,2.60538,-1.35604
2372.65000,-3.38737,2.60513,-1.28131
2372.70000,-3.38729,2.60490,-1.20759
2372.75000,-3.38720,2.60467,-1.13490
2372.80000,-3.38708,2.60445,-1.06325
2372.85000,-3.38695,2.60423,-0.99265
2372.90000,-3.38681,2.60403,-0.92311
2372.95000,-3.38665,2.60383,-0.85463
2373.00000,-3.38648,2.60365,-0.78722
2373.05000,-3.38630,2.60348,-0.72089
2373.10000,-3.38611,2.60332,-0.65565
2373.15000,-3.38591,2.60318,-0.59150
2373.20000,-3.38570,2.60305,-0.52844
2373.25000,-3.38548,2.60293,-0.46649
2373.30000,-3.38525,2.60282,-0.40564
2373.35000,-3.38502,2.60273,-0.34589
2373.40000,-3.38478,2.60267,-0.29684
2373.45000,-3.38249,2.60198,-0.26360
2373.50000,-3.37730,2.60055,-0.24590
2373.55000,-3.36970,2.59859,-0.24213
2373.60000,-3.36022,2.59621,-0.24882
2373.65000,-3.35072,2.59375,-0.25649
2373.70000,-3.34125,2.59122,-0.26438
2373.75000,-3.33181,2.58863,-0.27285
2373.80000,-3.32241,2.58595,-0.28168
2373.85000,-3.31304,2.58319,-0.29106
2373.90000,-3.30371,2.58035,-0.30100
2373.95000,-3.29442,2.57741,-0.31121
2374.00000,-3.28516,2.57438,-0.32170
2374.05000,-3.27596,2.57126,-0.33297
2374.10000,-3.26681,2.56803,-0.34440
2374.15000,-3.25770,2.56470,-0.35630
2374.20000,-3.24864,2.56126,-0.36863
2374.25000,-3.23962,2.55771,-0.38109
2374.30000,-3.23067,2.55404,-0.39407
2374.35000,-3.22178,2.55026,-0.40746
2374.40000,-3.21294,2.54637,-0.42095
2374.45000,-3.20414,2.54235,-0.43464
2374.50000,-3.19542,2.53821,-0.44897
2374.55000,-3.18676,2.53394,-0.46305
2374.60000,-3.17812,2.52954,-0.47732
2374.65000,-3.16956,2.52502,-0.49236
2374.70000,-3.16101,2.52034,-0.50711
2374.75000,-3.15251,2.51553,-0.52191
2374.80000,-3.14411,2.51060,-0.53678
2374.85000,-3.13575,2.50554,-0.55205
2374.90000,-3.12750,2.50050,-0.55596
2374.95000,-3.12138,2.49694,-0.53911
2375.00000,-3.11922,2.49576,-0.50167
2375.05000,-3.11907,2.49569,-0.45773
2375.10000,-3.11891,2.49561,-0.42707
2375.15000,-3.11651,2.49447,-0.41408
2375.20000,-3.11052,2.49176,-0.41846
2375.25000,-3.10229,2.48800,-0.43537
2375.30000,-3.09364,2.48385,-0.45479
2375.35000,-3.08506,2.47953,-0.47395
2375.40000,-3.07664,2.47511,-0.49372
2375.45000,-3.06867,2.47086,-0.49899
2375.50000,-3.06241,2.46762,-0.47692
2375.55000,-3.05737,2.46519,-0.43644
2375.60000,-3.05341,2.46346,-0.38071
2375.65000,-3.05109,2.46261,-0.31070
2375.70000,-3.04935,2.46211,-0.24639
2375.75000,-3.04795,2.46192,-0.21018
2375.80000,-3.04596,2.46142,-0.19623
2375.85000,-3.04193,2.46052,-0.19442
2375.90000,-3.03477,2.45895,-0.20780
2375.95000,-3.02563,2.45689,-0.23267
2376.00000,-3.01653,2.45461,-0.25767
2376.05000,-3.00747,2.45209,-0.28226
2376.10000,-2.99850,2.44935,-0.30693
2376.15000,-2.98960,2.44639,-0.33172
2376.20000,-2.98078,2.44321,-0.35661
2376.25000,-2.97204,2.43982,-0.38165
2376.30000,-2.96504,2.43694,-0.41252
2376.35000,-2.96109,2.43514,-0.45391
2376.40000,-2.95956,2.43436,-0.50605
2376.45000,-2.95864,2.43381,-0.56124
2376.50000,-2.95766,2.43316,-0.61625
2376.55000,-2.95472,2.43091,-0.66750
2376.60000,-2.94877,2.42598,-0.71304
2376.65000,-2.94269,2.42044,-0.76269
2376.70000,-2.93583,2.41355,-0.81132
2376.75000,-2.92912,2.40614,-0.86053
2376.80000,-2.92279,2.39840,-0.90955
2376.85000,-2.91684,2.39036,-0.95813
2376.90000,-2.91129,2.38204,-1.00633
2376.95000,-2.90615,2.37347,-1.05417
2377.00000,-2.90142,2.36466,-1.10136
2377.05000,-2.89710,2.35564,-1.14797
2377.10000,-2.89321,2.34643,-1.19398
2377.15000,-2.88975,2.33705,-1.23942
2377.20000,-2.88671,2.32752,-1.28419
2377.25000,-2.88409,2.31787,-1.32840
2377.30000,-2.88191,2.30812,-1.37250
2377.35000,-2.88058,2.30015,-1.41634
2377.40000,-2.87989,2.29491,-1.46399
2377.45000,-2.87944,2.28945,-1.51122
2377.50000,-2.87923,2.28377,-1.55790
2377.55000,-2.87929,2.27789,-1.60403
2377.60000,-2.87963,2.27184,-1.64959
2377.65000,-2.88026,2.26563,-1.69455
2377.70000,-2.88120,2.25928,-1.73890
2377.75000,-2.88245,2.25280,-1.78259
2377.80000,-2.88402,2.24616,-1.82563
2377.85000,-2.88594,2.23939,-1.86801
2377.90000,-2.88799,2.23324,-1.91272
2377.95000,-2.89031,2.22718,-1.95757
2378.00000,-2.89297,2.22109,-2.00161
2378.05000,-2.89591,2.21507,-2.04489
2378.10000,-2.89919,2.20901,-2.08673
2378.15000,-2.90278,2.20298,-2.12714
2378.20000,-2.90678,2.19683,-2.16528
2378.25000,-2.91107,2.19074,-2.20211
2378.30000,-2.91558,2.18482,-2.23829
2378.35000,-2.91984,2.17964,-2.27655
2378.40000,-2.92422,2.17472,-2.31507
2378.45000,-2.92930,2.16940,-2.35022
2378.50000,-2.93482,2.16400,-2.38376
2378.55000,-2.94059,2.15872,-2.41668
2378.60000,-2.94659,2.15358,-2.44902
2378.65000,-2.95281,2.14858,-2.48078
2378.70000,-2.95925,2.14373,-2.51198
2378.75000,-2.96584,2.13908,-2.54263
2378.80000,-2.97377,2.13384,-2.57263
2378.85000,-2.98227,2.12858,-2.60220
2378.90000,-2.99092,2.12357,-2.63123
2378.95000,-2.99972,2.11881,-2.65974
2379.00000,-3.00864,2.11430,-2.68774
2379.05000,-3.01769,2.11004,-2.71525
2379.10000,-3.02685,2.10603,-2.74226
2379.15000,-3.03611,2.10227,-2.76881
2379.20000,-3.04547,2.09875,-2.79490
2379.25000,-3.05492,2.09547,-2.82055
2379.30000,-3.06445,2.09244,-2.84575
2379.35000,-3.07405,2.08964,-2.87053
2379.40000,-3.08371,2.08708,-2.89488
2379.45000,-3.09344,2.08475,-2.91882
2379.50000,-3.10322,2.08266,-2.94236
2379.55000,-3.11304,2.08079,-2.96549
2379.60000,-3.12290,2.07915,-2.98822
2379.65000,-3.13280,2.07774,-3.01055
2379.70000,-3.14273,2.07654,-3.03247
2379.75000,-3.15268,2.07556,-3.05399
2379.80000,-3.16265,2.07479,-3.07511
2379.85000,-3.17264,2.07423,-3.09583
2379.90000,-3.18263,2.07387,-3.11615
2379.95000,-3.19263,2.07372,-3.13608
2380.00000,-3.20263,2.07376,3.12757
2380.05000,-3.21263,2.07399,3.10842
2380.10000,-3.22262,2.07442,3.08965
2380.15000,-3.23260,2.07503,3.07124
2380.20000,-3.24257,2.07582,3.05320
2380.25000,-3.25252,2.07680,3.03551
2380.30000,-3.26245,2.07794,3.01815
2380.35000,-3.27237,2.07926,3.00110
2380.40000,-3.28222,2.08061,2.98831
2380.45000,-3.29203,2.08193,2.98389
2380.50000,-3.30185,2.08328,2.98787
2380.55000,-3.31173,2.08471,3.00145
2380.60000,-3.32180,2.08618,3.02855
2380.65000,-3.33178,2.08712,3.06758
2380.70000,-3.34177,2.08766,3.10672
2380.75000,-3.35176,2.08782,-3.13749
2380.80000,-3.36176,2.08758,-3.09849
2380.85000,-3.37174,2.08696,-3.05960
2380.90000,-3.38169,2.08594,-3.02083
2380.95000,-3.39159,2.08455,-2.98225
2381.00000,-3.40143,2.08277,-2.94382
2381.05000,-3.41119,2.08062,-2.90562
2381.10000,-3.42087,2.07810,-2.86746
2381.15000,-3.43044,2.07521,-2.82957
2381.20000,-3.43990,2.07196,-2.79198
2381.25000,-3.44923,2.06836,-2.75450
2381.30000,-3.45842,2.06441,-2.71743
2381.35000,-3.46745,2.06013,-2.68068
2381.40000,-3.47633,2.05552,-2.64409
2381.45000,-3.48502,2.05059,-2.60771
2381.50000,-3.49354,2.04534,-2.57180
2381.55000,-3.50186,2.03980,-2.53612
2381.60000,-3.50886,2.03477,-2.49685
2381.65000,-3.51275,2.03174,-2.44574
2381.70000,-3.51425,2.03042,-2.38314
2381.75000,-3.51460,2.03008,-2.31451
2381.80000,-3.51476,2.02989,-2.24517
2381.85000,-3.51491,2.02968,-2.17618
2381.90000,-3.51505,2.02947,-2.10760
2381.95000,-3.51518,2.02924,-2.03945
2382.00000,-3.51528,2.02901,-1.97175
2382.05000,-3.51538,2.02876,-1.90452
2382.10000,-3.51546,2.02851,-1.83778
2382.15000,-3.51552,2.02826,-1.77154
2382.20000,-3.51556,2.02800,-1.70583
2382.25000,-3.51559,2.02774,-1.64066
2382.30000,-3.51560,2.02747,-1.57605
2382.35000,-3.51559,2.02721,-1.51201
2382.40000,-3.51556,2.02694,-1.44855
2382.45000,-3.51552,2.02668,-1.38570
2382.50000,-3.51547,2.02641,-1.32346
2382.55000,-3.51539,2.02616,-1.26185
2382.60000,-3.51530,2.02590,-1.20088
2382.65000,-3.51520,2.02565,-1.14058
2382.70000,-3.51508,2.02541,-1.08093
2382.75000,-3.51494,2.02518,-1.02197
2382.80000,-3.51480,2.02495,-0.96369
2382.85000,-3.51464,2.02474,-0.90611
2382.90000,-3.51446,2.02453,-0.84923
2382.95000,-3.51428,2.02433,-0.79308
2383.00000,-3.51409,2.02414,-0.73767
2383.05000,-3.51388,2.02397,-0.68299
2383.10000,-3.51367,2.02380,-0.62906
2383.15000,-3.51344,2.02365,-0.57590
2383.20000,-3.51321,2.02351,-0.52349
2383.25000,-3.51297,2.02338,-0.47186
2383.30000,-3.51273,2.02326,-0.42100
2383.35000,-3.51248,2.02316,-0.37093
2383.40000,-3.51222,2.02306,-0.32165
2383.45000,-3.51196,2.02298,-0.27315
2383.50000,-3.51170,2.02292,-0.22546
2383.55000,-3.51143,2.02286,-0.17856
2383.60000,-3.51116,2.02282,-0.13246
2383.65000,-3.51089,2.02279,-0.08718
2383.70000,-3.51062,2.02277,-0.04270
2383.75000,-3.51035,2.02277,0.00097
2383.80000,-3.51008,2.02277,0.04383
2383.85000,-3.50791,2.02303,0.08625
2383.90000,-3.50056,2.02390,0.12356
2383.95000,-3.49114,2.02526,0.16208
2384.00000,-3.48133,2.02706,0.20186
2384.05000,-3.47158,2.02925,0.24077
2384.10000,-3.46193,2.03182,0.27897
2384.15000,-3.45238,2.03475,0.31632
2384.20000,-3.44293,2.03803,0.35284
2384.25000,-3.43361,2.04166,0.38856
2384.30000,-3.42443,2.04560,0.42347
2384.35000,-3.41538,2.04987,0.45757
2384.40000,-3.40649,2.05443,0.49086
2384.45000,-3.39775,2.05929,0.52335
2384.50000,-3.38917,2.06442,0.55506
2384.55000,-3.38075,2.06982,0.58594
2384.60000,-3.37250,2.07547,0.61600
2384.65000,-3.36443,2.08137,0.64526
2384.70000,-3.35652,2.08749,0.67370
2384.75000,-3.34880,2.09384,0.70135
2384.80000,-3.34124,2.10039,0.72819
2384.85000,-3.33387,2.10715,0.75423
2384.90000,-3.32667,2.11408,0.77948
2384.95000,-3.31964,2.12120,0.80393
2385.00000,-3.31270,2.12840,0.82837
2385.05000,-3.31040,2.13091,0.85200
2385.10000,-3.30985,2.13154,0.87632
2385.15000,-3.30932,2.13218,0.90004
2385.20000,-3.30883,2.13282,0.92281
2385.25000,-3.30836,2.13344,0.94461
2385.30000,-3.30799,2.13397,0.96511
2385.35000,-3.30785,2.13417,0.98333
2385.40000,-3.30771,2.13439,1.00081
2385.45000,-3.30758,2.13460,1.01760
2385.50000,-3.30745,2.13482,1.03371
2385.55000,-3.30732,2.13503,1.04914
2385.60000,-3.30720,2.13525,1.06390
2385.65000,-3.30708,2.13547,1.07800
2385.70000,-3.30696,2.13569,1.09146
2385.75000,-3.30685,2.13592,1.10426
2385.80000,-3.30673,2.13614,1.11644
2385.85000,-3.30662,2.13637,1.12798
2385.90000,-3.30652,2.13660,1.13892
2385.95000,-3.30641,2.13683,1.14924
2386.00000,-3.30631,2.13706,1.15897
2386.05000,-3.30621,2.13729,1.16810
2386.10000,-3.30611,2.13753,1.17666
2386.15000,-3.30602,2.13776,1.18464
2386.20000,-3.30592,2.13800,1.19207
2386.25000,-3.30583,2.13823,1.19894
2386.30000,-3.30574,2.13847,1.20527
2386.35000,-3.30565,2.13870,1.21106
2386.40000,-3.30556,2.13894,1.21632
2386.45000,-3.30547,2.13918,1.22107
2386.50000,-3.30539,2.13942,1.22531
2386.55000,-3.30530,2.13965,1.22905
2386.60000,-3.30522,2.13989,1.23231
2386.65000,-3.30513,2.14013,1.23508
2386.70000,-3.30412,2.14226,1.23673
2386.75000,-3.30307,2.14587,1.23491
2386.80000,-3.30207,2.14832,1.23495
2386.85000,-3.30108,2.15171,1.23431
2386.90000,-3.30100,2.15193,1.23428
2386.95000,-3.30021,2.15324,1.23339
2387.00000,-3.29899,2.15640,1.22782
2387.05000,-3.29890,2.15669,1.22574
2387.10000,-3.29882,2.15692,1.22368
2387.15000,-3.29873,2.15716,1.22127
2387.20000,-3.29761,2.15942,1.21786
2387.25000,-3.29513,2.16589,1.20593
2387.30000,-3.29256,2.17319,1.18835
2387.35000,-3.29197,2.17559,1.17565
2387.40000,-3.29067,2.17816,1.16803
2387.45000,-3.28903,2.18271,1.15618
2387.50000,-3.28888,2.18341,1.14920
2387.55000,-3.28777,2.18487,1.14346
2387.60000,-3.28621,2.18731,1.13691
2387.65000,-3.28612,2.18750,1.13079
2387.70000,-3.28602,2.18773,1.12453
2387.75000,-3.28591,2.18796,1.11806
2387.80000,-3.28580,2.18818,1.11138
2387.85000,-3.28569,2.18840,1.10449
2387.90000,-3.28557,2.18863,1.09740
2387.95000,-3.28546,2.18885,1.09012
2388.00000,-3.28534,2.18907,1.08266
2388.05000,-3.28522,2.18929,1.07502
2388.10000,-3.28510,2.18951,1.06722
2388.15000,-3.28498,2.18973,1.05926
2388.20000,-3.28486,2.18995,1.05114
2388.25000,-3.28473,2.19016,1.04288
2388.30000,-3.28461,2.19038,1.03448
2388.35000,-3.28448,2.19059,1.02594
2388.40000,-3.28435,2.19081,1.01729
2388.45000,-3.28422,2.19102,1.00851
2388.50000,-3.28408,2.19123,0.99962
2388.55000,-3.28395,2.19144,0.99063
2388.60000,-3.28381,2.19165,0.98154
2388.65000,-3.28367,2.19185,0.97236
2388.70000,-3.28353,2.19206,0.96309
2388.75000,-3.28338,2.19226,0.95374
2388.80000,-3.28324,2.19247,0.94432
2388.85000,-3.28309,2.19267,0.93483
2388.90000,-3.28294,2.19287,0.92528
2388.95000,-3.28279,2.19307,0.91568
2389.00000,-3.28264,2.19327,0.90602
2389.05000,-3.28248,2.19346,0.89632
2389.10000,-3.28233,2.19366,0.88658
2389.15000,-3.28217,2.19385,0.87681
2389.20000,-3.28201,2.19404,0.86701
2389.25000,-3.28184,2.19423,0.85719
2389.30000,-3.28168,2.19442,0.84735
2389.35000,-3.28151,2.19460,0.83749
2389.40000,-3.28134,2.19479,0.82763
2389.45000,-3.28118,2.19497,0.81776
2389.50000,-3.28100,2.19515,0.80789
2389.55000,-3.28083,2.19533,0.79803
2389.60000,-3.28066,2.19551,0.78817
2389.65000,-3.28061,2.19555,0.77775
2389.70000,-3.28060,2.19556,0.76690
2389.75000,-3.28061,2.19555,0.75610
2389.80000,-3.28062,2.19553,0.74532
2389.85000,-3.28064,2.19552,0.73460
2389.90000,-3.28065,2.19551,0.72404
2389.95000,-3.28065,2.19550,0.71351
2390.00000,-3.27865,2.19743,0.70308
2390.05000,-3.27159,2.20336,0.69372
2390.10000,-3.26407,2.20955,0.68334
2390.15000,-3.25648,2.21566,0.67299
2390.20000,-3.24884,2.22170,0.66269
2390.25000,-3.24112,2.22765,0.65244
2390.30000,-3.23334,2.23354,0.64226
2390.35000,-3.22545,2.23938,0.63190
2390.40000,-3.21751,2.24514,0.62190
2390.45000,-3.20950,2.25082,0.61167
2390.50000,-3.20137,2.25646,0.60196
2390.55000,-3.19322,2.26201,0.59237
2390.60000,-3.18496,2.26752,0.58282
2390.65000,-3.17672,2.27291,0.57328
2390.70000,-3.16838,2.27825,0.56395
2390.75000,-3.16004,2.28348,0.55440
2390.80000,-3.15171,2.28859,0.54489
2390.85000,-3.14333,2.29362,0.53539
2390.90000,-3.13491,2.29857,0.52599
2390.95000,-3.12704,2.30301,0.50687
2391.00000,-3.12139,2.30597,0.46584
2391.05000,-3.11548,2.30876,0.41608
2391.10000,-3.10860,2.31159,0.36315
2391.15000,-3.10090,2.31427,0.30823
2391.20000,-3.09261,2.31665,0.25187
2391.25000,-3.08386,2.31864,0.19455
2391.30000,-3.07468,2.32018,0.13684
2391.35000,-3.06523,2.32120,0.07878
2391.40000,-3.05557,2.32168,0.02056
2391.45000,-3.04570,2.32159,-0.03748
2391.50000,-3.03573,2.32093,-0.09527
2391.55000,-3.02581,2.31970,-0.15211
2391.60000,-3.01597,2.31791,-0.20813
2391.65000,-3.00635,2.31600,-0.25718
2391.70000,-2.99785,2.31422,-0.29570
2391.75000,-2.99062,2.31252,-0.32776
2391.80000,-2.98459,2.31092,-0.35388
2391.85000,-2.97977,2.30943,-0.37409
2391.90000,-2.97619,2.30807,-0.38828
2391.95000,-2.97375,2.30707,-0.39687
2392.00000,-2.97289,2.30673,-0.39826
2392.05000,-2.97267,2.30664,-0.39618
2392.10000,-2.97245,2.30655,-0.39381
2392.15000,-2.97225,2.30647,-0.39110
2392.20000,-2.97205,2.30638,-0.38811
2392.25000,-2.97184,2.30630,-0.38485
2392.30000,-2.97164,2.30622,-0.38133
2392.35000,-2.97144,2.30614,-0.37756
2392.40000,-2.97123,2.30606,-0.37354
2392.45000,-2.97103,2.30598,-0.36928
2392.50000,-2.97082,2.30590,-0.36479
2392.55000,-2.97062,2.30582,-0.36008
2392.60000,-2.97041,2.30574,-0.35515
2392.65000,-2.97020,2.30567,-0.35001
2392.70000,-2.97000,2.30559,-0.34467
2392.75000,-2.96979,2.30552,-0.33913
2392.80000,-2.96958,2.30545,-0.33340
2392.85000,-2.96937,2.30537,-0.32749
2392.90000,-2.96916,2.30530,-0.32140
2392.95000,-2.96896,2.30524,-0.31515
2393.00000,-2.96875,2.30517,-0.30873
2393.05000,-2.96854,2.30510,-0.30216
2393.10000,-2.96833,2.30504,-0.29544
2393.15000,-2.96812,2.30497,-0.28858
2393.20000,-2.96791,2.30491,-0.28158
2393.25000,-2.96769,2.30485,-0.27445
2393.30000,-2.96748,2.30479,-0.26720
2393.35000,-2.96727,2.30474,-0.25983
2393.40000,-2.96705,2.30469,-0.25874
2393.45000,-2.96585,2.30436,-0.25695
2393.50000,-2.96551,2.30427,-0.24901
2393.55000,-2.96528,2.30421,-0.24191
2393.60000,-2.96507,2.30416,-0.23473
2393.65000,-2.96485,2.30411,-0.22745
2393.70000,-2.96464,2.30406,-0.22006
2393.75000,-2.96442,2.30402,-0.21918
2393.80000,-2.96354,2.30360,-0.22385
2393.85000,-2.96251,2.30317,-0.22462
2393.90000,-2.96189,2.30304,-0.21908
2393.95000,-2.96167,2.30299,-0.21160
2394.00000,-2.96146,2.30295,-0.20400
2394.05000,-2.96124,2.30290,-0.19632
2394.10000,-2.96103,2.30286,-0.18856
2394.15000,-2.96081,2.30282,-0.18073
2394.20000,-2.96060,2.30278,-0.17284
2394.25000,-2.96038,2.30275,-0.16488
2394.30000,-2.96016,2.30272,-0.16288
2394.35000,-2.95872,2.30248,-0.16198
2394.40000,-2.95821,2.30243,-0.15469
2394.45000,-2.95802,2.30239,-0.15680
2394.50000,-2.95644,2.30216,-0.15850
2394.55000,-2.95564,2.30204,-0.16364
2394.60000,-2.95231,2.30140,-0.18334
2394.65000,-2.94781,2.30060,-0.20470
2394.70000,-2.94333,2.29981,-0.22145
2394.75000,-2.93885,2.29902,-0.23523
2394.80000,-2.93557,2.29844,-0.24951
2394.85000,-2.93268,2.29771,-0.26349
2394.90000,-2.92981,2.29698,-0.27317
2394.95000,-2.92693,2.29624,-0.27964
2395.00000,-2.92406,2.29549,-0.28284
2395.05000,-2.92191,2.29495,-0.28112
2395.10000,-2.92162,2.29488,-0.27136
2395.15000,-2.92141,2.29482,-0.26122
2395.20000,-2.92123,2.29477,-0.25099
2395.25000,-2.92106,2.29472,-0.24071
2395.30000,-2.92089,2.29467,-0.23039
2395.35000,-2.92071,2.29463,-0.22003
2395.40000,-2.92054,2.29458,-0.20964
2395.45000,-2.92037,2.29454,-0.19923
2395.50000,-2.92020,2.29450,-0.18879
2395.55000,-2.92002,2.29446,-0.17835
2395.60000,-2.91966,2.29439,-0.17790
2395.65000,-2.91793,2.29404,-0.18524
2395.70000,-2.91618,2.29368,-0.18923
2395.75000,-2.91444,2.29331,-0.18985
2395.80000,-2.91311,2.29307,-0.18400
2395.85000,-2.91277,2.29302,-0.17380
2395.90000,-2.91255,2.29299,-0.16912
2395.95000,-2.91105,2.29266,-0.16806
2396.00000,-2.90996,2.29248,-0.17167
2396.05000,-2.90797,2.29209,-0.18061
2396.10000,-2.90599,2.29170,-0.18623
2396.15000,-2.90400,2.29131,-0.18889
2396.20000,-2.90208,2.29093,-0.18717
2396.25000,-2.90107,2.29076,-0.17963
2396.30000,-2.90084,2.29072,-0.16875
2396.35000,-2.90062,2.29069,-0.16376
2396.40000,-2.89930,2.29038,-0.16349
2396.45000,-2.89829,2.29022,-0.15655
2396.50000,-2.89805,2.29019,-0.14621
2396.55000,-2.89784,2.29016,-0.13571
2396.60000,-2.89762,2.29014,-0.13120
2396.65000,-2.89578,2.28978,-0.13985
2396.70000,-2.89079,2.28892,-0.16345
2396.75000,-2.88328,2.28755,-0.19650
2396.80000,-2.87535,2.28602,-0.22643
2396.85000,-2.86759,2.28454,-0.25041
2396.90000,-2.86000,2.28306,-0.27160
2396.95000,-2.85429,2.28170,-0.28437
2397.00000,-2.84860,2.28034,-0.29597
2397.05000,-2.84292,2.27899,-0.30696
2397.10000,-2.83723,2.27763,-0.31791
2397.15000,-2.83155,2.27628,-0.32886
2397.20000,-2.82587,2.27493,-0.33979
2397.25000,-2.82019,2.27358,-0.35072
2397.30000,-2.81452,2.27223,-0.36164
2397.35000,-2.80884,2.27089,-0.37255
2397.40000,-2.80317,2.26955,-0.38345
2397.45000,-2.79750,2.26820,-0.39434
2397.50000,-2.79183,2.26686,-0.40517
2397.55000,-2.78616,2.26552,-0.41598
2397.60000,-2.78049,2.26419,-0.42678
2397.65000,-2.77483,2.26285,-0.43756
2397.70000,-2.76917,2.26152,-0.44832
2397.75000,-2.76351,2.26019,-0.45908
2397.80000,-2.75785,2.25886,-0.46983
2397.85000,-2.75219,2.25753,-0.48056
2397.90000,-2.74653,2.25621,-0.49127
2397.95000,-2.74088,2.25488,-0.50197
2398.00000,-2.73523,2.25356,-0.51267
2398.05000,-2.72958,2.25224,-0.52334
2398.10000,-2.72393,2.25092,-0.53395
2398.15000,-2.71820,2.24952,-0.54107
2398.20000,-2.71242,2.24805,-0.54547
2398.25000,-2.70678,2.24647,-0.54353
2398.30000,-2.70200,2.24481,-0.53427
2398.35000,-2.69818,2.24312,-0.51883
2398.40000,-2.69529,2.24153,-0.49771
2398.45000,-2.69316,2.24041,-0.47196
2398.50000,-2.69184,2.23976,-0.44175
2398.55000,-2.69093,2.23935,-0.40941
2398.60000,-2.69001,2.23896,-0.37750
2398.65000,-2.68910,2.23861,-0.34591
2398.70000,-2.68821,2.23831,-0.31468
2398.75000,-2.68728,2.23802,-0.28396
2398.80000,-2.68637,2.23777,-0.25346
2398.85000,-2.68547,2.23755,-0.22336
2398.90000,-2.68455,2.23735,-0.19361
2398.95000,-2.68363,2.23719,-0.16418
2399.00000,-2.68280,2.23707,-0.13548
2399.05000,-2.68200,2.23699,-0.10726
2399.10000,-2.68115,2.23692,-0.07941
2399.15000,-2.68034,2.23687,-0.05202
2399.20000,-2.67952,2.23685,-0.02450
2399.25000,-2.67871,2.23685,0.00223
2399.30000,-2.67791,2.23685,0.02825
2399.35000,-2.67712,2.23688,0.05398
2399.40000,-2.67646,2.23692,0.07999
2399.45000,-2.67380,2.23730,0.10519
2399.50000,-2.66756,2.23806,0.11619
2399.55000,-2.66112,2.23883,0.10687
2399.60000,-2.65259,2.23965,0.08221
2399.65000,-2.64331,2.24028,0.05423
2399.70000,-2.63400,2.24066,0.02683
2399.75000,-2.62444,2.24079,0.01048
2399.80000,-2.61599,2.24084,0.00378
2399.85000,-2.61088,2.24084,0.00547
2399.90000,-2.60764,2.24084,0.01666
2399.95000,-2.60661,2.24086,0.03892
2400.00000,-2.60587,2.24089,0.06271
2400.05000,-2.60510,2.24094,0.08613
2400.10000,-2.60437,2.24099,0.10903
2400.15000,-2.60335,2.24116,0.12009
2400.20000,-2.59921,2.24174,0.11626
2400.25000,-2.59215,2.24250,0.09773
2400.30000,-2.58334,2.24325,0.07071
2400.35000,-2.57409,2.24377,0.04168
2400.40000,-2.56501,2.24401,0.02261
2400.45000,-2.55804,2.24404,0.01285
2400.50000,-2.55289,2.24405,0.01217
2400.55000,-2.54928,2.24406,0.01954
2400.60000,-2.54719,2.24407,0.03463
2400.65000,-2.54634,2.24410,0.05606
2400.70000,-2.54561,2.24415,0.07810
2400.75000,-2.54488,2.24422,0.09982
2400.80000,-2.54424,2.24427,0.12103
2400.85000,-2.54151,2.24482,0.14203
2400.90000,-2.53304,2.24619,0.16086
2400.95000,-2.52324,2.24778,0.17362
2401.00000,-2.51331,2.24953,0.17769
2401.05000,-2.50343,2.25127,0.16410
2401.10000,-2.49383,2.25271,0.13565
2401.15000,-2.48454,2.25382,0.12035
2401.20000,-2.47526,2.25487,0.12816
2401.25000,-2.46564,2.25612,0.14338
2401.30000,-2.45831,2.25718,0.15470
2401.35000,-2.44882,2.25845,0.16512
2401.40000,-2.43908,2.26016,0.18186
2401.45000,-2.42926,2.26205,0.19907
2401.50000,-2.41948,2.26412,0.21628
2401.55000,-2.40973,2.26635,0.23364
2401.60000,-2.40002,2.26875,0.25123
2401.65000,-2.39036,2.27132,0.26910
2401.70000,-2.38074,2.27407,0.28734
2401.75000,-2.37114,2.27690,0.30559
2401.80000,-2.36624,2.27736,0.32455
2401.85000,-2.36582,2.27747,0.34488
2401.90000,-2.36568,2.27753,0.35795
2401.95000,-2.36417,2.27814,0.36325
2402.00000,-2.36140,2.27921,0.36274
2402.05000,-2.35735,2.28075,0.35638
2402.10000,-2.35193,2.28275,0.34384
2402.15000,-2.34500,2.28518,0.32479
2402.20000,-2.33629,2.28800,0.29852
2402.25000,-2.32733,2.29060,0.28116
2402.30000,-2.31991,2.29267,0.27760
2402.35000,-2.31498,2.29401,0.28858
2402.40000,-2.31327,2.29453,0.31356
2402.45000,-2.31310,2.29458,0.34618
2402.50000,-2.31296,2.29464,0.37914
2402.55000,-2.31281,2.29470,0.41188
2402.60000,-2.31268,2.29478,0.43569
2402.65000,-2.31199,2.29516,0.44435
2402.70000,-2.30793,2.29715,0.43320
2402.75000,-2.30118,2.30016,0.40675
2402.80000,-2.29300,2.30353,0.37368
2402.85000,-2.28443,2.30672,0.33976
2402.90000,-2.27575,2.30963,0.32053
2402.95000,-2.26769,2.31226,0.32060
2403.00000,-2.26099,2.31449,0.32928
2403.05000,-2.25809,2.31519,0.33988
2403.10000,-2.25635,2.31541,0.33677
2403.15000,-2.25481,2.31548,0.32447
2403.20000,-2.25225,2.31656,0.31096
2403.25000,-2.24972,2.31742,0.29931
2403.30000,-2.24681,2.31829,0.26919
2403.35000,-2.24239,2.31943,0.22998
2403.40000,-2.23586,2.32080,0.18576
2403.45000,-2.22764,2.32215,0.13971
2403.50000,-2.21853,2.32321,0.09118
2403.55000,-2.20961,2.32377,0.05344
2403.60000,-2.20319,2.32398,0.02873
2403.65000,-2.19856,2.32405,0.01179
2403.70000,-2.19531,2.32408,0.00188
2403.75000,-2.19330,2.32407,-0.00535
2403.80000,-2.19191,2.32406,-0.01285
2403.85000,-2.19094,2.32404,-0.01636
2403.90000,-2.19026,2.32403,-0.02108
2403.95000,-2.18979,2.32402,-0.02251
2404.00000,-2.18946,2.32401,-0.02550
2404.05000,-2.18924,2.32400,-0.03212
2404.10000,-2.18910,2.32400,-0.02911
2404.15000,-2.18890,2.32399,-0.02909
2404.20000,-2.18870,2.32399,0.00262
2404.25000,-2.18855,2.32399,0.02423
2404.30000,-2.18845,2.32399,0.04247
2404.35000,-2.18838,2.32400,0.05401
2404.40000,-2.18762,2.32404,0.03817
2404.45000,-2.18444,2.32411,0.00861
2404.50000,-2.17939,2.32405,-0.02994
2404.55000,-2.17298,2.32371,-0.07475
2404.60000,-2.16595,2.32316,-0.11479
2404.65000,-2.15868,2.32233,-0.13432
2404.70000,-2.15119,2.32125,-0.13297
2404.75000,-2.14397,2.32050,-0.11606
2404.80000,-2.13938,2.32023,-0.08717
2404.85000,-2.13719,2.32018,-0.06271
2404.90000,-2.13584,2.32015,-0.04466
2404.95000,-2.13450,2.32012,-0.00480
2405.00000,-2.13391,2.32012,0.03586
2405.05000,-2.13349,2.32014,0.05917
2405.10000,-2.13286,2.32019,0.04889
2405.15000,-2.12992,2.32030,0.02376
2405.20000,-2.12487,2.32032,-0.01138
2405.25000,-2.11838,2.32011,-0.05343
2405.30000,-2.11082,2.31953,-0.10020
2405.35000,-2.10255,2.31848,-0.15031
2405.40000,-2.09398,2.31695,-0.20139
2405.45000,-2.08548,2.31499,-0.25145
2405.50000,-2.07728,2.31279,-0.28369
2405.55000,-2.06897,2.31040,-0.29341
2405.60000,-2.06065,2.30798,-0.29236
2405.65000,-2.05282,2.30574,-0.28084
2405.70000,-2.04709,2.30436,-0.25591
2405.75000,-2.04497,2.30400,-0.21495
2405.80000,-2.04461,2.30393,-0.16913
2405.85000,-2.04427,2.30387,-0.12264
2405.90000,-2.04405,2.30385,-0.07666
2405.95000,-2.04383,2.30384,-0.03076
2406.00000,-2.04360,2.30383,0.00061
2406.05000,-2.04342,2.30385,0.01366
2406.10000,-2.04326,2.30388,0.01537
2406.15000,-2.04153,2.30394,0.00129
2406.20000,-2.03676,2.30386,-0.02857
2406.25000,-2.02967,2.30350,-0.06990
2406.30000,-2.02156,2.30274,-0.11588
2406.35000,-2.01287,2.30152,-0.16412
2406.40000,-2.00421,2.30008,-0.20600
2406.45000,-1.99766,2.29879,-0.23394
2406.50000,-1.99330,2.29775,-0.24906
2406.55000,-1.98904,2.29666,-0.23698
2406.60000,-1.98526,2.29598,-0.20221
2406.65000,-1.98376,2.29570,-0.15575
2406.70000,-1.98352,2.29574,-0.11818
2406.75000,-1.98375,2.29583,-0.10725
2406.80000,-1.98298,2.29567,-0.11368
2406.85000,-1.97994,2.29514,-0.13182
2406.90000,-1.97405,2.29422,-0.16443
2406.95000,-1.96647,2.29280,-0.20544
2407.00000,-1.95802,2.29083,-0.25042
2407.05000,-1.94944,2.28863,-0.28969
2407.10000,-1.94055,2.28606,-0.30693
2407.15000,-1.93128,2.28309,-0.29947
2407.20000,-1.92349,2.28091,-0.27381
2407.25000,-1.91821,2.27952,-0.23733
2407.30000,-1.91528,2.27887,-0.19029
2407.35000,-1.91443,2.27872,-0.13431
2407.40000,-1.91384,2.27866,-0.07713
2407.45000,-1.91325,2.27863,-0.02016
2407.50000,-1.91270,2.27863,0.02603
2407.55000,-1.91254,2.27867,0.03783
2407.60000,-1.91031,2.27881,0.02764
2407.65000,-1.90514,2.27891,0.00395
2407.70000,-1.89812,2.27881,-0.03040
2407.75000,-1.88968,2.27837,-0.06971
2407.80000,-1.87979,2.27749,-0.10835
2407.85000,-1.86988,2.27622,-0.14643
2407.90000,-1.86002,2.27479,-0.17732
2407.95000,-1.84987,2.27314,-0.18503
2408.00000,-1.84083,2.27165,-0.16694
2408.05000,-1.83328,2.27049,-0.13594
2408.10000,-1.82801,2.26986,-0.09482
2408.15000,-1.82509,2.26965,-0.04367
2408.20000,-1.82395,2.26963,0.01473
2408.25000,-1.82289,2.26968,0.07340
2408.30000,-1.82183,2.26977,0.12346
2408.35000,-1.82065,2.27001,0.16297
2408.40000,-1.81938,2.27037,0.19340
2408.45000,-1.81803,2.27081,0.21465
2408.50000,-1.81661,2.27134,0.21911
2408.55000,-1.81322,2.27210,0.20323
2408.60000,-1.80785,2.27317,0.17934
2408.65000,-1.80041,2.27456,0.14748
2408.70000,-1.79150,2.27574,0.10461
2408.75000,-1.78161,2.27657,0.06320
2408.80000,-1.77162,2.27700,0.02285
2408.85000,-1.76163,2.27703,-0.01707
2408.90000,-1.75163,2.27666,-0.05672
2408.95000,-1.74177,2.27619,-0.09029
2409.00000,-1.73204,2.27584,-0.11651
2409.05000,-1.72237,2.27555,-0.14139
2409.10000,-1.71273,2.27529,-0.16548
2409.15000,-1.70308,2.27501,-0.18724
2409.20000,-1.69339,2.27469,-0.20609
2409.25000,-1.68366,2.27431,-0.22160
2409.30000,-1.67386,2.27387,-0.23349
2409.35000,-1.66400,2.27334,-0.24148
2409.40000,-1.65404,2.27272,-0.24501
2409.45000,-1.64400,2.27200,-0.24360
2409.50000,-1.63394,2.27121,-0.22643
2409.55000,-1.62430,2.27035,-0.19157
2409.60000,-1.61695,2.26951,-0.14478
2409.65000,-1.61204,2.26893,-0.08763
2409.70000,-1.60914,2.26876,-0.02230
2409.75000,-1.60648,2.26879,0.04375
2409.80000,-1.60382,2.26899,0.10925
2409.85000,-1.60118,2.26937,0.17415
2409.90000,-1.59858,2.26991,0.23845
2409.95000,-1.59603,2.27062,0.30212
2410.00000,-1.59354,2.27138,0.35705
2410.05000,-1.59137,2.27193,0.38505
2410.10000,-1.58845,2.27323,0.38568
2410.15000,-1.58247,2.27570,0.36949
2410.20000,-1.57438,2.27871,0.34225
2410.25000,-1.56561,2.28168,0.31229
2410.30000,-1.55674,2.28441,0.28321
2410.35000,-1.54778,2.28687,0.25442
2410.40000,-1.53876,2.28908,0.22546
2410.45000,-1.52967,2.29103,0.19671
2410.50000,-1.52060,2.29274,0.18159
2410.55000,-1.51143,2.29432,0.18977
2410.60000,-1.50381,2.29571,0.22232
2410.65000,-1.49871,2.29692,0.26950
2410.70000,-1.49584,2.29780,0.32537
2410.75000,-1.49330,2.29873,0.38198
2410.80000,-1.49083,2.29973,0.42861
2410.85000,-1.48826,2.30087,0.45561
2410.90000,-1.48551,2.30223,0.46741
2410.95000,-1.48263,2.30376,0.47073
2411.00000,-1.47738,2.30646,0.45592
2411.05000,-1.46889,2.31047,0.42611
2411.10000,-1.45995,2.31436,0.39644
2411.15000,-1.45067,2.31810,0.36836
2411.20000,-1.44129,2.32157,0.34091
2411.25000,-1.43242,2.32457,0.31126
2411.30000,-1.42399,2.32711,0.29718
2411.35000,-1.41658,2.32933,0.31075
2411.40000,-1.41295,2.33056,0.34996
2411.45000,-1.41142,2.33116,0.39775
2411.50000,-1.41016,2.33173,0.44583
2411.55000,-1.40894,2.33232,0.48346
2411.60000,-1.40784,2.33291,0.49974
2411.65000,-1.40617,2.33383,0.50248
2411.70000,-1.40331,2.33541,0.49926
2411.75000,-1.39912,2.33768,0.48961
2411.80000,-1.39341,2.34068,0.47321
2411.85000,-1.38602,2.34438,0.44933
2411.90000,-1.37701,2.34856,0.41906
2411.95000,-1.36782,2.35249,0.38904
2412.00000,-1.35851,2.35614,0.35887
2412.05000,-1.34996,2.35918,0.34288
2412.10000,-1.34266,2.36173,0.35346
2412.15000,-1.33948,2.36292,0.38262
2412.20000,-1.33872,2.36324,0.42151
2412.25000,-1.33829,2.36344,0.46137
2412.30000,-1.33791,2.36364,0.50071
2412.35000,-1.33753,2.36387,0.53046
2412.40000,-1.33711,2.36416,0.54199
2412.45000,-1.33559,2.36508,0.54288
2412.50000,-1.33282,2.36675,0.53753
2412.55000,-1.32866,2.36921,0.52562
2412.60000,-1.32297,2.37246,0.50648
2412.65000,-1.31520,2.37664,0.47827
2412.70000,-1.30624,2.38110,0.44558
2412.75000,-1.29787,2.38490,0.40951
2412.80000,-1.28961,2.38831,0.38859
2412.85000,-1.28180,2.39146,0.38843
2412.90000,-1.27682,2.39347,0.40261
2412.95000,-1.27462,2.39443,0.42831
2413.00000,-1.27428,2.39459,0.46222
2413.05000,-1.27403,2.39472,0.49644
2413.10000,-1.27378,2.39486,0.53045
2413.15000,-1.27354,2.39500,0.56424
2413.20000,-1.27331,2.39517,0.58854
2413.25000,-1.27289,2.39548,0.59668
2413.30000,-1.27128,2.39658,0.59540
2413.35000,-1.26850,2.39846,0.58841
2413.40000,-1.26419,2.40130,0.57375
2413.45000,-1.25801,2.40520,0.55050
2413.50000,-1.24998,2.40994,0.51822
2413.55000,-1.24162,2.41451,0.48221
2413.60000,-1.23326,2.41872,0.46099
2413.65000,-1.22591,2.42233,0.45891
2413.70000,-1.22049,2.42498,0.46766
2413.75000,-1.21832,2.42599,0.49374
2413.80000,-1.21775,2.42631,0.52627
2413.85000,-1.21691,2.42679,0.56022
2413.90000,-1.21665,2.42696,0.59117
2413.95000,-1.21644,2.42711,0.62170
2414.00000,-1.21645,2.42714,0.63748
2414.05000,-1.21453,2.42861,0.63247
2414.10000,-1.20996,2.43189,0.61201
2414.15000,-1.20375,2.43612,0.58237
2414.20000,-1.19634,2.44081,0.54651
2414.25000,-1.18851,2.44537,0.50913
2414.30000,-1.18090,2.44947,0.48905
2414.35000,-1.17401,2.45311,0.48752
2414.40000,-1.16902,2.45574,0.49709
2414.45000,-1.16545,2.45768,0.51527
2414.50000,-1.16388,2.45852,0.54463
2414.55000,-1.16301,2.45905,0.57782
2414.60000,-1.16216,2.45961,0.61094
2414.65000,-1.16134,2.46018,0.64362
2414.70000,-1.16051,2.46081,0.67619
2414.75000,-1.16000,2.46112,0.69188
2414.80000,-1.15854,2.46234,0.68953
2414.85000,-1.15433,2.46576,0.67079
2414.90000,-1.14843,2.47031,0.64186
2414.95000,-1.14132,2.47543,0.60668
2415.00000,-1.13374,2.48058,0.58386
2415.05000,-1.12735,2.48477,0.58111
2415.10000,-1.12367,2.48719,0.59494
2415.15000,-1.12257,2.48787,0.62360
2415.20000,-1.12182,2.48841,0.65474
2415.25000,-1.12107,2.48900,0.68601
2415.30000,-1.12039,2.48956,0.71656
2415.35000,-1.11997,2.48991,0.73243
2415.40000,-1.11794,2.49176,0.72726
2415.45000,-1.11364,2.49551,0.70682
2415.50000,-1.10784,2.50032,0.67753
2415.55000,-1.10091,2.50569,0.64202
2415.60000,-1.09357,2.51105,0.61964
2415.65000,-1.08753,2.51533,0.61663
2415.70000,-1.08394,2.51789,0.62855
2415.75000,-1.08281,2.51871,0.65554
2415.80000,-1.08211,2.51925,0.68526
2415.85000,-1.08147,2.51978,0.71479
2415.90000,-1.08084,2.52034,0.74432
2415.95000,-1.08019,2.52097,0.77352
2416.00000,-1.08005,2.52111,0.78874
2416.05000,-1.07842,2.52276,0.78490
2416.10000,-1.07437,2.52673,0.76449
2416.15000,-1.06889,2.53183,0.73514
2416.20000,-1.06230,2.53757,0.69955
2416.25000,-1.05510,2.54355,0.67537
2416.30000,-1.04916,2.54828,0.66959
2416.35000,-1.04617,2.55066,0.68190
2416.40000,-1.04559,2.55112,0.70959
2416.45000,-1.04505,2.55159,0.73785
2416.50000,-1.04482,2.55179,0.76496
2416.55000,-1.04465,2.55194,0.79201
2416.60000,-1.04461,2.55201,0.80622
2416.65000,-1.04279,2.55392,0.80015
2416.70000,-1.03877,2.55798,0.77938
2416.75000,-1.03334,2.56319,0.74949
2416.80000,-1.02683,2.56903,0.71343
2416.85000,-1.01993,2.57496,0.68808
2416.90000,-1.01414,2.57968,0.68212
2416.95000,-1.01023,2.58287,0.68817
2417.00000,-1.00792,2.58476,0.70425
2417.05000,-1.00730,2.58529,0.73171
2417.10000,-1.00664,2.58590,0.75979
2417.15000,-1.00615,2.58636,0.78736
2417.20000,-1.00566,2.58685,0.81471
2417.25000,-1.00520,2.58734,0.84161
2417.30000,-1.00509,2.58749,0.85415
2417.35000,-1.00285,2.59006,0.84617
2417.40000,-0.99884,2.59449,0.82506
2417.45000,-0.99342,2.60018,0.79580
2417.50000,-0.98695,2.60655,0.76105
2417.55000,-0.98006,2.61302,0.73852
2417.60000,-0.97504,2.61760,0.73582
2417.65000,-0.97264,2.61979,0.74787
2417.70000,-0.97220,2.62021,0.77176
2417.75000,-0.97193,2.62048,0.79687
2417.80000,-0.97183,2.62058,0.82348
2417.85000,-0.97154,2.62088,0.84840
2417.90000,-0.97124,2.62122,0.87381
2417.95000,-0.97086,2.62169,0.90003
2418.00000,-0.97065,2.62200,0.91008
2418.05000,-0.96839,2.62487,0.90093
2418.10000,-0.96462,2.62952,0.87934
2418.15000,-0.95962,2.63536,0.84942
2418.20000,-0.95365,2.64191,0.81387
2418.25000,-0.94742,2.64839,0.79203
2418.30000,-0.94290,2.65296,0.78952
2418.35000,-0.94137,2.65455,0.80466
2418.40000,-0.94115,2.65477,0.82889
2418.45000,-0.94095,2.65499,0.85270
2418.50000,-0.94080,2.65516,0.87572
2418.55000,-0.94070,2.65531,0.89936
2418.60000,-0.94033,2.65581,0.92313
2418.65000,-0.94014,2.65606,0.94598
2418.70000,-0.93996,2.65633,0.95411
2418.75000,-0.93789,2.65920,0.94501
2418.80000,-0.93425,2.66411,0.92302
2418.85000,-0.92933,2.67039,0.89348
2418.90000,-0.92344,2.67746,0.85875
2418.95000,-0.91743,2.68440,0.83114
2419.00000,-0.91290,2.68941,0.82508
2419.05000,-0.91044,2.69210,0.83238
2419.10000,-0.90926,2.69340,0.84755
2419.15000,-0.90927,2.69339,0.86982
2419.20000,-0.90950,2.69311,0.89343
2419.25000,-0.90972,2.69284,0.91673
2419.30000,-0.90992,2.69257,0.93966
2419.35000,-0.91009,2.69232,0.96221
2419.40000,-0.91026,2.69208,0.98447
2419.45000,-0.91023,2.69205,1.00009
2419.50000,-0.90931,2.69341,1.00035
2419.55000,-0.90615,2.69821,0.98130
2419.60000,-0.90183,2.70445,0.95185
2419.65000,-0.89659,2.71153,0.91625
2419.70000,-0.89098,2.71885,0.88718
2419.75000,-0.88643,2.72462,0.87642
2419.80000,-0.88364,2.72798,0.87895
2419.85000,-0.88213,2.72982,0.88987
2419.90000,-0.88176,2.73028,0.90808
2419.95000,-0.88147,2.73066,0.92949
2420.00000,-0.88118,2.73109,0.95126
2420.05000,-0.88084,2.73160,0.97308
2420.10000,-0.88044,2.73221,0.99473
2420.15000,-0.88013,2.73268,1.01544
2420.20000,-0.87990,2.73307,1.02234
2420.25000,-0.87788,2.73629,1.01153
2420.30000,-0.87452,2.74151,0.98884
2420.35000,-0.87014,2.74794,0.95767
2420.40000,-0.86490,2.75509,0.92093
2420.45000,-0.85940,2.76232,0.89083
2420.50000,-0.85507,2.76769,0.88070
2420.55000,-0.85217,2.77125,0.88264
2420.60000,-0.85035,2.77356,0.89272
2420.65000,-0.84980,2.77427,0.91357
2420.70000,-0.84957,2.77456,0.93532
2420.75000,-0.84931,2.77493,0.95737
2420.80000,-0.84900,2.77539,0.97952
2420.85000,-0.84903,2.77537,0.98754
2420.90000,-0.84891,2.77553,0.98848
2420.95000,-0.84861,2.77595,1.00682
2421.00000,-0.84844,2.77633,1.01662
2421.05000,-0.84853,2.77647,1.00206
2421.10000,-0.84732,2.77827,0.96845
2421.15000,-0.84487,2.78165,0.92465
2421.20000,-0.84084,2.78675,0.87850
2421.25000,-0.83585,2.79247,0.82878
2421.30000,-0.82999,2.79853,0.77682
2421.35000,-0.82391,2.80448,0.73268
2421.40000,-0.81864,2.80934,0.70059
2421.45000,-0.81507,2.81227,0.67890
2421.50000,-0.81243,2.81434,0.67026
2421.55000,-0.80996,2.81625,0.64114
2421.60000,-0.80552,2.81943,0.60199
2421.65000,-0.80099,2.82243,0.57815
2421.70000,-0.79750,2.82468,0.56703
2421.75000,-0.79385,2.82698,0.53768
2421.80000,-0.78994,2.82925,0.51776
2421.85000,-0.78636,2.83130,0.52115
2421.90000,-0.78548,2.83176,0.54247
2421.95000,-0.78497,2.83207,0.55463
2422.00000,-0.78471,2.83219,0.54857
2422.05000,-0.78440,2.83238,0.53154
2422.10000,-0.78239,2.83355,0.50522
2422.15000,-0.77859,2.83559,0.46807
2422.20000,-0.77260,2.83843,0.42108
2422.25000,-0.76665,2.84090,0.36513
2422.30000,-0.76103,2.84296,0.31888
2422.35000,-0.75512,2.84488,0.30519
2422.40000,-0.75176,2.84591,0.31187
2422.45000,-0.75153,2.84598,0.31320
2422.50000,-0.75134,2.84604,0.30622
2422.55000,-0.75114,2.84607,0.31121
2422.60000,-0.75095,2.84611,0.32791
2422.65000,-0.75082,2.84615,0.34781
2422.70000,-0.75069,2.84620,0.36752
2422.75000,-0.75055,2.84626,0.38700
2422.80000,-0.75041,2.84632,0.40258
2422.85000,-0.75048,2.84621,0.40648
2422.90000,-0.75057,2.84613,0.39289
2422.95000,-0.74990,2.84658,0.36191
2423.00000,-0.74699,2.84760,0.31549
2423.05000,-0.74200,2.84908,0.26086
2423.10000,-0.73596,2.85050,0.20329
2423.15000,-0.72965,2.85169,0.15660
2423.20000,-0.72507,2.85232,0.12695
2423.25000,-0.72141,2.85272,0.10056
2423.30000,-0.71890,2.85295,0.08292
2423.35000,-0.71687,2.85314,0.04907
2423.40000,-0.71405,2.85322,0.01802
2423.45000,-0.71113,2.85323,0.01090
2423.50000,-0.70839,2.85324,0.01874
2423.55000,-0.70739,2.85324,0.03506
2423.60000,-0.70720,2.85325,0.05471
2423.65000,-0.70701,2.85326,0.07473
2423.70000,-0.70681,2.85328,0.09501
2423.75000,-0.70662,2.85330,0.11554
2423.80000,-0.70643,2.85332,0.13627
2423.85000,-0.70624,2.85335,0.15722
2423.90000,-0.70605,2.85338,0.17838
2423.95000,-0.70587,2.85342,0.19973
2424.00000,-0.70568,2.85346,0.21869
2424.05000,-0.70571,2.85333,0.22095
2424.10000,-0.70578,2.85319,0.20604
2424.15000,-0.70506,2.85332,0.17436
2424.20000,-0.70163,2.85385,0.13132
2424.25000,-0.69667,2.85441,0.09283
2424.30000,-0.69316,2.85467,0.06777
2424.35000,-0.68992,2.85486,0.02918
2424.40000,-0.68600,2.85489,-0.00554
2424.45000,-0.68180,2.85489,-0.01724
2424.50000,-0.67823,2.85488,-0.00969
2424.55000,-0.67722,2.85488,-0.00079
2424.60000,-0.67649,2.85488,-0.00944
2424.65000,-0.67533,2.85482,-0.04186
2424.70000,-0.67212,2.85458,-0.08915
2424.75000,-0.66809,2.85425,-0.13062
2424.80000,-0.66396,2.85378,-0.15029
2424.85000,-0.65986,2.85331,-0.15032
2424.90000,-0.65683,2.85312,-0.13908
2424.95000,-0.65508,2.85292,-0.12728
2425.00000,-0.65409,2.85276,-0.12228
2425.05000,-0.65343,2.85269,-0.10219
2425.10000,-0.65290,2.85266,-0.07738
2425.15000,-0.65244,2.85263,-0.05264
2425.20000,-0.65216,2.85262,-0.02870
2425.25000,-0.65164,2.85261,-0.01512
2425.30000,-0.65146,2.85260,-0.02433
2425.35000,-0.65092,2.85252,-0.05329
2425.40000,-0.64796,2.85224,-0.09569
2425.45000,-0.64211,2.85153,-0.14211
2425.50000,-0.63513,2.85035,-0.19237
2425.55000,-0.62788,2.84901,-0.23624
2425.60000,-0.62053,2.84752,-0.25856
2425.65000,-0.61334,2.84599,-0.26367
2425.70000,-0.60762,2.84461,-0.26039
2425.75000,-0.60341,2.84358,-0.24971
2425.80000,-0.60097,2.84311,-0.23087
2425.85000,-0.59973,2.84289,-0.20740
2425.90000,-0.59957,2.84289,-0.17929
2425.95000,-0.59979,2.84293,-0.16330
2426.00000,-0.60021,2.84308,-0.16584
2426.05000,-0.59972,2.84285,-0.18765
2426.10000,-0.59641,2.84208,-0.22594
2426.15000,-0.59164,2.84095,-0.25828
2426.20000,-0.58816,2.84015,-0.27799
2426.25000,-0.58493,2.83915,-0.31386
2426.30000,-0.58064,2.83766,-0.34304
2426.35000,-0.57599,2.83587,-0.34336
2426.40000,-0.57295,2.83510,-0.32239
2426.45000,-0.57215,2.83501,-0.29191
2426.50000,-0.57191,2.83493,-0.26119
2426.55000,-0.57162,2.83485,-0.23027
2426.60000,-0.57113,2.83473,-0.19836
2426.65000,-0.57024,2.83458,-0.16451
2426.70000,-0.56932,2.83447,-0.13053
2426.75000,-0.56878,2.83449,-0.11018
2426.80000,-0.56900,2.83456,-0.11723
2426.85000,-0.56787,2.83428,-0.14068
2426.90000,-0.56354,2.83353,-0.17768
2426.95000,-0.55703,2.83219,-0.21957
2427.00000,-0.54990,2.83060,-0.24961
2427.05000,-0.54300,2.82898,-0.25191
2427.10000,-0.53808,2.82788,-0.23818
2427.15000,-0.53547,2.82749,-0.21382
2427.20000,-0.53475,2.82736,-0.19762
2427.25000,-0.53424,2.82730,-0.20160
2427.30000,-0.53277,2.82691,-0.22383
2427.35000,-0.52855,2.82583,-0.26068
2427.40000,-0.52279,2.82415,-0.30527
2427.45000,-0.51611,2.82186,-0.35447
2427.50000,-0.50906,2.81924,-0.39729
2427.55000,-0.50169,2.81624,-0.41568
2427.60000,-0.49418,2.81300,-0.41617
2427.65000,-0.48824,2.81049,-0.40433
2427.70000,-0.48568,2.80966,-0.37421
2427.75000,-0.48518,2.80946,-0.33671
2427.80000,-0.48414,2.80912,-0.29677
2427.85000,-0.48322,2.80886,-0.25737
2427.90000,-0.48219,2.80861,-0.21769
2427.95000,-0.48171,2.80865,-0.19272
2428.00000,-0.48147,2.80865,-0.19681
2428.05000,-0.47899,2.80807,-0.21917
2428.10000,-0.47405,2.80686,-0.25378
2428.15000,-0.46775,2.80508,-0.29544
2428.20000,-0.46046,2.80268,-0.34174
2428.25000,-0.45285,2.79996,-0.38349
2428.30000,-0.44495,2.79691,-0.40313
2428.35000,-0.43721,2.79374,-0.39956
2428.40000,-0.43190,2.79168,-0.37941
2428.45000,-0.42862,2.79043,-0.34724
2428.50000,-0.42568,2.78943,-0.31248
2428.55000,-0.42366,2.78883,-0.27296
2428.60000,-0.42310,2.78867,-0.23134
2428.65000,-0.42246,2.78851,-0.18950
2428.70000,-0.42208,2.78856,-0.16216
2428.75000,-0.42194,2.78852,-0.16269
2428.80000,-0.41910,2.78793,-0.18239
2428.85000,-0.41368,2.78683,-0.21429
2428.90000,-0.40685,2.78519,-0.25337
2428.95000,-0.39898,2.78297,-0.29722
2429.00000,-0.39075,2.78044,-0.33655
2429.05000,-0.38227,2.77760,-0.35486
2429.10000,-0.37394,2.77463,-0.35128
2429.15000,-0.36839,2.77279,-0.32909
2429.20000,-0.36562,2.77199,-0.29457
2429.25000,-0.36526,2.77187,-0.25223
2429.30000,-0.36495,2.77178,-0.21026
2429.35000,-0.36443,2.77168,-0.16769
2429.40000,-0.36428,2.77166,-0.12705
2429.45000,-0.36414,2.77164,-0.08680
2429.50000,-0.36417,2.77163,-0.05978
2429.55000,-0.36396,2.77154,-0.05831
2429.60000,-0.36186,2.77131,-0.07017
2429.65000,-0.35707,2.77083,-0.09527
2429.70000,-0.35006,2.77002,-0.13231
2429.75000,-0.34184,2.76875,-0.17427
2429.80000,-0.33315,2.76702,-0.21900
2429.85000,-0.32449,2.76489,-0.26235
2429.90000,-0.31587,2.76256,-0.29893
2429.95000,-0.30704,2.75997,-0.31688
2430.00000,-0.29815,2.75722,-0.31604
2430.05000,-0.29056,2.75487,-0.30488
2430.10000,-0.28436,2.75331,-0.28388
2430.15000,-0.28026,2.75241,-0.25431
2430.20000,-0.27945,2.75221,-0.21378
2430.25000,-0.27933,2.75218,-0.17028
2430.30000,-0.27921,2.75217,-0.12713
2430.35000,-0.27908,2.75215,-0.08443
2430.40000,-0.27896,2.75214,-0.04219
2430.45000,-0.27882,2.75214,-0.01122
2430.50000,-0.27880,2.75213,-0.00037
2430.55000,-0.27756,2.75212,-0.00427
2430.60000,-0.27463,2.75205,-0.01637
2430.65000,-0.26900,2.75184,-0.04215
2430.70000,-0.26050,2.75131,-0.07845
2430.75000,-0.25085,2.75036,-0.11705
2430.80000,-0.24102,2.74904,-0.15439
2430.85000,-0.23176,2.74741,-0.19469
2430.90000,-0.22350,2.74572,-0.21773
2430.95000,-0.21569,2.74416,-0.22528
2431.00000,-0.20789,2.74260,-0.22937
2431.05000,-0.20010,2.74101,-0.22073
2431.10000,-0.19356,2.73962,-0.20069
2431.15000,-0.18936,2.73882,-0.16980
2431.20000,-0.18757,2.73854,-0.12828
2431.25000,-0.18743,2.73853,-0.07980
2431.30000,-0.18734,2.73852,-0.03135
2431.35000,-0.18725,2.73852,0.01649
2431.40000,-0.18713,2.73856,0.05677
2431.45000,-0.18693,2.73872,0.08229
2431.50000,-0.18676,2.73906,0.08580
2431.55000,-0.18528,2.73954,0.08196
2431.60000,-0.18049,2.74015,0.06337
2431.65000,-0.17247,2.74055,0.03031
2431.70000,-0.16266,2.74066,-0.00692
2431.75000,-0.15267,2.74041,-0.04341
2431.80000,-0.14268,2.73979,-0.08025
2431.85000,-0.13273,2.73881,-0.11743
2431.90000,-0.12291,2.73774,-0.14868
2431.95000,-0.11322,2.73678,-0.17251
2432.00000,-0.10352,2.73580,-0.19306
2432.05000,-0.09360,2.73458,-0.20281
2432.10000,-0.08366,2.73335,-0.21105
2432.15000,-0.07372,2.73210,-0.21847
2432.20000,-0.06370,2.73077,-0.22147
2432.25000,-0.05346,2.72916,-0.20697
2432.30000,-0.04443,2.72758,-0.17711
2432.35000,-0.03763,2.72649,-0.13633
2432.40000,-0.03309,2.72597,-0.08523
2432.45000,-0.03088,2.72584,-0.02421
2432.50000,-0.03061,2.72584,0.04454
2432.55000,-0.03052,2.72586,0.10464
2432.60000,-0.03058,2.72578,0.14215
2432.65000,-0.03077,2.72584,0.15462
2432.70000,-0.02847,2.72644,0.15071
2432.75000,-0.02235,2.72742,0.12847
2432.80000,-0.01425,2.72833,0.09452
2432.85000,-0.00529,2.72901,0.05621
2432.90000,0.00374,2.72934,0.01770
2432.95000,0.01263,2.72932,-0.02414
2433.00000,0.02156,2.72891,-0.06636
2433.05000,0.02971,2.72821,-0.11424
2433.10000,0.03711,2.72716,-0.16976
2433.15000,0.04491,2.72559,-0.22730
2433.20000,0.05302,2.72346,-0.28596
2433.25000,0.06113,2.72081,-0.34464
2433.30000,0.06908,2.71769,-0.40287
2433.35000,0.07685,2.71411,-0.46013
2433.40000,0.08443,2.71008,-0.51674
2433.45000,0.09179,2.70563,-0.57236
2433.50000,0.09890,2.70076,-0.62747
2433.55000,0.10575,2.69550,-0.68177
2433.60000,0.11232,2.68987,-0.73494
2433.65000,0.11862,2.68387,-0.78724
2433.70000,0.12458,2.67756,-0.83912
2433.75000,0.12906,2.67234,-0.89220
2433.80000,0.13140,2.66927,-0.95315
2433.85000,0.13241,2.66777,-1.02207
2433.90000,0.13264,2.66736,-1.09630
2433.95000,0.13269,2.66727,-1.17183
2434.00000,0.13272,2.66718,-1.24708
2434.05000,0.13275,2.66709,-1.32207
2434.10000,0.13277,2.66700,-1.39687
2434.15000,0.13278,2.66691,-1.47156
2434.20000,0.13278,2.66682,-1.54621
2434.25000,0.13278,2.66673,-1.62094
2434.30000,0.13277,2.66665,-1.69586
2434.35000,0.13276,2.66657,-1.77114
2434.40000,0.13274,2.66649,-1.84694
2434.45000,0.13272,2.66642,-1.92349
2434.50000,0.13269,2.66635,-2.00095
2434.55000,0.13266,2.66628,-2.07942
2434.60000,0.13262,2.66622,-2.15835
2434.65000,0.13258,2.66616,-2.23703
2434.70000,0.13253,2.66611,-2.31496
2434.75000,0.13248,2.66605,-2.39212
2434.80000,0.13242,2.66601,-2.46846
2434.85000,0.13237,2.66596,-2.54399
2434.90000,0.13231,2.66593,-2.61866
2434.95000,0.13224,2.66589,-2.69252
2435.00000,0.13218,2.66586,-2.76547
2435.05000,0.13211,2.66584,-2.83760
2435.10000,0.13204,2.66582,-2.90884
2435.15000,0.13197,2.66581,-2.97916
2435.20000,0.13190,2.66580,-3.04851
2435.25000,0.13183,2.66579,-3.11702
2435.30000,0.13176,2.66580,3.09794
2435.35000,0.13169,2.66580,3.02985
2435.40000,0.13162,2.66581,2.96198
2435.45000,0.13155,2.66583,2.89491
2435.50000,0.13148,2.66585,2.82873
2435.55000,0.13141,2.66587,2.76346
2435.60000,0.13135,2.66590,2.69913
2435.65000,0.13129,2.66593,2.63583
2435.70000,0.13122,2.66600,2.58399
2435.75000,0.12907,2.66757,2.55947
2435.80000,0.12294,2.67165,2.55535
2435.85000,0.11486,2.67699,2.56234
2435.90000,0.10647,2.68242,2.57100
2435.95000,0.09804,2.68777,2.57937
2436.00000,0.08949,2.69310,2.58865
2436.05000,0.08092,2.69833,2.59891
2436.10000,0.07227,2.70348,2.60897
2436.15000,0.06361,2.70853,2.61971
2436.20000,0.05484,2.71351,2.63084
2436.25000,0.04597,2.71841,2.64253
2436.30000,0.03705,2.72320,2.65483
2436.35000,0.02794,2.72794,2.66722
2436.40000,0.01875,2.73258,2.68018
2436.45000,0.00947,2.73712,2.69338
2436.50000,0.00012,2.74153,2.70688
2436.55000,-0.00914,2.74574,2.72084
2436.60000,-0.01853,2.74985,2.73509
2436.65000,-0.02799,2.75383,2.74952
2436.70000,-0.03747,2.75767,2.76482
2436.75000,-0.04704,2.76136,2.78029
2436.80000,-0.05667,2.76491,2.79668
2436.85000,-0.06635,2.76828,2.81303
2436.90000,-0.07600,2.77148,2.82923
2436.95000,-0.08536,2.77441,2.84608
2437.00000,-0.09472,2.77718,2.86343
2437.05000,-0.10392,2.77972,2.88174
2437.10000,-0.11317,2.78208,2.90067
2437.15000,-0.12288,2.78437,2.91816
2437.20000,-0.13264,2.78650,2.93620
2437.25000,-0.14187,2.78805,2.94340
2437.30000,-0.15073,2.78927,2.93453
2437.35000,-0.15573,2.79034,2.89164
2437.40000,-0.15872,2.79119,2.83107
2437.45000,-0.16077,2.79192,2.75964
2437.50000,-0.16215,2.79252,2.71113
2437.55000,-0.16373,2.79328,2.69597
2437.60000,-0.16647,2.79461,2.68766
2437.65000,-0.17042,2.79655,2.68490
2437.70000,-0.17550,2.79905,2.68782
2437.75000,-0.18185,2.80213,2.69696
2437.80000,-0.18942,2.80569,2.71339
2437.85000,-0.19831,2.80966,2.73836
2437.90000,-0.20631,2.81290,2.76739
2437.95000,-0.21300,2.81536,2.80605
2438.00000,-0.21788,2.81687,2.83313
2438.05000,-0.22215,2.81772,2.82906
2438.10000,-0.22469,2.81855,2.79482
2438.15000,-0.22841,2.81999,2.74999
2438.20000,-0.23307,2.82206,2.69841
2438.25000,-0.23727,2.82420,2.63772
2438.30000,-0.24061,2.82603,2.58298
2438.35000,-0.24382,2.82777,2.54364
2438.40000,-0.24691,2.82942,2.51485
2438.45000,-0.25002,2.83113,2.49979
2438.50000,-0.25310,2.83285,2.49653
2438.55000,-0.25616,2.83482,2.50287
2438.60000,-0.25999,2.83763,2.51701
2438.65000,-0.26550,2.84152,2.54034
2438.70000,-0.27311,2.84657,2.57358
2438.75000,-0.28164,2.85179,2.60974
2438.80000,-0.29034,2.85669,2.64734
2438.85000,-0.29922,2.86126,2.68637
2438.90000,-0.30803,2.86535,2.72728
2438.95000,-0.31668,2.86893,2.77118
2439.00000,-0.32538,2.87208,2.81828
2439.05000,-0.33422,2.87480,2.86673
2439.10000,-0.34310,2.87708,2.91605
2439.15000,-0.35233,2.87896,2.96729
2439.20000,-0.36103,2.88028,3.01488
2439.25000,-0.36941,2.88103,3.04969
2439.30000,-0.37690,2.88107,3.06026
2439.35000,-0.38365,2.88078,3.05066
2439.40000,-0.38935,2.88079,3.01483
2439.45000,-0.39310,2.88129,2.96019
2439.50000,-0.39833,2.88241,2.90312
2439.55000,-0.40389,2.88374,2.85242
2439.60000,-0.40976,2.88543,2.82279
2439.65000,-0.41608,2.88765,2.82172
2439.70000,-0.42270,2.89021,2.83728
2439.75000,-0.42970,2.89291,2.86479
2439.80000,-0.43703,2.89484,2.90805
2439.85000,-0.44550,2.89667,2.95435
2439.90000,-0.45408,2.89808,3.00208
2439.95000,-0.46295,2.89910,3.05107
2440.00000,-0.47159,2.89968,3.09768
2440.05000,-0.47981,2.89987,3.13242
2440.10000,-0.48726,2.89988,-3.13853
2440.15000,-0.49417,2.89988,3.13650
2440.20000,-0.50031,2.89994,3.10485
2440.25000,-0.50461,2.90012,3.05271
2440.30000,-0.50858,2.90060,2.99478
2440.35000,-0.51280,2.90121,2.94496
2440.40000,-0.51742,2.90227,2.92137
2440.45000,-0.52246,2.90364,2.92422
2440.50000,-0.52778,2.90511,2.94387
2440.55000,-0.53448,2.90636,2.98064
2440.60000,-0.54179,2.90742,3.02439
2440.65000,-0.54924,2.90810,3.07529
2440.70000,-0.55729,2.90842,3.12919
2440.75000,-0.56543,2.90829,-3.09678
2440.80000,-0.57312,2.90771,-3.03536
2440.85000,-0.58064,2.90667,-2.97166
2440.90000,-0.58831,2.90509,-2.90752
2440.95000,-0.59602,2.90299,-2.84307
2441.00000,-0.60373,2.90034,-2.77852
2441.05000,-0.61128,2.89719,-2.71370
2441.10000,-0.61875,2.89349,-2.64909
2441.15000,-0.62601,2.88928,-2.58446
2441.20000,-0.63301,2.88460,-2.51981
2441.25000,-0.63972,2.87946,-2.45517
2441.30000,-0.64607,2.87390,-2.39042
2441.35000,-0.65129,2.86868,-2.32163
2441.40000,-0.65628,2.86296,-2.25356
2441.45000,-0.66033,2.85761,-2.18213
2441.50000,-0.66374,2.85234,-2.10896
2441.55000,-0.66681,2.84674,-2.03615
2441.60000,-0.66951,2.84085,-1.96363
2441.65000,-0.67182,2.83464,-1.89162
2441.70000,-0.67371,2.82821,-1.81986
2441.75000,-0.67514,2.82157,-1.74846
2441.80000,-0.67612,2.81472,-1.67749
2441.85000,-0.67662,2.80771,-1.60697
2441.90000,-0.67663,2.80174,-1.53251
2441.95000,-0.67621,2.79616,-1.45658
2442.00000,-0.67534,2.79050,-1.38122
2442.05000,-0.67402,2.78478,-1.30631
2442.10000,-0.67224,2.77905,-1.23187
2442.15000,-0.66999,2.77335,-1.15787
2442.20000,-0.66728,2.76773,-1.08430
2442.25000,-0.66410,2.76222,-1.01115
2442.30000,-0.66048,2.75688,-0.93839
2442.35000,-0.65641,2.75173,-0.86599
2442.40000,-0.65193,2.74684,-0.79393
2442.45000,-0.64705,2.74222,-0.72217
2442.50000,-0.64180,2.73792,-0.65069
2442.55000,-0.63620,2.73396,-0.57947
2442.60000,-0.63047,2.73049,-0.50931
2442.65000,-0.62471,2.72753,-0.44047
2442.70000,-0.61898,2.72506,-0.37296
2442.75000,-0.61332,2.72306,-0.30677
2442.80000,-0.60778,2.72150,-0.24189
2442.85000,-0.60241,2.72035,-0.17833
2442.90000,-0.59726,2.71959,-0.11612
2442.95000,-0.59238,2.71917,-0.05524
2443.00000,-0.58775,2.71905,0.00433
2443.05000,-0.58335,2.71919,0.06262
2443.10000,-0.57922,2.71957,0.11963
2443.15000,-0.57537,2.72014,0.17535
2443.20000,-0.56921,2.72146,0.22633
2443.25000,-0.56082,2.72360,0.27480
2443.30000,-0.55302,2.72602,0.32900
2443.35000,-0.54417,2.72935,0.38305
2443.40000,-0.53496,2.73331,0.43381
2443.45000,-0.52714,2.73718,0.48711
2443.50000,-0.51952,2.74121,0.53344
2443.55000,-0.51176,2.74544,0.56138
2443.60000,-0.50375,2.74996,0.57208
2443.65000,-0.49561,2.75470,0.57159
2443.70000,-0.48743,2.75989,0.55653
2443.75000,-0.47915,2.76496,0.54004
2443.80000,-0.47080,2.76988,0.52359
2443.85000,-0.46247,2.77460,0.50572
2443.90000,-0.45401,2.77918,0.48729
2443.95000,-0.44528,2.78370,0.46890
2444.00000,-0.43643,2.78806,0.45020
2444.05000,-0.42757,2.79223,0.43035
2444.10000,-0.41844,2.79631,0.41097
2444.15000,-0.40923,2.80021,0.39087
2444.20000,-0.39995,2.80393,0.37045
2444.25000,-0.39059,2.80745,0.34923
2444.30000,-0.38116,2.81077,0.32774
2444.35000,-0.37165,2.81389,0.30602
2444.40000,-0.36209,2.81679,0.28368
2444.45000,-0.35257,2.81943,0.26023
2444.50000,-0.34349,2.82172,0.23473
2444.55000,-0.33435,2.82376,0.20883
2444.60000,-0.32518,2.82558,0.18259
2444.65000,-0.31595,2.82714,0.15658
2444.70000,-0.30671,2.82847,0.12999
2444.75000,-0.29743,2.82954,0.10323
2444.80000,-0.28813,2.83037,0.07636
2444.85000,-0.27881,2.83095,0.04965
2444.90000,-0.26949,2.83128,0.02264
2444.95000,-0.26016,2.83135,-0.00444
2445.00000,-0.25085,2.83117,-0.03182
2445.05000,-0.24153,2.83073,-0.05858
2445.10000,-0.23222,2.83005,-0.08541
2445.15000,-0.22294,2.82910,-0.11264
2445.20000,-0.21370,2.82791,-0.14012
2445.25000,-0.20451,2.82646,-0.16824
2445.30000,-0.19537,2.82476,-0.19660
2445.35000,-0.18629,2.82279,-0.22518
2445.40000,-0.17728,2.82058,-0.25411
2445.45000,-0.16834,2.81810,-0.28344
2445.50000,-0.15949,2.81536,-0.31297
2445.55000,-0.15072,2.81236,-0.34240
2445.60000,-0.14199,2.80927,-0.36299
2445.65000,-0.13329,2.80617,-0.36456
2445.70000,-0.12665,2.80410,-0.35919
2445.75000,-0.12187,2.80269,-0.37202
2445.80000,-0.11889,2.80176,-0.41067
2445.85000,-0.11717,2.80097,-0.46607
2445.90000,-0.11698,2.80087,-0.52938
2445.95000,-0.11690,2.80082,-0.59316
2446.00000,-0.11682,2.80077,-0.65676
2446.05000,-0.11675,2.80071,-0.72020
2446.10000,-0.11669,2.80065,-0.78345
2446.15000,-0.11662,2.80058,-0.84648
2446.20000,-0.11656,2.80051,-0.90927
2446.25000,-0.11651,2.80044,-0.97179
2446.30000,-0.11646,2.80036,-1.03403
2446.35000,-0.11642,2.80028,-1.09596
2446.40000,-0.11638,2.80020,-1.15755
2446.45000,-0.11634,2.80011,-1.21875
2446.50000,-0.11631,2.80002,-1.27952
2446.55000,-0.11629,2.79993,-1.33982
2446.60000,-0.11627,2.79984,-1.39963
2446.65000,-0.11626,2.79975,-1.45894
2446.70000,-0.11625,2.79965,-1.51773
2446.75000,-0.11625,2.79956,-1.57600
2446.80000,-0.11625,2.79946,-1.63372
2446.85000,-0.11626,2.79937,-1.69090
2446.90000,-0.11627,2.79927,-1.74752
2446.95000,-0.11629,2.79918,-1.80356
2447.00000,-0.11632,2.79909,-1.85902
2447.05000,-0.11635,2.79899,-1.91389
2447.10000,-0.11639,2.79890,-1.96817
2447.15000,-0.11643,2.79881,-2.02183
2447.20000,-0.11647,2.79872,-2.07488
2447.25000,-0.11652,2.79864,-2.12731
2447.30000,-0.11657,2.79856,-2.17911
2447.35000,-0.11663,2.79848,-2.23027
2447.40000,-0.11670,2.79840,-2.28078
2447.45000,-0.11676,2.79833,-2.33065
2447.50000,-0.11683,2.79826,-2.37986
2447.55000,-0.11691,2.79819,-2.42842
2447.60000,-0.11698,2.79813,-2.47632
2447.65000,-0.11706,2.79807,-2.52355
2447.70000,-0.11714,2.79801,-2.57011
2447.75000,-0.11723,2.79796,-2.61599
2447.80000,-0.11732,2.79791,-2.66119
2447.85000,-0.11740,2.79787,-2.70569
2447.90000,-0.11750,2.79783,-2.74950
2447.95000,-0.11759,2.79779,-2.79261
2448.00000,-0.11768,2.79776,-2.83500
2448.05000,-0.11778,2.79773,-2.87668
2448.10000,-0.11787,2.79771,-2.91764
2448.15000,-0.11797,2.79769,-2.95787
2448.20000,-0.11807,2.79767,-2.99738
2448.25000,-0.11817,2.79766,-3.03616
2448.30000,-0.12027,2.79737,-3.07425
2448.35000,-0.12737,2.79699,-3.11016
2448.40000,-0.13684,2.79687,3.13634
2448.45000,-0.14684,2.79710,3.10036
2448.50000,-0.15682,2.79769,3.06504
2448.55000,-0.16677,2.79863,3.03038
2448.60000,-0.17669,2.79990,2.99641
2448.65000,-0.18656,2.80152,2.96312
2448.70000,-0.19637,2.80345,2.93051
2448.75000,-0.20548,2.80557,2.89615
2448.80000,-0.21444,2.80799,2.86214
2448.85000,-0.22333,2.81071,2.82903
2448.90000,-0.23215,2.81373,2.79672
2448.95000,-0.24077,2.81701,2.76470
2449.00000,-0.24898,2.82024,2.74307
2449.05000,-0.25704,2.82337,2.73262
2449.10000,-0.26528,2.82678,2.73327
2449.15000,-0.27452,2.83072,2.74131
2449.20000,-0.28379,2.83460,2.74967
2449.25000,-0.29311,2.83840,2.75841
2449.30000,-0.30213,2.84186,2.75729
2449.35000,-0.31046,2.84523,2.73661
2449.40000,-0.31903,2.84903,2.71168
2449.45000,-0.32753,2.85305,2.68746
2449.50000,-0.33609,2.85732,2.67192
2449.55000,-0.34487,2.86183,2.66831
2449.60000,-0.35396,2.86667,2.67788
2449.65000,-0.36305,2.87110,2.70047
2449.70000,-0.37214,2.87526,2.72375
2449.75000,-0.38150,2.87930,2.74873
2449.80000,-0.39105,2.88311,2.77378
2449.85000,-0.40062,2.88667,2.79860
2449.90000,-0.41033,2.89000,2.82416
2449.95000,-0.42042,2.89316,2.85179
2450.00000,-0.43072,2.89607,2.87996
2450.05000,-0.44109,2.89870,2.90763
2450.10000,-0.45112,2.90094,2.93547
2450.15000,-0.46067,2.90279,2.96325
2450.20000,-0.46984,2.90431,2.99120
2450.25000,-0.47902,2.90557,3.02064
2450.30000,-0.48820,2.90654,3.05151
2450.35000,-0.49858,2.90734,3.07973
2450.40000,-0.50864,2.90782,3.10707
2450.45000,-0.51862,2.90803,3.13346
2450.50000,-0.52860,2.90798,-3.12328
2450.55000,-0.53783,2.90776,-3.10997
2450.60000,-0.54581,2.90753,-3.10577
2450.65000,-0.55328,2.90725,-3.08151
2450.70000,-0.55981,2.90674,-3.04146
2450.75000,-0.56728,2.90582,-2.99567
2450.80000,-0.57558,2.90439,-2.94665
2450.85000,-0.58448,2.90240,-2.89557
2450.90000,-0.59370,2.89982,-2.84296
2450.95000,-0.60305,2.89666,-2.78917
2451.00000,-0.61233,2.89297,-2.73591
2451.05000,-0.62141,2.88878,-2.68285
2451.10000,-0.63026,2.88412,-2.63059
2451.15000,-0.63885,2.87900,-2.57874
2451.20000,-0.64717,2.87345,-2.52755
2451.25000,-0.65519,2.86749,-2.47687
2451.30000,-0.66290,2.86112,-2.42650
2451.35000,-0.67028,2.85438,-2.37662
2451.40000,-0.67732,2.84728,-2.32711
2451.45000,-0.68400,2.83984,-2.27821
2451.50000,-0.69032,2.83208,-2.22988
2451.55000,-0.69625,2.82403,-2.18198
2451.60000,-0.70179,2.81571,-2.13453
2451.65000,-0.70656,2.80784,-2.10345
2451.70000,-0.71040,2.80097,-2.09689
2451.75000,-0.71275,2.79687,-2.10887
2451.80000,-0.71268,2.79693,-2.14143
2451.85000,-0.71220,2.79766,-2.17799
2451.90000,-0.71171,2.79835,-2.21408
2451.95000,-0.71119,2.79903,-2.24962
2452.00000,-0.71066,2.79968,-2.28484
2452.05000,-0.71042,2.79997,-2.30150
2452.10000,-0.71143,2.79885,-2.28950
2452.15000,-0.71444,2.79535,-2.26490
2452.20000,-0.71881,2.78994,-2.23139
2452.25000,-0.72291,2.78444,-2.20861
2452.30000,-0.72631,2.77969,-2.21217
2452.35000,-0.72797,2.77748,-2.23288
2452.40000,-0.72812,2.77741,-2.25274
2452.45000,-0.72816,2.77739,-2.26470
2452.50000,-0.72774,2.77789,-2.29827
2452.55000,-0.72746,2.77823,-2.32253
2452.60000,-0.72736,2.77844,-2.32951
2452.65000,-0.72774,2.77813,-2.32081
2452.70000,-0.73138,2.77419,-2.29184
2452.75000,-0.73573,2.76908,-2.25413
2452.80000,-0.74075,2.76268,-2.21158
2452.85000,-0.74644,2.75477,-2.16715
2452.90000,-0.75185,2.74653,-2.13275
2452.95000,-0.75669,2.73882,-2.12379
2453.00000,-0.75977,2.73377,-2.13519
2453.05000,-0.76097,2.73188,-2.16231
2453.10000,-0.76103,2.73180,-2.19899
2453.15000,-0.76054,2.73246,-2.23946
2453.20000,-0.75993,2.73323,-2.28041
2453.25000,-0.75930,2.73395,-2.32108
2453.30000,-0.75870,2.73458,-2.36125
2453.35000,-0.75831,2.73496,-2.38966
2453.40000,-0.75826,2.73506,-2.39599
2453.45000,-0.76001,2.73344,-2.38072
2453.50000,-0.76404,2.72950,-2.35122
2453.55000,-0.76870,2.72464,-2.31290
2453.60000,-0.77393,2.71868,-2.26941
2453.65000,-0.78009,2.71104,-2.22637
2453.70000,-0.78567,2.70355,-2.19494
2453.75000,-0.79087,2.69628,-2.19041
2453.80000,-0.79440,2.69136,-2.20509
2453.85000,-0.79549,2.68988,-2.23765
2453.90000,-0.79522,2.69023,-2.28007
2453.95000,-0.79525,2.69020,-2.32071
2454.00000,-0.79528,2.69017,-2.36114
2454.05000,-0.79537,2.69010,-2.38561
2454.10000,-0.79617,2.68941,-2.38349
2454.15000,-0.79937,2.68635,-2.36300
2454.20000,-0.80395,2.68171,-2.33356
2454.25000,-0.80927,2.67595,-2.29784
2454.30000,-0.81490,2.66936,-2.25584
2454.35000,-0.82074,2.66207,-2.22414
2454.40000,-0.82664,2.65467,-2.21472
2454.45000,-0.83181,2.64797,-2.22276
2454.50000,-0.83468,2.64426,-2.24836
2454.55000,-0.83453,2.64446,-2.29448
2454.60000,-0.83448,2.64453,-2.34071
2454.65000,-0.83451,2.64450,-2.38609
2454.70000,-0.83454,2.64447,-2.43128
2454.75000,-0.83455,2.64448,-2.45984
2454.80000,-0.83553,2.64368,-2.45582
2454.85000,-0.83900,2.64080,-2.43745
2454.90000,-0.84376,2.63669,-2.41001
2454.95000,-0.84929,2.63154,-2.37371
2455.00000,-0.85541,2.62539,-2.33239
2455.05000,-0.86159,2.61890,-2.29735
2455.10000,-0.86776,2.61234,-2.28459
2455.15000,-0.87352,2.60614,-2.29031
2455.20000,-0.87823,2.60089,-2.31113
2455.25000,-0.88117,2.59776,-2.34409
2455.30000,-0.88213,2.59680,-2.38930
2455.35000,-0.88217,2.59677,-2.44006
2455.40000,-0.88220,2.59674,-2.49074
2455.45000,-0.88238,2.59661,-2.52867
2455.50000,-0.88328,2.59587,-2.53959
2455.55000,-0.88666,2.59351,-2.52664
2455.60000,-0.89225,2.58946,-2.50265
2455.65000,-0.89911,2.58420,-2.47200
2455.70000,-0.90669,2.57798,-2.43659
2455.75000,-0.91419,2.57137,-2.40097
2455.80000,-0.92143,2.56474,-2.37179
2455.85000,-0.92832,2.55844,-2.35750
2455.90000,-0.93467,2.55257,-2.36692
2455.95000,-0.93976,2.54770,-2.39256
2456.00000,-0.94282,2.54494,-2.43087
2456.05000,-0.94363,2.54426,-2.48184
2456.10000,-0.94367,2.54423,-2.53704
2456.15000,-0.94371,2.54421,-2.59208
2456.20000,-0.94385,2.54412,-2.63495
2456.25000,-0.94503,2.54320,-2.64557
2456.30000,-0.94886,2.54108,-2.63348
2456.35000,-0.95520,2.53745,-2.60990
2456.40000,-0.96274,2.53287,-2.58046
2456.45000,-0.97106,2.52744,-2.54709
2456.50000,-0.97925,2.52170,-2.51372
2456.55000,-0.98722,2.51593,-2.48717
2456.60000,-0.99489,2.51043,-2.47666
2456.65000,-1.00224,2.50518,-2.48277
2456.70000,-1.00939,2.49999,-2.50085
2456.75000,-1.01471,2.49614,-2.53312
2456.80000,-1.01770,2.49413,-2.57799
2456.85000,-1.01831,2.49376,-2.63470
2456.90000,-1.01836,2.49373,-2.69408
2456.95000,-1.01848,2.49367,-2.74229
2457.00000,-1.01956,2.49276,-2.76002
2457.05000,-1.02293,2.49109,-2.75326
2457.10000,-1.02952,2.48832,-2.73231
2457.15000,-1.03788,2.48454,-2.70371
2457.20000,-1.04750,2.47984,-2.66932
2457.25000,-1.05709,2.47472,-2.63436
2457.30000,-1.06621,2.46952,-2.60105
2457.35000,-1.07504,2.46411,-2.57622
2457.40000,-1.08395,2.45856,-2.56933
2457.45000,-1.09275,2.45303,-2.58269
2457.50000,-1.10008,2.44856,-2.60985
2457.55000,-1.10523,2.44565,-2.64863
2457.60000,-1.10797,2.44425,-2.69925
2457.65000,-1.10840,2.44406,-2.76037
2457.70000,-1.10846,2.44404,-2.82299
2457.75000,-1.10859,2.44398,-2.87291
2457.80000,-1.10940,2.44335,-2.89321
2457.85000,-1.11191,2.44231,-2.89229
2457.90000,-1.11778,2.44064,-2.87693
2457.95000,-1.12577,2.43833,-2.84957
2458.00000,-1.13498,2.43542,-2.81734
2458.05000,-1.14362,2.43235,-2.78409
2458.10000,-1.15216,2.42900,-2.75111
2458.15000,-1.16059,2.42537,-2.71849
2458.20000,-1.16900,2.42155,-2.69206
2458.25000,-1.17737,2.41772,-2.68399
2458.30000,-1.18488,2.41428,-2.70574
2458.35000,-1.19012,2.41197,-2.74626
2458.40000,-1.19304,2.41083,-2.79782
2458.45000,-1.19357,2.41064,-2.85972
2458.50000,-1.19364,2.41063,-2.92345
2458.55000,-1.19374,2.41060,-2.97679
2458.60000,-1.19459,2.40992,-3.00210
2458.65000,-1.19634,2.40898,-3.00660
2458.70000,-1.20080,2.40782,-2.99758
2458.75000,-1.20933,2.40644,-2.97251
2458.80000,-1.21956,2.40453,-2.93992
2458.85000,-1.23012,2.40221,-2.90617
2458.90000,-1.23920,2.39992,-2.87328
2458.95000,-1.24802,2.39735,-2.84078
2459.00000,-1.25674,2.39448,-2.80809
2459.05000,-1.26546,2.39143,-2.78174
2459.10000,-1.27421,2.38829,-2.77184
2459.15000,-1.28220,2.38548,-2.79226
2459.20000,-1.28835,2.38335,-2.83007
2459.25000,-1.29205,2.38225,-2.87913
2459.30000,-1.29306,2.38199,-2.93955
2459.35000,-1.29314,2.38198,-3.00376
2459.40000,-1.29323,2.38198,-3.05852
2459.45000,-1.29360,2.38178,-3.09356
2459.50000,-1.29487,2.38144,-3.10441
2459.55000,-1.29857,2.38111,-3.09889
2459.60000,-1.30545,2.38063,-3.08057
2459.65000,-1.31500,2.37989,-3.05140
2459.70000,-1.32494,2.37884,-3.02078
2459.75000,-1.33485,2.37748,-2.99076
2459.80000,-1.34471,2.37583,-2.96085
2459.85000,-1.35452,2.37389,-2.93103
2459.90000,-1.36421,2.37188,-2.90736
2459.95000,-1.37381,2.36995,-2.89044
2460.00000,-1.38336,2.36807,-2.87478
2460.05000,-1.39290,2.36619,-2.86034
2460.10000,-1.40245,2.36430,-2.84734
2460.15000,-1.41199,2.36242,-2.83595
2460.20000,-1.42153,2.36053,-2.82617
2460.25000,-1.43107,2.35863,-2.81793
2460.30000,-1.44061,2.35674,-2.81122
2460.35000,-1.45008,2.35490,-2.80778
2460.40000,-1.45949,2.35312,-2.80942
2460.45000,-1.46889,2.35130,-2.82414
2460.50000,-1.47814,2.34945,-2.85891
2460.55000,-1.48529,2.34776,-2.90841
2460.60000,-1.48984,2.34681,-2.96943
2460.65000,-1.49172,2.34654,-3.04140
2460.70000,-1.49185,2.34653,-3.12020
2460.75000,-1.49194,2.34653,3.08457
2460.80000,-1.49204,2.34654,3.00691
2460.85000,-1.49214,2.34658,2.93935
2460.90000,-1.49246,2.34688,2.89330
2460.95000,-1.49420,2.34777,2.87481
2461.00000,-1.49917,2.34928,2.87494
2461.05000,-1.50785,2.35165,2.89180
2461.10000,-1.51765,2.35402,2.91573
2461.15000,-1.52758,2.35618,2.93845
2461.20000,-1.53751,2.35809,2.96042
2461.25000,-1.54754,2.35981,2.98180
2461.30000,-1.55758,2.36130,3.00299
2461.35000,-1.56724,2.36256,3.02337
2461.40000,-1.57703,2.36363,3.04491
2461.45000,-1.58660,2.36445,3.06642
2461.50000,-1.59603,2.36506,3.08823
2461.55000,-1.60540,2.36544,3.10080
2461.60000,-1.61450,2.36558,3.09444
2461.65000,-1.62295,2.36551,3.06882
2461.70000,-1.62899,2.36541,3.02245
2461.75000,-1.63293,2.36562,2.96071
2461.80000,-1.63471,2.36599,2.88816
2461.85000,-1.63558,2.36622,2.82257
2461.90000,-1.63674,2.36683,2.78324
2461.95000,-1.63852,2.36794,2.76723
2462.00000,-1.64353,2.37018,2.77161
2462.05000,-1.65165,2.37325,2.79243
2462.10000,-1.66050,2.37634,2.81733
2462.15000,-1.66943,2.37922,2.84188
2462.20000,-1.67844,2.38189,2.86615
2462.25000,-1.68751,2.38433,2.89065
2462.30000,-1.69663,2.38655,2.91489
2462.35000,-1.70581,2.38855,2.93932
2462.40000,-1.71502,2.39032,2.96415
2462.45000,-1.72441,2.39212,2.98055
2462.50000,-1.73360,2.39363,2.97451
2462.55000,-1.74145,2.39499,2.94476
2462.60000,-1.74816,2.39647,2.90020
2462.65000,-1.75305,2.39781,2.84119
2462.70000,-1.75562,2.39870,2.76785
2462.75000,-1.75725,2.39934,2.70109
2462.80000,-1.75886,2.40002,2.65461
2462.85000,-1.76074,2.40101,2.62784
2462.90000,-1.76284,2.40227,2.61588
2462.95000,-1.76502,2.40363,2.61323
2463.00000,-1.76818,2.40550,2.61728
2463.05000,-1.77244,2.40795,2.62860
2463.10000,-1.77849,2.41132,2.64611
2463.15000,-1.78621,2.41539,2.67294
2463.20000,-1.79520,2.41975,2.70734
2463.25000,-1.80433,2.42381,2.73898
2463.30000,-1.81356,2.42756,2.77312
2463.35000,-1.82295,2.43102,2.80507
2463.40000,-1.83215,2.43406,2.84218
2463.45000,-1.84116,2.43664,2.88706
2463.50000,-1.85044,2.43885,2.93648
2463.55000,-1.86016,2.44061,2.98695
2463.60000,-1.87008,2.44190,3.03788
2463.65000,-1.88005,2.44268,3.08843
2463.70000,-1.89004,2.44296,3.13906
2463.75000,-1.90004,2.44274,-3.09389
2463.80000,-1.90962,2.44203,-3.04083
2463.85000,-1.91973,2.44076,-2.98963
2463.90000,-1.92916,2.43906,-2.93686
2463.95000,-1.93882,2.43680,-2.88698
2464.00000,-1.94771,2.43424,-2.83327
2464.05000,-1.95610,2.43130,-2.77588
2464.10000,-1.96455,2.42778,-2.71782
2464.15000,-1.97313,2.42365,-2.66635
2464.20000,-1.98115,2.41927,-2.61278
2464.25000,-1.98781,2.41511,-2.55194
2464.30000,-1.99432,2.41045,-2.48979
2464.35000,-1.99941,2.40632,-2.42322
2464.40000,-2.00369,2.40231,-2.35372
2464.45000,-2.00777,2.39791,-2.28461
2464.50000,-2.01160,2.39317,-2.21601
2464.55000,-2.01515,2.38810,-2.14794
2464.60000,-2.01838,2.38275,-2.08042
2464.65000,-2.02127,2.37716,-2.01348
2464.70000,-2.02379,2.37135,-1.94714
2464.75000,-2.02592,2.36539,-1.88143
2464.80000,-2.02766,2.35930,-1.81636
2464.85000,-2.02899,2.35315,-1.75195
2464.90000,-2.02992,2.34698,-1.68823
2464.95000,-2.03045,2.34083,-1.62520
2465.00000,-2.03059,2.33476,-1.56290
2465.05000,-2.03036,2.32879,-1.50132
2465.10000,-2.02977,2.32297,-1.44049
2465.15000,-2.02886,2.31733,-1.38041
2465.20000,-2.02765,2.31189,-1.32109
2465.25000,-2.02616,2.30670,-1.26255
2465.30000,-2.02444,2.30178,-1.20477
2465.35000,-2.02252,2.29718,-1.14774
2465.40000,-2.02045,2.29291,-1.09144
2465.45000,-2.01826,2.28896,-1.03587
2465.50000,-2.01595,2.28529,-0.98107
2465.55000,-2.01353,2.28188,-0.92705
2465.60000,-2.01102,2.27871,-0.87383
2465.65000,-2.00846,2.27581,-0.82136
2465.70000,-2.00589,2.27319,-0.76963
2465.75000,-2.00330,2.27080,-0.71868
2465.80000,-2.00069,2.26863,-0.66853
2465.85000,-1.99808,2.26667,-0.61915
2465.90000,-1.99552,2.26494,-0.57050
2465.95000,-1.99304,2.26343,-0.52255
2466.00000,-1.99064,2.26212,-0.47529
2466.05000,-1.98832,2.26100,-0.42874
2466.10000,-1.98606,2.26002,-0.38294
2466.15000,-1.98387,2.25920,-0.33785
2466.20000,-1.98177,2.25851,-0.29346
2466.25000,-1.97690,2.25716,-0.25269
2466.30000,-1.96845,2.25515,-0.21487
2466.35000,-1.95889,2.25327,-0.17368
2466.40000,-1.94901,2.25175,-0.13223
2466.45000,-1.93907,2.25063,-0.09151
2466.50000,-1.92910,2.24992,-0.05150
2466.55000,-1.91911,2.24960,-0.01221
2466.60000,-1.90911,2.24967,0.02633
2466.65000,-1.89912,2.25012,0.06418
2466.70000,-1.88939,2.25074,0.09609
2466.75000,-1.88095,2.25152,0.12010
2466.80000,-1.87383,2.25242,0.13996
2466.85000,-1.86598,2.25364,0.14362
2466.90000,-1.85637,2.25500,0.13660
2466.95000,-1.84661,2.25632,0.12858
2467.00000,-1.83687,2.25754,0.12044
2467.05000,-1.82710,2.25868,0.11178
2467.10000,-1.81733,2.25974,0.10248
2467.15000,-1.80753,2.26070,0.09289
2467.20000,-1.79776,2.26157,0.08300
2467.25000,-1.78804,2.26233,0.07278
2467.30000,-1.77833,2.26300,0.06211
2467.35000,-1.76862,2.26356,0.05106
2467.40000,-1.75891,2.26400,0.03963
2467.45000,-1.74920,2.26434,0.02806
2467.50000,-1.73949,2.26456,0.01636
2467.55000,-1.72966,2.26466,0.01201
2467.60000,-1.71963,2.26479,0.02286
2467.65000,-1.71043,2.26498,0.04255
2467.70000,-1.70590,2.26505,0.06549
2467.75000,-1.70358,2.26515,0.09833
2467.80000,-1.70251,2.26525,0.13686
2467.85000,-1.70170,2.26544,0.16501
2467.90000,-1.69782,2.26630,0.17723
2467.95000,-1.69033,2.26769,0.17111
2468.00000,-1.68098,2.26925,0.15505
2468.05000,-1.67149,2.27066,0.13844
2468.10000,-1.66197,2.27191,0.12194
2468.15000,-1.65242,2.27301,0.10542
2468.20000,-1.64296,2.27392,0.09657
2468.25000,-1.63562,2.27452,0.10128
2468.30000,-1.63012,2.27497,0.11490
2468.35000,-1.62583,2.27534,0.13557
2468.40000,-1.62345,2.27550,0.16569
2468.45000,-1.62285,2.27558,0.20027
2468.50000,-1.62189,2.27584,0.22273
2468.55000,-1.61776,2.27687,0.22957
2468.60000,-1.61044,2.27858,0.22006
2468.65000,-1.60136,2.28053,0.20115
2468.70000,-1.59202,2.28234,0.18148
2468.75000,-1.58264,2.28397,0.16200
2468.80000,-1.57327,2.28536,0.15340
2468.85000,-1.56544,2.28652,0.15454
2468.90000,-1.55960,2.28735,0.16538
2468.95000,-1.55628,2.28779,0.18680
2469.00000,-1.55571,2.28785,0.21910
2469.05000,-1.55529,2.28794,0.25273
2469.10000,-1.55444,2.28814,0.28776
2469.15000,-1.55362,2.28847,0.30779
2469.20000,-1.54921,2.28996,0.30910
2469.25000,-1.54211,2.29220,0.29680
2469.30000,-1.53330,2.29480,0.27575
2469.35000,-1.52400,2.29732,0.25392
2469.40000,-1.51483,2.29958,0.23170
2469.45000,-1.50570,2.30160,0.22114
2469.50000,-1.49865,2.30309,0.22322
2469.55000,-1.49499,2.30378,0.24130
2469.60000,-1.49455,2.30390,0.27051
2469.65000,-1.49445,2.30392,0.30106
2469.70000,-1.49436,2.30396,0.33120
2469.75000,-1.49421,2.30406,0.35470
2469.80000,-1.49338,2.30444,0.36887
2469.85000,-1.49140,2.30523,0.37694
2469.90000,-1.48826,2.30650,0.37928
2469.95000,-1.48253,2.30900,0.36835
2470.00000,-1.47387,2.31227,0.34269
2470.05000,-1.46464,2.31542,0.31704
2470.10000,-1.45519,2.31839,0.29243
2470.15000,-1.44616,2.32097,0.26551
2470.20000,-1.43742,2.32321,0.25203
2470.25000,-1.43152,2.32463,0.25402
2470.30000,-1.42994,2.32503,0.27368
2470.35000,-1.42984,2.32506,0.29967
2470.40000,-1.42975,2.32509,0.32531
2470.45000,-1.42966,2.32512,0.35041
2470.50000,-1.42957,2.32515,0.37497
2470.55000,-1.42949,2.32519,0.39461
2470.60000,-1.42885,2.32550,0.40558
2470.65000,-1.42708,2.32627,0.41081
2470.70000,-1.42418,2.32754,0.41030
2470.75000,-1.42002,2.32935,0.40386
2470.80000,-1.41448,2.33169,0.39107
2470.85000,-1.40737,2.33457,0.37166
2470.90000,-1.39846,2.33792,0.34466
2470.95000,-1.38983,2.34085,0.32602
2471.00000,-1.38353,2.34286,0.31814
2471.05000,-1.38002,2.34396,0.32348
2471.10000,-1.37898,2.34421,0.34061
2471.15000,-1.37856,2.34435,0.36120
2471.20000,-1.37847,2.34439,0.38001
2471.25000,-1.37837,2.34442,0.39826
2471.30000,-1.37828,2.34447,0.41603
2471.35000,-1.37818,2.34451,0.43341
2471.40000,-1.37806,2.34458,0.44356
2471.45000,-1.37621,2.34549,0.44502
2471.50000,-1.37290,2.34707,0.43999
2471.55000,-1.36827,2.34923,0.42878
2471.60000,-1.36216,2.35198,0.41103
2471.65000,-1.35412,2.35538,0.38487
2471.70000,-1.34566,2.35866,0.36822
2471.75000,-1.33759,2.36160,0.36385
2471.80000,-1.33370,2.36290,0.36450
2471.85000,-1.33301,2.36308,0.38005
2471.90000,-1.33273,2.36319,0.39767
2471.95000,-1.33259,2.36324,0.41442
2472.00000,-1.33247,2.36329,0.43078
2472.05000,-1.33235,2.36335,0.44657
2472.10000,-1.33208,2.36347,0.46245
2472.15000,-1.32982,2.36509,0.47814
2472.20000,-1.32384,2.36836,0.48218
2472.25000,-1.31816,2.37138,0.47235
2472.30000,-1.31226,2.37438,0.45090
2472.35000,-1.30440,2.37802,0.41790
2472.40000,-1.29609,2.38158,0.39490
2472.45000,-1.28983,2.38412,0.38663
2472.50000,-1.28642,2.38540,0.39789
2472.55000,-1.28557,2.38571,0.42635
2472.60000,-1.28549,2.38575,0.45675
2472.65000,-1.28541,2.38579,0.48776
2472.70000,-1.28533,2.38584,0.51829
2472.75000,-1.28467,2.38622,0.54907
2472.80000,-1.28420,2.38658,0.57193
2472.85000,-1.28327,2.38724,0.57739
2472.90000,-1.28024,2.38920,0.56817
2472.95000,-1.27613,2.39179,0.55247
2473.00000,-1.27053,2.39516,0.52866
2473.05000,-1.26322,2.39928,0.49536
2473.10000,-1.25515,2.40345,0.45880
2473.15000,-1.24700,2.40735,0.43708
2473.20000,-1.23966,2.41075,0.44163
2473.25000,-1.23425,2.41330,0.46303
2473.30000,-1.23194,2.41429,0.50331
2473.35000,-1.23182,2.41436,0.54946
2473.40000,-1.23170,2.41444,0.59532
2473.45000,-1.23159,2.41452,0.63963
2473.50000,-1.23155,2.41455,0.67621
2473.55000,-1.23178,2.41436,0.69594
2473.60000,-1.22976,2.41610,0.68998
2473.65000,-1.22523,2.41976,0.66733
2473.70000,-1.21912,2.42443,0.63554
2473.75000,-1.21181,2.42961,0.59826
2473.80000,-1.20423,2.43458,0.56085
2473.85000,-1.19646,2.43925,0.52336
2473.90000,-1.18860,2.44364,0.50138
2473.95000,-1.18088,2.44787,0.50586
2474.00000,-1.17465,2.45137,0.53178
2474.05000,-1.17098,2.45356,0.57438
2474.10000,-1.17043,2.45385,0.62529
2474.15000,-1.17021,2.45402,0.67718
2474.20000,-1.17002,2.45419,0.71885
2474.25000,-1.17011,2.45414,0.74417
2474.30000,-1.16950,2.45473,0.74689
2474.35000,-1.16678,2.45723,0.73455
2474.40000,-1.16280,2.46076,0.71396
2474.45000,-1.15736,2.46534,0.68479
2474.50000,-1.15047,2.47076,0.64734
2474.55000,-1.14316,2.47607,0.60870
2474.60000,-1.13555,2.48124,0.58403
2474.65000,-1.12773,2.48643,0.58263
2474.70000,-1.12107,2.49087,0.60339
2474.75000,-1.11722,2.49352,0.64064
2474.80000,-1.11670,2.49392,0.68867
2474.85000,-1.11642,2.49417,0.73780
2474.90000,-1.11614,2.49445,0.77697
2474.95000,-1.11587,2.49478,0.79568
2475.00000,-1.11392,2.49682,0.78885
2475.05000,-1.10942,2.50125,0.76460
2475.10000,-1.10367,2.50658,0.73202
2475.15000,-1.09695,2.51240,0.69436
2475.20000,-1.08988,2.51804,0.65606
2475.25000,-1.08260,2.52353,0.63268
2475.30000,-1.07517,2.52893,0.63405
2475.35000,-1.06933,2.53329,0.65659
2475.40000,-1.06581,2.53609,0.69179
2475.45000,-1.06458,2.53714,0.73902
2475.50000,-1.06414,2.53756,0.79036
2475.55000,-1.06373,2.53801,0.84135
2475.60000,-1.06331,2.53851,0.88114
2475.65000,-1.06252,2.53952,0.88842
2475.70000,-1.05957,2.54308,0.87408
2475.75000,-1.05510,2.54828,0.84976
2475.80000,-1.04905,2.55496,0.81993
2475.85000,-1.04213,2.56214,0.78666
2475.90000,-1.03495,2.56910,0.75308
2475.95000,-1.02754,2.57581,0.71944
2476.00000,-1.02010,2.58224,0.69678
2476.05000,-1.01300,2.58816,0.70007
2476.10000,-1.00775,2.59266,0.71957
2476.15000,-1.00545,2.59473,0.75533
2476.20000,-1.00500,2.59517,0.80144
2476.25000,-1.00471,2.59549,0.84809
2476.30000,-1.00444,2.59580,0.89396
2476.35000,-1.00414,2.59620,0.92923
2476.40000,-1.00379,2.59671,0.93974
2476.45000,-1.00243,2.59855,0.93679
2476.50000,-0.99878,2.60341,0.91591
2476.55000,-0.99385,2.60961,0.88403
2476.60000,-0.98803,2.61644,0.84754
2476.65000,-0.98140,2.62369,0.81333
2476.70000,-0.97441,2.63084,0.77963
2476.75000,-0.96737,2.63774,0.75673
2476.80000,-0.96189,2.64294,0.76242
2476.85000,-0.95907,2.64571,0.78562
2476.90000,-0.95845,2.64634,0.82116
2476.95000,-0.95822,2.64659,0.85958
2477.00000,-0.95801,2.64686,0.89794
2477.05000,-0.95780,2.64713,0.93616
2477.10000,-0.95766,2.64735,0.95688
2477.15000,-0.95676,2.64862,0.95631
2477.20000,-0.95378,2.65275,0.93886
2477.25000,-0.94950,2.65842,0.91108
2477.30000,-0.94417,2.66505,0.87658
2477.35000,-0.93804,2.67213,0.84032
2477.40000,-0.93135,2.67959,0.81439
2477.45000,-0.92489,2.68652,0.81133
2477.50000,-0.92058,2.69113,0.82369
2477.55000,-0.91872,2.69327,0.85263
2477.60000,-0.91843,2.69361,0.88911
2477.65000,-0.91818,2.69393,0.92478
2477.70000,-0.91795,2.69425,0.95885
2477.75000,-0.91745,2.69495,0.99324
2477.80000,-0.91733,2.69527,1.01462
2477.85000,-0.91656,2.69654,1.01592
2477.90000,-0.91397,2.70063,1.00044
2477.95000,-0.90998,2.70666,0.97286
2478.00000,-0.90501,2.71370,0.93852
2478.05000,-0.89950,2.72094,0.90252
2478.10000,-0.89390,2.72805,0.87444
2478.15000,-0.88821,2.73499,0.86617
2478.20000,-0.88406,2.73994,0.87623
2478.25000,-0.88241,2.74203,0.90548
2478.30000,-0.88165,2.74304,0.94143
2478.35000,-0.88091,2.74408,0.97604
2478.40000,-0.88023,2.74512,1.00878
2478.45000,-0.87958,2.74614,1.03949
2478.50000,-0.87931,2.74671,1.05360
2478.55000,-0.87773,2.74942,1.04699
2478.60000,-0.87470,2.75452,1.02679
2478.65000,-0.87062,2.76106,0.99774
2478.70000,-0.86566,2.76845,0.96279
2478.75000,-0.86032,2.77583,0.92715
2478.80000,-0.85482,2.78314,0.89809
2478.85000,-0.84948,2.78985,0.88234
2478.90000,-0.84514,2.79512,0.87785
2478.95000,-0.84173,2.79924,0.88209
2479.00000,-0.84018,2.80125,0.88276
2479.05000,-0.83949,2.80208,0.86077
2479.10000,-0.83792,2.80385,0.82933
2479.15000,-0.83504,2.80686,0.78873
2479.20000,-0.83064,2.81109,0.74014
2479.25000,-0.82552,2.81551,0.68661
2479.30000,-0.81956,2.82011,0.63081
2479.35000,-0.81325,2.82444,0.57190
2479.40000,-0.80629,2.82863,0.51211
2479.45000,-0.79872,2.83261,0.45546
2479.50000,-0.79077,2.83647,0.41465
2479.55000,-0.78232,2.84016,0.40322
2479.60000,-0.77474,2.84336,0.41025
2479.65000,-0.77037,2.84519,0.43682
2479.70000,-0.76865,2.84595,0.46984
2479.75000,-0.76749,2.84621,0.47931
2479.80000,-0.76676,2.84609,0.47022
2479.85000,-0.76625,2.84583,0.45006
2479.90000,-0.76543,2.84621,0.41944
2479.95000,-0.76218,2.84765,0.38196
2480.00000,-0.75697,2.84962,0.33515
2480.05000,-0.75113,2.85146,0.27789
2480.10000,-0.74571,2.85289,0.24026
2480.15000,-0.74004,2.85445,0.22948
2480.20000,-0.73368,2.85633,0.23753
2480.25000,-0.73044,2.85695,0.25461
2480.30000,-0.72813,2.85715,0.25423
2480.35000,-0.72608,2.85712,0.24221
2480.40000,-0.72422,2.85692,0.21930
2480.45000,-0.72251,2.85672,0.18656
2480.50000,-0.72090,2.85678,0.14612
2480.55000,-0.71772,2.85733,0.09926
2480.60000,-0.71228,2.85771,0.05991
2480.65000,-0.70625,2.85799,0.04437
2480.70000,-0.69969,2.85825,0.04987
2480.75000,-0.69358,2.85845,0.07630
2480.80000,-0.69107,2.85859,0.11696
2480.85000,-0.68934,2.85873,0.15089
2480.90000,-0.68781,2.85869,0.16438
2480.95000,-0.68631,2.85865,0.16660
2481.00000,-0.68501,2.85844,0.15408
2481.05000,-0.68410,2.85822,0.12523
2481.10000,-0.68329,2.85814,0.08929
2481.15000,-0.68206,2.85827,0.04688
2481.20000,-0.67783,2.85847,-0.00157
2481.25000,-0.67233,2.85836,-0.04220
2481.30000,-0.66852,2.85818,-0.07149
2481.35000,-0.66581,2.85792,-0.11719
2481.40000,-0.66238,2.85749,-0.15741
2481.45000,-0.65856,2.85661,-0.17163
2481.50000,-0.65463,2.85559,-0.17204
2481.55000,-0.65064,2.85447,-0.16271
2481.60000,-0.64615,2.85351,-0.13672
2481.65000,-0.64325,2.85325,-0.11016
2481.70000,-0.64133,2.85333,-0.10981
2481.75000,-0.63984,2.85338,-0.13162
2481.80000,-0.63774,2.85311,-0.15101
2481.85000,-0.63622,2.85287,-0.16688
2481.90000,-0.63480,2.85259,-0.20273
2481.95000,-0.63210,2.85194,-0.22993
2482.00000,-0.62920,2.85105,-0.23979
2482.05000,-0.62708,2.85047,-0.24215
2482.10000,-0.62599,2.85019,-0.24611
2482.15000,-0.62484,2.84979,-0.23776
2482.20000,-0.62326,2.84911,-0.20407
2482.25000,-0.62166,2.84880,-0.15355
2482.30000,-0.62009,2.84860,-0.10273
2482.35000,-0.61850,2.84848,-0.05188
2482.40000,-0.61704,2.84843,-0.01504
2482.45000,-0.61631,2.84841,-0.00501
2482.50000,-0.61586,2.84839,-0.00988
2482.55000,-0.61553,2.84832,-0.03602
2482.60000,-0.61315,2.84811,-0.07627
2482.65000,-0.60849,2.84762,-0.12766
2482.70000,-0.60277,2.84672,-0.18360
2482.75000,-0.59630,2.84532,-0.24203
2482.80000,-0.58946,2.84340,-0.30257
2482.85000,-0.58254,2.84126,-0.35742
2482.90000,-0.57539,2.83884,-0.39104
2482.95000,-0.56777,2.83584,-0.39374
2483.00000,-0.55975,2.83241,-0.37537
2483.05000,-0.55252,2.82970,-0.34356
2483.10000,-0.54994,2.82884,-0.29270
2483.15000,-0.54820,2.82837,-0.23771
2483.20000,-0.54645,2.82800,-0.18269
2483.25000,-0.54468,2.82772,-0.12772
2483.30000,-0.54303,2.82764,-0.08272
2483.35000,-0.54178,2.82791,-0.06127
2483.40000,-0.54094,2.82794,-0.06430
2483.45000,-0.54018,2.82782,-0.08389
2483.50000,-0.53705,2.82736,-0.12036
2483.55000,-0.53107,2.82649,-0.16610
2483.60000,-0.52426,2.82519,-0.21643
2483.65000,-0.51650,2.82328,-0.26857
2483.70000,-0.50820,2.82076,-0.32220
2483.75000,-0.50040,2.81824,-0.37223
2483.80000,-0.49243,2.81551,-0.40495
2483.85000,-0.48391,2.81216,-0.40923
2483.90000,-0.47512,2.80851,-0.40210
2483.95000,-0.46631,2.80482,-0.37865
2484.00000,-0.45914,2.80211,-0.34170
2484.05000,-0.45433,2.80051,-0.29339
2484.10000,-0.45155,2.79975,-0.23572
2484.15000,-0.44895,2.79921,-0.17706
2484.20000,-0.44640,2.79883,-0.12813
2484.25000,-0.44366,2.79832,-0.10431
2484.30000,-0.44120,2.79814,-0.10009
2484.35000,-0.43869,2.79787,-0.11633
2484.40000,-0.43406,2.79718,-0.15124
2484.45000,-0.42738,2.79601,-0.19471
2484.50000,-0.42000,2.79435,-0.24289
2484.55000,-0.41225,2.79220,-0.29470
2484.60000,-0.40415,2.78977,-0.33555
2484.65000,-0.39594,2.78722,-0.35953
2484.70000,-0.38759,2.78450,-0.37356
2484.75000,-0.37926,2.78180,-0.38580
2484.80000,-0.37077,2.77892,-0.38799
2484.85000,-0.36227,2.77600,-0.38615
2484.90000,-0.35578,2.77358,-0.34780
2484.95000,-0.35245,2.77249,-0.28604
2485.00000,-0.34893,2.77158,-0.22314
2485.05000,-0.34535,2.77088,-0.16051
2485.10000,-0.34172,2.77041,-0.09818
2485.15000,-0.33820,2.77019,-0.04491
2485.20000,-0.33494,2.77016,-0.01436
2485.25000,-0.33202,2.77011,-0.00553
2485.30000,-0.32807,2.77003,-0.02678
2485.35000,-0.32160,2.76975,-0.06151
2485.40000,-0.31341,2.76908,-0.10107
2485.45000,-0.30424,2.76794,-0.14447
2485.50000,-0.29447,2.76631,-0.18950
2485.55000,-0.28529,2.76433,-0.23681
2485.60000,-0.27676,2.76232,-0.27625
2485.65000,-0.26840,2.76044,-0.30559
2485.70000,-0.25991,2.75842,-0.32555
2485.75000,-0.25127,2.75621,-0.33600
2485.80000,-0.24302,2.75385,-0.31987
2485.85000,-0.23946,2.75276,-0.26276
2485.90000,-0.23637,2.75203,-0.19977
2485.95000,-0.23338,2.75153,-0.13706
2486.00000,-0.23049,2.75122,-0.07472
2486.05000,-0.22772,2.75110,-0.01277
2486.10000,-0.22503,2.75110,0.04098
2486.15000,-0.22266,2.75104,0.07425
2486.20000,-0.22103,2.75123,0.08083
2486.25000,-0.21810,2.75164,0.06556
2486.30000,-0.21165,2.75197,0.03271
2486.35000,-0.20383,2.75207,-0.00696
2486.40000,-0.19503,2.75182,-0.05022
2486.45000,-0.18612,2.75118,-0.09286
2486.50000,-0.17725,2.75016,-0.13537
2486.55000,-0.16844,2.74877,-0.17865
2486.60000,-0.15969,2.74699,-0.22132
2486.65000,-0.15097,2.74502,-0.25802
2486.70000,-0.14203,2.74278,-0.27739
2486.75000,-0.13258,2.73998,-0.27415
2486.80000,-0.12293,2.73695,-0.26257
2486.85000,-0.11299,2.73386,-0.24287
2486.90000,-0.10386,2.73173,-0.21260
2486.95000,-0.09711,2.73040,-0.17209
2487.00000,-0.09279,2.72975,-0.12149
2487.05000,-0.09083,2.72956,-0.06161
2487.10000,-0.08948,2.72952,0.00030
2487.15000,-0.08816,2.72953,0.05394
2487.20000,-0.08719,2.72936,0.08908
2487.25000,-0.08693,2.72942,0.10309
2487.30000,-0.08538,2.72973,0.10144
2487.35000,-0.08273,2.73002,0.09343
2487.40000,-0.07891,2.73038,0.08083
2487.45000,-0.07414,2.73075,0.06257
2487.50000,-0.06812,2.73109,0.03790
2487.55000,-0.06063,2.73131,0.00589
2487.60000,-0.05171,2.73119,-0.03384
2487.65000,-0.04274,2.73070,-0.07456
2487.70000,-0.03376,2.72985,-0.11378
2487.75000,-0.02477,2.72881,-0.14701
2487.80000,-0.01552,2.72746,-0.16318
2487.85000,-0.00840,2.72651,-0.16454
2487.90000,-0.00453,2.72591,-0.16344
2487.95000,-0.00174,2.72553,-0.15984
2488.00000,0.00016,2.72537,-0.18003
2488.05000,0.00373,2.72464,-0.21632
2488.10000,0.00844,2.72349,-0.26171
2488.15000,0.01457,2.72169,-0.31078
2488.20000,0.02159,2.71925,-0.36259
2488.25000,0.02931,2.71609,-0.41577
2488.30000,0.03722,2.71232,-0.47062
2488.35000,0.04465,2.70827,-0.52890
2488.40000,0.05184,2.70377,-0.58867
2488.45000,0.05878,2.69884,-0.64773
2488.50000,0.06549,2.69376,-0.69979
2488.55000,0.07253,2.68824,-0.72189
2488.60000,0.07928,2.68242,-0.71284
2488.65000,0.08387,2.67859,-0.67768
2488.70000,0.08629,2.67674,-0.62407
2488.75000,0.08744,2.67599,-0.57581
2488.80000,0.08859,2.67528,-0.54281
2488.85000,0.08943,2.67484,-0.51839
2488.90000,0.09014,2.67453,-0.52467
2488.95000,0.09258,2.67304,-0.55066
2489.00000,0.09652,2.67051,-0.58727
2489.05000,0.10160,2.66696,-0.63043
2489.10000,0.10734,2.66256,-0.67840
2489.15000,0.11335,2.65768,-0.71879
2489.20000,0.11952,2.65240,-0.72572
2489.25000,0.12283,2.64952,-0.72195
2489.30000,0.12552,2.64713,-0.74300
2489.35000,0.12876,2.64417,-0.75490
2489.40000,0.13151,2.64163,-0.73567
2489.45000,0.13315,2.64024,-0.71759
2489.50000,0.13438,2.63913,-0.71060
2489.55000,0.13542,2.63817,-0.69437
2489.60000,0.13616,2.63754,-0.67638
2489.65000,0.13722,2.63667,-0.68452
2489.70000,0.13936,2.63494,-0.68562
2489.75000,0.14110,2.63352,-0.68084
2489.80000,0.14359,2.63147,-0.69645
2489.85000,0.14782,2.62782,-0.72576
2489.90000,0.15355,2.62255,-0.76064
2489.95000,0.16000,2.61616,-0.80015
2490.00000,0.16655,2.60934,-0.83054
2490.05000,0.17073,2.60470,-0.84936
2490.10000,0.17390,2.60105,-0.86612
2490.15000,0.17706,2.59737,-0.85381
2490.20000,0.17904,2.59516,-0.81388
2490.25000,0.18018,2.59402,-0.75700
2490.30000,0.18082,2.59344,-0.68936
2490.35000,0.18116,2.59318,-0.61964
2490.40000,0.18154,2.59294,-0.56210
2490.45000,0.18194,2.59276,-0.53198
2490.50000,0.18257,2.59239,-0.51815
2490.55000,0.18361,2.59166,-0.51783
2490.60000,0.18681,2.58970,-0.53785
2490.65000,0.19284,2.58588,-0.57325
2490.70000,0.19956,2.58133,-0.61511
2490.75000,0.20714,2.57572,-0.65859
2490.80000,0.21492,2.56944,-0.70078
2490.85000,0.22242,2.56283,-0.74253
2490.90000,0.22965,2.55592,-0.78369
2490.95000,0.23657,2.54901,-0.81738
2491.00000,0.24355,2.54186,-0.82449
2491.05000,0.25057,2.53458,-0.81621
2491.10000,0.25761,2.52727,-0.79527
2491.15000,0.26352,2.52143,-0.75879
2491.20000,0.26730,2.51800,-0.70916
2491.25000,0.26867,2.51687,-0.64616
2491.30000,0.26909,2.51658,-0.57816
2491.35000,0.26953,2.51633,-0.52197
2491.40000,0.26986,2.51625,-0.49181
2491.45000,0.27033,2.51606,-0.49142
2491.50000,0.27459,2.51368,-0.51140
2491.55000,0.28057,2.51019,-0.54226
2491.60000,0.28816,2.50544,-0.57708
2491.65000,0.29637,2.49987,-0.61534
2491.70000,0.30442,2.49394,-0.65331
2491.75000,0.31225,2.48772,-0.69092
2491.80000,0.31981,2.48147,-0.72132
2491.85000,0.32731,2.47525,-0.73861
2491.90000,0.33509,2.46871,-0.74098
2491.95000,0.34295,2.46204,-0.72861
2492.00000,0.35008,2.45592,-0.69742
2492.05000,0.35508,2.45189,-0.65325
2492.10000,0.35770,2.44998,-0.59631
2492.15000,0.35827,2.44961,-0.52921
2492.20000,0.35869,2.44940,-0.47255
2492.25000,0.35888,2.44949,-0.44103
2492.30000,0.35869,2.45001,-0.43906
2492.35000,0.36021,2.44914,-0.46072
2492.40000,0.36440,2.44696,-0.49833
2492.45000,0.37007,2.44371,-0.54123
2492.50000,0.37682,2.43943,-0.58722
2492.55000,0.38360,2.43467,-0.63811
2492.60000,0.39043,2.42931,-0.69180
2492.65000,0.39722,2.42337,-0.74717
2492.70000,0.40401,2.41671,-0.80285
2492.75000,0.41052,2.40957,-0.85939
2492.80000,0.41676,2.40190,-0.91616
2492.85000,0.42261,2.39382,-0.97333
2492.90000,0.42799,2.38540,-1.03019
2492.95000,0.43287,2.37672,-1.08622
2493.00000,0.43724,2.36779,-1.14246
2493.05000,0.44110,2.35865,-1.19814
2493.10000,0.44445,2.34930,-1.25261
2493.15000,0.44723,2.33998,-1.30833
2493.20000,0.44939,2.33088,-1.35055
2493.25000,0.45063,2.32462,-1.37823
2493.30000,0.45155,2.31936,-1.42065
2493.35000,0.45208,2.31509,-1.47698
2493.40000,0.45226,2.31232,-1.54619
2493.45000,0.45224,2.31073,-1.62510
2493.50000,0.45216,2.30985,-1.70873
2493.55000,0.45206,2.30932,-1.79326
2493.60000,0.45192,2.30879,-1.87718
2493.65000,0.45173,2.30827,-1.96042
2493.70000,0.45150,2.30778,-2.04295
2493.75000,0.45123,2.30730,-2.12476
2493.80000,0.45092,2.30684,-2.20582
2493.85000,0.45058,2.30641,-2.28611
2493.90000,0.45020,2.30600,-2.36560
2493.95000,0.44978,2.30563,-2.44429
2494.00000,0.44934,2.30529,-2.52215
2494.05000,0.44888,2.30498,-2.59915
2494.10000,0.44839,2.30471,-2.67530
2494.15000,0.44788,2.30448,-2.75055
2494.20000,0.44736,2.30429,-2.82491
2494.25000,0.44682,2.30413,-2.89836
2494.30000,0.44627,2.30402,-2.97087
2494.35000,0.44572,2.30394,-3.04244
2494.40000,0.44516,2.30391,-3.11305
2494.45000,0.44460,2.30391,3.10050
2494.50000,0.44404,2.30395,3.03184
2494.55000,0.44349,2.30403,2.96417
2494.60000,0.44294,2.30415,2.89752
2494.65000,0.44241,2.30430,2.83188
2494.70000,0.44189,2.30449,2.76727
2494.75000,0.44138,2.30471,2.70370
2494.80000,0.44088,2.30496,2.64117
2494.85000,0.44041,2.30524,2.57969
2494.90000,0.43995,2.30554,2.51926
2494.95000,0.43952,2.30588,2.45990
2495.00000,0.43910,2.30623,2.40161
2495.05000,0.43871,2.30661,2.34439
2495.10000,0.43834,2.30701,2.28824
2495.15000,0.43800,2.30743,2.23317
2495.20000,0.43768,2.30786,2.17919
2495.25000,0.43739,2.30831,2.12628
2495.30000,0.43596,2.31067,2.07578
2495.35000,0.43284,2.31618,2.04506
2495.40000,0.42908,2.32349,2.03933
2495.45000,0.42457,2.33238,2.04196
2495.50000,0.42004,2.34125,2.04464
2495.55000,0.41548,2.35010,2.04814
2495.60000,0.41090,2.35890,2.05179
2495.65000,0.40623,2.36781,2.05661
2495.70000,0.40149,2.37675,2.06180
2495.75000,0.39670,2.38565,2.06743
2495.80000,0.39189,2.39448,2.07369
2495.85000,0.38703,2.40325,2.08064
2495.90000,0.38208,2.41202,2.08815
2495.95000,0.37709,2.42073,2.09666
2496.00000,0.37195,2.42951,2.10508
2496.05000,0.36677,2.43820,2.11391
2496.10000,0.36147,2.44690,2.12297
2496.15000,0.35609,2.45555,2.13254
2496.20000,0.35061,2.46417,2.14266
2496.25000,0.34501,2.47277,2.15299
2496.30000,0.33934,2.48130,2.16373
2496.35000,0.33358,2.48975,2.17450
2496.40000,0.32771,2.49817,2.18539
2496.45000,0.32175,2.50653,2.19675
2496.50000,0.31569,2.51482,2.20831
2496.55000,0.30955,2.52302,2.21994
2496.60000,0.30329,2.53118,2.23234
2496.65000,0.29728,2.53895,2.23488
2496.70000,0.29153,2.54641,2.22560
2496.75000,0.28578,2.55401,2.20919
2496.80000,0.28012,2.56176,2.19327
2496.85000,0.27452,2.56957,2.17738
2496.90000,0.27286,2.57294,2.16391
2496.95000,0.27288,2.57290,2.15172
2497.00000,0.27297,2.57278,2.13969
2497.05000,0.27303,2.57270,2.12818
2497.10000,0.27211,2.57392,2.11741
2497.15000,0.26892,2.57914,2.11744
2497.20000,0.26397,2.58717,2.13111
2497.25000,0.25859,2.59555,2.15328
2497.30000,0.25355,2.60297,2.18571
2497.35000,0.24779,2.61082,2.22364
2497.40000,0.24159,2.61859,2.26466
2497.45000,0.23504,2.62615,2.30480
2497.50000,0.22820,2.63343,2.34525
2497.55000,0.22106,2.64044,2.38572
2497.60000,0.21365,2.64715,2.42594
2497.65000,0.20597,2.65356,2.46604
2497.70000,0.19804,2.65965,2.50605
2497.75000,0.18988,2.66543,2.54639
2497.80000,0.18149,2.67087,2.58637
2497.85000,0.17289,2.67597,2.62573
2497.90000,0.16411,2.68072,2.66607
2497.95000,0.15513,2.68513,2.70564
2498.00000,0.14599,2.68917,2.74527
2498.05000,0.13669,2.69285,2.78400
2498.10000,0.12726,2.69616,2.82315
2498.15000,0.11770,2.69911,2.86242
2498.20000,0.10804,2.70167,2.90179
2498.25000,0.09828,2.70386,2.94050
2498.30000,0.08845,2.70566,2.97998
2498.35000,0.07855,2.70708,3.01831
2498.40000,0.06861,2.70812,3.05671
2498.45000,0.05863,2.70877,3.09569
2498.50000,0.04863,2.70903,3.13452
2498.55000,0.03904,2.70897,-3.12171
2498.60000,0.03031,2.70881,-3.10981
2498.65000,0.02618,2.70882,-3.10154
2498.70000,0.02342,2.70883,-3.09784
2498.75000,0.02257,2.70883,-3.10326
2498.80000,0.02266,2.70884,-3.11304
2498.85000,0.02279,2.70885,-3.12344
2498.90000,0.02294,2.70885,-3.13428
2498.95000,0.02308,2.70885,3.13746
2499.00000,0.02324,2.70885,3.12550
2499.05000,0.02343,2.70885,3.11307
2499.10000,0.02363,2.70885,3.10003
2499.15000,0.02384,2.70884,3.08639
2499.20000,0.02406,2.70883,3.07208
2499.25000,0.02429,2.70882,3.05712
2499.30000,0.02454,2.70880,3.04146
2499.35000,0.02480,2.70878,3.02512
2499.40000,0.02507,2.70876,3.00805
2499.45000,0.02535,2.70872,2.99027
2499.50000,0.02563,2.70868,2.97216
2499.55000,0.02591,2.70864,2.95415
2499.60000,0.02617,2.70860,2.93627
2499.65000,0.02622,2.70871,2.92882
2499.70000,0.02436,2.70938,2.93545
2499.75000,0.02051,2.71045,2.94926
2499.80000,0.01421,2.71203,2.97290
2499.85000,0.00587,2.71358,3.00489
2499.90000,-0.00396,2.71475,3.04284
2499.95000,-0.01392,2.71554,3.08042
2500.00000,-0.02344,2.71595,3.10635
2500.05000,-0.03102,2.71595,3.12109
2500.10000,-0.03634,2.71595,3.12680
2500.15000,-0.04113,2.71596,3.12997
2500.20000,-0.04547,2.71597,3.13114
2500.25000,-0.04628,2.71597,3.11766
2500.30000,-0.04602,2.71596,3.09935
2500.35000,-0.04573,2.71596,3.08094
2500.40000,-0.04544,2.71596,3.06261
2500.45000,-0.04518,2.71594,3.04434
2500.50000,-0.04489,2.71591,3.02635
2500.55000,-0.04459,2.71588,3.00848
2500.60000,-0.04434,2.71585,2.99061
2500.65000,-0.04411,2.71583,2.97254
2500.70000,-0.04387,2.71579,2.95466
2500.75000,-0.04363,2.71575,2.93698
2500.80000,-0.04338,2.71571,2.91942
2500.85000,-0.04359,2.71580,2.91678
2500.90000,-0.04649,2.71657,2.92694
2500.95000,-0.05314,2.71795,2.95042
2501.00000,-0.06143,2.71943,2.98142
2501.05000,-0.06995,2.72064,3.01982
2501.10000,-0.07860,2.72150,3.04897
2501.15000,-0.08590,2.72182,3.06492
2501.20000,-0.09168,2.72199,3.07396
2501.25000,-0.09651,2.72222,3.07756
2501.30000,-0.09996,2.72231,3.07385
2501.35000,-0.10194,2.72230,3.06401
2501.40000,-0.10181,2.72228,3.04608
2501.45000,-0.10173,2.72228,3.02656
2501.50000,-0.10166,2.72228,3.00701
2501.55000,-0.10153,2.72228,2.98789
2501.60000,-0.10142,2.72227,2.96891
2501.65000,-0.10132,2.72229,2.95012
2501.70000,-0.10119,2.72227,2.93158
2501.75000,-0.10103,2.72224,2.91332
2501.80000,-0.10086,2.72222,2.89548
2501.85000,-0.10145,2.72236,2.89252
2501.90000,-0.10537,2.72341,2.90432
2501.95000,-0.11228,2.72500,2.92734
2502.00000,-0.12089,2.72674,2.95759
2502.05000,-0.12955,2.72809,2.97877
2502.10000,-0.13581,2.72884,2.98640
2502.15000,-0.13967,2.72932,2.98418
2502.20000,-0.14116,2.72944,2.97207
2502.25000,-0.14126,2.72945,2.95178
2502.30000,-0.14098,2.72940,2.93216
2502.35000,-0.14068,2.72934,2.91282
2502.40000,-0.14038,2.72927,2.89363
2502.45000,-0.14009,2.72919,2.87445
2502.50000,-0.13980,2.72911,2.85488
2502.55000,-0.13950,2.72902,2.83474
2502.60000,-0.13946,2.72911,2.82518
2502.65000,-0.14173,2.73006,2.83131
2502.70000,-0.14729,2.73189,2.85170
2502.75000,-0.15527,2.73415,2.88049
2502.80000,-0.16384,2.73630,2.91661
2502.85000,-0.17271,2.73803,2.94383
2502.90000,-0.17975,2.73913,2.95540
2502.95000,-0.18368,2.73965,2.95298
2503.00000,-0.18538,2.73976,2.93961
2503.05000,-0.18562,2.73974,2.92070
2503.10000,-0.18540,2.73971,2.90011
2503.15000,-0.18539,2.73973,2.87807
2503.20000,-0.18526,2.73970,2.85606
2503.25000,-0.18517,2.73969,2.83340
2503.30000,-0.18490,2.73961,2.81143
2503.35000,-0.18485,2.73961,2.78862
2503.40000,-0.18522,2.73976,2.78191
2503.45000,-0.18862,2.74104,2.79281
2503.50000,-0.19487,2.74326,2.81500
2503.55000,-0.20335,2.74598,2.84536
2503.60000,-0.21313,2.74877,2.88112
2503.65000,-0.22214,2.75089,2.90810
2503.70000,-0.22905,2.75223,2.91795
2503.75000,-0.23317,2.75303,2.91532
2503.80000,-0.23446,2.75319,2.89968
2503.85000,-0.23423,2.75315,2.87780
2503.90000,-0.23395,2.75309,2.85559
2503.95000,-0.23365,2.75300,2.83321
2504.00000,-0.23336,2.75292,2.81041
2504.05000,-0.23311,2.75284,2.78732
2504.10000,-0.23285,2.75276,2.76450
2504.15000,-0.23298,2.75296,2.75164
2504.20000,-0.23478,2.75380,2.75484
2504.25000,-0.24045,2.75611,2.77464
2504.30000,-0.24852,2.75908,2.80425
2504.35000,-0.25661,2.76153,2.82261
2504.40000,-0.26189,2.76309,2.82458
2504.45000,-0.26416,2.76377,2.81392
2504.50000,-0.26400,2.76371,2.79295
2504.55000,-0.26371,2.76361,2.77117
2504.60000,-0.26342,2.76350,2.74927
2504.65000,-0.26316,2.76340,2.72696
2504.70000,-0.26354,2.76364,2.71893
2504.75000,-0.26689,2.76521,2.72935
2504.80000,-0.27301,2.76782,2.75125
2504.85000,-0.28066,2.77089,2.78032
2504.90000,-0.28890,2.77384,2.81738
2504.95000,-0.29758,2.77680,2.84553
2505.00000,-0.30546,2.77908,2.85890
2505.05000,-0.31057,2.78042,2.85823
2505.10000,-0.31299,2.78106,2.84565
2505.15000,-0.31294,2.78100,2.82254
2505.20000,-0.31256,2.78087,2.79750
2505.25000,-0.31218,2.78073,2.77224
2505.30000,-0.31181,2.78058,2.74674
2505.35000,-0.31145,2.78042,2.72096
2505.40000,-0.31109,2.78025,2.69487
2505.45000,-0.31074,2.78007,2.66850
2505.50000,-0.31079,2.78012,2.65955
2505.55000,-0.31358,2.78170,2.66757
2505.60000,-0.31939,2.78465,2.68804
2505.65000,-0.32729,2.78836,2.71751
2505.70000,-0.33618,2.79220,2.75071
2505.75000,-0.34502,2.79561,2.77045
2505.80000,-0.35237,2.79833,2.77534
2505.85000,-0.35682,2.79999,2.76789
2505.90000,-0.35753,2.80023,2.74363
2505.95000,-0.35745,2.80020,2.71523
2506.00000,-0.35764,2.80029,2.68778
2506.05000,-0.35736,2.80015,2.65832
2506.10000,-0.35700,2.79998,2.62812
2506.15000,-0.35669,2.79990,2.61111
2506.20000,-0.35782,2.80066,2.61040
2506.25000,-0.36258,2.80350,2.62736
2506.30000,-0.36947,2.80729,2.65362
2506.35000,-0.37790,2.81159,2.68593
2506.40000,-0.38695,2.81584,2.72063
2506.45000,-0.39576,2.81959,2.74020
2506.50000,-0.40361,2.82279,2.73795
2506.55000,-0.40781,2.82460,2.71592
2506.60000,-0.40820,2.82479,2.67550
2506.65000,-0.40847,2.82493,2.63350
2506.70000,-0.40873,2.82508,2.59149
2506.75000,-0.40899,2.82525,2.54964
2506.80000,-0.40926,2.82547,2.51811
2506.85000,-0.40982,2.82602,2.50263
2506.90000,-0.41080,2.82699,2.50357
2506.95000,-0.41353,2.82899,2.51831
2507.00000,-0.41805,2.83217,2.54247
2507.05000,-0.42482,2.83664,2.57565
2507.10000,-0.43289,2.84155,2.61714
2507.15000,-0.44141,2.84624,2.66294
2507.20000,-0.45030,2.85059,2.71179
2507.25000,-0.45948,2.85454,2.76144
2507.30000,-0.46885,2.85804,2.80859
2507.35000,-0.47680,2.86065,2.83317
2507.40000,-0.48235,2.86243,2.82219
2507.45000,-0.48619,2.86373,2.81657
2507.50000,-0.48956,2.86485,2.83778
2507.55000,-0.49505,2.86649,2.86921
2507.60000,-0.50067,2.86790,2.88521
2507.65000,-0.50529,2.86868,2.87239
2507.70000,-0.50767,2.86936,2.83397
2507.75000,-0.50828,2.86957,2.78576
2507.80000,-0.50874,2.86976,2.74739
2507.85000,-0.50917,2.86995,2.71689
2507.90000,-0.50952,2.87006,2.68877
2507.95000,-0.50986,2.87018,2.66667
2508.00000,-0.51016,2.87026,2.64924
2508.05000,-0.51044,2.87034,2.63691
2508.10000,-0.51079,2.87052,2.63246
2508.15000,-0.51120,2.87079,2.63837
2508.20000,-0.51186,2.87122,2.65673
2508.25000,-0.51415,2.87239,2.68565
2508.30000,-0.51855,2.87445,2.72432
2508.35000,-0.52525,2.87724,2.77276
2508.40000,-0.53335,2.88013,2.82493
2508.45000,-0.54188,2.88270,2.87962
2508.50000,-0.55062,2.88478,2.93614
2508.55000,-0.55936,2.88634,2.99483
2508.60000,-0.56722,2.88726,3.05842
2508.65000,-0.57372,2.88758,3.12825
2508.70000,-0.58038,2.88743,-3.08489
2508.75000,-0.58721,2.88681,-3.01501
2508.80000,-0.59412,2.88568,-2.94533
2508.85000,-0.60108,2.88404,-2.87592
2508.90000,-0.60802,2.88189,-2.80676
2508.95000,-0.61489,2.87923,-2.73788
2509.00000,-0.62167,2.87606,-2.66935
2509.05000,-0.62832,2.87237,-2.60124
2509.10000,-0.63476,2.86820,-2.53332
2509.15000,-0.64100,2.86354,-2.46583
2509.20000,-0.64699,2.85839,-2.39875
2509.25000,-0.65270,2.85279,-2.33204
2509.30000,-0.65807,2.84676,-2.26565
2509.35000,-0.66315,2.84024,-2.19995
2509.40000,-0.66704,2.83452,-2.12924
2509.45000,-0.66944,2.83034,-2.05060
2509.50000,-0.67087,2.82731,-1.96634
2509.55000,-0.67168,2.82512,-1.87810
2509.60000,-0.67211,2.82355,-1.78701
2509.65000,-0.67230,2.82242,-1.69391
2509.70000,-0.67237,2.82163,-1.59938
2509.75000,-0.67236,2.82107,-1.50383
2509.80000,-0.67231,2.82068,-1.40757
2509.85000,-0.67225,2.82040,-1.31079
2509.90000,-0.67219,2.82022,-1.21364
2509.95000,-0.67213,2.82008,-1.11624
2510.00000,-0.67208,2.81999,-1.01866
2510.05000,-0.67200,2.81988,-0.92114
2510.10000,-0.67188,2.81974,-0.82381
2510.15000,-0.67170,2.81957,-0.72669
2510.20000,-0.67146,2.81938,-0.62981
2510.25000,-0.67116,2.81918,-0.53324
2510.30000,-0.67085,2.81901,-0.43724
2510.35000,-0.67053,2.81888,-0.34183
2510.40000,-0.67021,2.81879,-0.24718
2510.45000,-0.66989,2.81872,-0.15329
2510.50000,-0.66957,2.81869,-0.06009
2510.55000,-0.66925,2.81868,0.03236
2510.60000,-0.66894,2.81871,0.12403
2510.65000,-0.66864,2.81876,0.21487
2510.70000,-0.66835,2.81884,0.30489
2510.75000,-0.66806,2.81896,0.38239
2510.80000,-0.66788,2.81903,0.43725
2510.85000,-0.66730,2.81933,0.47403
2510.90000,-0.66474,2.82069,0.49773
2510.95000,-0.65954,2.82361,0.50849
2511.00000,-0.65137,2.82819,0.50283
2511.05000,-0.64277,2.83286,0.49385
2511.10000,-0.63416,2.83744,0.48379
2511.15000,-0.62549,2.84195,0.47454
2511.20000,-0.61684,2.84633,0.46309
2511.25000,-0.60815,2.85060,0.45020
2511.30000,-0.59938,2.85477,0.43837
2511.35000,-0.59055,2.85885,0.42687
2511.40000,-0.58172,2.86280,0.41392
2511.45000,-0.57281,2.86665,0.40194
2511.50000,-0.56385,2.87040,0.39012
2511.55000,-0.55485,2.87403,0.37812
2511.60000,-0.54591,2.87751,0.36324
2511.65000,-0.53687,2.88087,0.34880
2511.70000,-0.52779,2.88410,0.33461
2511.75000,-0.51866,2.88720,0.32005
2511.80000,-0.50951,2.89016,0.30457
2511.85000,-0.50037,2.89294,0.28726
2511.90000,-0.49117,2.89557,0.26953
2511.95000,-0.48192,2.89804,0.25207
2512.00000,-0.47264,2.90034,0.23421
2512.05000,-0.46334,2.90247,0.21562
2512.10000,-0.45400,2.90442,0.19643
2512.15000,-0.44467,2.90618,0.17620
2512.20000,-0.43533,2.90774,0.15484
2512.25000,-0.42598,2.90910,0.13278
2512.30000,-0.41659,2.91024,0.11057
2512.35000,-0.40720,2.91118,0.08811
2512.40000,-0.39783,2.91189,0.06429
2512.45000,-0.38844,2.91237,0.04048
2512.50000,-0.37906,2.91263,0.01548
2512.55000,-0.36968,2.91266,-0.00994
2512.60000,-0.36031,2.91244,-0.03546
2512.65000,-0.35097,2.91199,-0.06154
2512.70000,-0.34165,2.91129,-0.08746
2512.75000,-0.33234,2.91036,-0.11345
2512.80000,-0.32307,2.90918,-0.13964
2512.85000,-0.31383,2.90775,-0.16564
2512.90000,-0.30463,2.90609,-0.19170
2512.95000,-0.29549,2.90419,-0.21819
2513.00000,-0.28643,2.90205,-0.24553
2513.05000,-0.27743,2.89966,-0.27329
2513.10000,-0.26850,2.89703,-0.30094
2513.15000,-0.25967,2.89414,-0.32957
2513.20000,-0.25091,2.89101,-0.35795
2513.25000,-0.24225,2.88762,-0.38653
2513.30000,-0.23371,2.88400,-0.41578
2513.35000,-0.22529,2.88013,-0.44534
2513.40000,-0.21690,2.87610,-0.46903
2513.45000,-0.20824,2.87174,-0.47623
2513.50000,-0.19929,2.86706,-0.46705
2513.55000,-0.19059,2.86271,-0.43927
2513.60000,-0.18406,2.85978,-0.39897
2513.65000,-0.18025,2.85827,-0.34654
2513.70000,-0.17925,2.85793,-0.28222
2513.75000,-0.17904,2.85789,-0.22532
2513.80000,-0.17909,2.85802,-0.19010
2513.85000,-0.17788,2.85767,-0.17961
2513.90000,-0.17361,2.85685,-0.18331
2513.95000,-0.16668,2.85541,-0.20133
2514.00000,-0.15757,2.85340,-0.22981
2514.05000,-0.14809,2.85103,-0.25744
2514.10000,-0.13901,2.84849,-0.28634
2514.15000,-0.12999,2.84567,-0.31503
2514.20000,-0.12105,2.84260,-0.34399
2514.25000,-0.11222,2.83928,-0.37337
2514.30000,-0.10367,2.83576,-0.40378
2514.35000,-0.09529,2.83220,-0.42465
2514.40000,-0.08699,2.82871,-0.43783
2514.45000,-0.07873,2.82525,-0.44842
2514.50000,-0.07048,2.82179,-0.45640
2514.55000,-0.06223,2.81832,-0.46139
2514.60000,-0.05398,2.81485,-0.46287
2514.65000,-0.04574,2.81135,-0.45410
2514.70000,-0.03759,2.80782,-0.42631
2514.75000,-0.03134,2.80513,-0.38218
2514.80000,-0.02816,2.80444,-0.33739
2514.85000,-0.02580,2.80430,-0.32372
2514.90000,-0.02256,2.80319,-0.33799
2514.95000,-0.01711,2.80119,-0.36428
2515.00000,-0.01021,2.79842,-0.39834
2515.05000,-0.00275,2.79509,-0.43926
2515.10000,0.00574,2.79089,-0.48121
2515.15000,0.01414,2.78628,-0.52265
2515.20000,0.02220,2.78141,-0.56435
2515.25000,0.03012,2.77617,-0.60541
2515.30000,0.03814,2.77038,-0.64505
2515.35000,0.04599,2.76449,-0.67687
2515.40000,0.05293,2.75933,-0.70043
2515.45000,0.05846,2.75451,-0.72983
2515.50000,0.06529,2.74819,-0.76352
2515.55000,0.07188,2.74161,-0.80281
2515.60000,0.07835,2.73461,-0.84079
2515.65000,0.08433,2.72785,-0.86530
2515.70000,0.09049,2.72081,-0.86467
2515.75000,0.09647,2.71388,-0.84574
2515.80000,0.10186,2.70799,-0.80984
2515.85000,0.10505,2.70460,-0.77135
2515.90000,0.10712,2.70254,-0.74204
2515.95000,0.10849,2.70132,-0.71601
2516.00000,0.10973,2.70029,-0.71020
2516.05000,0.11291,2.69753,-0.72438
2516.10000,0.11802,2.69288,-0.75295
2516.15000,0.12405,2.68703,-0.78835
2516.20000,0.13030,2.68049,-0.82639
2516.25000,0.13631,2.67371,-0.86395
2516.30000,0.14208,2.66671,-0.90088
2516.35000,0.14758,2.65949,-0.93775
2516.40000,0.15294,2.65201,-0.96047
2516.45000,0.15824,2.64440,-0.95850
2516.50000,0.16292,2.63784,-0.93216
2516.55000,0.16590,2.63395,-0.88117
2516.60000,0.16706,2.63262,-0.81828
2516.65000,0.16729,2.63238,-0.74972
2516.70000,0.16741,2.63228,-0.68051
2516.75000,0.16752,2.63222,-0.62301
2516.80000,0.16716,2.63272,-0.59319
2516.85000,0.16772,2.63235,-0.58936
2516.90000,0.17147,2.62979,-0.60581
2516.95000,0.17724,2.62567,-0.63480
2517.00000,0.18394,2.62055,-0.67047
2517.05000,0.19091,2.61479,-0.70842
2517.10000,0.19769,2.60876,-0.74555
2517.15000,0.20424,2.60248,-0.78221
2517.20000,0.21057,2.59596,-0.81853
2517.25000,0.21679,2.58927,-0.84279
2517.30000,0.22296,2.58244,-0.84051
2517.35000,0.22846,2.57642,-0.81436
2517.40000,0.23217,2.57265,-0.76346
2517.45000,0.23385,2.57113,-0.69952
2517.50000,0.23436,2.57072,-0.62879
2517.55000,0.23449,2.57066,-0.56742
2517.60000,0.23426,2.57103,-0.53495
2517.65000,0.23471,2.57080,-0.52965
2517.70000,0.23786,2.56891,-0.54095
2517.75000,0.24367,2.56530,-0.56833
2517.80000,0.25061,2.56069,-0.60297
2517.85000,0.25796,2.55542,-0.64068
2517.90000,0.26513,2.54986,-0.67796
2517.95000,0.27210,2.54404,-0.71439
2518.00000,0.27886,2.53795,-0.75053
2518.05000,0.28558,2.53167,-0.77824
2518.10000,0.29259,2.52502,-0.78424
2518.15000,0.29971,2.51822,-0.77474
2518.20000,0.30678,2.51145,-0.75142
2518.25000,0.31324,2.50563,-0.71059
2518.30000,0.31812,2.50163,-0.65533
2518.35000,0.32073,2.49975,-0.58691
2518.40000,0.32136,2.49935,-0.50836
2518.45000,0.32161,2.49924,-0.43987
2518.50000,0.32179,2.49928,-0.40026
2518.55000,0.32244,2.49904,-0.39259
2518.60000,0.32615,2.49739,-0.40197
2518.65000,0.33273,2.49447,-0.42737
2518.70000,0.34041,2.49081,-0.46030
2518.75000,0.34875,2.48648,-0.49463
2518.80000,0.35703,2.48182,-0.52776
2518.85000,0.36525,2.47683,-0.56461
2518.90000,0.37322,2.47155,-0.60636
2518.95000,0.38054,2.46622,-0.65266
2519.00000,0.38772,2.46045,-0.70254
2519.05000,0.39492,2.45402,-0.75429
2519.10000,0.40197,2.44703,-0.80733
2519.15000,0.40869,2.43963,-0.85977
2519.20000,0.41502,2.43188,-0.91206
2519.25000,0.42092,2.42383,-0.96502
2519.30000,0.42640,2.41547,-1.01677
2519.35000,0.43144,2.40683,-1.06804
2519.40000,0.43603,2.39795,-1.11894
2519.45000,0.44016,2.38885,-1.17006
2519.50000,0.44383,2.37954,-1.22098
2519.55000,0.44702,2.37007,-1.27119
2519.60000,0.44973,2.36044,-1.32046
2519.65000,0.45196,2.35070,-1.37030
2519.70000,0.45372,2.34086,-1.41908
2519.75000,0.45472,2.33252,-1.46698
2519.80000,0.45518,2.32663,-1.51537
2519.85000,0.45539,2.32033,-1.56193
2519.90000,0.45534,2.31681,-1.61349
2519.95000,0.45526,2.31553,-1.67393
2520.00000,0.45524,2.31539,-1.73878
2520.05000,0.45521,2.31525,-1.80329
2520.10000,0.45518,2.31511,-1.86731
2520.15000,0.45513,2.31498,-1.93084
2520.20000,0.45508,2.31485,-1.99387
2520.25000,0.45502,2.31472,-2.05639
2520.30000,0.45495,2.31460,-2.11838
2520.35000,0.45487,2.31449,-2.17984
2520.40000,0.45479,2.31438,-2.24076
2520.45000,0.45470,2.31427,-2.30112
2520.50000,0.45461,2.31417,-2.36092
2520.55000,0.45451,2.31408,-2.42015
2520.60000,0.45441,2.31399,-2.47881
2520.65000,0.45430,2.31391,-2.53687
2520.70000,0.45419,2.31384,-2.59434
2520.75000,0.45407,2.31378,-2.65120
2520.80000,0.45396,2.31372,-2.70746
2520.85000,0.45384,2.31367,-2.76310
2520.90000,0.45372,2.31362,-2.81811
2520.95000,0.45359,2.31359,-2.87248
2521.00000,0.45347,2.31356,-2.92621
2521.05000,0.45335,2.31353,-2.97930
2521.10000,0.45323,2.31352,-3.03170
2521.15000,0.45310,2.31351,-3.08332
2521.20000,0.45298,2.31350,-3.13416
2521.25000,0.45285,2.31350,3.09897
2521.30000,0.45273,2.31351,3.04971
2521.35000,0.45261,2.31353,3.00124
2521.40000,0.45248,2.31355,2.95358
2521.45000,0.45236,2.31357,2.90673
2521.50000,0.45224,2.31360,2.86069
2521.55000,0.45213,2.31364,2.81546
2521.60000,0.45201,2.31368,2.77105
2521.65000,0.45190,2.31373,2.72745
2521.70000,0.44975,2.31487,2.68528
2521.75000,0.44299,2.31838,2.64819
2521.80000,0.43476,2.32301,2.60898
2521.85000,0.42667,2.32802,2.56585
2521.90000,0.41882,2.33337,2.52244
2521.95000,0.41080,2.33934,2.48072
2522.00000,0.40313,2.34559,2.43840
2522.05000,0.39566,2.35221,2.39583
2522.10000,0.38847,2.35914,2.35283
2522.15000,0.38165,2.36633,2.30894
2522.20000,0.37511,2.37386,2.26466
2522.25000,0.36897,2.38127,2.22149
2522.30000,0.36820,2.38255,2.17691
2522.35000,0.36815,2.38263,2.13047
2522.40000,0.36810,2.38271,2.08481
2522.45000,0.36689,2.38479,2.04098
2522.50000,0.36431,2.39002,2.02096
2522.55000,0.36083,2.39720,2.02144
2522.60000,0.35651,2.40603,2.03001
2522.65000,0.35202,2.41502,2.03898
2522.70000,0.34747,2.42393,2.04772
2522.75000,0.34284,2.43278,2.05652
2522.80000,0.33814,2.44159,2.06573
2522.85000,0.33335,2.45036,2.07534
2522.90000,0.32848,2.45908,2.08533
2522.95000,0.32352,2.46774,2.09551
2523.00000,0.31847,2.47636,2.10584
2523.05000,0.31333,2.48492,2.11677
2523.10000,0.30810,2.49342,2.12803
2523.15000,0.30277,2.50187,2.13942
2523.20000,0.29734,2.51025,2.15095
2523.25000,0.29181,2.51857,2.16284
2523.30000,0.28619,2.52682,2.17501
2523.35000,0.28047,2.53500,2.18729
2523.40000,0.27464,2.54311,2.19986
2523.45000,0.26947,2.55032,2.19899
2523.50000,0.26521,2.55635,2.17950
2523.55000,0.26344,2.55896,2.14135
2523.60000,0.26316,2.55941,2.09234
2523.65000,0.26312,2.55954,2.05362
2523.70000,0.26212,2.56142,2.03713
2523.75000,0.25921,2.56715,2.03928
2523.80000,0.25488,2.57557,2.05373
2523.85000,0.25017,2.58438,2.07002
2523.90000,0.24531,2.59312,2.08631
2523.95000,0.24051,2.60138,2.11076
2524.00000,0.23526,2.60985,2.14476
2524.05000,0.22983,2.61791,2.18447
2524.10000,0.22380,2.62614,2.22573
2524.15000,0.21755,2.63394,2.26723
2524.20000,0.21098,2.64148,2.30850
2524.25000,0.20410,2.64873,2.35034
2524.30000,0.19693,2.65570,2.39164
2524.35000,0.18947,2.66236,2.43308
2524.40000,0.18175,2.66871,2.47393
2524.45000,0.17377,2.67474,2.51469
2524.50000,0.16555,2.68044,2.55537
2524.55000,0.15711,2.68580,2.59626
2524.60000,0.14846,2.69081,2.63661
2524.65000,0.13961,2.69547,2.67691
2524.70000,0.13059,2.69977,2.71732
2524.75000,0.12139,2.70370,2.75749
2524.80000,0.11205,2.70726,2.79752
2524.85000,0.10257,2.71045,2.83707
2524.90000,0.09298,2.71326,2.87710
2524.95000,0.08327,2.71568,2.91679
2525.00000,0.07349,2.71772,2.95589
2525.05000,0.06363,2.71936,2.99593
2525.10000,0.05371,2.72062,3.03587
2525.15000,0.04375,2.72147,3.07578
2525.20000,0.03376,2.72193,3.11578
2525.25000,0.02497,2.72204,3.13623
2525.30000,0.01912,2.72209,3.12114
2525.35000,0.01506,2.72224,3.08211
2525.40000,0.01310,2.72240,3.02914
2525.45000,0.01232,2.72251,2.97114
2525.50000,0.01157,2.72265,2.92327
2525.55000,0.01085,2.72280,2.88816
2525.60000,0.01015,2.72292,2.86114
2525.65000,0.00938,2.72316,2.84341
2525.70000,0.00857,2.72344,2.83182
2525.75000,0.00762,2.72390,2.83072
2525.80000,0.00620,2.72451,2.84013
2525.85000,0.00306,2.72547,2.85756
2525.90000,-0.00203,2.72690,2.88310
2525.95000,-0.00918,2.72873,2.91706
2526.00000,-0.01848,2.73077,2.95922
2526.05000,-0.02834,2.73237,3.00311
2526.10000,-0.03826,2.73354,3.04696
2526.15000,-0.04680,2.73421,3.07035
2526.20000,-0.05413,2.73435,3.07216
2526.25000,-0.06079,2.73415,3.05707
2526.30000,-0.06536,2.73384,3.02322
2526.35000,-0.06675,2.73373,2.97637
2526.40000,-0.06710,2.73379,2.92553
2526.45000,-0.06742,2.73387,2.87517
2526.50000,-0.06776,2.73400,2.83331
2526.55000,-0.06846,2.73453,2.81003
2526.60000,-0.06959,2.73555,2.80678
2526.65000,-0.07130,2.73694,2.81574
2526.70000,-0.07501,2.73888,2.83414
2526.75000,-0.08052,2.74132,2.86017
2526.80000,-0.08902,2.74389,2.89797
2526.85000,-0.09867,2.74612,2.94010
2526.90000,-0.10851,2.74791,2.98260
2526.95000,-0.11786,2.74908,3.01141
2527.00000,-0.12616,2.74921,3.01729
2527.05000,-0.13357,2.74875,3.00440
2527.10000,-0.13837,2.74830,2.97600
2527.15000,-0.14092,2.74805,2.93742
2527.20000,-0.14146,2.74807,2.89025
2527.25000,-0.14154,2.74809,2.84103
2527.30000,-0.14181,2.74818,2.79263
2527.35000,-0.14215,2.74837,2.75329
2527.40000,-0.14292,2.74907,2.74295
2527.45000,-0.14644,2.75062,2.75939
2527.50000,-0.15269,2.75303,2.78689
2527.55000,-0.15985,2.75557,2.82151
2527.60000,-0.16873,2.75836,2.85924
2527.65000,-0.17829,2.76092,2.89950
2527.70000,-0.18797,2.76311,2.94018
2527.75000,-0.19697,2.76461,2.96869
2527.80000,-0.20519,2.76529,2.97373
2527.85000,-0.21288,2.76539,2.96085
2527.90000,-0.21845,2.76500,2.93167
2527.95000,-0.22095,2.76471,2.88899
2528.00000,-0.22148,2.76485,2.83789
2528.05000,-0.22196,2.76501,2.78651
2528.10000,-0.22243,2.76520,2.73534
2528.15000,-0.22296,2.76549,2.69369
2528.20000,-0.22390,2.76626,2.68000
2528.25000,-0.22697,2.76796,2.69454
2528.30000,-0.23284,2.77070,2.72115
2528.35000,-0.24039,2.77396,2.75315
2528.40000,-0.24929,2.77741,2.79109
2528.45000,-0.25871,2.78067,2.82981
2528.50000,-0.26762,2.78336,2.85784
2528.55000,-0.27635,2.78584,2.86465
2528.60000,-0.28411,2.78769,2.84737
2528.65000,-0.28859,2.78896,2.81279
2528.70000,-0.28944,2.78920,2.76258
2528.75000,-0.29012,2.78949,2.71167
2528.80000,-0.29085,2.78985,2.66128
2528.85000,-0.29160,2.79029,2.62063
2528.90000,-0.29263,2.79106,2.60438
2528.95000,-0.29609,2.79321,2.61838
2529.00000,-0.30201,2.79654,2.64354
2529.05000,-0.30946,2.80048,2.67492
2529.10000,-0.31777,2.80449,2.71220
2529.15000,-0.32600,2.80806,2.75295
2529.20000,-0.33415,2.81120,2.77833
2529.25000,-0.34169,2.81365,2.77740
2529.30000,-0.34773,2.81543,2.75255
2529.35000,-0.35119,2.81691,2.71456
2529.40000,-0.35254,2.81755,2.66725
2529.45000,-0.35363,2.81815,2.61895
2529.50000,-0.35471,2.81880,2.57090
2529.55000,-0.35578,2.81953,2.53239
2529.60000,-0.35733,2.82079,2.51929
2529.65000,-0.36115,2.82357,2.53401
2529.70000,-0.36681,2.82740,2.55966
2529.75000,-0.37427,2.83215,2.59089
2529.80000,-0.38261,2.83707,2.62899
2529.85000,-0.39143,2.84183,2.66732
2529.90000,-0.39985,2.84593,2.71086
2529.95000,-0.40876,2.84977,2.75822
2530.00000,-0.41809,2.85329,2.80420
2530.05000,-0.42769,2.85643,2.83663
2530.10000,-0.43586,2.85864,2.83712
2530.15000,-0.44247,2.86065,2.81428
2530.20000,-0.44675,2.86218,2.77903
2530.25000,-0.44919,2.86293,2.74546
2530.30000,-0.45156,2.86365,2.71840
2530.35000,-0.45388,2.86433,2.69475
2530.40000,-0.45617,2.86497,2.67492
2530.45000,-0.45833,2.86551,2.65665
2530.50000,-0.46036,2.86590,2.63938
2530.55000,-0.46224,2.86616,2.62306
2530.60000,-0.46410,2.86642,2.61594
2530.65000,-0.46602,2.86678,2.62610
2530.70000,-0.46801,2.86740,2.65019
2530.75000,-0.47123,2.86906,2.68538
2530.80000,-0.47675,2.87162,2.73034
2530.85000,-0.48416,2.87463,2.78260
2530.90000,-0.49227,2.87742,2.83713
2530.95000,-0.50101,2.87990,2.89256
2531.00000,-0.51006,2.88193,2.94933
2531.05000,-0.51908,2.88341,3.00799
2531.10000,-0.52808,2.88435,3.06803
2531.15000,-0.53621,2.88470,3.13220
2531.20000,-0.54335,2.88452,-3.08252
2531.25000,-0.54972,2.88392,-3.01082
2531.30000,-0.55569,2.88323,-2.94677
2531.35000,-0.56123,2.88258,-2.89458
2531.40000,-0.56454,2.88170,-2.84079
2531.45000,-0.56780,2.88070,-2.79085
2531.50000,-0.57095,2.87976,-2.75929
2531.55000,-0.57376,2.87910,-2.75383
2531.60000,-0.57720,2.87781,-2.77304
2531.65000,-0.58264,2.87583,-2.81019
2531.70000,-0.58887,2.87384,-2.85573
2531.75000,-0.59684,2.87170,-2.90266
2531.80000,-0.60566,2.86973,-2.93428
2531.85000,-0.61209,2.86857,-2.95418
2531.90000,-0.61676,2.86781,-2.97140
2531.95000,-0.62197,2.86695,-2.96300
2532.00000,-0.62656,2.86626,-2.93128
2532.05000,-0.62976,2.86553,-2.88102
2532.10000,-0.63325,2.86449,-2.82188
2532.15000,-0.63708,2.86308,-2.75728
2532.20000,-0.64133,2.86119,-2.68976
2532.25000,-0.64538,2.85904,-2.61839
2532.30000,-0.64931,2.85680,-2.55761
2532.35000,-0.65318,2.85456,-2.51675
2532.40000,-0.65672,2.85254,-2.51258
2532.45000,-0.66016,2.85046,-2.53323
2532.50000,-0.66406,2.84778,-2.54680
2532.55000,-0.66681,2.84595,-2.55684
2532.60000,-0.67013,2.84382,-2.58478
2532.65000,-0.67517,2.84080,-2.62160
2532.70000,-0.68150,2.83736,-2.66456
2532.75000,-0.68747,2.83437,-2.69563
2532.80000,-0.69357,2.83145,-2.69711
2532.85000,-0.69973,2.82853,-2.68053
2532.90000,-0.70534,2.82565,-2.64330
2532.95000,-0.70937,2.82333,-2.58938
2533.00000,-0.71303,2.82091,-2.52702
2533.05000,-0.71697,2.81793,-2.46135
2533.10000,-0.72092,2.81450,-2.39296
2533.15000,-0.72500,2.81043,-2.32393
2533.20000,-0.72943,2.80537,-2.25666
2533.25000,-0.73303,2.80066,-2.18509
2533.30000,-0.73627,2.79569,-2.11264
2533.35000,-0.73918,2.79070,-2.05173
2533.40000,-0.74229,2.78542,-2.02382
2533.45000,-0.74555,2.77991,-2.02305
2533.50000,-0.74848,2.77470,-2.03711
2533.55000,-0.75178,2.76848,-2.07057
2533.60000,-0.75601,2.76106,-2.10935
2533.65000,-0.76107,2.75299,-2.15150
2533.70000,-0.76613,2.74563,-2.19653
2533.75000,-0.77154,2.73849,-2.24187
2533.80000,-0.77771,2.73108,-2.28521
2533.85000,-0.78396,2.72418,-2.33029
2533.90000,-0.79015,2.71768,-2.36828
2533.95000,-0.79665,2.71092,-2.38463
2534.00000,-0.80194,2.70575,-2.36542
2534.05000,-0.80450,2.70312,-2.31765
2534.10000,-0.80765,2.69952,-2.26364
2534.15000,-0.81147,2.69465,-2.20755
2534.20000,-0.81521,2.68950,-2.16259
2534.25000,-0.81838,2.68484,-2.14521
2534.30000,-0.82068,2.68097,-2.15572
2534.35000,-0.82325,2.67706,-2.19060
2534.40000,-0.82690,2.67218,-2.23343
2534.45000,-0.83182,2.66618,-2.27847
2534.50000,-0.83709,2.66029,-2.32381
2534.55000,-0.84254,2.65473,-2.36915
2534.60000,-0.84815,2.64951,-2.41446
2534.65000,-0.85378,2.64455,-2.45219
2534.70000,-0.86005,2.63903,-2.46238
2534.75000,-0.86677,2.63354,-2.44938
2534.80000,-0.87283,2.62838,-2.41894
2534.85000,-0.87762,2.62397,-2.37256
2534.90000,-0.88269,2.61880,-2.32130
2534.95000,-0.88772,2.61337,-2.27791
2535.00000,-0.89196,2.60865,-2.26135
2535.05000,-0.89552,2.60455,-2.26932
2535.10000,-0.89867,2.60080,-2.29441
2535.15000,-0.90163,2.59719,-2.33382
2535.20000,-0.90507,2.59373,-2.38233
2535.25000,-0.90882,2.59035,-2.42973
2535.30000,-0.91291,2.58698,-2.47527
2535.35000,-0.91699,2.58392,-2.52075
2535.40000,-0.92106,2.58111,-2.55111
2535.45000,-0.92535,2.57825,-2.55016
2535.50000,-0.92925,2.57561,-2.52359
2535.55000,-0.93394,2.57214,-2.48724
2535.60000,-0.93971,2.56752,-2.44557
2535.65000,-0.94568,2.56255,-2.40942
2535.70000,-0.95107,2.55805,-2.40485
2535.75000,-0.95611,2.55386,-2.41647
2535.80000,-0.96091,2.54988,-2.43971
2535.85000,-0.96555,2.54605,-2.47226
2535.90000,-0.96844,2.54389,-2.51796
2535.95000,-0.97110,2.54207,-2.56493
2536.00000,-0.97369,2.54047,-2.61187
2536.05000,-0.97648,2.53888,-2.64437
2536.10000,-0.97968,2.53704,-2.64902
2536.15000,-0.98309,2.53504,-2.63455
2536.20000,-0.98803,2.53213,-2.60438
2536.25000,-0.99512,2.52771,-2.56525
2536.30000,-1.00317,2.52223,-2.52116
2536.35000,-1.01102,2.51670,-2.48829
2536.40000,-1.01844,2.51146,-2.48316
2536.45000,-1.02431,2.50715,-2.50369
2536.50000,-1.02809,2.50447,-2.53999
2536.55000,-1.02969,2.50343,-2.58749
2536.60000,-1.03123,2.50253,-2.63519
2536.65000,-1.03226,2.50201,-2.68486
2536.70000,-1.03369,2.50129,-2.72162
2536.75000,-1.03599,2.49976,-2.73119
2536.80000,-1.03885,2.49787,-2.71817
2536.85000,-1.04461,2.49515,-2.69001
2536.90000,-1.05224,2.49128,-2.65334
2536.95000,-1.06096,2.48642,-2.61160
2537.00000,-1.07029,2.48067,-2.56639
2537.05000,-1.07919,2.47504,-2.52807
2537.10000,-1.08774,2.46967,-2.51746
2537.15000,-1.09480,2.46493,-2.53385
2537.20000,-1.09888,2.46223,-2.56745
2537.25000,-1.09980,2.46167,-2.61661
2537.30000,-1.10058,2.46124,-2.66657
2537.35000,-1.10133,2.46088,-2.71640
2537.40000,-1.10204,2.46058,-2.76611
2537.45000,-1.10281,2.46035,-2.79941
2537.50000,-1.10385,2.45994,-2.80747
2537.55000,-1.10524,2.45940,-2.80423
2537.60000,-1.10970,2.45768,-2.78477
2537.65000,-1.11645,2.45495,-2.75160
2537.70000,-1.12495,2.45125,-2.71366
2537.75000,-1.13379,2.44703,-2.67366
2537.80000,-1.14182,2.44295,-2.63881
2537.85000,-1.14974,2.43893,-2.62546
2537.90000,-1.15747,2.43505,-2.63204
2537.95000,-1.16489,2.43141,-2.65144
2538.00000,-1.17086,2.42842,-2.68079
2538.05000,-1.17162,2.42807,-2.73410
2538.10000,-1.17198,2.42793,-2.78933
2538.15000,-1.17234,2.42780,-2.84386
2538.20000,-1.17292,2.42752,-2.88645
2538.25000,-1.17455,2.42643,-2.89967
2538.30000,-1.17798,2.42511,-2.88980
2538.35000,-1.18460,2.42329,-2.86600
2538.40000,-1.19278,2.42085,-2.83587
2538.45000,-1.20208,2.41773,-2.80126
2538.50000,-1.21145,2.41423,-2.76603
2538.55000,-1.22063,2.41068,-2.73525
2538.60000,-1.22936,2.40752,-2.72235
2538.65000,-1.23770,2.40472,-2.72594
2538.70000,-1.24584,2.40209,-2.73805
2538.75000,-1.25370,2.39965,-2.75854
2538.80000,-1.26006,2.39748,-2.78779
2538.85000,-1.26383,2.39616,-2.82852
2538.90000,-1.26504,2.39579,-2.88004
2538.95000,-1.26544,2.39569,-2.93449
2539.00000,-1.26585,2.39562,-2.98830
2539.05000,-1.26646,2.39543,-3.03112
2539.10000,-1.26796,2.39484,-3.04991
2539.15000,-1.27100,2.39428,-3.04588
2539.20000,-1.27763,2.39350,-3.02609
2539.25000,-1.28683,2.39230,-2.99605
2539.30000,-1.29690,2.39067,-2.96282
2539.35000,-1.30671,2.38873,-2.93077
2539.40000,-1.31645,2.38649,-2.89928
2539.45000,-1.32603,2.38421,-2.87286
2539.50000,-1.33518,2.38231,-2.86625
2539.55000,-1.34404,2.38066,-2.87171
2539.60000,-1.35274,2.37917,-2.88493
2539.65000,-1.36117,2.37784,-2.90568
2539.70000,-1.36870,2.37671,-2.93218
2539.75000,-1.37412,2.37576,-2.96782
2539.80000,-1.37716,2.37529,-3.01339
2539.85000,-1.37795,2.37520,-3.06781
2539.90000,-1.37827,2.37519,-3.12368
2539.95000,-1.37870,2.37519,3.11377
2540.00000,-1.37989,2.37530,3.09567
2540.05000,-1.38280,2.37556,3.09734
2540.10000,-1.38995,2.37581,3.11745
2540.15000,-1.39943,2.37591,-3.13747
2540.20000,-1.40932,2.37572,-3.10584
2540.25000,-1.41849,2.37524,-3.07337
2540.30000,-1.42766,2.37447,-3.04132
2540.35000,-1.43679,2.37340,-3.00932
2540.40000,-1.44594,2.37216,-2.98442
2540.45000,-1.45488,2.37108,-2.98054
2540.50000,-1.46348,2.37017,-2.99712
2540.55000,-1.47097,2.36942,-3.02390
2540.60000,-1.47481,2.36906,-3.06622
2540.65000,-1.47572,2.36901,-3.12085
2540.70000,-1.47599,2.36901,3.10522
2540.75000,-1.47626,2.36903,3.04877
2540.80000,-1.47656,2.36909,3.00156
2540.85000,-1.47698,2.36932,2.96872
2540.90000,-1.47775,2.36988,2.95719
2540.95000,-1.47940,2.37049,2.95444
2541.00000,-1.48240,2.37122,2.95903
2541.05000,-1.48742,2.37240,2.97316
2541.10000,-1.49550,2.37397,3.00137
2541.15000,-1.50461,2.37509,3.03652
2541.20000,-1.51371,2.37589,3.07139
2541.25000,-1.52284,2.37638,3.10551
2541.30000,-1.53199,2.37655,3.13936
2541.35000,-1.54119,2.37648,-3.12295
2541.40000,-1.55009,2.37639,-3.12660
2541.45000,-1.55753,2.37638,3.13466
2541.50000,-1.56202,2.37636,3.09982
2541.55000,-1.56350,2.37629,3.05262
2541.60000,-1.56331,2.37627,2.99895
2541.65000,-1.56353,2.37632,2.95551
2541.70000,-1.56400,2.37667,2.93325
2541.75000,-1.56586,2.37748,2.93271
2541.80000,-1.57012,2.37867,2.94341
2541.85000,-1.57780,2.38024,2.96780
2541.90000,-1.58723,2.38175,3.00027
2541.95000,-1.59714,2.38300,3.03178
2542.00000,-1.60708,2.38394,3.06268
2542.05000,-1.61674,2.38448,3.08377
2542.10000,-1.62596,2.38457,3.08496
2542.15000,-1.63369,2.38450,3.06580
2542.20000,-1.63841,2.38439,3.03218
2542.25000,-1.64086,2.38441,2.98874
2542.30000,-1.64127,2.38447,2.93699
2542.35000,-1.64145,2.38452,2.88456
2542.40000,-1.64162,2.38459,2.84237
2542.45000,-1.64190,2.38479,2.81492
2542.50000,-1.64227,2.38512,2.79650
2542.55000,-1.64274,2.38557,2.78650
2542.60000,-1.64360,2.38617,2.78413
2542.65000,-1.64558,2.38697,2.78771
2542.70000,-1.64883,2.38816,2.79718
2542.75000,-1.65371,2.38988,2.81398
2542.80000,-1.66069,2.39217,2.83949
2542.85000,-1.66981,2.39486,2.87360
2542.90000,-1.67949,2.39734,2.90933
2542.95000,-1.68926,2.39947,2.94447
2543.00000,-1.69910,2.40125,2.97934
2543.05000,-1.70741,2.40252,2.99370
2543.10000,-1.71316,2.40342,2.97537
2543.15000,-1.71648,2.40402,2.93767
2543.20000,-1.71733,2.40421,2.88946
2543.25000,-1.71752,2.40427,2.83875
2543.30000,-1.71771,2.40435,2.79851
2543.35000,-1.71787,2.40445,2.77259
2543.40000,-1.71795,2.40449,2.75737
2543.45000,-1.71801,2.40451,2.75226
2543.50000,-1.71891,2.40489,2.75450
2543.55000,-1.72110,2.40579,2.76310
2543.60000,-1.72475,2.40723,2.77811
2543.65000,-1.73020,2.40924,2.80090
2543.70000,-1.73786,2.41184,2.83280
2543.75000,-1.74735,2.41468,2.87152
2543.80000,-1.75703,2.41716,2.91025
2543.85000,-1.76681,2.41926,2.94911
2543.90000,-1.77632,2.42081,2.97366
2543.95000,-1.78475,2.42126,2.97100
2544.00000,-1.79013,2.42198,2.96178
2544.05000,-1.79522,2.42301,2.96498
2544.10000,-1.80054,2.42430,2.97681
2544.15000,-1.80609,2.42577,3.00263
2544.20000,-1.81222,2.42670,3.04576
2544.25000,-1.81950,2.42721,3.09637
2544.30000,-1.82758,2.42736,-3.13366
2544.35000,-1.83619,2.42705,-3.07869
2544.40000,-1.84519,2.42623,-3.02261
2544.45000,-1.85441,2.42486,-2.96568
2544.50000,-1.86379,2.42292,-2.90841
2544.55000,-1.87322,2.42039,-2.85091
2544.60000,-1.88103,2.41792,-2.78954
2544.65000,-1.88807,2.41507,-2.72806
2544.70000,-1.89452,2.41200,-2.66297
2544.75000,-1.90070,2.40852,-2.59625
2544.80000,-1.90681,2.40453,-2.52928
2544.85000,-1.91279,2.40003,-2.46226
2544.90000,-1.91854,2.39505,-2.39522
2544.95000,-1.92402,2.38963,-2.32826
2545.00000,-1.92920,2.38377,-2.26143
2545.05000,-1.93404,2.37751,-2.19479
2545.10000,-1.93849,2.37086,-2.12839
2545.15000,-1.94255,2.36385,-2.06225
2545.20000,-1.94616,2.35653,-1.99632
2545.25000,-1.94931,2.34892,-1.93062
2545.30000,-1.95198,2.34104,-1.86524
2545.35000,-1.95416,2.33291,-1.80020
2545.40000,-1.95582,2.32458,-1.73544
2545.45000,-1.95696,2.31608,-1.67100
2545.50000,-1.95754,2.30748,-1.60673
2545.55000,-1.95757,2.29876,-1.54286
2545.60000,-1.95717,2.29174,-1.47702
2545.65000,-1.95642,2.28591,-1.40795
2545.70000,-1.95526,2.28010,-1.33973
2545.75000,-1.95370,2.27435,-1.27244
2545.80000,-1.95176,2.26872,-1.20609
2545.85000,-1.94946,2.26323,-1.14067
2545.90000,-1.94682,2.25795,-1.07618
2545.95000,-1.94389,2.25289,-1.01261
2546.00000,-1.94068,2.24810,-0.94997
2546.05000,-1.93724,2.24358,-0.88825
2546.10000,-1.93360,2.23937,-0.82744
2546.15000,-1.92980,2.23548,-0.76754
2546.20000,-1.92587,2.23191,-0.70853
2546.25000,-1.92186,2.22867,-0.65041
2546.30000,-1.91779,2.22575,-0.59318
2546.35000,-1.91369,2.22315,-0.53682
2546.40000,-1.90959,2.22086,-0.48133
2546.45000,-1.90551,2.21887,-0.42671
2546.50000,-1.90148,2.21717,-0.37294
2546.55000,-1.89751,2.21573,-0.32001
2546.60000,-1.89362,2.21455,-0.26793
2546.65000,-1.88713,2.21296,-0.22098
2546.70000,-1.87843,2.21120,-0.17527
2546.75000,-1.86898,2.20977,-0.12730
2546.80000,-1.85906,2.20875,-0.07820
2546.85000,-1.84909,2.20821,-0.02949
2546.90000,-1.83909,2.20815,0.01884
2546.95000,-1.82910,2.20858,0.06680
2547.00000,-1.81914,2.20949,0.11446
2547.05000,-1.80924,2.21087,0.16193
2547.10000,-1.79941,2.21271,0.20930
2547.15000,-1.78968,2.21502,0.25665
2547.20000,-1.78007,2.21779,0.30411
2547.25000,-1.77059,2.22073,0.34420
2547.30000,-1.76111,2.22371,0.37036
2547.35000,-1.75186,2.22648,0.39202
2547.40000,-1.74281,2.22906,0.41100
2547.45000,-1.73418,2.23253,0.41587
2547.50000,-1.72509,2.23653,0.41215
2547.55000,-1.71597,2.24051,0.40766
2547.60000,-1.70687,2.24442,0.40248
2547.65000,-1.69774,2.24832,0.39702
2547.70000,-1.68861,2.25211,0.39039
2547.75000,-1.67942,2.25589,0.38316
2547.80000,-1.67023,2.25955,0.37541
2547.85000,-1.66101,2.26317,0.36737
2547.90000,-1.65174,2.26669,0.35902
2547.95000,-1.64234,2.27020,0.34938
2548.00000,-1.63308,2.27354,0.33997
2548.05000,-1.62376,2.27683,0.33014
2548.10000,-1.61433,2.28005,0.31985
2548.15000,-1.60491,2.28313,0.30942
2548.20000,-1.59558,2.28608,0.29837
2548.25000,-1.58622,2.28892,0.28727
2548.30000,-1.57689,2.29162,0.27560
2548.35000,-1.56755,2.29421,0.26355
2548.40000,-1.55817,2.29668,0.25116
2548.45000,-1.54877,2.29903,0.23884
2548.50000,-1.53935,2.30126,0.22617
2548.55000,-1.52992,2.30337,0.21291
2548.60000,-1.52071,2.30524,0.21202
2548.65000,-1.51364,2.30679,0.23759
2548.70000,-1.50982,2.30780,0.28589
2548.75000,-1.50827,2.30830,0.34411
2548.80000,-1.50727,2.30867,0.39335
2548.85000,-1.50563,2.30950,0.41719
2548.90000,-1.50069,2.31177,0.42018
2548.95000,-1.49318,2.31522,0.40986
2549.00000,-1.48410,2.31907,0.39320
2549.05000,-1.47497,2.32275,0.37650
2549.10000,-1.46569,2.32633,0.36052
2549.15000,-1.45643,2.32972,0.34385
2549.20000,-1.44699,2.33301,0.32793
2549.25000,-1.43750,2.33615,0.31151
2549.30000,-1.42839,2.33900,0.30731
2549.35000,-1.42083,2.34140,0.32836
2549.40000,-1.41713,2.34273,0.37089
2549.45000,-1.41587,2.34325,0.42322
2549.50000,-1.41503,2.34365,0.46616
2549.55000,-1.41372,2.34441,0.48697
2549.60000,-1.40909,2.34692,0.48613
2549.65000,-1.40186,2.35072,0.47061
2549.70000,-1.39339,2.35491,0.44882
2549.75000,-1.38482,2.35892,0.42736
2549.80000,-1.37617,2.36275,0.40591
2549.85000,-1.36744,2.36639,0.38415
2549.90000,-1.35865,2.36984,0.36201
2549.95000,-1.34970,2.37313,0.35217
2550.00000,-1.34066,2.37648,0.36151
2550.05000,-1.33477,2.37875,0.38477
2550.10000,-1.33167,2.38006,0.41906
2550.15000,-1.33099,2.38037,0.46322
2550.20000,-1.33071,2.38052,0.50836
2550.25000,-1.33049,2.38064,0.54442
2550.30000,-1.32946,2.38131,0.56284
2550.35000,-1.32555,2.38386,0.56223
2550.40000,-1.31991,2.38739,0.55075
2550.45000,-1.31301,2.39155,0.53254
2550.50000,-1.30498,2.39617,0.50840
2550.55000,-1.29673,2.40063,0.48372
2550.60000,-1.28838,2.40489,0.45882
2550.65000,-1.27993,2.40893,0.43339
2550.70000,-1.27135,2.41279,0.42128
2550.75000,-1.26344,2.41634,0.42892
2550.80000,-1.25816,2.41873,0.45149
2550.85000,-1.25615,2.41964,0.49151
2550.90000,-1.25571,2.41988,0.53298
2550.95000,-1.25548,2.42002,0.57310
2551.00000,-1.25535,2.42009,0.60559
2551.05000,-1.25431,2.42086,0.61968
2551.10000,-1.25109,2.42317,0.61900
2551.15000,-1.24683,2.42619,0.61129
2551.20000,-1.24147,2.42991,0.59726
2551.25000,-1.23487,2.43431,0.57582
2551.30000,-1.22706,2.43922,0.54774
2551.35000,-1.21907,2.44394,0.51922
2551.40000,-1.21110,2.44839,0.50528
2551.45000,-1.20386,2.45238,0.50930
2551.50000,-1.19888,2.45518,0.52664
2551.55000,-1.19664,2.45646,0.55821
2551.60000,-1.19638,2.45662,0.59430
2551.65000,-1.19620,2.45675,0.63007
2551.70000,-1.19602,2.45688,0.66550
2551.75000,-1.19591,2.45699,0.68932
2551.80000,-1.19468,2.45803,0.69734
2551.85000,-1.19078,2.46130,0.68839
2551.90000,-1.18454,2.46631,0.66421
2551.95000,-1.17723,2.47186,0.63451
2552.00000,-1.16970,2.47723,0.60457
2552.05000,-1.16201,2.48237,0.57441
2552.10000,-1.15411,2.48751,0.55284
2552.15000,-1.14634,2.49234,0.54684
2552.20000,-1.14104,2.49556,0.55647
2552.25000,-1.13817,2.49738,0.57697
2552.30000,-1.13755,2.49779,0.60808
2552.35000,-1.13740,2.49790,0.64138
2552.40000,-1.13726,2.49801,0.67441
2552.45000,-1.13712,2.49812,0.70713
2552.50000,-1.13699,2.49826,0.73031
2552.55000,-1.13627,2.49896,0.74007
2552.60000,-1.13241,2.50250,0.73087
2552.65000,-1.12670,2.50753,0.71198
2552.70000,-1.11930,2.51375,0.68507
2552.75000,-1.11147,2.51997,0.65677
2552.80000,-1.10346,2.52596,0.62839
2552.85000,-1.09586,2.53137,0.61303
2552.90000,-1.09042,2.53517,0.61743
2552.95000,-1.08908,2.53610,0.64202
2553.00000,-1.08896,2.53619,0.67189
2553.05000,-1.08885,2.53628,0.70159
2553.10000,-1.08874,2.53638,0.73102
2553.15000,-1.08863,2.53648,0.76019
2553.20000,-1.08847,2.53666,0.77967
2553.25000,-1.08757,2.53757,0.78544
2553.30000,-1.08421,2.54095,0.77631
2553.35000,-1.07831,2.54662,0.75348
2553.40000,-1.07107,2.55322,0.72421
2553.45000,-1.06348,2.55973,0.69399
2553.50000,-1.05615,2.56573,0.67567
2553.55000,-1.05077,2.57002,0.67570
2553.60000,-1.04883,2.57156,0.69519
2553.65000,-1.04845,2.57187,0.72391
2553.70000,-1.04813,2.57213,0.75340
2553.75000,-1.04815,2.57208,0.78155
2553.80000,-1.04780,2.57242,0.80987
2553.85000,-1.04729,2.57300,0.83275
2553.90000,-1.04656,2.57385,0.84443
2553.95000,-1.04518,2.57542,0.84500
2554.00000,-1.04091,2.58018,0.82650
2554.05000,-1.03450,2.58695,0.79712
2554.10000,-1.02741,2.59397,0.76495
2554.15000,-1.02009,2.60078,0.73310
2554.20000,-1.01289,2.60715,0.71273
2554.25000,-1.00793,2.61143,0.71098
2554.30000,-1.00568,2.61338,0.72466
2554.35000,-1.00544,2.61358,0.75032
2554.40000,-1.00535,2.61367,0.77641
2554.45000,-1.00538,2.61361,0.80339
2554.50000,-1.00503,2.61397,0.82940
2554.55000,-1.00469,2.61432,0.85614
2554.60000,-1.00437,2.61474,0.87092
2554.65000,-1.00308,2.61630,0.87008
2554.70000,-0.99946,2.62053,0.85160
2554.75000,-0.99439,2.62615,0.82252
2554.80000,-0.98829,2.63249,0.78740
2554.85000,-0.98144,2.63909,0.75251
2554.90000,-0.97451,2.64548,0.73003
2554.95000,-0.96932,2.65010,0.72595
2555.00000,-0.96706,2.65214,0.73875
2555.05000,-0.96652,2.65261,0.76390
2555.10000,-0.96614,2.65298,0.78959
2555.15000,-0.96590,2.65322,0.81529
2555.20000,-0.96535,2.65381,0.84167
2555.25000,-0.96477,2.65449,0.86780
2555.30000,-0.96429,2.65505,0.89330
2555.35000,-0.96395,2.65547,0.91734
2555.40000,-0.96379,2.65570,0.92689
2555.45000,-0.96191,2.65816,0.91947
2555.50000,-0.95816,2.66298,0.89797
2555.55000,-0.95324,2.66896,0.86780
2555.60000,-0.94735,2.67566,0.83227
2555.65000,-0.94113,2.68243,0.80639
2555.70000,-0.93589,2.68788,0.79811
2555.75000,-0.93304,2.69083,0.80621
2555.80000,-0.93208,2.69186,0.82818
2555.85000,-0.93174,2.69223,0.85443
2555.90000,-0.93128,2.69275,0.87876
2555.95000,-0.93080,2.69334,0.90346
2556.00000,-0.93032,2.69396,0.92760
2556.05000,-0.92992,2.69451,0.95151
2556.10000,-0.92972,2.69481,0.95991
2556.15000,-0.92794,2.69731,0.95288
2556.20000,-0.92438,2.70220,0.93116
2556.25000,-0.91966,2.70834,0.90085
2556.30000,-0.91401,2.71522,0.86515
2556.35000,-0.90807,2.72208,0.84005
2556.40000,-0.90330,2.72737,0.83127
2556.45000,-0.89981,2.73119,0.83236
2556.50000,-0.89727,2.73401,0.84088
2556.55000,-0.89614,2.73530,0.85985
2556.60000,-0.89570,2.73583,0.88407
2556.65000,-0.89525,2.73639,0.90789
2556.70000,-0.89484,2.73694,0.93192
2556.75000,-0.89451,2.73741,0.95520
2556.80000,-0.89417,2.73791,0.97904
2556.85000,-0.89395,2.73830,1.00322
2556.90000,-0.89389,2.73849,1.01510
2556.95000,-0.89243,2.74079,1.01005
2557.00000,-0.88923,2.74576,0.98913
2557.05000,-0.88488,2.75216,0.95910
2557.10000,-0.87969,2.75928,0.92287
2557.15000,-0.87423,2.76649,0.89307
2557.20000,-0.86944,2.77243,0.88081
2557.25000,-0.86590,2.77671,0.87955
2557.30000,-0.86324,2.77995,0.88590
2557.35000,-0.86193,2.78163,0.89002
2557.40000,-0.86102,2.78277,0.86737
2557.45000,-0.85891,2.78515,0.83068
2557.50000,-0.85543,2.78879,0.78688
2557.55000,-0.85109,2.79293,0.73671
2557.60000,-0.84628,2.79727,0.69342
2557.65000,-0.84108,2.80191,0.66998
2557.70000,-0.83658,2.80547,0.66977
2557.75000,-0.83311,2.80824,0.67769
2557.80000,-0.83065,2.81024,0.69266
2557.85000,-0.82907,2.81157,0.71351
2557.90000,-0.82865,2.81196,0.72423
2557.95000,-0.82850,2.81215,0.71245
2558.00000,-0.82624,2.81403,0.67993
2558.05000,-0.82276,2.81673,0.63739
2558.10000,-0.81772,2.82028,0.59026
2558.15000,-0.81189,2.82396,0.53830
2558.20000,-0.80544,2.82769,0.50188
2558.25000,-0.80112,2.82993,0.47701
2558.30000,-0.79772,2.83161,0.45719
2558.35000,-0.79562,2.83263,0.44350
2558.40000,-0.79386,2.83346,0.43208
2558.45000,-0.79160,2.83455,0.44587
2558.50000,-0.79078,2.83495,0.47595
2558.55000,-0.79004,2.83534,0.50704
2558.60000,-0.78942,2.83565,0.53083
2558.65000,-0.78932,2.83552,0.53249
2558.70000,-0.78947,2.83516,0.52311
2558.75000,-0.78949,2.83509,0.50441
2558.80000,-0.78817,2.83580,0.47661
2558.85000,-0.78543,2.83716,0.43886
2558.90000,-0.78038,2.83942,0.39257
2558.95000,-0.77391,2.84211,0.35681
2559.00000,-0.76695,2.84473,0.34784
2559.05000,-0.76155,2.84664,0.35317
2559.10000,-0.75925,2.84738,0.37593
2559.15000,-0.75845,2.84771,0.40790
2559.20000,-0.75782,2.84791,0.43317
2559.25000,-0.75767,2.84768,0.43750
2559.30000,-0.75777,2.84723,0.43093
2559.35000,-0.75814,2.84680,0.41314
2559.40000,-0.75845,2.84665,0.38382
2559.45000,-0.75743,2.84744,0.35446
2559.50000,-0.75581,2.84804,0.33226
2559.55000,-0.75475,2.84827,0.29178
2559.60000,-0.75305,2.84879,0.24414
2559.65000,-0.74960,2.84981,0.20740
2559.70000,-0.74528,2.85101,0.19815
2559.75000,-0.74073,2.85201,0.20651
2559.80000,-0.73853,2.85235,0.23128
2559.85000,-0.73802,2.85245,0.24561
2559.90000,-0.73773,2.85250,0.24685
2559.95000,-0.73714,2.85284,0.25502
2560.00000,-0.73667,2.85297,0.26398
2560.05000,-0.73672,2.85266,0.25378
2560.10000,-0.73639,2.85279,0.24154
2560.15000,-0.73583,2.85297,0.23104
2560.20000,-0.73542,2.85302,0.19708
2560.25000,-0.73360,2.85333,0.15055
2560.30000,-0.73047,2.85377,0.11599
2560.35000,-0.72643,2.85434,0.10847
2560.40000,-0.72200,2.85488,0.11862
2560.45000,-0.72008,2.85502,0.13094
2560.50000,-0.71898,2.85525,0.13392
2560.55000,-0.71741,2.85577,0.14899
2560.60000,-0.71699,2.85588,0.16232
2560.65000,-0.71709,2.85589,0.15365
2560.70000,-0.71663,2.85604,0.14375
2560.75000,-0.71597,2.85614,0.13755
2560.80000,-0.71566,2.85606,0.12091
2560.85000,-0.71463,2.85621,0.10425
2560.90000,-0.71348,2.85633,0.09187
2560.95000,-0.71286,2.85630,0.06260
2561.00000,-0.71210,2.85634,0.02414
2561.05000,-0.70957,2.85635,-0.01001
2561.10000,-0.70728,2.85631,-0.03510
2561.15000,-0.70573,2.85624,-0.05100
2561.20000,-0.70464,2.85619,-0.03264
2561.25000,-0.70385,2.85617,-0.00378
2561.30000,-0.70307,2.85618,0.02514
2561.35000,-0.70227,2.85620,0.05337
2561.40000,-0.70146,2.85625,0.08113
2561.45000,-0.70117,2.85625,0.09486
2561.50000,-0.70156,2.85624,0.07557
2561.55000,-0.70102,2.85629,0.03928
2561.60000,-0.69940,2.85634,-0.00205
2561.65000,-0.69634,2.85626,-0.04292
2561.70000,-0.69383,2.85613,-0.07120
2561.75000,-0.69185,2.85598,-0.09406
2561.80000,-0.68906,2.85577,-0.08880
2561.85000,-0.68760,2.85571,-0.06718
2561.90000,-0.68673,2.85566,-0.04165
2561.95000,-0.68586,2.85564,-0.01577
2562.00000,-0.68499,2.85564,0.01027
2562.05000,-0.68447,2.85565,0.01924
2562.10000,-0.68431,2.85565,-0.00301
2562.15000,-0.68361,2.85564,-0.02311
2562.20000,-0.68264,2.85563,-0.00746
2562.25000,-0.68234,2.85563,0.01414
2562.30000,-0.68233,2.85563,0.00295
2562.35000,-0.68182,2.85561,-0.03046
2562.40000,-0.67940,2.85549,-0.05978
2562.45000,-0.67617,2.85537,-0.05973
2562.50000,-0.67339,2.85530,-0.04390
2562.55000,-0.67219,2.85526,-0.03576
2562.60000,-0.67139,2.85524,-0.04427
2562.65000,-0.67060,2.85509,-0.07262
2562.70000,-0.66752,2.85474,-0.11703
2562.75000,-0.66297,2.85408,-0.16923
2562.80000,-0.65776,2.85310,-0.21452
2562.85000,-0.65205,2.85172,-0.22940
2562.90000,-0.64666,2.85054,-0.22563
2562.95000,-0.64261,2.84974,-0.21389
2563.00000,-0.64046,2.84944,-0.19168
2563.05000,-0.63958,2.84929,-0.16310
2563.10000,-0.63864,2.84915,-0.13390
2563.15000,-0.63772,2.84905,-0.10479
2563.20000,-0.63713,2.84909,-0.08676
2563.25000,-0.63681,2.84934,-0.08751
2563.30000,-0.63569,2.84924,-0.09080
2563.35000,-0.63463,2.84914,-0.09641
2563.40000,-0.63361,2.84900,-0.12495
2563.45000,-0.63058,2.84854,-0.16511
2563.50000,-0.62648,2.84779,-0.19975
2563.55000,-0.62203,2.84665,-0.21032
2563.60000,-0.61757,2.84549,-0.21060
2563.65000,-0.61340,2.84466,-0.19865
2563.70000,-0.61167,2.84445,-0.17171
2563.75000,-0.61072,2.84431,-0.14055
2563.80000,-0.60978,2.84421,-0.10908
2563.85000,-0.60914,2.84425,-0.08947
2563.90000,-0.60901,2.84435,-0.09317
2563.95000,-0.60838,2.84422,-0.11756
2564.00000,-0.60509,2.84371,-0.15585
2564.05000,-0.59993,2.84277,-0.20294
2564.10000,-0.59386,2.84135,-0.25500
2564.15000,-0.58732,2.83956,-0.29918
2564.20000,-0.58039,2.83732,-0.31455
2564.25000,-0.57446,2.83550,-0.30745
2564.30000,-0.57013,2.83428,-0.29068
2564.35000,-0.56792,2.83392,-0.26222
2564.40000,-0.56744,2.83392,-0.24405
2564.45000,-0.56715,2.83374,-0.23531
2564.50000,-0.56683,2.83371,-0.22507
2564.55000,-0.56649,2.83365,-0.21961
2564.60000,-0.56591,2.83354,-0.19174
2564.65000,-0.56541,2.83365,-0.17198
2564.70000,-0.56514,2.83366,-0.15864
2564.75000,-0.56464,2.83357,-0.12838
2564.80000,-0.56396,2.83351,-0.09570
2564.85000,-0.56339,2.83354,-0.07361
2564.90000,-0.56312,2.83362,-0.07285
2564.95000,-0.56269,2.83353,-0.09119
2565.00000,-0.55991,2.83314,-0.12463
2565.05000,-0.55476,2.83236,-0.16960
2565.10000,-0.54851,2.83113,-0.21976
2565.15000,-0.54143,2.82934,-0.27305
2565.20000,-0.53394,2.82702,-0.32890
2565.25000,-0.52630,2.82441,-0.37757
2565.30000,-0.51847,2.82156,-0.40519
2565.35000,-0.51045,2.81846,-0.41135
2565.40000,-0.50319,2.81547,-0.40764
2565.45000,-0.49895,2.81386,-0.38945
2565.50000,-0.49845,2.81369,-0.35329
2565.55000,-0.49830,2.81363,-0.31742
2565.60000,-0.49812,2.81355,-0.28152
2565.65000,-0.49771,2.81343,-0.24449
2565.70000,-0.49725,2.81333,-0.20718
2565.75000,-0.49686,2.81324,-0.17028
2565.80000,-0.49647,2.81329,-0.14703
2565.85000,-0.49638,2.81331,-0.14897
2565.90000,-0.49410,2.81278,-0.17107
2565.95000,-0.48935,2.81185,-0.20631
2566.00000,-0.48316,2.81040,-0.24834
2566.05000,-0.47573,2.80832,-0.29405
2566.10000,-0.46769,2.80591,-0.33245
2566.15000,-0.45940,2.80316,-0.34346
2566.20000,-0.45235,2.80079,-0.33596
2566.25000,-0.44647,2.79879,-0.32235
2566.30000,-0.44209,2.79737,-0.30165
2566.35000,-0.43892,2.79644,-0.27529
2566.40000,-0.43686,2.79590,-0.24385
2566.45000,-0.43628,2.79576,-0.20613
2566.50000,-0.43612,2.79573,-0.16651
2566.55000,-0.43605,2.79576,-0.14101
2566.60000,-0.43612,2.79572,-0.14096
2566.65000,-0.43355,2.79521,-0.15719
2566.70000,-0.42835,2.79424,-0.18812
2566.75000,-0.42148,2.79277,-0.22648
2566.80000,-0.41262,2.79054,-0.26626
2566.85000,-0.40343,2.78811,-0.30160
2566.90000,-0.39417,2.78554,-0.31297
2566.95000,-0.38602,2.78322,-0.30653
2567.00000,-0.37932,2.78119,-0.29257
2567.05000,-0.37388,2.77962,-0.27238
2567.10000,-0.36971,2.77852,-0.24621
2567.15000,-0.36693,2.77786,-0.21384
2567.20000,-0.36627,2.77773,-0.17250
2567.25000,-0.36612,2.77773,-0.14246
2567.30000,-0.36588,2.77765,-0.13882
2567.35000,-0.36297,2.77705,-0.15328
2567.40000,-0.35731,2.77605,-0.18200
2567.45000,-0.34992,2.77453,-0.21761
2567.50000,-0.34212,2.77285,-0.24936
2567.55000,-0.33420,2.77098,-0.25628
2567.60000,-0.32642,2.76923,-0.24847
2567.65000,-0.31915,2.76767,-0.23295
2567.70000,-0.31291,2.76635,-0.21211
2567.75000,-0.30768,2.76530,-0.18625
2567.80000,-0.30370,2.76461,-0.15468
2567.85000,-0.30191,2.76436,-0.11386
2567.90000,-0.30167,2.76437,-0.08004
2567.95000,-0.30174,2.76433,-0.06920
2568.00000,-0.30083,2.76413,-0.07042
2568.05000,-0.29814,2.76371,-0.07947
2568.10000,-0.29312,2.76314,-0.10274
2568.15000,-0.28538,2.76216,-0.13961
2568.20000,-0.27662,2.76075,-0.18104
2568.25000,-0.26787,2.75896,-0.22316
2568.30000,-0.25915,2.75698,-0.25592
2568.35000,-0.25016,2.75468,-0.26740
2568.40000,-0.24111,2.75224,-0.26046
2568.45000,-0.23355,2.75035,-0.24033
2568.50000,-0.22931,2.74955,-0.20249
2568.55000,-0.22813,2.74935,-0.15445
2568.60000,-0.22802,2.74934,-0.10208
2568.65000,-0.22791,2.74933,-0.04981
2568.70000,-0.22786,2.74932,-0.00825
2568.75000,-0.22825,2.74933,0.00989
2568.80000,-0.22776,2.74938,0.01193
2568.85000,-0.22492,2.74944,0.00098
2568.90000,-0.21902,2.74936,-0.02465
2568.95000,-0.21102,2.74901,-0.06196
2569.00000,-0.20212,2.74827,-0.10292
2569.05000,-0.19320,2.74717,-0.14302
2569.10000,-0.18432,2.74570,-0.18272
2569.15000,-0.17537,2.74396,-0.20842
2569.20000,-0.16638,2.74216,-0.20826
2569.25000,-0.15942,2.74100,-0.18021
2569.30000,-0.15596,2.74044,-0.13839
2569.35000,-0.15471,2.74029,-0.08707
2569.40000,-0.15461,2.74029,-0.03098
2569.45000,-0.15451,2.74029,0.02499
2569.50000,-0.15455,2.74030,0.06975
2569.55000,-0.15508,2.74029,0.09079
2569.60000,-0.15513,2.74044,0.09509
2569.65000,-0.15311,2.74083,0.08740
2569.70000,-0.14822,2.74134,0.06549
2569.75000,-0.14202,2.74179,0.03633
2569.80000,-0.13421,2.74199,-0.00042
2569.85000,-0.12526,2.74180,-0.04232
2569.90000,-0.11632,2.74123,-0.08394
2569.95000,-0.10742,2.74029,-0.12587
2570.00000,-0.09853,2.73916,-0.16205
2570.05000,-0.08941,2.73777,-0.18202
2570.10000,-0.07979,2.73582,-0.17895
2570.15000,-0.06992,2.73368,-0.16723
2570.20000,-0.05982,2.73190,-0.14793
2570.25000,-0.05169,2.73085,-0.11701
2570.30000,-0.04576,2.73026,-0.07601
2570.35000,-0.04210,2.73006,-0.02516
2570.40000,-0.04043,2.73006,0.02473
2570.45000,-0.03952,2.73009,0.05823
2570.50000,-0.03894,2.73014,0.09028
2570.55000,-0.03850,2.73021,0.10831
2570.60000,-0.03752,2.73044,0.10969
2570.65000,-0.03338,2.73101,0.09140
2570.70000,-0.02605,2.73156,0.05800
2570.75000,-0.01779,2.73188,0.01763
2570.80000,-0.00889,2.73184,-0.02574
2570.85000,0.00072,2.73138,-0.06935
2570.90000,0.01050,2.73047,-0.11609
2570.95000,0.01965,2.72917,-0.16867
2571.00000,0.02878,2.72736,-0.22367
2571.05000,0.03810,2.72496,-0.27939
2571.10000,0.04748,2.72198,-0.33560
2571.15000,0.05683,2.71842,-0.39178
2571.20000,0.06596,2.71435,-0.44734
2571.25000,0.07478,2.70982,-0.50229
2571.30000,0.08341,2.70477,-0.55655
2571.35000,0.09175,2.69926,-0.61013
2571.40000,0.09979,2.69332,-0.66299
2571.45000,0.10751,2.68696,-0.71508
2571.50000,0.11489,2.68021,-0.76664
2571.55000,0.12191,2.67310,-0.81759
2571.60000,0.12707,2.66735,-0.87119
2571.65000,0.12981,2.66391,-0.93372
2571.70000,0.13111,2.66203,-1.00451
2571.75000,0.13158,2.66125,-1.08062
2571.80000,0.13164,2.66112,-1.15937
2571.85000,0.13168,2.66101,-1.23768
2571.90000,0.13172,2.66089,-1.31535
2571.95000,0.13175,2.66077,-1.39238
2572.00000,0.13176,2.66065,-1.46874
2572.05000,0.13177,2.66053,-1.54441
2572.10000,0.13177,2.66041,-1.61939
2572.15000,0.13176,2.66029,-1.69365
2572.20000,0.13174,2.66017,-1.76718
2572.25000,0.13171,2.66005,-1.83996
2572.30000,0.13167,2.65993,-1.91199
2572.35000,0.13163,2.65982,-1.98324
2572.40000,0.13158,2.65971,-2.05368
2572.45000,0.13152,2.65960,-2.12330
2572.50000,0.13145,2.65950,-2.19206
2572.55000,0.13137,2.65941,-2.25997
2572.60000,0.13129,2.65932,-2.32700
2572.65000,0.13121,2.65923,-2.39315
2572.70000,0.13112,2.65915,-2.45840
2572.75000,0.13102,2.65908,-2.52275
2572.80000,0.13092,2.65901,-2.58619
2572.85000,0.13081,2.65895,-2.64871
2572.90000,0.13071,2.65890,-2.71031
2572.95000,0.13059,2.65885,-2.77098
2573.00000,0.13048,2.65881,-2.83075
2573.05000,0.13037,2.65877,-2.88962
2573.10000,0.13025,2.65875,-2.94759
2573.15000,0.13013,2.65873,-3.00466
2573.20000,0.13001,2.65872,-3.06083
2573.25000,0.12989,2.65871,-3.11610
2573.30000,0.12978,2.65871,3.11271
2573.35000,0.12966,2.65872,3.05923
2573.40000,0.12954,2.65873,3.00665
2573.45000,0.12943,2.65875,2.95493
2573.50000,0.12932,2.65877,2.90408
2573.55000,0.12920,2.65880,2.85407
2573.60000,0.12710,2.65969,2.80557
2573.65000,0.12078,2.66206,2.76111
2573.70000,0.11363,2.66512,2.71262
2573.75000,0.10626,2.66849,2.66923
2573.80000,0.09853,2.67231,2.65297
2573.85000,0.08992,2.67687,2.65870
2573.90000,0.08097,2.68151,2.66582
2573.95000,0.07197,2.68611,2.67305
2574.00000,0.06301,2.69061,2.67958
2574.05000,0.05394,2.69507,2.68744
2574.10000,0.04489,2.69944,2.69505
2574.15000,0.03586,2.70372,2.70248
2574.20000,0.02677,2.70795,2.71137
2574.25000,0.01760,2.71210,2.72052
2574.30000,0.00846,2.71614,2.72909
2574.35000,-0.00079,2.72014,2.73931
2574.40000,-0.01003,2.72402,2.74999
2574.45000,-0.01932,2.72780,2.76027
2574.50000,-0.02862,2.73147,2.77117
2574.55000,-0.03797,2.73504,2.78242
2574.60000,-0.04735,2.73850,2.79425
2574.65000,-0.05676,2.74184,2.80584
2574.70000,-0.06621,2.74507,2.81781
2574.75000,-0.07570,2.74819,2.83016
2574.80000,-0.08524,2.75119,2.84338
2574.85000,-0.09481,2.75406,2.85683
2574.90000,-0.10441,2.75680,2.87063
2574.95000,-0.11405,2.75940,2.88509
2575.00000,-0.12373,2.76185,2.90007
2575.05000,-0.13345,2.76417,2.91551
2575.10000,-0.14320,2.76632,2.93164
2575.15000,-0.15258,2.76807,2.93585
2575.20000,-0.16022,2.76950,2.91463
2575.25000,-0.16437,2.77055,2.86676
2575.30000,-0.16721,2.77144,2.80436
2575.35000,-0.16915,2.77219,2.73163
2575.40000,-0.17046,2.77280,2.68216
2575.45000,-0.17219,2.77369,2.66665
2575.50000,-0.17581,2.77559,2.66116
2575.55000,-0.18089,2.77824,2.66217
2575.60000,-0.18722,2.78152,2.66928
2575.65000,-0.19490,2.78540,2.68283
2575.70000,-0.20381,2.78970,2.70182
2575.75000,-0.21290,2.79387,2.72177
2575.80000,-0.22208,2.79784,2.74429
2575.85000,-0.23044,2.80119,2.77382
2575.90000,-0.23725,2.80365,2.81301
2575.95000,-0.24310,2.80553,2.83956
2576.00000,-0.24829,2.80668,2.83854
2576.05000,-0.25273,2.80714,2.81248
2576.10000,-0.25653,2.80811,2.76709
2576.15000,-0.26092,2.80998,2.71386
2576.20000,-0.26590,2.81243,2.65598
2576.25000,-0.27022,2.81487,2.59055
2576.30000,-0.27367,2.81698,2.53176
2576.35000,-0.27713,2.81915,2.49334
2576.40000,-0.28110,2.82193,2.48796
2576.45000,-0.28496,2.82465,2.49839
2576.50000,-0.28866,2.82724,2.52132
2576.55000,-0.29361,2.83064,2.55912
2576.60000,-0.29932,2.83423,2.60263
2576.65000,-0.30450,2.83716,2.65021
2576.70000,-0.30999,2.83992,2.70139
2576.75000,-0.31581,2.84256,2.74433
2576.80000,-0.32140,2.84489,2.76251
2576.85000,-0.32651,2.84668,2.75707
2576.90000,-0.33005,2.84768,2.71861
2576.95000,-0.33402,2.84961,2.66960
2577.00000,-0.33909,2.85237,2.61657
2577.05000,-0.34460,2.85577,2.55969
2577.10000,-0.34929,2.85905,2.49544
2577.15000,-0.35296,2.86182,2.43671
2577.20000,-0.35700,2.86505,2.40791
2577.25000,-0.36134,2.86865,2.40737
2577.30000,-0.36567,2.87235,2.42748
2577.35000,-0.36994,2.87593,2.46725
2577.40000,-0.37569,2.88037,2.51171
2577.45000,-0.38208,2.88482,2.56029
2577.50000,-0.38917,2.88922,2.61149
2577.55000,-0.39684,2.89345,2.66502
2577.60000,-0.40504,2.89740,2.72005
2577.65000,-0.41357,2.90094,2.77664
2577.70000,-0.42229,2.90398,2.83418
2577.75000,-0.43090,2.90645,2.89143
2577.80000,-0.43938,2.90836,2.94890
2577.85000,-0.44801,2.90979,3.00605
2577.90000,-0.45614,2.91065,3.06381
2577.95000,-0.46408,2.91103,3.12320
2578.00000,-0.47190,2.91094,-3.10082
2578.05000,-0.47960,2.91069,-3.04903
2578.10000,-0.48735,2.91037,-3.01169
2578.15000,-0.49497,2.91011,-3.00176
2578.20000,-0.50250,2.90984,-3.01462
2578.25000,-0.50877,2.90934,-3.05384
2578.30000,-0.51510,2.90894,-3.10286
2578.35000,-0.52228,2.90885,3.12747
2578.40000,-0.53003,2.90918,3.07181
2578.45000,-0.53787,2.90962,3.02220
2578.50000,-0.54588,2.91028,2.99533
2578.55000,-0.55414,2.91124,2.99463
2578.60000,-0.56153,2.91201,3.02229
2578.65000,-0.56674,2.91250,3.06887
2578.70000,-0.57289,2.91279,3.12074
2578.75000,-0.57920,2.91274,-3.10479
2578.80000,-0.58560,2.91252,-3.05236
2578.85000,-0.59139,2.91223,-3.00871
2578.90000,-0.59524,2.91162,-2.96217
2578.95000,-0.60035,2.91055,-2.91003
2579.00000,-0.60635,2.90895,-2.85424
2579.05000,-0.61295,2.90679,-2.79601
2579.10000,-0.61987,2.90406,-2.73601
2579.15000,-0.62699,2.90074,-2.67497
2579.20000,-0.63411,2.89688,-2.61304
2579.25000,-0.64119,2.89243,-2.55085
2579.30000,-0.64812,2.88747,-2.48835
2579.35000,-0.65483,2.88199,-2.42576
2579.40000,-0.66125,2.87604,-2.36312
2579.45000,-0.66734,2.86964,-2.30042
2579.50000,-0.67306,2.86284,-2.23773
2579.55000,-0.67834,2.85568,-2.17492
2579.60000,-0.68243,2.84932,-2.10704
2579.65000,-0.68492,2.84477,-2.03017
2579.70000,-0.68676,2.84065,-1.95046
2579.75000,-0.68829,2.83631,-1.87094
2579.80000,-0.68950,2.83177,-1.79162
2579.85000,-0.69037,2.82706,-1.71255
2579.90000,-0.69086,2.82220,-1.63375
2579.95000,-0.69098,2.81723,-1.55526
2580.00000,-0.69070,2.81218,-1.47709
2580.05000,-0.69002,2.80707,-1.39925
2580.10000,-0.68892,2.80194,-1.32175
2580.15000,-0.68741,2.79682,-1.24460
2580.20000,-0.68547,2.79174,-1.16780
2580.25000,-0.68311,2.78675,-1.09135
2580.30000,-0.68034,2.78188,-1.01524
2580.35000,-0.67715,2.77716,-0.93946
2580.40000,-0.67357,2.77262,-0.86402
2580.45000,-0.66959,2.76831,-0.78890
2580.50000,-0.66525,2.76425,-0.71409
2580.55000,-0.66071,2.76060,-0.64035
2580.60000,-0.65605,2.75738,-0.56782
2580.65000,-0.65131,2.75459,-0.49652
2580.70000,-0.64654,2.75222,-0.42645
2580.75000,-0.64178,2.75025,-0.35760
2580.80000,-0.63707,2.74867,-0.28997
2580.85000,-0.63244,2.74745,-0.22356
2580.90000,-0.62792,2.74658,-0.15836
2580.95000,-0.62352,2.74602,-0.09436
2581.00000,-0.61926,2.74575,-0.03157
2581.05000,-0.61516,2.74575,0.03003
2581.10000,-0.61123,2.74598,0.09043
2581.15000,-0.60747,2.74644,0.14965
2581.20000,-0.60388,2.74708,0.20769
2581.25000,-0.60048,2.74790,0.26456
2581.30000,-0.59725,2.74887,0.32025
2581.35000,-0.59162,2.75099,0.37087
2581.40000,-0.58449,2.75364,0.41203
2581.45000,-0.57832,2.75602,0.44469
2581.50000,-0.57260,2.75887,0.48236
2581.55000,-0.56646,2.76198,0.51595
2581.60000,-0.56017,2.76538,0.52485
2581.65000,-0.55220,2.76995,0.51322
2581.70000,-0.54357,2.77474,0.49867
2581.75000,-0.53489,2.77939,0.48326
2581.80000,-0.52621,2.78384,0.46667
2581.85000,-0.51753,2.78810,0.44915
2581.90000,-0.50891,2.79215,0.43019
2581.95000,-0.50021,2.79602,0.41066
2582.00000,-0.49146,2.79971,0.39055
2582.05000,-0.48237,2.80334,0.37077
2582.10000,-0.47301,2.80687,0.35137
2582.15000,-0.46359,2.81022,0.33164
2582.20000,-0.45410,2.81338,0.31124
2582.25000,-0.44455,2.81635,0.29029
2582.30000,-0.43494,2.81910,0.26866
2582.35000,-0.42527,2.82165,0.24696
2582.40000,-0.41555,2.82399,0.22484
2582.45000,-0.40577,2.82611,0.20232
2582.50000,-0.39596,2.82801,0.17910
2582.55000,-0.38610,2.82967,0.15589
2582.60000,-0.37644,2.83106,0.13143
2582.65000,-0.36675,2.83221,0.10647
2582.70000,-0.35698,2.83313,0.08186
2582.75000,-0.34716,2.83381,0.05708
2582.80000,-0.33717,2.83426,0.03299
2582.85000,-0.32717,2.83447,0.00859
2582.90000,-0.31717,2.83443,-0.01572
2582.95000,-0.30718,2.83415,-0.04045
2583.00000,-0.29719,2.83362,-0.06502
2583.05000,-0.28722,2.83285,-0.08962
2583.10000,-0.27727,2.83183,-0.11437
2583.15000,-0.26735,2.83057,-0.13912
2583.20000,-0.25794,2.82911,-0.16616
2583.25000,-0.24879,2.82743,-0.19421
2583.30000,-0.23970,2.82550,-0.22297
2583.35000,-0.23069,2.82332,-0.25185
2583.40000,-0.22175,2.82088,-0.28117
2583.45000,-0.21288,2.81818,-0.31038
2583.50000,-0.20410,2.81523,-0.33973
2583.55000,-0.19534,2.81216,-0.35533
2583.60000,-0.18807,2.80965,-0.34140
2583.65000,-0.18222,2.80776,-0.30709
2583.70000,-0.17712,2.80626,-0.25814
2583.75000,-0.17380,2.80548,-0.19665
2583.80000,-0.17212,2.80529,-0.13875
2583.85000,-0.17097,2.80539,-0.10908
2583.90000,-0.16939,2.80511,-0.10088
2583.95000,-0.16571,2.80460,-0.10417
2584.00000,-0.15923,2.80371,-0.12210
2584.05000,-0.15033,2.80248,-0.15235
2584.10000,-0.14125,2.80093,-0.18362
2584.15000,-0.13221,2.79911,-0.21497
2584.20000,-0.12324,2.79700,-0.24646
2584.25000,-0.11437,2.79462,-0.27891
2584.30000,-0.10543,2.79199,-0.29929
2584.35000,-0.09634,2.78919,-0.30292
2584.40000,-0.08722,2.78633,-0.29524
2584.45000,-0.07835,2.78367,-0.26594
2584.50000,-0.07159,2.78203,-0.21788
2584.55000,-0.06644,2.78104,-0.15709
2584.60000,-0.06339,2.78065,-0.08503
2584.65000,-0.06181,2.78060,-0.01644
2584.70000,-0.06075,2.78062,0.02889
2584.75000,-0.06021,2.78079,0.04602
2584.80000,-0.05630,2.78107,0.04033
2584.85000,-0.04880,2.78129,0.01719
2584.90000,-0.03997,2.78131,-0.01415
2584.95000,-0.03080,2.78103,-0.04693
2585.00000,-0.02168,2.78044,-0.08120
2585.05000,-0.01257,2.77954,-0.11505
2585.10000,-0.00358,2.77834,-0.15100
2585.15000,0.00537,2.77681,-0.18750
2585.20000,0.01421,2.77495,-0.22606
2585.25000,0.02216,2.77296,-0.27124
2585.30000,0.02992,2.77058,-0.32256
2585.35000,0.03799,2.76764,-0.37586
2585.40000,0.04596,2.76424,-0.42879
2585.45000,0.05374,2.76043,-0.48121
2585.50000,0.06134,2.75620,-0.53292
2585.55000,0.06872,2.75159,-0.58417
2585.60000,0.07588,2.74659,-0.63488
2585.65000,0.08279,2.74123,-0.68481
2585.70000,0.08944,2.73552,-0.73417
2585.75000,0.09581,2.72948,-0.78292
2585.80000,0.10190,2.72312,-0.83103
2585.85000,0.10642,2.71803,-0.87892
2585.90000,0.11040,2.71294,-0.92606
2585.95000,0.11548,2.70586,-0.97176
2586.00000,0.11919,2.70013,-1.01817
2586.05000,0.12062,2.69767,-1.07196
2586.10000,0.12096,2.69702,-1.13405
2586.15000,0.12101,2.69691,-1.19837
2586.20000,0.12105,2.69679,-1.26231
2586.25000,0.12109,2.69666,-1.32580
2586.30000,0.12112,2.69654,-1.38881
2586.35000,0.12113,2.69642,-1.45134
2586.40000,0.12115,2.69629,-1.51336
2586.45000,0.12115,2.69616,-1.57485
2586.50000,0.12114,2.69604,-1.63581
2586.55000,0.12113,2.69591,-1.69621
2586.60000,0.12111,2.69578,-1.75604
2586.65000,0.12109,2.69566,-1.81528
2586.70000,0.12105,2.69554,-1.87392
2586.75000,0.12101,2.69542,-1.93195
2586.80000,0.12096,2.69530,-1.98936
2586.85000,0.12091,2.69518,-2.04612
2586.90000,0.12085,2.69507,-2.10224
2586.95000,0.12078,2.69497,-2.15770
2587.00000,0.12070,2.69486,-2.21248
2587.05000,0.12063,2.69476,-2.26658
2587.10000,0.12054,2.69467,-2.32000
2587.15000,0.12045,2.69458,-2.37271
2587.20000,0.12036,2.69449,-2.42472
2587.25000,0.12026,2.69441,-2.47602
2587.30000,0.12016,2.69433,-2.52659
2587.35000,0.12005,2.69426,-2.57644
2587.40000,0.11994,2.69420,-2.62554
2587.45000,0.11983,2.69414,-2.67391
2587.50000,0.11972,2.69408,-2.72154
2587.55000,0.11960,2.69403,-2.76841
2587.60000,0.11948,2.69399,-2.81452
2587.65000,0.11936,2.69395,-2.85987
2587.70000,0.11924,2.69392,-2.90446
2587.75000,0.11911,2.69389,-2.94828
2587.80000,0.11899,2.69387,-2.99133
2587.85000,0.11886,2.69385,-3.03361
2587.90000,0.11873,2.69384,-3.07511
2587.95000,0.11661,2.69371,-3.11600
2588.00000,0.10975,2.69367,3.12831
2588.05000,0.10117,2.69397,3.08651
2588.10000,0.09227,2.69465,3.04385
2588.15000,0.08338,2.69571,3.00207
2588.20000,0.07451,2.69714,2.96120
2588.25000,0.06565,2.69879,2.92708
2588.30000,0.05649,2.70079,2.91406
2588.35000,0.04680,2.70304,2.92085
2588.40000,0.03699,2.70519,2.92746
2588.45000,0.02717,2.70728,2.93541
2588.50000,0.01734,2.70929,2.94467
2588.55000,0.00746,2.71119,2.95446
2588.60000,-0.00239,2.71301,2.96420
2588.65000,-0.01218,2.71470,2.97400
2588.70000,-0.02173,2.71627,2.97412
2588.75000,-0.03070,2.71770,2.95421
2588.80000,-0.03921,2.71926,2.93897
2588.85000,-0.04793,2.72103,2.94651
2588.90000,-0.05745,2.72285,2.95921
2588.95000,-0.06673,2.72427,2.96095
2589.00000,-0.07521,2.72559,2.95715
2589.05000,-0.08294,2.72689,2.95398
2589.10000,-0.09077,2.72846,2.93264
2589.15000,-0.09990,2.73055,2.90536
2589.20000,-0.10888,2.73278,2.88627
2589.25000,-0.11783,2.73504,2.89378
2589.30000,-0.12760,2.73742,2.90869
2589.35000,-0.13730,2.73962,2.92417
2589.40000,-0.14665,2.74157,2.92857
2589.45000,-0.15574,2.74354,2.91315
2589.50000,-0.16515,2.74585,2.88902
2589.55000,-0.17419,2.74833,2.86353
2589.60000,-0.18317,2.75103,2.83849
2589.65000,-0.19210,2.75396,2.81398
2589.70000,-0.20079,2.75694,2.80022
2589.75000,-0.20941,2.75989,2.79694
2589.80000,-0.21804,2.76288,2.80264
2589.85000,-0.22707,2.76601,2.81747
2589.90000,-0.23658,2.76911,2.83491
2589.95000,-0.24559,2.77165,2.84029
2590.00000,-0.25402,2.77427,2.82421
2590.05000,-0.26299,2.77733,2.80307
2590.10000,-0.27190,2.78057,2.78218
2590.15000,-0.28074,2.78400,2.76160
2590.20000,-0.28952,2.78761,2.74131
2590.25000,-0.29823,2.79140,2.72130
2590.30000,-0.30687,2.79536,2.70157
2590.35000,-0.31559,2.79955,2.68962
2590.40000,-0.32451,2.80396,2.68795
2590.45000,-0.33376,2.80856,2.70346
2590.50000,-0.34287,2.81271,2.72370
2590.55000,-0.35161,2.81636,2.73202
2590.60000,-0.35982,2.81990,2.71848
2590.65000,-0.36848,2.82390,2.69974
2590.70000,-0.37707,2.82806,2.68087
2590.75000,-0.38557,2.83239,2.66195
2590.80000,-0.39345,2.83649,2.65802
2590.85000,-0.39940,2.83953,2.65838
2590.90000,-0.40677,2.84346,2.64497
2590.95000,-0.41471,2.84774,2.63764
2591.00000,-0.42278,2.85220,2.64181
2591.05000,-0.43139,2.85699,2.66673
2591.10000,-0.44028,2.86138,2.70123
2591.15000,-0.44940,2.86549,2.73627
2591.20000,-0.45866,2.86926,2.77178
2591.25000,-0.46813,2.87275,2.80821
2591.30000,-0.47760,2.87585,2.84418
2591.35000,-0.48724,2.87863,2.87952
2591.40000,-0.49694,2.88105,2.91625
2591.45000,-0.50673,2.88311,2.95283
2591.50000,-0.51522,2.88457,2.97058
2591.55000,-0.52187,2.88546,2.97016
2591.60000,-0.52426,2.88582,2.97142
2591.65000,-0.52869,2.88658,2.98689
2591.70000,-0.53449,2.88756,3.01250
2591.75000,-0.54057,2.88838,3.05005
2591.80000,-0.54706,2.88882,3.09861
2591.85000,-0.55420,2.88894,-3.13136
2591.90000,-0.56195,2.88864,-3.07561
2591.95000,-0.57022,2.88786,-3.01847
2592.00000,-0.57874,2.88655,-2.96008
2592.05000,-0.58747,2.88468,-2.90116
2592.10000,-0.59626,2.88225,-2.84177
2592.15000,-0.60509,2.87923,-2.78231
2592.20000,-0.61380,2.87566,-2.72261
2592.25000,-0.62245,2.87149,-2.66317
2592.30000,-0.63096,2.86675,-2.60398
2592.35000,-0.63925,2.86147,-2.54497
2592.40000,-0.64731,2.85564,-2.48622
2592.45000,-0.65506,2.84932,-2.42797
2592.50000,-0.66242,2.84256,-2.37035
2592.55000,-0.66939,2.83539,-2.31303
2592.60000,-0.67594,2.82783,-2.25664
2592.65000,-0.68189,2.82034,-2.21684
2592.70000,-0.68704,2.81351,-2.20515
2592.75000,-0.69125,2.80780,-2.22110
2592.80000,-0.69380,2.80454,-2.25444
2592.85000,-0.69462,2.80356,-2.30020
2592.90000,-0.69497,2.80319,-2.34943
2592.95000,-0.69538,2.80280,-2.38983
2593.00000,-0.69551,2.80268,-2.41843
2593.05000,-0.69562,2.80258,-2.43989
2593.10000,-0.69643,2.80184,-2.43748
2593.15000,-0.69845,2.80008,-2.41475
2593.20000,-0.70225,2.79658,-2.37928
2593.25000,-0.70704,2.79181,-2.33766
2593.30000,-0.71242,2.78596,-2.29179
2593.35000,-0.71807,2.77921,-2.24305
2593.40000,-0.72375,2.77169,-2.19236
2593.45000,-0.72929,2.76351,-2.14038
2593.50000,-0.73378,2.75618,-2.10992
2593.55000,-0.73709,2.75015,-2.11007
2593.60000,-0.73935,2.74628,-2.13974
2593.65000,-0.74045,2.74461,-2.18610
2593.70000,-0.74097,2.74392,-2.23754
2593.75000,-0.74154,2.74324,-2.28912
2593.80000,-0.74214,2.74259,-2.34073
2593.85000,-0.74277,2.74196,-2.39234
2593.90000,-0.74360,2.74122,-2.43095
2593.95000,-0.74504,2.73995,-2.44112
2594.00000,-0.74707,2.73820,-2.42584
2594.05000,-0.75079,2.73488,-2.39442
2594.10000,-0.75563,2.73022,-2.35668
2594.15000,-0.76121,2.72441,-2.31401
2594.20000,-0.76716,2.71763,-2.26806
2594.25000,-0.77320,2.71004,-2.21980
2594.30000,-0.77847,2.70289,-2.18803
2594.35000,-0.78368,2.69577,-2.17589
2594.40000,-0.78862,2.68886,-2.17981
2594.45000,-0.79314,2.68245,-2.20274
2594.50000,-0.79658,2.67792,-2.23938
2594.55000,-0.79842,2.67567,-2.28783
2594.60000,-0.79941,2.67460,-2.34248
2594.65000,-0.80044,2.67360,-2.39718
2594.70000,-0.80133,2.67280,-2.43417
2594.75000,-0.80227,2.67199,-2.43473
2594.80000,-0.80479,2.66979,-2.41333
2594.85000,-0.80939,2.66555,-2.38208
2594.90000,-0.81524,2.65978,-2.34368
2594.95000,-0.82141,2.65322,-2.30145
2595.00000,-0.82798,2.64563,-2.25587
2595.05000,-0.83371,2.63852,-2.22012
2595.10000,-0.83915,2.63142,-2.21399
2595.15000,-0.84397,2.62505,-2.23134
2595.20000,-0.84641,2.62202,-2.27483
2595.25000,-0.84718,2.62115,-2.33014
2595.30000,-0.84785,2.62049,-2.38621
2595.35000,-0.84851,2.61990,-2.44209
2595.40000,-0.84916,2.61938,-2.49774
2595.45000,-0.84990,2.61884,-2.54117
2595.50000,-0.85105,2.61797,-2.55795
2595.55000,-0.85273,2.61668,-2.55037
2595.60000,-0.85691,2.61378,-2.52614
2595.65000,-0.86288,2.60940,-2.49244
2595.70000,-0.87000,2.60380,-2.45311
2595.75000,-0.87741,2.59748,-2.41195
2595.80000,-0.88488,2.59054,-2.36997
2595.85000,-0.89194,2.58366,-2.33417
2595.90000,-0.89902,2.57670,-2.32133
2595.95000,-0.90528,2.57024,-2.33604
2596.00000,-0.90987,2.56560,-2.36726
2596.05000,-0.91255,2.56307,-2.41046
2596.10000,-0.91334,2.56238,-2.46445
2596.15000,-0.91388,2.56198,-2.51997
2596.20000,-0.91444,2.56160,-2.57529
2596.25000,-0.91504,2.56124,-2.61946
2596.30000,-0.91620,2.56038,-2.63936
2596.35000,-0.91830,2.55894,-2.63469
2596.40000,-0.92343,2.55602,-2.61093
2596.45000,-0.93014,2.55194,-2.57981
2596.50000,-0.93792,2.54685,-2.54360
2596.55000,-0.94606,2.54107,-2.50476
2596.60000,-0.95398,2.53497,-2.46644
2596.65000,-0.96174,2.52874,-2.43697
2596.70000,-0.96959,2.52235,-2.42747
2596.75000,-0.97728,2.51607,-2.43780
2596.80000,-0.98410,2.51043,-2.46013
2596.85000,-0.98873,2.50678,-2.49511
2596.90000,-0.99099,2.50514,-2.54284
2596.95000,-0.99185,2.50460,-2.59782
2597.00000,-0.99273,2.50410,-2.65267
2597.05000,-0.99362,2.50365,-2.69622
2597.10000,-0.99523,2.50258,-2.70906
2597.15000,-0.99883,2.50069,-2.69650
2597.20000,-1.00490,2.49769,-2.67232
2597.25000,-1.01251,2.49369,-2.64130
2597.30000,-1.02104,2.48883,-2.60584
2597.35000,-1.02954,2.48357,-2.56997
2597.40000,-1.03782,2.47827,-2.54122
2597.45000,-1.04596,2.47310,-2.52115
2597.50000,-1.05384,2.46813,-2.51518
2597.55000,-1.06158,2.46326,-2.52697
2597.60000,-1.06817,2.45885,-2.55467
2597.65000,-1.07231,2.45620,-2.59526
2597.70000,-1.07402,2.45521,-2.64767
2597.75000,-1.07523,2.45460,-2.70256
2597.80000,-1.07647,2.45406,-2.75712
2597.85000,-1.07772,2.45358,-2.80110
2597.90000,-1.07951,2.45264,-2.82003
2597.95000,-1.08302,2.45085,-2.81255
2598.00000,-1.08982,2.44844,-2.78979
2598.05000,-1.09812,2.44525,-2.76062
2598.10000,-1.10730,2.44140,-2.72774
2598.15000,-1.11639,2.43723,-2.69493
2598.20000,-1.12534,2.43276,-2.66243
2598.25000,-1.13410,2.42824,-2.63691
2598.30000,-1.14279,2.42376,-2.62761
2598.35000,-1.15143,2.41929,-2.62895
2598.40000,-1.15852,2.41556,-2.65388
2598.45000,-1.16123,2.41423,-2.70028
2598.50000,-1.16268,2.41359,-2.75264
2598.55000,-1.16416,2.41303,-2.80473
2598.60000,-1.16567,2.41255,-2.85644
2598.65000,-1.16714,2.41217,-2.89782
2598.70000,-1.16916,2.41134,-2.90964
2598.75000,-1.17348,2.41002,-2.89948
2598.80000,-1.18052,2.40816,-2.87680
2598.85000,-1.18920,2.40567,-2.84726
2598.90000,-1.19842,2.40270,-2.81419
2598.95000,-1.20702,2.39961,-2.77997
2599.00000,-1.21560,2.39633,-2.75194
2599.05000,-1.22421,2.39299,-2.73855
2599.10000,-1.23223,2.38989,-2.75298
2599.15000,-1.23563,2.38866,-2.79412
2599.20000,-1.23669,2.38834,-2.84535
2599.25000,-1.23821,2.38791,-2.89450
2599.30000,-1.23975,2.38756,-2.94323
2599.35000,-1.24132,2.38726,-2.98050
2599.40000,-1.24304,2.38686,-2.99399
2599.45000,-1.24710,2.38597,-2.98636
2599.50000,-1.25484,2.38467,-2.96368
2599.55000,-1.26404,2.38285,-2.93467
2599.60000,-1.27339,2.38078,-2.90124
2599.65000,-1.28225,2.37845,-2.86792
2599.70000,-1.29111,2.37593,-2.84056
2599.75000,-1.30000,2.37335,-2.82795
2599.80000,-1.30735,2.37124,-2.84675
2599.85000,-1.31026,2.37052,-2.88690
2599.90000,-1.31167,2.37018,-2.93308
2599.95000,-1.31309,2.36992,-2.97901
2600.00000,-1.31451,2.36972,-3.02458
2600.05000,-1.31580,2.36961,-3.05466
2600.10000,-1.31771,2.36928,-3.06309
2600.15000,-1.32273,2.36877,-3.05262
2600.20000,-1.33057,2.36798,-3.02991
2600.25000,-1.33946,2.36681,-2.99914
2600.30000,-1.34881,2.36529,-2.96733
2600.35000,-1.35831,2.36345,-2.93634
2600.40000,-1.36765,2.36149,-2.91113
2600.45000,-1.37702,2.35946,-2.90321
2600.50000,-1.38499,2.35771,-2.91683
2600.55000,-1.39167,2.35625,-2.93652
2600.60000,-1.39717,2.35519,-2.96122
2600.65000,-1.40143,2.35448,-2.99100
2600.70000,-1.40442,2.35409,-3.02591
2600.75000,-1.40610,2.35394,-3.06596
2600.80000,-1.40671,2.35392,-3.11010
2600.85000,-1.40724,2.35391,3.13949
2600.90000,-1.40815,2.35395,3.12875
2600.95000,-1.41128,2.35404,3.13066
2601.00000,-1.41584,2.35412,3.13845
2601.05000,-1.42240,2.35408,-3.12868
2601.10000,-1.43201,2.35382,-3.10047
2601.15000,-1.44200,2.35326,-3.07074
2601.20000,-1.45196,2.35240,-3.04148
2601.25000,-1.46183,2.35148,-3.01790
2601.30000,-1.47161,2.35063,-3.00047
2601.35000,-1.48137,2.34980,-2.98472
2601.40000,-1.49112,2.34896,-2.97079
2601.45000,-1.50087,2.34813,-2.95888
2601.50000,-1.51063,2.34729,-2.94920
2601.55000,-1.52038,2.34644,-2.94190
2601.60000,-1.53013,2.34559,-2.93714
2601.65000,-1.53988,2.34474,-2.93502
2601.70000,-1.54963,2.34387,-2.93818
2601.75000,-1.55920,2.34298,-2.95357
2601.80000,-1.56679,2.34215,-2.98055
2601.85000,-1.57186,2.34147,-3.01893
2601.90000,-1.57449,2.34120,-3.06799
2601.95000,-1.57498,2.34117,-3.12604
2602.00000,-1.57517,2.34118,3.09764
2602.05000,-1.57536,2.34119,3.03821
2602.10000,-1.57555,2.34121,2.97887
2602.15000,-1.57574,2.34127,2.92927
2602.20000,-1.57603,2.34146,2.89593
2602.25000,-1.57783,2.34225,2.88425
2602.30000,-1.58230,2.34362,2.88578
2602.35000,-1.59059,2.34585,2.90356
2602.40000,-1.60005,2.34802,2.92858
2602.45000,-1.60922,2.34989,2.95421
2602.50000,-1.61845,2.35151,2.97959
2602.55000,-1.62771,2.35291,3.00495
2602.60000,-1.63700,2.35406,3.03025
2602.65000,-1.64628,2.35494,3.04303
2602.70000,-1.65517,2.35552,3.03198
2602.75000,-1.66216,2.35553,2.99948
2602.80000,-1.66696,2.35576,2.94827
2602.85000,-1.67023,2.35636,2.88345
2602.90000,-1.67240,2.35686,2.82197
2602.95000,-1.67479,2.35764,2.78673
2603.00000,-1.67793,2.35897,2.78015
2603.05000,-1.68432,2.36146,2.79408
2603.10000,-1.69277,2.36443,2.81706
2603.15000,-1.70213,2.36744,2.84302
2603.20000,-1.71123,2.37015,2.86978
2603.25000,-1.72086,2.37270,2.89495
2603.30000,-1.73056,2.37501,2.91938
2603.35000,-1.74033,2.37708,2.94469
2603.40000,-1.74994,2.37889,2.96028
2603.45000,-1.75851,2.38022,2.94918
2603.50000,-1.76459,2.38118,2.91396
2603.55000,-1.76953,2.38237,2.86344
2603.60000,-1.77272,2.38337,2.79838
2603.65000,-1.77436,2.38403,2.72167
2603.70000,-1.77566,2.38462,2.65393
2603.75000,-1.77689,2.38518,2.60616
2603.80000,-1.77814,2.38582,2.57484
2603.85000,-1.78052,2.38741,2.57491
2603.90000,-1.78491,2.39017,2.58945
2603.95000,-1.79123,2.39398,2.61281
2604.00000,-1.79957,2.39869,2.64511
2604.05000,-1.80844,2.40330,2.67904
2604.10000,-1.81745,2.40761,2.71351
2604.15000,-1.82662,2.41159,2.74934
2604.20000,-1.83592,2.41525,2.78506
2604.25000,-1.84528,2.41853,2.82401
2604.30000,-1.85429,2.42127,2.86881
2604.35000,-1.86336,2.42356,2.91841
2604.40000,-1.87300,2.42549,2.96958
2604.45000,-1.88289,2.42695,3.02128
2604.50000,-1.89284,2.42789,3.07269
2604.55000,-1.90283,2.42832,3.12391
2604.60000,-1.91283,2.42825,-3.10836
2604.65000,-1.92281,2.42766,-3.05736
2604.70000,-1.93275,2.42657,-3.00665
2604.75000,-1.94262,2.42497,-2.95624
2604.80000,-1.95240,2.42288,-2.90590
2604.85000,-1.96206,2.42030,-2.85576
2604.90000,-1.97158,2.41724,-2.80547
2604.95000,-1.98094,2.41371,-2.75553
2605.00000,-1.99010,2.40972,-2.70544
2605.05000,-1.99906,2.40527,-2.65578
2605.10000,-2.00682,2.40091,-2.60063
2605.15000,-2.01168,2.39778,-2.53353
2605.20000,-2.01571,2.39476,-2.46327
2605.25000,-2.01951,2.39148,-2.39334
2605.30000,-2.02305,2.38796,-2.32383
2605.35000,-2.02631,2.38423,-2.25475
2605.40000,-2.02929,2.38031,-2.18614
2605.45000,-2.03196,2.37624,-2.11800
2605.50000,-2.03433,2.37205,-2.05034
2605.55000,-2.03637,2.36777,-1.98318
2605.60000,-2.03811,2.36341,-1.91656
2605.65000,-2.03954,2.35898,-1.85053
2605.70000,-2.04068,2.35448,-1.78514
2605.75000,-2.04151,2.34993,-1.72042
2605.80000,-2.04205,2.34537,-1.65639
2605.85000,-2.04230,2.34084,-1.59304
2605.90000,-2.04226,2.33638,-1.53037
2605.95000,-2.04195,2.33205,-1.46835
2606.00000,-2.04139,2.32789,-1.40697
2606.05000,-2.04061,2.32392,-1.34622
2606.10000,-2.03963,2.32013,-1.28612
2606.15000,-2.03845,2.31652,-1.22672
2606.20000,-2.03711,2.31309,-1.16800
2606.25000,-2.03563,2.30988,-1.10995
2606.30000,-2.03402,2.30686,-1.05258
2606.35000,-2.03229,2.30401,-0.99597
2606.40000,-2.03044,2.30132,-0.94014
2606.45000,-2.02848,2.29879,-0.88510
2606.50000,-2.02644,2.29642,-0.83086
2606.55000,-2.02432,2.29423,-0.77740
2606.60000,-2.02216,2.29221,-0.72471
2606.65000,-2.02000,2.29039,-0.67271
2606.70000,-2.01787,2.28878,-0.62135
2606.75000,-2.01580,2.28738,-0.57060
2606.80000,-2.01378,2.28615,-0.52050
2606.85000,-2.01180,2.28508,-0.47103
2606.90000,-2.00987,2.28415,-0.42224
2606.95000,-2.00796,2.28335,-0.37420
2607.00000,-2.00604,2.28265,-0.32698
2607.05000,-2.00413,2.28205,-0.28058
2607.10000,-2.00224,2.28155,-0.23498
2607.15000,-2.00035,2.28114,-0.19020
2607.20000,-1.99569,2.28037,-0.14880
2607.25000,-1.98719,2.27926,-0.11100
2607.30000,-1.97757,2.27839,-0.06964
2607.35000,-1.96761,2.27793,-0.03947
2607.40000,-1.95815,2.27759,-0.03279
2607.45000,-1.94819,2.27725,-0.03547
2607.50000,-1.93822,2.27688,-0.03851
2607.55000,-1.92829,2.27647,-0.04232
2607.60000,-1.91841,2.27602,-0.04660
2607.65000,-1.90854,2.27552,-0.05130
2607.70000,-1.89868,2.27498,-0.05673
2607.75000,-1.88885,2.27437,-0.06281
2607.80000,-1.87903,2.27372,-0.06943
2607.85000,-1.86923,2.27300,-0.07646
2607.90000,-1.85945,2.27222,-0.08402
2607.95000,-1.84970,2.27136,-0.09205
2608.00000,-1.84020,2.27051,-0.08893
2608.05000,-1.83048,2.26967,-0.07427
2608.10000,-1.82317,2.26925,-0.04533
2608.15000,-1.81780,2.26910,-0.00654
2608.20000,-1.81447,2.26911,0.04182
2608.25000,-1.81293,2.26913,0.08882
2608.30000,-1.81140,2.26934,0.12122
2608.35000,-1.80818,2.26987,0.14019
2608.40000,-1.80288,2.27077,0.14738
2608.45000,-1.79705,2.27177,0.15093
2608.50000,-1.79036,2.27292,0.14959
2608.55000,-1.78251,2.27412,0.14166
2608.60000,-1.77363,2.27535,0.12844
2608.65000,-1.76413,2.27650,0.11169
2608.70000,-1.75460,2.27749,0.09489
2608.75000,-1.74506,2.27831,0.07774
2608.80000,-1.73551,2.27897,0.06068
2608.85000,-1.72596,2.27947,0.04345
2608.90000,-1.71640,2.27980,0.02604
2608.95000,-1.70673,2.27997,0.01584
2609.00000,-1.69671,2.28007,0.02345
2609.05000,-1.68688,2.28029,0.05133
2609.10000,-1.67925,2.28061,0.09751
2609.15000,-1.67500,2.28101,0.15495
2609.20000,-1.67376,2.28123,0.21989
2609.25000,-1.67307,2.28140,0.27655
2609.30000,-1.67250,2.28150,0.31358
2609.35000,-1.67155,2.28185,0.33235
2609.40000,-1.66820,2.28311,0.33816
2609.45000,-1.66171,2.28541,0.32809
2609.50000,-1.65348,2.28814,0.30839
2609.55000,-1.64447,2.29090,0.28519
2609.60000,-1.63539,2.29345,0.26234
2609.65000,-1.62626,2.29579,0.23962
2609.70000,-1.61707,2.29793,0.21716
2609.75000,-1.60782,2.29987,0.19487
2609.80000,-1.59855,2.30160,0.17215
2609.85000,-1.58924,2.30311,0.14952
2609.90000,-1.57974,2.30442,0.13619
2609.95000,-1.57039,2.30550,0.14188
2610.00000,-1.56218,2.30656,0.17094
2610.05000,-1.55791,2.30737,0.21761
2610.10000,-1.55614,2.30781,0.27429
2610.15000,-1.55519,2.30810,0.33395
2610.20000,-1.55426,2.30845,0.38342
2610.25000,-1.55326,2.30892,0.41392
2610.30000,-1.55216,2.30949,0.42641
2610.35000,-1.54995,2.31051,0.43209
2610.40000,-1.54639,2.31221,0.43118
2610.45000,-1.54034,2.31511,0.41830
2610.50000,-1.53153,2.31891,0.39275
2610.55000,-1.52225,2.32262,0.36725
2610.60000,-1.51315,2.32598,0.34097
2610.65000,-1.50368,2.32921,0.31600
2610.70000,-1.49414,2.33220,0.29117
2610.75000,-1.48452,2.33495,0.26642
2610.80000,-1.47484,2.33746,0.24126
2610.85000,-1.46614,2.33950,0.23167
2610.90000,-1.45849,2.34124,0.24724
2610.95000,-1.45432,2.34218,0.28438
2611.00000,-1.45331,2.34248,0.33348
2611.05000,-1.45273,2.34270,0.38359
2611.10000,-1.45213,2.34297,0.42404
2611.15000,-1.45143,2.34340,0.44750
2611.20000,-1.45062,2.34396,0.45977
2611.25000,-1.44906,2.34480,0.46467
2611.30000,-1.44601,2.34639,0.46176
2611.35000,-1.43940,2.34980,0.44031
2611.40000,-1.43060,2.35380,0.41035
2611.45000,-1.42195,2.35740,0.37898
2611.50000,-1.41309,2.36076,0.34856
2611.55000,-1.40365,2.36404,0.31999
2611.60000,-1.39562,2.36663,0.31060
2611.65000,-1.38901,2.36878,0.32424
2611.70000,-1.38467,2.37029,0.34908
2611.75000,-1.38289,2.37096,0.38479
2611.80000,-1.38256,2.37111,0.42655
2611.85000,-1.38223,2.37126,0.46808
2611.90000,-1.38192,2.37144,0.49918
2611.95000,-1.38087,2.37206,0.50885
2612.00000,-1.37645,2.37454,0.49586
2612.05000,-1.36988,2.37799,0.47086
2612.10000,-1.36190,2.38190,0.43913
2612.15000,-1.35352,2.38567,0.40648
2612.20000,-1.34504,2.38916,0.37364
2612.25000,-1.33638,2.39242,0.35491
2612.30000,-1.32783,2.39556,0.35738
2612.35000,-1.32161,2.39787,0.37295
2612.40000,-1.31818,2.39926,0.39898
2612.45000,-1.31718,2.39969,0.43557
2612.50000,-1.31685,2.39985,0.47497
2612.55000,-1.31652,2.40003,0.51413
2612.60000,-1.31629,2.40014,0.54605
2612.65000,-1.31614,2.40021,0.56190
2612.70000,-1.31239,2.40268,0.55229
2612.75000,-1.30654,2.40621,0.52987
2612.80000,-1.29907,2.41045,0.49922
2612.85000,-1.29095,2.41470,0.46577
2612.90000,-1.28270,2.41867,0.43220
2612.95000,-1.27433,2.42239,0.41297
2613.00000,-1.26591,2.42613,0.41026
2613.05000,-1.25953,2.42884,0.42290
2613.10000,-1.25584,2.43051,0.45062
2613.15000,-1.25434,2.43121,0.48764
2613.20000,-1.25377,2.43153,0.52595
2613.25000,-1.25335,2.43178,0.56331
2613.30000,-1.25306,2.43197,0.59983
2613.35000,-1.25280,2.43216,0.62951
2613.40000,-1.25163,2.43309,0.63590
2613.45000,-1.24717,2.43634,0.62010
2613.50000,-1.24136,2.44040,0.59621
2613.55000,-1.23396,2.44525,0.56419
2613.60000,-1.22615,2.45002,0.53046
2613.65000,-1.21817,2.45452,0.49683
2613.70000,-1.21008,2.45877,0.47807
2613.75000,-1.20322,2.46230,0.48270
2613.80000,-1.19916,2.46439,0.50369
2613.85000,-1.19825,2.46479,0.53696
2613.90000,-1.19799,2.46496,0.57119
2613.95000,-1.19773,2.46513,0.60516
2614.00000,-1.19748,2.46531,0.63883
2614.05000,-1.19730,2.46545,0.66275
2614.10000,-1.19657,2.46606,0.66957
2614.15000,-1.19434,2.46782,0.66599
2614.20000,-1.19120,2.47027,0.65653
2614.25000,-1.18689,2.47354,0.63959
2614.30000,-1.18107,2.47777,0.61367
2614.35000,-1.17375,2.48274,0.57914
2614.40000,-1.16605,2.48758,0.54327
2614.45000,-1.15810,2.49229,0.52004
2614.50000,-1.15025,2.49678,0.51218
2614.55000,-1.14380,2.50039,0.51450
2614.60000,-1.13957,2.50276,0.52754
2614.65000,-1.13800,2.50369,0.55228
2614.70000,-1.13778,2.50383,0.58331
2614.75000,-1.13757,2.50398,0.61425
2614.80000,-1.13736,2.50413,0.64495
2614.85000,-1.13716,2.50428,0.67542
2614.90000,-1.13696,2.50445,0.70565
2614.95000,-1.13678,2.50463,0.72721
2615.00000,-1.13640,2.50501,0.73613
2615.05000,-1.13403,2.50715,0.73158
2615.10000,-1.13045,2.51034,0.72010
2615.15000,-1.12528,2.51480,0.70029
2615.20000,-1.11819,2.52060,0.67102
2615.25000,-1.11026,2.52669,0.63837
2615.30000,-1.10277,2.53210,0.61966
2615.35000,-1.09678,2.53634,0.61894
2615.40000,-1.09320,2.53892,0.62949
2615.45000,-1.09197,2.53983,0.65178
2615.50000,-1.09180,2.53996,0.67937
2615.55000,-1.09163,2.54009,0.70687
2615.60000,-1.09147,2.54023,0.73416
2615.65000,-1.09132,2.54038,0.76127
2615.70000,-1.09117,2.54054,0.78044
2615.75000,-1.09007,2.54167,0.78312
2615.80000,-1.08730,2.54441,0.77419
2615.85000,-1.08323,2.54833,0.75793
2615.90000,-1.07736,2.55375,0.73252
2615.95000,-1.06994,2.56021,0.69927
2616.00000,-1.06218,2.56652,0.66561
2616.05000,-1.05471,2.57225,0.64502
2616.10000,-1.04867,2.57675,0.64050
2616.15000,-1.04538,2.57914,0.65053
2616.20000,-1.04501,2.57942,0.67468
2616.25000,-1.04491,2.57948,0.70024
2616.30000,-1.04482,2.57956,0.72567
2616.35000,-1.04472,2.57963,0.75095
2616.40000,-1.04463,2.57971,0.77608
2616.45000,-1.04454,2.57979,0.80105
2616.50000,-1.04423,2.58013,0.80988
2616.55000,-1.04192,2.58254,0.80114
2616.60000,-1.03751,2.58700,0.78107
2616.65000,-1.03141,2.59289,0.75353
2616.70000,-1.02416,2.59948,0.72083
2616.75000,-1.01674,2.60593,0.69716
2616.80000,-1.01062,2.61101,0.68966
2616.85000,-1.00662,2.61431,0.69378
2616.90000,-1.00531,2.61541,0.71277
2616.95000,-1.00535,2.61538,0.73841
2617.00000,-1.00500,2.61569,0.76489
2617.05000,-1.00447,2.61620,0.79239
2617.10000,-1.00400,2.61667,0.81920
2617.15000,-1.00390,2.61678,0.84353
2617.20000,-1.00371,2.61702,0.85597
2617.25000,-1.00209,2.61889,0.85176
2617.30000,-0.99822,2.62322,0.83138
2617.35000,-0.99303,2.62874,0.80157
2617.40000,-0.98725,2.63469,0.77620
2617.45000,-0.98188,2.63999,0.76774
2617.50000,-0.97911,2.64270,0.77666
2617.55000,-0.97860,2.64321,0.80008
2617.60000,-0.97849,2.64331,0.82432
2617.65000,-0.97825,2.64357,0.84924
2617.70000,-0.97793,2.64392,0.87442
2617.75000,-0.97768,2.64428,0.88484
2617.80000,-0.97581,2.64655,0.87786
2617.85000,-0.97195,2.65110,0.85644
2617.90000,-0.96684,2.65681,0.82611
2617.95000,-0.96123,2.66281,0.80819
2618.00000,-0.95693,2.66735,0.80721
2618.05000,-0.95490,2.66955,0.82067
2618.10000,-0.95461,2.66987,0.84576
2618.15000,-0.95434,2.67015,0.87031
2618.20000,-0.95387,2.67071,0.89614
2618.25000,-0.95333,2.67140,0.92198
2618.30000,-0.95312,2.67174,0.93196
2618.35000,-0.95148,2.67392,0.92599
2618.40000,-0.94789,2.67858,0.90462
2618.45000,-0.94308,2.68451,0.87444
2618.50000,-0.93728,2.69120,0.83855
2618.55000,-0.93115,2.69791,0.81545
2618.60000,-0.92644,2.70289,0.81057
2618.65000,-0.92398,2.70554,0.82128
2618.70000,-0.92325,2.70637,0.84345
2618.75000,-0.92282,2.70686,0.86884
2618.80000,-0.92233,2.70745,0.89379
2618.85000,-0.92186,2.70805,0.91827
2618.90000,-0.92142,2.70864,0.94238
2618.95000,-0.92099,2.70925,0.96672
2619.00000,-0.92090,2.70947,0.97766
2619.05000,-0.91916,2.71198,0.96929
2619.10000,-0.91575,2.71683,0.94729
2619.15000,-0.91120,2.72296,0.91677
2619.20000,-0.90592,2.72977,0.89421
2619.25000,-0.90192,2.73478,0.88950
2619.30000,-0.89987,2.73734,0.90020
2619.35000,-0.89830,2.73931,0.91497
2619.40000,-0.89672,2.74129,0.92976
2619.45000,-0.89516,2.74327,0.94456
2619.50000,-0.89360,2.74526,0.95936
2619.55000,-0.89205,2.74727,0.97416
2619.60000,-0.89079,2.74905,0.99057
2619.65000,-0.89057,2.74942,0.99908
2619.70000,-0.88896,2.75188,0.99235
2619.75000,-0.88561,2.75688,0.97053
2619.80000,-0.88117,2.76315,0.94016
2619.85000,-0.87628,2.76986,0.92021
2619.90000,-0.87282,2.77454,0.91833
2619.95000,-0.87192,2.77578,0.93739
2620.00000,-0.87142,2.77647,0.96014
2620.05000,-0.87091,2.77716,0.98290
2620.10000,-0.87041,2.77786,1.00568
2620.15000,-0.87028,2.77818,1.01770
2620.20000,-0.86955,2.77934,1.01324
2620.25000,-0.86748,2.78260,0.99059
2620.30000,-0.86412,2.78754,0.95466
2620.35000,-0.86077,2.79206,0.90676
2620.40000,-0.85686,2.79678,0.85276
2620.45000,-0.85229,2.80170,0.79534
2620.50000,-0.84695,2.80683,0.73632
2620.55000,-0.84134,2.81190,0.68463
2620.60000,-0.83537,2.81726,0.65527
2620.65000,-0.83190,2.82010,0.63574
2620.70000,-0.82988,2.82155,0.60398
2620.75000,-0.82623,2.82396,0.56260
2620.80000,-0.82119,2.82698,0.51525
2620.85000,-0.81515,2.83020,0.46355
2620.90000,-0.80832,2.83354,0.42633
2620.95000,-0.80140,2.83664,0.41675
2621.00000,-0.79598,2.83901,0.41975
2621.05000,-0.79304,2.84023,0.43704
2621.10000,-0.79227,2.84059,0.46704
2621.15000,-0.79153,2.84097,0.49773
2621.20000,-0.79079,2.84137,0.52827
2621.25000,-0.79057,2.84133,0.54853
2621.30000,-0.79070,2.84107,0.54412
2621.35000,-0.78991,2.84163,0.51930
2621.40000,-0.78767,2.84286,0.48584
2621.45000,-0.78400,2.84471,0.44301
2621.50000,-0.77924,2.84687,0.38984
2621.55000,-0.77371,2.84913,0.35048
2621.60000,-0.76748,2.85144,0.34067
2621.65000,-0.76204,2.85331,0.34657
2621.70000,-0.75911,2.85434,0.36700
2621.75000,-0.75839,2.85455,0.38089
2621.80000,-0.75821,2.85433,0.37281
2621.85000,-0.75737,2.85464,0.34789
2621.90000,-0.75344,2.85602,0.30751
2621.95000,-0.74870,2.85740,0.25785
2622.00000,-0.74362,2.85859,0.22460
2622.05000,-0.74002,2.85935,0.20456
2622.10000,-0.73730,2.85990,0.18725
2622.15000,-0.73518,2.86023,0.18087
2622.20000,-0.73356,2.86047,0.17303
2622.25000,-0.73256,2.86065,0.16828
2622.30000,-0.73200,2.86058,0.15244
2622.35000,-0.73165,2.86042,0.12681
2622.40000,-0.73003,2.86073,0.10233
2622.45000,-0.72794,2.86087,0.08953
2622.50000,-0.72577,2.86107,0.07783
2622.55000,-0.72389,2.86116,0.07266
2622.60000,-0.72242,2.86108,0.05836
2622.65000,-0.72066,2.86117,0.04305
2622.70000,-0.71883,2.86122,0.03384
2622.75000,-0.71742,2.86124,0.02490
2622.80000,-0.71544,2.86129,0.03465
2622.85000,-0.71352,2.86132,0.06321
2622.90000,-0.71258,2.86139,0.09895
2622.95000,-0.71161,2.86149,0.13491
2623.00000,-0.71098,2.86158,0.15177
2623.05000,-0.71119,2.86154,0.13871
2623.10000,-0.71051,2.86164,0.10222
2623.15000,-0.70825,2.86183,0.05720
2623.20000,-0.70436,2.86196,0.00516
2623.25000,-0.69942,2.86191,-0.04238
2623.30000,-0.69484,2.86174,-0.08191
2623.35000,-0.69165,2.86141,-0.12582
2623.40000,-0.68770,2.86086,-0.16833
2623.45000,-0.68339,2.85990,-0.19231
2623.50000,-0.67863,2.85846,-0.19758
2623.55000,-0.67358,2.85685,-0.19258
2623.60000,-0.66812,2.85551,-0.18011
2623.65000,-0.66239,2.85448,-0.16077
2623.70000,-0.65721,2.85371,-0.13647
2623.75000,-0.65275,2.85317,-0.10772
2623.80000,-0.64980,2.85295,-0.07479
2623.85000,-0.64919,2.85291,-0.03547
2623.90000,-0.64921,2.85291,-0.00379
2623.95000,-0.64997,2.85291,0.00408
2624.00000,-0.65108,2.85291,-0.00938
2624.05000,-0.65000,2.85283,-0.03751
2624.10000,-0.64628,2.85257,-0.07909
2624.15000,-0.64067,2.85198,-0.12930
2624.20000,-0.63417,2.85095,-0.18344
2624.25000,-0.62706,2.84942,-0.24024
2624.30000,-0.61980,2.84765,-0.29170
2624.35000,-0.61236,2.84566,-0.32619
2624.40000,-0.60434,2.84302,-0.33195
2624.45000,-0.59612,2.84019,-0.32543
2624.50000,-0.58854,2.83768,-0.31399
2624.55000,-0.58174,2.83553,-0.29814
2624.60000,-0.57643,2.83403,-0.27722
2624.65000,-0.57330,2.83329,-0.24760
2624.70000,-0.57279,2.83316,-0.20899
2624.75000,-0.57263,2.83313,-0.16928
2624.80000,-0.57251,2.83316,-0.13974
2624.85000,-0.57290,2.83341,-0.13478
2624.90000,-0.57233,2.83325,-0.15017
2624.95000,-0.56848,2.83248,-0.18204
2625.00000,-0.56216,2.83119,-0.22177
2625.05000,-0.55476,2.82933,-0.26635
2625.10000,-0.54715,2.82720,-0.29911
2625.15000,-0.53940,2.82480,-0.31570
2625.20000,-0.53193,2.82240,-0.31020
2625.25000,-0.52685,2.82083,-0.29268
2625.30000,-0.52283,2.81967,-0.27007
2625.35000,-0.51996,2.81893,-0.24230
2625.40000,-0.51842,2.81881,-0.21992
2625.45000,-0.51765,2.81870,-0.21089
2625.50000,-0.51697,2.81854,-0.19347
2625.55000,-0.51629,2.81834,-0.16665
2625.60000,-0.51590,2.81827,-0.15007
2625.65000,-0.51556,2.81822,-0.15214
2625.70000,-0.51338,2.81776,-0.16987
2625.75000,-0.50789,2.81670,-0.20199
2625.80000,-0.50088,2.81512,-0.24134
2625.85000,-0.49266,2.81291,-0.28439
2625.90000,-0.48385,2.81040,-0.32158
2625.95000,-0.47498,2.80779,-0.34450
2626.00000,-0.46580,2.80483,-0.34670
2626.05000,-0.45663,2.80187,-0.34751
2626.10000,-0.44772,2.79892,-0.34363
2626.15000,-0.43990,2.79619,-0.33357
2626.20000,-0.43323,2.79394,-0.31791
2626.25000,-0.42776,2.79220,-0.29657
2626.30000,-0.42355,2.79099,-0.26945
2626.35000,-0.42066,2.79025,-0.23647
2626.40000,-0.41918,2.78993,-0.19759
2626.45000,-0.41884,2.78988,-0.15399
2626.50000,-0.41860,2.78985,-0.12215
2626.55000,-0.41852,2.78985,-0.11207
2626.60000,-0.41659,2.78955,-0.12003
2626.65000,-0.41151,2.78874,-0.14496
2626.70000,-0.40428,2.78753,-0.18024
2626.75000,-0.39551,2.78574,-0.21891
2626.80000,-0.38674,2.78357,-0.26174
2626.85000,-0.37803,2.78102,-0.30378
2626.90000,-0.36946,2.77833,-0.33441
2626.95000,-0.36088,2.77559,-0.34732
2627.00000,-0.35223,2.77266,-0.34143
2627.05000,-0.34445,2.76996,-0.32894
2627.10000,-0.33778,2.76775,-0.31098
2627.15000,-0.33226,2.76605,-0.28752
2627.20000,-0.32794,2.76485,-0.25849
2627.25000,-0.32487,2.76410,-0.22385
2627.30000,-0.32311,2.76375,-0.18357
2627.35000,-0.32261,2.76368,-0.13798
2627.40000,-0.32242,2.76365,-0.09106
2627.45000,-0.32222,2.76365,-0.05313
2627.50000,-0.32236,2.76361,-0.03323
2627.55000,-0.32154,2.76348,-0.03243
2627.60000,-0.31781,2.76325,-0.04608
2627.65000,-0.31135,2.76281,-0.07402
2627.70000,-0.30290,2.76202,-0.11166
2627.75000,-0.29396,2.76084,-0.15175
2627.80000,-0.28506,2.75930,-0.19042
2627.85000,-0.27627,2.75742,-0.23051
2627.90000,-0.26747,2.75533,-0.26323
2627.95000,-0.25837,2.75291,-0.27610
2628.00000,-0.24906,2.75025,-0.27080
2628.05000,-0.24167,2.74834,-0.24970
2628.10000,-0.23785,2.74743,-0.21445
2628.15000,-0.23648,2.74716,-0.16878
2628.20000,-0.23634,2.74714,-0.11799
2628.25000,-0.23619,2.74712,-0.06733
2628.30000,-0.23605,2.74712,-0.01697
2628.35000,-0.23593,2.74710,0.02631
2628.40000,-0.23633,2.74718,0.04899
2628.45000,-0.23639,2.74739,0.05603
2628.50000,-0.23571,2.74762,0.05731
2628.55000,-0.23398,2.74775,0.05200
2628.60000,-0.23130,2.74789,0.04228
2628.65000,-0.22778,2.74804,0.02771
2628.70000,-0.22318,2.74814,0.00700
2628.75000,-0.21623,2.74808,-0.02507
2628.80000,-0.20736,2.74767,-0.06692
2628.85000,-0.19843,2.74688,-0.10862
2628.90000,-0.18952,2.74573,-0.14905
2628.95000,-0.18059,2.74435,-0.18235
2629.00000,-0.17138,2.74263,-0.19363
2629.05000,-0.16210,2.74083,-0.19198
2629.10000,-0.15330,2.73933,-0.17305
2629.15000,-0.14679,2.73845,-0.14238
2629.20000,-0.14298,2.73804,-0.10231
2629.25000,-0.14177,2.73794,-0.05327
2629.30000,-0.14169,2.73795,-0.00812
2629.35000,-0.14179,2.73798,0.01959
2629.40000,-0.14106,2.73809,0.02196
2629.45000,-0.13738,2.73819,0.00780
2629.50000,-0.13067,2.73814,-0.02091
2629.55000,-0.12232,2.73780,-0.05799
2629.60000,-0.11338,2.73710,-0.09823
2629.65000,-0.10443,2.73604,-0.13794
2629.70000,-0.09554,2.73462,-0.17797
2629.75000,-0.08665,2.73298,-0.21056
2629.80000,-0.07752,2.73105,-0.22225
2629.85000,-0.06834,2.72904,-0.22136
2629.90000,-0.05896,2.72697,-0.20438
2629.95000,-0.05099,2.72550,-0.17715
2630.00000,-0.04604,2.72471,-0.13633
2630.05000,-0.04335,2.72439,-0.08557
2630.10000,-0.04281,2.72436,-0.02586
2630.15000,-0.04270,2.72436,0.03560
2630.20000,-0.04258,2.72438,0.08851
2630.25000,-0.04236,2.72453,0.13094
2630.30000,-0.04207,2.72476,0.16498
2630.35000,-0.04174,2.72505,0.19026
2630.40000,-0.04136,2.72542,0.20680
2630.45000,-0.04058,2.72588,0.20713
2630.50000,-0.03774,2.72665,0.19114
2630.55000,-0.03239,2.72792,0.16602
2630.60000,-0.02491,2.72946,0.13390
2630.65000,-0.01517,2.73058,0.09358
2630.70000,-0.00591,2.73126,0.04882
2630.75000,0.00407,2.73154,0.00645
2630.80000,0.01403,2.73138,-0.03777
2630.85000,0.02369,2.73079,-0.08572
2630.90000,0.03261,2.72979,-0.13982
2630.95000,0.04128,2.72831,-0.19711
2631.00000,0.05015,2.72627,-0.25507
2631.05000,0.05913,2.72365,-0.31337
2631.10000,0.06812,2.72044,-0.37185
2631.15000,0.07708,2.71664,-0.43025
2631.20000,0.08592,2.71226,-0.48855
2631.25000,0.09461,2.70732,-0.54668
2631.30000,0.10300,2.70188,-0.60437
2631.35000,0.11104,2.69598,-0.66114
2631.40000,0.11875,2.68962,-0.71713
2631.45000,0.12610,2.68285,-0.77217
2631.50000,0.13307,2.67568,-0.82643
2631.55000,0.13965,2.66815,-0.88005
2631.60000,0.14581,2.66028,-0.93262
2631.65000,0.15043,2.65372,-0.98795
2631.70000,0.15288,2.64973,-1.05357
2631.75000,0.15421,2.64719,-1.12716
2631.80000,0.15485,2.64571,-1.20638
2631.85000,0.15505,2.64512,-1.28921
2631.90000,0.15509,2.64500,-1.37348
2631.95000,0.15510,2.64487,-1.45708
2632.00000,0.15511,2.64475,-1.53990
2632.05000,0.15511,2.64463,-1.62193
2632.10000,0.15510,2.64450,-1.70316
2632.15000,0.15508,2.64438,-1.78356
2632.20000,0.15505,2.64426,-1.86312
2632.25000,0.15501,2.64415,-1.94182
2632.30000,0.15496,2.64403,-2.01965
2632.35000,0.15490,2.64392,-2.09659
2632.40000,0.15483,2.64382,-2.17262
2632.45000,0.15476,2.64372,-2.24774
2632.50000,0.15468,2.64363,-2.32193
2632.55000,0.15459,2.64354,-2.39517
2632.60000,0.15450,2.64346,-2.46746
2632.65000,0.15440,2.64339,-2.53878
2632.70000,0.15429,2.64332,-2.60912
2632.75000,0.15419,2.64326,-2.67848
2632.80000,0.15407,2.64321,-2.74685
2632.85000,0.15396,2.64317,-2.81421
2632.90000,0.15384,2.64313,-2.88057
2632.95000,0.15372,2.64310,-2.94591
2633.00000,0.15360,2.64308,-3.01022
2633.05000,0.15347,2.64307,-3.07359
2633.10000,0.15335,2.64307,-3.13625
2633.15000,0.15323,2.64307,3.08497
2633.20000,0.15310,2.64308,3.02372
2633.25000,0.15298,2.64310,2.96325
2633.30000,0.15286,2.64312,2.90359
2633.35000,0.15273,2.64316,2.84480
2633.40000,0.15261,2.64320,2.78692
2633.45000,0.15250,2.64325,2.73002
2633.50000,0.15238,2.64330,2.67414
2633.55000,0.15227,2.64336,2.61932
2633.60000,0.15211,2.64351,2.57585
2633.65000,0.15021,2.64480,2.54323
2633.70000,0.14692,2.64712,2.51984
2633.75000,0.14093,2.65148,2.51479
2633.80000,0.13319,2.65706,2.51986
2633.85000,0.12495,2.66291,2.52841
2633.90000,0.11658,2.66874,2.53656
2633.95000,0.10829,2.67441,2.54519
2634.00000,0.09990,2.68005,2.55393
2634.05000,0.09145,2.68562,2.56280
2634.10000,0.08307,2.69105,2.57107
2634.15000,0.07446,2.69651,2.58087
2634.20000,0.06592,2.70180,2.59144
2634.25000,0.05727,2.70703,2.60234
2634.30000,0.04842,2.71226,2.61376
2634.35000,0.03976,2.71724,2.62421
2634.40000,0.03111,2.72209,2.63634
2634.45000,0.02225,2.72691,2.64849
2634.50000,0.01343,2.73159,2.66030
2634.55000,0.00455,2.73615,2.67252
2634.60000,-0.00439,2.74061,2.68494
2634.65000,-0.01338,2.74495,2.69759
2634.70000,-0.02242,2.74917,2.71156
2634.75000,-0.03149,2.75326,2.72565
2634.80000,-0.04065,2.75723,2.73936
2634.85000,-0.04987,2.76107,2.75331
2634.90000,-0.05914,2.76479,2.76744
2634.95000,-0.06846,2.76837,2.78209
2635.00000,-0.07783,2.77181,2.79728
2635.05000,-0.08726,2.77510,2.81275
2635.10000,-0.09674,2.77825,2.82876
2635.15000,-0.10626,2.78124,2.84508
2635.20000,-0.11584,2.78408,2.86192
2635.25000,-0.12546,2.78675,2.87905
2635.30000,-0.13513,2.78926,2.89665
2635.35000,-0.14484,2.79159,2.91457
2635.40000,-0.15406,2.79332,2.92024
2635.45000,-0.16089,2.79439,2.89832
2635.50000,-0.16485,2.79539,2.85731
2635.55000,-0.16659,2.79594,2.80440
2635.60000,-0.16701,2.79610,2.75700
2635.65000,-0.16747,2.79637,2.72873
2635.70000,-0.16903,2.79713,2.71643
2635.75000,-0.17209,2.79854,2.71128
2635.80000,-0.17678,2.80077,2.71374
2635.85000,-0.18480,2.80443,2.73117
2635.90000,-0.19428,2.80842,2.75478
2635.95000,-0.20362,2.81210,2.77731
2636.00000,-0.21300,2.81556,2.79978
2636.05000,-0.22274,2.81889,2.82375
2636.10000,-0.23245,2.82196,2.84773
2636.15000,-0.24163,2.82439,2.86005
2636.20000,-0.24990,2.82587,2.85058
2636.25000,-0.25592,2.82668,2.81533
2636.30000,-0.25940,2.82779,2.76153
2636.35000,-0.26059,2.82830,2.69692
2636.40000,-0.26106,2.82855,2.64065
2636.45000,-0.26176,2.82909,2.60706
2636.50000,-0.26354,2.83036,2.60087
2636.55000,-0.26682,2.83240,2.60259
2636.60000,-0.27346,2.83638,2.61968
2636.65000,-0.28215,2.84123,2.64619
2636.70000,-0.29102,2.84586,2.67433
2636.75000,-0.30001,2.85024,2.70258
2636.80000,-0.30916,2.85439,2.73062
2636.85000,-0.31841,2.85828,2.76175
2636.90000,-0.32764,2.86179,2.79874
2636.95000,-0.33717,2.86500,2.83805
2637.00000,-0.34679,2.86782,2.87552
2637.05000,-0.35617,2.87014,2.89872
2637.10000,-0.36466,2.87151,2.89550
2637.15000,-0.37225,2.87215,2.87221
2637.20000,-0.37880,2.87284,2.83169
2637.25000,-0.38458,2.87460,2.77990
2637.30000,-0.39000,2.87665,2.74002
2637.35000,-0.39564,2.87903,2.72316
2637.40000,-0.40153,2.88172,2.72666
2637.45000,-0.40764,2.88466,2.74567
2637.50000,-0.41381,2.88768,2.77672
2637.55000,-0.42084,2.89026,2.82171
2637.60000,-0.42848,2.89258,2.87205
2637.65000,-0.43620,2.89449,2.92691
2637.70000,-0.44369,2.89590,2.98478
2637.75000,-0.45096,2.89682,3.03082
2637.80000,-0.45808,2.89738,3.04670
2637.85000,-0.46515,2.89782,3.04282
2637.90000,-0.47111,2.89820,3.01148
2637.95000,-0.47558,2.89887,2.96211
2638.00000,-0.48189,2.90018,2.91094
2638.05000,-0.48781,2.90174,2.85232
2638.10000,-0.49315,2.90327,2.79936
2638.15000,-0.49858,2.90496,2.76927
2638.20000,-0.50417,2.90688,2.76700
2638.25000,-0.50980,2.90889,2.78563
2638.30000,-0.51527,2.91079,2.81775
2638.35000,-0.52106,2.91268,2.86272
2638.40000,-0.52851,2.91461,2.91220
2638.45000,-0.53635,2.91622,2.96584
2638.50000,-0.54454,2.91744,3.02223
2638.55000,-0.55271,2.91817,3.08157
2638.60000,-0.56103,2.91842,-3.14082
2638.65000,-0.56907,2.91816,-3.07766
2638.70000,-0.57648,2.91744,-3.01129
2638.75000,-0.58374,2.91624,-2.94389
2638.80000,-0.59102,2.91453,-2.87642
2638.85000,-0.59826,2.91229,-2.80894
2638.90000,-0.60538,2.90956,-2.74141
2638.95000,-0.61239,2.90631,-2.67405
2639.00000,-0.61926,2.90255,-2.60699
2639.05000,-0.62547,2.89857,-2.53815
2639.10000,-0.63133,2.89423,-2.46889
2639.15000,-0.63692,2.88946,-2.39980
2639.20000,-0.64258,2.88390,-2.33287
2639.25000,-0.64788,2.87831,-2.27672
2639.30000,-0.65191,2.87374,-2.23741
2639.35000,-0.65426,2.87060,-2.18681
2639.40000,-0.65570,2.86843,-2.12200
2639.45000,-0.65717,2.86583,-2.05193
2639.50000,-0.65867,2.86268,-1.97900
2639.55000,-0.66006,2.85911,-1.90404
2639.60000,-0.66124,2.85520,-1.82769
2639.65000,-0.66216,2.85103,-1.75038
2639.70000,-0.66278,2.84666,-1.67244
2639.75000,-0.66306,2.84215,-1.59411
2639.80000,-0.66299,2.83753,-1.51556
2639.85000,-0.66254,2.83286,-1.43684
2639.90000,-0.66173,2.82821,-1.35799
2639.95000,-0.66054,2.82360,-1.27908
2640.00000,-0.65898,2.81906,-1.20016
2640.05000,-0.65705,2.81463,-1.12128
2640.10000,-0.65476,2.81033,-1.04247
2640.15000,-0.65212,2.80619,-0.96376
2640.20000,-0.64914,2.80224,-0.88518
2640.25000,-0.64583,2.79850,-0.80673
2640.30000,-0.64220,2.79500,-0.72845
2640.35000,-0.63844,2.79190,-0.65121
2640.40000,-0.63463,2.78922,-0.57524
2640.45000,-0.63082,2.78694,-0.50056
2640.50000,-0.62704,2.78505,-0.42717
2640.55000,-0.62333,2.78352,-0.35509
2640.60000,-0.61971,2.78232,-0.28430
2640.65000,-0.61622,2.78143,-0.21482
2640.70000,-0.61285,2.78081,-0.14664
2640.75000,-0.60964,2.78045,-0.07976
2640.80000,-0.60658,2.78030,-0.01419
2640.85000,-0.60368,2.78036,0.05009
2640.90000,-0.60094,2.78058,0.11306
2640.95000,-0.59836,2.78095,0.17475
2641.00000,-0.59589,2.78146,0.23521
2641.05000,-0.59351,2.78211,0.29446
2641.10000,-0.59120,2.78281,0.34331
2641.15000,-0.58804,2.78406,0.37022
2641.20000,-0.58143,2.78673,0.37535
2641.25000,-0.57258,2.79024,0.36825
2641.30000,-0.56331,2.79377,0.35860
2641.35000,-0.55403,2.79720,0.34795
2641.40000,-0.54463,2.80057,0.33700
2641.45000,-0.53535,2.80378,0.32470
2641.50000,-0.52582,2.80692,0.31171
2641.55000,-0.51645,2.80988,0.29818
2641.60000,-0.50705,2.81272,0.28420
2641.65000,-0.49770,2.81542,0.26890
2641.70000,-0.48824,2.81797,0.25342
2641.75000,-0.47865,2.82038,0.23767
2641.80000,-0.46917,2.82262,0.22064
2641.85000,-0.45950,2.82471,0.20347
2641.90000,-0.44970,2.82665,0.18632
2641.95000,-0.44002,2.82838,0.16843
2642.00000,-0.43034,2.82994,0.14981
2642.05000,-0.42074,2.83129,0.13056
2642.10000,-0.41092,2.83248,0.11143
2642.15000,-0.40124,2.83347,0.09157
2642.20000,-0.39154,2.83426,0.07104
2642.25000,-0.38183,2.83484,0.05037
2642.30000,-0.37234,2.83522,0.02877
2642.35000,-0.36289,2.83537,0.00674
2642.40000,-0.35344,2.83532,-0.01537
2642.45000,-0.34400,2.83505,-0.03754
2642.50000,-0.33458,2.83458,-0.06038
2642.55000,-0.32517,2.83388,-0.08287
2642.60000,-0.31578,2.83298,-0.10576
2642.65000,-0.30641,2.83186,-0.12802
2642.70000,-0.29707,2.83053,-0.15090
2642.75000,-0.28777,2.82899,-0.17403
2642.80000,-0.27853,2.82724,-0.19765
2642.85000,-0.26934,2.82527,-0.22181
2642.90000,-0.26020,2.82308,-0.24597
2642.95000,-0.25112,2.82066,-0.27006
2643.00000,-0.24212,2.81805,-0.29497
2643.05000,-0.23320,2.81521,-0.32072
2643.10000,-0.22436,2.81215,-0.34631
2643.15000,-0.21544,2.80884,-0.36367
2643.20000,-0.20634,2.80534,-0.36150
2643.25000,-0.20010,2.80332,-0.33608
2643.30000,-0.19872,2.80290,-0.28916
2643.35000,-0.19846,2.80284,-0.23796
2643.40000,-0.19838,2.80282,-0.18783
2643.45000,-0.19844,2.80295,-0.14844
2643.50000,-0.19817,2.80288,-0.12968
2643.55000,-0.19587,2.80253,-0.12284
2643.60000,-0.19191,2.80197,-0.12459
2643.65000,-0.18495,2.80093,-0.14194
2643.70000,-0.17584,2.79949,-0.17029
2643.75000,-0.16672,2.79778,-0.19950
2643.80000,-0.15765,2.79581,-0.22866
2643.85000,-0.14865,2.79357,-0.25747
2643.90000,-0.13974,2.79109,-0.28713
2643.95000,-0.13145,2.78863,-0.29990
2644.00000,-0.12357,2.78631,-0.28754
2644.05000,-0.11625,2.78433,-0.25755
2644.10000,-0.11265,2.78347,-0.20281
2644.15000,-0.11073,2.78313,-0.13582
2644.20000,-0.10960,2.78305,-0.07480
2644.25000,-0.10919,2.78310,-0.04107
2644.30000,-0.10854,2.78297,-0.02871
2644.35000,-0.10569,2.78277,-0.02864
2644.40000,-0.10004,2.78249,-0.04278
2644.45000,-0.09184,2.78199,-0.07060
2644.50000,-0.08268,2.78119,-0.10318
2644.55000,-0.07356,2.78009,-0.13555
2644.60000,-0.06449,2.77871,-0.16820
2644.65000,-0.05544,2.77702,-0.19995
2644.70000,-0.04649,2.77505,-0.23283
2644.75000,-0.03761,2.77297,-0.25152
2644.80000,-0.02863,2.77082,-0.25290
2644.85000,-0.01954,2.76853,-0.24112
2644.90000,-0.01282,2.76733,-0.22104
2644.95000,-0.00802,2.76705,-0.21915
2645.00000,-0.00347,2.76641,-0.24026
2645.05000,0.00155,2.76507,-0.27770
2645.10000,0.00776,2.76315,-0.32172
2645.15000,0.01485,2.76059,-0.37009
2645.20000,0.02245,2.75741,-0.42166
2645.25000,0.03026,2.75366,-0.47456
2645.30000,0.03787,2.74949,-0.52663
2645.35000,0.04526,2.74493,-0.57822
2645.40000,0.05243,2.73998,-0.62926
2645.45000,0.05934,2.73467,-0.67977
2645.50000,0.06600,2.72901,-0.72948
2645.55000,0.07239,2.72301,-0.77882
2645.60000,0.07849,2.71668,-0.82726
2645.65000,0.08429,2.71007,-0.87526
2645.70000,0.08863,2.70469,-0.92314
2645.75000,0.09036,2.70229,-0.97844
2645.80000,0.09085,2.70153,-1.04205
2645.85000,0.09091,2.70142,-1.10876
2645.90000,0.09096,2.70131,-1.17528
2645.95000,0.09100,2.70120,-1.24151
2646.00000,0.09104,2.70108,-1.30744
2646.05000,0.09106,2.70096,-1.37304
2646.10000,0.09108,2.70084,-1.43832
2646.15000,0.09110,2.70072,-1.50325
2646.20000,0.09110,2.70059,-1.56783
2646.25000,0.09110,2.70047,-1.63202
2646.30000,0.09108,2.70035,-1.69583
2646.35000,0.09107,2.70023,-1.75924
2646.40000,0.09104,2.70011,-1.82224
2646.45000,0.09100,2.69999,-1.88472
2646.50000,0.09096,2.69988,-1.94658
2646.55000,0.09091,2.69977,-2.00779
2646.60000,0.09086,2.69966,-2.06835
2646.65000,0.09080,2.69955,-2.12826
2646.70000,0.09073,2.69945,-2.18748
2646.75000,0.09066,2.69935,-2.24602
2646.80000,0.09058,2.69926,-2.30385
2646.85000,0.09049,2.69917,-2.36099
2646.90000,0.09040,2.69909,-2.41740
2646.95000,0.09031,2.69901,-2.47308
2647.00000,0.09021,2.69894,-2.52803
2647.05000,0.09011,2.69887,-2.58223
2647.10000,0.09000,2.69881,-2.63567
2647.15000,0.08990,2.69875,-2.68834
2647.20000,0.08978,2.69870,-2.74023
2647.25000,0.08967,2.69865,-2.79135
2647.30000,0.08956,2.69861,-2.84168
2647.35000,0.08944,2.69858,-2.89122
2647.40000,0.08932,2.69855,-2.93996
2647.45000,0.08920,2.69853,-2.98791
2647.50000,0.08908,2.69852,-3.03506
2647.55000,0.08895,2.69851,-3.08139
2647.60000,0.08883,2.69850,-3.12692
2647.65000,0.08871,2.69850,3.11155
2647.70000,0.08859,2.69851,3.06764
2647.75000,0.08847,2.69852,3.02456
2647.80000,0.08637,2.69902,2.98203
2647.85000,0.07937,2.70031,2.94303
2647.90000,0.07164,2.70189,2.90791
2647.95000,0.06369,2.70372,2.88930
2648.00000,0.05553,2.70581,2.88380
2648.05000,0.04637,2.70823,2.88830
2648.10000,0.03667,2.71070,2.89568
2648.15000,0.02687,2.71311,2.90399
2648.20000,0.01713,2.71542,2.91202
2648.25000,0.00731,2.71767,2.92068
2648.30000,-0.00253,2.71983,2.93003
2648.35000,-0.01244,2.72191,2.93980
2648.40000,-0.02230,2.72387,2.94988
2648.45000,-0.03213,2.72573,2.95998
2648.50000,-0.04204,2.72749,2.97089
2648.55000,-0.05191,2.72913,2.98203
2648.60000,-0.06178,2.73066,2.99356
2648.65000,-0.07134,2.73183,2.99498
2648.70000,-0.07865,2.73239,2.98293
2648.75000,-0.08223,2.73280,2.96381
2648.80000,-0.08340,2.73302,2.93503
2648.85000,-0.08521,2.73382,2.90213
2648.90000,-0.08965,2.73531,2.87663
2648.95000,-0.09414,2.73680,2.86231
2649.00000,-0.10211,2.73923,2.87043
2649.05000,-0.11173,2.74182,2.88600
2649.10000,-0.12128,2.74424,2.90161
2649.15000,-0.13091,2.74651,2.91716
2649.20000,-0.14045,2.74861,2.93370
2649.25000,-0.14958,2.75029,2.93904
2649.30000,-0.15774,2.75192,2.92073
2649.35000,-0.16574,2.75362,2.89562
2649.40000,-0.16734,2.75372,2.86785
2649.45000,-0.16903,2.75462,2.83802
2649.50000,-0.17663,2.75717,2.81148
2649.55000,-0.18516,2.76009,2.79511
2649.60000,-0.19321,2.76292,2.80512
2649.65000,-0.20247,2.76608,2.82362
2649.70000,-0.21185,2.76906,2.84364
2649.75000,-0.22098,2.77176,2.86361
2649.80000,-0.23002,2.77423,2.87165
2649.85000,-0.23911,2.77667,2.86087
2649.90000,-0.24787,2.77931,2.83479
2649.95000,-0.25669,2.78226,2.80671
2650.00000,-0.26545,2.78546,2.77912
2650.05000,-0.27413,2.78888,2.75195
2650.10000,-0.28272,2.79254,2.72521
2650.15000,-0.29125,2.79630,2.71187
2650.20000,-0.29936,2.79993,2.72276
2650.25000,-0.30814,2.80375,2.74340
2650.30000,-0.31688,2.80732,2.76552
2650.35000,-0.32583,2.81092,2.77921
2650.40000,-0.33422,2.81413,2.76793
2650.45000,-0.34285,2.81763,2.74487
2650.50000,-0.35150,2.82137,2.72163
2650.55000,-0.36007,2.82532,2.69893
2650.60000,-0.36855,2.82946,2.67680
2650.65000,-0.37696,2.83379,2.65527
2650.70000,-0.38530,2.83830,2.63437
2650.75000,-0.39363,2.84297,2.61878
2650.80000,-0.40211,2.84780,2.61262
2650.85000,-0.41090,2.85300,2.62045
2650.90000,-0.41983,2.85809,2.65053
2650.95000,-0.42878,2.86269,2.68590
2651.00000,-0.43783,2.86693,2.72055
2651.05000,-0.44733,2.87101,2.75787
2651.10000,-0.45719,2.87479,2.79519
2651.15000,-0.46684,2.87808,2.83138
2651.20000,-0.47641,2.88096,2.86661
2651.25000,-0.48629,2.88358,2.90345
2651.30000,-0.49608,2.88578,2.93882
2651.35000,-0.50587,2.88760,2.97623
2651.40000,-0.51576,2.88907,3.01173
2651.45000,-0.52569,2.89019,3.04606
2651.50000,-0.53423,2.89089,3.06475
2651.55000,-0.53936,2.89124,3.08098
2651.60000,-0.54414,2.89153,3.10992
2651.65000,-0.54930,2.89161,-3.13186
2651.70000,-0.55563,2.89138,-3.08181
2651.75000,-0.56285,2.89075,-3.02848
2651.80000,-0.57072,2.88964,-2.97304
2651.85000,-0.57895,2.88799,-2.91595
2651.90000,-0.58746,2.88578,-2.85803
2651.95000,-0.59610,2.88298,-2.79954
2652.00000,-0.60474,2.87961,-2.74062
2652.05000,-0.61335,2.87566,-2.68168
2652.10000,-0.62184,2.87113,-2.62271
2652.15000,-0.63020,2.86603,-2.56398
2652.20000,-0.63835,2.86037,-2.50550
2652.25000,-0.64619,2.85422,-2.44697
2652.30000,-0.65368,2.84760,-2.38903
2652.35000,-0.66078,2.84056,-2.33204
2652.40000,-0.66747,2.83313,-2.27556
2652.45000,-0.67374,2.82533,-2.21983
2652.50000,-0.67953,2.81756,-2.17728
2652.55000,-0.68476,2.81018,-2.16476
2652.60000,-0.68895,2.80403,-2.17768
2652.65000,-0.69122,2.80081,-2.20708
2652.70000,-0.69152,2.80042,-2.25131
2652.75000,-0.69173,2.80017,-2.29672
2652.80000,-0.69195,2.79994,-2.34218
2652.85000,-0.69226,2.79964,-2.37842
2652.90000,-0.69331,2.79869,-2.38767
2652.95000,-0.69546,2.79667,-2.36724
2653.00000,-0.69890,2.79319,-2.33404
2653.05000,-0.70341,2.78828,-2.29444
2653.10000,-0.70799,2.78303,-2.26438
2653.15000,-0.71119,2.77905,-2.24661
2653.20000,-0.71323,2.77633,-2.23034
2653.25000,-0.71441,2.77455,-2.24738
2653.30000,-0.71495,2.77391,-2.28872
2653.35000,-0.71532,2.77353,-2.32616
2653.40000,-0.71640,2.77251,-2.33759
2653.45000,-0.71843,2.77050,-2.32017
2653.50000,-0.72185,2.76673,-2.28738
2653.55000,-0.72620,2.76153,-2.24862
2653.60000,-0.73113,2.75513,-2.20522
2653.65000,-0.73598,2.74842,-2.17464
2653.70000,-0.74008,2.74239,-2.17077
2653.75000,-0.74318,2.73786,-2.19495
2653.80000,-0.74462,2.73592,-2.23485
2653.85000,-0.74499,2.73546,-2.28264
2653.90000,-0.74538,2.73504,-2.33073
2653.95000,-0.74578,2.73463,-2.37881
2654.00000,-0.74633,2.73414,-2.41643
2654.05000,-0.74762,2.73297,-2.42659
2654.10000,-0.75013,2.73075,-2.40636
2654.15000,-0.75407,2.72707,-2.37471
2654.20000,-0.75907,2.72206,-2.33682
2654.25000,-0.76476,2.71589,-2.29446
2654.30000,-0.77072,2.70882,-2.24868
2654.35000,-0.77675,2.70095,-2.20114
2654.40000,-0.78242,2.69304,-2.16920
2654.45000,-0.78729,2.68578,-2.16622
2654.50000,-0.79132,2.67978,-2.18529
2654.55000,-0.79394,2.67617,-2.22013
2654.60000,-0.79496,2.67488,-2.26682
2654.65000,-0.79555,2.67421,-2.31682
2654.70000,-0.79618,2.67356,-2.36683
2654.75000,-0.79685,2.67294,-2.41677
2654.80000,-0.79762,2.67228,-2.45619
2654.85000,-0.79920,2.67089,-2.46598
2654.90000,-0.80206,2.66849,-2.44695
2654.95000,-0.80638,2.66478,-2.41738
2655.00000,-0.81193,2.65969,-2.38136
2655.05000,-0.81818,2.65352,-2.34065
2655.10000,-0.82474,2.64645,-2.29674
2655.15000,-0.83120,2.63914,-2.25994
2655.20000,-0.83718,2.63224,-2.24772
2655.25000,-0.84249,2.62591,-2.26156
2655.30000,-0.84656,2.62111,-2.29066
2655.35000,-0.84883,2.61861,-2.33186
2655.40000,-0.84955,2.61789,-2.38251
2655.45000,-0.85014,2.61735,-2.43388
2655.50000,-0.85073,2.61688,-2.48510
2655.55000,-0.85144,2.61634,-2.52418
2655.60000,-0.85278,2.61538,-2.52453
2655.65000,-0.85597,2.61308,-2.50539
2655.70000,-0.86131,2.60901,-2.47615
2655.75000,-0.86775,2.60382,-2.44165
2655.80000,-0.87471,2.59773,-2.40325
2655.85000,-0.88194,2.59088,-2.36247
2655.90000,-0.88879,2.58402,-2.33338
2655.95000,-0.89565,2.57707,-2.32255
2656.00000,-0.90215,2.57039,-2.33119
2656.05000,-0.90717,2.56522,-2.35544
2656.10000,-0.91034,2.56214,-2.39135
2656.15000,-0.91147,2.56112,-2.43893
2656.20000,-0.91178,2.56087,-2.49095
2656.25000,-0.91208,2.56065,-2.54278
2656.30000,-0.91255,2.56032,-2.58123
2656.35000,-0.91388,2.55935,-2.58500
2656.40000,-0.91748,2.55706,-2.56924
2656.45000,-0.92343,2.55311,-2.54260
2656.50000,-0.93083,2.54788,-2.50859
2656.55000,-0.93858,2.54200,-2.47103
2656.60000,-0.94562,2.53619,-2.43035
2656.65000,-0.95242,2.53031,-2.39622
2656.70000,-0.95924,2.52435,-2.37996
2656.75000,-0.96558,2.51868,-2.39121
2656.80000,-0.96929,2.51533,-2.42445
2656.85000,-0.97093,2.51394,-2.46962
2656.90000,-0.97120,2.51373,-2.52203
2656.95000,-0.97145,2.51357,-2.57439
2657.00000,-0.97169,2.51342,-2.62646
2657.05000,-0.97204,2.51321,-2.66625
2657.10000,-0.97319,2.51240,-2.67551
2657.15000,-0.97701,2.51042,-2.66212
2657.20000,-0.98340,2.50699,-2.63711
2657.25000,-0.99143,2.50240,-2.60473
2657.30000,-0.99966,2.49733,-2.56728
2657.35000,-1.00715,2.49227,-2.52883
2657.40000,-1.01456,2.48703,-2.49757
2657.45000,-1.02205,2.48168,-2.48422
2657.50000,-1.02882,2.47669,-2.49862
2657.55000,-1.03260,2.47395,-2.53263
2657.60000,-1.03409,2.47295,-2.57856
2657.65000,-1.03431,2.47282,-2.63056
2657.70000,-1.03455,2.47269,-2.68238
2657.75000,-1.03479,2.47258,-2.73389
2657.80000,-1.03512,2.47242,-2.77427
2657.85000,-1.03613,2.47166,-2.79051
2657.90000,-1.03992,2.47003,-2.77990
2657.95000,-1.04644,2.46748,-2.75725
2658.00000,-1.05454,2.46407,-2.72783
2658.05000,-1.06355,2.45993,-2.69425
2658.10000,-1.07249,2.45546,-2.66085
2658.15000,-1.08128,2.45069,-2.62767
2658.20000,-1.08991,2.44583,-2.60234
2658.25000,-1.09858,2.44089,-2.59350
2658.30000,-1.10719,2.43598,-2.59202
2658.35000,-1.11571,2.43114,-2.59928
2658.40000,-1.12344,2.42659,-2.61520
2658.45000,-1.13007,2.42284,-2.63718
2658.50000,-1.13478,2.42032,-2.66850
2658.55000,-1.13690,2.41927,-2.71185
2658.60000,-1.13725,2.41912,-2.76302
2658.65000,-1.13757,2.41900,-2.81414
2658.70000,-1.13797,2.41885,-2.85442
2658.75000,-1.13940,2.41791,-2.86771
2658.80000,-1.14359,2.41640,-2.85971
2658.85000,-1.15077,2.41423,-2.83889
2658.90000,-1.15961,2.41133,-2.81098
2658.95000,-1.16902,2.40794,-2.78091
2659.00000,-1.17832,2.40427,-2.75114
2659.05000,-1.18747,2.40055,-2.72778
2659.10000,-1.19650,2.39693,-2.71353
2659.15000,-1.20541,2.39341,-2.70549
2659.20000,-1.21427,2.38992,-2.70073
2659.25000,-1.22305,2.38650,-2.70035
2659.30000,-1.23182,2.38307,-2.70833
2659.35000,-1.23938,2.37985,-2.72853
2659.40000,-1.24444,2.37772,-2.76035
2659.45000,-1.24695,2.37676,-2.80340
2659.50000,-1.24743,2.37660,-2.85502
2659.55000,-1.24778,2.37651,-2.90696
2659.60000,-1.24813,2.37643,-2.95845
2659.65000,-1.24870,2.37638,-2.99709
2659.70000,-1.25029,2.37587,-3.00961
2659.75000,-1.25430,2.37497,-3.00678
2659.80000,-1.26127,2.37379,-2.99168
2659.85000,-1.27057,2.37225,-2.96593
2659.90000,-1.27969,2.37050,-2.93651
2659.95000,-1.28874,2.36847,-2.90749
2660.00000,-1.29773,2.36619,-2.87865
2660.05000,-1.30679,2.36366,-2.85781
2660.10000,-1.31593,2.36102,-2.85258
2660.15000,-1.32512,2.35829,-2.85763
2660.20000,-1.33453,2.35550,-2.86959
2660.25000,-1.34364,2.35304,-2.88633
2660.30000,-1.35226,2.35088,-2.90626
2660.35000,-1.36044,2.34901,-2.92911
2660.40000,-1.36825,2.34742,-2.95431
2660.45000,-1.37566,2.34613,-2.98167
2660.50000,-1.38043,2.34562,-3.01547
2660.55000,-1.38152,2.34562,-3.06320
2660.60000,-1.38182,2.34561,-3.11397
2660.65000,-1.38221,2.34561,3.13368
2660.70000,-1.38409,2.34567,3.12238
2660.75000,-1.38952,2.34578,3.12862
2660.80000,-1.39820,2.34582,-3.13570
2660.85000,-1.40863,2.34563,-3.10990
2660.90000,-1.41927,2.34516,-3.08344
2660.95000,-1.42921,2.34448,-3.05773
2661.00000,-1.43853,2.34357,-3.03212
2661.05000,-1.44792,2.34246,-3.01382
2661.10000,-1.45730,2.34133,-3.01147
2661.15000,-1.46627,2.34037,-3.02296
2661.20000,-1.47209,2.33995,-3.04989
2661.25000,-1.47540,2.33970,-3.08736
2661.30000,-1.47653,2.33965,-3.13359
2661.35000,-1.47675,2.33966,3.09995
2661.40000,-1.47696,2.33967,3.05077
2661.45000,-1.47721,2.33974,3.00839
2661.50000,-1.47761,2.33997,2.97571
2661.55000,-1.47807,2.34029,2.95186
2661.60000,-1.47859,2.34069,2.93656
2661.65000,-1.47953,2.34122,2.92840
2661.70000,-1.48150,2.34195,2.92529
2661.75000,-1.48481,2.34298,2.92853
2661.80000,-1.49142,2.34475,2.94556
2661.85000,-1.50079,2.34662,2.97404
2661.90000,-1.51068,2.34814,3.00383
2661.95000,-1.52060,2.34937,3.03327
2662.00000,-1.53056,2.35030,3.06242
2662.05000,-1.54054,2.35095,3.09151
2662.10000,-1.55053,2.35131,3.12032
2662.15000,-1.55913,2.35142,3.13038
2662.20000,-1.56489,2.35152,3.11113
2662.25000,-1.56868,2.35168,3.08101
2662.30000,-1.57025,2.35180,3.04139
2662.35000,-1.57042,2.35182,2.99583
2662.40000,-1.57058,2.35186,2.95930
2662.45000,-1.57082,2.35206,2.94032
2662.50000,-1.57123,2.35230,2.93240
2662.55000,-1.57268,2.35263,2.93046
2662.60000,-1.57525,2.35320,2.93389
2662.65000,-1.57911,2.35401,2.94307
2662.70000,-1.58441,2.35506,2.95817
2662.75000,-1.59132,2.35635,2.97993
2662.80000,-1.60038,2.35781,3.01008
2662.85000,-1.61033,2.35896,3.04377
2662.90000,-1.62029,2.35977,3.07702
2662.95000,-1.62880,2.36023,3.09053
2663.00000,-1.63463,2.36057,3.07126
2663.05000,-1.63844,2.36090,3.03014
2663.10000,-1.64007,2.36112,2.97675
2663.15000,-1.64036,2.36117,2.91639
2663.20000,-1.64059,2.36125,2.86660
2663.25000,-1.64079,2.36133,2.83110
2663.30000,-1.64087,2.36132,2.80565
2663.35000,-1.64084,2.36122,2.78989
2663.40000,-1.64074,2.36109,2.78376
2663.45000,-1.64168,2.36145,2.78666
2663.50000,-1.64383,2.36225,2.79560
2663.55000,-1.64747,2.36355,2.81086
2663.60000,-1.65300,2.36539,2.83448
2663.65000,-1.66066,2.36771,2.86667
2663.70000,-1.67017,2.37022,2.90596
2663.75000,-1.67994,2.37237,2.94544
2663.80000,-1.68978,2.37412,2.98453
2663.85000,-1.69969,2.37549,3.02408
2663.90000,-1.70833,2.37637,3.04410
2663.95000,-1.71582,2.37660,3.04142
2664.00000,-1.72250,2.37651,3.01785
2664.05000,-1.72707,2.37660,2.97106
2664.10000,-1.72978,2.37703,2.91034
2664.15000,-1.73071,2.37728,2.84199
2664.20000,-1.73158,2.37758,2.77345
2664.25000,-1.73242,2.37792,2.71595
2664.30000,-1.73343,2.37848,2.67694
2664.35000,-1.73501,2.37969,2.66821
2664.40000,-1.73684,2.38117,2.67032
2664.45000,-1.74090,2.38350,2.68943
2664.50000,-1.74789,2.38680,2.72125
2664.55000,-1.75625,2.39040,2.76045
2664.60000,-1.76561,2.39396,2.80062
2664.65000,-1.77510,2.39712,2.84011
2664.70000,-1.78471,2.39990,2.87921
2664.75000,-1.79440,2.40230,2.91970
2664.80000,-1.80329,2.40408,2.96660
2664.85000,-1.81142,2.40530,3.02112
2664.90000,-1.82002,2.40609,3.07739
2664.95000,-1.82903,2.40641,3.13450
2665.00000,-1.83830,2.40621,-3.09089
2665.05000,-1.84774,2.40545,-3.03274
2665.10000,-1.85727,2.40413,-2.97434
2665.15000,-1.86684,2.40222,-2.91591
2665.20000,-1.87442,2.40027,-2.85376
2665.25000,-1.87912,2.39871,-2.78248
2665.30000,-1.88212,2.39747,-2.70422
2665.35000,-1.88458,2.39619,-2.62422
2665.40000,-1.88697,2.39470,-2.54475
2665.45000,-1.88924,2.39302,-2.46589
2665.50000,-1.89140,2.39115,-2.38766
2665.55000,-1.89341,2.38911,-2.31007
2665.60000,-1.89526,2.38692,-2.23315
2665.65000,-1.89694,2.38458,-2.15692
2665.70000,-1.89844,2.38213,-2.08141
2665.75000,-1.89975,2.37957,-2.00663
2665.80000,-1.90086,2.37692,-1.93261
2665.85000,-1.90178,2.37421,-1.85937
2665.90000,-1.90249,2.37144,-1.78695
2665.95000,-1.90300,2.36864,-1.71535
2666.00000,-1.90331,2.36584,-1.64457
2666.05000,-1.90342,2.36309,-1.57458
2666.10000,-1.90333,2.36045,-1.50533
2666.15000,-1.90308,2.35793,-1.43681
2666.20000,-1.90268,2.35556,-1.36900
2666.25000,-1.90215,2.35333,-1.30194
2666.30000,-1.90150,2.35124,-1.23561
2666.35000,-1.90075,2.34929,-1.17003
2666.40000,-1.89990,2.34746,-1.10525
2666.45000,-1.89897,2.34575,-1.04130
2666.50000,-1.89796,2.34414,-0.97819
2666.55000,-1.89688,2.34264,-0.91597
2666.60000,-1.89573,2.34123,-0.85467
2666.65000,-1.89451,2.33991,-0.79430
2666.70000,-1.89324,2.33869,-0.73485
2666.75000,-1.89193,2.33757,-0.67632
2666.80000,-1.89059,2.33656,-0.61869
2666.85000,-1.88924,2.33565,-0.56193
2666.90000,-1.88790,2.33486,-0.50597
2666.95000,-1.88660,2.33419,-0.45076
2667.00000,-1.88534,2.33362,-0.39627
2667.05000,-1.88413,2.33315,-0.34248
2667.10000,-1.88297,2.33277,-0.28938
2667.15000,-1.88185,2.33247,-0.23697
2667.20000,-1.88078,2.33224,-0.18526
2667.25000,-1.87974,2.33207,-0.13431
2667.30000,-1.87690,2.33171,-0.08453
2667.35000,-1.86992,2.33129,-0.03879
2667.40000,-1.86229,2.33111,-0.01497
2667.45000,-1.85287,2.33101,-0.00710
2667.50000,-1.84277,2.33096,-0.00238
2667.55000,-1.83267,2.33096,0.00180
2667.60000,-1.82260,2.33099,0.00529
2667.65000,-1.81257,2.33106,0.00807
2667.70000,-1.80253,2.33115,0.01033
2667.75000,-1.79252,2.33126,0.01167
2667.80000,-1.78252,2.33138,0.01242
2667.85000,-1.77252,2.33151,0.01246
2667.90000,-1.76252,2.33163,0.01179
2667.95000,-1.75252,2.33174,0.01020
2668.00000,-1.74247,2.33183,0.01503
2668.05000,-1.73230,2.33198,0.03814
2668.10000,-1.72374,2.33230,0.08067
2668.15000,-1.71790,2.33276,0.13808
2668.20000,-1.71395,2.33312,0.19423
2668.25000,-1.71031,2.33367,0.23052
2668.30000,-1.70453,2.33530,0.24404
2668.35000,-1.69518,2.33761,0.23827
2668.40000,-1.68558,2.33991,0.23127
2668.45000,-1.67599,2.34214,0.22447
2668.50000,-1.66634,2.34431,0.21712
2668.55000,-1.65672,2.34640,0.20933
2668.60000,-1.64709,2.34841,0.20100
2668.65000,-1.63742,2.35034,0.19213
2668.70000,-1.62776,2.35218,0.18290
2668.75000,-1.61807,2.35395,0.17330
2668.80000,-1.60838,2.35560,0.16297
2668.85000,-1.59877,2.35714,0.15204
2668.90000,-1.58917,2.35856,0.14869
2668.95000,-1.57983,2.35987,0.16797
2669.00000,-1.57334,2.36093,0.20932
2669.05000,-1.56867,2.36205,0.26571
2669.10000,-1.56587,2.36290,0.33568
2669.15000,-1.56396,2.36356,0.40038
2669.20000,-1.56217,2.36421,0.44170
2669.25000,-1.56022,2.36523,0.46223
2669.30000,-1.55543,2.36776,0.46736
2669.35000,-1.54741,2.37189,0.45544
2669.40000,-1.53861,2.37612,0.43977
2669.45000,-1.52980,2.38019,0.42406
2669.50000,-1.52079,2.38418,0.40888
2669.55000,-1.51188,2.38797,0.39263
2669.60000,-1.50286,2.39163,0.37633
2669.65000,-1.49379,2.39514,0.35963
2669.70000,-1.48461,2.39850,0.34329
2669.75000,-1.47530,2.40174,0.32723
2669.80000,-1.46580,2.40488,0.31124
2669.85000,-1.45636,2.40782,0.29381
2669.90000,-1.44722,2.41054,0.28681
2669.95000,-1.43949,2.41284,0.30592
2670.00000,-1.43362,2.41481,0.34580
2670.05000,-1.42923,2.41652,0.40102
2670.10000,-1.42689,2.41759,0.47010
2670.15000,-1.42527,2.41842,0.53056
2670.20000,-1.42370,2.41925,0.57066
2670.25000,-1.42187,2.42039,0.59123
2670.30000,-1.41828,2.42289,0.59413
2670.35000,-1.41140,2.42754,0.57770
2670.40000,-1.40338,2.43264,0.55541
2670.45000,-1.39528,2.43752,0.53338
2670.50000,-1.38709,2.44224,0.51168
2670.55000,-1.37880,2.44678,0.48991
2670.60000,-1.37040,2.45114,0.46809
2670.65000,-1.36192,2.45531,0.44630
2670.70000,-1.35336,2.45929,0.42374
2670.75000,-1.34473,2.46306,0.40069
2670.80000,-1.33583,2.46690,0.38681
2670.85000,-1.32645,2.47092,0.39197
2670.90000,-1.31746,2.47474,0.41551
2670.95000,-1.31058,2.47791,0.45155
2671.00000,-1.30644,2.48002,0.49907
2671.05000,-1.30503,2.48083,0.55812
2671.10000,-1.30440,2.48124,0.60948
2671.15000,-1.30401,2.48150,0.64088
2671.20000,-1.30141,2.48350,0.64843
2671.25000,-1.29691,2.48690,0.64304
2671.30000,-1.29137,2.49102,0.63143
2671.35000,-1.28471,2.49581,0.61295
2671.40000,-1.27702,2.50109,0.58907
2671.45000,-1.26915,2.50621,0.56476
2671.50000,-1.26116,2.51113,0.54003
2671.55000,-1.25306,2.51585,0.51520
2671.60000,-1.24484,2.52037,0.48987
2671.65000,-1.23697,2.52447,0.48061
2671.70000,-1.22985,2.52820,0.49783
2671.75000,-1.22542,2.53065,0.53417
2671.80000,-1.22378,2.53165,0.58160
2671.85000,-1.22345,2.53189,0.63487
2671.90000,-1.22317,2.53211,0.67788
2671.95000,-1.22305,2.53223,0.70200
2672.00000,-1.22113,2.53390,0.70847
2672.05000,-1.21749,2.53701,0.70340
2672.10000,-1.21289,2.54087,0.69198
2672.15000,-1.20719,2.54552,0.67356
2672.20000,-1.20014,2.55100,0.64670
2672.25000,-1.19265,2.55649,0.61788
2672.30000,-1.18502,2.56175,0.58890
2672.35000,-1.17723,2.56679,0.55979
2672.40000,-1.16953,2.57150,0.54585
2672.45000,-1.16213,2.57602,0.55654
2672.50000,-1.15634,2.57968,0.58380
2672.55000,-1.15434,2.58094,0.62487
2672.60000,-1.15399,2.58121,0.67255
2672.65000,-1.15366,2.58149,0.71994
2672.70000,-1.15334,2.58179,0.75610
2672.75000,-1.15309,2.58208,0.77656
2672.80000,-1.15209,2.58312,0.78446
2672.85000,-1.14920,2.58599,0.78031
2672.90000,-1.14505,2.59007,0.76875
2672.95000,-1.13940,2.59544,0.74862
2673.00000,-1.13277,2.60152,0.71908
2673.05000,-1.12574,2.60748,0.68727
2673.10000,-1.11815,2.61351,0.65732
2673.15000,-1.11027,2.61940,0.62785
2673.20000,-1.10280,2.62470,0.61282
2673.25000,-1.09707,2.62876,0.62587
2673.30000,-1.09358,2.63134,0.65207
2673.35000,-1.09240,2.63226,0.68987
2673.40000,-1.09208,2.63254,0.73187
2673.45000,-1.09178,2.63282,0.77352
2673.50000,-1.09149,2.63313,0.80439
2673.55000,-1.09075,2.63395,0.81527
2673.60000,-1.08845,2.63640,0.81146
2673.65000,-1.08353,2.64149,0.78913
2673.70000,-1.07735,2.64752,0.75812
2673.75000,-1.07035,2.65391,0.72580
2673.80000,-1.06309,2.66014,0.69402
2673.85000,-1.05586,2.66606,0.67571
2673.90000,-1.04921,2.67139,0.67923
2673.95000,-1.04482,2.67498,0.69597
2674.00000,-1.04347,2.67612,0.72837
2674.05000,-1.04325,2.67633,0.76674
2674.10000,-1.04303,2.67655,0.80496
2674.15000,-1.04283,2.67677,0.84287
2674.20000,-1.04258,2.67708,0.86841
2674.25000,-1.04165,2.67821,0.87342
2674.30000,-1.03817,2.68232,0.85957
2674.35000,-1.03324,2.68789,0.83405
2674.40000,-1.02722,2.69432,0.80185
2674.45000,-1.02072,2.70079,0.76797
2674.50000,-1.01402,2.70703,0.73411
2674.55000,-1.00769,2.71264,0.71825
2674.60000,-1.00267,2.71705,0.72727
2674.65000,-1.00022,2.71926,0.75295
2674.70000,-0.99951,2.71993,0.79159
2674.75000,-0.99925,2.72020,0.82772
2674.80000,-0.99910,2.72036,0.86307
2674.85000,-0.99865,2.72093,0.88704
2674.90000,-0.99715,2.72279,0.88694
2674.95000,-0.99349,2.72720,0.87019
2675.00000,-0.98859,2.73285,0.84347
2675.05000,-0.98262,2.73933,0.81033
2675.10000,-0.97620,2.74583,0.77542
2675.15000,-0.96973,2.75210,0.75487
2675.20000,-0.96357,2.75790,0.75399
2675.25000,-0.95956,2.76171,0.76681
2675.30000,-0.95846,2.76280,0.79504
2675.35000,-0.95812,2.76311,0.82997
2675.40000,-0.95777,2.76345,0.86489
2675.45000,-0.95715,2.76419,0.90158
2675.50000,-0.95676,2.76469,0.93654
2675.55000,-0.95658,2.76499,0.95508
2675.60000,-0.95550,2.76650,0.95530
2675.65000,-0.95234,2.77089,0.93907
2675.70000,-0.94785,2.77686,0.91189
2675.75000,-0.94235,2.78371,0.87816
2675.80000,-0.93640,2.79064,0.84334
2675.85000,-0.93019,2.79757,0.81952
2675.90000,-0.92464,2.80351,0.81868
2675.95000,-0.92244,2.80591,0.82080
2676.00000,-0.92089,2.80763,0.79996
2676.05000,-0.91807,2.81041,0.76434
2676.10000,-0.91322,2.81487,0.72483
2676.15000,-0.90723,2.81995,0.68058
2676.20000,-0.90040,2.82521,0.63254
2676.25000,-0.89277,2.83051,0.58231
2676.30000,-0.88464,2.83556,0.52982
2676.35000,-0.87589,2.84038,0.47733
2676.40000,-0.86694,2.84471,0.42556
2676.45000,-0.85849,2.84823,0.37017
2676.50000,-0.84915,2.85158,0.32118
2676.55000,-0.84062,2.85412,0.28794
2676.60000,-0.83264,2.85639,0.28424
2676.65000,-0.82670,2.85810,0.29531
2676.70000,-0.82542,2.85847,0.32670
2676.75000,-0.82527,2.85852,0.36245
2676.80000,-0.82512,2.85858,0.39824
2676.85000,-0.82497,2.85864,0.43398
2676.90000,-0.82490,2.85866,0.46098
2676.95000,-0.82529,2.85828,0.46737
2677.00000,-0.82596,2.85767,0.46191
2677.05000,-0.82643,2.85741,0.44833
2677.10000,-0.82561,2.85781,0.42634
2677.15000,-0.82292,2.85899,0.39656
2677.20000,-0.81770,2.86131,0.35350
2677.25000,-0.80967,2.86406,0.30621
2677.30000,-0.80065,2.86667,0.25722
2677.35000,-0.79178,2.86872,0.20390
2677.40000,-0.78364,2.87017,0.16425
2677.45000,-0.77753,2.87106,0.13804
2677.50000,-0.77252,2.87161,0.11450
2677.55000,-0.76695,2.87218,0.11558
2677.60000,-0.76202,2.87272,0.13244
2677.65000,-0.75952,2.87308,0.15896
2677.70000,-0.75859,2.87310,0.18503
2677.75000,-0.75797,2.87308,0.20555
2677.80000,-0.75765,2.87314,0.22619
2677.85000,-0.75782,2.87275,0.22477
2677.90000,-0.75824,2.87214,0.21217
2677.95000,-0.75868,2.87200,0.19045
2678.00000,-0.75783,2.87216,0.15901
2678.05000,-0.75306,2.87307,0.12047
2678.10000,-0.74607,2.87386,0.08672
2678.15000,-0.73848,2.87450,0.07594
2678.20000,-0.73149,2.87490,0.08239
2678.25000,-0.72895,2.87505,0.08893
2678.30000,-0.72778,2.87515,0.09653
2678.35000,-0.72681,2.87526,0.12983
2678.40000,-0.72634,2.87525,0.15318
2678.45000,-0.72662,2.87492,0.14922
2678.50000,-0.72672,2.87504,0.11697
2678.55000,-0.72357,2.87536,0.07502
2678.60000,-0.71838,2.87562,0.02738
2678.65000,-0.71202,2.87563,-0.02459
2678.70000,-0.70487,2.87525,-0.07970
2678.75000,-0.69702,2.87440,-0.13639
2678.80000,-0.68882,2.87303,-0.19447
2678.85000,-0.68061,2.87149,-0.24448
2678.90000,-0.67220,2.86969,-0.27205
2678.95000,-0.66368,2.86754,-0.27555
2679.00000,-0.65632,2.86558,-0.26966
2679.05000,-0.65081,2.86423,-0.25310
2679.10000,-0.64707,2.86346,-0.22911
2679.15000,-0.64440,2.86293,-0.20150
2679.20000,-0.64243,2.86259,-0.17073
2679.25000,-0.64096,2.86238,-0.13725
2679.30000,-0.64017,2.86227,-0.09789
2679.35000,-0.63947,2.86225,-0.07127
2679.40000,-0.63911,2.86238,-0.06074
2679.45000,-0.63876,2.86254,-0.05894
2679.50000,-0.63841,2.86265,-0.06791
2679.55000,-0.63739,2.86242,-0.09517
2679.60000,-0.63324,2.86183,-0.14159
2679.65000,-0.62696,2.86078,-0.19254
2679.70000,-0.62059,2.85934,-0.24901
2679.75000,-0.61255,2.85705,-0.30337
2679.80000,-0.60391,2.85409,-0.35794
2679.85000,-0.59544,2.85094,-0.40571
2679.90000,-0.58676,2.84752,-0.43240
2679.95000,-0.57787,2.84373,-0.43653
2680.00000,-0.57113,2.84072,-0.42481
2680.05000,-0.56847,2.83972,-0.39097
2680.10000,-0.56792,2.83952,-0.35141
2680.15000,-0.56687,2.83917,-0.30936
2680.20000,-0.56568,2.83882,-0.26664
2680.25000,-0.56507,2.83880,-0.24057
2680.30000,-0.56498,2.83909,-0.24031
2680.35000,-0.56435,2.83895,-0.25810
2680.40000,-0.56097,2.83794,-0.29198
2680.45000,-0.55576,2.83625,-0.33568
2680.50000,-0.54994,2.83417,-0.37518
2680.55000,-0.54375,2.83166,-0.38959
2680.60000,-0.53746,2.82901,-0.38900
2680.65000,-0.53282,2.82731,-0.36601
2680.70000,-0.53153,2.82685,-0.32403
2680.75000,-0.53038,2.82647,-0.28160
2680.80000,-0.52914,2.82616,-0.23880
2680.85000,-0.52840,2.82604,-0.21197
2680.90000,-0.52788,2.82598,-0.19372
2680.95000,-0.52674,2.82579,-0.15508
2681.00000,-0.52600,2.82582,-0.12619
2681.05000,-0.52569,2.82606,-0.12145
2681.10000,-0.52500,2.82592,-0.13592
2681.15000,-0.52136,2.82524,-0.16859
2681.20000,-0.51579,2.82417,-0.21129
2681.25000,-0.50903,2.82254,-0.25877
2681.30000,-0.50155,2.82036,-0.30992
2681.35000,-0.49360,2.81757,-0.36340
2681.40000,-0.48556,2.81453,-0.41105
2681.45000,-0.47729,2.81120,-0.43838
2681.50000,-0.46866,2.80734,-0.43746
2681.55000,-0.46048,2.80355,-0.42820
2681.60000,-0.45290,2.80015,-0.41414
2681.65000,-0.44585,2.79713,-0.39586
2681.70000,-0.43928,2.79448,-0.37404
2681.75000,-0.43451,2.79284,-0.34514
2681.80000,-0.43273,2.79227,-0.30546
2681.85000,-0.43228,2.79214,-0.26040
2681.90000,-0.43183,2.79203,-0.21538
2681.95000,-0.43136,2.79194,-0.17050
2682.00000,-0.43094,2.79188,-0.13793
2682.05000,-0.43068,2.79186,-0.13190
2682.10000,-0.42943,2.79153,-0.14319
2682.15000,-0.42530,2.79075,-0.16703
2682.20000,-0.41849,2.78946,-0.20295
2682.25000,-0.41062,2.78768,-0.24464
2682.30000,-0.40228,2.78539,-0.29097
2682.35000,-0.39379,2.78272,-0.32274
2682.40000,-0.38515,2.77977,-0.33396
2682.45000,-0.37648,2.77676,-0.32956
2682.50000,-0.36930,2.77449,-0.30893
2682.55000,-0.36697,2.77402,-0.26462
2682.60000,-0.36606,2.77379,-0.21684
2682.65000,-0.36548,2.77368,-0.17059
2682.70000,-0.36491,2.77359,-0.12452
2682.75000,-0.36428,2.77350,-0.08890
2682.80000,-0.36393,2.77348,-0.07713
2682.85000,-0.36288,2.77324,-0.08339
2682.90000,-0.35934,2.77277,-0.10266
2682.95000,-0.35278,2.77191,-0.13586
2683.00000,-0.34497,2.77067,-0.17681
2683.05000,-0.33633,2.76891,-0.22115
2683.10000,-0.32754,2.76671,-0.26544
2683.15000,-0.31904,2.76433,-0.29644
2683.20000,-0.31063,2.76199,-0.31662
2683.25000,-0.30208,2.75946,-0.32098
2683.30000,-0.29348,2.75687,-0.31790
2683.35000,-0.28510,2.75426,-0.30404
2683.40000,-0.27821,2.75217,-0.28217
2683.45000,-0.27374,2.75095,-0.24971
2683.50000,-0.27183,2.75049,-0.20643
2683.55000,-0.27110,2.75035,-0.15824
2683.60000,-0.27035,2.75025,-0.11020
2683.65000,-0.26961,2.75019,-0.06243
2683.70000,-0.26886,2.75016,-0.01489
2683.75000,-0.26810,2.75018,0.02561
2683.80000,-0.26736,2.75025,0.04755
2683.85000,-0.26659,2.75046,0.05905
2683.90000,-0.26567,2.75084,0.06319
2683.95000,-0.26429,2.75137,0.05948
2684.00000,-0.26139,2.75198,0.04677
2684.05000,-0.25679,2.75256,0.02753
2684.10000,-0.25042,2.75276,0.00128
2684.15000,-0.24174,2.75260,-0.03450
2684.20000,-0.23177,2.75206,-0.07407
2684.25000,-0.22181,2.75112,-0.11297
2684.30000,-0.21192,2.74980,-0.15368
2684.35000,-0.20213,2.74809,-0.19355
2684.40000,-0.19240,2.74599,-0.23356
2684.45000,-0.18311,2.74385,-0.26705
2684.50000,-0.17397,2.74184,-0.29196
2684.55000,-0.16483,2.73982,-0.31349
2684.60000,-0.15560,2.73770,-0.32947
2684.65000,-0.14636,2.73556,-0.34308
2684.70000,-0.13698,2.73325,-0.34785
2684.75000,-0.12754,2.73077,-0.33867
2684.80000,-0.11907,2.72834,-0.32259
2684.85000,-0.11256,2.72628,-0.29757
2684.90000,-0.10857,2.72512,-0.26161
2684.95000,-0.10702,2.72474,-0.21533
2685.00000,-0.10612,2.72456,-0.16644
2685.05000,-0.10521,2.72443,-0.11778
2685.10000,-0.10429,2.72434,-0.06943
2685.15000,-0.10337,2.72430,-0.02137
2685.20000,-0.10245,2.72431,0.02636
2685.25000,-0.10157,2.72431,0.06750
2685.30000,-0.10108,2.72437,0.08909
2685.35000,-0.09871,2.72472,0.08711
2685.40000,-0.09304,2.72523,0.06725
2685.45000,-0.08505,2.72564,0.03570
2685.50000,-0.07602,2.72580,-0.00024
2685.55000,-0.06694,2.72563,-0.03712
2685.60000,-0.05785,2.72513,-0.07261
2685.65000,-0.04884,2.72430,-0.10966
2685.70000,-0.03979,2.72315,-0.13736
2685.75000,-0.03043,2.72171,-0.14793
2685.80000,-0.02160,2.72059,-0.13310
2685.85000,-0.01526,2.71991,-0.10363
2685.90000,-0.01095,2.71979,-0.07539
2685.95000,-0.00784,2.72007,-0.06299
2686.00000,-0.00528,2.72016,-0.07109
2686.05000,-0.00292,2.71992,-0.10251
2686.10000,0.00153,2.71934,-0.14857
2686.15000,0.00722,2.71833,-0.20060
2686.20000,0.01370,2.71682,-0.25615
2686.25000,0.02066,2.71478,-0.31418
2686.30000,0.02791,2.71218,-0.37388
2686.35000,0.03532,2.70901,-0.43460
2686.40000,0.04279,2.70526,-0.49586
2686.45000,0.05009,2.70102,-0.55652
2686.50000,0.05719,2.69662,-0.60564
2686.55000,0.06339,2.69279,-0.64304
2686.60000,0.06689,2.69014,-0.67669
2686.65000,0.07090,2.68689,-0.68074
2686.70000,0.07513,2.68348,-0.65811
2686.75000,0.07736,2.68189,-0.61686
2686.80000,0.07799,2.68153,-0.58596
2686.85000,0.07868,2.68108,-0.56433
2686.90000,0.07926,2.68077,-0.54663
2686.95000,0.07971,2.68056,-0.53654
2687.00000,0.08001,2.68045,-0.52837
2687.05000,0.08076,2.68002,-0.54542
2687.10000,0.08353,2.67827,-0.57730
2687.15000,0.08776,2.67539,-0.61761
2687.20000,0.09293,2.67154,-0.66394
2687.25000,0.09840,2.66725,-0.70563
2687.30000,0.10436,2.66239,-0.71871
2687.35000,0.10800,2.65926,-0.72212
2687.40000,0.11016,2.65736,-0.72330
2687.45000,0.11166,2.65607,-0.72179
2687.50000,0.11279,2.65508,-0.72197
2687.55000,0.11353,2.65450,-0.71875
2687.60000,0.11415,2.65398,-0.71817
2687.65000,0.11490,2.65331,-0.69134
2687.70000,0.11518,2.65319,-0.66706
2687.75000,0.11561,2.65287,-0.67613
2687.80000,0.11801,2.65088,-0.70192
2687.85000,0.12152,2.64787,-0.71973
2687.90000,0.12468,2.64519,-0.70408
2687.95000,0.12653,2.64367,-0.66300
2688.00000,0.12737,2.64307,-0.63183
2688.05000,0.12793,2.64269,-0.63675
2688.10000,0.13022,2.64094,-0.66066
2688.15000,0.13408,2.63782,-0.69485
2688.20000,0.13898,2.63356,-0.73595
2688.25000,0.14448,2.62834,-0.78198
2688.30000,0.15020,2.62264,-0.82097
2688.35000,0.15398,2.61855,-0.84572
2688.40000,0.15678,2.61536,-0.86633
2688.45000,0.15978,2.61190,-0.86811
2688.50000,0.16293,2.60823,-0.85150
2688.55000,0.16536,2.60552,-0.80424
2688.60000,0.16573,2.60515,-0.74877
2688.65000,0.16599,2.60491,-0.69231
2688.70000,0.16627,2.60472,-0.64710
2688.75000,0.16675,2.60439,-0.61680
2688.80000,0.16679,2.60448,-0.59396
2688.85000,0.16675,2.60457,-0.59614
2688.90000,0.16882,2.60312,-0.61420
2688.95000,0.17322,2.59991,-0.64639
2689.00000,0.17867,2.59563,-0.68581
2689.05000,0.18476,2.59040,-0.73008
2689.10000,0.19112,2.58443,-0.77740
2689.15000,0.19727,2.57809,-0.82413
2689.20000,0.20327,2.57159,-0.86248
2689.25000,0.20951,2.56461,-0.87105
2689.30000,0.21501,2.55816,-0.85419
2689.35000,0.21904,2.55368,-0.81951
2689.40000,0.22130,2.55135,-0.77304
2689.45000,0.22177,2.55090,-0.71584
2689.50000,0.22200,2.55072,-0.65680
2689.55000,0.22223,2.55055,-0.59742
2689.60000,0.22249,2.55040,-0.55028
2689.65000,0.22253,2.55050,-0.53550
2689.70000,0.22448,2.54928,-0.54613
2689.75000,0.22885,2.54653,-0.57275
2689.80000,0.23450,2.54274,-0.60751
2689.85000,0.24115,2.53792,-0.64712
2689.90000,0.24857,2.53205,-0.68826
2689.95000,0.25617,2.52554,-0.72748
2690.00000,0.26353,2.51898,-0.75830
2690.05000,0.27045,2.51248,-0.75948
2690.10000,0.27701,2.50624,-0.74605
2690.15000,0.28286,2.50083,-0.71909
2690.20000,0.28623,2.49798,-0.67565
2690.25000,0.28730,2.49716,-0.61963
2690.30000,0.28751,2.49702,-0.55895
2690.35000,0.28776,2.49688,-0.51058
2690.40000,0.28833,2.49654,-0.49608
2690.45000,0.29101,2.49503,-0.50708
2690.50000,0.29581,2.49227,-0.53224
2690.55000,0.30205,2.48845,-0.56499
2690.60000,0.30945,2.48356,-0.60210
2690.65000,0.31740,2.47786,-0.63977
2690.70000,0.32531,2.47174,-0.67641
2690.75000,0.33298,2.46560,-0.70577
2690.80000,0.34033,2.45951,-0.70647
2690.85000,0.34711,2.45376,-0.69096
2690.90000,0.35346,2.44858,-0.66131
2690.95000,0.35788,2.44526,-0.61911
2691.00000,0.35993,2.44387,-0.56442
2691.05000,0.36049,2.44361,-0.51472
2691.10000,0.36081,2.44367,-0.49782
2691.15000,0.36147,2.44340,-0.50427
2691.20000,0.36399,2.44192,-0.53242
2691.25000,0.36893,2.43886,-0.56926
2691.30000,0.37453,2.43509,-0.61337
2691.35000,0.38053,2.43064,-0.66279
2691.40000,0.38692,2.42538,-0.71478
2691.45000,0.39338,2.41946,-0.76894
2691.50000,0.39976,2.41294,-0.82446
2691.55000,0.40596,2.40584,-0.88081
2691.60000,0.41187,2.39825,-0.93784
2691.65000,0.41740,2.39023,-0.99535
2691.70000,0.42260,2.38170,-1.05239
2691.75000,0.42725,2.37296,-1.11007
2691.80000,0.43144,2.36389,-1.16597
2691.85000,0.43511,2.35461,-1.22218
2691.90000,0.43826,2.34512,-1.27814
2691.95000,0.44053,2.33656,-1.31579
2692.00000,0.44199,2.33053,-1.34192
2692.05000,0.44296,2.32604,-1.36423
2692.10000,0.44418,2.32118,-1.36550
2692.15000,0.44539,2.31629,-1.35185
2692.20000,0.44586,2.31436,-1.30038
2692.25000,0.44599,2.31393,-1.23934
2692.30000,0.44610,2.31370,-1.18893
2692.35000,0.44621,2.31349,-1.15159
2692.40000,0.44629,2.31336,-1.11995
2692.45000,0.44625,2.31339,-1.10220
2692.50000,0.44614,2.31350,-1.08855
2692.55000,0.44597,2.31368,-1.07651
2692.60000,0.44572,2.31394,-1.06560
2692.65000,0.44539,2.31428,-1.05628
2692.70000,0.44501,2.31469,-1.05274
2692.75000,0.44494,2.31483,-1.06865
2692.80000,0.44606,2.31273,-1.09705
2692.85000,0.44813,2.30852,-1.13487
2692.90000,0.45100,2.30198,-1.18226
2692.95000,0.45397,2.29414,-1.23444
2693.00000,0.45673,2.28551,-1.28786
2693.05000,0.45912,2.27636,-1.34242
2693.10000,0.46102,2.26698,-1.39843
2693.15000,0.46245,2.25717,-1.45443
2693.20000,0.46324,2.24767,-1.49735
2693.25000,0.46382,2.23796,-1.51542
2693.30000,0.46423,2.22794,-1.51180
2693.35000,0.46460,2.21964,-1.49082
2693.40000,0.46489,2.21534,-1.45271
2693.45000,0.46511,2.21378,-1.40502
2693.50000,0.46518,2.21342,-1.35243
2693.55000,0.46526,2.21307,-1.29973
2693.60000,0.46537,2.21272,-1.24701
2693.65000,0.46552,2.21236,-1.20280
2693.70000,0.46573,2.21199,-1.17488
2693.75000,0.46584,2.21178,-1.17461
2693.80000,0.46663,2.21037,-1.19704
2693.85000,0.46850,2.20546,-1.23399
2693.90000,0.47076,2.19855,-1.27577
2693.95000,0.47302,2.19046,-1.32132
2694.00000,0.47482,2.18235,-1.35473
2694.05000,0.47591,2.17645,-1.37594
2694.10000,0.47672,2.17199,-1.39593
2694.15000,0.47788,2.16695,-1.39527
2694.20000,0.47871,2.16200,-1.36750
2694.25000,0.47907,2.15978,-1.31969
2694.30000,0.47927,2.15903,-1.26684
2694.35000,0.47941,2.15863,-1.21547
2694.40000,0.47957,2.15824,-1.17235
2694.45000,0.47957,2.15808,-1.15365
2694.50000,0.47952,2.15806,-1.15898
2694.55000,0.48079,2.15524,-1.18680
2694.60000,0.48272,2.15017,-1.22642
2694.65000,0.48483,2.14384,-1.27193
2694.70000,0.48690,2.13648,-1.32140
2694.75000,0.48874,2.12837,-1.37371
2694.80000,0.49022,2.11974,-1.42666
2694.85000,0.49124,2.11097,-1.46265
2694.90000,0.49210,2.10181,-1.47227
2694.95000,0.49313,2.09241,-1.46948
2695.00000,0.49408,2.08319,-1.44739
2695.05000,0.49458,2.07743,-1.40415
2695.10000,0.49474,2.07610,-1.34452
2695.15000,0.49481,2.07584,-1.28521
2695.20000,0.49489,2.07559,-1.22518
2695.25000,0.49498,2.07536,-1.16433
2695.30000,0.49506,2.07518,-1.11590
2695.35000,0.49492,2.07530,-1.09574
2695.40000,0.49512,2.07495,-1.10051
2695.45000,0.49691,2.07151,-1.12577
2695.50000,0.49940,2.06605,-1.16172
2695.55000,0.50217,2.05925,-1.20365
2695.60000,0.50498,2.05143,-1.24990
2695.65000,0.50755,2.04301,-1.29756
2695.70000,0.50973,2.03448,-1.34544
2695.75000,0.51145,2.02584,-1.37704
2695.80000,0.51310,2.01713,-1.38186
2695.85000,0.51479,2.00829,-1.36576
2695.90000,0.51634,2.00096,-1.32629
2695.95000,0.51698,1.99722,-1.26815
2696.00000,0.51712,1.99678,-1.20413
2696.05000,0.51721,1.99658,-1.13962
2696.10000,0.51732,1.99639,-1.08598
2696.15000,0.51721,1.99649,-1.05717
2696.20000,0.51734,1.99629,-1.05757
2696.25000,0.51945,1.99267,-1.07963
2696.30000,0.52232,1.98709,-1.11307
2696.35000,0.52552,1.98024,-1.15314
2696.40000,0.52887,1.97223,-1.19701
2696.45000,0.53192,1.96390,-1.24186
2696.50000,0.53460,1.95543,-1.28643
2696.55000,0.53702,1.94668,-1.31656
2696.60000,0.53944,1.93747,-1.32286
2696.65000,0.54227,1.92776,-1.31704
2696.70000,0.54462,1.91877,-1.28924
2696.75000,0.54649,1.91270,-1.25115
2696.80000,0.54767,1.90935,-1.20192
2696.85000,0.54798,1.90861,-1.14183
2696.90000,0.54810,1.90837,-1.07967
2696.95000,0.54825,1.90814,-1.02902
2697.00000,0.54851,1.90785,-0.99402
2697.05000,0.54890,1.90745,-0.96852
2697.10000,0.54940,1.90697,-0.95242
2697.15000,0.55003,1.90638,-0.94506
2697.20000,0.55090,1.90528,-0.95013
2697.25000,0.55267,1.90278,-0.96354
2697.30000,0.55563,1.89842,-0.98604
2697.35000,0.55978,1.89195,-1.01834
2697.40000,0.56469,1.88358,-1.05902
2697.45000,0.56923,1.87507,-1.10094
2697.50000,0.57357,1.86607,-1.14115
2697.55000,0.57755,1.85689,-1.18140
2697.60000,0.58071,1.84868,-1.20565
2697.65000,0.58369,1.84084,-1.20750
2697.70000,0.58664,1.83309,-1.19501
2697.75000,0.58870,1.82809,-1.15941
2697.80000,0.58977,1.82575,-1.11100
2697.85000,0.58994,1.82543,-1.05264
2697.90000,0.59006,1.82522,-0.99268
2697.95000,0.59020,1.82502,-0.93192
2698.00000,0.59037,1.82484,-0.88366
2698.05000,0.59054,1.82470,-0.85159
2698.10000,0.59065,1.82466,-0.83054
2698.15000,0.59068,1.82473,-0.81998
2698.20000,0.59074,1.82474,-0.81986
2698.25000,0.59160,1.82381,-0.82728
2698.30000,0.59359,1.82162,-0.84173
2698.35000,0.59694,1.81779,-0.86493
2698.40000,0.60182,1.81188,-0.89857
2698.45000,0.60753,1.80438,-0.94200
2698.50000,0.61320,1.79622,-0.98418
2698.55000,0.61856,1.78778,-1.02576
2698.60000,0.62356,1.77913,-1.06724
2698.65000,0.62775,1.77118,-1.09349
2698.70000,0.63135,1.76412,-1.08888
2698.75000,0.63384,1.75942,-1.05708
2698.80000,0.63490,1.75761,-1.00745
2698.85000,0.63510,1.75732,-0.95060
2698.90000,0.63524,1.75713,-0.89336
2698.95000,0.63541,1.75696,-0.84816
2699.00000,0.63559,1.75682,-0.81856
2699.05000,0.63568,1.75683,-0.81010
2699.10000,0.63614,1.75634,-0.81536
2699.15000,0.63777,1.75459,-0.82748
2699.20000,0.64077,1.75126,-0.84844
2699.25000,0.64521,1.74608,-0.87850
2699.30000,0.65087,1.73896,-0.91820
2699.35000,0.65643,1.73134,-0.96278
2699.40000,0.66196,1.72301,-1.00504
2699.45000,0.66695,1.71500,-1.03579
2699.50000,0.67146,1.70720,-1.03763
2699.55000,0.67423,1.70261,-1.00721
2699.60000,0.67578,1.70026,-0.95666
2699.65000,0.67624,1.69964,-0.89700
2699.70000,0.67637,1.69949,-0.83489
2699.75000,0.67654,1.69934,-0.78399
2699.80000,0.67686,1.69909,-0.75315
2699.85000,0.67718,1.69886,-0.75274
2699.90000,0.67949,1.69670,-0.77051
2699.95000,0.68391,1.69226,-0.80355
2700.00000,0.68907,1.68669,-0.84313
2700.05000,0.69459,1.68020,-0.88733
2700.10000,0.70040,1.67272,-0.93034
2700.15000,0.70621,1.66458,-0.97121
2700.20000,0.71134,1.65681,-0.99830
2700.25000,0.71638,1.64893,-0.99970
2700.30000,0.72117,1.64150,-0.97991
2700.35000,0.72506,1.63591,-0.94087
2700.40000,0.72788,1.63222,-0.88777
2700.45000,0.72901,1.63090,-0.82250
2700.50000,0.72916,1.63075,-0.75105
2700.55000,0.72932,1.63063,-0.69116
2700.60000,0.72934,1.63071,-0.65108
2700.65000,0.72908,1.63111,-0.63648
2700.70000,0.73054,1.63003,-0.64540
2700.75000,0.73502,1.62655,-0.67383
2700.80000,0.74072,1.62183,-0.71078
2700.85000,0.74707,1.61613,-0.75274
2700.90000,0.75344,1.60990,-0.79599
2700.95000,0.75954,1.60339,-0.83926
2701.00000,0.76535,1.59663,-0.88250
2701.05000,0.77096,1.58962,-0.90990
2701.10000,0.77458,1.58483,-0.92749
2701.15000,0.77746,1.58098,-0.96038
2701.20000,0.78007,1.57722,-1.00874
2701.25000,0.78151,1.57478,-1.07299
2701.30000,0.78192,1.57398,-1.14639
2701.35000,0.78200,1.57378,-1.22217
2701.40000,0.78207,1.57357,-1.29748
2701.45000,0.78212,1.57336,-1.37225
2701.50000,0.78216,1.57314,-1.44646
2701.55000,0.78218,1.57292,-1.52010
2701.60000,0.78218,1.57271,-1.59315
2701.65000,0.78216,1.57249,-1.66561
2701.70000,0.78214,1.57227,-1.73744
2701.75000,0.78209,1.57206,-1.80863
2701.80000,0.78203,1.57185,-1.87918
2701.85000,0.78196,1.57164,-1.94905
2701.90000,0.78187,1.57144,-2.01825
2701.95000,0.78177,1.57125,-2.08675
2702.00000,0.78166,1.57106,-2.15454
2702.05000,0.78153,1.57089,-2.22160
2702.10000,0.78139,1.57072,-2.28793
2702.15000,0.78124,1.57056,-2.35350
2702.20000,0.78109,1.57041,-2.41835
2702.25000,0.78092,1.57027,-2.48243
2702.30000,0.78074,1.57015,-2.54575
2702.35000,0.78056,1.57003,-2.60828
2702.40000,0.78037,1.56992,-2.67002
2702.45000,0.78017,1.56983,-2.73096
2702.50000,0.77997,1.56975,-2.79108
2702.55000,0.77977,1.56968,-2.85036
2702.60000,0.77956,1.56963,-2.90880
2702.65000,0.77935,1.56958,-2.96639
2702.70000,0.77913,1.56955,-3.02312
2702.75000,0.77892,1.56953,-3.07902
2702.80000,0.77871,1.56953,-3.13406
2702.85000,0.77849,1.56953,3.09495
2702.90000,0.77828,1.56955,3.04164
2702.95000,0.77806,1.56957,2.98921
2703.00000,0.77785,1.56961,2.93765
2703.05000,0.77764,1.56966,2.88698
2703.10000,0.77744,1.56972,2.83719
2703.15000,0.77724,1.56979,2.78830
2703.20000,0.77704,1.56987,2.74030
2703.25000,0.77685,1.56995,2.69319
2703.30000,0.77666,1.57005,2.64698
2703.35000,0.77475,1.57128,2.60181
2703.40000,0.76911,1.57484,2.55907
2703.45000,0.76237,1.57950,2.51361
2703.50000,0.75538,1.58484,2.46609
2703.55000,0.74862,1.59052,2.41928
2703.60000,0.74212,1.59651,2.37331
2703.65000,0.73588,1.60282,2.32819
2703.70000,0.72992,1.60941,2.28388
2703.75000,0.72424,1.61628,2.24040
2703.80000,0.71885,1.62340,2.19774
2703.85000,0.71375,1.63076,2.15591
2703.90000,0.70894,1.63834,2.11490
2703.95000,0.70444,1.64612,2.07484
2704.00000,0.70025,1.65410,2.03551
2704.05000,0.69636,1.66218,2.01128
2704.10000,0.69230,1.67079,2.00723
2704.15000,0.68807,1.67985,2.00743
2704.20000,0.68384,1.68891,2.00784
2704.25000,0.67960,1.69797,2.00877
2704.30000,0.67535,1.70702,2.01060
2704.35000,0.67108,1.71606,2.01278
2704.40000,0.66679,1.72510,2.01582
2704.45000,0.66245,1.73416,2.01972
2704.50000,0.65808,1.74318,2.02445
2704.55000,0.65375,1.75210,2.02085
2704.60000,0.65026,1.75967,1.99552
2704.65000,0.64670,1.76790,1.96186
2704.70000,0.64341,1.77627,1.94279
2704.75000,0.63998,1.78509,1.94632
2704.80000,0.63626,1.79445,1.95434
2704.85000,0.63243,1.80382,1.96282
2704.90000,0.62896,1.81253,1.95925
2704.95000,0.62664,1.81888,1.93998
2705.00000,0.62570,1.82174,1.90095
2705.05000,0.62532,1.82293,1.84475
2705.10000,0.62507,1.82378,1.79596
2705.15000,0.62412,1.82611,1.77379
2705.20000,0.62283,1.83134,1.76577
2705.25000,0.62101,1.83946,1.77088
2705.30000,0.61893,1.84944,1.78416
2705.35000,0.61672,1.85939,1.79834
2705.40000,0.61437,1.86922,1.81350
2705.45000,0.61186,1.87905,1.82924
2705.50000,0.60920,1.88896,1.84430
2705.55000,0.60643,1.89865,1.85919
2705.60000,0.60355,1.90811,1.87552
2705.65000,0.60046,1.91775,1.89171
2705.70000,0.59721,1.92734,1.90842
2705.75000,0.59390,1.93651,1.91819
2705.80000,0.59050,1.94574,1.91907
2705.85000,0.58710,1.95494,1.90729
2705.90000,0.58385,1.96416,1.87625
2705.95000,0.58151,1.97219,1.82994
2706.00000,0.58008,1.97822,1.77005
2706.05000,0.57969,1.98194,1.70989
2706.10000,0.57904,1.98590,1.66990
2706.15000,0.57821,1.99076,1.65691
2706.20000,0.57735,1.99755,1.66157
2706.25000,0.57635,2.00677,1.67604
2706.30000,0.57520,2.01667,1.69694
2706.35000,0.57396,2.02602,1.72229
2706.40000,0.57265,2.03390,1.74957
2706.45000,0.57120,2.04129,1.77966
2706.50000,0.56971,2.04857,1.80390
2706.55000,0.56829,2.05575,1.82189
2706.60000,0.56712,2.06265,1.82902
2706.65000,0.56602,2.06947,1.83180
2706.70000,0.56500,2.07621,1.82999
2706.75000,0.56399,2.08290,1.81702
2706.80000,0.56285,2.08968,1.78514
2706.85000,0.56161,2.09644,1.73405
2706.90000,0.56088,2.10191,1.67040
2706.95000,0.56058,2.10646,1.59945
2707.00000,0.56056,2.11011,1.53247
2707.05000,0.56070,2.11385,1.47961
2707.10000,0.56112,2.11783,1.44779
2707.15000,0.56192,2.12212,1.43929
2707.20000,0.56285,2.12652,1.44343
2707.25000,0.56386,2.13099,1.46081
2707.30000,0.56483,2.13602,1.48687
2707.35000,0.56544,2.14347,1.52250
2707.40000,0.56568,2.15221,1.56470
2707.45000,0.56553,2.16089,1.61149
2707.50000,0.56494,2.16990,1.66197
2707.55000,0.56416,2.17905,1.70729
2707.60000,0.56329,2.18827,1.73756
2707.65000,0.56230,2.19754,1.74525
2707.70000,0.56136,2.20582,1.72257
2707.75000,0.56094,2.20959,1.67123
2707.80000,0.56067,2.21350,1.61139
2707.85000,0.56063,2.21806,1.54730
2707.90000,0.56092,2.22305,1.48017
2707.95000,0.56156,2.22813,1.41022
2708.00000,0.56261,2.23341,1.33895
2708.05000,0.56406,2.23868,1.26633
2708.10000,0.56588,2.24378,1.19235
2708.15000,0.56807,2.24875,1.11761
2708.20000,0.57067,2.25361,1.04259
2708.25000,0.57363,2.25828,0.96721
2708.30000,0.57694,2.26270,0.89152
2708.35000,0.58053,2.26682,0.81541
2708.40000,0.58416,2.27038,0.73772
2708.45000,0.58804,2.27364,0.65985
2708.50000,0.59221,2.27662,0.58212
2708.55000,0.59658,2.27926,0.50424
2708.60000,0.60114,2.28155,0.42629
2708.65000,0.60583,2.28346,0.34818
2708.70000,0.61074,2.28503,0.27037
2708.75000,0.61572,2.28620,0.19241
2708.80000,0.62076,2.28698,0.11435
2708.85000,0.62585,2.28736,0.03633
2708.90000,0.63094,2.28735,-0.04174
2708.95000,0.63603,2.28693,-0.11976
2709.00000,0.64099,2.28614,-0.19810
2709.05000,0.64594,2.28494,-0.27621
2709.10000,0.65072,2.28338,-0.35452
2709.15000,0.65514,2.28154,-0.43376
2709.20000,0.65949,2.27931,-0.51265
2709.25000,0.66374,2.27670,-0.59115
2709.30000,0.66783,2.27371,-0.66938
2709.35000,0.67178,2.27032,-0.74706
2709.40000,0.67552,2.26659,-0.82445
2709.45000,0.67902,2.26249,-0.90143
2709.50000,0.68225,2.25807,-0.97808
2709.55000,0.68510,2.25346,-1.05488
2709.60000,0.68760,2.24863,-1.13164
2709.65000,0.68973,2.24361,-1.20838
2709.70000,0.69146,2.23846,-1.28511
2709.75000,0.69279,2.23318,-1.36183
2709.80000,0.69371,2.22781,-1.43854
2709.85000,0.69423,2.22236,-1.51514
2709.90000,0.69432,2.21676,-1.59127
2709.95000,0.69425,2.21131,-1.65758
2710.00000,0.69384,2.20632,-1.70591
2710.05000,0.69315,2.20191,-1.74769
2710.10000,0.69243,2.19831,-1.79009
2710.15000,0.69159,2.19494,-1.83107
2710.20000,0.69053,2.19123,-1.86839
2710.25000,0.68937,2.18769,-1.90426
2710.30000,0.68814,2.18432,-1.93873
2710.35000,0.68684,2.18110,-1.97184
2710.40000,0.68547,2.17800,-2.00362
2710.45000,0.68403,2.17501,-2.03406
2710.50000,0.68253,2.17212,-2.06320
2710.55000,0.68117,2.16967,-2.09255
2710.60000,0.67978,2.16735,-2.12084
2710.65000,0.67840,2.16517,-2.14820
2710.70000,0.67694,2.16302,-2.17403
2710.75000,0.67544,2.16094,-2.19864
2710.80000,0.67391,2.15891,-2.22201
2710.85000,0.67228,2.15679,-2.24452
2710.90000,0.67062,2.15478,-2.26534
2710.95000,0.66891,2.15278,-2.28527
2711.00000,0.66716,2.15082,-2.30355
2711.05000,0.66541,2.14891,-2.32060
2711.10000,0.66348,2.14688,-2.33696
2711.15000,0.66148,2.14481,-2.35318
2711.20000,0.65953,2.14288,-2.36661
2711.25000,0.65758,2.14096,-2.38030
2711.30000,0.65553,2.13903,-2.39095
2711.35000,0.65348,2.13713,-2.40105
2711.40000,0.65135,2.13520,-2.41034
2711.45000,0.64928,2.13336,-2.41800
2711.50000,0.64721,2.13153,-2.42551
2711.55000,0.64504,2.12965,-2.43080
2711.60000,0.64290,2.12781,-2.43488
2711.65000,0.64074,2.12597,-2.43797
2711.70000,0.63852,2.12409,-2.44006
2711.75000,0.63629,2.12221,-2.44115
2711.80000,0.63405,2.12032,-2.44134
2711.85000,0.63180,2.11842,-2.44049
2711.90000,0.62955,2.11652,-2.43882
2711.95000,0.62729,2.11460,-2.43632
2712.00000,0.62500,2.11265,-2.43294
2712.05000,0.62275,2.11071,-2.42882
2712.10000,0.62050,2.10876,-2.42398
2712.15000,0.61817,2.10672,-2.41817
2712.20000,0.61590,2.10471,-2.41147
2712.25000,0.61364,2.10267,-2.40432
2712.30000,0.61143,2.10064,-2.39656
2712.35000,0.60918,2.09855,-2.38767
2712.40000,0.60693,2.09642,-2.37812
2712.45000,0.60476,2.09432,-2.36852
2712.50000,0.60268,2.09226,-2.35830
2712.55000,0.60076,2.09034,-2.34702
2712.60000,0.59888,2.08840,-2.33514
2712.65000,0.59693,2.08634,-2.32289
2712.70000,0.59503,2.08428,-2.31005
2712.75000,0.59310,2.08212,-2.29654
2712.80000,0.59111,2.07985,-2.28282
2712.85000,0.58914,2.07753,-2.26857
2712.90000,0.58728,2.07528,-2.25429
2712.95000,0.58536,2.07288,-2.23906
2713.00000,0.58349,2.07048,-2.22363
2713.05000,0.58196,2.06844,-2.20745
2713.10000,0.58027,2.06612,-2.19121
2713.15000,0.57857,2.06368,-2.17466
2713.20000,0.57695,2.06128,-2.15776
2713.25000,0.57533,2.05877,-2.14026
2713.30000,0.57376,2.05626,-2.12227
2713.35000,0.57229,2.05380,-2.10511
2713.40000,0.57091,2.05142,-2.08857
2713.45000,0.56958,2.04903,-2.07177
2713.50000,0.56831,2.04666,-2.05471
2713.55000,0.56709,2.04428,-2.03739
2713.60000,0.56593,2.04192,-2.01984
2713.65000,0.56476,2.03944,-2.00129
2713.70000,0.56371,2.03705,-1.98181
2713.75000,0.56271,2.03470,-1.96242
2713.80000,0.56178,2.03236,-1.94305
2713.85000,0.56087,2.02993,-1.92369
2713.90000,0.56007,2.02769,-1.90373
2713.95000,0.55926,2.02522,-1.88397
2714.00000,0.55850,2.02272,-1.86382
2714.05000,0.55779,2.02014,-1.84295
2714.10000,0.55717,2.01778,-1.82230
2714.15000,0.55659,2.01539,-1.80135
2714.20000,0.55609,2.01314,-1.78125
2714.25000,0.55565,2.01100,-1.76117
2714.30000,0.55526,2.00877,-1.74060
2714.35000,0.55493,2.00667,-1.72089
2714.40000,0.55463,2.00437,-1.69992
2714.45000,0.55438,2.00224,-1.67977
2714.50000,0.55418,2.00009,-1.65966
2714.55000,0.55403,1.99796,-1.63947
2714.60000,0.55390,1.99565,-1.61807
2714.65000,0.55384,1.99351,-1.59698
2714.70000,0.55380,1.99139,-1.57588
2714.75000,0.55381,1.98935,-1.55496
2714.80000,0.55387,1.98714,-1.53385
2714.85000,0.55395,1.98516,-1.51217
2714.90000,0.55406,1.98312,-1.49106
2714.95000,0.55422,1.98118,-1.47003
2715.00000,0.55441,1.97924,-1.44919
2715.05000,0.55465,1.97734,-1.42843
2715.10000,0.55492,1.97546,-1.40802
2715.15000,0.55520,1.97371,-1.38728
2715.20000,0.55550,1.97211,-1.36723
2715.25000,0.55585,1.97042,-1.34728
2715.30000,0.55622,1.96881,-1.32698
2715.35000,0.55662,1.96717,-1.30715
2715.40000,0.55701,1.96565,-1.28754
2715.45000,0.55742,1.96425,-1.26754
2715.50000,0.55788,1.96281,-1.24803
2715.55000,0.55838,1.96132,-1.22911
2715.60000,0.55888,1.95994,-1.21013
2715.65000,0.55937,1.95866,-1.19135
2715.70000,0.55990,1.95736,-1.17272
2715.75000,0.56048,1.95601,-1.16825
2715.80000,0.56215,1.95217,-1.17966
2715.85000,0.56466,1.94589,-1.20321
2715.90000,0.56756,1.93801,-1.23465
2715.95000,0.57033,1.92961,-1.25615
2716.00000,0.57235,1.92318,-1.26633
2716.05000,0.57355,1.91926,-1.26404
2716.10000,0.57395,1.91792,-1.24833
2716.15000,0.57425,1.91693,-1.23103
2716.20000,0.57458,1.91600,-1.21369
2716.25000,0.57489,1.91516,-1.19744
2716.30000,0.57524,1.91422,-1.18094
2716.35000,0.57552,1.91346,-1.16368
2716.40000,0.57589,1.91259,-1.14729
2716.45000,0.57626,1.91179,-1.13100
2716.50000,0.57661,1.91106,-1.11471
2716.55000,0.57700,1.91024,-1.11047
2716.60000,0.57893,1.90637,-1.12315
2716.65000,0.58172,1.90040,-1.14725
2716.70000,0.58497,1.89289,-1.17920
2716.75000,0.58847,1.88453,-1.20370
2716.80000,0.59119,1.87706,-1.21194
2716.85000,0.59211,1.87441,-1.21133
2716.90000,0.59357,1.87180,-1.20197
2716.95000,0.59709,1.86425,-1.19245
2717.00000,0.60081,1.85496,-1.18606
2717.05000,0.60399,1.84670,-1.18030
2717.10000,0.60602,1.84130,-1.18940
2717.15000,0.60704,1.83828,-1.22624
2717.20000,0.60736,1.83733,-1.27918
2717.25000,0.60739,1.83725,-1.33678
2717.30000,0.60740,1.83716,-1.39463
2717.35000,0.60742,1.83707,-1.45250
2717.40000,0.60743,1.83696,-1.51031
2717.45000,0.60743,1.83685,-1.56801
2717.50000,0.60743,1.83674,-1.62556
2717.55000,0.60742,1.83662,-1.68290
2717.60000,0.60740,1.83649,-1.74002
2717.65000,0.60737,1.83637,-1.79689
2717.70000,0.60734,1.83624,-1.85348
2717.75000,0.60730,1.83612,-1.90976
2717.80000,0.60725,1.83599,-1.96570
2717.85000,0.60720,1.83586,-2.02126
2717.90000,0.60713,1.83574,-2.07643
2717.95000,0.60706,1.83562,-2.13118
2718.00000,0.60698,1.83550,-2.18551
2718.05000,0.60690,1.83539,-2.23939
2718.10000,0.60681,1.83528,-2.29282
2718.15000,0.60671,1.83518,-2.34579
2718.20000,0.60661,1.83508,-2.39827
2718.25000,0.60651,1.83499,-2.45026
2718.30000,0.60640,1.83490,-2.50171
2718.35000,0.60628,1.83482,-2.55259
2718.40000,0.60616,1.83475,-2.60289
2718.45000,0.60604,1.83468,-2.65259
2718.50000,0.60592,1.83462,-2.70169
2718.55000,0.60579,1.83456,-2.75019
2718.60000,0.60566,1.83451,-2.79807
2718.65000,0.60553,1.83447,-2.84534
2718.70000,0.60539,1.83443,-2.89198
2718.75000,0.60526,1.83440,-2.93799
2718.80000,0.60512,1.83437,-2.98338
2718.85000,0.60498,1.83435,-3.02816
2718.90000,0.60484,1.83434,-3.07234
2718.95000,0.60470,1.83433,-3.11591
2719.00000,0.60456,1.83433,3.12433
2719.05000,0.60442,1.83434,3.08204
2719.10000,0.60428,1.83435,3.04043
2719.15000,0.60414,1.83437,2.99951
2719.20000,0.60400,1.83439,2.95927
2719.25000,0.60386,1.83442,2.91973
2719.30000,0.60373,1.83445,2.88088
2719.35000,0.60359,1.83449,2.84272
2719.40000,0.60397,1.83439,2.80303
2719.45000,0.60283,1.83508,2.76219
2719.50000,0.59590,1.83801,2.72779
2719.55000,0.58786,1.84173,2.68938
2719.60000,0.57953,1.84597,2.65210
2719.65000,0.57152,1.85043,2.61464
2719.70000,0.56372,1.85517,2.57749
2719.75000,0.55572,1.86043,2.54257
2719.80000,0.54792,1.86597,2.50803
2719.85000,0.53996,1.87202,2.47549
2719.90000,0.53220,1.87833,2.44311
2719.95000,0.52464,1.88488,2.41052
2720.00000,0.51731,1.89168,2.37725
2720.05000,0.51022,1.89871,2.34232
2720.10000,0.50348,1.90565,2.30782
2720.15000,0.50184,1.90751,2.26656
2720.20000,0.50139,1.90808,2.21000
2720.25000,0.50115,1.90843,2.14156
2720.30000,0.50113,1.90845,2.07236
2720.35000,0.50112,1.90847,2.00666
2720.40000,0.50111,1.90849,1.94445
2720.45000,0.50111,1.90851,1.88529
2720.50000,0.50110,1.90853,1.82860
2720.55000,0.50109,1.90856,1.77321
2720.60000,0.50109,1.90858,1.71881
2720.65000,0.50109,1.90860,1.66543
2720.70000,0.50109,1.90863,1.61309
2720.75000,0.50109,1.90865,1.56183
2720.80000,0.50109,1.90868,1.51170
2720.85000,0.50114,1.90874,1.46875
2720.90000,0.50148,1.91037,1.43332
2720.95000,0.50216,1.91492,1.40389
2721.00000,0.50312,1.91979,1.38859
2721.05000,0.50457,1.92638,1.38543
2721.10000,0.50638,1.93615,1.39644
2721.15000,0.50808,1.94617,1.40883
2721.20000,0.50965,1.95628,1.42140
2721.25000,0.51109,1.96636,1.43534
2721.30000,0.51239,1.97646,1.44898
2721.35000,0.51353,1.98648,1.46277
2721.40000,0.51454,1.99646,1.47727
2721.45000,0.51541,2.00661,1.49127
2721.50000,0.51615,2.01695,1.50619
2721.55000,0.51671,2.02698,1.52143
2721.60000,0.51713,2.03713,1.53716
2721.65000,0.51737,2.04673,1.55323
2721.70000,0.51747,2.05632,1.56935
2721.75000,0.51740,2.06592,1.58561
2721.80000,0.51718,2.07551,1.60188
2721.85000,0.51680,2.08507,1.61914
2721.90000,0.51625,2.09460,1.63719
2721.95000,0.51553,2.10412,1.65536
2722.00000,0.51464,2.11362,1.67366
2722.05000,0.51353,2.12343,1.69326
2722.10000,0.51237,2.13318,1.70150
2722.15000,0.51148,2.14067,1.70371
2722.20000,0.51049,2.14765,1.71125
2722.25000,0.50926,2.15484,1.70790
2722.30000,0.50784,2.16230,1.69577
2722.35000,0.50672,2.17014,1.67635
2722.40000,0.50641,2.17595,1.65517
2722.45000,0.50622,2.17897,1.63508
2722.50000,0.50614,2.18103,1.61577
2722.55000,0.50594,2.18404,1.61410
2722.60000,0.50555,2.19081,1.62133
2722.65000,0.50506,2.19931,1.64379
2722.70000,0.50425,2.20802,1.67466
2722.75000,0.50320,2.21683,1.71003
2722.80000,0.50170,2.22622,1.75076
2722.85000,0.49988,2.23513,1.79564
2722.90000,0.49771,2.24372,1.84113
2722.95000,0.49515,2.25222,1.88611
2723.00000,0.49220,2.26059,1.93112
2723.05000,0.48889,2.26883,1.97588
2723.10000,0.48520,2.27693,2.01987
2723.15000,0.48116,2.28486,2.06382
2723.20000,0.47677,2.29262,2.10721
2723.25000,0.47205,2.30017,2.15077
2723.30000,0.46700,2.30753,2.19368
2723.35000,0.46163,2.31468,2.23598
2723.40000,0.45597,2.32160,2.27839
2723.45000,0.45001,2.32828,2.32011
2723.50000,0.44376,2.33473,2.36069
2723.55000,0.43739,2.34102,2.39238
2723.60000,0.43132,2.34693,2.39513
2723.65000,0.42614,2.35187,2.37378
2723.70000,0.42416,2.35387,2.33295
2723.75000,0.42403,2.35401,2.28167
2723.80000,0.42379,2.35430,2.24345
2723.85000,0.42386,2.35425,2.21774
2723.90000,0.42400,2.35415,2.19693
2723.95000,0.42321,2.35523,2.19817
2724.00000,0.42004,2.35952,2.21731
2724.05000,0.41522,2.36572,2.24632
2724.10000,0.40906,2.37313,2.28197
2724.15000,0.40184,2.38118,2.32221
2724.20000,0.39473,2.38856,2.36031
2724.25000,0.38809,2.39490,2.39896
2724.30000,0.38130,2.40089,2.43834
2724.35000,0.37435,2.40677,2.46829
2724.40000,0.36768,2.41228,2.47050
2724.45000,0.36241,2.41653,2.45248
2724.50000,0.36023,2.41837,2.41862
2724.55000,0.36005,2.41853,2.37511
2724.60000,0.35999,2.41859,2.33328
2724.65000,0.35994,2.41865,2.29500
2724.70000,0.36034,2.41819,2.25808
2724.75000,0.36079,2.41764,2.22519
2724.80000,0.36115,2.41717,2.19753
2724.85000,0.36110,2.41721,2.18567
2724.90000,0.35917,2.41990,2.19415
2724.95000,0.35543,2.42499,2.21455
2725.00000,0.35023,2.43175,2.24334
2725.05000,0.34486,2.43852,2.26480
2725.10000,0.34139,2.44267,2.27899
2725.15000,0.33655,2.44820,2.30292
2725.20000,0.33046,2.45478,2.33289
2725.25000,0.32394,2.46160,2.35920
2725.30000,0.31848,2.46710,2.36828
2725.35000,0.31516,2.47034,2.36420
2725.40000,0.31357,2.47193,2.35265
2725.45000,0.31386,2.47165,2.33351
2725.50000,0.31407,2.47142,2.31791
2725.55000,0.31285,2.47264,2.30266
2725.60000,0.30777,2.47815,2.28828
2725.65000,0.30178,2.48508,2.27970
2725.70000,0.29536,2.49260,2.27493
2725.75000,0.28897,2.50016,2.27019
2725.80000,0.28263,2.50774,2.26472
2725.85000,0.27637,2.51531,2.25790
2725.90000,0.27019,2.52291,2.24927
2725.95000,0.26412,2.53052,2.23866
2726.00000,0.25817,2.53816,2.22593
2726.05000,0.25237,2.54568,2.21270
2726.10000,0.25130,2.54756,2.20018
2726.15000,0.24997,2.54889,2.18685
2726.20000,0.24510,2.55445,2.17506
2726.25000,0.23955,2.56256,2.16792
2726.30000,0.23401,2.57076,2.16270
2726.35000,0.22848,2.57902,2.15896
2726.40000,0.22295,2.58733,2.15647
2726.45000,0.21812,2.59459,2.16755
2726.50000,0.21449,2.59976,2.20242
2726.55000,0.21032,2.60521,2.24638
2726.60000,0.20529,2.61118,2.29469
2726.65000,0.19944,2.61746,2.34563
2726.70000,0.19283,2.62387,2.39813
2726.75000,0.18554,2.63021,2.45168
2726.80000,0.17771,2.63633,2.50604
2726.85000,0.16952,2.64203,2.56124
2726.90000,0.16101,2.64728,2.61512
2726.95000,0.15224,2.65207,2.66874
2727.00000,0.14322,2.65638,2.72258
2727.05000,0.13398,2.66020,2.77587
2727.10000,0.12596,2.66310,2.80758
2727.15000,0.12042,2.66492,2.82401
2727.20000,0.11775,2.66557,2.82808
2727.25000,0.11736,2.66561,2.82123
2727.30000,0.11736,2.66564,2.81279
2727.35000,0.11735,2.66567,2.80428
2727.40000,0.11747,2.66563,2.79442
2727.45000,0.11759,2.66559,2.78435
2727.50000,0.11745,2.66564,2.78932
2727.55000,0.11530,2.66643,2.81200
2727.60000,0.11188,2.66746,2.82799
2727.65000,0.11087,2.66769,2.82761
2727.70000,0.11095,2.66766,2.82416
2727.75000,0.11094,2.66767,2.82237
2727.80000,0.10957,2.66875,2.81998
2727.85000,0.10197,2.67181,2.81933
2727.90000,0.09244,2.67498,2.82098
2727.95000,0.08315,2.67794,2.83289
2728.00000,0.07519,2.68017,2.86432
2728.05000,0.06760,2.68218,2.90595
2728.10000,0.05886,2.68407,2.95094
2728.15000,0.04934,2.68568,2.99844
2728.20000,0.03995,2.68668,3.03566
2728.25000,0.03269,2.68679,3.05612
2728.30000,0.02806,2.68652,3.06224
2728.35000,0.02623,2.68649,3.05348
2728.40000,0.02660,2.68645,3.03323
2728.45000,0.02702,2.68641,3.01313
2728.50000,0.02738,2.68637,2.99586
2728.55000,0.02768,2.68634,2.98177
2728.60000,0.02779,2.68633,2.97015
2728.65000,0.02782,2.68633,2.96110
2728.70000,0.02779,2.68634,2.95401
2728.75000,0.02782,2.68633,2.94863
2728.80000,0.02780,2.68634,2.94392
2728.85000,0.02778,2.68634,2.93977
2728.90000,0.02771,2.68636,2.93591
2728.95000,0.02764,2.68637,2.93194
2729.00000,0.02606,2.68716,2.92746
2729.05000,0.01944,2.68924,2.92348
2729.10000,0.00976,2.69141,2.91942
2729.15000,0.00001,2.69355,2.91537
2729.20000,-0.00550,2.69402,2.91054
2729.25000,-0.00581,2.69404,2.90472
2729.30000,-0.00579,2.69404,2.89844
2729.35000,-0.00568,2.69405,2.89742
2729.40000,-0.00887,2.69512,2.90348
2729.45000,-0.01566,2.69665,2.91968
2729.50000,-0.02155,2.69793,2.93677
2729.55000,-0.02845,2.69924,2.95406
2729.60000,-0.03460,2.70030,2.97162
2729.65000,-0.04066,2.70115,2.97779
2729.70000,-0.04201,2.70117,2.97726
2729.75000,-0.04201,2.70116,2.97045
2729.80000,-0.04260,2.70128,2.97725
2729.85000,-0.04634,2.70191,2.99677
2729.90000,-0.05103,2.70240,3.01102
2729.95000,-0.05287,2.70246,3.01365
2730.00000,-0.05299,2.70246,3.00956
2730.05000,-0.05296,2.70246,3.00526
2730.10000,-0.05297,2.70247,3.00151
2730.15000,-0.05430,2.70303,2.99769
2730.20000,-0.06032,2.70444,2.99421
2730.25000,-0.06732,2.70589,2.99083
2730.30000,-0.07437,2.70736,2.98731
2730.35000,-0.08148,2.70886,2.98364
2730.40000,-0.08864,2.71039,2.97980
2730.45000,-0.09756,2.71201,2.97694
2730.50000,-0.10741,2.71365,2.97492
2730.55000,-0.11726,2.71532,2.97267
2730.60000,-0.12709,2.71701,2.97008
2730.65000,-0.13691,2.71873,2.96719
2730.70000,-0.14671,2.72048,2.96404
2730.75000,-0.15656,2.72227,2.96058
2730.80000,-0.16632,2.72408,2.95681
2730.85000,-0.17616,2.72594,2.95253
2730.90000,-0.18601,2.72785,2.94769
2730.95000,-0.19572,2.72979,2.94190
2731.00000,-0.20546,2.73179,2.93585
2731.05000,-0.21393,2.73280,2.92898
2731.10000,-0.21758,2.73284,2.92096
2731.15000,-0.21795,2.73285,2.91078
2731.20000,-0.21782,2.73283,2.89911
2731.25000,-0.21770,2.73283,2.88763
2731.30000,-0.21764,2.73284,2.87634
2731.35000,-0.21764,2.73284,2.86657
2731.40000,-0.21757,2.73283,2.85767
2731.45000,-0.21909,2.73385,2.84798
2731.50000,-0.22720,2.73660,2.84042
2731.55000,-0.23664,2.73957,2.83416
2731.60000,-0.24604,2.74260,2.82779
2731.65000,-0.25538,2.74569,2.82115
2731.70000,-0.26470,2.74883,2.81438
2731.75000,-0.27399,2.75204,2.80726
2731.80000,-0.28335,2.75534,2.79970
2731.85000,-0.29272,2.75872,2.79109
2731.90000,-0.30197,2.76212,2.78205
2731.95000,-0.30684,2.76284,2.77017
2732.00000,-0.30707,2.76288,2.75713
2732.05000,-0.30705,2.76287,2.74331
2732.10000,-0.30710,2.76289,2.73108
2732.15000,-0.30714,2.76291,2.72058
2732.20000,-0.30833,2.76389,2.70957
2732.25000,-0.31203,2.76665,2.70170
2732.30000,-0.31579,2.76943,2.70382
2732.35000,-0.31974,2.77230,2.71617
2732.40000,-0.32522,2.77550,2.73704
2732.45000,-0.33250,2.77866,2.75236
2732.50000,-0.34124,2.78227,2.75152
2732.55000,-0.35041,2.78607,2.74839
2732.60000,-0.35956,2.78990,2.74494
2732.65000,-0.36868,2.79376,2.74099
2732.70000,-0.37776,2.79765,2.73619
2732.75000,-0.38682,2.80159,2.73036
2732.80000,-0.39582,2.80556,2.72340
2732.85000,-0.40476,2.80960,2.71562
2732.90000,-0.41366,2.81370,2.70757
2732.95000,-0.42253,2.81788,2.69956
2733.00000,-0.43137,2.82212,2.69173
2733.05000,-0.44017,2.82643,2.68402
2733.10000,-0.44895,2.83082,2.67648
2733.15000,-0.45770,2.83527,2.66903
2733.20000,-0.46641,2.83978,2.66104
2733.25000,-0.47506,2.84435,2.65180
2733.30000,-0.48348,2.84879,2.65347
2733.35000,-0.49186,2.85324,2.66949
2733.40000,-0.50045,2.85765,2.69879
2733.45000,-0.50897,2.86150,2.73940
2733.50000,-0.51770,2.86500,2.78538
2733.55000,-0.52699,2.86820,2.83398
2733.60000,-0.53657,2.87100,2.88174
2733.65000,-0.54628,2.87334,2.92990
2733.70000,-0.55447,2.87488,2.98595
2733.75000,-0.56233,2.87590,3.04618
2733.80000,-0.56992,2.87638,3.10958
2733.85000,-0.57755,2.87638,-3.10890
2733.90000,-0.58536,2.87587,-3.04392
2733.95000,-0.59329,2.87483,-2.97890
2734.00000,-0.60134,2.87324,-2.91416
2734.05000,-0.60936,2.87111,-2.84947
2734.10000,-0.61736,2.86842,-2.78504
2734.15000,-0.62526,2.86518,-2.72086
2734.20000,-0.63304,2.86140,-2.65698
2734.25000,-0.64067,2.85707,-2.59350
2734.30000,-0.64807,2.85222,-2.53020
2734.35000,-0.65524,2.84685,-2.46733
2734.40000,-0.66213,2.84098,-2.40479
2734.45000,-0.66873,2.83460,-2.34275
2734.50000,-0.67497,2.82778,-2.28094
2734.55000,-0.68085,2.82050,-2.21954
2734.60000,-0.68634,2.81279,-2.15856
2734.65000,-0.69100,2.80547,-2.11798
2734.70000,-0.69492,2.79885,-2.11092
2734.75000,-0.69778,2.79382,-2.11515
2734.80000,-0.70067,2.78886,-2.10717
2734.85000,-0.70362,2.78389,-2.08581
2734.90000,-0.70642,2.77896,-2.04309
2734.95000,-0.70814,2.77535,-1.98320
2735.00000,-0.70881,2.77369,-1.90850
2735.05000,-0.70910,2.77273,-1.82614
2735.10000,-0.70925,2.77205,-1.73924
2735.15000,-0.70932,2.77156,-1.64911
2735.20000,-0.70933,2.77121,-1.55669
2735.25000,-0.70931,2.77096,-1.46264
2735.30000,-0.70928,2.77079,-1.36743
2735.35000,-0.70925,2.77067,-1.27141
2735.40000,-0.70922,2.77058,-1.17480
2735.45000,-0.70919,2.77052,-1.07778
2735.50000,-0.70916,2.77047,-0.98046
2735.55000,-0.70913,2.77044,-0.88294
2735.60000,-0.70911,2.77041,-0.78526
2735.65000,-0.70909,2.77039,-0.68748
2735.70000,-0.70907,2.77038,-0.58962
2735.75000,-0.70905,2.77036,-0.49170
2735.80000,-0.70900,2.77034,-0.39481
2735.85000,-0.70895,2.77032,-0.29920
2735.90000,-0.70889,2.77031,-0.20491
2735.95000,-0.70884,2.77030,-0.11185
2736.00000,-0.70878,2.77030,-0.01981
2736.05000,-0.70873,2.77030,0.07121
2736.10000,-0.70867,2.77030,0.16130
2736.15000,-0.70861,2.77032,0.25054
2736.20000,-0.70855,2.77034,0.33882
2736.25000,-0.70849,2.77036,0.42603
2736.30000,-0.70842,2.77039,0.51205
2736.35000,-0.70836,2.77043,0.59674
2736.40000,-0.70830,2.77048,0.67995
2736.45000,-0.70824,2.77053,0.76147
2736.50000,-0.70818,2.77059,0.84120
2736.55000,-0.70812,2.77066,0.91909
2736.60000,-0.70806,2.77075,0.99511
2736.65000,-0.70802,2.77085,1.05939
2736.70000,-0.70774,2.77143,1.10802
2736.75000,-0.70732,2.77233,1.14880
2736.80000,-0.70580,2.77556,1.17219
2736.85000,-0.70316,2.78180,1.17797
2736.90000,-0.69966,2.79013,1.17186
2736.95000,-0.69583,2.79906,1.15999
2737.00000,-0.69190,2.80795,1.14829
2737.05000,-0.68787,2.81674,1.13522
2737.10000,-0.68375,2.82543,1.12002
2737.15000,-0.67950,2.83403,1.10370
2737.20000,-0.67512,2.84253,1.08630
2737.25000,-0.67060,2.85091,1.06713
2737.30000,-0.66593,2.85919,1.04746
2737.35000,-0.66111,2.86735,1.02662
2737.40000,-0.65613,2.87538,1.00438
2737.45000,-0.65098,2.88328,0.98173
2737.50000,-0.64566,2.89103,0.95767
2737.55000,-0.64017,2.89863,0.93295
2737.60000,-0.63449,2.90609,0.90780
2737.65000,-0.62864,2.91338,0.88169
2737.70000,-0.62262,2.92050,0.85479
2737.75000,-0.61604,2.92786,0.82949
2737.80000,-0.60920,2.93515,0.80396
2737.85000,-0.60217,2.94226,0.77775
2737.90000,-0.59495,2.94918,0.75082
2737.95000,-0.58754,2.95590,0.72311
2738.00000,-0.57995,2.96241,0.69509
2738.05000,-0.57218,2.96870,0.66663
2738.10000,-0.56424,2.97477,0.63787
2738.15000,-0.55612,2.98061,0.60843
2738.20000,-0.54783,2.98620,0.57859
2738.25000,-0.53937,2.99154,0.54846
2738.30000,-0.53076,2.99662,0.51762
2738.35000,-0.52200,3.00144,0.48651
2738.40000,-0.51308,3.00597,0.45468
2738.45000,-0.50403,3.01022,0.42244
2738.50000,-0.49547,3.01388,0.38709
2738.55000,-0.48617,3.01749,0.35372
2738.60000,-0.47737,3.02055,0.31737
2738.65000,-0.46800,3.02343,0.28224
2738.70000,-0.45835,3.02605,0.24753
2738.75000,-0.44927,3.02815,0.20973
2738.80000,-0.43961,3.03002,0.17340
2738.85000,-0.42973,3.03157,0.13761
2738.90000,-0.42005,3.03271,0.10022
2738.95000,-0.41008,3.03353,0.06349
2739.00000,-0.40010,3.03398,0.02641
2739.05000,-0.39010,3.03406,-0.01097
2739.10000,-0.38010,3.03376,-0.04861
2739.15000,-0.37012,3.03308,-0.08648
2739.20000,-0.36018,3.03203,-0.12460
2739.25000,-0.35028,3.03060,-0.16281
2739.30000,-0.34045,3.02879,-0.20122
2739.35000,-0.33069,3.02660,-0.23947
2739.40000,-0.32102,3.02404,-0.27789
2739.45000,-0.31146,3.02111,-0.31660
2739.50000,-0.30202,3.01782,-0.35576
2739.55000,-0.29272,3.01415,-0.39528
2739.60000,-0.28357,3.01011,-0.43485
2739.65000,-0.27459,3.00572,-0.47481
2739.70000,-0.26579,3.00097,-0.51484
2739.75000,-0.25719,2.99588,-0.55511
2739.80000,-0.24882,2.99045,-0.59596
2739.85000,-0.24066,2.98467,-0.63661
2739.90000,-0.23281,2.97861,-0.67810
2739.95000,-0.22518,2.97247,-0.71235
2740.00000,-0.21786,2.96638,-0.71749
2740.05000,-0.21170,2.96109,-0.70174
2740.10000,-0.20891,2.95889,-0.66471
2740.15000,-0.20878,2.95878,-0.61572
2740.20000,-0.20868,2.95872,-0.56641
2740.25000,-0.20859,2.95867,-0.51731
2740.30000,-0.20850,2.95862,-0.46839
2740.35000,-0.20838,2.95857,-0.43022
2740.40000,-0.20819,2.95848,-0.41365
2740.45000,-0.20659,2.95774,-0.41992
2740.50000,-0.20153,2.95535,-0.44484
2740.55000,-0.19451,2.95185,-0.47671
2740.60000,-0.18649,2.94752,-0.51369
2740.65000,-0.17865,2.94286,-0.55579
2740.70000,-0.17115,2.93796,-0.59875
2740.75000,-0.16381,2.93291,-0.63006
2740.80000,-0.15667,2.92783,-0.63028
2740.85000,-0.15028,2.92332,-0.60908
2740.90000,-0.14806,2.92191,-0.56353
2740.95000,-0.14790,2.92181,-0.51038
2741.00000,-0.14782,2.92177,-0.45676
2741.05000,-0.14774,2.92173,-0.40335
2741.10000,-0.14763,2.92170,-0.36169
2741.15000,-0.14764,2.92177,-0.34919
2741.20000,-0.14582,2.92104,-0.35521
2741.25000,-0.14075,2.91897,-0.37759
2741.30000,-0.13371,2.91605,-0.40954
2741.35000,-0.12593,2.91249,-0.44810
2741.40000,-0.11741,2.90817,-0.48754
2741.45000,-0.10882,2.90340,-0.52602
2741.50000,-0.10127,2.89898,-0.54805
2741.55000,-0.09515,2.89538,-0.53815
2741.60000,-0.09030,2.89259,-0.50695
2741.65000,-0.08835,2.89155,-0.45709
2741.70000,-0.08809,2.89143,-0.39880
2741.75000,-0.08801,2.89140,-0.33954
2741.80000,-0.08799,2.89145,-0.29249
2741.85000,-0.08841,2.89189,-0.27401
2741.90000,-0.08767,2.89156,-0.27644
2741.95000,-0.08358,2.89028,-0.29475
2742.00000,-0.07692,2.88814,-0.32664
2742.05000,-0.06938,2.88541,-0.36560
2742.10000,-0.06138,2.88215,-0.40998
2742.15000,-0.05332,2.87843,-0.45464
2742.20000,-0.04582,2.87454,-0.50339
2742.25000,-0.03809,2.87002,-0.55469
2742.30000,-0.03006,2.86474,-0.60692
2742.35000,-0.02203,2.85884,-0.65999
2742.40000,-0.01429,2.85282,-0.70520
2742.45000,-0.00780,2.84772,-0.73914
2742.50000,-0.00373,2.84412,-0.76688
2742.55000,0.00070,2.84008,-0.77472
2742.60000,0.00357,2.83740,-0.77236
2742.65000,0.00516,2.83590,-0.78153
2742.70000,0.00658,2.83461,-0.80391
2742.75000,0.00810,2.83327,-0.84757
2742.80000,0.01121,2.82959,-0.89972
2742.85000,0.01562,2.82374,-0.95002
2742.90000,0.01812,2.82003,-1.01149
2742.95000,0.01934,2.81795,-1.08115
2743.00000,0.01977,2.81708,-1.15640
2743.05000,0.01982,2.81696,-1.23470
2743.10000,0.01984,2.81688,-1.31275
2743.15000,0.01986,2.81679,-1.39024
2743.20000,0.01987,2.81671,-1.46714
2743.25000,0.01988,2.81662,-1.54344
2743.30000,0.01988,2.81654,-1.61912
2743.35000,0.01987,2.81645,-1.69416
2743.40000,0.01986,2.81637,-1.76854
2743.45000,0.01984,2.81629,-1.84221
2743.50000,0.01981,2.81620,-1.91509
2743.55000,0.01978,2.81612,-1.98746
2743.60000,0.01974,2.81605,-2.05934
2743.65000,0.01970,2.81598,-2.13071
2743.70000,0.01965,2.81591,-2.20157
2743.75000,0.01960,2.81584,-2.27193
2743.80000,0.01955,2.81578,-2.34177
2743.85000,0.01949,2.81573,-2.41111
2743.90000,0.01943,2.81567,-2.47994
2743.95000,0.01936,2.81563,-2.54826
2744.00000,0.01929,2.81558,-2.61608
2744.05000,0.01922,2.81555,-2.68339
2744.10000,0.01915,2.81551,-2.75020
2744.15000,0.01908,2.81549,-2.81652
2744.20000,0.01900,2.81546,-2.88233
2744.25000,0.01893,2.81545,-2.94765
2744.30000,0.01885,2.81543,-3.01248
2744.35000,0.01878,2.81543,-3.07681
2744.40000,0.01870,2.81542,-3.14065
2744.45000,0.01863,2.81543,3.07919
2744.50000,0.01855,2.81543,3.01634
2744.55000,0.01848,2.81545,2.95400
2744.60000,0.01841,2.81548,2.90238
2744.65000,0.01631,2.81631,2.87171
2744.70000,0.01165,2.81772,2.85263
2744.75000,0.00476,2.81990,2.84332
2744.80000,-0.00334,2.82243,2.83962
2744.85000,-0.01282,2.82539,2.84211
2744.90000,-0.02246,2.82837,2.84571
2744.95000,-0.03212,2.83131,2.84986
2745.00000,-0.04181,2.83421,2.85456
2745.05000,-0.05153,2.83707,2.85993
2745.10000,-0.06128,2.83987,2.86584
2745.15000,-0.07107,2.84261,2.87236
2745.20000,-0.08089,2.84529,2.87954
2745.25000,-0.09073,2.84788,2.88729
2745.30000,-0.10063,2.85041,2.89569
2745.35000,-0.11056,2.85286,2.90473
2745.40000,-0.12052,2.85521,2.91432
2745.45000,-0.13050,2.85746,2.92417
2745.50000,-0.14003,2.85916,2.92390
2745.55000,-0.14804,2.85988,2.90045
2745.60000,-0.15388,2.86056,2.85725
2745.65000,-0.15838,2.86172,2.80019
2745.70000,-0.16147,2.86262,2.74410
2745.75000,-0.16504,2.86408,2.71518
2745.80000,-0.17110,2.86688,2.71536
2745.85000,-0.17964,2.87070,2.72739
2745.90000,-0.18906,2.87474,2.74460
2745.95000,-0.19858,2.87863,2.76174
2746.00000,-0.20821,2.88237,2.78022
2746.05000,-0.21776,2.88586,2.79997
2746.10000,-0.22737,2.88917,2.82056
2746.15000,-0.23703,2.89225,2.84191
2746.20000,-0.24671,2.89511,2.86453
2746.25000,-0.25627,2.89771,2.88783
2746.30000,-0.26539,2.89995,2.91244
2746.35000,-0.27455,2.90197,2.93722
2746.40000,-0.28375,2.90376,2.96199
2746.45000,-0.29299,2.90531,2.98728
2746.50000,-0.30226,2.90663,3.01282
2746.55000,-0.31153,2.90771,3.03961
2746.60000,-0.32080,2.90853,3.06723
2746.65000,-0.33009,2.90909,3.09495
2746.70000,-0.33954,2.90940,3.12246
2746.75000,-0.34882,2.90945,-3.13208
2746.80000,-0.35814,2.90923,-3.10492
2746.85000,-0.36794,2.90873,-3.07729
2746.90000,-0.37756,2.90811,-3.05965
2746.95000,-0.38712,2.90751,-3.06124
2747.00000,-0.39691,2.90665,-3.07349
2747.05000,-0.40699,2.90584,-3.09360
2747.10000,-0.41717,2.90547,-3.12761
2747.15000,-0.42573,2.90547,3.11043
2747.20000,-0.43199,2.90563,3.05569
2747.25000,-0.43575,2.90577,3.00121
2747.30000,-0.43947,2.90611,2.97044
2747.35000,-0.44426,2.90696,2.97514
2747.40000,-0.45153,2.90812,2.99298
2747.45000,-0.46060,2.90937,3.01825
2747.50000,-0.47001,2.91042,3.04766
2747.55000,-0.47931,2.91116,3.07771
2747.60000,-0.48854,2.91161,3.10813
2747.65000,-0.49780,2.91177,3.13948
2747.70000,-0.50703,2.91165,-3.11294
2747.75000,-0.51620,2.91124,-3.07898
2747.80000,-0.52535,2.91061,-3.05010
2747.85000,-0.53368,2.90998,-3.02906
2747.90000,-0.53868,2.90946,-3.01737
2747.95000,-0.54240,2.90902,-3.01684
2748.00000,-0.54646,2.90843,-2.99379
2748.05000,-0.55206,2.90747,-2.95626
2748.10000,-0.55889,2.90604,-2.91392
2748.15000,-0.56673,2.90403,-2.86755
2748.20000,-0.57517,2.90143,-2.81818
2748.25000,-0.58400,2.89822,-2.76683
2748.30000,-0.59303,2.89438,-2.71419
2748.35000,-0.60202,2.89000,-2.66170
2748.40000,-0.61076,2.88516,-2.60951
2748.45000,-0.61924,2.87986,-2.55752
2748.50000,-0.62744,2.87413,-2.50594
2748.55000,-0.63533,2.86800,-2.45519
2748.60000,-0.64255,2.86177,-2.40286
2748.65000,-0.64875,2.85580,-2.34734
2748.70000,-0.65463,2.84948,-2.29239
2748.75000,-0.65947,2.84369,-2.23663
2748.80000,-0.66211,2.84012,-2.17148
2748.85000,-0.66347,2.83800,-2.09871
2748.90000,-0.66412,2.83678,-2.02160
2748.95000,-0.66462,2.83565,-1.94446
2749.00000,-0.66500,2.83455,-1.86772
2749.05000,-0.66528,2.83350,-1.79140
2749.10000,-0.66547,2.83249,-1.71553
2749.15000,-0.66557,2.83150,-1.64020
2749.20000,-0.66561,2.83050,-1.56546
2749.25000,-0.66556,2.82951,-1.49133
2749.30000,-0.66545,2.82852,-1.41784
2749.35000,-0.66526,2.82754,-1.34501
2749.40000,-0.66500,2.82659,-1.27284
2749.45000,-0.66468,2.82565,-1.20137
2749.50000,-0.66429,2.82475,-1.13061
2749.55000,-0.66384,2.82388,-1.06056
2749.60000,-0.66334,2.82305,-0.99125
2749.65000,-0.66278,2.82226,-0.92269
2749.70000,-0.66218,2.82151,-0.85490
2749.75000,-0.66153,2.82081,-0.78787
2749.80000,-0.66084,2.82016,-0.72163
2749.85000,-0.66011,2.81956,-0.65618
2749.90000,-0.65935,2.81902,-0.59154
2749.95000,-0.65857,2.81853,-0.52771
2750.00000,-0.65776,2.81809,-0.46471
2750.05000,-0.65693,2.81771,-0.40253
2750.10000,-0.65609,2.81738,-0.34120
2750.15000,-0.65524,2.81710,-0.28071
2750.20000,-0.65438,2.81688,-0.22108
2750.25000,-0.65352,2.81672,-0.16230
2750.30000,-0.65265,2.81660,-0.10437
2750.35000,-0.65179,2.81653,-0.04731
2750.40000,-0.65094,2.81652,0.00889
2750.45000,-0.65009,2.81655,0.06427
2750.50000,-0.64926,2.81663,0.11890
2750.55000,-0.64845,2.81675,0.17278
2750.60000,-0.64764,2.81690,0.21707
2750.65000,-0.64667,2.81726,0.24417
2750.70000,-0.64438,2.81805,0.25650
2750.75000,-0.64032,2.81921,0.26065
2750.80000,-0.63471,2.82085,0.25741
2750.85000,-0.62739,2.82285,0.24647
2750.90000,-0.61833,2.82508,0.22747
2750.95000,-0.60902,2.82710,0.20365
2751.00000,-0.59979,2.82888,0.17958
2751.05000,-0.59052,2.83043,0.15508
2751.10000,-0.58123,2.83175,0.13043
2751.15000,-0.57191,2.83285,0.10562
2751.20000,-0.56257,2.83371,0.08039
2751.25000,-0.55322,2.83433,0.05500
2751.30000,-0.54386,2.83472,0.02973
2751.35000,-0.53449,2.83486,0.00390
2751.40000,-0.52513,2.83477,-0.02182
2751.45000,-0.51578,2.83443,-0.04783
2751.50000,-0.50645,2.83384,-0.07413
2751.55000,-0.49714,2.83301,-0.10030
2751.60000,-0.48784,2.83193,-0.12619
2751.65000,-0.47858,2.83061,-0.15210
2751.70000,-0.46935,2.82905,-0.17803
2751.75000,-0.46017,2.82726,-0.20418
2751.80000,-0.45102,2.82522,-0.22978
2751.85000,-0.44193,2.82295,-0.25524
2751.90000,-0.43290,2.82045,-0.28075
2751.95000,-0.42394,2.81772,-0.30626
2752.00000,-0.41504,2.81477,-0.33157
2752.05000,-0.40640,2.81180,-0.34292
2752.10000,-0.39912,2.80944,-0.32955
2752.15000,-0.39553,2.80836,-0.29936
2752.20000,-0.39417,2.80794,-0.25230
2752.25000,-0.39269,2.80758,-0.20425
2752.30000,-0.39156,2.80735,-0.17775
2752.35000,-0.38912,2.80684,-0.17322
2752.40000,-0.38403,2.80583,-0.17960
2752.45000,-0.37610,2.80427,-0.19976
2752.50000,-0.36711,2.80230,-0.22753
2752.55000,-0.35808,2.80006,-0.25552
2752.60000,-0.34914,2.79757,-0.28436
2752.65000,-0.34010,2.79495,-0.30359
2752.70000,-0.33118,2.79243,-0.30861
2752.75000,-0.32270,2.79015,-0.30212
2752.80000,-0.31526,2.78811,-0.28996
2752.85000,-0.30891,2.78632,-0.27262
2752.90000,-0.30360,2.78490,-0.25057
2752.95000,-0.29944,2.78399,-0.22154
2753.00000,-0.29849,2.78388,-0.17878
2753.05000,-0.29825,2.78384,-0.13581
2753.10000,-0.29812,2.78384,-0.10731
2753.15000,-0.29635,2.78351,-0.09820
2753.20000,-0.29183,2.78292,-0.10303
2753.25000,-0.28465,2.78204,-0.12157
2753.30000,-0.27561,2.78080,-0.14955
2753.35000,-0.26645,2.77929,-0.17854
2753.40000,-0.25735,2.77751,-0.20747
2753.45000,-0.24829,2.77547,-0.23578
2753.50000,-0.23932,2.77317,-0.26542
2753.55000,-0.23023,2.77064,-0.28392
2753.60000,-0.22129,2.76815,-0.28177
2753.65000,-0.21491,2.76654,-0.26292
2753.70000,-0.21134,2.76582,-0.23315
2753.75000,-0.20852,2.76524,-0.20195
2753.80000,-0.20709,2.76504,-0.16015
2753.85000,-0.20658,2.76496,-0.11805
2753.90000,-0.20582,2.76491,-0.08754
2753.95000,-0.20498,2.76480,-0.07503
2754.00000,-0.20256,2.76456,-0.07126
2754.05000,-0.19815,2.76412,-0.07874
2754.10000,-0.19089,2.76338,-0.10114
2754.15000,-0.18175,2.76230,-0.13244
2754.20000,-0.17264,2.76094,-0.16390
2754.25000,-0.16357,2.75929,-0.19555
2754.30000,-0.15455,2.75736,-0.22723
2754.35000,-0.14562,2.75527,-0.24454
2754.40000,-0.13695,2.75321,-0.24307
2754.45000,-0.13082,2.75188,-0.22620
2754.50000,-0.12752,2.75140,-0.19431
2754.55000,-0.12591,2.75120,-0.15418
2754.60000,-0.12471,2.75105,-0.11210
2754.65000,-0.12395,2.75097,-0.07245
2754.70000,-0.12292,2.75094,-0.03215
2754.75000,-0.12251,2.75093,-0.00462
2754.80000,-0.12191,2.75095,0.00827
2754.85000,-0.11902,2.75101,0.00684
2754.90000,-0.11301,2.75100,-0.01089
2754.95000,-0.10463,2.75078,-0.04142
2755.00000,-0.09547,2.75024,-0.07438
2755.05000,-0.08636,2.74941,-0.10840
2755.10000,-0.07728,2.74826,-0.14234
2755.15000,-0.06826,2.74681,-0.17694
2755.20000,-0.05922,2.74515,-0.20499
2755.25000,-0.05006,2.74325,-0.21538
2755.30000,-0.04197,2.74153,-0.21135
2755.35000,-0.03466,2.74000,-0.20228
2755.40000,-0.03148,2.73948,-0.19404
2755.45000,-0.02965,2.73923,-0.18622
2755.50000,-0.02827,2.73906,-0.15654
2755.55000,-0.02813,2.73912,-0.13419
2755.60000,-0.02784,2.73914,-0.12006
2755.65000,-0.02769,2.73914,-0.10553
2755.70000,-0.02771,2.73916,-0.09636
2755.75000,-0.02756,2.73913,-0.08919
2755.80000,-0.02746,2.73902,-0.10526
2755.85000,-0.02534,2.73869,-0.13663
2755.90000,-0.02090,2.73796,-0.17872
2755.95000,-0.01487,2.73672,-0.22556
2756.00000,-0.00776,2.73509,-0.26490
2756.05000,-0.00038,2.73315,-0.28678
2756.10000,0.00464,2.73200,-0.29581
2756.15000,0.00735,2.73141,-0.32010
2756.20000,0.01174,2.72985,-0.35675
2756.25000,0.01755,2.72758,-0.39961
2756.30000,0.02452,2.72443,-0.44601
2756.35000,0.03189,2.72096,-0.48649
2756.40000,0.03822,2.71807,-0.51692
2756.45000,0.04270,2.71540,-0.55474
2756.50000,0.04741,2.71249,-0.59036
2756.55000,0.05249,2.70915,-0.60575
2756.60000,0.05667,2.70646,-0.60553
2756.65000,0.05948,2.70478,-0.62432
2756.70000,0.06260,2.70251,-0.64495
2756.75000,0.06522,2.70056,-0.65620
2756.80000,0.06800,2.69832,-0.68326
2756.85000,0.07172,2.69530,-0.70753
2756.90000,0.07592,2.69173,-0.71013
2756.95000,0.07923,2.68892,-0.69235
2757.00000,0.08023,2.68812,-0.66164
2757.05000,0.08060,2.68787,-0.63947
2757.10000,0.08070,2.68792,-0.64091
2757.15000,0.08289,2.68623,-0.66451
2757.20000,0.08706,2.68283,-0.69955
2757.25000,0.09277,2.67783,-0.73851
2757.30000,0.09881,2.67233,-0.77260
2757.35000,0.10506,2.66647,-0.78674
2757.40000,0.11002,2.66154,-0.77862
2757.45000,0.11405,2.65762,-0.76412
2757.50000,0.11717,2.65468,-0.74380
2757.55000,0.11933,2.65274,-0.71749
2757.60000,0.12066,2.65164,-0.69910
2757.65000,0.12192,2.65065,-0.69848
2757.70000,0.12327,2.64960,-0.70880
2757.75000,0.12644,2.64686,-0.72249
2757.80000,0.12928,2.64438,-0.73367
2757.85000,0.13132,2.64252,-0.74974
2757.90000,0.13360,2.64038,-0.74874
2757.95000,0.13537,2.63873,-0.74046
2758.00000,0.13661,2.63760,-0.73652
2758.05000,0.13776,2.63652,-0.71865
2758.10000,0.13868,2.63567,-0.68607
2758.15000,0.13943,2.63509,-0.65014
2758.20000,0.14027,2.63447,-0.63231
2758.25000,0.14153,2.63357,-0.64085
2758.30000,0.14397,2.63172,-0.64846
2758.35000,0.14598,2.63027,-0.65385
2758.40000,0.14727,2.62935,-0.66517
2758.45000,0.14835,2.62852,-0.67074
2758.50000,0.15080,2.62648,-0.69093
2758.55000,0.15536,2.62259,-0.71983
2758.60000,0.16114,2.61734,-0.75552
2758.65000,0.16717,2.61165,-0.78642
2758.70000,0.17320,2.60591,-0.80066
2758.75000,0.17836,2.60087,-0.79809
2758.80000,0.18181,2.59730,-0.79776
2758.85000,0.18500,2.59397,-0.78818
2758.90000,0.18818,2.59068,-0.76739
2758.95000,0.18997,2.58899,-0.73411
2759.00000,0.19075,2.58832,-0.69477
2759.05000,0.19154,2.58769,-0.65529
2759.10000,0.19229,2.58713,-0.63299
2759.15000,0.19372,2.58607,-0.64175
2759.20000,0.19730,2.58332,-0.66411
2759.25000,0.20263,2.57901,-0.69445
2759.30000,0.20914,2.57339,-0.73014
2759.35000,0.21613,2.56687,-0.77029
2759.40000,0.22237,2.56071,-0.79765
2759.45000,0.22786,2.55513,-0.79501
2759.50000,0.23256,2.55042,-0.77777
2759.55000,0.23633,2.54678,-0.75415
2759.60000,0.23909,2.54426,-0.72416
2759.65000,0.24029,2.54322,-0.68536
2759.70000,0.24096,2.54270,-0.64344
2759.75000,0.24165,2.54223,-0.61645
2759.80000,0.24273,2.54152,-0.61829
2759.85000,0.24651,2.53876,-0.63802
2759.90000,0.25214,2.53446,-0.66641
2759.95000,0.25895,2.52892,-0.70059
2760.00000,0.26613,2.52262,-0.73968
2760.05000,0.27277,2.51656,-0.77469
2760.10000,0.27951,2.51035,-0.79373
2760.15000,0.28649,2.50382,-0.79212
2760.20000,0.29278,2.49760,-0.78058
2760.25000,0.29729,2.49322,-0.75787
2760.30000,0.29973,2.49097,-0.72283
2760.35000,0.30037,2.49043,-0.67750
2760.40000,0.30081,2.49009,-0.63083
2760.45000,0.30125,2.48979,-0.58401
2760.50000,0.30168,2.48954,-0.54798
2760.55000,0.30183,2.48956,-0.53308
2760.60000,0.30357,2.48851,-0.53913
2760.65000,0.30816,2.48568,-0.56226
2760.70000,0.31452,2.48152,-0.59619
2760.75000,0.32166,2.47646,-0.63538
2760.80000,0.32880,2.47098,-0.67482
2760.85000,0.33582,2.46534,-0.70542
2760.90000,0.34316,2.45931,-0.71674
2760.95000,0.35088,2.45286,-0.71216
2761.00000,0.35871,2.44625,-0.69969
2761.05000,0.36617,2.44008,-0.68143
2761.10000,0.37304,2.43463,-0.65802
2761.15000,0.37792,2.43097,-0.62685
2761.20000,0.38001,2.42969,-0.59829
2761.25000,0.38120,2.42919,-0.58941
2761.30000,0.38188,2.42920,-0.60042
2761.35000,0.38410,2.42763,-0.63567
2761.40000,0.38782,2.42475,-0.68138
2761.45000,0.39232,2.42090,-0.73230
2761.50000,0.39716,2.41630,-0.78720
2761.55000,0.40229,2.41085,-0.84400
2761.60000,0.40725,2.40493,-0.90331
2761.65000,0.41206,2.39843,-0.96367
2761.70000,0.41667,2.39135,-1.02432
2761.75000,0.42084,2.38398,-1.08550
2761.80000,0.42455,2.37639,-1.14715
2761.85000,0.42780,2.36856,-1.20784
2761.90000,0.43070,2.36048,-1.25177
2761.95000,0.43340,2.35203,-1.26541
2762.00000,0.43617,2.34329,-1.25740
2762.05000,0.43868,2.33560,-1.22621
2762.10000,0.43983,2.33142,-1.19020
2762.15000,0.44060,2.32801,-1.18019
2762.20000,0.44134,2.32496,-1.19542
2762.25000,0.44290,2.32082,-1.23058
2762.30000,0.44479,2.31512,-1.27317
2762.35000,0.44665,2.30849,-1.32160
2762.40000,0.44823,2.30135,-1.35444
2762.45000,0.44979,2.29391,-1.35839
2762.50000,0.45127,2.28693,-1.33685
2762.55000,0.45236,2.28193,-1.29234
2762.60000,0.45277,2.28060,-1.23709
2762.65000,0.45284,2.28041,-1.18946
2762.70000,0.45274,2.28046,-1.16443
2762.75000,0.45257,2.28064,-1.16858
2762.80000,0.45353,2.27874,-1.19101
2762.85000,0.45535,2.27391,-1.22897
2762.90000,0.45739,2.26774,-1.27334
2762.95000,0.45945,2.26041,-1.32173
2763.00000,0.46127,2.25237,-1.37350
2763.05000,0.46275,2.24382,-1.42616
2763.10000,0.46385,2.23503,-1.46510
2763.15000,0.46480,2.22565,-1.47968
2763.20000,0.46570,2.21559,-1.47188
2763.25000,0.46642,2.20795,-1.44119
2763.30000,0.46699,2.20403,-1.39502
2763.35000,0.46730,2.20248,-1.33869
2763.40000,0.46735,2.20227,-1.27624
2763.45000,0.46741,2.20209,-1.21322
2763.50000,0.46751,2.20190,-1.16070
2763.55000,0.46742,2.20196,-1.13183
2763.60000,0.46738,2.20200,-1.13265
2763.65000,0.46897,2.19884,-1.15617
2763.70000,0.47119,2.19354,-1.19183
2763.75000,0.47369,2.18685,-1.23370
2763.80000,0.47622,2.17907,-1.27986
2763.85000,0.47851,2.17067,-1.32907
2763.90000,0.48040,2.16209,-1.37748
2763.95000,0.48189,2.15341,-1.42542
2764.00000,0.48295,2.14468,-1.47356
2764.05000,0.48365,2.13573,-1.50888
2764.10000,0.48411,2.12621,-1.52021
2764.15000,0.48454,2.11620,-1.51003
2764.20000,0.48510,2.10787,-1.48091
2764.25000,0.48574,2.10190,-1.44178
2764.30000,0.48626,2.09848,-1.39257
2764.35000,0.48642,2.09765,-1.33314
2764.40000,0.48647,2.09748,-1.27119
2764.45000,0.48655,2.09732,-1.22019
2764.50000,0.48666,2.09715,-1.18449
2764.55000,0.48687,2.09692,-1.15754
2764.60000,0.48707,2.09667,-1.15078
2764.65000,0.48770,2.09527,-1.15922
2764.70000,0.48889,2.09252,-1.17378
2764.75000,0.49077,2.08794,-1.19634
2764.80000,0.49333,2.08112,-1.22808
2764.85000,0.49635,2.07212,-1.26895
2764.90000,0.49912,2.06252,-1.31106
2764.95000,0.50149,2.05280,-1.35285
2765.00000,0.50319,2.04459,-1.37294
2765.05000,0.50436,2.03889,-1.35873
2765.10000,0.50527,2.03494,-1.32024
2765.15000,0.50588,2.03276,-1.26655
2765.20000,0.50603,2.03231,-1.20488
2765.25000,0.50611,2.03219,-1.15366
2765.30000,0.50619,2.03209,-1.11495
2765.35000,0.50617,2.03212,-1.08163
2765.40000,0.50591,2.03243,-1.06544
2765.45000,0.50555,2.03285,-1.05119
2765.50000,0.50507,2.03338,-1.03831
2765.55000,0.50449,2.03403,-1.02726
2765.60000,0.50384,2.03476,-1.02227
2765.65000,0.50345,2.03523,-1.02538
2765.70000,0.50406,2.03422,-1.03942
2765.75000,0.50573,2.03132,-1.06225
2765.80000,0.50842,2.02633,-1.09421
2765.85000,0.51197,2.01910,-1.13593
2765.90000,0.51538,2.01123,-1.18667
2765.95000,0.51884,2.00201,-1.23523
2766.00000,0.52190,1.99252,-1.28276
2766.05000,0.52450,1.98290,-1.33042
2766.10000,0.52639,1.97410,-1.36320
2766.15000,0.52808,1.96559,-1.36768
2766.20000,0.52972,1.95726,-1.35110
2766.25000,0.53078,1.95186,-1.30962
2766.30000,0.53122,1.95033,-1.25648
2766.35000,0.53126,1.95021,-1.19731
2766.40000,0.53131,1.95009,-1.13804
2766.45000,0.53137,1.94998,-1.07862
2766.50000,0.53146,1.94986,-1.03017
2766.55000,0.53161,1.94976,-1.00655
2766.60000,0.53230,1.94887,-1.01636
2766.65000,0.53472,1.94481,-1.04296
2766.70000,0.53818,1.93866,-1.07624
2766.75000,0.54198,1.93126,-1.11553
2766.80000,0.54583,1.92293,-1.15890
2766.85000,0.54962,1.91369,-1.20307
2766.90000,0.55301,1.90428,-1.24732
2766.95000,0.55568,1.89562,-1.27632
2767.00000,0.55817,1.88717,-1.27768
2767.05000,0.56034,1.87985,-1.25563
2767.10000,0.56203,1.87495,-1.21188
2767.15000,0.56307,1.87236,-1.15518
2767.20000,0.56326,1.87195,-1.08835
2767.25000,0.56333,1.87183,-1.01971
2767.30000,0.56343,1.87171,-0.96230
2767.35000,0.56364,1.87154,-0.92425
2767.40000,0.56383,1.87146,-0.91301
2767.45000,0.56496,1.87014,-0.92441
2767.50000,0.56851,1.86535,-0.95405
2767.55000,0.57306,1.85871,-0.98972
2767.60000,0.57800,1.85084,-1.02968
2767.65000,0.58259,1.84278,-1.07425
2767.70000,0.58717,1.83389,-1.11634
2767.75000,0.59136,1.82482,-1.15845
2767.80000,0.59458,1.81696,-1.20775
2767.85000,0.59620,1.81230,-1.26778
2767.90000,0.59691,1.80975,-1.33626
2767.95000,0.59713,1.80869,-1.41046
2768.00000,0.59716,1.80850,-1.48757
2768.05000,0.59716,1.80835,-1.56408
2768.10000,0.59716,1.80819,-1.63975
2768.15000,0.59714,1.80804,-1.71457
2768.20000,0.59711,1.80789,-1.78853
2768.25000,0.59707,1.80774,-1.86161
2768.30000,0.59702,1.80759,-1.93378
2768.35000,0.59696,1.80745,-2.00504
2768.40000,0.59689,1.80731,-2.07538
2768.45000,0.59681,1.80717,-2.14497
2768.50000,0.59673,1.80705,-2.21388
2768.55000,0.59663,1.80693,-2.28209
2768.60000,0.59653,1.80681,-2.34959
2768.65000,0.59641,1.80671,-2.41638
2768.70000,0.59630,1.80661,-2.48245
2768.75000,0.59618,1.80652,-2.54779
2768.80000,0.59605,1.80644,-2.61237
2768.85000,0.59592,1.80637,-2.67610
2768.90000,0.59578,1.80631,-2.73877
2768.95000,0.59564,1.80626,-2.80036
2769.00000,0.59550,1.80621,-2.86086
2769.05000,0.59535,1.80617,-2.92027
2769.10000,0.59521,1.80614,-2.97863
2769.15000,0.59506,1.80612,-3.03615
2769.20000,0.59491,1.80611,-3.09282
2769.25000,0.59476,1.80611,3.13455
2769.30000,0.59462,1.80611,3.07958
2769.35000,0.59447,1.80613,3.02548
2769.40000,0.59433,1.80615,2.97223
2769.45000,0.59418,1.80618,2.91986
2769.50000,0.59404,1.80621,2.86836
2769.55000,0.59390,1.80626,2.81775
2769.60000,0.59377,1.80630,2.76803
2769.65000,0.59363,1.80636,2.71920
2769.70000,0.59350,1.80642,2.67126
2769.75000,0.59338,1.80649,2.62422
2769.80000,0.59161,1.80768,2.57788
2769.85000,0.58641,1.81115,2.53365
2769.90000,0.57918,1.81642,2.49115
2769.95000,0.57207,1.82212,2.44444
2770.00000,0.56455,1.82870,2.40098
2770.05000,0.55731,1.83560,2.35832
2770.10000,0.55038,1.84280,2.31624
2770.15000,0.54375,1.85029,2.27471
2770.20000,0.53744,1.85805,2.23341
2770.25000,0.53151,1.86600,2.19166
2770.30000,0.52591,1.87421,2.14936
2770.35000,0.52081,1.88244,2.10486
2770.40000,0.51605,1.89098,2.05884
2770.45000,0.51182,1.89918,2.01321
2770.50000,0.51116,1.90148,1.96435
2770.55000,0.51103,1.90181,1.90373
2770.60000,0.51102,1.90184,1.83848
2770.65000,0.51102,1.90188,1.77390
2770.70000,0.51101,1.90191,1.71038
2770.75000,0.51101,1.90195,1.64502
2770.80000,0.51100,1.90198,1.57680
2770.85000,0.51101,1.90202,1.50523
2770.90000,0.51103,1.90206,1.44290
2770.95000,0.51098,1.90200,1.39722
2771.00000,0.51120,1.90231,1.36139
2771.05000,0.51254,1.90660,1.34395
2771.10000,0.51449,1.91410,1.34126
2771.15000,0.51671,1.92380,1.34987
2771.20000,0.51886,1.93357,1.35870
2771.25000,0.52090,1.94328,1.36855
2771.30000,0.52282,1.95293,1.37875
2771.35000,0.52463,1.96253,1.38969
2771.40000,0.52633,1.97210,1.40124
2771.45000,0.52790,1.98165,1.41368
2771.50000,0.52936,1.99122,1.42655
2771.55000,0.53068,2.00079,1.44012
2771.60000,0.53188,2.01038,1.45380
2771.65000,0.53293,2.01995,1.46825
2771.70000,0.53385,2.02957,1.48260
2771.75000,0.53465,2.03953,1.49633
2771.80000,0.53531,2.04929,1.51170
2771.85000,0.53582,2.05930,1.52789
2771.90000,0.53617,2.06937,1.54473
2771.95000,0.53635,2.07973,1.56112
2772.00000,0.53637,2.09016,1.57833
2772.05000,0.53621,2.10038,1.59525
2772.10000,0.53587,2.11064,1.61382
2772.15000,0.53534,2.12094,1.63302
2772.20000,0.53460,2.13135,1.65212
2772.25000,0.53368,2.14163,1.67189
2772.30000,0.53254,2.15195,1.69310
2772.35000,0.53120,2.16218,1.71519
2772.40000,0.52962,2.17240,1.73774
2772.45000,0.52805,2.18216,1.74966
2772.50000,0.52662,2.19174,1.74811
2772.55000,0.52534,2.20115,1.73815
2772.60000,0.52452,2.20845,1.72312
2772.65000,0.52369,2.21362,1.72156
2772.70000,0.52263,2.21954,1.73955
2772.75000,0.52119,2.22715,1.76866
2772.80000,0.51935,2.23555,1.80538
2772.85000,0.51710,2.24414,1.84906
2772.90000,0.51457,2.25224,1.89987
2772.95000,0.51166,2.26005,1.95528
2773.00000,0.50802,2.26836,2.01082
2773.05000,0.50423,2.27656,2.05838
2773.10000,0.50037,2.28477,2.08761
2773.15000,0.49675,2.29269,2.09250
2773.20000,0.49341,2.29958,2.07280
2773.25000,0.49090,2.30438,2.02622
2773.30000,0.48924,2.30803,1.96561
2773.35000,0.48752,2.31257,1.90188
2773.40000,0.48590,2.31787,1.83628
2773.45000,0.48460,2.32335,1.76794
2773.50000,0.48364,2.32923,1.69856
2773.55000,0.48312,2.33489,1.62667
2773.60000,0.48301,2.34054,1.55351
2773.65000,0.48334,2.34657,1.48098
2773.70000,0.48406,2.35227,1.40684
2773.75000,0.48517,2.35769,1.33152
2773.80000,0.48656,2.36255,1.25409
2773.85000,0.48810,2.36670,1.17410
2773.90000,0.48992,2.37060,1.09344
2773.95000,0.49182,2.37432,1.02371
2774.00000,0.49396,2.37823,0.97654
2774.05000,0.49559,2.38075,0.95309
2774.10000,0.49620,2.38158,0.91006
2774.15000,0.49679,2.38229,0.85203
2774.20000,0.49760,2.38314,0.78437
2774.25000,0.49916,2.38459,0.71283
2774.30000,0.50134,2.38633,0.63846
2774.35000,0.50415,2.38825,0.56270
2774.40000,0.50736,2.39011,0.48547
2774.45000,0.51095,2.39182,0.40745
2774.50000,0.51490,2.39335,0.32908
2774.55000,0.51910,2.39460,0.25037
2774.60000,0.52349,2.39553,0.17143
2774.65000,0.52810,2.39615,0.09265
2774.70000,0.53289,2.39640,0.01412
2774.75000,0.53774,2.39628,-0.06443
2774.80000,0.54274,2.39576,-0.14246
2774.85000,0.54770,2.39485,-0.22053
2774.90000,0.55261,2.39354,-0.29851
2774.95000,0.55751,2.39182,-0.37612
2775.00000,0.56226,2.38973,-0.45376
2775.05000,0.56668,2.38735,-0.53208
2775.10000,0.57067,2.38478,-0.61140
2775.15000,0.57453,2.38185,-0.69041
2775.20000,0.57826,2.37851,-0.76884
2775.25000,0.58178,2.37482,-0.84691
2775.30000,0.58511,2.37075,-0.92438
2775.35000,0.58824,2.36625,-1.00102
2775.40000,0.59104,2.36149,-1.07751
2775.45000,0.59350,2.35647,-1.15368
2775.50000,0.59555,2.35131,-1.22998
2775.55000,0.59720,2.34601,-1.30630
2775.60000,0.59845,2.34061,-1.38264
2775.65000,0.59928,2.33510,-1.45888
2775.70000,0.59969,2.32955,-1.53513
2775.75000,0.59967,2.32402,-1.61150
2775.80000,0.59923,2.31845,-1.68768
2775.85000,0.59868,2.31303,-1.75428
2775.90000,0.59817,2.30768,-1.80662
2775.95000,0.59709,2.30258,-1.84356
2776.00000,0.59572,2.29793,-1.87477
2776.05000,0.59425,2.29348,-1.90421
2776.10000,0.59270,2.28922,-1.93229
2776.15000,0.59108,2.28512,-1.95884
2776.20000,0.58941,2.28117,-1.98406
2776.25000,0.58769,2.27737,-2.00771
2776.30000,0.58593,2.27371,-2.02997
2776.35000,0.58415,2.27022,-2.05087
2776.40000,0.58240,2.26694,-2.07041
2776.45000,0.58068,2.26386,-2.08868
2776.50000,0.57900,2.26098,-2.10580
2776.55000,0.57736,2.25828,-2.12153
2776.60000,0.57577,2.25574,-2.13598
2776.65000,0.57424,2.25337,-2.14924
2776.70000,0.57277,2.25114,-2.16154
2776.75000,0.57136,2.24906,-2.17279
2776.80000,0.57000,2.24712,-2.18285
2776.85000,0.56871,2.24530,-2.19193
2776.90000,0.56748,2.24359,-2.19994
2776.95000,0.56631,2.24199,-2.20683
2777.00000,0.56519,2.24048,-2.21280
2777.05000,0.56411,2.23905,-2.21783
2777.10000,0.56307,2.23769,-2.22195
2777.15000,0.56207,2.23639,-2.22520
2777.20000,0.56110,2.23512,-2.22751
2777.25000,0.56015,2.23392,-2.22905
2777.30000,0.55922,2.23272,-2.22967
2777.35000,0.55830,2.23152,-2.22950
2777.40000,0.55738,2.23034,-2.22847
2777.45000,0.55646,2.22916,-2.22664
2777.50000,0.55555,2.22798,-2.22411
2777.55000,0.55467,2.22683,-2.22075
2777.60000,0.55382,2.22570,-2.21674
2777.65000,0.55299,2.22460,-2.21217
2777.70000,0.55220,2.22354,-2.20703
2777.75000,0.55145,2.22251,-2.20129
2777.80000,0.55073,2.22153,-2.19499
2777.85000,0.55005,2.22057,-2.18815
2777.90000,0.54938,2.21963,-2.18085
2777.95000,0.54876,2.21873,-2.17302
2778.00000,0.54816,2.21786,-2.16471
2778.05000,0.54759,2.21702,-2.15599
2778.10000,0.54706,2.21621,-2.14676
2778.15000,0.54656,2.21543,-2.13715
2778.20000,0.54608,2.21467,-2.12714
2778.25000,0.54562,2.21395,-2.11679
2778.30000,0.54521,2.21326,-2.10603
2778.35000,0.54482,2.21260,-2.09494
2778.40000,0.54446,2.21197,-2.08362
2778.45000,0.54413,2.21139,-2.07203
2778.50000,0.54390,2.21096,-2.06073
2778.55000,0.54365,2.21048,-2.04882
2778.60000,0.54348,2.21016,-2.03723
2778.65000,0.54326,2.20970,-2.02489
2778.70000,0.54305,2.20928,-2.01232
2778.75000,0.54293,2.20901,-2.00019
2778.80000,0.54286,2.20886,-1.98845
2778.85000,0.54281,2.20874,-1.97679
2778.90000,0.54277,2.20864,-1.96535
2778.95000,0.54274,2.20856,-1.95437
2779.00000,0.54271,2.20850,-1.94431
2779.05000,0.54270,2.20846,-1.93608
2779.10000,0.54268,2.20842,-1.93183
2779.15000,0.54154,2.20675,-1.92915
2779.20000,0.53942,2.20232,-1.93693
2779.25000,0.53827,2.19944,-1.96993
2779.30000,0.53796,2.19873,-2.01755
2779.35000,0.53794,2.19868,-2.06975
2779.40000,0.53791,2.19863,-2.12242
2779.45000,0.53787,2.19857,-2.17516
2779.50000,0.53782,2.19850,-2.22778
2779.55000,0.53776,2.19843,-2.28014
2779.60000,0.53770,2.19836,-2.33216
2779.65000,0.53763,2.19829,-2.38375
2779.70000,0.53755,2.19822,-2.43490
2779.75000,0.53746,2.19815,-2.48555
2779.80000,0.53737,2.19808,-2.53569
2779.85000,0.53727,2.19802,-2.58529
2779.90000,0.53716,2.19796,-2.63433
2779.95000,0.53705,2.19790,-2.68278
2780.00000,0.53694,2.19784,-2.73063
2780.05000,0.53682,2.19779,-2.77786
2780.10000,0.53669,2.19775,-2.82447
2780.15000,0.53664,2.19775,-2.87072
2780.20000,0.53659,2.19775,-2.91637
2780.25000,0.53646,2.19772,-2.96103
2780.30000,0.53632,2.19770,-3.00503
2780.35000,0.53619,2.19769,-3.04837
2780.40000,0.53605,2.19768,-3.09103
2780.45000,0.53591,2.19767,-3.13303
2780.50000,0.53577,2.19767,3.10884
2780.55000,0.53563,2.19768,3.06821
2780.60000,0.53549,2.19769,3.02829
2780.65000,0.53535,2.19771,2.98909
2780.70000,0.53327,2.19827,2.95040
2780.75000,0.52603,2.19982,2.91500
2780.80000,0.51759,2.20195,2.87512
2780.85000,0.50897,2.20449,2.83470
2780.90000,0.50044,2.20738,2.79506
2780.95000,0.49201,2.21061,2.75621
2781.00000,0.48369,2.21417,2.71810
2781.05000,0.47550,2.21805,2.68069
2781.10000,0.46744,2.22224,2.64396
2781.15000,0.45953,2.22672,2.60784
2781.20000,0.45177,2.23150,2.57229
2781.25000,0.44417,2.23655,2.53727
2781.30000,0.43675,2.24187,2.50265
2781.35000,0.42950,2.24745,2.46826
2781.40000,0.42246,2.25327,2.43381
2781.45000,0.41563,2.25932,2.39884
2781.50000,0.40905,2.26559,2.36252
2781.55000,0.40277,2.27203,2.32378
2781.60000,0.39689,2.27858,2.28095
2781.65000,0.39149,2.28493,2.23824
2781.70000,0.39011,2.28680,2.18985
2781.75000,0.38967,2.28745,2.12927
2781.80000,0.38966,2.28748,2.06526
2781.85000,0.38965,2.28750,2.00485
2781.90000,0.38964,2.28752,1.94757
2781.95000,0.38963,2.28754,1.89173
2782.00000,0.38963,2.28756,1.83713
2782.05000,0.38962,2.28758,1.78385
2782.10000,0.38962,2.28760,1.73193
2782.15000,0.38961,2.28762,1.68163
2782.20000,0.38956,2.28771,1.64119
2782.25000,0.38930,2.28845,1.62048
2782.30000,0.38898,2.29195,1.61645
2782.35000,0.38857,2.29802,1.62431
2782.40000,0.38795,2.30738,1.64586
2782.45000,0.38709,2.31728,1.67062
2782.50000,0.38602,2.32704,1.69666
2782.55000,0.38472,2.33628,1.72347
2782.60000,0.38318,2.34549,1.75024
2782.65000,0.38139,2.35464,1.77726
2782.70000,0.37935,2.36373,1.80472
2782.75000,0.37707,2.37276,1.83210
2782.80000,0.37454,2.38173,1.85922
2782.85000,0.37177,2.39062,1.88675
2782.90000,0.36875,2.39943,1.91419
2782.95000,0.36550,2.40815,1.94195
2783.00000,0.36200,2.41678,1.96948
2783.05000,0.35827,2.42531,1.99718
2783.10000,0.35430,2.43374,2.02448
2783.15000,0.35011,2.44205,2.05207
2783.20000,0.34568,2.45025,2.07935
2783.25000,0.34104,2.45832,2.10672
2783.30000,0.33617,2.46626,2.13432
2783.35000,0.33109,2.47406,2.16181
2783.40000,0.32579,2.48173,2.18881
2783.45000,0.32028,2.48926,2.21578
2783.50000,0.31458,2.49663,2.24290
2783.55000,0.30868,2.50385,2.26992
2783.60000,0.30259,2.51105,2.28959
2783.65000,0.29699,2.51763,2.28063
2783.70000,0.29379,2.52150,2.24297
2783.75000,0.29235,2.52339,2.19152
2783.80000,0.29223,2.52356,2.13241
2783.85000,0.29218,2.52366,2.08399
2783.90000,0.29178,2.52426,2.05947
2783.95000,0.29019,2.52719,2.05894
2784.00000,0.28716,2.53276,2.07102
2784.05000,0.28243,2.54116,2.09625
2784.10000,0.27692,2.55035,2.12576
2784.15000,0.27114,2.55939,2.15480
2784.20000,0.26510,2.56824,2.18362
2784.25000,0.25881,2.57692,2.21279
2784.30000,0.25338,2.58427,2.22546
2784.35000,0.24969,2.58924,2.20868
2784.40000,0.24755,2.59214,2.19552
2784.45000,0.24548,2.59496,2.21153
2784.50000,0.24263,2.59866,2.24327
2784.55000,0.23822,2.60400,2.28045
2784.60000,0.23293,2.60990,2.32365
2784.65000,0.22677,2.61619,2.36993
2784.70000,0.21994,2.62254,2.41848
2784.75000,0.21255,2.62873,2.46946
2784.80000,0.20459,2.63474,2.51922
2784.85000,0.19694,2.64002,2.55260
2784.90000,0.19129,2.64361,2.57425
2784.95000,0.18568,2.64705,2.60906
2785.00000,0.17896,2.65082,2.65054
2785.05000,0.17121,2.65475,2.69569
2785.10000,0.16322,2.65837,2.72845
2785.15000,0.15739,2.66069,2.75065
2785.20000,0.15188,2.66290,2.78509
2785.25000,0.14448,2.66550,2.82404
2785.30000,0.13725,2.66769,2.84943
2785.35000,0.13141,2.66930,2.86239
2785.40000,0.12545,2.67096,2.89135
2785.45000,0.11928,2.67217,2.91351
2785.50000,0.11392,2.67254,2.91107
2785.55000,0.10949,2.67228,2.88325
2785.60000,0.10764,2.67220,2.83645
2785.65000,0.10748,2.67226,2.78109
2785.70000,0.10740,2.67229,2.72502
2785.75000,0.10731,2.67236,2.68001
2785.80000,0.10695,2.67277,2.66079
2785.85000,0.10575,2.67387,2.66888
2785.90000,0.10162,2.67604,2.69525
2785.95000,0.09546,2.67886,2.73027
2786.00000,0.08789,2.68199,2.77078
2786.05000,0.07919,2.68517,2.81517
2786.10000,0.06980,2.68811,2.86167
2786.15000,0.06015,2.69065,2.90754
2786.20000,0.05038,2.69275,2.95368
2786.25000,0.04052,2.69439,2.99812
2786.30000,0.03059,2.69561,3.04172
2786.35000,0.02113,2.69630,3.07172
2786.40000,0.01257,2.69649,3.07667
2786.45000,0.00464,2.69620,3.06732
2786.50000,-0.00178,2.69602,3.03522
2786.55000,-0.00463,2.69607,2.98579
2786.60000,-0.00526,2.69617,2.92699
2786.65000,-0.00540,2.69620,2.86673
2786.70000,-0.00556,2.69629,2.81624
2786.75000,-0.00600,2.69670,2.78270
2786.80000,-0.00678,2.69749,2.76615
2786.85000,-0.00781,2.69857,2.76250
2786.90000,-0.01009,2.70027,2.77753
2786.95000,-0.01461,2.70259,2.80273
2787.00000,-0.02146,2.70538,2.83696
2787.05000,-0.03052,2.70806,2.88018
2787.10000,-0.04038,2.71045,2.92633
2787.15000,-0.05035,2.71244,2.97150
2787.20000,-0.06036,2.71390,3.01602
2787.25000,-0.06877,2.71484,3.03837
2787.30000,-0.07457,2.71546,3.02554
2787.35000,-0.07841,2.71597,2.99029
2787.40000,-0.07993,2.71622,2.94482
2787.45000,-0.08001,2.71624,2.89462
2787.50000,-0.08009,2.71629,2.85456
2787.55000,-0.08041,2.71662,2.83183
2787.60000,-0.08114,2.71741,2.82789
2787.65000,-0.08221,2.71846,2.83605
2787.70000,-0.08467,2.71970,2.85160
2787.75000,-0.08925,2.72126,2.87564
2787.80000,-0.09594,2.72319,2.90883
2787.85000,-0.10490,2.72521,2.95051
2787.90000,-0.11471,2.72689,2.99525
2787.95000,-0.12309,2.72799,3.01834
2788.00000,-0.12887,2.72873,3.00610
2788.05000,-0.13252,2.72928,2.97233
2788.10000,-0.13389,2.72953,2.92756
2788.15000,-0.13399,2.72955,2.87690
2788.20000,-0.13409,2.72958,2.82604
2788.25000,-0.13419,2.72964,2.78577
2788.30000,-0.13427,2.72970,2.75420
2788.35000,-0.13454,2.72999,2.73668
2788.40000,-0.13478,2.73026,2.72342
2788.45000,-0.13493,2.73045,2.71247
2788.50000,-0.13500,2.73057,2.70413
2788.55000,-0.13502,2.73063,2.69873
2788.60000,-0.13500,2.73067,2.69663
2788.65000,-0.13498,2.73073,2.70181
2788.70000,-0.13572,2.73110,2.71592
2788.75000,-0.13825,2.73222,2.73788
2788.80000,-0.14292,2.73414,2.76933
2788.85000,-0.15004,2.73678,2.81031
2788.90000,-0.15895,2.73961,2.85804
2788.95000,-0.16851,2.74214,2.90755
2789.00000,-0.17672,2.74395,2.93477
2789.05000,-0.18286,2.74503,2.93534
2789.10000,-0.18664,2.74543,2.92197
2789.15000,-0.18819,2.74563,2.89663
2789.20000,-0.18827,2.74565,2.86467
2789.25000,-0.18833,2.74567,2.83409
2789.30000,-0.18838,2.74569,2.80596
2789.35000,-0.18847,2.74576,2.78635
2789.40000,-0.18884,2.74617,2.78439
2789.45000,-0.18961,2.74680,2.79515
2789.50000,-0.19206,2.74771,2.81472
2789.55000,-0.19647,2.74915,2.84249
2789.60000,-0.20297,2.75105,2.87864
2789.65000,-0.21008,2.75284,2.90176
2789.70000,-0.21524,2.75388,2.90165
2789.75000,-0.21781,2.75430,2.88780
2789.80000,-0.21767,2.75420,2.86046
2789.85000,-0.21701,2.75400,2.82972
2789.90000,-0.21638,2.75379,2.79935
2789.95000,-0.21581,2.75359,2.77077
2790.00000,-0.21548,2.75344,2.75338
2790.05000,-0.21576,2.75375,2.75535
2790.10000,-0.21888,2.75514,2.77672
2790.15000,-0.22480,2.75731,2.80983
2790.20000,-0.23214,2.75970,2.84848
2790.25000,-0.23986,2.76162,2.87571
2790.30000,-0.24488,2.76270,2.88463
2790.35000,-0.24719,2.76313,2.88078
2790.40000,-0.24772,2.76317,2.86802
2790.45000,-0.24737,2.76308,2.85092
2790.50000,-0.24698,2.76296,2.83331
2790.55000,-0.24660,2.76285,2.81585
2790.60000,-0.24624,2.76273,2.79881
2790.65000,-0.24596,2.76263,2.78332
2790.70000,-0.24571,2.76254,2.76985
2790.75000,-0.24560,2.76259,2.76289
2790.80000,-0.24664,2.76329,2.77172
2790.85000,-0.25127,2.76517,2.79757
2790.90000,-0.25798,2.76748,2.83179
2790.95000,-0.26487,2.76950,2.85708
2791.00000,-0.26908,2.77063,2.87013
2791.05000,-0.27114,2.77115,2.87327
2791.10000,-0.27143,2.77116,2.86815
2791.15000,-0.27131,2.77113,2.86031
2791.20000,-0.27120,2.77110,2.85244
2791.25000,-0.27107,2.77106,2.84447
2791.30000,-0.27094,2.77102,2.83644
2791.35000,-0.27083,2.77099,2.82892
2791.40000,-0.27074,2.77096,2.82271
2791.45000,-0.27068,2.77096,2.81664
2791.50000,-0.27063,2.77096,2.81070
2791.55000,-0.27058,2.77096,2.80477
2791.60000,-0.27053,2.77096,2.79885
2791.65000,-0.27047,2.77096,2.79293
2791.70000,-0.27210,2.77213,2.78734
2791.75000,-0.27939,2.77549,2.78398
2791.80000,-0.28871,2.77900,2.78226
2791.85000,-0.29803,2.78252,2.78002
2791.90000,-0.30733,2.78605,2.77666
2791.95000,-0.31660,2.78959,2.77313
2792.00000,-0.32454,2.79182,2.76849
2792.05000,-0.32616,2.79184,2.76165
2792.10000,-0.32614,2.79183,2.75334
2792.15000,-0.32609,2.79182,2.74583
2792.20000,-0.32609,2.79182,2.73914
2792.25000,-0.32614,2.79184,2.73320
2792.30000,-0.32713,2.79279,2.72652
2792.35000,-0.33296,2.79661,2.72045
2792.40000,-0.34200,2.80069,2.71673
2792.45000,-0.35105,2.80481,2.71340
2792.50000,-0.36012,2.80897,2.70990
2792.55000,-0.36914,2.81314,2.70638
2792.60000,-0.37815,2.81735,2.70277
2792.65000,-0.38716,2.82160,2.69902
2792.70000,-0.39613,2.82587,2.69540
2792.75000,-0.40511,2.83019,2.69156
2792.80000,-0.41411,2.83457,2.68744
2792.85000,-0.42302,2.83894,2.68317
2792.90000,-0.43191,2.84336,2.67820
2792.95000,-0.44078,2.84783,2.67252
2793.00000,-0.44957,2.85224,2.67494
2793.05000,-0.45827,2.85660,2.69035
2793.10000,-0.46681,2.86082,2.71836
2793.15000,-0.47485,2.86428,2.76032
2793.20000,-0.48322,2.86740,2.80772
2793.25000,-0.49224,2.87028,2.85718
2793.30000,-0.50179,2.87281,2.90805
2793.35000,-0.51072,2.87469,2.94628
2793.40000,-0.51759,2.87575,2.96910
2793.45000,-0.52052,2.87614,2.98635
2793.50000,-0.52305,2.87654,2.99864
2793.55000,-0.52403,2.87658,2.99378
2793.60000,-0.52406,2.87660,3.00056
2793.65000,-0.52417,2.87664,3.00981
2793.70000,-0.52429,2.87666,3.01471
2793.75000,-0.52594,2.87698,3.03611
2793.80000,-0.53016,2.87733,3.04910
2793.85000,-0.53186,2.87743,3.05808
2793.90000,-0.53295,2.87749,3.06791
2793.95000,-0.53326,2.87751,3.06441
2794.00000,-0.53351,2.87749,3.07158
2794.05000,-0.53372,2.87753,3.08197
2794.10000,-0.53385,2.87754,3.07794
2794.15000,-0.53402,2.87753,3.08598
2794.20000,-0.53411,2.87739,3.10719
2794.25000,-0.53444,2.87739,3.12827
2794.30000,-0.53547,2.87740,-3.13908
2794.35000,-0.53682,2.87738,-3.10074
2794.40000,-0.53816,2.87726,-3.06190
2794.45000,-0.53957,2.87711,-3.04011
2794.50000,-0.54031,2.87709,-3.03927
2794.55000,-0.54035,2.87708,-3.02984
2794.60000,-0.54036,2.87707,-3.02065
2794.65000,-0.54033,2.87705,-3.01583
2794.70000,-0.54034,2.87704,-3.00866
2794.75000,-0.54034,2.87704,-3.01382
2794.80000,-0.54036,2.87703,-3.01997
2794.85000,-0.54040,2.87702,-3.01151
2794.90000,-0.54040,2.87701,-3.00215
2794.95000,-0.54046,2.87699,-3.01163
2795.00000,-0.54062,2.87697,-3.02310
2795.05000,-0.54050,2.87695,-3.02489
2795.10000,-0.54067,2.87688,-2.99843
2795.15000,-0.54191,2.87666,-2.95371
2795.20000,-0.54381,2.87631,-2.91783
2795.25000,-0.54576,2.87583,-2.89620
2795.30000,-0.54749,2.87548,-2.90023
2795.35000,-0.54757,2.87546,-2.92000
2795.40000,-0.54750,2.87546,-2.94184
2795.45000,-0.54782,2.87539,-2.96430
2795.50000,-0.54797,2.87535,-2.98843
2795.55000,-0.54834,2.87532,-2.99832
2795.60000,-0.54853,2.87528,-3.00193
2795.65000,-0.54878,2.87509,-3.01847
2795.70000,-0.54935,2.87494,-3.04249
2795.75000,-0.54982,2.87491,-3.05656
2795.80000,-0.55061,2.87481,-3.04504
2795.85000,-0.55165,2.87471,-3.00678
2795.90000,-0.55422,2.87429,-2.95779
2795.95000,-0.55823,2.87343,-2.90325
2796.00000,-0.56330,2.87203,-2.84510
2796.05000,-0.56900,2.87010,-2.78419
2796.10000,-0.57512,2.86759,-2.72158
2796.15000,-0.58149,2.86450,-2.65797
2796.20000,-0.58776,2.86124,-2.60310
2796.25000,-0.59335,2.85841,-2.55876
2796.30000,-0.59722,2.85653,-2.52096
2796.35000,-0.60088,2.85474,-2.50979
2796.40000,-0.60366,2.85330,-2.52468
2796.45000,-0.60383,2.85327,-2.55633
2796.50000,-0.60361,2.85342,-2.59059
2796.55000,-0.60320,2.85366,-2.62591
2796.60000,-0.60305,2.85368,-2.64528
2796.65000,-0.60306,2.85363,-2.63771
2796.70000,-0.60325,2.85347,-2.62466
2796.75000,-0.60323,2.85346,-2.64087
2796.80000,-0.60331,2.85332,-2.65791
2796.85000,-0.60377,2.85307,-2.63960
2796.90000,-0.60517,2.85228,-2.60191
2796.95000,-0.60712,2.85110,-2.57828
2797.00000,-0.60849,2.85024,-2.56250
2797.05000,-0.60958,2.84948,-2.54572
2797.10000,-0.61046,2.84887,-2.55358
2797.15000,-0.61131,2.84822,-2.58091
2797.20000,-0.61237,2.84747,-2.61598
2797.25000,-0.61244,2.84748,-2.65144
2797.30000,-0.61262,2.84738,-2.67019
2797.35000,-0.61319,2.84706,-2.65976
2797.40000,-0.61469,2.84623,-2.62478
2797.45000,-0.61798,2.84426,-2.58029
2797.50000,-0.62230,2.84139,-2.53145
2797.55000,-0.62738,2.83763,-2.47847
2797.60000,-0.63252,2.83359,-2.43136
2797.65000,-0.63748,2.82963,-2.40846
2797.70000,-0.64186,2.82604,-2.41619
2797.75000,-0.64365,2.82453,-2.44525
2797.80000,-0.64364,2.82455,-2.48488
2797.85000,-0.64349,2.82465,-2.51129
2797.90000,-0.64369,2.82447,-2.51173
2797.95000,-0.64450,2.82383,-2.48754
2798.00000,-0.64724,2.82166,-2.44809
2798.05000,-0.65034,2.81910,-2.41798
2798.10000,-0.65259,2.81712,-2.39795
2798.15000,-0.65400,2.81585,-2.38125
2798.20000,-0.65511,2.81481,-2.38619
2798.25000,-0.65582,2.81414,-2.41310
2798.30000,-0.65570,2.81427,-2.45277
2798.35000,-0.65570,2.81430,-2.49211
2798.40000,-0.65534,2.81458,-2.53324
2798.45000,-0.65476,2.81497,-2.57538
2798.50000,-0.65448,2.81511,-2.60319
2798.55000,-0.65482,2.81479,-2.59663
2798.60000,-0.65659,2.81365,-2.56582
2798.65000,-0.66049,2.81100,-2.52458
2798.70000,-0.66522,2.80751,-2.47885
2798.75000,-0.67070,2.80303,-2.42962
2798.80000,-0.67649,2.79781,-2.37732
2798.85000,-0.68231,2.79215,-2.33231
2798.90000,-0.68778,2.78673,-2.31529
2798.95000,-0.69181,2.78254,-2.33123
2799.00000,-0.69279,2.78156,-2.36860
2799.05000,-0.69288,2.78150,-2.41196
2799.10000,-0.69255,2.78180,-2.45778
2799.15000,-0.69264,2.78172,-2.48246
2799.20000,-0.69288,2.78153,-2.48411
2799.25000,-0.69369,2.78090,-2.46796
2799.30000,-0.69709,2.77811,-2.43149
2799.35000,-0.70145,2.77422,-2.38960
2799.40000,-0.70648,2.76933,-2.34246
2799.45000,-0.71155,2.76408,-2.30198
2799.50000,-0.71623,2.75916,-2.29151
2799.55000,-0.71945,2.75561,-2.31370
2799.60000,-0.71985,2.75521,-2.35638
2799.65000,-0.72005,2.75502,-2.40112
2799.70000,-0.72045,2.75468,-2.43268
2799.75000,-0.72139,2.75387,-2.43784
2799.80000,-0.72270,2.75276,-2.42153
2799.85000,-0.72606,2.74973,-2.38758
2799.90000,-0.73066,2.74529,-2.34695
2799.95000,-0.73592,2.73974,-2.30188
2800.00000,-0.74109,2.73387,-2.26196
2800.05000,-0.74582,2.72834,-2.25205
2800.10000,-0.74943,2.72398,-2.27288
2800.15000,-0.75072,2.72249,-2.31283
2800.20000,-0.75066,2.72258,-2.36172
2800.25000,-0.75097,2.72228,-2.40340
2800.30000,-0.75146,2.72186,-2.42891
2800.35000,-0.75235,2.72112,-2.42793
2800.40000,-0.75351,2.72014,-2.41154
2800.45000,-0.75649,2.71749,-2.37954
2800.50000,-0.75988,2.71419,-2.33931
2800.55000,-0.76472,2.70922,-2.29372
2800.60000,-0.77035,2.70253,-2.24571
2800.65000,-0.77572,2.69568,-2.20802
2800.70000,-0.78055,2.68908,-2.20163
2800.75000,-0.78468,2.68347,-2.21851
2800.80000,-0.78716,2.68028,-2.25121
2800.85000,-0.78801,2.67927,-2.29557
2800.90000,-0.78829,2.67896,-2.34394
2800.95000,-0.78859,2.67867,-2.39244
2801.00000,-0.78906,2.67826,-2.42772
2801.05000,-0.79026,2.67720,-2.43450
2801.10000,-0.79246,2.67529,-2.41661
2801.15000,-0.79637,2.67172,-2.38517
2801.20000,-0.80136,2.66682,-2.34711
2801.25000,-0.80705,2.66077,-2.30454
2801.30000,-0.81308,2.65378,-2.25879
2801.35000,-0.81906,2.64645,-2.22193
2801.40000,-0.82518,2.63893,-2.20679
2801.45000,-0.83095,2.63164,-2.21128
2801.50000,-0.83459,2.62685,-2.24008
2801.55000,-0.83518,2.62613,-2.29010
2801.60000,-0.83563,2.62565,-2.34183
2801.65000,-0.83610,2.62519,-2.39353
2801.70000,-0.83659,2.62475,-2.44518
2801.75000,-0.83719,2.62427,-2.48430
2801.80000,-0.83859,2.62308,-2.49202
2801.85000,-0.84076,2.62130,-2.48005
2801.90000,-0.84499,2.61791,-2.45203
2801.95000,-0.85057,2.61314,-2.41633
2802.00000,-0.85697,2.60723,-2.37601
2802.05000,-0.86376,2.60043,-2.33238
2802.10000,-0.87048,2.59337,-2.29502
2802.15000,-0.87672,2.58671,-2.28229
2802.20000,-0.88227,2.58056,-2.29692
2802.25000,-0.88624,2.57621,-2.32945
2802.30000,-0.88824,2.57417,-2.37480
2802.35000,-0.88898,2.57350,-2.42792
2802.40000,-0.88974,2.57288,-2.48112
2802.45000,-0.89055,2.57229,-2.53417
2802.50000,-0.89140,2.57171,-2.57542
2802.55000,-0.89276,2.57070,-2.59544
2802.60000,-0.89472,2.56914,-2.59652
2802.65000,-0.89842,2.56668,-2.57618
2802.70000,-0.90450,2.56269,-2.54289
2802.75000,-0.91158,2.55767,-2.50453
2802.80000,-0.91927,2.55174,-2.46273
2802.85000,-0.92692,2.54529,-2.41981
2802.90000,-0.93426,2.53883,-2.38449
2802.95000,-0.94140,2.53255,-2.35968
2803.00000,-0.94812,2.52662,-2.35286
2803.05000,-0.95469,2.52080,-2.36302
2803.10000,-0.96040,2.51547,-2.39039
2803.15000,-0.96403,2.51219,-2.43096
2803.20000,-0.96560,2.51090,-2.48327
2803.25000,-0.96682,2.51001,-2.53785
2803.30000,-0.96808,2.50918,-2.59222
2803.35000,-0.96939,2.50843,-2.64635
2803.40000,-0.97074,2.50772,-2.68919
2803.45000,-0.97292,2.50627,-2.70155
2803.50000,-0.97602,2.50428,-2.69235
2803.55000,-0.98173,2.50142,-2.66666
2803.60000,-0.98921,2.49743,-2.63270
2803.65000,-0.99739,2.49266,-2.59570
2803.70000,-1.00629,2.48704,-2.55505
2803.75000,-1.01461,2.48134,-2.51509
2803.80000,-1.02239,2.47572,-2.48289
2803.85000,-1.03029,2.46992,-2.46823
2803.90000,-1.03786,2.46422,-2.48140
2803.95000,-1.04378,2.45975,-2.50977
2804.00000,-1.04746,2.45714,-2.54991
2804.05000,-1.04894,2.45619,-2.60089
2804.10000,-1.04995,2.45562,-2.65392
2804.15000,-1.05092,2.45514,-2.70668
2804.20000,-1.05186,2.45473,-2.75911
2804.25000,-1.05279,2.45440,-2.80070
2804.30000,-1.05416,2.45369,-2.81636
2804.35000,-1.05687,2.45245,-2.80939
2804.40000,-1.06276,2.45031,-2.78683
2804.45000,-1.07068,2.44724,-2.75617
2804.50000,-1.07932,2.44354,-2.72038
2804.55000,-1.08856,2.43924,-2.68404
2804.60000,-1.09685,2.43506,-2.64589
2804.65000,-1.10482,2.43073,-2.61444
2804.70000,-1.11284,2.42630,-2.59951
2804.75000,-1.12096,2.42171,-2.60641
2804.80000,-1.12925,2.41693,-2.62288
2804.85000,-1.13696,2.41269,-2.64468
2804.90000,-1.14298,2.40953,-2.67164
2804.95000,-1.14664,2.40775,-2.70956
2805.00000,-1.14781,2.40723,-2.75855
2805.05000,-1.14820,2.40708,-2.81092
2805.10000,-1.14856,2.40697,-2.86310
2805.15000,-1.14893,2.40689,-2.90533
2805.20000,-1.14987,2.40634,-2.92098
2805.25000,-1.15309,2.40508,-2.91544
2805.30000,-1.15995,2.40333,-2.89462
2805.35000,-1.16882,2.40097,-2.86493
2805.40000,-1.17800,2.39820,-2.83122
2805.45000,-1.18663,2.39526,-2.79618
2805.50000,-1.19517,2.39202,-2.76161
2805.55000,-1.20369,2.38858,-2.73382
2805.60000,-1.21228,2.38504,-2.72408
2805.65000,-1.22074,2.38155,-2.73445
2805.70000,-1.22839,2.37836,-2.75423
2805.75000,-1.23360,2.37632,-2.78535
2805.80000,-1.23617,2.37540,-2.82807
2805.85000,-1.23661,2.37527,-2.87988
2805.90000,-1.23689,2.37520,-2.93222
2805.95000,-1.23718,2.37516,-2.97469
2806.00000,-1.23795,2.37470,-2.99666
2806.05000,-1.24023,2.37351,-2.99719
2806.10000,-1.24532,2.37216,-2.98511
2806.15000,-1.25394,2.37062,-2.95881
2806.20000,-1.26367,2.36867,-2.92794
2806.25000,-1.27341,2.36640,-2.89726
2806.30000,-1.28307,2.36384,-2.86704
2806.35000,-1.29260,2.36120,-2.84299
2806.40000,-1.30204,2.35866,-2.82597
2806.45000,-1.31144,2.35614,-2.81077
2806.50000,-1.32083,2.35362,-2.79740
2806.55000,-1.33022,2.35110,-2.78594
2806.60000,-1.33961,2.34858,-2.77642
2806.65000,-1.34900,2.34605,-2.76881
2806.70000,-1.35838,2.34352,-2.76300
2806.75000,-1.36777,2.34099,-2.75883
2806.80000,-1.37713,2.33848,-2.75685
2806.85000,-1.38644,2.33599,-2.76127
2806.90000,-1.39575,2.33346,-2.78212
2806.95000,-1.40384,2.33100,-2.82050
2807.00000,-1.40940,2.32929,-2.87137
2807.05000,-1.41248,2.32853,-2.93409
2807.10000,-1.41324,2.32839,-3.00764
2807.15000,-1.41356,2.32836,-3.08420
2807.20000,-1.41389,2.32835,3.12177
2807.25000,-1.41422,2.32837,3.05332
2807.30000,-1.41469,2.32856,3.00007
2807.35000,-1.41556,2.32917,2.97162
2807.40000,-1.41835,2.33029,2.96539
2807.45000,-1.42263,2.33152,2.96701
2807.50000,-1.42877,2.33300,2.97785
2807.55000,-1.43839,2.33456,3.00196
2807.60000,-1.44842,2.33582,3.02841
2807.65000,-1.45876,2.33685,3.05566
2807.70000,-1.46874,2.33758,3.08225
2807.75000,-1.47889,2.33804,3.10720
2807.80000,-1.48827,2.33824,3.13389
2807.85000,-1.49759,2.33818,-3.12217
2807.90000,-1.50690,2.33787,-3.09498
2807.95000,-1.51625,2.33739,-3.07250
2808.00000,-1.52485,2.33691,-3.05558
2808.05000,-1.53108,2.33638,-3.02643
2808.10000,-1.53705,2.33559,-2.98324
2808.15000,-1.54372,2.33437,-2.93563
2808.20000,-1.55122,2.33261,-2.88477
2808.25000,-1.55917,2.33029,-2.83137
2808.30000,-1.56741,2.32739,-2.77620
2808.35000,-1.57578,2.32392,-2.71978
2808.40000,-1.58414,2.31987,-2.66247
2808.45000,-1.59240,2.31527,-2.60453
2808.50000,-1.60049,2.31013,-2.54618
2808.55000,-1.60835,2.30446,-2.48763
2808.60000,-1.61593,2.29829,-2.42899
2808.65000,-1.62318,2.29164,-2.37024
2808.70000,-1.63007,2.28453,-2.31152
2808.75000,-1.63658,2.27699,-2.25289
2808.80000,-1.64265,2.26905,-2.19429
2808.85000,-1.64825,2.26077,-2.13604
2808.90000,-1.65335,2.25217,-2.07820
2808.95000,-1.65796,2.24330,-2.02057
2809.00000,-1.66205,2.23417,-1.96351
2809.05000,-1.66561,2.22483,-1.90674
2809.10000,-1.66864,2.21530,-1.85028
2809.15000,-1.67113,2.20562,-1.79431
2809.20000,-1.67307,2.19581,-1.73882
2809.25000,-1.67447,2.18591,-1.68380
2809.30000,-1.67533,2.17595,-1.62919
2809.35000,-1.67564,2.16595,-1.57495
2809.40000,-1.67541,2.15596,-1.52101
2809.45000,-1.67464,2.14601,-1.46645
2809.50000,-1.67333,2.13610,-1.41236
2809.55000,-1.67152,2.12643,-1.35875
2809.60000,-1.66925,2.11710,-1.30566
2809.65000,-1.66656,2.10813,-1.25302
2809.70000,-1.66351,2.09960,-1.20087
2809.75000,-1.66015,2.09155,-1.14918
2809.80000,-1.65654,2.08400,-1.09794
2809.85000,-1.65272,2.07695,-1.04707
2809.90000,-1.64865,2.07026,-0.99594
2809.95000,-1.64453,2.06421,-0.94564
2810.00000,-1.63977,2.05791,-0.89208
2810.05000,-1.63557,2.05293,-0.84271
2810.10000,-1.63133,2.04837,-0.79340
2810.15000,-1.62723,2.04440,-0.74496
2810.20000,-1.62320,2.04085,-0.69679
2810.25000,-1.61924,2.03770,-0.64885
2810.30000,-1.61538,2.03491,-0.60118
2810.35000,-1.61157,2.03241,-0.55344
2810.40000,-1.60756,2.03005,-0.50447
2810.45000,-1.60402,2.02820,-0.45735
2810.50000,-1.60059,2.02661,-0.41041
2810.55000,-1.59728,2.02526,-0.36357
2810.60000,-1.59407,2.02412,-0.31686
2810.65000,-1.59095,2.02318,-0.27030
2810.70000,-1.58793,2.02242,-0.22386
2810.75000,-1.58500,2.02182,-0.17755
2810.80000,-1.58221,2.02139,-0.13110
2810.85000,-1.57961,2.02111,-0.08416
2810.90000,-1.57720,2.02096,-0.03658
2810.95000,-1.57497,2.02094,0.01173
2811.00000,-1.57289,2.02101,0.06083
2811.05000,-1.57094,2.02118,0.11080
2811.10000,-1.56912,2.02143,0.16169
2811.15000,-1.56741,2.02175,0.21352
2811.20000,-1.56580,2.02215,0.26631
2811.25000,-1.56427,2.02261,0.32003
2811.30000,-1.56282,2.02313,0.37466
2811.35000,-1.56144,2.02372,0.43012
2811.40000,-1.56013,2.02437,0.48633
2811.45000,-1.55887,2.02508,0.54320
2811.50000,-1.55767,2.02586,0.60062
2811.55000,-1.55652,2.02669,0.65847
2811.60000,-1.55543,2.02759,0.71664
2811.65000,-1.55440,2.02854,0.77501
2811.70000,-1.55343,2.02955,0.83346
2811.75000,-1.55252,2.03061,0.89191
2811.80000,-1.55167,2.03173,0.95024
2811.85000,-1.55089,2.03289,1.00837
2811.90000,-1.55018,2.03409,1.06621
2811.95000,-1.54954,2.03533,1.12369
2812.00000,-1.54898,2.03661,1.18073
2812.05000,-1.54848,2.03791,1.23728
2812.10000,-1.54807,2.03923,1.29328
2812.15000,-1.54773,2.04056,1.34868
2812.20000,-1.54746,2.04191,1.40343
2812.25000,-1.54727,2.04326,1.45749
2812.30000,-1.54715,2.04462,1.51083
2812.35000,-1.54711,2.04597,1.56341
2812.40000,-1.54713,2.04730,1.61519
2812.45000,-1.54751,2.05067,1.66542
2812.50000,-1.54845,2.05829,1.71055
2812.55000,-1.54998,2.06777,1.75766
2812.60000,-1.55199,2.07713,1.80601
2812.65000,-1.55445,2.08632,1.85308
2812.70000,-1.55710,2.09476,1.90005
2812.75000,-1.55988,2.10229,1.95263
2812.80000,-1.56213,2.10745,2.01791
2812.85000,-1.56395,2.11092,2.09268
2812.90000,-1.56563,2.11360,2.17258
2812.95000,-1.56724,2.11579,2.22531
2813.00000,-1.56774,2.11645,2.25460
2813.05000,-1.56796,2.11672,2.29359
2813.10000,-1.56816,2.11691,2.33027
2813.15000,-1.56839,2.11714,2.35273
2813.20000,-1.56862,2.11737,2.37363
2813.25000,-1.56885,2.11759,2.39378
2813.30000,-1.56909,2.11780,2.41317
2813.35000,-1.56932,2.11801,2.43177
2813.40000,-1.56956,2.11821,2.44957
2813.45000,-1.56980,2.11840,2.46653
2813.50000,-1.57005,2.11859,2.48264
2813.55000,-1.57029,2.11878,2.49786
2813.60000,-1.57054,2.11896,2.51216
2813.65000,-1.57078,2.11914,2.52553
2813.70000,-1.57103,2.11931,2.53796
2813.75000,-1.57128,2.11948,2.54945
2813.80000,-1.57153,2.11965,2.56005
2813.85000,-1.57178,2.11981,2.56977
2813.90000,-1.57203,2.11997,2.57869
2813.95000,-1.57228,2.12013,2.58689
2814.00000,-1.57253,2.12028,2.59444
2814.05000,-1.57278,2.12043,2.60140
2814.10000,-1.57303,2.12058,2.60785
2814.15000,-1.57328,2.12072,2.61386
2814.20000,-1.57352,2.12087,2.61947
2814.25000,-1.57377,2.12101,2.62474
2814.30000,-1.57402,2.12115,2.62972
2814.35000,-1.57426,2.12129,2.63445
2814.40000,-1.57451,2.12142,2.63891
2814.45000,-1.57476,2.12156,2.64317
2814.50000,-1.57500,2.12169,2.64722
2814.55000,-1.57525,2.12182,2.65116
2814.60000,-1.57550,2.12195,2.65492
2814.65000,-1.57574,2.12208,2.65850
2814.70000,-1.57599,2.12221,2.66190
2814.75000,-1.57624,2.12234,2.66513
2814.80000,-1.57649,2.12247,2.66819
2814.85000,-1.57674,2.12260,2.67107
2814.90000,-1.57699,2.12272,2.67376
2814.95000,-1.57724,2.12285,2.67620
2815.00000,-1.57750,2.12298,2.67830
2815.05000,-1.57775,2.12310,2.68005
2815.10000,-1.57800,2.12323,2.68145
2815.15000,-1.57826,2.12336,2.68257
2815.20000,-1.57851,2.12348,2.68346
2815.25000,-1.57877,2.12361,2.68414
2815.30000,-1.57903,2.12374,2.68456
2815.35000,-1.57928,2.12386,2.68472
2815.40000,-1.57954,2.12399,2.68463
2815.45000,-1.57980,2.12412,2.68427
2815.50000,-1.58006,2.12424,2.68364
2815.55000,-1.58032,2.12437,2.68270
2815.60000,-1.58057,2.12450,2.68145
2815.65000,-1.58083,2.12463,2.67990
2815.70000,-1.58109,2.12475,2.67807
2815.75000,-1.58135,2.12488,2.67593
2815.80000,-1.58160,2.12501,2.67330
2815.85000,-1.58184,2.12513,2.66989
2815.90000,-1.58207,2.12525,2.66559
2815.95000,-1.58230,2.12537,2.66088
2816.00000,-1.58253,2.12549,2.65592
2816.05000,-1.58275,2.12561,2.65072
2816.10000,-1.58298,2.12573,2.64528
2816.15000,-1.58320,2.12585,2.63962
2816.20000,-1.58342,2.12597,2.63373
2816.25000,-1.58365,2.12610,2.62762
2816.30000,-1.58387,2.12623,2.62133
2816.35000,-1.58409,2.12635,2.61488
2816.40000,-1.58431,2.12648,2.60829
2816.45000,-1.58453,2.12661,2.60156
2816.50000,-1.58475,2.12674,2.59470
2816.55000,-1.58497,2.12688,2.58772
2816.60000,-1.58518,2.12701,2.58061
2816.65000,-1.58540,2.12715,2.57339
2816.70000,-1.58562,2.12729,2.56604
2816.75000,-1.58583,2.12743,2.55856
2816.80000,-1.58604,2.12757,2.55094
2816.85000,-1.58626,2.12772,2.54319
2816.90000,-1.58647,2.12786,2.53531
2816.95000,-1.58668,2.12801,2.52729
2817.00000,-1.58688,2.12815,2.51915
2817.05000,-1.58709,2.12830,2.51087
2817.10000,-1.58729,2.12845,2.50246
2817.15000,-1.58750,2.12861,2.49391
2817.20000,-1.58770,2.12876,2.48523
2817.25000,-1.58790,2.12891,2.47642
2817.30000,-1.58809,2.12907,2.46739
2817.35000,-1.58828,2.12922,2.45813
2817.40000,-1.58846,2.12937,2.44865
2817.45000,-1.58864,2.12952,2.43891
2817.50000,-1.58882,2.12967,2.42903
2817.55000,-1.58899,2.12982,2.41906
2817.60000,-1.58916,2.12997,2.40899
2817.65000,-1.58933,2.13013,2.39883
2817.70000,-1.58950,2.13029,2.38859
2817.75000,-1.58967,2.13044,2.37828
2817.80000,-1.58983,2.13062,2.37488
2817.85000,-1.59032,2.13111,2.39197
2817.90000,-1.59234,2.13293,2.42229
2817.95000,-1.59555,2.13571,2.45008
2818.00000,-1.59788,2.13763,2.46568
2818.05000,-1.59956,2.13895,2.47775
2818.10000,-1.59999,2.13928,2.46958
2818.15000,-1.60015,2.13941,2.45955
2818.20000,-1.60033,2.13955,2.44948
2818.25000,-1.60050,2.13970,2.43940
2818.30000,-1.60068,2.13985,2.42934
2818.35000,-1.60085,2.14000,2.41931
2818.40000,-1.60102,2.14015,2.40932
2818.45000,-1.60119,2.14031,2.39942
2818.50000,-1.60136,2.14047,2.38959
2818.55000,-1.60152,2.14064,2.39425
2818.60000,-1.60277,2.14177,2.41944
2818.65000,-1.60580,2.14435,2.45415
2818.70000,-1.60975,2.14756,2.48615
2818.75000,-1.61332,2.15034,2.49887
2818.80000,-1.61460,2.15130,2.49505
2818.85000,-1.61474,2.15141,2.48509
2818.90000,-1.61489,2.15154,2.48190
2818.95000,-1.61513,2.15177,2.48523
2819.00000,-1.61540,2.15199,2.48557
2819.05000,-1.61567,2.15219,2.49109
2819.10000,-1.61583,2.15230,2.48503
2819.15000,-1.61597,2.15244,2.49271
2819.20000,-1.61617,2.15261,2.49783
2819.25000,-1.61623,2.15267,2.50203
2819.30000,-1.61637,2.15280,2.50463
2819.35000,-1.61652,2.15290,2.49830
2819.40000,-1.61669,2.15303,2.49287
2819.45000,-1.61686,2.15317,2.50236
2819.50000,-1.61697,2.15320,2.51432
2819.55000,-1.61714,2.15331,2.51051
2819.60000,-1.61734,2.15347,2.50628
2819.65000,-1.61754,2.15362,2.50205
2819.70000,-1.61775,2.15377,2.49789
2819.75000,-1.61794,2.15393,2.50121
2819.80000,-1.61884,2.15466,2.52088
2819.85000,-1.62152,2.15647,2.53773
2819.90000,-1.62235,2.15699,2.53638
2819.95000,-1.62257,2.15714,2.53279
2820.00000,-1.62278,2.15729,2.52920
2820.05000,-1.62300,2.15744,2.52560
2820.10000,-1.62322,2.15759,2.52200
2820.15000,-1.62344,2.15774,2.51840
2820.20000,-1.62360,2.15789,2.52116
2820.25000,-1.62402,2.15819,2.52289
2820.30000,-1.62436,2.15844,2.51925
2820.35000,-1.62474,2.15877,2.52967
2820.40000,-1.62582,2.15959,2.53989
2820.45000,-1.62626,2.15988,2.53499
2820.50000,-1.62641,2.15998,2.52804
2820.55000,-1.62657,2.16011,2.52770
2820.60000,-1.62682,2.16032,2.53015
2820.65000,-1.62691,2.16038,2.52151
2820.70000,-1.62709,2.16051,2.51292
2820.75000,-1.62726,2.16064,2.50359
2820.80000,-1.62744,2.16077,2.49368
2820.85000,-1.62755,2.16085,2.49896
2820.90000,-1.62883,2.16180,2.52417
2820.95000,-1.63209,2.16403,2.55925
2821.00000,-1.63577,2.16638,2.57850
2821.05000,-1.63865,2.16819,2.58730
2821.10000,-1.64093,2.16953,2.59633
2821.15000,-1.64201,2.17014,2.58117
2821.20000,-1.64220,2.17024,2.57590
2821.25000,-1.64302,2.17075,2.59768
2821.30000,-1.64567,2.17231,2.62930
2821.35000,-1.64925,2.17423,2.64832
2821.40000,-1.65207,2.17563,2.63638
2821.45000,-1.65312,2.17622,2.60634
2821.50000,-1.65329,2.17635,2.58238
2821.55000,-1.65355,2.17664,2.58390
2821.60000,-1.65386,2.17701,2.59926
2821.65000,-1.65543,2.17808,2.61392
2821.70000,-1.65726,2.17904,2.59970
2821.75000,-1.65837,2.17965,2.56383
2821.80000,-1.65860,2.17983,2.53462
2821.85000,-1.65889,2.18015,2.53391
2821.90000,-1.65923,2.18055,2.54925
2821.95000,-1.66134,2.18192,2.58056
2822.00000,-1.66603,2.18472,2.62348
2822.05000,-1.67204,2.18795,2.67159
2822.10000,-1.67841,2.19108,2.70828
2822.15000,-1.68417,2.19351,2.71289
2822.20000,-1.68769,2.19504,2.70828
2822.25000,-1.69005,2.19600,2.70757
2822.30000,-1.69189,2.19673,2.70305
2822.35000,-1.69304,2.19722,2.70205
2822.40000,-1.69359,2.19720,2.67786
2822.45000,-1.69410,2.19740,2.65056
2822.50000,-1.69468,2.19773,2.64162
2822.55000,-1.69538,2.19823,2.64988
2822.60000,-1.69733,2.19928,2.66189
2822.65000,-1.69922,2.20020,2.67203
2822.70000,-1.70167,2.20140,2.70159
2822.75000,-1.70522,2.20280,2.72153
2822.80000,-1.70771,2.20384,2.73436
2822.85000,-1.71094,2.20517,2.76568
2822.90000,-1.71477,2.20659,2.78588
2822.95000,-1.71802,2.20742,2.78049
2823.00000,-1.71989,2.20774,2.74397
2823.05000,-1.72110,2.20828,2.69093
2823.10000,-1.72221,2.20886,2.63541
2823.15000,-1.72329,2.20948,2.59053
2823.20000,-1.72480,2.21062,2.57532
2823.25000,-1.72677,2.21222,2.58829
2823.30000,-1.73006,2.21423,2.62208
2823.35000,-1.73495,2.21690,2.66282
2823.40000,-1.74122,2.21997,2.70886
2823.45000,-1.74859,2.22315,2.75817
2823.50000,-1.75673,2.22620,2.80996
2823.55000,-1.76548,2.22895,2.86349
2823.60000,-1.77420,2.23122,2.90608
2823.65000,-1.78203,2.23252,2.92038
2823.70000,-1.78927,2.23319,2.91208
2823.75000,-1.79462,2.23300,2.87585
2823.80000,-1.79708,2.23330,2.81932
2823.85000,-1.79921,2.23408,2.75985
2823.90000,-1.80132,2.23500,2.70036
2823.95000,-1.80339,2.23606,2.64094
2824.00000,-1.80542,2.23724,2.58161
2824.05000,-1.80740,2.23851,2.53260
2824.10000,-1.80974,2.24021,2.51028
2824.15000,-1.81221,2.24211,2.51345
2824.20000,-1.81540,2.24453,2.54159
2824.25000,-1.81926,2.24719,2.58145
2824.30000,-1.82419,2.25014,2.62921
2824.35000,-1.83107,2.25383,2.67801
2824.40000,-1.83906,2.25763,2.72827
2824.45000,-1.84785,2.26127,2.78098
2824.50000,-1.85697,2.26444,2.83379
2824.55000,-1.86649,2.26719,2.88736
2824.60000,-1.87581,2.26927,2.92810
2824.65000,-1.88422,2.27043,2.94181
2824.70000,-1.89194,2.27085,2.93143
2824.75000,-1.89718,2.27104,2.89297
2824.80000,-1.90065,2.27176,2.83678
2824.85000,-1.90382,2.27286,2.77529
2824.90000,-1.90685,2.27413,2.71390
2824.95000,-1.90973,2.27556,2.65273
2825.00000,-1.91252,2.27704,2.60091
2825.05000,-1.91582,2.27913,2.57992
2825.10000,-1.91952,2.28168,2.58634
2825.15000,-1.92385,2.28452,2.61456
2825.20000,-1.92967,2.28780,2.65243
2825.25000,-1.93583,2.29092,2.69971
2825.30000,-1.94302,2.29411,2.74860
2825.35000,-1.95038,2.29689,2.78318
2825.40000,-1.95684,2.29883,2.78866
2825.45000,-1.96162,2.30021,2.78621
2825.50000,-1.96569,2.30139,2.79402
2825.55000,-1.96953,2.30237,2.81249
2825.60000,-1.97320,2.30321,2.84303
2825.65000,-1.97698,2.30416,2.88636
2825.70000,-1.98267,2.30549,2.93941
2825.75000,-1.98940,2.30667,2.99655
2825.80000,-1.99681,2.30753,3.05544
2825.85000,-2.00465,2.30797,3.11573
2825.90000,-2.01244,2.30798,-3.11311
2825.95000,-2.02025,2.30788,-3.06838
2826.00000,-2.02797,2.30761,-3.03317
2826.05000,-2.03248,2.30729,-2.99701
2826.10000,-2.03462,2.30692,-2.94356
2826.15000,-2.03608,2.30658,-2.87717
2826.20000,-2.03709,2.30627,-2.80167
2826.25000,-2.03837,2.30576,-2.72200
2826.30000,-2.04009,2.30490,-2.64060
2826.35000,-2.04206,2.30371,-2.55800
2826.40000,-2.04417,2.30218,-2.47464
2826.45000,-2.04631,2.30035,-2.39079
2826.50000,-2.04841,2.29822,-2.30665
2826.55000,-2.05041,2.29582,-2.22238
2826.60000,-2.05223,2.29321,-2.13850
2826.65000,-2.05382,2.29047,-2.05549
2826.70000,-2.05518,2.28760,-1.97340
2826.75000,-2.05631,2.28463,-1.89226
2826.80000,-2.05719,2.28159,-1.81206
2826.85000,-2.05782,2.27850,-1.73284
2826.90000,-2.05820,2.27542,-1.65456
2826.95000,-2.05833,2.27241,-1.57719
2827.00000,-2.05824,2.26951,-1.50071
2827.05000,-2.05794,2.26673,-1.42514
2827.10000,-2.05745,2.26409,-1.35050
2827.15000,-2.05679,2.26157,-1.27681
2827.20000,-2.05596,2.25916,-1.20414
2827.25000,-2.05498,2.25684,-1.13255
2827.30000,-2.05384,2.25462,-1.06204
2827.35000,-2.05258,2.25253,-0.99259
2827.40000,-2.05119,2.25056,-0.92423
2827.45000,-2.04971,2.24872,-0.85696
2827.50000,-2.04813,2.24701,-0.79078
2827.55000,-2.04650,2.24547,-0.72564
2827.60000,-2.04485,2.24410,-0.66150
2827.65000,-2.04322,2.24291,-0.59833
2827.70000,-2.04161,2.24188,-0.53610
2827.75000,-2.04004,2.24101,-0.47485
2827.80000,-2.03848,2.24027,-0.41461
2827.85000,-2.03691,2.23964,-0.35547
2827.90000,-2.03534,2.23910,-0.29743
2827.95000,-2.03377,2.23867,-0.24050
2828.00000,-2.03220,2.23833,-0.18467
2828.05000,-2.02844,2.23769,-0.13153
2828.10000,-2.02075,2.23680,-0.08433
2828.15000,-2.01273,2.23631,-0.03291
2828.20000,-2.00317,2.23624,0.01812
2828.25000,-1.99404,2.23663,0.07263
2828.30000,-1.98548,2.23750,0.12844
2828.35000,-1.97696,2.23883,0.18334
2828.40000,-1.96850,2.24064,0.23733
2828.45000,-1.96013,2.24265,0.28466
2828.50000,-1.95162,2.24484,0.31436
2828.55000,-1.94316,2.24709,0.33151
2828.60000,-1.93414,2.25023,0.33162
2828.65000,-1.92470,2.25349,0.32906
2828.70000,-1.91527,2.25669,0.32527
2828.75000,-1.90586,2.25985,0.32089
2828.80000,-1.89637,2.26302,0.31610
2828.85000,-1.88692,2.26609,0.31025
2828.90000,-1.87752,2.26908,0.30369
2828.95000,-1.86812,2.27199,0.29656
2829.00000,-1.85873,2.27482,0.28862
2829.05000,-1.84931,2.27759,0.28028
2829.10000,-1.83988,2.28026,0.27127
2829.15000,-1.83039,2.28286,0.26184
2829.20000,-1.82092,2.28535,0.25201
2829.25000,-1.81138,2.28775,0.24185
2829.30000,-1.80191,2.29002,0.23092
2829.35000,-1.79244,2.29218,0.21938
2829.40000,-1.78295,2.29422,0.20737
2829.45000,-1.77346,2.29614,0.19480
2829.50000,-1.76394,2.29795,0.18223
2829.55000,-1.75442,2.29962,0.16900
2829.60000,-1.74488,2.30117,0.15533
2829.65000,-1.73533,2.30258,0.14129
2829.70000,-1.72576,2.30386,0.12713
2829.75000,-1.71619,2.30500,0.11249
2829.80000,-1.70661,2.30600,0.09763
2829.85000,-1.69702,2.30686,0.08236
2829.90000,-1.68743,2.30756,0.06670
2829.95000,-1.67785,2.30811,0.06257
2830.00000,-1.66920,2.30866,0.08117
2830.05000,-1.66472,2.30911,0.12852
2830.10000,-1.66172,2.30958,0.19089
2830.15000,-1.65965,2.31004,0.23301
2830.20000,-1.65688,2.31075,0.24631
2830.25000,-1.65277,2.31182,0.25366
2830.30000,-1.64751,2.31320,0.25549
2830.35000,-1.64107,2.31488,0.25198
2830.40000,-1.63333,2.31686,0.24286
2830.45000,-1.62426,2.31907,0.22783
2830.50000,-1.61449,2.32124,0.20974
2830.55000,-1.60469,2.32323,0.19173
2830.60000,-1.59511,2.32498,0.17241
2830.65000,-1.58562,2.32654,0.15233
2830.70000,-1.57628,2.32788,0.14344
2830.75000,-1.56724,2.32918,0.15607
2830.80000,-1.55913,2.33055,0.18731
2830.85000,-1.55217,2.33201,0.23271
2830.90000,-1.54702,2.33338,0.29194
2830.95000,-1.54418,2.33433,0.36508
2831.00000,-1.54248,2.33498,0.43278
2831.05000,-1.54094,2.33553,0.48000
2831.10000,-1.53948,2.33623,0.49954
2831.15000,-1.53410,2.33925,0.49171
2831.20000,-1.52633,2.34330,0.47055
2831.25000,-1.51788,2.34748,0.44689
2831.30000,-1.50933,2.35145,0.42369
2831.35000,-1.50068,2.35523,0.40049
2831.40000,-1.49196,2.35880,0.37699
2831.45000,-1.48316,2.36217,0.35344
2831.50000,-1.47428,2.36533,0.32990
2831.55000,-1.46533,2.36827,0.30646
2831.60000,-1.45635,2.37099,0.28179
2831.65000,-1.44756,2.37339,0.27099
2831.70000,-1.43909,2.37570,0.28369
2831.75000,-1.43208,2.37778,0.32008
2831.80000,-1.42764,2.37923,0.37730
2831.85000,-1.42539,2.38020,0.44625
2831.90000,-1.42363,2.38104,0.50874
2831.95000,-1.42214,2.38168,0.54789
2832.00000,-1.41925,2.38351,0.55329
2832.05000,-1.41315,2.38722,0.53917
2832.10000,-1.40538,2.39175,0.51601
2832.15000,-1.39717,2.39628,0.49121
2832.20000,-1.38884,2.40061,0.46675
2832.25000,-1.38040,2.40473,0.44239
2832.30000,-1.37187,2.40865,0.41798
2832.35000,-1.36326,2.41234,0.39279
2832.40000,-1.35457,2.41581,0.36651
2832.45000,-1.34571,2.41914,0.35185
2832.50000,-1.33656,2.42258,0.35638
2832.55000,-1.32811,2.42573,0.38346
2832.60000,-1.32233,2.42809,0.43073
2832.65000,-1.31852,2.42997,0.49186
2832.70000,-1.31682,2.43095,0.56538
2832.75000,-1.31569,2.43169,0.62925
2832.80000,-1.31446,2.43256,0.67598
2832.85000,-1.31297,2.43376,0.70377
2832.90000,-1.31130,2.43517,0.71772
2832.95000,-1.30863,2.43755,0.71857
2833.00000,-1.30268,2.44271,0.69805
2833.05000,-1.29521,2.44880,0.67063
2833.10000,-1.28774,2.45455,0.64295
2833.15000,-1.28021,2.46001,0.61498
2833.20000,-1.27252,2.46527,0.58728
2833.25000,-1.26468,2.47031,0.55975
2833.30000,-1.25660,2.47521,0.53175
2833.35000,-1.24792,2.48015,0.50547
2833.40000,-1.23911,2.48488,0.47851
2833.45000,-1.23078,2.48907,0.46433
2833.50000,-1.22304,2.49294,0.47532
2833.55000,-1.21740,2.49596,0.51016
2833.60000,-1.21318,2.49844,0.56128
2833.65000,-1.21127,2.49972,0.62522
2833.70000,-1.21001,2.50070,0.69174
2833.75000,-1.20881,2.50171,0.74636
2833.80000,-1.20756,2.50285,0.77847
2833.85000,-1.20620,2.50413,0.79894
2833.90000,-1.20471,2.50557,0.80928
2833.95000,-1.20275,2.50759,0.80948
2834.00000,-1.19881,2.51170,0.79686
2834.05000,-1.19310,2.51743,0.77474
2834.10000,-1.18630,2.52388,0.74361
2834.15000,-1.17942,2.52998,0.71104
2834.20000,-1.17234,2.53586,0.67895
2834.25000,-1.16481,2.54174,0.64753
2834.30000,-1.15674,2.54765,0.61743
2834.35000,-1.14910,2.55287,0.58397
2834.40000,-1.14160,2.55772,0.56567
2834.45000,-1.13450,2.56223,0.57389
2834.50000,-1.13089,2.56465,0.61423
2834.55000,-1.12875,2.56624,0.67003
2834.60000,-1.12721,2.56754,0.72877
2834.65000,-1.12575,2.56891,0.78710
2834.70000,-1.12439,2.57032,0.83371
2834.75000,-1.12312,2.57167,0.86395
2834.80000,-1.12178,2.57324,0.87177
2834.85000,-1.11884,2.57669,0.85991
2834.90000,-1.11441,2.58172,0.83690
2834.95000,-1.10858,2.58799,0.80490
2835.00000,-1.10214,2.59446,0.77046
2835.05000,-1.09548,2.60070,0.73559
2835.10000,-1.08861,2.60670,0.70028
2835.15000,-1.08154,2.61244,0.66452
2835.20000,-1.07431,2.61798,0.64381
2835.25000,-1.06696,2.62350,0.64784
2835.30000,-1.06055,2.62847,0.67273
2835.35000,-1.05599,2.63223,0.71154
2835.40000,-1.05382,2.63417,0.76194
2835.45000,-1.05243,2.63558,0.81545
2835.50000,-1.05120,2.63692,0.85664
2835.55000,-1.05060,2.63770,0.87102
2835.60000,-1.04908,2.63950,0.86980
2835.65000,-1.04673,2.64227,0.86222
2835.70000,-1.04352,2.64596,0.84786
2835.75000,-1.03908,2.65088,0.82461
2835.80000,-1.03320,2.65704,0.79172
2835.85000,-1.02669,2.66340,0.75588
2835.90000,-1.01995,2.66953,0.72019
2835.95000,-1.01299,2.67560,0.69399
2836.00000,-1.00565,2.68171,0.69635
2836.05000,-0.99952,2.68694,0.72070
2836.10000,-0.99607,2.69004,0.75828
2836.15000,-0.99507,2.69102,0.80488
2836.20000,-0.99451,2.69163,0.85332
2836.25000,-0.99402,2.69222,0.90136
2836.30000,-0.99372,2.69268,0.93671
2836.35000,-0.99330,2.69337,0.94612
2836.40000,-0.99097,2.69657,0.93666
2836.45000,-0.98684,2.70205,0.91297
2836.50000,-0.98153,2.70870,0.88090
2836.55000,-0.97560,2.71564,0.84595
2836.60000,-0.96943,2.72237,0.81110
2836.65000,-0.96308,2.72903,0.78371
2836.70000,-0.95634,2.73594,0.78217
2836.75000,-0.95152,2.74083,0.80519
2836.80000,-0.94945,2.74306,0.84219
2836.85000,-0.94916,2.74339,0.88654
2836.90000,-0.94898,2.74363,0.93105
2836.95000,-0.94882,2.74386,0.97510
2837.00000,-0.94869,2.74409,1.00829
2837.05000,-0.94849,2.74451,1.02158
2837.10000,-0.94716,2.74667,1.01964
2837.15000,-0.94425,2.75127,1.00307
2837.20000,-0.93972,2.75812,0.97217
2837.25000,-0.93447,2.76553,0.93694
2837.30000,-0.92894,2.77279,0.90187
2837.35000,-0.92316,2.77984,0.86650
2837.40000,-0.91714,2.78688,0.84055
2837.45000,-0.91084,2.79406,0.83920
2837.50000,-0.90649,2.79906,0.85707
2837.55000,-0.90502,2.80082,0.88142
2837.60000,-0.90370,2.80245,0.87901
2837.65000,-0.90200,2.80447,0.84969
2837.70000,-0.89861,2.80816,0.81196
2837.75000,-0.89374,2.81308,0.76955
2837.80000,-0.88792,2.81847,0.72265
2837.85000,-0.88120,2.82410,0.67306
2837.90000,-0.87383,2.82966,0.62116
2837.95000,-0.86576,2.83512,0.56828
2838.00000,-0.85724,2.84025,0.51422
2838.05000,-0.84840,2.84493,0.46034
2838.10000,-0.83933,2.84912,0.40605
2838.15000,-0.83005,2.85283,0.35404
2838.20000,-0.82129,2.85580,0.31724
2838.25000,-0.81411,2.85760,0.29457
2838.30000,-0.80856,2.85902,0.27429
2838.35000,-0.80306,2.86054,0.28062
2838.40000,-0.79908,2.86154,0.31147
2838.45000,-0.79865,2.86168,0.35463
2838.50000,-0.79844,2.86179,0.38863
2838.55000,-0.79823,2.86194,0.40039
2838.60000,-0.79796,2.86210,0.38899
2838.65000,-0.79605,2.86286,0.36712
2838.70000,-0.79238,2.86422,0.33619
2838.75000,-0.78615,2.86636,0.29790
2838.80000,-0.77847,2.86852,0.25083
2838.85000,-0.77076,2.87030,0.21651
2838.90000,-0.76285,2.87198,0.21013
2838.95000,-0.75573,2.87355,0.22314
2839.00000,-0.75244,2.87433,0.25387
2839.05000,-0.75157,2.87457,0.29503
2839.10000,-0.75130,2.87467,0.32893
2839.15000,-0.75106,2.87477,0.35470
2839.20000,-0.75119,2.87456,0.35764
2839.25000,-0.75137,2.87432,0.34847
2839.30000,-0.75106,2.87441,0.32850
2839.35000,-0.74893,2.87511,0.29936
2839.40000,-0.74448,2.87640,0.26154
2839.45000,-0.73782,2.87807,0.21410
2839.50000,-0.73040,2.87947,0.15974
2839.55000,-0.72250,2.88052,0.10285
2839.60000,-0.71454,2.88110,0.04316
2839.65000,-0.70625,2.88120,-0.01742
2839.70000,-0.69766,2.88079,-0.07829
2839.75000,-0.68890,2.87984,-0.13937
2839.80000,-0.68004,2.87832,-0.20048
2839.85000,-0.67111,2.87622,-0.26140
2839.90000,-0.66235,2.87395,-0.31406
2839.95000,-0.65343,2.87148,-0.34696
2840.00000,-0.64415,2.86857,-0.35301
2840.05000,-0.63504,2.86561,-0.34634
2840.10000,-0.62773,2.86319,-0.32669
2840.15000,-0.62422,2.86210,-0.29084
2840.20000,-0.62268,2.86186,-0.25775
2840.25000,-0.62170,2.86170,-0.23592
2840.30000,-0.62108,2.86159,-0.21499
2840.35000,-0.62056,2.86148,-0.20256
2840.40000,-0.62026,2.86141,-0.19438
2840.45000,-0.61998,2.86131,-0.21400
2840.50000,-0.61754,2.86067,-0.24785
2840.55000,-0.61240,2.85926,-0.28763
2840.60000,-0.60656,2.85752,-0.32116
2840.65000,-0.60038,2.85538,-0.32751
2840.70000,-0.59432,2.85332,-0.32037
2840.75000,-0.58834,2.85133,-0.29916
2840.80000,-0.58453,2.85074,-0.27538
2840.85000,-0.58270,2.85037,-0.25787
2840.90000,-0.58127,2.84996,-0.22039
2840.95000,-0.58009,2.84978,-0.18305
2841.00000,-0.57919,2.84967,-0.16101
2841.05000,-0.57857,2.84965,-0.14151
2841.10000,-0.57796,2.84963,-0.15284
2841.15000,-0.57493,2.84911,-0.18210
2841.20000,-0.56972,2.84804,-0.21958
2841.25000,-0.56305,2.84640,-0.26279
2841.30000,-0.55535,2.84413,-0.30972
2841.35000,-0.54698,2.84122,-0.35924
2841.40000,-0.53857,2.83814,-0.40358
2841.45000,-0.53004,2.83490,-0.42617
2841.50000,-0.52162,2.83170,-0.42779
2841.55000,-0.51341,2.82868,-0.41890
2841.60000,-0.50549,2.82579,-0.39995
2841.65000,-0.49962,2.82342,-0.36783
2841.70000,-0.49627,2.82220,-0.32406
2841.75000,-0.49525,2.82188,-0.27010
2841.80000,-0.49459,2.82171,-0.21449
2841.85000,-0.49394,2.82160,-0.16887
2841.90000,-0.49372,2.82188,-0.15132
2841.95000,-0.49295,2.82173,-0.16171
2842.00000,-0.48888,2.82090,-0.19053
2842.05000,-0.48226,2.81950,-0.22632
2842.10000,-0.47481,2.81763,-0.26858
2842.15000,-0.46699,2.81527,-0.31590
2842.20000,-0.45911,2.81273,-0.35839
2842.25000,-0.45113,2.81002,-0.37434
2842.30000,-0.44314,2.80724,-0.36834
2842.35000,-0.43532,2.80461,-0.35361
2842.40000,-0.42822,2.80218,-0.32477
2842.45000,-0.42351,2.80068,-0.28416
2842.50000,-0.42139,2.80011,-0.23226
2842.55000,-0.42098,2.80002,-0.17315
2842.60000,-0.42060,2.79998,-0.12326
2842.65000,-0.42041,2.80011,-0.09465
2842.70000,-0.42076,2.80013,-0.09196
2842.75000,-0.41949,2.79988,-0.10357
2842.80000,-0.41527,2.79925,-0.13106
2842.85000,-0.40842,2.79819,-0.17069
2842.90000,-0.40036,2.79661,-0.21461
2842.95000,-0.39147,2.79446,-0.26033
2843.00000,-0.38273,2.79190,-0.30622
2843.05000,-0.37423,2.78918,-0.34232
2843.10000,-0.36542,2.78612,-0.35303
2843.15000,-0.35721,2.78329,-0.33641
2843.20000,-0.34979,2.78084,-0.30848
2843.25000,-0.34457,2.77927,-0.26928
2843.30000,-0.34178,2.77856,-0.21954
2843.35000,-0.34114,2.77843,-0.16084
2843.40000,-0.34078,2.77839,-0.10101
2843.45000,-0.34046,2.77840,-0.05092
2843.50000,-0.34058,2.77842,-0.02806
2843.55000,-0.34056,2.77832,-0.02783
2843.60000,-0.33865,2.77816,-0.03976
2843.65000,-0.33451,2.77785,-0.06329
2843.70000,-0.32755,2.77725,-0.10079
2843.75000,-0.31935,2.77624,-0.14447
2843.80000,-0.31061,2.77476,-0.18946
2843.85000,-0.30193,2.77290,-0.23435
2843.90000,-0.29329,2.77081,-0.27215
2843.95000,-0.28442,2.76845,-0.28757
2844.00000,-0.27545,2.76595,-0.28844
2844.05000,-0.26635,2.76332,-0.27386
2844.10000,-0.25900,2.76153,-0.23929
2844.15000,-0.25623,2.76092,-0.18874
2844.20000,-0.25571,2.76084,-0.12904
2844.25000,-0.25534,2.76080,-0.06889
2844.30000,-0.25497,2.76079,-0.00897
2844.35000,-0.25467,2.76079,0.03566
2844.40000,-0.25414,2.76083,0.04025
2844.45000,-0.25168,2.76096,0.02965
2844.50000,-0.24629,2.76106,0.00460
2844.55000,-0.23907,2.76096,-0.02920
2844.60000,-0.23067,2.76055,-0.06880
2844.65000,-0.22174,2.75974,-0.11013
2844.70000,-0.21285,2.75857,-0.15122
2844.75000,-0.20402,2.75704,-0.19294
2844.80000,-0.19527,2.75514,-0.23439
2844.85000,-0.18653,2.75303,-0.26887
2844.90000,-0.17755,2.75062,-0.28094
2844.95000,-0.16855,2.74815,-0.28107
2845.00000,-0.15933,2.74549,-0.26599
2845.05000,-0.15085,2.74331,-0.23864
2845.10000,-0.14639,2.74232,-0.19409
2845.15000,-0.14435,2.74196,-0.13940
2845.20000,-0.14373,2.74189,-0.07905
2845.25000,-0.14310,2.74186,-0.01891
2845.30000,-0.14247,2.74188,0.03376
2845.35000,-0.14170,2.74205,0.07616
2845.40000,-0.14086,2.74231,0.11015
2845.45000,-0.13999,2.74262,0.13553
2845.50000,-0.13906,2.74300,0.15242
2845.55000,-0.13804,2.74350,0.16117
2845.60000,-0.13679,2.74407,0.15800
2845.65000,-0.13358,2.74475,0.14181
2845.70000,-0.12818,2.74569,0.11846
2845.75000,-0.12096,2.74676,0.08657
2845.80000,-0.11118,2.74741,0.04563
2845.85000,-0.10118,2.74766,0.00479
2845.90000,-0.09119,2.74750,-0.03546
2845.95000,-0.08120,2.74695,-0.07596
2846.00000,-0.07125,2.74599,-0.11656
2846.05000,-0.06134,2.74462,-0.15716
2846.10000,-0.05150,2.74286,-0.19790
2846.15000,-0.04174,2.74093,-0.23166
2846.20000,-0.03175,2.73873,-0.24866
2846.25000,-0.02156,2.73631,-0.25416
2846.30000,-0.01253,2.73465,-0.25885
2846.35000,-0.00661,2.73424,-0.26311
2846.40000,-0.00158,2.73381,-0.26627
2846.45000,0.00155,2.73321,-0.28632
2846.50000,0.00544,2.73199,-0.32280
2846.55000,0.01090,2.73003,-0.36603
2846.60000,0.01742,2.72735,-0.41392
2846.65000,0.02458,2.72398,-0.46508
2846.70000,0.03212,2.71994,-0.51841
2846.75000,0.03960,2.71573,-0.56469
2846.80000,0.04623,2.71205,-0.59882
2846.85000,0.05105,2.70865,-0.63845
2846.90000,0.05630,2.70476,-0.67321
2846.95000,0.06178,2.70059,-0.68904
2847.00000,0.06762,2.69600,-0.68564
2847.05000,0.07348,2.69137,-0.67109
2847.10000,0.07897,2.68710,-0.63851
2847.15000,0.08231,2.68472,-0.59190
2847.20000,0.08398,2.68369,-0.55026
2847.25000,0.08535,2.68303,-0.54101
2847.30000,0.08686,2.68231,-0.55522
2847.35000,0.09056,2.67989,-0.58834
2847.40000,0.09578,2.67625,-0.62792
2847.45000,0.10196,2.67156,-0.67202
2847.50000,0.10857,2.66603,-0.71949
2847.55000,0.11541,2.65973,-0.76917
2847.60000,0.12224,2.65276,-0.82058
2847.65000,0.12881,2.64568,-0.86455
2847.70000,0.13503,2.63856,-0.87790
2847.75000,0.14055,2.63196,-0.86383
2847.80000,0.14538,2.62648,-0.83052
2847.85000,0.14871,2.62298,-0.78248
2847.90000,0.15051,2.62129,-0.72450
2847.95000,0.15226,2.61983,-0.66592
2848.00000,0.15400,2.61850,-0.61991
2848.05000,0.15535,2.61767,-0.60734
2848.10000,0.15689,2.61669,-0.62232
2848.15000,0.16066,2.61387,-0.65373
2848.20000,0.16611,2.60953,-0.69073
2848.25000,0.17241,2.60411,-0.73247
2848.30000,0.17855,2.59829,-0.77995
2848.35000,0.18467,2.59221,-0.82129
2848.40000,0.19073,2.58605,-0.83311
2848.45000,0.19551,2.58081,-0.81358
2848.50000,0.19984,2.57638,-0.77612
2848.55000,0.20238,2.57398,-0.72493
2848.60000,0.20353,2.57302,-0.66580
2848.65000,0.20468,2.57216,-0.61831
2848.70000,0.20561,2.57160,-0.60185
2848.75000,0.20715,2.57056,-0.61239
2848.80000,0.21109,2.56769,-0.63990
2848.85000,0.21684,2.56326,-0.67421
2848.90000,0.22346,2.55775,-0.71365
2848.95000,0.22991,2.55189,-0.75940
2849.00000,0.23668,2.54515,-0.80504
2849.05000,0.24349,2.53804,-0.83985
2849.10000,0.24979,2.53106,-0.84479
2849.15000,0.25568,2.52436,-0.83585
2849.20000,0.26129,2.51807,-0.81058
2849.25000,0.26568,2.51361,-0.77085
2849.30000,0.26807,2.51139,-0.71879
2849.35000,0.26883,2.51076,-0.65763
2849.40000,0.26952,2.51026,-0.59594
2849.45000,0.27018,2.50984,-0.53426
2849.50000,0.27085,2.50948,-0.48371
2849.55000,0.27111,2.50961,-0.45927
2849.60000,0.27150,2.50945,-0.46206
2849.65000,0.27455,2.50786,-0.48121
2849.70000,0.28012,2.50482,-0.51487
2849.75000,0.28677,2.50088,-0.55493
2849.80000,0.29404,2.49614,-0.59910
2849.85000,0.30128,2.49097,-0.64303
2849.90000,0.30829,2.48547,-0.68671
2849.95000,0.31521,2.47977,-0.72161
2850.00000,0.32239,2.47363,-0.72711
2850.05000,0.32925,2.46766,-0.70943
2850.10000,0.33430,2.46354,-0.66720
2850.15000,0.33569,2.46251,-0.60854
2850.20000,0.33619,2.46218,-0.54604
2850.25000,0.33672,2.46188,-0.48375
2850.30000,0.33719,2.46170,-0.43411
2850.35000,0.33735,2.46186,-0.41385
2850.40000,0.33900,2.46107,-0.42115
2850.45000,0.34341,2.45900,-0.44454
2850.50000,0.34963,2.45591,-0.47765
2850.55000,0.35686,2.45198,-0.51672
2850.60000,0.36381,2.44783,-0.56360
2850.65000,0.37019,2.44355,-0.61736
2850.70000,0.37607,2.43912,-0.67629
2850.75000,0.38163,2.43436,-0.73822
2850.80000,0.38718,2.42898,-0.80049
2850.85000,0.39238,2.42326,-0.86426
2850.90000,0.39733,2.41708,-0.92845
2850.95000,0.40200,2.41039,-0.99259
2851.00000,0.40652,2.40294,-1.05518
2851.05000,0.41051,2.39536,-1.11790
2851.10000,0.41435,2.38756,-1.16557
2851.15000,0.41793,2.37922,-1.18130
2851.20000,0.42131,2.37094,-1.17148
2851.25000,0.42409,2.36441,-1.13657
2851.30000,0.42611,2.36028,-1.08651
2851.35000,0.42701,2.35814,-1.03832
2851.40000,0.42723,2.35679,-1.02559
2851.45000,0.42704,2.35591,-1.03536
2851.50000,0.42719,2.35528,-1.05587
2851.55000,0.42825,2.35333,-1.08494
2851.60000,0.42996,2.34997,-1.12384
2851.65000,0.43233,2.34471,-1.17238
2851.70000,0.43495,2.33798,-1.22600
2851.75000,0.43695,2.33188,-1.28685
2851.80000,0.43807,2.32756,-1.35478
2851.85000,0.43855,2.32492,-1.42999
2851.90000,0.43870,2.32351,-1.51012
2851.95000,0.43872,2.32294,-1.59302
2852.00000,0.43869,2.32248,-1.67541
2852.05000,0.43862,2.32204,-1.75683
2852.10000,0.43853,2.32163,-1.83724
2852.15000,0.43840,2.32125,-1.91661
2852.20000,0.43826,2.32089,-1.99490
2852.25000,0.43809,2.32055,-2.07238
2852.30000,0.43789,2.32022,-2.14915
2852.35000,0.43767,2.31991,-2.22520
2852.40000,0.43743,2.31962,-2.30050
2852.45000,0.43716,2.31934,-2.37506
2852.50000,0.43687,2.31908,-2.44883
2852.55000,0.43657,2.31885,-2.52182
2852.60000,0.43624,2.31863,-2.59399
2852.65000,0.43590,2.31844,-2.66534
2852.70000,0.43555,2.31827,-2.73584
2852.75000,0.43518,2.31813,-2.80548
2852.80000,0.43481,2.31801,-2.87416
2852.85000,0.43444,2.31793,-2.94167
2852.90000,0.43408,2.31787,-3.00800
2852.95000,0.43373,2.31783,-3.07313
2853.00000,0.43338,2.31782,-3.13727
2853.05000,0.43303,2.31783,3.08268
2853.10000,0.43268,2.31786,3.02038
2853.15000,0.43233,2.31791,2.95903
2853.20000,0.43199,2.31799,2.89863
2853.25000,0.43165,2.31808,2.83920
2853.30000,0.43131,2.31820,2.78074
2853.35000,0.43099,2.31833,2.72326
2853.40000,0.43067,2.31848,2.66684
2853.45000,0.43037,2.31865,2.61157
2853.50000,0.43009,2.31883,2.55746
2853.55000,0.42982,2.31901,2.50452
2853.60000,0.42956,2.31922,2.45257
2853.65000,0.42931,2.31943,2.40161
2853.70000,0.42736,2.32139,2.35320
2853.75000,0.42266,2.32633,2.30789
2853.80000,0.41754,2.33226,2.25895
2853.85000,0.41225,2.33904,2.20788
2853.90000,0.40722,2.34620,2.15801
2853.95000,0.40239,2.35367,2.12434
2854.00000,0.39763,2.36147,2.11912
2854.05000,0.39238,2.37003,2.12125
2854.10000,0.38712,2.37859,2.12400
2854.15000,0.38183,2.38713,2.12675
2854.20000,0.37651,2.39567,2.13002
2854.25000,0.37115,2.40419,2.13396
2854.30000,0.36576,2.41270,2.13847
2854.35000,0.36034,2.42115,2.14351
2854.40000,0.35486,2.42960,2.14863
2854.45000,0.34935,2.43801,2.15478
2854.50000,0.34378,2.44639,2.16139
2854.55000,0.33817,2.45471,2.16831
2854.60000,0.33247,2.46303,2.17562
2854.65000,0.32675,2.47125,2.18371
2854.70000,0.32094,2.47946,2.19216
2854.75000,0.31506,2.48761,2.20056
2854.80000,0.30916,2.49564,2.20909
2854.85000,0.30329,2.50347,2.21780
2854.90000,0.29725,2.51138,2.22698
2854.95000,0.29114,2.51926,2.23706
2855.00000,0.28562,2.52632,2.23267
2855.05000,0.28072,2.53265,2.21639
2855.10000,0.28021,2.53388,2.20085
2855.15000,0.28035,2.53368,2.18393
2855.20000,0.28049,2.53348,2.16761
2855.25000,0.28051,2.53344,2.15240
2855.30000,0.27942,2.53489,2.13806
2855.35000,0.27574,2.54065,2.13802
2855.40000,0.27063,2.54858,2.15005
2855.45000,0.26508,2.55695,2.16430
2855.50000,0.25942,2.56522,2.17805
2855.55000,0.25441,2.57262,2.19078
2855.60000,0.25278,2.57507,2.19164
2855.65000,0.25242,2.57557,2.18135
2855.70000,0.25234,2.57569,2.17029
2855.75000,0.25230,2.57574,2.15920
2855.80000,0.25222,2.57586,2.14829
2855.85000,0.25218,2.57592,2.13736
2855.90000,0.25223,2.57582,2.12610
2855.95000,0.25229,2.57572,2.11486
2856.00000,0.25094,2.57782,2.10696
2856.05000,0.24748,2.58359,2.11190
2856.10000,0.24271,2.59138,2.12797
2856.15000,0.23795,2.59884,2.15731
2856.20000,0.23292,2.60610,2.19615
2856.25000,0.22699,2.61397,2.23748
2856.30000,0.22063,2.62173,2.28078
2856.35000,0.21395,2.62917,2.32339
2856.40000,0.20696,2.63632,2.36589
2856.45000,0.20025,2.64263,2.41083
2856.50000,0.19306,2.64880,2.45525
2856.55000,0.18606,2.65427,2.50183
2856.60000,0.17885,2.65938,2.54839
2856.65000,0.17140,2.66415,2.59451
2856.70000,0.16364,2.66864,2.64028
2856.75000,0.15527,2.67300,2.68353
2856.80000,0.14721,2.67675,2.72821
2856.85000,0.13900,2.68013,2.77289
2856.90000,0.12988,2.68348,2.81502
2856.95000,0.12033,2.68653,2.85532
2857.00000,0.11062,2.68918,2.89674
2857.05000,0.10090,2.69142,2.93774
2857.10000,0.09110,2.69324,2.97903
2857.15000,0.08058,2.69472,3.02167
2857.20000,0.07050,2.69571,3.06391
2857.25000,0.06143,2.69618,3.09623
2857.30000,0.05453,2.69619,3.11691
2857.35000,0.05016,2.69623,3.12585
2857.40000,0.04802,2.69623,3.12440
2857.45000,0.04765,2.69623,3.11493
2857.50000,0.04777,2.69623,3.10376
2857.55000,0.04787,2.69623,3.09252
2857.60000,0.04796,2.69623,3.08117
2857.65000,0.04802,2.69623,3.06966
2857.70000,0.04797,2.69624,3.05760
2857.75000,0.04784,2.69625,3.04522
2857.80000,0.04791,2.69624,3.03389
2857.85000,0.04800,2.69624,3.02293
2857.90000,0.04808,2.69623,3.01199
2857.95000,0.04816,2.69622,3.00105
2858.00000,0.04827,2.69621,2.99022
2858.05000,0.04838,2.69619,2.97945
2858.10000,0.04849,2.69618,2.96875
2858.15000,0.04859,2.69617,2.95809
2858.20000,0.04703,2.69689,2.94677
2858.25000,0.03944,2.69874,2.93604
2858.30000,0.02990,2.70078,2.92559
2858.35000,0.02035,2.70290,2.91891
2858.40000,0.01050,2.70535,2.92559
2858.45000,0.00009,2.70756,2.94941
2858.50000,-0.01022,2.70940,2.98335
2858.55000,-0.02012,2.71078,3.02174
2858.60000,-0.03007,2.71179,3.05913
2858.65000,-0.03886,2.71237,3.08381
2858.70000,-0.04519,2.71250,3.09997
2858.75000,-0.04866,2.71245,3.10527
2858.80000,-0.04972,2.71245,3.10024
2858.85000,-0.05071,2.71245,3.09481
2858.90000,-0.05170,2.71246,3.08938
2858.95000,-0.05269,2.71247,3.08394
2859.00000,-0.05350,2.71247,3.07740
2859.05000,-0.05340,2.71246,3.06649
2859.10000,-0.05324,2.71245,3.05544
2859.15000,-0.05308,2.71244,3.04439
2859.20000,-0.05292,2.71242,3.03337
2859.25000,-0.05277,2.71240,3.02240
2859.30000,-0.05262,2.71239,3.01147
2859.35000,-0.05247,2.71237,3.00059
2859.40000,-0.05233,2.71234,2.98976
2859.45000,-0.05218,2.71232,2.97898
2859.50000,-0.05204,2.71230,2.96824
2859.55000,-0.05190,2.71227,2.95753
2859.60000,-0.05189,2.71239,2.95238
2859.65000,-0.05421,2.71326,2.95330
2859.70000,-0.06107,2.71476,2.95237
2859.75000,-0.07041,2.71662,2.94320
2859.80000,-0.07994,2.71859,2.93258
2859.85000,-0.08945,2.72066,2.92177
2859.90000,-0.09902,2.72284,2.91483
2859.95000,-0.10876,2.72506,2.92738
2860.00000,-0.11797,2.72692,2.95738
2860.05000,-0.12705,2.72849,2.98286
2860.10000,-0.13371,2.72933,2.99751
2860.15000,-0.13664,2.72936,2.99638
2860.20000,-0.13685,2.72937,2.98290
2860.25000,-0.13694,2.72939,2.96807
2860.30000,-0.13703,2.72941,2.95295
2860.35000,-0.13712,2.72942,2.93762
2860.40000,-0.13722,2.72944,2.92206
2860.45000,-0.13731,2.72947,2.90619
2860.50000,-0.13741,2.72949,2.88998
2860.55000,-0.13751,2.72952,2.87342
2860.60000,-0.13762,2.72955,2.85652
2860.65000,-0.13772,2.72959,2.84586
2860.70000,-0.13877,2.73003,2.84616
2860.75000,-0.14120,2.73077,2.85300
2860.80000,-0.14500,2.73189,2.86555
2860.85000,-0.15048,2.73340,2.88526
2860.90000,-0.15773,2.73528,2.90116
2860.95000,-0.16309,2.73648,2.90283
2861.00000,-0.16531,2.73697,2.89004
2861.05000,-0.16546,2.73701,2.86663
2861.10000,-0.16558,2.73704,2.84136
2861.15000,-0.16570,2.73708,2.81487
2861.20000,-0.16582,2.73714,2.79462
2861.25000,-0.16633,2.73747,2.78937
2861.30000,-0.16818,2.73818,2.79529
2861.35000,-0.17133,2.73931,2.80746
2861.40000,-0.17598,2.74090,2.82600
2861.45000,-0.18258,2.74297,2.85272
2861.50000,-0.19146,2.74548,2.88843
2861.55000,-0.19959,2.74748,2.90592
2861.60000,-0.20556,2.74892,2.89978
2861.65000,-0.20911,2.74981,2.88095
2861.70000,-0.21034,2.75015,2.84992
2861.75000,-0.21052,2.75020,2.81237
2861.80000,-0.21072,2.75028,2.77372
2861.85000,-0.21091,2.75037,2.74436
2861.90000,-0.21132,2.75065,2.73514
2861.95000,-0.21293,2.75135,2.74161
2862.00000,-0.21586,2.75258,2.75413
2862.05000,-0.22038,2.75439,2.77341
2862.10000,-0.22696,2.75683,2.80154
2862.15000,-0.23574,2.75978,2.83881
2862.20000,-0.24535,2.76257,2.87906
2862.25000,-0.25461,2.76478,2.90427
2862.30000,-0.26267,2.76613,2.90116
2862.35000,-0.26873,2.76734,2.87757
2862.40000,-0.27256,2.76843,2.84343
2862.45000,-0.27387,2.76886,2.79848
2862.50000,-0.27437,2.76905,2.75012
2862.55000,-0.27487,2.76927,2.70220
2862.60000,-0.27533,2.76950,2.66467
2862.65000,-0.27569,2.76968,2.64743
2862.70000,-0.27690,2.77042,2.65134
2862.75000,-0.28173,2.77300,2.67483
2862.80000,-0.28809,2.77608,2.70952
2862.85000,-0.29617,2.77963,2.74808
2862.90000,-0.30540,2.78326,2.78727
2862.95000,-0.31459,2.78634,2.81395
2863.00000,-0.32314,2.78897,2.81306
2863.05000,-0.33031,2.79138,2.79312
2863.10000,-0.33414,2.79276,2.75736
2863.15000,-0.33504,2.79314,2.70863
2863.20000,-0.33578,2.79350,2.65920
2863.25000,-0.33651,2.79390,2.61024
2863.30000,-0.33718,2.79430,2.57038
2863.35000,-0.33791,2.79484,2.55469
2863.40000,-0.34079,2.79681,2.56842
2863.45000,-0.34519,2.79958,2.59326
2863.50000,-0.35137,2.80323,2.62701
2863.55000,-0.35909,2.80740,2.66651
2863.60000,-0.36783,2.81171,2.70575
2863.65000,-0.37694,2.81577,2.74446
2863.70000,-0.38576,2.81928,2.77181
2863.75000,-0.39406,2.82221,2.77294
2863.80000,-0.40144,2.82467,2.75424
2863.85000,-0.40562,2.82639,2.71829
2863.90000,-0.40687,2.82696,2.66928
2863.95000,-0.40732,2.82722,2.61685
2864.00000,-0.40833,2.82784,2.56727
2864.05000,-0.40931,2.82851,2.51817
2864.10000,-0.41027,2.82924,2.48107
2864.15000,-0.41117,2.82996,2.46860
2864.20000,-0.41218,2.83082,2.47963
2864.25000,-0.41419,2.83236,2.50039
2864.30000,-0.41767,2.83488,2.52969
2864.35000,-0.42262,2.83823,2.56854
2864.40000,-0.42996,2.84276,2.61345
2864.45000,-0.43831,2.84739,2.65992
2864.50000,-0.44661,2.85147,2.71095
2864.55000,-0.45504,2.85511,2.76458
2864.60000,-0.46394,2.85837,2.81720
2864.65000,-0.47215,2.86088,2.87360
2864.70000,-0.48050,2.86292,2.93002
2864.75000,-0.48869,2.86444,2.97162
2864.80000,-0.49588,2.86476,2.98409
2864.85000,-0.50281,2.86479,2.98192
2864.90000,-0.50928,2.86443,2.96250
2864.95000,-0.51177,2.86427,2.92013
2865.00000,-0.51198,2.86432,2.86807
2865.05000,-0.51277,2.86456,2.81878
2865.10000,-0.51349,2.86483,2.77003
2865.15000,-0.51425,2.86516,2.72887
2865.20000,-0.51531,2.86586,2.70761
2865.25000,-0.51685,2.86710,2.71230
2865.30000,-0.52088,2.86916,2.73949
2865.35000,-0.52714,2.87171,2.77714
2865.40000,-0.53454,2.87436,2.81913
2865.45000,-0.54251,2.87682,2.86663
2865.50000,-0.55097,2.87897,2.91789
2865.55000,-0.55968,2.88070,2.97217
2865.60000,-0.56784,2.88186,3.03146
2865.65000,-0.57546,2.88246,3.09483
2865.70000,-0.58297,2.88257,-3.12312
2865.75000,-0.59069,2.88217,-3.05773
2865.80000,-0.59851,2.88125,-2.99221
2865.85000,-0.60642,2.87980,-2.92682
2865.90000,-0.61435,2.87780,-2.86161
2865.95000,-0.62219,2.87526,-2.79643
2866.00000,-0.62998,2.87217,-2.73160
2866.05000,-0.63760,2.86856,-2.66686
2866.10000,-0.64509,2.86440,-2.60256
2866.15000,-0.65235,2.85973,-2.53847
2866.20000,-0.65936,2.85457,-2.47462
2866.25000,-0.66612,2.84889,-2.41121
2866.30000,-0.67253,2.84277,-2.34793
2866.35000,-0.67862,2.83617,-2.28507
2866.40000,-0.68432,2.82917,-2.22239
2866.45000,-0.68959,2.82178,-2.15993
2866.50000,-0.69371,2.81518,-2.09263
2866.55000,-0.69617,2.81054,-2.01633
2866.60000,-0.69760,2.80721,-1.93377
2866.65000,-0.69838,2.80489,-1.84704
2866.70000,-0.69876,2.80328,-1.75787
2866.75000,-0.69899,2.80172,-1.66928
2866.80000,-0.69907,2.80014,-1.58165
2866.85000,-0.69902,2.79855,-1.49502
2866.90000,-0.69883,2.79698,-1.40939
2866.95000,-0.69851,2.79543,-1.32478
2867.00000,-0.69806,2.79392,-1.24120
2867.05000,-0.69749,2.79246,-1.15868
2867.10000,-0.69681,2.79105,-1.07722
2867.15000,-0.69602,2.78971,-0.99683
2867.20000,-0.69513,2.78845,-0.91751
2867.25000,-0.69415,2.78727,-0.83924
2867.30000,-0.69309,2.78617,-0.76191
2867.35000,-0.69195,2.78517,-0.68550
2867.40000,-0.69076,2.78426,-0.60998
2867.45000,-0.68951,2.78346,-0.53535
2867.50000,-0.68821,2.78275,-0.46158
2867.55000,-0.68688,2.78215,-0.38867
2867.60000,-0.68552,2.78165,-0.31671
2867.65000,-0.68414,2.78125,-0.24569
2867.70000,-0.68275,2.78095,-0.17567
2867.75000,-0.68137,2.78076,-0.10673
2867.80000,-0.67999,2.78066,-0.03889
2867.85000,-0.67864,2.78065,0.02784
2867.90000,-0.67730,2.78073,0.09346
2867.95000,-0.67599,2.78090,0.15797
2868.00000,-0.67471,2.78114,0.22136
2868.05000,-0.67347,2.78146,0.28363
2868.10000,-0.67227,2.78185,0.34477
2868.15000,-0.67111,2.78231,0.40479
2868.20000,-0.66793,2.78403,0.46129
2868.25000,-0.66123,2.78762,0.51124
2868.30000,-0.65480,2.79128,0.55037
2868.35000,-0.64880,2.79476,0.56312
2868.40000,-0.64154,2.79934,0.55456
2868.45000,-0.63332,2.80435,0.53954
2868.50000,-0.62504,2.80923,0.52396
2868.55000,-0.61669,2.81397,0.50745
2868.60000,-0.60828,2.81855,0.49014
2868.65000,-0.59981,2.82297,0.47241
2868.70000,-0.59127,2.82724,0.45386
2868.75000,-0.58268,2.83133,0.43424
2868.80000,-0.57401,2.83524,0.41418
2868.85000,-0.56528,2.83897,0.39332
2868.90000,-0.55649,2.84251,0.37192
2868.95000,-0.54764,2.84585,0.34973
2869.00000,-0.53873,2.84899,0.32727
2869.05000,-0.52976,2.85192,0.30404
2869.10000,-0.52074,2.85463,0.28032
2869.15000,-0.51166,2.85713,0.25638
2869.20000,-0.50253,2.85941,0.23233
2869.25000,-0.49336,2.86146,0.20775
2869.30000,-0.48415,2.86329,0.18287
2869.35000,-0.47490,2.86488,0.15781
2869.40000,-0.46561,2.86624,0.13252
2869.45000,-0.45630,2.86737,0.10710
2869.50000,-0.44697,2.86826,0.08129
2869.55000,-0.43765,2.86889,0.05518
2869.60000,-0.42831,2.86929,0.02909
2869.65000,-0.41891,2.86944,0.00309
2869.70000,-0.40957,2.86935,-0.02313
2869.75000,-0.40016,2.86900,-0.04947
2869.80000,-0.39072,2.86841,-0.07553
2869.85000,-0.38143,2.86758,-0.10249
2869.90000,-0.37216,2.86651,-0.12907
2869.95000,-0.36292,2.86519,-0.15570
2870.00000,-0.35372,2.86362,-0.18252
2870.05000,-0.34457,2.86181,-0.20929
2870.10000,-0.33547,2.85975,-0.23615
2870.15000,-0.32644,2.85746,-0.26319
2870.20000,-0.31749,2.85492,-0.29117
2870.25000,-0.30862,2.85213,-0.31926
2870.30000,-0.29984,2.84909,-0.34751
2870.35000,-0.29115,2.84581,-0.37578
2870.40000,-0.28256,2.84226,-0.40443
2870.45000,-0.27411,2.83849,-0.43418
2870.50000,-0.26605,2.83474,-0.44787
2870.55000,-0.25961,2.83188,-0.43163
2870.60000,-0.25530,2.82997,-0.39224
2870.65000,-0.25231,2.82881,-0.33924
2870.70000,-0.25162,2.82858,-0.27639
2870.75000,-0.25136,2.82851,-0.21197
2870.80000,-0.25106,2.82845,-0.15791
2870.85000,-0.25086,2.82844,-0.12762
2870.90000,-0.24946,2.82813,-0.11940
2870.95000,-0.24481,2.82737,-0.12671
2871.00000,-0.23719,2.82623,-0.14940
2871.05000,-0.22814,2.82471,-0.18006
2871.10000,-0.21908,2.82291,-0.21130
2871.15000,-0.21009,2.82084,-0.24221
2871.20000,-0.20118,2.81850,-0.27356
2871.25000,-0.19236,2.81588,-0.30523
2871.30000,-0.18345,2.81291,-0.33740
2871.35000,-0.17483,2.80988,-0.36129
2871.40000,-0.16618,2.80676,-0.36022
2871.45000,-0.15761,2.80365,-0.34006
2871.50000,-0.15058,2.80127,-0.30663
2871.55000,-0.14596,2.79991,-0.26214
2871.60000,-0.14396,2.79942,-0.20658
2871.65000,-0.14368,2.79937,-0.14414
2871.70000,-0.14345,2.79938,-0.09121
2871.75000,-0.14356,2.79948,-0.05918
2871.80000,-0.14300,2.79929,-0.04763
2871.85000,-0.13991,2.79897,-0.04990
2871.90000,-0.13447,2.79856,-0.06431
2871.95000,-0.12628,2.79787,-0.09274
2872.00000,-0.11716,2.79687,-0.12602
2872.05000,-0.10809,2.79556,-0.15926
2872.10000,-0.09906,2.79396,-0.19260
2872.15000,-0.09009,2.79205,-0.22578
2872.20000,-0.08121,2.78986,-0.25981
2872.25000,-0.07233,2.78745,-0.28737
2872.30000,-0.06314,2.78470,-0.29689
2872.35000,-0.05361,2.78155,-0.29118
2872.40000,-0.04472,2.77918,-0.28191
2872.45000,-0.03890,2.77847,-0.27362
2872.50000,-0.03467,2.77796,-0.26468
2872.55000,-0.03181,2.77792,-0.27453
2872.60000,-0.02812,2.77679,-0.30565
2872.65000,-0.02319,2.77516,-0.33141
2872.70000,-0.01899,2.77382,-0.35062
2872.75000,-0.01516,2.77234,-0.38194
2872.80000,-0.00986,2.77009,-0.42177
2872.85000,-0.00356,2.76709,-0.46732
2872.90000,0.00339,2.76336,-0.51667
2872.95000,0.01042,2.75937,-0.55848
2873.00000,0.01667,2.75590,-0.59129
2873.05000,0.02021,2.75349,-0.61603
2873.10000,0.02422,2.75053,-0.61834
2873.15000,0.02860,2.74717,-0.60582
2873.20000,0.03314,2.74362,-0.58076
2873.25000,0.03720,2.74096,-0.53756
2873.30000,0.03897,2.74020,-0.49658
2873.35000,0.03979,2.74043,-0.48451
2873.40000,0.04127,2.73971,-0.49716
2873.45000,0.04541,2.73737,-0.52726
2873.50000,0.05090,2.73403,-0.56542
2873.55000,0.05726,2.72980,-0.60903
2873.60000,0.06417,2.72474,-0.65611
2873.65000,0.07100,2.71921,-0.70389
2873.70000,0.07758,2.71335,-0.75116
2873.75000,0.08389,2.70717,-0.79774
2873.80000,0.08999,2.70091,-0.83687
2873.85000,0.09653,2.69413,-0.85067
2873.90000,0.10290,2.68708,-0.83673
2873.95000,0.10839,2.68114,-0.80578
2874.00000,0.11212,2.67739,-0.76272
2874.05000,0.11375,2.67590,-0.70708
2874.10000,0.11397,2.67572,-0.64356
2874.15000,0.11418,2.67560,-0.59208
2874.20000,0.11368,2.67628,-0.57343
2874.25000,0.11410,2.67603,-0.57677
2874.30000,0.11756,2.67371,-0.59934
2874.35000,0.12288,2.66994,-0.63356
2874.40000,0.12910,2.66518,-0.67393
2874.45000,0.13581,2.65957,-0.71807
2874.50000,0.14238,2.65357,-0.76240
2874.55000,0.14869,2.64727,-0.80564
2874.60000,0.15474,2.64070,-0.84844
2874.65000,0.16065,2.63398,-0.88394
2874.70000,0.16687,2.62685,-0.89406
2874.75000,0.17229,2.62020,-0.87504
2874.80000,0.17621,2.61563,-0.83249
2874.85000,0.17795,2.61379,-0.77793
2874.90000,0.17820,2.61355,-0.71451
2874.95000,0.17842,2.61340,-0.66251
2875.00000,0.17844,2.61351,-0.63546
2875.05000,0.17911,2.61302,-0.63730
2875.10000,0.18239,2.61054,-0.65631
2875.15000,0.18773,2.60629,-0.68839
2875.20000,0.19388,2.60102,-0.72693
2875.25000,0.20044,2.59494,-0.76808
2875.30000,0.20693,2.58865,-0.80092
2875.35000,0.21362,2.58192,-0.80649
2875.40000,0.22003,2.57526,-0.79630
2875.45000,0.22629,2.56881,-0.77268
2875.50000,0.23136,2.56403,-0.73475
2875.55000,0.23425,2.56153,-0.68408
2875.60000,0.23489,2.56103,-0.62119
2875.65000,0.23509,2.56091,-0.56810
2875.70000,0.23525,2.56092,-0.54420
2875.75000,0.23623,2.56033,-0.54416
2875.80000,0.24069,2.55754,-0.56238
2875.85000,0.24742,2.55316,-0.59072
2875.90000,0.25524,2.54772,-0.62447
2875.95000,0.26324,2.54174,-0.65954
2876.00000,0.27103,2.53548,-0.69435
2876.05000,0.27861,2.52895,-0.72862
2876.10000,0.28600,2.52234,-0.75371
2876.15000,0.29257,2.51624,-0.75015
2876.20000,0.29871,2.51050,-0.73386
2876.25000,0.30466,2.50508,-0.70293
2876.30000,0.30919,2.50139,-0.65781
2876.35000,0.31135,2.49979,-0.59969
2876.40000,0.31159,2.49964,-0.53179
2876.45000,0.31177,2.49956,-0.47529
2876.50000,0.31193,2.49957,-0.44366
2876.55000,0.31239,2.49939,-0.43834
2876.60000,0.31567,2.49777,-0.44898
2876.65000,0.32206,2.49455,-0.47672
2876.70000,0.32953,2.49052,-0.51153
2876.75000,0.33783,2.48565,-0.54746
2876.80000,0.34628,2.48030,-0.58148
2876.85000,0.35454,2.47467,-0.61481
2876.90000,0.36261,2.46877,-0.64817
2876.95000,0.37034,2.46286,-0.67031
2877.00000,0.37529,2.45893,-0.68265
2877.05000,0.37894,2.45586,-0.71685
2877.10000,0.38354,2.45168,-0.75880
2877.15000,0.38900,2.44626,-0.80441
2877.20000,0.39455,2.44020,-0.85450
2877.25000,0.40033,2.43319,-0.90591
2877.30000,0.40596,2.42561,-0.95917
2877.35000,0.41139,2.41740,-1.01321
2877.40000,0.41645,2.40878,-1.06717
2877.45000,0.42095,2.40002,-1.12234
2877.50000,0.42503,2.39094,-1.17644
2877.55000,0.42860,2.38165,-1.23026
2877.60000,0.43096,2.37432,-1.28571
2877.65000,0.43295,2.36667,-1.33980
2877.70000,0.43456,2.35894,-1.39270
2877.75000,0.43525,2.35436,-1.45585
2877.80000,0.43547,2.35168,-1.52723
2877.85000,0.43549,2.35035,-1.60428
2877.90000,0.43546,2.34999,-1.68506
2877.95000,0.43544,2.34983,-1.76632
2878.00000,0.43540,2.34968,-1.84706
2878.05000,0.43535,2.34952,-1.92725
2878.10000,0.43529,2.34938,-2.00685
2878.15000,0.43522,2.34924,-2.08587
2878.20000,0.43513,2.34910,-2.16428
2878.25000,0.43504,2.34898,-2.24208
2878.30000,0.43494,2.34886,-2.31924
2878.35000,0.43483,2.34875,-2.39576
2878.40000,0.43471,2.34865,-2.47160
2878.45000,0.43459,2.34856,-2.54677
2878.50000,0.43446,2.34847,-2.62124
2878.55000,0.43432,2.34840,-2.69500
2878.60000,0.43418,2.34834,-2.76802
2878.65000,0.43404,2.34829,-2.84031
2878.70000,0.43389,2.34825,-2.91183
2878.75000,0.43374,2.34822,-2.98257
2878.80000,0.43359,2.34820,-3.05252
2878.85000,0.43344,2.34820,-3.12166
2878.90000,0.43329,2.34820,3.09322
2878.95000,0.43314,2.34821,3.02565
2879.00000,0.43300,2.34823,2.95903
2879.05000,0.43285,2.34826,2.89336
2879.10000,0.43271,2.34831,2.82865
2879.15000,0.43256,2.34836,2.76492
2879.20000,0.43243,2.34842,2.70216
2879.25000,0.43229,2.34848,2.64039
2879.30000,0.43217,2.34856,2.57961
2879.35000,0.43204,2.34864,2.51983
2879.40000,0.43192,2.34873,2.46106
2879.45000,0.43181,2.34883,2.40330
2879.50000,0.43170,2.34894,2.34656
2879.55000,0.43160,2.34905,2.29083
2879.60000,0.43150,2.34916,2.23614
2879.65000,0.43133,2.34941,2.19399
2879.70000,0.42942,2.35215,2.16728
2879.75000,0.42528,2.35832,2.15764
2879.80000,0.41975,2.36663,2.15898
2879.85000,0.41419,2.37495,2.16089
2879.90000,0.40861,2.38325,2.16290
2879.95000,0.40302,2.39155,2.16550
2880.00000,0.39740,2.39982,2.16866
2880.05000,0.39176,2.40807,2.17203
2880.10000,0.38610,2.41629,2.17608
2880.15000,0.38042,2.42445,2.18083
2880.20000,0.37469,2.43261,2.18555
2880.25000,0.36892,2.44073,2.19079
2880.30000,0.36310,2.44884,2.19677
2880.35000,0.35723,2.45691,2.20247
2880.40000,0.35129,2.46496,2.20954
2880.45000,0.34533,2.47295,2.21678
2880.50000,0.33929,2.48089,2.22365
2880.55000,0.33327,2.48869,2.23188
2880.60000,0.32720,2.49642,2.24065
2880.65000,0.32100,2.50417,2.24987
2880.70000,0.31477,2.51181,2.26011
2880.75000,0.30874,2.51914,2.25985
2880.80000,0.30509,2.52370,2.24458
2880.85000,0.30428,2.52480,2.21237
2880.90000,0.30454,2.52447,2.17302
2880.95000,0.30492,2.52389,2.13320
2881.00000,0.30473,2.52409,2.10576
2881.05000,0.30255,2.52765,2.09430
2881.10000,0.29869,2.53429,2.09780
2881.15000,0.29369,2.54277,2.11179
2881.20000,0.28855,2.55117,2.12601
2881.25000,0.28311,2.55983,2.14059
2881.30000,0.27758,2.56836,2.15543
2881.35000,0.27203,2.57661,2.17180
2881.40000,0.26669,2.58450,2.17625
2881.45000,0.26237,2.59091,2.15526
2881.50000,0.25781,2.59785,2.13999
2881.55000,0.25328,2.60493,2.14082
2881.60000,0.24852,2.61223,2.16210
2881.65000,0.24344,2.61953,2.19902
2881.70000,0.23744,2.62748,2.23977
2881.75000,0.23136,2.63487,2.28262
2881.80000,0.22542,2.64146,2.32759
2881.85000,0.21918,2.64777,2.37241
2881.90000,0.21265,2.65382,2.41667
2881.95000,0.20587,2.65956,2.46114
2882.00000,0.19884,2.66499,2.50568
2882.05000,0.19157,2.67011,2.55012
2882.10000,0.18407,2.67491,2.59384
2882.15000,0.17637,2.67939,2.63746
2882.20000,0.16847,2.68352,2.68092
2882.25000,0.16040,2.68731,2.72427
2882.30000,0.15218,2.69074,2.76781
2882.35000,0.14381,2.69382,2.81123
2882.40000,0.13531,2.69653,2.85439
2882.45000,0.12668,2.69888,2.89653
2882.50000,0.11765,2.70097,2.93802
2882.55000,0.10816,2.70274,2.97777
2882.60000,0.09884,2.70410,3.01931
2882.65000,0.08960,2.70508,3.05946
2882.70000,0.08052,2.70561,3.08896
2882.75000,0.07191,2.70570,3.09390
2882.80000,0.06526,2.70569,3.07819
2882.85000,0.06172,2.70551,3.04801
2882.90000,0.06050,2.70545,3.00733
2882.95000,0.06032,2.70547,2.96197
2883.00000,0.06016,2.70552,2.93397
2883.05000,0.05936,2.70585,2.93026
2883.10000,0.05568,2.70675,2.94495
2883.15000,0.05028,2.70776,2.96943
2883.20000,0.04297,2.70892,3.00376
2883.25000,0.03412,2.70998,3.04355
2883.30000,0.02372,2.71080,3.08276
2883.35000,0.01411,2.71119,3.10948
2883.40000,0.00456,2.71139,3.12097
2883.45000,-0.00456,2.71134,3.11666
2883.50000,-0.01178,2.71122,3.09419
2883.55000,-0.01627,2.71110,3.05956
2883.60000,-0.01848,2.71109,3.01507
2883.65000,-0.01889,2.71115,2.96312
2883.70000,-0.01922,2.71122,2.91081
2883.75000,-0.01954,2.71132,2.86871
2883.80000,-0.01993,2.71153,2.84613
2883.85000,-0.02028,2.71174,2.83541
2883.90000,-0.02079,2.71197,2.83358
2883.95000,-0.02243,2.71250,2.83768
2884.00000,-0.02535,2.71341,2.84743
2884.05000,-0.02971,2.71471,2.86461
2884.10000,-0.03611,2.71646,2.88981
2884.15000,-0.04466,2.71859,2.92322
2884.20000,-0.05446,2.72056,2.96176
2884.25000,-0.06433,2.72216,3.00017
2884.30000,-0.07346,2.72319,3.02255
2884.35000,-0.08153,2.72342,3.02215
2884.40000,-0.08866,2.72305,3.00458
2884.45000,-0.09298,2.72290,2.97031
2884.50000,-0.09496,2.72299,2.92605
2884.55000,-0.09548,2.72312,2.87567
2884.60000,-0.09598,2.72327,2.82532
2884.65000,-0.09648,2.72346,2.78537
2884.70000,-0.09735,2.72407,2.76917
2884.75000,-0.09856,2.72507,2.76822
2884.80000,-0.10219,2.72677,2.78195
2884.85000,-0.10815,2.72896,2.80537
2884.90000,-0.11612,2.73162,2.83737
2884.95000,-0.12562,2.73441,2.87553
2885.00000,-0.13532,2.73686,2.91363
2885.05000,-0.14510,2.73893,2.95127
2885.10000,-0.15451,2.74036,2.97530
2885.15000,-0.16276,2.74062,2.97492
2885.20000,-0.16938,2.74032,2.95364
2885.25000,-0.17181,2.74030,2.91394
2885.30000,-0.17228,2.74042,2.86620
2885.35000,-0.17267,2.74054,2.81855
2885.40000,-0.17302,2.74067,2.77150
2885.45000,-0.17340,2.74086,2.73245
2885.50000,-0.17412,2.74144,2.71058
2885.55000,-0.17516,2.74237,2.70419
2885.60000,-0.17689,2.74365,2.70836
2885.65000,-0.18118,2.74580,2.72603
2885.70000,-0.18623,2.74829,2.74659
2885.75000,-0.19338,2.75131,2.77550
2885.80000,-0.20243,2.75467,2.81251
2885.85000,-0.21206,2.75776,2.85136
2885.90000,-0.22168,2.76044,2.88943
2885.95000,-0.23100,2.76257,2.91409
2886.00000,-0.23930,2.76385,2.91276
2886.05000,-0.24448,2.76440,2.89507
2886.10000,-0.24618,2.76457,2.86204
2886.15000,-0.24639,2.76464,2.82226
2886.20000,-0.24658,2.76471,2.78227
2886.25000,-0.24676,2.76478,2.74244
2886.30000,-0.24705,2.76499,2.71087
2886.35000,-0.24794,2.76578,2.70416
2886.40000,-0.25203,2.76776,2.72045
2886.45000,-0.25887,2.77071,2.74813
2886.50000,-0.26753,2.77414,2.78294
2886.55000,-0.27732,2.77756,2.82229
2886.60000,-0.28617,2.78033,2.84665
2886.65000,-0.29449,2.78261,2.84658
2886.70000,-0.30009,2.78422,2.83102
2886.75000,-0.30161,2.78458,2.79777
2886.80000,-0.30112,2.78440,2.75546
2886.85000,-0.30106,2.78438,2.71475
2886.90000,-0.30124,2.78447,2.67550
2886.95000,-0.30151,2.78461,2.65121
2887.00000,-0.30234,2.78516,2.64726
2887.05000,-0.30671,2.78754,2.66419
2887.10000,-0.31322,2.79084,2.69052
2887.15000,-0.32139,2.79468,2.72362
2887.20000,-0.33038,2.79850,2.76012
2887.25000,-0.33886,2.80165,2.78367
2887.30000,-0.34634,2.80419,2.78204
2887.35000,-0.35055,2.80570,2.76352
2887.40000,-0.35092,2.80581,2.72748
2887.45000,-0.35014,2.80544,2.68609
2887.50000,-0.34937,2.80504,2.64484
2887.55000,-0.34863,2.80462,2.60391
2887.60000,-0.34812,2.80453,2.57921
2887.65000,-0.34948,2.80556,2.58100
2887.70000,-0.35376,2.80821,2.59942
2887.75000,-0.36001,2.81193,2.62712
2887.80000,-0.36769,2.81611,2.66006
2887.85000,-0.37581,2.82016,2.69896
2887.90000,-0.38341,2.82356,2.72096
2887.95000,-0.39031,2.82651,2.71905
2888.00000,-0.39465,2.82842,2.70275
2888.05000,-0.39550,2.82879,2.67061
2888.10000,-0.39531,2.82870,2.63345
2888.15000,-0.39498,2.82851,2.59578
2888.20000,-0.39465,2.82839,2.57383
2888.25000,-0.39608,2.82939,2.57644
2888.30000,-0.40008,2.83191,2.59518
2888.35000,-0.40516,2.83492,2.62457
2888.40000,-0.41173,2.83850,2.66250
2888.45000,-0.41901,2.84213,2.70693
2888.50000,-0.42752,2.84584,2.75276
2888.55000,-0.43661,2.84931,2.80102
2888.60000,-0.44528,2.85220,2.83568
2888.65000,-0.45344,2.85467,2.84136
2888.70000,-0.45966,2.85656,2.83244
2888.75000,-0.46288,2.85755,2.81000
2888.80000,-0.46330,2.85769,2.77526
2888.85000,-0.46344,2.85774,2.73904
2888.90000,-0.46353,2.85778,2.71145
2888.95000,-0.46382,2.85798,2.70798
2889.00000,-0.46685,2.85939,2.73125
2889.05000,-0.47185,2.86151,2.76404
2889.10000,-0.47778,2.86372,2.80621
2889.15000,-0.48536,2.86618,2.85117
2889.20000,-0.49416,2.86858,2.89794
2889.25000,-0.50386,2.87075,2.94507
2889.30000,-0.51303,2.87238,2.97959
2889.35000,-0.52181,2.87355,2.98609
2889.40000,-0.52870,2.87448,2.97509
2889.45000,-0.53186,2.87476,2.96157
2889.50000,-0.53436,2.87502,2.96785
2889.55000,-0.53672,2.87518,2.98375
2889.60000,-0.53908,2.87537,3.01466
2889.65000,-0.54206,2.87572,3.06289
2889.70000,-0.54696,2.87597,3.11970
2889.75000,-0.55274,2.87592,-3.10355
2889.80000,-0.55916,2.87548,-3.04159
2889.85000,-0.56601,2.87457,-2.97825
2889.90000,-0.57315,2.87315,-2.91408
2889.95000,-0.58051,2.87120,-2.84962
2890.00000,-0.58788,2.86872,-2.78469
2890.05000,-0.59523,2.86570,-2.71964
2890.10000,-0.60253,2.86213,-2.65471
2890.15000,-0.60966,2.85805,-2.58977
2890.20000,-0.61652,2.85385,-2.53308
2890.25000,-0.62268,2.85008,-2.48738
2890.30000,-0.62739,2.84750,-2.44767
2890.35000,-0.63037,2.84539,-2.42204
2890.40000,-0.63190,2.84401,-2.40412
2890.45000,-0.63306,2.84295,-2.39201
2890.50000,-0.63473,2.84137,-2.35904
2890.55000,-0.63698,2.83905,-2.33472
2890.60000,-0.63874,2.83714,-2.34201
2890.65000,-0.63957,2.83635,-2.37878
2890.70000,-0.63977,2.83619,-2.42857
2890.75000,-0.64013,2.83589,-2.47808
2890.80000,-0.64050,2.83562,-2.52770
2890.85000,-0.64088,2.83537,-2.57745
2890.90000,-0.64152,2.83493,-2.61210
2890.95000,-0.64267,2.83426,-2.61738
2891.00000,-0.64394,2.83351,-2.60797
2891.05000,-0.64577,2.83232,-2.57923
2891.10000,-0.64974,2.82970,-2.53487
2891.15000,-0.65469,2.82610,-2.48538
2891.20000,-0.66011,2.82169,-2.43322
2891.25000,-0.66582,2.81652,-2.37844
2891.30000,-0.67166,2.81061,-2.32212
2891.35000,-0.67720,2.80465,-2.27214
2891.40000,-0.68272,2.79865,-2.24243
2891.45000,-0.68779,2.79300,-2.24379
2891.50000,-0.69100,2.78911,-2.27655
2891.55000,-0.69171,2.78832,-2.32798
2891.60000,-0.69216,2.78787,-2.38167
2891.65000,-0.69262,2.78745,-2.43531
2891.70000,-0.69310,2.78706,-2.48887
2891.75000,-0.69369,2.78663,-2.52977
2891.80000,-0.69485,2.78571,-2.53930
2891.85000,-0.69609,2.78476,-2.53440
2891.90000,-0.69791,2.78338,-2.50960
2891.95000,-0.70214,2.78017,-2.46881
2892.00000,-0.70733,2.77585,-2.42251
2892.05000,-0.71297,2.77066,-2.37346
2892.10000,-0.71890,2.76463,-2.32189
2892.15000,-0.72459,2.75849,-2.27618
2892.20000,-0.72935,2.75310,-2.24161
2892.25000,-0.73259,2.74888,-2.20086
2892.30000,-0.73585,2.74438,-2.17017
2892.35000,-0.73884,2.74007,-2.16726
2892.40000,-0.74146,2.73628,-2.19335
2892.45000,-0.74346,2.73360,-2.23856
2892.50000,-0.74420,2.73270,-2.29446
2892.55000,-0.74487,2.73199,-2.35157
2892.60000,-0.74558,2.73131,-2.40877
2892.65000,-0.74632,2.73068,-2.45456
2892.70000,-0.74748,2.72970,-2.47272
2892.75000,-0.74910,2.72837,-2.46090
2892.80000,-0.75228,2.72571,-2.42977
2892.85000,-0.75686,2.72160,-2.39099
2892.90000,-0.76225,2.71634,-2.34724
2892.95000,-0.76806,2.71014,-2.29994
2893.00000,-0.77385,2.70362,-2.25884
2893.05000,-0.77964,2.69704,-2.23970
2893.10000,-0.78504,2.69061,-2.25073
2893.15000,-0.78974,2.68495,-2.28280
2893.20000,-0.79309,2.68123,-2.32971
2893.25000,-0.79464,2.67968,-2.38877
2893.30000,-0.79595,2.67852,-2.45027
2893.35000,-0.79729,2.67745,-2.49973
2893.40000,-0.79896,2.67612,-2.52322
2893.45000,-0.80123,2.67427,-2.51978
2893.50000,-0.80386,2.67220,-2.49738
2893.55000,-0.80797,2.66901,-2.46446
2893.60000,-0.81370,2.66421,-2.42292
2893.65000,-0.81998,2.65846,-2.37706
2893.70000,-0.82653,2.65188,-2.32877
2893.75000,-0.83306,2.64461,-2.27847
2893.80000,-0.83933,2.63724,-2.23524
2893.85000,-0.84539,2.63001,-2.21072
2893.90000,-0.85088,2.62321,-2.21740
2893.95000,-0.85369,2.61960,-2.25958
2894.00000,-0.85546,2.61756,-2.31981
2894.05000,-0.85778,2.61523,-2.38521
2894.10000,-0.86043,2.61289,-2.45137
2894.15000,-0.86332,2.61066,-2.51757
2894.20000,-0.86620,2.60864,-2.57059
2894.25000,-0.86947,2.60633,-2.59083
2894.30000,-0.87308,2.60385,-2.57873
2894.35000,-0.87629,2.60175,-2.54359
2894.40000,-0.88052,2.59873,-2.49967
2894.45000,-0.88572,2.59464,-2.45125
2894.50000,-0.89129,2.58979,-2.39889
2894.55000,-0.89661,2.58462,-2.34178
2894.60000,-0.90157,2.57918,-2.28104
2894.65000,-0.90642,2.57319,-2.21914
2894.70000,-0.91103,2.56669,-2.15650
2894.75000,-0.91531,2.55976,-2.09331
2894.80000,-0.91921,2.55246,-2.02980
2894.85000,-0.92269,2.54483,-1.96606
2894.90000,-0.92570,2.53691,-1.90225
2894.95000,-0.92822,2.52873,-1.83844
2895.00000,-0.93022,2.52041,-1.77444
2895.05000,-0.93170,2.51188,-1.71069
2895.10000,-0.93263,2.50324,-1.64695
2895.15000,-0.93302,2.49456,-1.58316
2895.20000,-0.93287,2.48692,-1.51541
2895.25000,-0.93223,2.47994,-1.44516
2895.30000,-0.93108,2.47283,-1.37557
2895.35000,-0.92940,2.46565,-1.30654
2895.40000,-0.92719,2.45847,-1.23801
2895.45000,-0.92445,2.45134,-1.16994
2895.50000,-0.92119,2.44431,-1.10227
2895.55000,-0.91741,2.43744,-1.03492
2895.60000,-0.91315,2.43079,-0.96783
2895.65000,-0.90843,2.42439,-0.90093
2895.70000,-0.90326,2.41830,-0.83416
2895.75000,-0.89770,2.41256,-0.76745
2895.80000,-0.89176,2.40720,-0.70075
2895.85000,-0.88549,2.40226,-0.63400
2895.90000,-0.87892,2.39777,-0.56716
2895.95000,-0.87210,2.39373,-0.50019
2896.00000,-0.86505,2.39019,-0.43308
2896.05000,-0.85783,2.38714,-0.36579
2896.10000,-0.85047,2.38460,-0.29831
2896.15000,-0.84306,2.38259,-0.23092
2896.20000,-0.83580,2.38114,-0.16425
2896.25000,-0.82873,2.38021,-0.09838
2896.30000,-0.82191,2.37976,-0.03333
2896.35000,-0.81536,2.37975,0.03090
2896.40000,-0.80911,2.38014,0.09428
2896.45000,-0.80316,2.38089,0.15678
2896.50000,-0.79755,2.38196,0.21835
2896.55000,-0.79226,2.38330,0.27900
2896.60000,-0.78729,2.38488,0.33871
2896.65000,-0.78265,2.38668,0.39747
2896.70000,-0.77831,2.38864,0.45526
2896.75000,-0.77429,2.39076,0.51207
2896.80000,-0.77060,2.39296,0.56783
2896.85000,-0.76727,2.39522,0.62249
2896.90000,-0.76428,2.39749,0.67601
2896.95000,-0.75932,2.40170,0.72379
2897.00000,-0.75288,2.40766,0.77017
2897.05000,-0.74617,2.41449,0.81858
2897.10000,-0.73952,2.42196,0.86757
2897.15000,-0.73324,2.42973,0.91537
2897.20000,-0.72733,2.43780,0.96191
2897.25000,-0.72180,2.44613,1.00727
2897.30000,-0.71665,2.45470,1.05162
2897.35000,-0.71188,2.46348,1.09499
2897.40000,-0.70749,2.47247,1.13737
2897.45000,-0.70348,2.48163,1.17875
2897.50000,-0.69985,2.49094,1.21913
2897.55000,-0.69659,2.50039,1.25849
2897.60000,-0.69370,2.50997,1.29682
2897.65000,-0.69117,2.51964,1.33412
2897.70000,-0.68902,2.52937,1.37050
2897.75000,-0.68738,2.53831,1.40928
2897.80000,-0.68600,2.54714,1.44798
2897.85000,-0.68593,2.55050,1.48428
2897.90000,-0.68585,2.55173,1.51963
2897.95000,-0.68582,2.55278,1.55341
2898.00000,-0.68582,2.55389,1.58691
2898.05000,-0.68585,2.55496,1.61946
2898.10000,-0.68590,2.55600,1.65130
2898.15000,-0.68598,2.55700,1.68265
2898.20000,-0.68609,2.55798,1.71351
2898.25000,-0.68623,2.55894,1.74392
2898.30000,-0.68640,2.55990,1.77384
2898.35000,-0.68659,2.56082,1.80335
2898.40000,-0.68680,2.56170,1.83246
2898.45000,-0.68703,2.56257,1.86116
2898.50000,-0.68728,2.56342,1.88948
2898.55000,-0.68756,2.56427,1.91734
2898.60000,-0.68785,2.56510,1.94478
2898.65000,-0.68817,2.56589,1.97182
2898.70000,-0.68850,2.56666,1.99841
2898.75000,-0.68884,2.56740,2.02457
2898.80000,-0.68921,2.56813,2.05016
2898.85000,-0.68958,2.56884,2.07542
2898.90000,-0.68996,2.56953,2.10007
2898.95000,-0.69035,2.57019,2.12434
2899.00000,-0.69075,2.57083,2.14805
2899.05000,-0.69116,2.57143,2.15978
2899.10000,-0.69347,2.57485,2.15495
2899.15000,-0.69694,2.58017,2.13777
2899.20000,-0.70083,2.58637,2.12667
2899.25000,-0.70364,2.59096,2.12448
2899.30000,-0.70473,2.59280,2.12501
2899.35000,-0.70661,2.59583,2.11877
2899.40000,-0.70900,2.59978,2.10634
2899.45000,-0.71197,2.60489,2.08606
2899.50000,-0.71565,2.61160,2.05650
2899.55000,-0.71971,2.61962,2.01964
2899.60000,-0.72349,2.62787,1.98250
2899.65000,-0.72697,2.63625,1.94540
2899.70000,-0.73013,2.64475,1.90815
2899.75000,-0.73297,2.65336,1.87100
2899.80000,-0.73549,2.66208,1.83398
2899.85000,-0.73769,2.67088,1.79686
2899.90000,-0.73956,2.67975,1.75967
2899.95000,-0.74109,2.68869,1.72227
2900.00000,-0.74229,2.69767,1.68492
2900.05000,-0.74316,2.70670,1.64780
2900.10000,-0.74368,2.71576,1.61050
2900.15000,-0.74388,2.72483,1.57373
2900.20000,-0.74374,2.73391,1.53681
2900.25000,-0.74326,2.74298,1.50033
2900.30000,-0.74246,2.75204,1.46404
2900.35000,-0.74132,2.76107,1.42814
2900.40000,-0.73987,2.77006,1.39221
2900.45000,-0.73820,2.77836,1.35030
2900.50000,-0.73592,2.78756,1.30670
2900.55000,-0.73332,2.79636,1.25896
2900.60000,-0.73030,2.80496,1.20687
2900.65000,-0.72675,2.81357,1.15255
2900.70000,-0.72280,2.82183,1.09557
2900.75000,-0.71826,2.83005,1.03797
2900.80000,-0.71320,2.83808,0.97970
2900.85000,-0.70763,2.84588,0.92101
2900.90000,-0.70156,2.85340,0.86215
2900.95000,-0.69506,2.86054,0.80288
2901.00000,-0.68816,2.86727,0.74326
2901.05000,-0.68079,2.87365,0.68388
2901.10000,-0.67306,2.87958,0.62435
2901.15000,-0.66502,2.88501,0.56460
2901.20000,-0.65666,2.88997,0.50482
2901.25000,-0.64799,2.89442,0.44510
2901.30000,-0.63901,2.89838,0.38561
2901.35000,-0.62979,2.90181,0.32617
2901.40000,-0.62039,2.90468,0.26672
2901.45000,-0.61087,2.90698,0.20710
2901.50000,-0.60119,2.90871,0.14765
2901.55000,-0.59147,2.90986,0.08801
2901.60000,-0.58181,2.91042,0.02796
2901.65000,-0.57224,2.91040,-0.03252
2901.70000,-0.56295,2.90981,-0.09397
2901.75000,-0.55355,2.90864,-0.15485
2901.80000,-0.54416,2.90688,-0.21543
2901.85000,-0.53477,2.90452,-0.27553
2901.90000,-0.52544,2.90158,-0.33526
2901.95000,-0.51621,2.89806,-0.39459
2902.00000,-0.50711,2.89395,-0.45351
2902.05000,-0.49825,2.88930,-0.51219
2902.10000,-0.48995,2.88470,-0.56375
2902.15000,-0.48162,2.88001,-0.59919
2902.20000,-0.47306,2.87469,-0.59994
2902.25000,-0.46571,2.86974,-0.58490
2902.30000,-0.45897,2.86536,-0.56431
2902.35000,-0.45289,2.86161,-0.53848
2902.40000,-0.44926,2.85956,-0.50451
2902.45000,-0.44830,2.85904,-0.45869
2902.50000,-0.44823,2.85902,-0.40842
2902.55000,-0.44817,2.85899,-0.35801
2902.60000,-0.44810,2.85897,-0.30755
2902.65000,-0.44808,2.85902,-0.26756
2902.70000,-0.44888,2.85974,-0.25503
2902.75000,-0.44900,2.85970,-0.26687
2902.80000,-0.44563,2.85859,-0.29787
2902.85000,-0.44043,2.85688,-0.33886
2902.90000,-0.43415,2.85449,-0.38549
2902.95000,-0.42723,2.85148,-0.43629
2903.00000,-0.41991,2.84782,-0.48979
2903.05000,-0.41253,2.84389,-0.53739
2903.10000,-0.40496,2.83973,-0.56680
2903.15000,-0.39680,2.83489,-0.56720
2903.20000,-0.38852,2.82983,-0.55578
2903.25000,-0.38193,2.82583,-0.53086
2903.30000,-0.37775,2.82347,-0.49361
2903.35000,-0.37618,2.82266,-0.44382
2903.40000,-0.37611,2.82262,-0.38702
2903.45000,-0.37604,2.82260,-0.33013
2903.50000,-0.37596,2.82257,-0.27334
2903.55000,-0.37589,2.82256,-0.21665
2903.60000,-0.37580,2.82255,-0.16992
2903.65000,-0.37610,2.82284,-0.14747
2903.70000,-0.37647,2.82287,-0.14842
2903.75000,-0.37396,2.82244,-0.16313
2903.80000,-0.36751,2.82128,-0.19496
2903.85000,-0.36020,2.81967,-0.23539
2903.90000,-0.35171,2.81742,-0.27878
2903.95000,-0.34305,2.81473,-0.32535
2904.00000,-0.33464,2.81164,-0.37238
2904.05000,-0.32645,2.80843,-0.40818
2904.10000,-0.31835,2.80528,-0.43183
2904.15000,-0.30998,2.80181,-0.43733
2904.20000,-0.30159,2.79832,-0.43904
2904.25000,-0.29321,2.79480,-0.43154
2904.30000,-0.28509,2.79133,-0.40747
2904.35000,-0.27913,2.78887,-0.36891
2904.40000,-0.27589,2.78770,-0.31766
2904.45000,-0.27530,2.78751,-0.25486
2904.50000,-0.27522,2.78750,-0.18983
2904.55000,-0.27514,2.78748,-0.12503
2904.60000,-0.27504,2.78748,-0.06969
2904.65000,-0.27502,2.78753,-0.03660
2904.70000,-0.27510,2.78745,-0.02820
2904.75000,-0.27317,2.78730,-0.03515
2904.80000,-0.26852,2.78701,-0.05674
2904.85000,-0.26081,2.78640,-0.08977
2904.90000,-0.25192,2.78542,-0.12950
2904.95000,-0.24286,2.78404,-0.17046
2905.00000,-0.23380,2.78229,-0.21130
2905.05000,-0.22467,2.78011,-0.25210
2905.10000,-0.21566,2.77757,-0.29311
2905.15000,-0.20719,2.77501,-0.32189
2905.20000,-0.19882,2.77253,-0.34006
2905.25000,-0.19025,2.76981,-0.34412
2905.30000,-0.18167,2.76707,-0.34467
2905.35000,-0.17309,2.76430,-0.33471
2905.40000,-0.16460,2.76153,-0.30511
2905.45000,-0.15789,2.75956,-0.26089
2905.50000,-0.15380,2.75857,-0.20491
2905.55000,-0.15244,2.75832,-0.13738
2905.60000,-0.15234,2.75831,-0.06468
2905.65000,-0.15224,2.75832,-0.00075
2905.70000,-0.15246,2.75831,0.04463
2905.75000,-0.15304,2.75825,0.07797
2905.80000,-0.15371,2.75835,0.08965
2905.85000,-0.15165,2.75875,0.08471
2905.90000,-0.14806,2.75907,0.07136
2905.95000,-0.14338,2.75939,0.05282
2906.00000,-0.13741,2.75968,0.02808
2906.05000,-0.12987,2.75981,-0.00451
2906.10000,-0.12088,2.75959,-0.04416
2906.15000,-0.11190,2.75901,-0.08434
2906.20000,-0.10295,2.75807,-0.12411
2906.25000,-0.09405,2.75678,-0.16446
2906.30000,-0.08517,2.75530,-0.19897
2906.35000,-0.07605,2.75354,-0.21714
2906.40000,-0.06644,2.75125,-0.21377
2906.45000,-0.05663,2.74872,-0.20228
2906.50000,-0.04657,2.74612,-0.18267
2906.55000,-0.03662,2.74438,-0.14946
2906.60000,-0.03011,2.74401,-0.11303
2906.65000,-0.02731,2.74382,-0.08174
2906.70000,-0.02589,2.74374,-0.05757
2906.75000,-0.02506,2.74377,-0.05212
2906.80000,-0.02384,2.74361,-0.06642
2906.85000,-0.01927,2.74316,-0.09048
2906.90000,-0.01272,2.74242,-0.12879
2906.95000,-0.00513,2.74126,-0.17379
2907.00000,0.00207,2.73982,-0.22635
2907.05000,0.00948,2.73789,-0.28252
2907.10000,0.01723,2.73539,-0.34031
2907.15000,0.02515,2.73232,-0.39899
2907.20000,0.03292,2.72878,-0.45737
2907.25000,0.04048,2.72478,-0.51522
2907.30000,0.04782,2.72034,-0.57189
2907.35000,0.05491,2.71548,-0.62770
2907.40000,0.06173,2.71024,-0.68328
2907.45000,0.06701,2.70583,-0.73802
2907.50000,0.06945,2.70350,-0.79940
2907.55000,0.07045,2.70241,-0.86834
2907.60000,0.07062,2.70219,-0.94205
2907.65000,0.07069,2.70210,-1.01626
2907.70000,0.07075,2.70200,-1.09022
2907.75000,0.07079,2.70189,-1.16390
2907.80000,0.07084,2.70179,-1.23729
2907.85000,0.07087,2.70168,-1.31040
2907.90000,0.07089,2.70157,-1.38323
2907.95000,0.07091,2.70146,-1.45578
2908.00000,0.07092,2.70135,-1.52804
2908.05000,0.07092,2.70124,-1.60004
2908.10000,0.07091,2.70113,-1.67177
2908.15000,0.07090,2.70102,-1.74326
2908.20000,0.07087,2.70092,-1.81451
2908.25000,0.07084,2.70081,-1.88556
2908.30000,0.07081,2.70071,-1.95640
2908.35000,0.07076,2.70061,-2.02709
2908.40000,0.07071,2.70052,-2.09762
2908.45000,0.07065,2.70043,-2.16804
2908.50000,0.07059,2.70035,-2.23837
2908.55000,0.07052,2.70027,-2.30865
2908.60000,0.07045,2.70019,-2.37890
2908.65000,0.07037,2.70012,-2.44917
2908.70000,0.07029,2.70006,-2.51949
2908.75000,0.07021,2.70000,-2.58989
2908.80000,0.07012,2.69995,-2.66040
2908.85000,0.07002,2.69991,-2.73104
2908.90000,0.06993,2.69987,-2.80183
2908.95000,0.06983,2.69984,-2.87280
2909.00000,0.06973,2.69981,-2.94396
2909.05000,0.06962,2.69980,-3.01531
2909.10000,0.06951,2.69979,-3.08618
2909.15000,0.06941,2.69978,3.12713
2909.20000,0.06930,2.69979,3.05823
2909.25000,0.06919,2.69980,2.99031
2909.30000,0.06909,2.69982,2.92340
2909.35000,0.06898,2.69987,2.86642
2909.40000,0.06742,2.70057,2.83110
2909.45000,0.06164,2.70263,2.81664
2909.50000,0.05337,2.70552,2.81372
2909.55000,0.04384,2.70875,2.81668
2909.60000,0.03435,2.71193,2.82003
2909.65000,0.02480,2.71509,2.82408
2909.70000,0.01526,2.71820,2.82857
2909.75000,0.00569,2.72128,2.83339
2909.80000,-0.00392,2.72431,2.83828
2909.85000,-0.01357,2.72730,2.84354
2909.90000,-0.02325,2.73023,2.85031
2909.95000,-0.03298,2.73311,2.85696
2910.00000,-0.04266,2.73591,2.86397
2910.05000,-0.05234,2.73862,2.87151
2910.10000,-0.06216,2.74129,2.87991
2910.15000,-0.07187,2.74385,2.88853
2910.20000,-0.08177,2.74636,2.89802
2910.25000,-0.09156,2.74874,2.90753
2910.30000,-0.10139,2.75102,2.91728
2910.35000,-0.11116,2.75320,2.92717
2910.40000,-0.12093,2.75527,2.93741
2910.45000,-0.13031,2.75695,2.93740
2910.50000,-0.13812,2.75834,2.91360
2910.55000,-0.14220,2.75938,2.86383
2910.60000,-0.14423,2.76001,2.80309
2910.65000,-0.14515,2.76036,2.76397
2910.70000,-0.14768,2.76153,2.74830
2910.75000,-0.15191,2.76332,2.73934
2910.80000,-0.15873,2.76629,2.74167
2910.85000,-0.16767,2.77002,2.75374
2910.90000,-0.17695,2.77374,2.76708
2910.95000,-0.18628,2.77734,2.78065
2911.00000,-0.19566,2.78081,2.79468
2911.05000,-0.20514,2.78416,2.80926
2911.10000,-0.21473,2.78738,2.82452
2911.15000,-0.22425,2.79043,2.83968
2911.20000,-0.23224,2.79290,2.83723
2911.25000,-0.23777,2.79471,2.80706
2911.30000,-0.24125,2.79600,2.75852
2911.35000,-0.24250,2.79654,2.70019
2911.40000,-0.24288,2.79674,2.65018
2911.45000,-0.24323,2.79698,2.62064
2911.50000,-0.24565,2.79854,2.61003
2911.55000,-0.25262,2.80265,2.62065
2911.60000,-0.26125,2.80752,2.63889
2911.65000,-0.27006,2.81225,2.65718
2911.70000,-0.27894,2.81682,2.67548
2911.75000,-0.28790,2.82122,2.69426
2911.80000,-0.29694,2.82546,2.71335
2911.85000,-0.30607,2.82951,2.73291
2911.90000,-0.31527,2.83339,2.75283
2911.95000,-0.32426,2.83701,2.76157
2912.00000,-0.33099,2.83961,2.74155
2912.05000,-0.33505,2.84140,2.70212
2912.10000,-0.33659,2.84216,2.65164
2912.15000,-0.33699,2.84239,2.60730
2912.20000,-0.33742,2.84272,2.58363
2912.25000,-0.34077,2.84492,2.58577
2912.30000,-0.34709,2.84879,2.60492
2912.35000,-0.35471,2.85319,2.63240
2912.40000,-0.36278,2.85752,2.66555
2912.45000,-0.37096,2.86156,2.70059
2912.50000,-0.37922,2.86528,2.73794
2912.55000,-0.38758,2.86866,2.77708
2912.60000,-0.39609,2.87172,2.81520
2912.65000,-0.40469,2.87445,2.85406
2912.70000,-0.41341,2.87684,2.89224
2912.75000,-0.42219,2.87890,2.93156
2912.80000,-0.43246,2.88088,2.96809
2912.85000,-0.44281,2.88249,3.00343
2912.90000,-0.45245,2.88342,3.02809
2912.95000,-0.46137,2.88367,3.03331
2913.00000,-0.47024,2.88386,3.02898
2913.05000,-0.47606,2.88400,3.01700
2913.10000,-0.47867,2.88420,3.00550
2913.15000,-0.47996,2.88426,2.97001
2913.20000,-0.47923,2.88410,2.91860
2913.25000,-0.47849,2.88413,2.88015
2913.30000,-0.47840,2.88470,2.86663
2913.35000,-0.48064,2.88583,2.87389
2913.40000,-0.48616,2.88745,2.89573
2913.45000,-0.49473,2.88945,2.92747
2913.50000,-0.50432,2.89136,2.96384
2913.55000,-0.51424,2.89291,3.00268
2913.60000,-0.52318,2.89398,3.04342
2913.65000,-0.53215,2.89468,3.08309
2913.70000,-0.54083,2.89499,3.12746
2913.75000,-0.54880,2.89491,-3.10339
2913.80000,-0.55687,2.89437,-3.04730
2913.85000,-0.56535,2.89332,-2.98995
2913.90000,-0.57408,2.89173,-2.93176
2913.95000,-0.58298,2.88956,-2.87317
2914.00000,-0.59190,2.88682,-2.81419
2914.05000,-0.60081,2.88349,-2.75516
2914.10000,-0.60965,2.87959,-2.69621
2914.15000,-0.61837,2.87510,-2.63747
2914.20000,-0.62688,2.87008,-2.57873
2914.25000,-0.63515,2.86451,-2.52019
2914.30000,-0.64311,2.85846,-2.46245
2914.35000,-0.65071,2.85196,-2.40494
2914.40000,-0.65792,2.84503,-2.34815
2914.45000,-0.66473,2.83772,-2.29222
2914.50000,-0.67112,2.83003,-2.23677
2914.55000,-0.67704,2.82233,-2.19308
2914.60000,-0.68279,2.81458,-2.17832
2914.65000,-0.68799,2.80722,-2.18701
2914.70000,-0.69186,2.80187,-2.21847
2914.75000,-0.69318,2.80020,-2.26961
2914.80000,-0.69357,2.79976,-2.32762
2914.85000,-0.69399,2.79934,-2.38573
2914.90000,-0.69442,2.79897,-2.43222
2914.95000,-0.69500,2.79853,-2.44917
2915.00000,-0.69627,2.79752,-2.43435
2915.05000,-0.69881,2.79530,-2.40275
2915.10000,-0.70248,2.79181,-2.36180
2915.15000,-0.70697,2.78717,-2.31456
2915.20000,-0.71264,2.78074,-2.26666
2915.25000,-0.71836,2.77357,-2.21746
2915.30000,-0.72358,2.76653,-2.17870
2915.35000,-0.72860,2.75950,-2.17051
2915.40000,-0.73216,2.75433,-2.19220
2915.45000,-0.73400,2.75187,-2.23928
2915.50000,-0.73466,2.75106,-2.29709
2915.55000,-0.73503,2.75067,-2.35685
2915.60000,-0.73542,2.75032,-2.40615
2915.65000,-0.73592,2.74990,-2.43461
2915.70000,-0.73692,2.74908,-2.43434
2915.75000,-0.73835,2.74786,-2.41356
2915.80000,-0.74085,2.74555,-2.38401
2915.85000,-0.74464,2.74183,-2.34581
2915.90000,-0.74969,2.73644,-2.29961
2915.95000,-0.75592,2.72919,-2.25226
2916.00000,-0.76135,2.72215,-2.20057
2916.05000,-0.76650,2.71506,-2.16155
2916.10000,-0.77135,2.70819,-2.15195
2916.15000,-0.77513,2.70249,-2.17120
2916.20000,-0.77756,2.69903,-2.21329
2916.25000,-0.77826,2.69814,-2.27020
2916.30000,-0.77850,2.69787,-2.33037
2916.35000,-0.77874,2.69763,-2.39039
2916.40000,-0.77904,2.69738,-2.43888
2916.45000,-0.77902,2.69740,-2.47169
2916.50000,-0.77916,2.69726,-2.49627
2916.55000,-0.78013,2.69654,-2.48739
2916.60000,-0.78350,2.69390,-2.46388
2916.65000,-0.78874,2.68954,-2.43089
2916.70000,-0.79517,2.68378,-2.39116
2916.75000,-0.80220,2.67694,-2.34712
2916.80000,-0.80894,2.66979,-2.30191
2916.85000,-0.81469,2.66306,-2.25374
2916.90000,-0.82019,2.65627,-2.21287
2916.95000,-0.82529,2.64981,-2.19870
2917.00000,-0.82974,2.64391,-2.21330
2917.05000,-0.83312,2.63953,-2.25234
2917.10000,-0.83524,2.63703,-2.30685
2917.15000,-0.83573,2.63652,-2.37210
2917.20000,-0.83597,2.63630,-2.43906
2917.25000,-0.83623,2.63610,-2.50605
2917.30000,-0.83653,2.63590,-2.56096
2917.35000,-0.83765,2.63498,-2.58411
2917.40000,-0.83966,2.63324,-2.58002
2917.45000,-0.84437,2.63018,-2.55559
2917.50000,-0.85075,2.62579,-2.52240
2917.55000,-0.85790,2.62051,-2.48539
2917.60000,-0.86553,2.61439,-2.44499
2917.65000,-0.87307,2.60781,-2.40408
2917.70000,-0.88033,2.60094,-2.36357
2917.75000,-0.88663,2.59447,-2.31285
2917.80000,-0.89016,2.59042,-2.25175
2917.85000,-0.89184,2.58821,-2.18347
2917.90000,-0.89251,2.58721,-2.10948
2917.95000,-0.89292,2.58646,-2.03480
2918.00000,-0.89329,2.58563,-1.96113
2918.05000,-0.89362,2.58473,-1.88850
2918.10000,-0.89390,2.58376,-1.81679
2918.15000,-0.89412,2.58274,-1.74592
2918.20000,-0.89427,2.58166,-1.67592
2918.25000,-0.89435,2.58054,-1.60670
2918.30000,-0.89435,2.57939,-1.53814
2918.35000,-0.89428,2.57824,-1.47020
2918.40000,-0.89412,2.57708,-1.40288
2918.45000,-0.89389,2.57593,-1.33619
2918.50000,-0.89357,2.57480,-1.27014
2918.55000,-0.89319,2.57368,-1.20475
2918.60000,-0.89273,2.57259,-1.14002
2918.65000,-0.89219,2.57152,-1.07596
2918.70000,-0.89159,2.57049,-1.01259
2918.75000,-0.89093,2.56949,-0.94991
2918.80000,-0.89020,2.56854,-0.88793
2918.85000,-0.88942,2.56764,-0.82665
2918.90000,-0.88859,2.56678,-0.76608
2918.95000,-0.88770,2.56598,-0.70623
2919.00000,-0.88677,2.56524,-0.64710
2919.05000,-0.88581,2.56455,-0.58871
2919.10000,-0.88481,2.56393,-0.53105
2919.15000,-0.88378,2.56336,-0.47414
2919.20000,-0.88273,2.56286,-0.41797
2919.25000,-0.88165,2.56241,-0.36255
2919.30000,-0.88056,2.56203,-0.30790
2919.35000,-0.87946,2.56172,-0.25400
2919.40000,-0.87836,2.56146,-0.20088
2919.45000,-0.87725,2.56127,-0.14854
2919.50000,-0.87614,2.56113,-0.09697
2919.55000,-0.87503,2.56105,-0.04619
2919.60000,-0.87394,2.56103,0.00381
2919.65000,-0.87285,2.56106,0.05301
2919.70000,-0.87178,2.56114,0.10142
2919.75000,-0.87072,2.56127,0.14904
2919.80000,-0.86968,2.56145,0.19585
2919.85000,-0.86867,2.56168,0.24185
2919.90000,-0.86555,2.56273,0.28620
2919.95000,-0.85771,2.56522,0.32414
2920.00000,-0.84884,2.56840,0.36551
2920.05000,-0.83959,2.57218,0.40868
2920.10000,-0.83050,2.57634,0.45135
2920.15000,-0.82160,2.58089,0.49341
2920.20000,-0.81289,2.58581,0.53487
2920.25000,-0.80439,2.59108,0.57570
2920.30000,-0.79612,2.59669,0.61590
2920.35000,-0.78807,2.60263,0.65543
2920.40000,-0.78027,2.60888,0.69427
2920.45000,-0.77271,2.61541,0.73229
2920.50000,-0.76542,2.62222,0.76914
2920.55000,-0.75836,2.62930,0.80524
2920.60000,-0.75156,2.63663,0.84069
2920.65000,-0.74503,2.64420,0.87562
2920.70000,-0.73875,2.65198,0.91012
2920.75000,-0.73275,2.65998,0.94433
2920.80000,-0.72703,2.66818,0.97855
2920.85000,-0.72159,2.67658,1.01301
2920.90000,-0.71645,2.68515,1.04786
2920.95000,-0.71161,2.69390,1.08319
2921.00000,-0.70709,2.70281,1.11908
2921.05000,-0.70285,2.71192,1.15580
2921.10000,-0.69897,2.72118,1.19327
2921.15000,-0.69546,2.73053,1.23143
2921.20000,-0.69232,2.74001,1.27048
2921.25000,-0.68950,2.74972,1.31094
2921.30000,-0.68712,2.75947,1.35211
2921.35000,-0.68512,2.76933,1.39436
2921.40000,-0.68376,2.77765,1.41494
2921.45000,-0.68292,2.78446,1.41032
2921.50000,-0.68177,2.79118,1.38439
2921.55000,-0.68013,2.79909,1.34990
2921.60000,-0.67801,2.80774,1.31041
2921.65000,-0.67552,2.81637,1.26971
2921.70000,-0.67268,2.82488,1.22869
2921.75000,-0.66951,2.83325,1.18682
2921.80000,-0.66599,2.84144,1.14374
2921.85000,-0.66212,2.84948,1.10061
2921.90000,-0.65792,2.85731,1.05635
2921.95000,-0.65337,2.86495,1.01176
2922.00000,-0.64850,2.87236,0.96700
2922.05000,-0.64330,2.87954,0.92189
2922.10000,-0.63778,2.88648,0.87643
2922.15000,-0.63196,2.89315,0.83076
2922.20000,-0.62585,2.89953,0.78416
2922.25000,-0.61945,2.90562,0.73757
2922.30000,-0.61278,2.91141,0.69089
2922.35000,-0.60584,2.91688,0.64421
2922.40000,-0.59867,2.92200,0.59707
2922.45000,-0.59126,2.92679,0.55013
2922.50000,-0.58364,2.93122,0.50315
2922.55000,-0.57583,2.93529,0.45570
2922.60000,-0.56782,2.93898,0.40844
2922.65000,-0.55966,2.94228,0.36116
2922.70000,-0.55135,2.94520,0.31384
2922.75000,-0.54291,2.94773,0.26638
2922.80000,-0.53436,2.94984,0.21876
2922.85000,-0.52574,2.95155,0.17069
2922.90000,-0.51705,2.95283,0.12245
2922.95000,-0.50831,2.95370,0.07408
2923.00000,-0.49955,2.95414,0.02518
2923.05000,-0.49078,2.95414,-0.02396
2923.10000,-0.48203,2.95371,-0.07325
2923.15000,-0.47332,2.95285,-0.12277
2923.20000,-0.46467,2.95155,-0.17250
2923.25000,-0.45611,2.94983,-0.22278
2923.30000,-0.44763,2.94768,-0.27267
2923.35000,-0.43927,2.94512,-0.32239
2923.40000,-0.43103,2.94213,-0.37130
2923.45000,-0.42293,2.93875,-0.42026
2923.50000,-0.41501,2.93497,-0.46911
2923.55000,-0.40729,2.93082,-0.51843
2923.60000,-0.39978,2.92629,-0.56742
2923.65000,-0.39250,2.92139,-0.61683
2923.70000,-0.38670,2.91708,-0.66736
2923.75000,-0.38362,2.91453,-0.72732
2923.80000,-0.38218,2.91318,-0.79556
2923.85000,-0.38178,2.91275,-0.86946
2923.90000,-0.38174,2.91270,-0.94537
2923.95000,-0.38170,2.91264,-1.02109
2924.00000,-0.38167,2.91258,-1.09656
2924.05000,-0.38164,2.91252,-1.17179
2924.10000,-0.38162,2.91246,-1.24676
2924.15000,-0.38160,2.91240,-1.32149
2924.20000,-0.38159,2.91233,-1.39597
2924.25000,-0.38158,2.91227,-1.47020
2924.30000,-0.38157,2.91220,-1.54419
2924.35000,-0.38157,2.91214,-1.61773
2924.40000,-0.38158,2.91207,-1.69054
2924.45000,-0.38159,2.91201,-1.76261
2924.50000,-0.38160,2.91194,-1.83393
2924.55000,-0.38162,2.91188,-1.90449
2924.60000,-0.38165,2.91182,-1.97426
2924.65000,-0.38168,2.91176,-2.04324
2924.70000,-0.38171,2.91170,-2.11140
2924.75000,-0.38174,2.91165,-2.17873
2924.80000,-0.38178,2.91160,-2.24522
2924.85000,-0.38182,2.91155,-2.31085
2924.90000,-0.38187,2.91150,-2.37562
2924.95000,-0.38192,2.91146,-2.43951
2925.00000,-0.38197,2.91142,-2.50252
2925.05000,-0.38202,2.91138,-2.56462
2925.10000,-0.38208,2.91135,-2.62582
2925.15000,-0.38214,2.91132,-2.68611
2925.20000,-0.38220,2.91129,-2.74548
2925.25000,-0.38226,2.91126,-2.80392
2925.30000,-0.38232,2.91125,-2.86143
2925.35000,-0.38238,2.91123,-2.91799
2925.40000,-0.38245,2.91122,-2.97361
2925.45000,-0.38251,2.91121,-3.02827
2925.50000,-0.38258,2.91120,-3.08198
2925.55000,-0.38264,2.91120,-3.13474
2925.60000,-0.38271,2.91120,3.09666
2925.65000,-0.38295,2.91128,3.05474
2925.70000,-0.38655,2.91187,3.02928
2925.75000,-0.39469,2.91289,3.02251
2925.80000,-0.40432,2.91407,3.02263
2925.85000,-0.41425,2.91525,3.02529
2925.90000,-0.42419,2.91639,3.02807
2925.95000,-0.43416,2.91751,3.03152
2926.00000,-0.44416,2.91859,3.03682
2926.05000,-0.45417,2.91962,3.04293
2926.10000,-0.46419,2.92058,3.04891
2926.15000,-0.47413,2.92147,3.05666
2926.20000,-0.48395,2.92227,3.06398
2926.25000,-0.49386,2.92300,3.07218
2926.30000,-0.50361,2.92363,3.08150
2926.35000,-0.51335,2.92417,3.09104
2926.40000,-0.52317,2.92461,3.10190
2926.45000,-0.53274,2.92492,3.11844
2926.50000,-0.54236,2.92506,3.13351
2926.55000,-0.55189,2.92505,-3.12965
2926.60000,-0.56142,2.92482,-3.10354
2926.65000,-0.57119,2.92430,-3.07176
2926.70000,-0.58114,2.92344,-3.03851
2926.75000,-0.59094,2.92224,-3.00122
2926.80000,-0.60079,2.92066,-2.96281
2926.85000,-0.61059,2.91869,-2.92465
2926.90000,-0.62032,2.91636,-2.88660
2926.95000,-0.62994,2.91365,-2.84843
2927.00000,-0.63946,2.91058,-2.81042
2927.05000,-0.64881,2.90716,-2.77233
2927.10000,-0.65732,2.90367,-2.73158
2927.15000,-0.66545,2.89993,-2.68986
2927.20000,-0.67344,2.89585,-2.64873
2927.25000,-0.68126,2.89144,-2.60766
2927.30000,-0.68889,2.88672,-2.56663
2927.35000,-0.69632,2.88168,-2.52589
2927.40000,-0.70356,2.87634,-2.48567
2927.45000,-0.71057,2.87071,-2.44538
2927.50000,-0.71736,2.86480,-2.40548
2927.55000,-0.72392,2.85862,-2.36602
2927.60000,-0.73023,2.85218,-2.32670
2927.65000,-0.73629,2.84550,-2.28768
2927.70000,-0.74210,2.83858,-2.24905
2927.75000,-0.74763,2.83143,-2.21046
2927.80000,-0.75289,2.82407,-2.17232
2927.85000,-0.75787,2.81651,-2.13428
2927.90000,-0.76274,2.80875,-2.10706
2927.95000,-0.76777,2.80078,-2.10081
2928.00000,-0.77243,2.79311,-2.11754
2928.05000,-0.77679,2.78618,-2.15216
2928.10000,-0.78019,2.78126,-2.20129
2928.15000,-0.78193,2.77898,-2.26334
2928.20000,-0.78227,2.77860,-2.33491
2928.25000,-0.78258,2.77831,-2.39448
2928.30000,-0.78346,2.77754,-2.42381
2928.35000,-0.78596,2.77537,-2.41880
2928.40000,-0.79076,2.77107,-2.39929
2928.45000,-0.79683,2.76535,-2.37263
2928.50000,-0.80372,2.75847,-2.34049
2928.55000,-0.81056,2.75118,-2.30755
2928.60000,-0.81716,2.74366,-2.27496
2928.65000,-0.82350,2.73594,-2.24206
2928.70000,-0.82946,2.72832,-2.22260
2928.75000,-0.83441,2.72186,-2.23234
2928.80000,-0.83713,2.71848,-2.27279
2928.85000,-0.83914,2.71623,-2.32991
2928.90000,-0.84025,2.71512,-2.39691
2928.95000,-0.84076,2.71468,-2.44083
2929.00000,-0.84153,2.71403,-2.45147
2929.05000,-0.84431,2.71172,-2.44388
2929.10000,-0.84877,2.70792,-2.42736
2929.15000,-0.85484,2.70253,-2.40173
2929.20000,-0.86201,2.69577,-2.36950
2929.25000,-0.86906,2.68868,-2.33670
2929.30000,-0.87587,2.68135,-2.30364
2929.35000,-0.88241,2.67405,-2.27828
2929.40000,-0.88823,2.66736,-2.28215
2929.45000,-0.89354,2.66127,-2.30725
2929.50000,-0.89820,2.65632,-2.34937
2929.55000,-0.90130,2.65332,-2.40677
2929.60000,-0.90253,2.65228,-2.47518
2929.65000,-0.90365,2.65146,-2.54445
2929.70000,-0.90478,2.65073,-2.60197
2929.75000,-0.90606,2.64992,-2.63462
2929.80000,-0.90867,2.64833,-2.63257
2929.85000,-0.91383,2.64532,-2.61330
2929.90000,-0.92111,2.64095,-2.58477
2929.95000,-0.92861,2.63609,-2.54973
2930.00000,-0.93605,2.63089,-2.51328
2930.05000,-0.94332,2.62540,-2.47746
2930.10000,-0.95039,2.61966,-2.44171
2930.15000,-0.95725,2.61368,-2.40596
2930.20000,-0.96402,2.60753,-2.37691
2930.25000,-0.97092,2.60121,-2.36267
2930.30000,-0.97705,2.59544,-2.38092
2930.35000,-0.98001,2.59273,-2.43007
2930.40000,-0.98164,2.59140,-2.49366
2930.45000,-0.98258,2.59074,-2.56090
2930.50000,-0.98350,2.59018,-2.62775
2930.55000,-0.98444,2.58968,-2.68314
2930.60000,-0.98543,2.58921,-2.71313
2930.65000,-0.98726,2.58829,-2.71753
2930.70000,-0.99264,2.58577,-2.70134
2930.75000,-1.00004,2.58219,-2.67491
2930.80000,-1.00866,2.57773,-2.64326
2930.85000,-1.01695,2.57310,-2.60906
2930.90000,-1.02475,2.56832,-2.57484
2930.95000,-1.03238,2.56328,-2.54067
2931.00000,-1.03983,2.55798,-2.50622
2931.05000,-1.04721,2.55251,-2.47853
2931.10000,-1.05464,2.54694,-2.47002
2931.15000,-1.06018,2.54269,-2.49667
2931.20000,-1.06389,2.54001,-2.54322
2931.25000,-1.06535,2.53906,-2.60206
2931.30000,-1.06585,2.53878,-2.66529
2931.35000,-1.06633,2.53855,-2.72814
2931.40000,-1.06683,2.53837,-2.77990
2931.45000,-1.06745,2.53812,-2.80790
2931.50000,-1.06973,2.53720,-2.80780
2931.55000,-1.07574,2.53501,-2.79080
2931.60000,-1.08396,2.53189,-2.76433
2931.65000,-1.09286,2.52821,-2.73255
2931.70000,-1.10120,2.52443,-2.69876
2931.75000,-1.10941,2.52036,-2.66518
2931.80000,-1.11748,2.51603,-2.63164
2931.85000,-1.12552,2.51149,-2.60549
2931.90000,-1.13372,2.50675,-2.59686
2931.95000,-1.14183,2.50203,-2.61220
2932.00000,-1.14875,2.49810,-2.64297
2932.05000,-1.15319,2.49579,-2.68599
2932.10000,-1.15489,2.49499,-2.74159
2932.15000,-1.15548,2.49476,-2.80209
2932.20000,-1.15609,2.49457,-2.86226
2932.25000,-1.15670,2.49443,-2.91143
2932.30000,-1.15774,2.49395,-2.93103
2932.35000,-1.16155,2.49289,-2.92537
2932.40000,-1.16871,2.49123,-2.90574
2932.45000,-1.17758,2.48897,-2.87898
2932.50000,-1.18719,2.48623,-2.84938
2932.55000,-1.19672,2.48321,-2.81989
2932.60000,-1.20616,2.47991,-2.79094
2932.65000,-1.21550,2.47634,-2.76176
2932.70000,-1.22470,2.47271,-2.73917
2932.75000,-1.23379,2.46916,-2.72383
2932.80000,-1.24284,2.46566,-2.71044
2932.85000,-1.25183,2.46219,-2.69972
2932.90000,-1.26083,2.45873,-2.69091
2932.95000,-1.26981,2.45527,-2.68441
2933.00000,-1.27879,2.45180,-2.68061
2933.05000,-1.28777,2.44833,-2.68030
2933.10000,-1.29675,2.44482,-2.69158
2933.15000,-1.30519,2.44133,-2.72110
2933.20000,-1.31114,2.43881,-2.76472
2933.25000,-1.31436,2.43762,-2.82082
2933.30000,-1.31545,2.43729,-2.88625
2933.35000,-1.31642,2.43707,-2.95213
2933.40000,-1.31742,2.43692,-3.01774
2933.45000,-1.31839,2.43684,-3.07414
2933.50000,-1.31950,2.43663,-3.11007
2933.55000,-1.32126,2.43646,-3.12385
2933.60000,-1.32574,2.43631,-3.12289
2933.65000,-1.33321,2.43608,-3.10868
2933.70000,-1.34279,2.43564,-3.08446
2933.75000,-1.35229,2.43498,-3.05889
2933.80000,-1.36160,2.43408,-3.03318
2933.85000,-1.37089,2.43295,-3.00755
2933.90000,-1.38015,2.43158,-2.98196
2933.95000,-1.38937,2.42998,-2.95615
2934.00000,-1.39861,2.42821,-2.93568
2934.05000,-1.40788,2.42638,-2.93030
2934.10000,-1.41672,2.42471,-2.95143
2934.15000,-1.42225,2.42388,-2.99787
2934.20000,-1.42466,2.42360,-3.06301
2934.25000,-1.42599,2.42354,-3.13397
2934.30000,-1.42730,2.42358,3.07767
2934.35000,-1.42858,2.42366,3.01559
2934.40000,-1.42996,2.42390,2.98105
2934.45000,-1.43207,2.42443,2.97417
2934.50000,-1.43776,2.42559,2.98425
2934.55000,-1.44622,2.42686,3.00709
2934.60000,-1.45559,2.42797,3.03868
2934.65000,-1.46456,2.42872,3.08010
2934.70000,-1.47311,2.42904,3.12900
2934.75000,-1.48220,2.42893,-3.10306
2934.80000,-1.49131,2.42833,-3.04891
2934.85000,-1.50024,2.42755,-2.99975
2934.90000,-1.50918,2.42671,-2.96526
2934.95000,-1.51797,2.42595,-2.95562
2935.00000,-1.52506,2.42532,-2.96197
2935.05000,-1.52814,2.42488,-2.97186
2935.10000,-1.53031,2.42463,-3.00452
2935.15000,-1.53224,2.42442,-3.05504
2935.20000,-1.53533,2.42424,-3.11279
2935.25000,-1.53957,2.42426,3.10872
2935.30000,-1.54463,2.42459,3.04444
2935.35000,-1.55025,2.42533,2.97841
2935.40000,-1.55594,2.42618,2.92126
2935.45000,-1.56086,2.42693,2.87695
2935.50000,-1.56334,2.42767,2.82395
2935.55000,-1.56522,2.42833,2.78921
2935.60000,-1.56651,2.42882,2.76236
2935.65000,-1.56740,2.42920,2.71488
2935.70000,-1.56850,2.42974,2.65480
2935.75000,-1.57011,2.43060,2.60388
2935.80000,-1.57143,2.43135,2.56571
2935.85000,-1.57210,2.43180,2.51490
2935.90000,-1.57255,2.43214,2.48098
2935.95000,-1.57357,2.43296,2.48076
2936.00000,-1.57745,2.43596,2.49260
2936.05000,-1.58291,2.44004,2.51223
2936.10000,-1.59014,2.44516,2.54052
2936.15000,-1.59844,2.45065,2.57395
2936.20000,-1.60696,2.45589,2.60636
2936.25000,-1.61564,2.46085,2.63925
2936.30000,-1.62448,2.46552,2.67151
2936.35000,-1.63347,2.46990,2.70499
2936.40000,-1.64259,2.47398,2.73767
2936.45000,-1.65185,2.47775,2.77093
2936.50000,-1.66123,2.48122,2.80413
2936.55000,-1.67072,2.48437,2.83781
2936.60000,-1.68031,2.48720,2.87060
2936.65000,-1.68999,2.48972,2.90379
2936.70000,-1.69974,2.49191,2.93683
2936.75000,-1.70858,2.49357,2.97803
2936.80000,-1.71638,2.49466,3.02929
2936.85000,-1.72393,2.49525,3.07083
2936.90000,-1.72955,2.49552,3.09874
2936.95000,-1.73462,2.49564,3.13859
2937.00000,-1.74105,2.49551,-3.09875
2937.05000,-1.74860,2.49500,-3.04938
2937.10000,-1.75686,2.49401,-2.99729
2937.15000,-1.76551,2.49252,-2.94303
2937.20000,-1.77452,2.49044,-2.88783
2937.25000,-1.78360,2.48781,-2.83152
2937.30000,-1.79275,2.48459,-2.77475
2937.35000,-1.80168,2.48126,-2.72524
2937.40000,-1.80970,2.47843,-2.68634
2937.45000,-1.81412,2.47621,-2.65945
2937.50000,-1.81821,2.47424,-2.65586
2937.55000,-1.82225,2.47228,-2.66399
2937.60000,-1.82632,2.47025,-2.68847
2937.65000,-1.83044,2.46823,-2.73527
2937.70000,-1.83392,2.46686,-2.79705
2937.75000,-1.83793,2.46557,-2.86334
2937.80000,-1.84215,2.46449,-2.92069
2937.85000,-1.84705,2.46290,-2.95118
2937.90000,-1.85272,2.46130,-2.95391
2937.95000,-1.85875,2.46001,-2.93052
2938.00000,-1.86508,2.45853,-2.89287
2938.05000,-1.87268,2.45642,-2.85035
2938.10000,-1.88107,2.45369,-2.80419
2938.15000,-1.88993,2.45034,-2.75546
2938.20000,-1.89908,2.44635,-2.70569
2938.25000,-1.90803,2.44191,-2.65574
2938.30000,-1.91676,2.43702,-2.60618
2938.35000,-1.92442,2.43220,-2.55166
2938.40000,-1.92964,2.42848,-2.48494
2938.45000,-1.93348,2.42529,-2.41109
2938.50000,-1.93720,2.42169,-2.33661
2938.55000,-1.94077,2.41769,-2.26187
2938.60000,-1.94413,2.41331,-2.18704
2938.65000,-1.94721,2.40859,-2.11228
2938.70000,-1.94995,2.40363,-2.03805
2938.75000,-1.95231,2.39848,-1.96441
2938.80000,-1.95430,2.39316,-1.89139
2938.85000,-1.95589,2.38772,-1.81900
2938.90000,-1.95708,2.38219,-1.74725
2938.95000,-1.95787,2.37662,-1.67617
2939.00000,-1.95826,2.37105,-1.60579
2939.05000,-1.95826,2.36552,-1.53615
2939.10000,-1.95788,2.36006,-1.46727
2939.15000,-1.95714,2.35471,-1.39916
2939.20000,-1.95606,2.34951,-1.33183
2939.25000,-1.95466,2.34448,-1.26529
2939.30000,-1.95296,2.33966,-1.19955
2939.35000,-1.95099,2.33506,-1.13461
2939.40000,-1.94879,2.33070,-1.07048
2939.45000,-1.94638,2.32659,-1.00715
2939.50000,-1.94378,2.32276,-0.94463
2939.55000,-1.94103,2.31919,-0.88291
2939.60000,-1.93816,2.31591,-0.82199
2939.65000,-1.93519,2.31290,-0.76187
2939.70000,-1.93214,2.31016,-0.70253
2939.75000,-1.92905,2.30768,-0.64399
2939.80000,-1.92592,2.30547,-0.58622
2939.85000,-1.92277,2.30351,-0.52923
2939.90000,-1.91963,2.30179,-0.47302
2939.95000,-1.91651,2.30030,-0.41756
2940.00000,-1.91342,2.29903,-0.36287
2940.05000,-1.91037,2.29796,-0.30893
2940.10000,-1.90737,2.29709,-0.25574
2940.15000,-1.90443,2.29640,-0.20330
2940.20000,-1.90155,2.29589,-0.15161
2940.25000,-1.89875,2.29553,-0.10066
2940.30000,-1.89601,2.29533,-0.05045
2940.35000,-1.89339,2.29523,-0.00929
2940.40000,-1.88879,2.29527,0.01721
2940.45000,-1.88142,2.29550,0.03008
2940.50000,-1.87190,2.29581,0.03076
2940.55000,-1.86194,2.29611,0.02809
2940.60000,-1.85200,2.29637,0.02508
2940.65000,-1.84206,2.29661,0.02177
2940.70000,-1.83216,2.29680,0.01767
2940.75000,-1.82219,2.29695,0.01267
2940.80000,-1.81224,2.29705,0.00704
2940.85000,-1.80238,2.29709,0.00107
2940.90000,-1.79254,2.29707,-0.00559
2940.95000,-1.78270,2.29698,-0.01274
2941.00000,-1.77287,2.29682,-0.02045
2941.05000,-1.76358,2.29664,-0.01587
2941.10000,-1.75761,2.29663,0.02031
2941.15000,-1.75413,2.29676,0.06751
2941.20000,-1.75285,2.29687,0.12012
2941.25000,-1.75178,2.29697,0.16467
2941.30000,-1.74997,2.29737,0.19204
2941.35000,-1.74498,2.29854,0.20080
2941.40000,-1.73615,2.30032,0.18967
2941.45000,-1.72666,2.30208,0.17481
2941.50000,-1.71715,2.30369,0.16022
2941.55000,-1.70764,2.30516,0.14549
2941.60000,-1.69810,2.30648,0.13062
2941.65000,-1.68855,2.30767,0.11543
2941.70000,-1.67899,2.30870,0.10021
2941.75000,-1.66942,2.30959,0.08461
2941.80000,-1.65960,2.31028,0.07867
2941.85000,-1.64980,2.31094,0.09359
2941.90000,-1.64219,2.31155,0.13069
2941.95000,-1.63863,2.31186,0.18477
2942.00000,-1.63755,2.31210,0.24378
2942.05000,-1.63650,2.31237,0.29261
2942.10000,-1.63544,2.31271,0.32288
2942.15000,-1.63355,2.31340,0.33681
2942.20000,-1.63047,2.31450,0.34428
2942.25000,-1.62560,2.31633,0.34334
2942.30000,-1.61803,2.31903,0.33076
2942.35000,-1.60904,2.32203,0.31194
2942.40000,-1.59982,2.32488,0.29014
2942.45000,-1.59043,2.32758,0.26880
2942.50000,-1.58094,2.33008,0.24787
2942.55000,-1.57134,2.33239,0.22687
2942.60000,-1.56164,2.33452,0.20622
2942.65000,-1.55203,2.33642,0.18490
2942.70000,-1.54280,2.33803,0.17680
2942.75000,-1.53467,2.33939,0.19358
2942.80000,-1.52953,2.34044,0.22926
2942.85000,-1.52729,2.34101,0.27652
2942.90000,-1.52624,2.34134,0.32837
2942.95000,-1.52521,2.34170,0.36973
2943.00000,-1.52433,2.34198,0.39154
2943.05000,-1.52252,2.34277,0.40049
2943.10000,-1.51952,2.34405,0.40344
2943.15000,-1.51532,2.34586,0.40048
2943.20000,-1.50976,2.34820,0.39122
2943.25000,-1.50269,2.35107,0.37540
2943.30000,-1.49398,2.35441,0.35274
2943.35000,-1.48477,2.35764,0.32630
2943.40000,-1.47526,2.36073,0.30119
2943.45000,-1.46567,2.36358,0.27623
2943.50000,-1.45658,2.36600,0.26437
2943.55000,-1.44847,2.36819,0.27527
2943.60000,-1.44259,2.36991,0.29706
2943.65000,-1.43934,2.37095,0.32948
2943.70000,-1.43850,2.37125,0.37152
2943.75000,-1.43804,2.37145,0.41454
2943.80000,-1.43758,2.37167,0.44738
2943.85000,-1.43720,2.37185,0.46379
2943.90000,-1.43603,2.37246,0.47122
2943.95000,-1.43375,2.37363,0.47334
2944.00000,-1.43047,2.37532,0.47000
2944.05000,-1.42604,2.37757,0.46064
2944.10000,-1.42033,2.38041,0.44288
2944.15000,-1.41257,2.38395,0.41394
2944.20000,-1.40409,2.38752,0.38185
2944.25000,-1.39550,2.39081,0.35000
2944.30000,-1.38681,2.39382,0.31787
2944.35000,-1.37795,2.39680,0.29366
2944.40000,-1.36932,2.39941,0.28963
2944.45000,-1.36288,2.40126,0.30097
2944.50000,-1.35976,2.40203,0.32844
2944.55000,-1.35897,2.40230,0.36567
2944.60000,-1.35870,2.40241,0.40062
2944.65000,-1.35836,2.40256,0.43529
2944.70000,-1.35796,2.40276,0.46967
2944.75000,-1.35734,2.40308,0.49837
2944.80000,-1.35607,2.40382,0.50595
2944.85000,-1.35164,2.40632,0.49383
2944.90000,-1.34483,2.40988,0.46830
2944.95000,-1.33672,2.41382,0.43654
2945.00000,-1.32833,2.41757,0.40404
2945.05000,-1.31970,2.42128,0.38188
2945.10000,-1.31218,2.42425,0.38017
2945.15000,-1.30741,2.42611,0.39311
2945.20000,-1.30563,2.42671,0.42150
2945.25000,-1.30466,2.42715,0.45528
2945.30000,-1.30368,2.42764,0.48874
2945.35000,-1.30271,2.42816,0.52194
2945.40000,-1.30214,2.42850,0.53749
2945.45000,-1.29923,2.43028,0.53238
2945.50000,-1.29379,2.43344,0.51430
2945.55000,-1.28671,2.43731,0.48666
2945.60000,-1.27859,2.44143,0.45378
2945.65000,-1.27025,2.44537,0.43433
2945.70000,-1.26344,2.44850,0.43418
2945.75000,-1.25921,2.45045,0.44834
2945.80000,-1.25730,2.45131,0.47522
2945.85000,-1.25643,2.45177,0.50796
2945.90000,-1.25556,2.45226,0.54036
2945.95000,-1.25472,2.45277,0.57237
2946.00000,-1.25428,2.45306,0.59013
2946.05000,-1.25262,2.45425,0.59078
2946.10000,-1.24790,2.45738,0.57440
2946.15000,-1.24131,2.46152,0.54724
2946.20000,-1.23358,2.46606,0.51401
2946.25000,-1.22554,2.47042,0.48005
2946.30000,-1.21771,2.47435,0.46234
2946.35000,-1.21132,2.47750,0.46217
2946.40000,-1.20756,2.47935,0.47658
2946.45000,-1.20523,2.48050,0.49901
2946.50000,-1.20422,2.48100,0.52869
2946.55000,-1.20370,2.48126,0.55904
2946.60000,-1.20299,2.48170,0.58961
2946.65000,-1.20227,2.48219,0.62009
2946.70000,-1.20185,2.48255,0.64035
2946.75000,-1.19989,2.48410,0.63894
2946.80000,-1.19510,2.48759,0.61984
2946.85000,-1.18874,2.49200,0.59177
2946.90000,-1.18123,2.49687,0.55793
2946.95000,-1.17343,2.50159,0.53776
2947.00000,-1.16736,2.50516,0.53568
2947.05000,-1.16346,2.50746,0.54529
2947.10000,-1.16213,2.50825,0.56727
2947.15000,-1.16143,2.50869,0.59637
2947.20000,-1.16090,2.50904,0.62474
2947.25000,-1.16030,2.50946,0.65334
2947.30000,-1.15976,2.50987,0.68142
2947.35000,-1.15947,2.51017,0.69341
2947.40000,-1.15663,2.51253,0.68545
2947.45000,-1.15183,2.51638,0.66511
2947.50000,-1.14555,2.52116,0.63626
2947.55000,-1.13817,2.52642,0.60203
2947.60000,-1.13085,2.53131,0.58366
2947.65000,-1.12540,2.53487,0.58303
2947.70000,-1.12282,2.53650,0.59788
2947.75000,-1.12232,2.53679,0.62428
2947.80000,-1.12202,2.53699,0.65174
2947.85000,-1.12152,2.53737,0.67879
2947.90000,-1.12128,2.53754,0.70466
2947.95000,-1.12097,2.53779,0.72681
2948.00000,-1.12042,2.53830,0.73780
2948.05000,-1.11917,2.53948,0.73804
2948.10000,-1.11495,2.54338,0.71876
2948.15000,-1.10832,2.54900,0.68732
2948.20000,-1.10079,2.55496,0.65260
2948.25000,-1.09275,2.56089,0.61927
2948.30000,-1.08502,2.56631,0.59761
2948.35000,-1.07946,2.57006,0.59487
2948.40000,-1.07687,2.57179,0.60718
2948.45000,-1.07644,2.57205,0.63209
2948.50000,-1.07615,2.57221,0.65869
2948.55000,-1.07572,2.57255,0.68535
2948.60000,-1.07552,2.57271,0.71141
2948.65000,-1.07526,2.57292,0.73703
2948.70000,-1.07503,2.57313,0.76261
2948.75000,-1.07480,2.57338,0.77218
2948.80000,-1.07216,2.57593,0.76317
2948.85000,-1.06758,2.58022,0.74284
2948.90000,-1.06168,2.58548,0.71366
2948.95000,-1.05418,2.59177,0.68121
2949.00000,-1.04686,2.59758,0.66078
2949.05000,-1.04108,2.60203,0.65546
2949.10000,-1.03815,2.60429,0.66507
2949.15000,-1.03774,2.60459,0.68932
2949.20000,-1.03768,2.60464,0.71420
2949.25000,-1.03752,2.60478,0.73895
2949.30000,-1.03706,2.60519,0.76380
2949.35000,-1.03682,2.60541,0.78851
2949.40000,-1.03652,2.60570,0.81217
2949.45000,-1.03624,2.60602,0.82197
2949.50000,-1.03449,2.60789,0.81762
2949.55000,-1.03050,2.61210,0.79753
2949.60000,-1.02510,2.61747,0.76771
2949.65000,-1.01815,2.62396,0.73447
2949.70000,-1.01084,2.63049,0.71031
2949.75000,-1.00535,2.63517,0.70302
2949.80000,-1.00189,2.63811,0.70758
2949.85000,-1.00082,2.63903,0.72563
2949.90000,-1.00020,2.63958,0.75043
2949.95000,-0.99958,2.64014,0.77526
2950.00000,-0.99898,2.64072,0.79988
2950.05000,-0.99840,2.64131,0.82427
2950.10000,-0.99784,2.64191,0.84843
2950.15000,-0.99732,2.64249,0.85558
2950.20000,-0.99487,2.64528,0.84528
2950.25000,-0.99076,2.64981,0.82279
2950.30000,-0.98535,2.65547,0.79216
2950.35000,-0.97933,2.66148,0.76969
2950.40000,-0.97541,2.66529,0.76938
2950.45000,-0.97408,2.66661,0.78501
2950.50000,-0.97364,2.66704,0.80780
2950.55000,-0.97326,2.66742,0.83036
2950.60000,-0.97286,2.66786,0.85335
2950.65000,-0.97261,2.66815,0.87583
2950.70000,-0.97234,2.66848,0.89782
2950.75000,-0.97215,2.66878,0.90795
2950.80000,-0.97071,2.67062,0.90369
2950.85000,-0.96694,2.67530,0.88169
2950.90000,-0.96195,2.68116,0.85093
2950.95000,-0.95599,2.68771,0.81452
2951.00000,-0.95009,2.69385,0.79290
2951.05000,-0.94509,2.69892,0.78310
2951.10000,-0.94153,2.70248,0.78364
2951.15000,-0.93887,2.70516,0.79095
2951.20000,-0.93692,2.70716,0.80350
2951.25000,-0.93558,2.70856,0.82041
2951.30000,-0.93486,2.70935,0.84151
2951.35000,-0.93434,2.70993,0.86391
2951.40000,-0.93386,2.71050,0.88619
2951.45000,-0.93342,2.71105,0.90822
2951.50000,-0.93299,2.71162,0.93003
2951.55000,-0.93271,2.71203,0.93729
2951.60000,-0.93071,2.71472,0.92835
2951.65000,-0.92692,2.71966,0.90565
2951.70000,-0.92195,2.72579,0.87467
2951.75000,-0.91639,2.73242,0.84795
2951.80000,-0.91189,2.73755,0.83715
2951.85000,-0.90914,2.74060,0.84006
2951.90000,-0.90736,2.74261,0.85061
2951.95000,-0.90622,2.74393,0.86585
2952.00000,-0.90568,2.74457,0.88530
2952.05000,-0.90525,2.74508,0.90531
2952.10000,-0.90483,2.74560,0.92495
2952.15000,-0.90441,2.74613,0.94422
2952.20000,-0.90401,2.74668,0.96312
2952.25000,-0.90363,2.74723,0.98168
2952.30000,-0.90348,2.74751,0.98841
2952.35000,-0.90202,2.74969,0.98387
2952.40000,-0.89895,2.75420,0.96505
2952.45000,-0.89439,2.76057,0.93442
2952.50000,-0.88895,2.76767,0.89834
2952.55000,-0.88326,2.77479,0.86822
2952.60000,-0.87835,2.78060,0.84941
2952.65000,-0.87450,2.78499,0.83920
2952.70000,-0.87065,2.78937,0.82904
2952.75000,-0.86680,2.79374,0.81890
2952.80000,-0.86464,2.79617,0.80680
2952.85000,-0.86373,2.79713,0.79176
2952.90000,-0.86311,2.79778,0.78309
2952.95000,-0.86257,2.79833,0.77612
2953.00000,-0.86232,2.79858,0.77293
2953.05000,-0.86217,2.79871,0.76316
2953.10000,-0.86196,2.79890,0.76188
2953.15000,-0.86122,2.79963,0.74238
2953.20000,-0.85902,2.80164,0.72485
2953.25000,-0.85695,2.80350,0.72619
2953.30000,-0.85563,2.80467,0.73340
2953.35000,-0.85502,2.80522,0.74557
2953.40000,-0.85493,2.80535,0.74587
2953.45000,-0.85518,2.80518,0.73208
2953.50000,-0.85422,2.80603,0.70576
2953.55000,-0.85189,2.80795,0.66987
2953.60000,-0.84776,2.81107,0.62463
2953.65000,-0.84243,2.81487,0.59070
2953.70000,-0.83813,2.81771,0.57959
2953.75000,-0.83607,2.81905,0.58249
2953.80000,-0.83553,2.81940,0.59513
2953.85000,-0.83509,2.81970,0.60879
2953.90000,-0.83482,2.81986,0.61606
2953.95000,-0.83485,2.81975,0.61123
2954.00000,-0.83508,2.81947,0.59652
2954.05000,-0.83481,2.81965,0.57145
2954.10000,-0.83244,2.82138,0.54894
2954.15000,-0.82984,2.82309,0.54579
2954.20000,-0.82856,2.82387,0.55161
2954.25000,-0.82809,2.82416,0.56249
2954.30000,-0.82766,2.82443,0.57374
2954.35000,-0.82739,2.82457,0.57853
2954.40000,-0.82724,2.82464,0.57610
2954.45000,-0.82706,2.82475,0.57275
2954.50000,-0.82693,2.82483,0.56598
2954.55000,-0.82667,2.82499,0.56727
2954.60000,-0.82661,2.82498,0.55825
2954.65000,-0.82581,2.82555,0.54826
2954.70000,-0.82504,2.82604,0.55330
2954.75000,-0.82502,2.82607,0.54885
2954.80000,-0.82491,2.82624,0.52659
2954.85000,-0.82318,2.82742,0.50978
2954.90000,-0.82209,2.82804,0.51270
2954.95000,-0.82171,2.82824,0.52047
2955.00000,-0.82133,2.82844,0.52851
2955.05000,-0.82125,2.82849,0.52494
2955.10000,-0.82122,2.82851,0.51794
2955.15000,-0.82089,2.82873,0.52270
2955.20000,-0.82053,2.82894,0.53000
2955.25000,-0.82017,2.82914,0.53740
2955.30000,-0.82015,2.82914,0.53464
2955.35000,-0.82043,2.82890,0.51696
2955.40000,-0.81964,2.82964,0.50117
2955.45000,-0.81896,2.83007,0.50462
2955.50000,-0.81862,2.83025,0.51140
2955.55000,-0.81826,2.83044,0.51850
2955.60000,-0.81790,2.83064,0.52564
2955.65000,-0.81774,2.83071,0.52040
2955.70000,-0.81694,2.83116,0.49303
2955.75000,-0.81473,2.83235,0.47367
2955.80000,-0.81336,2.83304,0.47313
2955.85000,-0.81303,2.83320,0.47775
2955.90000,-0.81271,2.83336,0.48255
2955.95000,-0.81267,2.83335,0.47418
2956.00000,-0.81263,2.83341,0.46353
2956.05000,-0.81231,2.83362,0.46570
2956.10000,-0.81197,2.83377,0.47044
2956.15000,-0.81165,2.83394,0.47536
2956.20000,-0.81160,2.83386,0.46832
2956.25000,-0.81133,2.83400,0.46200
2956.30000,-0.81093,2.83419,0.46652
2956.35000,-0.81082,2.83417,0.46130
2956.40000,-0.81056,2.83434,0.45466
2956.45000,-0.81027,2.83449,0.44865
2956.50000,-0.80993,2.83468,0.44306
2956.55000,-0.80964,2.83482,0.44401
2956.60000,-0.80941,2.83493,0.44433
2956.65000,-0.80917,2.83504,0.44465
2956.70000,-0.80893,2.83516,0.44497
2956.75000,-0.80869,2.83527,0.44529
2956.80000,-0.80853,2.83534,0.44241
2956.85000,-0.80858,2.83522,0.42983
2956.90000,-0.80759,2.83594,0.41607
2956.95000,-0.80703,2.83621,0.41390
2957.00000,-0.80676,2.83632,0.41316
2957.05000,-0.80650,2.83644,0.41197
2957.10000,-0.80624,2.83654,0.41025
2957.15000,-0.80597,2.83664,0.40809
2957.20000,-0.80568,2.83676,0.40566
2957.25000,-0.80380,2.83817,0.40398
2957.30000,-0.79847,2.84192,0.40252
2957.35000,-0.79050,2.84579,0.39987
2957.40000,-0.78134,2.84965,0.39775
2957.45000,-0.77216,2.85350,0.39592
2957.50000,-0.76297,2.85733,0.39438
2957.55000,-0.75385,2.86109,0.38927
2957.60000,-0.74490,2.86471,0.37478
2957.65000,-0.73612,2.86820,0.34842
2957.70000,-0.72768,2.87120,0.30817
2957.75000,-0.72109,2.87306,0.25289
2957.80000,-0.71460,2.87452,0.19267
2957.85000,-0.70805,2.87558,0.12942
2957.90000,-0.70025,2.87636,0.06816
2957.95000,-0.69195,2.87667,0.00693
2958.00000,-0.68340,2.87646,-0.05462
2958.05000,-0.67470,2.87572,-0.11638
2958.10000,-0.66587,2.87441,-0.17798
2958.15000,-0.65725,2.87291,-0.23302
2958.20000,-0.64900,2.87134,-0.27563
2958.25000,-0.64310,2.86971,-0.30224
2958.30000,-0.64004,2.86887,-0.31261
2958.35000,-0.63961,2.86874,-0.30837
2958.40000,-0.63923,2.86863,-0.30296
2958.45000,-0.63888,2.86852,-0.29701
2958.50000,-0.63846,2.86839,-0.29116
2958.55000,-0.63802,2.86826,-0.28486
2958.60000,-0.63762,2.86815,-0.27796
2958.65000,-0.63721,2.86803,-0.27077
2958.70000,-0.63678,2.86791,-0.26374
2958.75000,-0.63635,2.86780,-0.25618
2958.80000,-0.63587,2.86767,-0.24880
2958.85000,-0.63535,2.86754,-0.24116
2958.90000,-0.63481,2.86741,-0.23319
2958.95000,-0.63426,2.86729,-0.22483
2959.00000,-0.63372,2.86717,-0.21598
2959.05000,-0.63324,2.86707,-0.20656
2959.10000,-0.63271,2.86696,-0.19699
2959.15000,-0.63237,2.86701,-0.19830
2959.20000,-0.63203,2.86700,-0.21647
2959.25000,-0.62937,2.86631,-0.25081
2959.30000,-0.62471,2.86500,-0.29570
2959.35000,-0.61887,2.86306,-0.34570
2959.40000,-0.61230,2.86049,-0.39922
2959.45000,-0.60553,2.85764,-0.44775
2959.50000,-0.59868,2.85455,-0.47963
2959.55000,-0.59308,2.85164,-0.49246
2959.60000,-0.58770,2.84879,-0.50313
2959.65000,-0.58376,2.84665,-0.50362
2959.70000,-0.58088,2.84508,-0.49664
2959.75000,-0.57870,2.84392,-0.48449
2959.80000,-0.57727,2.84318,-0.46737
2959.85000,-0.57645,2.84278,-0.44648
2959.90000,-0.57566,2.84241,-0.42493
2959.95000,-0.57483,2.84205,-0.40304
2960.00000,-0.57399,2.84169,-0.38108
2960.05000,-0.57314,2.84134,-0.35894
2960.10000,-0.57228,2.84103,-0.33651
2960.15000,-0.57146,2.84076,-0.31399
2960.20000,-0.57062,2.84051,-0.29132
2960.25000,-0.56972,2.84025,-0.26855
2960.30000,-0.56883,2.84002,-0.24557
2960.35000,-0.56828,2.83999,-0.23559
2960.40000,-0.56773,2.83992,-0.22906
2960.45000,-0.56692,2.83976,-0.20685
2960.50000,-0.56623,2.83963,-0.18308
2960.55000,-0.56549,2.83951,-0.15961
2960.60000,-0.56493,2.83947,-0.15055
2960.65000,-0.56473,2.83948,-0.15902
2960.70000,-0.56280,2.83908,-0.18053
2960.75000,-0.55800,2.83807,-0.21671
2960.80000,-0.55162,2.83652,-0.26099
2960.85000,-0.54437,2.83439,-0.30974
2960.90000,-0.53684,2.83197,-0.35365
2960.95000,-0.52909,2.82929,-0.38016
2961.00000,-0.52317,2.82704,-0.38066
2961.05000,-0.51957,2.82567,-0.36664
2961.10000,-0.51664,2.82458,-0.34763
2961.15000,-0.51440,2.82380,-0.32412
2961.20000,-0.51287,2.82331,-0.29634
2961.25000,-0.51223,2.82334,-0.28186
2961.30000,-0.51111,2.82297,-0.29220
2961.35000,-0.50786,2.82191,-0.30464
2961.40000,-0.50423,2.82044,-0.30057
2961.45000,-0.50034,2.81896,-0.28938
2961.50000,-0.49626,2.81776,-0.27295
2961.55000,-0.49378,2.81723,-0.24898
2961.60000,-0.49307,2.81720,-0.23019
2961.65000,-0.49255,2.81720,-0.23176
2961.70000,-0.48987,2.81642,-0.25040
2961.75000,-0.48451,2.81492,-0.28436
2961.80000,-0.47773,2.81279,-0.32505
2961.85000,-0.47044,2.81031,-0.36184
2961.90000,-0.46291,2.80755,-0.38211
2961.95000,-0.45527,2.80455,-0.37992
2962.00000,-0.44987,2.80254,-0.36236
2962.05000,-0.44789,2.80187,-0.32952
2962.10000,-0.44764,2.80179,-0.28924
2962.15000,-0.44740,2.80173,-0.24852
2962.20000,-0.44716,2.80167,-0.20759
2962.25000,-0.44691,2.80163,-0.16652
2962.30000,-0.44671,2.80166,-0.13624
2962.35000,-0.44689,2.80172,-0.13241
2962.40000,-0.44556,2.80142,-0.14297
2962.45000,-0.44113,2.80059,-0.16898
2962.50000,-0.43378,2.79918,-0.20411
2962.55000,-0.42486,2.79715,-0.24282
2962.60000,-0.41524,2.79456,-0.28394
2962.65000,-0.40577,2.79187,-0.31891
2962.70000,-0.39629,2.78916,-0.34354
2962.75000,-0.38668,2.78628,-0.35622
2962.80000,-0.37701,2.78329,-0.36011
2962.85000,-0.36912,2.78046,-0.34768
2962.90000,-0.36239,2.77809,-0.32933
2962.95000,-0.35677,2.77625,-0.30551
2963.00000,-0.35231,2.77491,-0.27617
2963.05000,-0.34963,2.77420,-0.23882
2963.10000,-0.34913,2.77408,-0.19207
2963.15000,-0.34892,2.77405,-0.14382
2963.20000,-0.34871,2.77404,-0.10559
2963.25000,-0.34838,2.77384,-0.09185
2963.30000,-0.34622,2.77346,-0.09784
2963.35000,-0.34083,2.77280,-0.11915
2963.40000,-0.33319,2.77174,-0.15159
2963.45000,-0.32415,2.77021,-0.18846
2963.50000,-0.31516,2.76830,-0.22774
2963.55000,-0.30632,2.76605,-0.26725
2963.60000,-0.29766,2.76377,-0.30029
2963.65000,-0.28915,2.76162,-0.32565
2963.70000,-0.28051,2.75933,-0.33967
2963.75000,-0.27224,2.75684,-0.33172
2963.80000,-0.26643,2.75491,-0.30490
2963.85000,-0.26311,2.75393,-0.26673
2963.90000,-0.26229,2.75371,-0.21801
2963.95000,-0.26211,2.75368,-0.16668
2964.00000,-0.26192,2.75365,-0.11558
2964.05000,-0.26174,2.75364,-0.06477
2964.10000,-0.26155,2.75363,-0.01425
2964.15000,-0.26145,2.75363,0.02540
2964.20000,-0.26151,2.75368,0.03762
2964.25000,-0.25884,2.75385,0.03128
2964.30000,-0.25301,2.75399,0.00862
2964.35000,-0.24527,2.75393,-0.02399
2964.40000,-0.23640,2.75354,-0.06158
2964.45000,-0.22736,2.75282,-0.09875
2964.50000,-0.21833,2.75176,-0.13528
2964.55000,-0.20936,2.75037,-0.17220
2964.60000,-0.20039,2.74877,-0.20292
2964.65000,-0.19116,2.74688,-0.21706
2964.70000,-0.18154,2.74455,-0.21384
2964.75000,-0.17162,2.74233,-0.20371
2964.80000,-0.16199,2.74042,-0.18853
2964.85000,-0.15301,2.73880,-0.16924
2964.90000,-0.14470,2.73747,-0.14599
2964.95000,-0.13722,2.73653,-0.11848
2965.00000,-0.13144,2.73598,-0.08666
2965.05000,-0.12942,2.73588,-0.04085
2965.10000,-0.12926,2.73588,0.01058
2965.15000,-0.12919,2.73588,0.05066
2965.20000,-0.12945,2.73603,0.07090
2965.25000,-0.12788,2.73633,0.07454
2965.30000,-0.12441,2.73675,0.06853
2965.35000,-0.11711,2.73721,0.04285
2965.40000,-0.10820,2.73744,0.00855
2965.45000,-0.09907,2.73736,-0.02629
2965.50000,-0.08995,2.73696,-0.06108
2965.55000,-0.08085,2.73624,-0.09613
2965.60000,-0.07179,2.73520,-0.13131
2965.65000,-0.06273,2.73399,-0.16119
2965.70000,-0.05342,2.73247,-0.17475
2965.75000,-0.04369,2.73052,-0.16964
2965.80000,-0.03361,2.72869,-0.15686
2965.85000,-0.02351,2.72720,-0.13808
2965.90000,-0.01577,2.72623,-0.11112
2965.95000,-0.01127,2.72608,-0.08250
2966.00000,-0.00788,2.72622,-0.07169
2966.05000,-0.00489,2.72616,-0.08134
2966.10000,-0.00149,2.72576,-0.11282
2966.15000,0.00386,2.72503,-0.15642
2966.20000,0.01046,2.72381,-0.20453
2966.25000,0.01792,2.72207,-0.25568
2966.30000,0.02554,2.71985,-0.31040
2966.35000,0.03362,2.71702,-0.36591
2966.40000,0.04154,2.71373,-0.42280
2966.45000,0.04927,2.70998,-0.47918
2966.50000,0.05679,2.70580,-0.53479
2966.55000,0.06409,2.70120,-0.58968
2966.60000,0.07114,2.69620,-0.64378
2966.65000,0.07793,2.69082,-0.69707
2966.70000,0.08452,2.68529,-0.74325
2966.75000,0.09140,2.67941,-0.76752
2966.80000,0.09886,2.67280,-0.76238
2966.85000,0.10237,2.66955,-0.74754
2966.90000,0.10444,2.66763,-0.73447
2966.95000,0.10596,2.66630,-0.69708
2967.00000,0.10693,2.66552,-0.64227
2967.05000,0.10755,2.66509,-0.59314
2967.10000,0.10781,2.66511,-0.57130
2967.15000,0.10819,2.66501,-0.57702
2967.20000,0.11157,2.66272,-0.60438
2967.25000,0.11658,2.65913,-0.64073
2967.30000,0.12252,2.65450,-0.68241
2967.35000,0.12858,2.64955,-0.71909
2967.40000,0.13360,2.64535,-0.74449
2967.45000,0.13790,2.64125,-0.77776
2967.50000,0.14281,2.63639,-0.80617
2967.55000,0.14814,2.63099,-0.80592
2967.60000,0.15236,2.62663,-0.79743
2967.65000,0.15482,2.62410,-0.79415
2967.70000,0.15703,2.62181,-0.77957
2967.75000,0.15919,2.61951,-0.74740
2967.80000,0.16069,2.61804,-0.70905
2967.85000,0.16216,2.61671,-0.69372
2967.90000,0.16385,2.61529,-0.70455
2967.95000,0.16735,2.61230,-0.71198
2968.00000,0.16982,2.61018,-0.71591
2968.05000,0.17140,2.60880,-0.71871
2968.10000,0.17275,2.60766,-0.71737
2968.15000,0.17553,2.60519,-0.73495
2968.20000,0.17989,2.60113,-0.76359
2968.25000,0.18443,2.59672,-0.77789
2968.30000,0.18843,2.59276,-0.77282
2968.35000,0.19219,2.58901,-0.75762
2968.40000,0.19588,2.58527,-0.72435
2968.45000,0.19831,2.58301,-0.68490
2968.50000,0.20059,2.58098,-0.66971
2968.55000,0.20311,2.57896,-0.65843
2968.60000,0.20521,2.57739,-0.64759
2968.65000,0.20793,2.57532,-0.65849
2968.70000,0.21278,2.57146,-0.68316
2968.75000,0.21903,2.56620,-0.71452
2968.80000,0.22611,2.55984,-0.75067
2968.85000,0.23286,2.55328,-0.78934
2968.90000,0.23969,2.54631,-0.81445
2968.95000,0.24529,2.54041,-0.80755
2969.00000,0.24911,2.53645,-0.77513
2969.05000,0.25246,2.53326,-0.72760
2969.10000,0.25386,2.53207,-0.66716
2969.15000,0.25401,2.53196,-0.60016
2969.20000,0.25415,2.53188,-0.54491
2969.25000,0.25446,2.53173,-0.51691
2969.30000,0.25534,2.53124,-0.51678
2969.35000,0.25947,2.52879,-0.53652
2969.40000,0.26558,2.52500,-0.56648
2969.45000,0.27261,2.52034,-0.60290
2969.50000,0.28029,2.51481,-0.64143
2969.55000,0.28820,2.50869,-0.67725
2969.60000,0.29587,2.50228,-0.71318
2969.65000,0.30336,2.49579,-0.73957
2969.70000,0.30999,2.48981,-0.73597
2969.75000,0.31467,2.48569,-0.70538
2969.80000,0.31719,2.48364,-0.65213
2969.85000,0.31822,2.48289,-0.58895
2969.90000,0.31837,2.48280,-0.52141
2969.95000,0.31851,2.48274,-0.46517
2970.00000,0.31826,2.48313,-0.43914
2970.05000,0.31879,2.48285,-0.43768
2970.10000,0.32209,2.48120,-0.45179
2970.15000,0.32815,2.47812,-0.48115
2970.20000,0.33527,2.47422,-0.51795
2970.25000,0.34310,2.46955,-0.55724
2970.30000,0.35147,2.46412,-0.59347
2970.35000,0.35965,2.45839,-0.62895
2970.40000,0.36767,2.45255,-0.65644
2970.45000,0.37595,2.44636,-0.65953
2970.50000,0.38121,2.44251,-0.65389
2970.55000,0.38488,2.43974,-0.67002
2970.60000,0.38808,2.43711,-0.70713
2970.65000,0.39269,2.43300,-0.74963
2970.70000,0.39794,2.42787,-0.79685
2970.75000,0.40360,2.42178,-0.84681
2970.80000,0.40923,2.41506,-0.89956
2970.85000,0.41479,2.40765,-0.95362
2970.90000,0.42014,2.39965,-1.00852
2970.95000,0.42514,2.39121,-1.06433
2971.00000,0.42970,2.38241,-1.12082
2971.05000,0.43345,2.37399,-1.17834
2971.10000,0.43701,2.36467,-1.23322
2971.15000,0.44005,2.35519,-1.28715
2971.20000,0.44256,2.34557,-1.34116
2971.25000,0.44407,2.33807,-1.39814
2971.30000,0.44471,2.33364,-1.46396
2971.35000,0.44490,2.33102,-1.53748
2971.40000,0.44490,2.32967,-1.61625
2971.45000,0.44487,2.32927,-1.69855
2971.50000,0.44485,2.32912,-1.78144
2971.55000,0.44481,2.32897,-1.86373
2971.60000,0.44476,2.32883,-1.94535
2971.65000,0.44470,2.32870,-2.02629
2971.70000,0.44463,2.32856,-2.10652
2971.75000,0.44455,2.32844,-2.18602
2971.80000,0.44446,2.32832,-2.26477
2971.85000,0.44436,2.32821,-2.34272
2971.90000,0.44425,2.32810,-2.41992
2971.95000,0.44413,2.32801,-2.49639
2972.00000,0.44401,2.32793,-2.57208
2972.05000,0.44388,2.32785,-2.64693
2972.10000,0.44375,2.32779,-2.72089
2972.15000,0.44362,2.32773,-2.79391
2972.20000,0.44348,2.32769,-2.86595
2972.25000,0.44334,2.32765,-2.93695
2972.30000,0.44320,2.32763,-3.00686
2972.35000,0.44306,2.32762,-3.07565
2972.40000,0.44292,2.32761,3.13993
2972.45000,0.44278,2.32762,3.07354
2972.50000,0.44264,2.32763,3.00840
2972.55000,0.44251,2.32765,2.94457
2972.60000,0.44237,2.32768,2.88208
2972.65000,0.44224,2.32772,2.82096
2972.70000,0.44211,2.32777,2.76124
2972.75000,0.44199,2.32782,2.70295
2972.80000,0.44187,2.32788,2.64609
2972.85000,0.44176,2.32795,2.59069
2972.90000,0.44165,2.32802,2.53677
2972.95000,0.44154,2.32810,2.48434
2973.00000,0.44144,2.32818,2.43339
2973.05000,0.43986,2.32968,2.38391
2973.10000,0.43465,2.33484,2.34114
2973.15000,0.42898,2.34098,2.29498
2973.20000,0.42321,2.34784,2.24623
2973.25000,0.41716,2.35575,2.20146
2973.30000,0.41144,2.36395,2.15802
2973.35000,0.40636,2.37178,2.12756
2973.40000,0.40133,2.37989,2.12164
2973.45000,0.39611,2.38837,2.12325
2973.50000,0.39088,2.39684,2.12487
2973.55000,0.38564,2.40529,2.12675
2973.60000,0.38037,2.41375,2.12921
2973.65000,0.37508,2.42220,2.13237
2973.70000,0.36974,2.43065,2.13630
2973.75000,0.36436,2.43908,2.14102
2973.80000,0.35893,2.44751,2.14593
2973.85000,0.35347,2.45590,2.15145
2973.90000,0.34795,2.46426,2.15731
2973.95000,0.34236,2.47262,2.16373
2974.00000,0.33672,2.48093,2.17099
2974.05000,0.33102,2.48920,2.17825
2974.10000,0.32523,2.49748,2.18606
2974.15000,0.31941,2.50564,2.19455
2974.20000,0.31347,2.51383,2.20275
2974.25000,0.30742,2.52203,2.21097
2974.30000,0.30130,2.53017,2.21978
2974.35000,0.29575,2.53760,2.21643
2974.40000,0.29062,2.54457,2.19404
2974.45000,0.28525,2.55224,2.16854
2974.50000,0.28007,2.56006,2.14384
2974.55000,0.27508,2.56792,2.13263
2974.60000,0.26979,2.57626,2.14117
2974.65000,0.26424,2.58481,2.15318
2974.70000,0.25917,2.59241,2.17581
2974.75000,0.25371,2.60004,2.20827
2974.80000,0.24754,2.60809,2.24596
2974.85000,0.24115,2.61580,2.28083
2974.90000,0.23450,2.62326,2.31599
2974.95000,0.22760,2.63048,2.35228
2975.00000,0.22043,2.63745,2.38867
2975.05000,0.21301,2.64416,2.42486
2975.10000,0.20535,2.65059,2.46169
2975.15000,0.19746,2.65673,2.49798
2975.20000,0.18936,2.66259,2.53373
2975.25000,0.18105,2.66814,2.57004
2975.30000,0.17255,2.67339,2.60578
2975.35000,0.16387,2.67834,2.64136
2975.40000,0.15502,2.68297,2.67752
2975.45000,0.14600,2.68729,2.71313
2975.50000,0.13683,2.69128,2.74849
2975.55000,0.12753,2.69494,2.78444
2975.60000,0.11810,2.69827,2.82044
2975.65000,0.10856,2.70126,2.85617
2975.70000,0.09891,2.70390,2.89206
2975.75000,0.08918,2.70619,2.92786
2975.80000,0.07937,2.70814,2.96287
2975.85000,0.06950,2.70975,2.99771
2975.90000,0.05958,2.71101,3.03273
2975.95000,0.04963,2.71192,3.06796
2976.00000,0.04001,2.71237,3.09371
2976.05000,0.03117,2.71240,3.10222
2976.10000,0.02298,2.71220,3.09436
2976.15000,0.01672,2.71198,3.06390
2976.20000,0.01304,2.71174,3.02103
2976.25000,0.01171,2.71168,2.96797
2976.30000,0.01150,2.71174,2.92049
2976.35000,0.01120,2.71190,2.88631
2976.40000,0.01082,2.71219,2.86112
2976.45000,0.01035,2.71258,2.84507
2976.50000,0.00976,2.71311,2.83793
2976.55000,0.00849,2.71395,2.84060
2976.60000,0.00438,2.71556,2.85625
2976.65000,-0.00344,2.71804,2.88733
2976.70000,-0.01305,2.72038,2.92543
2976.75000,-0.02285,2.72234,2.96339
2976.80000,-0.03273,2.72392,3.00101
2976.85000,-0.04269,2.72514,3.03948
2976.90000,-0.05217,2.72581,3.06495
2976.95000,-0.06069,2.72587,3.06844
2977.00000,-0.06855,2.72556,3.05527
2977.05000,-0.07478,2.72537,3.02208
2977.10000,-0.07872,2.72538,2.97852
2977.15000,-0.08026,2.72556,2.92492
2977.20000,-0.08074,2.72568,2.86691
2977.25000,-0.08123,2.72585,2.81798
2977.30000,-0.08187,2.72619,2.77973
2977.35000,-0.08260,2.72666,2.75155
2977.40000,-0.08342,2.72723,2.73341
2977.45000,-0.08436,2.72795,2.72489
2977.50000,-0.08546,2.72887,2.72528
2977.55000,-0.08777,2.73026,2.73635
2977.60000,-0.09232,2.73221,2.75756
2977.65000,-0.09892,2.73478,2.78725
2977.70000,-0.10771,2.73786,2.82560
2977.75000,-0.11727,2.74077,2.86638
2977.80000,-0.12695,2.74329,2.90684
2977.85000,-0.13672,2.74542,2.94741
2977.90000,-0.14627,2.74705,2.97342
2977.95000,-0.15514,2.74800,2.97303
2978.00000,-0.16138,2.74871,2.94545
2978.05000,-0.16456,2.74940,2.90254
2978.10000,-0.16560,2.74968,2.85050
2978.15000,-0.16638,2.74994,2.79740
2978.20000,-0.16714,2.75023,2.75484
2978.25000,-0.16806,2.75073,2.73142
2978.30000,-0.16940,2.75163,2.73041
2978.35000,-0.17423,2.75377,2.75243
2978.40000,-0.18136,2.75656,2.78373
2978.45000,-0.18994,2.75960,2.82059
2978.50000,-0.19938,2.76253,2.86060
2978.55000,-0.20904,2.76510,2.90093
2978.60000,-0.21835,2.76723,2.92706
2978.65000,-0.22719,2.76892,2.92725
2978.70000,-0.23288,2.77008,2.89777
2978.75000,-0.23542,2.77077,2.85234
2978.80000,-0.23654,2.77113,2.80073
2978.85000,-0.23764,2.77155,2.74920
2978.90000,-0.23872,2.77203,2.69791
2978.95000,-0.23979,2.77258,2.65833
2979.00000,-0.24100,2.77331,2.64693
2979.05000,-0.24445,2.77522,2.66289
2979.10000,-0.25010,2.77807,2.68931
2979.15000,-0.25683,2.78121,2.72450
2979.20000,-0.26519,2.78475,2.76322
2979.25000,-0.27416,2.78812,2.80407
2979.30000,-0.28363,2.79123,2.84371
2979.35000,-0.29247,2.79368,2.86901
2979.40000,-0.30070,2.79572,2.86619
2979.45000,-0.30725,2.79731,2.84062
2979.50000,-0.31160,2.79873,2.80245
2979.55000,-0.31377,2.79955,2.75484
2979.60000,-0.31568,2.80038,2.70612
2979.65000,-0.31759,2.80133,2.65764
2979.70000,-0.31945,2.80233,2.62124
2979.75000,-0.32120,2.80330,2.61161
2979.80000,-0.32410,2.80504,2.62612
2979.85000,-0.32816,2.80729,2.64816
2979.90000,-0.33396,2.81031,2.67863
2979.95000,-0.34154,2.81392,2.71824
2980.00000,-0.35037,2.81771,2.75786
2980.05000,-0.35861,2.82079,2.78339
2980.10000,-0.36639,2.82336,2.78210
2980.15000,-0.37279,2.82564,2.75672
2980.20000,-0.37616,2.82705,2.71373
2980.25000,-0.37881,2.82834,2.66740
2980.30000,-0.38146,2.82978,2.62129
2980.35000,-0.38410,2.83137,2.57548
2980.40000,-0.38665,2.83300,2.54028
2980.45000,-0.38922,2.83474,2.53556
2980.50000,-0.39166,2.83638,2.54454
2980.55000,-0.39391,2.83787,2.56500
2980.60000,-0.39680,2.83969,2.59675
2980.65000,-0.40143,2.84238,2.63773
2980.70000,-0.40839,2.84606,2.68497
2980.75000,-0.41586,2.84949,2.73722
2980.80000,-0.42376,2.85263,2.78911
2980.85000,-0.43144,2.85530,2.82793
2980.90000,-0.43698,2.85695,2.85307
2980.95000,-0.44090,2.85779,2.87451
2981.00000,-0.44391,2.85856,2.88441
2981.05000,-0.44610,2.85909,2.89461
2981.10000,-0.44780,2.85925,2.88467
2981.15000,-0.44945,2.85956,2.85185
2981.20000,-0.45271,2.86063,2.80599
2981.25000,-0.45803,2.86268,2.76000
2981.30000,-0.46366,2.86501,2.71680
2981.35000,-0.46839,2.86716,2.68260
2981.40000,-0.47350,2.86975,2.67018
2981.45000,-0.47865,2.87233,2.68902
2981.50000,-0.48263,2.87415,2.72999
2981.55000,-0.48738,2.87609,2.77975
2981.60000,-0.49310,2.87807,2.83420
2981.65000,-0.49943,2.87988,2.89241
2981.70000,-0.50598,2.88133,2.95308
2981.75000,-0.51238,2.88238,3.00401
2981.80000,-0.51797,2.88266,3.02869
2981.85000,-0.52281,2.88296,3.02631
2981.90000,-0.52821,2.88372,3.00529
2981.95000,-0.53594,2.88492,2.97154
2982.00000,-0.54289,2.88621,2.92570
2982.05000,-0.54897,2.88772,2.87016
2982.10000,-0.55522,2.88966,2.81060
2982.15000,-0.56148,2.89203,2.74785
2982.20000,-0.56772,2.89459,2.69353
2982.25000,-0.57413,2.89736,2.65544
2982.30000,-0.58121,2.90088,2.64870
2982.35000,-0.58865,2.90481,2.65708
2982.40000,-0.59631,2.90898,2.67405
2982.45000,-0.60417,2.91324,2.70532
2982.50000,-0.61146,2.91644,2.75314
2982.55000,-0.61692,2.91850,2.81442
2982.60000,-0.62180,2.91997,2.88250
2982.65000,-0.62686,2.92112,2.95315
2982.70000,-0.63219,2.92194,3.02504
2982.75000,-0.63770,2.92238,3.09791
2982.80000,-0.64354,2.92243,-3.11254
2982.85000,-0.64976,2.92202,-3.04060
2982.90000,-0.65596,2.92116,-2.96828
2982.95000,-0.66210,2.91985,-2.89567
2983.00000,-0.66829,2.91806,-2.82345
2983.05000,-0.67439,2.91580,-2.75126
2983.10000,-0.68038,2.91308,-2.67930
2983.15000,-0.68629,2.90987,-2.60775
2983.20000,-0.69196,2.90624,-2.53621
2983.25000,-0.69742,2.90216,-2.46494
2983.30000,-0.70259,2.89770,-2.39372
2983.35000,-0.70745,2.89285,-2.32263
2983.40000,-0.71200,2.88763,-2.25170
2983.45000,-0.71616,2.88210,-2.18081
2983.50000,-0.71994,2.87626,-2.11003
2983.55000,-0.72326,2.87024,-2.03895
2983.60000,-0.72615,2.86428,-1.97933
2983.65000,-0.72844,2.85885,-1.95168
2983.70000,-0.73015,2.85391,-1.95291
2983.75000,-0.73190,2.84905,-1.97726
2983.80000,-0.73449,2.84334,-2.01533
2983.85000,-0.73755,2.83725,-2.05697
2983.90000,-0.74086,2.83129,-2.09888
2983.95000,-0.74442,2.82547,-2.14097
2984.00000,-0.74823,2.81980,-2.18320
2984.05000,-0.75226,2.81431,-2.22553
2984.10000,-0.75648,2.80885,-2.26019
2984.15000,-0.76124,2.80297,-2.26408
2984.20000,-0.76520,2.79803,-2.23765
2984.25000,-0.76783,2.79452,-2.18791
2984.30000,-0.77051,2.79052,-2.13413
2984.35000,-0.77319,2.78613,-2.09031
2984.40000,-0.77537,2.78218,-2.07499
2984.45000,-0.77724,2.77848,-2.08133
2984.50000,-0.77923,2.77471,-2.10867
2984.55000,-0.78214,2.77004,-2.15084
2984.60000,-0.78527,2.76549,-2.19472
2984.65000,-0.78847,2.76124,-2.23869
2984.70000,-0.79174,2.75728,-2.28270
2984.75000,-0.79507,2.75361,-2.32662
2984.80000,-0.79845,2.75002,-2.36316
2984.85000,-0.80234,2.74600,-2.37844
2984.90000,-0.80689,2.74146,-2.36143
2984.95000,-0.81001,2.73825,-2.32023
2985.00000,-0.81390,2.73385,-2.27300
2985.05000,-0.81831,2.72837,-2.22209
2985.10000,-0.82264,2.72260,-2.18114
2985.15000,-0.82628,2.71743,-2.16988
2985.20000,-0.82911,2.71303,-2.18727
2985.25000,-0.83114,2.71027,-2.22845
2985.30000,-0.83307,2.70791,-2.27270
2985.35000,-0.83520,2.70550,-2.31560
2985.40000,-0.83704,2.70359,-2.35983
2985.45000,-0.83884,2.70189,-2.40413
2985.50000,-0.84080,2.70010,-2.43935
2985.55000,-0.84353,2.69763,-2.44695
2985.60000,-0.84670,2.69476,-2.44006
2985.65000,-0.85053,2.69136,-2.40663
2985.70000,-0.85520,2.68695,-2.36445
2985.75000,-0.86057,2.68142,-2.31820
2985.80000,-0.86622,2.67501,-2.26882
2985.85000,-0.87172,2.66840,-2.22656
2985.90000,-0.87682,2.66211,-2.20804
2985.95000,-0.88121,2.65646,-2.21715
2986.00000,-0.88471,2.65193,-2.24422
2986.05000,-0.88658,2.64967,-2.28271
2986.10000,-0.88800,2.64809,-2.32445
2986.15000,-0.88941,2.64666,-2.36634
2986.20000,-0.89079,2.64536,-2.40829
2986.25000,-0.89214,2.64419,-2.45030
2986.30000,-0.89345,2.64315,-2.49235
2986.35000,-0.89502,2.64194,-2.52036
2986.40000,-0.89736,2.64005,-2.52128
2986.45000,-0.90059,2.63763,-2.49843
2986.50000,-0.90531,2.63397,-2.46573
2986.55000,-0.91116,2.62908,-2.42706
2986.60000,-0.91765,2.62321,-2.38407
2986.65000,-0.92416,2.61705,-2.34668
2986.70000,-0.93022,2.61127,-2.32901
2986.75000,-0.93517,2.60636,-2.34119
2986.80000,-0.93811,2.60340,-2.37202
2986.85000,-0.93917,2.60241,-2.41398
2986.90000,-0.93988,2.60180,-2.45806
2986.95000,-0.94056,2.60127,-2.50217
2987.00000,-0.94122,2.60080,-2.54627
2987.05000,-0.94206,2.60021,-2.57811
2987.10000,-0.94377,2.59884,-2.58086
2987.15000,-0.94695,2.59673,-2.56120
2987.20000,-0.95236,2.59307,-2.53064
2987.25000,-0.95880,2.58838,-2.49478
2987.30000,-0.96598,2.58273,-2.45439
2987.35000,-0.97319,2.57677,-2.42367
2987.40000,-0.97992,2.57119,-2.41182
2987.45000,-0.98637,2.56584,-2.41746
2987.50000,-0.99169,2.56123,-2.43641
2987.55000,-0.99493,2.55855,-2.46733
2987.60000,-0.99600,2.55772,-2.50991
2987.65000,-0.99633,2.55749,-2.55637
2987.70000,-0.99666,2.55728,-2.60283
2987.75000,-0.99697,2.55711,-2.64922
2987.80000,-0.99737,2.55694,-2.68021
2987.85000,-0.99814,2.55655,-2.68162
2987.90000,-1.00117,2.55496,-2.66678
2987.95000,-1.00696,2.55188,-2.63909
2988.00000,-1.01454,2.54754,-2.60349
2988.05000,-1.02273,2.54246,-2.56386
2988.10000,-1.03073,2.53702,-2.52257
2988.15000,-1.03798,2.53185,-2.48582
2988.20000,-1.04527,2.52657,-2.46760
2988.25000,-1.05198,2.52163,-2.47573
2988.30000,-1.05594,2.51861,-2.50465
2988.35000,-1.05768,2.51736,-2.54551
2988.40000,-1.05794,2.51719,-2.59371
2988.45000,-1.05820,2.51704,-2.64194
2988.50000,-1.05846,2.51691,-2.68994
2988.55000,-1.05892,2.51663,-2.72407
2988.60000,-1.06043,2.51591,-2.72456
2988.65000,-1.06466,2.51399,-2.70801
2988.70000,-1.07096,2.51099,-2.68181
2988.75000,-1.07845,2.50711,-2.64936
2988.80000,-1.08702,2.50232,-2.61221
2988.85000,-1.09525,2.49756,-2.58537
2988.90000,-1.10337,2.49283,-2.57393
2988.95000,-1.11030,2.48870,-2.58755
2989.00000,-1.11244,2.48748,-2.62673
2989.05000,-1.11269,2.48735,-2.67510
2989.10000,-1.11294,2.48723,-2.72341
2989.15000,-1.11320,2.48712,-2.77143
2989.20000,-1.11356,2.48695,-2.80696
2989.25000,-1.11484,2.48603,-2.81445
2989.30000,-1.11862,2.48456,-2.80202
2989.35000,-1.12550,2.48203,-2.77650
2989.40000,-1.13413,2.47857,-2.74346
2989.45000,-1.14312,2.47460,-2.70774
2989.50000,-1.15210,2.47025,-2.67291
2989.55000,-1.16073,2.46591,-2.64402
2989.60000,-1.16939,2.46147,-2.63457
2989.65000,-1.17804,2.45696,-2.64243
2989.70000,-1.18591,2.45277,-2.65613
2989.75000,-1.19168,2.44980,-2.67947
2989.80000,-1.19506,2.44818,-2.71414
2989.85000,-1.19599,2.44777,-2.75983
2989.90000,-1.19623,2.44768,-2.80854
2989.95000,-1.19647,2.44760,-2.85699
2990.00000,-1.19681,2.44747,-2.89494
2990.05000,-1.19804,2.44654,-2.90717
2990.10000,-1.20152,2.44527,-2.89947
2990.15000,-1.20798,2.44353,-2.87939
2990.20000,-1.21673,2.44105,-2.84974
2990.25000,-1.22622,2.43803,-2.81707
2990.30000,-1.23565,2.43468,-2.78448
2990.35000,-1.24491,2.43128,-2.75835
2990.40000,-1.25408,2.42795,-2.74204
2990.45000,-1.26315,2.42470,-2.72899
2990.50000,-1.27200,2.42164,-2.72612
2990.55000,-1.28085,2.41859,-2.72720
2990.60000,-1.28916,2.41556,-2.74033
2990.65000,-1.29501,2.41316,-2.76612
2990.70000,-1.29830,2.41192,-2.80341
2990.75000,-1.29909,2.41165,-2.85139
2990.80000,-1.29934,2.41158,-2.90156
2990.85000,-1.29959,2.41153,-2.95134
2990.90000,-1.29983,2.41149,-3.00065
2990.95000,-1.30027,2.41134,-3.03911
2991.00000,-1.30142,2.41081,-3.05692
2991.05000,-1.30444,2.41016,-3.05559
2991.10000,-1.31065,2.40935,-3.04101
2991.15000,-1.31972,2.40830,-3.01486
2991.20000,-1.32962,2.40690,-2.98553
2991.25000,-1.33947,2.40520,-2.95664
2991.30000,-1.34927,2.40322,-2.92794
2991.35000,-1.35896,2.40118,-2.90474
2991.40000,-1.36853,2.39923,-2.88811
2991.45000,-1.37779,2.39757,-2.88371
2991.50000,-1.38697,2.39597,-2.88494
2991.55000,-1.39595,2.39437,-2.89452
2991.60000,-1.40281,2.39291,-2.91513
2991.65000,-1.40702,2.39200,-2.94704
2991.70000,-1.40879,2.39168,-2.98895
2991.75000,-1.40903,2.39165,-3.03678
2991.80000,-1.40925,2.39164,-3.08418
2991.85000,-1.40948,2.39163,-3.13089
2991.90000,-1.40986,2.39163,3.11675
2991.95000,-1.41142,2.39174,3.10623
2992.00000,-1.41586,2.39196,3.11164
2992.05000,-1.42325,2.39214,3.12994
2992.10000,-1.43256,2.39213,-3.12579
2992.15000,-1.44181,2.39185,-3.09596
2992.20000,-1.45106,2.39129,-3.06668
2992.25000,-1.46029,2.39046,-3.03737
2992.30000,-1.46957,2.38942,-3.01433
2992.35000,-1.47895,2.38825,-3.00439
2992.40000,-1.48835,2.38704,-3.00480
2992.45000,-1.49791,2.38572,-3.01196
2992.50000,-1.50723,2.38457,-3.02420
2992.55000,-1.51592,2.38362,-3.04038
2992.60000,-1.52400,2.38288,-3.06019
2992.65000,-1.53161,2.38234,-3.08285
2992.70000,-1.53881,2.38201,-3.10788
2992.75000,-1.54566,2.38187,-3.13489
2992.80000,-1.54988,2.38187,3.11552
2992.85000,-1.55100,2.38184,3.07112
2992.90000,-1.55063,2.38182,3.02121
2992.95000,-1.55012,2.38186,2.98428
2993.00000,-1.55107,2.38232,2.96896
2993.05000,-1.55489,2.38331,2.96815
2993.10000,-1.56078,2.38464,2.97845
2993.15000,-1.56994,2.38615,3.00162
2993.20000,-1.58000,2.38741,3.02791
2993.25000,-1.59024,2.38842,3.05442
2993.30000,-1.59956,2.38911,3.08086
2993.35000,-1.60862,2.38953,3.09473
2993.40000,-1.61715,2.38969,3.08844
2993.45000,-1.62367,2.38977,3.06023
2993.50000,-1.62721,2.38990,3.01686
2993.55000,-1.62870,2.39010,2.96339
2993.60000,-1.62887,2.39013,2.90363
2993.65000,-1.62905,2.39021,2.85323
2993.70000,-1.62940,2.39049,2.81908
2993.75000,-1.62985,2.39090,2.79568
2993.80000,-1.63037,2.39141,2.78130
2993.85000,-1.63137,2.39208,2.77444
2993.90000,-1.63350,2.39304,2.77331
2993.95000,-1.63910,2.39536,2.78759
2994.00000,-1.64732,2.39836,2.81315
2994.05000,-1.65682,2.40145,2.84343
2994.10000,-1.66642,2.40424,2.87342
2994.15000,-1.67610,2.40674,2.90330
2994.20000,-1.68586,2.40896,2.93296
2994.25000,-1.69567,2.41089,2.96246
2994.30000,-1.70552,2.41252,2.99257
2994.35000,-1.71507,2.41366,3.00956
2994.40000,-1.72337,2.41415,2.99963
2994.45000,-1.73001,2.41441,2.96748
2994.50000,-1.73560,2.41493,2.92006
2994.55000,-1.73943,2.41578,2.85815
2994.60000,-1.74091,2.41626,2.78445
2994.65000,-1.74171,2.41658,2.72039
2994.70000,-1.74247,2.41690,2.67450
2994.75000,-1.74320,2.41721,2.63882
2994.80000,-1.74393,2.41756,2.61248
2994.85000,-1.74466,2.41793,2.59562
2994.90000,-1.74532,2.41825,2.58889
2994.95000,-1.74676,2.41918,2.59363
2995.00000,-1.75229,2.42253,2.62090
2995.05000,-1.76030,2.42693,2.65861
2995.10000,-1.76922,2.43140,2.69723
2995.15000,-1.77831,2.43551,2.73751
2995.20000,-1.78755,2.43924,2.77898
2995.25000,-1.79696,2.44259,2.81897
2995.30000,-1.80647,2.44556,2.86075
2995.35000,-1.81538,2.44791,2.90873
2995.40000,-1.82391,2.44970,2.96201
2995.45000,-1.83292,2.45108,3.01680
2995.50000,-1.84235,2.45199,3.07244
2995.55000,-1.85206,2.45239,3.12867
2995.60000,-1.86193,2.45224,-3.09777
2995.65000,-1.87190,2.45152,-3.04116
2995.70000,-1.88181,2.45024,-2.98487
2995.75000,-1.89164,2.44840,-2.92895
2995.80000,-1.90135,2.44602,-2.87318
2995.85000,-1.91091,2.44310,-2.81800
2995.90000,-1.92030,2.43967,-2.76317
2995.95000,-1.92949,2.43572,-2.70839
2996.00000,-1.93845,2.43128,-2.65385
2996.05000,-1.94556,2.42730,-2.59370
2996.10000,-1.94994,2.42443,-2.52410
2996.15000,-1.95302,2.42206,-2.44898
2996.20000,-1.95593,2.41946,-2.37414
2996.25000,-1.95866,2.41663,-2.29989
2996.30000,-1.96117,2.41359,-2.22623
2996.35000,-1.96347,2.41037,-2.15320
2996.40000,-1.96552,2.40699,-2.08081
2996.45000,-1.96734,2.40345,-2.00912
2996.50000,-1.96889,2.39981,-1.93812
2996.55000,-1.97017,2.39608,-1.86783
2996.60000,-1.97119,2.39230,-1.79827
2996.65000,-1.97193,2.38851,-1.72945
2996.70000,-1.97240,2.38476,-1.66134
2996.75000,-1.97261,2.38111,-1.59392
2996.80000,-1.97257,2.37757,-1.52720
2996.85000,-1.97231,2.37417,-1.46119
2996.90000,-1.97184,2.37090,-1.39589
2996.95000,-1.97119,2.36779,-1.33130
2997.00000,-1.97037,2.36483,-1.26745
2997.05000,-1.96939,2.36201,-1.20437
2997.10000,-1.96826,2.35933,-1.14208
2997.15000,-1.96701,2.35679,-1.08061
2997.20000,-1.96564,2.35441,-1.01993
2997.25000,-1.96419,2.35220,-0.96001
2997.30000,-1.96268,2.35016,-0.90081
2997.35000,-1.96111,2.34830,-0.84235
2997.40000,-1.95951,2.34660,-0.78465
2997.45000,-1.95785,2.34504,-0.72779
2997.50000,-1.95614,2.34360,-0.67182
2997.55000,-1.95439,2.34228,-0.61672
2997.60000,-1.95261,2.34109,-0.56253
2997.65000,-1.95079,2.34001,-0.50923
2997.70000,-1.94896,2.33905,-0.45682
2997.75000,-1.94714,2.33821,-0.40526
2997.80000,-1.94536,2.33750,-0.35447
2997.85000,-1.94364,2.33691,-0.30442
2997.90000,-1.94198,2.33644,-0.25507
2997.95000,-1.94040,2.33607,-0.20641
2998.00000,-1.93610,2.33529,-0.16131
2998.05000,-1.92789,2.33413,-0.12068
2998.10000,-1.92028,2.33331,-0.09845
2998.15000,-1.91107,2.33241,-0.09211
2998.20000,-1.90108,2.33151,-0.08935
2998.25000,-1.89109,2.33063,-0.08670
2998.30000,-1.88113,2.32977,-0.08506
2998.35000,-1.87117,2.32893,-0.08370
2998.40000,-1.86119,2.32810,-0.08330
2998.45000,-1.85122,2.32727,-0.08340
2998.50000,-1.84164,2.32652,-0.07511
2998.55000,-1.83297,2.32595,-0.05766
2998.60000,-1.82561,2.32561,-0.03180
2998.65000,-1.81993,2.32552,0.00485
2998.70000,-1.81680,2.32553,0.04240
2998.75000,-1.81207,2.32589,0.06414
2998.80000,-1.80485,2.32641,0.07069
2998.85000,-1.79685,2.32701,0.07324
2998.90000,-1.78797,2.32767,0.07150
2998.95000,-1.77835,2.32835,0.06589
2999.00000,-1.76856,2.32895,0.05844
2999.05000,-1.75877,2.32949,0.05072
2999.10000,-1.74898,2.32994,0.04259
2999.15000,-1.73920,2.33031,0.03398
2999.20000,-1.72944,2.33060,0.02474
2999.25000,-1.71951,2.33078,0.02160
2999.30000,-1.70919,2.33096,0.03269
2999.35000,-1.69979,2.33126,0.06318
2999.40000,-1.69186,2.33178,0.10786
2999.45000,-1.68544,2.33255,0.16443
2999.50000,-1.68120,2.33291,0.22220
2999.55000,-1.67741,2.33325,0.26257
2999.60000,-1.67317,2.33454,0.27899
2999.65000,-1.66503,2.33694,0.27250
2999.70000,-1.65567,2.33950,0.26004
2999.75000,-1.64629,2.34193,0.24803
2999.80000,-1.63687,2.34426,0.23562
2999.85000,-1.62745,2.34644,0.22257
2999.90000,-1.61800,2.34850,0.20935
2999.95000,-1.60854,2.35044,0.19583
3000.00000,-1.59906,2.35225,0.18167
3000.05000,-1.58958,2.35393,0.16684
3000.10000,-1.58012,2.35545,0.15035
3000.15000,-1.57059,2.35680,0.14226
3000.20000,-1.56079,2.35816,0.15348
3000.25000,-1.55195,2.35945,0.18628
3000.30000,-1.54605,2.36069,0.23594
3000.35000,-1.54182,2.36183,0.29886
3000.40000,-1.53962,2.36259,0.37466
3000.45000,-1.53795,2.36324,0.44275
3000.50000,-1.53629,2.36394,0.49056
3000.55000,-1.53441,2.36490,0.51937
3000.60000,-1.53155,2.36663,0.52954
3000.65000,-1.52540,2.37026,0.52203
3000.70000,-1.51712,2.37493,0.50186
3000.75000,-1.50854,2.37953,0.48215
3000.80000,-1.49998,2.38391,0.46206
3000.85000,-1.49136,2.38810,0.44186
3000.90000,-1.48270,2.39210,0.42167
3000.95000,-1.47395,2.39592,0.40139
3001.00000,-1.46509,2.39959,0.38132
3001.05000,-1.45605,2.40312,0.36146
3001.10000,-1.44679,2.40653,0.34232
3001.15000,-1.43776,2.40965,0.32141
3001.20000,-1.42875,2.41255,0.29967
3001.25000,-1.41984,2.41517,0.28936
3001.30000,-1.41221,2.41739,0.30652
3001.35000,-1.40804,2.41882,0.35049
3001.40000,-1.40514,2.41996,0.40978
3001.45000,-1.40376,2.42061,0.47742
3001.50000,-1.40265,2.42120,0.53447
3001.55000,-1.40162,2.42180,0.56851
3001.60000,-1.40032,2.42271,0.58223
3001.65000,-1.39722,2.42480,0.58499
3001.70000,-1.39081,2.42903,0.57163
3001.75000,-1.38274,2.43411,0.55070
3001.80000,-1.37440,2.43908,0.52730
3001.85000,-1.36583,2.44394,0.50475
3001.90000,-1.35703,2.44868,0.48285
3001.95000,-1.34812,2.45323,0.46077
3002.00000,-1.33911,2.45757,0.43825
3002.05000,-1.33001,2.46171,0.41506
3002.10000,-1.32155,2.46533,0.40538
3002.15000,-1.31471,2.46831,0.42363
3002.20000,-1.31110,2.47002,0.46735
3002.25000,-1.30981,2.47070,0.52196
3002.30000,-1.30937,2.47097,0.57962
3002.35000,-1.30895,2.47127,0.62573
3002.40000,-1.30839,2.47172,0.64916
3002.45000,-1.30510,2.47425,0.64756
3002.50000,-1.29958,2.47836,0.63155
3002.55000,-1.29224,2.48359,0.60538
3002.60000,-1.28451,2.48878,0.57780
3002.65000,-1.27663,2.49377,0.55083
3002.70000,-1.26863,2.49853,0.52337
3002.75000,-1.26051,2.50307,0.49549
3002.80000,-1.25227,2.50737,0.46718
3002.85000,-1.24403,2.51141,0.45340
3002.90000,-1.23609,2.51528,0.46406
3002.95000,-1.23013,2.51836,0.49163
3003.00000,-1.22663,2.52030,0.53037
3003.05000,-1.22562,2.52091,0.58036
3003.10000,-1.22521,2.52120,0.63285
3003.15000,-1.22485,2.52148,0.67535
3003.20000,-1.22470,2.52161,0.69915
3003.25000,-1.22280,2.52323,0.70376
3003.30000,-1.21936,2.52614,0.69755
3003.35000,-1.21488,2.52986,0.68491
3003.40000,-1.20928,2.53436,0.66506
3003.45000,-1.20224,2.53973,0.63681
3003.50000,-1.19473,2.54510,0.60620
3003.55000,-1.18707,2.55024,0.57544
3003.60000,-1.17925,2.55515,0.54456
3003.65000,-1.17135,2.55981,0.52833
3003.70000,-1.16356,2.56433,0.53661
3003.75000,-1.15817,2.56748,0.56442
3003.80000,-1.15578,2.56904,0.60282
3003.85000,-1.15524,2.56943,0.64986
3003.90000,-1.15481,2.56977,0.69709
3003.95000,-1.15446,2.57009,0.73460
3004.00000,-1.15428,2.57028,0.75387
3004.05000,-1.15215,2.57231,0.75339
3004.10000,-1.14908,2.57517,0.74590
3004.15000,-1.14503,2.57887,0.73185
3004.20000,-1.13964,2.58361,0.70909
3004.25000,-1.13283,2.58928,0.67762
3004.30000,-1.12558,2.59491,0.64475
3004.35000,-1.11816,2.60030,0.61155
3004.40000,-1.11053,2.60557,0.59096
3004.45000,-1.10271,2.61089,0.59279
3004.50000,-1.09728,2.61459,0.61388
3004.55000,-1.09476,2.61634,0.64912
3004.60000,-1.09438,2.61664,0.69081
3004.65000,-1.09407,2.61691,0.73250
3004.70000,-1.09377,2.61719,0.77371
3004.75000,-1.09350,2.61749,0.80418
3004.80000,-1.09280,2.61825,0.81414
3004.85000,-1.08970,2.62154,0.80427
3004.90000,-1.08454,2.62678,0.77998
3004.95000,-1.07820,2.63285,0.74818
3005.00000,-1.07137,2.63897,0.71487
3005.05000,-1.06396,2.64519,0.68348
3005.10000,-1.05642,2.65124,0.66300
3005.15000,-1.04898,2.65705,0.66309
3005.20000,-1.04387,2.66105,0.67776
3005.25000,-1.04304,2.66174,0.71318
3005.30000,-1.04280,2.66195,0.75195
3005.35000,-1.04258,2.66217,0.79047
3005.40000,-1.04237,2.66239,0.82865
3005.45000,-1.04218,2.66263,0.85522
3005.50000,-1.04146,2.66349,0.86140
3005.55000,-1.03818,2.66729,0.84955
3005.60000,-1.03295,2.67311,0.82732
3005.65000,-1.02630,2.68014,0.79803
3005.70000,-1.01921,2.68719,0.76739
3005.75000,-1.01209,2.69400,0.74748
3005.80000,-1.00626,2.69941,0.75075
3005.85000,-1.00289,2.70261,0.76834
3005.90000,-1.00214,2.70335,0.80002
3005.95000,-1.00199,2.70351,0.83504
3006.00000,-1.00185,2.70366,0.86971
3006.05000,-1.00168,2.70389,0.89451
3006.10000,-1.00089,2.70487,0.90139
3006.15000,-0.99761,2.70895,0.88776
3006.20000,-0.99278,2.71473,0.86213
3006.25000,-0.98640,2.72195,0.83226
3006.30000,-0.97956,2.72924,0.80095
3006.35000,-0.97269,2.73624,0.78086
3006.40000,-0.96785,2.74107,0.78627
3006.45000,-0.96569,2.74332,0.80855
3006.50000,-0.96548,2.74351,0.84173
3006.55000,-0.96537,2.74364,0.87472
3006.60000,-0.96526,2.74377,0.90737
3006.65000,-0.96509,2.74401,0.92820
3006.70000,-0.96427,2.74511,0.93075
3006.75000,-0.96115,2.74922,0.91544
3006.80000,-0.95652,2.75509,0.88877
3006.85000,-0.95047,2.76229,0.85741
3006.90000,-0.94381,2.76974,0.82525
3006.95000,-0.93709,2.77695,0.80381
3007.00000,-0.93179,2.78246,0.80408
3007.05000,-0.92949,2.78492,0.82242
3007.10000,-0.92923,2.78520,0.85300
3007.15000,-0.92879,2.78570,0.88641
3007.20000,-0.92856,2.78597,0.91847
3007.25000,-0.92842,2.78612,0.94960
3007.30000,-0.92803,2.78664,0.98213
3007.35000,-0.92783,2.78705,0.99799
3007.40000,-0.92671,2.78876,0.98960
3007.45000,-0.92404,2.79271,0.96627
3007.50000,-0.92027,2.79798,0.93373
3007.55000,-0.91553,2.80412,0.89433
3007.60000,-0.91034,2.81030,0.84792
3007.65000,-0.90442,2.81668,0.79812
3007.70000,-0.89775,2.82318,0.74646
3007.75000,-0.89048,2.82955,0.69327
3007.80000,-0.88268,2.83568,0.63907
3007.85000,-0.87450,2.84142,0.58485
3007.90000,-0.86605,2.84669,0.53145
3007.95000,-0.85734,2.85149,0.47818
3008.00000,-0.84839,2.85583,0.42506
3008.05000,-0.83922,2.85969,0.37277
3008.10000,-0.82986,2.86306,0.32093
3008.15000,-0.82034,2.86595,0.26895
3008.20000,-0.81069,2.86834,0.21673
3008.25000,-0.80189,2.87008,0.17814
3008.30000,-0.79309,2.87154,0.16910
3008.35000,-0.78641,2.87264,0.17834
3008.40000,-0.78354,2.87312,0.20410
3008.45000,-0.78272,2.87320,0.22958
3008.50000,-0.78211,2.87327,0.25101
3008.55000,-0.78185,2.87335,0.26924
3008.60000,-0.78168,2.87334,0.28037
3008.65000,-0.78156,2.87330,0.28902
3008.70000,-0.78148,2.87322,0.29575
3008.75000,-0.78143,2.87311,0.30047
3008.80000,-0.78142,2.87298,0.30302
3008.85000,-0.78141,2.87285,0.30180
3008.90000,-0.78136,2.87278,0.29109
3008.95000,-0.78064,2.87299,0.26894
3009.00000,-0.77816,2.87365,0.23743
3009.05000,-0.77337,2.87477,0.19765
3009.10000,-0.76696,2.87591,0.16471
3009.15000,-0.76057,2.87669,0.15983
3009.20000,-0.75587,2.87733,0.17176
3009.25000,-0.75421,2.87760,0.18718
3009.30000,-0.75271,2.87790,0.18332
3009.35000,-0.75111,2.87822,0.15921
3009.40000,-0.74847,2.87863,0.11361
3009.45000,-0.74393,2.87903,0.06208
3009.50000,-0.73878,2.87919,0.01803
3009.55000,-0.73331,2.87921,-0.00258
3009.60000,-0.72747,2.87921,-0.00126
3009.65000,-0.72365,2.87921,0.01467
3009.70000,-0.72211,2.87924,0.04019
3009.75000,-0.72184,2.87925,0.07049
3009.80000,-0.72157,2.87928,0.08533
3009.85000,-0.72147,2.87928,0.07008
3009.90000,-0.72055,2.87935,0.03774
3009.95000,-0.71719,2.87942,-0.00402
3010.00000,-0.71279,2.87939,-0.04383
3010.05000,-0.70831,2.87924,-0.06371
3010.10000,-0.70569,2.87915,-0.06704
3010.15000,-0.70428,2.87908,-0.07391
3010.20000,-0.70298,2.87914,-0.06859
3010.25000,-0.70208,2.87914,-0.05914
3010.30000,-0.70143,2.87913,-0.07156
3010.35000,-0.69993,2.87895,-0.10650
3010.40000,-0.69610,2.87843,-0.15119
3010.45000,-0.69105,2.87768,-0.18799
3010.50000,-0.68594,2.87682,-0.20086
3010.55000,-0.68132,2.87616,-0.19230
3010.60000,-0.67825,2.87574,-0.17331
3010.65000,-0.67627,2.87553,-0.14967
3010.70000,-0.67541,2.87553,-0.12172
3010.75000,-0.67563,2.87559,-0.08992
3010.80000,-0.67574,2.87560,-0.06961
3010.85000,-0.67578,2.87561,-0.05788
3010.90000,-0.67584,2.87560,-0.04540
3010.95000,-0.67607,2.87553,-0.05185
3011.00000,-0.67594,2.87543,-0.07823
3011.05000,-0.67326,2.87507,-0.11998
3011.10000,-0.66818,2.87431,-0.16818
3011.15000,-0.66132,2.87296,-0.21807
3011.20000,-0.65364,2.87105,-0.27055
3011.25000,-0.64586,2.86897,-0.31647
3011.30000,-0.63800,2.86676,-0.33874
3011.35000,-0.63073,2.86475,-0.34548
3011.40000,-0.62374,2.86283,-0.34915
3011.45000,-0.61794,2.86105,-0.34533
3011.50000,-0.61575,2.86048,-0.34046
3011.55000,-0.61460,2.86015,-0.33730
3011.60000,-0.61390,2.85991,-0.30989
3011.65000,-0.61307,2.85968,-0.27721
3011.70000,-0.61238,2.85953,-0.24568
3011.75000,-0.61211,2.85949,-0.21606
3011.80000,-0.61188,2.85951,-0.19947
3011.85000,-0.61200,2.85972,-0.20634
3011.90000,-0.61049,2.85940,-0.21299
3011.95000,-0.60916,2.85925,-0.21429
3012.00000,-0.60717,2.85876,-0.23979
3012.05000,-0.60334,2.85775,-0.27672
3012.10000,-0.59820,2.85615,-0.32119
3012.15000,-0.59174,2.85401,-0.35683
3012.20000,-0.58735,2.85245,-0.38063
3012.25000,-0.58439,2.85134,-0.39727
3012.30000,-0.58117,2.85013,-0.38874
3012.35000,-0.57898,2.84949,-0.36421
3012.40000,-0.57823,2.84923,-0.33167
3012.45000,-0.57740,2.84899,-0.29805
3012.50000,-0.57677,2.84897,-0.27809
3012.55000,-0.57630,2.84888,-0.26791
3012.60000,-0.57589,2.84891,-0.25506
3012.65000,-0.57561,2.84900,-0.26119
3012.70000,-0.57348,2.84830,-0.28963
3012.75000,-0.56908,2.84689,-0.32964
3012.80000,-0.56392,2.84510,-0.36379
3012.85000,-0.55843,2.84292,-0.37283
3012.90000,-0.55358,2.84116,-0.36380
3012.95000,-0.55089,2.84038,-0.34239
3013.00000,-0.55027,2.84026,-0.32806
3013.05000,-0.54970,2.84011,-0.31856
3013.10000,-0.54887,2.83987,-0.28963
3013.15000,-0.54802,2.83965,-0.25887
3013.20000,-0.54742,2.83966,-0.24222
3013.25000,-0.54708,2.83969,-0.23644
3013.30000,-0.54689,2.83969,-0.23059
3013.35000,-0.54630,2.83948,-0.24510
3013.40000,-0.54398,2.83866,-0.26068
3013.45000,-0.54204,2.83809,-0.27067
3013.50000,-0.53978,2.83740,-0.29481
3013.55000,-0.53536,2.83596,-0.33142
3013.60000,-0.52966,2.83386,-0.37503
3013.65000,-0.52300,2.83105,-0.42315
3013.70000,-0.51592,2.82784,-0.46200
3013.75000,-0.50852,2.82425,-0.47791
3013.80000,-0.50111,2.82051,-0.47710
3013.85000,-0.49590,2.81798,-0.46029
3013.90000,-0.49281,2.81678,-0.43092
3013.95000,-0.49159,2.81629,-0.39060
3014.00000,-0.49106,2.81606,-0.35200
3014.05000,-0.48976,2.81561,-0.31015
3014.10000,-0.48861,2.81527,-0.26907
3014.15000,-0.48727,2.81492,-0.22704
3014.20000,-0.48664,2.81496,-0.19988
3014.25000,-0.48655,2.81502,-0.20181
3014.30000,-0.48477,2.81457,-0.22008
3014.35000,-0.48005,2.81340,-0.25245
3014.40000,-0.47390,2.81167,-0.29362
3014.45000,-0.46668,2.80931,-0.33961
3014.50000,-0.45915,2.80664,-0.38113
3014.55000,-0.45134,2.80365,-0.40130
3014.60000,-0.44348,2.80045,-0.39676
3014.65000,-0.43861,2.79873,-0.36980
3014.70000,-0.43711,2.79826,-0.32732
3014.75000,-0.43631,2.79799,-0.28323
3014.80000,-0.43564,2.79778,-0.23975
3014.85000,-0.43494,2.79760,-0.19628
3014.90000,-0.43402,2.79742,-0.15206
3014.95000,-0.43333,2.79741,-0.12331
3015.00000,-0.43324,2.79741,-0.12185
3015.05000,-0.43137,2.79708,-0.13715
3015.10000,-0.42664,2.79630,-0.16635
3015.15000,-0.42005,2.79506,-0.20531
3015.20000,-0.41230,2.79326,-0.24920
3015.25000,-0.40386,2.79090,-0.29583
3015.30000,-0.39549,2.78813,-0.34289
3015.35000,-0.38719,2.78516,-0.38310
3015.40000,-0.37857,2.78182,-0.40018
3015.45000,-0.36945,2.77794,-0.39414
3015.50000,-0.36044,2.77425,-0.38177
3015.55000,-0.35225,2.77115,-0.36408
3015.60000,-0.34726,2.76938,-0.33451
3015.65000,-0.34491,2.76861,-0.29373
3015.70000,-0.34424,2.76842,-0.24573
3015.75000,-0.34360,2.76827,-0.19752
3015.80000,-0.34295,2.76816,-0.14945
3015.85000,-0.34231,2.76808,-0.10155
3015.90000,-0.34166,2.76803,-0.05381
3015.95000,-0.34096,2.76802,-0.01547
3016.00000,-0.34035,2.76801,0.00510
3016.05000,-0.33980,2.76805,0.00552
3016.10000,-0.33704,2.76804,-0.00926
3016.15000,-0.33163,2.76788,-0.03793
3016.20000,-0.32355,2.76741,-0.07605
3016.25000,-0.31419,2.76650,-0.11712
3016.30000,-0.30453,2.76517,-0.15732
3016.35000,-0.29485,2.76342,-0.19706
3016.40000,-0.28545,2.76136,-0.23714
3016.45000,-0.27661,2.75928,-0.26701
3016.50000,-0.26781,2.75721,-0.28674
3016.55000,-0.25893,2.75505,-0.29694
3016.60000,-0.24993,2.75274,-0.29727
3016.65000,-0.24093,2.75041,-0.29144
3016.70000,-0.23219,2.74807,-0.27709
3016.75000,-0.22520,2.74616,-0.25412
3016.80000,-0.22070,2.74506,-0.22042
3016.85000,-0.21874,2.74466,-0.17608
3016.90000,-0.21795,2.74454,-0.12698
3016.95000,-0.21715,2.74445,-0.07805
3017.00000,-0.21636,2.74441,-0.02940
3017.05000,-0.21562,2.74441,0.00988
3017.10000,-0.21523,2.74447,0.02460
3017.15000,-0.21427,2.74469,0.02495
3017.20000,-0.21030,2.74483,0.01097
3017.25000,-0.20278,2.74481,-0.01737
3017.30000,-0.19369,2.74449,-0.05273
3017.35000,-0.18380,2.74380,-0.08805
3017.40000,-0.17414,2.74278,-0.12411
3017.45000,-0.16515,2.74170,-0.15508
3017.50000,-0.15628,2.74073,-0.17915
3017.55000,-0.14726,2.73957,-0.18733
3017.60000,-0.13817,2.73830,-0.18252
3017.65000,-0.12994,2.73702,-0.16500
3017.70000,-0.12405,2.73611,-0.13720
3017.75000,-0.12052,2.73568,-0.09969
3017.80000,-0.11920,2.73557,-0.05328
3017.85000,-0.11840,2.73555,-0.00496
3017.90000,-0.11769,2.73555,0.03217
3017.95000,-0.11709,2.73566,0.04563
3018.00000,-0.11435,2.73590,0.04054
3018.05000,-0.10874,2.73613,0.02085
3018.10000,-0.10071,2.73617,-0.01079
3018.15000,-0.09172,2.73591,-0.04762
3018.20000,-0.08267,2.73531,-0.08460
3018.25000,-0.07362,2.73438,-0.12079
3018.30000,-0.06463,2.73312,-0.15742
3018.35000,-0.05563,2.73166,-0.18797
3018.40000,-0.04636,2.72988,-0.20154
3018.45000,-0.03672,2.72772,-0.19816
3018.50000,-0.02679,2.72570,-0.18792
3018.55000,-0.01725,2.72396,-0.17281
3018.60000,-0.00839,2.72250,-0.15364
3018.65000,-0.00136,2.72198,-0.13447
3018.70000,0.00336,2.72216,-0.13367
3018.75000,0.00768,2.72196,-0.15431
3018.80000,0.01216,2.72117,-0.19446
3018.85000,0.01778,2.71992,-0.24169
3018.90000,0.02433,2.71813,-0.29322
3018.95000,0.03147,2.71576,-0.34780
3019.00000,0.03900,2.71278,-0.40424
3019.05000,0.04670,2.70922,-0.46199
3019.10000,0.05427,2.70517,-0.51899
3019.15000,0.06162,2.70069,-0.57540
3019.20000,0.06871,2.69581,-0.63118
3019.25000,0.07553,2.69052,-0.68675
3019.30000,0.08219,2.68505,-0.73429
3019.35000,0.08904,2.67933,-0.76293
3019.40000,0.09638,2.67286,-0.75966
3019.45000,0.10312,2.66653,-0.73960
3019.50000,0.10731,2.66282,-0.70649
3019.55000,0.10912,2.66133,-0.66057
3019.60000,0.10957,2.66100,-0.60723
3019.65000,0.10988,2.66086,-0.56692
3019.70000,0.10956,2.66143,-0.55149
3019.75000,0.10971,2.66153,-0.55803
3019.80000,0.11313,2.65931,-0.58732
3019.85000,0.11808,2.65587,-0.62586
3019.90000,0.12390,2.65147,-0.67004
3019.95000,0.13020,2.64623,-0.71810
3020.00000,0.13661,2.64061,-0.75975
3020.05000,0.14333,2.63461,-0.77973
3020.10000,0.15060,2.62799,-0.77574
3020.15000,0.15814,2.62108,-0.76182
3020.20000,0.16467,2.61515,-0.74383
3020.25000,0.16947,2.61097,-0.73847
3020.30000,0.17396,2.60714,-0.74795
3020.35000,0.17834,2.60323,-0.76151
3020.40000,0.18310,2.59885,-0.75867
3020.45000,0.18828,2.59401,-0.74026
3020.50000,0.19320,2.58957,-0.70973
3020.55000,0.19562,2.58764,-0.67987
3020.60000,0.19694,2.58660,-0.65741
3020.65000,0.19785,2.58600,-0.64012
3020.70000,0.19924,2.58499,-0.64768
3020.75000,0.20282,2.58222,-0.67083
3020.80000,0.20790,2.57804,-0.70347
3020.85000,0.21385,2.57279,-0.74257
3020.90000,0.22023,2.56668,-0.78523
3020.95000,0.22643,2.56046,-0.81932
3021.00000,0.23293,2.55387,-0.83019
3021.05000,0.23865,2.54781,-0.81208
3021.10000,0.24262,2.54376,-0.77456
3021.15000,0.24469,2.54182,-0.72500
3021.20000,0.24506,2.54151,-0.66603
3021.25000,0.24534,2.54130,-0.60672
3021.30000,0.24565,2.54111,-0.55904
3021.35000,0.24571,2.54125,-0.53885
3021.40000,0.24706,2.54042,-0.54436
3021.45000,0.25150,2.53765,-0.56853
3021.50000,0.25738,2.53375,-0.60208
3021.55000,0.26446,2.52867,-0.64008
3021.60000,0.27236,2.52255,-0.67742
3021.65000,0.28001,2.51616,-0.71408
3021.70000,0.28755,2.50961,-0.74257
3021.75000,0.29521,2.50282,-0.74614
3021.80000,0.30232,2.49633,-0.73248
3021.85000,0.30868,2.49073,-0.70618
3021.90000,0.31301,2.48716,-0.66755
3021.95000,0.31501,2.48564,-0.61600
3022.00000,0.31531,2.48545,-0.55539
3022.05000,0.31557,2.48531,-0.50631
3022.10000,0.31576,2.48533,-0.48409
3022.15000,0.31715,2.48455,-0.48641
3022.20000,0.32200,2.48188,-0.50683
3022.25000,0.32882,2.47795,-0.53630
3022.30000,0.33648,2.47320,-0.57202
3022.35000,0.34413,2.46806,-0.61012
3022.40000,0.35144,2.46272,-0.64865
3022.45000,0.35845,2.45733,-0.67457
3022.50000,0.36469,2.45243,-0.66800
3022.55000,0.36837,2.44959,-0.65756
3022.60000,0.37089,2.44761,-0.67770
3022.65000,0.37419,2.44486,-0.71253
3022.70000,0.37882,2.44068,-0.75368
3022.75000,0.38404,2.43555,-0.80017
3022.80000,0.38954,2.42959,-0.85032
3022.85000,0.39525,2.42274,-0.90212
3022.90000,0.40077,2.41535,-0.95606
3022.95000,0.40563,2.40822,-0.99469
3023.00000,0.40891,2.40303,-1.02033
3023.05000,0.41162,2.39838,-1.06038
3023.10000,0.41493,2.39214,-1.10477
3023.15000,0.41842,2.38476,-1.15257
3023.20000,0.42135,2.37778,-1.18344
3023.25000,0.42414,2.37095,-1.18578
3023.30000,0.42663,2.36486,-1.16360
3023.35000,0.42896,2.35971,-1.12387
3023.40000,0.43004,2.35669,-1.08323
3023.45000,0.43109,2.35382,-1.06271
3023.50000,0.43218,2.35121,-1.07796
3023.55000,0.43405,2.34763,-1.10837
3023.60000,0.43680,2.34185,-1.14705
3023.65000,0.43978,2.33482,-1.19139
3023.70000,0.44274,2.32684,-1.23921
3023.75000,0.44555,2.31798,-1.28897
3023.80000,0.44764,2.31025,-1.31656
3023.85000,0.44905,2.30488,-1.30769
3023.90000,0.45011,2.30115,-1.27299
3023.95000,0.45094,2.29859,-1.25052
3024.00000,0.45158,2.29663,-1.26205
3024.05000,0.45261,2.29331,-1.28793
3024.10000,0.45405,2.28814,-1.32038
3024.15000,0.45572,2.28109,-1.36092
3024.20000,0.45701,2.27413,-1.38847
3024.25000,0.45783,2.26879,-1.40565
3024.30000,0.45834,2.26547,-1.41590
3024.35000,0.45869,2.26319,-1.42534
3024.40000,0.45892,2.26159,-1.42986
3024.45000,0.45909,2.26049,-1.40467
3024.50000,0.45923,2.25972,-1.35837
3024.55000,0.45935,2.25925,-1.29742
3024.60000,0.45942,2.25902,-1.23239
3024.65000,0.45952,2.25880,-1.17914
3024.70000,0.45964,2.25860,-1.13877
3024.75000,0.45968,2.25849,-1.10436
3024.80000,0.45943,2.25874,-1.09014
3024.85000,0.45908,2.25908,-1.07944
3024.90000,0.45867,2.25950,-1.07111
3024.95000,0.45821,2.25997,-1.06529
3025.00000,0.45771,2.26049,-1.06209
3025.05000,0.45721,2.26102,-1.06202
3025.10000,0.45678,2.26152,-1.07080
3025.15000,0.45707,2.26099,-1.08966
3025.20000,0.45835,2.25848,-1.11773
3025.25000,0.46052,2.25382,-1.15551
3025.30000,0.46344,2.24676,-1.20284
3025.35000,0.46640,2.23846,-1.25460
3025.40000,0.46906,2.22951,-1.30779
3025.45000,0.47136,2.21995,-1.36152
3025.50000,0.47317,2.21012,-1.41577
3025.55000,0.47445,2.20021,-1.47048
3025.60000,0.47509,2.19073,-1.51155
3025.65000,0.47544,2.18131,-1.52578
3025.70000,0.47567,2.17180,-1.51932
3025.75000,0.47589,2.16410,-1.49199
3025.80000,0.47627,2.15937,-1.45517
3025.85000,0.47659,2.15704,-1.40893
3025.90000,0.47666,2.15666,-1.35492
3025.95000,0.47672,2.15642,-1.30033
3026.00000,0.47679,2.15618,-1.24576
3026.05000,0.47691,2.15592,-1.20045
3026.10000,0.47716,2.15559,-1.17490
3026.15000,0.47757,2.15507,-1.18384
3026.20000,0.47906,2.15208,-1.21127
3026.25000,0.48102,2.14656,-1.24847
3026.30000,0.48337,2.13903,-1.28914
3026.35000,0.48563,2.13049,-1.33389
3026.40000,0.48766,2.12113,-1.38130
3026.45000,0.48930,2.11128,-1.43011
3026.50000,0.49032,2.10204,-1.46479
3026.55000,0.49122,2.09257,-1.47519
3026.60000,0.49208,2.08298,-1.46607
3026.65000,0.49272,2.07591,-1.43794
3026.70000,0.49325,2.07218,-1.39872
3026.75000,0.49348,2.07097,-1.35032
3026.80000,0.49355,2.07066,-1.29830
3026.85000,0.49365,2.07035,-1.24631
3026.90000,0.49380,2.07002,-1.20223
3026.95000,0.49394,2.06974,-1.17767
3027.00000,0.49430,2.06908,-1.18451
3027.05000,0.49586,2.06517,-1.21331
3027.10000,0.49790,2.05940,-1.25067
3027.15000,0.50005,2.05241,-1.29396
3027.20000,0.50211,2.04441,-1.34121
3027.25000,0.50385,2.03588,-1.37410
3027.30000,0.50534,2.02754,-1.37640
3027.35000,0.50664,2.02027,-1.35456
3027.40000,0.50734,2.01639,-1.31178
3027.45000,0.50749,2.01580,-1.26081
3027.50000,0.50761,2.01546,-1.21064
3027.55000,0.50774,2.01512,-1.16060
3027.60000,0.50782,2.01488,-1.12171
3027.65000,0.50762,2.01502,-1.11204
3027.70000,0.50888,2.01251,-1.12962
3027.75000,0.51098,2.00788,-1.15985
3027.80000,0.51359,2.00158,-1.19731
3027.85000,0.51632,1.99415,-1.24051
3027.90000,0.51896,1.98582,-1.28660
3027.95000,0.52129,1.97736,-1.31730
3028.00000,0.52345,1.96868,-1.32110
3028.05000,0.52584,1.95972,-1.30899
3028.10000,0.52753,1.95288,-1.28149
3028.15000,0.52820,1.95039,-1.23346
3028.20000,0.52834,1.95003,-1.18385
3028.25000,0.52849,1.94966,-1.13442
3028.30000,0.52861,1.94939,-1.09578
3028.35000,0.52856,1.94937,-1.08629
3028.40000,0.52997,1.94675,-1.10188
3028.45000,0.53241,1.94174,-1.13027
3028.50000,0.53536,1.93519,-1.16656
3028.55000,0.53849,1.92744,-1.20814
3028.60000,0.54146,1.91906,-1.25212
3028.65000,0.54425,1.91039,-1.28234
3028.70000,0.54697,1.90119,-1.28675
3028.75000,0.54972,1.89196,-1.27251
3028.80000,0.55187,1.88506,-1.24114
3028.85000,0.55261,1.88227,-1.19006
3028.90000,0.55271,1.88203,-1.13480
3028.95000,0.55282,1.88181,-1.07858
3029.00000,0.55294,1.88160,-1.02132
3029.05000,0.55309,1.88141,-0.97412
3029.10000,0.55304,1.88147,-0.95198
3029.15000,0.55371,1.88064,-0.95540
3029.20000,0.55659,1.87652,-0.97889
3029.25000,0.56037,1.87069,-1.01219
3029.30000,0.56460,1.86362,-1.05136
3029.35000,0.56888,1.85576,-1.09310
3029.40000,0.57283,1.84772,-1.13466
3029.45000,0.57644,1.83953,-1.17655
3029.50000,0.57957,1.83152,-1.20112
3029.55000,0.58267,1.82377,-1.19951
3029.60000,0.58591,1.81584,-1.18018
3029.65000,0.58897,1.80874,-1.14385
3029.70000,0.59149,1.80351,-1.09266
3029.75000,0.59285,1.80104,-1.02856
3029.80000,0.59307,1.80069,-0.95464
3029.85000,0.59318,1.80056,-0.87977
3029.90000,0.59331,1.80043,-0.81754
3029.95000,0.59356,1.80025,-0.77321
3030.00000,0.59396,1.79994,-0.73938
3030.05000,0.59441,1.79965,-0.72893
3030.10000,0.59690,1.79740,-0.74155
3030.15000,0.60122,1.79335,-0.76405
3030.20000,0.60714,1.78750,-0.79618
3030.25000,0.61363,1.78060,-0.83601
3030.30000,0.62018,1.77306,-0.87436
3030.35000,0.62645,1.76527,-0.91198
3030.40000,0.63242,1.75725,-0.94920
3030.45000,0.63809,1.74902,-0.98617
3030.50000,0.64345,1.74058,-1.02325
3030.55000,0.64814,1.73262,-1.04580
3030.60000,0.65157,1.72628,-1.05516
3030.65000,0.65491,1.72010,-1.07490
3030.70000,0.65827,1.71386,-1.10964
3030.75000,0.66066,1.70877,-1.16203
3030.80000,0.66163,1.70637,-1.22781
3030.85000,0.66175,1.70601,-1.30236
3030.90000,0.66179,1.70583,-1.37743
3030.95000,0.66182,1.70564,-1.45207
3031.00000,0.66183,1.70546,-1.52626
3031.05000,0.66183,1.70527,-1.59998
3031.10000,0.66182,1.70508,-1.67320
3031.15000,0.66179,1.70490,-1.74578
3031.20000,0.66175,1.70472,-1.81745
3031.25000,0.66170,1.70454,-1.88821
3031.30000,0.66164,1.70436,-1.95805
3031.35000,0.66156,1.70418,-2.02699
3031.40000,0.66147,1.70402,-2.09502
3031.45000,0.66137,1.70385,-2.16215
3031.50000,0.66126,1.70370,-2.22837
3031.55000,0.66113,1.70355,-2.29368
3031.60000,0.66100,1.70341,-2.35810
3031.65000,0.66086,1.70328,-2.42162
3031.70000,0.66071,1.70315,-2.48424
3031.75000,0.66055,1.70304,-2.54596
3031.80000,0.66038,1.70293,-2.60678
3031.85000,0.66021,1.70284,-2.66671
3031.90000,0.66003,1.70275,-2.72573
3031.95000,0.65985,1.70268,-2.78386
3032.00000,0.65966,1.70261,-2.84109
3032.05000,0.65947,1.70256,-2.89743
3032.10000,0.65927,1.70252,-2.95286
3032.15000,0.65908,1.70248,-3.00740
3032.20000,0.65888,1.70246,-3.06104
3032.25000,0.65868,1.70245,-3.11378
3032.30000,0.65848,1.70245,3.11757
3032.35000,0.65828,1.70246,3.06663
3032.40000,0.65808,1.70248,3.01658
3032.45000,0.65788,1.70251,2.96744
3032.50000,0.65768,1.70255,2.91919
3032.55000,0.65748,1.70260,2.87185
3032.60000,0.65729,1.70266,2.82540
3032.65000,0.65710,1.70273,2.77985
3032.70000,0.65691,1.70280,2.73518
3032.75000,0.65474,1.70394,2.69211
3032.80000,0.64772,1.70751,2.65516
3032.85000,0.63949,1.71208,2.61525
3032.90000,0.63160,1.71690,2.57099
3032.95000,0.62362,1.72227,2.52856
3033.00000,0.61556,1.72819,2.48834
3033.05000,0.60774,1.73442,2.44878
3033.10000,0.60018,1.74096,2.40981
3033.15000,0.59287,1.74778,2.37141
3033.20000,0.58582,1.75488,2.33358
3033.25000,0.57905,1.76223,2.29629
3033.30000,0.57255,1.76984,2.25952
3033.35000,0.56634,1.77767,2.22323
3033.40000,0.56041,1.78572,2.18741
3033.45000,0.55478,1.79398,2.15201
3033.50000,0.54943,1.80243,2.11702
3033.55000,0.54439,1.81107,2.08238
3033.60000,0.53964,1.81987,2.04807
3033.65000,0.53520,1.82883,2.01405
3033.70000,0.53107,1.83793,1.98028
3033.75000,0.52724,1.84717,1.94671
3033.80000,0.52373,1.85653,1.91330
3033.85000,0.52053,1.86601,1.88003
3033.90000,0.51764,1.87558,1.84683
3033.95000,0.51508,1.88524,1.81368
3034.00000,0.51283,1.89499,1.78054
3034.05000,0.51091,1.90480,1.74735
3034.10000,0.50932,1.91468,1.71409
3034.15000,0.50806,1.92459,1.68072
3034.20000,0.50713,1.93455,1.64721
3034.25000,0.50653,1.94453,1.61354
3034.30000,0.50628,1.95453,1.57970
3034.35000,0.50629,1.96437,1.55231
3034.40000,0.50646,1.97399,1.53624
3034.45000,0.50674,1.98347,1.52904
3034.50000,0.50711,1.99290,1.52968
3034.55000,0.50750,2.00279,1.53535
3034.60000,0.50781,2.01280,1.54263
3034.65000,0.50806,2.02278,1.54975
3034.70000,0.50823,2.03276,1.55752
3034.75000,0.50831,2.04276,1.56641
3034.80000,0.50832,2.05276,1.57495
3034.85000,0.50823,2.06276,1.58385
3034.90000,0.50805,2.07276,1.59415
3034.95000,0.50776,2.08277,1.60549
3035.00000,0.50735,2.09276,1.61687
3035.05000,0.50686,2.10278,1.62257
3035.10000,0.50646,2.11099,1.62521
3035.15000,0.50589,2.12050,1.63616
3035.20000,0.50516,2.13071,1.65040
3035.25000,0.50436,2.14060,1.65711
3035.30000,0.50371,2.14872,1.65890
3035.35000,0.50313,2.15654,1.65679
3035.40000,0.50258,2.16394,1.63708
3035.45000,0.50211,2.17281,1.60831
3035.50000,0.50190,2.18206,1.57834
3035.55000,0.50193,2.19145,1.55749
3035.60000,0.50205,2.20095,1.56024
3035.65000,0.50207,2.21057,1.58083
3035.70000,0.50185,2.21992,1.60710
3035.75000,0.50136,2.22929,1.63904
3035.80000,0.50051,2.23901,1.67759
3035.85000,0.49927,2.24878,1.71849
3035.90000,0.49776,2.25760,1.76217
3035.95000,0.49588,2.26632,1.80559
3036.00000,0.49362,2.27495,1.84856
3036.05000,0.49098,2.28348,1.89133
3036.10000,0.48799,2.29191,1.93364
3036.15000,0.48464,2.30020,1.97571
3036.20000,0.48094,2.30836,2.01752
3036.25000,0.47690,2.31635,2.05947
3036.30000,0.47253,2.32417,2.10106
3036.35000,0.46783,2.33182,2.14183
3036.40000,0.46282,2.33928,2.18230
3036.45000,0.45751,2.34654,2.22250
3036.50000,0.45191,2.35358,2.26261
3036.55000,0.44603,2.36040,2.30225
3036.60000,0.43987,2.36700,2.34143
3036.65000,0.43346,2.37335,2.38040
3036.70000,0.42680,2.37946,2.41885
3036.75000,0.41991,2.38530,2.45729
3036.80000,0.41279,2.39108,2.48540
3036.85000,0.40601,2.39632,2.48189
3036.90000,0.40249,2.39910,2.45238
3036.95000,0.40162,2.39984,2.40848
3037.00000,0.40129,2.40015,2.36163
3037.05000,0.40098,2.40048,2.31493
3037.10000,0.40067,2.40082,2.26846
3037.15000,0.40047,2.40111,2.23143
3037.20000,0.40047,2.40125,2.21248
3037.25000,0.39850,2.40383,2.22219
3037.30000,0.39451,2.40898,2.24657
3037.35000,0.38953,2.41498,2.28011
3037.40000,0.38364,2.42158,2.31881
3037.45000,0.37738,2.42808,2.35769
3037.50000,0.37086,2.43433,2.39633
3037.55000,0.36414,2.44051,2.42644
3037.60000,0.35744,2.44634,2.42436
3037.65000,0.35318,2.45015,2.39879
3037.70000,0.35122,2.45200,2.36033
3037.75000,0.35064,2.45260,2.31429
3037.80000,0.35010,2.45322,2.26824
3037.85000,0.34958,2.45386,2.22244
3037.90000,0.34911,2.45453,2.18844
3037.95000,0.34826,2.45574,2.18223
3038.00000,0.34578,2.45921,2.19642
3038.05000,0.34222,2.46402,2.22020
3038.10000,0.33735,2.47022,2.25288
3038.15000,0.33154,2.47710,2.29082
3038.20000,0.32544,2.48380,2.32852
3038.25000,0.31917,2.49041,2.35866
3038.30000,0.31276,2.49710,2.36994
3038.35000,0.30675,2.50318,2.35992
3038.40000,0.30253,2.50745,2.33697
3038.45000,0.30049,2.50963,2.30195
3038.50000,0.29992,2.51029,2.25884
3038.55000,0.29941,2.51094,2.21570
3038.60000,0.29892,2.51161,2.17284
3038.65000,0.29847,2.51230,2.13027
3038.70000,0.29801,2.51306,2.10058
3038.75000,0.29694,2.51480,2.09695
3038.80000,0.29409,2.51963,2.11237
3038.85000,0.28998,2.52629,2.13684
3038.90000,0.28479,2.53420,2.16743
3038.95000,0.27904,2.54238,2.19973
3039.00000,0.27303,2.55037,2.23172
3039.05000,0.26699,2.55815,2.25716
3039.10000,0.26116,2.56568,2.27015
3039.15000,0.25565,2.57274,2.26538
3039.20000,0.25156,2.57772,2.24697
3039.25000,0.24982,2.57994,2.21388
3039.30000,0.24932,2.58064,2.17295
3039.35000,0.24886,2.58134,2.13209
3039.40000,0.24844,2.58204,2.09156
3039.45000,0.24799,2.58284,2.06492
3039.50000,0.24701,2.58458,2.05973
3039.55000,0.24467,2.58884,2.07796
3039.60000,0.24170,2.59403,2.11033
3039.65000,0.23766,2.60051,2.14808
3039.70000,0.23337,2.60678,2.19452
3039.75000,0.22833,2.61343,2.24443
3039.80000,0.22261,2.62022,2.29684
3039.85000,0.21619,2.62707,2.35043
3039.90000,0.20922,2.63375,2.40527
3039.95000,0.20170,2.64019,2.46072
3040.00000,0.19377,2.64626,2.51676
3040.05000,0.18550,2.65188,2.57241
3040.10000,0.17693,2.65704,2.62636
3040.15000,0.16818,2.66168,2.68136
3040.20000,0.15910,2.66588,2.73516
3040.25000,0.14982,2.66959,2.78763
3040.30000,0.14035,2.67281,2.83990
3040.35000,0.13089,2.67548,2.89375
3040.40000,0.12128,2.67757,2.93188
3040.45000,0.11248,2.67886,2.94102
3040.50000,0.10485,2.67949,2.93157
3040.55000,0.10148,2.67975,2.90211
3040.60000,0.10063,2.67997,2.86183
3040.65000,0.09977,2.68025,2.83090
3040.70000,0.09852,2.68097,2.82097
3040.75000,0.09686,2.68216,2.83238
3040.80000,0.09429,2.68355,2.85512
3040.85000,0.08968,2.68525,2.88686
3040.90000,0.08282,2.68717,2.92749
3040.95000,0.07455,2.68877,2.97442
3041.00000,0.06725,2.68988,2.99997
3041.05000,0.06217,2.69062,2.98976
3041.10000,0.05927,2.69109,2.96068
3041.15000,0.05830,2.69129,2.92337
3041.20000,0.05753,2.69147,2.88526
3041.25000,0.05677,2.69168,2.85549
3041.30000,0.05601,2.69192,2.83228
3041.35000,0.05519,2.69223,2.81760
3041.40000,0.05444,2.69248,2.80477
3041.45000,0.05377,2.69265,2.79402
3041.50000,0.05317,2.69276,2.78570
3041.55000,0.05263,2.69282,2.78021
3041.60000,0.05212,2.69286,2.77794
3041.65000,0.05160,2.69292,2.78229
3041.70000,0.05101,2.69308,2.79767
3041.75000,0.04918,2.69372,2.82410
3041.80000,0.04506,2.69500,2.85973
3041.85000,0.03854,2.69679,2.90495
3041.90000,0.03038,2.69854,2.95719
3041.95000,0.02149,2.69995,3.01076
3042.00000,0.01208,2.70092,3.06526
3042.05000,0.00396,2.70138,3.09696
3042.10000,-0.00228,2.70158,3.09775
3042.15000,-0.00687,2.70151,3.08552
3042.20000,-0.00814,2.70150,3.05945
3042.25000,-0.00870,2.70156,3.02998
3042.30000,-0.00925,2.70163,3.00034
3042.35000,-0.00979,2.70171,2.97061
3042.40000,-0.01030,2.70181,2.94076
3042.45000,-0.01081,2.70192,2.91080
3042.50000,-0.01136,2.70211,2.88942
3042.55000,-0.01178,2.70223,2.87639
3042.60000,-0.01210,2.70238,2.86005
3042.65000,-0.01285,2.70301,2.86314
3042.70000,-0.01418,2.70396,2.88232
3042.75000,-0.01745,2.70515,2.90981
3042.80000,-0.02284,2.70666,2.94533
3042.85000,-0.03025,2.70813,2.98922
3042.90000,-0.03874,2.70912,3.02395
3042.95000,-0.04617,2.70912,3.03271
3043.00000,-0.05146,2.70885,3.02197
3043.05000,-0.05236,2.70882,2.99215
3043.10000,-0.05257,2.70886,2.95833
3043.15000,-0.05299,2.70895,2.92495
3043.20000,-0.05341,2.70905,2.89122
3043.25000,-0.05392,2.70925,2.86507
3043.30000,-0.05487,2.70997,2.86094
3043.35000,-0.05639,2.71124,2.87756
3043.40000,-0.05919,2.71278,2.90139
3043.45000,-0.06403,2.71461,2.93282
3043.50000,-0.07106,2.71628,2.97320
3043.55000,-0.07878,2.71728,3.00354
3043.60000,-0.08546,2.71731,3.00894
3043.65000,-0.09123,2.71684,2.99469
3043.70000,-0.09391,2.71664,2.96202
3043.75000,-0.09448,2.71674,2.91942
3043.80000,-0.09508,2.71688,2.87609
3043.85000,-0.09571,2.71711,2.83865
3043.90000,-0.09676,2.71779,2.82337
3043.95000,-0.09820,2.71892,2.82806
3044.00000,-0.09996,2.72038,2.84358
3044.05000,-0.10329,2.72226,2.86886
3044.10000,-0.10928,2.72446,2.90481
3044.15000,-0.11740,2.72626,2.94932
3044.20000,-0.12645,2.72780,2.99693
3044.25000,-0.13551,2.72882,3.03250
3044.30000,-0.14352,2.72892,3.04136
3044.35000,-0.15077,2.72856,3.03064
3044.40000,-0.15749,2.72895,3.00102
3044.45000,-0.16366,2.72996,2.95704
3044.50000,-0.17068,2.73146,2.90801
3044.55000,-0.17833,2.73349,2.85566
3044.60000,-0.18633,2.73608,2.80098
3044.65000,-0.19437,2.73918,2.74555
3044.70000,-0.20158,2.74244,2.68624
3044.75000,-0.20781,2.74574,2.62149
3044.80000,-0.21392,2.74921,2.56458
3044.85000,-0.22037,2.75311,2.53656
3044.90000,-0.22663,2.75728,2.54305
3044.95000,-0.23081,2.76001,2.57758
3045.00000,-0.23411,2.76199,2.62785
3045.05000,-0.23752,2.76380,2.68762
3045.10000,-0.24132,2.76550,2.75298
3045.15000,-0.24544,2.76702,2.82222
3045.20000,-0.24968,2.76831,2.88189
3045.25000,-0.25364,2.76925,2.91387
3045.30000,-0.25718,2.76971,2.92036
3045.35000,-0.26054,2.77000,2.90933
3045.40000,-0.26472,2.77108,2.87857
3045.45000,-0.27100,2.77292,2.83582
3045.50000,-0.27816,2.77537,2.78841
3045.55000,-0.28592,2.77846,2.73793
3045.60000,-0.29388,2.78210,2.68688
3045.65000,-0.30167,2.78617,2.63512
3045.70000,-0.30977,2.79094,2.58361
3045.75000,-0.31789,2.79631,2.53055
3045.80000,-0.32504,2.80163,2.47266
3045.85000,-0.33087,2.80653,2.41073
3045.90000,-0.33588,2.81132,2.34529
3045.95000,-0.34019,2.81603,2.27663
3046.00000,-0.34421,2.82080,2.21959
3046.05000,-0.34650,2.82389,2.17992
3046.10000,-0.34837,2.82674,2.12958
3046.15000,-0.35067,2.83065,2.07349
3046.20000,-0.35317,2.83554,2.01400
3046.25000,-0.35558,2.84107,1.95157
3046.30000,-0.35777,2.84711,1.88715
3046.35000,-0.35961,2.85341,1.82079
3046.40000,-0.36103,2.85989,1.75299
3046.45000,-0.36202,2.86657,1.68439
3046.50000,-0.36255,2.87321,1.61461
3046.55000,-0.36260,2.87981,1.54396
3046.60000,-0.36219,2.88636,1.47272
3046.65000,-0.36133,2.89271,1.40062
3046.70000,-0.36001,2.89900,1.32834
3046.75000,-0.35825,2.90515,1.25577
3046.80000,-0.35606,2.91114,1.18303
3046.85000,-0.35345,2.91692,1.11005
3046.90000,-0.35042,2.92249,1.03701
3046.95000,-0.34701,2.92781,0.96387
3047.00000,-0.34321,2.93288,0.89072
3047.05000,-0.33906,2.93764,0.81748
3047.10000,-0.33453,2.94213,0.74445
3047.15000,-0.32966,2.94630,0.67157
3047.20000,-0.32447,2.95012,0.59876
3047.25000,-0.31900,2.95356,0.52606
3047.30000,-0.31325,2.95663,0.45357
3047.35000,-0.30727,2.95928,0.38116
3047.40000,-0.30101,2.96153,0.30917
3047.45000,-0.29460,2.96332,0.23716
3047.50000,-0.28808,2.96465,0.16521
3047.55000,-0.28146,2.96551,0.09332
3047.60000,-0.27476,2.96590,0.02154
3047.65000,-0.26804,2.96580,-0.05017
3047.70000,-0.26128,2.96522,-0.12163
3047.75000,-0.25451,2.96414,-0.19284
3047.80000,-0.24782,2.96259,-0.26399
3047.85000,-0.24125,2.96056,-0.33508
3047.90000,-0.23485,2.95807,-0.40624
3047.95000,-0.22864,2.95513,-0.47734
3048.00000,-0.22262,2.95174,-0.54830
3048.05000,-0.21681,2.94790,-0.61908
3048.10000,-0.21132,2.94402,-0.67855
3048.15000,-0.20733,2.94089,-0.71860
3048.20000,-0.20457,2.93857,-0.74586
3048.25000,-0.20347,2.93756,-0.76281
3048.30000,-0.20316,2.93727,-0.77364
3048.35000,-0.20276,2.93688,-0.78295
3048.40000,-0.20241,2.93652,-0.79087
3048.45000,-0.20210,2.93621,-0.79738
3048.50000,-0.20184,2.93594,-0.80248
3048.55000,-0.20161,2.93570,-0.80615
3048.60000,-0.20142,2.93551,-0.80839
3048.65000,-0.20127,2.93535,-0.80918
3048.70000,-0.20116,2.93523,-0.80851
3048.75000,-0.20108,2.93515,-0.80635
3048.80000,-0.20104,2.93510,-0.80269
3048.85000,-0.20103,2.93510,-0.79751
3048.90000,-0.20106,2.93512,-0.79080
3048.95000,-0.20112,2.93518,-0.78253
3049.00000,-0.20121,2.93527,-0.77271
3049.05000,-0.20134,2.93540,-0.76132
3049.10000,-0.20150,2.93555,-0.74836
3049.15000,-0.20170,2.93573,-0.73385
3049.20000,-0.20194,2.93594,-0.71779
3049.25000,-0.20221,2.93617,-0.70023
3049.30000,-0.20251,2.93643,-0.68119
3049.35000,-0.20285,2.93670,-0.66074
3049.40000,-0.20323,2.93699,-0.63894
3049.45000,-0.20364,2.93728,-0.61588
3049.50000,-0.20365,2.93724,-0.59230
3049.55000,-0.20340,2.93707,-0.56845
3049.60000,-0.20335,2.93704,-0.54470
3049.65000,-0.20298,2.93681,-0.51844
3049.70000,-0.20237,2.93647,-0.49028
3049.75000,-0.20169,2.93614,-0.47855
3049.80000,-0.20100,2.93581,-0.49740
3049.85000,-0.19865,2.93446,-0.53045
3049.90000,-0.19432,2.93180,-0.57057
3049.95000,-0.18947,2.92869,-0.60151
3050.00000,-0.18530,2.92597,-0.59777
3050.05000,-0.18410,2.92522,-0.56926
3050.10000,-0.18405,2.92517,-0.53571
3050.15000,-0.18401,2.92515,-0.50115
3050.20000,-0.18397,2.92513,-0.46565
3050.25000,-0.18392,2.92511,-0.42911
3050.30000,-0.18387,2.92511,-0.40484
3050.35000,-0.18365,2.92502,-0.40407
3050.40000,-0.18193,2.92420,-0.43128
3050.45000,-0.17776,2.92217,-0.46755
3050.50000,-0.17214,2.91917,-0.50974
3050.55000,-0.16560,2.91531,-0.55631
3050.60000,-0.15889,2.91117,-0.59535
3050.65000,-0.15233,2.90696,-0.60231
3050.70000,-0.14645,2.90307,-0.59045
3050.75000,-0.14315,2.90099,-0.57674
3050.80000,-0.14124,2.89976,-0.58914
3050.85000,-0.14020,2.89904,-0.62763
3050.90000,-0.13947,2.89848,-0.68329
3050.95000,-0.13899,2.89806,-0.75123
3051.00000,-0.13868,2.89775,-0.82789
3051.05000,-0.13847,2.89751,-0.91075
3051.10000,-0.13837,2.89737,-0.99767
3051.15000,-0.13833,2.89731,-1.08429
3051.20000,-0.13830,2.89724,-1.16983
3051.25000,-0.13827,2.89716,-1.25428
3051.30000,-0.13825,2.89709,-1.33766
3051.35000,-0.13824,2.89701,-1.42000
3051.40000,-0.13823,2.89693,-1.50121
3051.45000,-0.13823,2.89684,-1.58131
3051.50000,-0.13823,2.89676,-1.66038
3051.55000,-0.13824,2.89668,-1.73843
3051.60000,-0.13826,2.89660,-1.81547
3051.65000,-0.13828,2.89652,-1.89148
3051.70000,-0.13831,2.89644,-1.96647
3051.75000,-0.13835,2.89636,-2.04037
3051.80000,-0.13839,2.89629,-2.11315
3051.85000,-0.13843,2.89621,-2.18479
3051.90000,-0.13849,2.89615,-2.25523
3051.95000,-0.13854,2.89608,-2.32449
3052.00000,-0.13861,2.89602,-2.39256
3052.05000,-0.13867,2.89596,-2.45943
3052.10000,-0.13874,2.89591,-2.52512
3052.15000,-0.13882,2.89586,-2.58961
3052.20000,-0.13890,2.89581,-2.65293
3052.25000,-0.13898,2.89577,-2.71507
3052.30000,-0.13906,2.89574,-2.77604
3052.35000,-0.13915,2.89571,-2.83585
3052.40000,-0.13924,2.89568,-2.89449
3052.45000,-0.13933,2.89566,-2.95197
3052.50000,-0.13942,2.89565,-3.00830
3052.55000,-0.13951,2.89564,-3.06349
3052.60000,-0.14154,2.89551,-3.11722
3052.65000,-0.14818,2.89551,3.11825
3052.70000,-0.15690,2.89592,3.07137
3052.75000,-0.16636,2.89682,3.02242
3052.80000,-0.17588,2.89783,2.97822
3052.85000,-0.18514,2.89860,2.94243
3052.90000,-0.19434,2.90030,2.92725
3052.95000,-0.20410,2.90244,2.92436
3053.00000,-0.21386,2.90461,2.92181
3053.05000,-0.22362,2.90680,2.92040
3053.10000,-0.23339,2.90899,2.91995
3053.15000,-0.24317,2.91120,2.91984
3053.20000,-0.25295,2.91340,2.91974
3053.25000,-0.26274,2.91560,2.92122
3053.30000,-0.27252,2.91777,2.92373
3053.35000,-0.28231,2.91993,2.92710
3053.40000,-0.29215,2.92204,2.93128
3053.45000,-0.30204,2.92413,2.93634
3053.50000,-0.31184,2.92614,2.94116
3053.55000,-0.32167,2.92811,2.94703
3053.60000,-0.33163,2.93003,2.95451
3053.65000,-0.34163,2.93188,2.96253
3053.70000,-0.35171,2.93366,2.97178
3053.75000,-0.36177,2.93532,2.98199
3053.80000,-0.37192,2.93690,2.99288
3053.85000,-0.38206,2.93836,3.00454
3053.90000,-0.39228,2.93970,3.01675
3053.95000,-0.40248,2.94091,3.02987
3054.00000,-0.41273,2.94200,3.04326
3054.05000,-0.42301,2.94294,3.05743
3054.10000,-0.43330,2.94373,3.07168
3054.15000,-0.44366,2.94438,3.08712
3054.20000,-0.45405,2.94486,3.10310
3054.25000,-0.46447,2.94518,3.12031
3054.30000,-0.47491,2.94531,3.13769
3054.35000,-0.48535,2.94525,-3.12773
3054.40000,-0.49576,2.94502,-3.10957
3054.45000,-0.50601,2.94460,-3.09143
3054.50000,-0.51600,2.94402,-3.07412
3054.55000,-0.52597,2.94326,-3.05711
3054.60000,-0.53579,2.94232,-3.03405
3054.65000,-0.54549,2.94113,-3.00346
3054.70000,-0.55537,2.93959,-2.97007
3054.75000,-0.56494,2.93776,-2.93176
3054.80000,-0.57459,2.93550,-2.88804
3054.85000,-0.58447,2.93272,-2.84308
3054.90000,-0.59423,2.92950,-2.79841
3054.95000,-0.60362,2.92593,-2.75511
3055.00000,-0.61280,2.92196,-2.71235
3055.05000,-0.62180,2.91761,-2.66971
3055.10000,-0.63060,2.91287,-2.62704
3055.15000,-0.63920,2.90777,-2.58483
3055.20000,-0.64758,2.90231,-2.54305
3055.25000,-0.65572,2.89650,-2.50135
3055.30000,-0.66361,2.89037,-2.46013
3055.35000,-0.67125,2.88391,-2.41922
3055.40000,-0.67861,2.87715,-2.37866
3055.45000,-0.68569,2.87011,-2.33823
3055.50000,-0.69248,2.86277,-2.29798
3055.55000,-0.69898,2.85517,-2.25859
3055.60000,-0.70518,2.84733,-2.21939
3055.65000,-0.71106,2.83924,-2.18021
3055.70000,-0.71662,2.83093,-2.14153
3055.75000,-0.72186,2.82241,-2.10291
3055.80000,-0.72656,2.81412,-2.07908
3055.85000,-0.73020,2.80716,-2.08440
3055.90000,-0.73252,2.80312,-2.11873
3055.95000,-0.73360,2.80142,-2.16875
3056.00000,-0.73375,2.80120,-2.22651
3056.05000,-0.73379,2.80115,-2.28514
3056.10000,-0.73387,2.80110,-2.33309
3056.15000,-0.73413,2.80089,-2.36912
3056.20000,-0.73469,2.80044,-2.39065
3056.25000,-0.73545,2.79981,-2.40121
3056.30000,-0.73643,2.79900,-2.40264
3056.35000,-0.73804,2.79757,-2.39332
3056.40000,-0.74368,2.79222,-2.36031
3056.45000,-0.75007,2.78563,-2.32099
3056.50000,-0.75672,2.77820,-2.27976
3056.55000,-0.76307,2.77047,-2.23881
3056.60000,-0.76911,2.76250,-2.19817
3056.65000,-0.77481,2.75429,-2.15763
3056.70000,-0.78012,2.74612,-2.13221
3056.75000,-0.78476,2.73859,-2.13336
3056.80000,-0.78844,2.73283,-2.15798
3056.85000,-0.79087,2.72931,-2.19559
3056.90000,-0.79174,2.72815,-2.24499
3056.95000,-0.79192,2.72793,-2.29931
3057.00000,-0.79213,2.72771,-2.35356
3057.05000,-0.79241,2.72746,-2.39674
3057.10000,-0.79321,2.72678,-2.41149
3057.15000,-0.79581,2.72444,-2.39756
3057.20000,-0.80028,2.72027,-2.37157
3057.25000,-0.80527,2.71526,-2.33651
3057.30000,-0.81094,2.70913,-2.29599
3057.35000,-0.81736,2.70158,-2.25665
3057.40000,-0.82351,2.69386,-2.22900
3057.45000,-0.82898,2.68671,-2.22788
3057.50000,-0.83394,2.68024,-2.24573
3057.55000,-0.83660,2.67700,-2.28428
3057.60000,-0.83695,2.67662,-2.33796
3057.65000,-0.83728,2.67629,-2.39194
3057.70000,-0.83763,2.67598,-2.44558
3057.75000,-0.83812,2.67559,-2.48574
3057.80000,-0.83936,2.67457,-2.49221
3057.85000,-0.84256,2.67210,-2.47704
3057.90000,-0.84743,2.66818,-2.45160
3057.95000,-0.85370,2.66285,-2.41952
3058.00000,-0.86004,2.65705,-2.38015
3058.05000,-0.86640,2.65073,-2.33909
3058.10000,-0.87250,2.64415,-2.29783
3058.15000,-0.87848,2.63741,-2.26419
3058.20000,-0.88451,2.63028,-2.26204
3058.25000,-0.88871,2.62531,-2.28776
3058.30000,-0.89101,2.62276,-2.32978
3058.35000,-0.89169,2.62208,-2.38184
3058.40000,-0.89217,2.62164,-2.43508
3058.45000,-0.89267,2.62124,-2.48800
3058.50000,-0.89323,2.62083,-2.52849
3058.55000,-0.89449,2.61985,-2.53577
3058.60000,-0.89808,2.61732,-2.52111
3058.65000,-0.90377,2.61317,-2.49639
3058.70000,-0.91004,2.60831,-2.46348
3058.75000,-0.91682,2.60263,-2.42481
3058.80000,-0.92363,2.59644,-2.38635
3058.85000,-0.93026,2.59017,-2.35529
3058.90000,-0.93694,2.58380,-2.34237
3058.95000,-0.94303,2.57784,-2.35611
3059.00000,-0.94712,2.57387,-2.38884
3059.05000,-0.94913,2.57205,-2.43388
3059.10000,-0.94977,2.57152,-2.48641
3059.15000,-0.95043,2.57104,-2.53880
3059.20000,-0.95112,2.57059,-2.59083
3059.25000,-0.95182,2.57019,-2.63171
3059.30000,-0.95290,2.56948,-2.65072
3059.35000,-0.95568,2.56782,-2.64411
3059.40000,-0.96163,2.56450,-2.62181
3059.45000,-0.96914,2.56005,-2.59217
3059.50000,-0.97750,2.55474,-2.55837
3059.55000,-0.98575,2.54909,-2.52467
3059.60000,-0.99381,2.54317,-2.49081
3059.65000,-1.00164,2.53722,-2.46421
3059.70000,-1.00933,2.53138,-2.44806
3059.75000,-1.01698,2.52557,-2.43401
3059.80000,-1.02453,2.51985,-2.42591
3059.85000,-1.03151,2.51445,-2.43897
3059.90000,-1.03645,2.51037,-2.46897
3059.95000,-1.03903,2.50839,-2.51185
3060.00000,-1.03958,2.50801,-2.56501
3060.05000,-1.03994,2.50778,-2.61895
3060.10000,-1.04029,2.50759,-2.67266
3060.15000,-1.04063,2.50744,-2.72618
3060.20000,-1.04098,2.50730,-2.76892
3060.25000,-1.04160,2.50695,-2.79423
3060.30000,-1.04369,2.50588,-2.79571
3060.35000,-1.04916,2.50384,-2.78081
3060.40000,-1.05737,2.50061,-2.75401
3060.45000,-1.06651,2.49671,-2.72301
3060.50000,-1.07559,2.49251,-2.69224
3060.55000,-1.08453,2.48803,-2.66166
3060.60000,-1.09332,2.48328,-2.63121
3060.65000,-1.10195,2.47848,-2.60773
3060.70000,-1.11046,2.47377,-2.59165
3060.75000,-1.11894,2.46909,-2.57672
3060.80000,-1.12736,2.46445,-2.56683
3060.85000,-1.13556,2.46000,-2.56969
3060.90000,-1.14324,2.45560,-2.58849
3060.95000,-1.14864,2.45238,-2.62113
3061.00000,-1.15157,2.45076,-2.66595
3061.05000,-1.15217,2.45047,-2.72148
3061.10000,-1.15240,2.45038,-2.77835
3061.15000,-1.15263,2.45029,-2.83455
3061.20000,-1.15292,2.45019,-2.87927
3061.25000,-1.15415,2.44941,-2.89404
3061.30000,-1.15745,2.44845,-2.89328
3061.35000,-1.16420,2.44658,-2.87804
3061.40000,-1.17348,2.44395,-2.85201
3061.45000,-1.18373,2.44073,-2.82168
3061.50000,-1.19386,2.43721,-2.79205
3061.55000,-1.20388,2.43341,-2.76249
3061.60000,-1.21343,2.42977,-2.73820
3061.65000,-1.22290,2.42615,-2.73240
3061.70000,-1.23036,2.42324,-2.75405
3061.75000,-1.23413,2.42180,-2.79279
3061.80000,-1.23537,2.42137,-2.84245
3061.85000,-1.23559,2.42130,-2.89578
3061.90000,-1.23583,2.42125,-2.94818
3061.95000,-1.23620,2.42110,-2.98844
3062.00000,-1.23753,2.42047,-3.00257
3062.05000,-1.24148,2.41962,-2.99903
3062.10000,-1.24901,2.41842,-2.98071
3062.15000,-1.25884,2.41670,-2.95311
3062.20000,-1.26822,2.41474,-2.92289
3062.25000,-1.27724,2.41259,-2.89274
3062.30000,-1.28618,2.41017,-2.86313
3062.35000,-1.29512,2.40758,-2.83927
3062.40000,-1.30408,2.40494,-2.83155
3062.45000,-1.31088,2.40301,-2.85426
3062.50000,-1.31343,2.40236,-2.89563
3062.55000,-1.31378,2.40228,-2.94623
3062.60000,-1.31399,2.40224,-2.99689
3062.65000,-1.31421,2.40222,-3.04682
3062.70000,-1.31443,2.40221,-3.08822
3062.75000,-1.31489,2.40204,-3.10999
3062.80000,-1.31675,2.40183,-3.11417
3062.85000,-1.32197,2.40158,-3.10406
3062.90000,-1.33066,2.40114,-3.07868
3062.95000,-1.33999,2.40041,-3.04711
3063.00000,-1.34925,2.39939,-3.01569
3063.05000,-1.35838,2.39808,-2.98428
3063.10000,-1.36747,2.39650,-2.95318
3063.15000,-1.37659,2.39471,-2.92861
3063.20000,-1.38577,2.39281,-2.92069
3063.25000,-1.39487,2.39096,-2.92904
3063.30000,-1.40353,2.38919,-2.94501
3063.35000,-1.41114,2.38776,-2.96667
3063.40000,-1.41763,2.38671,-2.99403
3063.45000,-1.42295,2.38602,-3.02707
3063.50000,-1.42699,2.38564,-3.06561
3063.55000,-1.42961,2.38552,-3.10925
3063.60000,-1.43064,2.38551,3.12499
3063.65000,-1.43081,2.38553,3.08139
3063.70000,-1.43103,2.38563,3.05196
3063.75000,-1.43132,2.38581,3.03138
3063.80000,-1.43168,2.38606,3.01858
3063.85000,-1.43268,2.38631,3.01212
3063.90000,-1.43476,2.38660,3.01073
3063.95000,-1.43791,2.38703,3.01435
3064.00000,-1.44229,2.38759,3.02351
3064.05000,-1.44800,2.38831,3.03835
3064.10000,-1.45514,2.38920,3.05914
3064.15000,-1.46414,2.38996,3.08718
3064.20000,-1.47414,2.39035,3.11912
3064.25000,-1.48414,2.39041,-3.13252
3064.30000,-1.49414,2.39017,-3.10140
3064.35000,-1.50389,2.38974,-3.08006
3064.40000,-1.51350,2.38936,-3.06603
3064.45000,-1.52308,2.38900,-3.05344
3064.50000,-1.53266,2.38864,-3.04216
3064.55000,-1.54224,2.38828,-3.03233
3064.60000,-1.55182,2.38791,-3.02407
3064.65000,-1.56140,2.38754,-3.01734
3064.70000,-1.57098,2.38717,-3.01205
3064.75000,-1.58056,2.38679,-3.00802
3064.80000,-1.59014,2.38641,-3.00493
3064.85000,-1.59970,2.38604,-3.01191
3064.90000,-1.60629,2.38583,-3.05160
3064.95000,-1.60803,2.38576,-3.11349
3065.00000,-1.60823,2.38576,3.10112
3065.05000,-1.60834,2.38577,3.03305
3065.10000,-1.60846,2.38578,2.96606
3065.15000,-1.60857,2.38581,2.90012
3065.20000,-1.60868,2.38586,2.84416
3065.25000,-1.60883,2.38598,2.80506
3065.30000,-1.61062,2.38690,2.79404
3065.35000,-1.61503,2.38852,2.79807
3065.40000,-1.62048,2.39046,2.80794
3065.45000,-1.62712,2.39272,2.82376
3065.50000,-1.63503,2.39525,2.84617
3065.55000,-1.64421,2.39795,2.87318
3065.60000,-1.65377,2.40045,2.89849
3065.65000,-1.66285,2.40257,2.92559
3065.70000,-1.67199,2.40445,2.95265
3065.75000,-1.68117,2.40608,2.97959
3065.80000,-1.69052,2.40750,3.00647
3065.85000,-1.69998,2.40862,3.02241
3065.90000,-1.70938,2.40957,3.01534
3065.95000,-1.71618,2.41034,2.98271
3066.00000,-1.72090,2.41120,2.93389
3066.05000,-1.72314,2.41173,2.87441
3066.10000,-1.72337,2.41180,2.80659
3066.15000,-1.72349,2.41187,2.74965
3066.20000,-1.72384,2.41216,2.71929
3066.25000,-1.72618,2.41335,2.71525
3066.30000,-1.73022,2.41519,2.72089
3066.35000,-1.73503,2.41732,2.73328
3066.40000,-1.74109,2.41989,2.75222
3066.45000,-1.74912,2.42305,2.78151
3066.50000,-1.75776,2.42614,2.81408
3066.55000,-1.76712,2.42919,2.84137
3066.60000,-1.77659,2.43197,2.87104
3066.65000,-1.78591,2.43437,2.90780
3066.70000,-1.79484,2.43629,2.95187
3066.75000,-1.80429,2.43787,2.99929
3066.80000,-1.81420,2.43905,3.04783
3066.85000,-1.82417,2.43974,3.09623
3066.90000,-1.83372,2.43995,-3.13717
3066.95000,-1.84239,2.43968,-3.08440
3067.00000,-1.85106,2.43896,-3.03233
3067.05000,-1.85969,2.43778,-2.98083
3067.10000,-1.86826,2.43617,-2.92987
3067.15000,-1.87675,2.43412,-2.87919
3067.20000,-1.88514,2.43164,-2.82933
3067.25000,-1.89410,2.42851,-2.78262
3067.30000,-1.90081,2.42587,-2.73275
3067.35000,-1.90455,2.42418,-2.67347
3067.40000,-1.90921,2.42159,-2.61638
3067.45000,-1.91526,2.41790,-2.56704
3067.50000,-1.91853,2.41569,-2.50939
3067.55000,-1.91977,2.41473,-2.44278
3067.60000,-1.92007,2.41446,-2.37195
3067.65000,-1.92032,2.41420,-2.30149
3067.70000,-1.92056,2.41391,-2.23174
3067.75000,-1.92079,2.41359,-2.16276
3067.80000,-1.92101,2.41323,-2.09462
3067.85000,-1.92123,2.41283,-2.02732
3067.90000,-1.92142,2.41239,-1.96086
3067.95000,-1.92160,2.41191,-1.89524
3068.00000,-1.92176,2.41139,-1.83047
3068.05000,-1.92189,2.41082,-1.76654
3068.10000,-1.92199,2.41021,-1.70345
3068.15000,-1.92206,2.40954,-1.64121
3068.20000,-1.92209,2.40883,-1.57981
3068.25000,-1.92207,2.40807,-1.51925
3068.30000,-1.92200,2.40726,-1.45953
3068.35000,-1.92188,2.40640,-1.40064
3068.40000,-1.92170,2.40550,-1.34260
3068.45000,-1.92145,2.40454,-1.28538
3068.50000,-1.92112,2.40354,-1.22900
3068.55000,-1.92072,2.40249,-1.17345
3068.60000,-1.92022,2.40141,-1.11874
3068.65000,-1.91964,2.40028,-1.06484
3068.70000,-1.91896,2.39912,-1.01177
3068.75000,-1.91817,2.39794,-0.95951
3068.80000,-1.91727,2.39672,-0.90808
3068.85000,-1.91625,2.39549,-0.85745
3068.90000,-1.91512,2.39424,-0.80763
3068.95000,-1.91386,2.39299,-0.75862
3069.00000,-1.91248,2.39174,-0.71040
3069.05000,-1.91096,2.39050,-0.66298
3069.10000,-1.90932,2.38928,-0.61635
3069.15000,-1.90754,2.38808,-0.57050
3069.20000,-1.90565,2.38693,-0.52544
3069.25000,-1.90371,2.38586,-0.48119
3069.30000,-1.90172,2.38487,-0.43775
3069.35000,-1.89970,2.38398,-0.39510
3069.40000,-1.89492,2.38212,-0.35609
3069.45000,-1.88662,2.37918,-0.31967
3069.50000,-1.87725,2.37628,-0.28001
3069.55000,-1.86758,2.37371,-0.24034
3069.60000,-1.85783,2.37152,-0.20141
3069.65000,-1.84800,2.36971,-0.16322
3069.70000,-1.83810,2.36827,-0.12577
3069.75000,-1.82816,2.36720,-0.08903
3069.80000,-1.81819,2.36649,-0.05299
3069.85000,-1.80820,2.36613,-0.01764
3069.90000,-1.79820,2.36613,0.01706
3069.95000,-1.78828,2.36629,0.04577
3070.00000,-1.77828,2.36665,0.06036
3070.05000,-1.76840,2.36716,0.06573
3070.10000,-1.75853,2.36779,0.06403
3070.15000,-1.74860,2.36841,0.05992
3070.20000,-1.73872,2.36897,0.05512
3070.25000,-1.72886,2.36947,0.04981
3070.30000,-1.71902,2.36992,0.04393
3070.35000,-1.70943,2.37030,0.04892
3070.40000,-1.70049,2.37083,0.07258
3070.45000,-1.69064,2.37169,0.10263
3070.50000,-1.68071,2.37287,0.13312
3070.55000,-1.67089,2.37411,0.15834
3070.60000,-1.66121,2.37523,0.17481
3070.65000,-1.65182,2.37649,0.18033
3070.70000,-1.64235,2.37818,0.17047
3070.75000,-1.63274,2.37978,0.15942
3070.80000,-1.62312,2.38128,0.14842
3070.85000,-1.61350,2.38266,0.13686
3070.90000,-1.60378,2.38399,0.13401
3070.95000,-1.59499,2.38513,0.14022
3071.00000,-1.58939,2.38586,0.15948
3071.05000,-1.58677,2.38631,0.19038
3071.10000,-1.58619,2.38643,0.23077
3071.15000,-1.58600,2.38648,0.27307
3071.20000,-1.58587,2.38651,0.30699
3071.25000,-1.58344,2.38742,0.32589
3071.30000,-1.57873,2.38912,0.33261
3071.35000,-1.57266,2.39126,0.33159
3071.40000,-1.56550,2.39371,0.32435
3071.45000,-1.55724,2.39645,0.31097
3071.50000,-1.54814,2.39929,0.29332
3071.55000,-1.53898,2.40197,0.27539
3071.60000,-1.52976,2.40449,0.25767
3071.65000,-1.52050,2.40684,0.23951
3071.70000,-1.51122,2.40901,0.22076
3071.75000,-1.50171,2.41107,0.21223
3071.80000,-1.49177,2.41328,0.22019
3071.85000,-1.48345,2.41516,0.24220
3071.90000,-1.47980,2.41601,0.28245
3071.95000,-1.47939,2.41614,0.33470
3072.00000,-1.47918,2.41622,0.38781
3072.05000,-1.47898,2.41631,0.43033
3072.10000,-1.47869,2.41648,0.45769
3072.15000,-1.47495,2.41850,0.46205
3072.20000,-1.46769,2.42206,0.44652
3072.25000,-1.45917,2.42602,0.42439
3072.30000,-1.45050,2.42983,0.40238
3072.35000,-1.44175,2.43344,0.38063
3072.40000,-1.43292,2.43686,0.35871
3072.45000,-1.42403,2.44008,0.33629
3072.50000,-1.41509,2.44310,0.31361
3072.55000,-1.40630,2.44586,0.30417
3072.60000,-1.39736,2.44864,0.31438
3072.65000,-1.39108,2.45055,0.34392
3072.70000,-1.38789,2.45175,0.38370
3072.75000,-1.38715,2.45207,0.43393
3072.80000,-1.38689,2.45219,0.48603
3072.85000,-1.38664,2.45235,0.52686
3072.90000,-1.38643,2.45257,0.54901
3072.95000,-1.38467,2.45373,0.55885
3073.00000,-1.37904,2.45734,0.54783
3073.05000,-1.37078,2.46226,0.52576
3073.10000,-1.36230,2.46703,0.50180
3073.15000,-1.35371,2.47161,0.47813
3073.20000,-1.34529,2.47584,0.45281
3073.25000,-1.33681,2.47982,0.42705
3073.30000,-1.32824,2.48357,0.40091
3073.35000,-1.31965,2.48709,0.38735
3073.40000,-1.31193,2.49022,0.39887
3073.45000,-1.30744,2.49211,0.42846
3073.50000,-1.30628,2.49261,0.47620
3073.55000,-1.30600,2.49277,0.52368
3073.60000,-1.30572,2.49294,0.57068
3073.65000,-1.30543,2.49316,0.60790
3073.70000,-1.30473,2.49378,0.62863
3073.75000,-1.30107,2.49654,0.62483
3073.80000,-1.29470,2.50111,0.60618
3073.85000,-1.28696,2.50633,0.58017
3073.90000,-1.27853,2.51170,0.55482
3073.95000,-1.26996,2.51686,0.52948
3074.00000,-1.26151,2.52164,0.50245
3074.05000,-1.25269,2.52634,0.47642
3074.10000,-1.24460,2.53039,0.46483
3074.15000,-1.23759,2.53392,0.47587
3074.20000,-1.23284,2.53631,0.50081
3074.25000,-1.23176,2.53681,0.54483
3074.30000,-1.23151,2.53697,0.58734
3074.35000,-1.23128,2.53713,0.62916
3074.40000,-1.23102,2.53734,0.66443
3074.45000,-1.23070,2.53768,0.68327
3074.50000,-1.22960,2.53860,0.68982
3074.55000,-1.22636,2.54132,0.68429
3074.60000,-1.22032,2.54619,0.66042
3074.65000,-1.21297,2.55172,0.62895
3074.70000,-1.20543,2.55702,0.59737
3074.75000,-1.19774,2.56207,0.56577
3074.80000,-1.18989,2.56689,0.53402
3074.85000,-1.18185,2.57167,0.51077
3074.90000,-1.17369,2.57632,0.50717
3074.95000,-1.16705,2.58000,0.51586
3075.00000,-1.16350,2.58194,0.53950
3075.05000,-1.16221,2.58271,0.57886
3075.10000,-1.16202,2.58283,0.61644
3075.15000,-1.16186,2.58295,0.65360
3075.20000,-1.16170,2.58307,0.69046
3075.25000,-1.16163,2.58318,0.71114
3075.30000,-1.15975,2.58485,0.71217
3075.35000,-1.15520,2.58872,0.69647
3075.40000,-1.14910,2.59370,0.67113
3075.45000,-1.14191,2.59923,0.63987
3075.50000,-1.13444,2.60460,0.60805
3075.55000,-1.12689,2.60981,0.58844
3075.60000,-1.11968,2.61464,0.58794
3075.65000,-1.11459,2.61806,0.60177
3075.70000,-1.11197,2.61988,0.63064
3075.75000,-1.11119,2.62046,0.66859
3075.80000,-1.11030,2.62118,0.70756
3075.85000,-1.10945,2.62192,0.74612
3075.90000,-1.10893,2.62239,0.76659
3075.95000,-1.10696,2.62431,0.76517
3076.00000,-1.10263,2.62840,0.74856
3076.05000,-1.09681,2.63367,0.72265
3076.10000,-1.08993,2.63955,0.69078
3076.15000,-1.08276,2.64528,0.65852
3076.20000,-1.07535,2.65090,0.64033
3076.25000,-1.06920,2.65548,0.64322
3076.30000,-1.06548,2.65830,0.66155
3076.35000,-1.06407,2.65942,0.69436
3076.40000,-1.06326,2.66011,0.73087
3076.45000,-1.06249,2.66082,0.76705
3076.50000,-1.06173,2.66155,0.80282
3076.55000,-1.06130,2.66199,0.82182
3076.60000,-1.05943,2.66401,0.81997
3076.65000,-1.05533,2.66833,0.80232
3076.70000,-1.04980,2.67389,0.77548
3076.75000,-1.04326,2.68010,0.74274
3076.80000,-1.03640,2.68618,0.70929
3076.85000,-1.02951,2.69199,0.69094
3076.90000,-1.02377,2.69673,0.69248
3076.95000,-1.02016,2.69976,0.70799
3077.00000,-1.01881,2.70094,0.73758
3077.05000,-1.01871,2.70103,0.76845
3077.10000,-1.01862,2.70112,0.79901
3077.15000,-1.01852,2.70122,0.82918
3077.20000,-1.01851,2.70127,0.84564
3077.25000,-1.01672,2.70330,0.84344
3077.30000,-1.01291,2.70752,0.82640
3077.35000,-1.00753,2.71320,0.79886
3077.40000,-1.00113,2.71956,0.76563
3077.45000,-0.99457,2.72583,0.74143
3077.50000,-0.98816,2.73173,0.73261
3077.55000,-0.98303,2.73635,0.73469
3077.60000,-0.97809,2.74080,0.73784
3077.65000,-0.97411,2.74445,0.74907
3077.70000,-0.97301,2.74549,0.77468
3077.75000,-0.97293,2.74557,0.80542
3077.80000,-0.97285,2.74565,0.83597
3077.85000,-0.97278,2.74574,0.86613
3077.90000,-0.97271,2.74583,0.89586
3077.95000,-0.97262,2.74595,0.91598
3078.00000,-0.97207,2.74669,0.92387
3078.05000,-0.96897,2.75074,0.91215
3078.10000,-0.96387,2.75716,0.88781
3078.15000,-0.95757,2.76468,0.85849
3078.20000,-0.95092,2.77215,0.82824
3078.25000,-0.94426,2.77940,0.80528
3078.30000,-0.93849,2.78543,0.79842
3078.35000,-0.93496,2.78910,0.80636
3078.40000,-0.93370,2.79046,0.83129
3078.45000,-0.93336,2.79089,0.84898
3078.50000,-0.93301,2.79138,0.84751
3078.55000,-0.93182,2.79277,0.82805
3078.60000,-0.92859,2.79618,0.79710
3078.65000,-0.92436,2.80048,0.76807
3078.70000,-0.91998,2.80488,0.75929
3078.75000,-0.91578,2.80894,0.76320
3078.80000,-0.91338,2.81119,0.76914
3078.85000,-0.91143,2.81305,0.75949
3078.90000,-0.90924,2.81510,0.73560
3078.95000,-0.90526,2.81859,0.70143
3079.00000,-0.89946,2.82328,0.65877
3079.05000,-0.89289,2.82812,0.61115
3079.10000,-0.88529,2.83317,0.56194
3079.15000,-0.87696,2.83811,0.51103
3079.20000,-0.86813,2.84277,0.45906
3079.25000,-0.86000,2.84650,0.40507
3079.30000,-0.85191,2.84971,0.34911
3079.35000,-0.84261,2.85282,0.29824
3079.40000,-0.83452,2.85516,0.27093
3079.45000,-0.82791,2.85692,0.27122
3079.50000,-0.82321,2.85823,0.28294
3079.55000,-0.82094,2.85891,0.30506
3079.60000,-0.82059,2.85903,0.33548
3079.65000,-0.82037,2.85912,0.35864
3079.70000,-0.82016,2.85923,0.37374
3079.75000,-0.82002,2.85930,0.38319
3079.80000,-0.81992,2.85935,0.37557
3079.85000,-0.81867,2.86005,0.36942
3079.90000,-0.81701,2.86069,0.36577
3079.95000,-0.81452,2.86165,0.34466
3080.00000,-0.81055,2.86304,0.31545
3080.05000,-0.80445,2.86491,0.27743
3080.10000,-0.79765,2.86668,0.23016
3080.15000,-0.78920,2.86843,0.18223
3080.20000,-0.78071,2.86980,0.14713
3080.25000,-0.77199,2.87105,0.13439
3080.30000,-0.76536,2.87179,0.13913
3080.35000,-0.76261,2.87207,0.16070
3080.40000,-0.76186,2.87218,0.18361
3080.45000,-0.76140,2.87226,0.19535
3080.50000,-0.76110,2.87232,0.20555
3080.55000,-0.76094,2.87251,0.19413
3080.60000,-0.75933,2.87296,0.16633
3080.65000,-0.75591,2.87347,0.14970
3080.70000,-0.75329,2.87380,0.13877
3080.75000,-0.75086,2.87406,0.10550
3080.80000,-0.74765,2.87435,0.07840
3080.85000,-0.74394,2.87466,0.07360
3080.90000,-0.74161,2.87478,0.07933
3080.95000,-0.73950,2.87479,0.06634
3081.00000,-0.73738,2.87490,0.04029
3081.05000,-0.73461,2.87497,0.01095
3081.10000,-0.73124,2.87497,0.00320
3081.15000,-0.72798,2.87497,0.01413
3081.20000,-0.72687,2.87497,0.04155
3081.25000,-0.72618,2.87500,0.07400
3081.30000,-0.72588,2.87501,0.08945
3081.35000,-0.72547,2.87504,0.09674
3081.40000,-0.72499,2.87515,0.11151
3081.45000,-0.72447,2.87531,0.10192
3081.50000,-0.72320,2.87551,0.07114
3081.55000,-0.71907,2.87571,0.02873
3081.60000,-0.71334,2.87574,-0.01913
3081.65000,-0.70712,2.87563,-0.06169
3081.70000,-0.70067,2.87537,-0.07468
3081.75000,-0.69615,2.87535,-0.06345
3081.80000,-0.69458,2.87533,-0.05309
3081.85000,-0.69335,2.87531,-0.06640
3081.90000,-0.69101,2.87507,-0.10017
3081.95000,-0.68623,2.87449,-0.14217
3082.00000,-0.68075,2.87373,-0.17873
3082.05000,-0.67687,2.87312,-0.20172
3082.10000,-0.67392,2.87260,-0.22199
3082.15000,-0.67104,2.87218,-0.21933
3082.20000,-0.66930,2.87198,-0.19779
3082.25000,-0.66892,2.87196,-0.16844
3082.30000,-0.66881,2.87194,-0.15367
3082.35000,-0.66843,2.87167,-0.15988
3082.40000,-0.66733,2.87119,-0.18394
3082.45000,-0.66437,2.87046,-0.20743
3082.50000,-0.66184,2.87001,-0.22077
3082.55000,-0.66023,2.86970,-0.23622
3082.60000,-0.65872,2.86944,-0.22955
3082.65000,-0.65802,2.86939,-0.20720
3082.70000,-0.65798,2.86934,-0.19431
3082.75000,-0.65785,2.86929,-0.18735
3082.80000,-0.65762,2.86922,-0.17954
3082.85000,-0.65750,2.86921,-0.17570
3082.90000,-0.65761,2.86927,-0.15420
3082.95000,-0.65706,2.86915,-0.14495
3083.00000,-0.65597,2.86896,-0.16395
3083.05000,-0.65316,2.86843,-0.19882
3083.10000,-0.64927,2.86764,-0.22117
3083.15000,-0.64553,2.86702,-0.21703
3083.20000,-0.64322,2.86663,-0.20386
3083.25000,-0.64276,2.86651,-0.19581
3083.30000,-0.64180,2.86623,-0.21496
3083.35000,-0.63849,2.86542,-0.24810
3083.40000,-0.63320,2.86396,-0.28872
3083.45000,-0.62730,2.86226,-0.32450
3083.50000,-0.62146,2.86047,-0.33742
3083.55000,-0.61943,2.85986,-0.34090
3083.60000,-0.61827,2.85949,-0.34315
3083.65000,-0.61781,2.85934,-0.32092
3083.70000,-0.61733,2.85918,-0.29535
3083.75000,-0.61645,2.85891,-0.26851
3083.80000,-0.61558,2.85867,-0.24252
3083.85000,-0.61474,2.85846,-0.21754
3083.90000,-0.61420,2.85833,-0.21095
3083.95000,-0.61390,2.85830,-0.20790
3084.00000,-0.61362,2.85842,-0.19259
3084.05000,-0.61358,2.85844,-0.17210
3084.10000,-0.61304,2.85831,-0.16556
3084.15000,-0.61264,2.85828,-0.16482
3084.20000,-0.61233,2.85819,-0.15944
3084.25000,-0.61135,2.85797,-0.17844
3084.30000,-0.60768,2.85724,-0.21051
3084.35000,-0.60209,2.85591,-0.25010
3084.40000,-0.59513,2.85396,-0.29438
3084.45000,-0.58780,2.85181,-0.33386
3084.50000,-0.58052,2.84963,-0.35604
3084.55000,-0.57515,2.84788,-0.35690
3084.60000,-0.57264,2.84710,-0.34286
3084.65000,-0.57224,2.84698,-0.31928
3084.70000,-0.57197,2.84690,-0.29503
3084.75000,-0.57170,2.84682,-0.27059
3084.80000,-0.57134,2.84670,-0.26075
3084.85000,-0.57108,2.84663,-0.25507
3084.90000,-0.57074,2.84655,-0.23236
3084.95000,-0.57001,2.84639,-0.22215
3085.00000,-0.56856,2.84600,-0.23912
3085.05000,-0.56450,2.84494,-0.26845
3085.10000,-0.55862,2.84321,-0.30543
3085.15000,-0.55185,2.84091,-0.34885
3085.20000,-0.54539,2.83851,-0.38485
3085.25000,-0.53897,2.83609,-0.40370
3085.30000,-0.53271,2.83350,-0.40364
3085.35000,-0.52720,2.83121,-0.39780
3085.40000,-0.52456,2.83027,-0.37682
3085.45000,-0.52430,2.83018,-0.34617
3085.50000,-0.52406,2.83009,-0.31514
3085.55000,-0.52382,2.83002,-0.28421
3085.60000,-0.52358,2.82995,-0.25344
3085.65000,-0.52327,2.82985,-0.23607
3085.70000,-0.52257,2.82965,-0.24232
3085.75000,-0.51931,2.82871,-0.26835
3085.80000,-0.51388,2.82709,-0.30336
3085.85000,-0.50718,2.82482,-0.34467
3085.90000,-0.49944,2.82210,-0.37970
3085.95000,-0.49158,2.81922,-0.39499
3086.00000,-0.48429,2.81635,-0.39276
3086.05000,-0.47902,2.81433,-0.37855
3086.10000,-0.47679,2.81370,-0.34839
3086.15000,-0.47657,2.81363,-0.31233
3086.20000,-0.47635,2.81356,-0.27571
3086.25000,-0.47614,2.81351,-0.23868
3086.30000,-0.47592,2.81346,-0.20125
3086.35000,-0.47591,2.81356,-0.17658
3086.40000,-0.47591,2.81352,-0.17926
3086.45000,-0.47307,2.81284,-0.20001
3086.50000,-0.46764,2.81163,-0.23278
3086.55000,-0.46056,2.80979,-0.27147
3086.60000,-0.45192,2.80719,-0.31259
3086.65000,-0.44323,2.80441,-0.34949
3086.70000,-0.43433,2.80136,-0.36925
3086.75000,-0.42571,2.79818,-0.36555
3086.80000,-0.42047,2.79634,-0.34172
3086.85000,-0.41879,2.79580,-0.30370
3086.90000,-0.41859,2.79574,-0.25931
3086.95000,-0.41838,2.79569,-0.21478
3087.00000,-0.41839,2.79583,-0.18224
3087.05000,-0.41872,2.79594,-0.17638
3087.10000,-0.41662,2.79541,-0.18950
3087.15000,-0.41139,2.79430,-0.21934
3087.20000,-0.40451,2.79264,-0.25675
3087.25000,-0.39660,2.79038,-0.29935
3087.30000,-0.38833,2.78781,-0.33742
3087.35000,-0.37983,2.78496,-0.35769
3087.40000,-0.37080,2.78155,-0.35428
3087.45000,-0.36182,2.77829,-0.34323
3087.50000,-0.35352,2.77539,-0.32745
3087.55000,-0.34591,2.77289,-0.30718
3087.60000,-0.33897,2.77078,-0.28260
3087.65000,-0.33260,2.76902,-0.25443
3087.70000,-0.32690,2.76767,-0.22273
3087.75000,-0.32346,2.76707,-0.18566
3087.80000,-0.32269,2.76694,-0.13940
3087.85000,-0.32250,2.76691,-0.09096
3087.90000,-0.32240,2.76693,-0.05520
3087.95000,-0.32251,2.76680,-0.04213
3088.00000,-0.32082,2.76662,-0.04630
3088.05000,-0.31666,2.76631,-0.06380
3088.10000,-0.30983,2.76573,-0.09450
3088.15000,-0.30144,2.76476,-0.13333
3088.20000,-0.29254,2.76339,-0.17329
3088.25000,-0.28370,2.76166,-0.21248
3088.30000,-0.27484,2.75978,-0.24442
3088.35000,-0.26688,2.75818,-0.26780
3088.40000,-0.26147,2.75669,-0.28451
3088.45000,-0.25572,2.75486,-0.28534
3088.50000,-0.24976,2.75281,-0.27767
3088.55000,-0.24362,2.75080,-0.25981
3088.60000,-0.23884,2.74960,-0.22932
3088.65000,-0.23647,2.74908,-0.18852
3088.70000,-0.23613,2.74902,-0.13946
3088.75000,-0.23597,2.74901,-0.08983
3088.80000,-0.23581,2.74900,-0.04061
3088.85000,-0.23561,2.74900,-0.00035
3088.90000,-0.23552,2.74904,0.01997
3088.95000,-0.23401,2.74914,0.01930
3089.00000,-0.22906,2.74923,0.00243
3089.05000,-0.22107,2.74913,-0.02458
3089.10000,-0.21142,2.74873,-0.05817
3089.15000,-0.20145,2.74798,-0.09218
3089.20000,-0.19151,2.74689,-0.12642
3089.25000,-0.18167,2.74570,-0.15506
3089.30000,-0.17177,2.74443,-0.17435
3089.35000,-0.16182,2.74310,-0.18802
3089.40000,-0.15179,2.74166,-0.19322
3089.45000,-0.14173,2.74019,-0.19189
3089.50000,-0.13221,2.73871,-0.17842
3089.55000,-0.12492,2.73748,-0.15388
3089.60000,-0.11997,2.73679,-0.11892
3089.65000,-0.11744,2.73654,-0.07377
3089.70000,-0.11703,2.73651,-0.02007
3089.75000,-0.11691,2.73651,0.03448
3089.80000,-0.11677,2.73655,0.08077
3089.85000,-0.11656,2.73669,0.11241
3089.90000,-0.11526,2.73710,0.11741
3089.95000,-0.11125,2.73777,0.10746
3090.00000,-0.10429,2.73860,0.08446
3090.05000,-0.09507,2.73931,0.05446
3090.10000,-0.08517,2.73968,0.02131
3090.15000,-0.07529,2.73972,-0.01207
3090.20000,-0.06529,2.73944,-0.04414
3090.25000,-0.05531,2.73884,-0.07699
3090.30000,-0.04536,2.73790,-0.11055
3090.35000,-0.03544,2.73664,-0.14311
3090.40000,-0.02582,2.73509,-0.18067
3090.45000,-0.01893,2.73375,-0.20701
3090.50000,-0.01366,2.73273,-0.22645
3090.55000,-0.00898,2.73157,-0.26246
3090.60000,-0.00257,2.72970,-0.30399
3090.65000,0.00430,2.72760,-0.34088
3090.70000,0.01106,2.72560,-0.36919
3090.75000,0.01767,2.72366,-0.39454
3090.80000,0.02213,2.72213,-0.42081
3090.85000,0.02718,2.71976,-0.45603
3090.90000,0.03307,2.71670,-0.49864
3090.95000,0.04002,2.71269,-0.54434
3091.00000,0.04750,2.70791,-0.59253
3091.05000,0.05514,2.70280,-0.63307
3091.10000,0.06266,2.69779,-0.66099
3091.15000,0.07034,2.69256,-0.67043
3091.20000,0.07710,2.68821,-0.67553
3091.25000,0.08127,2.68607,-0.67899
3091.30000,0.08534,2.68394,-0.67960
3091.35000,0.08941,2.68179,-0.66886
3091.40000,0.09205,2.68035,-0.64722
3091.45000,0.09332,2.67949,-0.64602
3091.50000,0.09529,2.67800,-0.65918
3091.55000,0.09893,2.67511,-0.68125
3091.60000,0.10431,2.67061,-0.71264
3091.65000,0.11100,2.66460,-0.75185
3091.70000,0.11739,2.65834,-0.79724
3091.75000,0.12373,2.65182,-0.83453
3091.80000,0.13030,2.64497,-0.84908
3091.85000,0.13612,2.63845,-0.83133
3091.90000,0.14037,2.63393,-0.79433
3091.95000,0.14283,2.63152,-0.74472
3092.00000,0.14330,2.63111,-0.68341
3092.05000,0.14338,2.63104,-0.61984
3092.10000,0.14349,2.63100,-0.56793
3092.15000,0.14316,2.63145,-0.54047
3092.20000,0.14271,2.63184,-0.53829
3092.25000,0.14466,2.63064,-0.55294
3092.30000,0.14944,2.62758,-0.58458
3092.35000,0.15554,2.62337,-0.62439
3092.40000,0.16226,2.61830,-0.66886
3092.45000,0.16908,2.61265,-0.71440
3092.50000,0.17565,2.60668,-0.75926
3092.55000,0.18196,2.60042,-0.80362
3092.60000,0.18800,2.59387,-0.84723
3092.65000,0.19393,2.58715,-0.88256
3092.70000,0.20021,2.57992,-0.88976
3092.75000,0.20592,2.57300,-0.87155
3092.80000,0.20996,2.56836,-0.82716
3092.85000,0.21125,2.56701,-0.76724
3092.90000,0.21148,2.56681,-0.70119
3092.95000,0.21156,2.56674,-0.63491
3093.00000,0.21163,2.56672,-0.58006
3093.05000,0.21108,2.56738,-0.55730
3093.10000,0.21150,2.56711,-0.55865
3093.15000,0.21503,2.56483,-0.57855
3093.20000,0.22053,2.56111,-0.61052
3093.25000,0.22698,2.55641,-0.64889
3093.30000,0.23393,2.55091,-0.69097
3093.35000,0.24070,2.54506,-0.73289
3093.40000,0.24723,2.53893,-0.77466
3093.45000,0.25368,2.53260,-0.80725
3093.50000,0.26026,2.52590,-0.81028
3093.55000,0.26570,2.52030,-0.78566
3093.60000,0.26926,2.51690,-0.73579
3093.65000,0.27084,2.51553,-0.67289
3093.70000,0.27127,2.51521,-0.60344
3093.75000,0.27136,2.51515,-0.53244
3093.80000,0.27147,2.51511,-0.47264
3093.85000,0.27132,2.51540,-0.43885
3093.90000,0.27125,2.51557,-0.43304
3093.95000,0.27284,2.51479,-0.44027
3094.00000,0.27709,2.51268,-0.46227
3094.05000,0.28377,2.50920,-0.49821
3094.10000,0.29124,2.50493,-0.53931
3094.15000,0.29882,2.50017,-0.58142
3094.20000,0.30621,2.49510,-0.62266
3094.25000,0.31340,2.48971,-0.66334
3094.30000,0.32037,2.48403,-0.70352
3094.35000,0.32728,2.47815,-0.73530
3094.40000,0.33419,2.47199,-0.73736
3094.45000,0.33812,2.46852,-0.73025
3094.50000,0.34090,2.46607,-0.74914
3094.55000,0.34274,2.46428,-0.79165
3094.60000,0.34385,2.46311,-0.85089
3094.65000,0.34442,2.46242,-0.92070
3094.70000,0.34449,2.46232,-0.99386
3094.75000,0.34455,2.46221,-1.06666
3094.80000,0.34460,2.46211,-1.13900
3094.85000,0.34465,2.46200,-1.21086
3094.90000,0.34469,2.46189,-1.28221
3094.95000,0.34472,2.46177,-1.35303
3095.00000,0.34474,2.46166,-1.42331
3095.05000,0.34475,2.46154,-1.49302
3095.10000,0.34476,2.46142,-1.56215
3095.15000,0.34475,2.46131,-1.63070
3095.20000,0.34474,2.46119,-1.69865
3095.25000,0.34472,2.46107,-1.76600
3095.30000,0.34470,2.46096,-1.83273
3095.35000,0.34466,2.46085,-1.89887
3095.40000,0.34462,2.46074,-1.96442
3095.45000,0.34457,2.46063,-2.02940
3095.50000,0.34452,2.46053,-2.09382
3095.55000,0.34446,2.46044,-2.15772
3095.60000,0.34439,2.46035,-2.22113
3095.65000,0.34433,2.46026,-2.28410
3095.70000,0.34425,2.46018,-2.34666
3095.75000,0.34417,2.46011,-2.40888
3095.80000,0.34409,2.46004,-2.47082
3095.85000,0.34401,2.45998,-2.53259
3095.90000,0.34393,2.45992,-2.59427
3095.95000,0.34385,2.45988,-2.65602
3096.00000,0.34376,2.45984,-2.71799
3096.05000,0.34368,2.45980,-2.78041
3096.10000,0.34360,2.45977,-2.84355
3096.15000,0.34352,2.45975,-2.90772
3096.20000,0.34345,2.45974,-2.97329
3096.25000,0.34337,2.45973,-3.04060
3096.30000,0.34330,2.45972,-3.11001
3096.35000,0.34323,2.45972,3.10212
3096.40000,0.34315,2.45973,3.03022
3096.45000,0.34308,2.45974,2.95870
3096.50000,0.34301,2.45976,2.88779
3096.55000,0.34294,2.45978,2.81748
3096.60000,0.34287,2.45980,2.74777
3096.65000,0.34280,2.45983,2.67867
3096.70000,0.34274,2.45987,2.61034
3096.75000,0.34268,2.45991,2.54308
3096.80000,0.34262,2.45995,2.47695
3096.85000,0.34256,2.46000,2.41138
3096.90000,0.34250,2.46005,2.34544
3096.95000,0.34245,2.46011,2.27872
3097.00000,0.34240,2.46017,2.21162
3097.05000,0.34236,2.46023,2.14522
3097.10000,0.34234,2.46031,2.09118
3097.15000,0.34186,2.46122,2.05375
3097.20000,0.34022,2.46446,2.02787
3097.25000,0.33745,2.47022,2.01403
3097.30000,0.33341,2.47872,2.01311
3097.35000,0.32910,2.48780,2.01515
3097.40000,0.32477,2.49687,2.01741
3097.45000,0.32042,2.50596,2.02031
3097.50000,0.31603,2.51503,2.02366
3097.55000,0.31160,2.52407,2.02765
3097.60000,0.30714,2.53311,2.03205
3097.65000,0.30261,2.54217,2.03711
3097.70000,0.29804,2.55119,2.04255
3097.75000,0.29340,2.56021,2.04869
3097.80000,0.28870,2.56923,2.05498
3097.85000,0.28394,2.57822,2.06168
3097.90000,0.27910,2.58720,2.06896
3097.95000,0.27424,2.59607,2.08111
3098.00000,0.26943,2.60450,2.10123
3098.05000,0.26454,2.61258,2.12899
3098.10000,0.25934,2.62058,2.16111
3098.15000,0.25387,2.62842,2.19517
3098.20000,0.24808,2.63615,2.22968
3098.25000,0.24196,2.64376,2.26428
3098.30000,0.23571,2.65103,2.29911
3098.35000,0.22954,2.65769,2.33601
3098.40000,0.22314,2.66411,2.37356
3098.45000,0.21650,2.67029,2.41065
3098.50000,0.20964,2.67622,2.44792
3098.55000,0.20256,2.68188,2.48512
3098.60000,0.19527,2.68728,2.52243
3098.65000,0.18780,2.69240,2.56020
3098.70000,0.18013,2.69723,2.59755
3098.75000,0.17229,2.70178,2.63496
3098.80000,0.16429,2.70602,2.67256
3098.85000,0.15613,2.70997,2.71001
3098.90000,0.14782,2.71361,2.74717
3098.95000,0.13940,2.71693,2.78488
3099.00000,0.13085,2.71993,2.82261
3099.05000,0.12220,2.72261,2.86015
3099.10000,0.11346,2.72496,2.89822
3099.15000,0.10388,2.72717,2.93487
3099.20000,0.09431,2.72898,2.97582
3099.25000,0.08526,2.73029,3.02067
3099.30000,0.07682,2.73110,3.07106
3099.35000,0.06877,2.73144,3.12627
3099.40000,0.06119,2.73134,-3.09669
3099.45000,0.05379,2.73108,-3.04212
3099.50000,0.04660,2.73099,-3.00739
3099.55000,0.03992,2.73135,-3.00109
3099.60000,0.03349,2.73187,-3.01166
3099.65000,0.02814,2.73196,-3.04857
3099.70000,0.02398,2.73170,-3.10367
3099.75000,0.01884,2.73166,3.12033
3099.80000,0.01295,2.73197,3.05855
3099.85000,0.00660,2.73271,2.99480
3099.90000,-0.00007,2.73392,2.92984
3099.95000,-0.00613,2.73543,2.86099
3100.00000,-0.01191,2.73703,2.80041
3100.05000,-0.01789,2.73888,2.76035
3100.10000,-0.02436,2.74130,2.75134
3100.15000,-0.03091,2.74383,2.75761
3100.20000,-0.03747,2.74640,2.78805
3100.25000,-0.04430,2.74883,2.83049
3100.30000,-0.05206,2.75117,2.87679
3100.35000,-0.06012,2.75316,2.92776
3100.40000,-0.06804,2.75465,2.98373
3100.45000,-0.07566,2.75557,3.03004
3100.50000,-0.08239,2.75558,3.05098
3100.55000,-0.08871,2.75518,3.05248
3100.60000,-0.09481,2.75480,3.03622
3100.65000,-0.10029,2.75482,2.99570
3100.70000,-0.10487,2.75561,2.94040
3100.75000,-0.11029,2.75689,2.88145
3100.80000,-0.11631,2.75869,2.82014
3100.85000,-0.12185,2.76074,2.75395
3100.90000,-0.12722,2.76290,2.69598
3100.95000,-0.13275,2.76526,2.65474
3101.00000,-0.13895,2.76838,2.64560
3101.05000,-0.14564,2.77206,2.66096
3101.10000,-0.15247,2.77548,2.69445
3101.15000,-0.16008,2.77894,2.73457
3101.20000,-0.16873,2.78245,2.77834
3101.25000,-0.17807,2.78576,2.82459
3101.30000,-0.18764,2.78865,2.87164
3101.35000,-0.19734,2.79109,2.91890
3101.40000,-0.20686,2.79302,2.95162
3101.45000,-0.21556,2.79406,2.95631
3101.50000,-0.22379,2.79459,2.94354
3101.55000,-0.23198,2.79522,2.91306
3101.60000,-0.23903,2.79630,2.86789
3101.65000,-0.24489,2.79807,2.81159
3101.70000,-0.25106,2.80039,2.75186
3101.75000,-0.25746,2.80325,2.69009
3101.80000,-0.26382,2.80629,2.63765
3101.85000,-0.27029,2.80950,2.60154
3101.90000,-0.27731,2.81333,2.59417
3101.95000,-0.28413,2.81731,2.61582
3102.00000,-0.29099,2.82114,2.65043
3102.05000,-0.29911,2.82529,2.68965
3102.10000,-0.30815,2.82945,2.73119
3102.15000,-0.31728,2.83319,2.77505
3102.20000,-0.32633,2.83648,2.80345
3102.25000,-0.33453,2.83915,2.80286
3102.30000,-0.33904,2.84080,2.76937
3102.35000,-0.34309,2.84249,2.72102
3102.40000,-0.34808,2.84489,2.66758
3102.45000,-0.35367,2.84797,2.61063
3102.50000,-0.35932,2.85125,2.56247
3102.55000,-0.36503,2.85464,2.53196
3102.60000,-0.37107,2.85842,2.51864
3102.65000,-0.37735,2.86249,2.52258
3102.70000,-0.38373,2.86668,2.53961
3102.75000,-0.39026,2.87108,2.57229
3102.80000,-0.39691,2.87518,2.61997
3102.85000,-0.40425,2.87915,2.67153
3102.90000,-0.41197,2.88281,2.72624
3102.95000,-0.42024,2.88619,2.78231
3103.00000,-0.42888,2.88915,2.83965
3103.05000,-0.43782,2.89165,2.89784
3103.10000,-0.44704,2.89366,2.95650
3103.15000,-0.45644,2.89513,3.01552
3103.20000,-0.46573,2.89603,3.07572
3103.25000,-0.47507,2.89636,3.13585
3103.30000,-0.48435,2.89613,-3.08680
3103.35000,-0.49347,2.89575,-3.03315
3103.40000,-0.50231,2.89561,-2.99085
3103.45000,-0.51062,2.89594,-2.97315
3103.50000,-0.51831,2.89647,-2.97526
3103.55000,-0.52478,2.89613,-3.00488
3103.60000,-0.53073,2.89547,-3.05279
3103.65000,-0.53844,2.89497,-3.10195
3103.70000,-0.54692,2.89486,3.12955
3103.75000,-0.55527,2.89519,3.07358
3103.80000,-0.56336,2.89598,3.01408
3103.85000,-0.57163,2.89730,2.95354
3103.90000,-0.57934,2.89902,2.88988
3103.95000,-0.58638,2.90108,2.82316
3104.00000,-0.59305,2.90354,2.75482
3104.05000,-0.59950,2.90608,2.69638
3104.10000,-0.60444,2.90825,2.65485
3104.15000,-0.60771,2.91008,2.60400
3104.20000,-0.61122,2.91233,2.54531
3104.25000,-0.61519,2.91521,2.48270
3104.30000,-0.61935,2.91866,2.41725
3104.35000,-0.62346,2.92255,2.34947
3104.40000,-0.62751,2.92695,2.28055
3104.45000,-0.63122,2.93159,2.20982
3104.50000,-0.63460,2.93650,2.13800
3104.55000,-0.63761,2.94164,2.06533
3104.60000,-0.64020,2.94689,1.99168
3104.65000,-0.64237,2.95227,1.91745
3104.70000,-0.64409,2.95764,1.84228
3104.75000,-0.64538,2.96307,1.76664
3104.80000,-0.64623,2.96844,1.69036
3104.85000,-0.64667,2.97383,1.61378
3104.90000,-0.64669,2.97908,1.53659
3104.95000,-0.64631,2.98420,1.45886
3105.00000,-0.64555,2.98921,1.38081
3105.05000,-0.64443,2.99403,1.30229
3105.10000,-0.64295,2.99868,1.22348
3105.15000,-0.64109,3.00323,1.14474
3105.20000,-0.63887,3.00766,1.06614
3105.25000,-0.63630,3.01190,0.98757
3105.30000,-0.63337,3.01598,0.90919
3105.35000,-0.63012,3.01984,0.83093
3105.40000,-0.62652,3.02349,0.75295
3105.45000,-0.62261,3.02687,0.67513
3105.50000,-0.61841,3.02997,0.59752
3105.55000,-0.61391,3.03279,0.52026
3105.60000,-0.60917,3.03526,0.44311
3105.65000,-0.60426,3.03736,0.36598
3105.70000,-0.59920,3.03908,0.28887
3105.75000,-0.59402,3.04040,0.21176
3105.80000,-0.58875,3.04132,0.13465
3105.85000,-0.58345,3.04183,0.05747
3105.90000,-0.57811,3.04193,-0.01966
3105.95000,-0.57279,3.04162,-0.09681
3106.00000,-0.56747,3.04090,-0.17385
3106.05000,-0.56223,3.03977,-0.25087
3106.10000,-0.55707,3.03823,-0.32782
3106.15000,-0.55200,3.03629,-0.40462
3106.20000,-0.54707,3.03395,-0.48129
3106.25000,-0.54227,3.03120,-0.55767
3106.30000,-0.53763,3.02805,-0.63379
3106.35000,-0.53323,3.02455,-0.70984
3106.40000,-0.52914,3.02076,-0.78602
3106.45000,-0.52537,3.01695,-0.85015
3106.50000,-0.52184,3.01328,-0.89172
3106.55000,-0.51988,3.01074,-0.91645
3106.60000,-0.51888,3.00939,-0.93449
3106.65000,-0.51785,3.00796,-0.95086
3106.70000,-0.51687,3.00655,-0.96627
3106.75000,-0.51589,3.00513,-0.98044
3106.80000,-0.51493,3.00369,-0.99361
3106.85000,-0.51400,3.00224,-1.00522
3106.90000,-0.51312,3.00086,-1.01602
3106.95000,-0.51221,2.99937,-1.02529
3107.00000,-0.51133,2.99793,-1.03363
3107.05000,-0.51047,2.99647,-1.04087
3107.10000,-0.50955,2.99491,-1.04675
3107.15000,-0.50863,2.99330,-1.05124
3107.20000,-0.50770,2.99167,-1.05484
3107.25000,-0.50679,2.99008,-1.05731
3107.30000,-0.50590,2.98850,-1.05889
3107.35000,-0.50501,2.98690,-1.05945
3107.40000,-0.50411,2.98531,-1.05905
3107.45000,-0.50322,2.98371,-1.05767
3107.50000,-0.50231,2.98209,-1.05535
3107.55000,-0.50139,2.98047,-1.05209
3107.60000,-0.50046,2.97884,-1.04800
3107.65000,-0.49954,2.97725,-1.04319
3107.70000,-0.49864,2.97571,-1.03734
3107.75000,-0.49766,2.97405,-1.03068
3107.80000,-0.49666,2.97238,-1.02322
3107.85000,-0.49572,2.97085,-1.01497
3107.90000,-0.49478,2.96933,-1.00621
3107.95000,-0.49386,2.96791,-0.99686
3108.00000,-0.49293,2.96648,-0.98600
3108.05000,-0.49197,2.96502,-0.97494
3108.10000,-0.49094,2.96351,-0.96349
3108.15000,-0.48989,2.96199,-0.95166
3108.20000,-0.48881,2.96048,-0.93807
3108.25000,-0.48772,2.95901,-0.92461
3108.30000,-0.48666,2.95763,-0.90924
3108.35000,-0.48564,2.95631,-0.89340
3108.40000,-0.48459,2.95502,-0.87642
3108.45000,-0.48345,2.95367,-0.85944
3108.50000,-0.48233,2.95238,-0.84197
3108.55000,-0.48114,2.95107,-0.82433
3108.60000,-0.47980,2.94963,-0.80732
3108.65000,-0.47855,2.94833,-0.79038
3108.70000,-0.47725,2.94705,-0.77172
3108.75000,-0.47594,2.94579,-0.75401
3108.80000,-0.47458,2.94454,-0.73496
3108.85000,-0.47315,2.94327,-0.71645
3108.90000,-0.47172,2.94204,-0.69779
3108.95000,-0.47026,2.94084,-0.67909
3109.00000,-0.46882,2.93970,-0.65873
3109.05000,-0.46748,2.93869,-0.63758
3109.10000,-0.46605,2.93766,-0.61704
3109.15000,-0.46468,2.93671,-0.59613
3109.20000,-0.46332,2.93581,-0.57495
3109.25000,-0.46202,2.93500,-0.55337
3109.30000,-0.46081,2.93428,-0.53162
3109.35000,-0.45960,2.93360,-0.50932
3109.40000,-0.45848,2.93300,-0.48631
3109.45000,-0.45769,2.93273,-0.47608
3109.50000,-0.45688,2.93247,-0.48841
3109.55000,-0.45370,2.93069,-0.51902
3109.60000,-0.44916,2.92796,-0.55906
3109.65000,-0.44394,2.92467,-0.59193
3109.70000,-0.43890,2.92129,-0.59525
3109.75000,-0.43666,2.91987,-0.57923
3109.80000,-0.43591,2.91940,-0.55364
3109.85000,-0.43510,2.91892,-0.52783
3109.90000,-0.43426,2.91845,-0.50138
3109.95000,-0.43343,2.91801,-0.47453
3110.00000,-0.43294,2.91778,-0.46510
3110.05000,-0.43186,2.91721,-0.47965
3110.10000,-0.42852,2.91540,-0.50908
3110.15000,-0.42371,2.91258,-0.54713
3110.20000,-0.41812,2.90918,-0.57757
3110.25000,-0.41286,2.90581,-0.57693
3110.30000,-0.41108,2.90473,-0.55233
3110.35000,-0.41026,2.90424,-0.52094
3110.40000,-0.40940,2.90377,-0.48929
3110.45000,-0.40854,2.90333,-0.45759
3110.50000,-0.40765,2.90291,-0.42585
3110.55000,-0.40724,2.90288,-0.41062
3110.60000,-0.40707,2.90301,-0.41350
3110.65000,-0.40421,2.90166,-0.43747
3110.70000,-0.39932,2.89926,-0.47314
3110.75000,-0.39327,2.89600,-0.51516
3110.80000,-0.38668,2.89219,-0.54867
3110.85000,-0.37977,2.88798,-0.55612
3110.90000,-0.37364,2.88419,-0.55438
3110.95000,-0.36976,2.88192,-0.53838
3111.00000,-0.36792,2.88103,-0.51022
3111.05000,-0.36737,2.88070,-0.47649
3111.10000,-0.36709,2.88054,-0.44365
3111.15000,-0.36679,2.88038,-0.41117
3111.20000,-0.36637,2.88018,-0.37831
3111.25000,-0.36602,2.88004,-0.34577
3111.30000,-0.36546,2.87999,-0.32446
3111.35000,-0.36488,2.87994,-0.32560
3111.40000,-0.36173,2.87878,-0.34662
3111.45000,-0.35634,2.87672,-0.37988
3111.50000,-0.34972,2.87392,-0.41985
3111.55000,-0.34230,2.87041,-0.46450
3111.60000,-0.33457,2.86630,-0.51218
3111.65000,-0.32770,2.86233,-0.53921
3111.70000,-0.32178,2.85888,-0.53581
3111.75000,-0.31819,2.85687,-0.51598
3111.80000,-0.31673,2.85620,-0.48446
3111.85000,-0.31627,2.85595,-0.44727
3111.90000,-0.31607,2.85586,-0.41115
3111.95000,-0.31569,2.85567,-0.37436
3112.00000,-0.31536,2.85552,-0.33796
3112.05000,-0.31526,2.85549,-0.30233
3112.10000,-0.31504,2.85553,-0.28043
3112.15000,-0.31432,2.85536,-0.28306
3112.20000,-0.31056,2.85417,-0.30298
3112.25000,-0.30492,2.85229,-0.33493
3112.30000,-0.29798,2.84972,-0.37344
3112.35000,-0.29009,2.84642,-0.41621
3112.40000,-0.28172,2.84276,-0.45376
3112.45000,-0.27325,2.83894,-0.46913
3112.50000,-0.26583,2.83550,-0.46370
3112.55000,-0.26118,2.83325,-0.44330
3112.60000,-0.25873,2.83219,-0.41186
3112.65000,-0.25861,2.83214,-0.36958
3112.70000,-0.25852,2.83211,-0.32683
3112.75000,-0.25843,2.83208,-0.28421
3112.80000,-0.25834,2.83205,-0.24172
3112.85000,-0.25822,2.83204,-0.21236
3112.90000,-0.25784,2.83192,-0.20841
3112.95000,-0.25466,2.83111,-0.22206
3113.00000,-0.24879,2.82965,-0.25047
3113.05000,-0.24097,2.82748,-0.28425
3113.10000,-0.23174,2.82459,-0.32160
3113.15000,-0.22232,2.82125,-0.36074
3113.20000,-0.21304,2.81753,-0.39995
3113.25000,-0.20395,2.81375,-0.43206
3113.30000,-0.19503,2.80988,-0.43539
3113.35000,-0.18770,2.80679,-0.41565
3113.40000,-0.18307,2.80485,-0.38390
3113.45000,-0.18092,2.80403,-0.33991
3113.50000,-0.18071,2.80396,-0.28684
3113.55000,-0.18064,2.80394,-0.23292
3113.60000,-0.18056,2.80392,-0.17921
3113.65000,-0.18049,2.80391,-0.12571
3113.70000,-0.18034,2.80386,-0.08240
3113.75000,-0.18048,2.80385,-0.06409
3113.80000,-0.17977,2.80363,-0.06406
3113.85000,-0.17679,2.80322,-0.07461
3113.90000,-0.17125,2.80261,-0.09926
3113.95000,-0.16343,2.80167,-0.13641
3114.00000,-0.15450,2.80025,-0.17715
3114.05000,-0.14560,2.79846,-0.21830
3114.10000,-0.13672,2.79627,-0.25928
3114.15000,-0.12772,2.79369,-0.29950
3114.20000,-0.11906,2.79105,-0.32994
3114.25000,-0.11025,2.78820,-0.33750
3114.30000,-0.10199,2.78551,-0.32045
3114.35000,-0.09771,2.78420,-0.27962
3114.40000,-0.09593,2.78373,-0.22731
3114.45000,-0.09583,2.78371,-0.16832
3114.50000,-0.09576,2.78370,-0.11006
3114.55000,-0.09573,2.78374,-0.06161
3114.60000,-0.09620,2.78376,-0.03801
3114.65000,-0.09620,2.78361,-0.03466
3114.70000,-0.09366,2.78340,-0.04377
3114.75000,-0.08847,2.78304,-0.06694
3114.80000,-0.08074,2.78236,-0.10279
3114.85000,-0.07199,2.78127,-0.14409
3114.90000,-0.06316,2.77980,-0.18593
3114.95000,-0.05439,2.77796,-0.22741
3115.00000,-0.04571,2.77576,-0.26906
3115.05000,-0.03706,2.77335,-0.30406
3115.10000,-0.02955,2.77135,-0.32875
3115.15000,-0.02534,2.76992,-0.34373
3115.20000,-0.02190,2.76885,-0.35345
3115.25000,-0.01970,2.76801,-0.37106
3115.30000,-0.01792,2.76740,-0.37881
3115.35000,-0.01599,2.76661,-0.40692
3115.40000,-0.01218,2.76485,-0.44488
3115.45000,-0.00633,2.76190,-0.48686
3115.50000,-0.00009,2.75861,-0.52427
3115.55000,0.00535,2.75581,-0.55398
3115.60000,0.00917,2.75334,-0.59153
3115.65000,0.01366,2.75029,-0.62632
3115.70000,0.01856,2.74676,-0.63921
3115.75000,0.02179,2.74450,-0.63627
3115.80000,0.02403,2.74293,-0.65690
3115.85000,0.02704,2.74059,-0.67151
3115.90000,0.03050,2.73780,-0.66408
3115.95000,0.03396,2.73507,-0.63533
3116.00000,0.03538,2.73426,-0.60848
3116.05000,0.03619,2.73371,-0.58924
3116.10000,0.03682,2.73332,-0.57483
3116.15000,0.03698,2.73334,-0.58171
3116.20000,0.03934,2.73173,-0.60905
3116.25000,0.04286,2.72924,-0.63703
3116.30000,0.04685,2.72620,-0.64255
3116.35000,0.05118,2.72278,-0.63408
3116.40000,0.05574,2.71911,-0.61641
3116.45000,0.06044,2.71580,-0.59171
3116.50000,0.06386,2.71373,-0.56830
3116.55000,0.06645,2.71243,-0.56289
3116.60000,0.06890,2.71112,-0.58265
3116.65000,0.07308,2.70825,-0.61887
3116.70000,0.07831,2.70435,-0.66175
3116.75000,0.08420,2.69954,-0.70910
3116.80000,0.09039,2.69395,-0.75964
3116.85000,0.09655,2.68778,-0.81084
3116.90000,0.10252,2.68149,-0.85489
3116.95000,0.10885,2.67454,-0.86714
3117.00000,0.11458,2.66785,-0.85355
3117.05000,0.11883,2.66306,-0.82581
3117.10000,0.12084,2.66085,-0.78891
3117.15000,0.12131,2.66040,-0.75312
3117.20000,0.12163,2.66011,-0.73217
3117.25000,0.12224,2.65951,-0.70382
3117.30000,0.12257,2.65921,-0.66386
3117.35000,0.12249,2.65929,-0.63759
3117.40000,0.12210,2.65969,-0.63623
3117.45000,0.12436,2.65798,-0.65596
3117.50000,0.12843,2.65474,-0.68796
3117.55000,0.13366,2.65027,-0.72759
3117.60000,0.13952,2.64481,-0.77208
3117.65000,0.14562,2.63858,-0.81951
3117.70000,0.15160,2.63216,-0.86027
3117.75000,0.15801,2.62523,-0.87586
3117.80000,0.16372,2.61852,-0.86191
3117.85000,0.16737,2.61433,-0.83102
3117.90000,0.16921,2.61238,-0.78766
3117.95000,0.16944,2.61216,-0.73348
3118.00000,0.16949,2.61211,-0.67760
3118.05000,0.16958,2.61208,-0.63335
3118.10000,0.16930,2.61247,-0.61195
3118.15000,0.16939,2.61250,-0.61348
3118.20000,0.17262,2.61015,-0.63539
3118.25000,0.17770,2.60626,-0.67055
3118.30000,0.18365,2.60134,-0.71166
3118.35000,0.19008,2.59554,-0.75667
3118.40000,0.19639,2.58931,-0.80184
3118.45000,0.20243,2.58279,-0.84631
3118.50000,0.20831,2.57612,-0.88343
3118.55000,0.21445,2.56908,-0.89687
3118.60000,0.21864,2.56387,-0.87427
3118.65000,0.21978,2.56247,-0.83319
3118.70000,0.21984,2.56239,-0.78838
3118.75000,0.21992,2.56232,-0.74604
3118.80000,0.22001,2.56224,-0.70626
3118.85000,0.22011,2.56216,-0.66870
3118.90000,0.22023,2.56209,-0.64188
3118.95000,0.22028,2.56214,-0.62825
3119.00000,0.22141,2.56132,-0.63246
3119.05000,0.22599,2.55786,-0.65990
3119.10000,0.23245,2.55267,-0.69275
3119.15000,0.23977,2.54637,-0.72988
3119.20000,0.24710,2.53981,-0.76154
3119.25000,0.25362,2.53365,-0.77086
3119.30000,0.25871,2.52871,-0.76791
3119.35000,0.26241,2.52520,-0.75519
3119.40000,0.26344,2.52424,-0.72775
3119.45000,0.26358,2.52412,-0.69485
3119.50000,0.26372,2.52401,-0.66189
3119.55000,0.26386,2.52390,-0.62906
3119.60000,0.26401,2.52380,-0.59635
3119.65000,0.26414,2.52375,-0.57662
3119.70000,0.26541,2.52292,-0.57944
3119.75000,0.26960,2.52011,-0.59992
3119.80000,0.27578,2.51575,-0.62790
3119.85000,0.28307,2.51027,-0.66180
3119.90000,0.29083,2.50399,-0.69851
3119.95000,0.29836,2.49768,-0.72818
3120.00000,0.30514,2.49175,-0.73086
3120.05000,0.30845,2.48888,-0.70948
3120.10000,0.30919,2.48826,-0.67327
3120.15000,0.30928,2.48819,-0.63264
3120.20000,0.30937,2.48813,-0.59201
3120.25000,0.30946,2.48807,-0.55158
3120.30000,0.30959,2.48801,-0.52242
3120.35000,0.31070,2.48735,-0.52104
3120.40000,0.31471,2.48497,-0.53876
3120.45000,0.32060,2.48134,-0.56607
3120.50000,0.32749,2.47678,-0.60047
3120.55000,0.33503,2.47140,-0.63891
3120.60000,0.34294,2.46529,-0.67529
3120.65000,0.35062,2.45910,-0.70203
3120.70000,0.35739,2.45340,-0.69845
3120.75000,0.36271,2.44903,-0.67346
3120.80000,0.36583,2.44662,-0.63356
3120.85000,0.36685,2.44590,-0.58091
3120.90000,0.36696,2.44585,-0.53531
3120.95000,0.36705,2.44590,-0.52064
3121.00000,0.36709,2.44599,-0.53191
3121.05000,0.36985,2.44423,-0.56362
3121.10000,0.37470,2.44101,-0.60198
3121.15000,0.38015,2.43708,-0.64778
3121.20000,0.38587,2.43252,-0.69886
3121.25000,0.39191,2.42716,-0.75236
3121.30000,0.39800,2.42113,-0.80777
3121.35000,0.40411,2.41437,-0.86379
3121.40000,0.40995,2.40713,-0.92090
3121.45000,0.41548,2.39939,-0.97851
3121.50000,0.42063,2.39124,-1.03652
3121.55000,0.42536,2.38269,-1.09474
3121.60000,0.42968,2.37369,-1.15157
3121.65000,0.43348,2.36446,-1.20872
3121.70000,0.43597,2.35703,-1.26607
3121.75000,0.43697,2.35346,-1.33066
3121.80000,0.43736,2.35164,-1.40231
3121.85000,0.43744,2.35107,-1.47887
3121.90000,0.43745,2.35097,-1.55693
3121.95000,0.43744,2.35086,-1.63456
3122.00000,0.43743,2.35076,-1.71171
3122.05000,0.43741,2.35066,-1.78836
3122.10000,0.43739,2.35056,-1.86451
3122.15000,0.43735,2.35046,-1.94016
3122.20000,0.43731,2.35036,-2.01530
3122.25000,0.43726,2.35027,-2.08993
3122.30000,0.43721,2.35019,-2.16405
3122.35000,0.43715,2.35010,-2.23767
3122.40000,0.43708,2.35003,-2.31079
3122.45000,0.43701,2.34996,-2.38343
3122.50000,0.43694,2.34989,-2.45558
3122.55000,0.43686,2.34983,-2.52726
3122.60000,0.43678,2.34978,-2.59850
3122.65000,0.43669,2.34973,-2.66930
3122.70000,0.43660,2.34969,-2.73970
3122.75000,0.43651,2.34965,-2.80973
3122.80000,0.43642,2.34962,-2.87941
3122.85000,0.43633,2.34960,-2.94880
3122.90000,0.43623,2.34959,-3.01792
3122.95000,0.43614,2.34958,-3.08683
3123.00000,0.43604,2.34958,3.12764
3123.05000,0.43595,2.34958,3.05908
3123.10000,0.43586,2.34959,2.99066
3123.15000,0.43576,2.34961,2.92235
3123.20000,0.43567,2.34964,2.85416
3123.25000,0.43558,2.34967,2.78607
3123.30000,0.43549,2.34970,2.71808
3123.35000,0.43541,2.34975,2.65017
3123.40000,0.43532,2.34979,2.58236
3123.45000,0.43524,2.34985,2.51463
3123.50000,0.43516,2.34991,2.44700
3123.55000,0.43509,2.34998,2.37948
3123.60000,0.43501,2.35005,2.31211
3123.65000,0.43495,2.35013,2.24489
3123.70000,0.43488,2.35022,2.17787
3123.75000,0.43484,2.35032,2.12395
3123.80000,0.43408,2.35162,2.08920
3123.85000,0.43205,2.35529,2.06668
3123.90000,0.42922,2.36062,2.05236
3123.95000,0.42563,2.36756,2.04570
3124.00000,0.42127,2.37600,2.04647
3124.05000,0.41667,2.38490,2.04994
3124.10000,0.41203,2.39377,2.05376
3124.15000,0.40736,2.40265,2.05806
3124.20000,0.40265,2.41149,2.06271
3124.25000,0.39789,2.42030,2.06828
3124.30000,0.39310,2.42908,2.07391
3124.35000,0.38824,2.43785,2.08023
3124.40000,0.38334,2.44655,2.08661
3124.45000,0.37838,2.45523,2.09339
3124.50000,0.37328,2.46399,2.10126
3124.55000,0.36807,2.47278,2.10999
3124.60000,0.36288,2.48139,2.11910
3124.65000,0.35764,2.48989,2.12788
3124.70000,0.35232,2.49835,2.13648
3124.75000,0.34693,2.50675,2.14501
3124.80000,0.34146,2.51513,2.15482
3124.85000,0.33586,2.52352,2.16492
3124.90000,0.33023,2.53177,2.17583
3124.95000,0.32463,2.53977,2.18736
3125.00000,0.31884,2.54784,2.20010
3125.05000,0.31285,2.55595,2.21330
3125.10000,0.30704,2.56377,2.21523
3125.15000,0.30254,2.56998,2.19227
3125.20000,0.29948,2.57443,2.14999
3125.25000,0.29803,2.57676,2.09567
3125.30000,0.29742,2.57784,2.04778
3125.35000,0.29616,2.58007,2.02884
3125.40000,0.29332,2.58577,2.03063
3125.45000,0.28932,2.59369,2.04493
3125.50000,0.28479,2.60232,2.07013
3125.55000,0.27990,2.61093,2.10178
3125.60000,0.27485,2.61916,2.13734
3125.65000,0.26947,2.62732,2.17898
3125.70000,0.26421,2.63452,2.22328
3125.75000,0.25820,2.64205,2.26530
3125.80000,0.25229,2.64883,2.30964
3125.85000,0.24615,2.65528,2.35341
3125.90000,0.23973,2.66146,2.39710
3125.95000,0.23306,2.66735,2.44103
3126.00000,0.22612,2.67294,2.48480
3126.05000,0.21894,2.67823,2.52770
3126.10000,0.21153,2.68322,2.57060
3126.15000,0.20358,2.68810,2.61243
3126.20000,0.19578,2.69244,2.65524
3126.25000,0.18779,2.69645,2.69764
3126.30000,0.17964,2.70012,2.73998
3126.35000,0.17082,2.70367,2.78034
3126.40000,0.16152,2.70699,2.81953
3126.45000,0.15208,2.70995,2.85794
3126.50000,0.14260,2.71252,2.89702
3126.55000,0.13315,2.71469,2.93644
3126.60000,0.12335,2.71652,2.97434
3126.65000,0.11359,2.71798,3.01368
3126.70000,0.10367,2.71905,3.05249
3126.75000,0.09371,2.71974,3.09149
3126.80000,0.08426,2.72002,3.13331
3126.85000,0.07544,2.71995,-3.11826
3126.90000,0.06680,2.71975,-3.10670
3126.95000,0.05797,2.71932,-3.10511
3127.00000,0.04886,2.71881,-3.11127
3127.05000,0.03942,2.71846,-3.12386
3127.10000,0.02973,2.71837,3.13703
3127.15000,0.02103,2.71844,3.10266
3127.20000,0.01447,2.71870,3.05904
3127.25000,0.01025,2.71914,3.00570
3127.30000,0.00780,2.71955,2.94547
3127.35000,0.00550,2.72008,2.88537
3127.40000,0.00326,2.72066,2.83574
3127.45000,0.00109,2.72119,2.79900
3127.50000,-0.00094,2.72163,2.77169
3127.55000,-0.00293,2.72204,2.75315
3127.60000,-0.00615,2.72336,2.76142
3127.65000,-0.01343,2.72622,2.78984
3127.70000,-0.02251,2.72938,2.82504
3127.75000,-0.03207,2.73232,2.86076
3127.80000,-0.04172,2.73492,2.89632
3127.85000,-0.05146,2.73718,2.93163
3127.90000,-0.06127,2.73908,2.96750
3127.95000,-0.07115,2.74064,3.00326
3128.00000,-0.08108,2.74184,3.03936
3128.05000,-0.08987,2.74260,3.05821
3128.10000,-0.09766,2.74277,3.05818
3128.15000,-0.10481,2.74243,3.04377
3128.20000,-0.11053,2.74206,3.00960
3128.25000,-0.11380,2.74193,2.96491
3128.30000,-0.11504,2.74211,2.91230
3128.35000,-0.11604,2.74237,2.85915
3128.40000,-0.11701,2.74267,2.81634
3128.45000,-0.11810,2.74312,2.78787
3128.50000,-0.11931,2.74372,2.76895
3128.55000,-0.12063,2.74445,2.75911
3128.60000,-0.12225,2.74541,2.75861
3128.65000,-0.12577,2.74712,2.77054
3128.70000,-0.13087,2.74927,2.78947
3128.75000,-0.13815,2.75188,2.81762
3128.80000,-0.14739,2.75482,2.85318
3128.85000,-0.15703,2.75749,2.88999
3128.90000,-0.16676,2.75980,2.92686
3128.95000,-0.17612,2.76148,2.94970
3129.00000,-0.18434,2.76202,2.94651
3129.05000,-0.19036,2.76185,2.92368
3129.10000,-0.19221,2.76158,2.88340
3129.15000,-0.19263,2.76171,2.83722
3129.20000,-0.19303,2.76184,2.79133
3129.25000,-0.19347,2.76205,2.75287
3129.30000,-0.19430,2.76270,2.73287
3129.35000,-0.19656,2.76414,2.73871
3129.40000,-0.20166,2.76646,2.75797
3129.45000,-0.20956,2.76953,2.78853
3129.50000,-0.21866,2.77271,2.82370
3129.55000,-0.22823,2.77567,2.86024
3129.60000,-0.23753,2.77810,2.88313
3129.65000,-0.24593,2.77957,2.88345
3129.70000,-0.25179,2.78028,2.86472
3129.75000,-0.25321,2.78051,2.82733
3129.80000,-0.25345,2.78059,2.78496
3129.85000,-0.25368,2.78068,2.74307
3129.90000,-0.25389,2.78078,2.70183
3129.95000,-0.25413,2.78094,2.66721
3130.00000,-0.25479,2.78159,2.65370
3130.05000,-0.25567,2.78247,2.65063
3130.10000,-0.25888,2.78440,2.66233
3130.15000,-0.26593,2.78800,2.69090
3130.20000,-0.27458,2.79204,2.72629
3130.25000,-0.28378,2.79590,2.76274
3130.30000,-0.29312,2.79942,2.79901
3130.35000,-0.30232,2.80263,2.82559
3130.40000,-0.31130,2.80563,2.83479
3130.45000,-0.31711,2.80736,2.82425
3130.50000,-0.31818,2.80762,2.79265
3130.55000,-0.31780,2.80747,2.75417
3130.60000,-0.31793,2.80752,2.71789
3130.65000,-0.31805,2.80758,2.68236
3130.70000,-0.31817,2.80764,2.64756
3130.75000,-0.31861,2.80779,2.62837
3130.80000,-0.32070,2.80899,2.63349
3130.85000,-0.32566,2.81172,2.65287
3130.90000,-0.33223,2.81512,2.68037
3130.95000,-0.33974,2.81869,2.71617
3131.00000,-0.34894,2.82267,2.75270
3131.05000,-0.35755,2.82597,2.77617
3131.10000,-0.36536,2.82873,2.77724
3131.15000,-0.37033,2.83060,2.76269
3131.20000,-0.37147,2.83099,2.73107
3131.25000,-0.37079,2.83069,2.69113
3131.30000,-0.37001,2.83029,2.65071
3131.35000,-0.36926,2.82987,2.61072
3131.40000,-0.36895,2.82982,2.58503
3131.45000,-0.36894,2.83003,2.57871
3131.50000,-0.37138,2.83166,2.59099
3131.55000,-0.37722,2.83519,2.61761
3131.60000,-0.38393,2.83891,2.65258
3131.65000,-0.39210,2.84307,2.69154
3131.70000,-0.40041,2.84686,2.73611
3131.75000,-0.40903,2.85032,2.78487
3131.80000,-0.41802,2.85344,2.83140
3131.85000,-0.42687,2.85604,2.86146
3131.90000,-0.43503,2.85811,2.86333
3131.95000,-0.43983,2.85920,2.86011
3132.00000,-0.44309,2.85995,2.85879
3132.05000,-0.44507,2.86037,2.83156
3132.10000,-0.44516,2.86039,2.79149
3132.15000,-0.44532,2.86045,2.75136
3132.20000,-0.44542,2.86048,2.71789
3132.25000,-0.44547,2.86052,2.70662
3132.30000,-0.44664,2.86116,2.72011
3132.35000,-0.45100,2.86309,2.75110
3132.40000,-0.45641,2.86519,2.79267
3132.45000,-0.46380,2.86770,2.83657
3132.50000,-0.47174,2.87001,2.88520
3132.55000,-0.48007,2.87209,2.92016
3132.60000,-0.48629,2.87331,2.94065
3132.65000,-0.49097,2.87405,2.95641
3132.70000,-0.49523,2.87453,2.94517
3132.75000,-0.49768,2.87496,2.92674
3132.80000,-0.49970,2.87533,2.91602
3132.85000,-0.50050,2.87544,2.88173
3132.90000,-0.50062,2.87537,2.84910
3132.95000,-0.50073,2.87527,2.83678
3133.00000,-0.50105,2.87538,2.84707
3133.05000,-0.50193,2.87565,2.86477
3133.10000,-0.50414,2.87626,2.88923
3133.15000,-0.50797,2.87719,2.92207
3133.20000,-0.51367,2.87836,2.96325
3133.25000,-0.52106,2.87958,3.01265
3133.30000,-0.52994,2.88052,3.06315
3133.35000,-0.53836,2.88097,3.11863
3133.40000,-0.54533,2.88098,-3.10931
3133.45000,-0.55181,2.88086,-3.06234
3133.50000,-0.55572,2.88045,-3.01321
3133.55000,-0.56065,2.87967,-2.95867
3133.60000,-0.56643,2.87843,-2.90062
3133.65000,-0.57285,2.87664,-2.84050
3133.70000,-0.57960,2.87431,-2.77876
3133.75000,-0.58653,2.87143,-2.71596
3133.80000,-0.59352,2.86799,-2.65258
3133.85000,-0.60053,2.86396,-2.58907
3133.90000,-0.60734,2.85980,-2.53405
3133.95000,-0.61402,2.85569,-2.50070
3134.00000,-0.62035,2.85185,-2.49829
3134.05000,-0.62540,2.84861,-2.52299
3134.10000,-0.62657,2.84781,-2.57012
3134.15000,-0.62657,2.84782,-2.60249
3134.20000,-0.62718,2.84750,-2.60193
3134.25000,-0.62818,2.84687,-2.57901
3134.30000,-0.63055,2.84527,-2.53964
3134.35000,-0.63478,2.84223,-2.49165
3134.40000,-0.63946,2.83848,-2.44086
3134.45000,-0.64423,2.83445,-2.39513
3134.50000,-0.64890,2.83046,-2.37234
3134.55000,-0.65320,2.82675,-2.37911
3134.60000,-0.65619,2.82408,-2.41579
3134.65000,-0.65713,2.82327,-2.46857
3134.70000,-0.65785,2.82271,-2.51027
3134.75000,-0.65823,2.82247,-2.53875
3134.80000,-0.65820,2.82250,-2.58597
3134.85000,-0.65892,2.82203,-2.62571
3134.90000,-0.66024,2.82103,-2.63642
3134.95000,-0.66175,2.81990,-2.62747
3135.00000,-0.66412,2.81823,-2.59548
3135.05000,-0.66850,2.81543,-2.55018
3135.10000,-0.67357,2.81185,-2.50081
3135.15000,-0.67914,2.80747,-2.44847
3135.20000,-0.68502,2.80231,-2.39371
3135.25000,-0.69098,2.79645,-2.33731
3135.30000,-0.69690,2.78994,-2.27997
3135.35000,-0.70242,2.78342,-2.22981
3135.40000,-0.70654,2.77814,-2.19434
3135.45000,-0.70940,2.77406,-2.15024
3135.50000,-0.71122,2.77111,-2.09032
3135.55000,-0.71215,2.76936,-2.01776
3135.60000,-0.71271,2.76808,-1.93781
3135.65000,-0.71302,2.76717,-1.85262
3135.70000,-0.71318,2.76650,-1.76374
3135.75000,-0.71330,2.76569,-1.67346
3135.80000,-0.71335,2.76481,-1.58346
3135.85000,-0.71332,2.76399,-1.49432
3135.90000,-0.71323,2.76323,-1.40609
3135.95000,-0.71308,2.76254,-1.31876
3136.00000,-0.71289,2.76191,-1.23233
3136.05000,-0.71267,2.76135,-1.14681
3136.10000,-0.71242,2.76085,-1.06221
3136.15000,-0.71215,2.76041,-0.97852
3136.20000,-0.71186,2.76002,-0.89574
3136.25000,-0.71158,2.75969,-0.81388
3136.30000,-0.71128,2.75941,-0.73292
3136.35000,-0.71100,2.75917,-0.65286
3136.40000,-0.71071,2.75897,-0.57369
3136.45000,-0.71044,2.75880,-0.49539
3136.50000,-0.71018,2.75867,-0.41795
3136.55000,-0.70993,2.75857,-0.34136
3136.60000,-0.70968,2.75850,-0.26582
3136.65000,-0.70942,2.75844,-0.19142
3136.70000,-0.70917,2.75840,-0.11817
3136.75000,-0.70891,2.75838,-0.04607
3136.80000,-0.70865,2.75837,0.02485
3136.85000,-0.70839,2.75839,0.09461
3136.90000,-0.70814,2.75842,0.16319
3136.95000,-0.70788,2.75847,0.23059
3137.00000,-0.70764,2.75854,0.29681
3137.05000,-0.70740,2.75862,0.36183
3137.10000,-0.70716,2.75872,0.42566
3137.15000,-0.70694,2.75883,0.48831
3137.20000,-0.70672,2.75895,0.54976
3137.25000,-0.70651,2.75909,0.61002
3137.30000,-0.70444,2.76076,0.66638
3137.35000,-0.69876,2.76546,0.71427
3137.40000,-0.69258,2.77110,0.76468
3137.45000,-0.68625,2.77750,0.81698
3137.50000,-0.67995,2.78459,0.87050
3137.55000,-0.67395,2.79180,0.91659
3137.60000,-0.66780,2.79921,0.94508
3137.65000,-0.66135,2.80700,0.95160
3137.70000,-0.65524,2.81470,0.94110
3137.75000,-0.64954,2.82239,0.92356
3137.80000,-0.64371,2.82995,0.90454
3137.85000,-0.63775,2.83740,0.88560
3137.90000,-0.63168,2.84468,0.86484
3137.95000,-0.62543,2.85186,0.84379
3138.00000,-0.61907,2.85885,0.82156
3138.05000,-0.61255,2.86572,0.79968
3138.10000,-0.60591,2.87240,0.77644
3138.15000,-0.59913,2.87890,0.75242
3138.20000,-0.59221,2.88522,0.72735
3138.25000,-0.58513,2.89136,0.70202
3138.30000,-0.57792,2.89730,0.67580
3138.35000,-0.57056,2.90304,0.64920
3138.40000,-0.56307,2.90856,0.62166
3138.45000,-0.55544,2.91387,0.59332
3138.50000,-0.54767,2.91895,0.56457
3138.55000,-0.53976,2.92379,0.53539
3138.60000,-0.53174,2.92839,0.50555
3138.65000,-0.52358,2.93275,0.47548
3138.70000,-0.51530,2.93685,0.44506
3138.75000,-0.50692,2.94070,0.41395
3138.80000,-0.49843,2.94427,0.38238
3138.85000,-0.48983,2.94757,0.35079
3138.90000,-0.48114,2.95059,0.31885
3138.95000,-0.47237,2.95333,0.28631
3139.00000,-0.46354,2.95577,0.25346
3139.05000,-0.45464,2.95792,0.21993
3139.10000,-0.44569,2.95975,0.18584
3139.15000,-0.43669,2.96129,0.15146
3139.20000,-0.42766,2.96250,0.11644
3139.25000,-0.41860,2.96340,0.08106
3139.30000,-0.40952,2.96397,0.04546
3139.35000,-0.40042,2.96422,0.00955
3139.40000,-0.39135,2.96414,-0.02694
3139.45000,-0.38228,2.96373,-0.06339
3139.50000,-0.37324,2.96299,-0.10005
3139.55000,-0.36423,2.96191,-0.13712
3139.60000,-0.35528,2.96051,-0.17424
3139.65000,-0.34639,2.95877,-0.21150
3139.70000,-0.33757,2.95670,-0.24858
3139.75000,-0.32884,2.95431,-0.28615
3139.80000,-0.32021,2.95159,-0.32394
3139.85000,-0.31169,2.94854,-0.36177
3139.90000,-0.30330,2.94518,-0.40013
3139.95000,-0.29506,2.94150,-0.43857
3140.00000,-0.28696,2.93751,-0.47721
3140.05000,-0.27903,2.93321,-0.51605
3140.10000,-0.27128,2.92861,-0.55507
3140.15000,-0.26470,2.92439,-0.59526
3140.20000,-0.26051,2.92144,-0.64311
3140.25000,-0.25876,2.92007,-0.70293
3140.30000,-0.25852,2.91985,-0.77077
3140.35000,-0.25847,2.91980,-0.83998
3140.40000,-0.25842,2.91974,-0.90939
3140.45000,-0.25838,2.91969,-0.97901
3140.50000,-0.25834,2.91963,-1.04887
3140.55000,-0.25831,2.91956,-1.11853
3140.60000,-0.25828,2.91950,-1.18779
3140.65000,-0.25825,2.91943,-1.25663
3140.70000,-0.25823,2.91936,-1.32504
3140.75000,-0.25822,2.91929,-1.39301
3140.80000,-0.25821,2.91922,-1.46050
3140.85000,-0.25820,2.91915,-1.52751
3140.90000,-0.25820,2.91908,-1.59402
3140.95000,-0.25821,2.91901,-1.66001
3141.00000,-0.25822,2.91894,-1.72546
3141.05000,-0.25823,2.91887,-1.79035
3141.10000,-0.25825,2.91881,-1.85468
3141.15000,-0.25827,2.91874,-1.91841
3141.20000,-0.25830,2.91867,-1.98155
3141.25000,-0.25833,2.91861,-2.04407
3141.30000,-0.25836,2.91855,-2.10596
3141.35000,-0.25840,2.91849,-2.16721
3141.40000,-0.25844,2.91843,-2.22781
3141.45000,-0.25848,2.91838,-2.28774
3141.50000,-0.25853,2.91833,-2.34700
3141.55000,-0.25858,2.91828,-2.40558
3141.60000,-0.25863,2.91823,-2.46348
3141.65000,-0.25869,2.91819,-2.52069
3141.70000,-0.25875,2.91815,-2.57721
3141.75000,-0.25881,2.91812,-2.63302
3141.80000,-0.25887,2.91808,-2.68812
3141.85000,-0.25893,2.91806,-2.74252
3141.90000,-0.25900,2.91803,-2.79621
3141.95000,-0.25906,2.91801,-2.84918
3142.00000,-0.25913,2.91799,-2.90145
3142.05000,-0.25920,2.91798,-2.95302
3142.10000,-0.25927,2.91796,-3.00389
3142.15000,-0.25933,2.91796,-3.05406
3142.20000,-0.25940,2.91795,-3.10352
3142.25000,-0.25947,2.91795,3.13090
3142.30000,-0.25958,2.91800,3.08927
3142.35000,-0.26061,2.91828,3.05909
3142.40000,-0.26391,2.91885,3.03815
3142.45000,-0.26921,2.91974,3.02657
3142.50000,-0.27563,2.92082,3.02064
3142.55000,-0.28325,2.92209,3.02049
3142.60000,-0.29340,2.92328,3.03047
3142.65000,-0.30362,2.92436,3.04163
3142.70000,-0.31383,2.92532,3.05323
3142.75000,-0.32409,2.92617,3.06535
3142.80000,-0.33434,2.92688,3.07787
3142.85000,-0.34461,2.92747,3.09110
3142.90000,-0.35477,2.92792,3.10402
3142.95000,-0.36506,2.92823,3.11814
3143.00000,-0.37531,2.92840,3.13273
3143.05000,-0.38531,2.92841,-3.13586
3143.10000,-0.39530,2.92828,-3.12205
3143.15000,-0.40537,2.92801,-3.10650
3143.20000,-0.41536,2.92758,-3.09009
3143.25000,-0.42532,2.92698,-3.07447
3143.30000,-0.43481,2.92633,-3.06711
3143.35000,-0.44299,2.92581,-3.06336
3143.40000,-0.44988,2.92530,-3.05931
3143.45000,-0.45676,2.92478,-3.05888
3143.50000,-0.46308,2.92439,-3.06414
3143.55000,-0.46681,2.92415,-3.07908
3143.60000,-0.46994,2.92396,-3.11251
3143.65000,-0.47317,2.92392,3.12156
3143.70000,-0.47527,2.92396,3.07210
3143.75000,-0.47736,2.92405,3.03791
3143.80000,-0.47970,2.92442,3.01947
3143.85000,-0.48312,2.92511,3.01318
3143.90000,-0.48767,2.92589,3.01217
3143.95000,-0.49325,2.92672,3.01578
3144.00000,-0.49997,2.92765,3.02421
3144.05000,-0.50806,2.92872,3.03864
3144.10000,-0.51784,2.92965,3.06063
3144.15000,-0.52779,2.93034,3.08444
3144.20000,-0.53773,2.93079,3.10758
3144.25000,-0.54741,2.93099,3.13540
3144.30000,-0.55657,2.93089,-3.11466
3144.35000,-0.56615,2.93046,-3.07842
3144.40000,-0.57609,2.92964,-3.03828
3144.45000,-0.58569,2.92844,-2.99367
3144.50000,-0.59524,2.92677,-2.94466
3144.55000,-0.60500,2.92457,-2.89507
3144.60000,-0.61463,2.92189,-2.84543
3144.65000,-0.62412,2.91874,-2.79646
3144.70000,-0.63344,2.91513,-2.74777
3144.75000,-0.64258,2.91107,-2.69950
3144.80000,-0.65151,2.90658,-2.65156
3144.85000,-0.66022,2.90166,-2.60388
3144.90000,-0.66868,2.89634,-2.55646
3144.95000,-0.67689,2.89062,-2.50933
3145.00000,-0.68481,2.88452,-2.46263
3145.05000,-0.69244,2.87806,-2.41605
3145.10000,-0.69977,2.87126,-2.36998
3145.15000,-0.70677,2.86412,-2.32405
3145.20000,-0.71344,2.85667,-2.27823
3145.25000,-0.71977,2.84893,-2.23258
3145.30000,-0.72573,2.84090,-2.18727
3145.35000,-0.73133,2.83261,-2.14207
3145.40000,-0.73654,2.82408,-2.09694
3145.45000,-0.74080,2.81633,-2.04540
3145.50000,-0.74344,2.81080,-1.98411
3145.55000,-0.74473,2.80759,-1.91211
3145.60000,-0.74536,2.80560,-1.83457
3145.65000,-0.74579,2.80370,-1.75695
3145.70000,-0.74609,2.80172,-1.68019
3145.75000,-0.74624,2.79967,-1.60435
3145.80000,-0.74623,2.79756,-1.52945
3145.85000,-0.74606,2.79540,-1.45551
3145.90000,-0.74572,2.79321,-1.38253
3145.95000,-0.74521,2.79098,-1.31055
3146.00000,-0.74453,2.78874,-1.23957
3146.05000,-0.74368,2.78652,-1.16952
3146.10000,-0.74266,2.78434,-1.10041
3146.15000,-0.74149,2.78222,-1.03219
3146.20000,-0.74018,2.78019,-0.96488
3146.25000,-0.73874,2.77825,-0.89851
3146.30000,-0.73717,2.77641,-0.83310
3146.35000,-0.73549,2.77468,-0.76865
3146.40000,-0.73372,2.77306,-0.70519
3146.45000,-0.73185,2.77157,-0.64272
3146.50000,-0.72990,2.77020,-0.58131
3146.55000,-0.72783,2.76893,-0.52110
3146.60000,-0.72564,2.76776,-0.46212
3146.65000,-0.72333,2.76669,-0.40435
3146.70000,-0.72090,2.76573,-0.34779
3146.75000,-0.71835,2.76489,-0.29239
3146.80000,-0.71571,2.76417,-0.23815
3146.85000,-0.71292,2.76355,-0.18490
3146.90000,-0.71010,2.76310,-0.13291
3146.95000,-0.70724,2.76279,-0.08199
3147.00000,-0.70436,2.76263,-0.03211
3147.05000,-0.70150,2.76260,0.01675
3147.10000,-0.69867,2.76272,0.06459
3147.15000,-0.69588,2.76297,0.11144
3147.20000,-0.69313,2.76334,0.15728
3147.25000,-0.69044,2.76382,0.20214
3147.30000,-0.68517,2.76512,0.24360
3147.35000,-0.67669,2.76739,0.28250
3147.40000,-0.66826,2.77007,0.32748
3147.45000,-0.65891,2.77346,0.36925
3147.50000,-0.64968,2.77725,0.40958
3147.55000,-0.64088,2.78131,0.45058
3147.60000,-0.63164,2.78576,0.48442
3147.65000,-0.62247,2.79021,0.49961
3147.70000,-0.61319,2.79481,0.50249
3147.75000,-0.60399,2.79955,0.48578
3147.80000,-0.59538,2.80394,0.45907
3147.85000,-0.58638,2.80824,0.43325
3147.90000,-0.57770,2.81210,0.40512
3147.95000,-0.56877,2.81578,0.37734
3148.00000,-0.55944,2.81933,0.35047
3148.05000,-0.55052,2.82243,0.32100
3148.10000,-0.54128,2.82535,0.29213
3148.15000,-0.53228,2.82790,0.26170
3148.20000,-0.52326,2.83016,0.23086
3148.25000,-0.51417,2.83216,0.20005
3148.30000,-0.50495,2.83387,0.16939
3148.35000,-0.49584,2.83527,0.13804
3148.40000,-0.48669,2.83638,0.10655
3148.45000,-0.47752,2.83720,0.07488
3148.50000,-0.46832,2.83773,0.04307
3148.55000,-0.45911,2.83797,0.01157
3148.60000,-0.44990,2.83792,-0.01991
3148.65000,-0.44069,2.83758,-0.05147
3148.70000,-0.43127,2.83693,-0.08193
3148.75000,-0.42168,2.83600,-0.11156
3148.80000,-0.41208,2.83478,-0.14083
3148.85000,-0.40275,2.83331,-0.17079
3148.90000,-0.39364,2.83159,-0.20151
3148.95000,-0.38453,2.82958,-0.23163
3149.00000,-0.37547,2.82730,-0.26160
3149.05000,-0.36659,2.82477,-0.29239
3149.10000,-0.35780,2.82198,-0.32339
3149.15000,-0.34911,2.81891,-0.35471
3149.20000,-0.34037,2.81560,-0.37779
3149.25000,-0.33188,2.81226,-0.37884
3149.30000,-0.32500,2.80956,-0.36836
3149.35000,-0.32027,2.80778,-0.34681
3149.40000,-0.31784,2.80694,-0.31403
3149.45000,-0.31749,2.80683,-0.27173
3149.50000,-0.31751,2.80694,-0.23870
3149.55000,-0.31691,2.80682,-0.21446
3149.60000,-0.31616,2.80668,-0.19689
3149.65000,-0.31416,2.80620,-0.19488
3149.70000,-0.30958,2.80520,-0.20471
3149.75000,-0.30225,2.80356,-0.22886
3149.80000,-0.29349,2.80137,-0.26065
3149.85000,-0.28465,2.79886,-0.29309
3149.90000,-0.27579,2.79613,-0.31852
3149.95000,-0.26664,2.79305,-0.32409
3150.00000,-0.25746,2.79005,-0.30710
3150.05000,-0.25134,2.78828,-0.27063
3150.10000,-0.24786,2.78740,-0.22235
3150.15000,-0.24663,2.78714,-0.16248
3150.20000,-0.24656,2.78714,-0.09651
3150.25000,-0.24653,2.78716,-0.03996
3150.30000,-0.24714,2.78714,-0.00974
3150.35000,-0.24729,2.78713,0.00344
3150.40000,-0.24493,2.78716,0.00203
3150.45000,-0.23962,2.78712,-0.01434
3150.50000,-0.23161,2.78687,-0.04429
3150.55000,-0.22250,2.78631,-0.07918
3150.60000,-0.21341,2.78543,-0.11381
3150.65000,-0.20435,2.78423,-0.14857
3150.70000,-0.19534,2.78272,-0.18315
3150.75000,-0.18640,2.78090,-0.21789
3150.80000,-0.17753,2.77878,-0.25308
3150.85000,-0.16863,2.77640,-0.28001
3150.90000,-0.15956,2.77382,-0.28921
3150.95000,-0.15050,2.77122,-0.28799
3151.00000,-0.14134,2.76851,-0.26787
3151.05000,-0.13666,2.76732,-0.21435
3151.10000,-0.13470,2.76696,-0.14465
3151.15000,-0.13404,2.76688,-0.06945
3151.20000,-0.13389,2.76688,-0.00124
3151.25000,-0.13391,2.76687,0.04506
3151.30000,-0.13386,2.76703,0.07329
3151.35000,-0.13367,2.76735,0.09167
3151.40000,-0.13340,2.76776,0.10257
3151.45000,-0.13279,2.76832,0.10686
3151.50000,-0.13061,2.76910,0.10301
3151.55000,-0.12606,2.76989,0.08665
3151.60000,-0.11814,2.77051,0.05311
3151.65000,-0.10871,2.77083,0.01584
3151.70000,-0.09871,2.77082,-0.01900
3151.75000,-0.08872,2.77045,-0.05390
3151.80000,-0.07875,2.76974,-0.08912
3151.85000,-0.06880,2.76868,-0.12382
3151.90000,-0.05890,2.76727,-0.15913
3151.95000,-0.04906,2.76551,-0.19420
3152.00000,-0.03929,2.76340,-0.22998
3152.05000,-0.03105,2.76130,-0.27490
3152.10000,-0.02398,2.75910,-0.32921
3152.15000,-0.01716,2.75686,-0.37882
3152.20000,-0.01022,2.75444,-0.41067
3152.25000,-0.00493,2.75243,-0.42284
3152.30000,-0.00153,2.75084,-0.44936
3152.35000,0.00215,2.74900,-0.49055
3152.40000,0.00748,2.74597,-0.53590
3152.45000,0.01270,2.74270,-0.58756
3152.50000,0.01552,2.74072,-0.64866
3152.55000,0.01671,2.73977,-0.71733
3152.60000,0.01692,2.73957,-0.79078
3152.65000,0.01699,2.73949,-0.86469
3152.70000,0.01706,2.73940,-0.93839
3152.75000,0.01713,2.73931,-1.01193
3152.80000,0.01718,2.73921,-1.08531
3152.85000,0.01723,2.73911,-1.15853
3152.90000,0.01727,2.73900,-1.23162
3152.95000,0.01731,2.73890,-1.30457
3153.00000,0.01733,2.73879,-1.37739
3153.05000,0.01735,2.73868,-1.45012
3153.10000,0.01736,2.73857,-1.52275
3153.15000,0.01736,2.73846,-1.59529
3153.20000,0.01735,2.73834,-1.66778
3153.25000,0.01734,2.73823,-1.74022
3153.30000,0.01731,2.73812,-1.81261
3153.35000,0.01728,2.73802,-1.88498
3153.40000,0.01724,2.73791,-1.95733
3153.45000,0.01720,2.73781,-2.02968
3153.50000,0.01714,2.73771,-2.10201
3153.55000,0.01708,2.73761,-2.17433
3153.60000,0.01701,2.73752,-2.24663
3153.65000,0.01694,2.73743,-2.31891
3153.70000,0.01686,2.73735,-2.39115
3153.75000,0.01677,2.73727,-2.46332
3153.80000,0.01667,2.73720,-2.53542
3153.85000,0.01657,2.73714,-2.60739
3153.90000,0.01647,2.73708,-2.67922
3153.95000,0.01635,2.73703,-2.75085
3154.00000,0.01624,2.73699,-2.82226
3154.05000,0.01612,2.73695,-2.89338
3154.10000,0.01600,2.73693,-2.96417
3154.15000,0.01587,2.73691,-3.03459
3154.20000,0.01574,2.73690,-3.10456
3154.25000,0.01561,2.73690,3.10914
3154.30000,0.01548,2.73691,3.04021
3154.35000,0.01535,2.73693,2.97189
3154.40000,0.01522,2.73697,2.91432
3154.45000,0.01480,2.73710,2.87360
3154.50000,0.01245,2.73780,2.84341
3154.55000,0.00760,2.73935,2.82424
3154.60000,0.00034,2.74185,2.81602
3154.65000,-0.00835,2.74485,2.81447
3154.70000,-0.01782,2.74806,2.81661
3154.75000,-0.02733,2.75125,2.81932
3154.80000,-0.03683,2.75440,2.82250
3154.85000,-0.04640,2.75754,2.82640
3154.90000,-0.05595,2.76063,2.83101
3154.95000,-0.06547,2.76366,2.83574
3155.00000,-0.07500,2.76663,2.84091
3155.05000,-0.08457,2.76957,2.84681
3155.10000,-0.09413,2.77244,2.85332
3155.15000,-0.10371,2.77524,2.86062
3155.20000,-0.11316,2.77793,2.86885
3155.25000,-0.12259,2.78052,2.87764
3155.30000,-0.13203,2.78303,2.88698
3155.35000,-0.14148,2.78544,2.89686
3155.40000,-0.15099,2.78776,2.90702
3155.45000,-0.16053,2.79000,2.90742
3155.50000,-0.16746,2.79166,2.88068
3155.55000,-0.17118,2.79273,2.83686
3155.60000,-0.17233,2.79311,2.78284
3155.65000,-0.17247,2.79319,2.73508
3155.70000,-0.17346,2.79383,2.70732
3155.75000,-0.17806,2.79621,2.69953
3155.80000,-0.18519,2.79964,2.70467
3155.85000,-0.19357,2.80351,2.71697
3155.90000,-0.20238,2.80741,2.73147
3155.95000,-0.21123,2.81119,2.74633
3156.00000,-0.22014,2.81483,2.76147
3156.05000,-0.22909,2.81832,2.77717
3156.10000,-0.23808,2.82167,2.79340
3156.15000,-0.24712,2.82486,2.81000
3156.20000,-0.25599,2.82772,2.81460
3156.25000,-0.26433,2.83025,2.80199
3156.30000,-0.26926,2.83199,2.77032
3156.35000,-0.26986,2.83222,2.71994
3156.40000,-0.27000,2.83229,2.66776
3156.45000,-0.27011,2.83237,2.62642
3156.50000,-0.27116,2.83314,2.60677
3156.55000,-0.27660,2.83643,2.61045
3156.60000,-0.28379,2.84061,2.62449
3156.65000,-0.29197,2.84516,2.64420
3156.70000,-0.30031,2.84957,2.66694
3156.75000,-0.30872,2.85377,2.69074
3156.80000,-0.31721,2.85775,2.71556
3156.85000,-0.32577,2.86150,2.74170
3156.90000,-0.33433,2.86497,2.77279
3156.95000,-0.34297,2.86815,2.80439
3157.00000,-0.35168,2.87104,2.83725
3157.05000,-0.36117,2.87385,2.86950
3157.10000,-0.37096,2.87642,2.90129
3157.15000,-0.38095,2.87871,2.93244
3157.20000,-0.39059,2.88062,2.96228
3157.25000,-0.39940,2.88200,2.98262
3157.30000,-0.40763,2.88277,2.98338
3157.35000,-0.41415,2.88261,2.96180
3157.40000,-0.41637,2.88291,2.93809
3157.45000,-0.41801,2.88327,2.91867
3157.50000,-0.41910,2.88352,2.90309
3157.55000,-0.42222,2.88443,2.90598
3157.60000,-0.42880,2.88598,2.92437
3157.65000,-0.43749,2.88779,2.95118
3157.70000,-0.44730,2.88953,2.98205
3157.75000,-0.45719,2.89097,3.01317
3157.80000,-0.46713,2.89209,3.04391
3157.85000,-0.47709,2.89292,3.07309
3157.90000,-0.48708,2.89346,3.10227
3157.95000,-0.49672,2.89370,3.12078
3158.00000,-0.50565,2.89377,3.12182
3158.05000,-0.51302,2.89378,3.10285
3158.10000,-0.51724,2.89375,3.06921
3158.15000,-0.51917,2.89383,3.03407
3158.20000,-0.52066,2.89397,3.00444
3158.25000,-0.52132,2.89405,2.96076
3158.30000,-0.52154,2.89414,2.91994
3158.35000,-0.52196,2.89445,2.89029
3158.40000,-0.52250,2.89491,2.87053
3158.45000,-0.52315,2.89550,2.85990
3158.50000,-0.52396,2.89628,2.85784
3158.55000,-0.52618,2.89745,2.86551
3158.60000,-0.53019,2.89896,2.88319
3158.65000,-0.53617,2.90079,2.90936
3158.70000,-0.54414,2.90291,2.94500
3158.75000,-0.55389,2.90464,2.98813
3158.80000,-0.56376,2.90594,3.03340
3158.85000,-0.57363,2.90677,3.08122
3158.90000,-0.58286,2.90709,3.13406
3158.95000,-0.59179,2.90691,-3.09259
3159.00000,-0.60037,2.90623,-3.03299
3159.05000,-0.60915,2.90501,-2.97295
3159.10000,-0.61800,2.90323,-2.91260
3159.15000,-0.62691,2.90086,-2.85232
3159.20000,-0.63579,2.89792,-2.79206
3159.25000,-0.64458,2.89442,-2.73189
3159.30000,-0.65324,2.89034,-2.67189
3159.35000,-0.66175,2.88570,-2.61219
3159.40000,-0.67003,2.88052,-2.55272
3159.45000,-0.67804,2.87482,-2.49336
3159.50000,-0.68580,2.86857,-2.43448
3159.55000,-0.69321,2.86186,-2.37633
3159.60000,-0.70022,2.85472,-2.31851
3159.65000,-0.70680,2.84720,-2.26114
3159.70000,-0.71295,2.83932,-2.20468
3159.75000,-0.71864,2.83110,-2.14875
3159.80000,-0.72387,2.82257,-2.09299
3159.85000,-0.72859,2.81413,-2.05277
3159.90000,-0.73262,2.80627,-2.04290
3159.95000,-0.73580,2.79968,-2.05941
3160.00000,-0.73827,2.79520,-2.09714
3160.05000,-0.73956,2.79308,-2.14687
3160.10000,-0.73991,2.79257,-2.20431
3160.15000,-0.74025,2.79213,-2.26201
3160.20000,-0.74065,2.79169,-2.30897
3160.25000,-0.74165,2.79072,-2.33058
3160.30000,-0.74358,2.78888,-2.31924
3160.35000,-0.74667,2.78547,-2.28837
3160.40000,-0.75078,2.78058,-2.25108
3160.45000,-0.75557,2.77439,-2.20886
3160.50000,-0.76063,2.76724,-2.16282
3160.55000,-0.76504,2.76044,-2.13569
3160.60000,-0.76855,2.75458,-2.13780
3160.65000,-0.77089,2.75096,-2.16983
3160.70000,-0.77214,2.74920,-2.21986
3160.75000,-0.77242,2.74885,-2.27711
3160.80000,-0.77263,2.74862,-2.33480
3160.85000,-0.77288,2.74840,-2.38112
3160.90000,-0.77371,2.74766,-2.40208
3160.95000,-0.77546,2.74610,-2.39161
3161.00000,-0.77886,2.74284,-2.36317
3161.05000,-0.78355,2.73805,-2.32718
3161.10000,-0.78898,2.73205,-2.28602
3161.15000,-0.79481,2.72505,-2.24151
3161.20000,-0.80070,2.71725,-2.19442
3161.25000,-0.80629,2.70932,-2.16265
3161.30000,-0.81117,2.70196,-2.15998
3161.35000,-0.81389,2.69801,-2.19215
3161.40000,-0.81541,2.69597,-2.24220
3161.45000,-0.81581,2.69548,-2.30044
3161.50000,-0.81605,2.69523,-2.35974
3161.55000,-0.81629,2.69501,-2.41878
3161.60000,-0.81655,2.69481,-2.46599
3161.65000,-0.81722,2.69427,-2.48902
3161.70000,-0.81913,2.69272,-2.47918
3161.75000,-0.82311,2.68953,-2.45192
3161.80000,-0.82845,2.68497,-2.41718
3161.85000,-0.83467,2.67924,-2.37750
3161.90000,-0.84136,2.67255,-2.33432
3161.95000,-0.84810,2.66520,-2.28914
3162.00000,-0.85449,2.65784,-2.25167
3162.05000,-0.86040,2.65089,-2.23843
3162.10000,-0.86539,2.64480,-2.25538
3162.15000,-0.86771,2.64204,-2.30188
3162.20000,-0.86841,2.64129,-2.36001
3162.25000,-0.86868,2.64104,-2.42074
3162.30000,-0.86894,2.64083,-2.48122
3162.35000,-0.86922,2.64063,-2.53009
3162.40000,-0.86974,2.64029,-2.55187
3162.45000,-0.87126,2.63921,-2.54420
3162.50000,-0.87566,2.63613,-2.51921
3162.55000,-0.88157,2.63174,-2.48659
3162.60000,-0.88844,2.62626,-2.44871
3162.65000,-0.89581,2.61989,-2.40718
3162.70000,-0.90309,2.61303,-2.36508
3162.75000,-0.91001,2.60620,-2.33046
3162.80000,-0.91706,2.59917,-2.31701
3162.85000,-0.92371,2.59221,-2.33041
3162.90000,-0.92948,2.58629,-2.35983
3162.95000,-0.93339,2.58255,-2.40164
3163.00000,-0.93511,2.58104,-2.45623
3163.05000,-0.93541,2.58081,-2.51840
3163.10000,-0.93570,2.58061,-2.58044
3163.15000,-0.93603,2.58043,-2.63075
3163.20000,-0.93665,2.58004,-2.65161
3163.25000,-0.93871,2.57886,-2.64291
3163.30000,-0.94397,2.57592,-2.61884
3163.35000,-0.95058,2.57197,-2.58655
3163.40000,-0.95808,2.56713,-2.55031
3163.45000,-0.96609,2.56154,-2.51136
3163.50000,-0.97325,2.55608,-2.46918
3163.55000,-0.98024,2.55049,-2.43394
3163.60000,-0.98728,2.54481,-2.41588
3163.65000,-0.99334,2.53972,-2.43305
3163.70000,-0.99761,2.53620,-2.47309
3163.75000,-0.99987,2.53449,-2.52586
3163.80000,-1.00027,2.53422,-2.58801
3163.85000,-1.00056,2.53405,-2.65055
3163.90000,-1.00086,2.53392,-2.70147
3163.95000,-1.00164,2.53340,-2.71982
3164.00000,-1.00467,2.53194,-2.70927
3164.05000,-1.01038,2.52924,-2.68614
3164.10000,-1.01772,2.52555,-2.65618
3164.15000,-1.02548,2.52125,-2.61980
3164.20000,-1.03397,2.51617,-2.58330
3164.25000,-1.04166,2.51115,-2.54419
3164.30000,-1.04911,2.50607,-2.51104
3164.35000,-1.05658,2.50092,-2.49530
3164.40000,-1.06385,2.49587,-2.51035
3164.45000,-1.07022,2.49135,-2.54245
3164.50000,-1.07437,2.48863,-2.58718
3164.55000,-1.07590,2.48772,-2.64482
3164.60000,-1.07620,2.48758,-2.70821
3164.65000,-1.07649,2.48745,-2.77136
3164.70000,-1.07679,2.48736,-2.82336
3164.75000,-1.07748,2.48695,-2.84874
3164.80000,-1.08021,2.48573,-2.84369
3164.85000,-1.08637,2.48376,-2.82284
3164.90000,-1.09429,2.48102,-2.79474
3164.95000,-1.10339,2.47756,-2.76163
3165.00000,-1.11261,2.47370,-2.72774
3165.05000,-1.12170,2.46952,-2.69428
3165.10000,-1.13064,2.46505,-2.66078
3165.15000,-1.13939,2.46052,-2.63411
3165.20000,-1.14802,2.45610,-2.61596
3165.25000,-1.15644,2.45183,-2.61472
3165.30000,-1.16480,2.44759,-2.62633
3165.35000,-1.17314,2.44332,-2.64958
3165.40000,-1.17991,2.43983,-2.68546
3165.45000,-1.18393,2.43796,-2.73451
3165.50000,-1.18513,2.43747,-2.79623
3165.55000,-1.18553,2.43734,-2.86140
3165.60000,-1.18593,2.43724,-2.92623
3165.65000,-1.18634,2.43718,-2.98067
3165.70000,-1.18719,2.43674,-3.01131
3165.75000,-1.18941,2.43579,-3.01404
3165.80000,-1.19519,2.43487,-2.99883
3165.85000,-1.20365,2.43353,-2.97277
3165.90000,-1.21333,2.43172,-2.94185
3165.95000,-1.22310,2.42959,-2.91093
3166.00000,-1.23280,2.42715,-2.88017
3166.05000,-1.24242,2.42442,-2.84963
3166.10000,-1.25195,2.42140,-2.81925
3166.15000,-1.26134,2.41831,-2.79541
3166.20000,-1.27063,2.41531,-2.77911
3166.25000,-1.27980,2.41239,-2.77307
3166.30000,-1.28895,2.40949,-2.77111
3166.35000,-1.29590,2.40713,-2.80069
3166.40000,-1.29766,2.40656,-2.86279
3166.45000,-1.29835,2.40638,-2.93015
3166.50000,-1.29903,2.40626,-2.99759
3166.55000,-1.29969,2.40620,-3.05552
3166.60000,-1.30067,2.40591,-3.08994
3166.65000,-1.30244,2.40561,-3.09774
3166.70000,-1.30658,2.40528,-3.09072
3166.75000,-1.31399,2.40476,-3.06955
3166.80000,-1.32357,2.40391,-3.03960
3166.85000,-1.33316,2.40277,-3.00847
3166.90000,-1.34264,2.40133,-2.97733
3166.95000,-1.35250,2.39955,-2.94656
3167.00000,-1.36192,2.39752,-2.91511
3167.05000,-1.37194,2.39521,-2.88961
3167.10000,-1.38196,2.39284,-2.87742
3167.15000,-1.39203,2.39039,-2.88247
3167.20000,-1.40232,2.38769,-2.89663
3167.25000,-1.41274,2.38499,-2.92363
3167.30000,-1.42232,2.38306,-2.96615
3167.35000,-1.42977,2.38193,-3.02055
3167.40000,-1.43478,2.38147,-3.08591
3167.45000,-1.43774,2.38144,3.13334
3167.50000,-1.44065,2.38147,3.08844
3167.55000,-1.44363,2.38157,3.06606
3167.60000,-1.44655,2.38165,3.06212
3167.65000,-1.45006,2.38200,3.08524
3167.70000,-1.45621,2.38223,3.12423
3167.75000,-1.46306,2.38219,-3.11223
3167.80000,-1.47079,2.38176,-3.06183
3167.85000,-1.47855,2.38119,-3.01501
3167.90000,-1.48559,2.38059,-2.97638
3167.95000,-1.49026,2.37972,-2.93350
3168.00000,-1.49599,2.37836,-2.88459
3168.05000,-1.50254,2.37645,-2.83165
3168.10000,-1.50964,2.37396,-2.77599
3168.15000,-1.51701,2.37089,-2.71833
3168.20000,-1.52450,2.36724,-2.65931
3168.25000,-1.53199,2.36303,-2.59947
3168.30000,-1.53939,2.35826,-2.53909
3168.35000,-1.54659,2.35298,-2.47827
3168.40000,-1.55356,2.34718,-2.41734
3168.45000,-1.56022,2.34091,-2.35624
3168.50000,-1.56656,2.33418,-2.29520
3168.55000,-1.57250,2.32703,-2.23414
3168.60000,-1.57805,2.31947,-2.17323
3168.65000,-1.58316,2.31153,-2.11245
3168.70000,-1.58781,2.30325,-2.05182
3168.75000,-1.59197,2.29464,-1.99137
3168.80000,-1.59564,2.28573,-1.93118
3168.85000,-1.59878,2.27658,-1.87112
3168.90000,-1.60139,2.26717,-1.81136
3168.95000,-1.60344,2.25756,-1.75185
3169.00000,-1.60493,2.24778,-1.69258
3169.05000,-1.60585,2.23786,-1.63358
3169.10000,-1.60619,2.22787,-1.57501
3169.15000,-1.60594,2.21788,-1.51700
3169.20000,-1.60511,2.20791,-1.45954
3169.25000,-1.60373,2.19810,-1.40153
3169.30000,-1.60176,2.18830,-1.34390
3169.35000,-1.59923,2.17863,-1.28693
3169.40000,-1.59616,2.16911,-1.23063
3169.45000,-1.59257,2.15978,-1.17501
3169.50000,-1.58846,2.15067,-1.12006
3169.55000,-1.58386,2.14179,-1.06580
3169.60000,-1.57879,2.13317,-1.01223
3169.65000,-1.57327,2.12484,-0.95934
3169.70000,-1.56732,2.11680,-0.90714
3169.75000,-1.56096,2.10909,-0.85562
3169.80000,-1.55452,2.10202,-0.80461
3169.85000,-1.54812,2.09567,-0.75420
3169.90000,-1.54185,2.09006,-0.70470
3169.95000,-1.53571,2.08509,-0.65588
3170.00000,-1.52973,2.08071,-0.60781
3170.05000,-1.52394,2.07688,-0.56052
3170.10000,-1.51832,2.07353,-0.51397
3170.15000,-1.51288,2.07062,-0.46809
3170.20000,-1.50767,2.06813,-0.42296
3170.25000,-1.50260,2.06598,-0.37861
3170.30000,-1.49774,2.06416,-0.33496
3170.35000,-1.49262,2.06250,-0.29014
3170.40000,-1.48818,2.06127,-0.24805
3170.45000,-1.48138,2.05963,-0.20913
3170.50000,-1.47203,2.05783,-0.17060
3170.55000,-1.46214,2.05632,-0.13090
3170.60000,-1.45220,2.05521,-0.09190
3170.65000,-1.44223,2.05449,-0.05357
3170.70000,-1.43223,2.05414,-0.01585
3170.75000,-1.42224,2.05417,0.02134
3170.80000,-1.41224,2.05456,0.05806
3170.85000,-1.40227,2.05533,0.09438
3170.90000,-1.39234,2.05645,0.13036
3170.95000,-1.38245,2.05792,0.16605
3171.00000,-1.37262,2.05975,0.20148
3171.05000,-1.36286,2.06193,0.23672
3171.10000,-1.35318,2.06444,0.27182
3171.15000,-1.34359,2.06729,0.30682
3171.20000,-1.33412,2.07048,0.34180
3171.25000,-1.32475,2.07400,0.37679
3171.30000,-1.31552,2.07784,0.41186
3171.35000,-1.30643,2.08200,0.44705
3171.40000,-1.29749,2.08649,0.48239
3171.45000,-1.28872,2.09128,0.51792
3171.50000,-1.28012,2.09639,0.55366
3171.55000,-1.27171,2.10180,0.58962
3171.60000,-1.26350,2.10750,0.62540
3171.65000,-1.25550,2.11350,0.66076
3171.70000,-1.24771,2.11978,0.69572
3171.75000,-1.24015,2.12632,0.73027
3171.80000,-1.23281,2.13311,0.76440
3171.85000,-1.22571,2.14015,0.79812
3171.90000,-1.21885,2.14743,0.83141
3171.95000,-1.21224,2.15493,0.86428
3172.00000,-1.20587,2.16264,0.89672
3172.05000,-1.19976,2.17055,0.92873
3172.10000,-1.19390,2.17865,0.96030
3172.15000,-1.18829,2.18693,0.99143
3172.20000,-1.18295,2.19538,1.02212
3172.25000,-1.17786,2.20399,1.05235
3172.30000,-1.17304,2.21275,1.08213
3172.35000,-1.16847,2.22165,1.11144
3172.40000,-1.16417,2.23068,1.14028
3172.45000,-1.16012,2.23982,1.16864
3172.50000,-1.15634,2.24908,1.19651
3172.55000,-1.15281,2.25843,1.22388
3172.60000,-1.14945,2.26771,1.24358
3172.65000,-1.14576,2.27744,1.24574
3172.70000,-1.14263,2.28648,1.22592
3172.75000,-1.13935,2.29530,1.20247
3172.80000,-1.13585,2.30405,1.17934
3172.85000,-1.13216,2.31270,1.15597
3172.90000,-1.12827,2.32126,1.13243
3172.95000,-1.12417,2.32973,1.10871
3173.00000,-1.11988,2.33809,1.08472
3173.05000,-1.11539,2.34634,1.06061
3173.10000,-1.11070,2.35449,1.03622
3173.15000,-1.10581,2.36250,1.01170
3173.20000,-1.10073,2.37039,0.98717
3173.25000,-1.09544,2.37818,0.96267
3173.30000,-1.08998,2.38582,0.93776
3173.35000,-1.08434,2.39331,0.91308
3173.40000,-1.07851,2.40067,0.88839
3173.45000,-1.07251,2.40787,0.86367
3173.50000,-1.06632,2.41493,0.83901
3173.55000,-1.05997,2.42184,0.81440
3173.60000,-1.05344,2.42858,0.78984
3173.65000,-1.04675,2.43516,0.76514
3173.70000,-1.03990,2.44158,0.74079
3173.75000,-1.03278,2.44809,0.72613
3173.80000,-1.02520,2.45500,0.72888
3173.85000,-1.01751,2.46203,0.75080
3173.90000,-1.00983,2.46937,0.77586
3173.95000,-1.00234,2.47691,0.80064
3174.00000,-0.99511,2.48453,0.82457
3174.05000,-0.98808,2.49231,0.84901
3174.10000,-0.98123,2.50026,0.87358
3174.15000,-0.97486,2.50805,0.89691
3174.20000,-0.96907,2.51542,0.90679
3174.25000,-0.96404,2.52179,0.89196
3174.30000,-0.95823,2.52882,0.86701
3174.35000,-0.95209,2.53586,0.84076
3174.40000,-0.94575,2.54290,0.82207
3174.45000,-0.94031,2.54872,0.81512
3174.50000,-0.93596,2.55334,0.81704
3174.55000,-0.93212,2.55745,0.82377
3174.60000,-0.92907,2.56078,0.83686
3174.65000,-0.92668,2.56347,0.85514
3174.70000,-0.92607,2.56421,0.88125
3174.75000,-0.92603,2.56425,0.91034
3174.80000,-0.92600,2.56429,0.93917
3174.85000,-0.92597,2.56433,0.96762
3174.90000,-0.92584,2.56455,0.98540
3174.95000,-0.92414,2.56708,0.98966
3175.00000,-0.92103,2.57177,0.98054
3175.05000,-0.91643,2.57849,0.95886
3175.10000,-0.91097,2.58604,0.93144
3175.15000,-0.90531,2.59344,0.90437
3175.20000,-0.89946,2.60068,0.87665
3175.25000,-0.89336,2.60796,0.85799
3175.30000,-0.88790,2.61429,0.85243
3175.35000,-0.88363,2.61919,0.85651
3175.40000,-0.88020,2.62318,0.86656
3175.45000,-0.87768,2.62619,0.88253
3175.50000,-0.87608,2.62817,0.90453
3175.55000,-0.87544,2.62901,0.93259
3175.60000,-0.87539,2.62907,0.96462
3175.65000,-0.87536,2.62912,0.99659
3175.70000,-0.87536,2.62912,1.02822
3175.75000,-0.87510,2.62953,1.04880
3175.80000,-0.87410,2.63126,1.05514
3175.85000,-0.87161,2.63558,1.04909
3175.90000,-0.86746,2.64257,1.02679
3175.95000,-0.86244,2.65060,0.99912
3176.00000,-0.85722,2.65844,0.97123
3176.05000,-0.85211,2.66588,0.95435
3176.10000,-0.84705,2.67324,0.94540
3176.15000,-0.84199,2.68053,0.94053
3176.20000,-0.83774,2.68646,0.94497
3176.25000,-0.83617,2.68900,0.96996
3176.30000,-0.83614,2.68913,1.00463
3176.35000,-0.83612,2.68916,1.03949
3176.40000,-0.83610,2.68919,1.07397
3176.45000,-0.83608,2.68923,1.10808
3176.50000,-0.83608,2.68928,1.13028
3176.55000,-0.83481,2.69188,1.13239
3176.60000,-0.83201,2.69765,1.11920
3176.65000,-0.82814,2.70540,1.09616
3176.70000,-0.82345,2.71423,1.06977
3176.75000,-0.81851,2.72294,1.04289
3176.80000,-0.81380,2.73098,1.02566
3176.85000,-0.80922,2.73868,1.02043
3176.90000,-0.80659,2.74329,1.03583
3176.95000,-0.80572,2.74484,1.06506
3177.00000,-0.80556,2.74516,1.10035
3177.05000,-0.80547,2.74530,1.13732
3177.10000,-0.80529,2.74570,1.15746
3177.15000,-0.80438,2.74767,1.16114
3177.20000,-0.80193,2.75311,1.14752
3177.25000,-0.79840,2.76068,1.12405
3177.30000,-0.79425,2.76902,1.09460
3177.35000,-0.79003,2.77689,1.05836
3177.40000,-0.78563,2.78477,1.02633
3177.45000,-0.78190,2.79152,1.00364
3177.50000,-0.77901,2.79587,0.96765
3177.55000,-0.77494,2.80154,0.92618
3177.60000,-0.77001,2.80779,0.88007
3177.65000,-0.76476,2.81380,0.82857
3177.70000,-0.75826,2.82054,0.77789
3177.75000,-0.75114,2.82719,0.72556
3177.80000,-0.74354,2.83357,0.67175
3177.85000,-0.73555,2.83958,0.61749
3177.90000,-0.72728,2.84511,0.56235
3177.95000,-0.71883,2.85011,0.50578
3178.00000,-0.70995,2.85471,0.44968
3178.05000,-0.70086,2.85878,0.39302
3178.10000,-0.69163,2.86230,0.33543
3178.15000,-0.68248,2.86519,0.27627
3178.20000,-0.67335,2.86748,0.21608
3178.25000,-0.66418,2.86921,0.15533
3178.30000,-0.65455,2.87042,0.09576
3178.35000,-0.64503,2.87105,0.03545
3178.40000,-0.63536,2.87110,-0.02445
3178.45000,-0.62560,2.87057,-0.08404
3178.50000,-0.61577,2.86945,-0.14322
3178.55000,-0.60593,2.86773,-0.20205
3178.60000,-0.59620,2.86544,-0.26017
3178.65000,-0.58661,2.86259,-0.31779
3178.70000,-0.57758,2.85934,-0.37519
3178.75000,-0.56947,2.85619,-0.42174
3178.80000,-0.56263,2.85352,-0.45647
3178.85000,-0.55896,2.85161,-0.50472
3178.90000,-0.55648,2.85015,-0.56739
3178.95000,-0.55482,2.84902,-0.64031
3179.00000,-0.55373,2.84814,-0.72051
3179.05000,-0.55306,2.84750,-0.80570
3179.10000,-0.55287,2.84729,-0.89324
3179.15000,-0.55284,2.84725,-0.98097
3179.20000,-0.55281,2.84720,-1.06790
3179.25000,-0.55279,2.84716,-1.15397
3179.30000,-0.55277,2.84711,-1.23917
3179.35000,-0.55275,2.84706,-1.32348
3179.40000,-0.55274,2.84701,-1.40688
3179.45000,-0.55274,2.84695,-1.48935
3179.50000,-0.55273,2.84690,-1.57088
3179.55000,-0.55274,2.84685,-1.65146
3179.60000,-0.55274,2.84680,-1.73106
3179.65000,-0.55275,2.84674,-1.80967
3179.70000,-0.55277,2.84669,-1.88727
3179.75000,-0.55279,2.84664,-1.96386
3179.80000,-0.55281,2.84660,-2.03941
3179.85000,-0.55283,2.84655,-2.11393
3179.90000,-0.55286,2.84651,-2.18739
3179.95000,-0.55290,2.84646,-2.25980
3180.00000,-0.55293,2.84642,-2.33113
3180.05000,-0.55297,2.84639,-2.40138
3180.10000,-0.55301,2.84635,-2.47055
3180.15000,-0.55305,2.84632,-2.53862
3180.20000,-0.55309,2.84629,-2.60559
3180.25000,-0.55314,2.84627,-2.67145
3180.30000,-0.55319,2.84625,-2.73620
3180.35000,-0.55324,2.84623,-2.79983
3180.40000,-0.55329,2.84621,-2.86235
3180.45000,-0.55334,2.84620,-2.92374
3180.50000,-0.55339,2.84619,-2.98401
3180.55000,-0.55344,2.84618,-3.04315
3180.60000,-0.55350,2.84618,-3.10116
3180.65000,-0.55355,2.84618,3.12514
3180.70000,-0.55361,2.84619,3.07731
3180.75000,-0.55378,2.84640,3.04901
3180.80000,-0.55424,2.84662,3.03168
3180.85000,-0.55558,2.84681,3.01963
3180.90000,-0.55783,2.84711,3.01245
3180.95000,-0.56092,2.84752,3.01008
3181.00000,-0.56491,2.84806,3.01288
3181.05000,-0.56997,2.84872,3.02090
3181.10000,-0.57639,2.84952,3.03522
3181.15000,-0.58451,2.85049,3.05716
3181.20000,-0.59432,2.85119,3.08679
3181.25000,-0.60430,2.85159,3.11652
3181.30000,-0.61428,2.85169,-3.13677
3181.35000,-0.62427,2.85149,-3.10660
3181.40000,-0.63424,2.85099,-3.07630
3181.45000,-0.64419,2.85019,-3.04595
3181.50000,-0.65411,2.84909,-3.01544
3181.55000,-0.66400,2.84768,-2.98484
3181.60000,-0.67384,2.84597,-2.95394
3181.65000,-0.68362,2.84396,-2.92294
3181.70000,-0.69333,2.84164,-2.89184
3181.75000,-0.70296,2.83902,-2.86073
3181.80000,-0.71251,2.83611,-2.82953
3181.85000,-0.72197,2.83289,-2.79840
3181.90000,-0.73132,2.82939,-2.76739
3181.95000,-0.74055,2.82560,-2.73620
3182.00000,-0.74967,2.82152,-2.70511
3182.05000,-0.75865,2.81715,-2.67388
3182.10000,-0.76749,2.81252,-2.64291
3182.15000,-0.77618,2.80761,-2.61185
3182.20000,-0.78472,2.80243,-2.58094
3182.25000,-0.79309,2.79699,-2.54998
3182.30000,-0.80129,2.79130,-2.51955
3182.35000,-0.80931,2.78536,-2.48906
3182.40000,-0.81715,2.77918,-2.45862
3182.45000,-0.82479,2.77276,-2.42818
3182.50000,-0.83224,2.76612,-2.39817
3182.55000,-0.83949,2.75925,-2.36802
3182.60000,-0.84652,2.75217,-2.33810
3182.65000,-0.85334,2.74488,-2.30813
3182.70000,-0.85994,2.73739,-2.27790
3182.75000,-0.86630,2.72971,-2.24736
3182.80000,-0.87207,2.72235,-2.23016
3182.85000,-0.87673,2.71637,-2.24252
3182.90000,-0.88027,2.71206,-2.27821
3182.95000,-0.88299,2.70903,-2.33034
3183.00000,-0.88403,2.70798,-2.39469
3183.05000,-0.88418,2.70785,-2.46418
3183.10000,-0.88430,2.70779,-2.52155
3183.15000,-0.88465,2.70759,-2.54347
3183.20000,-0.88736,2.70572,-2.53910
3183.25000,-0.89277,2.70193,-2.52074
3183.30000,-0.89970,2.69688,-2.49484
3183.35000,-0.90735,2.69095,-2.46402
3183.40000,-0.91489,2.68470,-2.43271
3183.45000,-0.92206,2.67836,-2.40049
3183.50000,-0.92870,2.67207,-2.36656
3183.55000,-0.93531,2.66555,-2.34249
3183.60000,-0.94109,2.65966,-2.35003
3183.65000,-0.94452,2.65631,-2.38715
3183.70000,-0.94690,2.65418,-2.44199
3183.75000,-0.94789,2.65338,-2.50693
3183.80000,-0.94819,2.65318,-2.57536
3183.85000,-0.94851,2.65300,-2.63189
3183.90000,-0.94874,2.65298,-2.66713
3183.95000,-0.95012,2.65224,-2.67371
3184.00000,-0.95532,2.64952,-2.65766
3184.05000,-0.96258,2.64561,-2.63222
3184.10000,-0.97060,2.64093,-2.59976
3184.15000,-0.97838,2.63606,-2.56492
3184.20000,-0.98595,2.63095,-2.53033
3184.25000,-0.99334,2.62558,-2.49569
3184.30000,-1.00054,2.61996,-2.46101
3184.35000,-1.00769,2.61414,-2.43403
3184.40000,-1.01491,2.60818,-2.43042
3184.45000,-1.02106,2.60301,-2.45395
3184.50000,-1.02636,2.59882,-2.49431
3184.55000,-1.02967,2.59643,-2.54813
3184.60000,-1.03065,2.59580,-2.61374
3184.65000,-1.03123,2.59549,-2.68131
3184.70000,-1.03182,2.59523,-2.73702
3184.75000,-1.03267,2.59478,-2.76657
3184.80000,-1.03458,2.59387,-2.76981
3184.85000,-1.03996,2.59169,-2.75482
3184.90000,-1.04785,2.58836,-2.72884
3184.95000,-1.05680,2.58428,-2.69801
3185.00000,-1.06576,2.57984,-2.66697
3185.05000,-1.07459,2.57514,-2.63633
3185.10000,-1.08326,2.57016,-2.60544
3185.15000,-1.09178,2.56492,-2.57456
3185.20000,-1.10005,2.55970,-2.55028
3185.25000,-1.10776,2.55498,-2.54861
3185.30000,-1.11520,2.55048,-2.55781
3185.35000,-1.12253,2.54607,-2.58265
3185.40000,-1.12888,2.54227,-2.62604
3185.45000,-1.13275,2.54020,-2.68264
3185.50000,-1.13414,2.53956,-2.75118
3185.55000,-1.13511,2.53920,-2.82207
3185.60000,-1.13607,2.53893,-2.88186
3185.65000,-1.13725,2.53849,-2.91820
3185.70000,-1.13941,2.53719,-2.92677
3185.75000,-1.14379,2.53545,-2.91760
3185.80000,-1.15171,2.53349,-2.89384
3185.85000,-1.16114,2.53095,-2.86375
3185.90000,-1.17072,2.52806,-2.83301
3185.95000,-1.18020,2.52488,-2.80268
3186.00000,-1.18958,2.52141,-2.77239
3186.05000,-1.19885,2.51766,-2.74218
3186.10000,-1.20800,2.51364,-2.71160
3186.15000,-1.21694,2.50961,-2.68602
3186.20000,-1.22375,2.50646,-2.67180
3186.25000,-1.22880,2.50390,-2.63723
3186.30000,-1.23350,2.50117,-2.59196
3186.35000,-1.23904,2.49758,-2.54193
3186.40000,-1.24506,2.49322,-2.48859
3186.45000,-1.25129,2.48818,-2.43291
3186.50000,-1.25753,2.48250,-2.37566
3186.55000,-1.26366,2.47626,-2.31731
3186.60000,-1.26954,2.46951,-2.25819
3186.65000,-1.27510,2.46230,-2.19853
3186.70000,-1.28032,2.45464,-2.13870
3186.75000,-1.28511,2.44661,-2.07862
3186.80000,-1.28946,2.43821,-2.01858
3186.85000,-1.29331,2.42953,-1.95845
3186.90000,-1.29666,2.42056,-1.89839
3186.95000,-1.29949,2.41133,-1.83852
3187.00000,-1.30178,2.40191,-1.77867
3187.05000,-1.30309,2.39439,-1.71859
3187.10000,-1.30367,2.38948,-1.65511
3187.15000,-1.30393,2.38441,-1.59197
3187.20000,-1.30388,2.37928,-1.52930
3187.25000,-1.30350,2.37411,-1.46708
3187.30000,-1.30281,2.36895,-1.40532
3187.35000,-1.30179,2.36383,-1.34400
3187.40000,-1.30046,2.35880,-1.28313
3187.45000,-1.29885,2.35389,-1.22269
3187.50000,-1.29696,2.34913,-1.16269
3187.55000,-1.29482,2.34456,-1.10312
3187.60000,-1.29245,2.34019,-1.04397
3187.65000,-1.28988,2.33605,-0.98525
3187.70000,-1.28713,2.33216,-0.92695
3187.75000,-1.28424,2.32853,-0.86906
3187.80000,-1.28122,2.32515,-0.81160
3187.85000,-1.27809,2.32205,-0.75454
3187.90000,-1.27490,2.31920,-0.69791
3187.95000,-1.27164,2.31663,-0.64170
3188.00000,-1.26835,2.31431,-0.58591
3188.05000,-1.26504,2.31224,-0.53056
3188.10000,-1.26172,2.31041,-0.47565
3188.15000,-1.25841,2.30882,-0.42120
3188.20000,-1.25516,2.30747,-0.36706
3188.25000,-1.25203,2.30636,-0.31310
3188.30000,-1.24903,2.30548,-0.25928
3188.35000,-1.24616,2.30480,-0.20558
3188.40000,-1.24343,2.30430,-0.15195
3188.45000,-1.24084,2.30398,-0.09840
3188.50000,-1.23838,2.30380,-0.04492
3188.55000,-1.23605,2.30376,0.00847
3188.60000,-1.23384,2.30384,0.06177
3188.65000,-1.23175,2.30402,0.11496
3188.70000,-1.22976,2.30430,0.16801
3188.75000,-1.22788,2.30467,0.22090
3188.80000,-1.22610,2.30512,0.27359
3188.85000,-1.22441,2.30565,0.32605
3188.90000,-1.22281,2.30623,0.37825
3188.95000,-1.22130,2.30688,0.43016
3189.00000,-1.21988,2.30758,0.48174
3189.05000,-1.21853,2.30832,0.53294
3189.10000,-1.21725,2.30912,0.58344
3189.15000,-1.21602,2.30998,0.63299
3189.20000,-1.21485,2.31088,0.68157
3189.25000,-1.21360,2.31195,0.71852
3189.30000,-1.20895,2.31613,0.73552
3189.35000,-1.20198,2.32246,0.73653
3189.40000,-1.19460,2.32914,0.73402
3189.45000,-1.18720,2.33579,0.73146
3189.50000,-1.17979,2.34242,0.72827
3189.55000,-1.17238,2.34901,0.72428
3189.60000,-1.16494,2.35556,0.72004
3189.65000,-1.15746,2.36210,0.71517
3189.70000,-1.14999,2.36857,0.70939
3189.75000,-1.14245,2.37500,0.70341
3189.80000,-1.13490,2.38137,0.69661
3189.85000,-1.12730,2.38770,0.68951
3189.90000,-1.11965,2.39397,0.68215
3189.95000,-1.11198,2.40015,0.67428
3190.00000,-1.10437,2.40624,0.67590
3190.05000,-1.09899,2.41060,0.69190
3190.10000,-1.09700,2.41225,0.72733
3190.15000,-1.09585,2.41331,0.76837
3190.20000,-1.09470,2.41446,0.79855
3190.25000,-1.09167,2.41765,0.81271
3190.30000,-1.08635,2.42328,0.80994
3190.35000,-1.07966,2.43023,0.79698
3190.40000,-1.07283,2.43714,0.78368
3190.45000,-1.06590,2.44396,0.77052
3190.50000,-1.05889,2.45068,0.75708
3190.55000,-1.05177,2.45732,0.74317
3190.60000,-1.04462,2.46380,0.72886
3190.65000,-1.03739,2.47016,0.71394
3190.70000,-1.03014,2.47642,0.71049
3190.75000,-1.02468,2.48112,0.72003
3190.80000,-1.02052,2.48486,0.73883
3190.85000,-1.01472,2.49026,0.76525
3190.90000,-1.00827,2.49665,0.79783
3190.95000,-1.00197,2.50332,0.83068
3191.00000,-0.99589,2.51020,0.86326
3191.05000,-0.98987,2.51725,0.88872
3191.10000,-0.98353,2.52466,0.89695
3191.15000,-0.97725,2.53214,0.88857
3191.20000,-0.97115,2.53949,0.87012
3191.25000,-0.96492,2.54671,0.85170
3191.30000,-0.95856,2.55381,0.83295
3191.35000,-0.95240,2.56056,0.82501
3191.40000,-0.94812,2.56525,0.82965
3191.45000,-0.94526,2.56841,0.84263
3191.50000,-0.94332,2.57063,0.86130
3191.55000,-0.94230,2.57185,0.88562
3191.60000,-0.94210,2.57210,0.91505
3191.65000,-0.94203,2.57218,0.94526
3191.70000,-0.94184,2.57247,0.96511
3191.75000,-0.93976,2.57548,0.97093
3191.80000,-0.93561,2.58148,0.96043
3191.85000,-0.93005,2.58925,0.94134
3191.90000,-0.92427,2.59700,0.91997
3191.95000,-0.91820,2.60479,0.89929
3192.00000,-0.91196,2.61245,0.87838
3192.05000,-0.90592,2.61973,0.86451
3192.10000,-0.90096,2.62562,0.86476
3192.15000,-0.89901,2.62799,0.88477
3192.20000,-0.89892,2.62808,0.91645
3192.25000,-0.89888,2.62813,0.94823
3192.30000,-0.89884,2.62819,0.97959
3192.35000,-0.89880,2.62825,1.01057
3192.40000,-0.89863,2.62854,1.03008
3192.45000,-0.89693,2.63136,1.03410
3192.50000,-0.89356,2.63692,1.02499
3192.55000,-0.88865,2.64480,1.00411
3192.60000,-0.88334,2.65292,0.97984
3192.65000,-0.87793,2.66077,0.95503
3192.70000,-0.87237,2.66839,0.92917
3192.75000,-0.86678,2.67585,0.91285
3192.80000,-0.86149,2.68274,0.90794
3192.85000,-0.85730,2.68813,0.91281
3192.90000,-0.85389,2.69259,0.92361
3192.95000,-0.85131,2.69606,0.94024
3193.00000,-0.84956,2.69851,0.96262
3193.05000,-0.84865,2.69985,0.99074
3193.10000,-0.84858,2.69996,1.02482
3193.15000,-0.84856,2.70000,1.05900
3193.20000,-0.84855,2.70005,1.08209
3193.25000,-0.84747,2.70201,1.09028
3193.30000,-0.84529,2.70616,1.08647
3193.35000,-0.84153,2.71310,1.06628
3193.40000,-0.83693,2.72116,1.03893
3193.45000,-0.83209,2.72913,1.01187
3193.50000,-0.82705,2.73696,0.98440
3193.55000,-0.82184,2.74476,0.96281
3193.60000,-0.81680,2.75206,0.95580
3193.65000,-0.81266,2.75794,0.96051
3193.70000,-0.80906,2.76314,0.97062
3193.75000,-0.80605,2.76762,0.98594
3193.80000,-0.80364,2.77133,1.00634
3193.85000,-0.80184,2.77425,1.03169
3193.90000,-0.80064,2.77633,1.06187
3193.95000,-0.80028,2.77725,1.07940
3194.00000,-0.80028,2.77758,1.07784
3194.05000,-0.79939,2.77915,1.05583
3194.10000,-0.79714,2.78294,1.01739
3194.15000,-0.79400,2.78777,0.97172
3194.20000,-0.78985,2.79355,0.92249
3194.25000,-0.78517,2.79937,0.86876
3194.30000,-0.77974,2.80544,0.81318
3194.35000,-0.77370,2.81147,0.75628
3194.40000,-0.76733,2.81714,0.69831
3194.45000,-0.76060,2.82248,0.64229
3194.50000,-0.75353,2.82749,0.58918
3194.55000,-0.74629,2.83204,0.53429
3194.60000,-0.73875,2.83623,0.47946
3194.65000,-0.73130,2.83983,0.42218
3194.70000,-0.72287,2.84333,0.36574
3194.75000,-0.71385,2.84650,0.30926
3194.80000,-0.70498,2.84905,0.25036
3194.85000,-0.69581,2.85111,0.19122
3194.90000,-0.68635,2.85265,0.13219
3194.95000,-0.67672,2.85364,0.07312
3195.00000,-0.66690,2.85407,0.01430
3195.05000,-0.65696,2.85392,-0.04430
3195.10000,-0.64716,2.85355,-0.09688
3195.15000,-0.63828,2.85311,-0.13917
3195.20000,-0.63159,2.85205,-0.18095
3195.25000,-0.62391,2.85047,-0.22706
3195.30000,-0.61590,2.84864,-0.26740
3195.35000,-0.60764,2.84652,-0.28858
3195.40000,-0.59909,2.84406,-0.28783
3195.45000,-0.59146,2.84191,-0.26296
3195.50000,-0.58616,2.84057,-0.22563
3195.55000,-0.58320,2.83996,-0.17788
3195.60000,-0.58212,2.83995,-0.13453
3195.65000,-0.58140,2.84021,-0.11479
3195.70000,-0.58087,2.84032,-0.11765
3195.75000,-0.57952,2.84007,-0.13874
3195.80000,-0.57534,2.83935,-0.17455
3195.85000,-0.56957,2.83826,-0.20587
3195.90000,-0.56532,2.83743,-0.22632
3195.95000,-0.56246,2.83674,-0.24983
3196.00000,-0.56031,2.83620,-0.26389
3196.05000,-0.55904,2.83581,-0.27582
3196.10000,-0.55748,2.83513,-0.27396
3196.15000,-0.55627,2.83464,-0.26815
3196.20000,-0.55549,2.83437,-0.26176
3196.25000,-0.55498,2.83425,-0.25367
3196.30000,-0.55454,2.83417,-0.24893
3196.35000,-0.55376,2.83397,-0.21577
3196.40000,-0.55259,2.83373,-0.16215
3196.45000,-0.55119,2.83354,-0.09520
3196.50000,-0.55044,2.83348,-0.03873
3196.55000,-0.55033,2.83352,-0.00916
3196.60000,-0.55071,2.83351,-0.00357
3196.65000,-0.55121,2.83348,-0.00973
3196.70000,-0.55019,2.83337,-0.02770
3196.75000,-0.54666,2.83313,-0.05889
3196.80000,-0.54045,2.83260,-0.10362
3196.85000,-0.53300,2.83163,-0.15357
3196.90000,-0.52493,2.83016,-0.20629
3196.95000,-0.51654,2.82817,-0.26058
3197.00000,-0.50825,2.82571,-0.31369
3197.05000,-0.50006,2.82281,-0.36605
3197.10000,-0.49203,2.81949,-0.41770
3197.15000,-0.48422,2.81603,-0.45773
3197.20000,-0.47623,2.81236,-0.48083
3197.25000,-0.46956,2.80951,-0.48564
3197.30000,-0.46592,2.80774,-0.50974
3197.35000,-0.46397,2.80661,-0.55701
3197.40000,-0.46264,2.80572,-0.61893
3197.45000,-0.46175,2.80504,-0.69131
3197.50000,-0.46117,2.80453,-0.77110
3197.55000,-0.46103,2.80438,-0.85465
3197.60000,-0.46099,2.80433,-0.93825
3197.65000,-0.46095,2.80428,-1.02121
3197.70000,-0.46092,2.80422,-1.10348
3197.75000,-0.46089,2.80416,-1.18506
3197.80000,-0.46087,2.80410,-1.26593
3197.85000,-0.46085,2.80404,-1.34605
3197.90000,-0.46084,2.80398,-1.42542
3197.95000,-0.46084,2.80392,-1.50400
3198.00000,-0.46083,2.80385,-1.58180
3198.05000,-0.46084,2.80379,-1.65878
3198.10000,-0.46085,2.80373,-1.73493
3198.15000,-0.46086,2.80366,-1.81023
3198.20000,-0.46088,2.80360,-1.88468
3198.25000,-0.46090,2.80354,-1.95824
3198.30000,-0.46092,2.80348,-2.03092
3198.35000,-0.46096,2.80343,-2.10269
3198.40000,-0.46099,2.80337,-2.17355
3198.45000,-0.46103,2.80332,-2.24347
3198.50000,-0.46107,2.80327,-2.31246
3198.55000,-0.46111,2.80323,-2.38050
3198.60000,-0.46116,2.80319,-2.44758
3198.65000,-0.46121,2.80315,-2.51369
3198.70000,-0.46127,2.80311,-2.57883
3198.75000,-0.46132,2.80308,-2.64298
3198.80000,-0.46138,2.80305,-2.70615
3198.85000,-0.46144,2.80302,-2.76831
3198.90000,-0.46150,2.80300,-2.82947
3198.95000,-0.46156,2.80299,-2.88963
3199.00000,-0.46162,2.80297,-2.94877
3199.05000,-0.46168,2.80296,-3.00689
3199.10000,-0.46175,2.80295,-3.06399
3199.15000,-0.46181,2.80295,-3.12007
3199.20000,-0.46187,2.80295,3.10807
3199.25000,-0.46194,2.80296,3.05405
3199.30000,-0.46200,2.80296,3.00107
3199.35000,-0.46399,2.80346,2.94940
3199.40000,-0.47023,2.80486,2.90217
3199.45000,-0.47788,2.80692,2.85339
3199.50000,-0.48618,2.80959,2.80268
3199.55000,-0.49492,2.81294,2.75103
3199.60000,-0.50407,2.81698,2.70151
3199.65000,-0.51301,2.82146,2.65237
3199.70000,-0.52171,2.82637,2.60356
3199.75000,-0.53017,2.83170,2.55505
3199.80000,-0.53837,2.83744,2.50684
3199.85000,-0.54620,2.84323,2.46634
3199.90000,-0.55385,2.84924,2.45605
3199.95000,-0.56161,2.85552,2.46572
3200.00000,-0.56956,2.86180,2.47952
3200.05000,-0.57760,2.86798,2.49443
3200.10000,-0.58583,2.87406,2.51180
3200.15000,-0.59424,2.88008,2.52984
3200.20000,-0.60272,2.88591,2.54832
3200.25000,-0.61140,2.89163,2.56899
3200.30000,-0.62016,2.89713,2.59147
3200.35000,-0.62903,2.90242,2.61527
3200.40000,-0.63805,2.90751,2.63979
3200.45000,-0.64636,2.91193,2.66497
3200.50000,-0.65470,2.91610,2.69164
3200.55000,-0.66391,2.92038,2.71901
3200.60000,-0.67323,2.92443,2.74649
3200.65000,-0.68247,2.92814,2.77425
3200.70000,-0.69184,2.93160,2.80215
3200.75000,-0.70130,2.93479,2.83003
3200.80000,-0.71084,2.93771,2.85959
3200.85000,-0.72038,2.94031,2.89057
3200.90000,-0.73008,2.94262,2.92322
3200.95000,-0.73976,2.94459,2.95647
3201.00000,-0.74936,2.94622,2.99140
3201.05000,-0.75870,2.94750,3.02889
3201.10000,-0.76815,2.94839,3.06665
3201.15000,-0.77732,2.94891,3.10677
3201.20000,-0.78703,2.94905,-3.13673
3201.25000,-0.79700,2.94881,-3.09769
3201.30000,-0.80682,2.94819,-3.05720
3201.35000,-0.81676,2.94714,-3.01572
3201.40000,-0.82663,2.94567,-2.97302
3201.45000,-0.83645,2.94378,-2.92939
3201.50000,-0.84615,2.94147,-2.88612
3201.55000,-0.85492,2.93897,-2.83988
3201.60000,-0.86336,2.93613,-2.79293
3201.65000,-0.87158,2.93292,-2.74621
3201.70000,-0.87967,2.92932,-2.70006
3201.75000,-0.88758,2.92535,-2.65424
3201.80000,-0.89630,2.92049,-2.61222
3201.85000,-0.90478,2.91534,-2.57049
3201.90000,-0.91222,2.91032,-2.52629
3201.95000,-0.91937,2.90503,-2.48215
3202.00000,-0.92629,2.89942,-2.43862
3202.05000,-0.93297,2.89351,-2.39542
3202.10000,-0.93938,2.88731,-2.35222
3202.15000,-0.94553,2.88085,-2.30900
3202.20000,-0.95138,2.87412,-2.26574
3202.25000,-0.95694,2.86715,-2.22240
3202.30000,-0.96244,2.85992,-2.19219
3202.35000,-0.96783,2.85271,-2.18459
3202.40000,-0.97279,2.84590,-2.19802
3202.45000,-0.97672,2.84064,-2.23343
3202.50000,-0.97916,2.83764,-2.28093
3202.55000,-0.97989,2.83683,-2.33975
3202.60000,-0.98032,2.83641,-2.40059
3202.65000,-0.98084,2.83597,-2.44911
3202.70000,-0.98206,2.83491,-2.46828
3202.75000,-0.98458,2.83283,-2.46004
3202.80000,-0.98964,2.82864,-2.43698
3202.85000,-0.99584,2.82321,-2.40723
3202.90000,-1.00287,2.81665,-2.37234
3202.95000,-1.00992,2.80956,-2.33601
3203.00000,-1.01672,2.80222,-2.29947
3203.05000,-1.02322,2.79490,-2.27129
3203.10000,-1.02938,2.78785,-2.26766
3203.15000,-1.03519,2.78110,-2.28698
3203.20000,-1.04003,2.77570,-2.32152
3203.25000,-1.04298,2.77266,-2.36867
3203.30000,-1.04402,2.77170,-2.42731
3203.35000,-1.04480,2.77106,-2.48759
3203.40000,-1.04563,2.77046,-2.54760
3203.45000,-1.04653,2.76986,-2.59520
3203.50000,-1.04822,2.76857,-2.61135
3203.55000,-1.05154,2.76638,-2.60280
3203.60000,-1.05749,2.76273,-2.58082
3203.65000,-1.06479,2.75801,-2.55190
3203.70000,-1.07291,2.75238,-2.51851
3203.75000,-1.08093,2.74640,-2.48463
3203.80000,-1.08874,2.74016,-2.45085
3203.85000,-1.09632,2.73391,-2.42366
3203.90000,-1.10361,2.72790,-2.41132
3203.95000,-1.11058,2.72215,-2.41723
3204.00000,-1.11747,2.71640,-2.43797
3204.05000,-1.12277,2.71204,-2.47410
3204.10000,-1.12580,2.70975,-2.52271
3204.15000,-1.12675,2.70911,-2.58189
3204.20000,-1.12743,2.70871,-2.64223
3204.25000,-1.12810,2.70837,-2.70228
3204.30000,-1.12883,2.70803,-2.75147
3204.35000,-1.13020,2.70712,-2.77448
3204.40000,-1.13324,2.70560,-2.77079
3204.45000,-1.13933,2.70310,-2.75292
3204.50000,-1.14734,2.69970,-2.72535
3204.55000,-1.15658,2.69542,-2.69223
3204.60000,-1.16627,2.69054,-2.65801
3204.65000,-1.17579,2.68534,-2.62398
3204.70000,-1.18512,2.67981,-2.58993
3204.75000,-1.19319,2.67501,-2.57106
3204.80000,-1.20091,2.67037,-2.57146
3204.85000,-1.20653,2.66697,-2.60187
3204.90000,-1.20929,2.66542,-2.65369
3204.95000,-1.21019,2.66497,-2.71556
3205.00000,-1.21060,2.66480,-2.78040
3205.05000,-1.21100,2.66467,-2.84556
3205.10000,-1.21143,2.66454,-2.89969
3205.15000,-1.21230,2.66405,-2.92835
3205.20000,-1.21443,2.66298,-2.93065
3205.25000,-1.21973,2.66159,-2.91587
3205.30000,-1.22830,2.65950,-2.88917
3205.35000,-1.23839,2.65673,-2.85611
3205.40000,-1.24874,2.65351,-2.82200
3205.45000,-1.25833,2.65020,-2.78875
3205.50000,-1.26773,2.64663,-2.75668
3205.55000,-1.27636,2.64301,-2.73329
3205.60000,-1.28501,2.63932,-2.72580
3205.65000,-1.29372,2.63553,-2.73641
3205.70000,-1.30261,2.63153,-2.75637
3205.75000,-1.31138,2.62801,-2.79308
3205.80000,-1.31826,2.62568,-2.84268
3205.85000,-1.32267,2.62445,-2.90422
3205.90000,-1.32445,2.62407,-2.97736
3205.95000,-1.32528,2.62398,-3.04466
3206.00000,-1.32650,2.62358,-3.09161
3206.05000,-1.32832,2.62322,-3.11449
3206.10000,-1.33123,2.62302,-3.11528
3206.15000,-1.33780,2.62274,-3.09888
3206.20000,-1.34740,2.62219,-3.06973
3206.25000,-1.35731,2.62133,-3.03957
3206.30000,-1.36723,2.62017,-3.01048
3206.35000,-1.37710,2.61872,-2.98173
3206.40000,-1.38694,2.61699,-2.95318
3206.45000,-1.39672,2.61498,-2.92433
3206.50000,-1.40646,2.61284,-2.90295
3206.55000,-1.41622,2.61065,-2.89924
3206.60000,-1.42519,2.60866,-2.92096
3206.65000,-1.43311,2.60703,-2.95858
3206.70000,-1.43952,2.60600,-3.01051
3206.75000,-1.44400,2.60554,-3.07584
3206.80000,-1.44643,2.60547,3.13002
3206.85000,-1.44844,2.60557,3.05004
3206.90000,-1.45041,2.60573,2.98047
3206.95000,-1.45240,2.60595,2.92857
3207.00000,-1.45463,2.60645,2.89400
3207.05000,-1.45695,2.60707,2.87057
3207.10000,-1.45933,2.60776,2.85564
3207.15000,-1.46176,2.60853,2.84916
3207.20000,-1.46422,2.60932,2.85180
3207.25000,-1.46751,2.61030,2.86204
3207.30000,-1.47222,2.61164,2.87880
3207.35000,-1.47870,2.61332,2.90348
3207.40000,-1.48748,2.61536,2.93701
3207.45000,-1.49733,2.61723,2.97566
3207.50000,-1.50725,2.61870,3.01308
3207.55000,-1.51719,2.61980,3.04951
3207.60000,-1.52716,2.62055,3.08451
3207.65000,-1.53715,2.62095,3.11875
3207.70000,-1.54715,2.62100,-3.13035
3207.75000,-1.55692,2.62072,-3.09159
3207.80000,-1.56646,2.62033,-3.05473
3207.85000,-1.57578,2.62014,-3.02684
3207.90000,-1.58463,2.62037,-3.01799
3207.95000,-1.59338,2.62070,-3.01576
3208.00000,-1.60212,2.62103,-3.01491
3208.05000,-1.61086,2.62135,-3.01989
3208.10000,-1.61964,2.62159,-3.03926
3208.15000,-1.62687,2.62149,-3.07000
3208.20000,-1.63279,2.62121,-3.08319
3208.25000,-1.63910,2.62089,-3.07312
3208.30000,-1.64484,2.62044,-3.04047
3208.35000,-1.65170,2.61960,-2.99975
3208.40000,-1.65963,2.61828,-2.95449
3208.45000,-1.66829,2.61642,-2.90613
3208.50000,-1.67745,2.61398,-2.85575
3208.55000,-1.68691,2.61093,-2.80426
3208.60000,-1.69626,2.60738,-2.75256
3208.65000,-1.70541,2.60335,-2.70124
3208.70000,-1.71434,2.59886,-2.65057
3208.75000,-1.72304,2.59392,-2.59994
3208.80000,-1.73147,2.58855,-2.54938
3208.85000,-1.73963,2.58277,-2.49938
3208.90000,-1.74643,2.57741,-2.44462
3208.95000,-1.75069,2.57363,-2.38016
3209.00000,-1.75340,2.57085,-2.30891
3209.05000,-1.75584,2.56797,-2.23792
3209.10000,-1.75799,2.56503,-2.16740
3209.15000,-1.75986,2.56207,-2.09736
3209.20000,-1.76145,2.55909,-2.02781
3209.25000,-1.76278,2.55614,-1.95878
3209.30000,-1.76385,2.55324,-1.89027
3209.35000,-1.76469,2.55040,-1.82228
3209.40000,-1.76530,2.54764,-1.75483
3209.45000,-1.76572,2.54488,-1.68792
3209.50000,-1.76595,2.54212,-1.62161
3209.55000,-1.76600,2.53937,-1.55593
3209.60000,-1.76587,2.53665,-1.49089
3209.65000,-1.76557,2.53396,-1.42650
3209.70000,-1.76510,2.53133,-1.36278
3209.75000,-1.76447,2.52876,-1.29974
3209.80000,-1.76369,2.52626,-1.23738
3209.85000,-1.76278,2.52385,-1.17571
3209.90000,-1.76173,2.52153,-1.11475
3209.95000,-1.76056,2.51932,-1.05448
3210.00000,-1.75928,2.51721,-0.99493
3210.05000,-1.75790,2.51522,-0.93610
3210.10000,-1.75643,2.51335,-0.87798
3210.15000,-1.75489,2.51159,-0.82058
3210.20000,-1.75328,2.50996,-0.76391
3210.25000,-1.75162,2.50845,-0.70796
3210.30000,-1.74990,2.50707,-0.65274
3210.35000,-1.74816,2.50580,-0.59826
3210.40000,-1.74638,2.50466,-0.54450
3210.45000,-1.74458,2.50364,-0.49147
3210.50000,-1.74277,2.50273,-0.43918
3210.55000,-1.74096,2.50193,-0.38762
3210.60000,-1.73914,2.50124,-0.33680
3210.65000,-1.73731,2.50063,-0.28657
3210.70000,-1.73551,2.50015,-0.23721
3210.75000,-1.73373,2.49977,-0.18860
3210.80000,-1.73197,2.49947,-0.14072
3210.85000,-1.73024,2.49927,-0.09357
3210.90000,-1.72853,2.49915,-0.04717
3210.95000,-1.72686,2.49911,-0.00150
3211.00000,-1.72521,2.49914,0.04342
3211.05000,-1.72152,2.49951,0.08723
3211.10000,-1.71316,2.50045,0.12661
3211.15000,-1.70400,2.50157,0.16258
3211.20000,-1.69464,2.50294,0.18198
3211.25000,-1.68505,2.50459,0.18739
3211.30000,-1.67526,2.50642,0.18523
3211.35000,-1.66545,2.50825,0.18171
3211.40000,-1.65569,2.51003,0.17779
3211.45000,-1.64594,2.51177,0.17350
3211.50000,-1.63612,2.51348,0.16857
3211.55000,-1.62623,2.51513,0.16315
3211.60000,-1.61634,2.51674,0.15715
3211.65000,-1.60646,2.51828,0.15092
3211.70000,-1.59684,2.51965,0.15460
3211.75000,-1.58946,2.52077,0.17562
3211.80000,-1.58517,2.52154,0.21077
3211.85000,-1.58355,2.52191,0.25699
3211.90000,-1.58286,2.52215,0.29828
3211.95000,-1.58071,2.52308,0.32201
3212.00000,-1.57678,2.52455,0.33561
3212.05000,-1.57160,2.52639,0.34321
3212.10000,-1.56504,2.52879,0.34414
3212.15000,-1.55578,2.53209,0.33235
3212.20000,-1.54654,2.53523,0.31968
3212.25000,-1.53725,2.53825,0.30703
3212.30000,-1.52794,2.54115,0.29374
3212.35000,-1.51858,2.54392,0.28008
3212.40000,-1.50921,2.54656,0.26582
3212.45000,-1.49979,2.54906,0.25137
3212.50000,-1.49031,2.55139,0.24610
3212.55000,-1.48172,2.55345,0.26477
3212.60000,-1.47659,2.55487,0.29997
3212.65000,-1.47386,2.55577,0.34540
3212.70000,-1.47314,2.55605,0.39910
3212.75000,-1.47255,2.55632,0.44433
3212.80000,-1.47171,2.55687,0.47358
3212.85000,-1.46897,2.55836,0.48750
3212.90000,-1.46292,2.56161,0.48267
3212.95000,-1.45449,2.56593,0.46403
3213.00000,-1.44592,2.57011,0.44534
3213.05000,-1.43728,2.57414,0.42658
3213.10000,-1.42858,2.57799,0.40734
3213.15000,-1.41981,2.58167,0.38762
3213.20000,-1.41099,2.58517,0.36736
3213.25000,-1.40210,2.58849,0.34672
3213.30000,-1.39301,2.59172,0.33750
3213.35000,-1.38383,2.59493,0.34920
3213.40000,-1.37711,2.59738,0.37563
3213.45000,-1.37320,2.59900,0.41158
3213.50000,-1.37179,2.59964,0.45815
3213.55000,-1.37128,2.59989,0.49946
3213.60000,-1.36987,2.60076,0.51817
3213.65000,-1.36440,2.60387,0.51126
3213.70000,-1.35719,2.60785,0.49464
3213.75000,-1.34892,2.61221,0.47279
3213.80000,-1.34047,2.61641,0.45014
3213.85000,-1.33193,2.62042,0.42728
3213.90000,-1.32332,2.62422,0.40403
3213.95000,-1.31457,2.62787,0.39365
3214.00000,-1.30608,2.63140,0.40420
3214.05000,-1.30075,2.63370,0.42964
3214.10000,-1.29846,2.63479,0.46609
3214.15000,-1.29809,2.63498,0.51048
3214.20000,-1.29782,2.63514,0.55472
3214.25000,-1.29759,2.63530,0.58866
3214.30000,-1.29690,2.63580,0.60759
3214.35000,-1.29370,2.63806,0.60974
3214.40000,-1.28915,2.64122,0.60306
3214.45000,-1.28362,2.64499,0.59043
3214.50000,-1.27650,2.64966,0.56845
3214.55000,-1.26856,2.65458,0.54195
3214.60000,-1.26050,2.65929,0.51539
3214.65000,-1.25232,2.66378,0.48857
3214.70000,-1.24392,2.66821,0.47301
3214.75000,-1.23596,2.67230,0.47540
3214.80000,-1.23077,2.67498,0.49084
3214.85000,-1.22978,2.67552,0.52526
3214.90000,-1.22962,2.67562,0.56352
3214.95000,-1.22947,2.67572,0.60147
3215.00000,-1.22932,2.67583,0.63904
3215.05000,-1.22919,2.67595,0.66659
3215.10000,-1.22818,2.67680,0.67821
3215.15000,-1.22499,2.67938,0.67608
3215.20000,-1.22057,2.68291,0.66741
3215.25000,-1.21479,2.68740,0.65192
3215.30000,-1.20735,2.69295,0.62831
3215.35000,-1.19918,2.69872,0.60170
3215.40000,-1.19086,2.70427,0.57499
3215.45000,-1.18240,2.70959,0.54803
3215.50000,-1.17479,2.71412,0.53683
3215.55000,-1.16936,2.71733,0.54572
3215.60000,-1.16758,2.71836,0.57325
3215.65000,-1.16737,2.71849,0.60672
3215.70000,-1.16694,2.71877,0.64103
3215.75000,-1.16683,2.71886,0.67360
3215.80000,-1.16673,2.71897,0.69736
3215.85000,-1.16610,2.71954,0.70693
3215.90000,-1.16309,2.72211,0.70213
3215.95000,-1.15881,2.72570,0.69060
3216.00000,-1.15305,2.73038,0.67158
3216.05000,-1.14569,2.73606,0.64273
3216.10000,-1.13768,2.74188,0.61256
3216.15000,-1.12996,2.74718,0.59613
3216.20000,-1.12410,2.75111,0.59792
3216.25000,-1.12142,2.75294,0.61471
3216.30000,-1.12098,2.75325,0.64243
3216.35000,-1.12089,2.75332,0.67179
3216.40000,-1.12080,2.75340,0.70094
3216.45000,-1.12072,2.75349,0.72160
3216.50000,-1.11982,2.75432,0.72731
3216.55000,-1.11720,2.75665,0.72228
3216.60000,-1.11339,2.75997,0.71073
3216.65000,-1.10792,2.76459,0.69067
3216.70000,-1.10061,2.77047,0.66158
3216.75000,-1.09307,2.77623,0.64242
3216.80000,-1.08706,2.78068,0.63942
3216.85000,-1.08414,2.78285,0.65215
3216.90000,-1.08365,2.78322,0.67685
3216.95000,-1.08357,2.78328,0.70374
3217.00000,-1.08350,2.78335,0.73048
3217.05000,-1.08343,2.78342,0.75704
3217.10000,-1.08332,2.78355,0.77142
3217.15000,-1.08124,2.78561,0.76660
3217.20000,-1.07683,2.78980,0.75007
3217.25000,-1.07072,2.79536,0.72502
3217.30000,-1.06346,2.80158,0.69230
3217.35000,-1.05637,2.80737,0.66971
3217.40000,-1.05064,2.81187,0.66602
3217.45000,-1.04780,2.81409,0.67886
3217.50000,-1.04714,2.81459,0.68635
3217.55000,-1.04592,2.81556,0.66845
3217.60000,-1.04233,2.81830,0.64013
3217.65000,-1.03700,2.82213,0.60437
3217.70000,-1.03118,2.82606,0.57942
3217.75000,-1.02593,2.82946,0.57834
3217.80000,-1.02402,2.83066,0.57705
3217.85000,-1.02178,2.83209,0.55624
3217.90000,-1.01775,2.83449,0.52376
3217.95000,-1.01283,2.83724,0.50244
3218.00000,-1.00920,2.83914,0.49162
3218.05000,-1.00543,2.84106,0.46271
3218.10000,-1.00002,2.84365,0.42486
3218.15000,-0.99288,2.84669,0.38282
3218.20000,-0.98464,2.84980,0.33731
3218.25000,-0.97627,2.85251,0.30312
3218.30000,-0.96809,2.85498,0.29284
3218.35000,-0.96221,2.85667,0.29714
3218.40000,-0.95954,2.85735,0.31766
3218.45000,-0.95869,2.85758,0.34887
3218.50000,-0.95827,2.85774,0.36658
3218.55000,-0.95789,2.85795,0.36498
3218.60000,-0.95678,2.85856,0.34848
3218.65000,-0.95240,2.86013,0.31362
3218.70000,-0.94682,2.86184,0.29035
3218.75000,-0.94152,2.86336,0.29255
3218.80000,-0.93929,2.86384,0.29782
3218.85000,-0.93726,2.86444,0.28032
3218.90000,-0.93305,2.86558,0.24835
3218.95000,-0.92737,2.86690,0.20799
3219.00000,-0.92084,2.86817,0.18000
3219.05000,-0.91407,2.86940,0.17525
3219.10000,-0.90973,2.87005,0.18790
3219.15000,-0.90864,2.87020,0.21386
3219.20000,-0.90831,2.87027,0.24255
3219.25000,-0.90785,2.87037,0.27173
3219.30000,-0.90770,2.87040,0.29336
3219.35000,-0.90788,2.87028,0.29006
3219.40000,-0.90620,2.87099,0.27017
3219.45000,-0.90244,2.87222,0.24080
3219.50000,-0.89567,2.87380,0.20207
3219.55000,-0.88875,2.87505,0.17307
3219.60000,-0.88365,2.87578,0.15586
3219.65000,-0.87992,2.87637,0.13975
3219.70000,-0.87573,2.87700,0.14564
3219.75000,-0.87319,2.87726,0.16612
3219.80000,-0.87273,2.87733,0.19449
3219.85000,-0.87245,2.87738,0.22318
3219.90000,-0.87238,2.87745,0.23530
3219.95000,-0.87145,2.87772,0.21996
3220.00000,-0.86824,2.87840,0.19173
3220.05000,-0.86362,2.87931,0.17213
3220.10000,-0.86031,2.87985,0.16198
3220.15000,-0.85743,2.88026,0.15328
3220.20000,-0.85520,2.88054,0.14870
3220.25000,-0.85373,2.88072,0.14179
3220.30000,-0.85153,2.88111,0.15672
3220.35000,-0.85035,2.88126,0.18465
3220.40000,-0.84947,2.88143,0.21650
3220.45000,-0.84893,2.88155,0.23053
3220.50000,-0.84819,2.88174,0.21775
3220.55000,-0.84571,2.88226,0.19046
3220.60000,-0.84189,2.88296,0.17136
3220.65000,-0.83859,2.88342,0.16644
3220.70000,-0.83559,2.88372,0.15348
3220.75000,-0.83268,2.88409,0.13036
3220.80000,-0.82805,2.88482,0.10875
3220.85000,-0.82361,2.88520,0.09886
3220.90000,-0.81978,2.88551,0.08807
3220.95000,-0.81560,2.88602,0.09068
3221.00000,-0.81168,2.88634,0.10699
3221.05000,-0.80956,2.88650,0.13366
3221.10000,-0.80863,2.88662,0.16653
3221.15000,-0.80771,2.88677,0.19951
3221.20000,-0.80680,2.88695,0.23242
3221.25000,-0.80622,2.88709,0.24617
3221.30000,-0.80619,2.88712,0.23603
3221.35000,-0.80443,2.88754,0.21534
3221.40000,-0.80096,2.88827,0.18783
3221.45000,-0.79589,2.88915,0.15213
3221.50000,-0.78888,2.89013,0.10859
3221.55000,-0.78087,2.89084,0.07602
3221.60000,-0.77478,2.89119,0.05767
3221.65000,-0.76941,2.89137,0.03109
3221.70000,-0.76428,2.89143,0.00515
3221.75000,-0.76072,2.89142,-0.01292
3221.80000,-0.75811,2.89137,-0.02927
3221.85000,-0.75474,2.89125,-0.02434
3221.90000,-0.75106,2.89116,-0.01182
3221.95000,-0.74725,2.89115,0.00783
3222.00000,-0.74557,2.89117,0.03998
3222.05000,-0.74453,2.89122,0.07598
3222.10000,-0.74397,2.89127,0.09362
3222.15000,-0.74420,2.89129,0.07851
3222.20000,-0.74217,2.89141,0.04617
3222.25000,-0.73864,2.89150,0.00271
3222.30000,-0.73364,2.89138,-0.04706
3222.35000,-0.72809,2.89109,-0.09401
3222.40000,-0.72230,2.89054,-0.12655
3222.45000,-0.71589,2.88945,-0.13445
3222.50000,-0.70967,2.88873,-0.12360
3222.55000,-0.70646,2.88853,-0.09519
3222.60000,-0.70542,2.88847,-0.07379
3222.65000,-0.70527,2.88854,-0.07917
3222.70000,-0.70416,2.88832,-0.10346
3222.75000,-0.70058,2.88784,-0.14244
3222.80000,-0.69592,2.88712,-0.18094
3222.85000,-0.69164,2.88643,-0.21176
3222.90000,-0.68927,2.88592,-0.23375
3222.95000,-0.68648,2.88494,-0.23569
3223.00000,-0.68344,2.88370,-0.22769
3223.05000,-0.68015,2.88237,-0.21167
3223.10000,-0.67643,2.88137,-0.18833
3223.15000,-0.67269,2.88072,-0.15873
3223.20000,-0.66972,2.88030,-0.12468
3223.25000,-0.66826,2.88025,-0.10143
3223.30000,-0.66758,2.88043,-0.09956
3223.35000,-0.66662,2.88027,-0.11939
3223.40000,-0.66295,2.87968,-0.15426
3223.45000,-0.65733,2.87867,-0.19861
3223.50000,-0.65066,2.87715,-0.24778
3223.55000,-0.64328,2.87508,-0.30022
3223.60000,-0.63570,2.87274,-0.34754
3223.65000,-0.62885,2.87072,-0.38361
3223.70000,-0.62494,2.86921,-0.41483
3223.75000,-0.62065,2.86723,-0.42534
3223.80000,-0.61592,2.86477,-0.41689
3223.85000,-0.61097,2.86212,-0.39985
3223.90000,-0.60591,2.85996,-0.37605
3223.95000,-0.60332,2.85919,-0.34046
3224.00000,-0.60315,2.85914,-0.29724
3224.05000,-0.60300,2.85909,-0.25392
3224.10000,-0.60284,2.85906,-0.21078
3224.15000,-0.60273,2.85910,-0.17750
3224.20000,-0.60329,2.85944,-0.16983
3224.25000,-0.60242,2.85919,-0.18310
3224.30000,-0.59839,2.85824,-0.21240
3224.35000,-0.59230,2.85680,-0.25207
3224.40000,-0.58515,2.85478,-0.29720
3224.45000,-0.57725,2.85215,-0.34583
3224.50000,-0.56914,2.84923,-0.38912
3224.55000,-0.56194,2.84670,-0.42084
3224.60000,-0.55778,2.84489,-0.43824
3224.65000,-0.55345,2.84275,-0.43190
3224.70000,-0.54945,2.84089,-0.40823
3224.75000,-0.54774,2.84018,-0.37312
3224.80000,-0.54752,2.84010,-0.33140
3224.85000,-0.54731,2.84003,-0.28960
3224.90000,-0.54709,2.83997,-0.24791
3224.95000,-0.54687,2.83993,-0.21617
3225.00000,-0.54707,2.84009,-0.20890
3225.05000,-0.54550,2.83967,-0.22105
3225.10000,-0.54060,2.83839,-0.24890
3225.15000,-0.53390,2.83654,-0.28610
3225.20000,-0.52553,2.83390,-0.32603
3225.25000,-0.51665,2.83094,-0.36046
3225.30000,-0.50878,2.82841,-0.38481
3225.35000,-0.50308,2.82635,-0.40519
3225.40000,-0.49746,2.82429,-0.40592
3225.45000,-0.49206,2.82228,-0.39153
3225.50000,-0.48858,2.82089,-0.36324
3225.55000,-0.48758,2.82053,-0.32391
3225.60000,-0.48736,2.82046,-0.28116
3225.65000,-0.48713,2.82041,-0.24928
3225.70000,-0.48654,2.82029,-0.24497
3225.75000,-0.48304,2.81930,-0.26335
3225.80000,-0.47688,2.81753,-0.29166
3225.85000,-0.46905,2.81503,-0.32586
3225.90000,-0.46108,2.81235,-0.35466
3225.95000,-0.45311,2.80959,-0.36214
3226.00000,-0.44647,2.80725,-0.34703
3226.05000,-0.44226,2.80578,-0.32126
3226.10000,-0.44062,2.80526,-0.28430
3226.15000,-0.44040,2.80519,-0.24131
3226.20000,-0.44017,2.80514,-0.19834
3226.25000,-0.43993,2.80511,-0.16568
3226.30000,-0.43975,2.80512,-0.15222
3226.35000,-0.43823,2.80480,-0.15865
3226.40000,-0.43343,2.80382,-0.18088
3226.45000,-0.42595,2.80232,-0.21423
3226.50000,-0.41720,2.80025,-0.25237
3226.55000,-0.40849,2.79780,-0.29492
3226.60000,-0.39987,2.79496,-0.33795
3226.65000,-0.39150,2.79191,-0.37371
3226.70000,-0.38299,2.78868,-0.38208
3226.75000,-0.37513,2.78565,-0.37135
3226.80000,-0.36883,2.78327,-0.35262
3226.85000,-0.36469,2.78180,-0.32391
3226.90000,-0.36306,2.78128,-0.28413
3226.95000,-0.36290,2.78123,-0.23807
3227.00000,-0.36274,2.78120,-0.19202
3227.05000,-0.36258,2.78117,-0.14617
3227.10000,-0.36241,2.78116,-0.10950
3227.15000,-0.36219,2.78105,-0.09462
3227.20000,-0.36007,2.78066,-0.10177
3227.25000,-0.35480,2.77995,-0.12323
3227.30000,-0.34753,2.77891,-0.15712
3227.35000,-0.33890,2.77734,-0.19576
3227.40000,-0.33004,2.77537,-0.23601
3227.45000,-0.32108,2.77301,-0.27745
3227.50000,-0.31237,2.77052,-0.31079
3227.55000,-0.30342,2.76773,-0.31907
3227.60000,-0.29621,2.76562,-0.30053
3227.65000,-0.29107,2.76413,-0.27411
3227.70000,-0.28811,2.76335,-0.23800
3227.75000,-0.28742,2.76319,-0.19224
3227.80000,-0.28728,2.76316,-0.14415
3227.85000,-0.28714,2.76315,-0.09624
3227.90000,-0.28704,2.76317,-0.05914
3227.95000,-0.28705,2.76311,-0.04798
3228.00000,-0.28510,2.76289,-0.05328
3228.05000,-0.28103,2.76258,-0.06956
3228.10000,-0.27426,2.76193,-0.09859
3228.15000,-0.26576,2.76092,-0.13689
3228.20000,-0.25689,2.75952,-0.17792
3228.25000,-0.24806,2.75775,-0.21727
3228.30000,-0.23918,2.75572,-0.24792
3228.35000,-0.23006,2.75340,-0.25721
3228.40000,-0.22096,2.75106,-0.25660
3228.45000,-0.21195,2.74880,-0.24441
3228.50000,-0.20527,2.74747,-0.21447
3228.55000,-0.20278,2.74705,-0.17049
3228.60000,-0.20242,2.74701,-0.11833
3228.65000,-0.20230,2.74700,-0.06559
3228.70000,-0.20218,2.74700,-0.01313
3228.75000,-0.20220,2.74700,0.02720
3228.80000,-0.20253,2.74702,0.04990
3228.85000,-0.20143,2.74727,0.05048
3228.90000,-0.19664,2.74753,0.03216
3228.95000,-0.18933,2.74766,0.00090
3229.00000,-0.18071,2.74750,-0.03677
3229.05000,-0.17169,2.74700,-0.07548
3229.10000,-0.16269,2.74614,-0.11394
3229.15000,-0.15374,2.74494,-0.15276
3229.20000,-0.14478,2.74352,-0.18430
3229.25000,-0.13553,2.74176,-0.19390
3229.30000,-0.12624,2.73994,-0.19208
3229.35000,-0.11681,2.73814,-0.17472
3229.40000,-0.10958,2.73715,-0.14187
3229.45000,-0.10700,2.73689,-0.09142
3229.50000,-0.10665,2.73686,-0.03232
3229.55000,-0.10655,2.73686,0.02777
3229.60000,-0.10643,2.73689,0.08006
3229.65000,-0.10629,2.73696,0.11861
3229.70000,-0.10619,2.73702,0.14388
3229.75000,-0.10622,2.73697,0.16183
3229.80000,-0.10637,2.73687,0.17210
3229.85000,-0.10520,2.73722,0.16835
3229.90000,-0.10135,2.73808,0.15095
3229.95000,-0.09373,2.73919,0.11418
3230.00000,-0.08490,2.74001,0.07181
3230.05000,-0.07596,2.74046,0.02977
3230.10000,-0.06699,2.74055,-0.01102
3230.15000,-0.05802,2.74026,-0.05222
3230.20000,-0.04909,2.73961,-0.09403
3230.25000,-0.04019,2.73858,-0.13562
3230.30000,-0.03129,2.73734,-0.17078
3230.35000,-0.02338,2.73621,-0.19550
3230.40000,-0.01793,2.73527,-0.21708
3230.45000,-0.01221,2.73388,-0.21948
3230.50000,-0.00783,2.73309,-0.21490
3230.55000,-0.00516,2.73294,-0.22611
3230.60000,-0.00215,2.73219,-0.26158
3230.65000,0.00310,2.73069,-0.30265
3230.70000,0.00936,2.72858,-0.34940
3230.75000,0.01677,2.72567,-0.39849
3230.80000,0.02470,2.72208,-0.44992
3230.85000,0.03294,2.71783,-0.50284
3230.90000,0.04121,2.71299,-0.55713
3230.95000,0.04952,2.70749,-0.61167
3231.00000,0.05754,2.70153,-0.66561
3231.05000,0.06511,2.69555,-0.71224
3231.10000,0.07279,2.68937,-0.74078
3231.15000,0.08108,2.68248,-0.74062
3231.20000,0.08862,2.67582,-0.72198
3231.25000,0.09423,2.67101,-0.69018
3231.30000,0.09760,2.66833,-0.64528
3231.35000,0.09886,2.66752,-0.60242
3231.40000,0.09967,2.66721,-0.59008
3231.45000,0.10053,2.66682,-0.59931
3231.50000,0.10331,2.66483,-0.62517
3231.55000,0.10853,2.66091,-0.66148
3231.60000,0.11474,2.65586,-0.70278
3231.65000,0.12064,2.65087,-0.73808
3231.70000,0.12666,2.64570,-0.75747
3231.75000,0.13305,2.64012,-0.75676
3231.80000,0.13842,2.63545,-0.74595
3231.85000,0.14185,2.63247,-0.73498
3231.90000,0.14496,2.62973,-0.71466
3231.95000,0.14676,2.62819,-0.69366
3232.00000,0.14809,2.62709,-0.70140
3232.05000,0.15025,2.62529,-0.70626
3232.10000,0.15198,2.62383,-0.70802
3232.15000,0.15312,2.62286,-0.71855
3232.20000,0.15412,2.62201,-0.72624
3232.25000,0.15607,2.62024,-0.74101
3232.30000,0.15963,2.61691,-0.76243
3232.35000,0.16428,2.61244,-0.78347
3232.40000,0.16889,2.60799,-0.79677
3232.45000,0.17368,2.60329,-0.79288
3232.50000,0.17848,2.59856,-0.77791
3232.55000,0.18328,2.59379,-0.74965
3232.60000,0.18764,2.58980,-0.70156
3232.65000,0.18959,2.58829,-0.65317
3232.70000,0.19125,2.58712,-0.63818
3232.75000,0.19326,2.58568,-0.64395
3232.80000,0.19773,2.58223,-0.66896
3232.85000,0.20397,2.57714,-0.69971
3232.90000,0.21114,2.57089,-0.73535
3232.95000,0.21841,2.56406,-0.77253
3233.00000,0.22544,2.55695,-0.80940
3233.05000,0.23220,2.54983,-0.83853
3233.10000,0.23705,2.54448,-0.85542
3233.15000,0.24113,2.53984,-0.88524
3233.20000,0.24434,2.53575,-0.93272
3233.25000,0.24603,2.53334,-0.99610
3233.30000,0.24651,2.53255,-1.06869
3233.35000,0.24658,2.53241,-1.14491
3233.40000,0.24663,2.53229,-1.22162
3233.45000,0.24667,2.53218,-1.29857
3233.50000,0.24669,2.53205,-1.37574
3233.55000,0.24671,2.53193,-1.45305
3233.60000,0.24672,2.53180,-1.53045
3233.65000,0.24672,2.53167,-1.60788
3233.70000,0.24671,2.53155,-1.68526
3233.75000,0.24669,2.53142,-1.76254
3233.80000,0.24666,2.53129,-1.83964
3233.85000,0.24662,2.53117,-1.91650
3233.90000,0.24657,2.53104,-1.99304
3233.95000,0.24651,2.53092,-2.06918
3234.00000,0.24644,2.53081,-2.14487
3234.05000,0.24636,2.53070,-2.22002
3234.10000,0.24628,2.53059,-2.29457
3234.15000,0.24618,2.53049,-2.36844
3234.20000,0.24608,2.53040,-2.44156
3234.25000,0.24597,2.53031,-2.51387
3234.30000,0.24585,2.53023,-2.58532
3234.35000,0.24573,2.53016,-2.65585
3234.40000,0.24561,2.53010,-2.72547
3234.45000,0.24548,2.53005,-2.79427
3234.50000,0.24534,2.53001,-2.86223
3234.55000,0.24520,2.52997,-2.92934
3234.60000,0.24507,2.52995,-2.99559
3234.65000,0.24493,2.52993,-3.06096
3234.70000,0.24479,2.52992,-3.12544
3234.75000,0.24464,2.52993,3.09417
3234.80000,0.24450,2.52994,3.03152
3234.85000,0.24436,2.52996,2.96979
3234.90000,0.24423,2.52999,2.90899
3234.95000,0.24409,2.53002,2.84912
3235.00000,0.24396,2.53007,2.79020
3235.05000,0.24383,2.53012,2.73223
3235.10000,0.24370,2.53018,2.67523
3235.15000,0.24357,2.53025,2.61918
3235.20000,0.24345,2.53032,2.56412
3235.25000,0.24334,2.53040,2.51005
3235.30000,0.24323,2.53049,2.45698
3235.35000,0.24312,2.53058,2.40490
3235.40000,0.24302,2.53068,2.35381
3235.45000,0.24292,2.53078,2.30376
3235.50000,0.24135,2.53263,2.25561
3235.55000,0.23690,2.53835,2.21305
3235.60000,0.23160,2.54576,2.16963
3235.65000,0.22620,2.55407,2.12416
3235.70000,0.22114,2.56269,2.07955
3235.75000,0.21646,2.57152,2.03634
3235.80000,0.21267,2.57951,2.00907
3235.85000,0.20895,2.58751,2.00840
3235.90000,0.20468,2.59655,2.01492
3235.95000,0.20052,2.60520,2.03155
3236.00000,0.19616,2.61372,2.05464
3236.05000,0.19138,2.62259,2.07793
3236.10000,0.18652,2.63109,2.10277
3236.15000,0.18134,2.63965,2.12707
3236.20000,0.17596,2.64807,2.15169
3236.25000,0.17037,2.65636,2.17626
3236.30000,0.16458,2.66450,2.20155
3236.35000,0.15859,2.67249,2.22639
3236.40000,0.15240,2.68033,2.25176
3236.45000,0.14602,2.68801,2.27739
3236.50000,0.13944,2.69552,2.30308
3236.55000,0.13265,2.70288,2.32952
3236.60000,0.12567,2.71004,2.35605
3236.65000,0.11851,2.71702,2.38257
3236.70000,0.11116,2.72380,2.40946
3236.75000,0.10363,2.73039,2.43622
3236.80000,0.09594,2.73677,2.46306
3236.85000,0.08807,2.74294,2.48987
3236.90000,0.08004,2.74889,2.51716
3236.95000,0.07184,2.75463,2.54458
3237.00000,0.06350,2.76014,2.57198
3237.05000,0.05500,2.76541,2.59933
3237.10000,0.04637,2.77045,2.62682
3237.15000,0.03760,2.77526,2.65416
3237.20000,0.02870,2.77982,2.68160
3237.25000,0.01968,2.78413,2.70923
3237.30000,0.01054,2.78820,2.73694
3237.35000,0.00130,2.79201,2.76495
3237.40000,-0.00805,2.79555,2.79310
3237.45000,-0.01750,2.79883,2.82157
3237.50000,-0.02704,2.80184,2.85035
3237.55000,-0.03665,2.80457,2.87939
3237.60000,-0.04635,2.80702,2.90856
3237.65000,-0.05611,2.80919,2.93799
3237.70000,-0.06593,2.81107,2.96771
3237.75000,-0.07581,2.81265,2.99772
3237.80000,-0.08415,2.81377,3.00892
3237.85000,-0.08943,2.81441,3.00370
3237.90000,-0.09152,2.81446,2.98420
3237.95000,-0.09170,2.81447,2.95520
3238.00000,-0.09179,2.81448,2.92465
3238.05000,-0.09188,2.81451,2.89339
3238.10000,-0.09197,2.81455,2.87072
3238.15000,-0.09267,2.81497,2.86360
3238.20000,-0.09468,2.81560,2.86394
3238.25000,-0.09794,2.81653,2.86988
3238.30000,-0.10255,2.81781,2.88172
3238.35000,-0.10862,2.81939,2.89984
3238.40000,-0.11654,2.82128,2.92562
3238.45000,-0.12621,2.82327,2.95853
3238.50000,-0.13618,2.82483,2.98060
3238.55000,-0.14524,2.82573,2.97575
3238.60000,-0.15119,2.82667,2.94872
3238.65000,-0.15464,2.82741,2.90904
3238.70000,-0.15562,2.82765,2.85795
3238.75000,-0.15582,2.82772,2.80310
3238.80000,-0.15602,2.82781,2.75927
3238.85000,-0.15628,2.82802,2.73369
3238.90000,-0.15652,2.82824,2.72031
3238.95000,-0.15696,2.82849,2.71595
3239.00000,-0.15852,2.82921,2.71774
3239.05000,-0.16134,2.83048,2.72556
3239.10000,-0.16555,2.83232,2.73980
3239.15000,-0.17153,2.83480,2.76177
3239.20000,-0.17970,2.83793,2.79303
3239.25000,-0.18915,2.84117,2.82953
3239.30000,-0.19873,2.84407,2.86599
3239.35000,-0.20840,2.84661,2.90257
3239.40000,-0.21661,2.84851,2.91861
3239.45000,-0.22346,2.84984,2.90858
3239.50000,-0.22766,2.85087,2.87018
3239.55000,-0.22965,2.85146,2.81764
3239.60000,-0.23050,2.85178,2.75983
3239.65000,-0.23138,2.85216,2.70210
3239.70000,-0.23223,2.85258,2.65558
3239.75000,-0.23304,2.85302,2.63145
3239.80000,-0.23394,2.85362,2.63151
3239.85000,-0.23508,2.85428,2.64127
3239.90000,-0.23740,2.85552,2.65841
3239.95000,-0.24127,2.85750,2.68376
3240.00000,-0.24664,2.86004,2.71821
3240.05000,-0.25387,2.86313,2.76168
3240.10000,-0.26315,2.86660,2.80646
3240.15000,-0.27251,2.86962,2.85384
3240.20000,-0.28081,2.87189,2.90933
3240.25000,-0.28770,2.87330,2.95998
3240.30000,-0.29372,2.87377,2.98271
3240.35000,-0.29897,2.87354,2.97940
3240.40000,-0.30400,2.87396,2.95223
3240.45000,-0.30906,2.87504,2.90793
3240.50000,-0.31475,2.87656,2.85669
3240.55000,-0.32139,2.87868,2.80282
3240.60000,-0.32763,2.88108,2.74324
3240.65000,-0.33335,2.88371,2.67865
3240.70000,-0.33901,2.88651,2.62350
3240.75000,-0.34506,2.88978,2.59796
3240.80000,-0.35141,2.89343,2.60205
3240.85000,-0.35641,2.89623,2.63192
3240.90000,-0.36076,2.89866,2.67518
3240.95000,-0.36593,2.90129,2.72550
3241.00000,-0.37232,2.90393,2.77940
3241.05000,-0.37916,2.90630,2.83673
3241.10000,-0.38656,2.90839,2.89598
3241.15000,-0.39391,2.90998,2.95837
3241.20000,-0.40110,2.91108,3.02344
3241.25000,-0.40804,2.91166,3.09097
3241.30000,-0.41475,2.91176,-3.13281
3241.35000,-0.42084,2.91166,-3.10106
3241.40000,-0.42634,2.91158,-3.09813
3241.45000,-0.43154,2.91143,-3.11059
3241.50000,-0.43686,2.91137,3.13401
3241.55000,-0.44329,2.91157,3.08873
3241.60000,-0.45096,2.91217,3.03950
3241.65000,-0.45871,2.91317,2.98536
3241.70000,-0.46641,2.91434,2.93639
3241.75000,-0.47442,2.91587,2.91105
3241.80000,-0.48275,2.91778,2.91135
3241.85000,-0.49130,2.91992,2.92778
3241.90000,-0.49982,2.92201,2.95340
3241.95000,-0.50837,2.92368,2.99064
3242.00000,-0.51607,2.92466,3.04152
3242.05000,-0.52284,2.92514,3.10090
3242.10000,-0.52942,2.92520,-3.11861
3242.15000,-0.53636,2.92482,-3.05388
3242.20000,-0.54295,2.92402,-2.98621
3242.25000,-0.54908,2.92284,-2.91579
3242.30000,-0.55519,2.92120,-2.84478
3242.35000,-0.56134,2.91908,-2.77379
3242.40000,-0.56743,2.91648,-2.70277
3242.45000,-0.57344,2.91339,-2.63199
3242.50000,-0.57925,2.90987,-2.56107
3242.55000,-0.58493,2.90585,-2.49066
3242.60000,-0.59030,2.90177,-2.43116
3242.65000,-0.59567,2.89765,-2.39091
3242.70000,-0.60041,2.89404,-2.38652
3242.75000,-0.60463,2.89085,-2.41049
3242.80000,-0.60869,2.88742,-2.45230
3242.85000,-0.61371,2.88348,-2.50044
3242.90000,-0.61918,2.87944,-2.53855
3242.95000,-0.62292,2.87695,-2.56286
3243.00000,-0.62644,2.87475,-2.60212
3243.05000,-0.63082,2.87215,-2.63201
3243.10000,-0.63572,2.86931,-2.63382
3243.15000,-0.64008,2.86688,-2.60661
3243.20000,-0.64285,2.86518,-2.55888
3243.25000,-0.64654,2.86260,-2.50614
3243.30000,-0.65092,2.85917,-2.44933
3243.35000,-0.65573,2.85494,-2.39007
3243.40000,-0.66061,2.85008,-2.32862
3243.45000,-0.66546,2.84462,-2.26599
3243.50000,-0.67011,2.83900,-2.21220
3243.55000,-0.67453,2.83353,-2.18630
3243.60000,-0.67701,2.83001,-2.17665
3243.65000,-0.67872,2.82747,-2.14253
3243.70000,-0.68016,2.82511,-2.08855
3243.75000,-0.68078,2.82393,-2.02411
3243.80000,-0.68116,2.82309,-1.95002
3243.85000,-0.68153,2.82203,-1.87080
3243.90000,-0.68194,2.82046,-1.78924
3243.95000,-0.68229,2.81851,-1.70609
3244.00000,-0.68249,2.81627,-1.62187
3244.05000,-0.68251,2.81381,-1.53697
3244.10000,-0.68231,2.81119,-1.45166
3244.15000,-0.68186,2.80842,-1.36631
3244.20000,-0.68112,2.80553,-1.28112
3244.25000,-0.68010,2.80256,-1.19618
3244.30000,-0.67876,2.79955,-1.11159
3244.35000,-0.67711,2.79653,-1.02738
3244.40000,-0.67517,2.79361,-0.94391
3244.45000,-0.67303,2.79089,-0.86160
3244.50000,-0.67069,2.78839,-0.78046
3244.55000,-0.66821,2.78611,-0.70050
3244.60000,-0.66559,2.78408,-0.62175
3244.65000,-0.66287,2.78228,-0.54420
3244.70000,-0.66008,2.78074,-0.46787
3244.75000,-0.65724,2.77943,-0.39276
3244.80000,-0.65438,2.77837,-0.31887
3244.85000,-0.65151,2.77754,-0.24621
3244.90000,-0.64866,2.77693,-0.17478
3244.95000,-0.64585,2.77653,-0.10458
3245.00000,-0.64308,2.77634,-0.03562
3245.05000,-0.64039,2.77633,0.03211
3245.10000,-0.63777,2.77650,0.09860
3245.15000,-0.63524,2.77684,0.16386
3245.20000,-0.63281,2.77732,0.22788
3245.25000,-0.63047,2.77794,0.29066
3245.30000,-0.62825,2.77868,0.35221
3245.35000,-0.62607,2.77948,0.40502
3245.40000,-0.62377,2.78047,0.44835
3245.45000,-0.62112,2.78164,0.48806
3245.50000,-0.61819,2.78312,0.51210
3245.55000,-0.61258,2.78639,0.51462
3245.60000,-0.60430,2.79100,0.50118
3245.65000,-0.59571,2.79564,0.48577
3245.70000,-0.58710,2.80011,0.46954
3245.75000,-0.57849,2.80439,0.45327
3245.80000,-0.56984,2.80851,0.43596
3245.85000,-0.56114,2.81246,0.41780
3245.90000,-0.55239,2.81625,0.39924
3245.95000,-0.54359,2.81986,0.37984
3246.00000,-0.53473,2.82330,0.35958
3246.05000,-0.52582,2.82655,0.33896
3246.10000,-0.51684,2.82961,0.31809
3246.15000,-0.50782,2.83247,0.29649
3246.20000,-0.49876,2.83514,0.27440
3246.25000,-0.48964,2.83760,0.25206
3246.30000,-0.48049,2.83985,0.22927
3246.35000,-0.47128,2.84190,0.20622
3246.40000,-0.46205,2.84372,0.18267
3246.45000,-0.45278,2.84533,0.15890
3246.50000,-0.44349,2.84671,0.13473
3246.55000,-0.43383,2.84790,0.11101
3246.60000,-0.42388,2.84889,0.08827
3246.65000,-0.41409,2.84963,0.06440
3246.70000,-0.40473,2.85011,0.03886
3246.75000,-0.39537,2.85033,0.01302
3246.80000,-0.38602,2.85033,-0.01291
3246.85000,-0.37667,2.85007,-0.03888
3246.90000,-0.36732,2.84957,-0.06469
3246.95000,-0.35800,2.84882,-0.09075
3247.00000,-0.34869,2.84784,-0.11664
3247.05000,-0.33942,2.84661,-0.14274
3247.10000,-0.33018,2.84514,-0.16881
3247.15000,-0.32098,2.84343,-0.19462
3247.20000,-0.31183,2.84148,-0.22090
3247.25000,-0.30275,2.83929,-0.24742
3247.30000,-0.29373,2.83687,-0.27433
3247.35000,-0.28480,2.83420,-0.30163
3247.40000,-0.27594,2.83129,-0.32921
3247.45000,-0.26717,2.82814,-0.35655
3247.50000,-0.25887,2.82506,-0.36792
3247.55000,-0.25215,2.82270,-0.35095
3247.60000,-0.24620,2.82071,-0.31727
3247.65000,-0.24096,2.81912,-0.26874
3247.70000,-0.23788,2.81836,-0.20798
3247.75000,-0.23643,2.81815,-0.15074
3247.80000,-0.23529,2.81815,-0.11681
3247.85000,-0.23375,2.81788,-0.10672
3247.90000,-0.22966,2.81732,-0.11013
3247.95000,-0.22297,2.81636,-0.12634
3248.00000,-0.21407,2.81505,-0.15487
3248.05000,-0.20496,2.81348,-0.18507
3248.10000,-0.19590,2.81165,-0.21544
3248.15000,-0.18690,2.80954,-0.24559
3248.20000,-0.17797,2.80715,-0.27615
3248.25000,-0.16914,2.80450,-0.30716
3248.30000,-0.16032,2.80178,-0.33233
3248.35000,-0.15135,2.79884,-0.33426
3248.40000,-0.14254,2.79603,-0.32580
3248.45000,-0.13388,2.79334,-0.30944
3248.50000,-0.12523,2.79065,-0.27800
3248.55000,-0.11725,2.78856,-0.23016
3248.60000,-0.11154,2.78738,-0.17113
3248.65000,-0.10834,2.78718,-0.11259
3248.70000,-0.10588,2.78724,-0.07674
3248.75000,-0.10368,2.78698,-0.06529
3248.80000,-0.09949,2.78659,-0.06782
3248.85000,-0.09224,2.78596,-0.08567
3248.90000,-0.08308,2.78504,-0.11435
3248.95000,-0.07388,2.78385,-0.14301
3249.00000,-0.06472,2.78239,-0.17209
3249.05000,-0.05560,2.78067,-0.20106
3249.10000,-0.04655,2.77869,-0.23033
3249.15000,-0.03838,2.77663,-0.26727
3249.20000,-0.03072,2.77435,-0.31365
3249.25000,-0.02276,2.77155,-0.36422
3249.30000,-0.01466,2.76847,-0.40941
3249.35000,-0.00745,2.76581,-0.44304
3249.40000,-0.00186,2.76302,-0.48030
3249.45000,0.00481,2.75936,-0.52306
3249.50000,0.01207,2.75494,-0.56972
3249.55000,0.01937,2.75001,-0.61742
3249.60000,0.02654,2.74492,-0.65786
3249.65000,0.03391,2.73956,-0.68040
3249.70000,0.04187,2.73353,-0.67669
3249.75000,0.05009,2.72723,-0.66337
3249.80000,0.05842,2.72083,-0.63923
3249.85000,0.06517,2.71599,-0.60178
3249.90000,0.06954,2.71312,-0.55213
3249.95000,0.07150,2.71222,-0.50335
3250.00000,0.07253,2.71227,-0.48493
3250.05000,0.07412,2.71156,-0.49077
3250.10000,0.07848,2.70915,-0.51468
3250.15000,0.08448,2.70563,-0.54873
3250.20000,0.09146,2.70117,-0.58841
3250.25000,0.09877,2.69606,-0.63098
3250.30000,0.10588,2.69063,-0.67305
3250.35000,0.11277,2.68490,-0.71459
3250.40000,0.11941,2.67889,-0.75582
3250.45000,0.12581,2.67260,-0.79659
3250.50000,0.13198,2.66604,-0.83675
3250.55000,0.13804,2.65931,-0.86884
3250.60000,0.14226,2.65428,-0.88335
3250.65000,0.14563,2.65015,-0.89155
3250.70000,0.14828,2.64689,-0.86959
3250.75000,0.15013,2.64477,-0.82462
3250.80000,0.15121,2.64367,-0.76560
3250.85000,0.15175,2.64318,-0.71432
3250.90000,0.15202,2.64302,-0.68274
3250.95000,0.15192,2.64322,-0.67257
3251.00000,0.15361,2.64187,-0.68023
3251.05000,0.15839,2.63790,-0.70805
3251.10000,0.16438,2.63258,-0.74490
3251.15000,0.17081,2.62641,-0.78541
3251.20000,0.17705,2.61991,-0.82519
3251.25000,0.18303,2.61318,-0.86485
3251.30000,0.18898,2.60614,-0.89256
3251.35000,0.19522,2.59873,-0.89922
3251.40000,0.20148,2.59115,-0.88766
3251.45000,0.20688,2.58469,-0.85871
3251.50000,0.21055,2.58058,-0.81786
3251.55000,0.21216,2.57893,-0.76432
3251.60000,0.21239,2.57873,-0.70298
3251.65000,0.21262,2.57854,-0.64182
3251.70000,0.21287,2.57839,-0.59278
3251.75000,0.21300,2.57840,-0.56841
3251.80000,0.21459,2.57737,-0.57138
3251.85000,0.21968,2.57400,-0.59292
3251.90000,0.22652,2.56924,-0.62150
3251.95000,0.23432,2.56346,-0.65528
3252.00000,0.24214,2.55723,-0.68994
3252.05000,0.24974,2.55073,-0.72419
3252.10000,0.25712,2.54398,-0.75771
3252.15000,0.26425,2.53723,-0.78431
3252.20000,0.27105,2.53062,-0.78414
3252.25000,0.27754,2.52419,-0.77054
3252.30000,0.28347,2.51854,-0.74153
3252.35000,0.28747,2.51501,-0.69963
3252.40000,0.28915,2.51365,-0.64430
3252.45000,0.28933,2.51352,-0.58056
3252.50000,0.28953,2.51342,-0.52881
3252.55000,0.28970,2.51343,-0.50444
3252.60000,0.29062,2.51294,-0.50111
3252.65000,0.29503,2.51043,-0.51666
3252.70000,0.30167,2.50651,-0.54519
3252.75000,0.30978,2.50141,-0.57771
3252.80000,0.31807,2.49581,-0.61087
3252.85000,0.32551,2.49039,-0.64645
3252.90000,0.33266,2.48476,-0.68286
3252.95000,0.33958,2.47917,-0.70874
3253.00000,0.34601,2.47373,-0.70309
3253.05000,0.35179,2.46885,-0.67982
3253.10000,0.35703,2.46471,-0.64170
3253.15000,0.36015,2.46247,-0.59128
3253.20000,0.36088,2.46200,-0.52897
3253.25000,0.36107,2.46192,-0.47534
3253.30000,0.36150,2.46166,-0.44704
3253.35000,0.36169,2.46171,-0.44135
3253.40000,0.36205,2.46163,-0.45023
3253.45000,0.36582,2.45961,-0.48227
3253.50000,0.37178,2.45632,-0.52246
3253.55000,0.37838,2.45230,-0.56774
3253.60000,0.38554,2.44749,-0.61586
3253.65000,0.39266,2.44218,-0.66753
3253.70000,0.39973,2.43629,-0.72139
3253.75000,0.40670,2.42981,-0.77637
3253.80000,0.41353,2.42272,-0.83183
3253.85000,0.42004,2.41516,-0.88784
3253.90000,0.42613,2.40723,-0.94318
3253.95000,0.43178,2.39898,-0.99841
3254.00000,0.43696,2.39043,-1.05311
3254.05000,0.44167,2.38161,-1.10761
3254.10000,0.44589,2.37255,-1.16151
3254.15000,0.44961,2.36330,-1.21616
3254.20000,0.45282,2.35387,-1.26928
3254.25000,0.45552,2.34429,-1.32137
3254.30000,0.45772,2.33458,-1.37304
3254.35000,0.45942,2.32478,-1.42482
3254.40000,0.46049,2.31597,-1.46138
3254.45000,0.46145,2.30713,-1.47328
3254.50000,0.46235,2.29818,-1.46241
3254.55000,0.46301,2.29248,-1.42481
3254.60000,0.46347,2.28971,-1.37525
3254.65000,0.46358,2.28921,-1.31650
3254.70000,0.46366,2.28896,-1.25599
3254.75000,0.46376,2.28871,-1.20658
3254.80000,0.46382,2.28855,-1.17156
3254.85000,0.46348,2.28884,-1.15389
3254.90000,0.46296,2.28932,-1.14390
3254.95000,0.46238,2.28986,-1.13542
3255.00000,0.46173,2.29049,-1.13023
3255.05000,0.46104,2.29116,-1.12698
3255.10000,0.46034,2.29187,-1.13051
3255.15000,0.46012,2.29220,-1.14382
3255.20000,0.46076,2.29078,-1.16590
3255.25000,0.46218,2.28732,-1.19689
3255.30000,0.46428,2.28168,-1.23729
3255.35000,0.46670,2.27411,-1.28723
3255.40000,0.46884,2.26592,-1.34107
3255.45000,0.47075,2.25664,-1.39432
3255.50000,0.47220,2.24699,-1.44871
3255.55000,0.47307,2.23750,-1.49122
3255.60000,0.47345,2.23041,-1.51946
3255.65000,0.47360,2.22598,-1.54352
3255.70000,0.47367,2.22125,-1.54329
3255.75000,0.47375,2.21613,-1.52124
3255.80000,0.47385,2.21204,-1.47526
3255.85000,0.47389,2.21163,-1.41815
3255.90000,0.47393,2.21140,-1.35945
3255.95000,0.47399,2.21117,-1.29960
3256.00000,0.47405,2.21096,-1.23862
3256.05000,0.47414,2.21076,-1.18800
3256.10000,0.47404,2.21083,-1.16268
3256.15000,0.47375,2.21118,-1.16195
3256.20000,0.47443,2.20989,-1.18266
3256.25000,0.47572,2.20663,-1.21385
3256.30000,0.47775,2.20123,-1.25514
3256.35000,0.48002,2.19367,-1.30063
3256.40000,0.48227,2.18473,-1.34743
3256.45000,0.48421,2.17510,-1.39634
3256.50000,0.48557,2.16561,-1.43320
3256.55000,0.48674,2.15605,-1.44376
3256.60000,0.48804,2.14623,-1.43781
3256.65000,0.48903,2.13783,-1.40801
3256.70000,0.48964,2.13350,-1.36095
3256.75000,0.48989,2.13241,-1.30529
3256.80000,0.48995,2.13220,-1.25766
3256.85000,0.48978,2.13229,-1.23423
3256.90000,0.48950,2.13253,-1.22865
3256.95000,0.48969,2.13202,-1.23792
3257.00000,0.49116,2.12813,-1.26735
3257.05000,0.49284,2.12252,-1.30639
3257.10000,0.49461,2.11534,-1.35273
3257.15000,0.49620,2.10723,-1.40260
3257.20000,0.49750,2.09863,-1.43876
3257.25000,0.49868,2.08953,-1.45005
3257.30000,0.49993,2.08008,-1.44405
3257.35000,0.50101,2.07128,-1.41390
3257.40000,0.50159,2.06617,-1.36217
3257.45000,0.50182,2.06496,-1.30187
3257.50000,0.50188,2.06475,-1.23851
3257.55000,0.50196,2.06455,-1.17430
3257.60000,0.50204,2.06439,-1.12371
3257.65000,0.50187,2.06458,-1.10719
3257.70000,0.50227,2.06384,-1.11393
3257.75000,0.50424,2.05975,-1.14039
3257.80000,0.50675,2.05402,-1.17593
3257.85000,0.50954,2.04693,-1.21734
3257.90000,0.51233,2.03882,-1.26277
3257.95000,0.51481,2.03034,-1.30945
3258.00000,0.51689,2.02174,-1.35565
3258.05000,0.51869,2.01288,-1.38778
3258.10000,0.52042,2.00356,-1.39634
3258.15000,0.52218,1.99397,-1.38456
3258.20000,0.52372,1.98578,-1.34912
3258.25000,0.52488,1.98069,-1.29747
3258.30000,0.52561,1.97832,-1.23590
3258.35000,0.52573,1.97800,-1.16508
3258.40000,0.52581,1.97783,-1.09277
3258.45000,0.52592,1.97767,-1.03168
3258.50000,0.52614,1.97745,-0.98782
3258.55000,0.52627,1.97739,-0.96993
3258.60000,0.52752,1.97573,-0.98029
3258.65000,0.53069,1.97085,-1.01063
3258.70000,0.53447,1.96456,-1.04808
3258.75000,0.53855,1.95712,-1.09030
3258.80000,0.54251,1.94910,-1.13386
3258.85000,0.54641,1.94028,-1.17424
3258.90000,0.55009,1.93098,-1.21292
3258.95000,0.55341,1.92155,-1.25204
3259.00000,0.55586,1.91345,-1.29814
3259.05000,0.55702,1.90873,-1.35545
3259.10000,0.55747,1.90634,-1.42168
3259.15000,0.55757,1.90551,-1.49392
3259.20000,0.55758,1.90534,-1.56862
3259.25000,0.55757,1.90516,-1.64296
3259.30000,0.55755,1.90499,-1.71670
3259.35000,0.55752,1.90482,-1.78959
3259.40000,0.55748,1.90465,-1.86148
3259.45000,0.55742,1.90448,-1.93239
3259.50000,0.55736,1.90432,-2.00233
3259.55000,0.55728,1.90417,-2.07130
3259.60000,0.55719,1.90402,-2.13932
3259.65000,0.55709,1.90387,-2.20639
3259.70000,0.55698,1.90374,-2.27252
3259.75000,0.55686,1.90361,-2.33772
3259.80000,0.55674,1.90349,-2.40199
3259.85000,0.55661,1.90337,-2.46533
3259.90000,0.55647,1.90327,-2.52776
3259.95000,0.55632,1.90317,-2.58927
3260.00000,0.55617,1.90308,-2.64988
3260.05000,0.55601,1.90301,-2.70957
3260.10000,0.55585,1.90294,-2.76837
3260.15000,0.55569,1.90288,-2.82626
3260.20000,0.55552,1.90283,-2.88326
3260.25000,0.55535,1.90279,-2.93936
3260.30000,0.55517,1.90276,-2.99457
3260.35000,0.55500,1.90274,-3.04889
3260.40000,0.55482,1.90273,-3.10233
3260.45000,0.55465,1.90272,3.12831
3260.50000,0.55447,1.90273,3.07664
3260.55000,0.55430,1.90275,3.02585
3260.60000,0.55413,1.90277,2.97593
3260.65000,0.55395,1.90280,2.92690
3260.70000,0.55378,1.90285,2.87873
3260.75000,0.55361,1.90289,2.83143
3260.80000,0.55345,1.90295,2.78501
3260.85000,0.55329,1.90302,2.73944
3260.90000,0.55313,1.90309,2.69474
3260.95000,0.55297,1.90317,2.65089
3261.00000,0.55078,1.90458,2.60869
3261.05000,0.54449,1.90846,2.57042
3261.10000,0.53676,1.91366,2.53064
3261.15000,0.52941,1.91908,2.48641
3261.20000,0.52212,1.92497,2.44331
3261.25000,0.51484,1.93138,2.40189
3261.30000,0.50766,1.93822,2.36173
3261.35000,0.50071,1.94537,2.32200
3261.40000,0.49403,1.95281,2.28263
3261.45000,0.48765,1.96051,2.24350
3261.50000,0.48158,1.96845,2.20456
3261.55000,0.47581,1.97662,2.16582
3261.60000,0.47037,1.98500,2.12724
3261.65000,0.46525,1.99360,2.08884
3261.70000,0.46047,2.00238,2.05062
3261.75000,0.45602,2.01133,2.01260
3261.80000,0.45192,2.02045,1.97476
3261.85000,0.44816,2.02972,1.93725
3261.90000,0.44475,2.03912,1.90025
3261.95000,0.44169,2.04863,1.86379
3262.00000,0.43898,2.05826,1.82799
3262.05000,0.43661,2.06797,1.79291
3262.10000,0.43457,2.07776,1.75863
3262.15000,0.43287,2.08761,1.72524
3262.20000,0.43149,2.09752,1.69280
3262.25000,0.43043,2.10746,1.66139
3262.30000,0.42968,2.11743,1.63107
3262.35000,0.42924,2.12729,1.60143
3262.40000,0.42907,2.13728,1.57352
3262.45000,0.42918,2.14728,1.54689
3262.50000,0.42941,2.15729,1.52030
3262.55000,0.42946,2.16181,1.49423
3262.60000,0.42946,2.16178,1.47101
3262.65000,0.42947,2.16176,1.44887
3262.70000,0.42945,2.16150,1.42663
3262.75000,0.42945,2.16135,1.40550
3262.80000,0.42947,2.16148,1.38633
3262.85000,0.42950,2.16162,1.36791
3262.90000,0.42953,2.16175,1.35023
3262.95000,0.42956,2.16188,1.33329
3263.00000,0.42959,2.16201,1.31706
3263.05000,0.42960,2.16201,1.30111
3263.10000,0.42957,2.16188,1.28488
3263.15000,0.42958,2.16184,1.27003
3263.20000,0.42955,2.16170,1.25567
3263.25000,0.42956,2.16173,1.24266
3263.30000,0.42954,2.16166,1.22974
3263.35000,0.42951,2.16157,1.21730
3263.40000,0.42951,2.16155,1.20576
3263.45000,0.43032,2.16299,1.19477
3263.50000,0.43099,2.16477,1.18590
3263.55000,0.43175,2.16638,1.17453
3263.60000,0.43360,2.17071,1.17034
3263.65000,0.43535,2.17522,1.16989
3263.70000,0.43663,2.17789,1.16625
3263.75000,0.43859,2.18242,1.16590
3263.80000,0.44082,2.18754,1.17262
3263.85000,0.44385,2.19421,1.18532
3263.90000,0.44727,2.20238,1.20636
3263.95000,0.45071,2.21176,1.23327
3264.00000,0.45390,2.22123,1.25994
3264.05000,0.45682,2.23080,1.28720
3264.10000,0.45948,2.24043,1.31812
3264.15000,0.46182,2.25014,1.35063
3264.20000,0.46383,2.25990,1.38554
3264.25000,0.46545,2.26962,1.42442
3264.30000,0.46670,2.27948,1.46688
3264.35000,0.46753,2.28945,1.50956
3264.40000,0.46791,2.29930,1.55522
3264.45000,0.46783,2.30930,1.60145
3264.50000,0.46729,2.31928,1.64733
3264.55000,0.46630,2.32923,1.69290
3264.60000,0.46486,2.33913,1.73811
3264.65000,0.46297,2.34895,1.78316
3264.70000,0.46065,2.35867,1.82801
3264.75000,0.45789,2.36828,1.87243
3264.80000,0.45471,2.37776,1.91660
3264.85000,0.45111,2.38709,1.96033
3264.90000,0.44711,2.39626,2.00374
3264.95000,0.44273,2.40524,2.04661
3265.00000,0.43796,2.41403,2.08937
3265.05000,0.43282,2.42261,2.13171
3265.10000,0.42732,2.43096,2.17371
3265.15000,0.42148,2.43908,2.21487
3265.20000,0.41531,2.44695,2.25601
3265.25000,0.40883,2.45456,2.29648
3265.30000,0.40205,2.46191,2.33687
3265.35000,0.39497,2.46897,2.37694
3265.40000,0.38790,2.47573,2.40932
3265.45000,0.38105,2.48222,2.42688
3265.50000,0.37349,2.48877,2.43305
3265.55000,0.36584,2.49529,2.43793
3265.60000,0.35818,2.50176,2.44188
3265.65000,0.35052,2.50819,2.44453
3265.70000,0.34285,2.51460,2.44593
3265.75000,0.33518,2.52101,2.44597
3265.80000,0.32751,2.52742,2.44453
3265.85000,0.31986,2.53384,2.44163
3265.90000,0.31221,2.54029,2.43850
3265.95000,0.30479,2.54651,2.43535
3266.00000,0.30284,2.54784,2.42948
3266.05000,0.30277,2.54790,2.41799
3266.10000,0.30270,2.54797,2.40579
3266.15000,0.30262,2.54804,2.39348
3266.20000,0.30255,2.54811,2.38102
3266.25000,0.30247,2.54818,2.36819
3266.30000,0.30240,2.54825,2.35498
3266.35000,0.30246,2.54820,2.34035
3266.40000,0.30240,2.54826,2.32538
3266.45000,0.30234,2.54832,2.30936
3266.50000,0.30229,2.54838,2.29203
3266.55000,0.30223,2.54844,2.27319
3266.60000,0.30218,2.54851,2.25266
3266.65000,0.30212,2.54858,2.23028
3266.70000,0.30207,2.54865,2.20600
3266.75000,0.30201,2.54873,2.17971
3266.80000,0.30195,2.54881,2.15146
3266.85000,0.30190,2.54893,2.13418
3266.90000,0.30111,2.55018,2.13622
3266.95000,0.29802,2.55494,2.15611
3267.00000,0.29362,2.56138,2.18454
3267.05000,0.28815,2.56887,2.21876
3267.10000,0.28233,2.57659,2.24801
3267.15000,0.27661,2.58416,2.26414
3267.20000,0.27095,2.59163,2.26708
3267.25000,0.26548,2.59839,2.26018
3267.30000,0.26163,2.60324,2.25137
3267.35000,0.25909,2.60639,2.26316
3267.40000,0.25671,2.60916,2.29647
3267.45000,0.25307,2.61310,2.33797
3267.50000,0.24822,2.61790,2.38429
3267.55000,0.24239,2.62315,2.43403
3267.60000,0.23587,2.62843,2.48676
3267.65000,0.22863,2.63369,2.54098
3267.70000,0.22095,2.63864,2.59705
3267.75000,0.21240,2.64350,2.65228
3267.80000,0.20373,2.64780,2.70931
3267.85000,0.19543,2.65140,2.74711
3267.90000,0.18821,2.65404,2.75342
3267.95000,0.18228,2.65617,2.73309
3268.00000,0.17836,2.65794,2.69832
3268.05000,0.17648,2.65860,2.66506
3268.10000,0.17449,2.65945,2.64769
3268.15000,0.17219,2.66064,2.64609
3268.20000,0.16988,2.66187,2.64939
3268.25000,0.16751,2.66319,2.66517
3268.30000,0.16480,2.66470,2.69481
3268.35000,0.15959,2.66706,2.73779
3268.40000,0.15252,2.66987,2.78858
3268.45000,0.14461,2.67255,2.84163
3268.50000,0.13606,2.67493,2.89629
3268.55000,0.12729,2.67687,2.95302
3268.60000,0.11864,2.67825,2.99841
3268.65000,0.11110,2.67848,3.01635
3268.70000,0.10433,2.67833,3.01325
3268.75000,0.09785,2.67874,2.98951
3268.80000,0.09193,2.67976,2.94580
3268.85000,0.08527,2.68126,2.89623
3268.90000,0.07799,2.68329,2.84313
3268.95000,0.07075,2.68574,2.78601
3269.00000,0.06355,2.68867,2.72637
3269.05000,0.05622,2.69216,2.66589
3269.10000,0.04965,2.69552,2.60894
3269.15000,0.04274,2.69929,2.57916
3269.20000,0.03551,2.70347,2.57574
3269.25000,0.02819,2.70779,2.59109
3269.30000,0.02276,2.71097,2.63181
3269.35000,0.01818,2.71336,2.68635
3269.40000,0.01284,2.71579,2.74500
3269.45000,0.00686,2.71807,2.80639
3269.50000,0.00049,2.72007,2.87012
3269.55000,-0.00614,2.72168,2.93564
3269.60000,-0.01271,2.72282,3.00341
3269.65000,-0.01863,2.72343,3.07507
3269.70000,-0.02412,2.72356,3.13901
3269.75000,-0.02898,2.72352,-3.10682
3269.80000,-0.03330,2.72348,-3.10105
3269.85000,-0.03735,2.72332,-3.11572
3269.90000,-0.04153,2.72319,-3.14128
3269.95000,-0.04719,2.72333,3.10128
3270.00000,-0.05456,2.72380,3.05307
3270.05000,-0.06269,2.72474,3.00179
3270.10000,-0.07130,2.72618,2.94830
3270.15000,-0.08022,2.72819,2.89338
3270.20000,-0.08931,2.73076,2.83748
3270.25000,-0.09760,2.73364,2.77759
3270.30000,-0.10529,2.73685,2.71500
3270.35000,-0.11276,2.74017,2.66177
3270.40000,-0.12041,2.74374,2.63165
3270.45000,-0.12832,2.74766,2.63089
3270.50000,-0.13605,2.75142,2.64215
3270.55000,-0.14356,2.75500,2.66579
3270.60000,-0.15093,2.75847,2.70261
3270.65000,-0.15754,2.76141,2.75501
3270.70000,-0.16437,2.76397,2.81147
3270.75000,-0.17191,2.76631,2.86946
3270.80000,-0.17985,2.76827,2.92906
3270.85000,-0.18769,2.76972,2.97626
3270.90000,-0.19509,2.77061,2.99205
3270.95000,-0.20200,2.77109,2.98073
3271.00000,-0.20734,2.77196,2.94589
3271.05000,-0.21372,2.77337,2.90305
3271.10000,-0.22097,2.77532,2.85527
3271.15000,-0.22877,2.77783,2.80405
3271.20000,-0.23690,2.78093,2.75044
3271.25000,-0.24517,2.78462,2.69526
3271.30000,-0.25324,2.78840,2.64748
3271.35000,-0.26120,2.79213,2.61837
3271.40000,-0.26946,2.79623,2.61910
3271.45000,-0.27774,2.80039,2.63078
3271.50000,-0.28611,2.80468,2.65654
3271.55000,-0.29339,2.80834,2.70072
3271.60000,-0.30045,2.81145,2.75308
3271.65000,-0.30777,2.81420,2.80952
3271.70000,-0.31516,2.81661,2.85415
3271.75000,-0.32213,2.81851,2.86850
3271.80000,-0.32839,2.81980,2.85603
3271.85000,-0.33399,2.82134,2.82114
3271.90000,-0.34013,2.82353,2.77708
3271.95000,-0.34710,2.82638,2.72860
3272.00000,-0.35452,2.82986,2.67745
3272.05000,-0.36179,2.83374,2.62626
3272.10000,-0.36880,2.83766,2.58301
3272.15000,-0.37579,2.84160,2.55619
3272.20000,-0.38323,2.84609,2.55486
3272.25000,-0.39071,2.85092,2.57741
3272.30000,-0.39791,2.85531,2.61391
3272.35000,-0.40388,2.85860,2.66475
3272.40000,-0.40974,2.86141,2.72269
3272.45000,-0.41617,2.86405,2.78319
3272.50000,-0.42329,2.86647,2.84452
3272.55000,-0.43068,2.86848,2.90745
3272.60000,-0.43796,2.86998,2.96019
3272.65000,-0.44418,2.87035,2.98246
3272.70000,-0.44949,2.87003,2.97985
3272.75000,-0.45440,2.87042,2.95366
3272.80000,-0.45935,2.87149,2.90888
3272.85000,-0.46526,2.87305,2.85836
3272.90000,-0.47152,2.87505,2.80549
3272.95000,-0.47773,2.87723,2.75910
3273.00000,-0.48416,2.87969,2.73113
3273.05000,-0.49118,2.88281,2.73191
3273.10000,-0.49845,2.88622,2.74277
3273.15000,-0.50605,2.88996,2.76719
3273.20000,-0.51381,2.89297,2.80857
3273.25000,-0.52021,2.89501,2.86346
3273.30000,-0.52653,2.89660,2.92400
3273.35000,-0.53313,2.89784,2.98728
3273.40000,-0.53988,2.89867,3.05264
3273.45000,-0.54697,2.89906,3.11867
3273.50000,-0.55320,2.89900,-3.09407
3273.55000,-0.55866,2.89854,-3.01987
3273.60000,-0.56417,2.89765,-2.94539
3273.65000,-0.56970,2.89634,-2.87075
3273.70000,-0.57525,2.89457,-2.79635
3273.75000,-0.58076,2.89235,-2.72213
3273.80000,-0.58617,2.88970,-2.64809
3273.85000,-0.59140,2.88663,-2.57407
3273.90000,-0.59636,2.88350,-2.51178
3273.95000,-0.60127,2.88036,-2.46784
3274.00000,-0.60605,2.87727,-2.45613
3274.05000,-0.61062,2.87408,-2.47631
3274.10000,-0.61604,2.86997,-2.50986
3274.15000,-0.62276,2.86525,-2.54939
3274.20000,-0.63045,2.86032,-2.59285
3274.25000,-0.63750,2.85618,-2.61865
3274.30000,-0.64417,2.85235,-2.61626
3274.35000,-0.64798,2.85007,-2.58221
3274.40000,-0.65038,2.84849,-2.52876
3274.45000,-0.65294,2.84656,-2.46706
3274.50000,-0.65565,2.84424,-2.39974
3274.55000,-0.65880,2.84115,-2.33074
3274.60000,-0.66148,2.83812,-2.25693
3274.65000,-0.66412,2.83463,-2.18199
3274.70000,-0.66664,2.83073,-2.10627
3274.75000,-0.66867,2.82699,-2.02790
3274.80000,-0.67043,2.82302,-1.94902
3274.85000,-0.67193,2.81874,-1.87021
3274.90000,-0.67313,2.81424,-1.79143
3274.95000,-0.67386,2.81030,-1.70994
3275.00000,-0.67432,2.80555,-1.63104
3275.05000,-0.67442,2.80136,-1.54986
3275.10000,-0.67417,2.79744,-1.46753
3275.15000,-0.67360,2.79350,-1.38532
3275.20000,-0.67269,2.78957,-1.30323
3275.25000,-0.67145,2.78568,-1.22128
3275.30000,-0.66987,2.78186,-1.13949
3275.35000,-0.66797,2.77813,-1.05787
3275.40000,-0.66574,2.77453,-0.97642
3275.45000,-0.66320,2.77108,-0.89516
3275.50000,-0.66035,2.76781,-0.81408
3275.55000,-0.65721,2.76475,-0.73321
3275.60000,-0.65380,2.76191,-0.65254
3275.65000,-0.65012,2.75933,-0.57208
3275.70000,-0.64619,2.75702,-0.49183
3275.75000,-0.64204,2.75501,-0.41182
3275.80000,-0.63769,2.75331,-0.33204
3275.85000,-0.63316,2.75195,-0.25250
3275.90000,-0.62846,2.75093,-0.17322
3275.95000,-0.62364,2.75029,-0.09421
3276.00000,-0.61872,2.75002,-0.01553
3276.05000,-0.61399,2.75013,0.06183
3276.10000,-0.60947,2.75058,0.13778
3276.15000,-0.60520,2.75133,0.21235
3276.20000,-0.60117,2.75235,0.28551
3276.25000,-0.59740,2.75361,0.35727
3276.30000,-0.59388,2.75506,0.42765
3276.35000,-0.59062,2.75669,0.49663
3276.40000,-0.58751,2.75836,0.55426
3276.45000,-0.58446,2.76011,0.59080
3276.50000,-0.57891,2.76397,0.59850
3276.55000,-0.57106,2.76930,0.59449
3276.60000,-0.56288,2.77480,0.58992
3276.65000,-0.55466,2.78027,0.58415
3276.70000,-0.54643,2.78568,0.57734
3276.75000,-0.53821,2.79098,0.56861
3276.80000,-0.52996,2.79619,0.55883
3276.85000,-0.52168,2.80131,0.54799
3276.90000,-0.51338,2.80631,0.53609
3276.95000,-0.50502,2.81120,0.52322
3277.00000,-0.49662,2.81597,0.50961
3277.05000,-0.48817,2.82062,0.49480
3277.10000,-0.47966,2.82512,0.47939
3277.15000,-0.47112,2.82947,0.46284
3277.20000,-0.46241,2.83373,0.44623
3277.25000,-0.45365,2.83783,0.42886
3277.30000,-0.44493,2.84172,0.41064
3277.35000,-0.43601,2.84550,0.39207
3277.40000,-0.42719,2.84903,0.37218
3277.45000,-0.41831,2.85237,0.35155
3277.50000,-0.40937,2.85553,0.33062
3277.55000,-0.40037,2.85850,0.30974
3277.60000,-0.39111,2.86135,0.28812
3277.65000,-0.38162,2.86404,0.26747
3277.70000,-0.37247,2.86645,0.24516
3277.75000,-0.36306,2.86869,0.22317
3277.80000,-0.35369,2.87069,0.20047
3277.85000,-0.34446,2.87244,0.17636
3277.90000,-0.33519,2.87396,0.15226
3277.95000,-0.32589,2.87526,0.12786
3278.00000,-0.31656,2.87633,0.10332
3278.05000,-0.30722,2.87717,0.07850
3278.10000,-0.29786,2.87777,0.05370
3278.15000,-0.28849,2.87815,0.02851
3278.20000,-0.27913,2.87828,0.00304
3278.25000,-0.26976,2.87818,-0.02229
3278.30000,-0.26040,2.87784,-0.04771
3278.35000,-0.25106,2.87726,-0.07312
3278.40000,-0.24173,2.87643,-0.09879
3278.45000,-0.23243,2.87537,-0.12469
3278.50000,-0.22316,2.87406,-0.15070
3278.55000,-0.21395,2.87252,-0.17718
3278.60000,-0.20479,2.87073,-0.20434
3278.65000,-0.19570,2.86870,-0.23191
3278.70000,-0.18668,2.86641,-0.25996
3278.75000,-0.17773,2.86388,-0.28839
3278.80000,-0.16886,2.86109,-0.31686
3278.85000,-0.16008,2.85805,-0.34555
3278.90000,-0.15141,2.85476,-0.37483
3278.95000,-0.14282,2.85122,-0.40375
3279.00000,-0.13482,2.84783,-0.41612
3279.05000,-0.12832,2.84518,-0.39835
3279.10000,-0.12454,2.84366,-0.35614
3279.15000,-0.12288,2.84308,-0.30169
3279.20000,-0.12220,2.84290,-0.25419
3279.25000,-0.12174,2.84287,-0.23188
3279.30000,-0.11948,2.84226,-0.22930
3279.35000,-0.11424,2.84098,-0.23958
3279.40000,-0.10642,2.83889,-0.26376
3279.45000,-0.09747,2.83631,-0.29487
3279.50000,-0.08853,2.83343,-0.32598
3279.55000,-0.07974,2.83030,-0.35732
3279.60000,-0.07105,2.82704,-0.37769
3279.65000,-0.06242,2.82381,-0.38898
3279.70000,-0.05371,2.82049,-0.39455
3279.75000,-0.04496,2.81711,-0.39690
3279.80000,-0.03804,2.81454,-0.39402
3279.85000,-0.03557,2.81377,-0.40075
3279.90000,-0.03238,2.81241,-0.40888
3279.95000,-0.02902,2.81090,-0.40919
3280.00000,-0.02550,2.80918,-0.39537
3280.05000,-0.02283,2.80827,-0.37020
3280.10000,-0.02120,2.80824,-0.36393
3280.15000,-0.01887,2.80732,-0.37914
3280.20000,-0.01446,2.80554,-0.39740
3280.25000,-0.01075,2.80410,-0.40721
3280.30000,-0.00682,2.80234,-0.43258
3280.35000,-0.00119,2.79963,-0.46690
3280.40000,0.00550,2.79608,-0.50760
3280.45000,0.01286,2.79177,-0.55261
3280.50000,0.02029,2.78695,-0.59816
3280.55000,0.02749,2.78179,-0.64349
3280.60000,0.03447,2.77631,-0.68845
3280.65000,0.04120,2.77051,-0.73308
3280.70000,0.04769,2.76441,-0.77685
3280.75000,0.05390,2.75802,-0.82048
3280.80000,0.05833,2.75311,-0.86582
3280.85000,0.06040,2.75057,-0.91891
3280.90000,0.06307,2.74682,-0.97214
3280.95000,0.06629,2.74183,-1.01866
3281.00000,0.06768,2.73945,-1.07344
3281.05000,0.06800,2.73882,-1.13626
3281.10000,0.06804,2.73873,-1.20142
3281.15000,0.06807,2.73864,-1.26629
3281.20000,0.06810,2.73854,-1.33083
3281.25000,0.06812,2.73845,-1.39519
3281.30000,0.06813,2.73835,-1.45942
3281.35000,0.06814,2.73826,-1.52355
3281.40000,0.06814,2.73816,-1.58760
3281.45000,0.06814,2.73807,-1.65161
3281.50000,0.06813,2.73798,-1.71561
3281.55000,0.06811,2.73789,-1.77965
3281.60000,0.06809,2.73780,-1.84378
3281.65000,0.06806,2.73772,-1.90807
3281.70000,0.06803,2.73763,-1.97259
3281.75000,0.06800,2.73756,-2.03742
3281.80000,0.06796,2.73748,-2.10267
3281.85000,0.06791,2.73741,-2.16846
3281.90000,0.06786,2.73735,-2.23491
3281.95000,0.06781,2.73729,-2.30120
3282.00000,0.06776,2.73723,-2.36679
3282.05000,0.06770,2.73717,-2.43171
3282.10000,0.06764,2.73712,-2.49594
3282.15000,0.06757,2.73708,-2.55948
3282.20000,0.06750,2.73704,-2.62230
3282.25000,0.06743,2.73700,-2.68435
3282.30000,0.06736,2.73697,-2.74565
3282.35000,0.06728,2.73694,-2.80617
3282.40000,0.06721,2.73691,-2.86589
3282.45000,0.06713,2.73689,-2.92481
3282.50000,0.06705,2.73688,-2.98292
3282.55000,0.06697,2.73687,-3.04022
3282.60000,0.06689,2.73686,-3.09669
3282.65000,0.06681,2.73686,3.13086
3282.70000,0.06673,2.73686,3.07605
3282.75000,0.06665,2.73687,3.02208
3282.80000,0.06643,2.73696,2.97990
3282.85000,0.06309,2.73777,2.95968
3282.90000,0.05532,2.73925,2.95738
3282.95000,0.04555,2.74104,2.96454
3283.00000,0.03551,2.74279,2.97211
3283.05000,0.02558,2.74444,2.98037
3283.10000,0.01562,2.74602,2.98908
3283.15000,0.00566,2.74750,2.99871
3283.20000,-0.00433,2.74889,3.00890
3283.25000,-0.01433,2.75017,3.01945
3283.30000,-0.02435,2.75134,3.02997
3283.35000,-0.03415,2.75235,3.03408
3283.40000,-0.04348,2.75292,3.01770
3283.45000,-0.05057,2.75286,2.98029
3283.50000,-0.05461,2.75294,2.92517
3283.55000,-0.05627,2.75332,2.85924
3283.60000,-0.05693,2.75353,2.79915
3283.65000,-0.05798,2.75411,2.76191
3283.70000,-0.06190,2.75592,2.75050
3283.75000,-0.06972,2.75921,2.75694
3283.80000,-0.07930,2.76301,2.77070
3283.85000,-0.08897,2.76669,2.78468
3283.90000,-0.09870,2.77024,2.79882
3283.95000,-0.10827,2.77358,2.81270
3284.00000,-0.11812,2.77685,2.82778
3284.05000,-0.12788,2.77994,2.84295
3284.10000,-0.13777,2.78289,2.85933
3284.15000,-0.14766,2.78566,2.87526
3284.20000,-0.15748,2.78825,2.89088
3284.25000,-0.16754,2.79074,2.90800
3284.30000,-0.17695,2.79257,2.91359
3284.35000,-0.18497,2.79356,2.89429
3284.40000,-0.19217,2.79464,2.85858
3284.45000,-0.19779,2.79611,2.80933
3284.50000,-0.20074,2.79721,2.74853
3284.55000,-0.20190,2.79762,2.69190
3284.60000,-0.20335,2.79838,2.66220
3284.65000,-0.20553,2.79963,2.64888
3284.70000,-0.21073,2.80250,2.64996
3284.75000,-0.21920,2.80699,2.66589
3284.80000,-0.22813,2.81149,2.68382
3284.85000,-0.23714,2.81583,2.70165
3284.90000,-0.24623,2.82001,2.71993
3284.95000,-0.25539,2.82402,2.73858
3285.00000,-0.26462,2.82785,2.75753
3285.05000,-0.27393,2.83151,2.77680
3285.10000,-0.28331,2.83498,2.79675
3285.15000,-0.29119,2.83778,2.79836
3285.20000,-0.29665,2.83980,2.77107
3285.25000,-0.30037,2.84133,2.72336
3285.30000,-0.30224,2.84222,2.66384
3285.35000,-0.30304,2.84266,2.62557
3285.40000,-0.30382,2.84311,2.61283
3285.45000,-0.30730,2.84523,2.61438
3285.50000,-0.31271,2.84836,2.62440
3285.55000,-0.31961,2.85222,2.64259
3285.60000,-0.32813,2.85673,2.67016
3285.65000,-0.33710,2.86114,2.70010
3285.70000,-0.34620,2.86526,2.73246
3285.75000,-0.35543,2.86907,2.76672
3285.80000,-0.36478,2.87256,2.80210
3285.85000,-0.37429,2.87574,2.83699
3285.90000,-0.38387,2.87856,2.87309
3285.95000,-0.39355,2.88105,2.90751
3286.00000,-0.40332,2.88319,2.94220
3286.05000,-0.41315,2.88501,2.97673
3286.10000,-0.42304,2.88648,3.01007
3286.15000,-0.43294,2.88761,3.04566
3286.20000,-0.44235,2.88831,3.06661
3286.25000,-0.45094,2.88848,3.06562
3286.30000,-0.45839,2.88848,3.04136
3286.35000,-0.46337,2.88854,2.99656
3286.40000,-0.46600,2.88888,2.94095
3286.45000,-0.46734,2.88916,2.89025
3286.50000,-0.46881,2.88962,2.86076
3286.55000,-0.47048,2.89034,2.85345
3286.60000,-0.47285,2.89125,2.86035
3286.65000,-0.47887,2.89305,2.88476
3286.70000,-0.48643,2.89496,2.92125
3286.75000,-0.49568,2.89686,2.96091
3286.80000,-0.50465,2.89831,3.00232
3286.85000,-0.51351,2.89936,3.04517
3286.90000,-0.52364,2.90014,3.08501
3286.95000,-0.53344,2.90051,3.12444
3287.00000,-0.54243,2.90048,-3.11794
3287.05000,-0.55095,2.90010,-3.07217
3287.10000,-0.55845,2.89938,-3.01727
3287.15000,-0.56622,2.89818,-2.95962
3287.20000,-0.57429,2.89644,-2.90067
3287.25000,-0.58256,2.89415,-2.84101
3287.30000,-0.59088,2.89129,-2.78077
3287.35000,-0.59927,2.88783,-2.72063
3287.40000,-0.60755,2.88382,-2.66026
3287.45000,-0.61566,2.87927,-2.59983
3287.50000,-0.62355,2.87419,-2.53935
3287.55000,-0.63117,2.86860,-2.47892
3287.60000,-0.63853,2.86249,-2.41875
3287.65000,-0.64555,2.85592,-2.35867
3287.70000,-0.65220,2.84889,-2.29875
3287.75000,-0.65840,2.84189,-2.24729
3287.80000,-0.66442,2.83500,-2.21485
3287.85000,-0.66858,2.82976,-2.20214
3287.90000,-0.67077,2.82657,-2.17251
3287.95000,-0.67203,2.82465,-2.12158
3288.00000,-0.67283,2.82327,-2.05701
3288.05000,-0.67331,2.82226,-1.98274
3288.10000,-0.67363,2.82145,-1.90194
3288.15000,-0.67399,2.82024,-1.81854
3288.20000,-0.67432,2.81865,-1.73372
3288.25000,-0.67454,2.81677,-1.64806
3288.30000,-0.67461,2.81493,-1.56289
3288.35000,-0.67452,2.81316,-1.47837
3288.40000,-0.67429,2.81146,-1.39453
3288.45000,-0.67393,2.80986,-1.31139
3288.50000,-0.67346,2.80835,-1.22896
3288.55000,-0.67289,2.80693,-1.14726
3288.60000,-0.67224,2.80562,-1.06631
3288.65000,-0.67150,2.80441,-0.98613
3288.70000,-0.67070,2.80330,-0.90672
3288.75000,-0.66985,2.80229,-0.82811
3288.80000,-0.66895,2.80138,-0.75031
3288.85000,-0.66802,2.80058,-0.67332
3288.90000,-0.66706,2.79987,-0.59715
3288.95000,-0.66608,2.79925,-0.52182
3289.00000,-0.66508,2.79873,-0.44734
3289.05000,-0.66409,2.79830,-0.37371
3289.10000,-0.66309,2.79794,-0.30095
3289.15000,-0.66209,2.79767,-0.22906
3289.20000,-0.66111,2.79748,-0.15807
3289.25000,-0.66014,2.79736,-0.08797
3289.30000,-0.65919,2.79731,-0.01877
3289.35000,-0.65826,2.79733,0.04950
3289.40000,-0.65735,2.79740,0.11684
3289.45000,-0.65647,2.79753,0.18325
3289.50000,-0.65562,2.79772,0.24871
3289.55000,-0.65479,2.79796,0.31308
3289.60000,-0.65399,2.79824,0.36629
3289.65000,-0.65319,2.79856,0.39990
3289.70000,-0.65136,2.79939,0.41676
3289.75000,-0.64677,2.80152,0.41919
3289.80000,-0.63922,2.80502,0.40679
3289.85000,-0.63039,2.80873,0.38692
3289.90000,-0.62157,2.81223,0.36666
3289.95000,-0.61268,2.81554,0.34631
3290.00000,-0.60371,2.81868,0.32516
3290.05000,-0.59469,2.82162,0.30376
3290.10000,-0.58563,2.82436,0.28185
3290.15000,-0.57653,2.82689,0.25944
3290.20000,-0.56739,2.82921,0.23630
3290.25000,-0.55821,2.83131,0.21310
3290.30000,-0.54898,2.83321,0.18978
3290.35000,-0.53972,2.83487,0.16588
3290.40000,-0.53044,2.83631,0.14147
3290.45000,-0.52113,2.83752,0.11696
3290.50000,-0.51181,2.83850,0.09202
3290.55000,-0.50246,2.83924,0.06722
3290.60000,-0.49311,2.83975,0.04180
3290.65000,-0.48375,2.84003,0.01648
3290.70000,-0.47439,2.84006,-0.00926
3290.75000,-0.46503,2.83985,-0.03481
3290.80000,-0.45568,2.83941,-0.06033
3290.85000,-0.44635,2.83872,-0.08612
3290.90000,-0.43703,2.83780,-0.11130
3290.95000,-0.42774,2.83664,-0.13694
3291.00000,-0.41848,2.83525,-0.16259
3291.05000,-0.40928,2.83361,-0.18867
3291.10000,-0.40011,2.83174,-0.21420
3291.15000,-0.39099,2.82963,-0.23980
3291.20000,-0.38193,2.82729,-0.26549
3291.25000,-0.37293,2.82472,-0.29116
3291.30000,-0.36401,2.82192,-0.31708
3291.35000,-0.35518,2.81889,-0.34383
3291.40000,-0.34635,2.81570,-0.36489
3291.45000,-0.33724,2.81218,-0.36941
3291.50000,-0.32784,2.80838,-0.36089
3291.55000,-0.31841,2.80489,-0.34561
3291.60000,-0.30970,2.80185,-0.32527
3291.65000,-0.30173,2.79926,-0.30009
3291.70000,-0.29563,2.79754,-0.27000
3291.75000,-0.29212,2.79663,-0.23035
3291.80000,-0.29113,2.79641,-0.18032
3291.85000,-0.29096,2.79639,-0.12723
3291.90000,-0.29087,2.79644,-0.08412
3291.95000,-0.29044,2.79624,-0.06347
3292.00000,-0.28777,2.79601,-0.05657
3292.05000,-0.28234,2.79557,-0.06365
3292.10000,-0.27409,2.79491,-0.08538
3292.15000,-0.26481,2.79399,-0.11238
3292.20000,-0.25556,2.79282,-0.13942
3292.25000,-0.24633,2.79140,-0.16594
3292.30000,-0.23717,2.78973,-0.19339
3292.35000,-0.22804,2.78782,-0.22024
3292.40000,-0.21900,2.78566,-0.24852
3292.45000,-0.21001,2.78324,-0.27631
3292.50000,-0.20100,2.78063,-0.29754
3292.55000,-0.19167,2.77766,-0.30208
3292.60000,-0.18224,2.77462,-0.29289
3292.65000,-0.17456,2.77238,-0.27248
3292.70000,-0.16935,2.77100,-0.24106
3292.75000,-0.16673,2.77040,-0.19863
3292.80000,-0.16635,2.77033,-0.14717
3292.85000,-0.16620,2.77032,-0.09526
3292.90000,-0.16604,2.77032,-0.05277
3292.95000,-0.16581,2.77026,-0.02941
3293.00000,-0.16357,2.77012,-0.02362
3293.05000,-0.15867,2.76991,-0.03004
3293.10000,-0.15109,2.76955,-0.04905
3293.15000,-0.14168,2.76894,-0.07743
3293.20000,-0.13195,2.76805,-0.10503
3293.25000,-0.12224,2.76689,-0.13244
3293.30000,-0.11289,2.76549,-0.16136
3293.35000,-0.10367,2.76383,-0.19092
3293.40000,-0.09439,2.76187,-0.22047
3293.45000,-0.08528,2.75981,-0.24429
3293.50000,-0.07846,2.75817,-0.25837
3293.55000,-0.07273,2.75679,-0.26533
3293.60000,-0.06798,2.75568,-0.24371
3293.65000,-0.06583,2.75520,-0.20172
3293.70000,-0.06559,2.75515,-0.15273
3293.75000,-0.06543,2.75513,-0.10392
3293.80000,-0.06527,2.75512,-0.05591
3293.85000,-0.06511,2.75512,-0.01680
3293.90000,-0.06496,2.75511,0.00382
3293.95000,-0.06334,2.75516,0.00905
3294.00000,-0.06031,2.75524,0.00586
3294.05000,-0.05546,2.75525,-0.00380
3294.10000,-0.04849,2.75514,-0.02404
3294.15000,-0.03922,2.75476,-0.05613
3294.20000,-0.02940,2.75405,-0.08921
3294.25000,-0.02025,2.75308,-0.12255
3294.30000,-0.01186,2.75191,-0.16242
3294.35000,-0.00328,2.75030,-0.20815
3294.40000,0.00557,2.74820,-0.25746
3294.45000,0.01447,2.74563,-0.30964
3294.50000,0.02284,2.74268,-0.36524
3294.55000,0.03144,2.73913,-0.41884
3294.60000,0.03942,2.73530,-0.47355
3294.65000,0.04790,2.73066,-0.52490
3294.70000,0.05630,2.72550,-0.57432
3294.75000,0.06454,2.71987,-0.62291
3294.80000,0.07250,2.71386,-0.67103
3294.85000,0.08016,2.70746,-0.71860
3294.90000,0.08751,2.70071,-0.76582
3294.95000,0.09453,2.69363,-0.81223
3295.00000,0.10123,2.68622,-0.85825
3295.05000,0.10693,2.67942,-0.88648
3295.10000,0.11222,2.67291,-0.88847
3295.15000,0.11749,2.66646,-0.87654
3295.20000,0.12157,2.66158,-0.85151
3295.25000,0.12314,2.65979,-0.81135
3295.30000,0.12330,2.65962,-0.76390
3295.35000,0.12346,2.65948,-0.71660
3295.40000,0.12363,2.65934,-0.66968
3295.45000,0.12381,2.65920,-0.62316
3295.50000,0.12401,2.65908,-0.58798
3295.55000,0.12401,2.65924,-0.57792
3295.60000,0.12472,2.65880,-0.58772
3295.65000,0.12878,2.65595,-0.61672
3295.70000,0.13476,2.65156,-0.65189
3295.75000,0.14159,2.64612,-0.69189
3295.80000,0.14831,2.64028,-0.73761
3295.85000,0.15551,2.63342,-0.78166
3295.90000,0.16199,2.62670,-0.82731
3295.95000,0.16843,2.61937,-0.87104
3296.00000,0.17474,2.61182,-0.90373
3296.05000,0.18113,2.60404,-0.91027
3296.10000,0.18619,2.59757,-0.89672
3296.15000,0.18844,2.59473,-0.86217
3296.20000,0.18914,2.59392,-0.81509
3296.25000,0.18949,2.59356,-0.76945
3296.30000,0.18972,2.59335,-0.72484
3296.35000,0.18997,2.59314,-0.68053
3296.40000,0.19020,2.59299,-0.64783
3296.45000,0.19006,2.59327,-0.63448
3296.50000,0.19025,2.59320,-0.63766
3296.55000,0.19361,2.59065,-0.66133
3296.60000,0.19884,2.58642,-0.69785
3296.65000,0.20484,2.58117,-0.73988
3296.70000,0.21119,2.57511,-0.78510
3296.75000,0.21732,2.56869,-0.82996
3296.80000,0.22331,2.56213,-0.86742
3296.85000,0.22970,2.55509,-0.88166
3296.90000,0.23581,2.54785,-0.87325
3296.95000,0.23927,2.54378,-0.84735
3297.00000,0.23961,2.54341,-0.80306
3297.05000,0.23985,2.54317,-0.75803
3297.10000,0.24011,2.54294,-0.71341
3297.15000,0.24037,2.54272,-0.66920
3297.20000,0.24064,2.54252,-0.62523
3297.25000,0.24068,2.54251,-0.59648
3297.30000,0.24052,2.54265,-0.59039
3297.35000,0.24289,2.54103,-0.60336
3297.40000,0.24773,2.53758,-0.63224
3297.45000,0.25371,2.53303,-0.66858
3297.50000,0.26042,2.52751,-0.70961
3297.55000,0.26720,2.52166,-0.74477
3297.60000,0.27425,2.51551,-0.76177
3297.65000,0.28066,2.50958,-0.74933
3297.70000,0.28572,2.50498,-0.72451
3297.75000,0.28970,2.50155,-0.69442
3297.80000,0.29117,2.50036,-0.65443
3297.85000,0.29139,2.50020,-0.60820
3297.90000,0.29161,2.50005,-0.56251
3297.95000,0.29170,2.50008,-0.52987
3298.00000,0.29171,2.50019,-0.52187
3298.05000,0.29417,2.49874,-0.53239
3298.10000,0.29947,2.49552,-0.55936
3298.15000,0.30596,2.49130,-0.59424
3298.20000,0.31320,2.48620,-0.63375
3298.25000,0.32035,2.48072,-0.67322
3298.30000,0.32741,2.47507,-0.70566
3298.35000,0.33476,2.46908,-0.71943
3298.40000,0.34256,2.46259,-0.71474
3298.45000,0.35013,2.45617,-0.70232
3298.50000,0.35579,2.45148,-0.67966
3298.55000,0.35926,2.44876,-0.64466
3298.60000,0.36032,2.44798,-0.59732
3298.65000,0.36048,2.44790,-0.55709
3298.70000,0.36023,2.44831,-0.54559
3298.75000,0.36114,2.44782,-0.56104
3298.80000,0.36499,2.44531,-0.59207
3298.85000,0.36995,2.44182,-0.63160
3298.90000,0.37553,2.43755,-0.67762
3298.95000,0.38168,2.43233,-0.72684
3299.00000,0.38786,2.42654,-0.77954
3299.05000,0.39414,2.41999,-0.83346
3299.10000,0.40012,2.41302,-0.88950
3299.15000,0.40598,2.40536,-0.94551
3299.20000,0.41158,2.39713,-1.00159
3299.25000,0.41673,2.38856,-1.05710
3299.30000,0.42126,2.38006,-1.09947
3299.35000,0.42545,2.37162,-1.11146
3299.40000,0.42794,2.36557,-1.11227
3299.45000,0.42974,2.36097,-1.13327
3299.50000,0.43154,2.35686,-1.17001
3299.55000,0.43370,2.35140,-1.21543
3299.60000,0.43588,2.34503,-1.26602
3299.65000,0.43790,2.33793,-1.32018
3299.70000,0.43977,2.33003,-1.36021
3299.75000,0.44149,2.32166,-1.37197
3299.80000,0.44305,2.31352,-1.35763
3299.85000,0.44425,2.30749,-1.32357
3299.90000,0.44463,2.30495,-1.27406
3299.95000,0.44514,2.30337,-1.21811
3300.00000,0.44573,2.30183,-1.16273
3300.05000,0.44623,2.30068,-1.12999
3300.10000,0.44645,2.30032,-1.13346
3300.15000,0.44738,2.29861,-1.15611
3300.20000,0.44904,2.29471,-1.19055
3300.25000,0.45110,2.28923,-1.23231
3300.30000,0.45326,2.28260,-1.27931
3300.35000,0.45537,2.27485,-1.32885
3300.40000,0.45730,2.26602,-1.37911
3300.45000,0.45896,2.25617,-1.42855
3300.50000,0.45999,2.24690,-1.46414
3300.55000,0.46090,2.23732,-1.47466
3300.60000,0.46180,2.22756,-1.46631
3300.65000,0.46257,2.22015,-1.44183
3300.70000,0.46327,2.21530,-1.40868
3300.75000,0.46370,2.21293,-1.36569
3300.80000,0.46378,2.21257,-1.31506
3300.85000,0.46385,2.21232,-1.26462
3300.90000,0.46398,2.21206,-1.22342
3300.95000,0.46409,2.21187,-1.20750
3301.00000,0.46483,2.21045,-1.22127
3301.05000,0.46647,2.20598,-1.24968
3301.10000,0.46865,2.19912,-1.28433
3301.15000,0.47075,2.19137,-1.32591
3301.20000,0.47275,2.18250,-1.37058
3301.25000,0.47453,2.17266,-1.41416
3301.30000,0.47587,2.16275,-1.45803
3301.35000,0.47669,2.15435,-1.48011
3301.40000,0.47724,2.14855,-1.46718
3301.45000,0.47770,2.14472,-1.43187
3301.50000,0.47794,2.14322,-1.38608
3301.55000,0.47798,2.14300,-1.33548
3301.60000,0.47804,2.14280,-1.28552
3301.65000,0.47812,2.14259,-1.24587
3301.70000,0.47818,2.14247,-1.22853
3301.75000,0.47868,2.14132,-1.23774
3301.80000,0.47974,2.13822,-1.25522
3301.85000,0.48124,2.13350,-1.27938
3301.90000,0.48320,2.12661,-1.31224
3301.95000,0.48539,2.11766,-1.35318
3302.00000,0.48732,2.10791,-1.39724
3302.05000,0.48866,2.09959,-1.41967
3302.10000,0.48955,2.09383,-1.40700
3302.15000,0.49020,2.09021,-1.37146
3302.20000,0.49037,2.08934,-1.32476
3302.25000,0.49046,2.08897,-1.27449
3302.30000,0.49052,2.08870,-1.22533
3302.35000,0.49076,2.08808,-1.19607
3302.40000,0.49109,2.08729,-1.19988
3302.45000,0.49198,2.08500,-1.21303
3302.50000,0.49338,2.08120,-1.23248
3302.55000,0.49525,2.07569,-1.25892
3302.60000,0.49762,2.06795,-1.29440
3302.65000,0.49982,2.05943,-1.33914
3302.70000,0.50153,2.05120,-1.36805
3302.75000,0.50304,2.04330,-1.36741
3302.80000,0.50418,2.03771,-1.34026
3302.85000,0.50486,2.03502,-1.29872
3302.90000,0.50498,2.03462,-1.24763
3302.95000,0.50502,2.03450,-1.19570
3303.00000,0.50510,2.03438,-1.15470
3303.05000,0.50517,2.03429,-1.12274
3303.10000,0.50512,2.03431,-1.09227
3303.15000,0.50498,2.03446,-1.06931
3303.20000,0.50470,2.03475,-1.04989
3303.25000,0.50430,2.03517,-1.03271
3303.30000,0.50380,2.03570,-1.01776
3303.35000,0.50323,2.03630,-1.00558
3303.40000,0.50263,2.03694,-0.99788
3303.45000,0.50214,2.03755,-1.00220
3303.50000,0.50254,2.03692,-1.01654
3303.55000,0.50403,2.03446,-1.03932
3303.60000,0.50655,2.03003,-1.07111
3303.65000,0.51002,2.02337,-1.11222
3303.70000,0.51361,2.01560,-1.16260
3303.75000,0.51726,2.00653,-1.21247
3303.80000,0.52054,1.99708,-1.26186
3303.85000,0.52334,1.98749,-1.31094
3303.90000,0.52543,1.97869,-1.34459
3303.95000,0.52726,1.97021,-1.35005
3304.00000,0.52902,1.96199,-1.33702
3304.05000,0.53016,1.95633,-1.30485
3304.10000,0.53033,1.95510,-1.25432
3304.15000,0.53037,1.95499,-1.20282
3304.20000,0.53042,1.95488,-1.15144
3304.25000,0.53047,1.95477,-1.10029
3304.30000,0.53055,1.95467,-1.05833
3304.35000,0.53059,1.95465,-1.03577
3304.40000,0.53058,1.95473,-1.03802
3304.45000,0.53212,1.95226,-1.06179
3304.50000,0.53480,1.94725,-1.09926
3304.55000,0.53780,1.94102,-1.14295
3304.60000,0.54092,1.93372,-1.19063
3304.65000,0.54390,1.92570,-1.24130
3304.70000,0.54650,1.91746,-1.27560
3304.75000,0.54916,1.90874,-1.28411
3304.80000,0.55149,1.90069,-1.26632
3304.85000,0.55330,1.89491,-1.22638
3304.90000,0.55381,1.89284,-1.17290
3304.95000,0.55387,1.89272,-1.11567
3305.00000,0.55393,1.89260,-1.05867
3305.05000,0.55396,1.89256,-1.01734
3305.10000,0.55362,1.89298,-1.00760
3305.15000,0.55450,1.89171,-1.01980
3305.20000,0.55694,1.88761,-1.04852
3305.25000,0.56004,1.88200,-1.08546
3305.30000,0.56348,1.87512,-1.12785
3305.35000,0.56695,1.86734,-1.17436
3305.40000,0.57021,1.85914,-1.20628
3305.45000,0.57318,1.85119,-1.20892
3305.50000,0.57590,1.84404,-1.18594
3305.55000,0.57799,1.83899,-1.14041
3305.60000,0.57857,1.83750,-1.08240
3305.65000,0.57864,1.83737,-1.02255
3305.70000,0.57872,1.83726,-0.96279
3305.75000,0.57879,1.83719,-0.91602
3305.80000,0.57864,1.83742,-0.89583
3305.85000,0.57958,1.83627,-0.90518
3305.90000,0.58249,1.83249,-0.93156
3305.95000,0.58632,1.82715,-0.96653
3306.00000,0.59065,1.82060,-1.00758
3306.05000,0.59516,1.81310,-1.05206
3306.10000,0.59938,1.80530,-1.09672
3306.15000,0.60345,1.79727,-1.12772
3306.20000,0.60783,1.78878,-1.13714
3306.25000,0.61227,1.78019,-1.13452
3306.30000,0.61650,1.77166,-1.10814
3306.35000,0.61870,1.76658,-1.05830
3306.40000,0.61910,1.76585,-0.99499
3306.45000,0.61919,1.76573,-0.92905
3306.50000,0.61928,1.76561,-0.86349
3306.55000,0.61941,1.76550,-0.80887
3306.60000,0.61970,1.76528,-0.77146
3306.65000,0.61990,1.76519,-0.76159
3306.70000,0.62201,1.76319,-0.77466
3306.75000,0.62635,1.75883,-0.80500
3306.80000,0.63154,1.75322,-0.84276
3306.85000,0.63721,1.74659,-0.88481
3306.90000,0.64271,1.73956,-0.92752
3306.95000,0.64819,1.73190,-0.96764
3307.00000,0.65320,1.72430,-1.00914
3307.05000,0.65798,1.71659,-1.03748
3307.10000,0.66317,1.70837,-1.04548
3307.15000,0.66854,1.69982,-1.03348
3307.20000,0.67336,1.69198,-1.00345
3307.25000,0.67737,1.68595,-0.95813
3307.30000,0.67994,1.68248,-0.89942
3307.35000,0.68073,1.68153,-0.82767
3307.40000,0.68095,1.68133,-0.76473
3307.45000,0.68130,1.68106,-0.71919
3307.50000,0.68181,1.68069,-0.70065
3307.55000,0.68396,1.67888,-0.70948
3307.60000,0.68879,1.67461,-0.73715
3307.65000,0.69510,1.66868,-0.76966
3307.70000,0.70184,1.66191,-0.80668
3307.75000,0.70862,1.65458,-0.84265
3307.80000,0.71514,1.64700,-0.87836
3307.85000,0.72098,1.63963,-0.91673
3307.90000,0.72585,1.63299,-0.96141
3307.95000,0.72844,1.62907,-1.01733
3308.00000,0.72961,1.62706,-1.08235
3308.05000,0.72994,1.62640,-1.15359
3308.10000,0.73001,1.62624,-1.22685
3308.15000,0.73006,1.62608,-1.29978
3308.20000,0.73010,1.62592,-1.37232
3308.25000,0.73012,1.62576,-1.44444
3308.30000,0.73014,1.62560,-1.51614
3308.35000,0.73014,1.62545,-1.58739
3308.40000,0.73013,1.62530,-1.65818
3308.45000,0.73011,1.62516,-1.72848
3308.50000,0.73009,1.62502,-1.79828
3308.55000,0.73005,1.62489,-1.86755
3308.60000,0.73001,1.62477,-1.93625
3308.65000,0.72996,1.62465,-2.00435
3308.70000,0.72990,1.62454,-2.07183
3308.75000,0.72984,1.62443,-2.13867
3308.80000,0.72976,1.62432,-2.20485
3308.85000,0.72968,1.62422,-2.27035
3308.90000,0.72960,1.62412,-2.33516
3308.95000,0.72951,1.62403,-2.39928
3309.00000,0.72941,1.62395,-2.46268
3309.05000,0.72931,1.62388,-2.52537
3309.10000,0.72921,1.62381,-2.58734
3309.15000,0.72912,1.62375,-2.64849
3309.20000,0.72902,1.62371,-2.70849
3309.25000,0.72893,1.62367,-2.76724
3309.30000,0.72885,1.62364,-2.82467
3309.35000,0.72877,1.62361,-2.88069
3309.40000,0.72870,1.62360,-2.93512
3309.45000,0.72864,1.62359,-2.98796
3309.50000,0.72859,1.62358,-3.03906
3309.55000,0.72855,1.62358,-3.08774
3309.60000,0.72852,1.62358,-3.13332
3309.65000,0.72850,1.62358,3.10763
3309.70000,0.72647,1.62379,3.06628
3309.75000,0.71870,1.62457,3.03089
3309.80000,0.70959,1.62576,2.99448
3309.85000,0.70043,1.62712,2.95811
3309.90000,0.69397,1.62774,2.93260
3309.95000,0.68833,1.62827,2.91662
3310.00000,0.68270,1.62880,2.90255
3310.05000,0.67706,1.62934,2.89028
3310.10000,0.67142,1.62988,2.87969
3310.15000,0.66579,1.63042,2.87065
3310.20000,0.66016,1.63097,2.86301
3310.25000,0.65452,1.63152,2.85659
3310.30000,0.64889,1.63207,2.85117
3310.35000,0.64326,1.63262,2.84647
3310.40000,0.63774,1.63323,2.85109
3310.45000,0.63429,1.63380,2.87436
3310.50000,0.63324,1.63406,2.90864
3310.55000,0.63279,1.63416,2.94593
3310.60000,0.63232,1.63425,2.98344
3310.65000,0.63184,1.63431,3.02111
3310.70000,0.63136,1.63436,3.05891
3310.75000,0.63088,1.63439,3.09685
3310.80000,0.63039,1.63441,3.13490
3310.85000,0.62990,1.63440,-3.11015
3310.90000,0.62941,1.63438,-3.07195
3310.95000,0.62891,1.63433,-3.03370
3311.00000,0.62839,1.63427,-2.99543
3311.05000,0.62786,1.63418,-2.95713
3311.10000,0.62731,1.63406,-2.91883
3311.15000,0.62672,1.63392,-2.88056
3311.20000,0.62604,1.63372,-2.84217
3311.25000,0.62459,1.63325,-2.80069
3311.30000,0.62315,1.63275,-2.75944
3311.35000,0.62181,1.63229,-2.71872
3311.40000,0.62050,1.63186,-2.67812
3311.45000,0.61922,1.63145,-2.63766
3311.50000,0.61796,1.63108,-2.59733
3311.55000,0.61673,1.63074,-2.55715
3311.60000,0.61553,1.63036,-2.51733
3311.65000,0.61402,1.62923,-2.47673
3311.70000,0.61292,1.62835,-2.43845
3311.75000,0.61189,1.62746,-2.40072
3311.80000,0.61085,1.62649,-2.36302
3311.85000,0.61006,1.62571,-2.32704
3311.90000,0.60930,1.62489,-2.29156
3311.95000,0.60845,1.62391,-2.25577
3312.00000,0.60745,1.62265,-2.21931
3312.05000,0.60653,1.62143,-2.18374
3312.10000,0.60561,1.62007,-2.14830
3312.15000,0.60470,1.61865,-2.11330
3312.20000,0.60403,1.61750,-2.08049
3312.25000,0.60338,1.61629,-2.04817
3312.30000,0.60275,1.61501,-2.01623
3312.35000,0.60214,1.61369,-1.98465
3312.40000,0.60158,1.61235,-1.95341
3312.45000,0.60105,1.61099,-1.92252
3312.50000,0.60057,1.60961,-1.89198
3312.55000,0.60013,1.60822,-1.86181
3312.60000,0.59974,1.60682,-1.83201
3312.65000,0.59938,1.60541,-1.80261
3312.70000,0.59906,1.60397,-1.77364
3312.75000,0.59878,1.60248,-1.74515
3312.80000,0.59853,1.60094,-1.71712
3312.85000,0.59831,1.59934,-1.68957
3312.90000,0.59814,1.59768,-1.66251
3312.95000,0.59801,1.59598,-1.63591
3313.00000,0.59792,1.59426,-1.60973
3313.05000,0.59787,1.59252,-1.58400
3313.10000,0.59787,1.59073,-1.55873
3313.15000,0.59792,1.58888,-1.53392
3313.20000,0.59801,1.58697,-1.50958
3313.25000,0.59816,1.58498,-1.48570
3313.30000,0.59871,1.58056,-1.46193
3313.35000,0.59986,1.57133,-1.44010
3313.40000,0.60128,1.56143,-1.41763
3313.45000,0.60291,1.55157,-1.39568
3313.50000,0.60476,1.54174,-1.37428
3313.55000,0.60681,1.53195,-1.35344
3313.60000,0.60907,1.52222,-1.33329
3313.65000,0.61151,1.51254,-1.31370
3313.70000,0.61414,1.50291,-1.29462
3313.75000,0.61695,1.49333,-1.27605
3313.80000,0.62000,1.48358,-1.25696
3313.85000,0.62322,1.47391,-1.23847
3313.90000,0.62656,1.46449,-1.22123
3313.95000,0.63014,1.45491,-1.20379
3314.00000,0.63390,1.44525,-1.18610
3314.05000,0.63790,1.43561,-1.16873
3314.10000,0.64199,1.42616,-1.15168
3314.15000,0.64624,1.41682,-1.13518
3314.20000,0.65065,1.40750,-1.11948
3314.25000,0.65524,1.39823,-1.10445
3314.30000,0.65993,1.38907,-1.09003
3314.35000,0.66470,1.38006,-1.07574
3314.40000,0.66957,1.37116,-1.06187
3314.45000,0.67459,1.36229,-1.04880
3314.50000,0.67971,1.35351,-1.03604
3314.55000,0.68490,1.34485,-1.02374
3314.60000,0.69024,1.33617,-1.01248
3314.65000,0.69564,1.32764,-1.00118
3314.70000,0.70111,1.31917,-0.99116
3314.75000,0.70667,1.31076,-0.98151
3314.80000,0.71231,1.30240,-0.97324
3314.85000,0.71799,1.29412,-0.96541
3314.90000,0.72368,1.28595,-0.95839
3314.95000,0.72943,1.27781,-0.95272
3315.00000,0.73521,1.26966,-0.94739
3315.05000,0.73656,1.26672,-0.94157
3315.10000,0.73686,1.26631,-0.93715
3315.15000,0.73715,1.26591,-0.93320
3315.20000,0.73749,1.26545,-0.92909
3315.25000,0.73786,1.26496,-0.92499
3315.30000,0.73829,1.26439,-0.92095
3315.35000,0.73876,1.26376,-0.91696
3315.40000,0.73925,1.26312,-0.91309
3315.45000,0.73973,1.26251,-0.90957
3315.50000,0.74025,1.26184,-0.90629
3315.55000,0.74077,1.26116,-0.90323
3315.60000,0.74130,1.26049,-0.90048
3315.65000,0.74182,1.25983,-0.89802
3315.70000,0.74234,1.25918,-0.89588
3315.75000,0.74284,1.25855,-0.89403
3315.80000,0.74335,1.25791,-0.89245
3315.85000,0.74388,1.25725,-0.89108
3315.90000,0.74444,1.25656,-0.88991
3315.95000,0.74502,1.25584,-0.88890
3316.00000,0.74565,1.25506,-0.88806
3316.05000,0.74632,1.25424,-0.88737
3316.10000,0.74702,1.25337,-0.88686
3316.15000,0.74778,1.25244,-0.88649
3316.20000,0.74860,1.25145,-0.88629
3316.25000,0.74947,1.25038,-0.88625
3316.30000,0.75040,1.24924,-0.88638
3316.35000,0.75137,1.24804,-0.88670
3316.40000,0.75237,1.24683,-0.88723
3316.45000,0.75336,1.24561,-0.88796
3316.50000,0.75435,1.24439,-0.88890
3316.55000,0.75533,1.24317,-0.89004
3316.60000,0.75631,1.24196,-0.89139
3316.65000,0.75728,1.24077,-0.89293
3316.70000,0.75826,1.23955,-0.89469
3316.75000,0.75927,1.23830,-0.89664
3316.80000,0.76031,1.23699,-0.89882
3316.85000,0.76140,1.23561,-0.90119
3316.90000,0.76255,1.23416,-0.90376
3316.95000,0.76374,1.23266,-0.90650
3317.00000,0.76496,1.23109,-0.90941
3317.05000,0.76624,1.22944,-0.91245
3317.10000,0.76757,1.22772,-0.91565
3317.15000,0.76896,1.22591,-0.91896
3317.20000,0.77038,1.22404,-0.92240
3317.25000,0.77183,1.22213,-0.92594
3317.30000,0.77332,1.22014,-0.92959
3317.35000,0.77681,1.21558,-0.93273
3317.40000,0.78271,1.20762,-0.93621
3317.45000,0.78863,1.19954,-0.93997
3317.50000,0.79454,1.19144,-0.94367
3317.55000,0.80038,1.18335,-0.94771
3317.60000,0.80622,1.17520,-0.95187
3317.65000,0.81200,1.16705,-0.95599
3317.70000,0.81775,1.15888,-0.96032
3317.75000,0.82345,1.15069,-0.96463
3317.80000,0.82914,1.14245,-0.96902
3317.85000,0.83477,1.13421,-0.97358
3317.90000,0.84031,1.12601,-0.97833
3317.95000,0.84579,1.11779,-0.98325
3318.00000,0.85124,1.10955,-0.98821
3318.05000,0.85664,1.10128,-0.99321
3318.10000,0.86200,1.09298,-0.99821
3318.15000,0.86731,1.08466,-1.00319
3318.20000,0.87259,1.07631,-1.00816
3318.25000,0.87783,1.06793,-1.01314
3318.30000,0.88302,1.05953,-1.01819
3318.35000,0.88816,1.05110,-1.02335
3318.40000,0.89327,1.04265,-1.02863
3318.45000,0.89832,1.03418,-1.03405
3318.50000,0.90336,1.02565,-1.03942
3318.55000,0.90832,1.01712,-1.04513
3318.60000,0.91323,1.00858,-1.05109
3318.65000,0.91810,1.00001,-1.05725
3318.70000,0.92290,0.99142,-1.06370
3318.75000,0.92764,0.98282,-1.07045
3318.80000,0.93233,0.97418,-1.07755
3318.85000,0.93695,0.96551,-1.08505
3318.90000,0.94149,0.95682,-1.09311
3318.95000,0.94596,0.94810,-1.10178
3319.00000,0.95033,0.93936,-1.11111
3319.05000,0.95468,0.93058,-1.12050
3319.10000,0.95583,0.92626,-1.12790
3319.15000,0.95585,0.92619,-1.14006
3319.20000,0.95582,0.92626,-1.15332
3319.25000,0.95579,0.92633,-1.16666
3319.30000,0.95576,0.92640,-1.18002
3319.35000,0.95573,0.92647,-1.19328
3319.40000,0.95571,0.92654,-1.20645
3319.45000,0.95568,0.92661,-1.21951
3319.50000,0.95566,0.92668,-1.23249
3319.55000,0.95564,0.92674,-1.24537
3319.60000,0.95562,0.92681,-1.25816
3319.65000,0.95561,0.92687,-1.27087
3319.70000,0.95678,0.92500,-1.28267
3319.75000,0.95938,0.91879,-1.29350
3319.80000,0.96197,0.90994,-1.30629
3319.85000,0.96450,0.90062,-1.31909
3319.90000,0.96474,0.89536,-1.32964
3319.95000,0.96468,0.89489,-1.34722
3320.00000,0.96461,0.89525,-1.36925
3320.05000,0.96454,0.89566,-1.39161
3320.10000,0.96447,0.89606,-1.41375
3320.15000,0.96441,0.89647,-1.43564
3320.20000,0.96436,0.89689,-1.45829
3320.25000,0.96434,0.89721,-1.48285
3320.30000,0.96433,0.89743,-1.50978
3320.35000,0.96432,0.89779,-1.54091
3320.40000,0.96431,0.89803,-1.57619
3320.45000,0.96431,0.89792,-1.61418
3320.50000,0.96430,0.89781,-1.65597
3320.55000,0.96429,0.89769,-1.70135
3320.60000,0.96427,0.89757,-1.74957
3320.65000,0.96424,0.89743,-1.79989
3320.70000,0.96421,0.89729,-1.85175
3320.75000,0.96416,0.89714,-1.90475
3320.80000,0.96410,0.89698,-1.95854
3320.85000,0.96403,0.89682,-2.01290
3320.90000,0.96394,0.89665,-2.06762
3320.95000,0.96384,0.89648,-2.12256
3321.00000,0.96373,0.89631,-2.17758
3321.05000,0.96361,0.89614,-2.23259
3321.10000,0.96347,0.89597,-2.28749
3321.15000,0.96331,0.89580,-2.34222
3321.20000,0.96315,0.89564,-2.39671
3321.25000,0.96297,0.89549,-2.45092
3321.30000,0.96278,0.89534,-2.50479
3321.35000,0.96258,0.89520,-2.55828
3321.40000,0.96237,0.89507,-2.61136
3321.45000,0.96215,0.89494,-2.66399
3321.50000,0.96192,0.89483,-2.71615
3321.55000,0.96168,0.89473,-2.76780
3321.60000,0.96144,0.89464,-2.81893
3321.65000,0.96119,0.89457,-2.86952
3321.70000,0.96093,0.89450,-2.91953
3321.75000,0.96066,0.89445,-2.96896
3321.80000,0.96040,0.89441,-3.01779
3321.85000,0.96013,0.89438,-3.06598
3321.90000,0.95986,0.89437,-3.11350
3321.95000,0.95959,0.89437,3.12285
3322.00000,0.95932,0.89438,3.07670
3322.05000,0.95905,0.89440,3.03124
3322.10000,0.95878,0.89444,2.98647
3322.15000,0.95851,0.89449,2.94237
3322.20000,0.95824,0.89455,2.89894
3322.25000,0.95797,0.89462,2.85619
3322.30000,0.95771,0.89470,2.81413
3322.35000,0.95745,0.89480,2.77277
3322.40000,0.95719,0.89490,2.73210
3322.45000,0.95694,0.89502,2.69215
3322.50000,0.95669,0.89515,2.65290
3322.55000,0.95509,0.89633,2.61366
3322.60000,0.94980,0.89986,2.57509
3322.65000,0.94250,0.90471,2.53502
3322.70000,0.93522,0.90998,2.49473
3322.75000,0.92813,0.91555,2.45532
3322.80000,0.92125,0.92141,2.41682
3322.85000,0.91459,0.92755,2.37922
3322.90000,0.90813,0.93394,2.34252
3322.95000,0.90190,0.94057,2.30674
3323.00000,0.89590,0.94745,2.27185
3323.05000,0.89011,0.95454,2.23787
3323.10000,0.88456,0.96184,2.20480
3323.15000,0.87923,0.96933,2.17262
3323.20000,0.87413,0.97701,2.14135
3323.25000,0.86926,0.98486,2.11097
3323.30000,0.86461,0.99287,2.08149
3323.35000,0.86019,1.00104,2.05290
3323.40000,0.85599,1.00934,2.02520
3323.45000,0.85201,1.01778,1.99840
3323.50000,0.84824,1.02634,1.97247
3323.55000,0.84469,1.03501,1.94743
3323.60000,0.84134,1.04379,1.92327
3323.65000,0.83819,1.05266,1.89996
3323.70000,0.83514,1.06158,1.87669
3323.75000,0.83445,1.06657,1.85634
3323.80000,0.83452,1.06681,1.83583
3323.85000,0.83458,1.06658,1.81599
3323.90000,0.83464,1.06638,1.79680
3323.95000,0.83468,1.06619,1.77842
3324.00000,0.83472,1.06600,1.76078
3324.05000,0.83475,1.06585,1.74389
3324.10000,0.83476,1.06573,1.72773
3324.15000,0.83478,1.06560,1.71218
3324.20000,0.83480,1.06549,1.69734
3324.25000,0.83481,1.06542,1.68325
3324.30000,0.83482,1.06536,1.66980
3324.35000,0.83482,1.06531,1.65698
3324.40000,0.83482,1.06526,1.64493
3324.45000,0.83483,1.06523,1.63340
3324.50000,0.83483,1.06522,1.62249
3324.55000,0.83483,1.06523,1.61220
3324.60000,0.83483,1.06525,1.60253
3324.65000,0.83483,1.06529,1.59347
3324.70000,0.83482,1.06534,1.58500
3324.75000,0.83482,1.06541,1.57713
3324.80000,0.83482,1.06549,1.56983
3324.85000,0.83482,1.06559,1.56309
3324.90000,0.83483,1.06570,1.55692
3324.95000,0.83483,1.06582,1.55128
3325.00000,0.83483,1.06596,1.54619
3325.05000,0.83483,1.06611,1.54162
3325.10000,0.83484,1.06628,1.53756
3325.15000,0.83485,1.06646,1.53401
3325.20000,0.83485,1.06665,1.53095
3325.25000,0.83486,1.06685,1.52838
3325.30000,0.83487,1.06706,1.52628
3325.35000,0.83488,1.06729,1.52465
3325.40000,0.83489,1.06753,1.52347
3325.45000,0.83490,1.06778,1.52273
3325.50000,0.83492,1.06804,1.52242
3325.55000,0.83493,1.06831,1.52253
3325.60000,0.83494,1.06859,1.52305
3325.65000,0.83496,1.06888,1.52398
3325.70000,0.83497,1.06918,1.52529
3325.75000,0.83499,1.06949,1.52698
3325.80000,0.83500,1.06981,1.52904
3325.85000,0.83501,1.07014,1.53146
3325.90000,0.83502,1.07047,1.53423
3325.95000,0.83504,1.07082,1.53734
3326.00000,0.83505,1.07117,1.54078
3326.05000,0.83506,1.07154,1.54454
3326.10000,0.83507,1.07191,1.54861
3326.15000,0.83508,1.07229,1.55298
3326.20000,0.83508,1.07267,1.55764
3326.25000,0.83509,1.07306,1.56259
3326.30000,0.83509,1.07346,1.56780
3326.35000,0.83509,1.07387,1.57327
3326.40000,0.83509,1.07428,1.57900
3326.45000,0.83508,1.07470,1.58497
3326.50000,0.83507,1.07512,1.59118
3326.55000,0.83506,1.07555,1.59761
3326.60000,0.83505,1.07599,1.60425
3326.65000,0.83503,1.07643,1.61111
3326.70000,0.83502,1.07687,1.61816
3326.75000,0.83499,1.07732,1.62541
3326.80000,0.83497,1.07778,1.63284
3326.85000,0.83494,1.07823,1.64044
3326.90000,0.83490,1.07870,1.64821
3326.95000,0.83486,1.07916,1.65614
3327.00000,0.83482,1.07963,1.66422
3327.05000,0.83478,1.08010,1.67245
3327.10000,0.83473,1.08058,1.68080
3327.15000,0.83467,1.08106,1.68929
3327.20000,0.83461,1.08154,1.69789
3327.25000,0.83455,1.08202,1.70660
3327.30000,0.83448,1.08251,1.71543
3327.35000,0.83441,1.08299,1.72435
3327.40000,0.83433,1.08348,1.73336
3327.45000,0.83425,1.08397,1.74245
3327.50000,0.83416,1.08446,1.75162
3327.55000,0.83407,1.08495,1.76087
3327.60000,0.83397,1.08544,1.77017
3327.65000,0.83387,1.08594,1.77954
3327.70000,0.83376,1.08643,1.78896
3327.75000,0.83365,1.08692,1.79842
3327.80000,0.83353,1.08742,1.80793
3327.85000,0.83341,1.08791,1.81746
3327.90000,0.83328,1.08840,1.82703
3327.95000,0.83315,1.08889,1.83662
3328.00000,0.83302,1.08938,1.84623
3328.05000,0.83288,1.08987,1.85584
3328.10000,0.83273,1.09036,1.86547
3328.15000,0.83258,1.09085,1.87510
3328.20000,0.83243,1.09133,1.88472
3328.25000,0.83227,1.09181,1.89433
3328.30000,0.83210,1.09230,1.90393
3328.35000,0.83193,1.09278,1.91352
3328.40000,0.83176,1.09325,1.92308
3328.45000,0.83158,1.09373,1.93262
3328.50000,0.83140,1.09420,1.94212
3328.55000,0.83122,1.09467,1.95159
3328.60000,0.83103,1.09514,1.96103
3328.65000,0.82971,1.09712,1.97092
3328.70000,0.82595,1.10493,1.97958
3328.75000,0.82185,1.11429,1.98883
3328.80000,0.81768,1.12359,1.99795
3328.85000,0.81345,1.13275,2.00661
3328.90000,0.80913,1.14192,2.01547
3328.95000,0.80469,1.15114,2.02469
3329.00000,0.80018,1.16028,2.03377
3329.05000,0.79565,1.16928,2.04231
3329.10000,0.79104,1.17823,2.05075
3329.15000,0.78637,1.18711,2.05898
3329.20000,0.78165,1.19593,2.06727
3329.25000,0.77685,1.20472,2.07549
3329.30000,0.77198,1.21347,2.08365
3329.35000,0.76703,1.22218,2.09174
3329.40000,0.76203,1.23082,2.09956
3329.45000,0.75696,1.23942,2.10735
3329.50000,0.75182,1.24798,2.11509
3329.55000,0.74661,1.25650,2.12279
3329.60000,0.74134,1.26498,2.13045
3329.65000,0.73601,1.27342,2.13806
3329.70000,0.73061,1.28182,2.14562
3329.75000,0.72515,1.29018,2.15313
3329.80000,0.71963,1.29850,2.16058
3329.85000,0.71404,1.30677,2.16797
3329.90000,0.70839,1.31501,2.17530
3329.95000,0.70269,1.32320,2.18257
3330.00000,0.69692,1.33135,2.18977
3330.05000,0.69110,1.33946,2.19690
3330.10000,0.68522,1.34753,2.20396
3330.15000,0.67928,1.35556,2.21094
3330.20000,0.67328,1.36355,2.21785
3330.25000,0.66724,1.37149,2.22468
3330.30000,0.66113,1.37940,2.23143
3330.35000,0.65498,1.38726,2.23810
3330.40000,0.64877,1.39508,2.24468
3330.45000,0.64249,1.40289,2.25135
3330.50000,0.63616,1.41065,2.25879
3330.55000,0.62977,1.41836,2.26621
3330.60000,0.62330,1.42605,2.27315
3330.65000,0.61680,1.43368,2.28079
3330.70000,0.61019,1.44131,2.28793
3330.75000,0.60356,1.44887,2.29501
3330.80000,0.59688,1.45638,2.30143
3330.85000,0.59014,1.46385,2.30813
3330.90000,0.58337,1.47127,2.31477
3330.95000,0.57655,1.47862,2.32140
3331.00000,0.56969,1.48594,2.32782
3331.05000,0.56272,1.49326,2.33370
3331.10000,0.55575,1.50051,2.33938
3331.15000,0.54871,1.50776,2.34470
3331.20000,0.54162,1.51498,2.35015
3331.25000,0.53450,1.52215,2.35555
3331.30000,0.52735,1.52929,2.36075
3331.35000,0.52018,1.53636,2.36569
3331.40000,0.51296,1.54341,2.37046
3331.45000,0.50573,1.55041,2.37453
3331.50000,0.49849,1.55736,2.37865
3331.55000,0.49123,1.56428,2.38255
3331.60000,0.48393,1.57117,2.38621
3331.65000,0.47662,1.57803,2.38988
3331.70000,0.46925,1.58489,2.39295
3331.75000,0.46189,1.59171,2.39577
3331.80000,0.45450,1.59851,2.39823
3331.85000,0.44713,1.60527,2.40039
3331.90000,0.43972,1.61204,2.40218
3331.95000,0.43232,1.61879,2.40319
3332.00000,0.42491,1.62554,2.40422
3332.05000,0.42128,1.62863,2.41017
3332.10000,0.41962,1.63003,2.44384
3332.15000,0.41877,1.63071,2.49728
3332.20000,0.41814,1.63115,2.56363
3332.25000,0.41786,1.63132,2.63804
3332.30000,0.41778,1.63136,2.71296
3332.35000,0.41769,1.63140,2.78703
3332.40000,0.41759,1.63143,2.86022
3332.45000,0.41749,1.63146,2.93255
3332.50000,0.41737,1.63148,3.00403
3332.55000,0.41724,1.63149,3.07467
3332.60000,0.41710,1.63150,-3.13872
3332.65000,0.41696,1.63149,-3.06975
3332.70000,0.41681,1.63148,-3.00160
3332.75000,0.41664,1.63145,-2.93428
3332.80000,0.41647,1.63141,-2.86780
3332.85000,0.41629,1.63135,-2.80214
3332.90000,0.41611,1.63128,-2.73732
3332.95000,0.41592,1.63119,-2.67334
3333.00000,0.41572,1.63108,-2.61020
3333.05000,0.41551,1.63095,-2.54791
3333.10000,0.41530,1.63080,-2.48646
3333.15000,0.41509,1.63062,-2.42587
3333.20000,0.41487,1.63042,-2.36615
3333.25000,0.41466,1.63020,-2.30728
3333.30000,0.41444,1.62994,-2.24929
3333.35000,0.41422,1.62966,-2.19217
3333.40000,0.41401,1.62934,-2.13594
3333.45000,0.41381,1.62900,-2.08059
3333.50000,0.41361,1.62861,-2.02612
3333.55000,0.41342,1.62820,-1.97256
3333.60000,0.41324,1.62774,-1.91989
3333.65000,0.41307,1.62725,-1.86812
3333.70000,0.41292,1.62671,-1.81726
3333.75000,0.41279,1.62613,-1.76731
3333.80000,0.41268,1.62551,-1.71826
3333.85000,0.41260,1.62485,-1.67013
3333.90000,0.41255,1.62414,-1.62291
3333.95000,0.41253,1.62338,-1.57661
3334.00000,0.41254,1.62258,-1.53121
3334.05000,0.41259,1.62173,-1.48674
3334.10000,0.41305,1.61892,-1.44291
3334.15000,0.41428,1.61115,-1.40441
3334.20000,0.41606,1.60174,-1.36440
3334.25000,0.41831,1.59200,-1.32365
3334.30000,0.42094,1.58236,-1.28392
3334.35000,0.42396,1.57283,-1.24522
3334.40000,0.42733,1.56341,-1.20755
3334.45000,0.43106,1.55414,-1.17091
3334.50000,0.43511,1.54500,-1.13532
3334.55000,0.43948,1.53601,-1.10080
3334.60000,0.44416,1.52717,-1.06739
3334.65000,0.44912,1.51849,-1.03513
3334.70000,0.45436,1.50997,-1.00405
3334.75000,0.45985,1.50162,-0.97416
3334.80000,0.46559,1.49343,-0.94545
3334.85000,0.47155,1.48540,-0.91794
3334.90000,0.47773,1.47754,-0.89162
3334.95000,0.48401,1.46975,-0.86534
3335.00000,0.48564,1.46710,-0.83955
3335.05000,0.48624,1.46642,-0.81474
3335.10000,0.48684,1.46579,-0.79076
3335.15000,0.48753,1.46508,-0.76716
3335.20000,0.48825,1.46438,-0.74433
3335.25000,0.48898,1.46372,-0.72229
3335.30000,0.48974,1.46306,-0.70090
3335.35000,0.49049,1.46243,-0.68051
3335.40000,0.49126,1.46182,-0.66108
3335.45000,0.49201,1.46125,-0.64256
3335.50000,0.49275,1.46069,-0.62493
3335.55000,0.49349,1.46018,-0.60783
3335.60000,0.49427,1.45964,-0.59167
3335.65000,0.49505,1.45913,-0.57625
3335.70000,0.49586,1.45861,-0.56176
3335.75000,0.49663,1.45813,-0.54785
3335.80000,0.49745,1.45763,-0.53432
3335.85000,0.49828,1.45714,-0.52121
3335.90000,0.49920,1.45663,-0.50913
3335.95000,0.50013,1.45612,-0.49730
3336.00000,0.50106,1.45561,-0.48585
3336.05000,0.50211,1.45506,-0.47555
3336.10000,0.50316,1.45452,-0.46595
3336.15000,0.50418,1.45402,-0.45653
3336.20000,0.50523,1.45351,-0.44769
3336.25000,0.50632,1.45298,-0.43955
3336.30000,0.50747,1.45244,-0.43188
3336.35000,0.50866,1.45190,-0.42508
3336.40000,0.50988,1.45134,-0.41906
3336.45000,0.51116,1.45078,-0.41383
3336.50000,0.51237,1.45025,-0.40931
3336.55000,0.51360,1.44972,-0.40499
3336.60000,0.51488,1.44917,-0.40163
3336.65000,0.51617,1.44862,-0.39833
3336.70000,0.51754,1.44804,-0.39611
3336.75000,0.51892,1.44747,-0.39429
3336.80000,0.52037,1.44687,-0.39317
3336.85000,0.52189,1.44623,-0.39254
3336.90000,0.52350,1.44557,-0.39238
3336.95000,0.52521,1.44486,-0.39268
3337.00000,0.52700,1.44411,-0.39331
3337.05000,0.52885,1.44334,-0.39433
3337.10000,0.53075,1.44255,-0.39594
3337.15000,0.53268,1.44174,-0.39792
3337.20000,0.53461,1.44093,-0.40048
3337.25000,0.53654,1.44011,-0.40318
3337.30000,0.53849,1.43927,-0.40624
3337.35000,0.54039,1.43844,-0.40983
3337.40000,0.54228,1.43759,-0.41377
3337.45000,0.54422,1.43674,-0.41806
3337.50000,0.54621,1.43585,-0.42275
3337.55000,0.54833,1.43491,-0.42754
3337.60000,0.55050,1.43392,-0.43281
3337.65000,0.55280,1.43284,-0.43861
3337.70000,0.55523,1.43169,-0.44466
3337.75000,0.55773,1.43049,-0.45094
3337.80000,0.56038,1.42919,-0.45765
3337.85000,0.56308,1.42785,-0.46444
3337.90000,0.56583,1.42646,-0.47155
3337.95000,0.56859,1.42502,-0.47898
3338.00000,0.57137,1.42356,-0.48661
3338.05000,0.57412,1.42209,-0.49443
3338.10000,0.57687,1.42059,-0.50244
3338.15000,0.57961,1.41907,-0.51070
3338.20000,0.58237,1.41750,-0.51912
3338.25000,0.58520,1.41587,-0.52781
3338.30000,0.58812,1.41415,-0.53674
3338.35000,0.59113,1.41233,-0.54586
3338.40000,0.59427,1.41040,-0.55538
3338.45000,0.59749,1.40838,-0.56499
3338.50000,0.60081,1.40625,-0.57473
3338.55000,0.60424,1.40400,-0.58459
3338.60000,0.60776,1.40164,-0.59465
3338.65000,0.61134,1.39919,-0.60490
3338.70000,0.61492,1.39668,-0.61516
3338.75000,0.61850,1.39413,-0.62555
3338.80000,0.62207,1.39152,-0.63615
3338.85000,0.62561,1.38888,-0.64685
3338.90000,0.62910,1.38621,-0.65769
3338.95000,0.63252,1.38354,-0.66847
3339.00000,0.63588,1.38085,-0.67932
3339.05000,0.63923,1.37811,-0.69028
3339.10000,0.64260,1.37529,-0.70149
3339.15000,0.64601,1.37238,-0.71285
3339.20000,0.64946,1.36936,-0.72420
3339.25000,0.65293,1.36625,-0.73574
3339.30000,0.65642,1.36305,-0.74730
3339.35000,0.65994,1.35975,-0.75880
3339.40000,0.66350,1.35634,-0.77037
3339.45000,0.66710,1.35280,-0.78203
3339.50000,0.67069,1.34919,-0.79371
3339.55000,0.67421,1.34556,-0.80528
3339.60000,0.67764,1.34196,-0.81676
3339.65000,0.68099,1.33834,-0.82834
3339.70000,0.68432,1.33467,-0.84000
3339.75000,0.68763,1.33093,-0.85152
3339.80000,0.69097,1.32707,-0.86312
3339.85000,0.69434,1.32308,-0.87447
3339.90000,0.69774,1.31895,-0.88595
3339.95000,0.70120,1.31466,-0.89742
3340.00000,0.70470,1.31022,-0.90881
3340.05000,0.70823,1.30563,-0.91999
3340.10000,0.71182,1.30088,-0.93107
3340.15000,0.71545,1.29594,-0.94208
3340.20000,0.71905,1.29095,-0.95293
3340.25000,0.72254,1.28599,-0.96374
3340.30000,0.72739,1.27893,-0.97383
3340.35000,0.73283,1.27085,-0.98446
3340.40000,0.73818,1.26272,-0.99499
3340.45000,0.74344,1.25452,-1.00536
3340.50000,0.74863,1.24626,-1.01561
3340.55000,0.75373,1.23795,-1.02571
3340.60000,0.75875,1.22959,-1.03567
3340.65000,0.76369,1.22117,-1.04547
3340.70000,0.76855,1.21270,-1.05512
3340.75000,0.77333,1.20418,-1.06464
3340.80000,0.77803,1.19562,-1.07401
3340.85000,0.78266,1.18701,-1.08324
3340.90000,0.78720,1.17835,-1.09232
3340.95000,0.79167,1.16965,-1.10124
3341.00000,0.79606,1.16091,-1.10999
3341.05000,0.80038,1.15213,-1.11856
3341.10000,0.80462,1.14330,-1.12697
3341.15000,0.80879,1.13444,-1.13521
3341.20000,0.81289,1.12555,-1.14329
3341.25000,0.81692,1.11661,-1.15122
3341.30000,0.82089,1.10764,-1.15900
3341.35000,0.82478,1.09864,-1.16665
3341.40000,0.82861,1.08961,-1.17417
3341.45000,0.83237,1.08054,-1.18158
3341.50000,0.83606,1.07145,-1.18889
3341.55000,0.83969,1.06232,-1.19612
3341.60000,0.84326,1.05317,-1.20329
3341.65000,0.84675,1.04399,-1.21040
3341.70000,0.85021,1.03472,-1.21722
3341.75000,0.85361,1.02542,-1.22387
3341.80000,0.85694,1.01608,-1.23046
3341.85000,0.86020,1.00680,-1.23714
3341.90000,0.86341,0.99745,-1.24412
3341.95000,0.86654,0.98809,-1.25127
3342.00000,0.86957,0.97876,-1.25875
3342.05000,0.87253,0.96940,-1.26647
3342.10000,0.87544,0.96003,-1.27436
3342.15000,0.87826,0.95065,-1.28274
3342.20000,0.88100,0.94127,-1.29158
3342.25000,0.88365,0.93186,-1.30094
3342.30000,0.88621,0.92245,-1.31097
3342.35000,0.88865,0.91304,-1.32193
3342.40000,0.89099,0.90363,-1.33388
3342.45000,0.89319,0.89421,-1.34734
3342.50000,0.89526,0.88481,-1.36257
3342.55000,0.89724,0.87543,-1.37781
3342.60000,0.89746,0.87143,-1.39175
3342.65000,0.89739,0.87161,-1.41497
3342.70000,0.89729,0.87219,-1.44401
3342.75000,0.89720,0.87288,-1.47691
3342.80000,0.89713,0.87367,-1.51389
3342.85000,0.89708,0.87458,-1.55504
3342.90000,0.89707,0.87559,-1.60022
3342.95000,0.89711,0.87668,-1.64890
3343.00000,0.89721,0.87785,-1.70054
3343.05000,0.89732,0.87868,-1.75313
3343.10000,0.89729,0.87856,-1.80310
3343.15000,0.89726,0.87843,-1.85392
3343.20000,0.89721,0.87829,-1.90614
3343.25000,0.89716,0.87815,-1.95962
3343.30000,0.89709,0.87800,-2.01398
3343.35000,0.89701,0.87784,-2.06893
3343.40000,0.89692,0.87769,-2.12411
3343.45000,0.89682,0.87753,-2.17952
3343.50000,0.89670,0.87737,-2.23506
3343.55000,0.89657,0.87721,-2.29060
3343.60000,0.89642,0.87705,-2.34606
3343.65000,0.89627,0.87690,-2.40134
3343.70000,0.89609,0.87675,-2.45638
3343.75000,0.89591,0.87661,-2.51113
3343.80000,0.89572,0.87648,-2.56552
3343.85000,0.89551,0.87635,-2.61953
3343.90000,0.89529,0.87623,-2.67309
3343.95000,0.89507,0.87613,-2.72619
3344.00000,0.89484,0.87603,-2.77879
3344.05000,0.89459,0.87595,-2.83087
3344.10000,0.89435,0.87587,-2.88239
3344.15000,0.89409,0.87581,-2.93334
3344.20000,0.89383,0.87577,-2.98370
3344.25000,0.89357,0.87573,-3.03345
3344.30000,0.89331,0.87571,-3.08258
3344.35000,0.89304,0.87570,-3.13106
3344.40000,0.89277,0.87570,3.10429
3344.45000,0.89250,0.87572,3.05713
3344.50000,0.89223,0.87575,3.01064
3344.55000,0.89196,0.87579,2.96484
3344.60000,0.89169,0.87585,2.91974
3344.65000,0.89142,0.87591,2.87536
3344.70000,0.89115,0.87599,2.83168
3344.75000,0.89089,0.87608,2.78873
3344.80000,0.89063,0.87618,2.74649
3344.85000,0.89038,0.87629,2.70499
3344.90000,0.89013,0.87642,2.66422
3344.95000,0.88988,0.87655,2.62418
3345.00000,0.88789,0.87791,2.58488
3345.05000,0.88166,0.88196,2.54859
3345.10000,0.87454,0.88697,2.50785
3345.15000,0.86743,0.89243,2.46693
3345.20000,0.86052,0.89819,2.42665
3345.25000,0.85383,0.90423,2.38731
3345.30000,0.84736,0.91054,2.34890
3345.35000,0.84113,0.91712,2.31142
3345.40000,0.83512,0.92393,2.27487
3345.45000,0.82935,0.93098,2.23925
3345.50000,0.82381,0.93824,2.20456
3345.55000,0.81852,0.94571,2.17078
3345.60000,0.81346,0.95337,2.13794
3345.65000,0.80864,0.96121,2.10601
3345.70000,0.80406,0.96921,2.07500
3345.75000,0.79972,0.97738,2.04490
3345.80000,0.79560,0.98568,2.01572
3345.85000,0.79173,0.99413,1.98744
3345.90000,0.78807,1.00269,1.96007
3345.95000,0.78464,1.01138,1.93360
3346.00000,0.78143,1.02017,1.90803
3346.05000,0.77844,1.02906,1.88337
3346.10000,0.77555,1.03800,1.85873
3346.15000,0.77518,1.04133,1.83683
3346.20000,0.77526,1.04105,1.81504
3346.25000,0.77532,1.04079,1.79409
3346.30000,0.77537,1.04055,1.77387
3346.35000,0.77541,1.04033,1.75440
3346.40000,0.77545,1.04012,1.73575
3346.45000,0.77548,1.03992,1.71788
3346.50000,0.77550,1.03975,1.70065
3346.55000,0.77552,1.03960,1.68404
3346.60000,0.77553,1.03947,1.66820
3346.65000,0.77555,1.03934,1.65320
3346.70000,0.77555,1.03924,1.63873
3346.75000,0.77557,1.03915,1.62491
3346.80000,0.77559,1.03908,1.61176
3346.85000,0.77561,1.03903,1.59931
3346.90000,0.77563,1.03900,1.58751
3346.95000,0.77563,1.03900,1.57641
3347.00000,0.77564,1.03901,1.56603
3347.05000,0.77564,1.03903,1.55624
3347.10000,0.77564,1.03906,1.54709
3347.15000,0.77564,1.03911,1.53855
3347.20000,0.77564,1.03918,1.53062
3347.25000,0.77564,1.03926,1.52329
3347.30000,0.77565,1.03935,1.51654
3347.35000,0.77566,1.03946,1.51037
3347.40000,0.77566,1.03958,1.50475
3347.45000,0.77567,1.03972,1.49967
3347.50000,0.77568,1.03987,1.49513
3347.55000,0.77570,1.04003,1.49111
3347.60000,0.77571,1.04021,1.48761
3347.65000,0.77573,1.04040,1.48461
3347.70000,0.77574,1.04060,1.48211
3347.75000,0.77576,1.04082,1.48010
3347.80000,0.77578,1.04104,1.47857
3347.85000,0.77581,1.04128,1.47750
3347.90000,0.77583,1.04153,1.47688
3347.95000,0.77585,1.04179,1.47671
3348.00000,0.77588,1.04206,1.47698
3348.05000,0.77591,1.04234,1.47766
3348.10000,0.77593,1.04263,1.47875
3348.15000,0.77596,1.04293,1.48024
3348.20000,0.77599,1.04324,1.48212
3348.25000,0.77602,1.04356,1.48436
3348.30000,0.77604,1.04389,1.48697
3348.35000,0.77607,1.04423,1.48994
3348.40000,0.77610,1.04458,1.49324
3348.45000,0.77613,1.04494,1.49689
3348.50000,0.77615,1.04530,1.50085
3348.55000,0.77618,1.04567,1.50514
3348.60000,0.77620,1.04605,1.50973
3348.65000,0.77623,1.04644,1.51462
3348.70000,0.77625,1.04683,1.51980
3348.75000,0.77627,1.04724,1.52526
3348.80000,0.77628,1.04765,1.53097
3348.85000,0.77630,1.04806,1.53695
3348.90000,0.77631,1.04848,1.54317
3348.95000,0.77632,1.04891,1.54962
3349.00000,0.77633,1.04934,1.55630
3349.05000,0.77634,1.04978,1.56320
3349.10000,0.77634,1.05023,1.57032
3349.15000,0.77634,1.05068,1.57763
3349.20000,0.77633,1.05113,1.58514
3349.25000,0.77632,1.05159,1.59284
3349.30000,0.77631,1.05205,1.60071
3349.35000,0.77630,1.05252,1.60875
3349.40000,0.77628,1.05299,1.61696
3349.45000,0.77625,1.05347,1.62531
3349.50000,0.77622,1.05395,1.63381
3349.55000,0.77619,1.05443,1.64245
3349.60000,0.77615,1.05491,1.65121
3349.65000,0.77611,1.05540,1.66010
3349.70000,0.77607,1.05589,1.66910
3349.75000,0.77602,1.05638,1.67820
3349.80000,0.77596,1.05687,1.68740
3349.85000,0.77590,1.05737,1.69669
3349.90000,0.77584,1.05786,1.70606
3349.95000,0.77577,1.05836,1.71551
3350.00000,0.77569,1.05886,1.72503
3350.05000,0.77561,1.05936,1.73461
3350.10000,0.77553,1.05986,1.74425
3350.15000,0.77544,1.06036,1.75395
3350.20000,0.77534,1.06087,1.76369
3350.25000,0.77524,1.06137,1.77347
3350.30000,0.77513,1.06187,1.78328
3350.35000,0.77502,1.06237,1.79312
3350.40000,0.77491,1.06287,1.80298
3350.45000,0.77479,1.06337,1.81285
3350.50000,0.77466,1.06387,1.82274
3350.55000,0.77453,1.06436,1.83263
3350.60000,0.77440,1.06486,1.84252
3350.65000,0.77426,1.06535,1.85240
3350.70000,0.77411,1.06584,1.86228
3350.75000,0.77396,1.06634,1.87214
3350.80000,0.77381,1.06682,1.88198
3350.85000,0.77365,1.06731,1.89180
3350.90000,0.77348,1.06780,1.90159
3350.95000,0.77332,1.06828,1.91134
3351.00000,0.77314,1.06876,1.92106
3351.05000,0.77297,1.06923,1.93074
3351.10000,0.77177,1.07094,1.94110
3351.15000,0.76826,1.07747,1.95108
3351.20000,0.76443,1.08685,1.96062
3351.25000,0.76050,1.09629,1.97002
3351.30000,0.75649,1.10569,1.97938
3351.35000,0.75243,1.11496,1.98836
3351.40000,0.74825,1.12428,1.99767
3351.45000,0.74400,1.13353,2.00682
3351.50000,0.73970,1.14265,2.01546
3351.55000,0.73533,1.15173,2.02409
3351.60000,0.73090,1.16075,2.03266
3351.65000,0.72641,1.16969,2.04108
3351.70000,0.72184,1.17860,2.04945
3351.75000,0.71720,1.18747,2.05778
3351.80000,0.71248,1.19631,2.06606
3351.85000,0.70770,1.20508,2.07404
3351.90000,0.70285,1.21380,2.08198
3351.95000,0.69793,1.22249,2.08988
3352.00000,0.69294,1.23114,2.09773
3352.05000,0.68788,1.23975,2.10554
3352.10000,0.68276,1.24832,2.11330
3352.15000,0.67757,1.25685,2.12101
3352.20000,0.67231,1.26534,2.12867
3352.25000,0.66699,1.27379,2.13627
3352.30000,0.66161,1.28220,2.14381
3352.35000,0.65616,1.29057,2.15130
3352.40000,0.65066,1.29890,2.15872
3352.45000,0.64509,1.30719,2.16607
3352.50000,0.63945,1.31543,2.17336
3352.55000,0.63376,1.32364,2.18059
3352.60000,0.62801,1.33180,2.18774
3352.65000,0.62221,1.33992,2.19482
3352.70000,0.61634,1.34801,2.20182
3352.75000,0.61042,1.35605,2.20875
3352.80000,0.60445,1.36405,2.21560
3352.85000,0.59839,1.37204,2.22254
3352.90000,0.59231,1.37996,2.22988
3352.95000,0.58615,1.38786,2.23740
3353.00000,0.57987,1.39578,2.24494
3353.05000,0.57356,1.40362,2.25275
3353.10000,0.56713,1.41149,2.25990
3353.15000,0.56065,1.41929,2.26701
3353.20000,0.55412,1.42705,2.27392
3353.25000,0.54757,1.43473,2.28086
3353.30000,0.54099,1.44233,2.28812
3353.35000,0.53435,1.44989,2.29516
3353.40000,0.52762,1.45745,2.30187
3353.45000,0.52084,1.46496,2.30839
3353.50000,0.51401,1.47243,2.31465
3353.55000,0.50712,1.47988,2.32098
3353.60000,0.50019,1.48728,2.32725
3353.65000,0.49323,1.49461,2.33347
3353.70000,0.48623,1.50190,2.33958
3353.75000,0.47915,1.50918,2.34534
3353.80000,0.47203,1.51641,2.35096
3353.85000,0.46488,1.52361,2.35648
3353.90000,0.45772,1.53072,2.36181
3353.95000,0.45057,1.53776,2.36721
3354.00000,0.44337,1.54477,2.37248
3354.05000,0.43616,1.55170,2.37800
3354.10000,0.42892,1.55861,2.38333
3354.15000,0.42162,1.56548,2.38847
3354.20000,0.41425,1.57235,2.39305
3354.25000,0.40687,1.57918,2.39764
3354.30000,0.39946,1.58597,2.40201
3354.35000,0.39206,1.59270,2.40588
3354.40000,0.38464,1.59939,2.40974
3354.45000,0.37722,1.60602,2.41335
3354.50000,0.36972,1.61269,2.41680
3354.55000,0.36223,1.61931,2.41971
3354.60000,0.35473,1.62590,2.42151
3354.65000,0.34726,1.63246,2.41809
3354.70000,0.34066,1.63838,2.40169
3354.75000,0.33632,1.64236,2.38823
3354.80000,0.33248,1.64593,2.39821
3354.85000,0.32861,1.64958,2.42218
3354.90000,0.32483,1.65286,2.46735
3354.95000,0.32241,1.65470,2.52990
3355.00000,0.32137,1.65538,2.60487
3355.05000,0.32111,1.65552,2.68397
3355.10000,0.32100,1.65557,2.76356
3355.15000,0.32088,1.65561,2.84286
3355.20000,0.32076,1.65565,2.92180
3355.25000,0.32063,1.65567,3.00026
3355.30000,0.32051,1.65568,3.07809
3355.35000,0.32038,1.65569,-3.12788
3355.40000,0.32025,1.65568,-3.05132
3355.45000,0.32012,1.65566,-2.97543
3355.50000,0.32000,1.65564,-2.90019
3355.55000,0.31987,1.65560,-2.82556
3355.60000,0.31975,1.65556,-2.75142
3355.65000,0.31963,1.65550,-2.67774
3355.70000,0.31952,1.65544,-2.60452
3355.75000,0.31941,1.65537,-2.53190
3355.80000,0.31931,1.65529,-2.45995
3355.85000,0.31921,1.65520,-2.38872
3355.90000,0.31912,1.65511,-2.31829
3355.95000,0.31903,1.65501,-2.24870
3356.00000,0.31895,1.65490,-2.17995
3356.05000,0.31888,1.65479,-2.11204
3356.10000,0.31881,1.65468,-2.04495
3356.15000,0.31876,1.65456,-1.97862
3356.20000,0.31871,1.65444,-1.91296
3356.25000,0.31867,1.65432,-1.84791
3356.30000,0.31864,1.65419,-1.78346
3356.35000,0.31862,1.65406,-1.71962
3356.40000,0.31860,1.65393,-1.65640
3356.45000,0.31859,1.65380,-1.59386
3356.50000,0.31859,1.65366,-1.53217
3356.55000,0.31860,1.65353,-1.47142
3356.60000,0.31862,1.65340,-1.41161
3356.65000,0.31865,1.65327,-1.35275
3356.70000,0.31868,1.65314,-1.29485
3356.75000,0.31872,1.65301,-1.23790
3356.80000,0.31876,1.65289,-1.18191
3356.85000,0.31882,1.65277,-1.12683
3356.90000,0.31888,1.65265,-1.07255
3356.95000,0.31894,1.65255,-1.01895
3357.00000,0.31901,1.65244,-0.96601
3357.05000,0.31908,1.65234,-0.91369
3357.10000,0.31915,1.65225,-0.86195
3357.15000,0.31923,1.65217,-0.81079
3357.20000,0.32092,1.65051,-0.76196
3357.25000,0.32575,1.64611,-0.71668
3357.30000,0.33229,1.64067,-0.67099
3357.35000,0.33976,1.63503,-0.62348
3357.40000,0.34705,1.63006,-0.57032
3357.45000,0.35388,1.62579,-0.51563
3357.50000,0.35601,1.62475,-0.45926
3357.55000,0.35663,1.62446,-0.39415
3357.60000,0.35684,1.62438,-0.32044
3357.65000,0.35687,1.62437,-0.24222
3357.70000,0.35689,1.62436,-0.16259
3357.75000,0.35692,1.62436,-0.08274
3357.80000,0.35696,1.62436,-0.00286
3357.85000,0.35699,1.62436,0.07679
3357.90000,0.35702,1.62436,0.15582
3357.95000,0.35706,1.62437,0.23394
3358.00000,0.35709,1.62438,0.31092
3358.05000,0.35712,1.62439,0.38676
3358.10000,0.35716,1.62441,0.46152
3358.15000,0.35719,1.62442,0.53538
3358.20000,0.35722,1.62444,0.60913
3358.25000,0.35725,1.62447,0.68342
3358.30000,0.35728,1.62450,0.75819
3358.35000,0.35732,1.62453,0.83311
3358.40000,0.35735,1.62457,0.90774
3358.45000,0.35738,1.62461,0.98185
3358.50000,0.35741,1.62466,1.05536
3358.55000,0.35744,1.62471,1.12814
3358.60000,0.35746,1.62477,1.20003
3358.65000,0.35748,1.62483,1.27092
3358.70000,0.35750,1.62489,1.34064
3358.75000,0.35751,1.62495,1.40906
3358.80000,0.35752,1.62502,1.47621
3358.85000,0.35752,1.62508,1.54210
3358.90000,0.35747,1.62688,1.60591
3358.95000,0.35702,1.63337,1.66038
3359.00000,0.35611,1.64117,1.71469
3359.05000,0.35465,1.64955,1.77031
3359.10000,0.35261,1.65837,1.82653
3359.15000,0.34994,1.66750,1.88283
3359.20000,0.34683,1.67630,1.94097
3359.25000,0.34352,1.68416,2.00022
3359.30000,0.33940,1.69255,2.05340
3359.35000,0.33516,1.70016,2.10598
3359.40000,0.33081,1.70756,2.15810
3359.45000,0.32965,1.71041,2.20648
3359.50000,0.32934,1.71084,2.24529
3359.55000,0.32910,1.71118,2.28380
3359.60000,0.32847,1.71190,2.32317
3359.65000,0.32830,1.71212,2.36150
3359.70000,0.32845,1.71199,2.39742
3359.75000,0.32808,1.71233,2.43179
3359.80000,0.32778,1.71258,2.46585
3359.85000,0.32708,1.71312,2.50017
3359.90000,0.32664,1.71346,2.53381
3359.95000,0.32638,1.71365,2.56727
3360.00000,0.32606,1.71388,2.60183
3360.05000,0.32592,1.71398,2.63636
3360.10000,0.32585,1.71402,2.67086
3360.15000,0.32577,1.71406,2.70547
3360.20000,0.32568,1.71410,2.73996
3360.25000,0.32559,1.71413,2.77417
3360.30000,0.32549,1.71417,2.80800
3360.35000,0.32538,1.71420,2.84136
3360.40000,0.32527,1.71424,2.87416
3360.45000,0.32516,1.71427,2.90635
3360.50000,0.32504,1.71429,2.93786
3360.55000,0.32491,1.71432,2.96856
3360.60000,0.32479,1.71434,2.99835
3360.65000,0.32466,1.71435,3.02720
3360.70000,0.32453,1.71436,3.05513
3360.75000,0.32440,1.71437,3.08214
3360.80000,0.32427,1.71438,3.10828
3360.85000,0.32414,1.71438,3.13358
3360.90000,0.32400,1.71438,-3.12510
3360.95000,0.32386,1.71438,-3.10125
3361.00000,0.32372,1.71437,-3.07800
3361.05000,0.32357,1.71436,-3.05539
3361.10000,0.32342,1.71435,-3.03345
3361.15000,0.32327,1.71433,-3.01223
3361.20000,0.32311,1.71430,-2.99177
3361.25000,0.32295,1.71428,-2.97206
3361.30000,0.32279,1.71425,-2.95312
3361.35000,0.32263,1.71422,-2.93494
3361.40000,0.32246,1.71418,-2.91754
3361.45000,0.32230,1.71414,-2.90096
3361.50000,0.32213,1.71410,-2.88522
3361.55000,0.32197,1.71406,-2.87031
3361.60000,0.32181,1.71401,-2.85623
3361.65000,0.32164,1.71396,-2.84296
3361.70000,0.32148,1.71391,-2.83049
3361.75000,0.32132,1.71386,-2.81879
3361.80000,0.32115,1.71380,-2.80785
3361.85000,0.32099,1.71374,-2.79764
3361.90000,0.32083,1.71368,-2.78809
3361.95000,0.32066,1.71362,-2.77919
3362.00000,0.32049,1.71356,-2.77092
3362.05000,0.32033,1.71349,-2.76330
3362.10000,0.32016,1.71342,-2.75631
3362.15000,0.31999,1.71335,-2.74995
3362.20000,0.31982,1.71328,-2.74423
3362.25000,0.31965,1.71321,-2.73913
3362.30000,0.31948,1.71314,-2.73464
3362.35000,0.31930,1.71306,-2.73077
3362.40000,0.31913,1.71299,-2.72752
3362.45000,0.31896,1.71291,-2.72490
3362.50000,0.31879,1.71283,-2.72289
3362.55000,0.31862,1.71276,-2.72149
3362.60000,0.31844,1.71268,-2.72067
3362.65000,0.31827,1.71260,-2.72043
3362.70000,0.31810,1.71253,-2.72075
3362.75000,0.31793,1.71245,-2.72162
3362.80000,0.31776,1.71237,-2.72301
3362.85000,0.31758,1.71230,-2.72492
3362.90000,0.31741,1.71222,-2.72732
3362.95000,0.31724,1.71214,-2.73019
3363.00000,0.31706,1.71207,-2.73352
3363.05000,0.31689,1.71199,-2.73729
3363.10000,0.31671,1.71192,-2.74150
3363.15000,0.31653,1.71184,-2.74613
3363.20000,0.31636,1.71177,-2.75118
3363.25000,0.31618,1.71170,-2.75664
3363.30000,0.31600,1.71162,-2.76250
3363.35000,0.31582,1.71155,-2.76875
3363.40000,0.31564,1.71148,-2.77538
3363.45000,0.31546,1.71141,-2.78238
3363.50000,0.31527,1.71135,-2.78975
3363.55000,0.31509,1.71128,-2.79748
3363.60000,0.31491,1.71122,-2.80555
3363.65000,0.31473,1.71115,-2.81395
3363.70000,0.31454,1.71109,-2.82268
3363.75000,0.31436,1.71103,-2.83170
3363.80000,0.31417,1.71097,-2.84102
3363.85000,0.31399,1.71092,-2.85061
3363.90000,0.31380,1.71086,-2.86047
3363.95000,0.31361,1.71081,-2.87059
3364.00000,0.31342,1.71076,-2.88096
3364.05000,0.31323,1.71071,-2.89156
3364.10000,0.31304,1.71066,-2.90240
3364.15000,0.31285,1.71061,-2.91346
3364.20000,0.31266,1.71057,-2.92474
3364.25000,0.31247,1.71053,-2.93622
3364.30000,0.31228,1.71049,-2.94789
3364.35000,0.31209,1.71045,-2.95976
3364.40000,0.31190,1.71042,-2.97180
3364.45000,0.31170,1.71039,-2.98400
3364.50000,0.31151,1.71036,-2.99637
3364.55000,0.31132,1.71033,-3.00888
3364.60000,0.31112,1.71031,-3.02153
3364.65000,0.31093,1.71029,-3.03431
3364.70000,0.31073,1.71027,-3.04721
3364.75000,0.31054,1.71025,-3.06021
3364.80000,0.31034,1.71023,-3.07332
3364.85000,0.31015,1.71022,-3.08652
3364.90000,0.30995,1.71021,-3.09980
3364.95000,0.30976,1.71021,-3.11316
3365.00000,0.30956,1.71020,-3.12658
3365.05000,0.30936,1.71020,-3.14007
3365.10000,0.30917,1.71020,3.12957
3365.15000,0.30897,1.71020,3.11597
3365.20000,0.30878,1.71021,3.10234
3365.25000,0.30858,1.71022,3.08867
3365.30000,0.30839,1.71023,3.07497
3365.35000,0.30819,1.71025,3.06125
3365.40000,0.30799,1.71026,3.04752
3365.45000,0.30780,1.71028,3.03378
3365.50000,0.30761,1.71030,3.02004
3365.55000,0.30741,1.71033,3.00631
3365.60000,0.30727,1.71035,2.99240
3365.65000,0.30711,1.71038,2.97850
3365.70000,0.30694,1.71041,2.96457
3365.75000,0.30684,1.71045,2.95004
3365.80000,0.30684,1.71046,2.93558
3365.85000,0.30681,1.71048,2.92141
3365.90000,0.30675,1.71050,2.90732
3365.95000,0.30665,1.71054,2.89233
3366.00000,0.30682,1.71049,2.87740
3366.05000,0.30698,1.71045,2.86258
3366.10000,0.30715,1.71040,2.84788
3366.15000,0.30731,1.71034,2.83330
3366.20000,0.30746,1.71029,2.81884
3366.25000,0.30761,1.71024,2.80451
3366.30000,0.30776,1.71019,2.79032
3366.35000,0.30790,1.71013,2.77626
3366.40000,0.30804,1.71008,2.76235
3366.45000,0.30817,1.71002,2.74857
3366.50000,0.30831,1.70997,2.73495
3366.55000,0.30635,1.71130,2.72061
3366.60000,0.29856,1.71507,2.70834
3366.65000,0.28977,1.71921,2.69521
3366.70000,0.28107,1.72344,2.68216
3366.75000,0.27242,1.72779,2.66922
3366.80000,0.26382,1.73225,2.65641
3366.85000,0.25528,1.73682,2.64371
3366.90000,0.24680,1.74150,2.63114
3366.95000,0.23837,1.74628,2.61871
3367.00000,0.23000,1.75117,2.60641
3367.05000,0.22168,1.75617,2.59425
3367.10000,0.21343,1.76126,2.58224
3367.15000,0.20523,1.76646,2.57037
3367.20000,0.19710,1.77175,2.55865
3367.25000,0.18902,1.77714,2.54708
3367.30000,0.18100,1.78263,2.53567
3367.35000,0.17304,1.78820,2.52442
3367.40000,0.16514,1.79387,2.51333
3367.45000,0.15730,1.79963,2.50240
3367.50000,0.14952,1.80547,2.49163
3367.55000,0.14180,1.81140,2.48103
3367.60000,0.13414,1.81742,2.47060
3367.65000,0.12654,1.82351,2.46033
3367.70000,0.11900,1.82968,2.45024
3367.75000,0.11151,1.83594,2.44032
3367.80000,0.10409,1.84226,2.43058
3367.85000,0.09672,1.84867,2.42101
3367.90000,0.08941,1.85514,2.41162
3367.95000,0.08216,1.86169,2.40241
3368.00000,0.07497,1.86830,2.39338
3368.05000,0.06783,1.87498,2.38453
3368.10000,0.06074,1.88173,2.37586
3368.15000,0.05371,1.88854,2.36738
3368.20000,0.04674,1.89542,2.35908
3368.25000,0.03982,1.90235,2.35097
3368.30000,0.03295,1.90934,2.34305
3368.35000,0.02613,1.91639,2.33531
3368.40000,0.01937,1.92349,2.32775
3368.45000,0.01265,1.93065,2.32038
3368.50000,0.00598,1.93786,2.31320
3368.55000,-0.00064,1.94512,2.30620
3368.60000,-0.00721,1.95243,2.29938
3368.65000,-0.01373,1.95979,2.29287
3368.70000,-0.02021,1.96719,2.28657
3368.75000,-0.02666,1.97465,2.28043
3368.80000,-0.03304,1.98215,2.27449
3368.85000,-0.03939,1.98970,2.26873
3368.90000,-0.04571,1.99727,2.26325
3368.95000,-0.05201,2.00490,2.25789
3369.00000,-0.05827,2.01257,2.25260
3369.05000,-0.06448,2.02025,2.24756
3369.10000,-0.07066,2.02797,2.24269
3369.15000,-0.07681,2.03575,2.23791
3369.20000,-0.08295,2.04357,2.23322
3369.25000,-0.08904,2.05141,2.22881
3369.30000,-0.09510,2.05928,2.22451
3369.35000,-0.10113,2.06717,2.22062
3369.40000,-0.10713,2.07508,2.21695
3369.45000,-0.11309,2.08302,2.21341
3369.50000,-0.11906,2.09099,2.20981
3369.55000,-0.12498,2.09898,2.20643
3369.60000,-0.13088,2.10701,2.20332
3369.65000,-0.13676,2.11504,2.20029
3369.70000,-0.14261,2.12309,2.19748
3369.75000,-0.14844,2.13117,2.19486
3369.80000,-0.15427,2.13927,2.19242
3369.85000,-0.16010,2.14743,2.18995
3369.90000,-0.16587,2.15554,2.18786
3369.95000,-0.17164,2.16367,2.18595
3370.00000,-0.17739,2.17182,2.18423
3370.05000,-0.18312,2.17997,2.18275
3370.10000,-0.18885,2.18816,2.18144
3370.15000,-0.19457,2.19634,2.18025
3370.20000,-0.20028,2.20452,2.17927
3370.25000,-0.20599,2.21271,2.17832
3370.30000,-0.21169,2.22092,2.17755
3370.35000,-0.21737,2.22913,2.17691
3370.40000,-0.22304,2.23735,2.17640
3370.45000,-0.22872,2.24557,2.17603
3370.50000,-0.23439,2.25380,2.17580
3370.55000,-0.24007,2.26203,2.17570
3370.60000,-0.24575,2.27026,2.17574
3370.65000,-0.25143,2.27849,2.17591
3370.70000,-0.25711,2.28672,2.17622
3370.75000,-0.26280,2.29496,2.17668
3370.80000,-0.26849,2.30320,2.17727
3370.85000,-0.27419,2.31143,2.17801
3370.90000,-0.27990,2.31966,2.17889
3370.95000,-0.28562,2.32789,2.17990
3371.00000,-0.29135,2.33612,2.18105
3371.05000,-0.29709,2.34435,2.18233
3371.10000,-0.30285,2.35256,2.18374
3371.15000,-0.30861,2.36078,2.18527
3371.20000,-0.31440,2.36898,2.18692
3371.25000,-0.32019,2.37718,2.18870
3371.30000,-0.32601,2.38537,2.19059
3371.35000,-0.33184,2.39355,2.19259
3371.40000,-0.33768,2.40172,2.19470
3371.45000,-0.34355,2.40989,2.19690
3371.50000,-0.34944,2.41803,2.19918
3371.55000,-0.35534,2.42614,2.20147
3371.60000,-0.36128,2.43425,2.20394
3371.65000,-0.36724,2.44235,2.20660
3371.70000,-0.37323,2.45045,2.20927
3371.75000,-0.37925,2.45853,2.21216
3371.80000,-0.38529,2.46660,2.21509
3371.85000,-0.39134,2.47463,2.21831
3371.90000,-0.39743,2.48266,2.22147
3371.95000,-0.40354,2.49066,2.22472
3372.00000,-0.40969,2.49865,2.22823
3372.05000,-0.41587,2.50664,2.23173
3372.10000,-0.42209,2.51462,2.23526
3372.15000,-0.42834,2.52258,2.23881
3372.20000,-0.43463,2.53053,2.24238
3372.25000,-0.44095,2.53846,2.24598
3372.30000,-0.44731,2.54637,2.24960
3372.35000,-0.45367,2.55423,2.25344
3372.40000,-0.46006,2.56207,2.25741
3372.45000,-0.46649,2.56989,2.26141
3372.50000,-0.47296,2.57769,2.26544
3372.55000,-0.47942,2.58542,2.26971
3372.60000,-0.48591,2.59311,2.27381
3372.65000,-0.49242,2.60076,2.27793
3372.70000,-0.49895,2.60837,2.28253
3372.75000,-0.50554,2.61598,2.28699
3372.80000,-0.51213,2.62352,2.29179
3372.85000,-0.51878,2.63105,2.29650
3372.90000,-0.52546,2.63855,2.30118
3372.95000,-0.53215,2.64599,2.30567
3373.00000,-0.53884,2.65336,2.31006
3373.05000,-0.54559,2.66073,2.31396
3373.10000,-0.55239,2.66811,2.31839
3373.15000,-0.55922,2.67543,2.32302
3373.20000,-0.56606,2.68272,2.32740
3373.25000,-0.57293,2.68997,2.33180
3373.30000,-0.57983,2.69717,2.33634
3373.35000,-0.58676,2.70435,2.34076
3373.40000,-0.59372,2.71150,2.34533
3373.45000,-0.60074,2.71863,2.35015
3373.50000,-0.60776,2.72571,2.35497
3373.55000,-0.61472,2.73267,2.35182
3373.60000,-0.62083,2.73895,2.32749
3373.65000,-0.62581,2.74442,2.28652
3373.70000,-0.62998,2.74948,2.23427
3373.75000,-0.63436,2.75542,2.17926
3373.80000,-0.63871,2.76206,2.12228
3373.85000,-0.64290,2.76933,2.06411
3373.90000,-0.64677,2.77708,2.00493
3373.95000,-0.65003,2.78473,1.94303
3374.00000,-0.65253,2.79180,1.87708
3374.05000,-0.65448,2.79861,1.82480
3374.10000,-0.65625,2.80558,1.80677
3374.15000,-0.65801,2.81278,1.81349
3374.20000,-0.65915,2.81709,1.85080
3374.25000,-0.66082,2.82242,1.89646
3374.30000,-0.66312,2.82869,1.94688
3374.35000,-0.66596,2.83535,2.00141
3374.40000,-0.66939,2.84227,2.05848
3374.45000,-0.67339,2.84930,2.11731
3374.50000,-0.67792,2.85628,2.17742
3374.55000,-0.68294,2.86305,2.23868
3374.60000,-0.68843,2.86958,2.30065
3374.65000,-0.69443,2.87589,2.36272
3374.70000,-0.70078,2.88177,2.42551
3374.75000,-0.70744,2.88721,2.48886
3374.80000,-0.71443,2.89220,2.55257
3374.85000,-0.72174,2.89676,2.61635
3374.90000,-0.72939,2.90087,2.68004
3374.95000,-0.73715,2.90442,2.74433
3375.00000,-0.74506,2.90744,2.80898
3375.05000,-0.75320,2.90996,2.87349
3375.10000,-0.76144,2.91194,2.93821
3375.15000,-0.76968,2.91336,3.00338
3375.20000,-0.77778,2.91422,3.06937
3375.25000,-0.78569,2.91453,3.13624
3375.30000,-0.79343,2.91431,-3.07936
3375.35000,-0.80109,2.91357,-3.01158
3375.40000,-0.80871,2.91230,-2.94390
3375.45000,-0.81633,2.91051,-2.87655
3375.50000,-0.82389,2.90818,-2.80953
3375.55000,-0.83141,2.90531,-2.74301
3375.60000,-0.83882,2.90189,-2.67692
3375.65000,-0.84609,2.89794,-2.61127
3375.70000,-0.85316,2.89348,-2.54599
3375.75000,-0.86004,2.88849,-2.48119
3375.80000,-0.86665,2.88299,-2.41679
3375.85000,-0.87299,2.87701,-2.35285
3375.90000,-0.87898,2.87058,-2.28924
3375.95000,-0.88460,2.86373,-2.22588
3376.00000,-0.88979,2.85652,-2.16261
3376.05000,-0.89451,2.84898,-2.09941
3376.10000,-0.89876,2.84144,-2.04943
3376.15000,-0.90231,2.83459,-2.02982
3376.20000,-0.90445,2.83014,-2.03034
3376.25000,-0.90546,2.82800,-2.04367
3376.30000,-0.90542,2.82805,-2.06763
3376.35000,-0.90514,2.82857,-2.09433
3376.40000,-0.90490,2.82905,-2.12122
3376.45000,-0.90477,2.82937,-2.14838
3376.50000,-0.90480,2.82948,-2.17518
3376.55000,-0.90455,2.82985,-2.20268
3376.60000,-0.90440,2.83006,-2.22966
3376.65000,-0.90441,2.83005,-2.25582
3376.70000,-0.90443,2.83003,-2.28234
3376.75000,-0.90444,2.83001,-2.30918
3376.80000,-0.90446,2.83002,-2.32571
3376.85000,-0.90465,2.82992,-2.32288
3376.90000,-0.90489,2.82976,-2.30665
3376.95000,-0.90664,2.82776,-2.27688
3377.00000,-0.91027,2.82331,-2.23484
3377.05000,-0.91455,2.81756,-2.18702
3377.10000,-0.91886,2.81137,-2.14940
3377.15000,-0.92274,2.80552,-2.14066
3377.20000,-0.92530,2.80149,-2.15263
3377.25000,-0.92568,2.80090,-2.18263
3377.30000,-0.92569,2.80088,-2.21703
3377.35000,-0.92571,2.80086,-2.25197
3377.40000,-0.92572,2.80084,-2.28730
3377.45000,-0.92574,2.80082,-2.32301
3377.50000,-0.92576,2.80080,-2.35908
3377.55000,-0.92584,2.80075,-2.38382
3377.60000,-0.92648,2.80022,-2.38364
3377.65000,-0.92862,2.79815,-2.35758
3377.70000,-0.93229,2.79435,-2.32224
3377.75000,-0.93689,2.78922,-2.28078
3377.80000,-0.94164,2.78364,-2.24812
3377.85000,-0.94577,2.77859,-2.24670
3377.90000,-0.94870,2.77499,-2.26976
3377.95000,-0.94940,2.77417,-2.30940
3378.00000,-0.94943,2.77414,-2.35449
3378.05000,-0.94946,2.77411,-2.40025
3378.10000,-0.94950,2.77408,-2.44646
3378.15000,-0.94957,2.77405,-2.48093
3378.20000,-0.95020,2.77354,-2.48822
3378.25000,-0.95140,2.77255,-2.47675
3378.30000,-0.95398,2.77047,-2.45230
3378.35000,-0.95822,2.76686,-2.41889
3378.40000,-0.96391,2.76163,-2.37696
3378.45000,-0.97009,2.75544,-2.33109
3378.50000,-0.97618,2.74900,-2.29287
3378.55000,-0.98149,2.74325,-2.28349
3378.60000,-0.98603,2.73821,-2.30187
3378.65000,-0.98936,2.73460,-2.33565
3378.70000,-0.99080,2.73315,-2.38200
3378.75000,-0.99095,2.73302,-2.43632
3378.80000,-0.99110,2.73289,-2.49101
3378.85000,-0.99130,2.73277,-2.53386
3378.90000,-0.99222,2.73200,-2.54681
3378.95000,-0.99452,2.73029,-2.53067
3379.00000,-0.99876,2.72722,-2.50214
3379.05000,-1.00442,2.72286,-2.46637
3379.10000,-1.01092,2.71744,-2.42557
3379.15000,-1.01787,2.71113,-2.38131
3379.20000,-1.02464,2.70471,-2.34524
3379.25000,-1.03051,2.69910,-2.33911
3379.30000,-1.03587,2.69393,-2.35254
3379.35000,-1.04026,2.68968,-2.38600
3379.40000,-1.04273,2.68744,-2.43170
3379.45000,-1.04329,2.68697,-2.48815
3379.50000,-1.04366,2.68670,-2.54595
3379.55000,-1.04404,2.68646,-2.60365
3379.60000,-1.04447,2.68622,-2.64982
3379.65000,-1.04565,2.68531,-2.66592
3379.70000,-1.04819,2.68357,-2.65355
3379.75000,-1.05317,2.68084,-2.62737
3379.80000,-1.05968,2.67702,-2.59408
3379.85000,-1.06719,2.67224,-2.55564
3379.90000,-1.07523,2.66665,-2.51365
3379.95000,-1.08320,2.66060,-2.47093
3380.00000,-1.09079,2.65462,-2.43599
3380.05000,-1.09763,2.64930,-2.42913
3380.10000,-1.10413,2.64427,-2.43697
3380.15000,-1.11044,2.63942,-2.45344
3380.20000,-1.11654,2.63474,-2.47900
3380.25000,-1.12144,2.63105,-2.51771
3380.30000,-1.12413,2.62919,-2.56839
3380.35000,-1.12501,2.62866,-2.62827
3380.40000,-1.12580,2.62824,-2.68867
3380.45000,-1.12663,2.62787,-2.74881
3380.50000,-1.12746,2.62756,-2.79701
3380.55000,-1.12880,2.62682,-2.81614
3380.60000,-1.13078,2.62556,-2.81387
3380.65000,-1.13552,2.62382,-2.79496
3380.70000,-1.14328,2.62087,-2.76318
3380.75000,-1.15239,2.61705,-2.72527
3380.80000,-1.16231,2.61243,-2.68377
3380.85000,-1.17210,2.60735,-2.64209
3380.90000,-1.18087,2.60266,-2.61512
3380.95000,-1.18897,2.59830,-2.61500
3381.00000,-1.19581,2.59454,-2.63752
3381.05000,-1.20076,2.59193,-2.67769
3381.10000,-1.20232,2.59120,-2.73490
3381.15000,-1.20360,2.59069,-2.79370
3381.20000,-1.20491,2.59025,-2.85222
3381.25000,-1.20633,2.58980,-2.89794
3381.30000,-1.20845,2.58880,-2.91271
3381.35000,-1.21158,2.58766,-2.90342
3381.40000,-1.21775,2.58604,-2.87942
3381.45000,-1.22569,2.58377,-2.84878
3381.50000,-1.23454,2.58086,-2.81163
3381.55000,-1.24462,2.57720,-2.77303
3381.60000,-1.25478,2.57305,-2.73346
3381.65000,-1.26429,2.56902,-2.70427
3381.70000,-1.27360,2.56510,-2.69899
3381.75000,-1.28207,2.56142,-2.71707
3381.80000,-1.28859,2.55864,-2.75042
3381.85000,-1.29270,2.55703,-2.79487
3381.90000,-1.29445,2.55644,-2.84947
3381.95000,-1.29550,2.55616,-2.90683
3382.00000,-1.29649,2.55595,-2.96395
3382.05000,-1.29765,2.55571,-3.00989
3382.10000,-1.29973,2.55505,-3.02874
3382.15000,-1.30304,2.55438,-3.02370
3382.20000,-1.30949,2.55345,-3.00330
3382.25000,-1.31855,2.55205,-2.97286
3382.30000,-1.32900,2.55008,-2.93700
3382.35000,-1.33958,2.54771,-2.90070
3382.40000,-1.35012,2.54492,-2.86438
3382.45000,-1.36005,2.54222,-2.83987
3382.50000,-1.36950,2.53986,-2.83815
3382.55000,-1.37874,2.53769,-2.84623
3382.60000,-1.38781,2.53567,-2.86199
3382.65000,-1.39650,2.53382,-2.88503
3382.70000,-1.40361,2.53221,-2.91567
3382.75000,-1.40827,2.53122,-2.95676
3382.80000,-1.41044,2.53086,-3.00814
3382.85000,-1.41119,2.53078,-3.06512
3382.90000,-1.41195,2.53075,-3.12182
3382.95000,-1.41273,2.53077,3.11219
3383.00000,-1.41368,2.53099,3.07393
3383.05000,-1.41471,2.53131,3.04484
3383.10000,-1.41581,2.53172,3.02470
3383.15000,-1.41700,2.53224,3.01324
3383.20000,-1.41834,2.53292,3.01004
3383.25000,-1.42206,2.53420,3.01991
3383.30000,-1.42728,2.53577,3.03618
3383.35000,-1.43513,2.53684,3.06313
3383.40000,-1.44503,2.53746,3.09799
3383.45000,-1.45503,2.53772,3.13272
3383.50000,-1.46503,2.53764,-3.11641
3383.55000,-1.47502,2.53722,-3.08269
3383.60000,-1.48499,2.53646,-3.04901
3383.65000,-1.49485,2.53563,-3.02072
3383.70000,-1.50457,2.53491,-2.99901
3383.75000,-1.51399,2.53447,-2.98864
3383.80000,-1.52319,2.53423,-2.98907
3383.85000,-1.53232,2.53400,-3.00042
3383.90000,-1.53994,2.53378,-3.02421
3383.95000,-1.54513,2.53359,-3.05821
3384.00000,-1.54791,2.53345,-3.10202
3384.05000,-1.54891,2.53343,3.13027
3384.10000,-1.54979,2.53346,3.07906
3384.15000,-1.55066,2.53354,3.02817
3384.20000,-1.55153,2.53366,2.97760
3384.25000,-1.55242,2.53385,2.93457
3384.30000,-1.55360,2.53436,2.90928
3384.35000,-1.55613,2.53555,2.91014
3384.40000,-1.56162,2.53724,2.92507
3384.45000,-1.57001,2.53906,2.95169
3384.50000,-1.57902,2.54066,2.98526
3384.55000,-1.58809,2.54193,3.01896
3384.60000,-1.59721,2.54290,3.05195
3384.65000,-1.60635,2.54357,3.08552
3384.70000,-1.61537,2.54393,3.10586
3384.75000,-1.62387,2.54406,3.10353
3384.80000,-1.63130,2.54406,3.08258
3384.85000,-1.63546,2.54390,3.04628
3384.90000,-1.63680,2.54391,2.99823
3384.95000,-1.63768,2.54406,2.94800
3385.00000,-1.63856,2.54426,2.90657
3385.05000,-1.63975,2.54480,2.88632
3385.10000,-1.64158,2.54565,2.88672
3385.15000,-1.64453,2.54653,2.89359
3385.20000,-1.64840,2.54750,2.90620
3385.25000,-1.65377,2.54873,2.92722
3385.30000,-1.66095,2.55020,2.95863
3385.35000,-1.66979,2.55169,2.99686
3385.40000,-1.67913,2.55286,3.03825
3385.45000,-1.68762,2.55353,3.08840
3385.50000,-1.69660,2.55377,3.14088
3385.55000,-1.70601,2.55352,-3.08848
3385.60000,-1.71571,2.55274,-3.03380
3385.65000,-1.72559,2.55139,-2.97875
3385.70000,-1.73541,2.54950,-2.92371
3385.75000,-1.74511,2.54707,-2.86913
3385.80000,-1.75466,2.54412,-2.81512
3385.85000,-1.76404,2.54067,-2.76152
3385.90000,-1.77305,2.53678,-2.70753
3385.95000,-1.78132,2.53266,-2.65199
3386.00000,-1.78910,2.52824,-2.59578
3386.05000,-1.79685,2.52323,-2.54054
3386.10000,-1.80399,2.51804,-2.48460
3386.15000,-1.81030,2.51289,-2.42499
3386.20000,-1.81426,2.50921,-2.35499
3386.25000,-1.81668,2.50660,-2.27759
3386.30000,-1.81811,2.50480,-2.19537
3386.35000,-1.81926,2.50304,-2.11278
3386.40000,-1.82029,2.50117,-2.03084
3386.45000,-1.82116,2.49921,-1.94957
3386.50000,-1.82188,2.49716,-1.86896
3386.55000,-1.82244,2.49504,-1.78902
3386.60000,-1.82283,2.49287,-1.70975
3386.65000,-1.82305,2.49066,-1.63115
3386.70000,-1.82310,2.48842,-1.55321
3386.75000,-1.82298,2.48618,-1.47594
3386.80000,-1.82268,2.48395,-1.39934
3386.85000,-1.82220,2.48174,-1.32340
3386.90000,-1.82157,2.47956,-1.24813
3386.95000,-1.82077,2.47745,-1.17354
3387.00000,-1.81982,2.47539,-1.09961
3387.05000,-1.81872,2.47342,-1.02636
3387.10000,-1.81748,2.47154,-0.95379
3387.15000,-1.81612,2.46975,-0.88191
3387.20000,-1.81464,2.46808,-0.81071
3387.25000,-1.81305,2.46652,-0.74022
3387.30000,-1.81137,2.46509,-0.67063
3387.35000,-1.80964,2.46381,-0.60226
3387.40000,-1.80788,2.46269,-0.53539
3387.45000,-1.80611,2.46171,-0.47000
3387.50000,-1.80433,2.46088,-0.40612
3387.55000,-1.80256,2.46018,-0.34375
3387.60000,-1.80080,2.45961,-0.28288
3387.65000,-1.79907,2.45916,-0.22353
3387.70000,-1.79736,2.45883,-0.16571
3387.75000,-1.79569,2.45859,-0.10936
3387.80000,-1.79408,2.45846,-0.05429
3387.85000,-1.79256,2.45842,-0.00036
3387.90000,-1.79111,2.45846,0.05248
3387.95000,-1.78973,2.45860,0.09578
3388.00000,-1.78736,2.45894,0.12891
3388.05000,-1.78288,2.45968,0.15270
3388.10000,-1.77565,2.46099,0.16614
3388.15000,-1.76612,2.46264,0.16734
3388.20000,-1.75626,2.46430,0.16615
3388.25000,-1.74641,2.46595,0.16482
3388.30000,-1.73656,2.46757,0.16286
3388.35000,-1.72673,2.46918,0.16034
3388.40000,-1.71690,2.47077,0.15750
3388.45000,-1.70704,2.47232,0.15406
3388.50000,-1.69718,2.47383,0.15017
3388.55000,-1.68734,2.47530,0.14598
3388.60000,-1.67755,2.47673,0.14138
3388.65000,-1.66777,2.47810,0.13654
3388.70000,-1.65795,2.47943,0.13090
3388.75000,-1.64815,2.48069,0.12483
3388.80000,-1.63838,2.48187,0.11816
3388.85000,-1.62883,2.48293,0.12206
3388.90000,-1.62178,2.48365,0.14435
3388.95000,-1.61903,2.48390,0.18511
3389.00000,-1.61864,2.48398,0.23036
3389.05000,-1.61827,2.48409,0.26547
3389.10000,-1.61550,2.48511,0.28484
3389.15000,-1.61048,2.48679,0.29375
3389.20000,-1.60420,2.48876,0.29685
3389.25000,-1.59589,2.49143,0.29077
3389.30000,-1.58641,2.49424,0.27937
3389.35000,-1.57689,2.49691,0.26750
3389.40000,-1.56730,2.49948,0.25570
3389.45000,-1.55767,2.50192,0.24333
3389.50000,-1.54824,2.50418,0.22963
3389.55000,-1.53883,2.50630,0.21519
3389.60000,-1.52972,2.50819,0.21366
3389.65000,-1.52225,2.50969,0.22770
3389.70000,-1.51923,2.51040,0.25727
3389.75000,-1.51879,2.51052,0.29697
3389.80000,-1.51857,2.51059,0.33718
3389.85000,-1.51835,2.51069,0.36756
3389.90000,-1.51594,2.51178,0.38266
3389.95000,-1.51144,2.51363,0.38719
3390.00000,-1.50580,2.51594,0.38640
3390.05000,-1.49892,2.51873,0.38013
3390.10000,-1.49074,2.52197,0.36777
3390.15000,-1.48144,2.52546,0.35060
3390.20000,-1.47243,2.52866,0.33108
3390.25000,-1.46340,2.53166,0.31097
3390.30000,-1.45434,2.53448,0.29053
3390.35000,-1.44515,2.53712,0.28189
3390.40000,-1.43727,2.53933,0.28532
3390.45000,-1.43304,2.54040,0.30609
3390.50000,-1.43259,2.54049,0.33962
3390.55000,-1.43243,2.54055,0.37357
3390.60000,-1.43228,2.54062,0.40704
3390.65000,-1.43215,2.54068,0.43170
3390.70000,-1.42969,2.54193,0.44185
3390.75000,-1.42366,2.54482,0.43223
3390.80000,-1.41558,2.54847,0.41169
3390.85000,-1.40690,2.55214,0.38851
3390.90000,-1.39815,2.55560,0.36502
3390.95000,-1.38932,2.55886,0.34145
3391.00000,-1.38049,2.56189,0.33017
3391.05000,-1.37298,2.56440,0.32962
3391.10000,-1.36811,2.56602,0.34201
3391.15000,-1.36534,2.56701,0.36566
3391.20000,-1.36400,2.56752,0.39673
3391.25000,-1.36311,2.56789,0.43016
3391.30000,-1.36223,2.56830,0.46339
3391.35000,-1.36122,2.56881,0.47973
3391.40000,-1.35746,2.57086,0.47900
3391.45000,-1.35219,2.57358,0.47029
3391.50000,-1.34574,2.57682,0.45510
3391.55000,-1.33802,2.58052,0.43292
3391.60000,-1.32949,2.58432,0.40653
3391.65000,-1.32094,2.58789,0.39345
3391.70000,-1.31410,2.59069,0.39356
3391.75000,-1.30944,2.59261,0.40515
3391.80000,-1.30794,2.59323,0.43382
3391.85000,-1.30705,2.59365,0.46615
3391.90000,-1.30618,2.59410,0.49820
3391.95000,-1.30531,2.59458,0.52989
3392.00000,-1.30483,2.59484,0.55095
3392.05000,-1.30194,2.59671,0.55185
3392.10000,-1.29685,2.59982,0.54025
3392.15000,-1.29059,2.60351,0.52206
3392.20000,-1.28286,2.60783,0.49591
3392.25000,-1.27463,2.61214,0.46742
3392.30000,-1.26638,2.61619,0.45210
3392.35000,-1.25946,2.61949,0.44757
3392.40000,-1.25498,2.62161,0.45503
3392.45000,-1.25342,2.62228,0.47846
3392.50000,-1.25265,2.62268,0.50620
3392.55000,-1.25209,2.62298,0.53258
3392.60000,-1.25159,2.62327,0.55842
3392.65000,-1.25142,2.62338,0.58212
3392.70000,-1.25128,2.62348,0.59716
3392.75000,-1.24874,2.62526,0.59758
3392.80000,-1.24365,2.62868,0.58289
3392.85000,-1.23653,2.63325,0.55655
3392.90000,-1.22861,2.63801,0.52627
3392.95000,-1.22053,2.64268,0.50432
3393.00000,-1.21497,2.64569,0.49908
3393.05000,-1.21229,2.64708,0.50916
3393.10000,-1.21170,2.64740,0.52998
3393.15000,-1.21157,2.64748,0.54981
3393.20000,-1.21144,2.64756,0.56908
3393.25000,-1.21131,2.64765,0.58782
3393.30000,-1.21118,2.64773,0.60602
3393.35000,-1.20919,2.64942,0.62418
3393.40000,-1.20432,2.65323,0.63092
3393.45000,-1.19935,2.65703,0.62020
3393.50000,-1.19276,2.66165,0.59973
3393.55000,-1.18484,2.66690,0.57075
3393.60000,-1.17731,2.67161,0.55661
3393.65000,-1.17008,2.67614,0.56655
3393.70000,-1.16226,2.68112,0.58233
3393.75000,-1.15446,2.68608,0.59803
3393.80000,-1.14642,2.69166,0.61348
3393.85000,-1.13836,2.69741,0.63075
3393.90000,-1.13026,2.70342,0.64784
3393.95000,-1.12268,2.70926,0.66507
3394.00000,-1.11519,2.71523,0.68194
3394.05000,-1.10780,2.72134,0.69843
3394.10000,-1.10050,2.72757,0.71453
3394.15000,-1.09329,2.73392,0.73029
3394.20000,-1.08607,2.74040,0.74112
3394.25000,-1.07865,2.74711,0.74201
3394.30000,-1.07127,2.75377,0.72084
3394.35000,-1.06402,2.75993,0.68942
3394.40000,-1.05672,2.76584,0.67239
3394.45000,-1.04968,2.77143,0.67777
3394.50000,-1.04203,2.77770,0.69367
3394.55000,-1.03439,2.78416,0.71002
3394.60000,-1.02710,2.79052,0.72633
3394.65000,-1.02000,2.79694,0.74313
3394.70000,-1.01300,2.80348,0.75993
3394.75000,-1.00611,2.81014,0.77671
3394.80000,-0.99921,2.81693,0.78840
3394.85000,-0.99228,2.82380,0.78481
3394.90000,-0.98598,2.82995,0.75782
3394.95000,-0.98014,2.83525,0.71627
3395.00000,-0.97340,2.84085,0.67056
3395.05000,-0.96574,2.84663,0.62279
3395.10000,-0.95748,2.85227,0.57451
3395.15000,-0.94900,2.85746,0.52469
3395.20000,-0.94022,2.86225,0.47426
3395.25000,-0.93126,2.86656,0.42528
3395.30000,-0.92212,2.87042,0.37622
3395.35000,-0.91279,2.87382,0.32766
3395.40000,-0.90330,2.87677,0.27869
3395.45000,-0.89366,2.87927,0.23068
3395.50000,-0.88459,2.88115,0.17928
3395.55000,-0.87523,2.88256,0.12710
3395.60000,-0.86601,2.88350,0.07589
3395.65000,-0.85685,2.88398,0.04292
3395.70000,-0.84784,2.88431,0.02691
3395.75000,-0.83861,2.88446,0.02358
3395.80000,-0.83013,2.88456,0.03429
3395.85000,-0.82342,2.88474,0.05417
3395.90000,-0.81870,2.88497,0.08383
3395.95000,-0.81614,2.88522,0.12346
3396.00000,-0.81573,2.88528,0.17247
3396.05000,-0.81570,2.88528,0.22345
3396.10000,-0.81568,2.88529,0.27430
3396.15000,-0.81568,2.88530,0.31562
3396.20000,-0.81612,2.88494,0.33377
3396.25000,-0.81640,2.88495,0.32865
3396.30000,-0.81423,2.88578,0.30873
3396.35000,-0.81009,2.88705,0.27968
3396.40000,-0.80432,2.88861,0.24173
3396.45000,-0.79692,2.89027,0.19539
3396.50000,-0.78869,2.89168,0.14490
3396.55000,-0.78000,2.89273,0.09580
3396.60000,-0.77130,2.89335,0.04540
3396.65000,-0.76254,2.89353,-0.00413
3396.70000,-0.75382,2.89336,-0.03757
3396.75000,-0.74499,2.89301,-0.05269
3396.80000,-0.73613,2.89265,-0.05830
3396.85000,-0.72720,2.89219,-0.05502
3396.90000,-0.71807,2.89160,-0.04447
3396.95000,-0.70977,2.89142,-0.03028
3397.00000,-0.70436,2.89141,-0.02630
3397.05000,-0.69946,2.89135,-0.04083
3397.10000,-0.69480,2.89108,-0.07756
3397.15000,-0.68903,2.89050,-0.12331
3397.20000,-0.68228,2.88948,-0.17386
3397.25000,-0.67472,2.88794,-0.22709
3397.30000,-0.66674,2.88587,-0.28256
3397.35000,-0.65869,2.88355,-0.33262
3397.40000,-0.65036,2.88090,-0.35733
3397.45000,-0.64174,2.87789,-0.35860
3397.50000,-0.63301,2.87473,-0.34556
3397.55000,-0.62655,2.87258,-0.30530
3397.60000,-0.62322,2.87161,-0.25004
3397.65000,-0.62185,2.87153,-0.19804
3397.70000,-0.62138,2.87210,-0.17605
3397.75000,-0.62115,2.87232,-0.17582
3397.80000,-0.62013,2.87206,-0.19033
3397.85000,-0.61627,2.87116,-0.22014
3397.90000,-0.60994,2.86959,-0.26191
3397.95000,-0.60263,2.86744,-0.30855
3398.00000,-0.59472,2.86470,-0.35863
3398.05000,-0.58662,2.86143,-0.40913
3398.10000,-0.57862,2.85795,-0.45217
3398.15000,-0.57307,2.85529,-0.47888
3398.20000,-0.57019,2.85377,-0.52456
3398.25000,-0.56802,2.85243,-0.58424
3398.30000,-0.56650,2.85135,-0.65466
3398.35000,-0.56582,2.85079,-0.73149
3398.40000,-0.56575,2.85073,-0.81117
3398.45000,-0.56572,2.85069,-0.89065
3398.50000,-0.56569,2.85065,-0.96967
3398.55000,-0.56567,2.85061,-1.04822
3398.60000,-0.56564,2.85057,-1.12630
3398.65000,-0.56562,2.85053,-1.20390
3398.70000,-0.56561,2.85049,-1.28093
3398.75000,-0.56560,2.85044,-1.35730
3398.80000,-0.56559,2.85040,-1.43297
3398.85000,-0.56559,2.85035,-1.50793
3398.90000,-0.56558,2.85030,-1.58216
3398.95000,-0.56559,2.85026,-1.65565
3399.00000,-0.56559,2.85021,-1.72848
3399.05000,-0.56560,2.85017,-1.80069
3399.10000,-0.56561,2.85012,-1.87233
3399.15000,-0.56563,2.85008,-1.94343
3399.20000,-0.56565,2.85004,-2.01403
3399.25000,-0.56567,2.85000,-2.08415
3399.30000,-0.56569,2.84997,-2.15375
3399.35000,-0.56571,2.84993,-2.22267
3399.40000,-0.56574,2.84990,-2.29071
3399.45000,-0.56577,2.84987,-2.35787
3399.50000,-0.56580,2.84984,-2.42412
3399.55000,-0.56583,2.84981,-2.48946
3399.60000,-0.56586,2.84979,-2.55394
3399.65000,-0.56590,2.84977,-2.61766
3399.70000,-0.56594,2.84975,-2.68067
3399.75000,-0.56597,2.84973,-2.74316
3399.80000,-0.56601,2.84972,-2.80528
3399.85000,-0.56605,2.84971,-2.86702
3399.90000,-0.56608,2.84970,-2.92859
3399.95000,-0.56612,2.84969,-2.99005
3400.00000,-0.56615,2.84969,-3.05154
3400.05000,-0.56619,2.84968,-3.11284
3400.10000,-0.56626,2.84969,3.11907
3400.15000,-0.56659,2.84987,3.08745
3400.20000,-0.56836,2.85014,3.07932
3400.25000,-0.57145,2.85042,3.07925
3400.30000,-0.57695,2.85098,3.08995
3400.35000,-0.58608,2.85135,3.11761
3400.40000,-0.59527,2.85142,-3.13312
3400.45000,-0.60446,2.85120,-3.10079
3400.50000,-0.61363,2.85067,-3.06818
3400.55000,-0.62277,2.84985,-3.03534
3400.60000,-0.63188,2.84872,-3.00256
3400.65000,-0.64094,2.84730,-2.96937
3400.70000,-0.64995,2.84558,-2.93629
3400.75000,-0.65890,2.84356,-2.90308
3400.80000,-0.66777,2.84125,-2.86998
3400.85000,-0.67656,2.83864,-2.83676
3400.90000,-0.68526,2.83574,-2.80347
3400.95000,-0.69386,2.83256,-2.77012
3401.00000,-0.70233,2.82909,-2.73651
3401.05000,-0.71069,2.82534,-2.70277
3401.10000,-0.71892,2.82131,-2.66944
3401.15000,-0.72701,2.81701,-2.63612
3401.20000,-0.73496,2.81243,-2.60282
3401.25000,-0.74275,2.80760,-2.56984
3401.30000,-0.75038,2.80251,-2.53666
3401.35000,-0.75786,2.79715,-2.50373
3401.40000,-0.76516,2.79155,-2.47068
3401.45000,-0.77227,2.78572,-2.43798
3401.50000,-0.77918,2.77965,-2.40493
3401.55000,-0.78588,2.77337,-2.37216
3401.60000,-0.79237,2.76688,-2.33909
3401.65000,-0.79864,2.76018,-2.30629
3401.70000,-0.80468,2.75327,-2.27341
3401.75000,-0.81082,2.74578,-2.24252
3401.80000,-0.81692,2.73786,-2.21246
3401.85000,-0.82145,2.73156,-2.17854
3401.90000,-0.82363,2.72829,-2.13444
3401.95000,-0.82450,2.72684,-2.08109
3402.00000,-0.82520,2.72551,-2.02672
3402.05000,-0.82583,2.72413,-1.97250
3402.10000,-0.82640,2.72270,-1.91844
3402.15000,-0.82689,2.72122,-1.86456
3402.20000,-0.82730,2.71970,-1.81089
3402.25000,-0.82764,2.71815,-1.75744
3402.30000,-0.82789,2.71656,-1.70423
3402.35000,-0.82807,2.71495,-1.65129
3402.40000,-0.82815,2.71333,-1.59862
3402.45000,-0.82816,2.71169,-1.54625
3402.50000,-0.82807,2.71005,-1.49419
3402.55000,-0.82791,2.70841,-1.44246
3402.60000,-0.82765,2.70678,-1.39108
3402.65000,-0.82732,2.70517,-1.34006
3402.70000,-0.82690,2.70357,-1.28941
3402.75000,-0.82640,2.70201,-1.23916
3402.80000,-0.82583,2.70047,-1.18932
3402.85000,-0.82519,2.69898,-1.13989
3402.90000,-0.82448,2.69753,-1.09090
3402.95000,-0.82370,2.69612,-1.04236
3403.00000,-0.82287,2.69477,-0.99427
3403.05000,-0.82198,2.69347,-0.94666
3403.10000,-0.82104,2.69222,-0.89954
3403.15000,-0.82005,2.69104,-0.85290
3403.20000,-0.81902,2.68992,-0.80677
3403.25000,-0.81796,2.68886,-0.76115
3403.30000,-0.81686,2.68786,-0.71606
3403.35000,-0.81574,2.68692,-0.67149
3403.40000,-0.81459,2.68605,-0.62747
3403.45000,-0.81343,2.68524,-0.58399
3403.50000,-0.81225,2.68450,-0.54107
3403.55000,-0.81105,2.68382,-0.49871
3403.60000,-0.80985,2.68319,-0.45692
3403.65000,-0.80865,2.68263,-0.41571
3403.70000,-0.80744,2.68213,-0.37507
3403.75000,-0.80624,2.68168,-0.33502
3403.80000,-0.80503,2.68129,-0.29557
3403.85000,-0.80386,2.68096,-0.25669
3403.90000,-0.80275,2.68069,-0.21836
3403.95000,-0.80171,2.68048,-0.18058
3404.00000,-0.80074,2.68032,-0.14335
3404.05000,-0.79984,2.68021,-0.10668
3404.10000,-0.79900,2.68013,-0.07058
3404.15000,-0.79822,2.68009,-0.03503
3404.20000,-0.79750,2.68008,-0.00004
3404.25000,-0.79683,2.68009,0.03440
3404.30000,-0.79399,2.68034,0.06848
3404.35000,-0.78583,2.68106,0.09863
3404.40000,-0.77598,2.68220,0.13112
3404.45000,-0.76609,2.68366,0.16367
3404.50000,-0.75625,2.68545,0.19589
3404.55000,-0.74648,2.68756,0.22784
3404.60000,-0.73677,2.68997,0.25964
3404.65000,-0.72715,2.69269,0.29142
3404.70000,-0.71762,2.69572,0.32338
3404.75000,-0.70819,2.69905,0.35575
3404.80000,-0.69888,2.70268,0.38878
3404.85000,-0.68969,2.70663,0.42280
3404.90000,-0.68066,2.71089,0.45828
3404.95000,-0.67179,2.71521,0.49341
3405.00000,-0.66745,2.71593,0.53140
3405.05000,-0.66708,2.71600,0.57448
3405.10000,-0.66704,2.71603,0.62037
3405.15000,-0.66701,2.71605,0.66773
3405.20000,-0.66697,2.71608,0.71645
3405.25000,-0.66694,2.71611,0.76645
3405.30000,-0.66691,2.71614,0.81766
3405.35000,-0.66689,2.71617,0.86991
3405.40000,-0.66686,2.71620,0.92300
3405.45000,-0.66684,2.71624,0.97676
3405.50000,-0.66681,2.71627,1.03105
3405.55000,-0.66679,2.71631,1.08566
3405.60000,-0.66678,2.71634,1.14024
3405.65000,-0.66676,2.71638,1.19446
3405.70000,-0.66674,2.71642,1.24806
3405.75000,-0.66673,2.71646,1.30104
3405.80000,-0.66672,2.71650,1.35349
3405.85000,-0.66671,2.71655,1.40560
3405.90000,-0.66671,2.71659,1.45746
3405.95000,-0.66670,2.71663,1.50910
3406.00000,-0.66670,2.71667,1.56051
3406.05000,-0.66670,2.71672,1.61163
3406.10000,-0.66671,2.71676,1.66240
3406.15000,-0.66671,2.71681,1.71272
3406.20000,-0.66672,2.71685,1.76249
3406.25000,-0.66678,2.71693,1.80500
3406.30000,-0.66712,2.71731,1.83291
3406.35000,-0.66774,2.71915,1.84992
3406.40000,-0.66914,2.72342,1.85422
3406.45000,-0.67153,2.73144,1.83808
3406.50000,-0.67392,2.74058,1.81561
3406.55000,-0.67611,2.74977,1.79330
3406.60000,-0.67810,2.75901,1.77074
3406.65000,-0.67980,2.76805,1.74319
3406.70000,-0.68130,2.77731,1.71990
3406.75000,-0.68240,2.78559,1.68781
3406.80000,-0.68315,2.79343,1.64458
3406.85000,-0.68355,2.80165,1.59586
3406.90000,-0.68355,2.81025,1.54392
3406.95000,-0.68308,2.81886,1.48991
3407.00000,-0.68215,2.82743,1.43498
3407.05000,-0.68075,2.83590,1.37906
3407.10000,-0.67887,2.84429,1.32266
3407.15000,-0.67644,2.85289,1.26714
3407.20000,-0.67351,2.86138,1.21087
3407.25000,-0.67006,2.86981,1.15479
3407.30000,-0.66590,2.87859,1.10069
3407.35000,-0.66119,2.88728,1.04695
3407.40000,-0.65595,2.89580,0.99329
3407.45000,-0.65027,2.90403,0.93999
3407.50000,-0.64417,2.91193,0.88618
3407.55000,-0.63764,2.91950,0.83214
3407.60000,-0.63071,2.92671,0.77797
3407.65000,-0.62340,2.93353,0.72413
3407.70000,-0.61574,2.93995,0.66988
3407.75000,-0.60774,2.94594,0.61614
3407.80000,-0.59942,2.95150,0.56227
3407.85000,-0.59082,2.95660,0.50827
3407.90000,-0.58196,2.96123,0.45443
3407.95000,-0.57286,2.96537,0.40063
3408.00000,-0.56355,2.96902,0.34698
3408.05000,-0.55407,2.97217,0.29304
3408.10000,-0.54442,2.97479,0.23884
3408.15000,-0.53465,2.97689,0.18464
3408.20000,-0.52477,2.97846,0.13023
3408.25000,-0.51483,2.97949,0.07558
3408.30000,-0.50484,2.97997,0.02094
3408.35000,-0.49484,2.97991,-0.03392
3408.40000,-0.48486,2.97929,-0.08885
3408.45000,-0.47493,2.97813,-0.14396
3408.50000,-0.46508,2.97642,-0.19899
3408.55000,-0.45534,2.97418,-0.25376
3408.60000,-0.44574,2.97140,-0.30876
3408.65000,-0.43630,2.96811,-0.36294
3408.70000,-0.42705,2.96430,-0.41718
3408.75000,-0.41802,2.96001,-0.47140
3408.80000,-0.40924,2.95523,-0.52545
3408.85000,-0.40073,2.94998,-0.57975
3408.90000,-0.39252,2.94428,-0.63378
3408.95000,-0.38635,2.93957,-0.68999
3409.00000,-0.38311,2.93674,-0.75511
3409.05000,-0.38141,2.93504,-0.82763
3409.10000,-0.38073,2.93424,-0.90520
3409.15000,-0.38063,2.93411,-0.98578
3409.20000,-0.38059,2.93405,-1.06607
3409.25000,-0.38056,2.93399,-1.14558
3409.30000,-0.38054,2.93393,-1.22428
3409.35000,-0.38052,2.93387,-1.30217
3409.40000,-0.38050,2.93380,-1.37921
3409.45000,-0.38049,2.93373,-1.45541
3409.50000,-0.38049,2.93366,-1.53073
3409.55000,-0.38049,2.93360,-1.60518
3409.60000,-0.38049,2.93353,-1.67872
3409.65000,-0.38050,2.93346,-1.75136
3409.70000,-0.38052,2.93339,-1.82307
3409.75000,-0.38054,2.93333,-1.89384
3409.80000,-0.38056,2.93326,-1.96367
3409.85000,-0.38059,2.93320,-2.03253
3409.90000,-0.38062,2.93314,-2.10042
3409.95000,-0.38066,2.93308,-2.16733
3410.00000,-0.38070,2.93303,-2.23326
3410.05000,-0.38074,2.93298,-2.29819
3410.10000,-0.38079,2.93293,-2.36212
3410.15000,-0.38084,2.93288,-2.42504
3410.20000,-0.38089,2.93284,-2.48694
3410.25000,-0.38095,2.93280,-2.54782
3410.30000,-0.38100,2.93276,-2.60767
3410.35000,-0.38106,2.93273,-2.66650
3410.40000,-0.38112,2.93270,-2.72429
3410.45000,-0.38119,2.93267,-2.78104
3410.50000,-0.38125,2.93265,-2.83676
3410.55000,-0.38132,2.93263,-2.89143
3410.60000,-0.38138,2.93262,-2.94506
3410.65000,-0.38145,2.93261,-2.99764
3410.70000,-0.38326,2.93231,-3.04930
3410.75000,-0.38976,2.93182,-3.09576
3410.80000,-0.39865,2.93162,-3.14092
3410.85000,-0.40777,2.93174,3.10351
3410.90000,-0.41721,2.93219,3.08771
3410.95000,-0.42712,2.93275,3.08362
3411.00000,-0.43704,2.93334,3.07985
3411.05000,-0.44701,2.93398,3.07694
3411.10000,-0.45699,2.93463,3.07519
3411.15000,-0.46696,2.93530,3.07448
3411.20000,-0.47694,2.93597,3.07508
3411.25000,-0.48692,2.93663,3.07638
3411.30000,-0.49692,2.93728,3.07831
3411.35000,-0.50692,2.93790,3.08140
3411.40000,-0.51695,2.93848,3.08489
3411.45000,-0.52700,2.93903,3.08914
3411.50000,-0.53700,2.93953,3.09599
3411.55000,-0.54714,2.93994,3.10735
3411.60000,-0.55729,2.94022,3.11980
3411.65000,-0.56751,2.94037,3.13495
3411.70000,-0.57770,2.94035,-3.12972
3411.75000,-0.58792,2.94013,-3.10840
3411.80000,-0.59799,2.93968,-3.08378
3411.85000,-0.60786,2.93900,-3.05731
3411.90000,-0.61767,2.93805,-3.02936
3411.95000,-0.62819,2.93669,-2.99621
3412.00000,-0.63811,2.93509,-2.96198
3412.05000,-0.64769,2.93316,-2.92621
3412.10000,-0.65686,2.93099,-2.89023
3412.15000,-0.66559,2.92857,-2.85262
3412.20000,-0.67423,2.92583,-2.81531
3412.25000,-0.68276,2.92276,-2.77799
3412.30000,-0.69118,2.91938,-2.74083
3412.35000,-0.69947,2.91568,-2.70389
3412.40000,-0.70761,2.91169,-2.66671
3412.45000,-0.71560,2.90739,-2.62974
3412.50000,-0.72344,2.90280,-2.59324
3412.55000,-0.73110,2.89792,-2.55636
3412.60000,-0.73859,2.89276,-2.52002
3412.65000,-0.74587,2.88734,-2.48352
3412.70000,-0.75297,2.88165,-2.44721
3412.75000,-0.75985,2.87570,-2.41121
3412.80000,-0.76652,2.86950,-2.37543
3412.85000,-0.77297,2.86307,-2.33979
3412.90000,-0.77920,2.85641,-2.30456
3412.95000,-0.78519,2.84953,-2.26936
3413.00000,-0.79093,2.84244,-2.23434
3413.05000,-0.79642,2.83516,-2.19921
3413.10000,-0.80165,2.82769,-2.16376
3413.15000,-0.80660,2.82005,-2.12818
3413.20000,-0.81149,2.81222,-2.10274
3413.25000,-0.81618,2.80452,-2.09884
3413.30000,-0.82011,2.79782,-2.12159
3413.35000,-0.82360,2.79237,-2.16300
3413.40000,-0.82625,2.78864,-2.22051
3413.45000,-0.82759,2.78698,-2.29251
3413.50000,-0.82823,2.78631,-2.36967
3413.55000,-0.82885,2.78574,-2.43391
3413.60000,-0.82947,2.78523,-2.47858
3413.65000,-0.83037,2.78449,-2.50618
3413.70000,-0.83232,2.78297,-2.50753
3413.75000,-0.83754,2.77905,-2.48812
3413.80000,-0.84467,2.77343,-2.45864
3413.85000,-0.85231,2.76701,-2.42607
3413.90000,-0.85975,2.76032,-2.39366
3413.95000,-0.86697,2.75340,-2.36125
3414.00000,-0.87396,2.74626,-2.32884
3414.05000,-0.88071,2.73888,-2.29610
3414.10000,-0.88722,2.73129,-2.26325
3414.15000,-0.89335,2.72383,-2.24052
3414.20000,-0.89870,2.71708,-2.24361
3414.25000,-0.90295,2.71185,-2.27285
3414.30000,-0.90613,2.70825,-2.32138
3414.35000,-0.90814,2.70621,-2.38601
3414.40000,-0.90954,2.70499,-2.45923
3414.45000,-0.91092,2.70391,-2.52060
3414.50000,-0.91287,2.70234,-2.55094
3414.55000,-0.91572,2.69997,-2.55106
3414.60000,-0.92058,2.69658,-2.53405
3414.65000,-0.92772,2.69146,-2.50552
3414.70000,-0.93599,2.68514,-2.47081
3414.75000,-0.94441,2.67820,-2.43440
3414.80000,-0.95258,2.67097,-2.39791
3414.85000,-0.95998,2.66393,-2.36377
3414.90000,-0.96680,2.65719,-2.34031
3414.95000,-0.97292,2.65108,-2.34182
3415.00000,-0.97873,2.64524,-2.35562
3415.05000,-0.98433,2.63958,-2.38010
3415.10000,-0.98991,2.63422,-2.42213
3415.15000,-0.99438,2.63050,-2.47975
3415.20000,-0.99678,2.62874,-2.54943
3415.25000,-0.99864,2.62759,-2.62169
3415.30000,-1.00051,2.62656,-2.68282
3415.35000,-1.00303,2.62497,-2.71374
3415.40000,-1.00648,2.62268,-2.71195
3415.45000,-1.01241,2.61979,-2.69396
3415.50000,-1.02065,2.61570,-2.66654
3415.55000,-1.03003,2.61068,-2.63357
3415.60000,-1.03940,2.60526,-2.60021
3415.65000,-1.04789,2.60003,-2.56824
3415.70000,-1.05687,2.59402,-2.53549
3415.75000,-1.06508,2.58841,-2.51241
3415.80000,-1.07304,2.58294,-2.51261
3415.85000,-1.07911,2.57877,-2.53943
3415.90000,-1.08205,2.57689,-2.59213
3415.95000,-1.08394,2.57581,-2.65728
3416.00000,-1.08521,2.57519,-2.72540
3416.05000,-1.08655,2.57460,-2.78159
3416.10000,-1.08860,2.57339,-2.80832
3416.15000,-1.09154,2.57170,-2.80970
3416.20000,-1.09781,2.56941,-2.79294
3416.25000,-1.10648,2.56614,-2.76604
3416.30000,-1.11633,2.56207,-2.73384
3416.35000,-1.12545,2.55799,-2.70066
3416.40000,-1.13371,2.55393,-2.66879
3416.45000,-1.14183,2.54962,-2.63668
3416.50000,-1.14995,2.54507,-2.61388
3416.55000,-1.15799,2.54054,-2.61422
3416.60000,-1.16490,2.53673,-2.63914
3416.65000,-1.17049,2.53380,-2.68161
3416.70000,-1.17397,2.53217,-2.73614
3416.75000,-1.17545,2.53159,-2.79966
3416.80000,-1.17681,2.53115,-2.86351
3416.85000,-1.17829,2.53071,-2.91551
3416.90000,-1.18077,2.53003,-2.93056
3416.95000,-1.18514,2.52891,-2.92364
3417.00000,-1.19258,2.52719,-2.90363
3417.05000,-1.20165,2.52486,-2.87697
3417.10000,-1.21163,2.52202,-2.84622
3417.15000,-1.22172,2.51881,-2.81543
3417.20000,-1.23188,2.51519,-2.78394
3417.25000,-1.24192,2.51125,-2.75242
3417.30000,-1.25179,2.50732,-2.73139
3417.35000,-1.26129,2.50371,-2.72839
3417.40000,-1.27062,2.50023,-2.73569
3417.45000,-1.27961,2.49677,-2.76174
3417.50000,-1.28642,2.49418,-2.80100
3417.55000,-1.29067,2.49278,-2.85170
3417.60000,-1.29275,2.49223,-2.91158
3417.65000,-1.29466,2.49184,-2.97198
3417.70000,-1.29662,2.49149,-3.02232
3417.75000,-1.29926,2.49071,-3.04968
3417.80000,-1.30273,2.48996,-3.05205
3417.85000,-1.30830,2.48905,-3.04153
3417.90000,-1.31738,2.48800,-3.01690
3417.95000,-1.32727,2.48662,-2.98891
3418.00000,-1.33740,2.48494,-2.96045
3418.05000,-1.34768,2.48293,-2.93159
3418.10000,-1.35744,2.48071,-2.90434
3418.15000,-1.36708,2.47843,-2.88288
3418.20000,-1.37663,2.47623,-2.86765
3418.25000,-1.38593,2.47424,-2.86136
3418.30000,-1.39512,2.47236,-2.86033
3418.35000,-1.40430,2.47047,-2.86886
3418.40000,-1.41323,2.46853,-2.89535
3418.45000,-1.42008,2.46694,-2.93436
3418.50000,-1.42450,2.46611,-2.98360
3418.55000,-1.42687,2.46580,-3.04111
3418.60000,-1.42903,2.46564,-3.09927
3418.65000,-1.43119,2.46561,3.12615
3418.70000,-1.43333,2.46566,3.07548
3418.75000,-1.43569,2.46598,3.04238
3418.80000,-1.43905,2.46668,3.03567
3418.85000,-1.44605,2.46751,3.04991
3418.90000,-1.45549,2.46827,3.07419
3418.95000,-1.46477,2.46876,3.10229
3419.00000,-1.47408,2.46900,3.12995
3419.05000,-1.48340,2.46898,-3.12602
3419.10000,-1.49271,2.46871,-3.09882
3419.15000,-1.50208,2.46825,-3.07695
3419.20000,-1.51149,2.46773,-3.07062
3419.25000,-1.52084,2.46722,-3.08481
3419.30000,-1.52825,2.46707,-3.12014
3419.35000,-1.53115,2.46708,3.10886
3419.40000,-1.53309,2.46720,3.05010
3419.45000,-1.53501,2.46743,2.99140
3419.50000,-1.53692,2.46773,2.94203
3419.55000,-1.53901,2.46826,2.91274
3419.60000,-1.54158,2.46920,2.90645
3419.65000,-1.54551,2.47034,2.91059
3419.70000,-1.55302,2.47231,2.93029
3419.75000,-1.56195,2.47415,2.95982
3419.80000,-1.57108,2.47568,2.98963
3419.85000,-1.58025,2.47695,3.01919
3419.90000,-1.58947,2.47795,3.04823
3419.95000,-1.59871,2.47868,3.07762
3420.00000,-1.60794,2.47913,3.09512
3420.05000,-1.61697,2.47929,3.09175
3420.10000,-1.62531,2.47938,3.06659
3420.15000,-1.63252,2.47965,3.02581
3420.20000,-1.63773,2.48019,2.97416
3420.25000,-1.64052,2.48074,2.91201
3420.30000,-1.64246,2.48119,2.85704
3420.35000,-1.64441,2.48168,2.81883
3420.40000,-1.64661,2.48247,2.79811
3420.45000,-1.64897,2.48346,2.78936
3420.50000,-1.65142,2.48444,2.78835
3420.55000,-1.65483,2.48570,2.79351
3420.60000,-1.65947,2.48738,2.80455
3420.65000,-1.66558,2.48948,2.82168
3420.70000,-1.67334,2.49197,2.84761
3420.75000,-1.68282,2.49469,2.88085
3420.80000,-1.69252,2.49710,2.91364
3420.85000,-1.70229,2.49920,2.94767
3420.90000,-1.71174,2.50087,2.98708
3420.95000,-1.72020,2.50197,3.03642
3421.00000,-1.72919,2.50269,3.08886
3421.05000,-1.73858,2.50293,-3.14069
3421.10000,-1.74829,2.50266,-3.08607
3421.15000,-1.75818,2.50183,-3.03070
3421.20000,-1.76809,2.50045,-2.97549
3421.25000,-1.77790,2.49853,-2.92023
3421.30000,-1.78759,2.49606,-2.86553
3421.35000,-1.79713,2.49308,-2.81076
3421.40000,-1.80650,2.48957,-2.75598
3421.45000,-1.81565,2.48556,-2.70187
3421.50000,-1.82458,2.48106,-2.64804
3421.55000,-1.83226,2.47665,-2.58918
3421.60000,-1.83705,2.47348,-2.51867
3421.65000,-1.84096,2.47046,-2.44464
3421.70000,-1.84462,2.46715,-2.37100
3421.75000,-1.84794,2.46369,-2.29781
3421.80000,-1.85091,2.46009,-2.22510
3421.85000,-1.85353,2.45641,-2.15288
3421.90000,-1.85579,2.45269,-2.08118
3421.95000,-1.85771,2.44896,-2.01002
3422.00000,-1.85929,2.44526,-1.93941
3422.05000,-1.86056,2.44162,-1.86936
3422.10000,-1.86152,2.43807,-1.79992
3422.15000,-1.86220,2.43463,-1.73116
3422.20000,-1.86262,2.43133,-1.66310
3422.25000,-1.86280,2.42818,-1.59576
3422.30000,-1.86278,2.42520,-1.52914
3422.35000,-1.86257,2.42240,-1.46323
3422.40000,-1.86220,2.41979,-1.39796
3422.45000,-1.86170,2.41737,-1.33330
3422.50000,-1.86108,2.41515,-1.26923
3422.55000,-1.86038,2.41312,-1.20573
3422.60000,-1.85961,2.41127,-1.14278
3422.65000,-1.85879,2.40961,-1.08040
3422.70000,-1.85793,2.40811,-1.01864
3422.75000,-1.85705,2.40677,-0.95752
3422.80000,-1.85616,2.40558,-0.89702
3422.85000,-1.85526,2.40453,-0.83713
3422.90000,-1.85438,2.40360,-0.77784
3422.95000,-1.85351,2.40279,-0.71913
3423.00000,-1.85266,2.40209,-0.66100
3423.05000,-1.85183,2.40148,-0.60333
3423.10000,-1.85102,2.40096,-0.54605
3423.15000,-1.85025,2.40052,-0.48913
3423.20000,-1.84950,2.40015,-0.43256
3423.25000,-1.84878,2.39984,-0.37631
3423.30000,-1.84809,2.39959,-0.32045
3423.35000,-1.84743,2.39939,-0.26502
3423.40000,-1.84680,2.39924,-0.21005
3423.45000,-1.84620,2.39913,-0.15552
3423.50000,-1.84563,2.39905,-0.10143
3423.55000,-1.84509,2.39901,-0.04777
3423.60000,-1.84457,2.39900,0.00547
3423.65000,-1.84407,2.39901,0.04972
3423.70000,-1.84168,2.39929,0.08088
3423.75000,-1.83723,2.39979,0.10105
3423.80000,-1.83110,2.40055,0.11415
3423.85000,-1.82212,2.40166,0.11431
3423.90000,-1.81221,2.40277,0.10958
3423.95000,-1.80232,2.40384,0.10461
3424.00000,-1.79242,2.40485,0.09942
3424.05000,-1.78252,2.40581,0.09378
3424.10000,-1.77268,2.40670,0.08749
3424.15000,-1.76288,2.40751,0.08068
3424.20000,-1.75309,2.40825,0.07348
3424.25000,-1.74330,2.40892,0.06591
3424.30000,-1.73351,2.40952,0.05797
3424.35000,-1.72373,2.41003,0.04969
3424.40000,-1.71396,2.41046,0.04083
3424.45000,-1.70455,2.41081,0.04417
3424.50000,-1.69693,2.41113,0.07093
3424.55000,-1.69274,2.41152,0.11732
3424.60000,-1.69099,2.41176,0.17396
3424.65000,-1.69055,2.41186,0.22512
3424.70000,-1.69017,2.41193,0.25881
3424.75000,-1.68755,2.41284,0.27683
3424.80000,-1.68227,2.41439,0.28164
3424.85000,-1.67587,2.41625,0.28113
3424.90000,-1.66824,2.41845,0.27528
3424.95000,-1.65935,2.42093,0.26372
3425.00000,-1.64993,2.42339,0.24793
3425.05000,-1.64055,2.42569,0.23181
3425.10000,-1.63120,2.42782,0.21540
3425.15000,-1.62180,2.42980,0.19896
3425.20000,-1.61238,2.43162,0.18226
3425.25000,-1.60295,2.43328,0.16527
3425.30000,-1.59351,2.43477,0.14783
3425.35000,-1.58386,2.43605,0.14035
3425.40000,-1.57383,2.43745,0.14931
3425.45000,-1.56599,2.43860,0.17710
3425.50000,-1.56096,2.43959,0.21536
3425.55000,-1.55844,2.44019,0.26370
3425.60000,-1.55794,2.44034,0.31995
3425.65000,-1.55757,2.44047,0.36695
3425.70000,-1.55686,2.44076,0.39516
3425.75000,-1.55288,2.44255,0.40063
3425.80000,-1.54602,2.44547,0.38953
3425.85000,-1.53793,2.44873,0.37218
3425.90000,-1.52907,2.45209,0.35155
3425.95000,-1.52014,2.45526,0.33094
3426.00000,-1.51112,2.45825,0.31041
3426.05000,-1.50206,2.46106,0.28972
3426.10000,-1.49294,2.46367,0.26838
3426.15000,-1.48379,2.46608,0.24667
3426.20000,-1.47442,2.46834,0.23563
3426.25000,-1.46482,2.47061,0.24502
3426.30000,-1.45691,2.47259,0.26944
3426.35000,-1.44953,2.47452,0.29668
3426.40000,-1.44368,2.47614,0.33128
3426.45000,-1.44237,2.47647,0.38297
3426.50000,-1.44198,2.47664,0.43334
3426.55000,-1.44162,2.47682,0.47298
3426.60000,-1.44018,2.47760,0.49036
3426.65000,-1.43527,2.48027,0.48661
3426.70000,-1.42790,2.48409,0.46884
3426.75000,-1.41946,2.48825,0.44610
3426.80000,-1.41090,2.49222,0.42326
3426.85000,-1.40224,2.49601,0.40027
3426.90000,-1.39353,2.49957,0.37678
3426.95000,-1.38475,2.50293,0.35287
3427.00000,-1.37592,2.50604,0.34087
3427.05000,-1.36716,2.50912,0.34710
3427.10000,-1.36034,2.51160,0.36890
3427.15000,-1.35732,2.51252,0.40667
3427.20000,-1.35693,2.51270,0.45136
3427.25000,-1.35658,2.51287,0.49588
3427.30000,-1.35621,2.51311,0.53248
3427.35000,-1.35568,2.51355,0.55781
3427.40000,-1.35497,2.51412,0.57313
3427.45000,-1.35196,2.51616,0.57480
3427.50000,-1.34539,2.52043,0.55597
3427.55000,-1.33736,2.52528,0.52929
3427.60000,-1.32924,2.52987,0.50240
3427.65000,-1.32099,2.53424,0.47531
3427.70000,-1.31265,2.53838,0.44797
3427.75000,-1.30420,2.54228,0.42009
3427.80000,-1.29596,2.54578,0.40687
3427.85000,-1.28902,2.54859,0.41628
3427.90000,-1.28561,2.54996,0.44577
3427.95000,-1.28470,2.55038,0.48650
3428.00000,-1.28393,2.55077,0.52664
3428.05000,-1.28371,2.55090,0.56369
3428.10000,-1.28347,2.55109,0.59421
3428.15000,-1.28285,2.55161,0.60807
3428.20000,-1.27939,2.55410,0.60366
3428.25000,-1.27285,2.55858,0.58293
3428.30000,-1.26510,2.56352,0.55436
3428.35000,-1.25653,2.56867,0.52718
3428.40000,-1.24782,2.57358,0.50011
3428.45000,-1.23967,2.57791,0.48663
3428.50000,-1.23359,2.58106,0.49322
3428.55000,-1.23153,2.58209,0.51794
3428.60000,-1.23138,2.58218,0.55045
3428.65000,-1.23122,2.58228,0.58274
3428.70000,-1.23107,2.58239,0.61462
3428.75000,-1.23085,2.58258,0.63918
3428.80000,-1.23041,2.58303,0.65224
3428.85000,-1.22836,2.58466,0.65275
3428.90000,-1.22269,2.58900,0.63190
3428.95000,-1.21488,2.59457,0.60399
3429.00000,-1.20657,2.60012,0.57455
3429.05000,-1.19866,2.60505,0.54239
3429.10000,-1.19104,2.60952,0.52578
3429.15000,-1.18450,2.61326,0.52453
3429.20000,-1.18132,2.61508,0.53828
3429.25000,-1.18115,2.61518,0.56587
3429.30000,-1.18056,2.61556,0.59544
3429.35000,-1.18043,2.61564,0.62226
3429.40000,-1.18031,2.61574,0.64853
3429.45000,-1.18016,2.61588,0.66487
3429.50000,-1.17829,2.61743,0.66498
3429.55000,-1.17370,2.62102,0.65054
3429.60000,-1.16716,2.62589,0.62698
3429.65000,-1.15908,2.63156,0.59680
3429.70000,-1.15133,2.63668,0.57858
3429.75000,-1.14508,2.64069,0.57231
3429.80000,-1.14164,2.64288,0.57984
3429.85000,-1.14036,2.64365,0.60120
3429.90000,-1.14023,2.64374,0.62483
3429.95000,-1.14013,2.64382,0.64824
3430.00000,-1.14002,2.64390,0.67146
3430.05000,-1.13991,2.64399,0.69450
3430.10000,-1.13987,2.64404,0.70719
3430.15000,-1.13839,2.64533,0.70774
3430.20000,-1.13534,2.64792,0.69823
3430.25000,-1.13041,2.65200,0.67656
3430.30000,-1.12387,2.65709,0.64540
3430.35000,-1.11649,2.66245,0.61019
3430.40000,-1.10903,2.66753,0.58955
3430.45000,-1.10293,2.67154,0.58150
3430.50000,-1.09890,2.67418,0.58535
3430.55000,-1.09712,2.67535,0.60247
3430.60000,-1.09655,2.67574,0.62671
3430.65000,-1.09597,2.67616,0.65106
3430.70000,-1.09540,2.67659,0.67506
3430.75000,-1.09487,2.67703,0.69890
3430.80000,-1.09435,2.67747,0.72252
3430.85000,-1.09384,2.67793,0.74587
3430.90000,-1.09342,2.67834,0.75391
3430.95000,-1.09148,2.68016,0.74967
3431.00000,-1.08858,2.68285,0.73983
3431.05000,-1.08457,2.68644,0.72236
3431.10000,-1.07909,2.69115,0.69542
3431.15000,-1.07216,2.69673,0.66007
3431.20000,-1.06497,2.70219,0.63790
3431.25000,-1.05903,2.70654,0.63009
3431.30000,-1.05533,2.70924,0.63633
3431.35000,-1.05206,2.71165,0.64562
3431.40000,-1.04932,2.71370,0.65894
3431.45000,-1.04735,2.71524,0.67728
3431.50000,-1.04654,2.71590,0.70300
3431.55000,-1.04588,2.71646,0.72985
3431.60000,-1.04522,2.71705,0.75654
3431.65000,-1.04459,2.71766,0.78317
3431.70000,-1.04394,2.71830,0.80972
3431.75000,-1.04357,2.71870,0.82180
3431.80000,-1.04203,2.72035,0.81974
3431.85000,-1.03951,2.72303,0.81083
3431.90000,-1.03606,2.72661,0.79515
3431.95000,-1.03130,2.73135,0.77055
3432.00000,-1.02501,2.73725,0.73627
3432.05000,-1.01818,2.74339,0.70905
3432.10000,-1.01230,2.74839,0.69990
3432.15000,-1.00753,2.75239,0.69846
3432.20000,-1.00386,2.75548,0.70461
3432.25000,-1.00131,2.75767,0.71820
3432.30000,-0.99990,2.75893,0.73913
3432.35000,-0.99925,2.75953,0.76489
3432.40000,-0.99864,2.76012,0.79057
3432.45000,-0.99806,2.76072,0.81594
3432.50000,-0.99749,2.76134,0.84107
3432.55000,-0.99712,2.76180,0.85965
3432.60000,-0.99621,2.76287,0.86217
3432.65000,-0.99433,2.76505,0.85660
3432.70000,-0.99164,2.76813,0.84470
3432.75000,-0.98780,2.77237,0.82449
3432.80000,-0.98254,2.77789,0.79458
3432.85000,-0.97612,2.78420,0.75732
3432.90000,-0.96947,2.79046,0.72755
3432.95000,-0.96331,2.79596,0.71303
3433.00000,-0.95820,2.80035,0.70704
3433.05000,-0.95389,2.80404,0.70720
3433.10000,-0.95040,2.80703,0.71336
3433.15000,-0.94888,2.80833,0.71896
3433.20000,-0.94790,2.80916,0.71059
3433.25000,-0.94703,2.80989,0.69125
3433.30000,-0.94514,2.81141,0.66220
3433.35000,-0.94177,2.81394,0.62391
3433.40000,-0.93693,2.81747,0.59329
3433.45000,-0.93210,2.82074,0.58937
3433.50000,-0.92937,2.82257,0.60002
3433.55000,-0.92852,2.82313,0.62221
3433.60000,-0.92794,2.82356,0.64605
3433.65000,-0.92756,2.82383,0.66150
3433.70000,-0.92761,2.82371,0.65954
3433.75000,-0.92789,2.82341,0.64747
3433.80000,-0.92755,2.82366,0.62581
3433.85000,-0.92521,2.82543,0.60630
3433.90000,-0.92272,2.82712,0.59327
3433.95000,-0.92061,2.82848,0.56736
3434.00000,-0.91683,2.83082,0.52646
3434.05000,-0.91184,2.83367,0.49775
3434.10000,-0.90817,2.83552,0.48012
3434.15000,-0.90487,2.83715,0.44483
3434.20000,-0.90097,2.83901,0.40148
3434.25000,-0.89573,2.84114,0.35169
3434.30000,-0.88969,2.84329,0.31526
3434.35000,-0.88359,2.84537,0.30391
3434.40000,-0.87928,2.84667,0.30763
3434.45000,-0.87711,2.84729,0.32235
3434.50000,-0.87657,2.84743,0.34614
3434.55000,-0.87593,2.84765,0.37067
3434.60000,-0.87532,2.84786,0.39535
3434.65000,-0.87471,2.84809,0.41978
3434.70000,-0.87431,2.84812,0.43069
3434.75000,-0.87418,2.84801,0.42175
3434.80000,-0.87220,2.84893,0.39099
3434.85000,-0.86835,2.85061,0.36765
3434.90000,-0.86526,2.85165,0.35502
3434.95000,-0.86280,2.85253,0.34095
3435.00000,-0.86097,2.85309,0.33583
3435.05000,-0.85970,2.85353,0.32907
3435.10000,-0.85840,2.85407,0.34183
3435.15000,-0.85809,2.85411,0.35271
3435.20000,-0.85781,2.85418,0.34399
3435.25000,-0.85582,2.85487,0.33497
3435.30000,-0.85416,2.85541,0.35089
3435.35000,-0.85357,2.85561,0.37368
3435.40000,-0.85336,2.85571,0.38112
3435.45000,-0.85292,2.85594,0.36475
3435.50000,-0.84997,2.85702,0.33177
3435.55000,-0.84565,2.85856,0.30803
3435.60000,-0.84103,2.86011,0.30551
3435.65000,-0.83776,2.86106,0.31401
3435.70000,-0.83686,2.86129,0.33356
3435.75000,-0.83632,2.86146,0.35772
3435.80000,-0.83637,2.86154,0.37129
3435.85000,-0.83648,2.86163,0.36875
3435.90000,-0.83588,2.86211,0.34818
3435.95000,-0.83226,2.86344,0.31002
3436.00000,-0.82690,2.86501,0.26369
3436.05000,-0.82042,2.86659,0.21290
3436.10000,-0.81332,2.86809,0.17329
3436.15000,-0.80610,2.86928,0.15946
3436.20000,-0.80050,2.87009,0.15871
3436.25000,-0.79721,2.87048,0.17027
3436.30000,-0.79649,2.87055,0.19285
3436.35000,-0.79623,2.87058,0.21710
3436.40000,-0.79567,2.87066,0.24216
3436.45000,-0.79537,2.87068,0.26714
3436.50000,-0.79473,2.87084,0.29212
3436.55000,-0.79408,2.87100,0.30493
3436.60000,-0.79313,2.87133,0.28854
3436.65000,-0.78992,2.87228,0.25745
3436.70000,-0.78416,2.87372,0.22064
3436.75000,-0.77673,2.87523,0.17858
3436.80000,-0.76927,2.87638,0.12885
3436.85000,-0.76162,2.87716,0.08884
3436.90000,-0.75394,2.87769,0.07565
3436.95000,-0.74827,2.87794,0.07585
3437.00000,-0.74519,2.87805,0.08854
3437.05000,-0.74449,2.87807,0.11113
3437.10000,-0.74376,2.87815,0.13698
3437.15000,-0.74309,2.87826,0.15376
3437.20000,-0.74230,2.87853,0.15614
3437.25000,-0.74157,2.87878,0.14472
3437.30000,-0.73952,2.87917,0.10850
3437.35000,-0.73453,2.87964,0.06281
3437.40000,-0.72816,2.87988,0.01167
3437.45000,-0.72082,2.87976,-0.04224
3437.50000,-0.71282,2.87920,-0.09804
3437.55000,-0.70442,2.87813,-0.15528
3437.60000,-0.69600,2.87689,-0.20641
3437.65000,-0.68747,2.87551,-0.24422
3437.70000,-0.67891,2.87372,-0.26305
3437.75000,-0.67262,2.87212,-0.26569
3437.80000,-0.66820,2.87096,-0.25874
3437.85000,-0.66487,2.87020,-0.24608
3437.90000,-0.66213,2.86968,-0.22919
3437.95000,-0.66077,2.86956,-0.20458
3438.00000,-0.66056,2.86952,-0.17843
3438.05000,-0.66035,2.86948,-0.15237
3438.10000,-0.66019,2.86951,-0.13578
3438.15000,-0.66007,2.86956,-0.12723
3438.20000,-0.65985,2.86955,-0.11757
3438.25000,-0.65952,2.86952,-0.12768
3438.30000,-0.65785,2.86926,-0.14582
3438.35000,-0.65630,2.86904,-0.16131
3438.40000,-0.65391,2.86860,-0.18755
3438.45000,-0.64907,2.86759,-0.22407
3438.50000,-0.64265,2.86598,-0.26680
3438.55000,-0.63577,2.86414,-0.30498
3438.60000,-0.62872,2.86210,-0.32870
3438.65000,-0.62150,2.85989,-0.34449
3438.70000,-0.61430,2.85767,-0.35905
3438.75000,-0.60709,2.85545,-0.37230
3438.80000,-0.59989,2.85323,-0.38414
3438.85000,-0.59269,2.85100,-0.39447
3438.90000,-0.58549,2.84878,-0.40325
3438.95000,-0.57829,2.84655,-0.41065
3439.00000,-0.57109,2.84432,-0.41686
3439.05000,-0.56390,2.84209,-0.42148
3439.10000,-0.55713,2.83986,-0.41674
3439.15000,-0.55283,2.83805,-0.39890
3439.20000,-0.54968,2.83677,-0.37546
3439.25000,-0.54770,2.83603,-0.34649
3439.30000,-0.54694,2.83578,-0.31201
3439.35000,-0.54675,2.83572,-0.27501
3439.40000,-0.54656,2.83567,-0.23798
3439.45000,-0.54637,2.83564,-0.21240
3439.50000,-0.54580,2.83551,-0.21316
3439.55000,-0.54261,2.83471,-0.23031
3439.60000,-0.53676,2.83322,-0.26099
3439.65000,-0.52897,2.83098,-0.29674
3439.70000,-0.52066,2.82850,-0.32833
3439.75000,-0.51330,2.82642,-0.35219
3439.80000,-0.50718,2.82406,-0.38192
3439.85000,-0.50074,2.82154,-0.40956
3439.90000,-0.49440,2.81908,-0.43027
3439.95000,-0.48805,2.81659,-0.44115
3440.00000,-0.48165,2.81401,-0.43832
3440.05000,-0.47528,2.81141,-0.43008
3440.10000,-0.47118,2.80965,-0.40369
3440.15000,-0.46980,2.80915,-0.36446
3440.20000,-0.46965,2.80909,-0.32038
3440.25000,-0.46949,2.80905,-0.27621
3440.30000,-0.46933,2.80900,-0.23211
3440.35000,-0.46914,2.80896,-0.19860
3440.40000,-0.46882,2.80889,-0.17701
3440.45000,-0.46839,2.80880,-0.16267
3440.50000,-0.46659,2.80839,-0.16988
3440.55000,-0.46224,2.80752,-0.19006
3440.60000,-0.45567,2.80614,-0.22123
3440.65000,-0.44730,2.80408,-0.25694
3440.70000,-0.43771,2.80137,-0.29369
3440.75000,-0.42819,2.79830,-0.33103
3440.80000,-0.41880,2.79510,-0.36132
3440.85000,-0.40920,2.79165,-0.37578
3440.90000,-0.39938,2.78795,-0.37984
3440.95000,-0.38950,2.78416,-0.37935
3441.00000,-0.38110,2.78091,-0.36785
3441.05000,-0.37538,2.77890,-0.34368
3441.10000,-0.37221,2.77782,-0.30943
3441.15000,-0.37141,2.77757,-0.26507
3441.20000,-0.37122,2.77752,-0.21832
3441.25000,-0.37102,2.77749,-0.17198
3441.30000,-0.37083,2.77746,-0.12615
3441.35000,-0.37079,2.77749,-0.09327
3441.40000,-0.37079,2.77744,-0.08246
3441.45000,-0.36897,2.77717,-0.08468
3441.50000,-0.36456,2.77662,-0.10035
3441.55000,-0.35721,2.77574,-0.13163
3441.60000,-0.34852,2.77442,-0.16938
3441.65000,-0.33964,2.77272,-0.20778
3441.70000,-0.33081,2.77069,-0.24498
3441.75000,-0.32200,2.76847,-0.27639
3441.80000,-0.31296,2.76598,-0.29239
3441.85000,-0.30348,2.76307,-0.28958
3441.90000,-0.29412,2.76032,-0.28004
3441.95000,-0.28540,2.75788,-0.26565
3442.00000,-0.27733,2.75577,-0.24666
3442.05000,-0.26991,2.75399,-0.22333
3442.10000,-0.26308,2.75253,-0.19614
3442.15000,-0.25738,2.75156,-0.16474
3442.20000,-0.25508,2.75134,-0.12174
3442.25000,-0.25491,2.75132,-0.07256
3442.30000,-0.25482,2.75131,-0.03597
3442.35000,-0.25450,2.75123,-0.02280
3442.40000,-0.25181,2.75110,-0.02505
3442.45000,-0.24690,2.75087,-0.03849
3442.50000,-0.23942,2.75045,-0.06507
3442.55000,-0.23040,2.74970,-0.09972
3442.60000,-0.22133,2.74864,-0.13451
3442.65000,-0.21230,2.74726,-0.16893
3442.70000,-0.20324,2.74567,-0.19700
3442.75000,-0.19389,2.74375,-0.20764
3442.80000,-0.18419,2.74150,-0.20328
3442.85000,-0.17455,2.73951,-0.19132
3442.90000,-0.16723,2.73820,-0.16892
3442.95000,-0.16229,2.73743,-0.13623
3443.00000,-0.15966,2.73712,-0.09356
3443.05000,-0.15917,2.73708,-0.04216
3443.10000,-0.15902,2.73707,0.01052
3443.15000,-0.15886,2.73710,0.05519
3443.20000,-0.15873,2.73721,0.08329
3443.25000,-0.15873,2.73734,0.09569
3443.30000,-0.15821,2.73763,0.10195
3443.35000,-0.15679,2.73809,0.10342
3443.40000,-0.15341,2.73870,0.09563
3443.45000,-0.14819,2.73944,0.08067
3443.50000,-0.14128,2.74029,0.05854
3443.55000,-0.13212,2.74071,0.02571
3443.60000,-0.12215,2.74079,-0.00782
3443.65000,-0.11215,2.74055,-0.04113
3443.70000,-0.10217,2.73997,-0.07447
3443.75000,-0.09221,2.73906,-0.10844
3443.80000,-0.08237,2.73807,-0.13661
3443.85000,-0.07353,2.73719,-0.15745
3443.90000,-0.06844,2.73636,-0.16266
3443.95000,-0.06489,2.73581,-0.13797
3444.00000,-0.06281,2.73556,-0.09422
3444.05000,-0.06254,2.73554,-0.04222
3444.10000,-0.06242,2.73554,0.01041
3444.15000,-0.06230,2.73556,0.05440
3444.20000,-0.06229,2.73554,0.08161
3444.25000,-0.06242,2.73546,0.09682
3444.30000,-0.06258,2.73540,0.10357
3444.35000,-0.06220,2.73546,0.10380
3444.40000,-0.06053,2.73565,0.09934
3444.45000,-0.05768,2.73596,0.08926
3444.50000,-0.05367,2.73640,0.07310
3444.55000,-0.04804,2.73704,0.04983
3444.60000,-0.03996,2.73737,0.01320
3444.65000,-0.03000,2.73729,-0.02787
3444.70000,-0.02042,2.73684,-0.06878
3444.75000,-0.01113,2.73599,-0.11376
3444.80000,-0.00209,2.73473,-0.16431
3444.85000,0.00640,2.73308,-0.22003
3444.90000,0.01511,2.73087,-0.27691
3444.95000,0.02398,2.72807,-0.33434
3445.00000,0.03290,2.72468,-0.39208
3445.05000,0.04178,2.72071,-0.44996
3445.10000,0.05055,2.71615,-0.50781
3445.15000,0.05914,2.71104,-0.56561
3445.20000,0.06743,2.70544,-0.62246
3445.25000,0.07538,2.69939,-0.67841
3445.30000,0.08295,2.69331,-0.72679
3445.35000,0.09042,2.68730,-0.75816
3445.40000,0.09748,2.68114,-0.75314
3445.45000,0.10144,2.67758,-0.71525
3445.50000,0.10281,2.67641,-0.66068
3445.55000,0.10292,2.67632,-0.60218
3445.60000,0.10303,2.67627,-0.55580
3445.65000,0.10307,2.67640,-0.54322
3445.70000,0.10424,2.67569,-0.56154
3445.75000,0.10758,2.67348,-0.59296
3445.80000,0.11226,2.67018,-0.63248
3445.85000,0.11831,2.66555,-0.67541
3445.90000,0.12485,2.66004,-0.72194
3445.95000,0.13167,2.65373,-0.77064
3446.00000,0.13860,2.64665,-0.82064
3446.05000,0.14521,2.63952,-0.86287
3446.10000,0.15179,2.63225,-0.87829
3446.15000,0.15801,2.62484,-0.86794
3446.20000,0.16365,2.61830,-0.84321
3446.25000,0.16747,2.61415,-0.80595
3446.30000,0.16919,2.61243,-0.75555
3446.35000,0.16933,2.61230,-0.69607
3446.40000,0.16943,2.61222,-0.63633
3446.45000,0.16955,2.61216,-0.58821
3446.50000,0.16965,2.61211,-0.55633
3446.55000,0.16983,2.61196,-0.52801
3446.60000,0.16997,2.61192,-0.52869
3446.65000,0.17235,2.61044,-0.55170
3446.70000,0.17701,2.60746,-0.58391
3446.75000,0.18322,2.60318,-0.62137
3446.80000,0.19020,2.59796,-0.66335
3446.85000,0.19698,2.59239,-0.71100
3446.90000,0.20438,2.58571,-0.75655
3446.95000,0.21149,2.57869,-0.80191
3447.00000,0.21828,2.57136,-0.84652
3447.05000,0.22471,2.56404,-0.88350
3447.10000,0.23122,2.55660,-0.90011
3447.15000,0.23796,2.54885,-0.89420
3447.20000,0.24430,2.54135,-0.87284
3447.25000,0.24904,2.53588,-0.83775
3447.30000,0.25186,2.53287,-0.78959
3447.35000,0.25256,2.53218,-0.72865
3447.40000,0.25267,2.53209,-0.66429
3447.45000,0.25278,2.53201,-0.60019
3447.50000,0.25290,2.53196,-0.54746
3447.55000,0.25250,2.53249,-0.52228
3447.60000,0.25222,2.53270,-0.52215
3447.65000,0.25441,2.53140,-0.53734
3447.70000,0.25939,2.52831,-0.56914
3447.75000,0.26564,2.52414,-0.60876
3447.80000,0.27255,2.51909,-0.65280
3447.85000,0.27948,2.51354,-0.69779
3447.90000,0.28627,2.50783,-0.73568
3447.95000,0.29329,2.50184,-0.75564
3448.00000,0.30086,2.49524,-0.75256
3448.05000,0.30867,2.48836,-0.74052
3448.10000,0.31659,2.48136,-0.71751
3448.15000,0.32306,2.47589,-0.68055
3448.20000,0.32738,2.47255,-0.63115
3448.25000,0.32925,2.47125,-0.56911
3448.30000,0.32940,2.47116,-0.49899
3448.35000,0.32952,2.47112,-0.43987
3448.40000,0.32912,2.47167,-0.40723
3448.45000,0.32877,2.47188,-0.39949
3448.50000,0.33061,2.47106,-0.40635
3448.55000,0.33566,2.46879,-0.43077
3448.60000,0.34272,2.46540,-0.46654
3448.65000,0.35054,2.46125,-0.50680
3448.70000,0.35832,2.45673,-0.54681
3448.75000,0.36566,2.45204,-0.59091
3448.80000,0.37292,2.44693,-0.63618
3448.85000,0.37954,2.44178,-0.68602
3448.90000,0.38546,2.43667,-0.74217
3448.95000,0.39079,2.43146,-0.80281
3449.00000,0.39613,2.42559,-0.86403
3449.05000,0.40124,2.41921,-0.92603
3449.10000,0.40602,2.41242,-0.98867
3449.15000,0.41038,2.40531,-1.05200
3449.20000,0.41436,2.39783,-1.11228
3449.25000,0.41714,2.39167,-1.17160
3449.30000,0.41848,2.38822,-1.23719
3449.35000,0.41905,2.38638,-1.30989
3449.40000,0.41921,2.38571,-1.38747
3449.45000,0.41923,2.38556,-1.46700
3449.50000,0.41924,2.38541,-1.54616
3449.55000,0.41924,2.38526,-1.62493
3449.60000,0.41922,2.38512,-1.70339
3449.65000,0.41920,2.38497,-1.78166
3449.70000,0.41916,2.38483,-1.85986
3449.75000,0.41912,2.38470,-1.93800
3449.80000,0.41906,2.38457,-2.01603
3449.85000,0.41899,2.38445,-2.09367
3449.90000,0.41892,2.38433,-2.17067
3449.95000,0.41884,2.38422,-2.24695
3450.00000,0.41875,2.38411,-2.32249
3450.05000,0.41865,2.38401,-2.39727
3450.10000,0.41854,2.38392,-2.47129
3450.15000,0.41843,2.38384,-2.54454
3450.20000,0.41831,2.38377,-2.61716
3450.25000,0.41819,2.38370,-2.68943
3450.30000,0.41807,2.38365,-2.76157
3450.35000,0.41794,2.38360,-2.83374
3450.40000,0.41781,2.38357,-2.90599
3450.45000,0.41769,2.38354,-2.97842
3450.50000,0.41756,2.38353,-3.05094
3450.55000,0.41743,2.38352,-3.12303
3450.60000,0.41730,2.38352,3.08897
3450.65000,0.41718,2.38353,3.01870
3450.70000,0.41705,2.38355,2.94934
3450.75000,0.41693,2.38358,2.88092
3450.80000,0.41680,2.38362,2.81335
3450.85000,0.41668,2.38366,2.74617
3450.90000,0.41657,2.38372,2.67900
3450.95000,0.41646,2.38378,2.61145
3451.00000,0.41635,2.38385,2.54333
3451.05000,0.41625,2.38392,2.47457
3451.10000,0.41615,2.38400,2.40520
3451.15000,0.41606,2.38409,2.33610
3451.20000,0.41598,2.38418,2.26788
3451.25000,0.41591,2.38430,2.21157
3451.30000,0.41510,2.38547,2.17460
3451.35000,0.41199,2.39002,2.15392
3451.40000,0.40690,2.39773,2.14999
3451.45000,0.40143,2.40610,2.15029
3451.50000,0.39594,2.41449,2.15078
3451.55000,0.39044,2.42289,2.15130
3451.60000,0.38494,2.43126,2.15277
3451.65000,0.37944,2.43961,2.15516
3451.70000,0.37391,2.44794,2.15830
3451.75000,0.36835,2.45626,2.16189
3451.80000,0.36276,2.46455,2.16617
3451.85000,0.35713,2.47281,2.17066
3451.90000,0.35144,2.48109,2.17593
3451.95000,0.34565,2.48942,2.18127
3452.00000,0.33980,2.49773,2.18698
3452.05000,0.33393,2.50596,2.19324
3452.10000,0.32800,2.51418,2.19992
3452.15000,0.32203,2.52234,2.20700
3452.20000,0.31600,2.53046,2.21461
3452.25000,0.30986,2.53857,2.22280
3452.30000,0.30388,2.54647,2.22403
3452.35000,0.29810,2.55415,2.21522
3452.40000,0.29242,2.56173,2.18978
3452.45000,0.28770,2.56864,2.14684
3452.50000,0.28453,2.57381,2.08901
3452.55000,0.28307,2.57686,2.03264
3452.60000,0.28119,2.58044,2.00396
3452.65000,0.27850,2.58606,2.00133
3452.70000,0.27502,2.59356,2.01605
3452.75000,0.27068,2.60240,2.03863
3452.80000,0.26614,2.61112,2.06734
3452.85000,0.26124,2.61983,2.09869
3452.90000,0.25607,2.62837,2.13197
3452.95000,0.25064,2.63667,2.16859
3453.00000,0.24486,2.64483,2.20548
3453.05000,0.23878,2.65276,2.24292
3453.10000,0.23241,2.66047,2.28020
3453.15000,0.22576,2.66792,2.31880
3453.20000,0.21882,2.67512,2.35694
3453.25000,0.21161,2.68205,2.39522
3453.30000,0.20415,2.68868,2.43431
3453.35000,0.19645,2.69500,2.47484
3453.40000,0.18852,2.70098,2.51756
3453.45000,0.18028,2.70665,2.56105
3453.50000,0.17182,2.71194,2.60551
3453.55000,0.16314,2.71684,2.65066
3453.60000,0.15425,2.72134,2.69730
3453.65000,0.14522,2.72537,2.74638
3453.70000,0.13591,2.72898,2.79717
3453.75000,0.12642,2.73211,2.84812
3453.80000,0.11701,2.73469,2.90113
3453.85000,0.10746,2.73675,2.95602
3453.90000,0.09796,2.73826,3.01286
3453.95000,0.08847,2.73920,3.07098
3454.00000,0.07946,2.73957,3.13177
3454.05000,0.07086,2.73938,-3.08853
3454.10000,0.06275,2.73869,-3.02352
3454.15000,0.05462,2.73746,-2.95849
3454.20000,0.04648,2.73567,-2.89364
3454.25000,0.03840,2.73335,-2.82889
3454.30000,0.03043,2.73048,-2.76433
3454.35000,0.02257,2.72707,-2.70004
3454.40000,0.01487,2.72313,-2.63602
3454.45000,0.00736,2.71865,-2.57228
3454.50000,0.00008,2.71366,-2.50888
3454.55000,-0.00694,2.70816,-2.44578
3454.60000,-0.01366,2.70218,-2.38302
3454.65000,-0.02006,2.69572,-2.32059
3454.70000,-0.02609,2.68882,-2.25845
3454.75000,-0.03176,2.68148,-2.19674
3454.80000,-0.03703,2.67370,-2.13549
3454.85000,-0.04187,2.66551,-2.07471
3454.90000,-0.04627,2.65693,-2.01440
3454.95000,-0.05019,2.64799,-1.95457
3455.00000,-0.05360,2.63877,-1.89499
3455.05000,-0.05628,2.62990,-1.83337
3455.10000,-0.05844,2.62076,-1.77215
3455.15000,-0.06006,2.61138,-1.71144
3455.20000,-0.06112,2.60178,-1.65123
3455.25000,-0.06162,2.59200,-1.59156
3455.30000,-0.06153,2.58206,-1.53244
3455.35000,-0.06086,2.57209,-1.47423
3455.40000,-0.05961,2.56217,-1.41718
3455.45000,-0.05780,2.55233,-1.36130
3455.50000,-0.05559,2.54316,-1.30440
3455.55000,-0.05283,2.53413,-1.24875
3455.60000,-0.04988,2.52605,-1.19097
3455.65000,-0.04616,2.51743,-1.13749
3455.70000,-0.04232,2.50970,-1.08231
3455.75000,-0.03806,2.50217,-1.02840
3455.80000,-0.03338,2.49486,-0.97588
3455.85000,-0.02831,2.48776,-0.92474
3455.90000,-0.02287,2.48091,-0.87494
3455.95000,-0.01708,2.47430,-0.82647
3456.00000,-0.01095,2.46796,-0.77930
3456.05000,-0.00452,2.46189,-0.73339
3456.10000,0.00221,2.45609,-0.68870
3456.15000,0.00922,2.45058,-0.64522
3456.20000,0.01647,2.44535,-0.60289
3456.25000,0.02396,2.44042,-0.56169
3456.30000,0.03167,2.43579,-0.52159
3456.35000,0.03958,2.43144,-0.48255
3456.40000,0.04767,2.42740,-0.44454
3456.45000,0.05593,2.42365,-0.40755
3456.50000,0.06435,2.42019,-0.37154
3456.55000,0.07291,2.41703,-0.33648
3456.60000,0.08159,2.41416,-0.30237
3456.65000,0.09039,2.41157,-0.26916
3456.70000,0.09928,2.40927,-0.23686
3456.75000,0.10827,2.40725,-0.20542
3456.80000,0.11734,2.40551,-0.17485
3456.85000,0.12648,2.40404,-0.14509
3456.90000,0.13567,2.40283,-0.11612
3456.95000,0.14492,2.40188,-0.08790
3457.00000,0.15420,2.40119,-0.06041
3457.05000,0.16352,2.40076,-0.03364
3457.10000,0.17287,2.40056,-0.00757
3457.15000,0.18223,2.40061,0.01782
3457.20000,0.19138,2.40081,0.04271
3457.25000,0.19538,2.40089,0.06778
3457.30000,0.19738,2.40102,0.09071
3457.35000,0.19924,2.40120,0.11253
3457.40000,0.20080,2.40135,0.13473
3457.45000,0.20245,2.40155,0.15586
3457.50000,0.20457,2.40192,0.16485
3457.55000,0.20983,2.40284,0.15791
3457.60000,0.21741,2.40398,0.13854
3457.65000,0.22561,2.40497,0.12607
3457.70000,0.23104,2.40559,0.11802
3457.75000,0.23821,2.40641,0.10000
3457.80000,0.24731,2.40726,0.07573
3457.85000,0.25684,2.40784,0.04704
3457.90000,0.26608,2.40814,0.01718
3457.95000,0.27571,2.40817,-0.01126
3458.00000,0.28571,2.40792,-0.03888
3458.05000,0.29569,2.40739,-0.06691
3458.10000,0.30566,2.40658,-0.09487
3458.15000,0.31560,2.40549,-0.12284
3458.20000,0.32551,2.40413,-0.15107
3458.25000,0.33537,2.40248,-0.17936
3458.30000,0.34518,2.40056,-0.20780
3458.35000,0.35413,2.39854,-0.24367
3458.40000,0.36315,2.39610,-0.28601
3458.45000,0.37162,2.39340,-0.33480
3458.50000,0.37966,2.39035,-0.38829
3458.55000,0.38826,2.38658,-0.44097
3458.60000,0.39669,2.38233,-0.49452
3458.65000,0.40533,2.37739,-0.54512
3458.70000,0.41372,2.37200,-0.59647
3458.75000,0.42185,2.36617,-0.64727
3458.80000,0.42967,2.35994,-0.69792
3458.85000,0.43717,2.35332,-0.74827
3458.90000,0.44432,2.34634,-0.79828
3458.95000,0.45112,2.33901,-0.84752
3459.00000,0.45755,2.33135,-0.89682
3459.05000,0.46360,2.32339,-0.94549
3459.10000,0.46925,2.31514,-0.99432
3459.15000,0.47450,2.30663,-1.04265
3459.20000,0.47933,2.29788,-1.09067
3459.25000,0.48373,2.28890,-1.13811
3459.30000,0.48771,2.27973,-1.18529
3459.35000,0.49125,2.27038,-1.23223
3459.40000,0.49435,2.26087,-1.27917
3459.45000,0.49700,2.25123,-1.32509
3459.50000,0.49921,2.24148,-1.37136
3459.55000,0.50096,2.23163,-1.41762
3459.60000,0.50226,2.22172,-1.46356
3459.65000,0.50310,2.21176,-1.50943
3459.70000,0.50339,2.20381,-1.55639
3459.75000,0.50335,2.19983,-1.61379
3459.80000,0.50322,2.19800,-1.68028
3459.85000,0.50316,2.19756,-1.75255
3459.90000,0.50314,2.19745,-1.82618
3459.95000,0.50311,2.19735,-1.89965
3460.00000,0.50307,2.19725,-1.97291
3460.05000,0.50302,2.19715,-2.04596
3460.10000,0.50296,2.19705,-2.11879
3460.15000,0.50290,2.19696,-2.19142
3460.20000,0.50283,2.19687,-2.26381
3460.25000,0.50276,2.19679,-2.33598
3460.30000,0.50268,2.19671,-2.40792
3460.35000,0.50260,2.19664,-2.47961
3460.40000,0.50251,2.19658,-2.55105
3460.45000,0.50241,2.19652,-2.62209
3460.50000,0.50231,2.19646,-2.69235
3460.55000,0.50221,2.19642,-2.76182
3460.60000,0.50211,2.19638,-2.83046
3460.65000,0.50200,2.19635,-2.89820
3460.70000,0.50189,2.19633,-2.96501
3460.75000,0.50178,2.19631,-3.03085
3460.80000,0.50166,2.19630,-3.09573
3460.85000,0.50155,2.19630,3.12351
3460.90000,0.50143,2.19631,3.06045
3460.95000,0.50131,2.19632,2.99826
3461.00000,0.50120,2.19634,2.93694
3461.05000,0.50109,2.19637,2.87651
3461.10000,0.50098,2.19640,2.81697
3461.15000,0.50087,2.19644,2.75833
3461.20000,0.50076,2.19649,2.70061
3461.25000,0.50066,2.19654,2.64389
3461.30000,0.50055,2.19660,2.58826
3461.35000,0.50045,2.19667,2.53375
3461.40000,0.50036,2.19674,2.48035
3461.45000,0.50026,2.19681,2.42807
3461.50000,0.50017,2.19690,2.37689
3461.55000,0.50009,2.19698,2.32675
3461.60000,0.50000,2.19708,2.27761
3461.65000,0.49865,2.19873,2.22969
3461.70000,0.49482,2.20392,2.18493
3461.75000,0.49019,2.21084,2.13951
3461.80000,0.48562,2.21842,2.09090
3461.85000,0.48147,2.22611,2.04052
3461.90000,0.47746,2.23452,1.99261
3461.95000,0.47358,2.24373,1.94794
3462.00000,0.47010,2.25310,1.90396
3462.05000,0.46703,2.26262,1.86078
3462.10000,0.46466,2.27150,1.83166
3462.15000,0.46240,2.28046,1.82827
3462.20000,0.45984,2.28985,1.84046
3462.25000,0.45710,2.29959,1.85540
3462.30000,0.45421,2.30929,1.86990
3462.35000,0.45120,2.31881,1.88361
3462.40000,0.44806,2.32830,1.89789
3462.45000,0.44478,2.33773,1.91227
3462.50000,0.44136,2.34711,1.92728
3462.55000,0.43769,2.35674,1.94419
3462.60000,0.43380,2.36642,1.96193
3462.65000,0.42974,2.37603,1.97992
3462.70000,0.42550,2.38557,1.99801
3462.75000,0.42110,2.39504,2.01619
3462.80000,0.41651,2.40442,2.03449
3462.85000,0.41211,2.41306,2.05264
3462.90000,0.40762,2.42146,2.07150
3462.95000,0.40297,2.42977,2.09066
3463.00000,0.39816,2.43799,2.10957
3463.05000,0.39319,2.44611,2.12894
3463.10000,0.38808,2.45413,2.14851
3463.15000,0.38281,2.46204,2.16803
3463.20000,0.37738,2.46986,2.18753
3463.25000,0.37181,2.47755,2.20744
3463.30000,0.36609,2.48513,2.22750
3463.35000,0.36021,2.49260,2.24745
3463.40000,0.35419,2.49994,2.26754
3463.45000,0.34803,2.50715,2.28820
3463.50000,0.34186,2.51419,2.29723
3463.55000,0.33707,2.51976,2.27864
3463.60000,0.33491,2.52244,2.23501
3463.65000,0.33424,2.52332,2.18201
3463.70000,0.33419,2.52340,2.12616
3463.75000,0.33413,2.52353,2.08250
3463.80000,0.33292,2.52550,2.06983
3463.85000,0.33018,2.53047,2.07386
3463.90000,0.32598,2.53791,2.09032
3463.95000,0.32120,2.54607,2.11333
3464.00000,0.31624,2.55408,2.13663
3464.05000,0.31110,2.56198,2.15969
3464.10000,0.30577,2.56975,2.18288
3464.15000,0.30018,2.57752,2.20714
3464.20000,0.29448,2.58523,2.21995
3464.25000,0.28946,2.59204,2.20746
3464.30000,0.28582,2.59715,2.17842
3464.35000,0.28469,2.59885,2.15277
3464.40000,0.28318,2.60104,2.15787
3464.45000,0.28054,2.60489,2.18184
3464.50000,0.27666,2.61025,2.21475
3464.55000,0.27178,2.61650,2.25264
3464.60000,0.26596,2.62337,2.29491
3464.65000,0.25937,2.63049,2.34051
3464.70000,0.25224,2.63751,2.38720
3464.75000,0.24480,2.64418,2.43363
3464.80000,0.23706,2.65051,2.47948
3464.85000,0.22903,2.65647,2.52611
3464.90000,0.22074,2.66205,2.57229
3464.95000,0.21219,2.66724,2.61828
3465.00000,0.20342,2.67204,2.66446
3465.05000,0.19444,2.67643,2.70938
3465.10000,0.18527,2.68041,2.75487
3465.15000,0.17593,2.68397,2.80078
3465.20000,0.16643,2.68710,2.84525
3465.25000,0.15681,2.68981,2.88943
3465.30000,0.14707,2.69208,2.93424
3465.35000,0.13725,2.69393,2.97748
3465.40000,0.12739,2.69534,3.02240
3465.45000,0.11749,2.69630,3.06484
3465.50000,0.10897,2.69683,3.08644
3465.55000,0.10206,2.69707,3.08246
3465.60000,0.09581,2.69719,3.05561
3465.65000,0.09171,2.69752,3.00924
3465.70000,0.08993,2.69779,2.95240
3465.75000,0.08954,2.69787,2.90055
3465.80000,0.08917,2.69796,2.85991
3465.85000,0.08876,2.69810,2.82632
3465.90000,0.08816,2.69847,2.80791
3465.95000,0.08752,2.69890,2.79615
3466.00000,0.08683,2.69939,2.78942
3466.05000,0.08601,2.70004,2.79515
3466.10000,0.08408,2.70091,2.81160
3466.15000,0.08033,2.70217,2.83657
3466.20000,0.07453,2.70390,2.86976
3466.25000,0.06654,2.70606,2.91138
3466.30000,0.05697,2.70808,2.95858
3466.35000,0.04710,2.70966,3.00685
3466.40000,0.03716,2.71076,3.05556
3466.45000,0.02719,2.71138,3.10247
3466.50000,0.01805,2.71157,3.13168
3466.55000,0.01011,2.71160,3.13833
3466.60000,0.00256,2.71161,3.13225
3466.65000,-0.00406,2.71162,3.10464
3466.70000,-0.00734,2.71164,3.05624
3466.75000,-0.00796,2.71171,2.99654
3466.80000,-0.00833,2.71177,2.93597
3466.85000,-0.00867,2.71185,2.87595
3466.90000,-0.00901,2.71198,2.82589
3466.95000,-0.00961,2.71240,2.79199
3467.00000,-0.01061,2.71327,2.77756
3467.05000,-0.01186,2.71443,2.77585
3467.10000,-0.01372,2.71601,2.78822
3467.15000,-0.01779,2.71823,2.81210
3467.20000,-0.02398,2.72085,2.84450
3467.25000,-0.03261,2.72349,2.88623
3467.30000,-0.04216,2.72575,2.93145
3467.35000,-0.05198,2.72761,2.97707
3467.40000,-0.06188,2.72902,3.02263
3467.45000,-0.07183,2.72998,3.06839
3467.50000,-0.08037,2.73046,3.09250
3467.55000,-0.08619,2.73077,3.08074
3467.60000,-0.09022,2.73108,3.04412
3467.65000,-0.09230,2.73132,2.99395
3467.70000,-0.09280,2.73141,2.93740
3467.75000,-0.09324,2.73151,2.88113
3467.80000,-0.09364,2.73163,2.82550
3467.85000,-0.09404,2.73180,2.77994
3467.90000,-0.09470,2.73225,2.75043
3467.95000,-0.09580,2.73321,2.74261
3468.00000,-0.09799,2.73476,2.75499
3468.05000,-0.10282,2.73682,2.78141
3468.10000,-0.10985,2.73935,2.81687
3468.15000,-0.11859,2.74209,2.85837
3468.20000,-0.12812,2.74464,2.90226
3468.25000,-0.13789,2.74679,2.94698
3468.30000,-0.14747,2.74845,2.97679
3468.35000,-0.15645,2.74947,2.97866
3468.40000,-0.16249,2.75025,2.95109
3468.45000,-0.16504,2.75079,2.90517
3468.50000,-0.16562,2.75094,2.85095
3468.55000,-0.16606,2.75109,2.79623
3468.60000,-0.16649,2.75126,2.75236
3468.65000,-0.16707,2.75164,2.72597
3468.70000,-0.16800,2.75242,2.71862
3468.75000,-0.16890,2.75317,2.71270
3468.80000,-0.16977,2.75389,2.70823
3468.85000,-0.17060,2.75459,2.70565
3468.90000,-0.17143,2.75528,2.70659
3468.95000,-0.17245,2.75606,2.71666
3469.00000,-0.17504,2.75725,2.73561
3469.05000,-0.17980,2.75923,2.76385
3469.10000,-0.18691,2.76191,2.80183
3469.15000,-0.19600,2.76490,2.84749
3469.20000,-0.20563,2.76757,2.89471
3469.25000,-0.21380,2.76949,2.91945
3469.30000,-0.21947,2.77079,2.90853
3469.35000,-0.22319,2.77173,2.87447
3469.40000,-0.22461,2.77214,2.82903
3469.45000,-0.22509,2.77231,2.77926
3469.50000,-0.22556,2.77250,2.72943
3469.55000,-0.22601,2.77272,2.69041
3469.60000,-0.22647,2.77300,2.67211
3469.65000,-0.22816,2.77398,2.68510
3469.70000,-0.23239,2.77600,2.71070
3469.75000,-0.23879,2.77881,2.74487
3469.80000,-0.24666,2.78193,2.78507
3469.85000,-0.25553,2.78501,2.82877
3469.90000,-0.26506,2.78786,2.87488
3469.95000,-0.27442,2.79022,2.90677
3470.00000,-0.28368,2.79248,2.91865
3470.05000,-0.29226,2.79407,2.90736
3470.10000,-0.29877,2.79557,2.87948
3470.15000,-0.30294,2.79676,2.84099
3470.20000,-0.30461,2.79732,2.79162
3470.25000,-0.30534,2.79760,2.73800
3470.30000,-0.30605,2.79793,2.68438
3470.35000,-0.30674,2.79829,2.63100
3470.40000,-0.30738,2.79866,2.58753
3470.45000,-0.30790,2.79898,2.56441
3470.50000,-0.30945,2.80010,2.57332
3470.55000,-0.31363,2.80271,2.59989
3470.60000,-0.31931,2.80600,2.63596
3470.65000,-0.32647,2.80980,2.67706
3470.70000,-0.33517,2.81394,2.71915
3470.75000,-0.34425,2.81780,2.76227
3470.80000,-0.35276,2.82093,2.79261
3470.85000,-0.36063,2.82335,2.79685
3470.90000,-0.36774,2.82517,2.77803
3470.95000,-0.37207,2.82661,2.73853
3471.00000,-0.37397,2.82746,2.68789
3471.05000,-0.37495,2.82797,2.63306
3471.10000,-0.37589,2.82853,2.57828
3471.15000,-0.37684,2.82917,2.53609
3471.20000,-0.37800,2.83011,2.52620
3471.25000,-0.38004,2.83167,2.54107
3471.30000,-0.38459,2.83474,2.56936
3471.35000,-0.39025,2.83826,2.60647
3471.40000,-0.39682,2.84201,2.65045
3471.45000,-0.40469,2.84602,2.69607
3471.50000,-0.41291,2.84973,2.74599
3471.55000,-0.42159,2.85309,2.79791
3471.60000,-0.43070,2.85607,2.85135
3471.65000,-0.43919,2.85832,2.89256
3471.70000,-0.44680,2.85957,2.90591
3471.75000,-0.45386,2.86022,2.89394
3471.80000,-0.45870,2.86008,2.85539
3471.85000,-0.46050,2.86011,2.80051
3471.90000,-0.46187,2.86064,2.74379
3471.95000,-0.46321,2.86124,2.68725
3472.00000,-0.46452,2.86190,2.64014
3472.05000,-0.46632,2.86313,2.62201
3472.10000,-0.46836,2.86467,2.62839
3472.15000,-0.47155,2.86675,2.65702
3472.20000,-0.47688,2.86949,2.69519
3472.25000,-0.48290,2.87237,2.73995
3472.30000,-0.49044,2.87536,2.78738
3472.35000,-0.49897,2.87828,2.83660
3472.40000,-0.50821,2.88094,2.88742
3472.45000,-0.51771,2.88315,2.94027
3472.50000,-0.52723,2.88483,2.99525
3472.55000,-0.53699,2.88599,3.04808
3472.60000,-0.54684,2.88665,3.09949
3472.65000,-0.55559,2.88679,-3.12705
3472.70000,-0.56271,2.88647,-3.06227
3472.75000,-0.56974,2.88567,-2.99576
3472.80000,-0.57693,2.88437,-2.92900
3472.85000,-0.58413,2.88256,-2.86194
3472.90000,-0.59133,2.88022,-2.79486
3472.95000,-0.59850,2.87736,-2.72797
3473.00000,-0.60553,2.87399,-2.66111
3473.05000,-0.61243,2.87010,-2.59453
3473.10000,-0.61908,2.86573,-2.52797
3473.15000,-0.62549,2.86089,-2.46162
3473.20000,-0.63057,2.85649,-2.39032
3473.25000,-0.63572,2.85131,-2.32105
3473.30000,-0.64036,2.84599,-2.25085
3473.35000,-0.64330,2.84207,-2.17256
3473.40000,-0.64513,2.83918,-2.08855
3473.45000,-0.64641,2.83668,-2.00205
3473.50000,-0.64748,2.83405,-1.91553
3473.55000,-0.64833,2.83133,-1.82926
3473.60000,-0.64893,2.82857,-1.74385
3473.65000,-0.64930,2.82578,-1.65936
3473.70000,-0.64943,2.82298,-1.57583
3473.75000,-0.64933,2.82026,-1.49320
3473.80000,-0.64902,2.81768,-1.41142
3473.85000,-0.64854,2.81528,-1.33047
3473.90000,-0.64790,2.81306,-1.25037
3473.95000,-0.64714,2.81103,-1.17110
3474.00000,-0.64627,2.80918,-1.09266
3474.05000,-0.64533,2.80752,-1.01505
3474.10000,-0.64433,2.80604,-0.93824
3474.15000,-0.64329,2.80473,-0.86224
3474.20000,-0.64223,2.80358,-0.78702
3474.25000,-0.64117,2.80259,-0.71257
3474.30000,-0.64011,2.80174,-0.63888
3474.35000,-0.63907,2.80102,-0.56592
3474.40000,-0.63805,2.80042,-0.49369
3474.45000,-0.63706,2.79994,-0.42215
3474.50000,-0.63611,2.79955,-0.35128
3474.55000,-0.63521,2.79925,-0.28107
3474.60000,-0.63434,2.79903,-0.21149
3474.65000,-0.63352,2.79889,-0.14252
3474.70000,-0.63274,2.79880,-0.07412
3474.75000,-0.63202,2.79877,-0.00629
3474.80000,-0.63133,2.79879,0.06102
3474.85000,-0.63069,2.79885,0.12781
3474.90000,-0.63010,2.79895,0.19411
3474.95000,-0.62951,2.79908,0.25124
3475.00000,-0.62838,2.79943,0.29865
3475.05000,-0.62670,2.79994,0.34029
3475.10000,-0.62437,2.80083,0.36999
3475.15000,-0.61995,2.80263,0.38575
3475.20000,-0.61282,2.80560,0.38492
3475.25000,-0.60380,2.80920,0.37279
3475.30000,-0.59474,2.81269,0.36006
3475.35000,-0.58564,2.81605,0.34663
3475.40000,-0.57650,2.81929,0.33265
3475.45000,-0.56737,2.82237,0.31813
3475.50000,-0.55819,2.82533,0.30294
3475.55000,-0.54898,2.82813,0.28687
3475.60000,-0.53976,2.83076,0.27002
3475.65000,-0.53051,2.83323,0.25253
3475.70000,-0.52125,2.83553,0.23460
3475.75000,-0.51194,2.83767,0.21614
3475.80000,-0.50260,2.83963,0.19748
3475.85000,-0.49323,2.84141,0.17818
3475.90000,-0.48386,2.84300,0.15858
3475.95000,-0.47446,2.84441,0.13847
3476.00000,-0.46505,2.84562,0.11809
3476.05000,-0.45562,2.84664,0.09702
3476.10000,-0.44617,2.84745,0.07584
3476.15000,-0.43673,2.84807,0.05419
3476.20000,-0.42727,2.84848,0.03236
3476.25000,-0.41783,2.84868,0.01038
3476.30000,-0.40838,2.84868,-0.01127
3476.35000,-0.39893,2.84846,-0.03360
3476.40000,-0.38949,2.84804,-0.05635
3476.45000,-0.38007,2.84739,-0.07910
3476.50000,-0.37066,2.84654,-0.10168
3476.55000,-0.36129,2.84547,-0.12425
3476.60000,-0.35195,2.84420,-0.14733
3476.65000,-0.34265,2.84271,-0.17031
3476.70000,-0.33338,2.84100,-0.19347
3476.75000,-0.32416,2.83909,-0.21685
3476.80000,-0.31500,2.83695,-0.24037
3476.85000,-0.30590,2.83461,-0.26451
3476.90000,-0.29688,2.83204,-0.28891
3476.95000,-0.28792,2.82926,-0.31353
3477.00000,-0.27904,2.82625,-0.33836
3477.05000,-0.27026,2.82302,-0.36410
3477.10000,-0.26181,2.81981,-0.37552
3477.15000,-0.25386,2.81685,-0.36585
3477.20000,-0.24613,2.81407,-0.34554
3477.25000,-0.23872,2.81150,-0.31034
3477.30000,-0.23348,2.80994,-0.26330
3477.35000,-0.23092,2.80931,-0.20488
3477.40000,-0.23012,2.80925,-0.14951
3477.45000,-0.22939,2.80926,-0.11358
3477.50000,-0.22767,2.80896,-0.10166
3477.55000,-0.22377,2.80814,-0.10177
3477.60000,-0.21745,2.80724,-0.11286
3477.65000,-0.20862,2.80607,-0.13765
3477.70000,-0.19941,2.80464,-0.16510
3477.75000,-0.19024,2.80296,-0.19251
3477.80000,-0.18112,2.80104,-0.22012
3477.85000,-0.17206,2.79886,-0.24762
3477.90000,-0.16300,2.79641,-0.27563
3477.95000,-0.15444,2.79397,-0.28834
3478.00000,-0.14717,2.79201,-0.27335
3478.05000,-0.14079,2.79038,-0.24097
3478.10000,-0.13600,2.78929,-0.19824
3478.15000,-0.13377,2.78889,-0.14547
3478.20000,-0.13352,2.78886,-0.08541
3478.25000,-0.13334,2.78886,-0.03442
3478.30000,-0.13331,2.78883,-0.00354
3478.35000,-0.13234,2.78885,0.00719
3478.40000,-0.12821,2.78890,0.00261
3478.45000,-0.12158,2.78885,-0.01478
3478.50000,-0.11248,2.78857,-0.04195
3478.55000,-0.10249,2.78801,-0.07010
3478.60000,-0.09253,2.78717,-0.09820
3478.65000,-0.08259,2.78605,-0.12646
3478.70000,-0.07318,2.78470,-0.15726
3478.75000,-0.06410,2.78309,-0.18917
3478.80000,-0.05440,2.78107,-0.22147
3478.85000,-0.04507,2.77883,-0.25276
3478.90000,-0.03622,2.77653,-0.27440
3478.95000,-0.02729,2.77409,-0.27702
3479.00000,-0.02126,2.77268,-0.27010
3479.05000,-0.01697,2.77184,-0.28274
3479.10000,-0.01251,2.77047,-0.31579
3479.15000,-0.00632,2.76831,-0.35498
3479.20000,0.00118,2.76534,-0.39808
3479.25000,0.00921,2.76175,-0.44501
3479.30000,0.01699,2.75778,-0.49636
3479.35000,0.02513,2.75309,-0.54684
3479.40000,0.03351,2.74771,-0.59386
3479.45000,0.04164,2.74193,-0.64023
3479.50000,0.04949,2.73579,-0.68634
3479.55000,0.05627,2.73014,-0.71739
3479.60000,0.06292,2.72452,-0.73093
3479.65000,0.06986,2.71857,-0.72565
3479.70000,0.07459,2.71455,-0.71499
3479.75000,0.07700,2.71245,-0.70766
3479.80000,0.07884,2.71092,-0.69901
3479.85000,0.08024,2.70980,-0.69909
3479.90000,0.08126,2.70897,-0.69627
3479.95000,0.08216,2.70823,-0.69809
3480.00000,0.08290,2.70761,-0.69429
3480.05000,0.08377,2.70685,-0.69097
3480.10000,0.08455,2.70624,-0.68370
3480.15000,0.08562,2.70542,-0.69047
3480.20000,0.08917,2.70240,-0.71559
3480.25000,0.09399,2.69807,-0.75021
3480.30000,0.09970,2.69253,-0.79127
3480.35000,0.10562,2.68652,-0.82710
3480.40000,0.11198,2.68001,-0.83910
3480.45000,0.11875,2.67297,-0.82813
3480.50000,0.12318,2.66807,-0.80957
3480.55000,0.12531,2.66585,-0.79428
3480.60000,0.12704,2.66414,-0.75666
3480.65000,0.12826,2.66303,-0.72073
3480.70000,0.12897,2.66251,-0.71384
3480.75000,0.13109,2.66067,-0.72533
3480.80000,0.13452,2.65756,-0.74673
3480.85000,0.13924,2.65306,-0.77724
3480.90000,0.14513,2.64703,-0.81664
3480.95000,0.15113,2.64038,-0.85826
3481.00000,0.15702,2.63345,-0.88762
3481.05000,0.16288,2.62624,-0.88835
3481.10000,0.16816,2.61981,-0.86613
3481.15000,0.17201,2.61544,-0.82424
3481.20000,0.17417,2.61320,-0.77002
3481.25000,0.17451,2.61289,-0.70537
3481.30000,0.17463,2.61279,-0.63972
3481.35000,0.17474,2.61275,-0.58638
3481.40000,0.17421,2.61332,-0.56329
3481.45000,0.17454,2.61310,-0.56263
3481.50000,0.17753,2.61117,-0.57789
3481.55000,0.18309,2.60742,-0.60890
3481.60000,0.18965,2.60266,-0.64690
3481.65000,0.19667,2.59713,-0.68811
3481.70000,0.20349,2.59129,-0.72878
3481.75000,0.21007,2.58517,-0.76907
3481.80000,0.21642,2.57877,-0.80882
3481.85000,0.22264,2.57223,-0.84127
3481.90000,0.22918,2.56532,-0.85275
3481.95000,0.23570,2.55839,-0.85238
3482.00000,0.24169,2.55191,-0.82438
3482.05000,0.24382,2.54968,-0.76538
3482.10000,0.24416,2.54937,-0.70122
3482.15000,0.24430,2.54926,-0.63613
3482.20000,0.24444,2.54917,-0.57132
3482.25000,0.24460,2.54909,-0.51812
3482.30000,0.24450,2.54929,-0.49203
3482.35000,0.24519,2.54889,-0.49017
3482.40000,0.24866,2.54697,-0.50490
3482.45000,0.25469,2.54351,-0.53464
3482.50000,0.26183,2.53910,-0.57134
3482.55000,0.26931,2.53408,-0.61068
3482.60000,0.27661,2.52875,-0.64927
3482.65000,0.28372,2.52315,-0.68726
3482.70000,0.29061,2.51727,-0.72499
3482.75000,0.29749,2.51114,-0.75267
3482.80000,0.30469,2.50461,-0.75530
3482.85000,0.31152,2.49833,-0.73862
3482.90000,0.31801,2.49248,-0.71006
3482.95000,0.32289,2.48845,-0.66869
3483.00000,0.32547,2.48650,-0.61461
3483.05000,0.32586,2.48623,-0.54942
3483.10000,0.32602,2.48616,-0.49479
3483.15000,0.32610,2.48622,-0.46677
3483.20000,0.32750,2.48549,-0.46572
3483.25000,0.33230,2.48297,-0.48349
3483.30000,0.33913,2.47924,-0.51155
3483.35000,0.34703,2.47463,-0.54537
3483.40000,0.35481,2.46972,-0.58131
3483.45000,0.36246,2.46447,-0.62012
3483.50000,0.36952,2.45920,-0.66468
3483.55000,0.37600,2.45384,-0.71579
3483.60000,0.38268,2.44771,-0.76822
3483.65000,0.38933,2.44092,-0.82197
3483.70000,0.39587,2.43350,-0.87629
3483.75000,0.40205,2.42564,-0.93061
3483.80000,0.40781,2.41747,-0.98353
3483.85000,0.41313,2.40900,-1.03671
3483.90000,0.41798,2.40027,-1.09041
3483.95000,0.42227,2.39142,-1.14535
3484.00000,0.42613,2.38226,-1.19679
3484.05000,0.42929,2.37364,-1.23283
3484.10000,0.43228,2.36499,-1.24089
3484.15000,0.43447,2.35867,-1.21792
3484.20000,0.43565,2.35568,-1.16811
3484.25000,0.43655,2.35358,-1.12271
3484.30000,0.43742,2.35154,-1.09113
3484.35000,0.43810,2.34977,-1.08853
3484.40000,0.43880,2.34802,-1.10094
3484.45000,0.43995,2.34565,-1.12415
3484.50000,0.44202,2.34117,-1.15715
3484.55000,0.44487,2.33429,-1.19995
3484.60000,0.44782,2.32611,-1.24756
3484.65000,0.45059,2.31710,-1.29716
3484.70000,0.45300,2.30757,-1.34861
3484.75000,0.45495,2.29777,-1.40044
3484.80000,0.45618,2.28870,-1.43733
3484.85000,0.45716,2.27991,-1.44415
3484.90000,0.45816,2.27181,-1.42780
3484.95000,0.45869,2.26855,-1.38036
3485.00000,0.45891,2.26753,-1.32224
3485.05000,0.45896,2.26736,-1.26026
3485.10000,0.45904,2.26719,-1.20979
3485.15000,0.45914,2.26703,-1.17113
3485.20000,0.45917,2.26695,-1.13827
3485.25000,0.45899,2.26716,-1.13055
3485.30000,0.45876,2.26746,-1.13576
3485.35000,0.45892,2.26711,-1.14969
3485.40000,0.45978,2.26516,-1.17100
3485.45000,0.46146,2.26105,-1.20128
3485.50000,0.46379,2.25470,-1.24139
3485.55000,0.46644,2.24630,-1.28905
3485.60000,0.46885,2.23712,-1.33901
3485.65000,0.47086,2.22750,-1.39085
3485.70000,0.47240,2.21762,-1.44232
3485.75000,0.47343,2.20767,-1.49285
3485.80000,0.47385,2.19962,-1.54696
3485.85000,0.47383,2.19477,-1.61023
3485.90000,0.47365,2.19222,-1.68179
3485.95000,0.47350,2.19117,-1.75840
3486.00000,0.47346,2.19100,-1.83735
3486.05000,0.47342,2.19086,-1.91504
3486.10000,0.47337,2.19073,-1.99120
3486.15000,0.47330,2.19060,-2.06586
3486.20000,0.47323,2.19047,-2.13946
3486.25000,0.47315,2.19035,-2.21233
3486.30000,0.47306,2.19024,-2.28444
3486.35000,0.47296,2.19014,-2.35578
3486.40000,0.47285,2.19004,-2.42633
3486.45000,0.47274,2.18995,-2.49608
3486.50000,0.47262,2.18986,-2.56502
3486.55000,0.47250,2.18979,-2.63313
3486.60000,0.47237,2.18972,-2.70040
3486.65000,0.47224,2.18967,-2.76682
3486.70000,0.47210,2.18962,-2.83239
3486.75000,0.47196,2.18958,-2.89708
3486.80000,0.47182,2.18955,-2.96089
3486.85000,0.47168,2.18953,-3.02381
3486.90000,0.47154,2.18952,-3.08583
3486.95000,0.47139,2.18951,3.13623
3487.00000,0.47125,2.18952,3.07603
3487.05000,0.47111,2.18953,3.01687
3487.10000,0.47096,2.18955,2.95922
3487.15000,0.47082,2.18958,2.90309
3487.20000,0.47068,2.18962,2.84845
3487.25000,0.47054,2.18967,2.79490
3487.30000,0.47041,2.18972,2.74229
3487.35000,0.47028,2.18978,2.69062
3487.40000,0.47015,2.18985,2.63992
3487.45000,0.47002,2.18992,2.59016
3487.50000,0.46990,2.19000,2.54137
3487.55000,0.46839,2.19122,2.49312
3487.60000,0.46382,2.19488,2.44641
3487.65000,0.45740,2.20049,2.40175
3487.70000,0.45107,2.20658,2.35306
3487.75000,0.44486,2.21316,2.30530
3487.80000,0.43853,2.22053,2.26124
3487.85000,0.43270,2.22792,2.21704
3487.90000,0.42753,2.23513,2.17168
3487.95000,0.42238,2.24301,2.12952
3488.00000,0.41725,2.25159,2.09093
3488.05000,0.41244,2.26035,2.05353
3488.10000,0.40796,2.26929,2.01730
3488.15000,0.40380,2.27838,1.98225
3488.20000,0.39996,2.28761,1.94843
3488.25000,0.39642,2.29697,1.91585
3488.30000,0.39350,2.30560,1.89772
3488.35000,0.39152,2.31194,1.88964
3488.40000,0.39011,2.31641,1.88069
3488.45000,0.38760,2.32419,1.88398
3488.50000,0.38448,2.33365,1.89520
3488.55000,0.38124,2.34311,1.90665
3488.60000,0.37789,2.35253,1.91843
3488.65000,0.37443,2.36190,1.93039
3488.70000,0.37086,2.37122,1.94280
3488.75000,0.36717,2.38051,1.95567
3488.80000,0.36336,2.38973,1.96864
3488.85000,0.35940,2.39899,1.98248
3488.90000,0.35534,2.40812,1.99616
3488.95000,0.35112,2.41728,2.01075
3489.00000,0.34678,2.42632,2.02536
3489.05000,0.34232,2.43528,2.03997
3489.10000,0.33764,2.44435,2.05599
3489.15000,0.33276,2.45348,2.07281
3489.20000,0.32770,2.46256,2.08978
3489.25000,0.32251,2.47149,2.10638
3489.30000,0.31715,2.48038,2.12366
3489.35000,0.31162,2.48919,2.14094
3489.40000,0.30591,2.49793,2.15863
3489.45000,0.30007,2.50654,2.17620
3489.50000,0.29407,2.51507,2.19418
3489.55000,0.28791,2.52348,2.21224
3489.60000,0.28161,2.53177,2.23023
3489.65000,0.27594,2.53909,2.23487
3489.70000,0.27058,2.54602,2.22661
3489.75000,0.26483,2.55359,2.21233
3489.80000,0.25913,2.56134,2.19741
3489.85000,0.25355,2.56919,2.18260
3489.90000,0.24808,2.57712,2.16788
3489.95000,0.24271,2.58514,2.15311
3490.00000,0.23747,2.59323,2.13837
3490.05000,0.23234,2.60140,2.12363
3490.10000,0.22732,2.60957,2.11928
3490.15000,0.22269,2.61716,2.13755
3490.20000,0.21848,2.62352,2.17361
3490.25000,0.21363,2.63027,2.21497
3490.30000,0.20766,2.63788,2.25781
3490.35000,0.20116,2.64546,2.30210
3490.40000,0.19448,2.65258,2.34657
3490.45000,0.18732,2.65956,2.39057
3490.50000,0.17987,2.66622,2.43399
3490.55000,0.17213,2.67256,2.47715
3490.60000,0.16413,2.67855,2.52018
3490.65000,0.15588,2.68420,2.56277
3490.70000,0.14739,2.68949,2.60478
3490.75000,0.13871,2.69441,2.64781
3490.80000,0.12981,2.69896,2.68998
3490.85000,0.12072,2.70313,2.73227
3490.90000,0.11151,2.70692,2.77362
3490.95000,0.10215,2.71031,2.81556
3491.00000,0.09266,2.71330,2.85736
3491.05000,0.08304,2.71591,2.89891
3491.10000,0.07350,2.71806,2.94060
3491.15000,0.06382,2.71982,2.98223
3491.20000,0.05384,2.72122,3.02374
3491.25000,0.04367,2.72223,3.06577
3491.30000,0.03362,2.72279,3.10728
3491.35000,0.02411,2.72294,3.13905
3491.40000,0.01532,2.72293,-3.13474
3491.45000,0.00808,2.72293,3.12667
3491.50000,0.00424,2.72295,3.08680
3491.55000,0.00321,2.72296,3.03468
3491.60000,0.00288,2.72300,2.97945
3491.65000,0.00255,2.72307,2.92432
3491.70000,0.00218,2.72320,2.87930
3491.75000,0.00155,2.72365,2.85511
3491.80000,0.00095,2.72410,2.84319
3491.85000,0.00037,2.72454,2.84234
3491.90000,-0.00351,2.72603,2.86063
3491.95000,-0.00989,2.72814,2.89423
3492.00000,-0.01793,2.73008,2.93512
3492.05000,-0.02771,2.73194,2.97640
3492.10000,-0.03754,2.73340,3.01802
3492.15000,-0.04751,2.73443,3.05940
3492.20000,-0.05752,2.73498,3.09137
3492.25000,-0.06700,2.73506,3.10458
3492.30000,-0.07641,2.73505,3.10923
3492.35000,-0.08582,2.73502,3.10556
3492.40000,-0.09463,2.73482,3.08654
3492.45000,-0.09986,2.73466,3.04651
3492.50000,-0.10148,2.73470,2.99125
3492.55000,-0.10224,2.73483,2.93222
3492.60000,-0.10299,2.73502,2.87337
3492.65000,-0.10374,2.73524,2.81479
3492.70000,-0.10448,2.73552,2.76494
3492.75000,-0.10560,2.73624,2.74024
3492.80000,-0.10804,2.73765,2.74711
3492.85000,-0.11402,2.74007,2.77052
3492.90000,-0.12207,2.74306,2.80242
3492.95000,-0.13173,2.74626,2.84004
3493.00000,-0.14230,2.74931,2.88104
3493.05000,-0.15300,2.75194,2.92198
3493.10000,-0.16380,2.75412,2.96299
3493.15000,-0.17370,2.75540,2.99311
3493.20000,-0.18268,2.75575,3.00025
3493.25000,-0.19124,2.75564,2.98969
3493.30000,-0.19808,2.75505,2.95524
3493.35000,-0.20184,2.75474,2.90674
3493.40000,-0.20346,2.75502,2.84919
3493.45000,-0.20479,2.75546,2.79047
3493.50000,-0.20609,2.75598,2.73205
3493.55000,-0.20738,2.75658,2.68335
3493.60000,-0.20883,2.75735,2.64647
3493.65000,-0.21038,2.75826,2.62000
3493.70000,-0.21202,2.75929,2.60383
3493.75000,-0.21380,2.76048,2.59741
3493.80000,-0.21588,2.76194,2.60096
3493.85000,-0.22010,2.76447,2.62025
3493.90000,-0.22640,2.76799,2.64842
3493.95000,-0.23478,2.77230,2.68546
3494.00000,-0.24384,2.77653,2.72455
3494.05000,-0.25306,2.78040,2.76313
3494.10000,-0.26242,2.78392,2.80216
3494.15000,-0.27192,2.78706,2.84097
3494.20000,-0.28123,2.78973,2.86470
3494.25000,-0.28946,2.79162,2.86031
3494.30000,-0.29423,2.79299,2.82564
3494.35000,-0.29641,2.79375,2.77592
3494.40000,-0.29815,2.79447,2.72433
3494.45000,-0.29986,2.79528,2.67298
3494.50000,-0.30151,2.79613,2.63237
3494.55000,-0.30315,2.79701,2.60427
3494.60000,-0.30490,2.79801,2.58540
3494.65000,-0.30670,2.79909,2.57602
3494.70000,-0.30847,2.80017,2.57689
3494.75000,-0.31059,2.80150,2.58767
3494.80000,-0.31411,2.80365,2.60588
3494.85000,-0.31965,2.80685,2.63301
3494.90000,-0.32754,2.81107,2.67054
3494.95000,-0.33654,2.81543,2.71216
3495.00000,-0.34570,2.81941,2.75348
3495.05000,-0.35455,2.82274,2.77982
3495.10000,-0.36276,2.82552,2.77783
3495.15000,-0.36725,2.82727,2.74543
3495.20000,-0.36937,2.82821,2.70116
3495.25000,-0.37136,2.82921,2.65653
3495.30000,-0.37333,2.83030,2.61222
3495.35000,-0.37523,2.83143,2.57749
3495.40000,-0.37715,2.83260,2.55464
3495.45000,-0.37929,2.83405,2.55015
3495.50000,-0.38148,2.83556,2.55607
3495.55000,-0.38390,2.83724,2.57345
3495.60000,-0.38783,2.83968,2.60213
3495.65000,-0.39428,2.84340,2.63991
3495.70000,-0.40209,2.84746,2.68634
3495.75000,-0.40965,2.85092,2.73951
3495.80000,-0.41806,2.85424,2.79364
3495.85000,-0.42698,2.85720,2.84851
3495.90000,-0.43622,2.85971,2.90397
3495.95000,-0.44422,2.86148,2.93646
3496.00000,-0.45063,2.86267,2.96065
3496.05000,-0.45543,2.86327,2.98542
3496.10000,-0.45917,2.86318,2.98295
3496.15000,-0.46216,2.86322,2.95362
3496.20000,-0.46491,2.86381,2.91097
3496.25000,-0.46759,2.86450,2.86770
3496.30000,-0.47025,2.86532,2.82424
3496.35000,-0.47278,2.86618,2.78678
3496.40000,-0.47577,2.86756,2.77367
3496.45000,-0.47948,2.86930,2.79241
3496.50000,-0.48354,2.87069,2.83248
3496.55000,-0.48902,2.87230,2.87807
3496.60000,-0.49556,2.87388,2.92854
3496.65000,-0.50275,2.87523,2.98296
3496.70000,-0.51058,2.87626,3.03955
3496.75000,-0.51835,2.87678,3.08547
3496.80000,-0.52530,2.87681,3.10542
3496.85000,-0.53149,2.87684,3.10148
3496.90000,-0.53711,2.87701,3.07489
3496.95000,-0.54124,2.87737,3.03193
3497.00000,-0.54543,2.87794,2.98343
3497.05000,-0.55077,2.87895,2.93025
3497.10000,-0.55712,2.88048,2.87469
3497.15000,-0.56343,2.88239,2.81503
3497.20000,-0.57031,2.88467,2.76320
3497.25000,-0.57742,2.88724,2.73269
3497.30000,-0.58502,2.89038,2.73312
3497.35000,-0.59234,2.89340,2.75922
3497.40000,-0.59730,2.89523,2.80574
3497.45000,-0.60139,2.89652,2.86460
3497.50000,-0.60601,2.89768,2.92815
3497.55000,-0.61115,2.89861,2.99458
3497.60000,-0.61681,2.89925,3.06247
3497.65000,-0.62276,2.89952,3.13166
3497.70000,-0.62868,2.89937,-3.08061
3497.75000,-0.63463,2.89879,-3.00879
3497.80000,-0.64068,2.89775,-2.93675
3497.85000,-0.64677,2.89626,-2.86463
3497.90000,-0.65286,2.89429,-2.79261
3497.95000,-0.65838,2.89204,-2.71869
3498.00000,-0.66317,2.88967,-2.64222
3498.05000,-0.66756,2.88704,-2.56474
3498.10000,-0.67165,2.88415,-2.48668
3498.15000,-0.67547,2.88122,-2.42143
3498.20000,-0.67910,2.87843,-2.37287
3498.25000,-0.68250,2.87584,-2.33551
3498.30000,-0.68522,2.87384,-2.32713
3498.35000,-0.68791,2.87143,-2.34420
3498.40000,-0.69214,2.86721,-2.37316
3498.45000,-0.69784,2.86189,-2.41359
3498.50000,-0.70401,2.85667,-2.46150
3498.55000,-0.71075,2.85152,-2.51286
3498.60000,-0.71865,2.84608,-2.56389
3498.65000,-0.72692,2.84100,-2.61718
3498.70000,-0.73413,2.83701,-2.64845
3498.75000,-0.74008,2.83387,-2.64700
3498.80000,-0.74493,2.83120,-2.62057
3498.85000,-0.74872,2.82892,-2.57547
3498.90000,-0.75226,2.82652,-2.51948
3498.95000,-0.75644,2.82333,-2.45988
3499.00000,-0.76053,2.81978,-2.39565
3499.05000,-0.76463,2.81574,-2.32908
3499.10000,-0.76911,2.81067,-2.26367
3499.15000,-0.77296,2.80571,-2.19470
3499.20000,-0.77696,2.79972,-2.12786
3499.25000,-0.78065,2.79364,-2.07303
3499.30000,-0.78352,2.78827,-2.04991
3499.35000,-0.78565,2.78374,-2.06078
3499.40000,-0.78868,2.77825,-2.08927
3499.45000,-0.79263,2.77160,-2.12520
3499.50000,-0.79699,2.76489,-2.16898
3499.55000,-0.80214,2.75768,-2.21085
3499.60000,-0.80724,2.75113,-2.25602
3499.65000,-0.81260,2.74487,-2.30132
3499.70000,-0.81823,2.73887,-2.34644
3499.75000,-0.82401,2.73299,-2.38409
3499.80000,-0.83028,2.72684,-2.39042
3499.85000,-0.83538,2.72197,-2.36616
3499.90000,-0.83875,2.71853,-2.32180
3499.95000,-0.84233,2.71448,-2.26986
3500.00000,-0.84626,2.70953,-2.21410
3500.05000,-0.85016,2.70427,-2.16771
3500.10000,-0.85368,2.69930,-2.14977
3500.15000,-0.85694,2.69455,-2.15012
3500.20000,-0.85989,2.69005,-2.17217
3500.25000,-0.86347,2.68506,-2.21286
3500.30000,-0.86763,2.67975,-2.25809
3500.35000,-0.87190,2.67478,-2.30332
3500.40000,-0.87627,2.67014,-2.34845
3500.45000,-0.88070,2.66585,-2.39343
3500.50000,-0.88518,2.66189,-2.43808
3500.55000,-0.88992,2.65795,-2.46630
3500.60000,-0.89472,2.65411,-2.46288
3500.65000,-0.89885,2.65074,-2.43477
3500.70000,-0.90284,2.64726,-2.39505
3500.75000,-0.90711,2.64320,-2.34696
3500.80000,-0.91158,2.63865,-2.30266
3500.85000,-0.91593,2.63414,-2.28322
3500.90000,-0.91989,2.62994,-2.29101
3500.95000,-0.92301,2.62656,-2.32690
3501.00000,-0.92586,2.62368,-2.37124
3501.05000,-0.92868,2.62107,-2.41572
3501.10000,-0.93121,2.61893,-2.46110
3501.15000,-0.93377,2.61695,-2.50594
3501.20000,-0.93618,2.61526,-2.55095
3501.25000,-0.93884,2.61341,-2.58001
3501.30000,-0.94217,2.61111,-2.57958
3501.35000,-0.94609,2.60852,-2.55647
3501.40000,-0.95172,2.60465,-2.52088
3501.45000,-0.95842,2.59967,-2.48015
3501.50000,-0.96575,2.59372,-2.43582
3501.55000,-0.97262,2.58787,-2.40075
3501.60000,-0.97952,2.58193,-2.38649
3501.65000,-0.98610,2.57626,-2.39118
3501.70000,-0.99190,2.57109,-2.41016
3501.75000,-0.99575,2.56774,-2.44157
3501.80000,-0.99774,2.56612,-2.48302
3501.85000,-0.99944,2.56486,-2.52612
3501.90000,-1.00108,2.56376,-2.56919
3501.95000,-1.00266,2.56278,-2.61219
3502.00000,-1.00451,2.56166,-2.64102
3502.05000,-1.00718,2.55983,-2.64380
3502.10000,-1.01091,2.55738,-2.62637
3502.15000,-1.01678,2.55394,-2.59715
3502.20000,-1.02388,2.54947,-2.56179
3502.25000,-1.03175,2.54410,-2.52216
3502.30000,-1.04017,2.53807,-2.48752
3502.35000,-1.04826,2.53232,-2.46967
3502.40000,-1.05586,2.52700,-2.47283
3502.45000,-1.06296,2.52187,-2.48503
3502.50000,-1.06831,2.51783,-2.50744
3502.55000,-1.07139,2.51563,-2.54202
3502.60000,-1.07240,2.51496,-2.58725
3502.65000,-1.07309,2.51456,-2.63425
3502.70000,-1.07375,2.51421,-2.68138
3502.75000,-1.07438,2.51391,-2.72854
3502.80000,-1.07523,2.51346,-2.76311
3502.85000,-1.07706,2.51224,-2.76758
3502.90000,-1.08102,2.51045,-2.75251
3502.95000,-1.08745,2.50771,-2.72685
3503.00000,-1.09536,2.50407,-2.69461
3503.05000,-1.10414,2.49967,-2.65830
3503.10000,-1.11291,2.49486,-2.62149
3503.15000,-1.12146,2.49000,-2.59130
3503.20000,-1.12963,2.48548,-2.57880
3503.25000,-1.13743,2.48121,-2.58916
3503.30000,-1.14374,2.47746,-2.61440
3503.35000,-1.14780,2.47519,-2.65222
3503.40000,-1.14941,2.47436,-2.70241
3503.45000,-1.14968,2.47425,-2.75860
3503.50000,-1.14996,2.47414,-2.81408
3503.55000,-1.15040,2.47398,-2.85672
3503.60000,-1.15188,2.47354,-2.86225
3503.65000,-1.15600,2.47227,-2.84934
3503.70000,-1.16267,2.47016,-2.82636
3503.75000,-1.17137,2.46716,-2.79489
3503.80000,-1.18134,2.46335,-2.75786
3503.85000,-1.19113,2.45927,-2.72011
3503.90000,-1.20010,2.45515,-2.69181
3503.95000,-1.20914,2.45092,-2.68170
3504.00000,-1.21740,2.44709,-2.69547
3504.05000,-1.22184,2.44511,-2.73371
3504.10000,-1.22380,2.44431,-2.78420
3504.15000,-1.22409,2.44421,-2.84187
3504.20000,-1.22435,2.44414,-2.89910
3504.25000,-1.22473,2.44399,-2.94397
3504.30000,-1.22593,2.44334,-2.95653
3504.35000,-1.22937,2.44241,-2.94847
3504.40000,-1.23607,2.44098,-2.92692
3504.45000,-1.24503,2.43889,-2.89676
3504.50000,-1.25532,2.43614,-2.86137
3504.55000,-1.26573,2.43295,-2.82519
3504.60000,-1.27513,2.43014,-2.80194
3504.65000,-1.28415,2.42750,-2.79638
3504.70000,-1.29264,2.42504,-2.81408
3504.75000,-1.29804,2.42336,-2.85049
3504.80000,-1.30114,2.42250,-2.89840
3504.85000,-1.30193,2.42232,-2.95640
3504.90000,-1.30217,2.42228,-3.01623
3504.95000,-1.30247,2.42224,-3.06591
3505.00000,-1.30321,2.42192,-3.09347
3505.05000,-1.30446,2.42161,-3.10108
3505.10000,-1.30786,2.42128,-3.09386
3505.15000,-1.31423,2.42080,-3.07453
3505.20000,-1.32364,2.42001,-3.04298
3505.25000,-1.33400,2.41883,-3.00769
3505.30000,-1.34387,2.41736,-2.97349
3505.35000,-1.35365,2.41554,-2.94085
3505.40000,-1.36303,2.41368,-2.91258
3505.45000,-1.37241,2.41178,-2.90056
3505.50000,-1.38131,2.41000,-2.91859
3505.55000,-1.38872,2.40845,-2.95080
3505.60000,-1.39395,2.40754,-2.99376
3505.65000,-1.39676,2.40719,-3.04734
3505.70000,-1.39731,2.40715,-3.10991
3505.75000,-1.39754,2.40715,3.11790
3505.80000,-1.39781,2.40721,3.07617
3505.85000,-1.39817,2.40739,3.04524
3505.90000,-1.39856,2.40761,3.02194
3505.95000,-1.39899,2.40788,3.00603
3506.00000,-1.39947,2.40823,2.99709
3506.05000,-1.40006,2.40858,2.99541
3506.10000,-1.40152,2.40900,2.99923
3506.15000,-1.40414,2.40952,3.00830
3506.20000,-1.40825,2.41019,3.02373
3506.25000,-1.41418,2.41109,3.04672
3506.30000,-1.42266,2.41194,3.07982
3506.35000,-1.43265,2.41237,3.11854
3506.40000,-1.44264,2.41240,-3.12657
3506.45000,-1.45264,2.41207,-3.08903
3506.50000,-1.46261,2.41135,-3.05174
3506.55000,-1.47248,2.41054,-3.02042
3506.60000,-1.48239,2.40965,-3.00321
3506.65000,-1.49225,2.40880,-2.98985
3506.70000,-1.50210,2.40796,-2.97706
3506.75000,-1.51196,2.40712,-2.96520
3506.80000,-1.52181,2.40628,-2.95466
3506.85000,-1.53166,2.40543,-2.94588
3506.90000,-1.54151,2.40458,-2.93922
3506.95000,-1.55136,2.40372,-2.93504
3507.00000,-1.56121,2.40286,-2.93368
3507.05000,-1.57106,2.40197,-2.94076
3507.10000,-1.58091,2.40105,-2.96398
3507.15000,-1.58996,2.40010,-3.00522
3507.20000,-1.59644,2.39939,-3.05854
3507.25000,-1.60031,2.39917,-3.12269
3507.30000,-1.60152,2.39917,3.08631
3507.35000,-1.60173,2.39920,3.00938
3507.40000,-1.60194,2.39923,2.93450
3507.45000,-1.60214,2.39929,2.87019
3507.50000,-1.60242,2.39948,2.82317
3507.55000,-1.60320,2.40008,2.79974
3507.60000,-1.60704,2.40168,2.80109
3507.65000,-1.61412,2.40432,2.81943
3507.70000,-1.62284,2.40710,2.84670
3507.75000,-1.63178,2.40968,2.87456
3507.80000,-1.64080,2.41202,2.90212
3507.85000,-1.64988,2.41410,2.92933
3507.90000,-1.65902,2.41594,2.95633
3507.95000,-1.66821,2.41754,2.98326
3508.00000,-1.67742,2.41888,3.01069
3508.05000,-1.68668,2.41990,3.02562
3508.10000,-1.69602,2.42089,3.01850
3508.15000,-1.70376,2.42162,2.98944
3508.20000,-1.71021,2.42256,2.94652
3508.25000,-1.71433,2.42347,2.89315
3508.30000,-1.71570,2.42385,2.82889
3508.35000,-1.71586,2.42393,2.77041
3508.40000,-1.71612,2.42417,2.74083
3508.45000,-1.71883,2.42551,2.73792
3508.50000,-1.72501,2.42817,2.75173
3508.55000,-1.73296,2.43134,2.77578
3508.60000,-1.74186,2.43465,2.80389
3508.65000,-1.75133,2.43784,2.83000
3508.70000,-1.76084,2.44076,2.85746
3508.75000,-1.77016,2.44334,2.88995
3508.80000,-1.77933,2.44551,2.92864
3508.85000,-1.78820,2.44721,2.97496
3508.90000,-1.79790,2.44860,3.02268
3508.95000,-1.80743,2.44950,3.07197
3509.00000,-1.81658,2.44992,3.12219
3509.05000,-1.82622,2.44988,-3.11274
3509.10000,-1.83500,2.44941,-3.06163
3509.15000,-1.84367,2.44849,-3.01057
3509.20000,-1.85230,2.44713,-2.96009
3509.25000,-1.86192,2.44509,-2.91310
3509.30000,-1.87192,2.44258,-2.86653
3509.35000,-1.88063,2.43997,-2.81771
3509.40000,-1.88952,2.43674,-2.77159
3509.45000,-1.89766,2.43336,-2.72366
3509.50000,-1.90429,2.43027,-2.67512
3509.55000,-1.91097,2.42653,-2.62590
3509.60000,-1.91813,2.42245,-2.57693
3509.65000,-1.92226,2.41988,-2.52410
3509.70000,-1.92386,2.41868,-2.46120
3509.75000,-1.92428,2.41832,-2.39277
3509.80000,-1.92466,2.41794,-2.32457
3509.85000,-1.92501,2.41755,-2.25684
3509.90000,-1.92533,2.41712,-2.18960
3509.95000,-1.92562,2.41668,-2.12285
3510.00000,-1.92589,2.41622,-2.05663
3510.05000,-1.92612,2.41574,-1.99094
3510.10000,-1.92632,2.41525,-1.92581
3510.15000,-1.92649,2.41474,-1.86126
3510.20000,-1.92663,2.41423,-1.79729
3510.25000,-1.92673,2.41370,-1.73393
3510.30000,-1.92680,2.41318,-1.67119
3510.35000,-1.92684,2.41265,-1.60909
3510.40000,-1.92684,2.41211,-1.54763
3510.45000,-1.92681,2.41159,-1.48684
3510.50000,-1.92675,2.41106,-1.42672
3510.55000,-1.92666,2.41054,-1.36729
3510.60000,-1.92654,2.41002,-1.30856
3510.65000,-1.92638,2.40952,-1.25052
3510.70000,-1.92620,2.40902,-1.19320
3510.75000,-1.92600,2.40854,-1.13659
3510.80000,-1.92576,2.40807,-1.08071
3510.85000,-1.92550,2.40762,-1.02557
3510.90000,-1.92522,2.40718,-0.97117
3510.95000,-1.92492,2.40676,-0.91752
3511.00000,-1.92459,2.40635,-0.86462
3511.05000,-1.92424,2.40597,-0.81248
3511.10000,-1.92388,2.40560,-0.76110
3511.15000,-1.92350,2.40526,-0.71050
3511.20000,-1.92310,2.40493,-0.66067
3511.25000,-1.92269,2.40463,-0.61162
3511.30000,-1.92227,2.40435,-0.56335
3511.35000,-1.92184,2.40409,-0.51585
3511.40000,-1.92139,2.40385,-0.46915
3511.45000,-1.92094,2.40364,-0.42323
3511.50000,-1.92049,2.40344,-0.37809
3511.55000,-1.92001,2.40325,-0.33369
3511.60000,-1.91936,2.40302,-0.28927
3511.65000,-1.91860,2.40280,-0.24500
3511.70000,-1.91662,2.40201,-0.20271
3511.75000,-1.90946,2.40053,-0.16388
3511.80000,-1.90075,2.39925,-0.12243
3511.85000,-1.89102,2.39825,-0.07939
3511.90000,-1.88143,2.39776,-0.04831
3511.95000,-1.87225,2.39738,-0.04151
3512.00000,-1.86239,2.39694,-0.04566
3512.05000,-1.85247,2.39646,-0.05026
3512.10000,-1.84258,2.39594,-0.05495
3512.15000,-1.83271,2.39538,-0.05995
3512.20000,-1.82286,2.39476,-0.06560
3512.25000,-1.81336,2.39422,-0.06071
3512.30000,-1.80628,2.39399,-0.04324
3512.35000,-1.80321,2.39395,-0.01008
3512.40000,-1.80242,2.39395,0.03152
3512.45000,-1.80221,2.39399,0.06727
3512.50000,-1.79942,2.39434,0.08994
3512.55000,-1.79531,2.39484,0.10379
3512.60000,-1.79022,2.39547,0.11273
3512.65000,-1.78413,2.39628,0.11702
3512.70000,-1.77648,2.39730,0.11413
3512.75000,-1.76683,2.39836,0.10122
3512.80000,-1.75721,2.39926,0.08737
3512.85000,-1.74758,2.40002,0.07370
3512.90000,-1.73794,2.40066,0.05993
3512.95000,-1.72830,2.40116,0.04584
3513.00000,-1.71866,2.40152,0.03156
3513.05000,-1.70910,2.40175,0.02861
3513.10000,-1.69995,2.40199,0.04353
3513.15000,-1.69348,2.40223,0.07239
3513.20000,-1.68949,2.40257,0.11195
3513.25000,-1.68798,2.40276,0.16218
3513.30000,-1.68779,2.40281,0.20753
3513.35000,-1.68676,2.40314,0.23380
3513.40000,-1.68339,2.40403,0.24366
3513.45000,-1.67892,2.40516,0.24798
3513.50000,-1.67335,2.40658,0.24741
3513.55000,-1.66661,2.40828,0.24149
3513.60000,-1.65857,2.41024,0.22982
3513.65000,-1.64926,2.41235,0.21218
3513.70000,-1.63963,2.41431,0.19267
3513.75000,-1.63008,2.41607,0.17290
3513.80000,-1.62045,2.41765,0.15341
3513.85000,-1.61079,2.41904,0.13345
3513.90000,-1.60128,2.42021,0.12476
3513.95000,-1.59190,2.42132,0.13875
3514.00000,-1.58498,2.42219,0.17306
3514.05000,-1.58216,2.42264,0.22169
3514.10000,-1.58172,2.42275,0.27838
3514.15000,-1.58148,2.42284,0.32520
3514.20000,-1.58106,2.42306,0.35179
3514.25000,-1.57844,2.42411,0.36039
3514.30000,-1.57381,2.42587,0.35772
3514.35000,-1.56818,2.42797,0.34941
3514.40000,-1.56146,2.43038,0.33523
3514.45000,-1.55353,2.43308,0.31475
3514.50000,-1.54462,2.43585,0.28927
3514.55000,-1.53561,2.43841,0.26411
3514.60000,-1.52654,2.44074,0.23872
3514.65000,-1.51742,2.44284,0.21283
3514.70000,-1.50836,2.44463,0.20053
3514.75000,-1.49899,2.44672,0.20632
3514.80000,-1.48996,2.44863,0.22563
3514.85000,-1.48487,2.44986,0.25994
3514.90000,-1.48244,2.45056,0.30528
3514.95000,-1.48200,2.45071,0.35869
3515.00000,-1.48170,2.45082,0.40366
3515.05000,-1.48163,2.45080,0.43134
3515.10000,-1.47909,2.45209,0.43664
3515.15000,-1.47494,2.45403,0.43240
3515.20000,-1.46974,2.45641,0.42238
3515.25000,-1.46342,2.45921,0.40618
3515.30000,-1.45558,2.46248,0.38207
3515.35000,-1.44691,2.46582,0.35385
3515.40000,-1.43815,2.46891,0.32543
3515.45000,-1.42932,2.47175,0.29669
3515.50000,-1.42030,2.47459,0.27611
3515.55000,-1.41120,2.47748,0.26949
3515.60000,-1.40209,2.48034,0.27221
3515.65000,-1.39370,2.48266,0.29078
3515.70000,-1.38831,2.48418,0.32655
3515.75000,-1.38666,2.48466,0.37719
3515.80000,-1.38627,2.48483,0.42722
3515.85000,-1.38588,2.48501,0.47669
3515.90000,-1.38551,2.48523,0.51528
3515.95000,-1.38441,2.48594,0.52991
3516.00000,-1.37991,2.48862,0.52213
3516.05000,-1.37310,2.49245,0.50141
3516.10000,-1.36498,2.49676,0.47403
3516.15000,-1.35664,2.50089,0.44608
3516.20000,-1.34820,2.50478,0.41788
3516.25000,-1.33966,2.50843,0.38929
3516.30000,-1.33087,2.51210,0.37071
3516.35000,-1.32170,2.51592,0.37103
3516.40000,-1.31413,2.51879,0.38911
3516.45000,-1.31033,2.52034,0.42232
3516.50000,-1.30918,2.52088,0.46586
3516.55000,-1.30880,2.52108,0.51226
3516.60000,-1.30845,2.52129,0.55799
3516.65000,-1.30812,2.52152,0.59265
3516.70000,-1.30694,2.52238,0.60512
3516.75000,-1.30237,2.52557,0.59593
3516.80000,-1.29587,2.52988,0.57418
3516.85000,-1.28809,2.53476,0.54610
3516.90000,-1.27954,2.53979,0.51962
3516.95000,-1.27080,2.54464,0.49318
3517.00000,-1.26205,2.54918,0.46581
3517.05000,-1.25364,2.55328,0.45128
3517.10000,-1.24657,2.55661,0.45982
3517.15000,-1.24286,2.55828,0.48720
3517.20000,-1.24199,2.55869,0.52929
3517.25000,-1.24179,2.55881,0.56902
3517.30000,-1.24160,2.55894,0.60818
3517.35000,-1.24136,2.55915,0.63903
3517.40000,-1.24091,2.55960,0.65811
3517.45000,-1.24013,2.56032,0.66696
3517.50000,-1.23652,2.56321,0.65956
3517.55000,-1.22979,2.56838,0.63452
3517.60000,-1.22166,2.57418,0.60551
3517.65000,-1.21336,2.57976,0.57658
3517.70000,-1.20490,2.58508,0.54742
3517.75000,-1.19629,2.59016,0.51793
3517.80000,-1.18841,2.59451,0.50300
3517.85000,-1.18202,2.59803,0.50897
3517.90000,-1.17823,2.60010,0.52888
3517.95000,-1.17772,2.60040,0.56332
3518.00000,-1.17698,2.60086,0.60148
3518.05000,-1.17664,2.60108,0.63742
3518.10000,-1.17582,2.60168,0.67514
3518.15000,-1.17530,2.60214,0.70296
3518.20000,-1.17469,2.60275,0.71929
3518.25000,-1.17385,2.60358,0.72583
3518.30000,-1.17118,2.60599,0.71982
3518.35000,-1.16545,2.61094,0.69417
3518.40000,-1.15843,2.61658,0.65949
3518.45000,-1.15111,2.62204,0.62452
3518.50000,-1.14361,2.62724,0.58962
3518.55000,-1.13640,2.63193,0.57171
3518.60000,-1.13081,2.63551,0.57621
3518.65000,-1.12779,2.63747,0.59658
3518.70000,-1.12707,2.63796,0.62817
3518.75000,-1.12682,2.63814,0.65910
3518.80000,-1.12641,2.63845,0.69060
3518.85000,-1.12565,2.63910,0.72400
3518.90000,-1.12500,2.63968,0.74871
3518.95000,-1.12379,2.64086,0.75086
3519.00000,-1.11972,2.64460,0.73266
3519.05000,-1.11415,2.64949,0.70496
3519.10000,-1.10734,2.65509,0.67043
3519.15000,-1.10011,2.66061,0.63441
3519.20000,-1.09262,2.66606,0.60987
3519.25000,-1.08548,2.67104,0.60046
3519.30000,-1.07978,2.67494,0.60173
3519.35000,-1.07626,2.67736,0.61664
3519.40000,-1.07507,2.67822,0.64479
3519.45000,-1.07439,2.67872,0.67572
3519.50000,-1.07367,2.67930,0.70669
3519.55000,-1.07300,2.67988,0.73724
3519.60000,-1.07236,2.68047,0.76709
3519.65000,-1.07196,2.68084,0.78116
3519.70000,-1.06960,2.68320,0.77361
3519.75000,-1.06528,2.68734,0.75331
3519.80000,-1.05952,2.69258,0.72428
3519.85000,-1.05270,2.69841,0.68961
3519.90000,-1.04566,2.70408,0.66967
3519.95000,-1.03991,2.70860,0.66707
3520.00000,-1.03616,2.71156,0.67695
3520.05000,-1.03483,2.71264,0.70226
3520.10000,-1.03416,2.71321,0.73214
3520.15000,-1.03350,2.71380,0.76187
3520.20000,-1.03291,2.71438,0.79113
3520.25000,-1.03233,2.71497,0.82000
3520.30000,-1.03186,2.71550,0.84195
3520.35000,-1.03064,2.71690,0.84263
3520.40000,-1.02716,2.72076,0.82613
3520.45000,-1.02199,2.72621,0.79770
3520.50000,-1.01571,2.73243,0.76307
3520.55000,-1.00906,2.73877,0.73482
3520.60000,-1.00268,2.74456,0.72067
3520.65000,-0.99774,2.74889,0.71847
3520.70000,-0.99437,2.75185,0.72747
3520.75000,-0.99178,2.75419,0.74206
3520.80000,-0.98990,2.75594,0.76153
3520.85000,-0.98874,2.75707,0.78572
3520.90000,-0.98813,2.75769,0.81340
3520.95000,-0.98755,2.75831,0.84116
3521.00000,-0.98702,2.75889,0.86797
3521.05000,-0.98652,2.75947,0.89402
3521.10000,-0.98635,2.75977,0.90672
3521.15000,-0.98459,2.76200,0.90211
3521.20000,-0.98128,2.76611,0.88569
3521.25000,-0.97678,2.77149,0.86076
3521.30000,-0.97097,2.77803,0.82713
3521.35000,-0.96468,2.78462,0.79161
3521.40000,-0.95821,2.79116,0.76380
3521.45000,-0.95211,2.79699,0.74990
3521.50000,-0.94779,2.80101,0.75063
3521.55000,-0.94439,2.80420,0.75899
3521.60000,-0.94220,2.80626,0.76479
3521.65000,-0.94061,2.80777,0.74657
3521.70000,-0.93811,2.81009,0.73017
3521.75000,-0.93635,2.81164,0.72318
3521.80000,-0.93499,2.81281,0.69951
3521.85000,-0.93236,2.81495,0.66615
3521.90000,-0.92777,2.81842,0.62461
3521.95000,-0.92205,2.82251,0.59438
3522.00000,-0.91819,2.82501,0.57422
3522.05000,-0.91435,2.82739,0.53891
3522.10000,-0.90950,2.83020,0.51609
3522.15000,-0.90640,2.83191,0.50063
3522.20000,-0.90390,2.83324,0.48843
3522.25000,-0.90222,2.83413,0.48488
3522.30000,-0.90073,2.83491,0.48102
3522.35000,-0.89881,2.83599,0.49867
3522.40000,-0.89839,2.83618,0.52422
3522.45000,-0.89830,2.83620,0.54096
3522.50000,-0.89858,2.83589,0.54172
3522.55000,-0.89910,2.83541,0.53248
3522.60000,-0.89917,2.83537,0.51409
3522.65000,-0.89764,2.83621,0.48751
3522.70000,-0.89475,2.83768,0.45128
3522.75000,-0.88974,2.84000,0.40653
3522.80000,-0.88331,2.84278,0.37210
3522.85000,-0.87837,2.84461,0.35171
3522.90000,-0.87458,2.84593,0.33535
3522.95000,-0.87039,2.84752,0.33687
3523.00000,-0.86727,2.84857,0.35123
3523.05000,-0.86634,2.84890,0.37609
3523.10000,-0.86548,2.84925,0.40281
3523.15000,-0.86481,2.84944,0.41846
3523.20000,-0.86454,2.84928,0.41498
3523.25000,-0.86452,2.84906,0.40115
3523.30000,-0.86281,2.85010,0.38823
3523.35000,-0.86068,2.85098,0.37737
3523.40000,-0.85800,2.85200,0.34681
3523.45000,-0.85347,2.85353,0.30727
3523.50000,-0.84787,2.85522,0.28000
3523.55000,-0.84258,2.85669,0.27627
3523.60000,-0.83960,2.85745,0.28534
3523.65000,-0.83867,2.85770,0.30534
3523.70000,-0.83791,2.85793,0.32637
3523.75000,-0.83717,2.85817,0.34665
3523.80000,-0.83647,2.85841,0.36571
3523.85000,-0.83608,2.85839,0.37088
3523.90000,-0.83601,2.85833,0.35563
3523.95000,-0.83476,2.85878,0.33207
3524.00000,-0.83097,2.86018,0.29534
3524.05000,-0.82518,2.86181,0.26812
3524.10000,-0.82106,2.86279,0.26154
3524.15000,-0.81944,2.86315,0.26776
3524.20000,-0.81900,2.86327,0.28079
3524.25000,-0.81853,2.86338,0.29476
3524.30000,-0.81804,2.86352,0.30853
3524.35000,-0.81758,2.86366,0.32220
3524.40000,-0.81735,2.86364,0.32675
3524.45000,-0.81680,2.86391,0.32636
3524.50000,-0.81647,2.86404,0.32778
3524.55000,-0.81560,2.86447,0.30953
3524.60000,-0.81161,2.86570,0.27739
3524.65000,-0.80551,2.86731,0.23843
3524.70000,-0.79804,2.86895,0.19451
3524.75000,-0.79010,2.87030,0.15996
3524.80000,-0.78387,2.87115,0.13988
3524.85000,-0.78045,2.87151,0.13295
3524.90000,-0.77908,2.87163,0.13643
3524.95000,-0.77872,2.87167,0.14538
3525.00000,-0.77840,2.87172,0.15434
3525.05000,-0.77804,2.87178,0.16248
3525.10000,-0.77762,2.87184,0.16998
3525.15000,-0.77718,2.87190,0.17731
3525.20000,-0.77687,2.87196,0.18511
3525.25000,-0.77645,2.87203,0.19296
3525.30000,-0.77612,2.87210,0.20069
3525.35000,-0.77566,2.87218,0.20920
3525.40000,-0.77518,2.87227,0.21797
3525.45000,-0.77488,2.87230,0.21535
3525.50000,-0.77452,2.87234,0.21045
3525.55000,-0.77405,2.87243,0.21854
3525.60000,-0.77359,2.87253,0.22735
3525.65000,-0.77345,2.87257,0.22080
3525.70000,-0.77165,2.87302,0.19683
3525.75000,-0.76684,2.87393,0.16393
3525.80000,-0.76082,2.87476,0.14016
3525.85000,-0.75671,2.87514,0.13213
3525.90000,-0.75416,2.87539,0.13205
3525.95000,-0.75347,2.87544,0.14158
3526.00000,-0.75309,2.87549,0.15308
3526.05000,-0.75263,2.87555,0.16520
3526.10000,-0.75240,2.87559,0.16693
3526.15000,-0.75181,2.87581,0.16081
3526.20000,-0.75124,2.87594,0.16870
3526.25000,-0.75100,2.87596,0.16883
3526.30000,-0.75090,2.87600,0.14887
3526.35000,-0.74954,2.87625,0.12662
3526.40000,-0.74825,2.87642,0.11371
3526.45000,-0.74656,2.87659,0.08224
3526.50000,-0.74245,2.87684,0.04151
3526.55000,-0.73790,2.87694,0.01611
3526.60000,-0.73370,2.87695,0.00952
3526.65000,-0.73084,2.87695,0.01166
3526.70000,-0.72978,2.87696,0.01049
3526.75000,-0.72921,2.87697,0.00263
3526.80000,-0.72860,2.87697,0.01395
3526.85000,-0.72818,2.87697,0.02839
3526.90000,-0.72775,2.87697,0.04413
3526.95000,-0.72744,2.87698,0.04934
3527.00000,-0.72734,2.87703,0.03303
3527.05000,-0.72566,2.87705,0.01447
3527.10000,-0.72410,2.87707,0.00394
3527.15000,-0.72305,2.87706,-0.00823
3527.20000,-0.72186,2.87706,-0.01078
3527.25000,-0.72103,2.87703,-0.03270
3527.30000,-0.71918,2.87695,-0.05562
3527.35000,-0.71684,2.87686,-0.05556
3527.40000,-0.71609,2.87684,-0.04122
3527.45000,-0.71581,2.87684,-0.02456
3527.50000,-0.71570,2.87683,-0.01844
3527.55000,-0.71560,2.87682,-0.01587
3527.60000,-0.71551,2.87682,0.00359
3527.65000,-0.71538,2.87683,0.01009
3527.70000,-0.71570,2.87683,-0.00780
3527.75000,-0.71459,2.87680,-0.02618
3527.80000,-0.71288,2.87679,-0.01612
3527.85000,-0.71229,2.87678,-0.00651
3527.90000,-0.71191,2.87677,-0.01292
3527.95000,-0.71129,2.87669,-0.03762
3528.00000,-0.70855,2.87655,-0.06249
3528.05000,-0.70641,2.87643,-0.07719
3528.10000,-0.70440,2.87623,-0.11155
3528.15000,-0.70102,2.87576,-0.15743
3528.20000,-0.69661,2.87501,-0.19549
3528.25000,-0.69180,2.87378,-0.20808
3528.30000,-0.68690,2.87250,-0.20902
3528.35000,-0.68305,2.87201,-0.19282
3528.40000,-0.68158,2.87188,-0.16343
3528.45000,-0.68120,2.87183,-0.13299
3528.50000,-0.68075,2.87177,-0.10229
3528.55000,-0.68016,2.87181,-0.08277
3528.60000,-0.67972,2.87180,-0.07240
3528.65000,-0.67931,2.87180,-0.05695
3528.70000,-0.67925,2.87183,-0.06350
3528.75000,-0.67826,2.87164,-0.09274
3528.80000,-0.67482,2.87120,-0.13515
3528.85000,-0.66876,2.87023,-0.18078
3528.90000,-0.66220,2.86907,-0.22085
3528.95000,-0.65536,2.86758,-0.23865
3529.00000,-0.64874,2.86607,-0.23740
3529.05000,-0.64584,2.86563,-0.23216
3529.10000,-0.64447,2.86530,-0.23092
3529.15000,-0.64324,2.86505,-0.21966
3529.20000,-0.64219,2.86494,-0.20105
3529.25000,-0.64130,2.86500,-0.17507
3529.30000,-0.64074,2.86494,-0.15870
3529.35000,-0.64040,2.86486,-0.17207
3529.40000,-0.63827,2.86442,-0.20393
3529.45000,-0.63336,2.86330,-0.24221
3529.50000,-0.62753,2.86189,-0.27566
3529.55000,-0.62151,2.86023,-0.28614
3529.60000,-0.61648,2.85893,-0.27208
3529.65000,-0.61478,2.85856,-0.26008
3529.70000,-0.61370,2.85831,-0.25017
3529.75000,-0.61265,2.85806,-0.21678
3529.80000,-0.61149,2.85781,-0.17853
3529.85000,-0.61029,2.85761,-0.14008
3529.90000,-0.60943,2.85749,-0.12183
3529.95000,-0.60904,2.85743,-0.13201
3530.00000,-0.60653,2.85703,-0.16023
3530.05000,-0.60215,2.85621,-0.19889
3530.10000,-0.59570,2.85479,-0.24131
3530.15000,-0.58878,2.85293,-0.28969
3530.20000,-0.58109,2.85041,-0.34064
3530.25000,-0.57347,2.84786,-0.38618
3530.30000,-0.56576,2.84515,-0.41042
3530.35000,-0.55806,2.84222,-0.41021
3530.40000,-0.55159,2.83948,-0.40016
3530.45000,-0.54618,2.83725,-0.38464
3530.50000,-0.54184,2.83554,-0.36386
3530.55000,-0.53860,2.83436,-0.33778
3530.60000,-0.53657,2.83368,-0.30612
3530.65000,-0.53588,2.83361,-0.28248
3530.70000,-0.53552,2.83352,-0.26868
3530.75000,-0.53537,2.83345,-0.25598
3530.80000,-0.53519,2.83340,-0.24834
3530.85000,-0.53525,2.83339,-0.24066
3530.90000,-0.53536,2.83347,-0.24461
3530.95000,-0.53575,2.83379,-0.23754
3531.00000,-0.53605,2.83392,-0.22860
3531.05000,-0.53487,2.83359,-0.24027
3531.10000,-0.53194,2.83292,-0.24670
3531.15000,-0.52972,2.83247,-0.24748
3531.20000,-0.52636,2.83158,-0.26916
3531.25000,-0.52059,2.82989,-0.30022
3531.30000,-0.51328,2.82747,-0.33754
3531.35000,-0.50494,2.82435,-0.37921
3531.40000,-0.49639,2.82101,-0.41569
3531.45000,-0.48788,2.81766,-0.43582
3531.50000,-0.47941,2.81401,-0.43107
3531.55000,-0.47198,2.81064,-0.42012
3531.60000,-0.46559,2.80785,-0.40376
3531.65000,-0.46029,2.80565,-0.38201
3531.70000,-0.45696,2.80436,-0.35122
3531.75000,-0.45609,2.80405,-0.30974
3531.80000,-0.45586,2.80399,-0.26534
3531.85000,-0.45564,2.80393,-0.22092
3531.90000,-0.45535,2.80384,-0.18789
3531.95000,-0.45509,2.80375,-0.16681
3532.00000,-0.45485,2.80381,-0.14790
3532.05000,-0.45456,2.80377,-0.14864
3532.10000,-0.45189,2.80323,-0.16538
3532.15000,-0.44646,2.80218,-0.19653
3532.20000,-0.43917,2.80057,-0.23466
3532.25000,-0.43054,2.79832,-0.27605
3532.30000,-0.42170,2.79560,-0.31977
3532.35000,-0.41331,2.79278,-0.35295
3532.40000,-0.40477,2.78975,-0.37062
3532.45000,-0.39623,2.78652,-0.36540
3532.50000,-0.39008,2.78423,-0.34512
3532.55000,-0.38633,2.78294,-0.31400
3532.60000,-0.38505,2.78254,-0.27217
3532.65000,-0.38486,2.78249,-0.22573
3532.70000,-0.38466,2.78245,-0.17937
3532.75000,-0.38446,2.78242,-0.13319
3532.80000,-0.38426,2.78240,-0.08719
3532.85000,-0.38414,2.78241,-0.05382
3532.90000,-0.38440,2.78234,-0.04451
3532.95000,-0.38368,2.78220,-0.04864
3533.00000,-0.38015,2.78188,-0.06686
3533.05000,-0.37389,2.78131,-0.09941
3533.10000,-0.36591,2.78035,-0.13993
3533.15000,-0.35721,2.77893,-0.18405
3533.20000,-0.34849,2.77711,-0.22780
3533.25000,-0.33986,2.77491,-0.27143
3533.30000,-0.33127,2.77250,-0.30846
3533.35000,-0.32244,2.76980,-0.32735
3533.40000,-0.31316,2.76661,-0.32516
3533.45000,-0.30375,2.76343,-0.31525
3533.50000,-0.29490,2.76062,-0.30037
3533.55000,-0.28674,2.75817,-0.28093
3533.60000,-0.27924,2.75611,-0.25713
3533.65000,-0.27239,2.75440,-0.22928
3533.70000,-0.26631,2.75312,-0.19714
3533.75000,-0.26394,2.75276,-0.15470
3533.80000,-0.26371,2.75273,-0.10460
3533.85000,-0.26353,2.75272,-0.05441
3533.90000,-0.26347,2.75270,-0.01497
3533.95000,-0.26390,2.75268,0.00387
3534.00000,-0.26302,2.75272,0.00578
3534.05000,-0.25955,2.75272,-0.00640
3534.10000,-0.25321,2.75258,-0.03262
3534.15000,-0.24474,2.75214,-0.06929
3534.20000,-0.23574,2.75135,-0.10787
3534.25000,-0.22676,2.75020,-0.14552
3534.30000,-0.21791,2.74872,-0.18530
3534.35000,-0.20934,2.74705,-0.20872
3534.40000,-0.20112,2.74542,-0.20396
3534.45000,-0.19424,2.74421,-0.17877
3534.50000,-0.19010,2.74353,-0.14408
3534.55000,-0.18832,2.74330,-0.09948
3534.60000,-0.18813,2.74328,-0.04833
3534.65000,-0.18798,2.74329,-0.00518
3534.70000,-0.18802,2.74332,0.01798
3534.75000,-0.18661,2.74341,0.01665
3534.80000,-0.18266,2.74349,0.00259
3534.85000,-0.17629,2.74341,-0.02391
3534.90000,-0.16776,2.74305,-0.06071
3534.95000,-0.15878,2.74232,-0.10022
3535.00000,-0.14982,2.74125,-0.13944
3535.05000,-0.14087,2.73996,-0.17237
3535.10000,-0.13323,2.73878,-0.19552
3535.15000,-0.12774,2.73764,-0.21103
3535.20000,-0.12200,2.73624,-0.21033
3535.25000,-0.11623,2.73478,-0.19683
3535.30000,-0.11086,2.73371,-0.16769
3535.35000,-0.10780,2.73325,-0.12744
3535.40000,-0.10715,2.73317,-0.07751
3535.45000,-0.10701,2.73317,-0.02582
3535.50000,-0.10687,2.73317,0.02523
3535.55000,-0.10672,2.73319,0.06764
3535.60000,-0.10679,2.73323,0.09233
3535.65000,-0.10704,2.73324,0.10395
3535.70000,-0.10699,2.73326,0.10840
3535.75000,-0.10596,2.73339,0.10762
3535.80000,-0.10368,2.73365,0.10202
3535.85000,-0.10023,2.73403,0.09082
3535.90000,-0.09548,2.73456,0.07390
3535.95000,-0.08914,2.73525,0.04998
3536.00000,-0.08074,2.73566,0.01858
3536.05000,-0.07089,2.73566,-0.01969
3536.10000,-0.06140,2.73528,-0.06053
3536.15000,-0.05178,2.73448,-0.10053
3536.20000,-0.04253,2.73335,-0.14052
3536.25000,-0.03392,2.73215,-0.17577
3536.30000,-0.02537,2.73099,-0.20043
3536.35000,-0.01667,2.72963,-0.20969
3536.40000,-0.00933,2.72877,-0.21094
3536.45000,-0.00607,2.72840,-0.22759
3536.50000,-0.00282,2.72758,-0.26338
3536.55000,0.00169,2.72623,-0.30781
3536.60000,0.00788,2.72406,-0.35526
3536.65000,0.01530,2.72110,-0.40458
3536.70000,0.02325,2.71745,-0.45611
3536.75000,0.03117,2.71363,-0.50149
3536.80000,0.03819,2.71037,-0.53430
3536.85000,0.04254,2.70805,-0.55606
3536.90000,0.04607,2.70599,-0.54948
3536.95000,0.04936,2.70412,-0.53273
3537.00000,0.05111,2.70323,-0.51419
3537.05000,0.05243,2.70253,-0.52440
3537.10000,0.05508,2.70094,-0.55205
3537.15000,0.05903,2.69837,-0.59011
3537.20000,0.06471,2.69439,-0.63177
3537.25000,0.07078,2.68996,-0.66573
3537.30000,0.07642,2.68558,-0.66615
3537.35000,0.08094,2.68217,-0.64148
3537.40000,0.08247,2.68111,-0.59557
3537.45000,0.08271,2.68095,-0.54597
3537.50000,0.08282,2.68089,-0.49728
3537.55000,0.08300,2.68079,-0.46108
3537.60000,0.08330,2.68066,-0.45908
3537.65000,0.08514,2.67969,-0.48277
3537.70000,0.08913,2.67750,-0.51637
3537.75000,0.09491,2.67406,-0.55547
3537.80000,0.10163,2.66969,-0.59908
3537.85000,0.10818,2.66496,-0.64863
3537.90000,0.11551,2.65910,-0.69785
3537.95000,0.12300,2.65250,-0.74757
3538.00000,0.13013,2.64589,-0.79024
3538.05000,0.13709,2.63939,-0.81109
3538.10000,0.14358,2.63297,-0.80100
3538.15000,0.14771,2.62880,-0.77095
3538.20000,0.14926,2.62733,-0.73483
3538.25000,0.15097,2.62577,-0.72243
3538.30000,0.15317,2.62382,-0.73720
3538.35000,0.15675,2.62044,-0.76994
3538.40000,0.16070,2.61659,-0.79545
3538.45000,0.16437,2.61293,-0.78753
3538.50000,0.16767,2.60958,-0.76340
3538.55000,0.17048,2.60691,-0.72327
3538.60000,0.17164,2.60594,-0.68407
3538.65000,0.17285,2.60498,-0.67223
3538.70000,0.17431,2.60381,-0.66575
3538.75000,0.17547,2.60293,-0.66132
3538.80000,0.17759,2.60124,-0.68001
3538.85000,0.18121,2.59821,-0.71063
3538.90000,0.18657,2.59343,-0.74612
3538.95000,0.19289,2.58735,-0.78563
3539.00000,0.19867,2.58151,-0.81739
3539.05000,0.20436,2.57556,-0.81933
3539.10000,0.20938,2.57016,-0.80126
3539.15000,0.21416,2.56528,-0.76595
3539.20000,0.21732,2.56237,-0.71764
3539.25000,0.21832,2.56152,-0.65652
3539.30000,0.21841,2.56146,-0.58993
3539.35000,0.21851,2.56142,-0.53461
3539.40000,0.21821,2.56186,-0.50962
3539.45000,0.21809,2.56205,-0.51160
3539.50000,0.21971,2.56108,-0.52636
3539.55000,0.22428,2.55831,-0.55821
3539.60000,0.23018,2.55446,-0.59861
3539.65000,0.23683,2.54970,-0.64342
3539.70000,0.24374,2.54425,-0.69051
3539.75000,0.25042,2.53847,-0.73705
3539.80000,0.25694,2.53253,-0.77644
3539.85000,0.26380,2.52620,-0.79274
3539.90000,0.26934,2.52076,-0.79253
3539.95000,0.27337,2.51670,-0.80071
3540.00000,0.27728,2.51280,-0.82342
3540.05000,0.28094,2.50892,-0.86752
3540.10000,0.28313,2.50620,-0.92910
3540.15000,0.28379,2.50526,-1.00376
3540.20000,0.28388,2.50511,-1.08204
3540.25000,0.28393,2.50500,-1.16014
3540.30000,0.28397,2.50490,-1.23771
3540.35000,0.28401,2.50479,-1.31473
3540.40000,0.28403,2.50467,-1.39118
3540.45000,0.28405,2.50456,-1.46705
3540.50000,0.28406,2.50444,-1.54231
3540.55000,0.28405,2.50433,-1.61694
3540.60000,0.28404,2.50421,-1.69093
3540.65000,0.28403,2.50410,-1.76427
3540.70000,0.28400,2.50399,-1.83692
3540.75000,0.28396,2.50388,-1.90888
3540.80000,0.28392,2.50377,-1.98013
3540.85000,0.28387,2.50367,-2.05065
3540.90000,0.28382,2.50357,-2.12043
3540.95000,0.28375,2.50347,-2.18946
3541.00000,0.28368,2.50338,-2.25773
3541.05000,0.28361,2.50329,-2.32522
3541.10000,0.28353,2.50321,-2.39192
3541.15000,0.28344,2.50314,-2.45783
3541.20000,0.28335,2.50307,-2.52294
3541.25000,0.28325,2.50300,-2.58723
3541.30000,0.28315,2.50295,-2.65070
3541.35000,0.28305,2.50290,-2.71336
3541.40000,0.28295,2.50285,-2.77518
3541.45000,0.28284,2.50282,-2.83617
3541.50000,0.28273,2.50278,-2.89632
3541.55000,0.28262,2.50276,-2.95563
3541.60000,0.28251,2.50274,-3.01410
3541.65000,0.28239,2.50273,-3.07174
3541.70000,0.28228,2.50273,-3.12853
3541.75000,0.28217,2.50273,3.09872
3541.80000,0.28206,2.50274,3.04363
3541.85000,0.28195,2.50275,2.98939
3541.90000,0.28184,2.50277,2.93602
3541.95000,0.28173,2.50280,2.88350
3542.00000,0.28162,2.50283,2.83183
3542.05000,0.28151,2.50286,2.78102
3542.10000,0.28141,2.50291,2.73077
3542.15000,0.28131,2.50295,2.68047
3542.20000,0.28122,2.50300,2.62987
3542.25000,0.28113,2.50306,2.57885
3542.30000,0.28104,2.50311,2.52729
3542.35000,0.28096,2.50317,2.47508
3542.40000,0.28088,2.50324,2.42212
3542.45000,0.28080,2.50331,2.36834
3542.50000,0.28073,2.50338,2.31368
3542.55000,0.28066,2.50346,2.25814
3542.60000,0.28060,2.50355,2.20174
3542.65000,0.28053,2.50364,2.14454
3542.70000,0.28047,2.50374,2.08663
3542.75000,0.28041,2.50390,2.04086
3542.80000,0.27880,2.50711,2.01365
3542.85000,0.27518,2.51472,2.00654
3542.90000,0.27096,2.52379,2.00649
3542.95000,0.26673,2.53287,2.00642
3543.00000,0.26250,2.54194,2.00702
3543.05000,0.25828,2.55100,2.00801
3543.10000,0.25406,2.56001,2.00989
3543.15000,0.24982,2.56900,2.01238
3543.20000,0.24557,2.57797,2.01499
3543.25000,0.24129,2.58691,2.01843
3543.30000,0.23712,2.59553,2.03130
3543.35000,0.23268,2.60421,2.05387
3543.40000,0.22808,2.61285,2.08029
3543.45000,0.22315,2.62134,2.10902
3543.50000,0.21798,2.62974,2.14131
3543.55000,0.21250,2.63811,2.17448
3543.60000,0.20717,2.64560,2.20808
3543.65000,0.20159,2.65288,2.24120
3543.70000,0.19578,2.65996,2.27472
3543.75000,0.18973,2.66684,2.30828
3543.80000,0.18346,2.67352,2.34193
3543.85000,0.17697,2.67998,2.37543
3543.90000,0.17026,2.68622,2.40895
3543.95000,0.16335,2.69223,2.44269
3544.00000,0.15624,2.69801,2.47598
3544.05000,0.14894,2.70355,2.50948
3544.10000,0.14145,2.70884,2.54289
3544.15000,0.13380,2.71387,2.57662
3544.20000,0.12599,2.71864,2.61022
3544.25000,0.11801,2.72315,2.64367
3544.30000,0.10988,2.72739,2.67697
3544.35000,0.10162,2.73136,2.71029
3544.40000,0.09323,2.73506,2.74340
3544.45000,0.08471,2.73848,2.77633
3544.50000,0.07610,2.74161,2.80988
3544.55000,0.06738,2.74445,2.84299
3544.60000,0.05858,2.74700,2.87626
3544.65000,0.04969,2.74925,2.90966
3544.70000,0.04075,2.75121,2.94342
3544.75000,0.03175,2.75286,2.97731
3544.80000,0.02270,2.75420,3.01156
3544.85000,0.01362,2.75523,3.04592
3544.90000,0.00451,2.75594,3.08063
3544.95000,-0.00445,2.75636,3.10214
3545.00000,-0.01326,2.75665,3.10122
3545.05000,-0.02138,2.75685,3.08245
3545.10000,-0.02656,2.75674,3.05030
3545.15000,-0.02952,2.75676,3.00874
3545.20000,-0.03031,2.75686,2.95836
3545.25000,-0.03069,2.75694,2.90640
3545.30000,-0.03105,2.75705,2.86393
3545.35000,-0.03139,2.75718,2.83978
3545.40000,-0.03310,2.75787,2.83788
3545.45000,-0.03626,2.75887,2.84421
3545.50000,-0.04050,2.76015,2.85610
3545.55000,-0.04586,2.76169,2.87398
3545.60000,-0.05292,2.76354,2.90081
3545.65000,-0.06169,2.76553,2.93624
3545.70000,-0.07063,2.76722,2.97230
3545.75000,-0.07962,2.76860,3.00819
3545.80000,-0.08856,2.76967,3.03054
3545.85000,-0.09754,2.77065,3.02952
3545.90000,-0.10447,2.77112,3.00754
3545.95000,-0.10830,2.77158,2.97224
3546.00000,-0.10969,2.77183,2.92687
3546.05000,-0.11014,2.77195,2.87783
3546.10000,-0.11059,2.77208,2.82910
3546.15000,-0.11103,2.77224,2.79062
3546.20000,-0.11155,2.77253,2.77079
3546.25000,-0.11212,2.77287,2.76324
3546.30000,-0.11359,2.77346,2.76260
3546.35000,-0.11627,2.77453,2.76776
3546.40000,-0.12027,2.77609,2.77891
3546.45000,-0.12593,2.77819,2.79736
3546.50000,-0.13365,2.78086,2.82447
3546.55000,-0.14308,2.78379,2.85857
3546.60000,-0.15273,2.78641,2.89319
3546.65000,-0.16246,2.78870,2.92771
3546.70000,-0.17092,2.79039,2.94324
3546.75000,-0.17808,2.79128,2.93431
3546.80000,-0.18215,2.79171,2.90608
3546.85000,-0.18276,2.79187,2.86335
3546.90000,-0.18320,2.79200,2.81990
3546.95000,-0.18363,2.79215,2.77676
3547.00000,-0.18404,2.79233,2.74354
3547.05000,-0.18456,2.79266,2.72262
3547.10000,-0.18523,2.79315,2.71123
3547.15000,-0.18609,2.79383,2.70850
3547.20000,-0.18804,2.79495,2.71364
3547.25000,-0.19085,2.79645,2.72313
3547.30000,-0.19687,2.79922,2.74662
3547.35000,-0.20559,2.80276,2.78183
3547.40000,-0.21501,2.80611,2.81925
3547.45000,-0.22455,2.80910,2.85642
3547.50000,-0.23376,2.81146,2.87953
3547.55000,-0.24193,2.81273,2.87839
3547.60000,-0.24833,2.81348,2.86380
3547.65000,-0.25037,2.81362,2.83047
3547.70000,-0.25032,2.81360,2.78770
3547.75000,-0.25070,2.81375,2.74660
3547.80000,-0.25107,2.81391,2.70560
3547.85000,-0.25152,2.81418,2.67260
3547.90000,-0.25243,2.81498,2.66112
3547.95000,-0.25441,2.81639,2.66635
3548.00000,-0.25990,2.81926,2.68835
3548.05000,-0.26756,2.82285,2.71947
3548.10000,-0.27648,2.82666,2.75549
3548.15000,-0.28581,2.83026,2.79253
3548.20000,-0.29484,2.83326,2.81470
3548.25000,-0.30287,2.83527,2.81230
3548.30000,-0.30912,2.83678,2.79407
3548.35000,-0.31089,2.83735,2.75511
3548.40000,-0.31130,2.83754,2.70904
3548.45000,-0.31174,2.83775,2.66241
3548.50000,-0.31223,2.83805,2.62333
3548.55000,-0.31302,2.83870,2.59983
3548.60000,-0.31421,2.83979,2.59509
3548.65000,-0.31740,2.84197,2.60967
3548.70000,-0.32362,2.84557,2.64079
3548.75000,-0.33120,2.84954,2.67840
3548.80000,-0.33993,2.85372,2.72181
3548.85000,-0.34921,2.85764,2.76822
3548.90000,-0.35839,2.86098,2.81699
3548.95000,-0.36791,2.86392,2.86771
3549.00000,-0.37758,2.86639,2.91540
3549.05000,-0.38725,2.86836,2.96521
3549.10000,-0.39683,2.86981,3.00101
3549.15000,-0.40584,2.87061,3.00844
3549.20000,-0.41404,2.87088,2.99246
3549.25000,-0.42063,2.87122,2.95944
3549.30000,-0.42610,2.87219,2.91672
3549.35000,-0.43318,2.87398,2.87074
3549.40000,-0.44078,2.87630,2.82041
3549.45000,-0.44768,2.87880,2.76304
3549.50000,-0.45391,2.88122,2.71176
3549.55000,-0.46053,2.88411,2.69118
3549.60000,-0.46737,2.88729,2.69710
3549.65000,-0.47315,2.88993,2.72595
3549.70000,-0.47872,2.89229,2.76850
3549.75000,-0.48492,2.89454,2.81845
3549.80000,-0.49167,2.89659,2.87313
3549.85000,-0.49874,2.89832,2.93154
3549.90000,-0.50591,2.89961,2.99312
3549.95000,-0.51250,2.90038,3.05941
3550.00000,-0.51855,2.90067,3.12952
3550.05000,-0.52445,2.90069,-3.09143
3550.10000,-0.53033,2.90068,-3.04382
3550.15000,-0.53610,2.90072,-3.02132
3550.20000,-0.54142,2.90059,-3.03121
3550.25000,-0.54673,2.90025,-3.05578
3550.30000,-0.55238,2.89974,-3.09186
3550.35000,-0.55956,2.89955,-3.13874
3550.40000,-0.56752,2.89973,3.09304
3550.45000,-0.57614,2.90038,3.03972
3550.50000,-0.58461,2.90149,2.98289
3550.55000,-0.59280,2.90305,2.92304
3550.60000,-0.60024,2.90495,2.85917
3550.65000,-0.60735,2.90727,2.79337
3550.70000,-0.61428,2.90970,2.73726
3550.75000,-0.62107,2.91205,2.69958
3550.80000,-0.62799,2.91459,2.68991
3550.85000,-0.63474,2.91702,2.69704
3550.90000,-0.64130,2.91928,2.71495
3550.95000,-0.64770,2.92142,2.74602
3551.00000,-0.65395,2.92365,2.79474
3551.05000,-0.65973,2.92555,2.85382
3551.10000,-0.66626,2.92726,2.91475
3551.15000,-0.67320,2.92864,2.97755
3551.20000,-0.68046,2.92960,3.04162
3551.25000,-0.68774,2.93009,3.10732
3551.30000,-0.69510,2.93010,-3.10937
3551.35000,-0.70234,2.92962,-3.04165
3551.40000,-0.70946,2.92865,-2.97313
3551.45000,-0.71657,2.92719,-2.90454
3551.50000,-0.72366,2.92522,-2.83599
3551.55000,-0.73070,2.92273,-2.76766
3551.60000,-0.73764,2.91973,-2.69958
3551.65000,-0.74442,2.91623,-2.63166
3551.70000,-0.75103,2.91224,-2.56399
3551.75000,-0.75743,2.90775,-2.49668
3551.80000,-0.76361,2.90276,-2.42981
3551.85000,-0.76949,2.89735,-2.36311
3551.90000,-0.77506,2.89147,-2.29680
3551.95000,-0.78024,2.88523,-2.23054
3552.00000,-0.78508,2.87855,-2.16479
3552.05000,-0.78950,2.87152,-2.09928
3552.10000,-0.79349,2.86413,-2.03412
3552.15000,-0.79643,2.85774,-1.96390
3552.20000,-0.79814,2.85316,-1.88559
3552.25000,-0.79907,2.84984,-1.80173
3552.30000,-0.79966,2.84675,-1.71650
3552.35000,-0.79998,2.84363,-1.63111
3552.40000,-0.80004,2.84049,-1.54560
3552.45000,-0.79982,2.83736,-1.46004
3552.50000,-0.79934,2.83424,-1.37447
3552.55000,-0.79859,2.83116,-1.28893
3552.60000,-0.79756,2.82813,-1.20347
3552.65000,-0.79627,2.82516,-1.11811
3552.70000,-0.79472,2.82228,-1.03289
3552.75000,-0.79290,2.81951,-0.94782
3552.80000,-0.79082,2.81686,-0.86295
3552.85000,-0.78848,2.81436,-0.77828
3552.90000,-0.78590,2.81202,-0.69385
3552.95000,-0.78314,2.80991,-0.61000
3553.00000,-0.78036,2.80813,-0.52747
3553.05000,-0.77762,2.80668,-0.44632
3553.10000,-0.77494,2.80552,-0.36654
3553.15000,-0.77224,2.80461,-0.28810
3553.20000,-0.76955,2.80392,-0.21099
3553.25000,-0.76687,2.80345,-0.13521
3553.30000,-0.76424,2.80320,-0.06076
3553.35000,-0.76165,2.80313,0.01236
3553.40000,-0.75914,2.80325,0.08414
3553.45000,-0.75670,2.80355,0.15459
3553.50000,-0.75436,2.80400,0.22371
3553.55000,-0.75210,2.80459,0.29148
3553.60000,-0.74996,2.80531,0.35792
3553.65000,-0.74791,2.80615,0.42303
3553.70000,-0.74598,2.80709,0.48681
3553.75000,-0.74199,2.80943,0.54533
3553.80000,-0.73539,2.81367,0.59803
3553.85000,-0.72879,2.81816,0.64393
3553.90000,-0.72316,2.82200,0.67910
3553.95000,-0.71934,2.82514,0.70982
3554.00000,-0.71517,2.82872,0.72438
3554.05000,-0.70862,2.83456,0.72754
3554.10000,-0.70119,2.84114,0.72294
3554.15000,-0.69373,2.84769,0.71761
3554.20000,-0.68626,2.85418,0.71212
3554.25000,-0.67881,2.86056,0.70322
3554.30000,-0.67130,2.86687,0.69307
3554.35000,-0.66373,2.87310,0.68185
3554.40000,-0.65614,2.87919,0.66977
3554.45000,-0.64844,2.88521,0.65637
3554.50000,-0.64073,2.89107,0.64221
3554.55000,-0.63298,2.89678,0.62692
3554.60000,-0.62513,2.90237,0.61109
3554.65000,-0.61725,2.90780,0.59425
3554.70000,-0.60928,2.91308,0.57642
3554.75000,-0.60124,2.91820,0.55770
3554.80000,-0.59311,2.92315,0.53832
3554.85000,-0.58490,2.92794,0.51834
3554.90000,-0.57662,2.93255,0.49732
3554.95000,-0.56826,2.93697,0.47577
3555.00000,-0.55982,2.94120,0.45339
3555.05000,-0.55131,2.94523,0.43021
3555.10000,-0.54271,2.94905,0.40657
3555.15000,-0.53403,2.95266,0.38243
3555.20000,-0.52529,2.95605,0.35752
3555.25000,-0.51648,2.95922,0.33202
3555.30000,-0.50761,2.96214,0.30561
3555.35000,-0.49868,2.96483,0.27861
3555.40000,-0.48970,2.96727,0.25093
3555.45000,-0.48066,2.96945,0.22266
3555.50000,-0.47159,2.97136,0.19373
3555.55000,-0.46247,2.97301,0.16449
3555.60000,-0.45333,2.97439,0.13454
3555.65000,-0.44417,2.97549,0.10411
3555.70000,-0.43498,2.97630,0.07327
3555.75000,-0.42578,2.97683,0.04157
3555.80000,-0.41658,2.97707,0.00958
3555.85000,-0.40740,2.97700,-0.02273
3555.90000,-0.39823,2.97665,-0.05532
3555.95000,-0.38909,2.97599,-0.08821
3556.00000,-0.37998,2.97503,-0.12145
3556.05000,-0.37091,2.97376,-0.15480
3556.10000,-0.36190,2.97220,-0.18849
3556.15000,-0.35294,2.97033,-0.22227
3556.20000,-0.34406,2.96816,-0.25620
3556.25000,-0.33526,2.96569,-0.29048
3556.30000,-0.32656,2.96293,-0.32510
3556.35000,-0.31797,2.95986,-0.36020
3556.40000,-0.30950,2.95650,-0.39563
3556.45000,-0.30116,2.95284,-0.43138
3556.50000,-0.29296,2.94888,-0.46706
3556.55000,-0.28492,2.94465,-0.50331
3556.60000,-0.27704,2.94012,-0.53939
3556.65000,-0.26934,2.93531,-0.57589
3556.70000,-0.26283,2.93095,-0.61387
3556.75000,-0.25910,2.92822,-0.66143
3556.80000,-0.25775,2.92712,-0.72064
3556.85000,-0.25762,2.92700,-0.78638
3556.90000,-0.25757,2.92695,-0.85267
3556.95000,-0.25753,2.92690,-0.91899
3557.00000,-0.25749,2.92685,-0.98533
3557.05000,-0.25746,2.92679,-1.05173
3557.10000,-0.25743,2.92673,-1.11813
3557.15000,-0.25740,2.92668,-1.18449
3557.20000,-0.25738,2.92662,-1.25082
3557.25000,-0.25736,2.92656,-1.31718
3557.30000,-0.25735,2.92650,-1.38359
3557.35000,-0.25734,2.92644,-1.45011
3557.40000,-0.25734,2.92638,-1.51682
3557.45000,-0.25734,2.92633,-1.58372
3557.50000,-0.25734,2.92627,-1.65059
3557.55000,-0.25734,2.92621,-1.71735
3557.60000,-0.25736,2.92616,-1.78386
3557.65000,-0.25737,2.92610,-1.85007
3557.70000,-0.25739,2.92605,-1.91609
3557.75000,-0.25741,2.92600,-1.98201
3557.80000,-0.25743,2.92595,-2.04794
3557.85000,-0.25746,2.92591,-2.11399
3557.90000,-0.25748,2.92586,-2.18026
3557.95000,-0.25752,2.92582,-2.24689
3558.00000,-0.25755,2.92578,-2.31401
3558.05000,-0.25758,2.92575,-2.38178
3558.10000,-0.25762,2.92571,-2.45032
3558.15000,-0.25766,2.92569,-2.51980
3558.20000,-0.25770,2.92566,-2.59025
3558.25000,-0.25774,2.92563,-2.66164
3558.30000,-0.25779,2.92561,-2.73326
3558.35000,-0.25783,2.92559,-2.80423
3558.40000,-0.25788,2.92558,-2.87441
3558.45000,-0.25793,2.92557,-2.94378
3558.50000,-0.25798,2.92556,-3.01234
3558.55000,-0.25803,2.92556,-3.08006
3558.60000,-0.25808,2.92555,3.13623
3558.65000,-0.25813,2.92556,3.07018
3558.70000,-0.25819,2.92559,3.01334
3558.75000,-0.25835,2.92574,2.97057
3558.80000,-0.25946,2.92615,2.94188
3558.85000,-0.26292,2.92695,2.92463
3558.90000,-0.26931,2.92868,2.91986
3558.95000,-0.27718,2.93072,2.92171
3559.00000,-0.28714,2.93289,2.93323
3559.05000,-0.29711,2.93494,2.94517
3559.10000,-0.30701,2.93685,2.95709
3559.15000,-0.31705,2.93865,2.96981
3559.20000,-0.32691,2.94029,2.98298
3559.25000,-0.33678,2.94180,2.99605
3559.30000,-0.34668,2.94318,3.01022
3559.35000,-0.35666,2.94442,3.02532
3559.40000,-0.36660,2.94551,3.04031
3559.45000,-0.37654,2.94644,3.05593
3559.50000,-0.38650,2.94721,3.07208
3559.55000,-0.39647,2.94782,3.08882
3559.60000,-0.40647,2.94826,3.10661
3559.65000,-0.41646,2.94851,3.12500
3559.70000,-0.42646,2.94859,-3.13950
3559.75000,-0.43646,2.94847,-3.12085
3559.80000,-0.44646,2.94817,-3.10137
3559.85000,-0.45645,2.94767,-3.08132
3559.90000,-0.46642,2.94696,-3.06076
3559.95000,-0.47638,2.94605,-3.04009
3560.00000,-0.48632,2.94493,-3.01940
3560.05000,-0.49625,2.94360,-2.99669
3560.10000,-0.50608,2.94221,-2.97922
3560.15000,-0.51584,2.94088,-2.96712
3560.20000,-0.52557,2.93958,-2.95604
3560.25000,-0.53527,2.93830,-2.94692
3560.30000,-0.54438,2.93720,-2.94765
3560.35000,-0.55024,2.93656,-2.94460
3560.40000,-0.55537,2.93549,-2.92104
3560.45000,-0.56214,2.93386,-2.88825
3560.50000,-0.57024,2.93159,-2.84973
3560.55000,-0.57917,2.92871,-2.80755
3560.60000,-0.58850,2.92523,-2.76296
3560.65000,-0.59771,2.92133,-2.71862
3560.70000,-0.60655,2.91710,-2.67129
3560.75000,-0.61503,2.91252,-2.61983
3560.80000,-0.62356,2.90732,-2.56767
3560.85000,-0.63156,2.90183,-2.51334
3560.90000,-0.63907,2.89604,-2.45656
3560.95000,-0.64644,2.88966,-2.39961
3561.00000,-0.65312,2.88316,-2.34021
3561.05000,-0.65942,2.87626,-2.28028
3561.10000,-0.66535,2.86891,-2.22033
3561.15000,-0.67064,2.86149,-2.15882
3561.20000,-0.67529,2.85401,-2.09595
3561.25000,-0.67966,2.84589,-2.03441
3561.30000,-0.68340,2.83780,-1.97162
3561.35000,-0.68664,2.82943,-1.90899
3561.40000,-0.68935,2.82086,-1.84637
3561.45000,-0.69155,2.81207,-1.78395
3561.50000,-0.69320,2.80310,-1.72172
3561.55000,-0.69429,2.79401,-1.65962
3561.60000,-0.69482,2.78480,-1.59775
3561.65000,-0.69479,2.77551,-1.53612
3561.70000,-0.69418,2.76618,-1.47474
3561.75000,-0.69299,2.75687,-1.41350
3561.80000,-0.69163,2.74949,-1.35077
3561.85000,-0.68991,2.74280,-1.28757
3561.90000,-0.68775,2.73618,-1.22492
3561.95000,-0.68519,2.72969,-1.16285
3562.00000,-0.68223,2.72339,-1.10137
3562.05000,-0.67892,2.71734,-1.04049
3562.10000,-0.67531,2.71157,-0.98024
3562.15000,-0.67142,2.70613,-0.92063
3562.20000,-0.66732,2.70105,-0.86168
3562.25000,-0.66305,2.69636,-0.80338
3562.30000,-0.65866,2.69206,-0.74577
3562.35000,-0.65419,2.68817,-0.68886
3562.40000,-0.64969,2.68466,-0.63264
3562.45000,-0.64518,2.68154,-0.57715
3562.50000,-0.64069,2.67880,-0.52238
3562.55000,-0.63626,2.67640,-0.46836
3562.60000,-0.63191,2.67435,-0.41507
3562.65000,-0.62765,2.67260,-0.36254
3562.70000,-0.62350,2.67115,-0.31076
3562.75000,-0.61952,2.66998,-0.25972
3562.80000,-0.61576,2.66908,-0.20941
3562.85000,-0.61224,2.66842,-0.15984
3562.90000,-0.60896,2.66798,-0.11100
3562.95000,-0.60592,2.66771,-0.06289
3563.00000,-0.60311,2.66760,-0.01552
3563.05000,-0.60053,2.66762,0.03113
3563.10000,-0.59814,2.66775,0.07706
3563.15000,-0.59595,2.66797,0.12225
3563.20000,-0.59394,2.66826,0.16671
3563.25000,-0.59209,2.66861,0.21044
3563.30000,-0.59040,2.66901,0.25343
3563.35000,-0.58885,2.66945,0.29570
3563.40000,-0.58534,2.67092,0.33682
3563.45000,-0.57832,2.67361,0.37654
3563.50000,-0.57031,2.67698,0.42003
3563.55000,-0.56226,2.68079,0.46382
3563.60000,-0.55437,2.68495,0.50681
3563.65000,-0.54664,2.68945,0.54900
3563.70000,-0.53909,2.69429,0.59037
3563.75000,-0.53173,2.69944,0.63087
3563.80000,-0.52457,2.70490,0.67054
3563.85000,-0.51760,2.71064,0.70940
3563.90000,-0.51076,2.71654,0.73981
3563.95000,-0.50424,2.72221,0.74026
3564.00000,-0.49874,2.72712,0.71643
3564.05000,-0.49218,2.73265,0.68427
3564.10000,-0.48502,2.73828,0.64902
3564.15000,-0.47766,2.74366,0.61382
3564.20000,-0.47012,2.74877,0.57871
3564.25000,-0.46242,2.75361,0.54307
3564.30000,-0.45454,2.75818,0.50759
3564.35000,-0.44652,2.76245,0.47148
3564.40000,-0.43835,2.76643,0.43554
3564.45000,-0.43004,2.77012,0.39931
3564.50000,-0.42161,2.77349,0.36302
3564.55000,-0.41307,2.77656,0.32667
3564.60000,-0.40441,2.77932,0.29053
3564.65000,-0.39566,2.78176,0.25441
3564.70000,-0.38683,2.78389,0.21808
3564.75000,-0.37791,2.78570,0.18188
3564.80000,-0.36895,2.78718,0.14548
3564.85000,-0.35993,2.78833,0.10961
3564.90000,-0.35087,2.78917,0.07391
3564.95000,-0.34178,2.78967,0.03819
3565.00000,-0.33268,2.78986,0.00268
3565.05000,-0.32357,2.78972,-0.03252
3565.10000,-0.31447,2.78926,-0.06766
3565.15000,-0.30538,2.78849,-0.10212
3565.20000,-0.29630,2.78740,-0.13611
3565.25000,-0.28725,2.78600,-0.16964
3565.30000,-0.27826,2.78430,-0.20376
3565.35000,-0.26935,2.78230,-0.23829
3565.40000,-0.26051,2.77999,-0.27277
3565.45000,-0.25165,2.77745,-0.29954
3565.50000,-0.24266,2.77475,-0.31042
3565.55000,-0.23370,2.77204,-0.31094
3565.60000,-0.22470,2.76930,-0.29292
3565.65000,-0.21794,2.76748,-0.26023
3565.70000,-0.21411,2.76654,-0.21657
3565.75000,-0.21267,2.76625,-0.16234
3565.80000,-0.21259,2.76624,-0.10250
3565.85000,-0.21252,2.76627,-0.05155
3565.90000,-0.21294,2.76624,-0.02243
3565.95000,-0.21270,2.76617,-0.01175
3566.00000,-0.20978,2.76607,-0.01464
3566.05000,-0.20439,2.76590,-0.03076
3566.10000,-0.19633,2.76551,-0.06001
3566.15000,-0.18722,2.76480,-0.09439
3566.20000,-0.17812,2.76378,-0.12839
3566.25000,-0.16908,2.76246,-0.16277
3566.30000,-0.16009,2.76082,-0.19735
3566.35000,-0.15101,2.75891,-0.22202
3566.40000,-0.14152,2.75679,-0.22351
3566.45000,-0.13200,2.75463,-0.21155
3566.50000,-0.12264,2.75261,-0.19133
3566.55000,-0.11399,2.75106,-0.15954
3566.60000,-0.10753,2.75015,-0.11727
3566.65000,-0.10342,2.74976,-0.06464
3566.70000,-0.10174,2.74969,-0.00181
3566.75000,-0.10139,2.74971,0.05724
3566.80000,-0.10115,2.74970,0.09473
3566.85000,-0.10093,2.74971,0.11713
3566.90000,-0.10061,2.74984,0.13142
3566.95000,-0.10006,2.75011,0.13810
3567.00000,-0.09850,2.75060,0.13872
3567.05000,-0.09523,2.75132,0.13108
3567.10000,-0.09157,2.75214,0.12185
3567.15000,-0.08620,2.75305,0.10379
3567.20000,-0.07786,2.75386,0.06917
3567.25000,-0.06791,2.75437,0.03382
3567.30000,-0.05791,2.75453,-0.00109
3567.35000,-0.04791,2.75434,-0.03725
3567.40000,-0.03833,2.75381,-0.07354
3567.45000,-0.02916,2.75296,-0.11429
3567.50000,-0.02024,2.75171,-0.15860
3567.55000,-0.01152,2.75011,-0.20599
3567.60000,-0.00356,2.74827,-0.25992
3567.65000,0.00447,2.74590,-0.31611
3567.70000,0.01242,2.74302,-0.37406
3567.75000,0.02091,2.73942,-0.43058
3567.80000,0.02912,2.73536,-0.48769
3567.85000,0.03685,2.73124,-0.52826
3567.90000,0.04304,2.72788,-0.55841
3567.95000,0.04805,2.72459,-0.59790
3568.00000,0.05444,2.72004,-0.64064
3568.05000,0.06034,2.71564,-0.67212
3568.10000,0.06610,2.71130,-0.68833
3568.15000,0.07081,2.70771,-0.68831
3568.20000,0.07397,2.70515,-0.69388
3568.25000,0.07704,2.70264,-0.69437
3568.30000,0.07963,2.70054,-0.68643
3568.35000,0.08160,2.69897,-0.68932
3568.40000,0.08366,2.69732,-0.70349
3568.45000,0.08707,2.69439,-0.72095
3568.50000,0.09070,2.69122,-0.72533
3568.55000,0.09325,2.68899,-0.71781
3568.60000,0.09522,2.68726,-0.73136
3568.65000,0.09873,2.68402,-0.75901
3568.70000,0.10294,2.68002,-0.78424
3568.75000,0.10714,2.67599,-0.79897
3568.80000,0.11139,2.67190,-0.80733
3568.85000,0.11563,2.66781,-0.81186
3568.90000,0.11986,2.66370,-0.81043
3568.95000,0.12408,2.65956,-0.79411
3569.00000,0.12805,2.65568,-0.75635
3569.05000,0.12989,2.65404,-0.71705
3569.10000,0.13127,2.65293,-0.70958
3569.15000,0.13300,2.65144,-0.71846
3569.20000,0.13600,2.64877,-0.73388
3569.25000,0.14047,2.64465,-0.75787
3569.30000,0.14609,2.63929,-0.78160
3569.35000,0.15176,2.63384,-0.79149
3569.40000,0.15690,2.62880,-0.78887
3569.45000,0.16040,2.62527,-0.78538
3569.50000,0.16359,2.62202,-0.76849
3569.55000,0.16577,2.61984,-0.74389
3569.60000,0.16754,2.61813,-0.73262
3569.65000,0.16928,2.61648,-0.73271
3569.70000,0.17142,2.61452,-0.74201
3569.75000,0.17490,2.61128,-0.75950
3569.80000,0.17988,2.60650,-0.77846
3569.85000,0.18433,2.60214,-0.79247
3569.90000,0.18886,2.59743,-0.81779
3569.95000,0.19417,2.59174,-0.83904
3570.00000,0.19980,2.58567,-0.83946
3570.05000,0.20541,2.57959,-0.81757
3570.10000,0.20962,2.57524,-0.78143
3570.15000,0.21174,2.57322,-0.73271
3570.20000,0.21207,2.57293,-0.67420
3570.25000,0.21231,2.57278,-0.62697
3570.30000,0.21210,2.57309,-0.60722
3570.35000,0.21244,2.57286,-0.60550
3570.40000,0.21549,2.57070,-0.62047
3570.45000,0.22107,2.56658,-0.65179
3570.50000,0.22758,2.56141,-0.68975
3570.55000,0.23440,2.55556,-0.73027
3570.60000,0.24099,2.54942,-0.76981
3570.65000,0.24748,2.54311,-0.80200
3570.70000,0.25439,2.53631,-0.81151
3570.75000,0.26024,2.53029,-0.79115
3570.80000,0.26446,2.52614,-0.75658
3570.85000,0.26669,2.52411,-0.71028
3570.90000,0.26710,2.52377,-0.65418
3570.95000,0.26737,2.52358,-0.59740
3571.00000,0.26755,2.52352,-0.55298
3571.05000,0.26726,2.52391,-0.53492
3571.10000,0.26876,2.52301,-0.53796
3571.15000,0.27291,2.52046,-0.55737
3571.20000,0.27916,2.51642,-0.58940
3571.25000,0.28633,2.51144,-0.62704
3571.30000,0.29353,2.50600,-0.66592
3571.35000,0.30054,2.50028,-0.70385
3571.40000,0.30732,2.49429,-0.74239
3571.45000,0.31399,2.48815,-0.77382
3571.50000,0.32105,2.48155,-0.77981
3571.55000,0.32798,2.47493,-0.76264
3571.60000,0.33298,2.47031,-0.72563
3571.65000,0.33539,2.46826,-0.67843
3571.70000,0.33588,2.46788,-0.62029
3571.75000,0.33608,2.46774,-0.55976
3571.80000,0.33628,2.46762,-0.49840
3571.85000,0.33650,2.46753,-0.44815
3571.90000,0.33630,2.46782,-0.42306
3571.95000,0.33710,2.46742,-0.42058
3572.00000,0.34011,2.46602,-0.43149
3572.05000,0.34612,2.46313,-0.45912
3572.10000,0.35318,2.45948,-0.49706
3572.15000,0.36046,2.45532,-0.54164
3572.20000,0.36806,2.45054,-0.58002
3572.25000,0.37526,2.44561,-0.62218
3572.30000,0.38261,2.44007,-0.66776
3572.35000,0.38953,2.43433,-0.71892
3572.40000,0.39625,2.42812,-0.77284
3572.45000,0.40292,2.42125,-0.82756
3572.50000,0.40938,2.41382,-0.88294
3572.55000,0.41551,2.40592,-0.93801
3572.60000,0.42112,2.39781,-0.99415
3572.65000,0.42634,2.38928,-1.04917
3572.70000,0.43108,2.38048,-1.10288
3572.75000,0.43535,2.37145,-1.15704
3572.80000,0.43912,2.36219,-1.21123
3572.85000,0.44238,2.35274,-1.26444
3572.90000,0.44453,2.34511,-1.32098
3572.95000,0.44618,2.33766,-1.37918
3573.00000,0.44754,2.32936,-1.43725
3573.05000,0.44828,2.32227,-1.49630
3573.10000,0.44844,2.31788,-1.56276
3573.15000,0.44838,2.31530,-1.63697
3573.20000,0.44825,2.31398,-1.71635
3573.25000,0.44817,2.31357,-1.79912
3573.30000,0.44812,2.31337,-1.88234
3573.35000,0.44805,2.31317,-1.96492
3573.40000,0.44796,2.31299,-2.04681
3573.45000,0.44786,2.31281,-2.12799
3573.50000,0.44774,2.31264,-2.20844
3573.55000,0.44761,2.31248,-2.28814
3573.60000,0.44747,2.31233,-2.36706
3573.65000,0.44732,2.31219,-2.44520
3573.70000,0.44715,2.31206,-2.52253
3573.75000,0.44698,2.31195,-2.59905
3573.80000,0.44680,2.31185,-2.67472
3573.85000,0.44661,2.31176,-2.74953
3573.90000,0.44642,2.31169,-2.82348
3573.95000,0.44622,2.31164,-2.89653
3574.00000,0.44602,2.31159,-2.96869
3574.05000,0.44581,2.31156,-3.03993
3574.10000,0.44560,2.31155,-3.11024
3574.15000,0.44540,2.31155,3.10358
3574.20000,0.44519,2.31157,3.03516
3574.25000,0.44498,2.31160,2.96770
3574.30000,0.44478,2.31164,2.90122
3574.35000,0.44458,2.31169,2.83575
3574.40000,0.44439,2.31176,2.77131
3574.45000,0.44420,2.31184,2.70791
3574.50000,0.44401,2.31194,2.64553
3574.55000,0.44383,2.31204,2.58423
3574.60000,0.44366,2.31216,2.52399
3574.65000,0.44350,2.31228,2.46485
3574.70000,0.44334,2.31241,2.40677
3574.75000,0.44319,2.31256,2.34979
3574.80000,0.44305,2.31270,2.29392
3574.85000,0.44292,2.31286,2.23915
3574.90000,0.44280,2.31303,2.18551
3574.95000,0.44269,2.31319,2.13299
3575.00000,0.44144,2.31518,2.08244
3575.05000,0.43846,2.32022,2.05241
3575.10000,0.43475,2.32716,2.04611
3575.15000,0.43015,2.33606,2.04940
3575.20000,0.42548,2.34505,2.05321
3575.25000,0.42075,2.35406,2.05713
3575.30000,0.41596,2.36311,2.06128
3575.35000,0.41116,2.37203,2.06680
3575.40000,0.40631,2.38094,2.07236
3575.45000,0.40140,2.38983,2.07877
3575.50000,0.39644,2.39868,2.08548
3575.55000,0.39144,2.40746,2.09274
3575.60000,0.38634,2.41626,2.10078
3575.65000,0.38119,2.42497,2.10911
3575.70000,0.37604,2.43352,2.11656
3575.75000,0.37082,2.44204,2.12443
3575.80000,0.36553,2.45051,2.13247
3575.85000,0.36017,2.45894,2.14108
3575.90000,0.35475,2.46732,2.14983
3575.95000,0.34924,2.47565,2.15896
3576.00000,0.34366,2.48393,2.16862
3576.05000,0.33799,2.49216,2.17841
3576.10000,0.33225,2.50033,2.18849
3576.15000,0.32642,2.50844,2.19891
3576.20000,0.32051,2.51649,2.20964
3576.25000,0.31451,2.52447,2.22065
3576.30000,0.30842,2.53239,2.23216
3576.35000,0.30309,2.53929,2.22928
3576.40000,0.29752,2.54659,2.21114
3576.45000,0.29188,2.55433,2.19033
3576.50000,0.28632,2.56227,2.17052
3576.55000,0.28091,2.57034,2.15191
3576.60000,0.27567,2.57848,2.13402
3576.65000,0.27056,2.58670,2.11718
3576.70000,0.26595,2.59441,2.11461
3576.75000,0.26197,2.60084,2.13659
3576.80000,0.25727,2.60806,2.16767
3576.85000,0.25200,2.61552,2.20517
3576.90000,0.24609,2.62325,2.24555
3576.95000,0.23980,2.63083,2.28589
3577.00000,0.23322,2.63812,2.32632
3577.05000,0.22684,2.64461,2.36913
3577.10000,0.22032,2.65070,2.41238
3577.15000,0.21355,2.65649,2.45597
3577.20000,0.20652,2.66199,2.49908
3577.25000,0.19926,2.66718,2.54177
3577.30000,0.19178,2.67207,2.58443
3577.35000,0.18410,2.67663,2.62693
3577.40000,0.17622,2.68086,2.66926
3577.45000,0.16817,2.68476,2.71150
3577.50000,0.15921,2.68872,2.75112
3577.55000,0.14980,2.69240,2.78993
3577.60000,0.14017,2.69572,2.82894
3577.65000,0.13072,2.69858,2.86723
3577.70000,0.12118,2.70106,2.90563
3577.75000,0.11154,2.70320,2.94398
3577.80000,0.10178,2.70497,2.98205
3577.85000,0.09222,2.70631,3.02175
3577.90000,0.08272,2.70728,3.06030
3577.95000,0.07349,2.70786,3.10083
3578.00000,0.06471,2.70806,3.13066
3578.05000,0.05620,2.70808,3.13717
3578.10000,0.04893,2.70809,3.12630
3578.15000,0.04420,2.70809,3.10176
3578.20000,0.04163,2.70810,3.06624
3578.25000,0.04098,2.70814,3.02142
3578.30000,0.04086,2.70816,2.97283
3578.35000,0.04073,2.70818,2.92296
3578.40000,0.04061,2.70823,2.88287
3578.45000,0.04036,2.70845,2.86671
3578.50000,0.03882,2.70915,2.87099
3578.55000,0.03368,2.71067,2.89069
3578.60000,0.02622,2.71256,2.92072
3578.65000,0.01704,2.71445,2.95627
3578.70000,0.00718,2.71611,2.99340
3578.75000,-0.00273,2.71740,3.03085
3578.80000,-0.01269,2.71832,3.06807
3578.85000,-0.02120,2.71884,3.08493
3578.90000,-0.02702,2.71920,3.06805
3578.95000,-0.03104,2.71956,3.02776
3579.00000,-0.03304,2.71984,2.97400
3579.05000,-0.03357,2.71994,2.91375
3579.10000,-0.03403,2.72007,2.86393
3579.15000,-0.03446,2.72020,2.82803
3579.20000,-0.03479,2.72024,2.80165
3579.25000,-0.03499,2.72019,2.78464
3579.30000,-0.03509,2.72005,2.77327
3579.35000,-0.03510,2.71983,2.76399
3579.40000,-0.03505,2.71955,2.75698
3579.45000,-0.03495,2.71923,2.75233
3579.50000,-0.03481,2.71888,2.74998
3579.55000,-0.03466,2.71862,2.75192
3579.60000,-0.03520,2.71885,2.76076
3579.65000,-0.03734,2.71969,2.77665
3579.70000,-0.04142,2.72121,2.80100
3579.75000,-0.04751,2.72327,2.83436
3579.80000,-0.05592,2.72581,2.87641
3579.85000,-0.06571,2.72825,2.92371
3579.90000,-0.07552,2.73018,2.97108
3579.95000,-0.08392,2.73141,3.02427
3580.00000,-0.09083,2.73196,3.07184
3580.05000,-0.09686,2.73188,3.09513
3580.10000,-0.10220,2.73183,3.09482
3580.15000,-0.10700,2.73196,3.07382
3580.20000,-0.11181,2.73239,3.03151
3580.25000,-0.11771,2.73320,2.98094
3580.30000,-0.12440,2.73447,2.92659
3580.35000,-0.13159,2.73626,2.86956
3580.40000,-0.13906,2.73858,2.81066
3580.45000,-0.14723,2.74166,2.75272
3580.50000,-0.15466,2.74497,2.69085
3580.55000,-0.16089,2.74824,2.62360
3580.60000,-0.16667,2.75149,2.56579
3580.65000,-0.17255,2.75489,2.52494
3580.70000,-0.17913,2.75909,2.51716
3580.75000,-0.18612,2.76374,2.52631
3580.80000,-0.19139,2.76734,2.56317
3580.85000,-0.19542,2.76981,2.61705
3580.90000,-0.19966,2.77210,2.67799
3580.95000,-0.20478,2.77446,2.74117
3581.00000,-0.21005,2.77656,2.79453
3581.05000,-0.21447,2.77773,2.81876
3581.10000,-0.21777,2.77784,2.81159
3581.15000,-0.22160,2.77915,2.77956
3581.20000,-0.22687,2.78128,2.73777
3581.25000,-0.23282,2.78399,2.68947
3581.30000,-0.23907,2.78724,2.63622
3581.35000,-0.24527,2.79091,2.57889
3581.40000,-0.25132,2.79499,2.51834
3581.45000,-0.25732,2.79959,2.45622
3581.50000,-0.26342,2.80492,2.39442
3581.55000,-0.26994,2.81133,2.33518
3581.60000,-0.27557,2.81757,2.27238
3581.65000,-0.28012,2.82333,2.20493
3581.70000,-0.28427,2.82939,2.13696
3581.75000,-0.28810,2.83590,2.06941
3581.80000,-0.29155,2.84278,2.00211
3581.85000,-0.29452,2.84985,1.93457
3581.90000,-0.29703,2.85718,1.86718
3581.95000,-0.29901,2.86456,1.79934
3582.00000,-0.30051,2.87217,1.73184
3582.05000,-0.30148,2.87972,1.66374
3582.10000,-0.30192,2.88725,1.59540
3582.15000,-0.30185,2.89464,1.52643
3582.20000,-0.30127,2.90196,1.45723
3582.25000,-0.30020,2.90906,1.38742
3582.30000,-0.29866,2.91600,1.31734
3582.35000,-0.29666,2.92275,1.24697
3582.40000,-0.29422,2.92924,1.17616
3582.45000,-0.29136,2.93548,1.10508
3582.50000,-0.28812,2.94138,1.03349
3582.55000,-0.28448,2.94701,0.96178
3582.60000,-0.28052,2.95228,0.88963
3582.65000,-0.27620,2.95723,0.81738
3582.70000,-0.27154,2.96185,0.74512
3582.75000,-0.26652,2.96616,0.67302
3582.80000,-0.26121,2.97008,0.60085
3582.85000,-0.25562,2.97362,0.52874
3582.90000,-0.24974,2.97678,0.45685
3582.95000,-0.24360,2.97953,0.38519
3583.00000,-0.23729,2.98183,0.31343
3583.05000,-0.23086,2.98366,0.24161
3583.10000,-0.22431,2.98502,0.16978
3583.15000,-0.21765,2.98592,0.09810
3583.20000,-0.21092,2.98634,0.02646
3583.25000,-0.20414,2.98628,-0.04502
3583.30000,-0.19734,2.98572,-0.11634
3583.35000,-0.19056,2.98469,-0.18752
3583.40000,-0.18387,2.98317,-0.25869
3583.45000,-0.17731,2.98118,-0.32986
3583.50000,-0.17087,2.97871,-0.40090
3583.55000,-0.16466,2.97581,-0.47206
3583.60000,-0.15860,2.97244,-0.54293
3583.65000,-0.15276,2.96863,-0.61368
3583.70000,-0.14727,2.96446,-0.68468
3583.75000,-0.14211,2.96026,-0.74412
3583.80000,-0.13722,2.95620,-0.78564
3583.85000,-0.13467,2.95367,-0.81130
3583.90000,-0.13357,2.95249,-0.82710
3583.95000,-0.13271,2.95154,-0.84039
3584.00000,-0.13192,2.95064,-0.85260
3584.05000,-0.13117,2.94977,-0.86381
3584.10000,-0.13047,2.94895,-0.87395
3584.15000,-0.12981,2.94814,-0.88313
3584.20000,-0.12920,2.94739,-0.89116
3584.25000,-0.12863,2.94667,-0.89825
3584.30000,-0.12808,2.94598,-0.90437
3584.35000,-0.12754,2.94529,-0.90947
3584.40000,-0.12703,2.94462,-0.91386
3584.45000,-0.12650,2.94393,-0.91743
3584.50000,-0.12600,2.94328,-0.92019
3584.55000,-0.12554,2.94266,-0.92207
3584.60000,-0.12506,2.94203,-0.92307
3584.65000,-0.12457,2.94139,-0.92316
3584.70000,-0.12408,2.94075,-0.92237
3584.75000,-0.12359,2.94009,-0.92082
3584.80000,-0.12308,2.93943,-0.91849
3584.85000,-0.12257,2.93876,-0.91543
3584.90000,-0.12205,2.93807,-0.91165
3584.95000,-0.12151,2.93738,-0.90718
3585.00000,-0.12095,2.93667,-0.90202
3585.05000,-0.12040,2.93598,-0.89639
3585.10000,-0.11982,2.93525,-0.88993
3585.15000,-0.11923,2.93454,-0.88280
3585.20000,-0.11864,2.93381,-0.87507
3585.25000,-0.11801,2.93307,-0.86682
3585.30000,-0.11746,2.93242,-0.85868
3585.35000,-0.11689,2.93177,-0.84990
3585.40000,-0.11626,2.93104,-0.84005
3585.45000,-0.11572,2.93045,-0.83057
3585.50000,-0.11521,2.92989,-0.82076
3585.55000,-0.11469,2.92934,-0.81047
3585.60000,-0.11417,2.92880,-0.79975
3585.65000,-0.11364,2.92826,-0.78861
3585.70000,-0.11311,2.92773,-0.77707
3585.75000,-0.11258,2.92721,-0.76514
3585.80000,-0.11204,2.92670,-0.75283
3585.85000,-0.11149,2.92619,-0.74017
3585.90000,-0.11094,2.92570,-0.72717
3585.95000,-0.11038,2.92521,-0.71383
3586.00000,-0.10982,2.92473,-0.70017
3586.05000,-0.10926,2.92426,-0.68621
3586.10000,-0.10869,2.92380,-0.67196
3586.15000,-0.10811,2.92335,-0.65744
3586.20000,-0.10753,2.92291,-0.64271
3586.25000,-0.10695,2.92248,-0.62778
3586.30000,-0.10637,2.92206,-0.61261
3586.35000,-0.10578,2.92165,-0.59723
3586.40000,-0.10519,2.92126,-0.58170
3586.45000,-0.10460,2.92088,-0.56603
3586.50000,-0.10401,2.92051,-0.55017
3586.55000,-0.10341,2.92015,-0.53415
3586.60000,-0.10282,2.91980,-0.51796
3586.65000,-0.10222,2.91947,-0.50163
3586.70000,-0.10162,2.91915,-0.48521
3586.75000,-0.10104,2.91885,-0.46873
3586.80000,-0.10046,2.91856,-0.45221
3586.85000,-0.09987,2.91829,-0.44278
3586.90000,-0.09926,2.91803,-0.44735
3586.95000,-0.09624,2.91644,-0.46919
3587.00000,-0.09095,2.91362,-0.50608
3587.05000,-0.08388,2.90952,-0.54584
3587.10000,-0.07654,2.90510,-0.58040
3587.15000,-0.07012,2.90104,-0.59809
3587.20000,-0.06636,2.89855,-0.59796
3587.25000,-0.06432,2.89718,-0.58846
3587.30000,-0.06335,2.89655,-0.57315
3587.35000,-0.06309,2.89638,-0.55410
3587.40000,-0.06285,2.89624,-0.53450
3587.45000,-0.06260,2.89611,-0.52178
3587.50000,-0.06233,2.89599,-0.52299
3587.55000,-0.06124,2.89535,-0.54808
3587.60000,-0.05888,2.89390,-0.57302
3587.65000,-0.05652,2.89244,-0.58514
3587.70000,-0.05415,2.89095,-0.59064
3587.75000,-0.05290,2.89021,-0.59506
3587.80000,-0.05241,2.88990,-0.59643
3587.85000,-0.05204,2.88966,-0.57337
3587.90000,-0.05196,2.88961,-0.54361
3587.95000,-0.05166,2.88942,-0.51046
3588.00000,-0.05142,2.88930,-0.49659
3588.05000,-0.05129,2.88921,-0.48744
3588.10000,-0.05113,2.88915,-0.47817
3588.15000,-0.05092,2.88912,-0.49404
3588.20000,-0.04891,2.88794,-0.52934
3588.25000,-0.04480,2.88542,-0.57091
3588.30000,-0.04017,2.88246,-0.60682
3588.35000,-0.03629,2.87995,-0.63398
3588.40000,-0.03299,2.87743,-0.67024
3588.45000,-0.02848,2.87369,-0.71346
3588.50000,-0.02322,2.86891,-0.76125
3588.55000,-0.01759,2.86326,-0.81215
3588.60000,-0.01204,2.85739,-0.85516
3588.65000,-0.00682,2.85152,-0.86537
3588.70000,-0.00284,2.84687,-0.84573
3588.75000,0.00077,2.84287,-0.80860
3588.80000,0.00271,2.84091,-0.75785
3588.85000,0.00322,2.84047,-0.71118
3588.90000,0.00358,2.84025,-0.69415
3588.95000,0.00445,2.83956,-0.71430
3589.00000,0.00739,2.83692,-0.74678
3589.05000,0.01164,2.83283,-0.78646
3589.10000,0.01665,2.82757,-0.83124
3589.15000,0.02209,2.82131,-0.87939
3589.20000,0.02762,2.81428,-0.93009
3589.25000,0.03270,2.80728,-0.96799
3589.30000,0.03745,2.80054,-0.98018
3589.35000,0.04151,2.79457,-0.96395
3589.40000,0.04428,2.79072,-0.92363
3589.45000,0.04550,2.78918,-0.87072
3589.50000,0.04560,2.78906,-0.81097
3589.55000,0.04573,2.78896,-0.76244
3589.60000,0.04596,2.78883,-0.73937
3589.65000,0.04641,2.78856,-0.74997
3589.70000,0.04894,2.78616,-0.78002
3589.75000,0.05321,2.78177,-0.81680
3589.80000,0.05830,2.77612,-0.85887
3589.85000,0.06377,2.76947,-0.90473
3589.90000,0.06891,2.76279,-0.93854
3589.95000,0.07344,2.75661,-0.93979
3590.00000,0.07661,2.75228,-0.91196
3590.05000,0.07816,2.75035,-0.86639
3590.10000,0.07839,2.75009,-0.81212
3590.15000,0.07858,2.74991,-0.76693
3590.20000,0.07874,2.74985,-0.74834
3590.25000,0.07954,2.74919,-0.76281
3590.30000,0.08223,2.74652,-0.79509
3590.35000,0.08597,2.74255,-0.83534
3590.40000,0.09102,2.73672,-0.87772
3590.45000,0.09659,2.72968,-0.92271
3590.50000,0.10228,2.72179,-0.97008
3590.55000,0.10731,2.71427,-1.00362
3590.60000,0.11223,2.70682,-1.01102
3590.65000,0.11651,2.70010,-0.99295
3590.70000,0.11957,2.69555,-0.95982
3590.75000,0.12112,2.69341,-0.91520
3590.80000,0.12138,2.69309,-0.86163
3590.85000,0.12158,2.69287,-0.80754
3590.90000,0.12183,2.69264,-0.76266
3590.95000,0.12211,2.69243,-0.73781
3591.00000,0.12225,2.69242,-0.74176
3591.05000,0.12468,2.69016,-0.76677
3591.10000,0.12858,2.68627,-0.80303
3591.15000,0.13345,2.68101,-0.84586
3591.20000,0.13941,2.67398,-0.88902
3591.25000,0.14550,2.66612,-0.93406
3591.30000,0.15105,2.65842,-0.96788
3591.35000,0.15693,2.65029,-0.98004
3591.40000,0.16328,2.64165,-0.97552
3591.45000,0.16905,2.63343,-0.95647
3591.50000,0.17245,2.62874,-0.92061
3591.55000,0.17430,2.62640,-0.87290
3591.60000,0.17463,2.62602,-0.81519
3591.65000,0.17479,2.62586,-0.75643
3591.70000,0.17497,2.62570,-0.69776
3591.75000,0.17511,2.62562,-0.65103
3591.80000,0.17485,2.62603,-0.63512
3591.85000,0.17557,2.62552,-0.64241
3591.90000,0.17916,2.62277,-0.66867
3591.95000,0.18409,2.61872,-0.70432
3592.00000,0.18991,2.61358,-0.74569
3592.05000,0.19615,2.60754,-0.79077
3592.10000,0.20224,2.60110,-0.83614
3592.15000,0.20817,2.59452,-0.87430
3592.20000,0.21453,2.58741,-0.88698
3592.25000,0.22011,2.58070,-0.86961
3592.30000,0.22356,2.57672,-0.83133
3592.35000,0.22522,2.57496,-0.78203
3592.40000,0.22546,2.57473,-0.72451
3592.45000,0.22567,2.57456,-0.66679
3592.50000,0.22586,2.57445,-0.62109
3592.55000,0.22579,2.57464,-0.61099
3592.60000,0.22804,2.57304,-0.62411
3592.65000,0.23226,2.56991,-0.64982
3592.70000,0.23781,2.56554,-0.68377
3592.75000,0.24419,2.56014,-0.72384
3592.80000,0.25075,2.55408,-0.76630
3592.85000,0.25720,2.54786,-0.80155
3592.90000,0.26407,2.54113,-0.81246
3592.95000,0.27136,2.53395,-0.80690
3593.00000,0.27778,2.52748,-0.78536
3593.05000,0.28170,2.52368,-0.74852
3593.10000,0.28351,2.52206,-0.69949
3593.15000,0.28378,2.52184,-0.64224
3593.20000,0.28403,2.52167,-0.58493
3593.25000,0.28430,2.52152,-0.53903
3593.30000,0.28440,2.52155,-0.52292
3593.35000,0.28566,2.52080,-0.52595
3593.40000,0.28814,2.51932,-0.53615
3593.45000,0.29276,2.51646,-0.55782
3593.50000,0.29955,2.51204,-0.59296
3593.55000,0.30711,2.50672,-0.63208
3593.60000,0.31504,2.50069,-0.66831
3593.65000,0.32277,2.49435,-0.70402
3593.70000,0.33029,2.48797,-0.73244
3593.75000,0.33797,2.48138,-0.74558
3593.80000,0.34582,2.47458,-0.74917
3593.85000,0.35370,2.46773,-0.74137
3593.90000,0.36108,2.46116,-0.72349
3593.95000,0.36658,2.45643,-0.69437
3594.00000,0.36981,2.45383,-0.65263
3594.05000,0.37067,2.45319,-0.59867
3594.10000,0.37096,2.45303,-0.55333
3594.15000,0.37115,2.45304,-0.53617
3594.20000,0.37208,2.45253,-0.55147
3594.25000,0.37536,2.45040,-0.58343
3594.30000,0.38042,2.44692,-0.62180
3594.35000,0.38603,2.44270,-0.66720
3594.40000,0.39221,2.43758,-0.71612
3594.45000,0.39861,2.43171,-0.76772
3594.50000,0.40517,2.42503,-0.82034
3594.55000,0.41146,2.41790,-0.87494
3594.60000,0.41762,2.41011,-0.92975
3594.65000,0.42335,2.40196,-0.98549
3594.70000,0.42864,2.39348,-1.04015
3594.75000,0.43347,2.38472,-1.09440
3594.80000,0.43779,2.37574,-1.14929
3594.85000,0.44162,2.36654,-1.20331
3594.90000,0.44494,2.35716,-1.25702
3594.95000,0.44776,2.34764,-1.30892
3595.00000,0.45005,2.33806,-1.36210
3595.05000,0.45164,2.32922,-1.40146
3595.10000,0.45293,2.32046,-1.40996
3595.15000,0.45407,2.31218,-1.39476
3595.20000,0.45507,2.30658,-1.36123
3595.25000,0.45531,2.30372,-1.32752
3595.30000,0.45558,2.30224,-1.30337
3595.35000,0.45583,2.30142,-1.28281
3595.40000,0.45615,2.30049,-1.29334
3595.45000,0.45703,2.29719,-1.32099
3595.50000,0.45836,2.29161,-1.35611
3595.55000,0.45976,2.28443,-1.39691
3595.60000,0.46104,2.27602,-1.44134
3595.65000,0.46189,2.26853,-1.46622
3595.70000,0.46234,2.26203,-1.46585
3595.75000,0.46268,2.25569,-1.44799
3595.80000,0.46320,2.25104,-1.41024
3595.85000,0.46359,2.24892,-1.36290
3595.90000,0.46371,2.24839,-1.30865
3595.95000,0.46385,2.24792,-1.25378
3596.00000,0.46403,2.24746,-1.20965
3596.05000,0.46408,2.24722,-1.19724
3596.10000,0.46473,2.24569,-1.21292
3596.15000,0.46609,2.24195,-1.23789
3596.20000,0.46801,2.23613,-1.27115
3596.25000,0.47012,2.22876,-1.31315
3596.30000,0.47223,2.21994,-1.35752
3596.35000,0.47409,2.21026,-1.40403
3596.40000,0.47534,2.20190,-1.42977
3596.45000,0.47622,2.19482,-1.42563
3596.50000,0.47697,2.18929,-1.39747
3596.55000,0.47748,2.18609,-1.36988
3596.60000,0.47791,2.18371,-1.35158
3596.65000,0.47832,2.18187,-1.31043
3596.70000,0.47851,2.18121,-1.25719
3596.75000,0.47869,2.18075,-1.21205
3596.80000,0.47899,2.18023,-1.18841
3596.85000,0.47954,2.17929,-1.19564
3596.90000,0.48109,2.17553,-1.22301
3596.95000,0.48319,2.16932,-1.25848
3597.00000,0.48554,2.16148,-1.29856
3597.05000,0.48781,2.15260,-1.34247
3597.10000,0.48984,2.14287,-1.38804
3597.15000,0.49143,2.13300,-1.43428
3597.20000,0.49243,2.12393,-1.46529
3597.25000,0.49330,2.11490,-1.47118
3597.30000,0.49411,2.10588,-1.45957
3597.35000,0.49482,2.09854,-1.42884
3597.40000,0.49508,2.09662,-1.37952
3597.45000,0.49518,2.09617,-1.32416
3597.50000,0.49530,2.09575,-1.26811
3597.55000,0.49543,2.09537,-1.21137
3597.60000,0.49561,2.09498,-1.16321
3597.65000,0.49580,2.09462,-1.13341
3597.70000,0.49606,2.09417,-1.13569
3597.75000,0.49774,2.09095,-1.15884
3597.80000,0.50003,2.08545,-1.19455
3597.85000,0.50257,2.07861,-1.23648
3597.90000,0.50511,2.07072,-1.28254
3597.95000,0.50741,2.06222,-1.33017
3598.00000,0.50939,2.05354,-1.36315
3598.05000,0.51130,2.04439,-1.37092
3598.10000,0.51313,2.03514,-1.35651
3598.15000,0.51439,2.02856,-1.31909
3598.20000,0.51478,2.02669,-1.26268
3598.25000,0.51490,2.02635,-1.20481
3598.30000,0.51501,2.02605,-1.15742
3598.35000,0.51483,2.02614,-1.13871
3598.40000,0.51574,2.02432,-1.15095
3598.45000,0.51774,2.01970,-1.17826
3598.50000,0.52021,2.01344,-1.21393
3598.55000,0.52286,2.00586,-1.25515
3598.60000,0.52540,1.99746,-1.30009
3598.65000,0.52763,1.98880,-1.32995
3598.70000,0.52988,1.97961,-1.33590
3598.75000,0.53227,1.97012,-1.32315
3598.80000,0.53430,1.96227,-1.28810
3598.85000,0.53551,1.95778,-1.24062
3598.90000,0.53598,1.95650,-1.18457
3598.95000,0.53610,1.95622,-1.12370
3599.00000,0.53624,1.95597,-1.07367
3599.05000,0.53612,1.95607,-1.05263
3599.10000,0.53696,1.95472,-1.05952
3599.15000,0.53945,1.95020,-1.08406
3599.20000,0.54265,1.94390,-1.11719
3599.25000,0.54614,1.93638,-1.15648
3599.30000,0.54956,1.92813,-1.19852
3599.35000,0.55264,1.91973,-1.24076
3599.40000,0.55546,1.91105,-1.26837
3599.45000,0.55830,1.90179,-1.27117
3599.50000,0.56118,1.89255,-1.25381
3599.55000,0.56338,1.88576,-1.21294
3599.60000,0.56416,1.88378,-1.15671
3599.65000,0.56430,1.88349,-1.09269
3599.70000,0.56442,1.88328,-1.02754
3599.75000,0.56457,1.88307,-0.97375
3599.80000,0.56478,1.88287,-0.94057
3599.85000,0.56519,1.88239,-0.93643
3599.90000,0.56763,1.87910,-0.95310
3599.95000,0.57150,1.87347,-0.98380
3600.00000,0.57591,1.86657,-1.02108
3600.05000,0.58045,1.85882,-1.06134
3600.10000,0.58468,1.85088,-1.10149
3600.15000,0.58858,1.84278,-1.14164
3600.20000,0.59231,1.83439,-1.16730
3600.25000,0.59603,1.82566,-1.16826
3600.30000,0.59950,1.81768,-1.14741
3600.35000,0.60268,1.81093,-1.11003
3600.40000,0.60497,1.80657,-1.05939
3600.45000,0.60591,1.80497,-0.99550
3600.50000,0.60603,1.80480,-0.92425
3600.55000,0.60618,1.80465,-0.86552
3600.60000,0.60624,1.80465,-0.83243
3600.65000,0.60626,1.80476,-0.81799
3600.70000,0.60648,1.80465,-0.81280
3600.75000,0.60771,1.80335,-0.81666
3600.80000,0.60991,1.80099,-0.82709
3600.85000,0.61341,1.79711,-0.84571
3600.90000,0.61845,1.79127,-0.87405
3600.95000,0.62461,1.78364,-0.91095
3601.00000,0.63059,1.77562,-0.94803
3601.05000,0.63627,1.76739,-0.98477
3601.10000,0.64165,1.75896,-1.02163
3601.15000,0.64671,1.75034,-1.05866
3601.20000,0.65101,1.74234,-1.08086
3601.25000,0.65423,1.73585,-1.08835
3601.30000,0.65742,1.72943,-1.10605
3601.35000,0.66065,1.72295,-1.13924
3601.40000,0.66300,1.71754,-1.19011
3601.45000,0.66401,1.71480,-1.25381
3601.50000,0.66414,1.71440,-1.32721
3601.55000,0.66418,1.71421,-1.40111
3601.60000,0.66420,1.71401,-1.47437
3601.65000,0.66422,1.71382,-1.54700
3601.70000,0.66421,1.71362,-1.61897
3601.75000,0.66420,1.71342,-1.69029
3601.80000,0.66416,1.71323,-1.76096
3601.85000,0.66412,1.71304,-1.83096
3601.90000,0.66406,1.71285,-1.90029
3601.95000,0.66399,1.71266,-1.96894
3602.00000,0.66391,1.71249,-2.03691
3602.05000,0.66382,1.71231,-2.10419
3602.10000,0.66371,1.71215,-2.17076
3602.15000,0.66359,1.71199,-2.23664
3602.20000,0.66347,1.71184,-2.30180
3602.25000,0.66333,1.71170,-2.36625
3602.30000,0.66319,1.71156,-2.42998
3602.35000,0.66304,1.71144,-2.49299
3602.40000,0.66288,1.71133,-2.55526
3602.45000,0.66271,1.71122,-2.61680
3602.50000,0.66254,1.71113,-2.67760
3602.55000,0.66236,1.71105,-2.73765
3602.60000,0.66218,1.71098,-2.79696
3602.65000,0.66200,1.71092,-2.85551
3602.70000,0.66181,1.71087,-2.91332
3602.75000,0.66162,1.71083,-2.97036
3602.80000,0.66143,1.71080,-3.02665
3602.85000,0.66124,1.71079,-3.08217
3602.90000,0.66105,1.71078,-3.13693
3602.95000,0.66086,1.71079,3.09225
3603.00000,0.66067,1.71080,3.03902
3603.05000,0.66048,1.71082,2.98655
3603.10000,0.66030,1.71086,2.93484
3603.15000,0.66011,1.71090,2.88390
3603.20000,0.65993,1.71095,2.83373
3603.25000,0.65976,1.71101,2.78432
3603.30000,0.65958,1.71108,2.73567
3603.35000,0.65942,1.71116,2.68779
3603.40000,0.65925,1.71124,2.64068
3603.45000,0.65909,1.71134,2.59432
3603.50000,0.65894,1.71143,2.54872
3603.55000,0.65698,1.71295,2.50456
3603.60000,0.65099,1.71759,2.46588
3603.65000,0.64393,1.72349,2.42492
3603.70000,0.63683,1.72997,2.38067
3603.75000,0.62974,1.73702,2.33776
3603.80000,0.62296,1.74436,2.29512
3603.85000,0.61649,1.75199,2.25269
3603.90000,0.61035,1.75989,2.21046
3603.95000,0.60456,1.76803,2.16845
3604.00000,0.59910,1.77642,2.12666
3604.05000,0.59400,1.78502,2.08512
3604.10000,0.58927,1.79382,2.04387
3604.15000,0.58489,1.80282,2.00296
3604.20000,0.58089,1.81198,1.96243
3604.25000,0.57726,1.82130,1.92235
3604.30000,0.57400,1.83075,1.88279
3604.35000,0.57112,1.84032,1.84383
3604.40000,0.56861,1.85000,1.80552
3604.45000,0.56647,1.85977,1.76796
3604.50000,0.56489,1.86820,1.75060
3604.55000,0.56317,1.87765,1.74924
3604.60000,0.56141,1.88742,1.74908
3604.65000,0.55962,1.89727,1.75034
3604.70000,0.55783,1.90711,1.75172
3604.75000,0.55602,1.91696,1.75386
3604.80000,0.55418,1.92680,1.75637
3604.85000,0.55231,1.93664,1.75985
3604.90000,0.55041,1.94644,1.76402
3604.95000,0.54847,1.95624,1.76841
3605.00000,0.54660,1.96590,1.76610
3605.05000,0.54500,1.97446,1.76282
3605.10000,0.54308,1.98416,1.76873
3605.15000,0.54108,1.99396,1.77618
3605.20000,0.53899,2.00379,1.78332
3605.25000,0.53714,2.01298,1.77885
3605.30000,0.53527,2.02197,1.76100
3605.35000,0.53356,2.03146,1.73623
3605.40000,0.53205,2.04127,1.71324
3605.45000,0.53079,2.05084,1.69010
3605.50000,0.52971,2.06073,1.66924
3605.55000,0.52890,2.06935,1.66589
3605.60000,0.52793,2.07906,1.67584
3605.65000,0.52681,2.08908,1.68736
3605.70000,0.52560,2.09896,1.69859
3605.75000,0.52428,2.10886,1.71067
3605.80000,0.52282,2.11878,1.72394
3605.85000,0.52167,2.12791,1.73625
3605.90000,0.52131,2.13254,1.74088
3605.95000,0.52096,2.13552,1.73860
3606.00000,0.52061,2.13768,1.73238
3606.05000,0.52040,2.13903,1.72240
3606.10000,0.52033,2.13952,1.70912
3606.15000,0.52034,2.13942,1.69573
3606.20000,0.52036,2.13924,1.68251
3606.25000,0.52038,2.13907,1.66969
3606.30000,0.52039,2.13890,1.65730
3606.35000,0.52039,2.13893,1.64593
3606.40000,0.52017,2.14068,1.63528
3606.45000,0.51969,2.14581,1.63308
3606.50000,0.51903,2.15376,1.64210
3606.55000,0.51820,2.16400,1.66182
3606.60000,0.51714,2.17447,1.68281
3606.65000,0.51586,2.18489,1.70332
3606.70000,0.51479,2.19438,1.72331
3606.75000,0.51413,2.19972,1.73989
3606.80000,0.51351,2.20424,1.75028
3606.85000,0.51322,2.20577,1.76069
3606.90000,0.51222,2.21046,1.78211
3606.95000,0.51057,2.21763,1.81382
3607.00000,0.50822,2.22640,1.85222
3607.05000,0.50513,2.23630,1.89526
3607.10000,0.50136,2.24674,1.94083
3607.15000,0.49710,2.25704,1.98662
3607.20000,0.49238,2.26710,2.03158
3607.25000,0.48742,2.27671,2.07499
3607.30000,0.48291,2.28450,2.11865
3607.35000,0.47810,2.29200,2.16230
3607.40000,0.47297,2.29930,2.20539
3607.45000,0.46752,2.30637,2.24806
3607.50000,0.46177,2.31322,2.29035
3607.55000,0.45574,2.31982,2.33267
3607.60000,0.44942,2.32617,2.37447
3607.65000,0.44295,2.33239,2.40891
3607.70000,0.43615,2.33889,2.42394
3607.75000,0.42891,2.34553,2.42154
3607.80000,0.42153,2.35206,2.41385
3607.85000,0.41418,2.35866,2.40573
3607.90000,0.40689,2.36532,2.39687
3607.95000,0.39967,2.37204,2.38705
3608.00000,0.39253,2.37882,2.37629
3608.05000,0.38547,2.38564,2.36573
3608.10000,0.38259,2.38831,2.35412
3608.15000,0.38259,2.38831,2.34110
3608.20000,0.38274,2.38815,2.32778
3608.25000,0.38287,2.38800,2.31515
3608.30000,0.38254,2.38836,2.31494
3608.35000,0.37930,2.39185,2.31935
3608.40000,0.37332,2.39831,2.31453
3608.45000,0.36656,2.40572,2.30518
3608.50000,0.36064,2.41224,2.31066
3608.55000,0.35536,2.41791,2.33621
3608.60000,0.34923,2.42411,2.36903
3608.65000,0.34257,2.43050,2.39810
3608.70000,0.33613,2.43660,2.42040
3608.75000,0.33249,2.43983,2.42804
3608.80000,0.33100,2.44113,2.42195
3608.85000,0.33033,2.44171,2.41013
3608.90000,0.33020,2.44184,2.39713
3608.95000,0.33010,2.44193,2.38462
3609.00000,0.32895,2.44309,2.37230
3609.05000,0.32296,2.44901,2.36138
3609.10000,0.31596,2.45600,2.35276
3609.15000,0.30906,2.46302,2.34395
3609.20000,0.30228,2.47005,2.33464
3609.25000,0.29557,2.47715,2.32514
3609.30000,0.28893,2.48431,2.31548
3609.35000,0.28237,2.49153,2.30570
3609.40000,0.27587,2.49881,2.29584
3609.45000,0.26945,2.50615,2.28592
3609.50000,0.26310,2.51356,2.27600
3609.55000,0.25683,2.52103,2.26610
3609.60000,0.25063,2.52856,2.25626
3609.65000,0.24450,2.53615,2.24641
3609.70000,0.23845,2.54380,2.23648
3609.75000,0.23248,2.55151,2.22647
3609.80000,0.22659,2.55928,2.21639
3609.85000,0.22077,2.56711,2.20650
3609.90000,0.21502,2.57500,2.19708
3609.95000,0.20934,2.58296,2.18834
3610.00000,0.20367,2.59101,2.18062
3610.05000,0.19803,2.59914,2.17418
3610.10000,0.19255,2.60710,2.17847
3610.15000,0.18884,2.61228,2.21149
3610.20000,0.18475,2.61752,2.25507
3610.25000,0.17961,2.62353,2.30221
3610.30000,0.17371,2.62978,2.35252
3610.35000,0.16703,2.63617,2.40446
3610.40000,0.15973,2.64244,2.45783
3610.45000,0.15192,2.64846,2.51234
3610.50000,0.14368,2.65412,2.56636
3610.55000,0.13515,2.65934,2.61997
3610.60000,0.12635,2.66409,2.67290
3610.65000,0.11731,2.66837,2.72592
3610.70000,0.10806,2.67216,2.77858
3610.75000,0.09863,2.67547,2.82953
3610.80000,0.08906,2.67829,2.88140
3610.85000,0.07933,2.68061,2.93339
3610.90000,0.06980,2.68237,2.96980
3610.95000,0.06132,2.68362,2.98171
3611.00000,0.05574,2.68433,2.97874
3611.05000,0.05264,2.68475,2.96377
3611.10000,0.05157,2.68494,2.93977
3611.15000,0.05150,2.68496,2.91145
3611.20000,0.05142,2.68498,2.88311
3611.25000,0.05131,2.68506,2.86273
3611.30000,0.05090,2.68548,2.85974
3611.35000,0.05035,2.68606,2.86889
3611.40000,0.04877,2.68679,2.88572
3611.45000,0.04535,2.68779,2.91132
3611.50000,0.03958,2.68914,2.94524
3611.55000,0.03136,2.69071,2.98916
3611.60000,0.02268,2.69170,3.02071
3611.65000,0.01544,2.69203,3.02370
3611.70000,0.01142,2.69204,3.00996
3611.75000,0.00942,2.69199,2.98762
3611.80000,0.00949,2.69198,2.95805
3611.85000,0.00942,2.69199,2.93102
3611.90000,0.00935,2.69202,2.91045
3611.95000,0.00920,2.69208,2.89398
3612.00000,0.00912,2.69210,2.87332
3612.05000,0.00905,2.69212,2.85330
3612.10000,0.00899,2.69215,2.83750
3612.15000,0.00882,2.69231,2.83213
3612.20000,0.00859,2.69255,2.83453
3612.25000,0.00803,2.69289,2.84627
3612.30000,0.00597,2.69352,2.86461
3612.35000,0.00220,2.69455,2.89125
3612.40000,-0.00391,2.69604,2.92676
3612.45000,-0.01224,2.69774,2.97153
3612.50000,-0.01985,2.69892,2.99642
3612.55000,-0.02447,2.69948,2.99316
3612.60000,-0.02585,2.69959,2.97372
3612.65000,-0.02579,2.69957,2.94669
3612.70000,-0.02535,2.69953,2.92151
3612.75000,-0.02508,2.69951,2.89995
3612.80000,-0.02524,2.69956,2.88989
3612.85000,-0.02540,2.69964,2.89505
3612.90000,-0.02608,2.69984,2.90884
3612.95000,-0.02812,2.70032,2.92905
3613.00000,-0.03193,2.70110,2.95615
3613.05000,-0.03755,2.70215,2.97830
3613.10000,-0.04238,2.70253,2.97588
3613.15000,-0.04432,2.70273,2.95559
3613.20000,-0.04441,2.70275,2.92575
3613.25000,-0.04449,2.70277,2.89507
3613.30000,-0.04458,2.70279,2.86424
3613.35000,-0.04466,2.70283,2.84054
3613.40000,-0.04484,2.70299,2.82581
3613.45000,-0.04499,2.70313,2.81427
3613.50000,-0.04509,2.70322,2.80414
3613.55000,-0.04525,2.70338,2.80007
3613.60000,-0.04539,2.70354,2.79804
3613.65000,-0.04557,2.70374,2.80081
3613.70000,-0.04592,2.70405,2.81483
3613.75000,-0.04785,2.70470,2.83814
3613.80000,-0.05171,2.70585,2.87011
3613.85000,-0.05768,2.70745,2.91070
3613.90000,-0.06606,2.70931,2.95977
3613.95000,-0.07480,2.71056,2.99502
3614.00000,-0.08245,2.71070,3.00414
3614.05000,-0.08891,2.71018,2.99447
3614.10000,-0.09100,2.70998,2.96355
3614.15000,-0.09126,2.71003,2.92320
3614.20000,-0.09156,2.71010,2.88199
3614.25000,-0.09188,2.71020,2.84030
3614.30000,-0.09223,2.71031,2.79817
3614.35000,-0.09261,2.71050,2.76353
3614.40000,-0.09337,2.71109,2.74629
3614.45000,-0.09459,2.71222,2.75124
3614.50000,-0.09649,2.71387,2.77267
3614.55000,-0.10113,2.71612,2.80592
3614.60000,-0.10816,2.71841,2.84872
3614.65000,-0.11630,2.72066,2.89523
3614.70000,-0.12533,2.72269,2.94404
3614.75000,-0.13483,2.72434,2.99516
3614.80000,-0.14425,2.72545,3.03389
3614.85000,-0.15269,2.72559,3.04617
3614.90000,-0.16037,2.72520,3.03968
3614.95000,-0.16598,2.72481,3.01501
3615.00000,-0.16773,2.72479,2.97365
3615.05000,-0.16843,2.72493,2.92716
3615.10000,-0.16913,2.72510,2.88049
3615.15000,-0.16983,2.72530,2.83378
3615.20000,-0.17052,2.72554,2.78703
3615.25000,-0.17129,2.72589,2.74868
3615.30000,-0.17262,2.72689,2.73911
3615.35000,-0.17462,2.72840,2.75402
3615.40000,-0.17945,2.73047,2.78517
3615.45000,-0.18603,2.73281,2.82320
3615.50000,-0.19376,2.73525,2.86659
3615.55000,-0.20271,2.73758,2.91195
3615.60000,-0.21145,2.73936,2.94554
3615.65000,-0.21945,2.74021,2.95250
3615.70000,-0.22739,2.74096,2.94895
3615.75000,-0.23423,2.74129,2.92720
3615.80000,-0.23686,2.74126,2.88514
3615.85000,-0.23731,2.74140,2.83338
3615.90000,-0.23841,2.74178,2.78396
3615.95000,-0.23951,2.74222,2.73475
3616.00000,-0.24059,2.74272,2.68562
3616.05000,-0.24170,2.74331,2.64493
3616.10000,-0.24322,2.74437,2.63080
3616.15000,-0.24564,2.74601,2.64607
3616.20000,-0.25081,2.74874,2.67552
3616.25000,-0.25761,2.75206,2.71179
3616.30000,-0.26547,2.75553,2.75214
3616.35000,-0.27420,2.75893,2.79585
3616.40000,-0.28359,2.76209,2.84110
3616.45000,-0.29294,2.76480,2.87523
3616.50000,-0.30181,2.76691,2.88108
3616.55000,-0.31013,2.76859,2.86671
3616.60000,-0.31551,2.76967,2.83308
3616.65000,-0.31722,2.77017,2.78348
3616.70000,-0.31874,2.77079,2.73271
3616.75000,-0.32046,2.77158,2.68306
3616.80000,-0.32215,2.77247,2.63357
3616.85000,-0.32394,2.77356,2.59752
3616.90000,-0.32628,2.77513,2.59491
3616.95000,-0.32982,2.77724,2.61656
3617.00000,-0.33521,2.78025,2.64713
3617.05000,-0.34248,2.78409,2.68316
3617.10000,-0.35011,2.78768,2.72505
3617.15000,-0.35793,2.79115,2.75607
3617.20000,-0.36541,2.79415,2.75975
3617.25000,-0.37224,2.79662,2.74186
3617.30000,-0.37618,2.79828,2.70116
3617.35000,-0.37832,2.79936,2.65224
3617.40000,-0.38042,2.80054,2.60333
3617.45000,-0.38246,2.80183,2.55466
3617.50000,-0.38449,2.80321,2.51499
3617.55000,-0.38695,2.80509,2.49813
3617.60000,-0.39031,2.80773,2.51161
3617.65000,-0.39516,2.81119,2.53779
3617.70000,-0.40157,2.81546,2.57270
3617.75000,-0.40966,2.82043,2.61190
3617.80000,-0.41843,2.82533,2.65286
3617.85000,-0.42698,2.82966,2.69404
3617.90000,-0.43516,2.83336,2.71854
3617.95000,-0.44204,2.83604,2.71366
3618.00000,-0.44631,2.83797,2.68017
3618.05000,-0.44900,2.83930,2.64600
3618.10000,-0.45133,2.84045,2.62061
3618.15000,-0.45289,2.84125,2.59736
3618.20000,-0.45468,2.84233,2.59063
3618.25000,-0.45669,2.84368,2.60208
3618.30000,-0.45887,2.84516,2.62715
3618.35000,-0.46278,2.84729,2.66354
3618.40000,-0.46870,2.85019,2.71005
3618.45000,-0.47606,2.85336,2.75975
3618.50000,-0.48401,2.85631,2.81267
3618.55000,-0.49258,2.85898,2.86718
3618.60000,-0.50084,2.86106,2.90310
3618.65000,-0.50796,2.86240,2.90655
3618.70000,-0.51283,2.86335,2.88044
3618.75000,-0.51524,2.86405,2.83813
3618.80000,-0.51742,2.86478,2.79506
3618.85000,-0.51945,2.86556,2.75210
3618.90000,-0.52143,2.86638,2.71811
3618.95000,-0.52337,2.86717,2.69036
3619.00000,-0.52531,2.86799,2.66904
3619.05000,-0.52717,2.86872,2.64998
3619.10000,-0.52892,2.86936,2.63286
3619.15000,-0.53063,2.86995,2.61903
3619.20000,-0.53231,2.87054,2.60895
3619.25000,-0.53401,2.87115,2.60309
3619.30000,-0.53584,2.87193,2.60881
3619.35000,-0.53775,2.87283,2.62828
3619.40000,-0.54044,2.87424,2.66587
3619.45000,-0.54603,2.87694,2.71622
3619.50000,-0.55277,2.87977,2.77209
3619.55000,-0.55995,2.88231,2.83076
3619.60000,-0.56767,2.88454,2.89058
3619.65000,-0.57546,2.88628,2.95258
3619.70000,-0.58259,2.88741,3.01876
3619.75000,-0.58977,2.88805,3.08606
3619.80000,-0.59624,2.88818,-3.12641
3619.85000,-0.60240,2.88787,-3.05396
3619.90000,-0.60869,2.88708,-2.98173
3619.95000,-0.61511,2.88581,-2.90998
3620.00000,-0.62149,2.88406,-2.83833
3620.05000,-0.62785,2.88182,-2.76700
3620.10000,-0.63415,2.87908,-2.69610
3620.15000,-0.64035,2.87585,-2.62555
3620.20000,-0.64641,2.87212,-2.55549
3620.25000,-0.65230,2.86791,-2.48581
3620.30000,-0.65794,2.86324,-2.41649
3620.35000,-0.66335,2.85811,-2.34764
3620.40000,-0.66844,2.85256,-2.27907
3620.45000,-0.67321,2.84659,-2.21096
3620.50000,-0.67764,2.84020,-2.14332
3620.55000,-0.68168,2.83344,-2.07609
3620.60000,-0.68467,2.82757,-2.00411
3620.65000,-0.68644,2.82334,-1.92455
3620.70000,-0.68743,2.82030,-1.83965
3620.75000,-0.68794,2.81813,-1.75094
3620.80000,-0.68815,2.81659,-1.65952
3620.85000,-0.68820,2.81550,-1.56619
3620.90000,-0.68816,2.81475,-1.47150
3620.95000,-0.68808,2.81422,-1.37583
3621.00000,-0.68799,2.81385,-1.27948
3621.05000,-0.68790,2.81360,-1.18264
3621.10000,-0.68782,2.81343,-1.08546
3621.15000,-0.68768,2.81320,-0.98849
3621.20000,-0.68754,2.81301,-0.89262
3621.25000,-0.68739,2.81284,-0.79787
3621.30000,-0.68724,2.81270,-0.70424
3621.35000,-0.68709,2.81258,-0.61168
3621.40000,-0.68694,2.81249,-0.52018
3621.45000,-0.68680,2.81241,-0.42971
3621.50000,-0.68667,2.81236,-0.34023
3621.55000,-0.68654,2.81232,-0.25172
3621.60000,-0.68641,2.81229,-0.16428
3621.65000,-0.68629,2.81228,-0.07794
3621.70000,-0.68618,2.81227,0.00721
3621.75000,-0.68606,2.81228,0.09103
3621.80000,-0.68595,2.81230,0.17341
3621.85000,-0.68584,2.81232,0.25432
3621.90000,-0.68574,2.81235,0.33374
3621.95000,-0.68564,2.81241,0.40156
3622.00000,-0.68552,2.81253,0.45141
3622.05000,-0.68444,2.81311,0.48625
3622.10000,-0.68105,2.81497,0.50836
3622.15000,-0.67545,2.81818,0.51883
3622.20000,-0.66767,2.82267,0.51782
3622.25000,-0.65903,2.82756,0.51103
3622.30000,-0.65041,2.83236,0.50272
3622.35000,-0.64177,2.83708,0.49359
3622.40000,-0.63307,2.84172,0.48629
3622.45000,-0.62441,2.84625,0.47653
3622.50000,-0.61571,2.85069,0.46638
3622.55000,-0.60697,2.85504,0.45572
3622.60000,-0.59823,2.85926,0.44362
3622.65000,-0.58935,2.86343,0.43590
3622.70000,-0.58047,2.86752,0.42654
3622.75000,-0.57156,2.87152,0.41603
3622.80000,-0.56265,2.87540,0.40479
3622.85000,-0.55371,2.87916,0.39263
3622.90000,-0.54475,2.88281,0.37988
3622.95000,-0.53575,2.88633,0.36609
3623.00000,-0.52675,2.88970,0.35099
3623.05000,-0.51769,2.89295,0.33598
3623.10000,-0.50858,2.89605,0.32096
3623.15000,-0.49944,2.89901,0.30508
3623.20000,-0.49028,2.90181,0.28839
3623.25000,-0.48109,2.90444,0.27082
3623.30000,-0.47186,2.90692,0.25363
3623.35000,-0.46258,2.90924,0.23545
3623.40000,-0.45330,2.91137,0.21647
3623.45000,-0.44400,2.91332,0.19662
3623.50000,-0.43467,2.91508,0.17619
3623.55000,-0.42532,2.91664,0.15537
3623.60000,-0.41595,2.91801,0.13369
3623.65000,-0.40655,2.91917,0.11173
3623.70000,-0.39717,2.92011,0.08874
3623.75000,-0.38778,2.92084,0.06491
3623.80000,-0.37837,2.92134,0.04145
3623.85000,-0.36902,2.92161,0.01627
3623.90000,-0.35966,2.92164,-0.00928
3623.95000,-0.35032,2.92143,-0.03551
3624.00000,-0.34098,2.92098,-0.06130
3624.05000,-0.33166,2.92028,-0.08782
3624.10000,-0.32237,2.91934,-0.11413
3624.15000,-0.31312,2.91815,-0.14115
3624.20000,-0.30389,2.91672,-0.16763
3624.25000,-0.29472,2.91504,-0.19437
3624.30000,-0.28560,2.91311,-0.22167
3624.35000,-0.27654,2.91094,-0.24923
3624.40000,-0.26758,2.90852,-0.27762
3624.45000,-0.25868,2.90585,-0.30604
3624.50000,-0.24988,2.90291,-0.33496
3624.55000,-0.24117,2.89974,-0.36429
3624.60000,-0.23257,2.89631,-0.39400
3624.65000,-0.22408,2.89263,-0.42389
3624.70000,-0.21571,2.88870,-0.45398
3624.75000,-0.20748,2.88453,-0.48468
3624.80000,-0.20082,2.88097,-0.51835
3624.85000,-0.19775,2.87916,-0.56357
3624.90000,-0.19700,2.87867,-0.61962
3624.95000,-0.19693,2.87861,-0.67908
3625.00000,-0.19686,2.87856,-0.73847
3625.05000,-0.19680,2.87850,-0.79769
3625.10000,-0.19674,2.87843,-0.85674
3625.15000,-0.19668,2.87836,-0.91559
3625.20000,-0.19663,2.87829,-0.97421
3625.25000,-0.19658,2.87822,-1.03258
3625.30000,-0.19654,2.87814,-1.09068
3625.35000,-0.19650,2.87806,-1.14850
3625.40000,-0.19647,2.87798,-1.20600
3625.45000,-0.19644,2.87789,-1.26318
3625.50000,-0.19641,2.87781,-1.32000
3625.55000,-0.19639,2.87772,-1.37646
3625.60000,-0.19638,2.87763,-1.43253
3625.65000,-0.19637,2.87755,-1.48820
3625.70000,-0.19636,2.87746,-1.54345
3625.75000,-0.19636,2.87737,-1.59827
3625.80000,-0.19637,2.87728,-1.65263
3625.85000,-0.19638,2.87719,-1.70653
3625.90000,-0.19639,2.87710,-1.75994
3625.95000,-0.19641,2.87702,-1.81286
3626.00000,-0.19644,2.87693,-1.86527
3626.05000,-0.19646,2.87685,-1.91716
3626.10000,-0.19650,2.87676,-1.96851
3626.15000,-0.19653,2.87668,-2.01932
3626.20000,-0.19657,2.87660,-2.06957
3626.25000,-0.19662,2.87653,-2.11926
3626.30000,-0.19667,2.87645,-2.16836
3626.35000,-0.19672,2.87638,-2.21688
3626.40000,-0.19677,2.87631,-2.26480
3626.45000,-0.19683,2.87624,-2.31211
3626.50000,-0.19689,2.87618,-2.35880
3626.55000,-0.19696,2.87612,-2.40488
3626.60000,-0.19703,2.87606,-2.45032
3626.65000,-0.19710,2.87600,-2.49512
3626.70000,-0.19717,2.87595,-2.53928
3626.75000,-0.19724,2.87590,-2.58279
3626.80000,-0.19732,2.87586,-2.62564
3626.85000,-0.19740,2.87582,-2.66783
3626.90000,-0.19748,2.87578,-2.70936
3626.95000,-0.19756,2.87574,-2.75022
3627.00000,-0.19764,2.87571,-2.79040
3627.05000,-0.19773,2.87568,-2.82990
3627.10000,-0.19781,2.87565,-2.86873
3627.15000,-0.19790,2.87563,-2.90687
3627.20000,-0.19799,2.87561,-2.94433
3627.25000,-0.19808,2.87560,-2.98110
3627.30000,-0.20016,2.87513,-3.01704
3627.35000,-0.20744,2.87432,-3.05105
3627.40000,-0.21628,2.87369,-3.08880
3627.45000,-0.22533,2.87338,-3.12668
3627.50000,-0.23440,2.87341,3.11940
3627.55000,-0.24348,2.87378,3.08309
3627.60000,-0.25257,2.87448,3.04759
3627.65000,-0.26164,2.87549,3.01289
3627.70000,-0.27070,2.87682,2.97900
3627.75000,-0.27980,2.87847,2.94619
3627.80000,-0.28889,2.88042,2.91436
3627.85000,-0.29767,2.88247,2.89530
3627.90000,-0.30640,2.88461,2.88750
3627.95000,-0.31513,2.88676,2.88852
3628.00000,-0.32400,2.88900,2.89835
3628.05000,-0.33373,2.89135,2.91470
3628.10000,-0.34351,2.89353,2.93158
3628.15000,-0.35331,2.89553,2.94853
3628.20000,-0.36314,2.89736,2.96576
3628.25000,-0.37300,2.89902,2.98347
3628.30000,-0.38289,2.90051,3.00111
3628.35000,-0.39281,2.90181,3.02099
3628.40000,-0.40275,2.90292,3.03955
3628.45000,-0.41271,2.90384,3.06060
3628.50000,-0.42272,2.90455,3.08075
3628.55000,-0.43271,2.90505,3.10159
3628.60000,-0.44270,2.90535,3.12223
3628.65000,-0.45142,2.90547,3.12603
3628.70000,-0.45987,2.90567,3.11052
3628.75000,-0.46933,2.90606,3.08828
3628.80000,-0.47875,2.90666,3.06579
3628.85000,-0.48780,2.90733,3.05805
3628.90000,-0.49575,2.90794,3.07324
3628.95000,-0.50473,2.90846,3.09691
3629.00000,-0.51410,2.90876,3.12213
3629.05000,-0.52343,2.90881,-3.13429
3629.10000,-0.53284,2.90865,-3.11384
3629.15000,-0.54212,2.90838,-3.10391
3629.20000,-0.55112,2.90809,-3.10433
3629.25000,-0.56045,2.90781,-3.08786
3629.30000,-0.56876,2.90732,-3.05397
3629.35000,-0.57706,2.90641,-3.00814
3629.40000,-0.58594,2.90501,-2.95985
3629.45000,-0.59484,2.90314,-2.90933
3629.50000,-0.60430,2.90065,-2.85812
3629.55000,-0.61385,2.89760,-2.80764
3629.60000,-0.62321,2.89409,-2.75789
3629.65000,-0.63238,2.89012,-2.70835
3629.70000,-0.64135,2.88570,-2.65896
3629.75000,-0.65009,2.88085,-2.61019
3629.80000,-0.65859,2.87557,-2.56205
3629.85000,-0.66682,2.86990,-2.51417
3629.90000,-0.67477,2.86384,-2.46677
3629.95000,-0.68243,2.85741,-2.41967
3630.00000,-0.68978,2.85063,-2.37308
3630.05000,-0.69680,2.84351,-2.32685
3630.10000,-0.70350,2.83608,-2.28097
3630.15000,-0.70984,2.82835,-2.23568
3630.20000,-0.71583,2.82034,-2.19056
3630.25000,-0.72146,2.81208,-2.14608
3630.30000,-0.72671,2.80357,-2.10181
3630.35000,-0.73053,2.79649,-2.05584
3630.40000,-0.73205,2.79344,-2.00041
3630.45000,-0.73253,2.79233,-1.93679
3630.50000,-0.73263,2.79202,-1.86993
3630.55000,-0.73272,2.79169,-1.80356
3630.60000,-0.73279,2.79135,-1.73774
3630.65000,-0.73284,2.79099,-1.67248
3630.70000,-0.73286,2.79061,-1.60781
3630.75000,-0.73287,2.79021,-1.54373
3630.80000,-0.73284,2.78978,-1.48023
3630.85000,-0.73278,2.78933,-1.41733
3630.90000,-0.73269,2.78885,-1.35504
3630.95000,-0.73257,2.78835,-1.29336
3631.00000,-0.73241,2.78784,-1.23230
3631.05000,-0.73221,2.78732,-1.17189
3631.10000,-0.73197,2.78681,-1.11216
3631.15000,-0.73170,2.78630,-1.05310
3631.20000,-0.73139,2.78579,-0.99474
3631.25000,-0.73105,2.78530,-0.93709
3631.30000,-0.73067,2.78482,-0.88016
3631.35000,-0.73026,2.78434,-0.82396
3631.40000,-0.72979,2.78386,-0.76848
3631.45000,-0.72927,2.78339,-0.71372
3631.50000,-0.72870,2.78292,-0.65968
3631.55000,-0.72807,2.78246,-0.60636
3631.60000,-0.72739,2.78201,-0.55376
3631.65000,-0.72666,2.78159,-0.50191
3631.70000,-0.72588,2.78118,-0.45079
3631.75000,-0.72505,2.78081,-0.40044
3631.80000,-0.72420,2.78047,-0.35087
3631.85000,-0.72332,2.78018,-0.30209
3631.90000,-0.72243,2.77992,-0.25412
3631.95000,-0.72153,2.77971,-0.20695
3632.00000,-0.72062,2.77954,-0.16059
3632.05000,-0.71970,2.77941,-0.11503
3632.10000,-0.71873,2.77932,-0.07027
3632.15000,-0.71772,2.77928,-0.02630
3632.20000,-0.71665,2.77927,0.01689
3632.25000,-0.71341,2.77947,0.05877
3632.30000,-0.70551,2.78011,0.09607
3632.35000,-0.69613,2.78120,0.13599
3632.40000,-0.68718,2.78261,0.17993
3632.45000,-0.67846,2.78440,0.22372
3632.50000,-0.66980,2.78656,0.26653
3632.55000,-0.66121,2.78910,0.30836
3632.60000,-0.65272,2.79200,0.34924
3632.65000,-0.64432,2.79525,0.38918
3632.70000,-0.63598,2.79870,0.42216
3632.75000,-0.62736,2.80247,0.43501
3632.80000,-0.61905,2.80616,0.42017
3632.85000,-0.61065,2.80978,0.39271
3632.90000,-0.60202,2.81321,0.36421
3632.95000,-0.59330,2.81640,0.33572
3633.00000,-0.58450,2.81932,0.30667
3633.05000,-0.57562,2.82200,0.27779
3633.10000,-0.56667,2.82440,0.24829
3633.15000,-0.55766,2.82655,0.21902
3633.20000,-0.54859,2.82843,0.18924
3633.25000,-0.53948,2.83003,0.15922
3633.30000,-0.53034,2.83135,0.12873
3633.35000,-0.52116,2.83240,0.09859
3633.40000,-0.51195,2.83317,0.06822
3633.45000,-0.50271,2.83366,0.03815
3633.50000,-0.49347,2.83388,0.00788
3633.55000,-0.48424,2.83381,-0.02266
3633.60000,-0.47500,2.83346,-0.05308
3633.65000,-0.46579,2.83283,-0.08357
3633.70000,-0.45659,2.83192,-0.11370
3633.75000,-0.44741,2.83073,-0.14362
3633.80000,-0.43827,2.82927,-0.17339
3633.85000,-0.42917,2.82753,-0.20270
3633.90000,-0.42014,2.82554,-0.23259
3633.95000,-0.41115,2.82327,-0.26167
3634.00000,-0.40223,2.82074,-0.29080
3634.05000,-0.39338,2.81795,-0.31992
3634.10000,-0.38464,2.81491,-0.34963
3634.15000,-0.37632,2.81184,-0.36371
3634.20000,-0.36872,2.80907,-0.35064
3634.25000,-0.36384,2.80751,-0.31304
3634.30000,-0.36242,2.80710,-0.26192
3634.35000,-0.36238,2.80709,-0.20570
3634.40000,-0.36250,2.80727,-0.16045
3634.45000,-0.36260,2.80727,-0.14192
3634.50000,-0.36047,2.80683,-0.13878
3634.55000,-0.35554,2.80602,-0.15074
3634.60000,-0.34788,2.80472,-0.17673
3634.65000,-0.33889,2.80297,-0.20908
3634.70000,-0.32993,2.80091,-0.24126
3634.75000,-0.32105,2.79857,-0.27376
3634.80000,-0.31225,2.79595,-0.30666
3634.85000,-0.30344,2.79310,-0.33201
3634.90000,-0.29446,2.79003,-0.34054
3634.95000,-0.28546,2.78692,-0.33724
3635.00000,-0.27707,2.78406,-0.30890
3635.05000,-0.27395,2.78315,-0.24812
3635.10000,-0.27193,2.78271,-0.17585
3635.15000,-0.27081,2.78255,-0.09727
3635.20000,-0.27027,2.78251,-0.04441
3635.25000,-0.26981,2.78248,-0.02205
3635.30000,-0.26760,2.78239,-0.01771
3635.35000,-0.26302,2.78224,-0.02594
3635.40000,-0.25581,2.78195,-0.04751
3635.45000,-0.24676,2.78137,-0.07863
3635.50000,-0.23759,2.78051,-0.11010
3635.55000,-0.22843,2.77935,-0.14111
3635.60000,-0.21933,2.77791,-0.17238
3635.65000,-0.21025,2.77618,-0.20300
3635.70000,-0.20128,2.77418,-0.23535
3635.75000,-0.19219,2.77195,-0.25568
3635.80000,-0.18343,2.76989,-0.24989
3635.85000,-0.17545,2.76814,-0.22841
3635.90000,-0.16755,2.76647,-0.19414
3635.95000,-0.16066,2.76528,-0.14492
3636.00000,-0.15555,2.76468,-0.08268
3636.05000,-0.15245,2.76460,-0.02076
3636.10000,-0.14956,2.76462,0.01887
3636.15000,-0.14691,2.76476,0.02770
3636.20000,-0.14304,2.76500,0.02374
3636.25000,-0.13627,2.76514,0.00624
3636.30000,-0.12698,2.76506,-0.02231
3636.35000,-0.11698,2.76470,-0.05111
3636.40000,-0.10701,2.76404,-0.07940
3636.45000,-0.09705,2.76311,-0.10801
3636.50000,-0.08712,2.76189,-0.13653
3636.55000,-0.07724,2.76038,-0.16558
3636.60000,-0.06740,2.75859,-0.19471
3636.65000,-0.05762,2.75671,-0.21468
3636.70000,-0.04865,2.75504,-0.20750
3636.75000,-0.04224,2.75390,-0.17458
3636.80000,-0.03811,2.75328,-0.12188
3636.85000,-0.03497,2.75300,-0.07144
3636.90000,-0.03210,2.75288,-0.04810
3636.95000,-0.02961,2.75268,-0.04711
3637.00000,-0.02457,2.75231,-0.05945
3637.05000,-0.01698,2.75172,-0.08801
3637.10000,-0.00795,2.75077,-0.12337
3637.15000,0.00185,2.74936,-0.16210
3637.20000,0.01098,2.74768,-0.20685
3637.25000,0.01951,2.74565,-0.25784
3637.30000,0.02788,2.74321,-0.31215
3637.35000,0.03615,2.74027,-0.36722
3637.40000,0.04427,2.73687,-0.42153
3637.45000,0.05221,2.73303,-0.47514
3637.50000,0.05990,2.72878,-0.52843
3637.55000,0.06736,2.72413,-0.58083
3637.60000,0.07518,2.71870,-0.63012
3637.65000,0.08312,2.71262,-0.67681
3637.70000,0.09077,2.70618,-0.72299
3637.75000,0.09811,2.69939,-0.76930
3637.80000,0.10512,2.69228,-0.81446
3637.85000,0.11047,2.68646,-0.86066
3637.90000,0.11253,2.68394,-0.91622
3637.95000,0.11322,2.68300,-0.98009
3638.00000,0.11330,2.68288,-1.04786
3638.05000,0.11336,2.68276,-1.11535
3638.10000,0.11341,2.68265,-1.18236
3638.15000,0.11345,2.68253,-1.24890
3638.20000,0.11349,2.68241,-1.31494
3638.25000,0.11352,2.68228,-1.38046
3638.30000,0.11354,2.68216,-1.44544
3638.35000,0.11355,2.68203,-1.50987
3638.40000,0.11355,2.68190,-1.57373
3638.45000,0.11355,2.68178,-1.63700
3638.50000,0.11354,2.68165,-1.69967
3638.55000,0.11352,2.68152,-1.76173
3638.60000,0.11349,2.68140,-1.82314
3638.65000,0.11345,2.68128,-1.88392
3638.70000,0.11341,2.68116,-1.94403
3638.75000,0.11336,2.68104,-2.00347
3638.80000,0.11330,2.68093,-2.06222
3638.85000,0.11324,2.68082,-2.12027
3638.90000,0.11317,2.68071,-2.17762
3638.95000,0.11309,2.68061,-2.23425
3639.00000,0.11301,2.68051,-2.29014
3639.05000,0.11293,2.68042,-2.34531
3639.10000,0.11283,2.68033,-2.39972
3639.15000,0.11274,2.68024,-2.45338
3639.20000,0.11264,2.68017,-2.50628
3639.25000,0.11253,2.68009,-2.55842
3639.30000,0.11243,2.68003,-2.60977
3639.35000,0.11231,2.67997,-2.66034
3639.40000,0.11220,2.67991,-2.71013
3639.45000,0.11208,2.67986,-2.75912
3639.50000,0.11196,2.67981,-2.80732
3639.55000,0.11184,2.67978,-2.85471
3639.60000,0.11172,2.67974,-2.90130
3639.65000,0.11160,2.67971,-2.94708
3639.70000,0.11147,2.67969,-2.99205
3639.75000,0.11135,2.67968,-3.03620
3639.80000,0.11122,2.67967,-3.07955
3639.85000,0.10917,2.67952,-3.12229
3639.90000,0.10266,2.67953,3.11995
3639.95000,0.09377,2.67992,3.07889
3640.00000,0.08380,2.68075,3.03875
3640.05000,0.07388,2.68197,2.99939
3640.10000,0.06401,2.68358,2.96081
3640.15000,0.05511,2.68540,2.91949
3640.20000,0.04629,2.68760,2.87903
3640.25000,0.03748,2.68997,2.84744
3640.30000,0.02832,2.69274,2.84392
3640.35000,0.01875,2.69564,2.85116
3640.40000,0.00927,2.69825,2.85071
3640.45000,0.00163,2.70048,2.84753
3640.50000,-0.00746,2.70321,2.85440
3640.55000,-0.01717,2.70602,2.86324
3640.60000,-0.02683,2.70873,2.87265
3640.65000,-0.03650,2.71135,2.88179
3640.70000,-0.04628,2.71389,2.89272
3640.75000,-0.05606,2.71631,2.90457
3640.80000,-0.06589,2.71862,2.91599
3640.85000,-0.07568,2.72080,2.92835
3640.90000,-0.08552,2.72286,2.94082
3640.95000,-0.09493,2.72458,2.94307
3641.00000,-0.10359,2.72614,2.92444
3641.05000,-0.11237,2.72822,2.89469
3641.10000,-0.12129,2.73061,2.86438
3641.15000,-0.13022,2.73316,2.84340
3641.20000,-0.13928,2.73589,2.83935
3641.25000,-0.14858,2.73874,2.84784
3641.30000,-0.15851,2.74166,2.86307
3641.35000,-0.16852,2.74443,2.87867
3641.40000,-0.17857,2.74705,2.89417
3641.45000,-0.18842,2.74936,2.90134
3641.50000,-0.19763,2.75130,2.88744
3641.55000,-0.20646,2.75372,2.86020
3641.60000,-0.21536,2.75643,2.83185
3641.65000,-0.22418,2.75939,2.80342
3641.70000,-0.23289,2.76260,2.77494
3641.75000,-0.24149,2.76605,2.74615
3641.80000,-0.25002,2.76956,2.72345
3641.85000,-0.25865,2.77320,2.71076
3641.90000,-0.26741,2.77701,2.70721
3641.95000,-0.27648,2.78115,2.71699
3642.00000,-0.28574,2.78524,2.73520
3642.05000,-0.29495,2.78910,2.75297
3642.10000,-0.30453,2.79292,2.77245
3642.15000,-0.31389,2.79637,2.78082
3642.20000,-0.32120,2.79910,2.77547
3642.25000,-0.32564,2.80075,2.75548
3642.30000,-0.32592,2.80086,2.71525
3642.35000,-0.32601,2.80091,2.67217
3642.40000,-0.32609,2.80095,2.62800
3642.45000,-0.32620,2.80105,2.59374
3642.50000,-0.32651,2.80136,2.57269
3642.55000,-0.32843,2.80262,2.56328
3642.60000,-0.33332,2.80583,2.56855
3642.65000,-0.34117,2.81081,2.58792
3642.70000,-0.34973,2.81598,2.61015
3642.75000,-0.35841,2.82095,2.63225
3642.80000,-0.36719,2.82573,2.65460
3642.85000,-0.37608,2.83030,2.67724
3642.90000,-0.38507,2.83468,2.70021
3642.95000,-0.39382,2.83868,2.70982
3643.00000,-0.40058,2.84181,2.69341
3643.05000,-0.40333,2.84317,2.65706
3643.10000,-0.40366,2.84335,2.60975
3643.15000,-0.40382,2.84347,2.57285
3643.20000,-0.40434,2.84394,2.56172
3643.25000,-0.40825,2.84654,2.57385
3643.30000,-0.41428,2.85030,2.59780
3643.35000,-0.42187,2.85473,2.62844
3643.40000,-0.43050,2.85940,2.66412
3643.45000,-0.43946,2.86382,2.70213
3643.50000,-0.44858,2.86790,2.74006
3643.55000,-0.45786,2.87163,2.77868
3643.60000,-0.46727,2.87500,2.81656
3643.65000,-0.47680,2.87802,2.85337
3643.70000,-0.48642,2.88068,2.89143
3643.75000,-0.49616,2.88297,2.92872
3643.80000,-0.50596,2.88489,2.96716
3643.85000,-0.51584,2.88644,3.00382
3643.90000,-0.52531,2.88757,3.04602
3643.95000,-0.53335,2.88815,3.09868
3644.00000,-0.54107,2.88825,-3.12654
3644.05000,-0.54927,2.88789,-3.06757
3644.10000,-0.55775,2.88700,-3.00779
3644.15000,-0.56640,2.88557,-2.94751
3644.20000,-0.57517,2.88357,-2.88713
3644.25000,-0.58393,2.88101,-2.82651
3644.30000,-0.59263,2.87787,-2.76590
3644.35000,-0.60120,2.87419,-2.70523
3644.40000,-0.60964,2.86994,-2.64479
3644.45000,-0.61792,2.86512,-2.58468
3644.50000,-0.62596,2.85977,-2.52474
3644.55000,-0.63373,2.85390,-2.46507
3644.60000,-0.64121,2.84752,-2.40566
3644.65000,-0.64826,2.84114,-2.35465
3644.70000,-0.65431,2.83558,-2.31592
3644.75000,-0.65740,2.83215,-2.29436
3644.80000,-0.66029,2.82884,-2.29878
3644.85000,-0.66216,2.82680,-2.33324
3644.90000,-0.66315,2.82581,-2.38650
3644.95000,-0.66378,2.82525,-2.44391
3645.00000,-0.66443,2.82474,-2.48934
3645.05000,-0.66554,2.82385,-2.50586
3645.10000,-0.66715,2.82254,-2.49761
3645.15000,-0.66914,2.82095,-2.47152
3645.20000,-0.67275,2.81798,-2.43501
3645.25000,-0.67786,2.81342,-2.39021
3645.30000,-0.68352,2.80787,-2.34167
3645.35000,-0.68940,2.80152,-2.29073
3645.40000,-0.69526,2.79447,-2.23807
3645.45000,-0.70082,2.78732,-2.19503
3645.50000,-0.70578,2.78066,-2.18535
3645.55000,-0.70849,2.77689,-2.21381
3645.60000,-0.71016,2.77475,-2.26288
3645.65000,-0.71079,2.77403,-2.32090
3645.70000,-0.71126,2.77356,-2.37999
3645.75000,-0.71175,2.77312,-2.42687
3645.80000,-0.71249,2.77252,-2.44644
3645.85000,-0.71380,2.77145,-2.43579
3645.90000,-0.71674,2.76886,-2.40632
3645.95000,-0.72125,2.76463,-2.36841
3646.00000,-0.72659,2.75919,-2.32539
3646.05000,-0.73234,2.75279,-2.27887
3646.10000,-0.73823,2.74557,-2.22993
3646.15000,-0.74411,2.73756,-2.17992
3646.20000,-0.74962,2.72922,-2.12931
3646.25000,-0.75412,2.72173,-2.09997
3646.30000,-0.75764,2.71561,-2.10315
3646.35000,-0.75981,2.71203,-2.13682
3646.40000,-0.76125,2.70988,-2.18792
3646.45000,-0.76173,2.70923,-2.24737
3646.50000,-0.76210,2.70879,-2.30801
3646.55000,-0.76250,2.70838,-2.36863
3646.60000,-0.76292,2.70800,-2.41722
3646.65000,-0.76357,2.70749,-2.43519
3646.70000,-0.76466,2.70659,-2.42069
3646.75000,-0.76739,2.70414,-2.39598
3646.80000,-0.77212,2.69961,-2.36065
3646.85000,-0.77768,2.69387,-2.31961
3646.90000,-0.78368,2.68713,-2.27527
3646.95000,-0.78983,2.67954,-2.22859
3647.00000,-0.79573,2.67172,-2.19231
3647.05000,-0.80171,2.66369,-2.17807
3647.10000,-0.80744,2.65585,-2.18273
3647.15000,-0.81283,2.64840,-2.20884
3647.20000,-0.81707,2.64288,-2.24851
3647.25000,-0.81967,2.63980,-2.30076
3647.30000,-0.82063,2.63878,-2.36401
3647.35000,-0.82144,2.63803,-2.42865
3647.40000,-0.82231,2.63733,-2.49312
3647.45000,-0.82320,2.63669,-2.54556
3647.50000,-0.82427,2.63596,-2.56484
3647.55000,-0.82562,2.63511,-2.55810
3647.60000,-0.82961,2.63243,-2.53169
3647.65000,-0.83451,2.62887,-2.49478
3647.70000,-0.84029,2.62430,-2.45194
3647.75000,-0.84715,2.61837,-2.40780
3647.80000,-0.85455,2.61148,-2.36249
3647.85000,-0.86182,2.60405,-2.31502
3647.90000,-0.86785,2.59748,-2.27569
3647.95000,-0.87387,2.59085,-2.25716
3648.00000,-0.87948,2.58453,-2.26634
3648.05000,-0.88335,2.58004,-2.30356
3648.10000,-0.88562,2.57763,-2.36121
3648.15000,-0.88701,2.57635,-2.42755
3648.20000,-0.88849,2.57515,-2.49390
3648.25000,-0.89005,2.57405,-2.55997
3648.30000,-0.89161,2.57306,-2.61455
3648.35000,-0.89306,2.57227,-2.64504
3648.40000,-0.89494,2.57117,-2.64496
3648.45000,-0.89933,2.56871,-2.62056
3648.50000,-0.90546,2.56507,-2.58856
3648.55000,-0.91275,2.56039,-2.55127
3648.60000,-0.92065,2.55488,-2.51028
3648.65000,-0.92813,2.54916,-2.46556
3648.70000,-0.93559,2.54291,-2.42134
3648.75000,-0.94244,2.53690,-2.38279
3648.80000,-0.94902,2.53109,-2.36885
3648.85000,-0.95497,2.52571,-2.38305
3648.90000,-0.96041,2.52069,-2.41553
3648.95000,-0.96493,2.51685,-2.46472
3649.00000,-0.96782,2.51465,-2.52781
3649.05000,-0.97036,2.51299,-2.59359
3649.10000,-0.97303,2.51148,-2.65907
3649.15000,-0.97568,2.51015,-2.71308
3649.20000,-0.97890,2.50834,-2.73786
3649.25000,-0.98304,2.50607,-2.73127
3649.30000,-0.98841,2.50363,-2.70597
3649.35000,-0.99550,2.50018,-2.67270
3649.40000,-1.00351,2.49593,-2.63498
3649.45000,-1.01211,2.49093,-2.59446
3649.50000,-1.02058,2.48554,-2.55269
3649.55000,-1.02869,2.48021,-2.51945
3649.60000,-1.03610,2.47551,-2.51138
3649.65000,-1.04314,2.47115,-2.51768
3649.70000,-1.04994,2.46698,-2.53445
3649.75000,-1.05661,2.46290,-2.56782
3649.80000,-1.06228,2.45943,-2.62002
3649.85000,-1.06623,2.45731,-2.68356
3649.90000,-1.07015,2.45553,-2.74789
3649.95000,-1.07403,2.45401,-2.80121
3650.00000,-1.07863,2.45187,-2.82588
3650.05000,-1.08406,2.44941,-2.82391
3650.10000,-1.09034,2.44713,-2.79948
3650.15000,-1.09793,2.44429,-2.76685
3650.20000,-1.10660,2.44070,-2.72950
3650.25000,-1.11568,2.43652,-2.69026
3650.30000,-1.12459,2.43198,-2.65141
3650.35000,-1.13324,2.42743,-2.61831
3650.40000,-1.14134,2.42338,-2.60609
3650.45000,-1.14901,2.41970,-2.61121
3650.50000,-1.15646,2.41622,-2.62654
3650.55000,-1.16371,2.41291,-2.65399
3650.60000,-1.17082,2.40957,-2.69764
3650.65000,-1.17636,2.40711,-2.75586
3650.70000,-1.18117,2.40533,-2.81814
3650.75000,-1.18607,2.40385,-2.87999
3650.80000,-1.19101,2.40256,-2.93093
3650.85000,-1.19668,2.40107,-2.95203
3650.90000,-1.20292,2.39979,-2.94567
3650.95000,-1.21025,2.39824,-2.91971
3651.00000,-1.21938,2.39603,-2.88637
3651.05000,-1.22972,2.39312,-2.84829
3651.10000,-1.23954,2.39002,-2.81140
3651.15000,-1.24816,2.38706,-2.78186
3651.20000,-1.25654,2.38427,-2.77780
3651.25000,-1.26447,2.38176,-2.79683
3651.30000,-1.26964,2.38012,-2.84023
3651.35000,-1.27339,2.37907,-2.89786
3651.40000,-1.27700,2.37828,-2.95634
3651.45000,-1.28048,2.37774,-3.01440
3651.50000,-1.28405,2.37733,-3.06173
3651.55000,-1.28817,2.37692,-3.08293
3651.60000,-1.29230,2.37656,-3.08615
3651.65000,-1.29656,2.37612,-3.07968
3651.70000,-1.30315,2.37543,-3.05923
3651.75000,-1.31322,2.37443,-3.02583
3651.80000,-1.32402,2.37298,-2.98964
3651.85000,-1.33473,2.37116,-2.95445
3651.90000,-1.34499,2.36907,-2.92051
3651.95000,-1.35459,2.36699,-2.89578
3652.00000,-1.36403,2.36497,-2.89247
3652.05000,-1.37287,2.36318,-2.91137
3652.10000,-1.37906,2.36190,-2.95273
3652.15000,-1.38336,2.36119,-3.00550
3652.20000,-1.38563,2.36094,-3.06746
3652.25000,-1.38747,2.36086,-3.13199
3652.30000,-1.38927,2.36088,3.09411
3652.35000,-1.39131,2.36115,3.05179
3652.40000,-1.39442,2.36185,3.04616
3652.45000,-1.40025,2.36247,3.06341
3652.50000,-1.40898,2.36303,3.09182
3652.55000,-1.41937,2.36337,3.12645
3652.60000,-1.43028,2.36334,-3.12045
3652.65000,-1.44117,2.36291,-3.08453
3652.70000,-1.45203,2.36210,-3.04885
3652.75000,-1.46225,2.36112,-3.02291
3652.80000,-1.47226,2.36021,-3.01393
3652.85000,-1.48199,2.35957,-3.01826
3652.90000,-1.49156,2.35905,-3.02944
3652.95000,-1.50109,2.35855,-3.05392
3653.00000,-1.51039,2.35802,-3.09556
3653.05000,-1.51812,2.35786,3.13349
3653.10000,-1.52390,2.35798,3.06815
3653.15000,-1.52739,2.35834,2.99140
3653.20000,-1.52969,2.35866,2.91974
3653.25000,-1.53204,2.35908,2.86247
3653.30000,-1.53444,2.35956,2.81573
3653.35000,-1.53683,2.36006,2.78000
3653.40000,-1.53923,2.36060,2.75508
3653.45000,-1.54168,2.36122,2.74043
3653.50000,-1.54427,2.36200,2.73524
3653.55000,-1.54740,2.36332,2.74269
3653.60000,-1.55283,2.36557,2.76421
3653.65000,-1.56037,2.36845,2.79438
3653.70000,-1.56965,2.37163,2.83238
3653.75000,-1.57923,2.37449,2.87057
3653.80000,-1.58891,2.37699,2.90842
3653.85000,-1.59868,2.37911,2.94667
3653.90000,-1.60853,2.38086,2.98490
3653.95000,-1.61843,2.38223,3.02247
3654.00000,-1.62837,2.38323,3.06108
3654.05000,-1.63689,2.38380,3.07928
3654.10000,-1.64271,2.38419,3.06330
3654.15000,-1.64676,2.38458,3.02354
3654.20000,-1.64956,2.38499,2.96693
3654.25000,-1.65250,2.38561,2.90215
3654.30000,-1.65578,2.38638,2.84628
3654.35000,-1.65898,2.38709,2.80422
3654.40000,-1.66229,2.38796,2.77621
3654.45000,-1.66556,2.38879,2.75331
3654.50000,-1.66872,2.38953,2.73327
3654.55000,-1.67173,2.39012,2.71453
3654.60000,-1.67459,2.39055,2.69684
3654.65000,-1.67729,2.39084,2.68021
3654.70000,-1.67987,2.39101,2.66514
3654.75000,-1.68238,2.39111,2.65285
3654.80000,-1.68488,2.39122,2.64497
3654.85000,-1.68749,2.39147,2.64959
3654.90000,-1.69004,2.39226,2.66592
3654.95000,-1.69369,2.39409,2.69218
3655.00000,-1.69943,2.39675,2.72760
3655.05000,-1.70751,2.40010,2.77183
3655.10000,-1.71673,2.40345,2.81984
3655.15000,-1.72631,2.40639,2.86750
3655.20000,-1.73599,2.40887,2.91520
3655.25000,-1.74579,2.41088,2.96329
3655.30000,-1.75532,2.41229,2.99757
3655.35000,-1.76378,2.41260,3.00603
3655.40000,-1.76977,2.41310,3.00305
3655.45000,-1.77375,2.41348,3.00260
3655.50000,-1.77654,2.41380,2.99663
3655.55000,-1.77850,2.41399,2.99470
3655.60000,-1.78001,2.41415,2.99345
3655.65000,-1.78093,2.41415,3.00128
3655.70000,-1.78157,2.41413,3.00300
3655.75000,-1.78241,2.41440,3.01156
3655.80000,-1.78369,2.41468,3.02182
3655.85000,-1.78533,2.41483,3.03135
3655.90000,-1.78751,2.41503,3.06426
3655.95000,-1.78995,2.41518,3.08530
3656.00000,-1.79169,2.41507,3.08619
3656.05000,-1.79292,2.41515,3.07648
3656.10000,-1.79384,2.41517,3.07280
3656.15000,-1.79446,2.41524,3.06454
3656.20000,-1.79489,2.41522,3.06464
3656.25000,-1.79498,2.41528,3.05767
3656.30000,-1.79534,2.41564,3.06041
3656.35000,-1.79615,2.41616,3.07685
3656.40000,-1.79823,2.41651,3.11122
3656.45000,-1.80270,2.41657,-3.12781
3656.50000,-1.80834,2.41652,-3.08513
3656.55000,-1.81318,2.41643,-3.04957
3656.60000,-1.81627,2.41618,-3.02029
3656.65000,-1.81900,2.41626,-3.00766
3656.70000,-1.82136,2.41668,-3.01013
3656.75000,-1.82354,2.41726,-3.02022
3656.80000,-1.82540,2.41747,-3.03504
3656.85000,-1.82655,2.41736,-3.05055
3656.90000,-1.82741,2.41739,-3.07606
3656.95000,-1.82820,2.41737,-3.10233
3657.00000,-1.82892,2.41735,-3.09600
3657.05000,-1.83100,2.41720,-3.06880
3657.10000,-1.83539,2.41679,-3.03203
3657.15000,-1.84142,2.41599,-2.98877
3657.20000,-1.84861,2.41471,-2.94114
3657.25000,-1.85611,2.41325,-2.89906
3657.30000,-1.86364,2.41173,-2.87356
3657.35000,-1.86935,2.41050,-2.86197
3657.40000,-1.87262,2.40957,-2.83154
3657.45000,-1.87475,2.40884,-2.78177
3657.50000,-1.87600,2.40833,-2.71860
3657.55000,-1.87685,2.40791,-2.64533
3657.60000,-1.87753,2.40751,-2.56533
3657.65000,-1.87847,2.40684,-2.48277
3657.70000,-1.87935,2.40610,-2.40013
3657.75000,-1.88012,2.40533,-2.31774
3657.80000,-1.88079,2.40455,-2.23561
3657.85000,-1.88136,2.40376,-2.15372
3657.90000,-1.88184,2.40297,-2.07210
3657.95000,-1.88223,2.40218,-1.99074
3658.00000,-1.88254,2.40141,-1.90967
3658.05000,-1.88277,2.40064,-1.82893
3658.10000,-1.88294,2.39989,-1.74854
3658.15000,-1.88304,2.39916,-1.66852
3658.20000,-1.88308,2.39844,-1.58888
3658.25000,-1.88307,2.39775,-1.50963
3658.30000,-1.88300,2.39708,-1.43088
3658.35000,-1.88288,2.39643,-1.35277
3658.40000,-1.88271,2.39580,-1.27548
3658.45000,-1.88250,2.39517,-1.19907
3658.50000,-1.88223,2.39457,-1.12356
3658.55000,-1.88193,2.39399,-1.04896
3658.60000,-1.88158,2.39343,-0.97528
3658.65000,-1.88119,2.39290,-0.90252
3658.70000,-1.88076,2.39240,-0.83070
3658.75000,-1.88031,2.39193,-0.75983
3658.80000,-1.87982,2.39150,-0.68991
3658.85000,-1.87930,2.39110,-0.62095
3658.90000,-1.87875,2.39074,-0.55297
3658.95000,-1.87819,2.39041,-0.48596
3659.00000,-1.87761,2.39013,-0.41991
3659.05000,-1.87702,2.38989,-0.35464
3659.10000,-1.87643,2.38969,-0.28999
3659.15000,-1.87586,2.38954,-0.22588
3659.20000,-1.87529,2.38943,-0.16230
3659.25000,-1.87473,2.38936,-0.09942
3659.30000,-1.87418,2.38932,-0.03746
3659.35000,-1.87365,2.38932,0.01521
3659.40000,-1.87068,2.38959,0.05258
3659.45000,-1.86373,2.39015,0.07033
3659.50000,-1.85548,2.39078,0.07938
3659.55000,-1.84625,2.39156,0.08388
3659.60000,-1.83632,2.39240,0.08511
3659.65000,-1.82636,2.39326,0.08558
3659.70000,-1.81640,2.39411,0.08570
3659.75000,-1.80644,2.39497,0.08522
3659.80000,-1.79649,2.39580,0.08407
3659.85000,-1.78657,2.39662,0.08230
3659.90000,-1.77665,2.39741,0.08016
3659.95000,-1.76674,2.39818,0.07765
3660.00000,-1.75684,2.39892,0.07454
3660.05000,-1.74695,2.39963,0.07106
3660.10000,-1.73699,2.40032,0.06700
3660.15000,-1.72712,2.40097,0.06262
3660.20000,-1.71725,2.40157,0.05786
3660.25000,-1.70738,2.40212,0.05242
3660.30000,-1.69759,2.40253,0.05587
3660.35000,-1.68820,2.40298,0.07936
3660.40000,-1.68173,2.40346,0.11835
3660.45000,-1.67777,2.40401,0.16579
3660.50000,-1.67580,2.40413,0.21237
3660.55000,-1.67367,2.40446,0.24481
3660.60000,-1.66938,2.40573,0.26162
3660.65000,-1.66271,2.40766,0.26508
3660.70000,-1.65372,2.41010,0.25635
3660.75000,-1.64427,2.41253,0.24519
3660.80000,-1.63480,2.41485,0.23379
3660.85000,-1.62528,2.41706,0.22236
3660.90000,-1.61572,2.41917,0.21035
3660.95000,-1.60617,2.42117,0.19849
3661.00000,-1.59660,2.42304,0.18621
3661.05000,-1.58702,2.42478,0.17332
3661.10000,-1.57743,2.42642,0.16996
3661.15000,-1.56799,2.42798,0.18625
3661.20000,-1.56000,2.42950,0.21455
3661.25000,-1.55480,2.43040,0.25388
3661.30000,-1.55379,2.43052,0.30680
3661.35000,-1.55358,2.43060,0.34870
3661.40000,-1.55173,2.43147,0.37100
3661.45000,-1.54593,2.43383,0.37198
3661.50000,-1.53746,2.43710,0.35851
3661.55000,-1.52842,2.44041,0.34192
3661.60000,-1.51925,2.44360,0.32563
3661.65000,-1.51011,2.44661,0.30943
3661.70000,-1.50094,2.44947,0.29318
3661.75000,-1.49173,2.45217,0.27639
3661.80000,-1.48249,2.45471,0.25920
3661.85000,-1.47309,2.45715,0.25156
3661.90000,-1.46364,2.45954,0.25862
3661.95000,-1.45738,2.46108,0.28378
3662.00000,-1.45507,2.46150,0.32666
3662.05000,-1.45483,2.46158,0.37316
3662.10000,-1.45461,2.46168,0.41913
3662.15000,-1.45434,2.46185,0.45658
3662.20000,-1.45300,2.46262,0.47543
3662.25000,-1.44787,2.46539,0.47366
3662.30000,-1.44004,2.46934,0.45734
3662.35000,-1.43147,2.47345,0.43682
3662.40000,-1.42282,2.47737,0.41684
3662.45000,-1.41409,2.48111,0.39655
3662.50000,-1.40530,2.48467,0.37566
3662.55000,-1.39645,2.48804,0.35438
3662.60000,-1.38754,2.49121,0.33261
3662.65000,-1.37857,2.49424,0.32323
3662.70000,-1.37052,2.49694,0.32929
3662.75000,-1.36602,2.49849,0.35054
3662.80000,-1.36567,2.49862,0.38917
3662.85000,-1.36549,2.49870,0.42838
3662.90000,-1.36531,2.49879,0.46705
3662.95000,-1.36514,2.49890,0.49552
3663.00000,-1.36296,2.50021,0.50562
3663.05000,-1.35696,2.50352,0.49501
3663.10000,-1.34919,2.50762,0.47457
3663.15000,-1.34041,2.51199,0.45203
3663.20000,-1.33154,2.51616,0.42945
3663.25000,-1.32262,2.52010,0.40649
3663.30000,-1.31396,2.52374,0.39526
3663.35000,-1.30685,2.52663,0.40076
3663.40000,-1.30251,2.52849,0.41701
3663.45000,-1.30101,2.52915,0.44823
3663.50000,-1.30003,2.52962,0.48624
3663.55000,-1.29907,2.53012,0.52387
3663.60000,-1.29827,2.53059,0.54283
3663.65000,-1.29542,2.53239,0.54431
3663.70000,-1.28993,2.53569,0.53496
3663.75000,-1.28304,2.53972,0.51922
3663.80000,-1.27469,2.54439,0.49699
3663.85000,-1.26584,2.54905,0.47295
3663.90000,-1.25742,2.55324,0.46132
3663.95000,-1.25083,2.55648,0.46371
3664.00000,-1.24778,2.55801,0.48141
3664.05000,-1.24766,2.55807,0.51230
3664.10000,-1.24755,2.55814,0.54314
3664.15000,-1.24743,2.55821,0.57362
3664.20000,-1.24733,2.55830,0.59486
3664.25000,-1.24626,2.55910,0.60452
3664.30000,-1.24318,2.56124,0.60347
3664.35000,-1.23904,2.56408,0.59538
3664.40000,-1.23334,2.56787,0.57788
3664.45000,-1.22578,2.57266,0.54968
3664.50000,-1.21782,2.57737,0.51969
3664.55000,-1.20977,2.58185,0.50358
3664.60000,-1.20370,2.58515,0.50357
3664.65000,-1.20072,2.58674,0.52044
3664.70000,-1.20017,2.58704,0.54929
3664.75000,-1.20002,2.58713,0.57672
3664.80000,-1.19993,2.58719,0.60359
3664.85000,-1.19984,2.58726,0.63020
3664.90000,-1.19982,2.58726,0.64993
3664.95000,-1.19852,2.58829,0.65629
3665.00000,-1.19568,2.59047,0.65256
3665.05000,-1.19192,2.59332,0.64265
3665.10000,-1.18708,2.59690,0.62606
3665.15000,-1.18074,2.60137,0.60055
3665.20000,-1.17314,2.60640,0.56798
3665.25000,-1.16537,2.61123,0.54954
3665.30000,-1.15902,2.61506,0.54534
3665.35000,-1.15415,2.61802,0.54957
3665.40000,-1.15053,2.62025,0.56152
3665.45000,-1.14952,2.62086,0.58876
3665.50000,-1.14878,2.62136,0.61803
3665.55000,-1.14806,2.62188,0.64720
3665.60000,-1.14734,2.62244,0.67615
3665.65000,-1.14693,2.62278,0.69180
3665.70000,-1.14521,2.62422,0.69287
3665.75000,-1.14229,2.62664,0.68612
3665.80000,-1.13836,2.62983,0.67287
3665.85000,-1.13320,2.63386,0.65195
3665.90000,-1.12641,2.63889,0.62145
3665.95000,-1.11896,2.64409,0.60230
3666.00000,-1.11288,2.64823,0.59745
3666.05000,-1.10888,2.65096,0.60450
3666.10000,-1.10639,2.65268,0.62070
3666.15000,-1.10562,2.65324,0.64727
3666.20000,-1.10490,2.65378,0.67418
3666.25000,-1.10421,2.65433,0.70077
3666.30000,-1.10355,2.65489,0.72694
3666.35000,-1.10298,2.65540,0.73649
3666.40000,-1.10109,2.65712,0.73362
3666.45000,-1.09819,2.65972,0.72520
3666.50000,-1.09429,2.66313,0.71004
3666.55000,-1.08899,2.66758,0.68599
3666.60000,-1.08219,2.67297,0.65268
3666.65000,-1.07492,2.67839,0.63190
3666.70000,-1.06908,2.68262,0.62510
3666.75000,-1.06542,2.68526,0.63138
3666.80000,-1.06424,2.68612,0.65261
3666.85000,-1.06357,2.68663,0.67747
3666.90000,-1.06289,2.68717,0.70222
3666.95000,-1.06227,2.68771,0.72674
3667.00000,-1.06164,2.68828,0.75103
3667.05000,-1.06102,2.68886,0.77515
3667.10000,-1.06044,2.68943,0.79903
3667.15000,-1.06007,2.68987,0.81334
3667.20000,-1.05890,2.69112,0.81428
3667.25000,-1.05683,2.69330,0.80831
3667.30000,-1.05314,2.69712,0.79068
3667.35000,-1.04798,2.70220,0.76312
3667.40000,-1.04147,2.70821,0.72743
3667.45000,-1.03458,2.71412,0.69063
3667.50000,-1.02749,2.71988,0.66620
3667.55000,-1.02205,2.72411,0.65802
3667.60000,-1.01875,2.72666,0.66275
3667.65000,-1.01761,2.72752,0.68041
3667.70000,-1.01717,2.72787,0.70298
3667.75000,-1.01684,2.72814,0.72546
3667.80000,-1.01635,2.72857,0.74773
3667.85000,-1.01602,2.72887,0.76872
3667.90000,-1.01555,2.72933,0.79067
3667.95000,-1.01511,2.72978,0.81217
3668.00000,-1.01486,2.73004,0.83234
3668.05000,-1.01434,2.73064,0.84537
3668.10000,-1.01296,2.73222,0.84464
3668.15000,-1.00963,2.73592,0.83029
3668.20000,-1.00461,2.74127,0.80208
3668.25000,-0.99842,2.74744,0.76612
3668.30000,-0.99175,2.75381,0.73821
3668.35000,-0.98619,2.75881,0.72487
3668.40000,-0.98329,2.76139,0.72832
3668.45000,-0.98230,2.76228,0.74257
3668.50000,-0.98225,2.76232,0.76236
3668.55000,-0.98206,2.76249,0.78225
3668.60000,-0.98186,2.76267,0.80251
3668.65000,-0.98164,2.76290,0.82274
3668.70000,-0.98147,2.76305,0.84208
3668.75000,-0.98133,2.76319,0.86080
3668.80000,-0.98088,2.76373,0.86605
3668.85000,-0.97830,2.76672,0.85539
3668.90000,-0.97400,2.77156,0.83317
3668.95000,-0.96802,2.77796,0.80475
3669.00000,-0.96154,2.78463,0.78073
3669.05000,-0.95697,2.78915,0.77276
3669.10000,-0.95488,2.79121,0.78009
3669.15000,-0.95452,2.79157,0.79805
3669.20000,-0.95431,2.79180,0.81831
3669.25000,-0.95404,2.79209,0.83807
3669.30000,-0.95387,2.79230,0.84586
3669.35000,-0.95375,2.79245,0.84853
3669.40000,-0.95348,2.79275,0.86615
3669.45000,-0.95334,2.79293,0.88319
3669.50000,-0.95320,2.79310,0.90008
3669.55000,-0.95313,2.79318,0.90107
3669.60000,-0.95165,2.79502,0.88437
3669.65000,-0.94829,2.79900,0.85709
3669.70000,-0.94397,2.80382,0.81920
3669.75000,-0.93897,2.80893,0.77372
3669.80000,-0.93308,2.81440,0.72446
3669.85000,-0.92623,2.82016,0.67359
3669.90000,-0.91875,2.82582,0.62085
3669.95000,-0.91073,2.83123,0.56673
3670.00000,-0.90283,2.83610,0.52560
3670.05000,-0.89739,2.83914,0.49820
3670.10000,-0.89204,2.84191,0.45933
3670.15000,-0.88523,2.84510,0.41578
3670.20000,-0.87771,2.84820,0.36728
3670.25000,-0.87024,2.85088,0.33288
3670.30000,-0.86379,2.85299,0.32135
3670.35000,-0.85898,2.85452,0.31949
3670.40000,-0.85421,2.85603,0.31801
3670.45000,-0.85013,2.85731,0.32005
3670.50000,-0.84904,2.85768,0.32070
3670.55000,-0.84828,2.85781,0.31915
3670.60000,-0.84792,2.85791,0.31931
3670.65000,-0.84770,2.85797,0.31989
3670.70000,-0.84744,2.85803,0.31982
3670.75000,-0.84736,2.85804,0.32024
3670.80000,-0.84720,2.85808,0.32006
3670.85000,-0.84719,2.85807,0.32042
3670.90000,-0.84707,2.85809,0.32018
3670.95000,-0.84548,2.85865,0.29944
3671.00000,-0.84252,2.85950,0.28870
3671.05000,-0.84009,2.86006,0.28388
3671.10000,-0.83860,2.86046,0.27742
3671.15000,-0.83760,2.86071,0.27266
3671.20000,-0.83679,2.86088,0.26749
3671.25000,-0.83643,2.86097,0.28305
3671.30000,-0.83618,2.86105,0.28451
3671.35000,-0.83602,2.86110,0.28218
3671.40000,-0.83559,2.86123,0.29909
3671.45000,-0.83500,2.86139,0.31764
3671.50000,-0.83453,2.86160,0.32438
3671.55000,-0.83326,2.86208,0.30414
3671.60000,-0.82969,2.86315,0.27105
3671.65000,-0.82525,2.86424,0.24995
3671.70000,-0.82205,2.86500,0.23915
3671.75000,-0.81955,2.86555,0.23139
3671.80000,-0.81833,2.86575,0.24478
3671.85000,-0.81809,2.86581,0.26169
3671.90000,-0.81791,2.86586,0.27865
3671.95000,-0.81774,2.86591,0.29565
3672.00000,-0.81756,2.86599,0.30382
3672.05000,-0.81740,2.86610,0.29534
3672.10000,-0.81580,2.86679,0.28912
3672.15000,-0.81397,2.86731,0.28494
3672.20000,-0.81197,2.86788,0.26096
3672.25000,-0.80760,2.86910,0.22957
3672.30000,-0.80126,2.87050,0.18923
3672.35000,-0.79468,2.87157,0.16080
3672.40000,-0.78945,2.87232,0.15539
3672.45000,-0.78620,2.87247,0.15583
3672.50000,-0.78320,2.87255,0.14638
3672.55000,-0.77988,2.87302,0.14029
3672.60000,-0.77795,2.87322,0.15139
3672.65000,-0.77739,2.87327,0.16924
3672.70000,-0.77723,2.87330,0.18690
3672.75000,-0.77709,2.87332,0.20466
3672.80000,-0.77695,2.87336,0.22260
3672.85000,-0.77681,2.87340,0.23415
3672.90000,-0.77665,2.87349,0.22849
3672.95000,-0.77585,2.87379,0.20715
3673.00000,-0.77246,2.87471,0.17758
3673.05000,-0.76655,2.87596,0.13977
3673.10000,-0.76017,2.87674,0.11419
3673.15000,-0.75474,2.87729,0.10867
3673.20000,-0.75136,2.87763,0.11337
3673.25000,-0.75021,2.87774,0.12760
3673.30000,-0.75008,2.87777,0.13975
3673.35000,-0.74994,2.87784,0.13945
3673.40000,-0.74979,2.87795,0.12614
3673.45000,-0.74950,2.87817,0.09959
3673.50000,-0.74702,2.87846,0.07841
3673.55000,-0.74470,2.87863,0.06050
3673.60000,-0.74221,2.87872,0.02268
3673.65000,-0.73794,2.87872,-0.02313
3673.70000,-0.73301,2.87863,-0.06559
3673.75000,-0.72816,2.87859,-0.10144
3673.80000,-0.72331,2.87855,-0.13589
3673.85000,-0.71845,2.87852,-0.16895
3673.90000,-0.71360,2.87848,-0.20054
3673.95000,-0.70875,2.87844,-0.23054
3674.00000,-0.70390,2.87840,-0.25885
3674.05000,-0.69905,2.87835,-0.28534
3674.10000,-0.69421,2.87830,-0.30987
3674.15000,-0.68936,2.87825,-0.33230
3674.20000,-0.68452,2.87820,-0.35247
3674.25000,-0.67967,2.87814,-0.37024
3674.30000,-0.67483,2.87808,-0.38544
3674.35000,-0.66999,2.87800,-0.39793
3674.40000,-0.66515,2.87793,-0.40754
3674.45000,-0.66031,2.87785,-0.41414
3674.50000,-0.65548,2.87775,-0.41760
3674.55000,-0.65064,2.87765,-0.41670
3674.60000,-0.64581,2.87752,-0.40318
3674.65000,-0.64211,2.87747,-0.37469
3674.70000,-0.64124,2.87755,-0.33309
3674.75000,-0.64116,2.87752,-0.28773
3674.80000,-0.64107,2.87750,-0.24236
3674.85000,-0.64097,2.87749,-0.20643
3674.90000,-0.64138,2.87777,-0.19456
3674.95000,-0.64035,2.87746,-0.20527
3675.00000,-0.63584,2.87637,-0.23405
3675.05000,-0.62952,2.87472,-0.27186
3675.10000,-0.62129,2.87224,-0.31199
3675.15000,-0.61262,2.86951,-0.34685
3675.20000,-0.60378,2.86656,-0.36439
3675.25000,-0.59479,2.86343,-0.37227
3675.30000,-0.58776,2.86135,-0.37795
3675.35000,-0.58557,2.86050,-0.38287
3675.40000,-0.58336,2.85960,-0.38399
3675.45000,-0.58113,2.85864,-0.37731
3675.50000,-0.57971,2.85815,-0.36591
3675.55000,-0.57900,2.85792,-0.36042
3675.60000,-0.57816,2.85751,-0.34143
3675.65000,-0.57733,2.85708,-0.30219
3675.70000,-0.57697,2.85710,-0.26406
3675.75000,-0.57716,2.85738,-0.25305
3675.80000,-0.57614,2.85707,-0.25831
3675.85000,-0.57249,2.85600,-0.27760
3675.90000,-0.56585,2.85397,-0.31191
3675.95000,-0.55819,2.85133,-0.35266
3676.00000,-0.55013,2.84834,-0.38898
3676.05000,-0.54182,2.84505,-0.40693
3676.10000,-0.53305,2.84126,-0.40416
3676.15000,-0.52446,2.83763,-0.39443
3676.20000,-0.51667,2.83446,-0.37989
3676.25000,-0.50971,2.83175,-0.36071
3676.30000,-0.50358,2.82952,-0.33703
3676.35000,-0.49827,2.82774,-0.30900
3676.40000,-0.49376,2.82638,-0.27664
3676.45000,-0.49113,2.82587,-0.25278
3676.50000,-0.48934,2.82546,-0.25272
3676.55000,-0.48524,2.82432,-0.26713
3676.60000,-0.47855,2.82238,-0.29506
3676.65000,-0.47054,2.81979,-0.33022
3676.70000,-0.46202,2.81669,-0.36746
3676.75000,-0.45361,2.81350,-0.39811
3676.80000,-0.44493,2.81002,-0.41190
3676.85000,-0.43587,2.80610,-0.40712
3676.90000,-0.42717,2.80240,-0.39586
3676.95000,-0.41918,2.79914,-0.37950
3677.00000,-0.41187,2.79631,-0.35827
3677.05000,-0.40608,2.79432,-0.33118
3677.10000,-0.40458,2.79388,-0.28778
3677.15000,-0.40444,2.79384,-0.23915
3677.20000,-0.40429,2.79381,-0.19129
3677.25000,-0.40414,2.79378,-0.14440
3677.30000,-0.40401,2.79380,-0.10640
3677.35000,-0.40412,2.79381,-0.08945
3677.40000,-0.40230,2.79350,-0.08959
3677.45000,-0.39718,2.79289,-0.10673
3677.50000,-0.38946,2.79193,-0.13776
3677.55000,-0.38056,2.79053,-0.17361
3677.60000,-0.37162,2.78880,-0.20936
3677.65000,-0.36273,2.78675,-0.24428
3677.70000,-0.35393,2.78439,-0.27986
3677.75000,-0.34513,2.78182,-0.30869
3677.80000,-0.33605,2.77892,-0.32035
3677.85000,-0.32678,2.77581,-0.31674
3677.90000,-0.31808,2.77302,-0.30541
3677.95000,-0.31047,2.77069,-0.28869
3678.00000,-0.30400,2.76885,-0.26651
3678.05000,-0.29870,2.76748,-0.23873
3678.10000,-0.29460,2.76657,-0.20528
3678.15000,-0.29177,2.76605,-0.16611
3678.20000,-0.29049,2.76586,-0.12041
3678.25000,-0.29036,2.76586,-0.07902
3678.30000,-0.29034,2.76579,-0.05715
3678.35000,-0.28859,2.76555,-0.05382
3678.40000,-0.28436,2.76522,-0.06290
3678.45000,-0.27720,2.76460,-0.08656
3678.50000,-0.26799,2.76364,-0.11894
3678.55000,-0.25867,2.76236,-0.15110
3678.60000,-0.24944,2.76079,-0.18390
3678.65000,-0.24068,2.75917,-0.21123
3678.70000,-0.23203,2.75765,-0.23141
3678.75000,-0.22342,2.75616,-0.24977
3678.80000,-0.21482,2.75468,-0.26692
3678.85000,-0.20621,2.75319,-0.28311
3678.90000,-0.19761,2.75170,-0.29865
3678.95000,-0.18889,2.75008,-0.30521
3679.00000,-0.18015,2.74842,-0.30820
3679.05000,-0.17140,2.74675,-0.30893
3679.10000,-0.16372,2.74493,-0.27953
3679.15000,-0.16197,2.74447,-0.21619
3679.20000,-0.16157,2.74439,-0.14593
3679.25000,-0.16148,2.74438,-0.07467
3679.30000,-0.16139,2.74437,-0.00396
3679.35000,-0.16129,2.74439,0.05805
3679.40000,-0.16124,2.74439,0.10431
3679.45000,-0.16115,2.74444,0.13776
3679.50000,-0.16089,2.74460,0.15835
3679.55000,-0.15806,2.74526,0.15919
3679.60000,-0.15098,2.74649,0.13811
3679.65000,-0.14189,2.74761,0.10696
3679.70000,-0.13270,2.74845,0.07621
3679.75000,-0.12348,2.74901,0.04534
3679.80000,-0.11424,2.74929,0.01510
3679.85000,-0.10501,2.74929,-0.01535
3679.90000,-0.09577,2.74901,-0.04557
3679.95000,-0.08656,2.74845,-0.07654
3680.00000,-0.07736,2.74760,-0.10701
3680.05000,-0.06823,2.74647,-0.13899
3680.10000,-0.05912,2.74505,-0.17014
3680.15000,-0.05000,2.74345,-0.19599
3680.20000,-0.04062,2.74155,-0.20575
3680.25000,-0.03088,2.73925,-0.20001
3680.30000,-0.02093,2.73673,-0.18650
3680.35000,-0.01131,2.73499,-0.16872
3680.40000,-0.00439,2.73471,-0.15949
3680.45000,0.00162,2.73452,-0.17198
3680.50000,0.00699,2.73358,-0.20639
3680.55000,0.01330,2.73212,-0.24924
3680.60000,0.02053,2.73009,-0.29682
3680.65000,0.02837,2.72747,-0.34764
3680.70000,0.03646,2.72430,-0.39986
3680.75000,0.04438,2.72070,-0.45179
3680.80000,0.05213,2.71670,-0.50293
3680.85000,0.05967,2.71229,-0.55338
3680.90000,0.06700,2.70751,-0.60329
3680.95000,0.07409,2.70236,-0.65264
3681.00000,0.08094,2.69685,-0.70116
3681.05000,0.08752,2.69102,-0.74953
3681.10000,0.09251,2.68625,-0.79784
3681.15000,0.09488,2.68371,-0.85285
3681.20000,0.09561,2.68284,-0.91726
3681.25000,0.09569,2.68272,-0.98576
3681.30000,0.09575,2.68262,-1.05425
3681.35000,0.09580,2.68252,-1.12256
3681.40000,0.09585,2.68242,-1.19067
3681.45000,0.09589,2.68231,-1.25858
3681.50000,0.09592,2.68220,-1.32626
3681.55000,0.09594,2.68209,-1.39370
3681.60000,0.09596,2.68197,-1.46088
3681.65000,0.09597,2.68186,-1.52780
3681.70000,0.09597,2.68175,-1.59442
3681.75000,0.09596,2.68163,-1.66075
3681.80000,0.09595,2.68152,-1.72675
3681.85000,0.09593,2.68141,-1.79241
3681.90000,0.09590,2.68130,-1.85771
3681.95000,0.09586,2.68120,-1.92264
3682.00000,0.09582,2.68109,-1.98717
3682.05000,0.09577,2.68099,-2.05128
3682.10000,0.09572,2.68090,-2.11496
3682.15000,0.09566,2.68080,-2.17818
3682.20000,0.09559,2.68071,-2.24092
3682.25000,0.09552,2.68063,-2.30310
3682.30000,0.09544,2.68055,-2.36453
3682.35000,0.09536,2.68047,-2.42523
3682.40000,0.09527,2.68040,-2.48517
3682.45000,0.09518,2.68034,-2.54435
3682.50000,0.09509,2.68028,-2.60275
3682.55000,0.09499,2.68022,-2.66038
3682.60000,0.09489,2.68017,-2.71722
3682.65000,0.09479,2.68013,-2.77326
3682.70000,0.09469,2.68009,-2.82849
3682.75000,0.09458,2.68006,-2.88292
3682.80000,0.09447,2.68004,-2.93652
3682.85000,0.09436,2.68002,-2.98930
3682.90000,0.09425,2.68000,-3.04125
3682.95000,0.09414,2.67999,-3.09237
3683.00000,0.09403,2.67999,3.14054
3683.05000,0.09392,2.68000,3.09110
3683.10000,0.09381,2.68000,3.04248
3683.15000,0.09370,2.68002,2.99469
3683.20000,0.09359,2.68004,2.94774
3683.25000,0.09372,2.68001,2.90075
3683.30000,0.09427,2.67987,2.85301
3683.35000,0.09270,2.68058,2.80586
3683.40000,0.08780,2.68260,2.77519
3683.45000,0.08130,2.68530,2.76932
3683.50000,0.07218,2.68882,2.77802
3683.55000,0.06273,2.69236,2.78856
3683.60000,0.05325,2.69579,2.79791
3683.65000,0.04378,2.69913,2.80759
3683.70000,0.03412,2.70241,2.81819
3683.75000,0.02450,2.70557,2.82910
3683.80000,0.01488,2.70862,2.84052
3683.85000,0.00515,2.71157,2.85306
3683.90000,-0.00452,2.71436,2.86566
3683.95000,-0.01438,2.71708,2.87785
3684.00000,-0.02435,2.71970,2.89012
3684.05000,-0.03410,2.72213,2.90218
3684.10000,-0.04391,2.72445,2.91477
3684.15000,-0.05385,2.72667,2.92753
3684.20000,-0.06388,2.72878,2.94150
3684.25000,-0.07404,2.73076,2.95575
3684.30000,-0.08408,2.73256,2.97033
3684.35000,-0.09417,2.73422,2.98554
3684.40000,-0.10424,2.73558,2.99193
3684.45000,-0.11209,2.73616,2.98034
3684.50000,-0.11524,2.73645,2.94935
3684.55000,-0.11560,2.73652,2.90695
3684.60000,-0.11570,2.73655,2.86422
3684.65000,-0.11581,2.73661,2.83157
3684.70000,-0.11700,2.73706,2.81261
3684.75000,-0.12057,2.73832,2.80437
3684.80000,-0.12577,2.74017,2.80355
3684.85000,-0.13215,2.74241,2.80825
3684.90000,-0.13980,2.74503,2.81841
3684.95000,-0.14880,2.74799,2.83478
3685.00000,-0.15846,2.75095,2.85382
3685.05000,-0.16810,2.75370,2.87255
3685.10000,-0.17775,2.75626,2.89153
3685.15000,-0.18723,2.75853,2.89864
3685.20000,-0.19483,2.76035,2.89182
3685.25000,-0.20059,2.76184,2.87703
3685.30000,-0.20309,2.76252,2.84833
3685.35000,-0.20336,2.76261,2.81023
3685.40000,-0.20347,2.76264,2.77200
3685.45000,-0.20356,2.76270,2.74333
3685.50000,-0.20494,2.76340,2.72962
3685.55000,-0.20808,2.76479,2.72473
3685.60000,-0.21244,2.76673,2.72559
3685.65000,-0.21805,2.76920,2.73266
3685.70000,-0.22513,2.77223,2.74611
3685.75000,-0.23379,2.77577,2.76635
3685.80000,-0.24326,2.77938,2.78995
3685.85000,-0.25280,2.78276,2.81364
3685.90000,-0.26233,2.78588,2.83736
3685.95000,-0.27161,2.78862,2.84783
3686.00000,-0.27913,2.79080,2.84429
3686.05000,-0.28293,2.79194,2.82526
3686.10000,-0.28359,2.79216,2.79251
3686.15000,-0.28367,2.79219,2.75734
3686.20000,-0.28375,2.79223,2.72292
3686.25000,-0.28383,2.79226,2.68948
3686.30000,-0.28390,2.79232,2.66562
3686.35000,-0.28571,2.79339,2.65830
3686.40000,-0.29033,2.79582,2.66453
3686.45000,-0.29632,2.79889,2.67714
3686.50000,-0.30383,2.80258,2.69626
3686.55000,-0.31276,2.80671,2.72157
3686.60000,-0.32194,2.81067,2.74759
3686.65000,-0.33080,2.81416,2.75971
3686.70000,-0.33695,2.81656,2.75225
3686.75000,-0.34002,2.81785,2.72881
3686.80000,-0.34090,2.81824,2.69306
3686.85000,-0.34097,2.81828,2.65170
3686.90000,-0.34105,2.81832,2.60887
3686.95000,-0.34111,2.81838,2.57685
3687.00000,-0.34181,2.81897,2.56412
3687.05000,-0.34642,2.82201,2.57479
3687.10000,-0.35256,2.82584,2.59615
3687.15000,-0.36015,2.83030,2.62653
3687.20000,-0.36820,2.83469,2.65947
3687.25000,-0.37638,2.83879,2.69361
3687.30000,-0.38528,2.84290,2.72369
3687.35000,-0.39378,2.84648,2.73893
3687.40000,-0.40167,2.84962,2.73075
3687.45000,-0.40646,2.85165,2.71672
3687.50000,-0.41001,2.85308,2.70983
3687.55000,-0.41223,2.85404,2.70363
3687.60000,-0.41560,2.85563,2.71883
3687.65000,-0.42127,2.85811,2.74534
3687.70000,-0.42774,2.86072,2.78081
3687.75000,-0.43616,2.86372,2.81961
3687.80000,-0.44563,2.86670,2.86138
3687.85000,-0.45491,2.86916,2.90337
3687.90000,-0.46433,2.87100,2.93519
3687.95000,-0.47124,2.87219,2.95594
3688.00000,-0.47648,2.87283,2.97396
3688.05000,-0.48118,2.87293,2.97269
3688.10000,-0.48552,2.87266,2.94985
3688.15000,-0.48803,2.87244,2.89959
3688.20000,-0.48884,2.87266,2.83762
3688.25000,-0.48951,2.87289,2.78645
3688.30000,-0.49047,2.87348,2.76571
3688.35000,-0.49170,2.87440,2.76939
3688.40000,-0.49589,2.87618,2.79038
3688.45000,-0.50255,2.87858,2.82193
3688.50000,-0.51084,2.88120,2.85890
3688.55000,-0.52009,2.88371,2.89969
3688.60000,-0.52979,2.88591,2.94254
3688.65000,-0.53940,2.88765,2.98823
3688.70000,-0.54915,2.88893,3.03717
3688.75000,-0.55788,2.88963,3.09287
3688.80000,-0.56568,2.88977,-3.12913
3688.85000,-0.57381,2.88942,-3.06735
3688.90000,-0.58207,2.88854,-3.00497
3688.95000,-0.59043,2.88713,-2.94232
3689.00000,-0.59882,2.88515,-2.87960
3689.05000,-0.60718,2.88263,-2.81681
3689.10000,-0.61543,2.87956,-2.75403
3689.15000,-0.62354,2.87595,-2.69130
3689.20000,-0.63106,2.87201,-2.62700
3689.25000,-0.63813,2.86770,-2.56177
3689.30000,-0.64507,2.86282,-2.49719
3689.35000,-0.65155,2.85762,-2.43190
3689.40000,-0.65712,2.85250,-2.36378
3689.45000,-0.66273,2.84659,-2.29778
3689.50000,-0.66858,2.83958,-2.23541
3689.55000,-0.67335,2.83308,-2.16910
3689.60000,-0.67809,2.82559,-2.10574
3689.65000,-0.68204,2.81843,-2.03982
3689.70000,-0.68474,2.81263,-1.96727
3689.75000,-0.68635,2.80833,-1.88781
3689.80000,-0.68756,2.80406,-1.80762
3689.85000,-0.68845,2.79958,-1.72780
3689.90000,-0.68900,2.79491,-1.64834
3689.95000,-0.68918,2.79010,-1.56927
3690.00000,-0.68898,2.78519,-1.49056
3690.05000,-0.68838,2.78020,-1.41223
3690.10000,-0.68738,2.77517,-1.33426
3690.15000,-0.68596,2.77015,-1.25664
3690.20000,-0.68412,2.76517,-1.17935
3690.25000,-0.68192,2.76036,-1.10277
3690.30000,-0.67939,2.75580,-1.02716
3690.35000,-0.67659,2.75153,-0.95255
3690.40000,-0.67355,2.74757,-0.87894
3690.45000,-0.67031,2.74394,-0.80636
3690.50000,-0.66692,2.74064,-0.73482
3690.55000,-0.66341,2.73769,-0.66432
3690.60000,-0.65983,2.73508,-0.59487
3690.65000,-0.65619,2.73279,-0.52649
3690.70000,-0.65255,2.73084,-0.45917
3690.75000,-0.64892,2.72919,-0.39292
3690.80000,-0.64533,2.72784,-0.32776
3690.85000,-0.64180,2.72676,-0.26367
3690.90000,-0.63835,2.72594,-0.20067
3690.95000,-0.63504,2.72538,-0.13872
3691.00000,-0.63194,2.72504,-0.07783
3691.05000,-0.62906,2.72490,-0.01797
3691.10000,-0.62641,2.72493,0.04083
3691.15000,-0.62397,2.72510,0.09859
3691.20000,-0.62175,2.72538,0.15530
3691.25000,-0.61973,2.72576,0.21096
3691.30000,-0.61789,2.72620,0.26557
3691.35000,-0.61366,2.72755,0.31627
3691.40000,-0.60602,2.73026,0.36281
3691.45000,-0.59755,2.73364,0.41385
3691.50000,-0.58875,2.73778,0.46384
3691.55000,-0.58045,2.74219,0.51594
3691.60000,-0.57301,2.74640,0.56421
3691.65000,-0.56636,2.75013,0.59992
3691.70000,-0.56192,2.75309,0.62277
3691.75000,-0.55679,2.75676,0.62061
3691.80000,-0.54987,2.76164,0.60543
3691.85000,-0.54201,2.76696,0.58499
3691.90000,-0.53404,2.77212,0.56354
3691.95000,-0.52599,2.77709,0.54166
3692.00000,-0.51783,2.78188,0.51950
3692.05000,-0.50961,2.78646,0.49635
3692.10000,-0.50127,2.79085,0.47276
3692.15000,-0.49286,2.79502,0.44833
3692.20000,-0.48436,2.79898,0.42334
3692.25000,-0.47577,2.80272,0.39807
3692.30000,-0.46711,2.80623,0.37225
3692.35000,-0.45836,2.80952,0.34576
3692.40000,-0.44954,2.81256,0.31901
3692.45000,-0.44065,2.81537,0.29233
3692.50000,-0.43167,2.81795,0.26584
3692.55000,-0.42241,2.82033,0.23939
3692.60000,-0.41308,2.82247,0.21269
3692.65000,-0.40354,2.82438,0.18642
3692.70000,-0.39409,2.82602,0.15950
3692.75000,-0.38451,2.82743,0.13295
3692.80000,-0.37503,2.82855,0.10553
3692.85000,-0.36537,2.82944,0.07864
3692.90000,-0.35561,2.83007,0.05215
3692.95000,-0.34575,2.83044,0.02557
3693.00000,-0.33643,2.83055,-0.00272
3693.05000,-0.32714,2.83038,-0.03145
3693.10000,-0.31787,2.82993,-0.06031
3693.15000,-0.30861,2.82922,-0.08875
3693.20000,-0.29937,2.82825,-0.11736
3693.25000,-0.29016,2.82701,-0.14584
3693.30000,-0.28098,2.82551,-0.17408
3693.35000,-0.27186,2.82375,-0.20281
3693.40000,-0.26281,2.82174,-0.23191
3693.45000,-0.25383,2.81945,-0.26154
3693.50000,-0.24492,2.81691,-0.29121
3693.55000,-0.23610,2.81410,-0.32127
3693.60000,-0.22738,2.81103,-0.35168
3693.65000,-0.21874,2.80788,-0.37294
3693.70000,-0.21020,2.80479,-0.37644
3693.75000,-0.20183,2.80182,-0.36703
3693.80000,-0.19362,2.79900,-0.34858
3693.85000,-0.18543,2.79618,-0.31353
3693.90000,-0.17856,2.79413,-0.26283
3693.95000,-0.17443,2.79313,-0.20089
3694.00000,-0.17319,2.79291,-0.12788
3694.05000,-0.17309,2.79291,-0.06008
3694.10000,-0.17318,2.79293,-0.01204
3694.15000,-0.17392,2.79294,0.01453
3694.20000,-0.17449,2.79306,0.03125
3694.25000,-0.17418,2.79328,0.04306
3694.30000,-0.17288,2.79364,0.05038
3694.35000,-0.17069,2.79416,0.05295
3694.40000,-0.16711,2.79477,0.04909
3694.45000,-0.16154,2.79521,0.03544
3694.50000,-0.15335,2.79542,0.00769
3694.55000,-0.14418,2.79533,-0.02570
3694.60000,-0.13498,2.79493,-0.05901
3694.65000,-0.12584,2.79423,-0.09267
3694.70000,-0.11674,2.79323,-0.12667
3694.75000,-0.10770,2.79192,-0.16100
3694.80000,-0.09870,2.79031,-0.19532
3694.85000,-0.08963,2.78835,-0.22935
3694.90000,-0.08067,2.78610,-0.26335
3694.95000,-0.07183,2.78367,-0.29040
3695.00000,-0.06504,2.78175,-0.30848
3695.05000,-0.05988,2.78008,-0.32248
3695.10000,-0.05443,2.77811,-0.32134
3695.15000,-0.04891,2.77601,-0.30236
3695.20000,-0.04329,2.77408,-0.26411
3695.25000,-0.03846,2.77290,-0.20997
3695.30000,-0.03579,2.77266,-0.15616
3695.35000,-0.03349,2.77275,-0.12483
3695.40000,-0.03137,2.77266,-0.11891
3695.45000,-0.02754,2.77206,-0.13384
3695.50000,-0.02102,2.77105,-0.16328
3695.55000,-0.01348,2.76966,-0.20253
3695.60000,-0.00627,2.76803,-0.25063
3695.65000,0.00122,2.76589,-0.30314
3695.70000,0.00913,2.76318,-0.35787
3695.75000,0.01711,2.75994,-0.41349
3695.80000,0.02493,2.75625,-0.46808
3695.85000,0.03253,2.75214,-0.52222
3695.90000,0.03993,2.74762,-0.57563
3695.95000,0.04708,2.74270,-0.62834
3696.00000,0.05398,2.73741,-0.68051
3696.05000,0.06060,2.73176,-0.73234
3696.10000,0.06693,2.72577,-0.78328
3696.15000,0.07297,2.71945,-0.83335
3696.20000,0.07758,2.71415,-0.88475
3696.25000,0.07993,2.71112,-0.94494
3696.30000,0.08098,2.70958,-1.01315
3696.35000,0.08123,2.70916,-1.08681
3696.40000,0.08128,2.70905,-1.16167
3696.45000,0.08132,2.70894,-1.23610
3696.50000,0.08136,2.70882,-1.31003
3696.55000,0.08139,2.70870,-1.38343
3696.60000,0.08141,2.70857,-1.45628
3696.65000,0.08142,2.70845,-1.52857
3696.70000,0.08142,2.70833,-1.60028
3696.75000,0.08141,2.70820,-1.67139
3696.80000,0.08139,2.70808,-1.74187
3696.85000,0.08136,2.70796,-1.81171
3696.90000,0.08133,2.70784,-1.88089
3696.95000,0.08129,2.70772,-1.94939
3697.00000,0.08124,2.70761,-2.01721
3697.05000,0.08118,2.70750,-2.08431
3697.10000,0.08112,2.70739,-2.15070
3697.15000,0.08105,2.70729,-2.21634
3697.20000,0.08097,2.70720,-2.28123
3697.25000,0.08089,2.70711,-2.34536
3697.30000,0.08080,2.70702,-2.40870
3697.35000,0.08070,2.70694,-2.47125
3697.40000,0.08060,2.70687,-2.53300
3697.45000,0.08050,2.70680,-2.59394
3697.50000,0.08039,2.70674,-2.65405
3697.55000,0.08028,2.70668,-2.71332
3697.60000,0.08016,2.70663,-2.77176
3697.65000,0.08005,2.70659,-2.82934
3697.70000,0.07993,2.70656,-2.88607
3697.75000,0.07981,2.70653,-2.94193
3697.80000,0.07969,2.70651,-2.99691
3697.85000,0.07956,2.70649,-3.05102
3697.90000,0.07944,2.70649,-3.10424
3697.95000,0.07932,2.70648,3.12661
3698.00000,0.07919,2.70649,3.07518
3698.05000,0.07907,2.70650,3.02464
3698.10000,0.07895,2.70652,2.97485
3698.15000,0.07882,2.70657,2.93459
3698.20000,0.07719,2.70696,2.90529
3698.25000,0.07329,2.70795,2.88584
3698.30000,0.06696,2.70968,2.87711
3698.35000,0.05770,2.71224,2.88194
3698.40000,0.04796,2.71479,2.88939
3698.45000,0.03816,2.71728,2.89700
3698.50000,0.02836,2.71970,2.90383
3698.55000,0.01860,2.72202,2.91130
3698.60000,0.00871,2.72431,2.91963
3698.65000,-0.00120,2.72650,2.92852
3698.70000,-0.01109,2.72858,2.93811
3698.75000,-0.02096,2.73056,2.94808
3698.80000,-0.03085,2.73244,2.95886
3698.85000,-0.04081,2.73422,2.96978
3698.90000,-0.05075,2.73587,2.98196
3698.95000,-0.06078,2.73742,2.99436
3699.00000,-0.07035,2.73860,2.99653
3699.05000,-0.07870,2.73955,2.98546
3699.10000,-0.08384,2.73986,2.96158
3699.15000,-0.08542,2.73951,2.92310
3699.20000,-0.08475,2.73933,2.87564
3699.25000,-0.08437,2.73941,2.83936
3699.30000,-0.08728,2.74068,2.82478
3699.35000,-0.09430,2.74305,2.82817
3699.40000,-0.10359,2.74599,2.84202
3699.45000,-0.11335,2.74891,2.85757
3699.50000,-0.12316,2.75168,2.87296
3699.55000,-0.13289,2.75428,2.88751
3699.60000,-0.14276,2.75675,2.90338
3699.65000,-0.15258,2.75904,2.91966
3699.70000,-0.16207,2.76090,2.92630
3699.75000,-0.16985,2.76236,2.91742
3699.80000,-0.17405,2.76302,2.89336
3699.85000,-0.17429,2.76299,2.85246
3699.90000,-0.17424,2.76298,2.80944
3699.95000,-0.17406,2.76292,2.76568
3700.00000,-0.17302,2.76256,2.72673
3700.05000,-0.17275,2.76257,2.70220
3700.10000,-0.17507,2.76373,2.69074
3700.15000,-0.18153,2.76697,2.69866
3700.20000,-0.19017,2.77098,2.71913
3700.25000,-0.19884,2.77477,2.74041
3700.30000,-0.20760,2.77838,2.76169
3700.35000,-0.21642,2.78179,2.78332
3700.40000,-0.22555,2.78510,2.80426
3700.45000,-0.23502,2.78831,2.82436
3700.50000,-0.24336,2.79092,2.82830
3700.55000,-0.25011,2.79307,2.81609
3700.60000,-0.25468,2.79466,2.79317
3700.65000,-0.25679,2.79546,2.75865
3700.70000,-0.25703,2.79556,2.71524
3700.75000,-0.25716,2.79564,2.68189
3700.80000,-0.25736,2.79581,2.66205
3700.85000,-0.25960,2.79712,2.65487
3700.90000,-0.26449,2.79972,2.66011
3700.95000,-0.27073,2.80295,2.67159
3701.00000,-0.27846,2.80681,2.68977
3701.05000,-0.28751,2.81108,2.71361
3701.10000,-0.29666,2.81512,2.73757
3701.15000,-0.30590,2.81894,2.76167
3701.20000,-0.31483,2.82232,2.77229
3701.25000,-0.32284,2.82538,2.76352
3701.30000,-0.32835,2.82761,2.74224
3701.35000,-0.33117,2.82884,2.70824
3701.40000,-0.33166,2.82908,2.66316
3701.45000,-0.33182,2.82916,2.61630
3701.50000,-0.33196,2.82928,2.58050
3701.55000,-0.33289,2.82997,2.56917
3701.60000,-0.33734,2.83287,2.57784
3701.65000,-0.34426,2.83717,2.59712
3701.70000,-0.35256,2.84206,2.62417
3701.75000,-0.36132,2.84687,2.65372
3701.80000,-0.37021,2.85141,2.68544
3701.85000,-0.37923,2.85565,2.72061
3701.90000,-0.38839,2.85955,2.75889
3701.95000,-0.39773,2.86311,2.79710
3702.00000,-0.40721,2.86630,2.83555
3702.05000,-0.41680,2.86913,2.87388
3702.10000,-0.42614,2.87145,2.89725
3702.15000,-0.43461,2.87318,2.89346
3702.20000,-0.43985,2.87445,2.87830
3702.25000,-0.44486,2.87573,2.86996
3702.30000,-0.45000,2.87717,2.86970
3702.35000,-0.45521,2.87870,2.87887
3702.40000,-0.46065,2.88039,2.90019
3702.45000,-0.46775,2.88240,2.93050
3702.50000,-0.47725,2.88434,2.96816
3702.55000,-0.48737,2.88591,3.01050
3702.60000,-0.49658,2.88687,3.04011
3702.65000,-0.50463,2.88691,3.04660
3702.70000,-0.51196,2.88654,3.03403
3702.75000,-0.51808,2.88616,2.99878
3702.80000,-0.52031,2.88635,2.96106
3702.85000,-0.52180,2.88660,2.92916
3702.90000,-0.52261,2.88679,2.88344
3702.95000,-0.52335,2.88701,2.83856
3703.00000,-0.52448,2.88768,2.81498
3703.05000,-0.52608,2.88888,2.81351
3703.10000,-0.52878,2.89054,2.82888
3703.15000,-0.53530,2.89267,2.85970
3703.20000,-0.54318,2.89483,2.89832
3703.25000,-0.55213,2.89686,2.94093
3703.30000,-0.56101,2.89845,2.98949
3703.35000,-0.57028,2.89963,3.04095
3703.40000,-0.57918,2.90028,3.09683
3703.45000,-0.58796,2.90042,-3.12787
3703.50000,-0.59625,2.90006,-3.06606
3703.55000,-0.60456,2.89916,-3.00343
3703.60000,-0.61295,2.89773,-2.94060
3703.65000,-0.62139,2.89573,-2.87784
3703.70000,-0.62977,2.89318,-2.81506
3703.75000,-0.63805,2.89008,-2.75227
3703.80000,-0.64619,2.88644,-2.68963
3703.85000,-0.65416,2.88226,-2.62719
3703.90000,-0.66190,2.87756,-2.56484
3703.95000,-0.66940,2.87234,-2.50272
3704.00000,-0.67661,2.86663,-2.44082
3704.05000,-0.68351,2.86043,-2.37920
3704.10000,-0.69001,2.85383,-2.31753
3704.15000,-0.69616,2.84677,-2.25619
3704.20000,-0.70187,2.83933,-2.19491
3704.25000,-0.70714,2.83152,-2.13383
3704.30000,-0.71197,2.82332,-2.07309
3704.35000,-0.71566,2.81608,-2.00717
3704.40000,-0.71784,2.81096,-1.93159
3704.45000,-0.71906,2.80728,-1.84950
3704.50000,-0.71987,2.80396,-1.76547
3704.55000,-0.72040,2.80046,-1.68170
3704.60000,-0.72065,2.79683,-1.59821
3704.65000,-0.72060,2.79317,-1.51544
3704.70000,-0.72025,2.78956,-1.43353
3704.75000,-0.71963,2.78608,-1.35246
3704.80000,-0.71876,2.78280,-1.27221
3704.85000,-0.71769,2.77976,-1.19279
3704.90000,-0.71646,2.77698,-1.11421
3704.95000,-0.71510,2.77445,-1.03646
3705.00000,-0.71364,2.77219,-0.95956
3705.05000,-0.71212,2.77018,-0.88350
3705.10000,-0.71055,2.76841,-0.80828
3705.15000,-0.70897,2.76687,-0.73390
3705.20000,-0.70738,2.76554,-0.66037
3705.25000,-0.70580,2.76440,-0.58768
3705.30000,-0.70424,2.76344,-0.51584
3705.35000,-0.70272,2.76265,-0.44485
3705.40000,-0.70124,2.76200,-0.37470
3705.45000,-0.69981,2.76150,-0.30537
3705.50000,-0.69843,2.76111,-0.23688
3705.55000,-0.69712,2.76084,-0.16921
3705.60000,-0.69586,2.76067,-0.10235
3705.65000,-0.69462,2.76058,-0.03651
3705.70000,-0.69339,2.76058,0.02830
3705.75000,-0.69218,2.76065,0.09206
3705.80000,-0.69100,2.76080,0.15478
3705.85000,-0.68984,2.76102,0.21644
3705.90000,-0.68870,2.76130,0.27703
3705.95000,-0.68761,2.76165,0.33656
3706.00000,-0.68654,2.76206,0.39501
3706.05000,-0.68552,2.76252,0.45239
3706.10000,-0.68453,2.76303,0.50868
3706.15000,-0.68175,2.76501,0.56229
3706.20000,-0.67561,2.76914,0.60980
3706.25000,-0.66852,2.77436,0.65825
3706.30000,-0.66118,2.78034,0.70858
3706.35000,-0.65402,2.78646,0.75275
3706.40000,-0.64753,2.79198,0.77378
3706.45000,-0.64178,2.79686,0.76569
3706.50000,-0.63598,2.80226,0.74775
3706.55000,-0.62913,2.80846,0.72236
3706.60000,-0.62204,2.81454,0.69612
3706.65000,-0.61474,2.82050,0.67333
3706.70000,-0.60731,2.82629,0.65016
3706.75000,-0.59975,2.83189,0.62649
3706.80000,-0.59207,2.83732,0.60294
3706.85000,-0.58430,2.84252,0.57706
3706.90000,-0.57640,2.84753,0.55141
3706.95000,-0.56837,2.85232,0.52538
3707.00000,-0.56019,2.85693,0.50082
3707.05000,-0.55194,2.86130,0.47469
3707.10000,-0.54357,2.86547,0.44864
3707.15000,-0.53509,2.86942,0.42274
3707.20000,-0.52659,2.87310,0.39469
3707.25000,-0.51795,2.87656,0.36692
3707.30000,-0.50923,2.87977,0.33865
3707.35000,-0.50044,2.88272,0.30919
3707.40000,-0.49156,2.88542,0.28052
3707.45000,-0.48263,2.88784,0.25050
3707.50000,-0.47365,2.88999,0.21969
3707.55000,-0.46462,2.89186,0.18774
3707.60000,-0.45554,2.89344,0.15651
3707.65000,-0.44586,2.89482,0.12630
3707.70000,-0.43617,2.89589,0.09533
3707.75000,-0.42620,2.89669,0.06493
3707.80000,-0.41622,2.89718,0.03430
3707.85000,-0.40622,2.89737,0.00388
3707.90000,-0.39622,2.89726,-0.02679
3707.95000,-0.38623,2.89684,-0.05739
3708.00000,-0.37625,2.89611,-0.08803
3708.05000,-0.36631,2.89508,-0.11881
3708.10000,-0.35640,2.89374,-0.14897
3708.15000,-0.34653,2.89211,-0.17911
3708.20000,-0.33672,2.89018,-0.20906
3708.25000,-0.32697,2.88796,-0.23921
3708.30000,-0.31730,2.88544,-0.26959
3708.35000,-0.30770,2.88263,-0.30018
3708.40000,-0.29858,2.87965,-0.33307
3708.45000,-0.28986,2.87646,-0.36738
3708.50000,-0.28130,2.87298,-0.40205
3708.55000,-0.27273,2.86917,-0.43602
3708.60000,-0.26440,2.86510,-0.47116
3708.65000,-0.25587,2.86084,-0.49965
3708.70000,-0.24725,2.85637,-0.50676
3708.75000,-0.23903,2.85191,-0.48854
3708.80000,-0.23267,2.84864,-0.45734
3708.85000,-0.22885,2.84684,-0.41422
3708.90000,-0.22774,2.84638,-0.35901
3708.95000,-0.22750,2.84630,-0.30007
3709.00000,-0.22724,2.84624,-0.25196
3709.05000,-0.22725,2.84634,-0.22713
3709.10000,-0.22591,2.84598,-0.22334
3709.15000,-0.22080,2.84465,-0.23742
3709.20000,-0.21286,2.84260,-0.26465
3709.25000,-0.20345,2.83989,-0.29580
3709.30000,-0.19470,2.83706,-0.33009
3709.35000,-0.18611,2.83393,-0.36490
3709.40000,-0.17760,2.83066,-0.39007
3709.45000,-0.16913,2.82735,-0.38992
3709.50000,-0.16122,2.82434,-0.37003
3709.55000,-0.15513,2.82208,-0.33810
3709.60000,-0.15158,2.82090,-0.29496
3709.65000,-0.15062,2.82062,-0.24096
3709.70000,-0.15033,2.82058,-0.19398
3709.75000,-0.15032,2.82068,-0.16578
3709.80000,-0.14940,2.82040,-0.15980
3709.85000,-0.14548,2.81966,-0.16854
3709.90000,-0.13846,2.81830,-0.19451
3709.95000,-0.12984,2.81644,-0.22896
3710.00000,-0.12100,2.81420,-0.26417
3710.05000,-0.11221,2.81165,-0.29923
3710.10000,-0.10355,2.80879,-0.33492
3710.15000,-0.09488,2.80571,-0.36120
3710.20000,-0.08618,2.80252,-0.35931
3710.25000,-0.07797,2.79958,-0.34186
3710.30000,-0.07187,2.79753,-0.31213
3710.35000,-0.06876,2.79659,-0.26951
3710.40000,-0.06797,2.79638,-0.21721
3710.45000,-0.06766,2.79633,-0.16305
3710.50000,-0.06741,2.79636,-0.11943
3710.55000,-0.06750,2.79639,-0.09836
3710.60000,-0.06632,2.79612,-0.09592
3710.65000,-0.06285,2.79567,-0.10540
3710.70000,-0.05649,2.79478,-0.12783
3710.75000,-0.04802,2.79353,-0.16310
3710.80000,-0.03908,2.79189,-0.19919
3710.85000,-0.03043,2.78997,-0.23941
3710.90000,-0.02176,2.78767,-0.28039
3710.95000,-0.01449,2.78541,-0.32927
3711.00000,-0.00724,2.78271,-0.38323
3711.05000,0.00036,2.77939,-0.43913
3711.10000,0.00801,2.77553,-0.49582
3711.15000,0.01550,2.77149,-0.54563
3711.20000,0.02232,2.76791,-0.58271
3711.25000,0.02733,2.76450,-0.62291
3711.30000,0.03307,2.76017,-0.66870
3711.35000,0.03923,2.75505,-0.71834
3711.40000,0.04547,2.74959,-0.76229
3711.45000,0.05197,2.74380,-0.78638
3711.50000,0.05716,2.73876,-0.79031
3711.55000,0.06065,2.73523,-0.79493
3711.60000,0.06424,2.73155,-0.78892
3711.65000,0.06806,2.72762,-0.77467
3711.70000,0.07147,2.72412,-0.75537
3711.75000,0.07301,2.72267,-0.73686
3711.80000,0.07436,2.72147,-0.69443
3711.85000,0.07576,2.72035,-0.63650
3711.90000,0.07675,2.71967,-0.59026
3711.95000,0.07699,2.71983,-0.57927
3712.00000,0.07801,2.71917,-0.59191
3712.05000,0.08174,2.71658,-0.62141
3712.10000,0.08677,2.71283,-0.65962
3712.15000,0.09263,2.70808,-0.70324
3712.20000,0.09895,2.70246,-0.75059
3712.25000,0.10523,2.69631,-0.79902
3712.30000,0.11122,2.68985,-0.84647
3712.35000,0.11691,2.68310,-0.89340
3712.40000,0.12229,2.67609,-0.93990
3712.45000,0.12749,2.66875,-0.97078
3712.50000,0.13213,2.66192,-0.96947
3712.55000,0.13586,2.65657,-0.94032
3712.60000,0.13707,2.65492,-0.89308
3712.65000,0.13744,2.65448,-0.84074
3712.70000,0.13784,2.65406,-0.78850
3712.75000,0.13825,2.65367,-0.73644
3712.80000,0.13865,2.65334,-0.69473
3712.85000,0.13913,2.65298,-0.66309
3712.90000,0.13955,2.65274,-0.64292
3712.95000,0.14021,2.65230,-0.64804
3713.00000,0.14326,2.64992,-0.67014
3713.05000,0.14789,2.64612,-0.70308
3713.10000,0.15346,2.64121,-0.74269
3713.15000,0.15958,2.63534,-0.78683
3713.20000,0.16569,2.62892,-0.83207
3713.25000,0.17153,2.62222,-0.87661
3713.30000,0.17719,2.61523,-0.90624
3713.35000,0.18294,2.60788,-0.90876
3713.40000,0.18757,2.60201,-0.88598
3713.45000,0.18984,2.59933,-0.84704
3713.50000,0.19049,2.59862,-0.79780
3713.55000,0.19098,2.59814,-0.74741
3713.60000,0.19149,2.59770,-0.69719
3713.65000,0.19201,2.59729,-0.65874
3713.70000,0.19225,2.59723,-0.64638
3713.75000,0.19357,2.59623,-0.65359
3713.80000,0.19787,2.59283,-0.68104
3713.85000,0.20335,2.58824,-0.71681
3713.90000,0.20953,2.58262,-0.75787
3713.95000,0.21589,2.57634,-0.80032
3714.00000,0.22208,2.56994,-0.83432
3714.05000,0.22867,2.56306,-0.84616
3714.10000,0.23491,2.55628,-0.83130
3714.15000,0.23726,2.55377,-0.79207
3714.20000,0.23773,2.55332,-0.74172
3714.25000,0.23809,2.55300,-0.69049
3714.30000,0.23845,2.55272,-0.63900
3714.35000,0.23883,2.55247,-0.60031
3714.40000,0.23908,2.55241,-0.58758
3714.45000,0.24047,2.55148,-0.59274
3714.50000,0.24480,2.54845,-0.61472
3714.55000,0.25141,2.54364,-0.64584
3714.60000,0.25891,2.53777,-0.68203
3714.65000,0.26646,2.53137,-0.72004
3714.70000,0.27377,2.52469,-0.75763
3714.75000,0.28041,2.51832,-0.78124
3714.80000,0.28695,2.51198,-0.78962
3714.85000,0.29336,2.50571,-0.77692
3714.90000,0.29618,2.50302,-0.73407
3714.95000,0.29661,2.50265,-0.67844
3715.00000,0.29682,2.50249,-0.62161
3715.05000,0.29703,2.50235,-0.56498
3715.10000,0.29726,2.50223,-0.52071
3715.15000,0.29730,2.50236,-0.50780
3715.20000,0.29976,2.50095,-0.51694
3715.25000,0.30514,2.49779,-0.54094
3715.30000,0.31201,2.49351,-0.57200
3715.35000,0.32003,2.48815,-0.60728
3715.40000,0.32794,2.48243,-0.64385
3715.45000,0.33553,2.47650,-0.68101
3715.50000,0.34317,2.47032,-0.70998
3715.55000,0.35060,2.46417,-0.71483
3715.60000,0.35674,2.45896,-0.69292
3715.65000,0.36099,2.45554,-0.65754
3715.70000,0.36290,2.45412,-0.60968
3715.75000,0.36314,2.45396,-0.55340
3715.80000,0.36337,2.45385,-0.50850
3715.85000,0.36336,2.45404,-0.48506
3715.90000,0.36338,2.45425,-0.49252
3715.95000,0.36622,2.45266,-0.52071
3716.00000,0.37142,2.44955,-0.55787
3716.05000,0.37767,2.44545,-0.60024
3716.10000,0.38386,2.44099,-0.64941
3716.15000,0.38982,2.43619,-0.70351
3716.20000,0.39633,2.43036,-0.75754
3716.25000,0.40272,2.42397,-0.81332
3716.30000,0.40901,2.41692,-0.86951
3716.35000,0.41505,2.40936,-0.92624
3716.40000,0.42068,2.40140,-0.98368
3716.45000,0.42594,2.39298,-1.04115
3716.50000,0.43074,2.38421,-1.09872
3716.55000,0.43503,2.37519,-1.15395
3716.60000,0.43879,2.36603,-1.21002
3716.65000,0.44205,2.35658,-1.26554
3716.70000,0.44479,2.34696,-1.32107
3716.75000,0.44672,2.33874,-1.35302
3716.80000,0.44798,2.33306,-1.34708
3716.85000,0.44893,2.32912,-1.31445
3716.90000,0.44955,2.32693,-1.26503
3716.95000,0.44989,2.32591,-1.22132
3717.00000,0.45012,2.32505,-1.20119
3717.05000,0.45035,2.32444,-1.21229
3717.10000,0.45147,2.32179,-1.23990
3717.15000,0.45306,2.31690,-1.27648
3717.20000,0.45487,2.31039,-1.32171
3717.25000,0.45667,2.30253,-1.36962
3717.30000,0.45824,2.29373,-1.41965
3717.35000,0.45928,2.28517,-1.45717
3717.40000,0.46021,2.27643,-1.46901
3717.45000,0.46095,2.26800,-1.45446
3717.50000,0.46146,2.26230,-1.41402
3717.55000,0.46167,2.26071,-1.35936
3717.60000,0.46188,2.25980,-1.29696
3717.65000,0.46222,2.25864,-1.23252
3717.70000,0.46268,2.25758,-1.18934
3717.75000,0.46285,2.25701,-1.17757
3717.80000,0.46301,2.25647,-1.16792
3717.85000,0.46313,2.25597,-1.15924
3717.90000,0.46319,2.25552,-1.15170
3717.95000,0.46321,2.25512,-1.14561
3718.00000,0.46317,2.25479,-1.14274
3718.05000,0.46311,2.25450,-1.14707
3718.10000,0.46324,2.25403,-1.16257
3718.15000,0.46413,2.25193,-1.18797
3718.20000,0.46580,2.24760,-1.22265
3718.25000,0.46807,2.24096,-1.26734
3718.30000,0.47019,2.23347,-1.32132
3718.35000,0.47219,2.22459,-1.37426
3718.40000,0.47384,2.21498,-1.42753
3718.45000,0.47500,2.20508,-1.48166
3718.50000,0.47551,2.19659,-1.54199
3718.55000,0.47549,2.19106,-1.61159
3718.60000,0.47522,2.18752,-1.68876
3718.65000,0.47489,2.18538,-1.77084
3718.70000,0.47462,2.18427,-1.85613
3718.75000,0.47451,2.18394,-1.94337
3718.80000,0.47444,2.18377,-2.02994
3718.85000,0.47435,2.18361,-2.11501
3718.90000,0.47425,2.18347,-2.19855
3718.95000,0.47415,2.18333,-2.28056
3719.00000,0.47403,2.18320,-2.36105
3719.05000,0.47390,2.18309,-2.44005
3719.10000,0.47377,2.18299,-2.51755
3719.15000,0.47363,2.18289,-2.59357
3719.20000,0.47349,2.18281,-2.66814
3719.25000,0.47334,2.18274,-2.74126
3719.30000,0.47318,2.18268,-2.81296
3719.35000,0.47303,2.18264,-2.88325
3719.40000,0.47287,2.18260,-2.95215
3719.45000,0.47271,2.18258,-3.01968
3719.50000,0.47255,2.18256,-3.08586
3719.55000,0.47239,2.18256,3.13249
3719.60000,0.47223,2.18256,3.06897
3719.65000,0.47207,2.18258,3.00676
3719.70000,0.47191,2.18261,2.94583
3719.75000,0.47176,2.18264,2.88618
3719.80000,0.47161,2.18269,2.82779
3719.85000,0.47146,2.18274,2.77064
3719.90000,0.47131,2.18280,2.71471
3719.95000,0.47117,2.18287,2.66000
3720.00000,0.47103,2.18295,2.60647
3720.05000,0.47090,2.18303,2.55413
3720.10000,0.46893,2.18452,2.50405
3720.15000,0.46319,2.18899,2.46021
3720.20000,0.45636,2.19479,2.41523
3720.25000,0.44924,2.20142,2.36792
3720.30000,0.44226,2.20858,2.32018
3720.35000,0.43562,2.21605,2.27316
3720.40000,0.42934,2.22383,2.22689
3720.45000,0.42342,2.23189,2.18141
3720.50000,0.41788,2.24021,2.13674
3720.55000,0.41270,2.24876,2.09292
3720.60000,0.40790,2.25754,2.04998
3720.65000,0.40348,2.26650,2.00797
3720.70000,0.39943,2.27565,1.96691
3720.75000,0.39576,2.28494,1.92685
3720.80000,0.39246,2.29438,1.88781
3720.85000,0.38953,2.30394,1.84985
3720.90000,0.38695,2.31360,1.81300
3720.95000,0.38473,2.32335,1.77729
3721.00000,0.38300,2.33264,1.75420
3721.05000,0.38125,2.34230,1.75431
3721.10000,0.37937,2.35217,1.76442
3721.15000,0.37740,2.36200,1.77450
3721.20000,0.37528,2.37199,1.78571
3721.25000,0.37304,2.38201,1.79769
3721.30000,0.37068,2.39199,1.81003
3721.35000,0.36818,2.40201,1.82309
3721.40000,0.36554,2.41200,1.83654
3721.45000,0.36277,2.42194,1.85022
3721.50000,0.35987,2.43184,1.86427
3721.55000,0.35680,2.44174,1.87877
3721.60000,0.35361,2.45153,1.89353
3721.65000,0.35025,2.46134,1.90859
3721.70000,0.34674,2.47110,1.92405
3721.75000,0.34307,2.48083,1.93991
3721.80000,0.33924,2.49050,1.95601
3721.85000,0.33525,2.50011,1.97211
3721.90000,0.33110,2.50966,1.98871
3721.95000,0.32679,2.51915,2.00550
3722.00000,0.32231,2.52857,2.02271
3722.05000,0.31768,2.53791,2.03988
3722.10000,0.31288,2.54717,2.05700
3722.15000,0.30793,2.55636,2.07434
3722.20000,0.30281,2.56546,2.09183
3722.25000,0.29753,2.57447,2.10967
3722.30000,0.29209,2.58338,2.12718
3722.35000,0.28650,2.59220,2.14503
3722.40000,0.28107,2.60041,2.16955
3722.45000,0.27566,2.60808,2.20432
3722.50000,0.26966,2.61592,2.24443
3722.55000,0.26294,2.62404,2.28607
3722.60000,0.25617,2.63156,2.32746
3722.65000,0.24917,2.63868,2.36858
3722.70000,0.24187,2.64552,2.40900
3722.75000,0.23432,2.65204,2.44993
3722.80000,0.22651,2.65825,2.49077
3722.85000,0.21845,2.66413,2.53140
3722.90000,0.21004,2.66978,2.57273
3722.95000,0.20151,2.67499,2.61327
3723.00000,0.19277,2.67986,2.65305
3723.05000,0.18385,2.68437,2.69314
3723.10000,0.17475,2.68853,2.73289
3723.15000,0.16550,2.69232,2.77308
3723.20000,0.15610,2.69573,2.81264
3723.25000,0.14658,2.69878,2.85179
3723.30000,0.13694,2.70145,2.89098
3723.35000,0.12721,2.70373,2.93065
3723.40000,0.11739,2.70563,2.96961
3723.45000,0.10751,2.70715,3.00897
3723.50000,0.09758,2.70828,3.04846
3723.55000,0.08760,2.70901,3.08798
3723.60000,0.07761,2.70935,3.12710
3723.65000,0.06788,2.70935,-3.12804
3723.70000,0.05886,2.70927,-3.12006
3723.75000,0.05138,2.70927,-3.13533
3723.80000,0.04555,2.70927,3.12425
3723.85000,0.04269,2.70930,3.08745
3723.90000,0.04182,2.70935,3.04197
3723.95000,0.04155,2.70939,2.99388
3724.00000,0.04128,2.70943,2.94588
3724.05000,0.04132,2.70946,2.91474
3724.10000,0.04091,2.70983,2.90847
3724.15000,0.03824,2.71075,2.91912
3724.20000,0.03224,2.71216,2.94303
3724.25000,0.02406,2.71368,2.97495
3724.30000,0.01531,2.71498,3.01344
3724.35000,0.00640,2.71594,3.05499
3724.40000,-0.00241,2.71640,3.08579
3724.45000,-0.01071,2.71641,3.09633
3724.50000,-0.01862,2.71633,3.08686
3724.55000,-0.02459,2.71614,3.05909
3724.60000,-0.02685,2.71609,3.01558
3724.65000,-0.02670,2.71610,2.96196
3724.70000,-0.02713,2.71619,2.91059
3724.75000,-0.02757,2.71633,2.86643
3724.80000,-0.02836,2.71685,2.84135
3724.85000,-0.02975,2.71783,2.84341
3724.90000,-0.03383,2.71942,2.85993
3724.95000,-0.04126,2.72152,2.89030
3725.00000,-0.05028,2.72370,2.92501
3725.05000,-0.06001,2.72566,2.96169
3725.10000,-0.06982,2.72726,2.99875
3725.15000,-0.07930,2.72846,3.03780
3725.20000,-0.08851,2.72924,3.06464
3725.25000,-0.09752,2.72959,3.06615
3725.30000,-0.10572,2.72937,3.04933
3725.35000,-0.11156,2.72904,3.01937
3725.40000,-0.11322,2.72907,2.97224
3725.45000,-0.11389,2.72921,2.92068
3725.50000,-0.11456,2.72938,2.86927
3725.55000,-0.11523,2.72958,2.81812
3725.60000,-0.11594,2.72989,2.77899
3725.65000,-0.11701,2.73060,2.76541
3725.70000,-0.12006,2.73204,2.77538
3725.75000,-0.12607,2.73443,2.79885
3725.80000,-0.13368,2.73703,2.83019
3725.85000,-0.14279,2.73981,2.86665
3725.90000,-0.15248,2.74236,2.90281
3725.95000,-0.16215,2.74455,2.93847
3726.00000,-0.17111,2.74630,2.96117
3726.05000,-0.17968,2.74748,2.96187
3726.10000,-0.18782,2.74849,2.94859
3726.15000,-0.19174,2.74923,2.91117
3726.20000,-0.19290,2.74952,2.86204
3726.25000,-0.19371,2.74978,2.81179
3726.30000,-0.19446,2.75006,2.76191
3726.35000,-0.19520,2.75038,2.72259
3726.40000,-0.19607,2.75087,2.69785
3726.45000,-0.19791,2.75203,2.69906
3726.50000,-0.20112,2.75357,2.70898
3726.55000,-0.20605,2.75580,2.72586
3726.60000,-0.21314,2.75883,2.75230
3726.65000,-0.22225,2.76239,2.78670
3726.70000,-0.23169,2.76570,2.82191
3726.75000,-0.24123,2.76868,2.85717
3726.80000,-0.24929,2.77094,2.87169
3726.85000,-0.25487,2.77252,2.85463
3726.90000,-0.25823,2.77356,2.82406
3726.95000,-0.25913,2.77387,2.78351
3727.00000,-0.25941,2.77398,2.74092
3727.05000,-0.25967,2.77409,2.69904
3727.10000,-0.25992,2.77424,2.66712
3727.15000,-0.26014,2.77438,2.64569
3727.20000,-0.26029,2.77448,2.63439
3727.25000,-0.26065,2.77469,2.63233
3727.30000,-0.26218,2.77555,2.63668
3727.35000,-0.26504,2.77713,2.64752
3727.40000,-0.26936,2.77941,2.66543
3727.45000,-0.27570,2.78259,2.69194
3727.50000,-0.28423,2.78654,2.72805
3727.55000,-0.29347,2.79038,2.76629
3727.60000,-0.30284,2.79387,2.80456
3727.65000,-0.31204,2.79688,2.82772
3727.70000,-0.31979,2.79925,2.82694
3727.75000,-0.32473,2.80086,2.81250
3727.80000,-0.32636,2.80141,2.78346
3727.85000,-0.32655,2.80148,2.74793
3727.90000,-0.32674,2.80157,2.71235
3727.95000,-0.32692,2.80166,2.67691
3728.00000,-0.32710,2.80175,2.64177
3728.05000,-0.32728,2.80187,2.61512
3728.10000,-0.32745,2.80202,2.60293
3728.15000,-0.32783,2.80229,2.60181
3728.20000,-0.32935,2.80320,2.60756
3728.25000,-0.33226,2.80491,2.61975
3728.30000,-0.33684,2.80749,2.63992
3728.35000,-0.34355,2.81106,2.66957
3728.40000,-0.35228,2.81532,2.70778
3728.45000,-0.36144,2.81934,2.74713
3728.50000,-0.37041,2.82289,2.77113
3728.55000,-0.37761,2.82559,2.77380
3728.60000,-0.38222,2.82734,2.76379
3728.65000,-0.38457,2.82829,2.74328
3728.70000,-0.38490,2.82844,2.71369
3728.75000,-0.38504,2.82850,2.68313
3728.80000,-0.38518,2.82857,2.65272
3728.85000,-0.38531,2.82865,2.62243
3728.90000,-0.38545,2.82872,2.59223
3728.95000,-0.38561,2.82886,2.57169
3729.00000,-0.38602,2.82929,2.57098
3729.05000,-0.38807,2.83065,2.57944
3729.10000,-0.39170,2.83292,2.59940
3729.15000,-0.39770,2.83651,2.62670
3729.20000,-0.40536,2.84076,2.66460
3729.25000,-0.41395,2.84498,2.71053
3729.30000,-0.42228,2.84841,2.74261
3729.35000,-0.42858,2.85085,2.76373
3729.40000,-0.43437,2.85303,2.79810
3729.45000,-0.44073,2.85509,2.82198
3729.50000,-0.44569,2.85653,2.83599
3729.55000,-0.44927,2.85750,2.85047
3729.60000,-0.45188,2.85764,2.84121
3729.65000,-0.45190,2.85745,2.80944
3729.70000,-0.45123,2.85722,2.77429
3729.75000,-0.45058,2.85696,2.73905
3729.80000,-0.45006,2.85676,2.70464
3729.85000,-0.44955,2.85663,2.67601
3729.90000,-0.44961,2.85714,2.67351
3729.95000,-0.45168,2.85855,2.69368
3730.00000,-0.45674,2.86089,2.72798
3730.05000,-0.46320,2.86357,2.76781
3730.10000,-0.47105,2.86645,2.81145
3730.15000,-0.47976,2.86921,2.85845
3730.20000,-0.48907,2.87167,2.90801
3730.25000,-0.49883,2.87373,2.95882
3730.30000,-0.50840,2.87523,2.99513
3730.35000,-0.51700,2.87571,3.00443
3730.40000,-0.52290,2.87602,3.00512
3730.45000,-0.52702,2.87629,3.00646
3730.50000,-0.52961,2.87662,3.00470
3730.55000,-0.53237,2.87723,3.01440
3730.60000,-0.53488,2.87754,3.02725
3730.65000,-0.53656,2.87768,3.03964
3730.70000,-0.53763,2.87780,3.07422
3730.75000,-0.53982,2.87790,3.12230
3730.80000,-0.54357,2.87787,-3.10636
3730.85000,-0.54845,2.87755,-3.04772
3730.90000,-0.55410,2.87684,-2.98625
3730.95000,-0.55991,2.87601,-2.93276
3731.00000,-0.56496,2.87528,-2.89136
3731.05000,-0.56819,2.87437,-2.84289
3731.10000,-0.57254,2.87289,-2.78849
3731.15000,-0.57725,2.87119,-2.74189
3731.20000,-0.58129,2.86973,-2.70604
3731.25000,-0.58405,2.86836,-2.66109
3731.30000,-0.58742,2.86662,-2.62217
3731.35000,-0.59071,2.86492,-2.59195
3731.40000,-0.59399,2.86323,-2.56361
3731.45000,-0.59718,2.86161,-2.54324
3731.50000,-0.60033,2.86001,-2.52938
3731.55000,-0.60348,2.85840,-2.51852
3731.60000,-0.60662,2.85679,-2.51075
3731.65000,-0.60976,2.85518,-2.50613
3731.70000,-0.61289,2.85355,-2.50478
3731.75000,-0.61501,2.85240,-2.50735
3731.80000,-0.61562,2.85193,-2.51359
3731.85000,-0.61610,2.85150,-2.53929
3731.90000,-0.61643,2.85124,-2.58293
3731.95000,-0.61668,2.85112,-2.61707
3732.00000,-0.61731,2.85067,-2.62781
3732.05000,-0.61887,2.84955,-2.60435
3732.10000,-0.62207,2.84756,-2.56672
3732.15000,-0.62667,2.84443,-2.52258
3732.20000,-0.63164,2.84090,-2.48460
3732.25000,-0.63643,2.83751,-2.46174
3732.30000,-0.64054,2.83460,-2.45257
3732.35000,-0.64277,2.83277,-2.44332
3732.40000,-0.64463,2.83124,-2.43504
3732.45000,-0.64574,2.83028,-2.42484
3732.50000,-0.64682,2.82933,-2.42390
3732.55000,-0.64786,2.82837,-2.44171
3732.60000,-0.64861,2.82778,-2.46668
3732.65000,-0.64949,2.82713,-2.47164
3732.70000,-0.65068,2.82618,-2.47151
3732.75000,-0.65184,2.82526,-2.47124
3732.80000,-0.65337,2.82403,-2.44738
3732.85000,-0.65654,2.82129,-2.41364
3732.90000,-0.66106,2.81709,-2.37252
3732.95000,-0.66628,2.81181,-2.32664
3733.00000,-0.67152,2.80623,-2.28738
3733.05000,-0.67658,2.80078,-2.26772
3733.10000,-0.68116,2.79569,-2.27954
3733.15000,-0.68346,2.79308,-2.32136
3733.20000,-0.68395,2.79258,-2.37583
3733.25000,-0.68435,2.79221,-2.43136
3733.30000,-0.68478,2.79188,-2.47516
3733.35000,-0.68543,2.79142,-2.48703
3733.40000,-0.68623,2.79086,-2.47308
3733.45000,-0.68886,2.78872,-2.44495
3733.50000,-0.69348,2.78469,-2.40628
3733.55000,-0.69888,2.77959,-2.36218
3733.60000,-0.70476,2.77349,-2.31475
3733.65000,-0.71080,2.76659,-2.26496
3733.70000,-0.71670,2.75944,-2.22596
3733.75000,-0.72161,2.75298,-2.22105
3733.80000,-0.72498,2.74863,-2.24677
3733.85000,-0.72752,2.74559,-2.29118
3733.90000,-0.72849,2.74453,-2.34760
3733.95000,-0.72915,2.74389,-2.40643
3734.00000,-0.72983,2.74331,-2.45382
3734.05000,-0.73044,2.74286,-2.47796
3734.10000,-0.73121,2.74235,-2.47461
3734.15000,-0.73416,2.73997,-2.44669
3734.20000,-0.73803,2.73666,-2.40664
3734.25000,-0.74267,2.73227,-2.36035
3734.30000,-0.74770,2.72727,-2.31984
3734.35000,-0.75133,2.72337,-2.29541
3734.40000,-0.75378,2.72060,-2.27781
3734.45000,-0.75528,2.71888,-2.29446
3734.50000,-0.75622,2.71787,-2.33480
3734.55000,-0.75704,2.71706,-2.39116
3734.60000,-0.75797,2.71622,-2.44025
3734.65000,-0.75851,2.71577,-2.47142
3734.70000,-0.75893,2.71548,-2.49942
3734.75000,-0.75929,2.71532,-2.49858
3734.80000,-0.76083,2.71414,-2.47747
3734.85000,-0.76352,2.71197,-2.44637
3734.90000,-0.76764,2.70838,-2.40599
3734.95000,-0.77273,2.70354,-2.35850
3735.00000,-0.77893,2.69709,-2.31186
3735.05000,-0.78479,2.69036,-2.26097
3735.10000,-0.79016,2.68383,-2.21379
3735.15000,-0.79561,2.67714,-2.18911
3735.20000,-0.80069,2.67077,-2.19202
3735.25000,-0.80354,2.66669,-2.20246
3735.30000,-0.80553,2.66393,-2.19174
3735.35000,-0.80738,2.66134,-2.16926
3735.40000,-0.80919,2.65883,-2.13179
3735.45000,-0.81069,2.65647,-2.07360
3735.50000,-0.81122,2.65543,-2.00036
3735.55000,-0.81171,2.65423,-1.92173
3735.60000,-0.81229,2.65242,-1.84122
3735.65000,-0.81283,2.65012,-1.75956
3735.70000,-0.81319,2.64768,-1.67821
3735.75000,-0.81335,2.64521,-1.59760
3735.80000,-0.81332,2.64276,-1.51786
3735.85000,-0.81310,2.64036,-1.43903
3735.90000,-0.81270,2.63803,-1.36113
3735.95000,-0.81213,2.63579,-1.28419
3736.00000,-0.81140,2.63363,-1.20823
3736.05000,-0.81054,2.63159,-1.13325
3736.10000,-0.80955,2.62966,-1.05930
3736.15000,-0.80845,2.62785,-0.98636
3736.20000,-0.80725,2.62618,-0.91448
3736.25000,-0.80598,2.62463,-0.84366
3736.30000,-0.80464,2.62323,-0.77392
3736.35000,-0.80324,2.62196,-0.70527
3736.40000,-0.80181,2.62082,-0.63773
3736.45000,-0.80036,2.61981,-0.57132
3736.50000,-0.79889,2.61893,-0.50605
3736.55000,-0.79741,2.61818,-0.44195
3736.60000,-0.79594,2.61754,-0.37901
3736.65000,-0.79449,2.61701,-0.31727
3736.70000,-0.79305,2.61659,-0.25674
3736.75000,-0.79165,2.61626,-0.19743
3736.80000,-0.79027,2.61603,-0.13934
3736.85000,-0.78893,2.61588,-0.08250
3736.90000,-0.78763,2.61581,-0.02691
3736.95000,-0.78637,2.61581,0.02742
3737.00000,-0.78515,2.61587,0.08049
3737.05000,-0.78398,2.61600,0.13228
3737.10000,-0.78285,2.61618,0.18280
3737.15000,-0.78176,2.61641,0.23204
3737.20000,-0.77841,2.61749,0.27861
3737.25000,-0.77159,2.61961,0.32277
3737.30000,-0.76391,2.62239,0.37060
3737.35000,-0.75585,2.62576,0.42031
3737.40000,-0.74737,2.62979,0.46690
3737.45000,-0.73961,2.63394,0.51513
3737.50000,-0.73151,2.63879,0.56055
3737.55000,-0.72414,2.64367,0.60729
3737.60000,-0.71700,2.64888,0.65351
3737.65000,-0.71010,2.65442,0.69933
3737.70000,-0.70345,2.66028,0.74495
3737.75000,-0.69707,2.66643,0.79051
3737.80000,-0.69099,2.67287,0.83624
3737.85000,-0.68521,2.67957,0.88221
3737.90000,-0.67953,2.68680,0.92712
3737.95000,-0.67402,2.69448,0.97143
3738.00000,-0.66922,2.70188,1.01867
3738.05000,-0.66446,2.71002,1.06405
3738.10000,-0.65989,2.71866,1.10838
3738.15000,-0.65563,2.72765,1.15212
3738.20000,-0.65175,2.73687,1.19597
3738.25000,-0.64835,2.74610,1.24063
3738.30000,-0.64544,2.75521,1.28689
3738.35000,-0.64326,2.76331,1.33982
3738.40000,-0.64210,2.76897,1.40573
3738.45000,-0.64158,2.77296,1.48095
3738.50000,-0.64141,2.77580,1.53371
3738.55000,-0.64136,2.77842,1.57422
3738.60000,-0.64140,2.78005,1.63004
3738.65000,-0.64149,2.78106,1.69802
3738.70000,-0.64161,2.78176,1.77471
3738.75000,-0.64180,2.78250,1.85658
3738.80000,-0.64229,2.78395,1.93944
3738.85000,-0.64292,2.78538,2.02483
3738.90000,-0.64369,2.78680,2.11191
3738.95000,-0.64448,2.78800,2.20103
3739.00000,-0.64516,2.78884,2.29242
3739.05000,-0.64588,2.78962,2.37080
3739.10000,-0.64639,2.79012,2.42458
3739.15000,-0.64711,2.79071,2.45746
3739.20000,-0.65064,2.79355,2.46650
3739.25000,-0.65706,2.79873,2.45535
3739.30000,-0.66438,2.80485,2.43646
3739.35000,-0.67156,2.81109,2.41665
3739.40000,-0.67861,2.81746,2.39621
3739.45000,-0.68535,2.82384,2.37108
3739.50000,-0.69221,2.83052,2.35485
3739.55000,-0.69881,2.83707,2.36362
3739.60000,-0.70494,2.84305,2.38976
3739.65000,-0.71033,2.84790,2.43254
3739.70000,-0.71429,2.85112,2.49110
3739.75000,-0.71639,2.85262,2.56473
3739.80000,-0.71773,2.85342,2.64631
3739.85000,-0.71922,2.85414,2.73059
3739.90000,-0.72073,2.85473,2.81708
3739.95000,-0.72227,2.85517,2.90518
3740.00000,-0.72374,2.85545,2.99473
3740.05000,-0.72555,2.85564,3.08386
3740.10000,-0.72748,2.85566,-3.11008
3740.15000,-0.72961,2.85550,-3.02126
3740.20000,-0.73190,2.85512,-2.93287
3740.25000,-0.73434,2.85449,-2.84504
3740.30000,-0.73685,2.85360,-2.75764
3740.35000,-0.73943,2.85243,-2.67080
3740.40000,-0.74200,2.85097,-2.58440
3740.45000,-0.74460,2.84919,-2.49869
3740.50000,-0.74712,2.84713,-2.41337
3740.55000,-0.74961,2.84472,-2.32881
3740.60000,-0.75195,2.84203,-2.24479
3740.65000,-0.75415,2.83903,-2.16129
3740.70000,-0.75617,2.83573,-2.07834
3740.75000,-0.75792,2.83225,-1.99552
3740.80000,-0.75935,2.82884,-1.92361
3740.85000,-0.76041,2.82575,-1.87203
3740.90000,-0.76090,2.82323,-1.84342
3740.95000,-0.76096,2.82269,-1.83338
3741.00000,-0.76100,2.82249,-1.82814
3741.05000,-0.76103,2.82239,-1.82470
3741.10000,-0.76107,2.82226,-1.82373
3741.15000,-0.76110,2.82215,-1.82483
3741.20000,-0.76113,2.82204,-1.82782
3741.25000,-0.76117,2.82191,-1.83283
3741.30000,-0.76120,2.82180,-1.83983
3741.35000,-0.76125,2.82164,-1.84813
3741.40000,-0.76128,2.82158,-1.85833
3741.45000,-0.76131,2.82148,-1.87042
3741.50000,-0.76131,2.82153,-1.88269
3741.55000,-0.76129,2.82160,-1.89697
3741.60000,-0.76132,2.82155,-1.91339
3741.65000,-0.76140,2.82134,-1.93165
3741.70000,-0.76134,2.82150,-1.94926
3741.75000,-0.76131,2.82161,-1.96806
3741.80000,-0.76126,2.82174,-1.98783
3741.85000,-0.76120,2.82192,-2.00811
3741.90000,-0.76110,2.82215,-2.02934
3741.95000,-0.76097,2.82242,-2.05139
3742.00000,-0.76083,2.82268,-2.07453
3742.05000,-0.76073,2.82286,-2.09891
3742.10000,-0.76054,2.82317,-2.12342
3742.15000,-0.76035,2.82347,-2.14853
3742.20000,-0.76015,2.82379,-2.17429
3742.25000,-0.75993,2.82412,-2.20056
3742.30000,-0.75970,2.82446,-2.22752
3742.35000,-0.75986,2.82423,-2.23905
3742.40000,-0.76039,2.82368,-2.22970
3742.45000,-0.76143,2.82261,-2.19700
3742.50000,-0.76321,2.82002,-2.15088
3742.55000,-0.76567,2.81604,-2.09899
3742.60000,-0.76820,2.81159,-2.05677
3742.65000,-0.77013,2.80765,-2.04621
3742.70000,-0.77165,2.80428,-2.05652
3742.75000,-0.77156,2.80443,-2.08725
3742.80000,-0.77126,2.80496,-2.12065
3742.85000,-0.77091,2.80551,-2.15468
3742.90000,-0.77053,2.80606,-2.18926
3742.95000,-0.77013,2.80661,-2.22429
3743.00000,-0.76970,2.80715,-2.25973
3743.05000,-0.76949,2.80739,-2.28663
3743.10000,-0.77001,2.80697,-2.28520
3743.15000,-0.77104,2.80607,-2.26530
3743.20000,-0.77321,2.80337,-2.22447
3743.25000,-0.77621,2.79925,-2.17731
3743.30000,-0.77966,2.79398,-2.12570
3743.35000,-0.78313,2.78831,-2.08389
3743.40000,-0.78641,2.78273,-2.07141
3743.45000,-0.78904,2.77795,-2.08228
3743.50000,-0.78927,2.77749,-2.11661
3743.55000,-0.78906,2.77785,-2.15595
3743.60000,-0.78919,2.77766,-2.19331
3743.65000,-0.78933,2.77748,-2.23078
3743.70000,-0.78947,2.77730,-2.26848
3743.75000,-0.78960,2.77715,-2.30638
3743.80000,-0.78978,2.77698,-2.33762
3743.85000,-0.79071,2.77613,-2.34127
3743.90000,-0.79229,2.77468,-2.32327
3743.95000,-0.79503,2.77164,-2.28602
3744.00000,-0.79876,2.76715,-2.24226
3744.05000,-0.80301,2.76152,-2.19396
3744.10000,-0.80723,2.75555,-2.15658
3744.15000,-0.81083,2.75013,-2.14770
3744.20000,-0.81340,2.74602,-2.16622
3744.25000,-0.81425,2.74479,-2.20200
3744.30000,-0.81440,2.74460,-2.24361
3744.35000,-0.81457,2.74440,-2.28559
3744.40000,-0.81473,2.74422,-2.32776
3744.45000,-0.81500,2.74397,-2.36102
3744.50000,-0.81604,2.74302,-2.36598
3744.55000,-0.81790,2.74125,-2.34575
3744.60000,-0.82108,2.73789,-2.31086
3744.65000,-0.82526,2.73311,-2.26934
3744.70000,-0.82999,2.72721,-2.22319
3744.75000,-0.83465,2.72097,-2.19251
3744.80000,-0.83878,2.71513,-2.19230
3744.85000,-0.84212,2.71053,-2.21322
3744.90000,-0.84398,2.70812,-2.24636
3744.95000,-0.84434,2.70768,-2.29004
3745.00000,-0.84453,2.70747,-2.33531
3745.05000,-0.84472,2.70729,-2.38065
3745.10000,-0.84502,2.70703,-2.41417
3745.15000,-0.84610,2.70607,-2.41792
3745.20000,-0.84814,2.70425,-2.39895
3745.25000,-0.85180,2.70079,-2.36646
3745.30000,-0.85655,2.69594,-2.32707
3745.35000,-0.86192,2.69000,-2.28298
3745.40000,-0.86730,2.68373,-2.24468
3745.45000,-0.87202,2.67803,-2.23200
3745.50000,-0.87582,2.67328,-2.24884
3745.55000,-0.87795,2.67071,-2.28402
3745.60000,-0.87841,2.67019,-2.33046
3745.65000,-0.87862,2.66998,-2.37888
3745.70000,-0.87882,2.66980,-2.42733
3745.75000,-0.87902,2.66964,-2.47573
3745.80000,-0.87934,2.66939,-2.51132
3745.85000,-0.88052,2.66838,-2.51569
3745.90000,-0.88301,2.66645,-2.49588
3745.95000,-0.88733,2.66309,-2.46529
3746.00000,-0.89291,2.65844,-2.42797
3746.05000,-0.89924,2.65273,-2.38607
3746.10000,-0.90592,2.64615,-2.34088
3746.15000,-0.91272,2.63907,-2.30505
3746.20000,-0.91899,2.63244,-2.29375
3746.25000,-0.92426,2.62666,-2.31018
3746.30000,-0.92772,2.62297,-2.34154
3746.35000,-0.92918,2.62151,-2.38555
3746.40000,-0.92942,2.62130,-2.43690
3746.45000,-0.92965,2.62112,-2.48838
3746.50000,-0.92988,2.62095,-2.53978
3746.55000,-0.93019,2.62075,-2.57931
3746.60000,-0.93128,2.61985,-2.58997
3746.65000,-0.93392,2.61800,-2.57491
3746.70000,-0.93877,2.61481,-2.54701
3746.75000,-0.94498,2.61045,-2.51218
3746.80000,-0.95209,2.60506,-2.47265
3746.85000,-0.95963,2.59884,-2.42964
3746.90000,-0.96708,2.59240,-2.39404
3746.95000,-0.97461,2.58584,-2.37742
3747.00000,-0.98151,2.57961,-2.38773
3747.05000,-0.98669,2.57485,-2.41369
3747.10000,-0.98986,2.57212,-2.45181
3747.15000,-0.99083,2.57134,-2.50200
3747.20000,-0.99109,2.57116,-2.55613
3747.25000,-0.99135,2.57100,-2.61021
3747.30000,-0.99166,2.57083,-2.65226
3747.35000,-0.99248,2.57026,-2.66285
3747.40000,-0.99512,2.56875,-2.64915
3747.45000,-1.00073,2.56564,-2.62230
3747.50000,-1.00790,2.56140,-2.58772
3747.55000,-1.01575,2.55632,-2.55016
3747.60000,-1.02386,2.55066,-2.50965
3747.65000,-1.03122,2.54526,-2.47347
3747.70000,-1.03865,2.53975,-2.45526
3747.75000,-1.04610,2.53414,-2.46319
3747.80000,-1.05376,2.52827,-2.48217
3747.85000,-1.06065,2.52307,-2.50618
3747.90000,-1.06593,2.51929,-2.53840
3747.95000,-1.06898,2.51727,-2.58228
3748.00000,-1.06985,2.51675,-2.63693
3748.05000,-1.07031,2.51651,-2.69358
3748.10000,-1.07078,2.51630,-2.74998
3748.15000,-1.07132,2.51607,-2.79420
3748.20000,-1.07251,2.51528,-2.80893
3748.25000,-1.07576,2.51386,-2.79821
3748.30000,-1.08212,2.51149,-2.77431
3748.35000,-1.09043,2.50815,-2.74219
3748.40000,-1.09928,2.50425,-2.70626
3748.45000,-1.10782,2.50009,-2.66889
3748.50000,-1.11577,2.49582,-2.62984
3748.55000,-1.12365,2.49138,-2.59763
3748.60000,-1.13159,2.48682,-2.58334
3748.65000,-1.13960,2.48213,-2.59187
3748.70000,-1.14728,2.47757,-2.61261
3748.75000,-1.15285,2.47442,-2.64567
3748.80000,-1.15598,2.47280,-2.69050
3748.85000,-1.15675,2.47245,-2.74600
3748.90000,-1.15709,2.47231,-2.80328
3748.95000,-1.15742,2.47221,-2.86031
3749.00000,-1.15780,2.47210,-2.90711
3749.05000,-1.15895,2.47127,-2.92968
3749.10000,-1.16144,2.46969,-2.92821
3749.15000,-1.16747,2.46803,-2.90987
3749.20000,-1.17576,2.46595,-2.88193
3749.25000,-1.18521,2.46328,-2.84918
3749.30000,-1.19474,2.46024,-2.81612
3749.35000,-1.20416,2.45688,-2.78365
3749.40000,-1.21346,2.45323,-2.75096
3749.45000,-1.22261,2.44951,-2.72483
3749.50000,-1.23163,2.44590,-2.70659
3749.55000,-1.24059,2.44232,-2.69092
3749.60000,-1.24951,2.43880,-2.67794
3749.65000,-1.25834,2.43535,-2.66873
3749.70000,-1.26710,2.43196,-2.66339
3749.75000,-1.27577,2.42863,-2.66658
3749.80000,-1.28416,2.42530,-2.68742
3749.85000,-1.29021,2.42252,-2.72335
3749.90000,-1.29364,2.42108,-2.77147
3749.95000,-1.29448,2.42077,-2.83081
3750.00000,-1.29477,2.42069,-2.89238
3750.05000,-1.29507,2.42062,-2.95356
3750.10000,-1.29537,2.42058,-3.01426
3750.15000,-1.29577,2.42047,-3.06517
3750.20000,-1.29690,2.42005,-3.09447
3750.25000,-1.29912,2.41973,-3.10129
3750.30000,-1.30433,2.41935,-3.09323
3750.35000,-1.31243,2.41881,-3.07325
3750.40000,-1.32284,2.41794,-3.04410
3750.45000,-1.33305,2.41681,-3.01604
3750.50000,-1.34295,2.41543,-2.98943
3750.55000,-1.35282,2.41378,-2.96286
3750.60000,-1.36263,2.41187,-2.93639
3750.65000,-1.37224,2.40985,-2.91657
3750.70000,-1.38199,2.40764,-2.91249
3750.75000,-1.39175,2.40540,-2.92367
3750.80000,-1.40044,2.40357,-2.94835
3750.85000,-1.40687,2.40242,-2.98312
3750.90000,-1.41098,2.40184,-3.02782
3750.95000,-1.41275,2.40168,-3.08223
3751.00000,-1.41308,2.40167,3.14062
3751.05000,-1.41344,2.40169,3.09029
3751.10000,-1.41425,2.40193,3.06576
3751.15000,-1.41782,2.40235,3.06638
3751.20000,-1.42509,2.40285,3.08374
3751.25000,-1.43414,2.40326,3.10935
3751.30000,-1.44360,2.40343,3.13835
3751.35000,-1.45287,2.40333,-3.11569
3751.40000,-1.46213,2.40295,-3.08670
3751.45000,-1.47140,2.40231,-3.05803
3751.50000,-1.48068,2.40149,-3.03433
3751.55000,-1.48997,2.40064,-3.02763
3751.60000,-1.49902,2.39993,-3.04633
3751.65000,-1.50659,2.39946,-3.08397
3751.70000,-1.51228,2.39927,-3.13362
3751.75000,-1.51598,2.39929,3.09029
3751.80000,-1.51746,2.39937,3.02101
3751.85000,-1.51789,2.39944,2.95717
3751.90000,-1.51857,2.39981,2.91538
3751.95000,-1.52021,2.40081,2.90356
3752.00000,-1.52416,2.40228,2.90837
3752.05000,-1.53125,2.40421,2.92789
3752.10000,-1.53988,2.40612,2.95577
3752.15000,-1.54899,2.40769,2.98633
3752.20000,-1.55814,2.40898,3.01670
3752.25000,-1.56732,2.40999,3.04707
3752.30000,-1.57654,2.41073,3.07716
3752.35000,-1.58577,2.41118,3.10733
3752.40000,-1.59491,2.41137,3.12658
3752.45000,-1.60380,2.41143,3.12350
3752.50000,-1.61200,2.41147,3.09773
3752.55000,-1.61900,2.41160,3.05570
3752.60000,-1.62465,2.41193,3.00045
3752.65000,-1.62828,2.41250,2.93232
3752.70000,-1.63020,2.41281,2.86795
3752.75000,-1.63208,2.41313,2.82191
3752.80000,-1.63417,2.41371,2.79358
3752.85000,-1.63651,2.41458,2.78195
3752.90000,-1.63892,2.41551,2.78009
3752.95000,-1.64226,2.41678,2.78482
3753.00000,-1.64690,2.41849,2.79560
3753.05000,-1.65300,2.42066,2.81282
3753.10000,-1.66097,2.42328,2.83780
3753.15000,-1.67051,2.42612,2.86894
3753.20000,-1.68018,2.42866,2.90009
3753.25000,-1.68993,2.43090,2.93122
3753.30000,-1.69974,2.43283,2.96224
3753.35000,-1.70958,2.43445,2.99529
3753.40000,-1.71790,2.43559,3.00820
3753.45000,-1.72366,2.43641,2.98887
3753.50000,-1.72766,2.43709,2.94673
3753.55000,-1.73041,2.43771,2.88841
3753.60000,-1.73233,2.43828,2.81871
3753.65000,-1.73386,2.43884,2.77226
3753.70000,-1.73527,2.43940,2.76554
3753.75000,-1.73809,2.44057,2.77455
3753.80000,-1.74267,2.44233,2.78908
3753.85000,-1.74872,2.44451,2.81133
3753.90000,-1.75694,2.44721,2.84272
3753.95000,-1.76654,2.44998,2.88076
3754.00000,-1.77567,2.45223,2.92458
3754.05000,-1.78430,2.45390,2.97527
3754.10000,-1.79334,2.45517,3.02832
3754.15000,-1.80286,2.45600,3.08243
3754.20000,-1.81264,2.45631,3.13755
3754.25000,-1.82263,2.45607,-3.09025
3754.30000,-1.83259,2.45528,-3.03493
3754.35000,-1.84250,2.45394,-2.97996
3754.40000,-1.85232,2.45206,-2.92500
3754.45000,-1.86202,2.44965,-2.87062
3754.50000,-1.87158,2.44671,-2.81661
3754.55000,-1.88097,2.44327,-2.76279
3754.60000,-1.89016,2.43932,-2.70966
3754.65000,-1.89912,2.43490,-2.65653
3754.70000,-1.90672,2.43064,-2.59902
3754.75000,-1.91125,2.42772,-2.53054
3754.80000,-1.91431,2.42540,-2.45648
3754.85000,-1.91710,2.42294,-2.38263
3754.90000,-1.91964,2.42035,-2.30931
3754.95000,-1.92189,2.41769,-2.23650
3755.00000,-1.92387,2.41498,-2.16422
3755.05000,-1.92555,2.41228,-2.09246
3755.10000,-1.92697,2.40960,-2.02123
3755.15000,-1.92813,2.40696,-1.95055
3755.20000,-1.92905,2.40440,-1.88040
3755.25000,-1.92975,2.40192,-1.81079
3755.30000,-1.93025,2.39955,-1.74173
3755.35000,-1.93056,2.39728,-1.67320
3755.40000,-1.93071,2.39512,-1.60521
3755.45000,-1.93071,2.39309,-1.53775
3755.50000,-1.93058,2.39119,-1.47082
3755.55000,-1.93035,2.38941,-1.40441
3755.60000,-1.93001,2.38776,-1.33851
3755.65000,-1.92960,2.38624,-1.27312
3755.70000,-1.92912,2.38483,-1.20822
3755.75000,-1.92858,2.38354,-1.14382
3755.80000,-1.92800,2.38236,-1.07990
3755.85000,-1.92738,2.38129,-1.01645
3755.90000,-1.92674,2.38032,-0.95346
3755.95000,-1.92608,2.37945,-0.89094
3756.00000,-1.92541,2.37867,-0.82886
3756.05000,-1.92473,2.37797,-0.76722
3756.10000,-1.92404,2.37735,-0.70602
3756.15000,-1.92336,2.37680,-0.64526
3756.20000,-1.92268,2.37632,-0.58506
3756.25000,-1.92198,2.37588,-0.52558
3756.30000,-1.92126,2.37549,-0.46695
3756.35000,-1.92052,2.37515,-0.40917
3756.40000,-1.91977,2.37485,-0.35224
3756.45000,-1.91902,2.37459,-0.29616
3756.50000,-1.91825,2.37438,-0.24095
3756.55000,-1.91749,2.37422,-0.18660
3756.60000,-1.91672,2.37409,-0.13308
3756.65000,-1.91597,2.37401,-0.08030
3756.70000,-1.91524,2.37399,-0.03708
3756.75000,-1.91252,2.37389,-0.00790
3756.80000,-1.90662,2.37391,0.00878
3756.85000,-1.89907,2.37403,0.01673
3756.90000,-1.89065,2.37422,0.02030
3756.95000,-1.88126,2.37442,0.01944
3757.00000,-1.87128,2.37459,0.01549
3757.05000,-1.86130,2.37473,0.01128
3757.10000,-1.85133,2.37482,0.00672
3757.15000,-1.84137,2.37486,0.00187
3757.20000,-1.83143,2.37485,-0.00364
3757.25000,-1.82148,2.37479,-0.00955
3757.30000,-1.81161,2.37465,-0.01607
3757.35000,-1.80179,2.37445,-0.02315
3757.40000,-1.79197,2.37417,-0.03060
3757.45000,-1.78246,2.37393,-0.02663
3757.50000,-1.77426,2.37384,-0.00138
3757.55000,-1.76723,2.37391,0.03609
3757.60000,-1.76223,2.37414,0.08273
3757.65000,-1.75958,2.37423,0.12887
3757.70000,-1.75697,2.37470,0.15688
3757.75000,-1.75214,2.37573,0.16769
3757.80000,-1.74489,2.37716,0.16701
3757.85000,-1.73535,2.37871,0.15456
3757.90000,-1.72578,2.38014,0.14163
3757.95000,-1.71619,2.38145,0.12873
3758.00000,-1.70659,2.38263,0.11589
3758.05000,-1.69698,2.38369,0.10266
3758.10000,-1.68736,2.38462,0.08912
3758.15000,-1.67773,2.38542,0.07543
3758.20000,-1.66800,2.38602,0.07056
3758.25000,-1.65805,2.38668,0.08347
3758.30000,-1.64899,2.38742,0.11463
3758.35000,-1.64407,2.38781,0.16545
3758.40000,-1.64310,2.38799,0.22656
3758.45000,-1.64259,2.38811,0.27957
3758.50000,-1.64183,2.38837,0.31114
3758.55000,-1.63782,2.38983,0.32031
3758.60000,-1.63024,2.39235,0.31030
3758.65000,-1.62116,2.39517,0.29210
3758.70000,-1.61199,2.39785,0.27399
3758.75000,-1.60272,2.40037,0.25606
3758.80000,-1.59345,2.40271,0.23823
3758.85000,-1.58415,2.40489,0.22027
3758.90000,-1.57482,2.40690,0.20214
3758.95000,-1.56546,2.40873,0.18342
3759.00000,-1.55603,2.41042,0.17334
3759.05000,-1.54655,2.41208,0.17328
3759.10000,-1.53698,2.41381,0.18626
3759.15000,-1.52959,2.41507,0.21950
3759.20000,-1.52750,2.41552,0.27020
3759.25000,-1.52692,2.41570,0.32679
3759.30000,-1.52634,2.41592,0.37462
3759.35000,-1.52509,2.41654,0.39986
3759.40000,-1.52115,2.41832,0.40495
3759.45000,-1.51403,2.42140,0.39259
3759.50000,-1.50526,2.42493,0.37164
3759.55000,-1.49637,2.42831,0.35081
3759.60000,-1.48741,2.43150,0.33034
3759.65000,-1.47841,2.43448,0.30956
3759.70000,-1.46935,2.43729,0.28825
3759.75000,-1.46024,2.43987,0.26670
3759.80000,-1.45116,2.44220,0.25764
3759.85000,-1.44195,2.44463,0.26546
3759.90000,-1.43525,2.44639,0.29104
3759.95000,-1.43267,2.44697,0.33832
3760.00000,-1.43149,2.44738,0.39096
3760.05000,-1.43109,2.44756,0.43985
3760.10000,-1.43066,2.44780,0.48032
3760.15000,-1.42960,2.44847,0.50146
3760.20000,-1.42728,2.44983,0.50899
3760.25000,-1.42371,2.45183,0.51008
3760.30000,-1.41752,2.45532,0.49895
3760.35000,-1.40919,2.45971,0.47402
3760.40000,-1.40079,2.46387,0.44872
3760.45000,-1.39229,2.46782,0.42380
3760.50000,-1.38370,2.47155,0.39842
3760.55000,-1.37502,2.47506,0.37264
3760.60000,-1.36626,2.47834,0.34654
3760.65000,-1.35757,2.48136,0.33455
3760.70000,-1.35049,2.48370,0.34635
3760.75000,-1.34737,2.48467,0.37674
3760.80000,-1.34705,2.48480,0.41694
3760.85000,-1.34684,2.48490,0.45659
3760.90000,-1.34663,2.48500,0.49576
3760.95000,-1.34642,2.48514,0.52463
3761.00000,-1.34552,2.48572,0.53705
3761.05000,-1.34209,2.48786,0.53568
3761.10000,-1.33638,2.49124,0.52354
3761.15000,-1.32893,2.49545,0.50356
3761.20000,-1.32053,2.49992,0.47598
3761.25000,-1.31181,2.50425,0.44875
3761.30000,-1.30297,2.50834,0.42159
3761.35000,-1.29453,2.51199,0.40811
3761.40000,-1.28710,2.51519,0.41151
3761.45000,-1.28116,2.51781,0.42172
3761.50000,-1.27873,2.51890,0.44734
3761.55000,-1.27855,2.51899,0.48285
3761.60000,-1.27837,2.51909,0.51823
3761.65000,-1.27820,2.51919,0.55325
3761.70000,-1.27803,2.51932,0.57839
3761.75000,-1.27760,2.51965,0.59104
3761.80000,-1.27453,2.52175,0.58904
3761.85000,-1.27013,2.52467,0.58013
3761.90000,-1.26420,2.52851,0.56359
3761.95000,-1.25689,2.53313,0.53731
3762.00000,-1.24890,2.53772,0.50590
3762.05000,-1.24077,2.54206,0.47442
3762.10000,-1.23247,2.54623,0.45585
3762.15000,-1.22537,2.54967,0.45596
3762.20000,-1.22156,2.55144,0.47291
3762.25000,-1.22092,2.55174,0.50380
3762.30000,-1.22078,2.55182,0.53535
3762.35000,-1.22063,2.55191,0.56662
3762.40000,-1.22049,2.55200,0.59762
3762.45000,-1.22043,2.55204,0.62013
3762.50000,-1.21944,2.55278,0.62770
3762.55000,-1.21664,2.55481,0.62353
3762.60000,-1.21292,2.55747,0.61317
3762.65000,-1.20808,2.56082,0.59598
3762.70000,-1.20170,2.56504,0.56976
3762.75000,-1.19397,2.56981,0.53637
3762.80000,-1.18608,2.57438,0.51753
3762.85000,-1.17917,2.57829,0.51422
3762.90000,-1.17440,2.58098,0.52246
3762.95000,-1.17228,2.58216,0.54577
3763.00000,-1.17154,2.58260,0.57676
3763.05000,-1.17078,2.58311,0.60808
3763.10000,-1.17005,2.58363,0.63910
3763.15000,-1.16934,2.58417,0.66987
3763.20000,-1.16906,2.58444,0.68648
3763.25000,-1.16749,2.58577,0.68676
3763.30000,-1.16359,2.58893,0.67290
3763.35000,-1.15850,2.59291,0.65190
3763.40000,-1.15183,2.59786,0.62144
3763.45000,-1.14431,2.60305,0.58682
3763.50000,-1.13667,2.60799,0.56721
3763.55000,-1.13026,2.61202,0.56285
3763.60000,-1.12572,2.61489,0.56909
3763.65000,-1.12264,2.61686,0.58410
3763.70000,-1.12174,2.61744,0.61183
3763.75000,-1.12106,2.61793,0.64118
3763.80000,-1.12039,2.61844,0.67029
3763.85000,-1.11972,2.61896,0.69911
3763.90000,-1.11910,2.61949,0.72764
3763.95000,-1.11872,2.61981,0.74201
3764.00000,-1.11733,2.62109,0.74274
3764.05000,-1.11474,2.62346,0.73529
3764.10000,-1.11116,2.62665,0.72136
3764.15000,-1.10631,2.63084,0.69895
3764.20000,-1.09985,2.63610,0.66678
3764.25000,-1.09260,2.64159,0.63074
3764.30000,-1.08520,2.64686,0.60990
3764.35000,-1.07899,2.65115,0.60489
3764.40000,-1.07471,2.65411,0.61117
3764.45000,-1.07282,2.65542,0.63194
3764.50000,-1.07211,2.65594,0.66070
3764.55000,-1.07140,2.65651,0.68940
3764.60000,-1.07072,2.65708,0.71795
3764.65000,-1.07003,2.65769,0.74617
3764.70000,-1.06948,2.65820,0.77354
3764.75000,-1.06920,2.65849,0.79409
3764.80000,-1.06871,2.65901,0.80127
3764.85000,-1.06714,2.66063,0.79849
3764.90000,-1.06475,2.66307,0.78953
3764.95000,-1.06120,2.66659,0.77250
3765.00000,-1.05637,2.67118,0.74670
3765.05000,-1.05007,2.67682,0.71179
3765.10000,-1.04311,2.68260,0.67387
3765.15000,-1.03590,2.68826,0.64870
3765.20000,-1.03000,2.69269,0.64121
3765.25000,-1.02581,2.69581,0.64475
3765.30000,-1.02309,2.69784,0.65672
3765.35000,-1.02256,2.69824,0.67887
3765.40000,-1.02192,2.69877,0.70517
3765.45000,-1.02168,2.69897,0.72904
3765.50000,-1.02151,2.69913,0.75242
3765.55000,-1.02133,2.69931,0.77576
3765.60000,-1.02114,2.69950,0.79902
3765.65000,-1.02094,2.69970,0.82218
3765.70000,-1.02069,2.69999,0.83347
3765.75000,-1.01857,2.70232,0.82658
3765.80000,-1.01451,2.70666,0.80920
3765.85000,-1.00883,2.71247,0.78331
3765.90000,-1.00235,2.71891,0.75961
3765.95000,-0.99718,2.72379,0.75301
3766.00000,-0.99382,2.72695,0.75758
3766.05000,-0.99246,2.72827,0.77390
3766.10000,-0.99221,2.72850,0.79697
3766.15000,-0.99201,2.72870,0.81968
3766.20000,-0.99185,2.72887,0.84200
3766.25000,-0.99171,2.72904,0.86417
3766.30000,-0.99143,2.72938,0.87314
3766.35000,-0.98906,2.73219,0.86452
3766.40000,-0.98503,2.73680,0.84235
3766.45000,-0.97968,2.74261,0.81216
3766.50000,-0.97281,2.74963,0.77947
3766.55000,-0.96574,2.75656,0.75513
3766.60000,-0.96046,2.76150,0.74776
3766.65000,-0.95727,2.76448,0.75265
3766.70000,-0.95547,2.76618,0.76551
3766.75000,-0.95513,2.76651,0.78644
3766.80000,-0.95462,2.76701,0.81086
3766.85000,-0.95437,2.76727,0.83420
3766.90000,-0.95409,2.76757,0.85714
3766.95000,-0.95362,2.76809,0.88111
3767.00000,-0.95316,2.76864,0.90497
3767.05000,-0.95300,2.76886,0.92673
3767.10000,-0.95279,2.76912,0.93993
3767.15000,-0.95153,2.77084,0.93828
3767.20000,-0.94806,2.77547,0.91899
3767.25000,-0.94321,2.78163,0.89001
3767.30000,-0.93695,2.78910,0.85772
3767.35000,-0.93088,2.79586,0.81747
3767.40000,-0.92528,2.80173,0.78576
3767.45000,-0.92131,2.80565,0.76697
3767.50000,-0.91760,2.80909,0.73095
3767.55000,-0.91325,2.81292,0.70554
3767.60000,-0.91007,2.81562,0.70910
3767.65000,-0.90864,2.81677,0.71250
3767.70000,-0.90725,2.81791,0.69974
3767.75000,-0.90463,2.82005,0.66709
3767.80000,-0.90031,2.82330,0.62584
3767.85000,-0.89406,2.82761,0.58244
3767.90000,-0.88714,2.83193,0.53394
3767.95000,-0.87917,2.83638,0.48394
3768.00000,-0.87077,2.84051,0.43137
3768.05000,-0.86165,2.84442,0.37838
3768.10000,-0.85379,2.84738,0.34847
3768.15000,-0.84786,2.84948,0.34554
3768.20000,-0.84542,2.85031,0.34053
3768.25000,-0.84374,2.85085,0.33724
3768.30000,-0.84277,2.85116,0.36024
3768.35000,-0.84230,2.85132,0.38652
3768.40000,-0.84223,2.85135,0.41134
3768.45000,-0.84215,2.85138,0.43616
3768.50000,-0.84201,2.85151,0.45250
3768.55000,-0.84166,2.85181,0.44668
3768.60000,-0.83922,2.85305,0.42002
3768.65000,-0.83444,2.85510,0.38457
3768.70000,-0.82790,2.85758,0.34200
3768.75000,-0.82021,2.86012,0.29559
3768.80000,-0.81165,2.86249,0.24635
3768.85000,-0.80354,2.86431,0.21109
3768.90000,-0.79589,2.86588,0.20155
3768.95000,-0.79047,2.86693,0.20489
3769.00000,-0.78821,2.86726,0.22252
3769.05000,-0.78760,2.86737,0.24965
3769.10000,-0.78724,2.86746,0.27570
3769.15000,-0.78711,2.86750,0.30042
3769.20000,-0.78697,2.86754,0.32487
3769.25000,-0.78683,2.86760,0.34236
3769.30000,-0.78676,2.86763,0.34999
3769.35000,-0.78671,2.86764,0.35590
3769.40000,-0.78669,2.86762,0.35985
3769.45000,-0.78668,2.86759,0.36108
3769.50000,-0.78666,2.86760,0.35404
3769.55000,-0.78633,2.86777,0.33675
3769.60000,-0.78453,2.86839,0.31003
3769.65000,-0.78024,2.86969,0.27437
3769.70000,-0.77328,2.87155,0.22941
3769.75000,-0.76509,2.87322,0.17742
3769.80000,-0.75734,2.87440,0.13904
3769.85000,-0.74971,2.87536,0.12272
3769.90000,-0.74409,2.87597,0.12024
3769.95000,-0.74185,2.87613,0.12383
3770.00000,-0.74011,2.87624,0.12702
3770.05000,-0.73889,2.87633,0.13157
3770.10000,-0.73813,2.87641,0.13379
3770.15000,-0.73746,2.87647,0.14329
3770.20000,-0.73679,2.87656,0.14072
3770.25000,-0.73610,2.87670,0.12552
3770.30000,-0.73533,2.87695,0.09734
3770.35000,-0.73352,2.87738,0.05856
3770.40000,-0.72916,2.87764,0.01016
3770.45000,-0.72290,2.87753,-0.04587
3770.50000,-0.71639,2.87732,-0.09571
3770.55000,-0.70987,2.87706,-0.12642
3770.60000,-0.70344,2.87677,-0.13745
3770.65000,-0.69814,2.87653,-0.13809
3770.70000,-0.69581,2.87638,-0.14101
3770.75000,-0.69478,2.87620,-0.14679
3770.80000,-0.69405,2.87613,-0.12771
3770.85000,-0.69358,2.87604,-0.11933
3770.90000,-0.69296,2.87593,-0.13802
3770.95000,-0.69195,2.87577,-0.15784
3771.00000,-0.69082,2.87557,-0.15040
3771.05000,-0.69051,2.87551,-0.14390
3771.10000,-0.69024,2.87551,-0.14528
3771.15000,-0.69003,2.87553,-0.14552
3771.20000,-0.68996,2.87553,-0.14758
3771.25000,-0.69006,2.87568,-0.13715
3771.30000,-0.69010,2.87569,-0.13209
3771.35000,-0.69000,2.87567,-0.13017
3771.40000,-0.68974,2.87564,-0.10964
3771.45000,-0.68953,2.87562,-0.08747
3771.50000,-0.68933,2.87560,-0.06505
3771.55000,-0.68913,2.87559,-0.04243
3771.60000,-0.68888,2.87558,-0.02959
3771.65000,-0.68844,2.87548,-0.03469
3771.70000,-0.68749,2.87538,-0.06496
3771.75000,-0.68352,2.87502,-0.10682
3771.80000,-0.67781,2.87427,-0.15463
3771.85000,-0.67165,2.87337,-0.19689
3771.90000,-0.66547,2.87240,-0.21772
3771.95000,-0.65933,2.87143,-0.22060
3772.00000,-0.65465,2.87069,-0.21468
3772.05000,-0.65328,2.87049,-0.21149
3772.10000,-0.65268,2.87035,-0.21305
3772.15000,-0.65222,2.87025,-0.18910
3772.20000,-0.65208,2.87023,-0.16327
3772.25000,-0.65189,2.87020,-0.15088
3772.30000,-0.65157,2.87009,-0.16664
3772.35000,-0.64981,2.86979,-0.18090
3772.40000,-0.64850,2.86963,-0.18622
3772.45000,-0.64654,2.86925,-0.21424
3772.50000,-0.64234,2.86825,-0.25199
3772.55000,-0.63674,2.86668,-0.29642
3772.60000,-0.63127,2.86494,-0.33046
3772.65000,-0.62605,2.86331,-0.33132
3772.70000,-0.62296,2.86235,-0.31642
3772.75000,-0.62152,2.86196,-0.29392
3772.80000,-0.62128,2.86190,-0.26613
3772.85000,-0.62126,2.86189,-0.23655
3772.90000,-0.62104,2.86183,-0.20753
3772.95000,-0.62052,2.86169,-0.19219
3773.00000,-0.61986,2.86155,-0.20428
3773.05000,-0.61742,2.86093,-0.23573
3773.10000,-0.61292,2.85973,-0.27579
3773.15000,-0.60806,2.85838,-0.31065
3773.20000,-0.60311,2.85686,-0.31225
3773.25000,-0.60054,2.85627,-0.30773
3773.30000,-0.59871,2.85566,-0.33094
3773.35000,-0.59541,2.85466,-0.34521
3773.40000,-0.59311,2.85395,-0.35297
3773.45000,-0.59175,2.85347,-0.35912
3773.50000,-0.59069,2.85315,-0.34319
3773.55000,-0.58984,2.85301,-0.31866
3773.60000,-0.58976,2.85309,-0.28737
3773.65000,-0.58990,2.85310,-0.25450
3773.70000,-0.58967,2.85303,-0.22264
3773.75000,-0.58933,2.85297,-0.19039
3773.80000,-0.58917,2.85295,-0.17451
3773.85000,-0.58873,2.85276,-0.18718
3773.90000,-0.58625,2.85219,-0.21757
3773.95000,-0.58125,2.85099,-0.25497
3774.00000,-0.57470,2.84911,-0.29773
3774.05000,-0.56687,2.84652,-0.34342
3774.10000,-0.55884,2.84371,-0.38371
3774.15000,-0.55091,2.84097,-0.40674
3774.20000,-0.54446,2.83849,-0.40142
3774.25000,-0.54126,2.83736,-0.37856
3774.30000,-0.54046,2.83726,-0.34614
3774.35000,-0.54035,2.83722,-0.31028
3774.40000,-0.54005,2.83711,-0.27451
3774.45000,-0.53984,2.83707,-0.23908
3774.50000,-0.53963,2.83701,-0.21828
3774.55000,-0.53961,2.83705,-0.22487
3774.60000,-0.53744,2.83639,-0.24695
3774.65000,-0.53285,2.83512,-0.28290
3774.70000,-0.52712,2.83335,-0.31206
3774.75000,-0.52295,2.83213,-0.32957
3774.80000,-0.52002,2.83113,-0.34353
3774.85000,-0.51759,2.83037,-0.32522
3774.90000,-0.51633,2.83016,-0.30840
3774.95000,-0.51530,2.83006,-0.31324
3775.00000,-0.51248,2.82919,-0.31876
3775.05000,-0.50956,2.82850,-0.30714
3775.10000,-0.50683,2.82797,-0.28770
3775.15000,-0.50447,2.82761,-0.26117
3775.20000,-0.50312,2.82748,-0.22966
3775.25000,-0.50291,2.82760,-0.20712
3775.30000,-0.50312,2.82778,-0.20841
3775.35000,-0.50160,2.82733,-0.22600
3775.40000,-0.49720,2.82619,-0.25865
3775.45000,-0.49113,2.82444,-0.30010
3775.50000,-0.48398,2.82204,-0.34606
3775.55000,-0.47540,2.81871,-0.39237
3775.60000,-0.46621,2.81492,-0.43074
3775.65000,-0.45676,2.81080,-0.44549
3775.70000,-0.44778,2.80668,-0.44699
3775.75000,-0.44079,2.80344,-0.43690
3775.80000,-0.43742,2.80210,-0.40919
3775.85000,-0.43676,2.80182,-0.36852
3775.90000,-0.43619,2.80160,-0.32670
3775.95000,-0.43546,2.80136,-0.28433
3776.00000,-0.43471,2.80113,-0.24195
3776.05000,-0.43401,2.80097,-0.20018
3776.10000,-0.43314,2.80082,-0.15797
3776.15000,-0.43228,2.80096,-0.12528
3776.20000,-0.43172,2.80109,-0.11789
3776.25000,-0.43068,2.80088,-0.12756
3776.30000,-0.42700,2.80019,-0.15151
3776.35000,-0.42066,2.79908,-0.18876
3776.40000,-0.41314,2.79747,-0.23197
3776.45000,-0.40476,2.79528,-0.27843
3776.50000,-0.39634,2.79266,-0.32539
3776.55000,-0.38799,2.78984,-0.36571
3776.60000,-0.37936,2.78669,-0.38405
3776.65000,-0.37093,2.78340,-0.38019
3776.70000,-0.36413,2.78081,-0.36442
3776.75000,-0.35933,2.77920,-0.33668
3776.80000,-0.35711,2.77860,-0.29602
3776.85000,-0.35698,2.77856,-0.25305
3776.90000,-0.35685,2.77853,-0.21008
3776.95000,-0.35672,2.77850,-0.16722
3777.00000,-0.35672,2.77847,-0.14112
3777.05000,-0.35642,2.77831,-0.14138
3777.10000,-0.35385,2.77787,-0.15329
3777.15000,-0.34863,2.77693,-0.17974
3777.20000,-0.34134,2.77547,-0.21571
3777.25000,-0.33336,2.77367,-0.24704
3777.30000,-0.32504,2.77146,-0.25451
3777.35000,-0.31672,2.76927,-0.24687
3777.40000,-0.30994,2.76777,-0.22515
3777.45000,-0.30452,2.76682,-0.19660
3777.50000,-0.30224,2.76652,-0.15701
3777.55000,-0.30210,2.76650,-0.11035
3777.60000,-0.30199,2.76649,-0.06355
3777.65000,-0.30205,2.76646,-0.02825
3777.70000,-0.30263,2.76639,-0.01517
3777.75000,-0.30206,2.76629,-0.01656
3777.80000,-0.29957,2.76614,-0.02829
3777.85000,-0.29464,2.76584,-0.05234
3777.90000,-0.28695,2.76527,-0.08962
3777.95000,-0.27828,2.76430,-0.13272
3778.00000,-0.26946,2.76293,-0.17536
3778.05000,-0.26064,2.76134,-0.21126
3778.10000,-0.25160,2.75949,-0.22932
3778.15000,-0.24240,2.75743,-0.22960
3778.20000,-0.23331,2.75547,-0.22239
3778.25000,-0.22446,2.75363,-0.20777
3778.30000,-0.21722,2.75219,-0.18317
3778.35000,-0.21222,2.75134,-0.14835
3778.40000,-0.20962,2.75100,-0.10370
3778.45000,-0.20921,2.75096,-0.05068
3778.50000,-0.20910,2.75096,0.00335
3778.55000,-0.20897,2.75100,0.05005
3778.60000,-0.20871,2.75118,0.08647
3778.65000,-0.20838,2.75146,0.11359
3778.70000,-0.20797,2.75184,0.13201
3778.75000,-0.20745,2.75234,0.14199
3778.80000,-0.20647,2.75295,0.13857
3778.85000,-0.20358,2.75359,0.12343
3778.90000,-0.19792,2.75451,0.09728
3778.95000,-0.19002,2.75530,0.05926
3779.00000,-0.18050,2.75566,0.01659
3779.05000,-0.17050,2.75563,-0.02392
3779.10000,-0.16051,2.75519,-0.06367
3779.15000,-0.15055,2.75435,-0.10298
3779.20000,-0.14062,2.75313,-0.14242
3779.25000,-0.13075,2.75151,-0.18211
3779.30000,-0.12104,2.74981,-0.21540
3779.35000,-0.11147,2.74824,-0.24057
3779.40000,-0.10194,2.74670,-0.26407
3779.45000,-0.09242,2.74517,-0.28672
3779.50000,-0.08289,2.74364,-0.30885
3779.55000,-0.07330,2.74202,-0.32290
3779.60000,-0.06370,2.74037,-0.33462
3779.65000,-0.05406,2.73869,-0.34167
3779.70000,-0.04441,2.73697,-0.34521
3779.75000,-0.03471,2.73520,-0.34123
3779.80000,-0.02502,2.73340,-0.32574
3779.85000,-0.01616,2.73162,-0.29272
3779.90000,-0.00992,2.73006,-0.24640
3779.95000,-0.00661,2.72975,-0.19897
3780.00000,-0.00371,2.72965,-0.17368
3780.05000,-0.00142,2.72943,-0.16148
3780.10000,0.00020,2.72928,-0.14942
3780.15000,0.00148,2.72934,-0.15395
3780.20000,0.00389,2.72885,-0.17554
3780.25000,0.00898,2.72786,-0.20756
3780.30000,0.01627,2.72617,-0.24856
3780.35000,0.02449,2.72388,-0.29372
3780.40000,0.03335,2.72097,-0.34156
3780.45000,0.04259,2.71743,-0.39109
3780.50000,0.05174,2.71339,-0.44055
3780.55000,0.06067,2.70890,-0.48952
3780.60000,0.06938,2.70399,-0.53802
3780.65000,0.07784,2.69866,-0.58584
3780.70000,0.08604,2.69293,-0.63315
3780.75000,0.09396,2.68683,-0.68013
3780.80000,0.10159,2.68036,-0.72633
3780.85000,0.10891,2.67355,-0.77240
3780.90000,0.11591,2.66641,-0.81781
3780.95000,0.12132,2.66041,-0.86529
3781.00000,0.12403,2.65705,-0.92355
3781.05000,0.12521,2.65540,-0.99084
3781.10000,0.12550,2.65492,-1.06379
3781.15000,0.12556,2.65482,-1.13816
3781.20000,0.12560,2.65471,-1.21216
3781.25000,0.12564,2.65460,-1.28612
3781.30000,0.12567,2.65449,-1.36010
3781.35000,0.12569,2.65438,-1.43411
3781.40000,0.12570,2.65426,-1.50819
3781.45000,0.12570,2.65415,-1.58233
3781.50000,0.12569,2.65404,-1.65656
3781.55000,0.12568,2.65393,-1.73089
3781.60000,0.12566,2.65381,-1.80534
3781.65000,0.12563,2.65370,-1.87990
3781.70000,0.12559,2.65360,-1.95458
3781.75000,0.12554,2.65349,-2.02937
3781.80000,0.12549,2.65339,-2.10426
3781.85000,0.12542,2.65329,-2.17924
3781.90000,0.12535,2.65320,-2.25428
3781.95000,0.12527,2.65311,-2.32937
3782.00000,0.12519,2.65303,-2.40447
3782.05000,0.12509,2.65295,-2.47955
3782.10000,0.12499,2.65287,-2.55457
3782.15000,0.12488,2.65281,-2.62916
3782.20000,0.12477,2.65275,-2.70286
3782.25000,0.12466,2.65270,-2.77563
3782.30000,0.12454,2.65266,-2.84746
3782.35000,0.12442,2.65263,-2.91840
3782.40000,0.12429,2.65260,-2.98883
3782.45000,0.12416,2.65259,-3.05897
3782.50000,0.12403,2.65258,-3.12875
3782.55000,0.12389,2.65259,3.08507
3782.60000,0.12376,2.65260,3.01628
3782.65000,0.12362,2.65262,2.94846
3782.70000,0.12349,2.65265,2.88164
3782.75000,0.12335,2.65269,2.81585
3782.80000,0.12322,2.65274,2.75109
3782.85000,0.12310,2.65280,2.68737
3782.90000,0.12298,2.65286,2.62469
3782.95000,0.12286,2.65293,2.56306
3783.00000,0.12276,2.65303,2.51342
3783.05000,0.12068,2.65471,2.49052
3783.10000,0.11491,2.65914,2.48878
3783.15000,0.10725,2.66497,2.49709
3783.20000,0.09944,2.67077,2.50812
3783.25000,0.09156,2.67649,2.51857
3783.30000,0.08365,2.68211,2.53026
3783.35000,0.07566,2.68765,2.54140
3783.40000,0.06746,2.69318,2.55340
3783.45000,0.05919,2.69864,2.56577
3783.50000,0.05085,2.70398,2.57844
3783.55000,0.04238,2.70925,2.59163
3783.60000,0.03383,2.71441,2.60363
3783.65000,0.02523,2.71947,2.61590
3783.70000,0.01655,2.72443,2.63033
3783.75000,0.00772,2.72931,2.64469
3783.80000,-0.00139,2.73415,2.65990
3783.85000,-0.01063,2.73889,2.67532
3783.90000,-0.01977,2.74339,2.69128
3783.95000,-0.02916,2.74783,2.70717
3784.00000,-0.03863,2.75213,2.72346
3784.05000,-0.04818,2.75627,2.73994
3784.10000,-0.05780,2.76026,2.75678
3784.15000,-0.06750,2.76408,2.77398
3784.20000,-0.07715,2.76770,2.79128
3784.25000,-0.08700,2.77119,2.80937
3784.30000,-0.09692,2.77451,2.82782
3784.35000,-0.10690,2.77764,2.84657
3784.40000,-0.11696,2.78059,2.86583
3784.45000,-0.12708,2.78334,2.88545
3784.50000,-0.13726,2.78590,2.90540
3784.55000,-0.14750,2.78825,2.92586
3784.60000,-0.15711,2.78995,2.93567
3784.65000,-0.16487,2.79085,2.92286
3784.70000,-0.16795,2.79129,2.88937
3784.75000,-0.16843,2.79142,2.84460
3784.80000,-0.16859,2.79147,2.79861
3784.85000,-0.16878,2.79158,2.76069
3784.90000,-0.16913,2.79188,2.73417
3784.95000,-0.16975,2.79232,2.71704
3785.00000,-0.17222,2.79347,2.70971
3785.05000,-0.17776,2.79618,2.71625
3785.10000,-0.18675,2.80017,2.73787
3785.15000,-0.19599,2.80399,2.76046
3785.20000,-0.20531,2.80761,2.78290
3785.25000,-0.21472,2.81101,2.80565
3785.30000,-0.22419,2.81420,2.82872
3785.35000,-0.23374,2.81717,2.85210
3785.40000,-0.24178,2.81951,2.85659
3785.45000,-0.24706,2.82108,2.83801
3785.50000,-0.24977,2.82196,2.80821
3785.55000,-0.25022,2.82212,2.76897
3785.60000,-0.25038,2.82219,2.72866
3785.65000,-0.25054,2.82228,2.69828
3785.70000,-0.25074,2.82245,2.67982
3785.75000,-0.25166,2.82295,2.66999
3785.80000,-0.25475,2.82454,2.67019
3785.85000,-0.25920,2.82680,2.67702
3785.90000,-0.26506,2.82971,2.69034
3785.95000,-0.27249,2.83324,2.71062
3786.00000,-0.28140,2.83721,2.73855
3786.05000,-0.29065,2.84100,2.76613
3786.10000,-0.30000,2.84454,2.79390
3786.15000,-0.30914,2.84768,2.80770
3786.20000,-0.31692,2.85033,2.80467
3786.25000,-0.32203,2.85215,2.78964
3786.30000,-0.32518,2.85282,2.77199
3786.35000,-0.32729,2.85335,2.75503
3786.40000,-0.32835,2.85380,2.74788
3786.45000,-0.32909,2.85410,2.74062
3786.50000,-0.32965,2.85435,2.73705
3786.55000,-0.33180,2.85531,2.74661
3786.60000,-0.33547,2.85682,2.76257
3786.65000,-0.34063,2.85883,2.78575
3786.70000,-0.34763,2.86133,2.81838
3786.75000,-0.35675,2.86419,2.85836
3786.80000,-0.36640,2.86679,2.89908
3786.85000,-0.37616,2.86899,2.93985
3786.90000,-0.38440,2.87056,2.95910
3786.95000,-0.38993,2.87156,2.94745
3787.00000,-0.39283,2.87214,2.92230
3787.05000,-0.39348,2.87229,2.88730
3787.10000,-0.39366,2.87236,2.85892
3787.15000,-0.39386,2.87244,2.83637
3787.20000,-0.39409,2.87252,2.81520
3787.25000,-0.39428,2.87258,2.80222
3787.30000,-0.39450,2.87269,2.79449
3787.35000,-0.39498,2.87299,2.79982
3787.40000,-0.39680,2.87364,2.81205
3787.45000,-0.40021,2.87478,2.83283
3787.50000,-0.40571,2.87646,2.86147
3787.55000,-0.41320,2.87857,2.89881
3787.60000,-0.42256,2.88073,2.94535
3787.65000,-0.43247,2.88246,2.99135
3787.70000,-0.44242,2.88376,3.03538
3787.75000,-0.45251,2.88444,3.06766
3787.80000,-0.46154,2.88455,3.07556
3787.85000,-0.46961,2.88423,3.06756
3787.90000,-0.47523,2.88385,3.04674
3787.95000,-0.47748,2.88361,3.01062
3788.00000,-0.47777,2.88363,2.96540
3788.05000,-0.47806,2.88369,2.91960
3788.10000,-0.47838,2.88381,2.88032
3788.15000,-0.47912,2.88440,2.86224
3788.20000,-0.48032,2.88551,2.86634
3788.25000,-0.48265,2.88702,2.88145
3788.30000,-0.48677,2.88898,2.90517
3788.35000,-0.49306,2.89115,2.93784
3788.40000,-0.50169,2.89280,2.97974
3788.45000,-0.51131,2.89415,3.02481
3788.50000,-0.52127,2.89509,3.07109
3788.55000,-0.53125,2.89557,3.11602
3788.60000,-0.54020,2.89565,-3.14008
3788.65000,-0.54669,2.89560,-3.12184
3788.70000,-0.55153,2.89542,-3.08280
3788.75000,-0.55618,2.89503,-3.03149
3788.80000,-0.56179,2.89424,-2.97565
3788.85000,-0.56819,2.89298,-2.91725
3788.90000,-0.57498,2.89121,-2.85662
3788.95000,-0.58210,2.88888,-2.79486
3789.00000,-0.58941,2.88597,-2.73255
3789.05000,-0.59672,2.88253,-2.66958
3789.10000,-0.60394,2.87855,-2.60628
3789.15000,-0.61105,2.87402,-2.54295
3789.20000,-0.61799,2.86896,-2.47973
3789.25000,-0.62466,2.86341,-2.41652
3789.30000,-0.63017,2.85820,-2.34902
3789.35000,-0.63443,2.85357,-2.27641
3789.40000,-0.63825,2.84874,-2.20310
3789.45000,-0.64177,2.84355,-2.13003
3789.50000,-0.64492,2.83807,-2.05701
3789.55000,-0.64770,2.83230,-1.98425
3789.60000,-0.65010,2.82627,-1.91178
3789.65000,-0.65172,2.82110,-1.83543
3789.70000,-0.65257,2.81743,-1.75278
3789.75000,-0.65329,2.81221,-1.67555
3789.80000,-0.65367,2.80667,-1.60003
3789.85000,-0.65364,2.80281,-1.51799
3789.90000,-0.65333,2.79953,-1.43397
3789.95000,-0.65273,2.79623,-1.35091
3790.00000,-0.65185,2.79295,-1.26889
3790.05000,-0.65070,2.78972,-1.18791
3790.10000,-0.64928,2.78657,-1.10800
3790.15000,-0.64761,2.78353,-1.02915
3790.20000,-0.64571,2.78063,-0.95139
3790.25000,-0.64360,2.77789,-0.87471
3790.30000,-0.64129,2.77533,-0.79914
3790.35000,-0.63882,2.77298,-0.72467
3790.40000,-0.63622,2.77084,-0.65131
3790.45000,-0.63350,2.76892,-0.57908
3790.50000,-0.63070,2.76723,-0.50797
3790.55000,-0.62785,2.76577,-0.43799
3790.60000,-0.62496,2.76453,-0.36912
3790.65000,-0.62206,2.76352,-0.30137
3790.70000,-0.61918,2.76273,-0.23475
3790.75000,-0.61632,2.76214,-0.16926
3790.80000,-0.61351,2.76176,-0.10491
3790.85000,-0.61076,2.76156,-0.04171
3790.90000,-0.60809,2.76153,0.02033
3790.95000,-0.60550,2.76166,0.08122
3791.00000,-0.60300,2.76194,0.14097
3791.05000,-0.60060,2.76235,0.19957
3791.10000,-0.59597,2.76352,0.25407
3791.15000,-0.58822,2.76574,0.30343
3791.20000,-0.57977,2.76863,0.35448
3791.25000,-0.57127,2.77171,0.39799
3791.30000,-0.56310,2.77467,0.41658
3791.35000,-0.55469,2.77838,0.41309
3791.40000,-0.54571,2.78228,0.40432
3791.45000,-0.53668,2.78609,0.39475
3791.50000,-0.52766,2.78979,0.38453
3791.55000,-0.51863,2.79338,0.37335
3791.60000,-0.50959,2.79686,0.36096
3791.65000,-0.50048,2.80024,0.34762
3791.70000,-0.49138,2.80347,0.33359
3791.75000,-0.48225,2.80656,0.31877
3791.80000,-0.47310,2.80951,0.30321
3791.85000,-0.46382,2.81234,0.28639
3791.90000,-0.45452,2.81499,0.26864
3791.95000,-0.44513,2.81750,0.25058
3792.00000,-0.43585,2.81979,0.23207
3792.05000,-0.42647,2.82192,0.21315
3792.10000,-0.41712,2.82386,0.19403
3792.15000,-0.40776,2.82561,0.17458
3792.20000,-0.39838,2.82717,0.15479
3792.25000,-0.38897,2.82855,0.13477
3792.30000,-0.37955,2.82972,0.11414
3792.35000,-0.37014,2.83070,0.09302
3792.40000,-0.36070,2.83148,0.07179
3792.45000,-0.35126,2.83206,0.05019
3792.50000,-0.34181,2.83243,0.02835
3792.55000,-0.33237,2.83259,0.00601
3792.60000,-0.32292,2.83255,-0.01615
3792.65000,-0.31348,2.83229,-0.03820
3792.70000,-0.30403,2.83182,-0.06045
3792.75000,-0.29449,2.83113,-0.08245
3792.80000,-0.28500,2.83024,-0.10415
3792.85000,-0.27541,2.82913,-0.12599
3792.90000,-0.26586,2.82780,-0.14789
3792.95000,-0.25599,2.82623,-0.16906
3793.00000,-0.24616,2.82444,-0.19058
3793.05000,-0.23636,2.82243,-0.21251
3793.10000,-0.22661,2.82022,-0.23477
3793.15000,-0.21732,2.81787,-0.25907
3793.20000,-0.20787,2.81524,-0.28301
3793.25000,-0.19849,2.81238,-0.30746
3793.30000,-0.18946,2.80937,-0.33311
3793.35000,-0.18067,2.80630,-0.34994
3793.40000,-0.17194,2.80327,-0.36002
3793.45000,-0.16324,2.80027,-0.36863
3793.50000,-0.15456,2.79727,-0.37573
3793.55000,-0.14588,2.79428,-0.38083
3793.60000,-0.13720,2.79128,-0.38320
3793.65000,-0.12852,2.78827,-0.37893
3793.70000,-0.11985,2.78521,-0.35735
3793.75000,-0.11142,2.78227,-0.31377
3793.80000,-0.10499,2.78037,-0.25457
3793.85000,-0.10111,2.77949,-0.18157
3793.90000,-0.09946,2.77925,-0.09715
3793.95000,-0.09824,2.77921,-0.02007
3794.00000,-0.09728,2.77927,0.03568
3794.05000,-0.09696,2.77942,0.06417
3794.10000,-0.09506,2.77965,0.08212
3794.15000,-0.09189,2.77999,0.09343
3794.20000,-0.08791,2.78046,0.09981
3794.25000,-0.08171,2.78124,0.09489
3794.30000,-0.07284,2.78205,0.07580
3794.35000,-0.06342,2.78267,0.05387
3794.40000,-0.05401,2.78306,0.03032
3794.45000,-0.04460,2.78324,0.00627
3794.50000,-0.03520,2.78318,-0.01805
3794.55000,-0.02581,2.78289,-0.04289
3794.60000,-0.01650,2.78237,-0.06943
3794.65000,-0.00725,2.78159,-0.09781
3794.70000,0.00198,2.78055,-0.12632
3794.75000,0.01109,2.77925,-0.15741
3794.80000,0.02018,2.77766,-0.18829
3794.85000,0.02860,2.77591,-0.22587
3794.90000,0.03673,2.77385,-0.27182
3794.95000,0.04513,2.77129,-0.32000
3795.00000,0.05342,2.76832,-0.36781
3795.05000,0.06156,2.76496,-0.41537
3795.10000,0.06955,2.76121,-0.46225
3795.15000,0.07735,2.75709,-0.50912
3795.20000,0.08498,2.75260,-0.55524
3795.25000,0.09239,2.74776,-0.60084
3795.30000,0.09959,2.74258,-0.64615
3795.35000,0.10656,2.73708,-0.69087
3795.40000,0.11329,2.73126,-0.73500
3795.45000,0.11976,2.72514,-0.77873
3795.50000,0.12597,2.71875,-0.82201
3795.55000,0.13191,2.71207,-0.86460
3795.60000,0.13758,2.70515,-0.90671
3795.65000,0.14295,2.69798,-0.94832
3795.70000,0.14809,2.69059,-0.97406
3795.75000,0.15298,2.68337,-0.97181
3795.80000,0.15711,2.67743,-0.94299
3795.85000,0.15981,2.67382,-0.89167
3795.90000,0.16113,2.67228,-0.82779
3795.95000,0.16142,2.67197,-0.75801
3796.00000,0.16153,2.67190,-0.69899
3796.05000,0.16127,2.67228,-0.66677
3796.10000,0.16112,2.67248,-0.66058
3796.15000,0.16393,2.67027,-0.67639
3796.20000,0.16860,2.66641,-0.70493
3796.25000,0.17448,2.66122,-0.74181
3796.30000,0.18087,2.65512,-0.78308
3796.35000,0.18710,2.64866,-0.82394
3796.40000,0.19306,2.64195,-0.86437
3796.45000,0.19875,2.63500,-0.90474
3796.50000,0.20420,2.62790,-0.92961
3796.55000,0.20964,2.62059,-0.92808
3796.60000,0.21428,2.61446,-0.90317
3796.65000,0.21824,2.60962,-0.86161
3796.70000,0.22065,2.60694,-0.80676
3796.75000,0.22116,2.60643,-0.74001
3796.80000,0.22127,2.60633,-0.67050
3796.85000,0.22140,2.60626,-0.61298
3796.90000,0.22133,2.60646,-0.57930
3796.95000,0.22172,2.60624,-0.57591
3797.00000,0.22477,2.60422,-0.59086
3797.05000,0.23026,2.60041,-0.62062
3797.10000,0.23682,2.59554,-0.65748
3797.15000,0.24382,2.58991,-0.69745
3797.20000,0.25060,2.58399,-0.73731
3797.25000,0.25716,2.57780,-0.77653
3797.30000,0.26347,2.57135,-0.81546
3797.35000,0.26967,2.56475,-0.84734
3797.40000,0.27631,2.55765,-0.85699
3797.45000,0.28268,2.55039,-0.84134
3797.50000,0.28850,2.54406,-0.80855
3797.55000,0.29285,2.53970,-0.76061
3797.60000,0.29494,2.53780,-0.69909
3797.65000,0.29517,2.53761,-0.62742
3797.70000,0.29529,2.53753,-0.55524
3797.75000,0.29543,2.53747,-0.49562
3797.80000,0.29552,2.53754,-0.46292
3797.85000,0.29674,2.53696,-0.46154
3797.90000,0.30145,2.53450,-0.48104
3797.95000,0.30815,2.53087,-0.50924
3798.00000,0.31597,2.52631,-0.54326
3798.05000,0.32444,2.52100,-0.57735
3798.10000,0.33272,2.51540,-0.61102
3798.15000,0.34039,2.50982,-0.64596
3798.20000,0.34827,2.50367,-0.67935
3798.25000,0.35530,2.49777,-0.71584
3798.30000,0.36191,2.49198,-0.74105
3798.35000,0.36845,2.48623,-0.75401
3798.40000,0.37503,2.48042,-0.75997
3798.45000,0.38159,2.47461,-0.76187
3798.50000,0.38750,2.46940,-0.75620
3798.55000,0.39138,2.46606,-0.75432
3798.60000,0.39525,2.46274,-0.76657
3798.65000,0.39927,2.45928,-0.79189
3798.70000,0.40396,2.45442,-0.83086
3798.75000,0.40936,2.44824,-0.87555
3798.80000,0.41483,2.44134,-0.92398
3798.85000,0.42040,2.43357,-0.97396
3798.90000,0.42578,2.42519,-1.02515
3798.95000,0.43075,2.41651,-1.07631
3799.00000,0.43527,2.40759,-1.12764
3799.05000,0.43932,2.39845,-1.17795
3799.10000,0.44292,2.38912,-1.22844
3799.15000,0.44604,2.37963,-1.27795
3799.20000,0.44869,2.36998,-1.32700
3799.25000,0.45086,2.36022,-1.37614
3799.30000,0.45214,2.35234,-1.42663
3799.35000,0.45258,2.34860,-1.48638
3799.40000,0.45268,2.34681,-1.55437
3799.45000,0.45267,2.34636,-1.62775
3799.50000,0.45266,2.34622,-1.70209
3799.55000,0.45264,2.34607,-1.77596
3799.60000,0.45260,2.34592,-1.84928
3799.65000,0.45255,2.34578,-1.92205
3799.70000,0.45250,2.34565,-1.99423
3799.75000,0.45243,2.34551,-2.06582
3799.80000,0.45236,2.34538,-2.13680
3799.85000,0.45227,2.34526,-2.20714
3799.90000,0.45218,2.34515,-2.27683
3799.95000,0.45208,2.34504,-2.34586
3800.00000,0.45197,2.34493,-2.41421
3800.05000,0.45186,2.34484,-2.48185
3800.10000,0.45174,2.34475,-2.54879
3800.15000,0.45161,2.34467,-2.61501
3800.20000,0.45148,2.34460,-2.68049
3800.25000,0.45135,2.34454,-2.74522
3800.30000,0.45121,2.34449,-2.80919
3800.35000,0.45106,2.34444,-2.87238
3800.40000,0.45092,2.34441,-2.93480
3800.45000,0.45077,2.34438,-2.99641
3800.50000,0.45063,2.34437,-3.05722
3800.55000,0.45048,2.34436,-3.11713
3800.60000,0.45033,2.34436,3.10734
3800.65000,0.45018,2.34437,3.05009
3800.70000,0.45004,2.34438,2.99431
3800.75000,0.44989,2.34441,2.94001
3800.80000,0.44975,2.34444,2.88698
3800.85000,0.44961,2.34448,2.83480
3800.90000,0.44947,2.34453,2.78347
3800.95000,0.44934,2.34459,2.73301
3801.00000,0.44921,2.34465,2.68341
3801.05000,0.44908,2.34471,2.63467
3801.10000,0.44895,2.34479,2.58681
3801.15000,0.44883,2.34487,2.53983
3801.20000,0.44871,2.34495,2.49373
3801.25000,0.44691,2.34649,2.44905
3801.30000,0.44107,2.35154,2.41063
3801.35000,0.43440,2.35778,2.36923
3801.40000,0.42829,2.36374,2.33136
3801.45000,0.42248,2.36943,2.30168
3801.50000,0.41661,2.37558,2.29185
3801.55000,0.41004,2.38304,2.29504
3801.60000,0.40341,2.39050,2.29837
3801.65000,0.39676,2.39794,2.30182
3801.70000,0.39011,2.40533,2.30603
3801.75000,0.38341,2.41271,2.31041
3801.80000,0.37669,2.42004,2.31535
3801.85000,0.36991,2.42736,2.32023
3801.90000,0.36305,2.43469,2.32599
3801.95000,0.35704,2.44113,2.31811
3802.00000,0.35127,2.44746,2.29357
3802.05000,0.34488,2.45493,2.26305
3802.10000,0.33900,2.46225,2.23008
3802.15000,0.33334,2.46965,2.20868
3802.20000,0.32732,2.47752,2.20750
3802.25000,0.32128,2.48561,2.21656
3802.30000,0.31519,2.49363,2.22542
3802.35000,0.30904,2.50157,2.23440
3802.40000,0.30270,2.50960,2.24470
3802.45000,0.29708,2.51675,2.24178
3802.50000,0.29200,2.52328,2.22268
3802.55000,0.28648,2.53072,2.19601
3802.60000,0.28111,2.53836,2.16961
3802.65000,0.27593,2.54616,2.14397
3802.70000,0.27097,2.55400,2.13223
3802.75000,0.26573,2.56226,2.14002
3802.80000,0.26015,2.57089,2.15339
3802.85000,0.25441,2.57948,2.16715
3802.90000,0.24885,2.58776,2.17099
3802.95000,0.24399,2.59499,2.17262
3803.00000,0.24062,2.60002,2.17652
3803.05000,0.23741,2.60467,2.18197
3803.10000,0.23359,2.61000,2.20599
3803.15000,0.22869,2.61645,2.23657
3803.20000,0.22280,2.62369,2.27284
3803.25000,0.21620,2.63119,2.31169
3803.30000,0.20931,2.63843,2.35094
3803.35000,0.20214,2.64540,2.39008
3803.40000,0.19470,2.65208,2.42881
3803.45000,0.18701,2.65847,2.46743
3803.50000,0.17908,2.66456,2.50580
3803.55000,0.17092,2.67035,2.54398
3803.60000,0.16255,2.67581,2.58255
3803.65000,0.15397,2.68095,2.62082
3803.70000,0.14520,2.68576,2.65887
3803.75000,0.13626,2.69023,2.69691
3803.80000,0.12715,2.69436,2.73491
3803.85000,0.11790,2.69814,2.77274
3803.90000,0.10850,2.70157,2.81058
3803.95000,0.09899,2.70464,2.84834
3804.00000,0.08936,2.70735,2.88605
3804.05000,0.07964,2.70969,2.92368
3804.10000,0.06984,2.71167,2.96093
3804.15000,0.05997,2.71328,2.99903
3804.20000,0.05005,2.71452,3.03663
3804.25000,0.04009,2.71538,3.07386
3804.30000,0.03155,2.71585,3.09085
3804.35000,0.02574,2.71617,3.07456
3804.40000,0.02203,2.71627,3.04293
3804.45000,0.02093,2.71629,2.99993
3804.50000,0.02072,2.71632,2.95283
3804.55000,0.02052,2.71638,2.91520
3804.60000,0.02020,2.71659,2.89242
3804.65000,0.01950,2.71714,2.89041
3804.70000,0.01761,2.71788,2.89786
3804.75000,0.01391,2.71883,2.91264
3804.80000,0.00847,2.72006,2.93427
3804.85000,0.00126,2.72159,2.96346
3804.90000,-0.00803,2.72323,3.00058
3804.95000,-0.01802,2.72445,3.04037
3805.00000,-0.02799,2.72526,3.08009
3805.05000,-0.03753,2.72566,3.10703
3805.10000,-0.04642,2.72568,3.11569
3805.15000,-0.05488,2.72562,3.10791
3805.20000,-0.06121,2.72550,3.08281
3805.25000,-0.06383,2.72545,3.04161
3805.30000,-0.06426,2.72548,2.99096
3805.35000,-0.06465,2.72555,2.94001
3805.40000,-0.06504,2.72564,2.88927
3805.45000,-0.06543,2.72578,2.85020
3805.50000,-0.06618,2.72633,2.84008
3805.55000,-0.06817,2.72725,2.84780
3805.60000,-0.07360,2.72895,2.86892
3805.65000,-0.08098,2.73092,2.90107
3805.70000,-0.08922,2.73278,2.94058
3805.75000,-0.09804,2.73439,2.98215
3805.80000,-0.10691,2.73562,3.02395
3805.85000,-0.11553,2.73637,3.05289
3805.90000,-0.12357,2.73665,3.05982
3805.95000,-0.13133,2.73662,3.04989
3806.00000,-0.13734,2.73623,3.02032
3806.05000,-0.14007,2.73584,2.97654
3806.10000,-0.13993,2.73571,2.92091
3806.15000,-0.14046,2.73584,2.86793
3806.20000,-0.14103,2.73602,2.81556
3806.25000,-0.14167,2.73631,2.77539
3806.30000,-0.14269,2.73703,2.76237
3806.35000,-0.14558,2.73844,2.77265
3806.40000,-0.15178,2.74084,2.79718
3806.45000,-0.15945,2.74343,2.82916
3806.50000,-0.16785,2.74597,2.86739
3806.55000,-0.17657,2.74824,2.90690
3806.60000,-0.18501,2.74998,2.93360
3806.65000,-0.19280,2.75103,2.93700
3806.70000,-0.20038,2.75184,2.92613
3806.75000,-0.20589,2.75182,2.89449
3806.80000,-0.20743,2.75179,2.84628
3806.85000,-0.20802,2.75198,2.79426
3806.90000,-0.20856,2.75220,2.74260
3806.95000,-0.20912,2.75247,2.69968
3807.00000,-0.21005,2.75317,2.68084
3807.05000,-0.21324,2.75497,2.69022
3807.10000,-0.21972,2.75803,2.71400
3807.15000,-0.22819,2.76173,2.74543
3807.20000,-0.23810,2.76567,2.78218
3807.25000,-0.24843,2.76932,2.82016
3807.30000,-0.25887,2.77259,2.85801
3807.35000,-0.26863,2.77501,2.88380
3807.40000,-0.27783,2.77684,2.88893
3807.45000,-0.28604,2.77802,2.87650
3807.50000,-0.29000,2.77857,2.84427
3807.55000,-0.29039,2.77867,2.79707
3807.60000,-0.29065,2.77877,2.74961
3807.65000,-0.29088,2.77887,2.70305
3807.70000,-0.29108,2.77897,2.65741
3807.75000,-0.29134,2.77915,2.61941
3807.80000,-0.29198,2.77978,2.60281
3807.85000,-0.29432,2.78138,2.60725
3807.90000,-0.30033,2.78493,2.62894
3807.95000,-0.30806,2.78915,2.65824
3808.00000,-0.31693,2.79362,2.69114
3808.05000,-0.32600,2.79782,2.72423
3808.10000,-0.33521,2.80172,2.75752
3808.15000,-0.34416,2.80512,2.77643
3808.20000,-0.35191,2.80768,2.77150
3808.25000,-0.35647,2.80943,2.74845
3808.30000,-0.35774,2.80996,2.71059
3808.35000,-0.35793,2.81005,2.66780
3808.40000,-0.35811,2.81015,2.62524
3808.45000,-0.35836,2.81034,2.59074
3808.50000,-0.35890,2.81088,2.57274
3808.55000,-0.35967,2.81166,2.56673
3808.60000,-0.36261,2.81372,2.57515
3808.65000,-0.36907,2.81778,2.60033
3808.70000,-0.37733,2.82257,2.63345
3808.75000,-0.38615,2.82728,2.66789
3808.80000,-0.39513,2.83169,2.70224
3808.85000,-0.40385,2.83559,2.72145
3808.90000,-0.41158,2.83893,2.71935
3808.95000,-0.41720,2.84146,2.70563
3809.00000,-0.41800,2.84182,2.67042
3809.05000,-0.41814,2.84190,2.63247
3809.10000,-0.41832,2.84204,2.60537
3809.15000,-0.41900,2.84277,2.60456
3809.20000,-0.42100,2.84406,2.62086
3809.25000,-0.42486,2.84621,2.64633
3809.30000,-0.43087,2.84934,2.68099
3809.35000,-0.43836,2.85286,2.72358
3809.40000,-0.44688,2.85641,2.76898
3809.45000,-0.45607,2.85975,2.81721
3809.50000,-0.46494,2.86246,2.84828
3809.55000,-0.47149,2.86420,2.86859
3809.60000,-0.47789,2.86587,2.90260
3809.65000,-0.48457,2.86718,2.92637
3809.70000,-0.49056,2.86780,2.92308
3809.75000,-0.49386,2.86823,2.89876
3809.80000,-0.49436,2.86835,2.86215
3809.85000,-0.49453,2.86840,2.82384
3809.90000,-0.49469,2.86846,2.78561
3809.95000,-0.49485,2.86854,2.75641
3810.00000,-0.49515,2.86881,2.74389
3810.05000,-0.49554,2.86919,2.73974
3810.10000,-0.49592,2.86956,2.73816
3810.15000,-0.49630,2.86996,2.74361
3810.20000,-0.49718,2.87051,2.75864
3810.25000,-0.49999,2.87161,2.78188
3810.30000,-0.50493,2.87339,2.81480
3810.35000,-0.51224,2.87573,2.85763
3810.40000,-0.52127,2.87813,2.90567
3810.45000,-0.53087,2.88018,2.95577
3810.50000,-0.53927,2.88154,3.01317
3810.55000,-0.54768,2.88237,3.06883
3810.60000,-0.55594,2.88275,3.12622
3810.65000,-0.56286,2.88264,-3.09213
3810.70000,-0.56998,2.88205,-3.02636
3810.75000,-0.57736,2.88095,-2.96055
3810.80000,-0.58482,2.87932,-2.89450
3810.85000,-0.59231,2.87717,-2.82848
3810.90000,-0.59976,2.87448,-2.76249
3810.95000,-0.60716,2.87125,-2.69680
3811.00000,-0.61442,2.86749,-2.63127
3811.05000,-0.62152,2.86320,-2.56607
3811.10000,-0.62840,2.85841,-2.50110
3811.15000,-0.63505,2.85312,-2.43650
3811.20000,-0.64140,2.84734,-2.37220
3811.25000,-0.64735,2.84157,-2.31812
3811.30000,-0.65289,2.83614,-2.28693
3811.35000,-0.65777,2.83126,-2.28792
3811.40000,-0.66149,2.82722,-2.31245
3811.45000,-0.66330,2.82529,-2.35014
3811.50000,-0.66372,2.82489,-2.39683
3811.55000,-0.66413,2.82454,-2.43190
3811.60000,-0.66439,2.82434,-2.45261
3811.65000,-0.66469,2.82410,-2.47321
3811.70000,-0.66554,2.82337,-2.47179
3811.75000,-0.66702,2.82212,-2.44283
3811.80000,-0.66998,2.81952,-2.40138
3811.85000,-0.67401,2.81566,-2.35416
3811.90000,-0.67866,2.81074,-2.30296
3811.95000,-0.68355,2.80500,-2.24879
3812.00000,-0.68794,2.79933,-2.21319
3812.05000,-0.69139,2.79463,-2.21209
3812.10000,-0.69358,2.79176,-2.24187
3812.15000,-0.69453,2.79062,-2.28820
3812.20000,-0.69505,2.79005,-2.33827
3812.25000,-0.69560,2.78951,-2.38859
3812.30000,-0.69618,2.78900,-2.42703
3812.35000,-0.69695,2.78836,-2.44418
3812.40000,-0.69810,2.78743,-2.43515
3812.45000,-0.69937,2.78639,-2.41067
3812.50000,-0.70192,2.78401,-2.37420
3812.55000,-0.70610,2.77978,-2.32769
3812.60000,-0.71091,2.77442,-2.27662
3812.65000,-0.71597,2.76816,-2.22327
3812.70000,-0.72101,2.76117,-2.16825
3812.75000,-0.72525,2.75466,-2.13396
3812.80000,-0.72875,2.74894,-2.13184
3812.85000,-0.73113,2.74523,-2.16007
3812.90000,-0.73237,2.74345,-2.20821
3812.95000,-0.73313,2.74248,-2.26112
3813.00000,-0.73396,2.74153,-2.31428
3813.05000,-0.73484,2.74061,-2.36757
3813.10000,-0.73577,2.73974,-2.40829
3813.15000,-0.73649,2.73912,-2.43465
3813.20000,-0.73669,2.73896,-2.45617
3813.25000,-0.73723,2.73855,-2.44606
3813.30000,-0.73822,2.73771,-2.42197
3813.35000,-0.74085,2.73532,-2.38883
3813.40000,-0.74518,2.73109,-2.34612
3813.45000,-0.75023,2.72569,-2.29833
3813.50000,-0.75554,2.71943,-2.24779
3813.55000,-0.76086,2.71243,-2.19495
3813.60000,-0.76561,2.70556,-2.15979
3813.65000,-0.76949,2.69952,-2.15712
3813.70000,-0.77209,2.69567,-2.18552
3813.75000,-0.77368,2.69353,-2.23549
3813.80000,-0.77496,2.69199,-2.29127
3813.85000,-0.77635,2.69049,-2.34722
3813.90000,-0.77784,2.68905,-2.40321
3813.95000,-0.77936,2.68770,-2.44718
3814.00000,-0.78114,2.68618,-2.46242
3814.05000,-0.78317,2.68449,-2.44547
3814.10000,-0.78627,2.68181,-2.41184
3814.15000,-0.79076,2.67762,-2.37091
3814.20000,-0.79595,2.67235,-2.32509
3814.25000,-0.80151,2.66614,-2.27604
3814.30000,-0.80694,2.65971,-2.23404
3814.35000,-0.81234,2.65325,-2.21276
3814.40000,-0.81731,2.64709,-2.22349
3814.45000,-0.82171,2.64149,-2.25552
3814.50000,-0.82519,2.63742,-2.30430
3814.55000,-0.82751,2.63498,-2.36331
3814.60000,-0.82998,2.63269,-2.42306
3814.65000,-0.83264,2.63050,-2.48287
3814.70000,-0.83530,2.62849,-2.53105
3814.75000,-0.83806,2.62646,-2.54915
3814.80000,-0.84099,2.62434,-2.54181
3814.85000,-0.84407,2.62219,-2.50865
3814.90000,-0.84802,2.61916,-2.46533
3814.95000,-0.85349,2.61455,-2.41949
3815.00000,-0.85971,2.60881,-2.37164
3815.05000,-0.86607,2.60232,-2.32120
3815.10000,-0.87220,2.59572,-2.27703
3815.15000,-0.87830,2.58908,-2.25343
3815.20000,-0.88390,2.58285,-2.25890
3815.25000,-0.88833,2.57764,-2.29054
3815.30000,-0.89193,2.57371,-2.33942
3815.35000,-0.89514,2.57059,-2.39970
3815.40000,-0.89904,2.56723,-2.46280
3815.45000,-0.90331,2.56401,-2.52642
3815.50000,-0.90788,2.56100,-2.59014
3815.55000,-0.91241,2.55829,-2.64288
3815.60000,-0.91730,2.55543,-2.66276
3815.65000,-0.92240,2.55287,-2.65390
3815.70000,-0.92675,2.55055,-2.62165
3815.75000,-0.93084,2.54808,-2.57535
3815.80000,-0.93589,2.54468,-2.52436
3815.85000,-0.94143,2.54051,-2.46982
3815.90000,-0.94682,2.53596,-2.41103
3815.95000,-0.95196,2.53106,-2.34902
3816.00000,-0.95701,2.52560,-2.28594
3816.05000,-0.96188,2.51962,-2.22218
3816.10000,-0.96646,2.51319,-2.15790
3816.15000,-0.97070,2.50635,-2.09342
3816.20000,-0.97456,2.49912,-2.02891
3816.25000,-0.97797,2.49159,-1.96423
3816.30000,-0.98093,2.48376,-1.89967
3816.35000,-0.98340,2.47567,-1.83527
3816.40000,-0.98535,2.46742,-1.77079
3816.45000,-0.98678,2.45899,-1.70648
3816.50000,-0.98767,2.45040,-1.64246
3816.55000,-0.98802,2.44172,-1.57856
3816.60000,-0.98783,2.43409,-1.51073
3816.65000,-0.98715,2.42694,-1.44108
3816.70000,-0.98595,2.41972,-1.37189
3816.75000,-0.98424,2.41250,-1.30306
3816.80000,-0.98200,2.40532,-1.23455
3816.85000,-0.97925,2.39824,-1.16628
3816.90000,-0.97601,2.39133,-1.09821
3816.95000,-0.97228,2.38462,-1.03025
3817.00000,-0.96810,2.37816,-0.96235
3817.05000,-0.96350,2.37200,-0.89446
3817.10000,-0.95849,2.36618,-0.82651
3817.15000,-0.95312,2.36073,-0.75847
3817.20000,-0.94751,2.35577,-0.69078
3817.25000,-0.94180,2.35136,-0.62391
3817.30000,-0.93606,2.34751,-0.55792
3817.35000,-0.93035,2.34420,-0.49277
3817.40000,-0.92473,2.34141,-0.42853
3817.45000,-0.91923,2.33910,-0.36521
3817.50000,-0.91389,2.33725,-0.30285
3817.55000,-0.90875,2.33581,-0.24153
3817.60000,-0.90381,2.33475,-0.18123
3817.65000,-0.89911,2.33403,-0.12197
3817.70000,-0.89463,2.33362,-0.06376
3817.75000,-0.89039,2.33347,-0.00664
3817.80000,-0.88639,2.33355,0.04935
3817.85000,-0.88263,2.33384,0.10418
3817.90000,-0.87910,2.33431,0.15782
3817.95000,-0.87580,2.33492,0.21023
3818.00000,-0.87271,2.33566,0.26141
3818.05000,-0.86715,2.33733,0.30810
3818.10000,-0.85888,2.34016,0.35182
3818.15000,-0.84990,2.34369,0.39796
3818.20000,-0.84076,2.34777,0.44448
3818.25000,-0.83173,2.35230,0.49040
3818.30000,-0.82271,2.35733,0.53628
3818.35000,-0.81408,2.36270,0.58069
3818.40000,-0.80557,2.36851,0.62473
3818.45000,-0.79741,2.37464,0.66762
3818.50000,-0.78916,2.38139,0.71151
3818.55000,-0.78132,2.38840,0.75398
3818.60000,-0.77417,2.39539,0.79367
3818.65000,-0.76730,2.40265,0.83257
3818.70000,-0.76071,2.41017,0.87069
3818.75000,-0.75441,2.41794,0.90806
3818.80000,-0.74841,2.42593,0.94472
3818.85000,-0.74269,2.43414,0.98069
3818.90000,-0.73728,2.44254,1.01609
3818.95000,-0.73216,2.45113,1.05113
3819.00000,-0.72735,2.45990,1.08587
3819.05000,-0.72284,2.46882,1.12038
3819.10000,-0.71864,2.47790,1.15474
3819.15000,-0.71476,2.48711,1.18905
3819.20000,-0.71119,2.49646,1.22345
3819.25000,-0.70795,2.50592,1.25798
3819.30000,-0.70504,2.51548,1.29278
3819.35000,-0.70247,2.52514,1.32786
3819.40000,-0.70023,2.53489,1.36330
3819.45000,-0.69835,2.54471,1.39915
3819.50000,-0.69682,2.55459,1.43544
3819.55000,-0.69566,2.56452,1.47218
3819.60000,-0.69486,2.57448,1.50941
3819.65000,-0.69443,2.58447,1.54714
3819.70000,-0.69439,2.59447,1.58534
3819.75000,-0.69473,2.60446,1.62400
3819.80000,-0.69545,2.61444,1.66306
3819.85000,-0.69657,2.62437,1.70248
3819.90000,-0.69808,2.63426,1.74220
3819.95000,-0.69998,2.64407,1.78215
3820.00000,-0.70228,2.65381,1.82226
3820.05000,-0.70496,2.66344,1.86246
3820.10000,-0.70772,2.67289,1.89594
3820.15000,-0.71033,2.68216,1.91888
3820.20000,-0.71282,2.69129,1.93240
3820.25000,-0.71525,2.70034,1.93658
3820.30000,-0.71772,2.70939,1.93153
3820.35000,-0.72067,2.71835,1.91618
3820.40000,-0.72376,2.72725,1.89218
3820.45000,-0.72662,2.73620,1.86786
3820.50000,-0.72925,2.74520,1.84310
3820.55000,-0.73166,2.75426,1.81799
3820.60000,-0.73384,2.76337,1.79271
3820.65000,-0.73577,2.77252,1.76656
3820.70000,-0.73744,2.78164,1.73757
3820.75000,-0.73877,2.79048,1.70225
3820.80000,-0.73977,2.79939,1.66173
3820.85000,-0.74037,2.80813,1.61713
3820.90000,-0.74061,2.81794,1.57329
3820.95000,-0.74041,2.82792,1.52875
3821.00000,-0.73976,2.83790,1.48338
3821.05000,-0.73866,2.84781,1.43668
3821.10000,-0.73709,2.85768,1.38910
3821.15000,-0.73505,2.86747,1.34110
3821.20000,-0.73254,2.87708,1.29141
3821.25000,-0.72955,2.88659,1.24022
3821.30000,-0.72607,2.89593,1.18788
3821.35000,-0.72210,2.90506,1.13434
3821.40000,-0.71764,2.91400,1.08027
3821.45000,-0.71269,2.92269,1.02605
3821.50000,-0.70729,2.93107,0.97112
3821.55000,-0.70142,2.93917,0.91644
3821.60000,-0.69512,2.94693,0.86172
3821.65000,-0.68841,2.95434,0.80692
3821.70000,-0.68129,2.96137,0.75204
3821.75000,-0.67381,2.96799,0.69689
3821.80000,-0.66597,2.97419,0.64217
3821.85000,-0.65780,2.97996,0.58716
3821.90000,-0.64933,2.98526,0.53215
3821.95000,-0.64057,2.99010,0.47727
3822.00000,-0.63157,2.99445,0.42280
3822.05000,-0.62235,2.99830,0.36802
3822.10000,-0.61292,3.00163,0.31298
3822.15000,-0.60333,3.00445,0.25764
3822.20000,-0.59360,3.00672,0.20222
3822.25000,-0.58376,3.00846,0.14644
3822.30000,-0.57383,3.00964,0.09037
3822.35000,-0.56386,3.01026,0.03428
3822.40000,-0.55386,3.01032,-0.02198
3822.45000,-0.54387,3.00982,-0.07838
3822.50000,-0.53393,3.00875,-0.13488
3822.55000,-0.52407,3.00713,-0.19141
3822.60000,-0.51431,3.00495,-0.24814
3822.65000,-0.50469,3.00222,-0.30480
3822.70000,-0.49524,2.99895,-0.36140
3822.75000,-0.48599,2.99515,-0.41744
3822.80000,-0.47697,2.99084,-0.47315
3822.85000,-0.46820,2.98604,-0.52899
3822.90000,-0.45971,2.98076,-0.58448
3822.95000,-0.45153,2.97501,-0.64002
3823.00000,-0.44549,2.97037,-0.69727
3823.05000,-0.44243,2.96765,-0.76267
3823.10000,-0.44086,2.96605,-0.83524
3823.15000,-0.44027,2.96535,-0.91275
3823.20000,-0.44020,2.96527,-0.99291
3823.25000,-0.44017,2.96522,-1.07255
3823.30000,-0.44014,2.96516,-1.15138
3823.35000,-0.44012,2.96510,-1.22939
3823.40000,-0.44010,2.96504,-1.30657
3823.45000,-0.44009,2.96498,-1.38290
3823.50000,-0.44008,2.96492,-1.45835
3823.55000,-0.44007,2.96486,-1.53292
3823.60000,-0.44007,2.96480,-1.60660
3823.65000,-0.44008,2.96474,-1.67936
3823.70000,-0.44009,2.96467,-1.75120
3823.75000,-0.44010,2.96461,-1.82210
3823.80000,-0.44012,2.96455,-1.89206
3823.85000,-0.44014,2.96450,-1.96105
3823.90000,-0.44017,2.96444,-2.02907
3823.95000,-0.44020,2.96438,-2.09611
3824.00000,-0.44023,2.96433,-2.16216
3824.05000,-0.44027,2.96428,-2.22721
3824.10000,-0.44030,2.96423,-2.29126
3824.15000,-0.44035,2.96419,-2.35430
3824.20000,-0.44039,2.96415,-2.41632
3824.25000,-0.44044,2.96411,-2.47731
3824.30000,-0.44049,2.96407,-2.53728
3824.35000,-0.44054,2.96404,-2.59622
3824.40000,-0.44060,2.96401,-2.65412
3824.45000,-0.44065,2.96398,-2.71098
3824.50000,-0.44071,2.96395,-2.76679
3824.55000,-0.44077,2.96393,-2.82157
3824.60000,-0.44083,2.96391,-2.87530
3824.65000,-0.44089,2.96390,-2.92797
3824.70000,-0.44307,2.96340,-2.97873
3824.75000,-0.45000,2.96241,-3.02363
3824.80000,-0.45721,2.96166,-3.04767
3824.85000,-0.46614,2.96083,-3.05711
3824.90000,-0.47605,2.96002,-3.06257
3824.95000,-0.48599,2.95925,-3.06687
3825.00000,-0.49591,2.95852,-3.07019
3825.05000,-0.50582,2.95784,-3.07329
3825.10000,-0.51575,2.95719,-3.07547
3825.15000,-0.52568,2.95652,-3.07401
3825.20000,-0.53567,2.95584,-3.07234
3825.25000,-0.54555,2.95512,-3.06408
3825.30000,-0.55566,2.95428,-3.05358
3825.35000,-0.56579,2.95334,-3.04214
3825.40000,-0.57582,2.95228,-3.02401
3825.45000,-0.58610,2.95096,-3.00435
3825.50000,-0.59590,2.94950,-2.97992
3825.55000,-0.60575,2.94777,-2.95534
3825.60000,-0.61550,2.94579,-2.92758
3825.65000,-0.62524,2.94353,-2.89959
3825.70000,-0.63491,2.94100,-2.87136
3825.75000,-0.64451,2.93819,-2.84327
3825.80000,-0.65402,2.93512,-2.81469
3825.85000,-0.66344,2.93177,-2.78628
3825.90000,-0.67277,2.92816,-2.75783
3825.95000,-0.68199,2.92429,-2.72912
3826.00000,-0.69109,2.92015,-2.70037
3826.05000,-0.70007,2.91574,-2.67151
3826.10000,-0.70892,2.91109,-2.64262
3826.15000,-0.71763,2.90617,-2.61346
3826.20000,-0.72619,2.90101,-2.58458
3826.25000,-0.73460,2.89560,-2.55574
3826.30000,-0.74285,2.88995,-2.52662
3826.35000,-0.75094,2.88407,-2.49786
3826.40000,-0.75885,2.87795,-2.46902
3826.45000,-0.76658,2.87161,-2.44015
3826.50000,-0.77412,2.86505,-2.41167
3826.55000,-0.78148,2.85827,-2.38301
3826.60000,-0.78864,2.85129,-2.35434
3826.65000,-0.79559,2.84411,-2.32597
3826.70000,-0.80234,2.83673,-2.29761
3826.75000,-0.80888,2.82916,-2.26932
3826.80000,-0.81520,2.82142,-2.24096
3826.85000,-0.82130,2.81349,-2.21233
3826.90000,-0.82717,2.80539,-2.18343
3826.95000,-0.83256,2.79755,-2.16924
3827.00000,-0.83706,2.79095,-2.18191
3827.05000,-0.83959,2.78748,-2.22395
3827.10000,-0.84099,2.78573,-2.27946
3827.15000,-0.84128,2.78540,-2.34248
3827.20000,-0.84135,2.78537,-2.39478
3827.25000,-0.84194,2.78491,-2.41499
3827.30000,-0.84431,2.78281,-2.41198
3827.35000,-0.84758,2.77985,-2.40236
3827.40000,-0.85193,2.77582,-2.38530
3827.45000,-0.85749,2.77044,-2.35902
3827.50000,-0.86384,2.76392,-2.32572
3827.55000,-0.87000,2.75714,-2.29217
3827.60000,-0.87594,2.75016,-2.25876
3827.65000,-0.88171,2.74303,-2.23816
3827.70000,-0.88698,2.73628,-2.24355
3827.75000,-0.89162,2.73053,-2.27072
3827.80000,-0.89527,2.72636,-2.31528
3827.85000,-0.89718,2.72438,-2.37224
3827.90000,-0.89743,2.72414,-2.43924
3827.95000,-0.89757,2.72406,-2.49490
3828.00000,-0.89826,2.72355,-2.51786
3828.05000,-0.90131,2.72134,-2.51297
3828.10000,-0.90687,2.71721,-2.49402
3828.15000,-0.91404,2.71165,-2.46681
3828.20000,-0.92169,2.70535,-2.43668
3828.25000,-0.92876,2.69914,-2.40314
3828.30000,-0.93544,2.69285,-2.37011
3828.35000,-0.94191,2.68635,-2.33681
3828.40000,-0.94829,2.67970,-2.31122
3828.45000,-0.95460,2.67305,-2.30778
3828.50000,-0.95986,2.66744,-2.33150
3828.55000,-0.96376,2.66350,-2.37636
3828.60000,-0.96606,2.66140,-2.43449
3828.65000,-0.96659,2.66097,-2.50235
3828.70000,-0.96698,2.66069,-2.57081
3828.75000,-0.96740,2.66045,-2.62758
3828.80000,-0.96794,2.66016,-2.66087
3828.85000,-0.96934,2.65931,-2.66867
3828.90000,-0.97266,2.65757,-2.66300
3828.95000,-0.97945,2.65392,-2.64061
3829.00000,-0.98829,2.64891,-2.60925
3829.05000,-0.99753,2.64325,-2.57563
3829.10000,-1.00653,2.63734,-2.54278
3829.15000,-1.01538,2.63109,-2.50961
3829.20000,-1.02401,2.62455,-2.47636
3829.25000,-1.03208,2.61824,-2.45416
3829.30000,-1.03943,2.61232,-2.45687
3829.35000,-1.04651,2.60662,-2.47068
3829.40000,-1.05342,2.60110,-2.49631
3829.45000,-1.05922,2.59688,-2.53658
3829.50000,-1.06267,2.59462,-2.58940
3829.55000,-1.06381,2.59395,-2.65344
3829.60000,-1.06465,2.59354,-2.71883
3829.65000,-1.06550,2.59320,-2.77292
3829.70000,-1.06671,2.59255,-2.80209
3829.75000,-1.06949,2.59102,-2.80254
3829.80000,-1.07561,2.58872,-2.78673
3829.85000,-1.08394,2.58552,-2.76139
3829.90000,-1.09315,2.58168,-2.73213
3829.95000,-1.10226,2.57756,-2.70311
3830.00000,-1.11125,2.57319,-2.67453
3830.05000,-1.12011,2.56856,-2.64568
3830.10000,-1.12884,2.56367,-2.61679
3830.15000,-1.13730,2.55884,-2.59504
3830.20000,-1.14524,2.55447,-2.59476
3830.25000,-1.15291,2.55033,-2.60583
3830.30000,-1.16040,2.54635,-2.62595
3830.35000,-1.16736,2.54264,-2.65984
3830.40000,-1.17209,2.54029,-2.70659
3830.45000,-1.17427,2.53934,-2.76496
3830.50000,-1.17563,2.53884,-2.82686
3830.55000,-1.17702,2.53842,-2.87830
3830.60000,-1.17919,2.53729,-2.90241
3830.65000,-1.18260,2.53557,-2.90170
3830.70000,-1.18921,2.53357,-2.88599
3830.75000,-1.19835,2.53106,-2.86007
3830.80000,-1.20862,2.52791,-2.82918
3830.85000,-1.21841,2.52466,-2.79966
3830.90000,-1.22817,2.52108,-2.77009
3830.95000,-1.23708,2.51749,-2.73933
3831.00000,-1.24553,2.51391,-2.71856
3831.05000,-1.25363,2.51054,-2.72319
3831.10000,-1.26117,2.50747,-2.74518
3831.15000,-1.26753,2.50495,-2.77909
3831.20000,-1.27012,2.50403,-2.83058
3831.25000,-1.27105,2.50376,-2.88896
3831.30000,-1.27189,2.50357,-2.94726
3831.35000,-1.27286,2.50334,-2.99303
3831.40000,-1.27452,2.50277,-3.00901
3831.45000,-1.27804,2.50188,-3.00733
3831.50000,-1.28502,2.50076,-2.99102
3831.55000,-1.29404,2.49927,-2.96449
3831.60000,-1.30403,2.49734,-2.93218
3831.65000,-1.31378,2.49510,-2.89909
3831.70000,-1.32344,2.49255,-2.86620
3831.75000,-1.33272,2.48998,-2.84674
3831.80000,-1.34181,2.48755,-2.84865
3831.85000,-1.35035,2.48534,-2.86948
3831.90000,-1.35462,2.48439,-2.91137
3831.95000,-1.35541,2.48423,-2.96850
3832.00000,-1.35578,2.48417,-3.02783
3832.05000,-1.35614,2.48414,-3.08744
3832.10000,-1.35663,2.48414,-3.13650
3832.15000,-1.35781,2.48419,3.12322
3832.20000,-1.36070,2.48430,3.12283
3832.25000,-1.36725,2.48439,3.13839
3832.30000,-1.37603,2.48431,-3.11798
3832.35000,-1.38603,2.48392,-3.08885
3832.40000,-1.39608,2.48325,-3.06030
3832.45000,-1.40613,2.48231,-3.03038
3832.50000,-1.41576,2.48109,-2.99952
3832.55000,-1.42493,2.47974,-2.97706
3832.60000,-1.43394,2.47852,-2.97553
3832.65000,-1.44273,2.47746,-2.99157
3832.70000,-1.45139,2.47651,-3.01854
3832.75000,-1.45915,2.47571,-3.05959
3832.80000,-1.46486,2.47538,-3.11089
3832.85000,-1.46846,2.47535,3.11092
3832.90000,-1.46981,2.47540,3.03949
3832.95000,-1.47031,2.47547,2.97434
3833.00000,-1.47090,2.47565,2.92153
3833.05000,-1.47152,2.47588,2.87861
3833.10000,-1.47213,2.47613,2.84608
3833.15000,-1.47276,2.47642,2.82379
3833.20000,-1.47346,2.47680,2.81117
3833.25000,-1.47438,2.47736,2.80734
3833.30000,-1.47700,2.47847,2.81303
3833.35000,-1.48251,2.48047,2.83129
3833.40000,-1.49057,2.48310,2.86033
3833.45000,-1.50019,2.48572,2.89500
3833.50000,-1.50993,2.48799,2.92954
3833.55000,-1.51974,2.48993,2.96354
3833.60000,-1.52961,2.49153,2.99714
3833.65000,-1.53953,2.49281,3.03087
3833.70000,-1.54948,2.49374,3.06410
3833.75000,-1.55946,2.49435,3.09717
3833.80000,-1.56946,2.49463,3.13037
3833.85000,-1.57920,2.49461,-3.12747
3833.90000,-1.58841,2.49452,-3.12377
3833.95000,-1.59756,2.49440,-3.13091
3834.00000,-1.60677,2.49435,3.13510
3834.05000,-1.61607,2.49438,3.10277
3834.10000,-1.62441,2.49451,3.05556
3834.15000,-1.63033,2.49487,2.99733
3834.20000,-1.63354,2.49541,2.92781
3834.25000,-1.63518,2.49584,2.85179
3834.30000,-1.63676,2.49630,2.78715
3834.35000,-1.63837,2.49686,2.74195
3834.40000,-1.64027,2.49775,2.71546
3834.45000,-1.64233,2.49882,2.70086
3834.50000,-1.64448,2.50001,2.69449
3834.55000,-1.64672,2.50125,2.69675
3834.60000,-1.64991,2.50277,2.70605
3834.65000,-1.65451,2.50488,2.72335
3834.70000,-1.66118,2.50775,2.74971
3834.75000,-1.67012,2.51129,2.78376
3834.80000,-1.67950,2.51462,2.82231
3834.85000,-1.68905,2.51757,2.86069
3834.90000,-1.69869,2.52015,2.90019
3834.95000,-1.70843,2.52233,2.94081
3835.00000,-1.71764,2.52399,2.98664
3835.05000,-1.72617,2.52509,3.03983
3835.10000,-1.73506,2.52575,3.09508
3835.15000,-1.74431,2.52592,-3.13185
3835.20000,-1.75381,2.52556,-3.07496
3835.25000,-1.76349,2.52464,-3.01775
3835.30000,-1.77322,2.52314,-2.96021
3835.35000,-1.78293,2.52107,-2.90242
3835.40000,-1.79257,2.51842,-2.84509
3835.45000,-1.80204,2.51523,-2.78805
3835.50000,-1.81132,2.51150,-2.73105
3835.55000,-1.82037,2.50725,-2.67455
3835.60000,-1.82917,2.50250,-2.61853
3835.65000,-1.83769,2.49727,-2.56287
3835.70000,-1.84590,2.49157,-2.50776
3835.75000,-1.85379,2.48543,-2.45273
3835.80000,-1.86025,2.47981,-2.39246
3835.85000,-1.86412,2.47598,-2.32211
3835.90000,-1.86676,2.47292,-2.24683
3835.95000,-1.86908,2.46980,-2.17194
3836.00000,-1.87108,2.46664,-2.09765
3836.05000,-1.87277,2.46348,-2.02398
3836.10000,-1.87415,2.46035,-1.95093
3836.15000,-1.87526,2.45727,-1.87853
3836.20000,-1.87609,2.45428,-1.80678
3836.25000,-1.87668,2.45139,-1.73570
3836.30000,-1.87704,2.44863,-1.66529
3836.35000,-1.87720,2.44600,-1.59555
3836.40000,-1.87717,2.44353,-1.52648
3836.45000,-1.87699,2.44122,-1.45807
3836.50000,-1.87667,2.43908,-1.39030
3836.55000,-1.87625,2.43711,-1.32316
3836.60000,-1.87572,2.43528,-1.25666
3836.65000,-1.87512,2.43361,-1.19077
3836.70000,-1.87445,2.43208,-1.12548
3836.75000,-1.87373,2.43070,-1.06078
3836.80000,-1.87298,2.42945,-0.99664
3836.85000,-1.87220,2.42832,-0.93304
3836.90000,-1.87141,2.42732,-0.86997
3836.95000,-1.87061,2.42643,-0.80740
3837.00000,-1.86981,2.42564,-0.74533
3837.05000,-1.86902,2.42495,-0.68372
3837.10000,-1.86823,2.42435,-0.62256
3837.15000,-1.86746,2.42383,-0.56183
3837.20000,-1.86670,2.42338,-0.50153
3837.25000,-1.86596,2.42301,-0.44164
3837.30000,-1.86525,2.42269,-0.38217
3837.35000,-1.86455,2.42244,-0.32310
3837.40000,-1.86387,2.42223,-0.26441
3837.45000,-1.86322,2.42207,-0.20611
3837.50000,-1.86259,2.42196,-0.14820
3837.55000,-1.86198,2.42189,-0.09069
3837.60000,-1.86139,2.42185,-0.03372
3837.65000,-1.86082,2.42185,0.01419
3837.70000,-1.85845,2.42204,0.04622
3837.75000,-1.85371,2.42250,0.06700
3837.80000,-1.84688,2.42327,0.07858
3837.85000,-1.83868,2.42419,0.08396
3837.90000,-1.82944,2.42508,0.08470
3837.95000,-1.81946,2.42591,0.08188
3838.00000,-1.80952,2.42672,0.07820
3838.05000,-1.79954,2.42748,0.07429
3838.10000,-1.78956,2.42820,0.07002
3838.15000,-1.77957,2.42888,0.06531
3838.20000,-1.76952,2.42952,0.06021
3838.25000,-1.75956,2.43009,0.05462
3838.30000,-1.74949,2.43062,0.04886
3838.35000,-1.73935,2.43110,0.04293
3838.40000,-1.72942,2.43149,0.03641
3838.45000,-1.71962,2.43178,0.03713
3838.50000,-1.71020,2.43188,0.05680
3838.55000,-1.70315,2.43216,0.09643
3838.60000,-1.69978,2.43254,0.14949
3838.65000,-1.69809,2.43270,0.19994
3838.70000,-1.69645,2.43313,0.23195
3838.75000,-1.69424,2.43379,0.25292
3838.80000,-1.69011,2.43498,0.26567
3838.85000,-1.68471,2.43650,0.27155
3838.90000,-1.67788,2.43848,0.27050
3838.95000,-1.66868,2.44101,0.25687
3839.00000,-1.65931,2.44341,0.24226
3839.05000,-1.64989,2.44568,0.22772
3839.10000,-1.64044,2.44780,0.21329
3839.15000,-1.63098,2.44979,0.19876
3839.20000,-1.62150,2.45164,0.18395
3839.25000,-1.61196,2.45335,0.16873
3839.30000,-1.60246,2.45490,0.15314
3839.35000,-1.59295,2.45626,0.14645
3839.40000,-1.58325,2.45773,0.15561
3839.45000,-1.57482,2.45893,0.18614
3839.50000,-1.57046,2.45980,0.22918
3839.55000,-1.56864,2.46026,0.28188
3839.60000,-1.56810,2.46042,0.33011
3839.65000,-1.56693,2.46097,0.35683
3839.70000,-1.56211,2.46288,0.36066
3839.75000,-1.55437,2.46579,0.34828
3839.80000,-1.54537,2.46897,0.32972
3839.85000,-1.53631,2.47198,0.31141
3839.90000,-1.52720,2.47482,0.29338
3839.95000,-1.51804,2.47750,0.27485
3840.00000,-1.50885,2.47999,0.25573
3840.05000,-1.49963,2.48231,0.23625
3840.10000,-1.49027,2.48448,0.22842
3840.15000,-1.48054,2.48676,0.23898
3840.20000,-1.47276,2.48863,0.26521
3840.25000,-1.46821,2.48994,0.30057
3840.30000,-1.46618,2.49061,0.34612
3840.35000,-1.46571,2.49080,0.39783
3840.40000,-1.46528,2.49099,0.43906
3840.45000,-1.46372,2.49179,0.45779
3840.50000,-1.45818,2.49456,0.45344
3840.55000,-1.45046,2.49824,0.43648
3840.60000,-1.44183,2.50215,0.41507
3840.65000,-1.43311,2.50589,0.39390
3840.70000,-1.42433,2.50943,0.37238
3840.75000,-1.41549,2.51277,0.35034
3840.80000,-1.40657,2.51592,0.32809
3840.85000,-1.39768,2.51891,0.31809
3840.90000,-1.38846,2.52213,0.32392
3840.95000,-1.38211,2.52429,0.34483
3841.00000,-1.38066,2.52482,0.38604
3841.05000,-1.38033,2.52496,0.43169
3841.10000,-1.38004,2.52511,0.47669
3841.15000,-1.37975,2.52528,0.51079
3841.20000,-1.37802,2.52636,0.52397
3841.25000,-1.37292,2.52937,0.51844
3841.30000,-1.36617,2.53318,0.50569
3841.35000,-1.35801,2.53762,0.48654
3841.40000,-1.34932,2.54208,0.46339
3841.45000,-1.34033,2.54645,0.44094
3841.50000,-1.33162,2.55042,0.41672
3841.55000,-1.32321,2.55404,0.40625
3841.60000,-1.31551,2.55736,0.41172
3841.65000,-1.30946,2.56004,0.42469
3841.70000,-1.30478,2.56220,0.44366
3841.75000,-1.30295,2.56291,0.47661
3841.80000,-1.30277,2.56301,0.51498
3841.85000,-1.30260,2.56311,0.55293
3841.90000,-1.30244,2.56323,0.58102
3841.95000,-1.30183,2.56368,0.59584
3842.00000,-1.29899,2.56562,0.59794
3842.05000,-1.29475,2.56851,0.59280
3842.10000,-1.28913,2.57226,0.58108
3842.15000,-1.28202,2.57685,0.56213
3842.20000,-1.27359,2.58203,0.53723
3842.25000,-1.26493,2.58703,0.51176
3842.30000,-1.25615,2.59182,0.48610
3842.35000,-1.24801,2.59600,0.47482
3842.40000,-1.24135,2.59938,0.47898
3842.45000,-1.23620,2.60207,0.48875
3842.50000,-1.23247,2.60409,0.50490
3842.55000,-1.23107,2.60487,0.53150
3842.60000,-1.23094,2.60495,0.56368
3842.65000,-1.23081,2.60503,0.59550
3842.70000,-1.23069,2.60513,0.61862
3842.75000,-1.22926,2.60623,0.62620
3842.80000,-1.22553,2.60892,0.62064
3842.85000,-1.22047,2.61251,0.60848
3842.90000,-1.21390,2.61700,0.58908
3842.95000,-1.20592,2.62218,0.56127
3843.00000,-1.19738,2.62738,0.53357
3843.05000,-1.18960,2.63186,0.52038
3843.10000,-1.18360,2.63524,0.52051
3843.15000,-1.18122,2.63657,0.53905
3843.20000,-1.18047,2.63701,0.56851
3843.25000,-1.17975,2.63747,0.59759
3843.30000,-1.17905,2.63793,0.62595
3843.35000,-1.17838,2.63841,0.65365
3843.40000,-1.17766,2.63897,0.66432
3843.45000,-1.17501,2.64106,0.66118
3843.50000,-1.17134,2.64389,0.65185
3843.55000,-1.16599,2.64790,0.63202
3843.60000,-1.15884,2.65298,0.60155
3843.65000,-1.15118,2.65805,0.56884
3843.70000,-1.14332,2.66310,0.54469
3843.75000,-1.13694,2.66691,0.53520
3843.80000,-1.13302,2.66922,0.54029
3843.85000,-1.13109,2.67038,0.55442
3843.90000,-1.13091,2.67049,0.57674
3843.95000,-1.13082,2.67055,0.59949
3844.00000,-1.13073,2.67062,0.62202
3844.05000,-1.13064,2.67068,0.64432
3844.10000,-1.13044,2.67083,0.66690
3844.15000,-1.12988,2.67127,0.69108
3844.20000,-1.12935,2.67172,0.71500
3844.25000,-1.12889,2.67214,0.72431
3844.30000,-1.12678,2.67401,0.72220
3844.35000,-1.12376,2.67666,0.71437
3844.40000,-1.11971,2.68012,0.69963
3844.45000,-1.11426,2.68461,0.67600
3844.50000,-1.10733,2.68999,0.64356
3844.55000,-1.10004,2.69533,0.62225
3844.60000,-1.09424,2.69942,0.61168
3844.65000,-1.09044,2.70208,0.61285
3844.70000,-1.08849,2.70345,0.62563
3844.75000,-1.08798,2.70382,0.64762
3844.80000,-1.08746,2.70421,0.66988
3844.85000,-1.08694,2.70463,0.69239
3844.90000,-1.08642,2.70507,0.71511
3844.95000,-1.08590,2.70550,0.73812
3845.00000,-1.08553,2.70581,0.74872
3845.05000,-1.08302,2.70815,0.74208
3845.10000,-1.07921,2.71160,0.72675
3845.15000,-1.07402,2.71611,0.70300
3845.20000,-1.06784,2.72125,0.68738
3845.25000,-1.06306,2.72516,0.68485
3845.30000,-1.06050,2.72726,0.69620
3845.35000,-1.05982,2.72783,0.72001
3845.40000,-1.05926,2.72834,0.74488
3845.45000,-1.05869,2.72887,0.76965
3845.50000,-1.05811,2.72942,0.79419
3845.55000,-1.05763,2.72992,0.80236
3845.60000,-1.05491,2.73271,0.79253
3845.65000,-1.05040,2.73718,0.77081
3845.70000,-1.04456,2.74268,0.74066
3845.75000,-1.03777,2.74867,0.70565
3845.80000,-1.03073,2.75456,0.68350
3845.85000,-1.02532,2.75893,0.67836
3845.90000,-1.02232,2.76137,0.68814
3845.95000,-1.02122,2.76229,0.71020
3846.00000,-1.02056,2.76286,0.73544
3846.05000,-1.01992,2.76344,0.76046
3846.10000,-1.01934,2.76401,0.78558
3846.15000,-1.01873,2.76461,0.81033
3846.20000,-1.01818,2.76520,0.83476
3846.25000,-1.01768,2.76576,0.84294
3846.30000,-1.01527,2.76844,0.83383
3846.35000,-1.01111,2.77293,0.81266
3846.40000,-1.00557,2.77861,0.78293
3846.45000,-0.99933,2.78480,0.75788
3846.50000,-0.99390,2.78993,0.74772
3846.55000,-0.98968,2.79383,0.74626
3846.60000,-0.98680,2.79651,0.75427
3846.65000,-0.98562,2.79764,0.77354
3846.70000,-0.98536,2.79790,0.78205
3846.75000,-0.98431,2.79892,0.76384
3846.80000,-0.98165,2.80139,0.73241
3846.85000,-0.97799,2.80465,0.70922
3846.90000,-0.97461,2.80758,0.71157
3846.95000,-0.97384,2.80828,0.71519
3847.00000,-0.97303,2.80906,0.69848
3847.05000,-0.96997,2.81155,0.66602
3847.10000,-0.96576,2.81473,0.62433
3847.15000,-0.96020,2.81854,0.57757
3847.20000,-0.95406,2.82232,0.52562
3847.25000,-0.94714,2.82608,0.47110
3847.30000,-0.93951,2.82970,0.41510
3847.35000,-0.93149,2.83306,0.37518
3847.40000,-0.92402,2.83589,0.36103
3847.45000,-0.91834,2.83799,0.35880
3847.50000,-0.91491,2.83926,0.36962
3847.55000,-0.91355,2.83972,0.39113
3847.60000,-0.91289,2.83999,0.41738
3847.65000,-0.91227,2.84023,0.44324
3847.70000,-0.91195,2.84031,0.46891
3847.75000,-0.91134,2.84060,0.49472
3847.80000,-0.91121,2.84069,0.50778
3847.85000,-0.91105,2.84082,0.49954
3847.90000,-0.90891,2.84202,0.48935
3847.95000,-0.90707,2.84289,0.48474
3848.00000,-0.90522,2.84379,0.45756
3848.05000,-0.90122,2.84569,0.42118
3848.10000,-0.89593,2.84792,0.37707
3848.15000,-0.88975,2.85032,0.34496
3848.20000,-0.88357,2.85253,0.33736
3848.25000,-0.87948,2.85389,0.34426
3848.30000,-0.87804,2.85433,0.36307
3848.35000,-0.87776,2.85434,0.38871
3848.40000,-0.87766,2.85428,0.40148
3848.45000,-0.87745,2.85436,0.40811
3848.50000,-0.87732,2.85443,0.41500
3848.55000,-0.87659,2.85487,0.40101
3848.60000,-0.87339,2.85619,0.36947
3848.65000,-0.86836,2.85803,0.32990
3848.70000,-0.86228,2.86008,0.30197
3848.75000,-0.85638,2.86189,0.29715
3848.80000,-0.85256,2.86297,0.30540
3848.85000,-0.85157,2.86325,0.31293
3848.90000,-0.85070,2.86360,0.30259
3848.95000,-0.84812,2.86463,0.29001
3849.00000,-0.84530,2.86560,0.29754
3849.05000,-0.84402,2.86590,0.30909
3849.10000,-0.84311,2.86609,0.31426
3849.15000,-0.84253,2.86625,0.31940
3849.20000,-0.84180,2.86661,0.30354
3849.25000,-0.83823,2.86775,0.27211
3849.30000,-0.83209,2.86936,0.23505
3849.35000,-0.82545,2.87076,0.20933
3849.40000,-0.82084,2.87162,0.19402
3849.45000,-0.81706,2.87222,0.18004
3849.50000,-0.81328,2.87289,0.18621
3849.55000,-0.81141,2.87312,0.20477
3849.60000,-0.81108,2.87317,0.22805
3849.65000,-0.81032,2.87334,0.25326
3849.70000,-0.80959,2.87351,0.27864
3849.75000,-0.80904,2.87371,0.29240
3849.80000,-0.80840,2.87408,0.29364
3849.85000,-0.80704,2.87475,0.27487
3849.90000,-0.80221,2.87634,0.24164
3849.95000,-0.79555,2.87788,0.20017
3850.00000,-0.78717,2.87938,0.15588
3850.05000,-0.77804,2.88060,0.10834
3850.10000,-0.77000,2.88133,0.08200
3850.15000,-0.76458,2.88172,0.08240
3850.20000,-0.76150,2.88190,0.09403
3850.25000,-0.76032,2.88196,0.11559
3850.30000,-0.75968,2.88202,0.13309
3850.35000,-0.75907,2.88206,0.14801
3850.40000,-0.75852,2.88205,0.16119
3850.45000,-0.75807,2.88194,0.17214
3850.50000,-0.75775,2.88171,0.17896
3850.55000,-0.75753,2.88138,0.18176
3850.60000,-0.75738,2.88101,0.17993
3850.65000,-0.75732,2.88071,0.16759
3850.70000,-0.75723,2.88074,0.14013
3850.75000,-0.75433,2.88124,0.10185
3850.80000,-0.74889,2.88172,0.06796
3850.85000,-0.74465,2.88193,0.04456
3850.90000,-0.74111,2.88202,0.02228
3850.95000,-0.73723,2.88202,0.01992
3851.00000,-0.73455,2.88204,0.02696
3851.05000,-0.73396,2.88205,0.04241
3851.10000,-0.73407,2.88203,0.04873
3851.15000,-0.73487,2.88203,0.02835
3851.20000,-0.73344,2.88205,-0.00859
3851.25000,-0.73063,2.88198,-0.04398
3851.30000,-0.72761,2.88169,-0.06836
3851.35000,-0.72411,2.88151,-0.07220
3851.40000,-0.72207,2.88151,-0.06972
3851.45000,-0.72109,2.88147,-0.07268
3851.50000,-0.72022,2.88144,-0.05565
3851.55000,-0.72006,2.88146,-0.04579
3851.60000,-0.72046,2.88156,-0.05383
3851.65000,-0.72077,2.88160,-0.07866
3851.70000,-0.71903,2.88143,-0.11467
3851.75000,-0.71542,2.88088,-0.15083
3851.80000,-0.71162,2.88015,-0.17370
3851.85000,-0.70779,2.87938,-0.18086
3851.90000,-0.70446,2.87884,-0.17298
3851.95000,-0.70193,2.87842,-0.15928
3852.00000,-0.70004,2.87814,-0.14159
3852.05000,-0.69912,2.87805,-0.12000
3852.10000,-0.69889,2.87803,-0.11001
3852.15000,-0.69911,2.87818,-0.12272
3852.20000,-0.69758,2.87793,-0.15963
3852.25000,-0.69440,2.87739,-0.19239
3852.30000,-0.69082,2.87641,-0.20333
3852.35000,-0.68755,2.87581,-0.19321
3852.40000,-0.68653,2.87565,-0.17018
3852.45000,-0.68638,2.87562,-0.14674
3852.50000,-0.68622,2.87560,-0.12318
3852.55000,-0.68606,2.87558,-0.09950
3852.60000,-0.68591,2.87557,-0.07569
3852.65000,-0.68580,2.87557,-0.06262
3852.70000,-0.68606,2.87559,-0.07367
3852.75000,-0.68510,2.87550,-0.09106
3852.80000,-0.68407,2.87539,-0.10468
3852.85000,-0.68216,2.87515,-0.13405
3852.90000,-0.67880,2.87460,-0.17551
3852.95000,-0.67466,2.87386,-0.21124
3853.00000,-0.67032,2.87287,-0.23052
3853.05000,-0.66579,2.87185,-0.22789
3853.10000,-0.66236,2.87121,-0.21396
3853.15000,-0.66019,2.87100,-0.19169
3853.20000,-0.65966,2.87096,-0.16450
3853.25000,-0.65950,2.87093,-0.13743
3853.30000,-0.65934,2.87093,-0.11967
3853.35000,-0.65912,2.87091,-0.10902
3853.40000,-0.65886,2.87087,-0.10334
3853.45000,-0.65864,2.87079,-0.11990
3853.50000,-0.65541,2.87032,-0.15197
3853.55000,-0.65012,2.86940,-0.19217
3853.60000,-0.64403,2.86809,-0.23945
3853.65000,-0.63691,2.86615,-0.28994
3853.70000,-0.62912,2.86385,-0.33114
3853.75000,-0.62123,2.86119,-0.34309
3853.80000,-0.61543,2.85924,-0.33863
3853.85000,-0.61204,2.85818,-0.32295
3853.90000,-0.61155,2.85804,-0.29474
3853.95000,-0.61140,2.85799,-0.26471
3854.00000,-0.61125,2.85795,-0.23464
3854.05000,-0.61110,2.85792,-0.20461
3854.10000,-0.61094,2.85789,-0.17465
3854.15000,-0.61078,2.85789,-0.15543
3854.20000,-0.61095,2.85810,-0.15921
3854.25000,-0.60870,2.85762,-0.18425
3854.30000,-0.60347,2.85654,-0.22043
3854.35000,-0.59739,2.85506,-0.26451
3854.40000,-0.59025,2.85292,-0.31251
3854.45000,-0.58256,2.85022,-0.36346
3854.50000,-0.57478,2.84743,-0.40715
3854.55000,-0.56693,2.84449,-0.42834
3854.60000,-0.55974,2.84171,-0.42925
3854.65000,-0.55588,2.84009,-0.41166
3854.70000,-0.55505,2.83978,-0.38073
3854.75000,-0.55491,2.83972,-0.34666
3854.80000,-0.55475,2.83967,-0.31256
3854.85000,-0.55460,2.83963,-0.27858
3854.90000,-0.55445,2.83959,-0.24472
3854.95000,-0.55429,2.83955,-0.21098
3855.00000,-0.55413,2.83952,-0.17727
3855.05000,-0.55391,2.83944,-0.15197
3855.10000,-0.55391,2.83952,-0.14655
3855.15000,-0.55290,2.83925,-0.16247
3855.20000,-0.54829,2.83833,-0.19560
3855.25000,-0.54203,2.83695,-0.23671
3855.30000,-0.53393,2.83480,-0.27959
3855.35000,-0.52502,2.83202,-0.32532
3855.40000,-0.51570,2.82863,-0.37317
3855.45000,-0.50655,2.82513,-0.41448
3855.50000,-0.49756,2.82175,-0.43925
3855.55000,-0.48888,2.81860,-0.44614
3855.60000,-0.48139,2.81584,-0.44178
3855.65000,-0.47561,2.81353,-0.42868
3855.70000,-0.47152,2.81175,-0.40720
3855.75000,-0.46990,2.81111,-0.37440
3855.80000,-0.46975,2.81105,-0.33483
3855.85000,-0.46960,2.81100,-0.29506
3855.90000,-0.46944,2.81096,-0.25523
3855.95000,-0.46929,2.81092,-0.21535
3856.00000,-0.46905,2.81084,-0.18678
3856.05000,-0.46876,2.81073,-0.18464
3856.10000,-0.46624,2.81009,-0.20166
3856.15000,-0.46091,2.80887,-0.23291
3856.20000,-0.45331,2.80691,-0.26836
3856.25000,-0.44445,2.80428,-0.30796
3856.30000,-0.43501,2.80106,-0.34973
3856.35000,-0.42572,2.79773,-0.38519
3856.40000,-0.41639,2.79428,-0.39586
3856.45000,-0.40776,2.79105,-0.39125
3856.50000,-0.40027,2.78812,-0.38035
3856.55000,-0.39408,2.78581,-0.36160
3856.60000,-0.39043,2.78482,-0.32768
3856.65000,-0.38926,2.78446,-0.27945
3856.70000,-0.38893,2.78436,-0.23395
3856.75000,-0.38878,2.78433,-0.18967
3856.80000,-0.38863,2.78431,-0.14557
3856.85000,-0.38863,2.78439,-0.11300
3856.90000,-0.38906,2.78439,-0.10617
3856.95000,-0.38739,2.78404,-0.11498
3857.00000,-0.38265,2.78332,-0.13883
3857.05000,-0.37563,2.78220,-0.17449
3857.10000,-0.36755,2.78060,-0.21578
3857.15000,-0.35887,2.77850,-0.25852
3857.20000,-0.35030,2.77603,-0.30152
3857.25000,-0.34174,2.77334,-0.33650
3857.30000,-0.33292,2.77031,-0.34821
3857.35000,-0.32404,2.76720,-0.34717
3857.40000,-0.31566,2.76436,-0.33345
3857.45000,-0.30899,2.76238,-0.30874
3857.50000,-0.30558,2.76160,-0.27058
3857.55000,-0.30507,2.76149,-0.22293
3857.60000,-0.30493,2.76147,-0.17410
3857.65000,-0.30480,2.76145,-0.12545
3857.70000,-0.30466,2.76143,-0.07703
3857.75000,-0.30476,2.76141,-0.04053
3857.80000,-0.30530,2.76134,-0.02815
3857.85000,-0.30409,2.76120,-0.03101
3857.90000,-0.30069,2.76098,-0.04516
3857.95000,-0.29445,2.76056,-0.07323
3858.00000,-0.28615,2.75978,-0.11126
3858.05000,-0.27726,2.75860,-0.15191
3858.10000,-0.26839,2.75707,-0.19161
3858.15000,-0.25951,2.75531,-0.22422
3858.20000,-0.25034,2.75319,-0.23397
3858.25000,-0.24110,2.75104,-0.22670
3858.30000,-0.23292,2.74940,-0.20565
3858.35000,-0.22705,2.74849,-0.17241
3858.40000,-0.22397,2.74811,-0.13080
3858.45000,-0.22334,2.74803,-0.08064
3858.50000,-0.22322,2.74803,-0.02824
3858.55000,-0.22314,2.74803,0.01168
3858.60000,-0.22318,2.74808,0.02388
3858.65000,-0.22112,2.74819,0.01900
3858.70000,-0.21683,2.74827,0.00290
3858.75000,-0.20973,2.74818,-0.02722
3858.80000,-0.20116,2.74778,-0.06499
3858.85000,-0.19217,2.74702,-0.10422
3858.90000,-0.18321,2.74590,-0.14317
3858.95000,-0.17432,2.74444,-0.18282
3859.00000,-0.16544,2.74276,-0.21560
3859.05000,-0.15631,2.74079,-0.22794
3859.10000,-0.14714,2.73875,-0.22843
3859.15000,-0.13786,2.73667,-0.21364
3859.20000,-0.13028,2.73513,-0.18557
3859.25000,-0.12492,2.73422,-0.14738
3859.30000,-0.12187,2.73383,-0.09915
3859.35000,-0.12111,2.73377,-0.04140
3859.40000,-0.12100,2.73377,0.01899
3859.45000,-0.12088,2.73380,0.07142
3859.50000,-0.12065,2.73396,0.10713
3859.55000,-0.11984,2.73439,0.11402
3859.60000,-0.11742,2.73501,0.10836
3859.65000,-0.11270,2.73575,0.09119
3859.70000,-0.10454,2.73638,0.05834
3859.75000,-0.09517,2.73676,0.02159
3859.80000,-0.08517,2.73680,-0.01291
3859.85000,-0.07517,2.73650,-0.04686
3859.90000,-0.06520,2.73586,-0.08253
3859.95000,-0.05526,2.73486,-0.11757
3860.00000,-0.04543,2.73378,-0.14769
3860.05000,-0.03562,2.73270,-0.16358
3860.10000,-0.02629,2.73145,-0.14700
3860.15000,-0.01856,2.73043,-0.11510
3860.20000,-0.01380,2.73020,-0.08194
3860.25000,-0.00970,2.73019,-0.07140
3860.30000,-0.00567,2.73010,-0.08534
3860.35000,-0.00118,2.72967,-0.11982
3860.40000,0.00492,2.72880,-0.16233
3860.45000,0.01217,2.72743,-0.20938
3860.50000,0.02020,2.72551,-0.25955
3860.55000,0.02877,2.72300,-0.31170
3860.60000,0.03760,2.71989,-0.36535
3860.65000,0.04658,2.71617,-0.41992
3860.70000,0.05558,2.71184,-0.47466
3860.75000,0.06435,2.70703,-0.52895
3860.80000,0.07284,2.70176,-0.58277
3860.85000,0.08104,2.69604,-0.63589
3860.90000,0.08893,2.68989,-0.68848
3860.95000,0.09647,2.68334,-0.74012
3861.00000,0.10365,2.67679,-0.78390
3861.05000,0.11071,2.67031,-0.81168
3861.10000,0.11799,2.66355,-0.82104
3861.15000,0.12532,2.65671,-0.81774
3861.20000,0.13175,2.65064,-0.80705
3861.25000,0.13606,2.64662,-0.79535
3861.30000,0.13986,2.64299,-0.77449
3861.35000,0.14365,2.63935,-0.73817
3861.40000,0.14601,2.63730,-0.68463
3861.45000,0.14666,2.63686,-0.63506
3861.50000,0.14715,2.63667,-0.61514
3861.55000,0.14758,2.63654,-0.61680
3861.60000,0.15095,2.63405,-0.64127
3861.65000,0.15643,2.62982,-0.67451
3861.70000,0.16289,2.62445,-0.71311
3861.75000,0.16990,2.61812,-0.75537
3861.80000,0.17700,2.61113,-0.79923
3861.85000,0.18380,2.60381,-0.84276
3861.90000,0.18979,2.59698,-0.87780
3861.95000,0.19574,2.59007,-0.88531
3862.00000,0.20026,2.58464,-0.86144
3862.05000,0.20366,2.58082,-0.82081
3862.10000,0.20508,2.57935,-0.76760
3862.15000,0.20521,2.57923,-0.70696
3862.20000,0.20534,2.57913,-0.64639
3862.25000,0.20550,2.57904,-0.59782
3862.30000,0.20545,2.57923,-0.57435
3862.35000,0.20601,2.57892,-0.57943
3862.40000,0.20994,2.57626,-0.60438
3862.45000,0.21588,2.57201,-0.63660
3862.50000,0.22285,2.56666,-0.67405
3862.55000,0.22987,2.56080,-0.71725
3862.60000,0.23654,2.55498,-0.75539
3862.65000,0.24233,2.54975,-0.78166
3862.70000,0.24620,2.54588,-0.80434
3862.75000,0.25006,2.54196,-0.80436
3862.80000,0.25389,2.53803,-0.78889
3862.85000,0.25767,2.53421,-0.75323
3862.90000,0.25994,2.53216,-0.70297
3862.95000,0.26028,2.53188,-0.64218
3863.00000,0.26042,2.53178,-0.58040
3863.05000,0.26057,2.53172,-0.53008
3863.10000,0.26021,2.53221,-0.50385
3863.15000,0.26064,2.53198,-0.50492
3863.20000,0.26430,2.52987,-0.52577
3863.25000,0.27003,2.52642,-0.55898
3863.30000,0.27676,2.52202,-0.59828
3863.35000,0.28401,2.51686,-0.64054
3863.40000,0.29106,2.51136,-0.68277
3863.45000,0.29789,2.50556,-0.72436
3863.50000,0.30463,2.49958,-0.75797
3863.55000,0.31165,2.49325,-0.76812
3863.60000,0.31866,2.48689,-0.76620
3863.65000,0.32526,2.48082,-0.74199
3863.70000,0.32814,2.47827,-0.69445
3863.75000,0.32880,2.47775,-0.63459
3863.80000,0.32895,2.47764,-0.57213
3863.85000,0.32911,2.47755,-0.50987
3863.90000,0.32923,2.47753,-0.45903
3863.95000,0.32869,2.47813,-0.43496
3864.00000,0.32939,2.47775,-0.43414
3864.05000,0.33270,2.47616,-0.44918
3864.10000,0.33877,2.47310,-0.47972
3864.15000,0.34601,2.46916,-0.51725
3864.20000,0.35373,2.46456,-0.55749
3864.25000,0.36128,2.45965,-0.59711
3864.30000,0.36864,2.45443,-0.63625
3864.35000,0.37445,2.44994,-0.68478
3864.40000,0.37957,2.44551,-0.74112
3864.45000,0.38466,2.44056,-0.80057
3864.50000,0.38982,2.43490,-0.86107
3864.55000,0.39494,2.42856,-0.92196
3864.60000,0.40006,2.42181,-0.96901
3864.65000,0.40329,2.41693,-0.99978
3864.70000,0.40557,2.41326,-1.02338
3864.75000,0.40686,2.41098,-1.03878
3864.80000,0.40802,2.40905,-1.05379
3864.85000,0.40951,2.40662,-1.04197
3864.90000,0.41072,2.40462,-1.00490
3864.95000,0.41122,2.40383,-0.96625
3865.00000,0.41144,2.40341,-0.95830
3865.05000,0.41177,2.40292,-0.97393
3865.10000,0.41328,2.40062,-1.00548
3865.15000,0.41562,2.39677,-1.04563
3865.20000,0.41856,2.39141,-1.09414
3865.25000,0.42157,2.38519,-1.14717
3865.30000,0.42466,2.37820,-1.18575
3865.35000,0.42663,2.37307,-1.20778
3865.40000,0.42846,2.36799,-1.24327
3865.45000,0.43027,2.36224,-1.28913
3865.50000,0.43203,2.35551,-1.33975
3865.55000,0.43328,2.34949,-1.39796
3865.60000,0.43386,2.34547,-1.46304
3865.65000,0.43402,2.34326,-1.53582
3865.70000,0.43403,2.34228,-1.61381
3865.75000,0.43401,2.34204,-1.69467
3865.80000,0.43398,2.34184,-1.77537
3865.85000,0.43393,2.34165,-1.85531
3865.90000,0.43387,2.34147,-1.93364
3865.95000,0.43379,2.34130,-2.01021
3866.00000,0.43371,2.34113,-2.08505
3866.05000,0.43361,2.34098,-2.15894
3866.10000,0.43351,2.34083,-2.23233
3866.15000,0.43339,2.34069,-2.30516
3866.20000,0.43326,2.34056,-2.37741
3866.25000,0.43313,2.34044,-2.44906
3866.30000,0.43298,2.34033,-2.52011
3866.35000,0.43283,2.34023,-2.59023
3866.40000,0.43268,2.34014,-2.65856
3866.45000,0.43252,2.34006,-2.72499
3866.50000,0.43236,2.34000,-2.78956
3866.55000,0.43220,2.33995,-2.85234
3866.60000,0.43204,2.33990,-2.91357
3866.65000,0.43188,2.33987,-2.97368
3866.70000,0.43172,2.33985,-3.03282
3866.75000,0.43155,2.33984,-3.09106
3866.80000,0.43139,2.33983,3.13465
3866.85000,0.43123,2.33984,3.07790
3866.90000,0.43107,2.33985,3.02188
3866.95000,0.43091,2.33988,2.96657
3867.00000,0.43075,2.33991,2.91195
3867.05000,0.43060,2.33995,2.85805
3867.10000,0.43044,2.34000,2.80495
3867.15000,0.43030,2.34005,2.75274
3867.20000,0.43015,2.34012,2.70142
3867.25000,0.43001,2.34019,2.65102
3867.30000,0.42987,2.34027,2.60151
3867.35000,0.42974,2.34035,2.55291
3867.40000,0.42961,2.34044,2.50522
3867.45000,0.42784,2.34187,2.45861
3867.50000,0.42297,2.34604,2.41411
3867.55000,0.41710,2.35151,2.36732
3867.60000,0.41105,2.35773,2.31811
3867.65000,0.40525,2.36431,2.26923
3867.70000,0.39976,2.37117,2.22092
3867.75000,0.39456,2.37820,2.18923
3867.80000,0.38934,2.38559,2.18538
3867.85000,0.38353,2.39380,2.18860
3867.90000,0.37768,2.40201,2.19145
3867.95000,0.37180,2.41021,2.19490
3868.00000,0.36588,2.41840,2.19876
3868.05000,0.35993,2.42658,2.20329
3868.10000,0.35394,2.43472,2.20819
3868.15000,0.34789,2.44283,2.21353
3868.20000,0.34180,2.45092,2.21930
3868.25000,0.33568,2.45895,2.22548
3868.30000,0.32957,2.46686,2.23200
3868.35000,0.32335,2.47480,2.23880
3868.40000,0.31712,2.48266,2.24601
3868.45000,0.31079,2.49050,2.25365
3868.50000,0.30445,2.49828,2.25567
3868.55000,0.29854,2.50560,2.23974
3868.60000,0.29537,2.50977,2.19777
3868.65000,0.29395,2.51182,2.14252
3868.70000,0.29344,2.51268,2.09238
3868.75000,0.29225,2.51465,2.06616
3868.80000,0.28930,2.52002,2.06066
3868.85000,0.28484,2.52830,2.07013
3868.90000,0.27999,2.53706,2.08236
3868.95000,0.27518,2.54550,2.09498
3869.00000,0.27028,2.55386,2.10758
3869.05000,0.26528,2.56214,2.12057
3869.10000,0.26017,2.57035,2.13367
3869.15000,0.25496,2.57849,2.14714
3869.20000,0.24965,2.58655,2.16121
3869.25000,0.24420,2.59463,2.17041
3869.30000,0.23886,2.60256,2.15870
3869.35000,0.23624,2.60668,2.14115
3869.40000,0.23400,2.61018,2.15258
3869.45000,0.23087,2.61483,2.17771
3869.50000,0.22668,2.62065,2.21204
3869.55000,0.22153,2.62728,2.25213
3869.60000,0.21537,2.63455,2.29283
3869.65000,0.20907,2.64141,2.33519
3869.70000,0.20276,2.64770,2.37863
3869.75000,0.19619,2.65372,2.42226
3869.80000,0.18935,2.65945,2.46520
3869.85000,0.18227,2.66489,2.50815
3869.90000,0.17434,2.67048,2.54852
3869.95000,0.16682,2.67531,2.59169
3870.00000,0.15911,2.67981,2.63471
3870.05000,0.15039,2.68444,2.67435
3870.10000,0.14147,2.68874,2.71438
3870.15000,0.13217,2.69277,2.75544
3870.20000,0.12343,2.69613,2.80050
3870.25000,0.11467,2.69902,2.84989
3870.30000,0.10579,2.70145,2.90142
3870.35000,0.09715,2.70332,2.95650
3870.40000,0.08823,2.70473,3.01312
3870.45000,0.07982,2.70556,3.07362
3870.50000,0.07197,2.70585,3.12409
3870.55000,0.06479,2.70586,-3.13200
3870.60000,0.05805,2.70584,-3.13206
3870.65000,0.05186,2.70584,3.12812
3870.70000,0.04692,2.70594,3.08313
3870.75000,0.04296,2.70630,3.02514
3870.80000,0.03730,2.70713,2.96655
3870.85000,0.03101,2.70844,2.90567
3870.90000,0.02473,2.71017,2.84166
3870.95000,0.01856,2.71230,2.77526
3871.00000,0.01259,2.71483,2.70691
3871.05000,0.00695,2.71770,2.63676
3871.10000,0.00151,2.72096,2.56574
3871.15000,-0.00341,2.72442,2.49288
3871.20000,-0.00796,2.72814,2.41906
3871.25000,-0.01219,2.73215,2.34470
3871.30000,-0.01603,2.73640,2.26973
3871.35000,-0.01953,2.74089,2.19443
3871.40000,-0.02251,2.74540,2.11793
3871.45000,-0.02521,2.75022,2.04179
3871.50000,-0.02750,2.75519,1.96534
3871.55000,-0.02933,2.76010,1.88801
3871.60000,-0.03076,2.76513,1.81060
3871.65000,-0.03180,2.77022,1.73299
3871.70000,-0.03242,2.77526,1.65495
3871.75000,-0.03266,2.78048,1.57742
3871.80000,-0.03249,2.78553,1.49919
3871.85000,-0.03194,2.79050,1.42080
3871.90000,-0.03098,2.79550,1.34273
3871.95000,-0.02959,2.80059,1.26533
3872.00000,-0.02784,2.80545,1.18754
3872.05000,-0.02566,2.81033,1.11041
3872.10000,-0.02307,2.81508,1.03353
3872.15000,-0.02009,2.81968,0.95691
3872.20000,-0.01679,2.82399,0.88012
3872.25000,-0.01309,2.82814,0.80387
3872.30000,-0.00904,2.83204,0.72784
3872.35000,-0.00468,2.83563,0.65192
3872.40000,-0.00000,2.83893,0.57627
3872.45000,0.00501,2.84192,0.50107
3872.50000,0.01032,2.84457,0.42623
3872.55000,0.01591,2.84686,0.35181
3872.60000,0.02175,2.84876,0.27780
3872.65000,0.02781,2.85025,0.20416
3872.70000,0.03404,2.85131,0.13082
3872.75000,0.04036,2.85190,0.05760
3872.80000,0.04668,2.85203,-0.01567
3872.85000,0.05296,2.85170,-0.08909
3872.90000,0.05911,2.85092,-0.16285
3872.95000,0.06513,2.84970,-0.23680
3873.00000,0.07095,2.84807,-0.31112
3873.05000,0.07629,2.84612,-0.38679
3873.10000,0.08083,2.84407,-0.46512
3873.15000,0.08445,2.84207,-0.54666
3873.20000,0.08789,2.83978,-0.62831
3873.25000,0.09127,2.83711,-0.70938
3873.30000,0.09454,2.83406,-0.78987
3873.35000,0.09770,2.83061,-0.86958
3873.40000,0.10067,2.82679,-0.94872
3873.45000,0.10343,2.82261,-1.02719
3873.50000,0.10592,2.81810,-1.10511
3873.55000,0.10803,2.81367,-1.17187
3873.60000,0.10974,2.80959,-1.21894
3873.65000,0.11062,2.80707,-1.25383
3873.70000,0.11130,2.80487,-1.28583
3873.75000,0.11190,2.80269,-1.31643
3873.80000,0.11243,2.80053,-1.34568
3873.85000,0.11289,2.79838,-1.37359
3873.90000,0.11329,2.79625,-1.40017
3873.95000,0.11363,2.79413,-1.42544
3874.00000,0.11391,2.79203,-1.44942
3874.05000,0.11414,2.78995,-1.47213
3874.10000,0.11429,2.78830,-1.49520
3874.15000,0.11439,2.78681,-1.51747
3874.20000,0.11445,2.78528,-1.53858
3874.25000,0.11449,2.78374,-1.55831
3874.30000,0.11449,2.78210,-1.57616
3874.35000,0.11447,2.78047,-1.59274
3874.40000,0.11442,2.77877,-1.60786
3874.45000,0.11434,2.77711,-1.62196
3874.50000,0.11424,2.77535,-1.63439
3874.55000,0.11411,2.77365,-1.64599
3874.60000,0.11396,2.77198,-1.65658
3874.65000,0.11380,2.77023,-1.66570
3874.70000,0.11363,2.76851,-1.67389
3874.75000,0.11343,2.76676,-1.68084
3874.80000,0.11323,2.76496,-1.68650
3874.85000,0.11300,2.76318,-1.69135
3874.90000,0.11277,2.76139,-1.69513
3874.95000,0.11252,2.75957,-1.69784
3875.00000,0.11227,2.75774,-1.69956
3875.05000,0.11201,2.75587,-1.70024
3875.10000,0.11175,2.75400,-1.69998
3875.15000,0.11149,2.75209,-1.69875
3875.20000,0.11124,2.75017,-1.69663
3875.25000,0.11100,2.74823,-1.69363
3875.30000,0.11076,2.74626,-1.68969
3875.35000,0.11053,2.74429,-1.68500
3875.40000,0.11030,2.74228,-1.67943
3875.45000,0.11009,2.74026,-1.67307
3875.50000,0.10989,2.73822,-1.66584
3875.55000,0.10971,2.73616,-1.65779
3875.60000,0.10953,2.73408,-1.64900
3875.65000,0.10938,2.73199,-1.63952
3875.70000,0.10925,2.72989,-1.62945
3875.75000,0.10913,2.72776,-1.61878
3875.80000,0.10904,2.72562,-1.60733
3875.85000,0.10897,2.72347,-1.59529
3875.90000,0.10893,2.72131,-1.58265
3875.95000,0.10892,2.71913,-1.56949
3876.00000,0.10893,2.71694,-1.55580
3876.05000,0.10897,2.71476,-1.54153
3876.10000,0.10905,2.71257,-1.52675
3876.15000,0.10916,2.71037,-1.51166
3876.20000,0.10930,2.70817,-1.49594
3876.25000,0.10948,2.70599,-1.47971
3876.30000,0.10969,2.70381,-1.46300
3876.35000,0.10993,2.70162,-1.44586
3876.40000,0.11022,2.69944,-1.42841
3876.45000,0.11054,2.69724,-1.41059
3876.50000,0.11090,2.69504,-1.39244
3876.55000,0.11131,2.69286,-1.37394
3876.60000,0.11177,2.69069,-1.35510
3876.65000,0.11226,2.68853,-1.33595
3876.70000,0.11279,2.68639,-1.31653
3876.75000,0.11337,2.68426,-1.29683
3876.80000,0.11398,2.68215,-1.27688
3876.85000,0.11464,2.68007,-1.25670
3876.90000,0.11533,2.67800,-1.23629
3876.95000,0.11606,2.67597,-1.21568
3877.00000,0.11683,2.67395,-1.19489
3877.05000,0.11764,2.67197,-1.17396
3877.10000,0.11848,2.67002,-1.15292
3877.15000,0.11935,2.66811,-1.13179
3877.20000,0.12026,2.66623,-1.11056
3877.25000,0.12120,2.66438,-1.08925
3877.30000,0.12217,2.66257,-1.06788
3877.35000,0.12316,2.66080,-1.04646
3877.40000,0.12419,2.65907,-1.02498
3877.45000,0.12524,2.65738,-1.00345
3877.50000,0.12632,2.65573,-0.98188
3877.55000,0.12742,2.65411,-0.96028
3877.60000,0.12845,2.65267,-0.93927
3877.65000,0.12931,2.65152,-0.91950
3877.70000,0.13014,2.65045,-0.89995
3877.75000,0.13098,2.64941,-0.88033
3877.80000,0.13183,2.64841,-0.86068
3877.85000,0.13269,2.64743,-0.84098
3877.90000,0.13355,2.64648,-0.82126
3877.95000,0.13441,2.64557,-0.80720
3878.00000,0.13562,2.64431,-0.79965
3878.05000,0.13671,2.64318,-0.78282
3878.10000,0.13767,2.64224,-0.76327
3878.15000,0.13853,2.64143,-0.74981
3878.20000,0.13931,2.64074,-0.75226
3878.25000,0.14092,2.63921,-0.76228
3878.30000,0.14390,2.63632,-0.78000
3878.35000,0.14842,2.63183,-0.79827
3878.40000,0.15246,2.62771,-0.80101
3878.45000,0.15407,2.62602,-0.80059
3878.50000,0.15570,2.62433,-0.80376
3878.55000,0.15736,2.62260,-0.79481
3878.60000,0.15821,2.62174,-0.77784
3878.65000,0.15890,2.62107,-0.75972
3878.70000,0.15960,2.62042,-0.74156
3878.75000,0.16031,2.61980,-0.73090
3878.80000,0.16194,2.61834,-0.73987
3878.85000,0.16514,2.61536,-0.75897
3878.90000,0.16996,2.61067,-0.78723
3878.95000,0.17614,2.60424,-0.82391
3879.00000,0.18203,2.59775,-0.85008
3879.05000,0.18686,2.59224,-0.86013
3879.10000,0.18988,2.58874,-0.85709
3879.15000,0.19158,2.58679,-0.84529
3879.20000,0.19222,2.58608,-0.82661
3879.25000,0.19267,2.58560,-0.80660
3879.30000,0.19311,2.58515,-0.78627
3879.35000,0.19352,2.58474,-0.76554
3879.40000,0.19391,2.58438,-0.74441
3879.45000,0.19429,2.58404,-0.72304
3879.50000,0.19466,2.58371,-0.70158
3879.55000,0.19505,2.58340,-0.68785
3879.60000,0.19582,2.58277,-0.68157
3879.65000,0.19639,2.58231,-0.67790
3879.70000,0.19803,2.58098,-0.68728
3879.75000,0.20096,2.57854,-0.70333
3879.80000,0.20518,2.57486,-0.71924
3879.85000,0.20858,2.57187,-0.73142
3879.90000,0.21112,2.56958,-0.74582
3879.95000,0.21334,2.56757,-0.75545
3880.00000,0.21541,2.56570,-0.76459
3880.05000,0.21749,2.56381,-0.76881
3880.10000,0.21956,2.56191,-0.76757
3880.15000,0.22148,2.56011,-0.75320
3880.20000,0.22224,2.55941,-0.72913
3880.25000,0.22242,2.55925,-0.70139
3880.30000,0.22262,2.55910,-0.68051
3880.35000,0.22280,2.55900,-0.67164
3880.40000,0.22403,2.55804,-0.67821
3880.45000,0.22812,2.55467,-0.69990
3880.50000,0.23401,2.54955,-0.73176
3880.55000,0.24097,2.54305,-0.77000
3880.60000,0.24759,2.53649,-0.79613
3880.65000,0.25368,2.53027,-0.80126
3880.70000,0.25804,2.52582,-0.79138
3880.75000,0.26074,2.52313,-0.76842
3880.80000,0.26234,2.52161,-0.73593
3880.85000,0.26251,2.52146,-0.69318
3880.90000,0.26261,2.52139,-0.64894
3880.95000,0.26271,2.52131,-0.60483
3881.00000,0.26282,2.52127,-0.57249
3881.05000,0.26320,2.52108,-0.56833
3881.10000,0.26622,2.51909,-0.58385
3881.15000,0.27171,2.51535,-0.61095
3881.20000,0.27855,2.51039,-0.64436
3881.25000,0.28615,2.50446,-0.68236
3881.30000,0.29374,2.49803,-0.72120
3881.35000,0.30039,2.49211,-0.74883
3881.40000,0.30698,2.48618,-0.75729
3881.45000,0.31365,2.48008,-0.74024
3881.50000,0.31916,2.47518,-0.70798
3881.55000,0.32268,2.47228,-0.66287
3881.60000,0.32383,2.47142,-0.60459
3881.65000,0.32394,2.47134,-0.54082
3881.70000,0.32406,2.47128,-0.47715
3881.75000,0.32420,2.47123,-0.42477
3881.80000,0.32380,2.47179,-0.39740
3881.85000,0.32347,2.47199,-0.39267
3881.90000,0.32544,2.47112,-0.40308
3881.95000,0.33059,2.46882,-0.43054
3882.00000,0.33750,2.46548,-0.46856
3882.05000,0.34519,2.46138,-0.51100
3882.10000,0.35264,2.45697,-0.55804
3882.15000,0.36008,2.45213,-0.60097
3882.20000,0.36737,2.44691,-0.64215
3882.25000,0.37345,2.44215,-0.69098
3882.30000,0.37957,2.43680,-0.74371
3882.35000,0.38567,2.43087,-0.79893
3882.40000,0.39166,2.42435,-0.85556
3882.45000,0.39756,2.41716,-0.91248
3882.50000,0.40310,2.40956,-0.97034
3882.55000,0.40841,2.40130,-1.02764
3882.60000,0.41318,2.39285,-1.08601
3882.65000,0.41743,2.38437,-1.13138
3882.70000,0.42003,2.37858,-1.16191
3882.75000,0.42188,2.37404,-1.20708
3882.80000,0.42303,2.37076,-1.26732
3882.85000,0.42359,2.36875,-1.33977
3882.90000,0.42385,2.36742,-1.41926
3882.95000,0.42391,2.36696,-1.50231
3883.00000,0.42391,2.36678,-1.58604
3883.05000,0.42390,2.36661,-1.66913
3883.10000,0.42388,2.36643,-1.75139
3883.15000,0.42384,2.36626,-1.83241
3883.20000,0.42379,2.36610,-1.91195
3883.25000,0.42373,2.36594,-1.98995
3883.30000,0.42365,2.36579,-2.06637
3883.35000,0.42357,2.36565,-2.14121
3883.40000,0.42347,2.36551,-2.21448
3883.45000,0.42337,2.36539,-2.28656
3883.50000,0.42326,2.36527,-2.35781
3883.55000,0.42314,2.36516,-2.42824
3883.60000,0.42302,2.36505,-2.49783
3883.65000,0.42288,2.36496,-2.56657
3883.70000,0.42274,2.36488,-2.63444
3883.75000,0.42260,2.36480,-2.70143
3883.80000,0.42245,2.36474,-2.76751
3883.85000,0.42230,2.36469,-2.83269
3883.90000,0.42214,2.36464,-2.89694
3883.95000,0.42198,2.36461,-2.96026
3884.00000,0.42182,2.36458,-3.02265
3884.05000,0.42166,2.36457,-3.08410
3884.10000,0.42150,2.36456,3.13859
3884.15000,0.42133,2.36457,3.07903
3884.20000,0.42117,2.36458,3.02040
3884.25000,0.42101,2.36461,2.96272
3884.30000,0.42085,2.36464,2.90598
3884.35000,0.42069,2.36469,2.85021
3884.40000,0.42054,2.36474,2.79540
3884.45000,0.42039,2.36480,2.74156
3884.50000,0.42024,2.36486,2.68869
3884.55000,0.42009,2.36494,2.63679
3884.60000,0.41995,2.36502,2.58588
3884.65000,0.41982,2.36511,2.53596
3884.70000,0.41795,2.36661,2.48779
3884.75000,0.41226,2.37117,2.44538
3884.80000,0.40575,2.37688,2.40051
3884.85000,0.39902,2.38336,2.35322
3884.90000,0.39232,2.39047,2.30719
3884.95000,0.38584,2.39797,2.26275
3885.00000,0.37967,2.40576,2.21942
3885.05000,0.37432,2.41305,2.19208
3885.10000,0.36884,2.42070,2.18548
3885.15000,0.36308,2.42886,2.18503
3885.20000,0.35732,2.43703,2.18450
3885.25000,0.35157,2.44521,2.18430
3885.30000,0.34580,2.45339,2.18509
3885.35000,0.34001,2.46159,2.18635
3885.40000,0.33422,2.46977,2.18770
3885.45000,0.32840,2.47796,2.18986
3885.50000,0.32255,2.48617,2.19264
3885.55000,0.31668,2.49434,2.19572
3885.60000,0.31075,2.50253,2.19955
3885.65000,0.30480,2.51069,2.20360
3885.70000,0.29879,2.51887,2.20788
3885.75000,0.29275,2.52700,2.21312
3885.80000,0.28682,2.53496,2.21159
3885.85000,0.28106,2.54272,2.19964
3885.90000,0.27552,2.55037,2.17549
3885.95000,0.27031,2.55811,2.14883
3886.00000,0.26530,2.56602,2.12325
3886.05000,0.26055,2.57388,2.11182
3886.10000,0.25551,2.58222,2.11870
3886.15000,0.25015,2.59091,2.12762
3886.20000,0.24471,2.59956,2.13658
3886.25000,0.23982,2.60717,2.15786
3886.30000,0.23492,2.61428,2.19108
3886.35000,0.22951,2.62157,2.22774
3886.40000,0.22383,2.62865,2.26497
3886.45000,0.21790,2.63551,2.30223
3886.50000,0.21172,2.64215,2.33922
3886.55000,0.20530,2.64855,2.37659
3886.60000,0.19864,2.65470,2.41408
3886.65000,0.19176,2.66061,2.45101
3886.70000,0.18465,2.66626,2.48786
3886.75000,0.17734,2.67165,2.52468
3886.80000,0.16985,2.67676,2.56167
3886.85000,0.16216,2.68160,2.59842
3886.90000,0.15429,2.68616,2.63459
3886.95000,0.14627,2.69042,2.67134
3887.00000,0.13809,2.69439,2.70760
3887.05000,0.12923,2.69832,2.74178
3887.10000,0.11998,2.70205,2.77456
3887.15000,0.11060,2.70547,2.80728
3887.20000,0.10113,2.70859,2.83963
3887.25000,0.09155,2.71140,2.87255
3887.30000,0.08189,2.71388,2.90531
3887.35000,0.07215,2.71605,2.93823
3887.40000,0.06235,2.71790,2.97084
3887.45000,0.05249,2.71943,3.00369
3887.50000,0.04303,2.72058,3.03874
3887.55000,0.03399,2.72134,3.07564
3887.60000,0.02491,2.72178,3.11205
3887.65000,0.01604,2.72189,3.13918
3887.70000,0.00893,2.72189,-3.12905
3887.75000,0.00355,2.72188,-3.12273
3887.80000,-0.00082,2.72186,-3.12244
3887.85000,-0.00382,2.72184,-3.12888
3887.90000,-0.00399,2.72184,3.13633
3887.95000,-0.00384,2.72184,3.11537
3888.00000,-0.00346,2.72183,3.09543
3888.05000,-0.00309,2.72181,3.07570
3888.10000,-0.00272,2.72179,3.05619
3888.15000,-0.00236,2.72175,3.03688
3888.20000,-0.00201,2.72172,3.01780
3888.25000,-0.00166,2.72167,2.99880
3888.30000,-0.00186,2.72175,2.99157
3888.35000,-0.00401,2.72217,2.99474
3888.40000,-0.00984,2.72315,3.01203
3888.45000,-0.01686,2.72390,3.02406
3888.50000,-0.02163,2.72428,3.02440
3888.55000,-0.02363,2.72432,3.01233
3888.60000,-0.02372,2.72431,2.99144
3888.65000,-0.02331,2.72426,2.96798
3888.70000,-0.02285,2.72417,2.94384
3888.75000,-0.02277,2.72417,2.92957
3888.80000,-0.02373,2.72442,2.92779
3888.85000,-0.02847,2.72559,2.94335
3888.90000,-0.03606,2.72705,2.97028
3888.95000,-0.04442,2.72837,3.00564
3889.00000,-0.05341,2.72943,3.04355
3889.05000,-0.06221,2.73005,3.06865
3889.10000,-0.07039,2.73016,3.07570
3889.15000,-0.07714,2.72987,3.07190
3889.20000,-0.08158,2.72970,3.05709
3889.25000,-0.08313,2.72963,3.02917
3889.30000,-0.08245,2.72954,2.99116
3889.35000,-0.08169,2.72941,2.95224
3889.40000,-0.08095,2.72925,2.91359
3889.45000,-0.08021,2.72906,2.87528
3889.50000,-0.07982,2.72920,2.84982
3889.55000,-0.08061,2.72983,2.84622
3889.60000,-0.08445,2.73122,2.85833
3889.65000,-0.09169,2.73328,2.88343
3889.70000,-0.10051,2.73549,2.91431
3889.75000,-0.11029,2.73760,2.94856
3889.80000,-0.11999,2.73930,2.98338
3889.85000,-0.12933,2.74038,3.00994
3889.90000,-0.13751,2.74042,3.01370
3889.95000,-0.14325,2.73993,3.00204
3890.00000,-0.14608,2.73955,2.97785
3890.05000,-0.14608,2.73948,2.94186
3890.10000,-0.14536,2.73934,2.90282
3890.15000,-0.14492,2.73923,2.86512
3890.20000,-0.14452,2.73910,2.82782
3890.25000,-0.14415,2.73914,2.80293
3890.30000,-0.14509,2.73982,2.79959
3890.35000,-0.14821,2.74109,2.80702
3890.40000,-0.15368,2.74317,2.82450
3890.45000,-0.15961,2.74550,2.84380
3890.50000,-0.16576,2.74803,2.86405
3890.55000,-0.17271,2.75081,2.88771
3890.60000,-0.18099,2.75275,2.90719
3890.65000,-0.18785,2.75363,2.90507
3890.70000,-0.19088,2.75373,2.88456
3890.75000,-0.19057,2.75359,2.84973
3890.80000,-0.18993,2.75339,2.81358
3890.85000,-0.18931,2.75317,2.77766
3890.90000,-0.18908,2.75321,2.75670
3890.95000,-0.19067,2.75420,2.75859
3891.00000,-0.19590,2.75629,2.77670
3891.05000,-0.20357,2.75910,2.80485
3891.10000,-0.21255,2.76208,2.83792
3891.15000,-0.22213,2.76490,2.87309
3891.20000,-0.23121,2.76703,2.89284
3891.25000,-0.23797,2.76815,2.88974
3891.30000,-0.24101,2.76862,2.87009
3891.35000,-0.24090,2.76855,2.83723
3891.40000,-0.24041,2.76839,2.80247
3891.45000,-0.23985,2.76819,2.76753
3891.50000,-0.23928,2.76795,2.73290
3891.55000,-0.23905,2.76799,2.71283
3891.60000,-0.24046,2.76888,2.71444
3891.65000,-0.24517,2.77116,2.73081
3891.70000,-0.25234,2.77418,2.75771
3891.75000,-0.26097,2.77751,2.79020
3891.80000,-0.27041,2.78078,2.82560
3891.85000,-0.27964,2.78356,2.84651
3891.90000,-0.28707,2.78564,2.84826
3891.95000,-0.29143,2.78690,2.83680
3892.00000,-0.29239,2.78715,2.81109
3892.05000,-0.29257,2.78722,2.78219
3892.10000,-0.29274,2.78729,2.75370
3892.15000,-0.29229,2.78709,2.72295
3892.20000,-0.29175,2.78686,2.69256
3892.25000,-0.29154,2.78678,2.68087
3892.30000,-0.29403,2.78813,2.68800
3892.35000,-0.29964,2.79083,2.70803
3892.40000,-0.30692,2.79411,2.73516
3892.45000,-0.31573,2.79774,2.76811
3892.50000,-0.32471,2.80104,2.78884
3892.55000,-0.33206,2.80361,2.79268
3892.60000,-0.33728,2.80547,2.78788
3892.65000,-0.33967,2.80627,2.77088
3892.70000,-0.33976,2.80628,2.74362
3892.75000,-0.33945,2.80616,2.71471
3892.80000,-0.33893,2.80591,2.68491
3892.85000,-0.33841,2.80565,2.65528
3892.90000,-0.33823,2.80561,2.64307
3892.95000,-0.34077,2.80707,2.65004
3893.00000,-0.34639,2.81002,2.67057
3893.05000,-0.35412,2.81382,2.69974
3893.10000,-0.36312,2.81789,2.73379
3893.15000,-0.37211,2.82172,2.76028
3893.20000,-0.37982,2.82468,2.76927
3893.25000,-0.38413,2.82630,2.76149
3893.30000,-0.38507,2.82663,2.73897
3893.35000,-0.38494,2.82658,2.71162
3893.40000,-0.38509,2.82665,2.68550
3893.45000,-0.38517,2.82669,2.65931
3893.50000,-0.38468,2.82642,2.63057
3893.55000,-0.38420,2.82614,2.60199
3893.60000,-0.38417,2.82620,2.58695
3893.65000,-0.38661,2.82776,2.59554
3893.70000,-0.39157,2.83074,2.61616
3893.75000,-0.39802,2.83437,2.64568
3893.80000,-0.40574,2.83837,2.68182
3893.85000,-0.41383,2.84217,2.72358
3893.90000,-0.42166,2.84542,2.75233
3893.95000,-0.42802,2.84791,2.75655
3894.00000,-0.43135,2.84918,2.74587
3894.05000,-0.43121,2.84910,2.71998
3894.10000,-0.43089,2.84895,2.69978
3894.15000,-0.43064,2.84890,2.69754
3894.20000,-0.43271,2.84999,2.71589
3894.25000,-0.43636,2.85159,2.74567
3894.30000,-0.44191,2.85380,2.78382
3894.35000,-0.44927,2.85637,2.82854
3894.40000,-0.45811,2.85901,2.87447
3894.45000,-0.46671,2.86116,2.90848
3894.50000,-0.47438,2.86279,2.91897
3894.55000,-0.47882,2.86368,2.91227
3894.60000,-0.47979,2.86384,2.89087
3894.65000,-0.48013,2.86388,2.86482
3894.70000,-0.48049,2.86402,2.83860
3894.75000,-0.48037,2.86397,2.81202
3894.80000,-0.47988,2.86379,2.78492
3894.85000,-0.47941,2.86365,2.76451
3894.90000,-0.47918,2.86364,2.76508
3894.95000,-0.48218,2.86488,2.78588
3895.00000,-0.48718,2.86669,2.82071
3895.05000,-0.49429,2.86889,2.86027
3895.10000,-0.50208,2.87096,2.90578
3895.15000,-0.51007,2.87266,2.95683
3895.20000,-0.51858,2.87402,3.00994
3895.25000,-0.52709,2.87499,3.04940
3895.30000,-0.53495,2.87540,3.06238
3895.35000,-0.54110,2.87557,3.06108
3895.40000,-0.54364,2.87564,3.05775
3895.45000,-0.54536,2.87571,3.08091
3895.50000,-0.54722,2.87578,3.12295
3895.55000,-0.55095,2.87575,-3.11101
3895.60000,-0.55598,2.87545,-3.05680
3895.65000,-0.56146,2.87502,-3.00810
3895.70000,-0.56637,2.87453,-2.96828
3895.75000,-0.56975,2.87385,-2.92319
3895.80000,-0.57446,2.87267,-2.87205
3895.85000,-0.58008,2.87095,-2.81667
3895.90000,-0.58641,2.86861,-2.75885
3895.95000,-0.59311,2.86567,-2.69919
3896.00000,-0.60001,2.86214,-2.63829
3896.05000,-0.60699,2.85801,-2.57682
3896.10000,-0.61377,2.85376,-2.52486
3896.15000,-0.61909,2.85024,-2.48564
3896.20000,-0.62228,2.84782,-2.45689
3896.25000,-0.62490,2.84588,-2.45764
3896.30000,-0.62624,2.84494,-2.48686
3896.35000,-0.62569,2.84535,-2.52737
3896.40000,-0.62513,2.84573,-2.56823
3896.45000,-0.62510,2.84564,-2.59300
3896.50000,-0.62570,2.84501,-2.58963
3896.55000,-0.62722,2.84384,-2.55961
3896.60000,-0.63021,2.84178,-2.51900
3896.65000,-0.63441,2.83861,-2.47226
3896.70000,-0.63878,2.83513,-2.43717
3896.75000,-0.64275,2.83195,-2.42955
3896.80000,-0.64528,2.82982,-2.43253
3896.85000,-0.64678,2.82850,-2.43336
3896.90000,-0.64806,2.82742,-2.43707
3896.95000,-0.64958,2.82611,-2.41144
3897.00000,-0.65222,2.82366,-2.37391
3897.05000,-0.65515,2.82079,-2.34865
3897.10000,-0.65727,2.81860,-2.33113
3897.15000,-0.65851,2.81723,-2.31623
3897.20000,-0.65906,2.81647,-2.33255
3897.25000,-0.65907,2.81641,-2.37262
3897.30000,-0.65902,2.81647,-2.41562
3897.35000,-0.65950,2.81606,-2.44195
3897.40000,-0.66031,2.81538,-2.43306
3897.45000,-0.66202,2.81387,-2.40210
3897.50000,-0.66515,2.81091,-2.36360
3897.55000,-0.66862,2.80746,-2.33151
3897.60000,-0.67153,2.80449,-2.32880
3897.65000,-0.67349,2.80247,-2.35706
3897.70000,-0.67345,2.80251,-2.40134
3897.75000,-0.67355,2.80245,-2.44554
3897.80000,-0.67402,2.80207,-2.47543
3897.85000,-0.67513,2.80113,-2.47680
3897.90000,-0.67715,2.79947,-2.44965
3897.95000,-0.68084,2.79628,-2.41001
3898.00000,-0.68573,2.79169,-2.36396
3898.05000,-0.69079,2.78646,-2.31599
3898.10000,-0.69617,2.78033,-2.26515
3898.15000,-0.70143,2.77396,-2.22084
3898.20000,-0.70668,2.76753,-2.19680
3898.25000,-0.71147,2.76145,-2.20263
3898.30000,-0.71430,2.75765,-2.23198
3898.35000,-0.71531,2.75640,-2.27501
3898.40000,-0.71576,2.75589,-2.32226
3898.45000,-0.71624,2.75540,-2.36967
3898.50000,-0.71690,2.75477,-2.40221
3898.55000,-0.71812,2.75364,-2.40460
3898.60000,-0.71938,2.75248,-2.40338
3898.65000,-0.72025,2.75167,-2.40332
3898.70000,-0.72219,2.74988,-2.37995
3898.75000,-0.72497,2.74718,-2.34573
3898.80000,-0.72818,2.74388,-2.31367
3898.85000,-0.73065,2.74119,-2.29406
3898.90000,-0.73211,2.73945,-2.27876
3898.95000,-0.73325,2.73809,-2.26907
3899.00000,-0.73544,2.73542,-2.24300
3899.05000,-0.73810,2.73196,-2.22684
3899.10000,-0.74030,2.72895,-2.23871
3899.15000,-0.74146,2.72753,-2.27795
3899.20000,-0.74164,2.72733,-2.32676
3899.25000,-0.74183,2.72714,-2.37552
3899.30000,-0.74212,2.72689,-2.41007
3899.35000,-0.74206,2.72694,-2.43389
3899.40000,-0.74150,2.72740,-2.47928
3899.45000,-0.74157,2.72734,-2.50745
3899.50000,-0.74190,2.72711,-2.50872
3899.55000,-0.74295,2.72624,-2.49154
3899.60000,-0.74663,2.72335,-2.46025
3899.65000,-0.75095,2.71973,-2.41857
3899.70000,-0.75595,2.71511,-2.37127
3899.75000,-0.76191,2.70901,-2.32361
3899.80000,-0.76828,2.70190,-2.27535
3899.85000,-0.77413,2.69493,-2.23169
3899.90000,-0.77999,2.68787,-2.21211
3899.95000,-0.78446,2.68205,-2.22859
3900.00000,-0.78627,2.67977,-2.26857
3900.05000,-0.78654,2.67946,-2.31915
3900.10000,-0.78676,2.67924,-2.37019
3900.15000,-0.78696,2.67905,-2.42103
3900.20000,-0.78722,2.67885,-2.45972
3900.25000,-0.78781,2.67841,-2.47119
3900.30000,-0.78964,2.67694,-2.45742
3900.35000,-0.79322,2.67397,-2.42731
3900.40000,-0.79777,2.66987,-2.38822
3900.45000,-0.80303,2.66470,-2.34343
3900.50000,-0.80921,2.65809,-2.29817
3900.55000,-0.81532,2.65091,-2.25091
3900.60000,-0.82086,2.64403,-2.21142
3900.65000,-0.82592,2.63725,-2.20722
3900.70000,-0.82929,2.63276,-2.23307
3900.75000,-0.83089,2.63079,-2.27656
3900.80000,-0.83117,2.63047,-2.32895
3900.85000,-0.83140,2.63024,-2.38184
3900.90000,-0.83162,2.63004,-2.43456
3900.95000,-0.83186,2.62987,-2.47561
3901.00000,-0.83239,2.62947,-2.49147
3901.05000,-0.83481,2.62760,-2.47552
3901.10000,-0.83909,2.62414,-2.44901
3901.15000,-0.84487,2.61918,-2.41484
3901.20000,-0.85143,2.61312,-2.37569
3901.25000,-0.85838,2.60615,-2.33327
3901.30000,-0.86516,2.59903,-2.29859
3901.35000,-0.87194,2.59183,-2.28595
3901.40000,-0.87653,2.58667,-2.30889
3901.45000,-0.87870,2.58436,-2.35068
3901.50000,-0.87914,2.58394,-2.40325
3901.55000,-0.87937,2.58373,-2.45713
3901.60000,-0.87960,2.58355,-2.51087
3901.65000,-0.87986,2.58340,-2.55253
3901.70000,-0.88053,2.58291,-2.56427
3901.75000,-0.88259,2.58153,-2.55258
3901.80000,-0.88763,2.57807,-2.52653
3901.85000,-0.89404,2.57338,-2.49333
3901.90000,-0.90131,2.56766,-2.45526
3901.95000,-0.90889,2.56118,-2.41485
3902.00000,-0.91621,2.55468,-2.38200
3902.05000,-0.92333,2.54834,-2.35959
3902.10000,-0.93033,2.54211,-2.34293
3902.15000,-0.93728,2.53591,-2.33029
3902.20000,-0.94416,2.52977,-2.32390
3902.25000,-0.95104,2.52361,-2.32156
3902.30000,-0.95791,2.51744,-2.32879
3902.35000,-0.96416,2.51146,-2.35333
3902.40000,-0.96835,2.50739,-2.39258
3902.45000,-0.97028,2.50566,-2.44520
3902.50000,-0.97062,2.50539,-2.50657
3902.55000,-0.97094,2.50517,-2.56796
3902.60000,-0.97127,2.50497,-2.62900
3902.65000,-0.97162,2.50480,-2.67885
3902.70000,-0.97239,2.50429,-2.70142
3902.75000,-0.97513,2.50286,-2.69671
3902.80000,-0.98122,2.49986,-2.67635
3902.85000,-0.98906,2.49579,-2.64774
3902.90000,-0.99768,2.49097,-2.61561
3902.95000,-1.00625,2.48581,-2.58350
3903.00000,-1.01464,2.48038,-2.55133
3903.05000,-1.02278,2.47490,-2.52772
3903.10000,-1.03093,2.46931,-2.52418
3903.15000,-1.03832,2.46417,-2.54478
3903.20000,-1.04405,2.46040,-2.57858
3903.25000,-1.04743,2.45836,-2.62436
3903.30000,-1.04842,2.45782,-2.68141
3903.35000,-1.04895,2.45758,-2.74058
3903.40000,-1.04954,2.45733,-2.78841
3903.45000,-1.05091,2.45640,-2.80466
3903.50000,-1.05437,2.45501,-2.79760
3903.55000,-1.06103,2.45252,-2.77676
3903.60000,-1.06943,2.44919,-2.74773
3903.65000,-1.07850,2.44527,-2.71517
3903.70000,-1.08675,2.44135,-2.68048
3903.75000,-1.09486,2.43714,-2.64600
3903.80000,-1.10293,2.43276,-2.61808
3903.85000,-1.11103,2.42828,-2.60848
3903.90000,-1.11775,2.42452,-2.63194
3903.95000,-1.12140,2.42258,-2.67545
3904.00000,-1.12270,2.42196,-2.73006
3904.05000,-1.12341,2.42168,-2.78724
3904.10000,-1.12414,2.42143,-2.84410
3904.15000,-1.12492,2.42118,-2.88977
3904.20000,-1.12656,2.42026,-2.90322
3904.25000,-1.12997,2.41922,-2.89673
3904.30000,-1.13670,2.41743,-2.87638
3904.35000,-1.14526,2.41498,-2.84784
3904.40000,-1.15435,2.41207,-2.81500
3904.45000,-1.16295,2.40899,-2.78059
3904.50000,-1.17191,2.40543,-2.74824
3904.55000,-1.18021,2.40198,-2.73082
3904.60000,-1.18817,2.39865,-2.73281
3904.65000,-1.19529,2.39570,-2.75673
3904.70000,-1.19839,2.39462,-2.80096
3904.75000,-1.19904,2.39441,-2.85599
3904.80000,-1.19963,2.39425,-2.91127
3904.85000,-1.20023,2.39414,-2.95656
3904.90000,-1.20124,2.39373,-2.97353
3904.95000,-1.20468,2.39280,-2.96769
3905.00000,-1.21135,2.39149,-2.94843
3905.05000,-1.22017,2.38964,-2.92053
3905.10000,-1.22987,2.38730,-2.88912
3905.15000,-1.23951,2.38465,-2.85797
3905.20000,-1.24907,2.38170,-2.82723
3905.25000,-1.25848,2.37859,-2.80453
3905.30000,-1.26788,2.37539,-2.80116
3905.35000,-1.27509,2.37302,-2.82739
3905.40000,-1.27803,2.37221,-2.87564
3905.45000,-1.27870,2.37205,-2.93455
3905.50000,-1.27909,2.37198,-2.99513
3905.55000,-1.27948,2.37194,-3.04570
3905.60000,-1.28018,2.37168,-3.07312
3905.65000,-1.28221,2.37127,-3.07435
3905.70000,-1.28760,2.37075,-3.05981
3905.75000,-1.29606,2.36994,-3.03299
3905.80000,-1.30582,2.36872,-3.00126
3905.85000,-1.31570,2.36717,-2.96927
3905.90000,-1.32552,2.36529,-2.93754
3905.95000,-1.33528,2.36311,-2.90606
3906.00000,-1.34491,2.36086,-2.88090
3906.05000,-1.35443,2.35870,-2.86270
3906.10000,-1.36390,2.35659,-2.84571
3906.15000,-1.37335,2.35451,-2.82956
3906.20000,-1.38279,2.35243,-2.81424
3906.25000,-1.39221,2.35035,-2.79972
3906.30000,-1.40164,2.34829,-2.78584
3906.35000,-1.41101,2.34626,-2.77630
3906.40000,-1.41829,2.34454,-2.77832
3906.45000,-1.42087,2.34353,-2.77149
3906.50000,-1.42240,2.34291,-2.73645
3906.55000,-1.42345,2.34243,-2.68316
3906.60000,-1.42443,2.34191,-2.62221
3906.65000,-1.42538,2.34133,-2.56122
3906.70000,-1.42632,2.34068,-2.50038
3906.75000,-1.42722,2.33996,-2.43969
3906.80000,-1.42808,2.33918,-2.37919
3906.85000,-1.42891,2.33834,-2.31888
3906.90000,-1.42969,2.33745,-2.25879
3906.95000,-1.43042,2.33650,-2.19893
3907.00000,-1.43110,2.33550,-2.13940
3907.05000,-1.43173,2.33445,-2.08041
3907.10000,-1.43230,2.33337,-2.02197
3907.15000,-1.43280,2.33224,-1.96410
3907.20000,-1.43324,2.33108,-1.90659
3907.25000,-1.43362,2.32989,-1.84940
3907.30000,-1.43393,2.32868,-1.79253
3907.35000,-1.43417,2.32744,-1.73602
3907.40000,-1.43435,2.32619,-1.67985
3907.45000,-1.43445,2.32493,-1.62405
3907.50000,-1.43448,2.32366,-1.56863
3907.55000,-1.43444,2.32239,-1.51359
3907.60000,-1.43434,2.32113,-1.45895
3907.65000,-1.43416,2.31988,-1.40471
3907.70000,-1.43392,2.31864,-1.35093
3907.75000,-1.43361,2.31742,-1.29769
3907.80000,-1.43324,2.31622,-1.24499
3907.85000,-1.43281,2.31505,-1.19283
3907.90000,-1.43233,2.31392,-1.14123
3907.95000,-1.43179,2.31282,-1.09017
3908.00000,-1.43120,2.31175,-1.03965
3908.05000,-1.43056,2.31073,-0.98968
3908.10000,-1.42988,2.30974,-0.94024
3908.15000,-1.42916,2.30881,-0.89134
3908.20000,-1.42840,2.30791,-0.84297
3908.25000,-1.42761,2.30707,-0.79513
3908.30000,-1.42679,2.30627,-0.74781
3908.35000,-1.42595,2.30552,-0.70101
3908.40000,-1.42508,2.30482,-0.65473
3908.45000,-1.42419,2.30417,-0.60895
3908.50000,-1.42328,2.30357,-0.56369
3908.55000,-1.42236,2.30301,-0.51892
3908.60000,-1.42143,2.30251,-0.47464
3908.65000,-1.42049,2.30205,-0.43085
3908.70000,-1.41954,2.30164,-0.38753
3908.75000,-1.41859,2.30127,-0.34469
3908.80000,-1.41764,2.30096,-0.30232
3908.85000,-1.41669,2.30068,-0.26052
3908.90000,-1.41574,2.30045,-0.21928
3908.95000,-1.41479,2.30026,-0.17858
3909.00000,-1.41386,2.30011,-0.13831
3909.05000,-1.41298,2.30000,-0.09812
3909.10000,-1.41216,2.29994,-0.05792
3909.15000,-1.41139,2.29991,-0.01768
3909.20000,-1.41066,2.29991,0.02266
3909.25000,-1.40999,2.29994,0.06311
3909.30000,-1.40935,2.29999,0.10372
3909.35000,-1.40876,2.30007,0.14452
3909.40000,-1.40820,2.30016,0.18553
3909.45000,-1.40768,2.30027,0.22678
3909.50000,-1.40719,2.30040,0.26828
3909.55000,-1.40673,2.30053,0.31005
3909.60000,-1.40629,2.30068,0.35208
3909.65000,-1.40588,2.30084,0.39437
3909.70000,-1.40549,2.30102,0.43689
3909.75000,-1.40472,2.30146,0.47044
3909.80000,-1.40079,2.30362,0.48799
3909.85000,-1.39339,2.30757,0.48568
3909.90000,-1.38484,2.31204,0.47643
3909.95000,-1.37615,2.31648,0.46670
3910.00000,-1.36742,2.32082,0.45661
3910.05000,-1.35865,2.32507,0.44633
3910.10000,-1.34985,2.32923,0.43575
3910.15000,-1.34101,2.33328,0.42479
3910.20000,-1.33214,2.33724,0.41328
3910.25000,-1.32311,2.34115,0.41253
3910.30000,-1.31598,2.34419,0.43121
3910.35000,-1.31209,2.34594,0.46316
3910.40000,-1.31080,2.34661,0.50566
3910.45000,-1.31054,2.34676,0.55317
3910.50000,-1.31035,2.34688,0.59039
3910.55000,-1.30839,2.34829,0.61096
3910.60000,-1.30341,2.35184,0.61230
3910.65000,-1.29723,2.35616,0.60575
3910.70000,-1.29002,2.36110,0.59312
3910.75000,-1.28205,2.36638,0.57628
3910.80000,-1.27398,2.37153,0.55918
3910.85000,-1.26582,2.37654,0.54233
3910.90000,-1.25756,2.38142,0.52527
3910.95000,-1.24925,2.38614,0.50765
3911.00000,-1.24068,2.39099,0.49845
3911.05000,-1.23206,2.39578,0.50376
3911.10000,-1.22527,2.39956,0.51916
3911.15000,-1.22092,2.40211,0.54563
3911.20000,-1.21912,2.40324,0.58389
3911.25000,-1.21888,2.40341,0.62944
3911.30000,-1.21867,2.40359,0.66381
3911.35000,-1.21704,2.40498,0.68013
3911.40000,-1.21261,2.40861,0.67950
3911.45000,-1.20654,2.41348,0.66977
3911.50000,-1.19920,2.41921,0.65395
3911.55000,-1.19146,2.42500,0.63412
3911.60000,-1.18349,2.43073,0.61479
3911.65000,-1.17564,2.43615,0.59422
3911.70000,-1.16762,2.44143,0.57330
3911.75000,-1.15987,2.44633,0.56709
3911.80000,-1.15385,2.45008,0.58156
3911.85000,-1.15152,2.45158,0.61423
3911.90000,-1.15124,2.45179,0.65488
3911.95000,-1.15104,2.45195,0.69578
3912.00000,-1.15084,2.45212,0.73639
3912.05000,-1.15065,2.45232,0.76594
3912.10000,-1.14980,2.45319,0.78009
3912.15000,-1.14583,2.45713,0.77526
3912.20000,-1.13947,2.46325,0.75665
3912.25000,-1.13213,2.47003,0.73420
3912.30000,-1.12463,2.47664,0.71188
3912.35000,-1.11733,2.48278,0.68776
3912.40000,-1.10999,2.48863,0.66282
3912.45000,-1.10252,2.49430,0.63759
3912.50000,-1.09533,2.49954,0.62800
3912.55000,-1.08995,2.50345,0.63943
3912.60000,-1.08693,2.50564,0.66437
3912.65000,-1.08659,2.50586,0.70140
3912.70000,-1.08644,2.50598,0.73834
3912.75000,-1.08628,2.50611,0.77505
3912.80000,-1.08602,2.50641,0.79907
3912.85000,-1.08465,2.50786,0.80725
3912.90000,-1.08110,2.51158,0.80137
3912.95000,-1.07533,2.51746,0.78028
3913.00000,-1.06864,2.52388,0.75290
3913.05000,-1.06175,2.53015,0.72520
3913.10000,-1.05469,2.53620,0.69708
3913.15000,-1.04748,2.54217,0.68230
3913.20000,-1.04093,2.54749,0.68361
3913.25000,-1.03736,2.55041,0.70265
3913.30000,-1.03658,2.55108,0.73996
3913.35000,-1.03593,2.55168,0.77717
3913.40000,-1.03551,2.55209,0.81292
3913.45000,-1.03491,2.55276,0.84015
3913.50000,-1.03378,2.55405,0.84926
3913.55000,-1.03084,2.55739,0.84331
3913.60000,-1.02563,2.56312,0.82078
3913.65000,-1.01931,2.56970,0.79140
3913.70000,-1.01271,2.57618,0.76136
3913.75000,-1.00589,2.58262,0.74334
3913.80000,-1.00032,2.58778,0.74504
3913.85000,-0.99727,2.59065,0.76293
3913.90000,-0.99646,2.59142,0.79336
3913.95000,-0.99623,2.59165,0.82624
3914.00000,-0.99608,2.59182,0.85969
3914.05000,-0.99575,2.59223,0.87791
3914.10000,-0.99415,2.59417,0.87931
3914.15000,-0.99022,2.59884,0.86405
3914.20000,-0.98493,2.60488,0.83836
3914.25000,-0.97871,2.61158,0.80723
3914.30000,-0.97223,2.61814,0.77571
3914.35000,-0.96590,2.62424,0.76012
3914.40000,-0.96086,2.62905,0.76246
3914.45000,-0.95826,2.63158,0.78114
3914.50000,-0.95745,2.63241,0.81230
3914.55000,-0.95684,2.63307,0.84461
3914.60000,-0.95628,2.63372,0.87615
3914.65000,-0.95572,2.63441,0.90790
3914.70000,-0.95521,2.63510,0.93945
3914.75000,-0.95500,2.63542,0.95497
3914.80000,-0.95316,2.63800,0.95206
3914.85000,-0.94954,2.64299,0.93418
3914.90000,-0.94471,2.64934,0.90728
3914.95000,-0.93899,2.65642,0.87514
3915.00000,-0.93300,2.66336,0.84261
3915.05000,-0.92692,2.67018,0.81813
3915.10000,-0.92093,2.67656,0.80764
3915.15000,-0.91577,2.68194,0.80525
3915.20000,-0.91154,2.68636,0.81029
3915.25000,-0.90836,2.68975,0.82307
3915.30000,-0.90726,2.69098,0.85075
3915.35000,-0.90667,2.69167,0.88247
3915.40000,-0.90610,2.69239,0.91378
3915.45000,-0.90557,2.69310,0.94448
3915.50000,-0.90507,2.69382,0.97483
3915.55000,-0.90459,2.69456,1.00468
3915.60000,-0.90451,2.69478,1.02098
3915.65000,-0.90335,2.69664,1.02239
3915.70000,-0.90091,2.70058,1.01222
3915.75000,-0.89671,2.70710,0.98674
3915.80000,-0.89162,2.71453,0.95453
3915.85000,-0.88620,2.72194,0.92176
3915.90000,-0.88053,2.72915,0.88881
3915.95000,-0.87467,2.73634,0.86350
3916.00000,-0.86891,2.74305,0.85106
3916.05000,-0.86450,2.74808,0.85062
3916.10000,-0.86164,2.75141,0.86217
3916.15000,-0.86062,2.75264,0.88709
3916.20000,-0.86033,2.75299,0.91427
3916.25000,-0.86007,2.75332,0.94095
3916.30000,-0.85975,2.75376,0.96756
3916.35000,-0.85952,2.75408,0.99325
3916.40000,-0.85911,2.75473,1.02014
3916.45000,-0.85872,2.75535,1.04618
3916.50000,-0.85830,2.75609,1.07263
3916.55000,-0.85791,2.75683,1.08316
3916.60000,-0.85624,2.75989,1.07890
3916.65000,-0.85312,2.76556,1.05963
3916.70000,-0.84902,2.77264,1.03147
3916.75000,-0.84394,2.78080,0.99797
3916.80000,-0.83918,2.78787,0.95399
3916.85000,-0.83411,2.79465,0.90412
3916.90000,-0.82840,2.80152,0.85182
3916.95000,-0.82171,2.80878,0.80063
3917.00000,-0.81483,2.81551,0.74718
3917.05000,-0.80734,2.82208,0.69469
3917.10000,-0.79957,2.82822,0.64102
3917.15000,-0.79139,2.83398,0.58722
3917.20000,-0.78293,2.83928,0.53293
3917.25000,-0.77419,2.84413,0.47975
3917.30000,-0.76520,2.84851,0.42662
3917.35000,-0.75648,2.85217,0.37074
3917.40000,-0.74778,2.85527,0.31743
3917.45000,-0.73908,2.85788,0.28245
3917.50000,-0.73265,2.85956,0.26085
3917.55000,-0.72674,2.86103,0.22399
3917.60000,-0.72078,2.86225,0.17627
3917.65000,-0.71396,2.86327,0.12388
3917.70000,-0.70632,2.86401,0.06905
3917.75000,-0.69802,2.86435,0.01275
3917.80000,-0.68929,2.86421,-0.04459
3917.85000,-0.68027,2.86355,-0.10264
3917.90000,-0.67101,2.86232,-0.16089
3917.95000,-0.66162,2.86051,-0.21925
3918.00000,-0.65243,2.85852,-0.27044
3918.05000,-0.64305,2.85627,-0.29996
3918.10000,-0.63354,2.85382,-0.31006
3918.15000,-0.62464,2.85141,-0.31126
3918.20000,-0.61714,2.84914,-0.30387
3918.25000,-0.61141,2.84756,-0.28723
3918.30000,-0.60775,2.84660,-0.26338
3918.35000,-0.60607,2.84626,-0.22555
3918.40000,-0.60554,2.84615,-0.18435
3918.45000,-0.60545,2.84614,-0.14494
3918.50000,-0.60537,2.84614,-0.10556
3918.55000,-0.60538,2.84614,-0.08205
3918.60000,-0.60570,2.84621,-0.08246
3918.65000,-0.60542,2.84604,-0.09951
3918.70000,-0.60250,2.84556,-0.13197
3918.75000,-0.59709,2.84470,-0.17505
3918.80000,-0.59016,2.84333,-0.22162
3918.85000,-0.58339,2.84183,-0.26409
3918.90000,-0.57633,2.83997,-0.28020
3918.95000,-0.56926,2.83807,-0.27229
3919.00000,-0.56479,2.83713,-0.24677
3919.05000,-0.56350,2.83686,-0.22551
3919.10000,-0.56217,2.83648,-0.23288
3919.15000,-0.55909,2.83567,-0.25925
3919.20000,-0.55441,2.83431,-0.29662
3919.25000,-0.54904,2.83265,-0.33003
3919.30000,-0.54344,2.83076,-0.33301
3919.35000,-0.53954,2.82971,-0.30510
3919.40000,-0.53883,2.82952,-0.26525
3919.45000,-0.53870,2.82949,-0.22284
3919.50000,-0.53860,2.82949,-0.19491
3919.55000,-0.53855,2.82948,-0.19675
3919.60000,-0.53682,2.82894,-0.21601
3919.65000,-0.53165,2.82770,-0.24770
3919.70000,-0.52552,2.82600,-0.28832
3919.75000,-0.51775,2.82350,-0.33155
3919.80000,-0.50892,2.82024,-0.37671
3919.85000,-0.50001,2.81679,-0.41686
3919.90000,-0.49112,2.81333,-0.43848
3919.95000,-0.48278,2.80973,-0.43227
3920.00000,-0.47741,2.80732,-0.41080
3920.05000,-0.47454,2.80612,-0.37783
3920.10000,-0.47399,2.80591,-0.33452
3920.15000,-0.47386,2.80586,-0.28926
3920.20000,-0.47372,2.80583,-0.24401
3920.25000,-0.47358,2.80580,-0.19882
3920.30000,-0.47344,2.80577,-0.15370
3920.35000,-0.47330,2.80575,-0.10867
3920.40000,-0.47307,2.80568,-0.07534
3920.45000,-0.47282,2.80564,-0.06923
3920.50000,-0.47144,2.80538,-0.08119
3920.55000,-0.46719,2.80489,-0.10942
3920.60000,-0.46040,2.80402,-0.14625
3920.65000,-0.45263,2.80267,-0.18878
3920.70000,-0.44368,2.80075,-0.23331
3920.75000,-0.43493,2.79844,-0.28072
3920.80000,-0.42639,2.79574,-0.32729
3920.85000,-0.41798,2.79289,-0.36222
3920.90000,-0.40957,2.79001,-0.37938
3920.95000,-0.40109,2.78687,-0.37260
3921.00000,-0.39372,2.78405,-0.35862
3921.05000,-0.38862,2.78219,-0.33468
3921.10000,-0.38605,2.78134,-0.29992
3921.15000,-0.38564,2.78122,-0.25625
3921.20000,-0.38546,2.78118,-0.21198
3921.25000,-0.38527,2.78114,-0.16825
3921.30000,-0.38507,2.78111,-0.12506
3921.35000,-0.38503,2.78116,-0.09335
3921.40000,-0.38503,2.78107,-0.08810
3921.45000,-0.38260,2.78066,-0.10031
3921.50000,-0.37743,2.78000,-0.12702
3921.55000,-0.37033,2.77896,-0.16360
3921.60000,-0.36196,2.77738,-0.20464
3921.65000,-0.35325,2.77536,-0.24798
3921.70000,-0.34500,2.77316,-0.27408
3921.75000,-0.33696,2.77080,-0.28175
3921.80000,-0.32900,2.76852,-0.27375
3921.85000,-0.32412,2.76726,-0.25006
3921.90000,-0.32161,2.76666,-0.21602
3921.95000,-0.32115,2.76656,-0.17338
3922.00000,-0.32096,2.76653,-0.12964
3922.05000,-0.32090,2.76660,-0.09720
3922.10000,-0.32101,2.76649,-0.08728
3922.15000,-0.31955,2.76627,-0.09284
3922.20000,-0.31516,2.76570,-0.11284
3922.25000,-0.30823,2.76477,-0.14674
3922.30000,-0.29989,2.76336,-0.18678
3922.35000,-0.29113,2.76152,-0.22872
3922.40000,-0.28240,2.75946,-0.26423
3922.45000,-0.27341,2.75712,-0.28261
3922.50000,-0.26398,2.75433,-0.28119
3922.55000,-0.25479,2.75171,-0.27342
3922.60000,-0.24629,2.74939,-0.26098
3922.65000,-0.23847,2.74737,-0.24404
3922.70000,-0.23131,2.74567,-0.22274
3922.75000,-0.22481,2.74428,-0.19725
3922.80000,-0.21886,2.74318,-0.16821
3922.85000,-0.21343,2.74236,-0.13581
3922.90000,-0.21073,2.74216,-0.09142
3922.95000,-0.21058,2.74215,-0.04366
3923.00000,-0.21041,2.74215,-0.01349
3923.05000,-0.20968,2.74212,-0.00960
3923.10000,-0.20680,2.74206,-0.01678
3923.15000,-0.20148,2.74188,-0.03601
3923.20000,-0.19377,2.74147,-0.06764
3923.25000,-0.18495,2.74070,-0.10576
3923.30000,-0.17595,2.73972,-0.13879
3923.35000,-0.16669,2.73843,-0.15360
3923.40000,-0.15717,2.73684,-0.15101
3923.45000,-0.14742,2.73523,-0.14083
3923.50000,-0.13772,2.73394,-0.12427
3923.55000,-0.13098,2.73326,-0.09491
3923.60000,-0.12667,2.73293,-0.05586
3923.65000,-0.12453,2.73285,-0.00752
3923.70000,-0.12386,2.73285,0.03164
3923.75000,-0.12291,2.73293,0.04106
3923.80000,-0.11976,2.73314,0.03624
3923.85000,-0.11454,2.73337,0.02130
3923.90000,-0.10651,2.73344,-0.00731
3923.95000,-0.09746,2.73321,-0.04224
3924.00000,-0.08837,2.73266,-0.07802
3924.05000,-0.07925,2.73179,-0.11311
3924.10000,-0.07029,2.73072,-0.13354
3924.15000,-0.06134,2.72952,-0.14189
3924.20000,-0.05228,2.72818,-0.14167
3924.25000,-0.04320,2.72679,-0.12921
3924.30000,-0.03449,2.72574,-0.10079
3924.35000,-0.02782,2.72519,-0.06158
3924.40000,-0.02405,2.72512,-0.02077
3924.45000,-0.02184,2.72511,0.00876
3924.50000,-0.02051,2.72516,0.03926
3924.55000,-0.01921,2.72525,0.04746
3924.60000,-0.01540,2.72548,0.03355
3924.65000,-0.00873,2.72562,0.00648
3924.70000,0.00005,2.72553,-0.02614
3924.75000,0.00848,2.72515,-0.06901
3924.80000,0.01697,2.72435,-0.11800
3924.85000,0.02637,2.72298,-0.16711
3924.90000,0.03559,2.72119,-0.21856
3924.95000,0.04508,2.71882,-0.27122
3925.00000,0.05402,2.71608,-0.32646
3925.05000,0.06248,2.71294,-0.38267
3925.10000,0.07087,2.70928,-0.43778
3925.15000,0.07968,2.70486,-0.48944
3925.20000,0.08836,2.69995,-0.53997
3925.25000,0.09676,2.69461,-0.59011
3925.30000,0.10490,2.68885,-0.63953
3925.35000,0.11274,2.68271,-0.68823
3925.40000,0.12028,2.67619,-0.73657
3925.45000,0.12750,2.66931,-0.78452
3925.50000,0.13438,2.66210,-0.83143
3925.55000,0.13940,2.65634,-0.88209
3925.60000,0.14201,2.65299,-0.94286
3925.65000,0.14328,2.65113,-1.01193
3925.70000,0.14371,2.65040,-1.08672
3925.75000,0.14377,2.65027,-1.16436
3925.80000,0.14381,2.65016,-1.24193
3925.85000,0.14384,2.65005,-1.31931
3925.90000,0.14387,2.64994,-1.39651
3925.95000,0.14388,2.64982,-1.47353
3926.00000,0.14389,2.64971,-1.55039
3926.05000,0.14389,2.64959,-1.62711
3926.10000,0.14388,2.64947,-1.70371
3926.15000,0.14386,2.64936,-1.78022
3926.20000,0.14383,2.64925,-1.85666
3926.25000,0.14379,2.64914,-1.93306
3926.30000,0.14375,2.64904,-2.00947
3926.35000,0.14370,2.64894,-2.08593
3926.40000,0.14364,2.64884,-2.16248
3926.45000,0.14357,2.64875,-2.23916
3926.50000,0.14349,2.64866,-2.31603
3926.55000,0.14341,2.64858,-2.39313
3926.60000,0.14332,2.64850,-2.47052
3926.65000,0.14323,2.64843,-2.54823
3926.70000,0.14313,2.64837,-2.62629
3926.75000,0.14302,2.64831,-2.70393
3926.80000,0.14291,2.64827,-2.78061
3926.85000,0.14279,2.64823,-2.85633
3926.90000,0.14268,2.64820,-2.93108
3926.95000,0.14256,2.64818,-3.00485
3927.00000,0.14244,2.64817,-3.07762
3927.05000,0.14232,2.64816,3.13379
3927.10000,0.14220,2.64817,3.06303
3927.15000,0.14208,2.64818,2.99330
3927.20000,0.14196,2.64820,2.92469
3927.25000,0.14184,2.64823,2.85718
3927.30000,0.14172,2.64827,2.79073
3927.35000,0.14161,2.64832,2.72533
3927.40000,0.14150,2.64837,2.66099
3927.45000,0.14140,2.64846,2.60798
3927.50000,0.14077,2.64887,2.56673
3927.55000,0.14016,2.64936,2.52839
3927.60000,0.13668,2.65199,2.51335
3927.65000,0.12982,2.65699,2.51552
3927.70000,0.12188,2.66267,2.52453
3927.75000,0.11386,2.66830,2.53413
3927.80000,0.10579,2.67385,2.54394
3927.85000,0.09766,2.67933,2.55385
3927.90000,0.08954,2.68468,2.56473
3927.95000,0.08123,2.69002,2.57603
3928.00000,0.07275,2.69533,2.58667
3928.05000,0.06424,2.70055,2.59732
3928.10000,0.05566,2.70567,2.60850
3928.15000,0.04703,2.71069,2.61995
3928.20000,0.03835,2.71561,2.63264
3928.25000,0.02966,2.72038,2.64676
3928.30000,0.02090,2.72503,2.66071
3928.35000,0.01208,2.72955,2.67490
3928.40000,0.00347,2.73380,2.69040
3928.45000,-0.00559,2.73811,2.70477
3928.50000,-0.01466,2.74227,2.71898
3928.55000,-0.02380,2.74630,2.73300
3928.60000,-0.03299,2.75020,2.74723
3928.65000,-0.04240,2.75402,2.76385
3928.70000,-0.05179,2.75766,2.77915
3928.75000,-0.06115,2.76112,2.79456
3928.80000,-0.07057,2.76444,2.81053
3928.85000,-0.08005,2.76761,2.82681
3928.90000,-0.08958,2.77063,2.84351
3928.95000,-0.09925,2.77351,2.86122
3929.00000,-0.10893,2.77620,2.87902
3929.05000,-0.11866,2.77872,2.89713
3929.10000,-0.12881,2.78115,2.91725
3929.15000,-0.13909,2.78339,2.93810
3929.20000,-0.14861,2.78499,2.94655
3929.25000,-0.15688,2.78549,2.93130
3929.30000,-0.16255,2.78584,2.89675
3929.35000,-0.16574,2.78652,2.85180
3929.40000,-0.16648,2.78675,2.79704
3929.45000,-0.16676,2.78688,2.75111
3929.50000,-0.16725,2.78727,2.72299
3929.55000,-0.16869,2.78807,2.70996
3929.60000,-0.17264,2.78996,2.70875
3929.65000,-0.18015,2.79355,2.72325
3929.70000,-0.18953,2.79760,2.74556
3929.75000,-0.19917,2.80151,2.76875
3929.80000,-0.20906,2.80524,2.79266
3929.85000,-0.21908,2.80875,2.81709
3929.90000,-0.22918,2.81201,2.84183
3929.95000,-0.23847,2.81438,2.85540
3930.00000,-0.24621,2.81566,2.84356
3930.05000,-0.25016,2.81644,2.81326
3930.10000,-0.25061,2.81659,2.76874
3930.15000,-0.25080,2.81667,2.72388
3930.20000,-0.25104,2.81683,2.68640
3930.25000,-0.25146,2.81719,2.66012
3930.30000,-0.25201,2.81769,2.64411
3930.35000,-0.25360,2.81861,2.63664
3930.40000,-0.25685,2.82047,2.63728
3930.45000,-0.26379,2.82433,2.65484
3930.50000,-0.27275,2.82895,2.68152
3930.55000,-0.28180,2.83330,2.70773
3930.60000,-0.29091,2.83737,2.73369
3930.65000,-0.30021,2.84127,2.76234
3930.70000,-0.30866,2.84436,2.77664
3930.75000,-0.31562,2.84689,2.77194
3930.80000,-0.31892,2.84792,2.76623
3930.85000,-0.32111,2.84862,2.76265
3930.90000,-0.32182,2.84875,2.73229
3930.95000,-0.32120,2.84848,2.69387
3931.00000,-0.32070,2.84835,2.66820
3931.05000,-0.32106,2.84876,2.66197
3931.10000,-0.32485,2.85086,2.67447
3931.15000,-0.33098,2.85393,2.69949
3931.20000,-0.33898,2.85756,2.73153
3931.25000,-0.34784,2.86121,2.76924
3931.30000,-0.35722,2.86467,2.80746
3931.35000,-0.36672,2.86776,2.84676
3931.40000,-0.37631,2.87046,2.88774
3931.45000,-0.38447,2.87245,2.90745
3931.50000,-0.39065,2.87378,2.89940
3931.55000,-0.39445,2.87455,2.88932
3931.60000,-0.39807,2.87529,2.89285
3931.65000,-0.40157,2.87594,2.90511
3931.70000,-0.40606,2.87712,2.91639
3931.75000,-0.41021,2.87802,2.92292
3931.80000,-0.41545,2.87914,2.94545
3931.85000,-0.42213,2.88040,2.97791
3931.90000,-0.42948,2.88148,3.00093
3931.95000,-0.43661,2.88207,2.99922
3932.00000,-0.44134,2.88252,2.99308
3932.05000,-0.44524,2.88308,3.00932
3932.10000,-0.45024,2.88379,3.02130
3932.15000,-0.45529,2.88448,3.01215
3932.20000,-0.45806,2.88481,2.99435
3932.25000,-0.45979,2.88504,2.98296
3932.30000,-0.46111,2.88526,2.94818
3932.35000,-0.46208,2.88537,2.91199
3932.40000,-0.46312,2.88560,2.90065
3932.45000,-0.46631,2.88648,2.91794
3932.50000,-0.47235,2.88779,2.94570
3932.55000,-0.47929,2.88905,2.98295
3932.60000,-0.48790,2.89027,3.02319
3932.65000,-0.49695,2.89113,3.06811
3932.70000,-0.50594,2.89161,3.11401
3932.75000,-0.51444,2.89168,-3.13233
3932.80000,-0.52254,2.89159,-3.11953
3932.85000,-0.53032,2.89153,-3.13250
3932.90000,-0.53628,2.89154,3.11845
3932.95000,-0.53928,2.89157,3.08708
3933.00000,-0.54184,2.89154,3.07533
3933.05000,-0.54421,2.89134,3.07623
3933.10000,-0.54667,2.89144,3.10014
3933.15000,-0.55017,2.89151,-3.13717
3933.20000,-0.55535,2.89135,-3.08505
3933.25000,-0.56151,2.89083,-3.02925
3933.30000,-0.56833,2.88986,-2.97087
3933.35000,-0.57554,2.88839,-2.91060
3933.40000,-0.58305,2.88637,-2.84929
3933.45000,-0.59069,2.88382,-2.78721
3933.50000,-0.59834,2.88071,-2.72465
3933.55000,-0.60595,2.87705,-2.66187
3933.60000,-0.61255,2.87334,-2.59520
3933.65000,-0.61857,2.86939,-2.52663
3933.70000,-0.62399,2.86526,-2.45628
3933.75000,-0.62937,2.86054,-2.38692
3933.80000,-0.63412,2.85575,-2.31585
3933.85000,-0.63828,2.85090,-2.24331
3933.90000,-0.64216,2.84565,-2.17114
3933.95000,-0.64571,2.84004,-2.09929
3934.00000,-0.64889,2.83411,-2.02774
3934.05000,-0.65169,2.82787,-1.95655
3934.10000,-0.65406,2.82137,-1.88566
3934.15000,-0.65599,2.81463,-1.81511
3934.20000,-0.65747,2.80768,-1.74489
3934.25000,-0.65846,2.80058,-1.67494
3934.30000,-0.65896,2.79334,-1.60532
3934.35000,-0.65896,2.78600,-1.53600
3934.40000,-0.65845,2.77861,-1.46698
3934.45000,-0.65742,2.77118,-1.39828
3934.50000,-0.65586,2.76375,-1.32994
3934.55000,-0.65378,2.75640,-1.26180
3934.60000,-0.65118,2.74912,-1.19401
3934.65000,-0.64806,2.74194,-1.12662
3934.70000,-0.64442,2.73491,-1.05957
3934.75000,-0.64099,2.72925,-0.98770
3934.80000,-0.63765,2.72459,-0.91242
3934.85000,-0.63386,2.72005,-0.83774
3934.90000,-0.62968,2.71574,-0.76399
3934.95000,-0.62520,2.71175,-0.69136
3935.00000,-0.62046,2.70811,-0.61986
3935.05000,-0.61553,2.70484,-0.54947
3935.10000,-0.61044,2.70196,-0.48021
3935.15000,-0.60527,2.69949,-0.41206
3935.20000,-0.60007,2.69742,-0.34501
3935.25000,-0.59489,2.69574,-0.27908
3935.30000,-0.58978,2.69446,-0.21426
3935.35000,-0.58477,2.69353,-0.15056
3935.40000,-0.57990,2.69295,-0.08796
3935.45000,-0.57520,2.69268,-0.02649
3935.50000,-0.57070,2.69270,0.03388
3935.55000,-0.56639,2.69297,0.09312
3935.60000,-0.56230,2.69347,0.15125
3935.65000,-0.55843,2.69417,0.20825
3935.70000,-0.55224,2.69570,0.26039
3935.75000,-0.54455,2.69794,0.31199
3935.80000,-0.53650,2.70080,0.36549
3935.85000,-0.52876,2.70402,0.42255
3935.90000,-0.52024,2.70815,0.47614
3935.95000,-0.51259,2.71237,0.53142
3936.00000,-0.50527,2.71694,0.58596
3936.05000,-0.49818,2.72192,0.63917
3936.10000,-0.49127,2.72706,0.68530
3936.15000,-0.48462,2.73201,0.70570
3936.20000,-0.47799,2.73733,0.69998
3936.25000,-0.47060,2.74346,0.68337
3936.30000,-0.46310,2.74947,0.66649
3936.35000,-0.45552,2.75533,0.64857
3936.40000,-0.44787,2.76102,0.62996
3936.45000,-0.44011,2.76656,0.61057
3936.50000,-0.43229,2.77191,0.59017
3936.55000,-0.42437,2.77710,0.56897
3936.60000,-0.41635,2.78210,0.54686
3936.65000,-0.40824,2.78691,0.52412
3936.70000,-0.40004,2.79153,0.50054
3936.75000,-0.39174,2.79594,0.47673
3936.80000,-0.38334,2.80015,0.45231
3936.85000,-0.37486,2.80414,0.42736
3936.90000,-0.36629,2.80791,0.40184
3936.95000,-0.35764,2.81146,0.37589
3937.00000,-0.34890,2.81477,0.34964
3937.05000,-0.34009,2.81785,0.32290
3937.10000,-0.33121,2.82069,0.29599
3937.15000,-0.32226,2.82329,0.26863
3937.20000,-0.31325,2.82564,0.24126
3937.25000,-0.30418,2.82774,0.21371
3937.30000,-0.29506,2.82958,0.18591
3937.35000,-0.28589,2.83117,0.15814
3937.40000,-0.27668,2.83251,0.13034
3937.45000,-0.26745,2.83359,0.10207
3937.50000,-0.25819,2.83441,0.07396
3937.55000,-0.24891,2.83496,0.04584
3937.60000,-0.23962,2.83526,0.01754
3937.65000,-0.23033,2.83529,-0.01084
3937.70000,-0.22104,2.83506,-0.03900
3937.75000,-0.21175,2.83456,-0.06712
3937.80000,-0.20250,2.83381,-0.09572
3937.85000,-0.19328,2.83279,-0.12461
3937.90000,-0.18410,2.83150,-0.15397
3937.95000,-0.17497,2.82995,-0.18355
3938.00000,-0.16590,2.82812,-0.21325
3938.05000,-0.15689,2.82603,-0.24313
3938.10000,-0.14795,2.82367,-0.27346
3938.15000,-0.13910,2.82104,-0.30406
3938.20000,-0.13034,2.81814,-0.33496
3938.25000,-0.12167,2.81496,-0.36648
3938.30000,-0.11408,2.81190,-0.40364
3938.35000,-0.10901,2.80963,-0.44831
3938.40000,-0.10645,2.80833,-0.50349
3938.45000,-0.10608,2.80812,-0.56844
3938.50000,-0.10600,2.80807,-0.63465
3938.55000,-0.10593,2.80801,-0.70057
3938.60000,-0.10586,2.80795,-0.76618
3938.65000,-0.10580,2.80789,-0.83144
3938.70000,-0.10574,2.80782,-0.89634
3938.75000,-0.10568,2.80774,-0.96086
3938.80000,-0.10563,2.80766,-1.02498
3938.85000,-0.10559,2.80758,-1.08868
3938.90000,-0.10555,2.80750,-1.15195
3938.95000,-0.10551,2.80741,-1.21476
3939.00000,-0.10548,2.80732,-1.27711
3939.05000,-0.10545,2.80723,-1.33897
3939.10000,-0.10544,2.80713,-1.40033
3939.15000,-0.10542,2.80704,-1.46117
3939.20000,-0.10541,2.80694,-1.52149
3939.25000,-0.10541,2.80684,-1.58127
3939.30000,-0.10542,2.80674,-1.64050
3939.35000,-0.10543,2.80665,-1.69916
3939.40000,-0.10544,2.80655,-1.75724
3939.45000,-0.10546,2.80645,-1.81473
3939.50000,-0.10549,2.80636,-1.87162
3939.55000,-0.10552,2.80627,-1.92790
3939.60000,-0.10556,2.80617,-1.98356
3939.65000,-0.10560,2.80608,-2.03859
3939.70000,-0.10565,2.80600,-2.09297
3939.75000,-0.10570,2.80591,-2.14672
3939.80000,-0.10576,2.80583,-2.19984
3939.85000,-0.10582,2.80575,-2.25235
3939.90000,-0.10588,2.80567,-2.30425
3939.95000,-0.10595,2.80560,-2.35553
3940.00000,-0.10602,2.80553,-2.40619
3940.05000,-0.10610,2.80547,-2.45622
3940.10000,-0.10618,2.80541,-2.50563
3940.15000,-0.10626,2.80535,-2.55442
3940.20000,-0.10635,2.80530,-2.60259
3940.25000,-0.10643,2.80525,-2.65015
3940.30000,-0.10652,2.80520,-2.69709
3940.35000,-0.10661,2.80516,-2.74342
3940.40000,-0.10671,2.80512,-2.78913
3940.45000,-0.10680,2.80509,-2.83424
3940.50000,-0.10690,2.80506,-2.87874
3940.55000,-0.10699,2.80504,-2.92264
3940.60000,-0.10709,2.80502,-2.96594
3940.65000,-0.10719,2.80500,-3.00865
3940.70000,-0.10729,2.80499,-3.05077
3940.75000,-0.10739,2.80499,-3.09231
3940.80000,-0.10749,2.80498,-3.13327
3940.85000,-0.10945,2.80505,3.10921
3940.90000,-0.11544,2.80539,3.06790
3940.95000,-0.12390,2.80620,3.02595
3941.00000,-0.13274,2.80742,2.98303
3941.05000,-0.14154,2.80902,2.94084
3941.10000,-0.15028,2.81098,2.89942
3941.15000,-0.15896,2.81332,2.85879
3941.20000,-0.16755,2.81600,2.81914
3941.25000,-0.17606,2.81884,2.79163
3941.30000,-0.18468,2.82182,2.77704
3941.35000,-0.19343,2.82496,2.77171
3941.40000,-0.20257,2.82842,2.77593
3941.45000,-0.21207,2.83202,2.78339
3941.50000,-0.22160,2.83555,2.79134
3941.55000,-0.23105,2.83896,2.79906
3941.60000,-0.24055,2.84230,2.80739
3941.65000,-0.25014,2.84558,2.81660
3941.70000,-0.25946,2.84851,2.81755
3941.75000,-0.26769,2.85115,2.79618
3941.80000,-0.27618,2.85435,2.76539
3941.85000,-0.28471,2.85787,2.73446
3941.90000,-0.29325,2.86161,2.71132
3941.95000,-0.30199,2.86559,2.70332
3942.00000,-0.31071,2.86958,2.70438
3942.05000,-0.31939,2.87356,2.71903
3942.10000,-0.32844,2.87749,2.74201
3942.15000,-0.33768,2.88126,2.76520
3942.20000,-0.34700,2.88483,2.78848
3942.25000,-0.35638,2.88815,2.81267
3942.30000,-0.36587,2.89126,2.83684
3942.35000,-0.37543,2.89414,2.86107
3942.40000,-0.38506,2.89678,2.88548
3942.45000,-0.39472,2.89918,2.91039
3942.50000,-0.40391,2.90121,2.93782
3942.55000,-0.41302,2.90296,2.96684
3942.60000,-0.42257,2.90453,2.99350
3942.65000,-0.43176,2.90576,3.02270
3942.70000,-0.44099,2.90673,3.05142
3942.75000,-0.45025,2.90744,3.07975
3942.80000,-0.45950,2.90787,3.10936
3942.85000,-0.46876,2.90803,3.13911
3942.90000,-0.47803,2.90792,-3.11520
3942.95000,-0.48739,2.90760,-3.09277
3943.00000,-0.49555,2.90748,-3.08053
3943.05000,-0.50219,2.90739,-3.07626
3943.10000,-0.50733,2.90733,-3.07991
3943.15000,-0.51173,2.90729,-3.08850
3943.20000,-0.51607,2.90726,-3.09764
3943.25000,-0.52040,2.90722,-3.10678
3943.30000,-0.52279,2.90719,-3.11204
3943.35000,-0.52379,2.90717,-3.11469
3943.40000,-0.52452,2.90716,-3.12101
3943.45000,-0.52599,2.90710,-3.10572
3943.50000,-0.53012,2.90687,-3.07272
3943.55000,-0.53660,2.90628,-3.03010
3943.60000,-0.54411,2.90527,-2.98301
3943.65000,-0.55175,2.90389,-2.93251
3943.70000,-0.55977,2.90196,-2.87951
3943.75000,-0.56774,2.89986,-2.83131
3943.80000,-0.57557,2.89781,-2.80599
3943.85000,-0.58000,2.89658,-2.79318
3943.90000,-0.58379,2.89515,-2.76398
3943.95000,-0.58914,2.89293,-2.72635
3944.00000,-0.59582,2.88975,-2.68205
3944.05000,-0.60380,2.88557,-2.63284
3944.10000,-0.61193,2.88080,-2.58238
3944.15000,-0.61912,2.87604,-2.52821
3944.20000,-0.62668,2.87039,-2.47450
3944.25000,-0.63437,2.86401,-2.42329
3944.30000,-0.64153,2.85771,-2.37857
3944.35000,-0.64866,2.85137,-2.35366
3944.40000,-0.65460,2.84578,-2.35659
3944.45000,-0.65804,2.84242,-2.37828
3944.50000,-0.66036,2.84019,-2.39859
3944.55000,-0.66135,2.83934,-2.41057
3944.60000,-0.66190,2.83885,-2.42206
3944.65000,-0.66297,2.83791,-2.41161
3944.70000,-0.66579,2.83534,-2.38451
3944.75000,-0.66951,2.83170,-2.34768
3944.80000,-0.67416,2.82676,-2.30370
3944.85000,-0.67949,2.82054,-2.25726
3944.90000,-0.68534,2.81305,-2.21040
3944.95000,-0.69068,2.80574,-2.17427
3945.00000,-0.69539,2.79894,-2.16921
3945.05000,-0.69882,2.79399,-2.19059
3945.10000,-0.70073,2.79138,-2.22550
3945.15000,-0.70115,2.79086,-2.27143
3945.20000,-0.70122,2.79077,-2.31993
3945.25000,-0.70127,2.79074,-2.36012
3945.30000,-0.70137,2.79072,-2.37890
3945.35000,-0.70219,2.79000,-2.37033
3945.40000,-0.70544,2.78679,-2.34438
3945.45000,-0.70954,2.78245,-2.30638
3945.50000,-0.71432,2.77693,-2.26255
3945.55000,-0.72000,2.76975,-2.21840
3945.60000,-0.72536,2.76244,-2.18745
3945.65000,-0.72990,2.75599,-2.18920
3945.70000,-0.73283,2.75194,-2.21895
3945.75000,-0.73393,2.75054,-2.26580
3945.80000,-0.73414,2.75030,-2.31923
3945.85000,-0.73435,2.75009,-2.37290
3945.90000,-0.73456,2.74991,-2.41651
3945.95000,-0.73473,2.74984,-2.44139
3946.00000,-0.73489,2.74982,-2.44439
3946.05000,-0.73692,2.74809,-2.42688
3946.10000,-0.74135,2.74418,-2.39199
3946.15000,-0.74638,2.73929,-2.34950
3946.20000,-0.75198,2.73335,-2.30347
3946.25000,-0.75838,2.72590,-2.25882
3946.30000,-0.76423,2.71847,-2.21217
3946.35000,-0.76945,2.71144,-2.17755
3946.40000,-0.77426,2.70463,-2.17457
3946.45000,-0.77760,2.69984,-2.20064
3946.50000,-0.77889,2.69814,-2.24794
3946.55000,-0.77923,2.69773,-2.30220
3946.60000,-0.77957,2.69738,-2.35670
3946.65000,-0.77992,2.69704,-2.41107
3946.70000,-0.78030,2.69673,-2.45371
3946.75000,-0.78101,2.69619,-2.46421
3946.80000,-0.78264,2.69487,-2.45117
3946.85000,-0.78529,2.69263,-2.42930
3946.90000,-0.78993,2.68848,-2.40029
3946.95000,-0.79610,2.68261,-2.36259
3947.00000,-0.80281,2.67571,-2.32068
3947.05000,-0.80947,2.66825,-2.27810
3947.10000,-0.81572,2.66088,-2.24201
3947.15000,-0.82203,2.65339,-2.22816
3947.20000,-0.82767,2.64632,-2.24299
3947.25000,-0.83201,2.64101,-2.27335
3947.30000,-0.83456,2.63810,-2.31635
3947.35000,-0.83535,2.63729,-2.37060
3947.40000,-0.83593,2.63674,-2.42632
3947.45000,-0.83656,2.63624,-2.48186
3947.50000,-0.83721,2.63576,-2.52447
3947.55000,-0.83819,2.63505,-2.53592
3947.60000,-0.84114,2.63297,-2.52047
3947.65000,-0.84623,2.62924,-2.49422
3947.70000,-0.85264,2.62426,-2.46114
3947.75000,-0.85974,2.61828,-2.42357
3947.80000,-0.86712,2.61158,-2.38377
3947.85000,-0.87425,2.60456,-2.34360
3947.90000,-0.88107,2.59755,-2.31132
3947.95000,-0.88749,2.59086,-2.30312
3948.00000,-0.89311,2.58480,-2.32250
3948.05000,-0.89723,2.58053,-2.35850
3948.10000,-0.89924,2.57860,-2.40756
3948.15000,-0.90013,2.57784,-2.46323
3948.20000,-0.90103,2.57716,-2.51881
3948.25000,-0.90190,2.57657,-2.57416
3948.30000,-0.90281,2.57602,-2.61666
3948.35000,-0.90402,2.57525,-2.63184
3948.40000,-0.90642,2.57382,-2.62350
3948.45000,-0.91198,2.57056,-2.59894
3948.50000,-0.91902,2.56616,-2.56733
3948.55000,-0.92701,2.56079,-2.53091
3948.60000,-0.93509,2.55491,-2.49358
3948.65000,-0.94295,2.54872,-2.45627
3948.70000,-0.95055,2.54252,-2.42594
3948.75000,-0.95781,2.53660,-2.41523
3948.80000,-0.96473,2.53097,-2.42222
3948.85000,-0.97149,2.52538,-2.44015
3948.90000,-0.97651,2.52125,-2.47158
3948.95000,-0.97920,2.51920,-2.51564
3949.00000,-0.97985,2.51875,-2.56999
3949.05000,-0.98031,2.51847,-2.62511
3949.10000,-0.98079,2.51823,-2.66882
3949.15000,-0.98165,2.51772,-2.68493
3949.20000,-0.98556,2.51573,-2.67275
3949.25000,-0.99171,2.51252,-2.64995
3949.30000,-0.99940,2.50826,-2.62031
3949.35000,-1.00791,2.50318,-2.58638
3949.40000,-1.01631,2.49777,-2.55258
3949.45000,-1.02444,2.49231,-2.52704
3949.50000,-1.03268,2.48669,-2.52062
3949.55000,-1.04049,2.48132,-2.53285
3949.60000,-1.04656,2.47719,-2.55834
3949.65000,-1.05035,2.47478,-2.59555
3949.70000,-1.05167,2.47400,-2.64462
3949.75000,-1.05193,2.47387,-2.69855
3949.80000,-1.05218,2.47376,-2.75226
3949.85000,-1.05249,2.47363,-2.79333
3949.90000,-1.05366,2.47300,-2.80319
3949.95000,-1.05788,2.47144,-2.79163
3950.00000,-1.06473,2.46883,-2.76852
3950.05000,-1.07278,2.46555,-2.73804
3950.10000,-1.08179,2.46154,-2.70484
3950.15000,-1.09004,2.45752,-2.66964
3950.20000,-1.09808,2.45323,-2.63417
3950.25000,-1.10608,2.44875,-2.60575
3950.30000,-1.11407,2.44422,-2.60024
3950.35000,-1.12073,2.44047,-2.62135
3950.40000,-1.12385,2.43878,-2.66059
3950.45000,-1.12468,2.43836,-2.71055
3950.50000,-1.12495,2.43825,-2.76297
3950.55000,-1.12522,2.43815,-2.81508
3950.60000,-1.12563,2.43795,-2.85484
3950.65000,-1.12706,2.43713,-2.86496
3950.70000,-1.13125,2.43582,-2.85508
3950.75000,-1.13825,2.43366,-2.83314
3950.80000,-1.14683,2.43078,-2.80349
3950.85000,-1.15585,2.42749,-2.76945
3950.90000,-1.16431,2.42402,-2.73492
3950.95000,-1.17274,2.42035,-2.70763
3951.00000,-1.18112,2.41667,-2.70153
3951.05000,-1.18810,2.41365,-2.71920
3951.10000,-1.19242,2.41179,-2.75097
3951.15000,-1.19434,2.41103,-2.79349
3951.20000,-1.19465,2.41093,-2.84285
3951.25000,-1.19494,2.41085,-2.89211
3951.30000,-1.19524,2.41079,-2.93179
3951.35000,-1.19592,2.41041,-2.95053
3951.40000,-1.19873,2.40928,-2.94752
3951.45000,-1.20511,2.40776,-2.92952
3951.50000,-1.21408,2.40569,-2.90059
3951.55000,-1.22446,2.40295,-2.86604
3951.60000,-1.23456,2.39999,-2.83185
3951.65000,-1.24342,2.39703,-2.79815
3951.70000,-1.25206,2.39391,-2.77191
3951.75000,-1.26051,2.39092,-2.76759
3951.80000,-1.26873,2.38813,-2.77448
3951.85000,-1.27663,2.38552,-2.78876
3951.90000,-1.28314,2.38326,-2.81043
3951.95000,-1.28722,2.38193,-2.84287
3952.00000,-1.28873,2.38148,-2.88623
3952.05000,-1.28902,2.38141,-2.93462
3952.10000,-1.28932,2.38136,-2.98277
3952.15000,-1.28962,2.38133,-3.02143
3952.20000,-1.29051,2.38089,-3.03806
3952.25000,-1.29368,2.38015,-3.03525
3952.30000,-1.30027,2.37924,-3.01841
3952.35000,-1.30940,2.37798,-2.99117
3952.40000,-1.31927,2.37633,-2.96123
3952.45000,-1.32908,2.37440,-2.93169
3952.50000,-1.33882,2.37217,-2.90211
3952.55000,-1.34840,2.36992,-2.87829
3952.60000,-1.35750,2.36811,-2.87350
3952.65000,-1.36633,2.36653,-2.87983
3952.70000,-1.37475,2.36514,-2.89352
3952.75000,-1.38208,2.36398,-2.91287
3952.80000,-1.38726,2.36300,-2.94185
3952.85000,-1.38997,2.36249,-2.98151
3952.90000,-1.39053,2.36241,-3.03025
3952.95000,-1.39078,2.36239,-3.08038
3953.00000,-1.39104,2.36238,-3.13041
3953.05000,-1.39129,2.36239,3.11086
3953.10000,-1.39169,2.36256,3.08238
3953.15000,-1.39230,2.36296,3.06564
3953.20000,-1.39300,2.36347,3.05616
3953.25000,-1.39421,2.36414,3.05255
3953.30000,-1.39648,2.36503,3.05404
3953.35000,-1.40125,2.36606,3.06607
3953.40000,-1.41027,2.36669,3.09512
3953.45000,-1.42027,2.36699,3.12797
3953.50000,-1.43027,2.36696,-3.12295
3953.55000,-1.44026,2.36662,-3.09087
3953.60000,-1.45024,2.36595,-3.05919
3953.65000,-1.46019,2.36497,-3.02740
3953.70000,-1.47006,2.36393,-3.00307
3953.75000,-1.47969,2.36310,-3.00009
3953.80000,-1.48912,2.36246,-3.00709
3953.85000,-1.49839,2.36196,-3.02087
3953.90000,-1.50751,2.36159,-3.04083
3953.95000,-1.51649,2.36134,-3.06963
3954.00000,-1.52436,2.36111,-3.11050
3954.05000,-1.53024,2.36104,3.12220
3954.10000,-1.53407,2.36110,3.06227
3954.15000,-1.53566,2.36123,2.99231
3954.20000,-1.53613,2.36132,2.92770
3954.25000,-1.53678,2.36165,2.88653
3954.30000,-1.53798,2.36246,2.87366
3954.35000,-1.54231,2.36396,2.88282
3954.40000,-1.55022,2.36595,2.90725
3954.45000,-1.55939,2.36803,2.93748
3954.50000,-1.56926,2.36990,2.96911
3954.55000,-1.57883,2.37143,3.00159
3954.60000,-1.58896,2.37265,3.03659
3954.65000,-1.59854,2.37351,3.06885
3954.70000,-1.60753,2.37398,3.10699
3954.75000,-1.61448,2.37407,-3.13945
3954.80000,-1.62079,2.37404,-3.12619
3954.85000,-1.62654,2.37402,3.14066
3954.90000,-1.63077,2.37406,3.10039
3954.95000,-1.63351,2.37424,3.04326
3955.00000,-1.63811,2.37484,2.98445
3955.05000,-1.64357,2.37588,2.92294
3955.10000,-1.64903,2.37728,2.85748
3955.15000,-1.65452,2.37884,2.79964
3955.20000,-1.66018,2.38062,2.76093
3955.25000,-1.66605,2.38270,2.75582
3955.30000,-1.67209,2.38500,2.76788
3955.35000,-1.67863,2.38754,2.80044
3955.40000,-1.68591,2.39000,2.84265
3955.45000,-1.69387,2.39228,2.88878
3955.50000,-1.70255,2.39429,2.93808
3955.55000,-1.71131,2.39586,2.99141
3955.60000,-1.72001,2.39696,3.03408
3955.65000,-1.72805,2.39733,3.05188
3955.70000,-1.73530,2.39708,3.04745
3955.75000,-1.74187,2.39698,3.01777
3955.80000,-1.74618,2.39744,2.96711
3955.85000,-1.75144,2.39853,2.91153
3955.90000,-1.75757,2.40015,2.85338
3955.95000,-1.76417,2.40233,2.79313
3956.00000,-1.77028,2.40477,2.72846
3956.05000,-1.77620,2.40732,2.67266
3956.10000,-1.78225,2.41005,2.63347
3956.15000,-1.78888,2.41344,2.62308
3956.20000,-1.79600,2.41734,2.63611
3956.25000,-1.80278,2.42095,2.67018
3956.30000,-1.81029,2.42460,2.71062
3956.35000,-1.81899,2.42838,2.75431
3956.40000,-1.82810,2.43185,2.80146
3956.45000,-1.83735,2.43486,2.85220
3956.50000,-1.84595,2.43717,2.90854
3956.55000,-1.85472,2.43898,2.96666
3956.60000,-1.86376,2.44031,3.02547
3956.65000,-1.87309,2.44112,3.08442
3956.70000,-1.88254,2.44138,-3.13947
3956.75000,-1.89208,2.44107,-3.07999
3956.80000,-1.90164,2.44020,-3.02041
3956.85000,-1.91127,2.43873,-2.96112
3956.90000,-1.91980,2.43691,-2.89788
3956.95000,-1.92891,2.43433,-2.83722
3957.00000,-1.93721,2.43144,-2.77397
3957.05000,-1.94467,2.42829,-2.70805
3957.10000,-1.95174,2.42472,-2.64134
3957.15000,-1.95975,2.41999,-2.57973
3957.20000,-1.96689,2.41519,-2.51552
3957.25000,-1.97229,2.41099,-2.44469
3957.30000,-1.97736,2.40643,-2.37367
3957.35000,-1.98207,2.40155,-2.30244
3957.40000,-1.98641,2.39636,-2.23104
3957.45000,-1.99034,2.39091,-2.15947
3957.50000,-1.99385,2.38521,-2.08773
3957.55000,-1.99693,2.37931,-2.01584
3957.60000,-1.99956,2.37323,-1.94383
3957.65000,-2.00174,2.36700,-1.87169
3957.70000,-2.00346,2.36067,-1.79941
3957.75000,-2.00471,2.35426,-1.72699
3957.80000,-2.00548,2.34782,-1.65442
3957.85000,-2.00579,2.34137,-1.58171
3957.90000,-2.00562,2.33495,-1.50886
3957.95000,-2.00499,2.32859,-1.43591
3958.00000,-2.00395,2.32255,-1.36381
3958.05000,-2.00255,2.31688,-1.29265
3958.10000,-2.00084,2.31160,-1.22244
3958.15000,-1.99889,2.30673,-1.15318
3958.20000,-1.99673,2.30228,-1.08486
3958.25000,-1.99442,2.29824,-1.01749
3958.30000,-1.99201,2.29462,-0.95109
3958.35000,-1.98955,2.29138,-0.88563
3958.40000,-1.98705,2.28853,-0.82110
3958.45000,-1.98457,2.28602,-0.75750
3958.50000,-1.98212,2.28385,-0.69481
3958.55000,-1.97973,2.28197,-0.63306
3958.60000,-1.97740,2.28038,-0.57216
3958.65000,-1.97517,2.27903,-0.51214
3958.70000,-1.97304,2.27791,-0.45300
3958.75000,-1.97101,2.27700,-0.39470
3958.80000,-1.96910,2.27626,-0.33724
3958.85000,-1.96730,2.27569,-0.28059
3958.90000,-1.96561,2.27525,-0.22474
3958.95000,-1.96403,2.27494,-0.16967
3959.00000,-1.96257,2.27473,-0.11535
3959.05000,-1.96121,2.27460,-0.06176
3959.10000,-1.95995,2.27456,-0.00887
3959.15000,-1.95879,2.27458,0.04335
3959.20000,-1.95765,2.27463,0.08642
3959.25000,-1.95568,2.27488,0.11781
3959.30000,-1.95172,2.27554,0.14149
3959.35000,-1.94605,2.27645,0.15568
3959.40000,-1.93936,2.27755,0.16394
3959.45000,-1.93169,2.27884,0.16726
3959.50000,-1.92300,2.28032,0.16574
3959.55000,-1.91333,2.28192,0.15947
3959.60000,-1.90352,2.28346,0.15177
3959.65000,-1.89376,2.28489,0.14309
3959.70000,-1.88408,2.28623,0.13383
3959.75000,-1.87441,2.28747,0.12400
3959.80000,-1.86473,2.28861,0.11362
3959.85000,-1.85506,2.28965,0.10270
3959.90000,-1.84538,2.29058,0.09125
3959.95000,-1.83571,2.29140,0.07957
3960.00000,-1.82603,2.29209,0.06763
3960.05000,-1.81636,2.29268,0.05512
3960.10000,-1.80668,2.29314,0.04220
3960.15000,-1.79702,2.29347,0.02904
3960.20000,-1.78735,2.29367,0.01568
3960.25000,-1.77769,2.29375,0.00189
3960.30000,-1.76804,2.29368,-0.01217
3960.35000,-1.75872,2.29357,-0.01365
3960.40000,-1.75030,2.29354,0.00625
3960.45000,-1.74504,2.29365,0.05091
3960.50000,-1.74196,2.29389,0.11323
3960.55000,-1.73983,2.29418,0.15540
3960.60000,-1.73752,2.29458,0.17235
3960.65000,-1.73411,2.29521,0.18353
3960.70000,-1.72957,2.29609,0.18970
3960.75000,-1.72254,2.29763,0.18448
3960.80000,-1.71318,2.29932,0.16646
3960.85000,-1.70365,2.30085,0.14825
3960.90000,-1.69415,2.30221,0.12984
3960.95000,-1.68466,2.30338,0.11161
3961.00000,-1.67516,2.30437,0.09301
3961.05000,-1.66563,2.30518,0.07413
3961.10000,-1.65597,2.30577,0.06392
3961.15000,-1.64613,2.30636,0.06749
3961.20000,-1.63612,2.30701,0.09122
3961.25000,-1.62810,2.30769,0.13452
3961.30000,-1.62198,2.30862,0.18954
3961.35000,-1.61782,2.30955,0.25660
3961.40000,-1.61537,2.31006,0.32063
3961.45000,-1.61328,2.31035,0.35882
3961.50000,-1.60959,2.31188,0.36558
3961.55000,-1.60243,2.31458,0.35274
3961.60000,-1.59371,2.31770,0.33182
3961.65000,-1.58473,2.32069,0.31059
3961.70000,-1.57567,2.32350,0.28947
3961.75000,-1.56656,2.32611,0.26840
3961.80000,-1.55739,2.32853,0.24740
3961.85000,-1.54818,2.33075,0.22626
3961.90000,-1.53893,2.33278,0.20503
3961.95000,-1.52953,2.33474,0.19300
3962.00000,-1.51973,2.33666,0.20130
3962.05000,-1.51053,2.33856,0.22977
3962.10000,-1.50380,2.34009,0.27945
3962.15000,-1.50025,2.34121,0.33952
3962.20000,-1.49842,2.34173,0.39636
3962.25000,-1.49670,2.34220,0.43118
3962.30000,-1.49374,2.34368,0.43914
3962.35000,-1.48720,2.34675,0.42679
3962.40000,-1.47882,2.35045,0.40458
3962.45000,-1.47011,2.35407,0.38150
3962.50000,-1.46130,2.35749,0.35881
3962.55000,-1.45241,2.36070,0.33626
3962.60000,-1.44345,2.36372,0.31382
3962.65000,-1.43446,2.36652,0.29061
3962.70000,-1.42525,2.36926,0.27813
3962.75000,-1.41565,2.37202,0.28545
3962.80000,-1.40688,2.37470,0.31090
3962.85000,-1.40019,2.37697,0.34774
3962.90000,-1.39620,2.37850,0.39545
3962.95000,-1.39495,2.37906,0.45417
3963.00000,-1.39441,2.37934,0.50476
3963.05000,-1.39395,2.37962,0.53398
3963.10000,-1.39331,2.38004,0.55087
3963.15000,-1.39030,2.38196,0.55404
3963.20000,-1.38412,2.38597,0.53997
3963.25000,-1.37587,2.39085,0.51788
3963.30000,-1.36744,2.39552,0.49357
3963.35000,-1.35908,2.39987,0.46837
3963.40000,-1.35025,2.40420,0.44499
3963.45000,-1.34131,2.40832,0.42133
3963.50000,-1.33214,2.41230,0.39775
3963.55000,-1.32353,2.41580,0.38772
3963.60000,-1.31749,2.41831,0.40956
3963.65000,-1.31416,2.41982,0.45029
3963.70000,-1.31327,2.42028,0.50169
3963.75000,-1.31286,2.42051,0.55500
3963.80000,-1.31248,2.42078,0.59670
3963.85000,-1.31196,2.42118,0.61721
3963.90000,-1.30924,2.42318,0.61823
3963.95000,-1.30357,2.42728,0.60286
3964.00000,-1.29594,2.43241,0.57908
3964.05000,-1.28761,2.43770,0.55284
3964.10000,-1.27903,2.44285,0.52746
3964.15000,-1.27033,2.44777,0.50170
3964.20000,-1.26150,2.45246,0.47555
3964.25000,-1.25328,2.45658,0.46357
3964.30000,-1.24709,2.45970,0.48158
3964.35000,-1.24439,2.46116,0.51979
3964.40000,-1.24380,2.46152,0.56749
3964.45000,-1.24341,2.46178,0.61556
3964.50000,-1.24304,2.46207,0.65240
3964.55000,-1.24284,2.46224,0.67204
3964.60000,-1.24187,2.46305,0.67966
3964.65000,-1.23927,2.46516,0.67783
3964.70000,-1.23549,2.46818,0.66933
3964.75000,-1.23033,2.47221,0.65412
3964.80000,-1.22333,2.47746,0.62987
3964.85000,-1.21516,2.48323,0.60046
3964.90000,-1.20706,2.48859,0.57007
3964.95000,-1.19856,2.49386,0.54052
3965.00000,-1.19068,2.49846,0.52506
3965.05000,-1.18318,2.50284,0.53099
3965.10000,-1.17763,2.50615,0.54855
3965.15000,-1.17452,2.50810,0.57756
3965.20000,-1.17375,2.50861,0.61754
3965.25000,-1.17346,2.50883,0.65968
3965.30000,-1.17317,2.50906,0.70154
3965.35000,-1.17293,2.50929,0.73325
3965.40000,-1.17265,2.50958,0.74756
3965.45000,-1.17057,2.51153,0.74560
3965.50000,-1.16761,2.51424,0.73724
3965.55000,-1.16353,2.51790,0.72141
3965.60000,-1.15806,2.52259,0.69665
3965.65000,-1.15117,2.52818,0.66353
3965.70000,-1.14387,2.53368,0.62899
3965.75000,-1.13639,2.53893,0.59437
3965.80000,-1.12867,2.54409,0.57120
3965.85000,-1.12071,2.54934,0.56785
3965.90000,-1.11389,2.55370,0.57655
3965.95000,-1.11099,2.55551,0.60726
3966.00000,-1.11024,2.55601,0.64755
3966.05000,-1.11003,2.55618,0.68566
3966.10000,-1.10982,2.55635,0.72342
3966.15000,-1.10962,2.55653,0.76091
3966.20000,-1.10944,2.55672,0.79307
3966.25000,-1.10923,2.55696,0.80587
3966.30000,-1.10737,2.55890,0.80290
3966.35000,-1.10463,2.56172,0.79357
3966.40000,-1.10077,2.56558,0.77620
3966.45000,-1.09559,2.57053,0.74981
3966.50000,-1.08900,2.57646,0.71521
3966.55000,-1.08203,2.58231,0.67932
3966.60000,-1.07489,2.58794,0.65822
3966.65000,-1.06847,2.59290,0.66007
3966.70000,-1.06427,2.59619,0.67717
3966.75000,-1.06252,2.59763,0.70971
3966.80000,-1.06169,2.59836,0.74788
3966.85000,-1.06086,2.59914,0.78558
3966.90000,-1.06008,2.59996,0.82297
3966.95000,-1.05957,2.60050,0.84155
3967.00000,-1.05774,2.60255,0.83637
3967.05000,-1.05393,2.60668,0.81738
3967.10000,-1.04873,2.61207,0.78924
3967.15000,-1.04243,2.61820,0.75478
3967.20000,-1.03570,2.62431,0.71890
3967.25000,-1.02879,2.63024,0.69742
3967.30000,-1.02271,2.63533,0.69810
3967.35000,-1.01896,2.63851,0.71472
3967.40000,-1.01752,2.63979,0.74670
3967.45000,-1.01719,2.64005,0.78278
3967.50000,-1.01707,2.64015,0.81666
3967.55000,-1.01692,2.64030,0.84997
3967.60000,-1.01687,2.64040,0.86841
3967.65000,-1.01581,2.64167,0.86906
3967.70000,-1.01247,2.64557,0.85217
3967.75000,-1.00757,2.65101,0.82430
3967.80000,-1.00158,2.65726,0.78974
3967.85000,-0.99507,2.66375,0.76563
3967.90000,-0.98941,2.66919,0.76476
3967.95000,-0.98561,2.67288,0.77747
3968.00000,-0.98406,2.67445,0.80587
3968.05000,-0.98353,2.67501,0.83951
3968.10000,-0.98332,2.67524,0.87110
3968.15000,-0.98295,2.67567,0.90338
3968.20000,-0.98274,2.67600,0.91858
3968.25000,-0.98098,2.67829,0.91279
3968.30000,-0.97743,2.68279,0.89306
3968.35000,-0.97260,2.68861,0.86452
3968.40000,-0.96678,2.69519,0.82962
3968.45000,-0.96014,2.70219,0.79557
3968.50000,-0.95313,2.70929,0.77247
3968.55000,-0.94716,2.71511,0.76917
3968.60000,-0.94387,2.71834,0.78186
3968.65000,-0.94310,2.71913,0.81137
3968.70000,-0.94298,2.71925,0.84297
3968.75000,-0.94273,2.71949,0.87428
3968.80000,-0.94218,2.72016,0.90730
3968.85000,-0.94161,2.72088,0.94016
3968.90000,-0.94141,2.72118,0.95488
3968.95000,-0.93952,2.72378,0.94798
3969.00000,-0.93609,2.72845,0.92834
3969.05000,-0.93146,2.73445,0.89984
3969.10000,-0.92589,2.74122,0.86501
3969.15000,-0.92000,2.74806,0.83906
3969.20000,-0.91522,2.75342,0.83865
3969.25000,-0.91319,2.75577,0.85613
3969.30000,-0.91292,2.75608,0.88424
3969.35000,-0.91284,2.75612,0.91418
3969.40000,-0.91280,2.75616,0.94360
3969.45000,-0.91285,2.75609,0.97334
3969.50000,-0.91269,2.75634,0.98571
3969.55000,-0.91094,2.75892,0.97939
3969.60000,-0.90744,2.76400,0.96043
3969.65000,-0.90282,2.77041,0.93252
3969.70000,-0.89692,2.77811,0.90073
3969.75000,-0.89075,2.78589,0.87696
3969.80000,-0.88648,2.79107,0.86211
3969.85000,-0.88310,2.79488,0.82851
3969.90000,-0.87845,2.79975,0.78817
3969.95000,-0.87300,2.80498,0.74179
3970.00000,-0.86651,2.81063,0.69298
3970.05000,-0.85927,2.81635,0.64201
3970.10000,-0.85160,2.82177,0.58849
3970.15000,-0.84318,2.82706,0.53493
3970.20000,-0.83453,2.83187,0.48005
3970.25000,-0.82558,2.83624,0.42908
3970.30000,-0.81732,2.83974,0.39434
3970.35000,-0.80938,2.84296,0.38615
3970.40000,-0.80340,2.84539,0.39114
3970.45000,-0.80001,2.84676,0.40829
3970.50000,-0.79925,2.84710,0.43668
3970.55000,-0.79905,2.84720,0.46769
3970.60000,-0.79884,2.84732,0.49113
3970.65000,-0.79866,2.84743,0.51043
3970.70000,-0.79854,2.84748,0.52830
3970.75000,-0.79853,2.84743,0.54500
3970.80000,-0.79864,2.84726,0.56046
3970.85000,-0.79887,2.84698,0.57455
3970.90000,-0.79921,2.84659,0.58717
3970.95000,-0.79964,2.84610,0.59836
3971.00000,-0.80017,2.84552,0.60830
3971.05000,-0.80078,2.84488,0.61525
3971.10000,-0.80156,2.84411,0.60498
3971.15000,-0.80183,2.84388,0.58140
3971.20000,-0.80021,2.84491,0.54805
3971.25000,-0.79642,2.84712,0.50454
3971.30000,-0.79033,2.85027,0.45085
3971.35000,-0.78330,2.85343,0.39432
3971.40000,-0.77539,2.85646,0.33734
3971.45000,-0.76721,2.85906,0.27851
3971.50000,-0.75862,2.86124,0.21909
3971.55000,-0.75005,2.86290,0.17218
3971.60000,-0.74369,2.86380,0.14021
3971.65000,-0.73955,2.86437,0.11295
3971.70000,-0.73492,2.86490,0.10910
3971.75000,-0.73178,2.86511,0.12038
3971.80000,-0.73104,2.86518,0.12508
3971.85000,-0.73063,2.86521,0.10049
3971.90000,-0.73038,2.86523,0.07768
3971.95000,-0.73007,2.86525,0.06505
3972.00000,-0.72990,2.86524,0.04910
3972.05000,-0.72918,2.86526,0.05954
3972.10000,-0.72865,2.86529,0.08442
3972.15000,-0.72830,2.86531,0.10944
3972.20000,-0.72790,2.86535,0.13510
3972.25000,-0.72757,2.86535,0.16137
3972.30000,-0.72771,2.86538,0.17155
3972.35000,-0.72783,2.86543,0.15313
3972.40000,-0.72657,2.86560,0.11486
3972.45000,-0.72332,2.86589,0.06857
3972.50000,-0.71848,2.86609,0.01685
3972.55000,-0.71255,2.86603,-0.03871
3972.60000,-0.70634,2.86585,-0.08830
3972.65000,-0.70015,2.86566,-0.12413
3972.70000,-0.69381,2.86522,-0.13325
3972.75000,-0.69031,2.86504,-0.11659
3972.80000,-0.68964,2.86501,-0.08691
3972.85000,-0.68936,2.86498,-0.07142
3972.90000,-0.68905,2.86496,-0.06236
3972.95000,-0.68895,2.86497,-0.03500
3973.00000,-0.68868,2.86496,-0.00601
3973.05000,-0.68792,2.86496,0.02539
3973.10000,-0.68765,2.86497,0.04059
3973.15000,-0.68726,2.86499,0.04636
3973.20000,-0.68688,2.86505,0.05739
3973.25000,-0.68632,2.86538,0.05628
3973.30000,-0.68548,2.86595,0.04555
3973.35000,-0.68431,2.86629,0.02380
3973.40000,-0.68229,2.86635,-0.01316
3973.45000,-0.67782,2.86610,-0.06012
3973.50000,-0.67142,2.86553,-0.11454
3973.55000,-0.66431,2.86451,-0.17152
3973.60000,-0.65667,2.86295,-0.22994
3973.65000,-0.64870,2.86083,-0.28930
3973.70000,-0.64082,2.85859,-0.34043
3973.75000,-0.63309,2.85646,-0.38037
3973.80000,-0.62512,2.85404,-0.40354
3973.85000,-0.61688,2.85131,-0.40893
3973.90000,-0.60865,2.84858,-0.41293
3973.95000,-0.60042,2.84585,-0.41532
3974.00000,-0.59396,2.84335,-0.40743
3974.05000,-0.58930,2.84138,-0.39116
3974.10000,-0.58572,2.83995,-0.36923
3974.15000,-0.58327,2.83905,-0.34169
3974.20000,-0.58199,2.83863,-0.30852
3974.25000,-0.58169,2.83854,-0.27084
3974.30000,-0.58148,2.83849,-0.23260
3974.35000,-0.58126,2.83844,-0.19423
3974.40000,-0.58105,2.83840,-0.15578
3974.45000,-0.58083,2.83837,-0.11725
3974.50000,-0.58061,2.83835,-0.07866
3974.55000,-0.58047,2.83836,-0.05121
3974.60000,-0.58078,2.83835,-0.04811
3974.65000,-0.58050,2.83823,-0.06491
3974.70000,-0.57782,2.83788,-0.09763
3974.75000,-0.57217,2.83717,-0.13969
3974.80000,-0.56492,2.83600,-0.18517
3974.85000,-0.55681,2.83428,-0.23361
3974.90000,-0.54885,2.83218,-0.28665
3974.95000,-0.54106,2.82962,-0.34297
3975.00000,-0.53347,2.82686,-0.38217
3975.05000,-0.52610,2.82424,-0.40728
3975.10000,-0.51878,2.82165,-0.42953
3975.15000,-0.51159,2.81889,-0.42993
3975.20000,-0.50636,2.81655,-0.41005
3975.25000,-0.50322,2.81523,-0.38014
3975.30000,-0.50248,2.81494,-0.33949
3975.35000,-0.50222,2.81486,-0.29640
3975.40000,-0.50198,2.81479,-0.25301
3975.45000,-0.50175,2.81474,-0.20932
3975.50000,-0.50154,2.81469,-0.16533
3975.55000,-0.50132,2.81468,-0.13093
3975.60000,-0.50135,2.81495,-0.11708
3975.65000,-0.50127,2.81493,-0.12221
3975.70000,-0.49897,2.81452,-0.14386
3975.75000,-0.49320,2.81349,-0.17899
3975.80000,-0.48534,2.81190,-0.21980
3975.85000,-0.47650,2.80971,-0.26401
3975.90000,-0.46703,2.80692,-0.31037
3975.95000,-0.45758,2.80364,-0.35688
3976.00000,-0.44833,2.80025,-0.39587
3976.05000,-0.43891,2.79665,-0.41779
3976.10000,-0.43000,2.79294,-0.41443
3976.15000,-0.42556,2.79124,-0.38525
3976.20000,-0.42454,2.79084,-0.34361
3976.25000,-0.42431,2.79076,-0.29839
3976.30000,-0.42407,2.79069,-0.25318
3976.35000,-0.42383,2.79064,-0.20803
3976.40000,-0.42359,2.79059,-0.16296
3976.45000,-0.42352,2.79065,-0.12915
3976.50000,-0.42415,2.79078,-0.12077
3976.55000,-0.42417,2.79074,-0.12638
3976.60000,-0.42212,2.79037,-0.14324
3976.65000,-0.41659,2.78939,-0.17695
3976.70000,-0.40940,2.78794,-0.21980
3976.75000,-0.40122,2.78591,-0.26620
3976.80000,-0.39278,2.78339,-0.31358
3976.85000,-0.38440,2.78067,-0.35422
3976.90000,-0.37578,2.77766,-0.37607
3976.95000,-0.36665,2.77407,-0.37388
3977.00000,-0.35753,2.77052,-0.36408
3977.05000,-0.34911,2.76738,-0.34910
3977.10000,-0.34144,2.76468,-0.32920
3977.15000,-0.33452,2.76240,-0.30450
3977.20000,-0.32835,2.76058,-0.27514
3977.25000,-0.32425,2.75958,-0.24067
3977.30000,-0.32278,2.75924,-0.19681
3977.35000,-0.32255,2.75920,-0.14760
3977.40000,-0.32233,2.75918,-0.09825
3977.45000,-0.32228,2.75915,-0.06007
3977.50000,-0.32276,2.75910,-0.04800
3977.55000,-0.32165,2.75895,-0.05178
3977.60000,-0.31863,2.75869,-0.06555
3977.65000,-0.31282,2.75816,-0.09337
3977.70000,-0.30470,2.75724,-0.13201
3977.75000,-0.29592,2.75588,-0.17450
3977.80000,-0.28713,2.75414,-0.21568
3977.85000,-0.27888,2.75230,-0.23877
3977.90000,-0.27091,2.75036,-0.23703
3977.95000,-0.26272,2.74822,-0.22683
3978.00000,-0.25429,2.74629,-0.20980
3978.05000,-0.24726,2.74490,-0.18750
3978.10000,-0.24266,2.74409,-0.15601
3978.15000,-0.24048,2.74378,-0.11438
3978.20000,-0.24015,2.74375,-0.06509
3978.25000,-0.23993,2.74375,-0.02395
3978.30000,-0.23992,2.74375,-0.00309
3978.35000,-0.23964,2.74374,-0.00010
3978.40000,-0.23786,2.74373,-0.00483
3978.45000,-0.23340,2.74363,-0.02257
3978.50000,-0.22511,2.74330,-0.05571
3978.55000,-0.21629,2.74262,-0.09638
3978.60000,-0.20736,2.74158,-0.13679
3978.65000,-0.19848,2.74017,-0.17708
3978.70000,-0.18960,2.73854,-0.21055
3978.75000,-0.18048,2.73665,-0.22820
3978.80000,-0.17105,2.73439,-0.23013
3978.85000,-0.16159,2.73210,-0.22633
3978.90000,-0.15236,2.73002,-0.21307
3978.95000,-0.14416,2.72833,-0.19419
3979.00000,-0.13714,2.72704,-0.16981
3979.05000,-0.13135,2.72615,-0.13988
3979.10000,-0.12684,2.72561,-0.10436
3979.15000,-0.12366,2.72535,-0.06323
3979.20000,-0.12187,2.72530,-0.01653
3979.25000,-0.12157,2.72530,0.03606
3979.30000,-0.12139,2.72531,0.08892
3979.35000,-0.12121,2.72535,0.13248
3979.40000,-0.12115,2.72533,0.15671
3979.45000,-0.12114,2.72529,0.16493
3979.50000,-0.12037,2.72544,0.16706
3979.55000,-0.11853,2.72576,0.16389
3979.60000,-0.11548,2.72627,0.15493
3979.65000,-0.11102,2.72697,0.14018
3979.70000,-0.10501,2.72787,0.11924
3979.75000,-0.09702,2.72894,0.08970
3979.80000,-0.08712,2.72964,0.05300
3979.85000,-0.07716,2.72999,0.01674
3979.90000,-0.06716,2.72997,-0.01923
3979.95000,-0.05716,2.72960,-0.05528
3980.00000,-0.04719,2.72887,-0.09144
3980.05000,-0.03725,2.72777,-0.12747
3980.10000,-0.02744,2.72660,-0.15800
3980.15000,-0.01764,2.72541,-0.17187
3980.20000,-0.00944,2.72450,-0.17320
3980.25000,-0.00465,2.72406,-0.19219
3980.30000,-0.00056,2.72319,-0.23061
3980.35000,0.00530,2.72166,-0.27434
3980.40000,0.01243,2.71946,-0.32174
3980.45000,0.02028,2.71663,-0.37204
3980.50000,0.02853,2.71315,-0.42444
3980.55000,0.03697,2.70906,-0.47825
3980.60000,0.04526,2.70484,-0.52572
3980.65000,0.05343,2.70068,-0.55224
3980.70000,0.06149,2.69647,-0.54703
3980.75000,0.06676,2.69391,-0.53550
3980.80000,0.07083,2.69166,-0.53561
3980.85000,0.07515,2.68915,-0.55538
3980.90000,0.07971,2.68618,-0.59437
3980.95000,0.08583,2.68185,-0.63662
3981.00000,0.09234,2.67680,-0.68343
3981.05000,0.09822,2.67202,-0.72622
3981.10000,0.10398,2.66731,-0.74608
3981.15000,0.10780,2.66398,-0.74779
3981.20000,0.11004,2.66193,-0.74766
3981.25000,0.11200,2.66011,-0.72548
3981.30000,0.11375,2.65850,-0.68747
3981.35000,0.11414,2.65820,-0.63697
3981.40000,0.11427,2.65810,-0.58546
3981.45000,0.11438,2.65807,-0.54659
3981.50000,0.11418,2.65843,-0.53821
3981.55000,0.11539,2.65764,-0.55489
3981.60000,0.11930,2.65511,-0.58571
3981.65000,0.12496,2.65120,-0.62268
3981.70000,0.13153,2.64627,-0.66451
3981.75000,0.13863,2.64045,-0.70971
3981.80000,0.14560,2.63414,-0.75856
3981.85000,0.15269,2.62709,-0.80611
3981.90000,0.15945,2.61972,-0.85245
3981.95000,0.16584,2.61236,-0.89068
3982.00000,0.17223,2.60483,-0.90265
3982.05000,0.17784,2.59781,-0.88875
3982.10000,0.18201,2.59280,-0.86169
3982.15000,0.18438,2.59013,-0.82249
3982.20000,0.18489,2.58960,-0.77179
3982.25000,0.18501,2.58948,-0.71871
3982.30000,0.18514,2.58938,-0.66571
3982.35000,0.18527,2.58930,-0.62405
3982.40000,0.18508,2.58964,-0.61116
3982.45000,0.18570,2.58925,-0.61962
3982.50000,0.18936,2.58656,-0.64718
3982.55000,0.19491,2.58220,-0.68163
3982.60000,0.20091,2.57732,-0.71084
3982.65000,0.20561,2.57343,-0.73082
3982.70000,0.20843,2.57088,-0.74985
3982.75000,0.21068,2.56879,-0.75927
3982.80000,0.21261,2.56694,-0.77112
3982.85000,0.21511,2.56445,-0.75825
3982.90000,0.21652,2.56318,-0.71525
3982.95000,0.21673,2.56300,-0.66138
3983.00000,0.21680,2.56299,-0.62046
3983.05000,0.21725,2.56268,-0.59393
3983.10000,0.21743,2.56265,-0.57310
3983.15000,0.21782,2.56244,-0.57610
3983.20000,0.22101,2.56031,-0.59827
3983.25000,0.22577,2.55695,-0.63087
3983.30000,0.23160,2.55251,-0.67008
3983.35000,0.23808,2.54714,-0.71406
3983.40000,0.24464,2.54119,-0.75915
3983.45000,0.25102,2.53510,-0.79543
3983.50000,0.25783,2.52852,-0.80739
3983.55000,0.26457,2.52163,-0.79369
3983.60000,0.26965,2.51657,-0.76447
3983.65000,0.27281,2.51364,-0.72393
3983.70000,0.27383,2.51277,-0.67119
3983.75000,0.27395,2.51268,-0.61339
3983.80000,0.27408,2.51260,-0.55555
3983.85000,0.27413,2.51263,-0.50926
3983.90000,0.27375,2.51300,-0.49891
3983.95000,0.27553,2.51199,-0.50861
3984.00000,0.28002,2.50940,-0.53382
3984.05000,0.28601,2.50572,-0.56824
3984.10000,0.29295,2.50109,-0.60824
3984.15000,0.30016,2.49584,-0.65063
3984.20000,0.30717,2.49026,-0.69220
3984.25000,0.31401,2.48461,-0.72645
3984.30000,0.32112,2.47863,-0.74227
3984.35000,0.32873,2.47210,-0.73702
3984.40000,0.33657,2.46530,-0.72322
3984.45000,0.34411,2.45881,-0.69643
3984.50000,0.34979,2.45423,-0.65647
3984.55000,0.35327,2.45167,-0.60364
3984.60000,0.35428,2.45100,-0.53787
3984.65000,0.35441,2.45095,-0.47933
3984.70000,0.35438,2.45112,-0.44468
3984.75000,0.35367,2.45169,-0.44211
3984.80000,0.35431,2.45136,-0.45632
3984.85000,0.35828,2.44930,-0.48640
3984.90000,0.36401,2.44613,-0.52716
3984.95000,0.37080,2.44196,-0.57158
3985.00000,0.37805,2.43705,-0.61937
3985.05000,0.38491,2.43188,-0.67241
3985.10000,0.39184,2.42604,-0.72692
3985.15000,0.39861,2.41967,-0.78292
3985.20000,0.40517,2.41277,-0.83967
3985.25000,0.41147,2.40532,-0.89670
3985.30000,0.41746,2.39737,-0.95378
3985.35000,0.42300,2.38906,-1.01122
3985.40000,0.42807,2.38044,-1.06765
3985.45000,0.43264,2.37155,-1.12362
3985.50000,0.43672,2.36242,-1.17884
3985.55000,0.44028,2.35308,-1.23367
3985.60000,0.44333,2.34355,-1.28799
3985.65000,0.44524,2.33593,-1.34203
3985.70000,0.44658,2.32927,-1.39720
3985.75000,0.44746,2.32319,-1.45259
3985.80000,0.44777,2.31971,-1.51563
3985.85000,0.44781,2.31811,-1.58619
3985.90000,0.44780,2.31775,-1.66146
3985.95000,0.44778,2.31761,-1.73723
3986.00000,0.44775,2.31747,-1.81241
3986.05000,0.44772,2.31734,-1.88695
3986.10000,0.44767,2.31721,-1.96084
3986.15000,0.44761,2.31708,-2.03405
3986.20000,0.44754,2.31696,-2.10659
3986.25000,0.44747,2.31685,-2.17841
3986.30000,0.44739,2.31674,-2.24953
3986.35000,0.44730,2.31663,-2.31991
3986.40000,0.44720,2.31653,-2.38956
3986.45000,0.44709,2.31644,-2.45845
3986.50000,0.44698,2.31636,-2.52659
3986.55000,0.44687,2.31628,-2.59395
3986.60000,0.44675,2.31622,-2.66054
3986.65000,0.44662,2.31616,-2.72634
3986.70000,0.44650,2.31611,-2.79134
3986.75000,0.44637,2.31606,-2.85553
3986.80000,0.44623,2.31603,-2.91890
3986.85000,0.44610,2.31600,-2.98144
3986.90000,0.44596,2.31598,-3.04314
3986.95000,0.44582,2.31597,-3.10399
3987.00000,0.44569,2.31597,3.11919
3987.05000,0.44555,2.31598,3.06004
3987.10000,0.44541,2.31600,3.00176
3987.15000,0.44528,2.31602,2.94434
3987.20000,0.44514,2.31605,2.88780
3987.25000,0.44501,2.31609,2.83188
3987.30000,0.44488,2.31613,2.77594
3987.35000,0.44476,2.31619,2.71981
3987.40000,0.44463,2.31624,2.66346
3987.45000,0.44451,2.31631,2.60685
3987.50000,0.44440,2.31639,2.55001
3987.55000,0.44428,2.31647,2.49295
3987.60000,0.44417,2.31656,2.43570
3987.65000,0.44407,2.31665,2.37832
3987.70000,0.44396,2.31676,2.32087
3987.75000,0.44386,2.31687,2.26343
3987.80000,0.44377,2.31699,2.20607
3987.85000,0.44368,2.31712,2.14889
3987.90000,0.44339,2.31758,2.10680
3987.95000,0.44106,2.32146,2.08770
3988.00000,0.43696,2.32864,2.08379
3988.05000,0.43206,2.33731,2.08893
3988.10000,0.42705,2.34606,2.09441
3988.15000,0.42197,2.35480,2.10017
3988.20000,0.41686,2.36347,2.10664
3988.25000,0.41171,2.37210,2.11346
3988.30000,0.40650,2.38068,2.12103
3988.35000,0.40119,2.38927,2.12881
3988.40000,0.39583,2.39778,2.13681
3988.45000,0.39041,2.40623,2.14587
3988.50000,0.38487,2.41470,2.15495
3988.55000,0.37933,2.42302,2.16340
3988.60000,0.37365,2.43138,2.17247
3988.65000,0.36795,2.43963,2.18132
3988.70000,0.36216,2.44783,2.19093
3988.75000,0.35645,2.45573,2.20127
3988.80000,0.35067,2.46356,2.21189
3988.85000,0.34476,2.47140,2.22250
3988.90000,0.33866,2.47931,2.23260
3988.95000,0.33248,2.48715,2.24250
3989.00000,0.32622,2.49494,2.25308
3989.05000,0.31988,2.50266,2.26405
3989.10000,0.31355,2.51021,2.26958
3989.15000,0.30720,2.51775,2.26483
3989.20000,0.30073,2.52539,2.24851
3989.25000,0.29477,2.53292,2.21881
3989.30000,0.28886,2.54097,2.19037
3989.35000,0.28337,2.54894,2.16161
3989.40000,0.27805,2.55713,2.13398
3989.45000,0.27337,2.56469,2.12246
3989.50000,0.26847,2.57257,2.13215
3989.55000,0.26309,2.58100,2.14555
3989.60000,0.25760,2.58936,2.15890
3989.65000,0.25253,2.59686,2.18279
3989.70000,0.24711,2.60432,2.21699
3989.75000,0.24099,2.61212,2.25536
3989.80000,0.23453,2.61974,2.29363
3989.85000,0.22778,2.62710,2.33178
3989.90000,0.22075,2.63420,2.36930
3989.95000,0.21346,2.64104,2.40732
3990.00000,0.20591,2.64760,2.44569
3990.05000,0.19812,2.65386,2.48338
3990.10000,0.19010,2.65982,2.52163
3990.15000,0.18185,2.66547,2.56021
3990.20000,0.17339,2.67081,2.59816
3990.25000,0.16473,2.67581,2.63637
3990.30000,0.15589,2.68048,2.67417
3990.35000,0.14688,2.68482,2.71237
3990.40000,0.13771,2.68881,2.75043
3990.45000,0.12840,2.69244,2.78821
3990.50000,0.11895,2.69572,2.82614
3990.55000,0.10939,2.69865,2.86395
3990.60000,0.09972,2.70120,2.90175
3990.65000,0.08997,2.70339,2.93975
3990.70000,0.08013,2.70521,2.97743
3990.75000,0.07024,2.70667,3.01367
3990.80000,0.06030,2.70777,3.04939
3990.85000,0.05186,2.70845,3.06490
3990.90000,0.04606,2.70872,3.06283
3990.95000,0.04241,2.70871,3.05194
3991.00000,0.04009,2.70876,3.03485
3991.05000,0.03960,2.70882,3.01004
3991.10000,0.03946,2.70884,2.98364
3991.15000,0.03931,2.70888,2.96370
3991.20000,0.03900,2.70912,2.95338
3991.25000,0.03854,2.70950,2.95114
3991.30000,0.03597,2.71025,2.95159
3991.35000,0.03249,2.71092,2.94657
3991.40000,0.02903,2.71160,2.94681
3991.45000,0.02553,2.71233,2.95573
3991.50000,0.02116,2.71321,2.97335
3991.55000,0.01481,2.71435,2.99893
3991.60000,0.00616,2.71564,3.03373
3991.65000,-0.00380,2.71651,3.07404
3991.70000,-0.01230,2.71697,3.09344
3991.75000,-0.01776,2.71716,3.08973
3991.80000,-0.02017,2.71718,3.07282
3991.85000,-0.02071,2.71721,3.04755
3991.90000,-0.02086,2.71722,3.02028
3991.95000,-0.02101,2.71724,2.99292
3992.00000,-0.02116,2.71727,2.96567
3992.05000,-0.02131,2.71730,2.93854
3992.10000,-0.02149,2.71737,2.91830
3992.15000,-0.02235,2.71788,2.91975
3992.20000,-0.02450,2.71857,2.92881
3992.25000,-0.02811,2.71942,2.94377
3992.30000,-0.03358,2.72052,2.96653
3992.35000,-0.04109,2.72193,2.99722
3992.40000,-0.05002,2.72303,3.02051
3992.45000,-0.05743,2.72356,3.02435
3992.50000,-0.06252,2.72392,3.01655
3992.55000,-0.06575,2.72406,3.00005
3992.60000,-0.06611,2.72407,2.97091
3992.65000,-0.06627,2.72410,2.94003
3992.70000,-0.06643,2.72414,2.90879
3992.75000,-0.06654,2.72415,2.88586
3992.80000,-0.06745,2.72452,2.88533
3992.85000,-0.07183,2.72569,2.90484
3992.90000,-0.07791,2.72706,2.93601
3992.95000,-0.08602,2.72861,2.97233
3993.00000,-0.09520,2.73000,3.01273
3993.05000,-0.10444,2.73104,3.04064
3993.10000,-0.11303,2.73153,3.04426
3993.15000,-0.11897,2.73167,3.03244
3993.20000,-0.12148,2.73151,3.00541
3993.25000,-0.12163,2.73152,2.96708
3993.30000,-0.12179,2.73155,2.92723
3993.35000,-0.12194,2.73158,2.88634
3993.40000,-0.12209,2.73163,2.84437
3993.45000,-0.12218,2.73163,2.81041
3993.50000,-0.12226,2.73167,2.79680
3993.55000,-0.12314,2.73205,2.80069
3993.60000,-0.12520,2.73278,2.81116
3993.65000,-0.12839,2.73386,2.82766
3993.70000,-0.13296,2.73529,2.85186
3993.75000,-0.13922,2.73706,2.88487
3993.80000,-0.14734,2.73904,2.92647
3993.85000,-0.15606,2.74074,2.97087
3993.90000,-0.16473,2.74207,3.00167
3993.95000,-0.17280,2.74274,3.00799
3994.00000,-0.18007,2.74266,2.99118
3994.05000,-0.18494,2.74212,2.95588
3994.10000,-0.18686,2.74185,2.90725
3994.15000,-0.18728,2.74195,2.85142
3994.20000,-0.18770,2.74208,2.79501
3994.25000,-0.18815,2.74226,2.73845
3994.30000,-0.18857,2.74246,2.69192
3994.35000,-0.18900,2.74271,2.66554
3994.40000,-0.19006,2.74340,2.66763
3994.45000,-0.19441,2.74566,2.68849
3994.50000,-0.20047,2.74850,2.72164
3994.55000,-0.20792,2.75166,2.76102
3994.60000,-0.21701,2.75514,2.80122
3994.65000,-0.22640,2.75828,2.84072
3994.70000,-0.23593,2.76103,2.88027
3994.75000,-0.24466,2.76308,2.90748
3994.80000,-0.25274,2.76442,2.91088
3994.85000,-0.26045,2.76539,2.89385
3994.90000,-0.26593,2.76582,2.85447
3994.95000,-0.26911,2.76659,2.80422
3995.00000,-0.27299,2.76810,2.75144
3995.05000,-0.27709,2.76980,2.70099
3995.10000,-0.27949,2.77093,2.65785
3995.15000,-0.28209,2.77233,2.63523
3995.20000,-0.28494,2.77403,2.63340
3995.25000,-0.28812,2.77614,2.66008
3995.30000,-0.29132,2.77780,2.70807
3995.35000,-0.29524,2.77948,2.76425
3995.40000,-0.29956,2.78107,2.81131
3995.45000,-0.30313,2.78182,2.82708
3995.50000,-0.30609,2.78195,2.81879
3995.55000,-0.30953,2.78315,2.78374
3995.60000,-0.31433,2.78508,2.73952
3995.65000,-0.32017,2.78773,2.69022
3995.70000,-0.32664,2.79108,2.63739
3995.75000,-0.33386,2.79533,2.58382
3995.80000,-0.34026,2.79957,2.52432
3995.85000,-0.34476,2.80300,2.45482
3995.90000,-0.34826,2.80608,2.37978
3995.95000,-0.35094,2.80866,2.31382
3996.00000,-0.35371,2.81140,2.27077
3996.05000,-0.35733,2.81510,2.26250
3996.10000,-0.36149,2.81943,2.27939
3996.15000,-0.36576,2.82392,2.31091
3996.20000,-0.37021,2.82857,2.35575
3996.25000,-0.37535,2.83346,2.40626
3996.30000,-0.38120,2.83846,2.46022
3996.35000,-0.38769,2.84344,2.51640
3996.40000,-0.39453,2.84807,2.57512
3996.45000,-0.40157,2.85226,2.63534
3996.50000,-0.40903,2.85610,2.69578
3996.55000,-0.41674,2.85950,2.75745
3996.60000,-0.42468,2.86242,2.81995
3996.65000,-0.43261,2.86478,2.88385
3996.70000,-0.44083,2.86667,2.94762
3996.75000,-0.44885,2.86799,2.99845
3996.80000,-0.45649,2.86885,3.01696
3996.85000,-0.46337,2.86893,3.01221
3996.90000,-0.46903,2.86947,2.98038
3996.95000,-0.47524,2.87061,2.93738
3997.00000,-0.48243,2.87228,2.88983
3997.05000,-0.48972,2.87435,2.84143
3997.10000,-0.49688,2.87653,2.80007
3997.15000,-0.50426,2.87897,2.77594
3997.20000,-0.51207,2.88190,2.77278
3997.25000,-0.51990,2.88486,2.77308
3997.30000,-0.52774,2.88786,2.78222
3997.35000,-0.53566,2.89096,2.80317
3997.40000,-0.54216,2.89316,2.85308
3997.45000,-0.54797,2.89470,2.91315
3997.50000,-0.55428,2.89596,2.97580
3997.55000,-0.56081,2.89683,3.04083
3997.60000,-0.56728,2.89727,3.10833
3997.65000,-0.57345,2.89726,-3.10470
3997.70000,-0.57955,2.89681,-3.03329
3997.75000,-0.58587,2.89590,-2.96209
3997.80000,-0.59227,2.89449,-2.89101
3997.85000,-0.59866,2.89262,-2.81994
3997.90000,-0.60500,2.89025,-2.74901
3997.95000,-0.61122,2.88741,-2.67822
3998.00000,-0.61736,2.88407,-2.60784
3998.05000,-0.62337,2.88023,-2.53791
3998.10000,-0.62914,2.87594,-2.46814
3998.15000,-0.63461,2.87126,-2.39841
3998.20000,-0.63990,2.86604,-2.32950
3998.25000,-0.64481,2.86049,-2.26051
3998.30000,-0.64933,2.85494,-2.20295
3998.35000,-0.65255,2.85048,-2.16241
3998.40000,-0.65430,2.84773,-2.10949
3998.45000,-0.65538,2.84580,-2.04329
3998.50000,-0.65603,2.84441,-1.96787
3998.55000,-0.65641,2.84340,-1.88590
3998.60000,-0.65669,2.84239,-1.80037
3998.65000,-0.65695,2.84099,-1.71380
3998.70000,-0.65712,2.83928,-1.62663
3998.75000,-0.65714,2.83731,-1.53917
3998.80000,-0.65697,2.83514,-1.45165
3998.85000,-0.65659,2.83281,-1.36422
3998.90000,-0.65596,2.83036,-1.27702
3998.95000,-0.65507,2.82783,-1.19012
3999.00000,-0.65390,2.82525,-1.10359
3999.05000,-0.65245,2.82265,-1.01749
3999.10000,-0.65069,2.82007,-0.93183
3999.15000,-0.64864,2.81753,-0.84666
3999.20000,-0.64627,2.81508,-0.76199
3999.25000,-0.64360,2.81274,-0.67783
3999.30000,-0.64063,2.81055,-0.59420
3999.35000,-0.63749,2.80861,-0.51163
3999.40000,-0.63427,2.80697,-0.43043
3999.45000,-0.63099,2.80562,-0.35062
3999.50000,-0.62770,2.80456,-0.27221
3999.55000,-0.62442,2.80378,-0.19520
3999.60000,-0.62118,2.80326,-0.11958
3999.65000,-0.61799,2.80300,-0.04535
3999.70000,-0.61489,2.80297,0.02749
3999.75000,-0.61187,2.80316,0.09895
3999.80000,-0.60897,2.80355,0.16902
3999.85000,-0.60618,2.80413,0.23772
3999.90000,-0.60347,2.80476,0.29574
3999.95000,-0.60014,2.80587,0.33146
4000.00000,-0.59390,2.80818,0.34846
4000.05000,-0.58530,2.81135,0.34925
4000.10000,-0.57597,2.81474,0.34683
4000.15000,-0.56662,2.81810,0.34377
4000.20000,-0.55726,2.82143,0.33973
4000.25000,-0.54788,2.82472,0.33477
4000.30000,-0.53849,2.82794,0.32840
4000.35000,-0.52917,2.83106,0.32079
4000.40000,-0.51986,2.83410,0.31226
4000.45000,-0.51046,2.83709,0.30322
4000.50000,-0.50095,2.84001,0.29363
4000.55000,-0.49138,2.84285,0.28344
4000.60000,-0.48177,2.84559,0.27251
4000.65000,-0.47212,2.84823,0.26077
4000.70000,-0.46253,2.85072,0.24818
4000.75000,-0.45291,2.85309,0.23474
4000.80000,-0.44330,2.85531,0.22051
4000.85000,-0.43362,2.85740,0.20583
4000.90000,-0.42391,2.85935,0.19085
4000.95000,-0.41419,2.86115,0.17530
4001.00000,-0.40446,2.86278,0.15902
4001.05000,-0.39472,2.86426,0.14218
4001.10000,-0.38497,2.86557,0.12490
4001.15000,-0.37519,2.86671,0.10712
4001.20000,-0.36523,2.86769,0.08986
4001.25000,-0.35540,2.86848,0.07159
4001.30000,-0.34567,2.86908,0.05249
4001.35000,-0.33593,2.86949,0.03312
4001.40000,-0.32609,2.86973,0.01382
4001.45000,-0.31650,2.86976,-0.00662
4001.50000,-0.30688,2.86960,-0.02724
4001.55000,-0.29735,2.86924,-0.04837
4001.60000,-0.28791,2.86869,-0.07015
4001.65000,-0.27849,2.86792,-0.09214
4001.70000,-0.26909,2.86695,-0.11402
4001.75000,-0.25970,2.86576,-0.13631
4001.80000,-0.25031,2.86434,-0.15883
4001.85000,-0.24100,2.86272,-0.18188
4001.90000,-0.23175,2.86090,-0.20540
4001.95000,-0.22256,2.85885,-0.22937
4002.00000,-0.21343,2.85659,-0.25358
4002.05000,-0.20436,2.85411,-0.27809
4002.10000,-0.19533,2.85140,-0.30339
4002.15000,-0.18643,2.84847,-0.32885
4002.20000,-0.17763,2.84532,-0.35491
4002.25000,-0.16892,2.84195,-0.38133
4002.30000,-0.16049,2.83854,-0.39622
4002.35000,-0.15204,2.83506,-0.40205
4002.40000,-0.14349,2.83147,-0.40263
4002.45000,-0.13493,2.82783,-0.39190
4002.50000,-0.12650,2.82437,-0.36189
4002.55000,-0.11995,2.82203,-0.31886
4002.60000,-0.11591,2.82080,-0.26450
4002.65000,-0.11452,2.82046,-0.19895
4002.70000,-0.11439,2.82047,-0.13827
4002.75000,-0.11483,2.82067,-0.10102
4002.80000,-0.11432,2.82052,-0.08233
4002.85000,-0.11100,2.82008,-0.07831
4002.90000,-0.10538,2.81951,-0.08597
4002.95000,-0.09694,2.81863,-0.10826
4003.00000,-0.08767,2.81750,-0.13499
4003.05000,-0.07843,2.81611,-0.16157
4003.10000,-0.06924,2.81449,-0.18872
4003.15000,-0.06009,2.81261,-0.21588
4003.20000,-0.05111,2.81050,-0.24559
4003.25000,-0.04213,2.80812,-0.27382
4003.30000,-0.03322,2.80548,-0.30197
4003.35000,-0.02477,2.80269,-0.33630
4003.40000,-0.01617,2.79966,-0.36651
4003.45000,-0.00837,2.79706,-0.38962
4003.50000,-0.00283,2.79474,-0.42129
4003.55000,0.00360,2.79171,-0.46120
4003.60000,0.01083,2.78791,-0.50594
4003.65000,0.01840,2.78348,-0.55334
4003.70000,0.02579,2.77866,-0.60048
4003.75000,0.03297,2.77350,-0.64700
4003.80000,0.03990,2.76801,-0.69302
4003.85000,0.04658,2.76220,-0.73891
4003.90000,0.05300,2.75608,-0.78395
4003.95000,0.05915,2.74967,-0.82859
4004.00000,0.06514,2.74312,-0.86612
4004.05000,0.07147,2.73616,-0.88014
4004.10000,0.07524,2.73161,-0.88095
4004.15000,0.07749,2.72888,-0.88590
4004.20000,0.07987,2.72598,-0.87376
4004.25000,0.08126,2.72438,-0.82679
4004.30000,0.08216,2.72343,-0.78428
4004.35000,0.08311,2.72250,-0.75791
4004.40000,0.08424,2.72145,-0.70902
4004.45000,0.08518,2.72067,-0.67359
4004.50000,0.08551,2.72045,-0.66849
4004.55000,0.08810,2.71838,-0.68335
4004.60000,0.09255,2.71465,-0.71131
4004.65000,0.09808,2.70971,-0.74679
4004.70000,0.10425,2.70375,-0.78750
4004.75000,0.11043,2.69728,-0.82941
4004.80000,0.11635,2.69054,-0.87063
4004.85000,0.12225,2.68348,-0.89877
4004.90000,0.12792,2.67633,-0.89878
4004.95000,0.13294,2.67010,-0.87472
4005.00000,0.13609,2.66638,-0.82694
4005.05000,0.13687,2.66557,-0.76936
4005.10000,0.13719,2.66529,-0.72014
4005.15000,0.13763,2.66497,-0.69753
4005.20000,0.13863,2.66416,-0.70065
4005.25000,0.14241,2.66091,-0.72245
4005.30000,0.14762,2.65616,-0.75486
4005.35000,0.15362,2.65029,-0.79306
4005.40000,0.15979,2.64376,-0.83359
4005.45000,0.16591,2.63700,-0.86356
4005.50000,0.17176,2.63017,-0.86300
4005.55000,0.17676,2.62441,-0.83817
4005.60000,0.18019,2.62074,-0.79470
4005.65000,0.18173,2.61923,-0.73902
4005.70000,0.18212,2.61892,-0.68798
4005.75000,0.18244,2.61874,-0.66381
4005.80000,0.18288,2.61849,-0.65938
4005.85000,0.18538,2.61655,-0.66997
4005.90000,0.19068,2.61221,-0.69965
4005.95000,0.19752,2.60626,-0.73335
4006.00000,0.20480,2.59946,-0.76975
4006.05000,0.21185,2.59237,-0.80549
4006.10000,0.21860,2.58523,-0.83025
4006.15000,0.22487,2.57834,-0.82836
4006.20000,0.23065,2.57201,-0.80902
4006.25000,0.23464,2.56794,-0.77095
4006.30000,0.23583,2.56682,-0.71648
4006.35000,0.23606,2.56663,-0.65680
4006.40000,0.23634,2.56644,-0.60973
4006.45000,0.23689,2.56608,-0.59360
4006.50000,0.23884,2.56474,-0.59887
4006.55000,0.24365,2.56134,-0.62110
4006.60000,0.25003,2.55662,-0.65134
4006.65000,0.25762,2.55063,-0.68545
4006.70000,0.26525,2.54417,-0.72043
4006.75000,0.27265,2.53744,-0.75481
4006.80000,0.27980,2.53070,-0.78161
4006.85000,0.28647,2.52421,-0.77988
4006.90000,0.29266,2.51809,-0.76478
4006.95000,0.29810,2.51297,-0.73613
4007.00000,0.30149,2.51000,-0.69529
4007.05000,0.30260,2.50910,-0.64217
4007.10000,0.30288,2.50891,-0.58478
4007.15000,0.30315,2.50877,-0.53917
4007.20000,0.30332,2.50876,-0.52015
4007.25000,0.30505,2.50774,-0.52253
4007.30000,0.30992,2.50481,-0.54296
4007.35000,0.31661,2.50063,-0.57288
4007.40000,0.32402,2.49566,-0.60906
4007.45000,0.33136,2.49034,-0.64627
4007.50000,0.33862,2.48462,-0.68254
4007.55000,0.34575,2.47875,-0.70834
4007.60000,0.35266,2.47293,-0.70711
4007.65000,0.35930,2.46734,-0.69221
4007.70000,0.36473,2.46295,-0.66327
4007.75000,0.36759,2.46093,-0.63367
4007.80000,0.36914,2.45984,-0.61085
4007.85000,0.37057,2.45888,-0.56600
4007.90000,0.37128,2.45845,-0.52884
4007.95000,0.37180,2.45829,-0.51807
4008.00000,0.37226,2.45823,-0.52207
4008.05000,0.37425,2.45700,-0.54711
4008.10000,0.37924,2.45383,-0.58527
4008.15000,0.38513,2.44973,-0.62939
4008.20000,0.39127,2.44502,-0.67888
4008.25000,0.39768,2.43957,-0.73115
4008.30000,0.40409,2.43350,-0.78552
4008.35000,0.41046,2.42676,-0.84088
4008.40000,0.41663,2.41946,-0.89700
4008.45000,0.42253,2.41163,-0.95347
4008.50000,0.42807,2.40334,-1.01023
4008.55000,0.43314,2.39472,-1.06652
4008.60000,0.43772,2.38584,-1.12226
4008.65000,0.44181,2.37671,-1.17777
4008.70000,0.44538,2.36737,-1.23258
4008.75000,0.44844,2.35785,-1.28749
4008.80000,0.45097,2.34818,-1.34271
4008.85000,0.45271,2.33935,-1.38124
4008.90000,0.45444,2.33046,-1.39449
4008.95000,0.45605,2.32129,-1.38499
4009.00000,0.45734,2.31466,-1.35805
4009.05000,0.45830,2.31050,-1.32122
4009.10000,0.45852,2.30847,-1.28549
4009.15000,0.45871,2.30702,-1.25986
4009.20000,0.45889,2.30618,-1.23670
4009.25000,0.45876,2.30571,-1.23365
4009.30000,0.45845,2.30551,-1.24167
4009.35000,0.45924,2.30356,-1.26622
4009.40000,0.46095,2.29787,-1.30281
4009.45000,0.46281,2.29042,-1.34673
4009.50000,0.46454,2.28189,-1.39378
4009.55000,0.46578,2.27345,-1.42833
4009.60000,0.46686,2.26486,-1.43589
4009.65000,0.46794,2.25635,-1.42081
4009.70000,0.46858,2.25093,-1.38505
4009.75000,0.46891,2.24899,-1.33191
4009.80000,0.46907,2.24839,-1.29032
4009.85000,0.46926,2.24766,-1.26116
4009.90000,0.46942,2.24694,-1.24059
4009.95000,0.46949,2.24649,-1.24521
4010.00000,0.47033,2.24398,-1.27121
4010.05000,0.47154,2.23986,-1.30554
4010.10000,0.47298,2.23414,-1.34775
4010.15000,0.47441,2.22705,-1.39589
4010.20000,0.47561,2.21908,-1.44720
4010.25000,0.47643,2.21064,-1.48404
4010.30000,0.47715,2.20166,-1.49699
4010.35000,0.47788,2.19249,-1.49764
4010.40000,0.47860,2.18328,-1.48948
4010.45000,0.47926,2.17458,-1.46543
4010.50000,0.47958,2.16940,-1.42182
4010.55000,0.47969,2.16812,-1.36672
4010.60000,0.47981,2.16761,-1.31105
4010.65000,0.47987,2.16722,-1.26745
4010.70000,0.47961,2.16720,-1.25090
4010.75000,0.47972,2.16685,-1.25697
4010.80000,0.48083,2.16389,-1.27917
4010.85000,0.48213,2.15933,-1.30988
4010.90000,0.48369,2.15307,-1.34852
4010.95000,0.48529,2.14518,-1.39433
4011.00000,0.48663,2.13665,-1.42694
4011.05000,0.48781,2.12774,-1.43327
4011.10000,0.48912,2.11856,-1.42099
4011.15000,0.49032,2.11077,-1.38844
4011.20000,0.49123,2.10578,-1.34141
4011.25000,0.49143,2.10428,-1.28537
4011.30000,0.49158,2.10381,-1.22886
4011.35000,0.49172,2.10340,-1.18303
4011.40000,0.49156,2.10336,-1.16383
4011.45000,0.49189,2.10272,-1.16961
4011.50000,0.49358,2.09893,-1.19306
4011.55000,0.49583,2.09297,-1.22847
4011.60000,0.49826,2.08566,-1.26964
4011.65000,0.50062,2.07740,-1.31500
4011.70000,0.50266,2.06880,-1.36116
4011.75000,0.50430,2.06010,-1.40714
4011.80000,0.50560,2.05119,-1.43845
4011.85000,0.50668,2.04187,-1.44445
4011.90000,0.50787,2.03226,-1.43265
4011.95000,0.50875,2.02477,-1.39839
4012.00000,0.50920,2.02199,-1.34771
4012.05000,0.50935,2.02139,-1.28895
4012.10000,0.50946,2.02104,-1.22852
4012.15000,0.50958,2.02072,-1.16734
4012.20000,0.50974,2.02041,-1.11615
4012.25000,0.51008,2.01995,-1.07647
4012.30000,0.51045,2.01951,-1.05498
4012.35000,0.51094,2.01888,-1.05336
4012.40000,0.51289,2.01579,-1.07045
4012.45000,0.51637,2.00935,-1.10257
4012.50000,0.52035,2.00110,-1.14051
4012.55000,0.52432,1.99196,-1.18090
4012.60000,0.52793,1.98263,-1.22120
4012.65000,0.53117,1.97317,-1.26140
4012.70000,0.53402,1.96359,-1.30168
4012.75000,0.53630,1.95454,-1.32856
4012.80000,0.53860,1.94545,-1.33499
4012.85000,0.54084,1.93636,-1.32397
4012.90000,0.54299,1.92808,-1.29618
4012.95000,0.54478,1.92213,-1.25738
4013.00000,0.54592,1.91885,-1.20718
4013.05000,0.54620,1.91814,-1.14634
4013.10000,0.54632,1.91789,-1.08371
4013.15000,0.54649,1.91764,-1.03211
4013.20000,0.54685,1.91723,-0.99378
4013.25000,0.54737,1.91670,-0.96619
4013.30000,0.54802,1.91606,-0.94932
4013.35000,0.54884,1.91528,-0.94250
4013.40000,0.54998,1.91412,-0.94644
4013.45000,0.55314,1.90978,-0.97064
4013.50000,0.55758,1.90307,-1.00430
4013.55000,0.56255,1.89486,-1.04560
4013.60000,0.56722,1.88640,-1.08740
4013.65000,0.57169,1.87745,-1.12750
4013.70000,0.57579,1.86834,-1.16729
4013.75000,0.57901,1.86032,-1.18965
4013.80000,0.58182,1.85333,-1.18244
4013.85000,0.58349,1.84943,-1.14468
4013.90000,0.58456,1.84720,-1.09118
4013.95000,0.58487,1.84662,-1.02922
4014.00000,0.58499,1.84644,-0.96456
4014.05000,0.58514,1.84627,-0.91222
4014.10000,0.58531,1.84613,-0.87699
4014.15000,0.58540,1.84612,-0.86260
4014.20000,0.58704,1.84428,-0.87422
4014.25000,0.59020,1.84043,-0.89588
4014.30000,0.59482,1.83449,-0.92704
4014.35000,0.60012,1.82711,-0.96681
4014.40000,0.60506,1.81956,-1.01107
4014.45000,0.60997,1.81132,-1.05288
4014.50000,0.61454,1.80285,-1.09429
4014.55000,0.61842,1.79508,-1.12100
4014.60000,0.62196,1.78768,-1.11930
4014.65000,0.62395,1.78373,-1.08347
4014.70000,0.62539,1.78116,-1.02913
4014.75000,0.62620,1.77988,-0.96412
4014.80000,0.62637,1.77965,-0.89421
4014.85000,0.62652,1.77951,-0.83663
4014.90000,0.62667,1.77943,-0.79908
4014.95000,0.62649,1.77969,-0.78905
4015.00000,0.62690,1.77927,-0.79297
4015.05000,0.62826,1.77788,-0.80289
4015.10000,0.63115,1.77484,-0.82086
4015.15000,0.63551,1.77002,-0.84831
4015.20000,0.64129,1.76322,-0.88583
4015.25000,0.64735,1.75545,-0.92733
4015.30000,0.65311,1.74742,-0.96810
4015.35000,0.65853,1.73915,-1.00910
4015.40000,0.66356,1.73075,-1.05057
4015.45000,0.66766,1.72321,-1.09783
4015.50000,0.66981,1.71869,-1.15611
4015.55000,0.67079,1.71628,-1.22360
4015.60000,0.67111,1.71531,-1.29706
4015.65000,0.67116,1.71511,-1.37330
4015.70000,0.67119,1.71491,-1.44904
4015.75000,0.67121,1.71472,-1.52413
4015.80000,0.67121,1.71452,-1.59857
4015.85000,0.67120,1.71432,-1.67236
4015.90000,0.67117,1.71413,-1.74548
4015.95000,0.67113,1.71393,-1.81792
4016.00000,0.67107,1.71374,-1.88967
4016.05000,0.67100,1.71356,-1.96073
4016.10000,0.67092,1.71338,-2.03109
4016.15000,0.67083,1.71321,-2.10073
4016.20000,0.67072,1.71304,-2.16965
4016.25000,0.67061,1.71288,-2.23784
4016.30000,0.67048,1.71273,-2.30529
4016.35000,0.67034,1.71259,-2.37200
4016.40000,0.67020,1.71246,-2.43796
4016.45000,0.67005,1.71234,-2.50316
4016.50000,0.66989,1.71223,-2.56760
4016.55000,0.66972,1.71213,-2.63127
4016.60000,0.66955,1.71204,-2.69417
4016.65000,0.66937,1.71196,-2.75628
4016.70000,0.66919,1.71190,-2.81762
4016.75000,0.66901,1.71184,-2.87816
4016.80000,0.66882,1.71180,-2.93792
4016.85000,0.66863,1.71176,-2.99688
4016.90000,0.66844,1.71174,-3.05505
4016.95000,0.66825,1.71173,-3.11241
4017.00000,0.66806,1.71173,3.11421
4017.05000,0.66787,1.71174,3.05844
4017.10000,0.66769,1.71176,3.00348
4017.15000,0.66750,1.71179,2.94933
4017.20000,0.66732,1.71183,2.89598
4017.25000,0.66714,1.71188,2.84344
4017.30000,0.66697,1.71194,2.79171
4017.35000,0.66680,1.71201,2.74080
4017.40000,0.66663,1.71208,2.69069
4017.45000,0.66647,1.71217,2.64139
4017.50000,0.66631,1.71226,2.59290
4017.55000,0.66616,1.71236,2.54529
4017.60000,0.66419,1.71389,2.49935
4017.65000,0.65819,1.71859,2.45960
4017.70000,0.65182,1.72400,2.41484
4017.75000,0.64532,1.73008,2.36686
4017.80000,0.63840,1.73717,2.32214
4017.85000,0.63174,1.74462,2.27823
4017.90000,0.62541,1.75236,2.23463
4017.95000,0.61942,1.76037,2.19131
4018.00000,0.61378,1.76863,2.14829
4018.05000,0.60850,1.77712,2.10559
4018.10000,0.60359,1.78583,2.06324
4018.15000,0.59905,1.79474,2.02128
4018.20000,0.59488,1.80383,1.97975
4018.25000,0.59110,1.81308,1.93870
4018.30000,0.58769,1.82248,1.89822
4018.35000,0.58466,1.83201,1.85834
4018.40000,0.58202,1.84166,1.81915
4018.45000,0.57975,1.85139,1.78073
4018.50000,0.57804,1.86037,1.75676
4018.55000,0.57627,1.86987,1.75330
4018.60000,0.57446,1.87970,1.75289
4018.65000,0.57265,1.88953,1.75236
4018.70000,0.57085,1.89936,1.75269
4018.75000,0.56903,1.90921,1.75346
4018.80000,0.56720,1.91908,1.75509
4018.85000,0.56536,1.92894,1.75718
4018.90000,0.56347,1.93883,1.76035
4018.95000,0.56156,1.94873,1.76437
4019.00000,0.55959,1.95865,1.76913
4019.05000,0.55757,1.96856,1.77418
4019.10000,0.55550,1.97848,1.77978
4019.15000,0.55371,1.98747,1.77464
4019.20000,0.55207,1.99561,1.76820
4019.25000,0.55010,2.00517,1.77456
4019.30000,0.54801,2.01510,1.78261
4019.35000,0.54625,2.02392,1.77731
4019.40000,0.54455,2.03251,1.75498
4019.45000,0.54294,2.04176,1.73044
4019.50000,0.54153,2.05116,1.71782
4019.55000,0.53999,2.06103,1.72232
4019.60000,0.53839,2.07112,1.73415
4019.65000,0.53690,2.08095,1.73839
4019.70000,0.53544,2.08967,1.73786
4019.75000,0.53373,2.09937,1.74913
4019.80000,0.53188,2.10939,1.76282
4019.85000,0.53010,2.11906,1.76736
4019.90000,0.52832,2.12852,1.75504
4019.95000,0.52663,2.13799,1.73941
4020.00000,0.52495,2.14760,1.72334
4020.05000,0.52473,2.15245,1.70960
4020.10000,0.52472,2.15300,1.69549
4020.15000,0.52442,2.15494,1.68365
4020.20000,0.52368,2.16019,1.68067
4020.25000,0.52260,2.16804,1.68894
4020.30000,0.52134,2.17793,1.70772
4020.35000,0.51990,2.18758,1.73227
4020.40000,0.51874,2.19601,1.75464
4020.45000,0.51796,2.20035,1.77242
4020.50000,0.51649,2.20701,1.79824
4020.55000,0.51436,2.21561,1.83231
4020.60000,0.51176,2.22467,1.87064
4020.65000,0.50880,2.23352,1.91136
4020.70000,0.50564,2.24189,1.95360
4020.75000,0.50196,2.25038,1.99418
4020.80000,0.49776,2.25948,2.03434
4020.85000,0.49358,2.26742,2.07545
4020.90000,0.48908,2.27519,2.11650
4020.95000,0.48427,2.28277,2.15714
4021.00000,0.47927,2.29026,2.19066
4021.05000,0.47480,2.29674,2.21715
4021.10000,0.47104,2.30162,2.23090
4021.15000,0.46589,2.30822,2.22899
4021.20000,0.45989,2.31604,2.22017
4021.25000,0.45460,2.32303,2.22506
4021.30000,0.44998,2.32891,2.25122
4021.35000,0.44505,2.33497,2.27631
4021.40000,0.44045,2.34043,2.29690
4021.45000,0.43494,2.34650,2.32480
4021.50000,0.42884,2.35277,2.36071
4021.55000,0.42240,2.35915,2.39228
4021.60000,0.41659,2.36463,2.41431
4021.65000,0.41169,2.36894,2.42903
4021.70000,0.40945,2.37088,2.42707
4021.75000,0.40926,2.37105,2.41354
4021.80000,0.40935,2.37099,2.39844
4021.85000,0.40929,2.37104,2.38405
4021.90000,0.40930,2.37104,2.37036
4021.95000,0.40940,2.37095,2.35662
4022.00000,0.40818,2.37221,2.34362
4022.05000,0.40350,2.37696,2.34620
4022.10000,0.39945,2.38103,2.35221
4022.15000,0.39447,2.38605,2.35750
4022.20000,0.38982,2.39066,2.36618
4022.25000,0.38367,2.39670,2.35997
4022.30000,0.37682,2.40358,2.34816
4022.35000,0.37005,2.41055,2.33591
4022.40000,0.36335,2.41761,2.32318
4022.45000,0.35678,2.42472,2.31031
4022.50000,0.35030,2.43192,2.29717
4022.55000,0.34392,2.43920,2.28382
4022.60000,0.33764,2.44656,2.27029
4022.65000,0.33147,2.45401,2.25665
4022.70000,0.32536,2.46150,2.25445
4022.75000,0.32108,2.46680,2.25882
4022.80000,0.31627,2.47264,2.25544
4022.85000,0.31070,2.47942,2.25855
4022.90000,0.30636,2.48475,2.26394
4022.95000,0.30114,2.49104,2.25847
4023.00000,0.29517,2.49838,2.24747
4023.05000,0.28914,2.50598,2.23544
4023.10000,0.28320,2.51365,2.22357
4023.15000,0.27736,2.52139,2.21195
4023.20000,0.27160,2.52920,2.20057
4023.25000,0.26593,2.53708,2.18950
4023.30000,0.26033,2.54503,2.17879
4023.35000,0.25481,2.55305,2.16842
4023.40000,0.24937,2.56113,2.15847
4023.45000,0.24400,2.56928,2.14891
4023.50000,0.23870,2.57749,2.13983
4023.55000,0.23348,2.58574,2.13041
4023.60000,0.22834,2.59403,2.12009
4023.65000,0.22321,2.60246,2.12015
4023.70000,0.21861,2.61000,2.14261
4023.75000,0.21481,2.61567,2.18333
4023.80000,0.21040,2.62164,2.23066
4023.85000,0.20512,2.62810,2.28077
4023.90000,0.19917,2.63467,2.33340
4023.95000,0.19250,2.64128,2.38713
4024.00000,0.18523,2.64775,2.44175
4024.05000,0.17748,2.65391,2.49726
4024.10000,0.16933,2.65969,2.55215
4024.15000,0.16087,2.66502,2.60681
4024.20000,0.15213,2.66988,2.66167
4024.25000,0.14314,2.67425,2.71568
4024.30000,0.13393,2.67814,2.76909
4024.35000,0.12452,2.68153,2.82248
4024.40000,0.11495,2.68441,2.87580
4024.45000,0.10524,2.68678,2.92819
4024.50000,0.09542,2.68865,2.97877
4024.55000,0.08708,2.68987,3.00639
4024.60000,0.08133,2.69066,2.99771
4024.65000,0.07794,2.69119,2.97040
4024.70000,0.07674,2.69141,2.93316
4024.75000,0.07652,2.69146,2.89136
4024.80000,0.07630,2.69152,2.84935
4024.85000,0.07608,2.69161,2.81683
4024.90000,0.07582,2.69177,2.79343
4024.95000,0.07528,2.69224,2.78762
4025.00000,0.07473,2.69274,2.78512
4025.05000,0.07416,2.69327,2.78557
4025.10000,0.07355,2.69386,2.79568
4025.15000,0.07208,2.69467,2.81702
4025.20000,0.06852,2.69585,2.84683
4025.25000,0.06268,2.69751,2.88617
4025.30000,0.05420,2.69952,2.93475
4025.35000,0.04512,2.70120,2.98555
4025.40000,0.03562,2.70244,3.03808
4025.45000,0.02571,2.70320,3.09147
4025.50000,0.01604,2.70340,3.13266
4025.55000,0.00716,2.70342,-3.13548
4025.60000,-0.00047,2.70341,3.13649
4025.65000,-0.00568,2.70342,3.11095
4025.70000,-0.00763,2.70341,3.07144
4025.75000,-0.00812,2.70346,3.02531
4025.80000,-0.00863,2.70353,2.97892
4025.85000,-0.00913,2.70362,2.93247
4025.90000,-0.00963,2.70374,2.88596
4025.95000,-0.01017,2.70393,2.84647
4026.00000,-0.01097,2.70443,2.82675
4026.05000,-0.01233,2.70545,2.83527
4026.10000,-0.01698,2.70692,2.86543
4026.15000,-0.02336,2.70864,2.90207
4026.20000,-0.03116,2.71037,2.94420
4026.25000,-0.03998,2.71193,2.98987
4026.30000,-0.04959,2.71316,3.03780
4026.35000,-0.05909,2.71384,3.07388
4026.40000,-0.06773,2.71404,3.08341
4026.45000,-0.07553,2.71400,3.07071
4026.50000,-0.08083,2.71391,3.04042
4026.55000,-0.08391,2.71397,3.00018
4026.60000,-0.08510,2.71414,2.95192
4026.65000,-0.08603,2.71435,2.90237
4026.70000,-0.08697,2.71460,2.85284
4026.75000,-0.08810,2.71497,2.81679
4026.80000,-0.08958,2.71567,2.80546
4026.85000,-0.09173,2.71681,2.81959
4026.90000,-0.09675,2.71854,2.84784
4026.95000,-0.10356,2.72051,2.88373
4027.00000,-0.11171,2.72254,2.92450
4027.05000,-0.12078,2.72437,2.96855
4027.10000,-0.13020,2.72572,3.00416
4027.15000,-0.13879,2.72621,3.01532
4027.20000,-0.14658,2.72597,3.00257
4027.25000,-0.15143,2.72588,2.96687
4027.30000,-0.15267,2.72604,2.91568
4027.35000,-0.15367,2.72630,2.86334
4027.40000,-0.15429,2.72651,2.80978
4027.45000,-0.15534,2.72691,2.77526
4027.50000,-0.15682,2.72763,2.76919
4027.55000,-0.15894,2.72866,2.78107
4027.60000,-0.16407,2.73063,2.80979
4027.65000,-0.17122,2.73300,2.84467
4027.70000,-0.17939,2.73535,2.88477
4027.75000,-0.18764,2.73732,2.93153
4027.80000,-0.19614,2.73901,2.96582
4027.85000,-0.20415,2.74014,2.97354
4027.90000,-0.21156,2.74062,2.95999
4027.95000,-0.21666,2.74033,2.92707
4028.00000,-0.21848,2.74018,2.88065
4028.05000,-0.21946,2.74048,2.83101
4028.10000,-0.22079,2.74095,2.78340
4028.15000,-0.22204,2.74145,2.73617
4028.20000,-0.22332,2.74205,2.69923
4028.25000,-0.22492,2.74303,2.68456
4028.30000,-0.22651,2.74403,2.68165
4028.35000,-0.22920,2.74554,2.69514
4028.40000,-0.23542,2.74846,2.72652
4028.45000,-0.24280,2.75156,2.76634
4028.50000,-0.25183,2.75492,2.80704
4028.55000,-0.26132,2.75801,2.84830
4028.60000,-0.27006,2.76037,2.87612
4028.65000,-0.27823,2.76212,2.87885
4028.70000,-0.28581,2.76360,2.86375
4028.75000,-0.29121,2.76510,2.83582
4028.80000,-0.29416,2.76608,2.79739
4028.85000,-0.29546,2.76658,2.75205
4028.90000,-0.29669,2.76712,2.70665
4028.95000,-0.29787,2.76770,2.66147
4029.00000,-0.29904,2.76833,2.62678
4029.05000,-0.30059,2.76942,2.61768
4029.10000,-0.30434,2.77162,2.63457
4029.15000,-0.31005,2.77470,2.66054
4029.20000,-0.31766,2.77853,2.69380
4029.25000,-0.32646,2.78255,2.73172
4029.30000,-0.33571,2.78635,2.77074
4029.35000,-0.34474,2.78966,2.79418
4029.40000,-0.35235,2.79210,2.78830
4029.45000,-0.35717,2.79391,2.76195
4029.50000,-0.35942,2.79485,2.72434
4029.55000,-0.36039,2.79530,2.68138
4029.60000,-0.36130,2.79578,2.63857
4029.65000,-0.36216,2.79628,2.59602
4029.70000,-0.36299,2.79680,2.56368
4029.75000,-0.36412,2.79766,2.55282
4029.80000,-0.36706,2.79963,2.56540
4029.85000,-0.37146,2.80244,2.58478
4029.90000,-0.37793,2.80636,2.61296
4029.95000,-0.38628,2.81104,2.64942
4030.00000,-0.39518,2.81559,2.68753
4030.05000,-0.40384,2.81960,2.71005
4030.10000,-0.41144,2.82299,2.70584
4030.15000,-0.41588,2.82508,2.68353
4030.20000,-0.41748,2.82589,2.64849
4030.25000,-0.41803,2.82620,2.60890
4030.30000,-0.41854,2.82651,2.56949
4030.35000,-0.41903,2.82685,2.53966
4030.40000,-0.41967,2.82740,2.52817
4030.45000,-0.42050,2.82808,2.53027
4030.50000,-0.42189,2.82906,2.54178
4030.55000,-0.42486,2.83110,2.55989
4030.60000,-0.42933,2.83398,2.58812
4030.65000,-0.43623,2.83808,2.62656
4030.70000,-0.44430,2.84240,2.67223
4030.75000,-0.45284,2.84649,2.72238
4030.80000,-0.46201,2.85030,2.77299
4030.85000,-0.46989,2.85319,2.80077
4030.90000,-0.47536,2.85514,2.79286
4030.95000,-0.47817,2.85619,2.76704
4031.00000,-0.47881,2.85645,2.73132
4031.05000,-0.47912,2.85660,2.70307
4031.10000,-0.47941,2.85676,2.68044
4031.15000,-0.48000,2.85726,2.67568
4031.20000,-0.48149,2.85827,2.69136
4031.25000,-0.48655,2.86065,2.72901
4031.30000,-0.49319,2.86339,2.77246
4031.35000,-0.50078,2.86612,2.82016
4031.40000,-0.50933,2.86874,2.87005
4031.45000,-0.51882,2.87112,2.92058
4031.50000,-0.52831,2.87300,2.95653
4031.55000,-0.53531,2.87414,2.97998
4031.60000,-0.53992,2.87477,3.02477
4031.65000,-0.54382,2.87511,3.08124
4031.70000,-0.54875,2.87526,3.14152
4031.75000,-0.55440,2.87508,-3.07874
4031.80000,-0.56061,2.87449,-3.01421
4031.85000,-0.56723,2.87342,-2.94883
4031.90000,-0.57399,2.87186,-2.88248
4031.95000,-0.58091,2.86978,-2.81591
4032.00000,-0.58786,2.86717,-2.74917
4032.05000,-0.59477,2.86403,-2.68241
4032.10000,-0.60156,2.86039,-2.61561
4032.15000,-0.60806,2.85667,-2.55933
4032.20000,-0.61370,2.85349,-2.51626
4032.25000,-0.61740,2.85069,-2.46817
4032.30000,-0.62070,2.84791,-2.40967
4032.35000,-0.62490,2.84388,-2.35023
4032.40000,-0.62879,2.83970,-2.28582
4032.45000,-0.63185,2.83591,-2.21496
4032.50000,-0.63426,2.83246,-2.13931
4032.55000,-0.63686,2.82801,-2.06549
4032.60000,-0.63941,2.82284,-1.99278
4032.65000,-0.64165,2.81730,-1.92006
4032.70000,-0.64354,2.81148,-1.84731
4032.75000,-0.64502,2.80540,-1.77472
4032.80000,-0.64609,2.79910,-1.70237
4032.85000,-0.64661,2.79374,-1.62607
4032.90000,-0.64667,2.79000,-1.54341
4032.95000,-0.64647,2.78724,-1.45694
4033.00000,-0.64602,2.78438,-1.37086
4033.05000,-0.64530,2.78147,-1.28587
4033.10000,-0.64430,2.77852,-1.20200
4033.15000,-0.64301,2.77555,-1.11928
4033.20000,-0.64143,2.77262,-1.03770
4033.25000,-0.63958,2.76975,-0.95732
4033.30000,-0.63748,2.76700,-0.87815
4033.35000,-0.63512,2.76438,-0.80021
4033.40000,-0.63254,2.76191,-0.72351
4033.45000,-0.62972,2.75961,-0.64805
4033.50000,-0.62668,2.75749,-0.57386
4033.55000,-0.62345,2.75556,-0.50093
4033.60000,-0.62004,2.75385,-0.42928
4033.65000,-0.61646,2.75236,-0.35891
4033.70000,-0.61276,2.75111,-0.28982
4033.75000,-0.60895,2.75012,-0.22201
4033.80000,-0.60506,2.74938,-0.15548
4033.85000,-0.60113,2.74889,-0.09022
4033.90000,-0.59716,2.74866,-0.02624
4033.95000,-0.59310,2.74868,0.03645
4034.00000,-0.58891,2.74896,0.09787
4034.05000,-0.58240,2.74982,0.15361
4034.10000,-0.57401,2.75135,0.20673
4034.15000,-0.56515,2.75347,0.26100
4034.20000,-0.55599,2.75619,0.31593
4034.25000,-0.54665,2.75953,0.37114
4034.30000,-0.53752,2.76298,0.41939
4034.35000,-0.52870,2.76615,0.45744
4034.40000,-0.52017,2.76904,0.48895
4034.45000,-0.51230,2.77204,0.50847
4034.50000,-0.50442,2.77649,0.50895
4034.55000,-0.49579,2.78127,0.50364
4034.60000,-0.48716,2.78599,0.49722
4034.65000,-0.47851,2.79064,0.48978
4034.70000,-0.46987,2.79520,0.48102
4034.75000,-0.46120,2.79967,0.47096
4034.80000,-0.45251,2.80404,0.45985
4034.85000,-0.44380,2.80829,0.44748
4034.90000,-0.43506,2.81241,0.43398
4034.95000,-0.42629,2.81640,0.41938
4035.00000,-0.41748,2.82025,0.40401
4035.05000,-0.40862,2.82395,0.38796
4035.10000,-0.39973,2.82750,0.37125
4035.15000,-0.39078,2.83089,0.35359
4035.20000,-0.38178,2.83412,0.33538
4035.25000,-0.37277,2.83717,0.31613
4035.30000,-0.36370,2.84003,0.29657
4035.35000,-0.35459,2.84272,0.27637
4035.40000,-0.34544,2.84521,0.25560
4035.45000,-0.33624,2.84752,0.23429
4035.50000,-0.32699,2.84963,0.21253
4035.55000,-0.31770,2.85154,0.19036
4035.60000,-0.30841,2.85323,0.16811
4035.65000,-0.29908,2.85470,0.14550
4035.70000,-0.28973,2.85597,0.12266
4035.75000,-0.28036,2.85702,0.09934
4035.80000,-0.27099,2.85784,0.07586
4035.85000,-0.26160,2.85845,0.05223
4035.90000,-0.25221,2.85882,0.02817
4035.95000,-0.24281,2.85898,0.00423
4036.00000,-0.23342,2.85890,-0.02016
4036.05000,-0.22403,2.85860,-0.04463
4036.10000,-0.21465,2.85806,-0.06889
4036.15000,-0.20530,2.85730,-0.09349
4036.20000,-0.19599,2.85631,-0.11878
4036.25000,-0.18671,2.85508,-0.14438
4036.30000,-0.17747,2.85362,-0.17043
4036.35000,-0.16830,2.85191,-0.19709
4036.40000,-0.15919,2.84996,-0.22460
4036.45000,-0.15014,2.84776,-0.25212
4036.50000,-0.14117,2.84532,-0.27993
4036.55000,-0.13227,2.84262,-0.30818
4036.60000,-0.12346,2.83968,-0.33665
4036.65000,-0.11475,2.83649,-0.36564
4036.70000,-0.10599,2.83305,-0.38619
4036.75000,-0.09699,2.82934,-0.39213
4036.80000,-0.08795,2.82557,-0.39348
4036.85000,-0.07917,2.82195,-0.38750
4036.90000,-0.07149,2.81887,-0.37296
4036.95000,-0.06473,2.81631,-0.35149
4037.00000,-0.05894,2.81427,-0.32296
4037.05000,-0.05420,2.81278,-0.28714
4037.10000,-0.05084,2.81186,-0.24222
4037.15000,-0.04956,2.81174,-0.19944
4037.20000,-0.04854,2.81174,-0.17534
4037.25000,-0.04639,2.81129,-0.17257
4037.30000,-0.04141,2.81031,-0.18379
4037.35000,-0.03311,2.80859,-0.20822
4037.40000,-0.02388,2.80649,-0.24024
4037.45000,-0.01463,2.80407,-0.27441
4037.50000,-0.00577,2.80138,-0.31147
4037.55000,0.00249,2.79855,-0.35410
4037.60000,0.01139,2.79502,-0.39931
4037.65000,0.02045,2.79094,-0.44418
4037.70000,0.02937,2.78644,-0.48856
4037.75000,0.03808,2.78155,-0.53272
4037.80000,0.04657,2.77628,-0.57644
4037.85000,0.05482,2.77065,-0.61968
4037.90000,0.06282,2.76467,-0.66265
4037.95000,0.07057,2.75835,-0.70532
4038.00000,0.07803,2.75171,-0.74763
4038.05000,0.08522,2.74476,-0.78936
4038.10000,0.09211,2.73752,-0.83055
4038.15000,0.09827,2.73047,-0.87376
4038.20000,0.10436,2.72287,-0.91516
4038.25000,0.11030,2.71482,-0.95525
4038.30000,0.11591,2.70654,-0.99487
4038.35000,0.12005,2.69977,-1.03487
4038.40000,0.12150,2.69719,-1.08575
4038.45000,0.12184,2.69651,-1.14537
4038.50000,0.12189,2.69639,-1.20740
4038.55000,0.12193,2.69627,-1.26907
4038.60000,0.12197,2.69615,-1.33032
4038.65000,0.12199,2.69603,-1.39112
4038.70000,0.12201,2.69591,-1.45147
4038.75000,0.12202,2.69578,-1.51135
4038.80000,0.12203,2.69565,-1.57075
4038.85000,0.12202,2.69553,-1.62964
4038.90000,0.12201,2.69540,-1.68801
4038.95000,0.12199,2.69528,-1.74586
4039.00000,0.12197,2.69515,-1.80316
4039.05000,0.12193,2.69503,-1.85991
4039.10000,0.12189,2.69491,-1.91609
4039.15000,0.12185,2.69479,-1.97169
4039.20000,0.12179,2.69468,-2.02669
4039.25000,0.12174,2.69456,-2.08110
4039.30000,0.12167,2.69445,-2.13489
4039.35000,0.12160,2.69435,-2.18806
4039.40000,0.12152,2.69425,-2.24060
4039.45000,0.12144,2.69415,-2.29249
4039.50000,0.12135,2.69406,-2.34374
4039.55000,0.12126,2.69397,-2.39433
4039.60000,0.12117,2.69388,-2.44426
4039.65000,0.12107,2.69380,-2.49352
4039.70000,0.12097,2.69373,-2.54210
4039.75000,0.12086,2.69366,-2.59000
4039.80000,0.12075,2.69360,-2.63721
4039.85000,0.12064,2.69354,-2.68373
4039.90000,0.12052,2.69348,-2.72956
4039.95000,0.12040,2.69343,-2.77468
4040.00000,0.12028,2.69339,-2.81910
4040.05000,0.12016,2.69335,-2.86282
4040.10000,0.12004,2.69332,-2.90582
4040.15000,0.11991,2.69329,-2.94811
4040.20000,0.11979,2.69327,-2.98966
4040.25000,0.11966,2.69326,-3.03048
4040.30000,0.11954,2.69324,-3.07055
4040.35000,0.11737,2.69310,-3.11003
4040.40000,0.11034,2.69300,3.13599
4040.45000,0.10164,2.69324,3.09576
4040.50000,0.09199,2.69387,3.05733
4040.55000,0.08217,2.69488,3.02034
4040.60000,0.07316,2.69615,2.98102
4040.65000,0.06429,2.69777,2.94202
4040.70000,0.05538,2.69949,2.91011
4040.75000,0.04809,2.70116,2.88785
4040.80000,0.04163,2.70289,2.87398
4040.85000,0.03328,2.70519,2.87811
4040.90000,0.02392,2.70767,2.88891
4040.95000,0.01452,2.71004,2.90077
4041.00000,0.00507,2.71230,2.91234
4041.05000,-0.00440,2.71446,2.92358
4041.10000,-0.01423,2.71657,2.93561
4041.15000,-0.02406,2.71857,2.94673
4041.20000,-0.03390,2.72044,2.95926
4041.25000,-0.04401,2.72223,2.97283
4041.30000,-0.05407,2.72388,2.98676
4041.35000,-0.06428,2.72540,3.00113
4041.40000,-0.07366,2.72642,3.00661
4041.45000,-0.08239,2.72743,2.99087
4041.50000,-0.09138,2.72893,2.96249
4041.55000,-0.10047,2.73071,2.93373
4041.60000,-0.10954,2.73276,2.90546
4041.65000,-0.11855,2.73506,2.87784
4041.70000,-0.12675,2.73730,2.86720
4041.75000,-0.13511,2.73975,2.87446
4041.80000,-0.14502,2.74242,2.89080
4041.85000,-0.15510,2.74491,2.90802
4041.90000,-0.16451,2.74678,2.91238
4041.95000,-0.17291,2.74869,2.89479
4042.00000,-0.18196,2.75109,2.87028
4042.05000,-0.19098,2.75372,2.84600
4042.10000,-0.19994,2.75656,2.82224
4042.15000,-0.20885,2.75962,2.79901
4042.20000,-0.21777,2.76285,2.78125
4042.25000,-0.22682,2.76622,2.77298
4042.30000,-0.23611,2.76986,2.77631
4042.35000,-0.24592,2.77351,2.79628
4042.40000,-0.25587,2.77697,2.81748
4042.45000,-0.26511,2.77967,2.82609
4042.50000,-0.27385,2.78216,2.81679
4042.55000,-0.28285,2.78529,2.79765
4042.60000,-0.29180,2.78860,2.77862
4042.65000,-0.30069,2.79207,2.76008
4042.70000,-0.30952,2.79571,2.74202
4042.75000,-0.31830,2.79950,2.72442
4042.80000,-0.32701,2.80346,2.70728
4042.85000,-0.33567,2.80757,2.69060
4042.90000,-0.34428,2.81183,2.67435
4042.95000,-0.35287,2.81625,2.65849
4043.00000,-0.36143,2.82071,2.65303
4043.05000,-0.36968,2.82496,2.66047
4043.10000,-0.37785,2.82913,2.67821
4043.15000,-0.38633,2.83329,2.68917
4043.20000,-0.39475,2.83742,2.67931
4043.25000,-0.40345,2.84182,2.66648
4043.30000,-0.41212,2.84636,2.65379
4043.35000,-0.42069,2.85093,2.65121
4043.40000,-0.42897,2.85531,2.66256
4043.45000,-0.43712,2.85959,2.68552
4043.50000,-0.44554,2.86369,2.72095
4043.55000,-0.45437,2.86746,2.75705
4043.60000,-0.46356,2.87099,2.79308
4043.65000,-0.47285,2.87418,2.82907
4043.70000,-0.48220,2.87702,2.86505
4043.75000,-0.49158,2.87951,2.90203
4043.80000,-0.50120,2.88168,2.93845
4043.85000,-0.51082,2.88347,2.97486
4043.90000,-0.52075,2.88492,3.01443
4043.95000,-0.53039,2.88598,3.05296
4044.00000,-0.53982,2.88662,3.09514
4044.05000,-0.54767,2.88677,-3.13463
4044.10000,-0.55592,2.88648,-3.07872
4044.15000,-0.56449,2.88569,-3.02139
4044.20000,-0.57332,2.88436,-2.96332
4044.25000,-0.58230,2.88247,-2.90479
4044.30000,-0.59136,2.88000,-2.84612
4044.35000,-0.60038,2.87696,-2.78724
4044.40000,-0.60933,2.87335,-2.72839
4044.45000,-0.61805,2.86921,-2.66928
4044.50000,-0.62670,2.86447,-2.61079
4044.55000,-0.63517,2.85916,-2.55266
4044.60000,-0.64332,2.85337,-2.49475
4044.65000,-0.65112,2.84712,-2.43798
4044.70000,-0.65855,2.84044,-2.38149
4044.75000,-0.66560,2.83336,-2.32617
4044.80000,-0.67225,2.82589,-2.27119
4044.85000,-0.67834,2.81859,-2.22308
4044.90000,-0.68253,2.81302,-2.19065
4044.95000,-0.68513,2.80918,-2.16485
4045.00000,-0.68729,2.80579,-2.17024
4045.05000,-0.68804,2.80471,-2.20118
4045.10000,-0.68808,2.80465,-2.23909
4045.15000,-0.68812,2.80460,-2.27811
4045.20000,-0.68817,2.80454,-2.31795
4045.25000,-0.68823,2.80448,-2.35860
4045.30000,-0.68825,2.80448,-2.39219
4045.35000,-0.68806,2.80467,-2.41456
4045.40000,-0.68808,2.80465,-2.43168
4045.45000,-0.68876,2.80404,-2.41664
4045.50000,-0.69116,2.80188,-2.38884
4045.55000,-0.69441,2.79872,-2.35023
4045.60000,-0.69857,2.79431,-2.30459
4045.65000,-0.70353,2.78852,-2.25656
4045.70000,-0.70904,2.78143,-2.20809
4045.75000,-0.71409,2.77449,-2.16993
4045.80000,-0.71874,2.76785,-2.16111
4045.85000,-0.72212,2.76286,-2.18359
4045.90000,-0.72406,2.76019,-2.22298
4045.95000,-0.72453,2.75960,-2.27340
4046.00000,-0.72473,2.75937,-2.32607
4046.05000,-0.72492,2.75920,-2.36849
4046.10000,-0.72511,2.75909,-2.38554
4046.15000,-0.72543,2.75894,-2.37743
4046.20000,-0.72602,2.75839,-2.36048
4046.25000,-0.72779,2.75658,-2.33472
4046.30000,-0.73083,2.75330,-2.29937
4046.35000,-0.73517,2.74821,-2.25420
4046.40000,-0.73998,2.74227,-2.21466
4046.45000,-0.74333,2.73775,-2.19238
4046.50000,-0.74576,2.73423,-2.17433
4046.55000,-0.74799,2.73093,-2.18600
4046.60000,-0.74906,2.72948,-2.22569
4046.65000,-0.74954,2.72888,-2.27830
4046.70000,-0.74981,2.72858,-2.33259
4046.75000,-0.75010,2.72829,-2.38685
4046.80000,-0.75042,2.72803,-2.42960
4046.85000,-0.75075,2.72782,-2.44675
4046.90000,-0.75243,2.72642,-2.43039
4046.95000,-0.75566,2.72357,-2.40003
4047.00000,-0.75993,2.71951,-2.36050
4047.05000,-0.76493,2.71433,-2.31546
4047.10000,-0.77084,2.70760,-2.27000
4047.15000,-0.77685,2.70010,-2.22266
4047.20000,-0.78221,2.69296,-2.18641
4047.25000,-0.78712,2.68607,-2.17838
4047.30000,-0.79174,2.67955,-2.19273
4047.35000,-0.79453,2.67577,-2.23218
4047.40000,-0.79562,2.67443,-2.28457
4047.45000,-0.79608,2.67393,-2.34144
4047.50000,-0.79657,2.67345,-2.39829
4047.55000,-0.79709,2.67300,-2.45501
4047.60000,-0.79764,2.67258,-2.49944
4047.65000,-0.79842,2.67201,-2.51967
4047.70000,-0.79995,2.67087,-2.51238
4047.75000,-0.80421,2.66769,-2.48569
4047.80000,-0.80987,2.66317,-2.45141
4047.85000,-0.81645,2.65753,-2.41220
4047.90000,-0.82351,2.65095,-2.36936
4047.95000,-0.83053,2.64382,-2.32534
4048.00000,-0.83722,2.63639,-2.28181
4048.05000,-0.84358,2.62895,-2.24636
4048.10000,-0.84973,2.62167,-2.23320
4048.15000,-0.85524,2.61495,-2.24600
4048.20000,-0.86008,2.60907,-2.27701
4048.25000,-0.86320,2.60555,-2.32080
4048.30000,-0.86444,2.60428,-2.37672
4048.35000,-0.86534,2.60347,-2.43508
4048.40000,-0.86624,2.60274,-2.49331
4048.45000,-0.86713,2.60211,-2.55133
4048.50000,-0.86804,2.60153,-2.59675
4048.55000,-0.86945,2.60055,-2.60914
4048.60000,-0.87250,2.59866,-2.59362
4048.65000,-0.87771,2.59539,-2.56756
4048.70000,-0.88435,2.59094,-2.53450
4048.75000,-0.89193,2.58546,-2.49675
4048.80000,-0.89977,2.57931,-2.45665
4048.85000,-0.90739,2.57283,-2.41700
4048.90000,-0.91473,2.56634,-2.38414
4048.95000,-0.92151,2.56034,-2.37058
4049.00000,-0.92776,2.55482,-2.37736
4049.05000,-0.93371,2.54947,-2.40142
4049.10000,-0.93789,2.54577,-2.44012
4049.15000,-0.93976,2.54426,-2.49171
4049.20000,-0.94027,2.54389,-2.55023
4049.25000,-0.94078,2.54357,-2.60857
4049.30000,-0.94131,2.54329,-2.65537
4049.35000,-0.94222,2.54269,-2.67637
4049.40000,-0.94506,2.54111,-2.66680
4049.45000,-0.95069,2.53813,-2.64339
4049.50000,-0.95792,2.53405,-2.61303
4049.55000,-0.96616,2.52904,-2.57760
4049.60000,-0.97451,2.52355,-2.54119
4049.65000,-0.98266,2.51775,-2.50524
4049.70000,-0.99063,2.51186,-2.47644
4049.75000,-0.99823,2.50624,-2.47489
4049.80000,-1.00551,2.50088,-2.48619
4049.85000,-1.01218,2.49594,-2.51042
4049.90000,-1.01682,2.49267,-2.54709
4049.95000,-1.01912,2.49118,-2.59579
4050.00000,-1.01967,2.49086,-2.65292
4050.05000,-1.02019,2.49060,-2.71018
4050.10000,-1.02076,2.49035,-2.75610
4050.15000,-1.02189,2.48963,-2.77009
4050.20000,-1.02540,2.48811,-2.75930
4050.25000,-1.03163,2.48552,-2.73645
4050.30000,-1.03993,2.48181,-2.70519
4050.35000,-1.04934,2.47726,-2.66847
4050.40000,-1.05748,2.47297,-2.63103
4050.45000,-1.06530,2.46839,-2.59365
4050.50000,-1.07306,2.46363,-2.56384
4050.55000,-1.08062,2.45899,-2.56016
4050.60000,-1.08713,2.45496,-2.58241
4050.65000,-1.09051,2.45295,-2.62522
4050.70000,-1.09151,2.45241,-2.67952
4050.75000,-1.09221,2.45209,-2.73526
4050.80000,-1.09292,2.45180,-2.79068
4050.85000,-1.09372,2.45150,-2.83438
4050.90000,-1.09513,2.45065,-2.84852
4050.95000,-1.09893,2.44918,-2.83866
4051.00000,-1.10552,2.44702,-2.81615
4051.05000,-1.11335,2.44422,-2.78524
4051.10000,-1.12281,2.44051,-2.75053
4051.15000,-1.13283,2.43617,-2.71361
4051.20000,-1.14266,2.43147,-2.67726
4051.25000,-1.15188,2.42687,-2.65176
4051.30000,-1.16083,2.42233,-2.65156
4051.35000,-1.16867,2.41833,-2.67088
4051.40000,-1.17191,2.41681,-2.71331
4051.45000,-1.17283,2.41642,-2.76649
4051.50000,-1.17375,2.41609,-2.81964
4051.55000,-1.17469,2.41580,-2.87244
4051.60000,-1.17572,2.41548,-2.91461
4051.65000,-1.17761,2.41441,-2.92989
4051.70000,-1.18068,2.41295,-2.92461
4051.75000,-1.18670,2.41115,-2.90634
4051.80000,-1.19564,2.40886,-2.87604
4051.85000,-1.20589,2.40588,-2.84032
4051.90000,-1.21624,2.40246,-2.80432
4051.95000,-1.22645,2.39867,-2.76867
4052.00000,-1.23579,2.39518,-2.74687
4052.05000,-1.24473,2.39190,-2.74856
4052.10000,-1.25344,2.38881,-2.76196
4052.15000,-1.26151,2.38592,-2.78203
4052.20000,-1.26825,2.38351,-2.80839
4052.25000,-1.27301,2.38194,-2.84357
4052.30000,-1.27527,2.38129,-2.88933
4052.35000,-1.27639,2.38103,-2.93978
4052.40000,-1.27752,2.38083,-2.98994
4052.45000,-1.27878,2.38059,-3.02894
4052.50000,-1.28078,2.38001,-3.04321
4052.55000,-1.28433,2.37933,-3.03796
4052.60000,-1.29140,2.37845,-3.01809
4052.65000,-1.30057,2.37715,-2.99018
4052.70000,-1.31043,2.37549,-2.95940
4052.75000,-1.32023,2.37353,-2.92900
4052.80000,-1.32997,2.37127,-2.89887
4052.85000,-1.33951,2.36903,-2.87505
4052.90000,-1.34852,2.36726,-2.87191
4052.95000,-1.35727,2.36572,-2.87994
4053.00000,-1.36571,2.36435,-2.89592
4053.05000,-1.37313,2.36320,-2.91760
4053.10000,-1.37938,2.36228,-2.94437
4053.15000,-1.38434,2.36155,-2.97660
4053.20000,-1.38702,2.36115,-3.01795
4053.25000,-1.38814,2.36103,-3.06547
4053.30000,-1.38922,2.36098,-3.11283
4053.35000,-1.39045,2.36097,3.13317
4053.40000,-1.39229,2.36104,3.11787
4053.45000,-1.39663,2.36118,3.12438
4053.50000,-1.40456,2.36124,-3.13762
4053.55000,-1.41464,2.36105,-3.10825
4053.60000,-1.42542,2.36052,-3.07632
4053.65000,-1.43561,2.35971,-3.04726
4053.70000,-1.44555,2.35863,-3.01913
4053.75000,-1.45538,2.35750,-2.99597
4053.80000,-1.46487,2.35666,-2.99147
4053.85000,-1.47410,2.35605,-2.99740
4053.90000,-1.48298,2.35560,-3.00979
4053.95000,-1.49092,2.35533,-3.02662
4054.00000,-1.49788,2.35523,-3.04759
4054.05000,-1.50390,2.35528,-3.07248
4054.10000,-1.50916,2.35546,-3.10053
4054.15000,-1.51378,2.35557,-3.13125
4054.20000,-1.51690,2.35558,3.11514
4054.25000,-1.51743,2.35557,3.06826
4054.30000,-1.51722,2.35559,3.01825
4054.35000,-1.51760,2.35565,2.98901
4054.40000,-1.51968,2.35610,2.98269
4054.45000,-1.52527,2.35706,2.99305
4054.50000,-1.53368,2.35822,3.01466
4054.55000,-1.54334,2.35932,3.04218
4054.60000,-1.55287,2.36013,3.07031
4054.65000,-1.56214,2.36066,3.09906
4054.70000,-1.57141,2.36092,3.12802
4054.75000,-1.58051,2.36094,-3.13630
4054.80000,-1.58869,2.36092,3.13754
4054.85000,-1.59281,2.36100,3.09598
4054.90000,-1.59465,2.36113,3.04026
4054.95000,-1.59528,2.36120,2.97794
4055.00000,-1.59557,2.36126,2.91341
4055.05000,-1.59586,2.36136,2.85885
4055.10000,-1.59650,2.36187,2.82954
4055.15000,-1.59807,2.36287,2.82413
4055.20000,-1.60124,2.36413,2.82795
4055.25000,-1.60818,2.36655,2.84805
4055.30000,-1.61713,2.36915,2.87957
4055.35000,-1.62677,2.37159,2.91061
4055.40000,-1.63655,2.37373,2.94067
4055.45000,-1.64646,2.37557,2.97118
4055.50000,-1.65666,2.37718,3.00195
4055.55000,-1.66660,2.37840,3.03297
4055.60000,-1.67544,2.37907,3.05369
4055.65000,-1.68379,2.37922,3.05812
4055.70000,-1.69176,2.37897,3.04656
4055.75000,-1.69863,2.37860,3.01020
4055.80000,-1.70327,2.37857,2.95486
4055.85000,-1.70623,2.37890,2.88631
4055.90000,-1.70754,2.37929,2.80772
4055.95000,-1.70854,2.37965,2.73934
4056.00000,-1.70960,2.38011,2.68561
4056.05000,-1.71072,2.38064,2.64260
4056.10000,-1.71183,2.38120,2.61073
4056.15000,-1.71295,2.38181,2.58961
4056.20000,-1.71415,2.38252,2.57847
4056.25000,-1.71551,2.38341,2.57644
4056.30000,-1.71838,2.38528,2.58655
4056.35000,-1.72550,2.38965,2.61661
4056.40000,-1.73413,2.39444,2.65280
4056.45000,-1.74304,2.39897,2.68874
4056.50000,-1.75210,2.40319,2.72458
4056.55000,-1.76132,2.40707,2.76043
4056.60000,-1.77063,2.41061,2.79808
4056.65000,-1.78011,2.41379,2.83582
4056.70000,-1.78962,2.41659,2.87660
4056.75000,-1.79860,2.41884,2.92397
4056.80000,-1.80715,2.42050,2.97702
4056.85000,-1.81623,2.42176,3.03149
4056.90000,-1.82566,2.42253,3.08707
4056.95000,-1.83532,2.42279,-3.13974
4057.00000,-1.84521,2.42249,-3.08311
4057.05000,-1.85516,2.42162,-3.02621
4057.10000,-1.86506,2.42018,-2.96929
4057.15000,-1.87486,2.41819,-2.91291
4057.20000,-1.88453,2.41565,-2.85679
4057.25000,-1.89244,2.41312,-2.79577
4057.30000,-1.90017,2.41004,-2.73515
4057.35000,-1.90801,2.40641,-2.67556
4057.40000,-1.91316,2.40362,-2.60653
4057.45000,-1.91687,2.40123,-2.53144
4057.50000,-1.92044,2.39852,-2.45669
4057.55000,-1.92383,2.39554,-2.38247
4057.60000,-1.92700,2.39230,-2.30880
4057.65000,-1.92993,2.38883,-2.23570
4057.70000,-1.93260,2.38516,-2.16319
4057.75000,-1.93500,2.38131,-2.09131
4057.80000,-1.93710,2.37732,-2.02005
4057.85000,-1.93890,2.37322,-1.94945
4057.90000,-1.94039,2.36905,-1.87951
4057.95000,-1.94158,2.36484,-1.81024
4058.00000,-1.94245,2.36063,-1.74167
4058.05000,-1.94303,2.35643,-1.67382
4058.10000,-1.94332,2.35228,-1.60672
4058.15000,-1.94333,2.34822,-1.54038
4058.20000,-1.94309,2.34434,-1.47473
4058.25000,-1.94261,2.34068,-1.40978
4058.30000,-1.94194,2.33725,-1.34551
4058.35000,-1.94110,2.33404,-1.28192
4058.40000,-1.94012,2.33108,-1.21899
4058.45000,-1.93902,2.32835,-1.15671
4058.50000,-1.93783,2.32585,-1.09508
4058.55000,-1.93657,2.32357,-1.03407
4058.60000,-1.93526,2.32151,-0.97368
4058.65000,-1.93391,2.31965,-0.91391
4058.70000,-1.93254,2.31798,-0.85473
4058.75000,-1.93116,2.31648,-0.79615
4058.80000,-1.92979,2.31515,-0.73815
4058.85000,-1.92841,2.31398,-0.68072
4058.90000,-1.92706,2.31294,-0.62386
4058.95000,-1.92573,2.31204,-0.56755
4059.00000,-1.92442,2.31125,-0.51180
4059.05000,-1.92314,2.31058,-0.45663
4059.10000,-1.92186,2.31000,-0.40217
4059.15000,-1.92059,2.30949,-0.34853
4059.20000,-1.91930,2.30906,-0.29572
4059.25000,-1.91803,2.30871,-0.24372
4059.30000,-1.91676,2.30843,-0.19253
4059.35000,-1.91550,2.30822,-0.14214
4059.40000,-1.91427,2.30807,-0.09252
4059.45000,-1.91307,2.30799,-0.04356
4059.50000,-1.91184,2.30797,-0.00357
4059.55000,-1.90765,2.30806,0.02366
4059.60000,-1.89982,2.30835,0.03430
4059.65000,-1.89017,2.30870,0.03491
4059.70000,-1.88020,2.30904,0.03362
4059.75000,-1.87024,2.30936,0.03194
4059.80000,-1.86031,2.30965,0.02938
4059.85000,-1.85039,2.30991,0.02603
4059.90000,-1.84048,2.31014,0.02246
4059.95000,-1.83059,2.31033,0.01811
4060.00000,-1.82071,2.31046,0.01331
4060.05000,-1.81084,2.31056,0.00813
4060.10000,-1.80098,2.31060,0.00254
4060.15000,-1.79113,2.31058,-0.00369
4060.20000,-1.78129,2.31050,-0.01031
4060.25000,-1.77147,2.31035,-0.01754
4060.30000,-1.76172,2.31018,-0.01700
4060.35000,-1.75193,2.31002,-0.00830
4060.40000,-1.74248,2.31000,0.01320
4060.45000,-1.73623,2.31012,0.05794
4060.50000,-1.73230,2.31038,0.11307
4060.55000,-1.73045,2.31048,0.16598
4060.60000,-1.72871,2.31082,0.19879
4060.65000,-1.72518,2.31170,0.21507
4060.70000,-1.72049,2.31277,0.22493
4060.75000,-1.71469,2.31412,0.22965
4060.80000,-1.70784,2.31574,0.22945
4060.85000,-1.69985,2.31760,0.22405
4060.90000,-1.69063,2.31967,0.21332
4060.95000,-1.68118,2.32165,0.19860
4061.00000,-1.67174,2.32348,0.18349
4061.05000,-1.66226,2.32517,0.16857
4061.10000,-1.65277,2.32672,0.15326
4061.15000,-1.64325,2.32812,0.13807
4061.20000,-1.63372,2.32937,0.12253
4061.25000,-1.62415,2.33048,0.11605
4061.30000,-1.61433,2.33163,0.12591
4061.35000,-1.60691,2.33240,0.16396
4061.40000,-1.60397,2.33295,0.21880
4061.45000,-1.60303,2.33319,0.28156
4061.50000,-1.60229,2.33342,0.33472
4061.55000,-1.60161,2.33361,0.37484
4061.60000,-1.60068,2.33401,0.40012
4061.65000,-1.59620,2.33605,0.40224
4061.70000,-1.58794,2.33949,0.38315
4061.75000,-1.57913,2.34293,0.36151
4061.80000,-1.57023,2.34620,0.34043
4061.85000,-1.56125,2.34928,0.31931
4061.90000,-1.55222,2.35216,0.29839
4061.95000,-1.54313,2.35486,0.27756
4062.00000,-1.53398,2.35736,0.25658
4062.05000,-1.52478,2.35968,0.23545
4062.10000,-1.51554,2.36180,0.21390
4062.15000,-1.50629,2.36363,0.20461
4062.20000,-1.49714,2.36544,0.21630
4062.25000,-1.48894,2.36728,0.24632
4062.30000,-1.48350,2.36867,0.29098
4062.35000,-1.48132,2.36932,0.34714
4062.40000,-1.48051,2.36963,0.40138
4062.45000,-1.47976,2.36995,0.44546
4062.50000,-1.47862,2.37052,0.46770
4062.55000,-1.47490,2.37251,0.46949
4062.60000,-1.46787,2.37603,0.45224
4062.65000,-1.45949,2.37998,0.42803
4062.70000,-1.45089,2.38377,0.40361
4062.75000,-1.44221,2.38736,0.37948
4062.80000,-1.43344,2.39074,0.35545
4062.85000,-1.42459,2.39390,0.33124
4062.90000,-1.41568,2.39684,0.30666
4062.95000,-1.40650,2.39972,0.29270
4063.00000,-1.39757,2.40232,0.30202
4063.05000,-1.39140,2.40424,0.33159
4063.10000,-1.38846,2.40512,0.37675
4063.15000,-1.38789,2.40536,0.42444
4063.20000,-1.38750,2.40555,0.47086
4063.25000,-1.38707,2.40580,0.50978
4063.30000,-1.38592,2.40657,0.52827
4063.35000,-1.38111,2.40944,0.52068
4063.40000,-1.37416,2.41335,0.50065
4063.45000,-1.36597,2.41769,0.47444
4063.50000,-1.35713,2.42209,0.45002
4063.55000,-1.34807,2.42634,0.42610
4063.60000,-1.33891,2.43036,0.40179
4063.65000,-1.33056,2.43378,0.39227
4063.70000,-1.32372,2.43662,0.40330
4063.75000,-1.32032,2.43807,0.43003
4063.80000,-1.32005,2.43820,0.47006
4063.85000,-1.31982,2.43832,0.51007
4063.90000,-1.31958,2.43846,0.54964
4063.95000,-1.31931,2.43867,0.58074
4064.00000,-1.31883,2.43911,0.59991
4064.05000,-1.31785,2.43990,0.60913
4064.10000,-1.31337,2.44308,0.59937
4064.15000,-1.30607,2.44797,0.57644
4064.20000,-1.29761,2.45330,0.54893
4064.25000,-1.28941,2.45815,0.52009
4064.30000,-1.28098,2.46281,0.49155
4064.35000,-1.27275,2.46704,0.46118
4064.40000,-1.26522,2.47068,0.44977
4064.45000,-1.26002,2.47312,0.46282
4064.50000,-1.25769,2.47430,0.48777
4064.55000,-1.25737,2.47448,0.52161
4064.60000,-1.25717,2.47460,0.55590
4064.65000,-1.25698,2.47472,0.58989
4064.70000,-1.25680,2.47487,0.61446
4064.75000,-1.25574,2.47569,0.62286
4064.80000,-1.25101,2.47910,0.60932
4064.85000,-1.24409,2.48381,0.58608
4064.90000,-1.23580,2.48915,0.55759
4064.95000,-1.22724,2.49432,0.52849
4065.00000,-1.21944,2.49875,0.51398
4065.05000,-1.21269,2.50255,0.51493
4065.10000,-1.20818,2.50503,0.52805
4065.15000,-1.20728,2.50556,0.55621
4065.20000,-1.20712,2.50566,0.58775
4065.25000,-1.20695,2.50577,0.61908
4065.30000,-1.20680,2.50589,0.65013
4065.35000,-1.20665,2.50603,0.67207
4065.40000,-1.20601,2.50659,0.68032
4065.45000,-1.20361,2.50853,0.67755
4065.50000,-1.20006,2.51137,0.66859
4065.55000,-1.19508,2.51525,0.65244
4065.60000,-1.18817,2.52040,0.62686
4065.65000,-1.18058,2.52570,0.59253
4065.70000,-1.17244,2.53098,0.55998
4065.75000,-1.16473,2.53569,0.54270
4065.80000,-1.15794,2.53975,0.53955
4065.85000,-1.15266,2.54292,0.54349
4065.90000,-1.14892,2.54520,0.55486
4065.95000,-1.14802,2.54575,0.57958
4066.00000,-1.14789,2.54584,0.60799
4066.05000,-1.14777,2.54593,0.63625
4066.10000,-1.14764,2.54603,0.66429
4066.15000,-1.14761,2.54606,0.68177
4066.20000,-1.14639,2.54711,0.68419
4066.25000,-1.14409,2.54897,0.67943
4066.30000,-1.14088,2.55155,0.66874
4066.35000,-1.13641,2.55502,0.65008
4066.40000,-1.13040,2.55947,0.62215
4066.45000,-1.12334,2.56441,0.60386
4066.50000,-1.11710,2.56866,0.59961
4066.55000,-1.11242,2.57186,0.60398
4066.60000,-1.11007,2.57343,0.62203
4066.65000,-1.10935,2.57393,0.64968
4066.70000,-1.10870,2.57444,0.67846
4066.75000,-1.10805,2.57498,0.70715
4066.80000,-1.10742,2.57552,0.73561
4066.85000,-1.10698,2.57597,0.75497
4066.90000,-1.10595,2.57697,0.75809
4066.95000,-1.10377,2.57903,0.75155
4067.00000,-1.10063,2.58193,0.73867
4067.05000,-1.09626,2.58583,0.71743
4067.10000,-1.09033,2.59086,0.68644
4067.15000,-1.08322,2.59646,0.64912
4067.20000,-1.07597,2.60182,0.62716
4067.25000,-1.07010,2.60603,0.62129
4067.30000,-1.06601,2.60897,0.62622
4067.35000,-1.06303,2.61114,0.63867
4067.40000,-1.06116,2.61255,0.65830
4067.45000,-1.06032,2.61321,0.68449
4067.50000,-1.05967,2.61374,0.71201
4067.55000,-1.05907,2.61427,0.73938
4067.60000,-1.05844,2.61485,0.76674
4067.65000,-1.05782,2.61544,0.79397
4067.70000,-1.05746,2.61578,0.80710
4067.75000,-1.05644,2.61685,0.80744
4067.80000,-1.05449,2.61887,0.80131
4067.85000,-1.05165,2.62176,0.78881
4067.90000,-1.04764,2.62573,0.76770
4067.95000,-1.04212,2.63090,0.73709
4068.00000,-1.03560,2.63679,0.70807
4068.05000,-1.02921,2.64231,0.69393
4068.10000,-1.02471,2.64605,0.69498
4068.15000,-1.02130,2.64888,0.70344
4068.20000,-1.01789,2.65172,0.71192
4068.25000,-1.01447,2.65455,0.72042
4068.30000,-1.01105,2.65740,0.72895
4068.35000,-1.00780,2.66019,0.73885
4068.40000,-1.00530,2.66250,0.75408
4068.45000,-1.00354,2.66418,0.77423
4068.50000,-1.00252,2.66520,0.79922
4068.55000,-1.00190,2.66586,0.82676
4068.60000,-1.00130,2.66652,0.85410
4068.65000,-1.00097,2.66698,0.87031
4068.70000,-1.00005,2.66810,0.87277
4068.75000,-0.99807,2.67045,0.86657
4068.80000,-0.99398,2.67518,0.84459
4068.85000,-0.98815,2.68154,0.81049
4068.90000,-0.98176,2.68801,0.77432
4068.95000,-0.97520,2.69441,0.74570
4069.00000,-0.96903,2.70010,0.73254
4069.05000,-0.96453,2.70416,0.73244
4069.10000,-0.96103,2.70732,0.73977
4069.15000,-0.95834,2.70980,0.75250
4069.20000,-0.95756,2.71053,0.77402
4069.25000,-0.95741,2.71067,0.79834
4069.30000,-0.95728,2.71082,0.82255
4069.35000,-0.95714,2.71097,0.84659
4069.40000,-0.95701,2.71112,0.87045
4069.45000,-0.95688,2.71128,0.89413
4069.50000,-0.95677,2.71144,0.90664
4069.55000,-0.95512,2.71355,0.90277
4069.60000,-0.95140,2.71817,0.88307
4069.65000,-0.94630,2.72419,0.85373
4069.70000,-0.94067,2.73056,0.83475
4069.75000,-0.93627,2.73543,0.83135
4069.80000,-0.93302,2.73900,0.83543
4069.85000,-0.93059,2.74171,0.84459
4069.90000,-0.92901,2.74352,0.85892
4069.95000,-0.92830,2.74436,0.87850
4070.00000,-0.92818,2.74450,0.90171
4070.05000,-0.92809,2.74462,0.92493
4070.10000,-0.92799,2.74475,0.94795
4070.15000,-0.92776,2.74509,0.95713
4070.20000,-0.92570,2.74795,0.94966
4070.25000,-0.92174,2.75336,0.93009
4070.30000,-0.91641,2.76032,0.90292
4070.35000,-0.91014,2.76802,0.87142
4070.40000,-0.90378,2.77553,0.84778
4070.45000,-0.89911,2.78082,0.84166
4070.50000,-0.89715,2.78308,0.85314
4070.55000,-0.89630,2.78407,0.87147
4070.60000,-0.89616,2.78424,0.89416
4070.65000,-0.89610,2.78435,0.90491
4070.70000,-0.89571,2.78486,0.88936
4070.75000,-0.89316,2.78791,0.85993
4070.80000,-0.88927,2.79225,0.82162
4070.85000,-0.88488,2.79696,0.78821
4070.90000,-0.88060,2.80140,0.77778
4070.95000,-0.87927,2.80276,0.77524
4071.00000,-0.87777,2.80424,0.75140
4071.05000,-0.87429,2.80737,0.71693
4071.10000,-0.86922,2.81162,0.67661
4071.15000,-0.86325,2.81618,0.63041
4071.20000,-0.85706,2.82061,0.59518
4071.25000,-0.85197,2.82406,0.58997
4071.30000,-0.84994,2.82540,0.60330
4071.35000,-0.84950,2.82564,0.61080
4071.40000,-0.84881,2.82618,0.59171
4071.45000,-0.84662,2.82764,0.57903
4071.50000,-0.84504,2.82876,0.57878
4071.55000,-0.84327,2.83016,0.56104
4071.60000,-0.83982,2.83230,0.52412
4071.65000,-0.83520,2.83489,0.50048
4071.70000,-0.83168,2.83678,0.50370
4071.75000,-0.83083,2.83721,0.50312
4071.80000,-0.82967,2.83780,0.47849
4071.85000,-0.82638,2.83941,0.44352
4071.90000,-0.82236,2.84127,0.41993
4071.95000,-0.81923,2.84261,0.42528
4072.00000,-0.81881,2.84281,0.42752
4072.05000,-0.81832,2.84317,0.41339
4072.10000,-0.81541,2.84454,0.38151
4072.15000,-0.80996,2.84660,0.34227
4072.20000,-0.80296,2.84892,0.29842
4072.25000,-0.79558,2.85106,0.26560
4072.30000,-0.78891,2.85278,0.25552
4072.35000,-0.78497,2.85370,0.26162
4072.40000,-0.78403,2.85386,0.28368
4072.45000,-0.78332,2.85405,0.30753
4072.50000,-0.78259,2.85428,0.33130
4072.55000,-0.78191,2.85449,0.35482
4072.60000,-0.78156,2.85460,0.37731
4072.65000,-0.78127,2.85464,0.40004
4072.70000,-0.78124,2.85466,0.40586
4072.75000,-0.78053,2.85497,0.38465
4072.80000,-0.77719,2.85629,0.35323
4072.85000,-0.77255,2.85791,0.33278
4072.90000,-0.76927,2.85900,0.32259
4072.95000,-0.76581,2.86007,0.29202
4073.00000,-0.76148,2.86126,0.27302
4073.05000,-0.75806,2.86206,0.26227
4073.10000,-0.75575,2.86262,0.25195
4073.15000,-0.75421,2.86300,0.24567
4073.20000,-0.75288,2.86330,0.21632
4073.25000,-0.75064,2.86383,0.19106
4073.30000,-0.74909,2.86410,0.17585
4073.35000,-0.74755,2.86432,0.14005
4073.40000,-0.74541,2.86460,0.12063
4073.45000,-0.74358,2.86484,0.11443
4073.50000,-0.74221,2.86499,0.10564
4073.55000,-0.74107,2.86510,0.10804
4073.60000,-0.73993,2.86520,0.12068
4073.65000,-0.73961,2.86523,0.14165
4073.70000,-0.73944,2.86525,0.16359
4073.75000,-0.73927,2.86528,0.18570
4073.80000,-0.73908,2.86536,0.19920
4073.85000,-0.73907,2.86533,0.18173
4073.90000,-0.73836,2.86556,0.16389
4073.95000,-0.73778,2.86567,0.15319
4074.00000,-0.73719,2.86576,0.14131
4074.05000,-0.73684,2.86582,0.13421
4074.10000,-0.73649,2.86587,0.10839
4074.15000,-0.73478,2.86604,0.09322
4074.20000,-0.73318,2.86618,0.09665
4074.25000,-0.73169,2.86630,0.11028
4074.30000,-0.73152,2.86632,0.13226
4074.35000,-0.73135,2.86636,0.14639
4074.40000,-0.73130,2.86635,0.13540
4074.45000,-0.72995,2.86653,0.10136
4074.50000,-0.72593,2.86685,0.05749
4074.55000,-0.72114,2.86700,0.02164
4074.60000,-0.71767,2.86704,-0.00214
4074.65000,-0.71561,2.86702,-0.01712
4074.70000,-0.71405,2.86699,-0.02834
4074.75000,-0.71292,2.86695,-0.04373
4074.80000,-0.71182,2.86691,-0.05585
4074.85000,-0.71071,2.86687,-0.06680
4074.90000,-0.70960,2.86683,-0.07669
4074.95000,-0.70850,2.86679,-0.08561
4075.00000,-0.70739,2.86675,-0.09366
4075.05000,-0.70629,2.86670,-0.10101
4075.10000,-0.70519,2.86666,-0.10756
4075.15000,-0.70408,2.86659,-0.10740
4075.20000,-0.70346,2.86655,-0.10677
4075.25000,-0.70315,2.86651,-0.11094
4075.30000,-0.70283,2.86644,-0.10393
4075.35000,-0.70251,2.86634,-0.08515
4075.40000,-0.70229,2.86631,-0.05481
4075.45000,-0.70213,2.86631,-0.02331
4075.50000,-0.70196,2.86631,0.00823
4075.55000,-0.70180,2.86631,0.03981
4075.60000,-0.70160,2.86635,0.06414
4075.65000,-0.70141,2.86643,0.06650
4075.70000,-0.70045,2.86655,0.04406
4075.75000,-0.69775,2.86673,0.01413
4075.80000,-0.69290,2.86670,-0.02394
4075.85000,-0.68583,2.86636,-0.07071
4075.90000,-0.67780,2.86559,-0.12081
4075.95000,-0.66958,2.86469,-0.16559
4076.00000,-0.66249,2.86391,-0.20023
4076.05000,-0.65889,2.86314,-0.21614
4076.10000,-0.65648,2.86263,-0.19981
4076.15000,-0.65559,2.86246,-0.16711
4076.20000,-0.65457,2.86230,-0.13125
4076.25000,-0.65354,2.86218,-0.09536
4076.30000,-0.65250,2.86209,-0.05943
4076.35000,-0.65176,2.86204,-0.04338
4076.40000,-0.65126,2.86200,-0.05887
4076.45000,-0.64854,2.86179,-0.08935
4076.50000,-0.64348,2.86123,-0.12720
4076.55000,-0.63663,2.86020,-0.16991
4076.60000,-0.62879,2.85866,-0.21686
4076.65000,-0.62021,2.85655,-0.26637
4076.70000,-0.61119,2.85383,-0.31769
4076.75000,-0.60220,2.85097,-0.36195
4076.80000,-0.59340,2.84827,-0.39548
4076.85000,-0.58465,2.84561,-0.42655
4076.90000,-0.57590,2.84294,-0.45613
4076.95000,-0.56715,2.84028,-0.48424
4077.00000,-0.55840,2.83762,-0.51095
4077.05000,-0.54966,2.83496,-0.53636
4077.10000,-0.54068,2.83202,-0.54922
4077.15000,-0.53283,2.82885,-0.54156
4077.20000,-0.52642,2.82585,-0.52614
4077.25000,-0.52141,2.82312,-0.50360
4077.30000,-0.51768,2.82113,-0.47474
4077.35000,-0.51626,2.82042,-0.43542
4077.40000,-0.51609,2.82035,-0.39063
4077.45000,-0.51592,2.82028,-0.34611
4077.50000,-0.51574,2.82022,-0.30197
4077.55000,-0.51555,2.82017,-0.25822
4077.60000,-0.51537,2.82012,-0.21487
4077.65000,-0.51517,2.82008,-0.17192
4077.70000,-0.51517,2.82006,-0.14183
4077.75000,-0.51530,2.82001,-0.13786
4077.80000,-0.51268,2.81948,-0.15104
4077.85000,-0.50736,2.81855,-0.17909
4077.90000,-0.50019,2.81712,-0.21590
4077.95000,-0.49200,2.81514,-0.25804
4078.00000,-0.48344,2.81268,-0.30141
4078.05000,-0.47497,2.80985,-0.34411
4078.10000,-0.46656,2.80682,-0.38028
4078.15000,-0.45789,2.80349,-0.39832
4078.20000,-0.44882,2.79969,-0.39589
4078.25000,-0.44017,2.79612,-0.38704
4078.30000,-0.43228,2.79297,-0.37318
4078.35000,-0.42513,2.79024,-0.35445
4078.40000,-0.41871,2.78795,-0.33102
4078.45000,-0.41302,2.78608,-0.30304
4078.50000,-0.40806,2.78462,-0.27065
4078.55000,-0.40501,2.78399,-0.23382
4078.60000,-0.40448,2.78387,-0.18917
4078.65000,-0.40432,2.78385,-0.14310
4078.70000,-0.40439,2.78384,-0.10954
4078.75000,-0.40450,2.78377,-0.09925
4078.80000,-0.40237,2.78344,-0.10301
4078.85000,-0.39768,2.78284,-0.12061
4078.90000,-0.39032,2.78179,-0.15210
4078.95000,-0.38161,2.78028,-0.18985
4079.00000,-0.37277,2.77840,-0.22832
4079.05000,-0.36397,2.77619,-0.26533
4079.10000,-0.35519,2.77378,-0.29621
4079.15000,-0.34619,2.77110,-0.31108
4079.20000,-0.33675,2.76796,-0.30706
4079.25000,-0.32721,2.76496,-0.29588
4079.30000,-0.31834,2.76236,-0.27981
4079.35000,-0.31160,2.76050,-0.25630
4079.40000,-0.30723,2.75942,-0.22214
4079.45000,-0.30530,2.75902,-0.17734
4079.50000,-0.30512,2.75899,-0.12517
4079.55000,-0.30500,2.75898,-0.07282
4079.60000,-0.30488,2.75898,-0.02883
4079.65000,-0.30492,2.75897,-0.00158
4079.70000,-0.30430,2.75898,0.00399
4079.75000,-0.30064,2.75898,-0.00544
4079.80000,-0.29436,2.75886,-0.02907
4079.85000,-0.28573,2.75845,-0.06377
4079.90000,-0.27659,2.75769,-0.09988
4079.95000,-0.26750,2.75660,-0.13568
4080.00000,-0.25841,2.75518,-0.17091
4080.05000,-0.24929,2.75343,-0.20681
4080.10000,-0.24013,2.75149,-0.23510
4080.15000,-0.23084,2.74940,-0.25179
4080.20000,-0.22128,2.74699,-0.25381
4080.25000,-0.21171,2.74455,-0.24907
4080.30000,-0.20233,2.74221,-0.23084
4080.35000,-0.19489,2.74057,-0.20024
4080.40000,-0.18994,2.73966,-0.15819
4080.45000,-0.18756,2.73933,-0.10484
4080.50000,-0.18730,2.73931,-0.04269
4080.55000,-0.18720,2.73931,0.02013
4080.60000,-0.18710,2.73933,0.07379
4080.65000,-0.18699,2.73938,0.11383
4080.70000,-0.18685,2.73949,0.14563
4080.75000,-0.18668,2.73965,0.16919
4080.80000,-0.18647,2.73986,0.18480
4080.85000,-0.18628,2.74006,0.19216
4080.90000,-0.18568,2.74028,0.19243
4080.95000,-0.18395,2.74063,0.18738
4081.00000,-0.18087,2.74122,0.17669
4081.05000,-0.17648,2.74202,0.15959
4081.10000,-0.17021,2.74307,0.13536
4081.15000,-0.16199,2.74422,0.10050
4081.20000,-0.15291,2.74495,0.05838
4081.25000,-0.14333,2.74531,0.01839
4081.30000,-0.13354,2.74531,-0.01949
4081.35000,-0.12409,2.74492,-0.05938
4081.40000,-0.11427,2.74415,-0.09723
4081.45000,-0.10440,2.74302,-0.13435
4081.50000,-0.09458,2.74150,-0.17238
4081.55000,-0.08554,2.73995,-0.20395
4081.60000,-0.07653,2.73833,-0.21947
4081.65000,-0.06758,2.73656,-0.20549
4081.70000,-0.05955,2.73501,-0.17384
4081.75000,-0.05360,2.73408,-0.13111
4081.80000,-0.05009,2.73370,-0.07774
4081.85000,-0.04908,2.73364,-0.01397
4081.90000,-0.04898,2.73364,0.05353
4081.95000,-0.04887,2.73367,0.11154
4082.00000,-0.04879,2.73370,0.15576
4082.05000,-0.04885,2.73362,0.18558
4082.10000,-0.04870,2.73370,0.19081
4082.15000,-0.04676,2.73415,0.18151
4082.20000,-0.04317,2.73478,0.16276
4082.25000,-0.03754,2.73562,0.13362
4082.30000,-0.02971,2.73655,0.09454
4082.35000,-0.02056,2.73721,0.05029
4082.40000,-0.01171,2.73745,0.00466
4082.45000,-0.00281,2.73728,-0.04196
4082.50000,0.00654,2.73667,-0.08907
4082.55000,0.01479,2.73572,-0.14292
4082.60000,0.02332,2.73424,-0.19885
4082.65000,0.03213,2.73220,-0.25571
4082.70000,0.04108,2.72959,-0.31314
4082.75000,0.05009,2.72638,-0.37087
4082.80000,0.05907,2.72258,-0.42873
4082.85000,0.06798,2.71819,-0.48645
4082.90000,0.07668,2.71327,-0.54399
4082.95000,0.08505,2.70787,-0.60043
4083.00000,0.09309,2.70202,-0.65621
4083.05000,0.10079,2.69573,-0.71126
4083.10000,0.10814,2.68903,-0.76558
4083.15000,0.11512,2.68194,-0.81911
4083.20000,0.12104,2.67539,-0.85547
4083.25000,0.12625,2.66936,-0.85994
4083.30000,0.13062,2.66422,-0.85508
4083.35000,0.13400,2.66027,-0.85302
4083.40000,0.13704,2.65675,-0.83686
4083.45000,0.13996,2.65346,-0.80165
4083.50000,0.14109,2.65233,-0.75267
4083.55000,0.14119,2.65225,-0.69903
4083.60000,0.14131,2.65218,-0.65703
4083.65000,0.14110,2.65250,-0.63793
4083.70000,0.14043,2.65325,-0.63913
4083.75000,0.14202,2.65201,-0.65943
4083.80000,0.14601,2.64882,-0.69127
4083.85000,0.15156,2.64403,-0.73194
4083.90000,0.15743,2.63851,-0.77838
4083.95000,0.16320,2.63250,-0.82900
4084.00000,0.16920,2.62559,-0.88039
4084.05000,0.17541,2.61790,-0.91792
4084.10000,0.18177,2.60978,-0.93206
4084.15000,0.18836,2.60128,-0.93069
4084.20000,0.19382,2.59404,-0.91625
4084.25000,0.19766,2.58914,-0.88966
4084.30000,0.19975,2.58665,-0.85069
4084.35000,0.20011,2.58625,-0.80065
4084.40000,0.20021,2.58615,-0.74887
4084.45000,0.20032,2.58605,-0.69715
4084.50000,0.20033,2.58610,-0.65876
4084.55000,0.19968,2.58688,-0.64768
4084.60000,0.19992,2.58674,-0.65498
4084.65000,0.20328,2.58408,-0.68247
4084.70000,0.20806,2.58004,-0.72032
4084.75000,0.21365,2.57492,-0.76353
4084.80000,0.21965,2.56890,-0.81050
4084.85000,0.22574,2.56250,-0.84691
4084.90000,0.23197,2.55554,-0.85317
4084.95000,0.23741,2.54938,-0.83372
4085.00000,0.24093,2.54561,-0.80023
4085.05000,0.24253,2.54401,-0.75461
4085.10000,0.24268,2.54388,-0.70048
4085.15000,0.24280,2.54379,-0.64605
4085.20000,0.24280,2.54385,-0.60497
4085.25000,0.24219,2.54456,-0.59105
4085.30000,0.24331,2.54378,-0.60032
4085.35000,0.24733,2.54094,-0.62796
4085.40000,0.25266,2.53693,-0.66431
4085.45000,0.25883,2.53188,-0.70604
4085.50000,0.26540,2.52602,-0.75076
4085.55000,0.27183,2.52000,-0.78718
4085.60000,0.27881,2.51335,-0.79541
4085.65000,0.28588,2.50638,-0.78459
4085.70000,0.29218,2.50020,-0.76304
4085.75000,0.29652,2.49616,-0.73165
4085.80000,0.29875,2.49422,-0.68770
4085.85000,0.29907,2.49397,-0.63324
4085.90000,0.29919,2.49388,-0.57789
4085.95000,0.29932,2.49380,-0.52297
4086.00000,0.29948,2.49374,-0.47946
4086.05000,0.29928,2.49405,-0.45920
4086.10000,0.30030,2.49350,-0.46349
4086.15000,0.30448,2.49128,-0.48630
4086.20000,0.31057,2.48792,-0.52030
4086.25000,0.31762,2.48369,-0.55996
4086.30000,0.32507,2.47879,-0.60279
4086.35000,0.33234,2.47356,-0.64458
4086.40000,0.33938,2.46803,-0.68628
4086.45000,0.34635,2.46231,-0.71978
4086.50000,0.35360,2.45623,-0.73458
4086.55000,0.36125,2.44970,-0.72951
4086.60000,0.36870,2.44328,-0.71016
4086.65000,0.37445,2.43848,-0.67619
4086.70000,0.37792,2.43581,-0.62878
4086.75000,0.37923,2.43501,-0.58340
4086.80000,0.38037,2.43443,-0.56116
4086.85000,0.38130,2.43410,-0.55648
4086.90000,0.38266,2.43336,-0.58158
4086.95000,0.38664,2.43062,-0.62214
4087.00000,0.39178,2.42676,-0.66791
4087.05000,0.39754,2.42197,-0.71753
4087.10000,0.40357,2.41643,-0.77006
4087.15000,0.40966,2.41019,-0.82449
4087.20000,0.41568,2.40330,-0.88003
4087.25000,0.42152,2.39582,-0.93623
4087.30000,0.42697,2.38795,-0.99345
4087.35000,0.43213,2.37952,-1.05047
4087.40000,0.43684,2.37071,-1.10766
4087.45000,0.44105,2.36164,-1.16475
4087.50000,0.44474,2.35235,-1.22142
4087.55000,0.44789,2.34286,-1.27824
4087.60000,0.45051,2.33321,-1.33334
4087.65000,0.45260,2.32343,-1.38832
4087.70000,0.45377,2.31578,-1.44593
4087.75000,0.45421,2.31121,-1.51248
4087.80000,0.45428,2.30848,-1.58677
4087.85000,0.45420,2.30703,-1.66625
4087.90000,0.45414,2.30652,-1.74921
4087.95000,0.45411,2.30638,-1.83316
4088.00000,0.45406,2.30623,-1.91646
4088.05000,0.45400,2.30610,-1.99903
4088.10000,0.45394,2.30596,-2.08085
4088.15000,0.45386,2.30584,-2.16191
4088.20000,0.45377,2.30571,-2.24222
4088.25000,0.45367,2.30560,-2.32179
4088.30000,0.45357,2.30550,-2.40055
4088.35000,0.45345,2.30540,-2.47851
4088.40000,0.45333,2.30531,-2.55568
4088.45000,0.45320,2.30523,-2.63199
4088.50000,0.45307,2.30516,-2.70742
4088.55000,0.45293,2.30511,-2.78200
4088.60000,0.45279,2.30506,-2.85573
4088.65000,0.45264,2.30502,-2.92856
4088.70000,0.45249,2.30500,-3.00043
4088.75000,0.45234,2.30498,-3.07139
4088.80000,0.45219,2.30497,-3.14139
4088.85000,0.45204,2.30498,3.07251
4088.90000,0.45189,2.30500,3.00306
4088.95000,0.45173,2.30502,2.93300
4089.00000,0.45157,2.30506,2.86228
4089.05000,0.45141,2.30512,2.79100
4089.10000,0.45125,2.30518,2.71931
4089.15000,0.45108,2.30526,2.64781
4089.20000,0.45092,2.30536,2.57688
4089.25000,0.45077,2.30546,2.50692
4089.30000,0.45062,2.30558,2.43804
4089.35000,0.45048,2.30571,2.37025
4089.40000,0.45035,2.30584,2.30356
4089.45000,0.45023,2.30599,2.23798
4089.50000,0.45012,2.30614,2.17351
4089.55000,0.45003,2.30631,2.12117
4089.60000,0.44874,2.30848,2.09105
4089.65000,0.44575,2.31380,2.07638
4089.70000,0.44162,2.32127,2.07209
4089.75000,0.43679,2.33006,2.07393
4089.80000,0.43192,2.33888,2.07660
4089.85000,0.42702,2.34769,2.08001
4089.90000,0.42212,2.35645,2.08372
4089.95000,0.41718,2.36518,2.08785
4090.00000,0.41220,2.37388,2.09212
4090.05000,0.40720,2.38254,2.09699
4090.10000,0.40215,2.39120,2.10248
4090.15000,0.39704,2.39983,2.10842
4090.20000,0.39186,2.40847,2.11494
4090.25000,0.38661,2.41710,2.12201
4090.30000,0.38134,2.42560,2.12891
4090.35000,0.37602,2.43406,2.13613
4090.40000,0.37063,2.44247,2.14376
4090.45000,0.36518,2.45087,2.15183
4090.50000,0.35965,2.45920,2.16020
4090.55000,0.35406,2.46749,2.16884
4090.60000,0.34840,2.47572,2.17788
4090.65000,0.34266,2.48389,2.18698
4090.70000,0.33685,2.49201,2.19662
4090.75000,0.33096,2.50008,2.20657
4090.80000,0.32499,2.50808,2.21662
4090.85000,0.31893,2.51602,2.22695
4090.90000,0.31280,2.52390,2.23781
4090.95000,0.30686,2.53149,2.23856
4091.00000,0.30097,2.53900,2.22606
4091.05000,0.29508,2.54665,2.19942
4091.10000,0.28937,2.55476,2.17060
4091.15000,0.28384,2.56309,2.14288
4091.20000,0.27854,2.57157,2.11610
4091.25000,0.27383,2.57954,2.10209
4091.30000,0.26920,2.58740,2.10973
4091.35000,0.26419,2.59561,2.13108
4091.40000,0.25883,2.60392,2.15891
4091.45000,0.25354,2.61157,2.19489
4091.50000,0.24765,2.61946,2.23411
4091.55000,0.24197,2.62642,2.27530
4091.60000,0.23537,2.63389,2.31373
4091.65000,0.22872,2.64087,2.35328
4091.70000,0.22228,2.64708,2.39618
4091.75000,0.21558,2.65301,2.43825
4091.80000,0.20863,2.65865,2.48043
4091.85000,0.20146,2.66399,2.52253
4091.90000,0.19405,2.66904,2.56418
4091.95000,0.18645,2.67377,2.60580
4092.00000,0.17864,2.67819,2.64695
4092.05000,0.17066,2.68228,2.68818
4092.10000,0.16251,2.68605,2.72902
4092.15000,0.15421,2.68948,2.76967
4092.20000,0.14579,2.69257,2.81066
4092.25000,0.13724,2.69532,2.85147
4092.30000,0.12858,2.69771,2.89226
4092.35000,0.11984,2.69974,2.93330
4092.40000,0.11103,2.70142,2.97467
4092.45000,0.10149,2.70286,3.01196
4092.50000,0.09167,2.70394,3.04990
4092.55000,0.08211,2.70464,3.08859
4092.60000,0.07348,2.70495,3.11655
4092.65000,0.06601,2.70506,3.12053
4092.70000,0.06059,2.70506,3.11267
4092.75000,0.05816,2.70507,3.09188
4092.80000,0.05816,2.70505,3.06080
4092.85000,0.05805,2.70508,3.02951
4092.90000,0.05770,2.70515,2.99831
4092.95000,0.05747,2.70519,2.98479
4093.00000,0.05478,2.70568,2.99259
4093.05000,0.04900,2.70650,3.01234
4093.10000,0.04131,2.70741,3.04020
4093.15000,0.03321,2.70809,3.05829
4093.20000,0.02637,2.70850,3.05977
4093.25000,0.02320,2.70867,3.05976
4093.30000,0.02071,2.70885,3.06084
4093.35000,0.01923,2.70887,3.04257
4093.40000,0.01968,2.70882,3.01521
4093.45000,0.02024,2.70874,2.98712
4093.50000,0.02079,2.70865,2.95925
4093.55000,0.02133,2.70854,2.93174
4093.60000,0.02133,2.70856,2.92196
4093.65000,0.01866,2.70926,2.93066
4093.70000,0.01335,2.71034,2.95153
4093.75000,0.00692,2.71151,2.97946
4093.80000,-0.00104,2.71271,3.01536
4093.85000,-0.01025,2.71374,3.05432
4093.90000,-0.01925,2.71438,3.08218
4093.95000,-0.02690,2.71446,3.09229
4094.00000,-0.03241,2.71450,3.09094
4094.05000,-0.03546,2.71454,3.07859
4094.10000,-0.03612,2.71455,3.05589
4094.15000,-0.03573,2.71455,3.02883
4094.20000,-0.03546,2.71454,3.00220
4094.25000,-0.03519,2.71454,2.97567
4094.30000,-0.03496,2.71453,2.94971
4094.35000,-0.03483,2.71450,2.92459
4094.40000,-0.03461,2.71443,2.90435
4094.45000,-0.03575,2.71498,2.90438
4094.50000,-0.03828,2.71564,2.91270
4094.55000,-0.04192,2.71648,2.92647
4094.60000,-0.04712,2.71756,2.94864
4094.65000,-0.05425,2.71885,2.98075
4094.70000,-0.06291,2.72012,3.02026
4094.75000,-0.07177,2.72104,3.04766
4094.80000,-0.07941,2.72142,3.05655
4094.85000,-0.08469,2.72169,3.05370
4094.90000,-0.08699,2.72166,3.03763
4094.95000,-0.08777,2.72168,3.01441
4095.00000,-0.08815,2.72171,2.98939
4095.05000,-0.08827,2.72172,2.96339
4095.10000,-0.08839,2.72175,2.93731
4095.15000,-0.08850,2.72177,2.91109
4095.20000,-0.08862,2.72180,2.88462
4095.25000,-0.08876,2.72188,2.86649
4095.30000,-0.08942,2.72213,2.86453
4095.35000,-0.09126,2.72266,2.86861
4095.40000,-0.09434,2.72352,2.87819
4095.45000,-0.09888,2.72472,2.89382
4095.50000,-0.10527,2.72628,2.91740
4095.55000,-0.11369,2.72817,2.94921
4095.60000,-0.12353,2.72990,2.98654
4095.65000,-0.13266,2.73105,3.00903
4095.70000,-0.14060,2.73141,3.00722
4095.75000,-0.14706,2.73169,2.99340
4095.80000,-0.15152,2.73214,2.96975
4095.85000,-0.15374,2.73255,2.93584
4095.90000,-0.15405,2.73262,2.89348
4095.95000,-0.15421,2.73266,2.85030
4096.00000,-0.15437,2.73271,2.80741
4096.05000,-0.15452,2.73279,2.77425
4096.10000,-0.15466,2.73288,2.75165
4096.15000,-0.15483,2.73302,2.73846
4096.20000,-0.15508,2.73327,2.73427
4096.25000,-0.15604,2.73370,2.73723
4096.30000,-0.15821,2.73463,2.74598
4096.35000,-0.16199,2.73619,2.76216
4096.40000,-0.16776,2.73842,2.78657
4096.45000,-0.17560,2.74120,2.81971
4096.50000,-0.18509,2.74417,2.85901
4096.55000,-0.19475,2.74676,2.89880
4096.60000,-0.20328,2.74868,2.92019
4096.65000,-0.21056,2.74951,2.91606
4096.70000,-0.21618,2.74971,2.88820
4096.75000,-0.21786,2.75006,2.84141
4096.80000,-0.21836,2.75023,2.78917
4096.85000,-0.21886,2.75043,2.73708
4096.90000,-0.21937,2.75068,2.69479
4096.95000,-0.22011,2.75121,2.66687
4097.00000,-0.22109,2.75201,2.65244
4097.05000,-0.22235,2.75313,2.65192
4097.10000,-0.22627,2.75539,2.67115
4097.15000,-0.23367,2.75904,2.70621
4097.20000,-0.24231,2.76288,2.74559
4097.25000,-0.25202,2.76672,2.78870
4097.30000,-0.26149,2.76998,2.82992
4097.35000,-0.27069,2.77268,2.85598
4097.40000,-0.27889,2.77433,2.85634
4097.45000,-0.28612,2.77517,2.83595
4097.50000,-0.28942,2.77580,2.79035
4097.55000,-0.29283,2.77719,2.73924
4097.60000,-0.29900,2.78001,2.68982
4097.65000,-0.30395,2.78221,2.63957
4097.70000,-0.30645,2.78362,2.59741
4097.75000,-0.30934,2.78546,2.57552
4097.80000,-0.31298,2.78804,2.58379
4097.85000,-0.31856,2.79143,2.61213
4097.90000,-0.32557,2.79541,2.64635
4097.95000,-0.33380,2.79966,2.68482
4098.00000,-0.34281,2.80385,2.72652
4098.05000,-0.35179,2.80759,2.76877
4098.10000,-0.36052,2.81077,2.79540
4098.15000,-0.36806,2.81286,2.79437
4098.20000,-0.37524,2.81455,2.77668
4098.25000,-0.38198,2.81642,2.74142
4098.30000,-0.38648,2.81842,2.69438
4098.35000,-0.38980,2.82012,2.64197
4098.40000,-0.39310,2.82203,2.58977
4098.45000,-0.39635,2.82415,2.53791
4098.50000,-0.39952,2.82636,2.49525
4098.55000,-0.40316,2.82911,2.48177
4098.60000,-0.40697,2.83210,2.49086
4098.65000,-0.41083,2.83520,2.51604
4098.70000,-0.41463,2.83822,2.55386
4098.75000,-0.42000,2.84165,2.60124
4098.80000,-0.42722,2.84575,2.64955
4098.85000,-0.43485,2.84958,2.70196
4098.90000,-0.44301,2.85315,2.75653
4098.95000,-0.45171,2.85640,2.81214
4099.00000,-0.46064,2.85917,2.86928
4099.05000,-0.46935,2.86135,2.91144
4099.10000,-0.47742,2.86288,2.92547
4099.15000,-0.48504,2.86414,2.91356
4099.20000,-0.49180,2.86547,2.88122
4099.25000,-0.49711,2.86697,2.83527
4099.30000,-0.50150,2.86848,2.78543
4099.35000,-0.50579,2.87020,2.73578
4099.40000,-0.51000,2.87201,2.69772
4099.45000,-0.51426,2.87396,2.68779
4099.50000,-0.51835,2.87577,2.69662
4099.55000,-0.52225,2.87744,2.71577
4099.60000,-0.52599,2.87897,2.74816
4099.65000,-0.53002,2.88055,2.79350
4099.70000,-0.53608,2.88266,2.84582
4099.75000,-0.54350,2.88470,2.90022
4099.80000,-0.55138,2.88640,2.95718
4099.85000,-0.55910,2.88760,3.01781
4099.90000,-0.56669,2.88830,3.08108
4099.95000,-0.57379,2.88850,-3.13543
4100.00000,-0.58062,2.88822,-3.06675
4100.05000,-0.58766,2.88745,-2.99828
4100.10000,-0.59477,2.88617,-2.92978
4100.15000,-0.60192,2.88438,-2.86151
4100.20000,-0.60906,2.88206,-2.79345
4100.25000,-0.61613,2.87922,-2.72567
4100.30000,-0.62308,2.87586,-2.65814
4100.35000,-0.62988,2.87199,-2.59096
4100.40000,-0.63649,2.86763,-2.52406
4100.45000,-0.64287,2.86277,-2.45750
4100.50000,-0.64893,2.85748,-2.39104
4100.55000,-0.65472,2.85171,-2.32505
4100.60000,-0.66020,2.84548,-2.25950
4100.65000,-0.66443,2.83998,-2.18890
4100.70000,-0.66708,2.83595,-2.11035
4100.75000,-0.66869,2.83299,-2.02615
4100.80000,-0.66964,2.83085,-1.93795
4100.85000,-0.67026,2.82898,-1.84812
4100.90000,-0.67074,2.82695,-1.75861
4100.95000,-0.67106,2.82475,-1.66947
4101.00000,-0.67118,2.82240,-1.58074
4101.05000,-0.67109,2.81993,-1.49244
4101.10000,-0.67078,2.81734,-1.40461
4101.15000,-0.67020,2.81466,-1.31726
4101.20000,-0.66936,2.81192,-1.23042
4101.25000,-0.66823,2.80913,-1.14411
4101.30000,-0.66686,2.80642,-1.05878
4101.35000,-0.66528,2.80386,-0.97465
4101.40000,-0.66350,2.80146,-0.89175
4101.45000,-0.66156,2.79925,-0.81009
4101.50000,-0.65947,2.79723,-0.72967
4101.55000,-0.65726,2.79540,-0.65050
4101.60000,-0.65496,2.79378,-0.57259
4101.65000,-0.65258,2.79237,-0.49594
4101.70000,-0.65014,2.79117,-0.42056
4101.75000,-0.64767,2.79017,-0.34645
4101.80000,-0.64518,2.78938,-0.27361
4101.85000,-0.64270,2.78877,-0.20204
4101.90000,-0.64023,2.78836,-0.13176
4101.95000,-0.63780,2.78812,-0.06275
4102.00000,-0.63541,2.78805,0.00499
4102.05000,-0.63308,2.78814,0.07145
4102.10000,-0.63082,2.78838,0.13664
4102.15000,-0.62863,2.78875,0.20055
4102.20000,-0.62652,2.78925,0.26318
4102.25000,-0.62449,2.78986,0.32454
4102.30000,-0.62253,2.79052,0.37478
4102.35000,-0.61984,2.79161,0.41265
4102.40000,-0.61616,2.79321,0.44377
4102.45000,-0.61166,2.79542,0.45863
4102.50000,-0.60398,2.79930,0.45705
4102.55000,-0.59503,2.80365,0.44872
4102.60000,-0.58621,2.80783,0.43854
4102.65000,-0.57737,2.81190,0.42764
4102.70000,-0.56841,2.81593,0.41605
4102.75000,-0.55943,2.81984,0.40387
4102.80000,-0.55042,2.82364,0.39053
4102.85000,-0.54122,2.82735,0.37673
4102.90000,-0.53205,2.83091,0.36239
4102.95000,-0.52300,2.83428,0.34620
4103.00000,-0.51372,2.83756,0.32995
4103.05000,-0.50450,2.84064,0.31256
4103.10000,-0.49510,2.84361,0.29556
4103.15000,-0.48579,2.84637,0.27721
4103.20000,-0.47633,2.84899,0.25844
4103.25000,-0.46702,2.85137,0.23874
4103.30000,-0.45779,2.85352,0.21789
4103.35000,-0.44852,2.85547,0.19696
4103.40000,-0.43919,2.85724,0.17561
4103.45000,-0.42968,2.85882,0.15464
4103.50000,-0.42004,2.86021,0.13364
4103.55000,-0.41067,2.86135,0.11110
4103.60000,-0.40128,2.86228,0.08830
4103.65000,-0.39182,2.86301,0.06552
4103.70000,-0.38242,2.86352,0.04216
4103.75000,-0.37301,2.86382,0.01889
4103.80000,-0.36361,2.86389,-0.00462
4103.85000,-0.35420,2.86373,-0.02813
4103.90000,-0.34481,2.86335,-0.05187
4103.95000,-0.33543,2.86275,-0.07592
4104.00000,-0.32607,2.86192,-0.10023
4104.05000,-0.31674,2.86087,-0.12458
4104.10000,-0.30743,2.85959,-0.14883
4104.15000,-0.29817,2.85808,-0.17339
4104.20000,-0.28896,2.85635,-0.19842
4104.25000,-0.27980,2.85438,-0.22393
4104.30000,-0.27071,2.85219,-0.24984
4104.35000,-0.26169,2.84976,-0.27621
4104.40000,-0.25275,2.84710,-0.30279
4104.45000,-0.24388,2.84420,-0.32977
4104.50000,-0.23510,2.84106,-0.35670
4104.55000,-0.22642,2.83768,-0.38401
4104.60000,-0.21769,2.83409,-0.40363
4104.65000,-0.20870,2.83024,-0.39842
4104.70000,-0.20184,2.82758,-0.36656
4104.75000,-0.19772,2.82609,-0.32188
4104.80000,-0.19609,2.82559,-0.26653
4104.85000,-0.19586,2.82562,-0.21768
4104.90000,-0.19602,2.82583,-0.19303
4104.95000,-0.19426,2.82540,-0.18469
4105.00000,-0.19025,2.82457,-0.18822
4105.05000,-0.18373,2.82322,-0.20451
4105.10000,-0.17483,2.82122,-0.23316
4105.15000,-0.16586,2.81895,-0.26270
4105.20000,-0.15696,2.81642,-0.29220
4105.25000,-0.14813,2.81362,-0.32143
4105.30000,-0.13940,2.81056,-0.35156
4105.35000,-0.13062,2.80726,-0.37252
4105.40000,-0.12165,2.80371,-0.37559
4105.45000,-0.11249,2.80006,-0.36300
4105.50000,-0.10539,2.79759,-0.33139
4105.55000,-0.10119,2.79623,-0.28891
4105.60000,-0.09945,2.79575,-0.23583
4105.65000,-0.09913,2.79568,-0.17674
4105.70000,-0.09883,2.79567,-0.12682
4105.75000,-0.09887,2.79571,-0.10080
4105.80000,-0.09748,2.79546,-0.09218
4105.85000,-0.09402,2.79504,-0.09421
4105.90000,-0.08732,2.79420,-0.11230
4105.95000,-0.07833,2.79304,-0.14236
4106.00000,-0.06924,2.79158,-0.17389
4106.05000,-0.06017,2.78985,-0.20468
4106.10000,-0.05119,2.78783,-0.23658
4106.15000,-0.04241,2.78556,-0.27216
4106.20000,-0.03411,2.78306,-0.31387
4106.25000,-0.02617,2.78027,-0.36242
4106.30000,-0.01763,2.77709,-0.40259
4106.35000,-0.00885,2.77358,-0.41767
4106.40000,-0.00286,2.77128,-0.41880
4106.45000,0.00158,2.76955,-0.43751
4106.50000,0.00650,2.76713,-0.47166
4106.55000,0.01245,2.76394,-0.51309
4106.60000,0.01916,2.75994,-0.55918
4106.65000,0.02616,2.75557,-0.59489
4106.70000,0.03178,2.75203,-0.62050
4106.75000,0.03650,2.74851,-0.65534
4106.80000,0.04228,2.74387,-0.69584
4106.85000,0.04835,2.73878,-0.73117
4106.90000,0.05469,2.73337,-0.74886
4106.95000,0.06152,2.72740,-0.74393
4107.00000,0.06811,2.72156,-0.71955
4107.05000,0.07287,2.71753,-0.68190
4107.10000,0.07533,2.71562,-0.63178
4107.15000,0.07617,2.71513,-0.58539
4107.20000,0.07702,2.71472,-0.56840
4107.25000,0.07803,2.71415,-0.57384
4107.30000,0.08189,2.71153,-0.59685
4107.35000,0.08800,2.70723,-0.62871
4107.40000,0.09516,2.70182,-0.66570
4107.45000,0.10276,2.69559,-0.70610
4107.50000,0.11017,2.68900,-0.74663
4107.55000,0.11731,2.68211,-0.78645
4107.60000,0.12381,2.67532,-0.82813
4107.65000,0.13041,2.66810,-0.86022
4107.70000,0.13708,2.66075,-0.87143
4107.75000,0.14390,2.65318,-0.86131
4107.80000,0.14982,2.64646,-0.83738
4107.85000,0.15380,2.64218,-0.80059
4107.90000,0.15560,2.64040,-0.75057
4107.95000,0.15612,2.63995,-0.70560
4108.00000,0.15657,2.63964,-0.68502
4108.05000,0.15714,2.63922,-0.68522
4108.10000,0.15981,2.63701,-0.69732
4108.15000,0.16436,2.63311,-0.71961
4108.20000,0.17069,2.62739,-0.75181
4108.25000,0.17780,2.62048,-0.78956
4108.30000,0.18462,2.61332,-0.82764
4108.35000,0.19055,2.60670,-0.84969
4108.40000,0.19621,2.60030,-0.84511
4108.45000,0.20041,2.59552,-0.81306
4108.50000,0.20181,2.59409,-0.76364
4108.55000,0.20221,2.59373,-0.70889
4108.60000,0.20262,2.59339,-0.65428
4108.65000,0.20304,2.59310,-0.61224
4108.70000,0.20329,2.59304,-0.59880
4108.75000,0.20459,2.59214,-0.60411
4108.80000,0.20897,2.58902,-0.62631
4108.85000,0.21544,2.58419,-0.65728
4108.90000,0.22283,2.57827,-0.69330
4108.95000,0.23037,2.57176,-0.73099
4109.00000,0.23769,2.56495,-0.76786
4109.05000,0.24476,2.55787,-0.80470
4109.10000,0.25154,2.55079,-0.83391
4109.15000,0.25812,2.54367,-0.83663
4109.20000,0.26198,2.53948,-0.80662
4109.25000,0.26364,2.53780,-0.76173
4109.30000,0.26411,2.53738,-0.70986
4109.35000,0.26459,2.53699,-0.65809
4109.40000,0.26509,2.53662,-0.60657
4109.45000,0.26561,2.53629,-0.56667
4109.50000,0.26586,2.53628,-0.55280
4109.55000,0.26832,2.53467,-0.56308
4109.60000,0.27339,2.53137,-0.58908
4109.65000,0.27961,2.52706,-0.62333
4109.70000,0.28662,2.52181,-0.66263
4109.75000,0.29359,2.51614,-0.70293
4109.80000,0.30034,2.51019,-0.74301
4109.85000,0.30701,2.50404,-0.77482
4109.90000,0.31399,2.49752,-0.78779
4109.95000,0.32130,2.49052,-0.77972
4110.00000,0.32710,2.48488,-0.75881
4110.05000,0.33092,2.48136,-0.72602
4110.10000,0.33258,2.47994,-0.68112
4110.15000,0.33313,2.47952,-0.63029
4110.20000,0.33370,2.47912,-0.57963
4110.25000,0.33428,2.47876,-0.52927
4110.30000,0.33469,2.47863,-0.49271
4110.35000,0.33531,2.47838,-0.48669
4110.40000,0.33820,2.47679,-0.50009
4110.45000,0.34389,2.47357,-0.52615
4110.50000,0.35083,2.46939,-0.55967
4110.55000,0.35838,2.46446,-0.59717
4110.60000,0.36578,2.45922,-0.63431
4110.65000,0.37161,2.45475,-0.68125
4110.70000,0.37674,2.45033,-0.73640
4110.75000,0.38244,2.44487,-0.79219
4110.80000,0.38791,2.43898,-0.85061
4110.85000,0.39323,2.43289,-0.90264
4110.90000,0.39713,2.42800,-0.94098
4110.95000,0.40005,2.42381,-0.98433
4111.00000,0.40331,2.41862,-1.03379
4111.05000,0.40682,2.41236,-1.08649
4111.10000,0.41038,2.40512,-1.14092
4111.15000,0.41386,2.39734,-1.18056
4111.20000,0.41708,2.38923,-1.19376
4111.25000,0.42024,2.38114,-1.19595
4111.30000,0.42340,2.37302,-1.18807
4111.35000,0.42648,2.36526,-1.16497
4111.40000,0.42871,2.36019,-1.12212
4111.45000,0.42926,2.35892,-1.06926
4111.50000,0.42967,2.35817,-1.02674
4111.55000,0.42984,2.35775,-1.01306
4111.60000,0.42996,2.35743,-1.02050
4111.65000,0.43149,2.35502,-1.04901
4111.70000,0.43399,2.35046,-1.08975
4111.75000,0.43681,2.34474,-1.13668
4111.80000,0.43977,2.33790,-1.18719
4111.85000,0.44258,2.33037,-1.24079
4111.90000,0.44513,2.32218,-1.29563
4111.95000,0.44726,2.31380,-1.34977
4112.00000,0.44897,2.30534,-1.38746
4112.05000,0.45060,2.29645,-1.39851
4112.10000,0.45243,2.28715,-1.39264
4112.15000,0.45393,2.27851,-1.36622
4112.20000,0.45515,2.27265,-1.32369
4112.25000,0.45549,2.27052,-1.26916
4112.30000,0.45572,2.26982,-1.22339
4112.35000,0.45599,2.26909,-1.19225
4112.40000,0.45604,2.26853,-1.16723
4112.45000,0.45603,2.26827,-1.17073
4112.50000,0.45718,2.26562,-1.19426
4112.55000,0.45902,2.26071,-1.22864
4112.60000,0.46110,2.25447,-1.27028
4112.65000,0.46321,2.24704,-1.31653
4112.70000,0.46516,2.23871,-1.36587
4112.75000,0.46672,2.23011,-1.41608
4112.80000,0.46792,2.22129,-1.45130
4112.85000,0.46894,2.21192,-1.46104
4112.90000,0.46994,2.20260,-1.44825
4112.95000,0.47092,2.19538,-1.41760
4113.00000,0.47178,2.19037,-1.37732
4113.05000,0.47234,2.18781,-1.32675
4113.10000,0.47251,2.18719,-1.26796
4113.15000,0.47269,2.18670,-1.21878
4113.20000,0.47292,2.18620,-1.18853
4113.25000,0.47318,2.18573,-1.18508
4113.30000,0.47460,2.18253,-1.20559
4113.35000,0.47700,2.17601,-1.23699
4113.40000,0.47959,2.16802,-1.27449
4113.45000,0.48211,2.15907,-1.31632
4113.50000,0.48441,2.14935,-1.35959
4113.55000,0.48630,2.13953,-1.40202
4113.60000,0.48777,2.12964,-1.44397
4113.65000,0.48872,2.12127,-1.46435
4113.70000,0.48936,2.11548,-1.45025
4113.75000,0.48991,2.11147,-1.41184
4113.80000,0.49030,2.10936,-1.35876
4113.85000,0.49042,2.10886,-1.29849
4113.90000,0.49053,2.10852,-1.23697
4113.95000,0.49067,2.10819,-1.18675
4114.00000,0.49079,2.10792,-1.15402
4114.05000,0.49069,2.10793,-1.14245
4114.10000,0.49052,2.10802,-1.13340
4114.15000,0.49030,2.10816,-1.12582
4114.20000,0.49002,2.10837,-1.12025
4114.25000,0.48972,2.10861,-1.11745
4114.30000,0.48950,2.10882,-1.12030
4114.35000,0.48984,2.10814,-1.13064
4114.40000,0.49093,2.10578,-1.14890
4114.45000,0.49289,2.10128,-1.17647
4114.50000,0.49560,2.09446,-1.21393
4114.55000,0.49851,2.08604,-1.26130
4114.60000,0.50125,2.07668,-1.30945
4114.65000,0.50361,2.06697,-1.35612
4114.70000,0.50551,2.05715,-1.40269
4114.75000,0.50678,2.04877,-1.42745
4114.80000,0.50770,2.04170,-1.42280
4114.85000,0.50859,2.03521,-1.39678
4114.90000,0.50955,2.03020,-1.35804
4114.95000,0.51014,2.02770,-1.30849
4115.00000,0.51026,2.02728,-1.24973
4115.05000,0.51036,2.02703,-1.18954
4115.10000,0.51048,2.02678,-1.14086
4115.15000,0.51059,2.02659,-1.10803
4115.20000,0.51041,2.02676,-1.10179
4115.25000,0.51085,2.02604,-1.11106
4115.30000,0.51217,2.02332,-1.12901
4115.35000,0.51434,2.01860,-1.15546
4115.40000,0.51724,2.01171,-1.19120
4115.45000,0.52053,2.00293,-1.23424
4115.50000,0.52361,1.99345,-1.27935
4115.55000,0.52626,1.98381,-1.32443
4115.60000,0.52820,1.97549,-1.34917
4115.65000,0.52971,1.96814,-1.34519
4115.70000,0.53097,1.96245,-1.31607
4115.75000,0.53187,1.95919,-1.26673
4115.80000,0.53221,1.95819,-1.20643
4115.85000,0.53229,1.95799,-1.14215
4115.90000,0.53239,1.95780,-1.07728
4115.95000,0.53251,1.95762,-1.02403
4116.00000,0.53269,1.95746,-0.99483
4116.05000,0.53316,1.95692,-0.99832
4116.10000,0.53557,1.95312,-1.02311
4116.15000,0.53911,1.94710,-1.05510
4116.20000,0.54316,1.93965,-1.09276
4116.25000,0.54733,1.93115,-1.13449
4116.30000,0.55136,1.92200,-1.17776
4116.35000,0.55499,1.91268,-1.22061
4116.40000,0.55801,1.90389,-1.25008
4116.45000,0.55989,1.89767,-1.26957
4116.50000,0.56120,1.89317,-1.30829
4116.55000,0.56209,1.88951,-1.36245
4116.60000,0.56250,1.88725,-1.43051
4116.65000,0.56262,1.88612,-1.50629
4116.70000,0.56263,1.88588,-1.58507
4116.75000,0.56262,1.88570,-1.66332
4116.80000,0.56260,1.88551,-1.74073
4116.85000,0.56256,1.88533,-1.81729
4116.90000,0.56251,1.88516,-1.89301
4116.95000,0.56244,1.88499,-1.96789
4117.00000,0.56237,1.88482,-2.04194
4117.05000,0.56228,1.88466,-2.11514
4117.10000,0.56218,1.88451,-2.18751
4117.15000,0.56207,1.88437,-2.25905
4117.20000,0.56195,1.88423,-2.32976
4117.25000,0.56182,1.88410,-2.39964
4117.30000,0.56168,1.88399,-2.46869
4117.35000,0.56154,1.88388,-2.53692
4117.40000,0.56139,1.88378,-2.60432
4117.45000,0.56123,1.88370,-2.67090
4117.50000,0.56107,1.88362,-2.73666
4117.55000,0.56091,1.88356,-2.80160
4117.60000,0.56074,1.88350,-2.86572
4117.65000,0.56057,1.88346,-2.92903
4117.70000,0.56039,1.88343,-2.99153
4117.75000,0.56022,1.88341,-3.05322
4117.80000,0.56004,1.88340,-3.11411
4117.85000,0.55987,1.88340,3.10899
4117.90000,0.55970,1.88341,3.04970
4117.95000,0.55952,1.88343,2.99120
4118.00000,0.55935,1.88346,2.93350
4118.05000,0.55919,1.88350,2.87659
4118.10000,0.55902,1.88355,2.82046
4118.15000,0.55886,1.88361,2.76512
4118.20000,0.55871,1.88368,2.71055
4118.25000,0.55856,1.88375,2.65676
4118.30000,0.55841,1.88383,2.60373
4118.35000,0.55827,1.88392,2.55147
4118.40000,0.55813,1.88402,2.49997
4118.45000,0.55800,1.88412,2.44922
4118.50000,0.55788,1.88423,2.39922
4118.55000,0.55776,1.88434,2.34998
4118.60000,0.55764,1.88446,2.30150
4118.65000,0.55596,1.88646,2.25529
4118.70000,0.55123,1.89251,2.21513
4118.75000,0.54628,1.89942,2.17044
4118.80000,0.54131,1.90710,2.12303
4118.85000,0.53640,1.91552,2.07702
4118.90000,0.53175,1.92437,2.03265
4118.95000,0.52749,1.93341,1.98892
4119.00000,0.52363,1.94263,1.94588
4119.05000,0.52016,1.95201,1.90363
4119.10000,0.51709,1.96153,1.86223
4119.15000,0.51442,1.97116,1.82179
4119.20000,0.51213,1.98089,1.78236
4119.25000,0.51022,1.99071,1.74404
4119.30000,0.50868,2.00059,1.70688
4119.35000,0.50750,2.01051,1.67097
4119.40000,0.50667,2.02048,1.63636
4119.45000,0.50618,2.03046,1.60311
4119.50000,0.50602,2.04046,1.57126
4119.55000,0.50611,2.05023,1.54903
4119.60000,0.50636,2.06013,1.54413
4119.65000,0.50663,2.07012,1.54370
4119.70000,0.50690,2.08012,1.54402
4119.75000,0.50716,2.09011,1.54517
4119.80000,0.50740,2.10007,1.54794
4119.85000,0.50761,2.11002,1.55088
4119.90000,0.50780,2.12000,1.55332
4119.95000,0.50795,2.12994,1.55792
4120.00000,0.50805,2.13995,1.56228
4120.05000,0.50811,2.14989,1.56740
4120.10000,0.50811,2.15979,1.57367
4120.15000,0.50805,2.16978,1.58068
4120.20000,0.50792,2.17971,1.58811
4120.25000,0.50770,2.18969,1.59639
4120.30000,0.50740,2.19943,1.60898
4120.35000,0.50696,2.20937,1.61993
4120.40000,0.50640,2.21946,1.63762
4120.45000,0.50560,2.22979,1.66097
4120.50000,0.50452,2.24026,1.69018
4120.55000,0.50321,2.24998,1.72357
4120.60000,0.50154,2.25958,1.75690
4120.65000,0.49970,2.26853,1.79162
4120.70000,0.49754,2.27739,1.82671
4120.75000,0.49508,2.28618,1.86153
4120.80000,0.49231,2.29487,1.89661
4120.85000,0.48924,2.30347,1.93141
4120.90000,0.48587,2.31197,1.96570
4120.95000,0.48220,2.32034,2.00013
4121.00000,0.47826,2.32858,2.03455
4121.05000,0.47403,2.33669,2.06881
4121.10000,0.46952,2.34464,2.10318
4121.15000,0.46475,2.35244,2.13736
4121.20000,0.45970,2.36008,2.17115
4121.25000,0.45440,2.36755,2.20473
4121.30000,0.44885,2.37484,2.23835
4121.35000,0.44306,2.38195,2.27149
4121.40000,0.43703,2.38886,2.30457
4121.45000,0.43077,2.39557,2.33760
4121.50000,0.42430,2.40208,2.37033
4121.55000,0.41760,2.40838,2.40248
4121.60000,0.41071,2.41446,2.43503
4121.65000,0.40359,2.42051,2.45746
4121.70000,0.39678,2.42610,2.45079
4121.75000,0.38969,2.43204,2.43703
4121.80000,0.38749,2.43341,2.42043
4121.85000,0.38737,2.43351,2.40217
4121.90000,0.38735,2.43355,2.38448
4121.95000,0.38736,2.43355,2.36648
4122.00000,0.38735,2.43357,2.34905
4122.05000,0.38722,2.43370,2.33160
4122.10000,0.38719,2.43374,2.31437
4122.15000,0.38715,2.43379,2.29682
4122.20000,0.38689,2.43412,2.28626
4122.25000,0.38502,2.43627,2.28885
4122.30000,0.38147,2.44029,2.30436
4122.35000,0.37669,2.44546,2.32884
4122.40000,0.37053,2.45177,2.36192
4122.45000,0.36405,2.45812,2.38919
4122.50000,0.35899,2.46287,2.40151
4122.55000,0.35664,2.46503,2.39628
4122.60000,0.35528,2.46628,2.38385
4122.65000,0.35516,2.46640,2.36634
4122.70000,0.35508,2.46649,2.34857
4122.75000,0.35499,2.46658,2.33093
4122.80000,0.35490,2.46667,2.31343
4122.85000,0.35482,2.46676,2.29610
4122.90000,0.35473,2.46686,2.27893
4122.95000,0.35465,2.46696,2.26192
4123.00000,0.35456,2.46708,2.25237
4123.05000,0.35278,2.46927,2.25566
4123.10000,0.34969,2.47301,2.26717
4123.15000,0.34519,2.47829,2.28720
4123.20000,0.33903,2.48517,2.31643
4123.25000,0.33244,2.49217,2.34105
4123.30000,0.32739,2.49734,2.35380
4123.35000,0.32424,2.50052,2.35439
4123.40000,0.32373,2.50105,2.33939
4123.45000,0.32364,2.50115,2.32156
4123.50000,0.32356,2.50124,2.30396
4123.55000,0.32347,2.50134,2.28673
4123.60000,0.32339,2.50143,2.26991
4123.65000,0.32331,2.50153,2.25357
4123.70000,0.32323,2.50163,2.23774
4123.75000,0.32316,2.50172,2.22249
4123.80000,0.32309,2.50182,2.20785
4123.85000,0.32299,2.50196,2.20015
4123.90000,0.32102,2.50461,2.20616
4123.95000,0.31695,2.51003,2.22583
4124.00000,0.31144,2.51700,2.25404
4124.05000,0.30547,2.52435,2.27785
4124.10000,0.29960,2.53156,2.28843
4124.15000,0.29376,2.53871,2.28890
4124.20000,0.28757,2.54597,2.28061
4124.25000,0.28129,2.55338,2.26920
4124.30000,0.27509,2.56087,2.25796
4124.35000,0.26897,2.56843,2.24712
4124.40000,0.26292,2.57606,2.23666
4124.45000,0.25694,2.58375,2.22652
4124.50000,0.25102,2.59151,2.21677
4124.55000,0.24514,2.59934,2.21776
4124.60000,0.24017,2.60580,2.24201
4124.65000,0.23574,2.61115,2.28290
4124.70000,0.23058,2.61686,2.32967
4124.75000,0.22466,2.62279,2.37999
4124.80000,0.21770,2.62909,2.43083
4124.85000,0.21018,2.63523,2.48350
4124.90000,0.20224,2.64103,2.53783
4124.95000,0.19386,2.64648,2.59195
4125.00000,0.18520,2.65147,2.64518
4125.05000,0.17628,2.65600,2.69853
4125.10000,0.16714,2.66005,2.75145
4125.15000,0.15781,2.66360,2.80274
4125.20000,0.14830,2.66669,2.85380
4125.25000,0.14020,2.66893,2.88184
4125.30000,0.13457,2.67040,2.88158
4125.35000,0.13129,2.67125,2.86938
4125.40000,0.13112,2.67130,2.84265
4125.45000,0.13100,2.67134,2.81478
4125.50000,0.13087,2.67138,2.78677
4125.55000,0.13070,2.67150,2.76750
4125.60000,0.13016,2.67203,2.76598
4125.65000,0.12950,2.67272,2.77628
4125.70000,0.12784,2.67359,2.79665
4125.75000,0.12401,2.67492,2.82616
4125.80000,0.11790,2.67680,2.86493
4125.85000,0.10990,2.67889,2.91170
4125.90000,0.10111,2.68071,2.96122
4125.95000,0.09213,2.68198,2.99684
4126.00000,0.08392,2.68245,3.00639
4126.05000,0.07795,2.68255,2.99684
4126.10000,0.07519,2.68274,2.97250
4126.15000,0.07483,2.68275,2.93730
4126.20000,0.07463,2.68280,2.90085
4126.25000,0.07443,2.68285,2.86432
4126.30000,0.07423,2.68291,2.82772
4126.35000,0.07404,2.68299,2.79974
4126.40000,0.07386,2.68307,2.77670
4126.45000,0.07369,2.68316,2.75830
4126.50000,0.07356,2.68320,2.74311
4126.55000,0.07354,2.68315,2.72974
4126.60000,0.07361,2.68302,2.71845
4126.65000,0.07377,2.68280,2.70956
4126.70000,0.07398,2.68253,2.70335
4126.75000,0.07424,2.68222,2.70008
4126.80000,0.07451,2.68192,2.70074
4126.85000,0.07474,2.68168,2.71081
4126.90000,0.07433,2.68185,2.73276
4126.95000,0.07183,2.68289,2.76383
4127.00000,0.06710,2.68467,2.80452
4127.05000,0.05997,2.68698,2.85456
4127.10000,0.05181,2.68915,2.90817
4127.15000,0.04292,2.69101,2.96275
4127.20000,0.03375,2.69240,3.01884
4127.25000,0.02473,2.69322,3.06231
4127.30000,0.01665,2.69327,3.07885
4127.35000,0.00994,2.69314,3.07456
4127.40000,0.00627,2.69299,3.05421
4127.45000,0.00567,2.69297,3.02021
4127.50000,0.00527,2.69303,2.98457
4127.55000,0.00487,2.69310,2.94868
4127.60000,0.00446,2.69319,2.91258
4127.65000,0.00398,2.69338,2.88366
4127.70000,0.00371,2.69351,2.86561
4127.75000,0.00380,2.69358,2.84320
4127.80000,0.00374,2.69362,2.83135
4127.85000,0.00387,2.69362,2.82154
4127.90000,0.00371,2.69386,2.82487
4127.95000,0.00316,2.69443,2.83940
4128.00000,0.00138,2.69533,2.86318
4128.05000,-0.00331,2.69662,2.89887
4128.10000,-0.01080,2.69830,2.94554
4128.15000,-0.01899,2.69972,2.99463
4128.20000,-0.02726,2.70067,3.03265
4128.25000,-0.03448,2.70068,3.04606
4128.30000,-0.04075,2.70033,3.03704
4128.35000,-0.04445,2.70010,3.01198
4128.40000,-0.04506,2.70008,2.97389
4128.45000,-0.04510,2.70009,2.93312
4128.50000,-0.04523,2.70011,2.89263
4128.55000,-0.04523,2.70010,2.85179
4128.60000,-0.04526,2.70016,2.81766
4128.65000,-0.04578,2.70075,2.80498
4128.70000,-0.04672,2.70182,2.81140
4128.75000,-0.04856,2.70338,2.83252
4128.80000,-0.05293,2.70541,2.86444
4128.85000,-0.05992,2.70734,2.90693
4128.90000,-0.06813,2.70910,2.95363
4128.95000,-0.07722,2.71060,3.00267
4129.00000,-0.08687,2.71170,3.05353
4129.05000,-0.09641,2.71224,3.09244
4129.10000,-0.10519,2.71232,3.10676
4129.15000,-0.11331,2.71221,3.10359
4129.20000,-0.11948,2.71211,3.08822
4129.25000,-0.12316,2.71203,3.06221
4129.30000,-0.12474,2.71208,3.02763
4129.35000,-0.12471,2.71208,2.98678
4129.40000,-0.12474,2.71209,2.94628
4129.45000,-0.12481,2.71210,2.90647
4129.50000,-0.12485,2.71209,2.86658
4129.55000,-0.12469,2.71204,2.82607
4129.60000,-0.12506,2.71224,2.79538
4129.65000,-0.12525,2.71235,2.77687
4129.70000,-0.12524,2.71244,2.75937
4129.75000,-0.12573,2.71295,2.76561
4129.80000,-0.12947,2.71453,2.78966
4129.85000,-0.13530,2.71661,2.82288
4129.90000,-0.14220,2.71876,2.86322
4129.95000,-0.15066,2.72107,2.90618
4130.00000,-0.15922,2.72282,2.93719
4130.05000,-0.16692,2.72366,2.94191
4130.10000,-0.17230,2.72388,2.92486
4130.15000,-0.17433,2.72382,2.89340
4130.20000,-0.17458,2.72389,2.85444
4130.25000,-0.17475,2.72397,2.81500
4130.30000,-0.17514,2.72416,2.78948
4130.35000,-0.17578,2.72442,2.77990
4130.40000,-0.17640,2.72471,2.78161
4130.45000,-0.17960,2.72606,2.80197
4130.50000,-0.18627,2.72832,2.83687
4130.55000,-0.19366,2.73050,2.87892
4130.60000,-0.20267,2.73273,2.92227
4130.65000,-0.21147,2.73447,2.95398
4130.70000,-0.21967,2.73555,2.95819
4130.75000,-0.22552,2.73617,2.94330
4130.80000,-0.22718,2.73638,2.91079
4130.85000,-0.22687,2.73630,2.86988
4130.90000,-0.22653,2.73619,2.82883
4130.95000,-0.22618,2.73607,2.78798
4131.00000,-0.22583,2.73593,2.74735
4131.05000,-0.22581,2.73615,2.72053
4131.10000,-0.22595,2.73657,2.71275
4131.15000,-0.22678,2.73719,2.71940
4131.20000,-0.22919,2.73825,2.73857
4131.25000,-0.23320,2.73991,2.76608
4131.30000,-0.23897,2.74207,2.80248
4131.35000,-0.24660,2.74460,2.84747
4131.40000,-0.25524,2.74720,2.88198
4131.45000,-0.26355,2.74931,2.88899
4131.50000,-0.27013,2.75091,2.87951
4131.55000,-0.27272,2.75151,2.85330
4131.60000,-0.27280,2.75154,2.81624
4131.65000,-0.27308,2.75163,2.77992
4131.70000,-0.27284,2.75153,2.74167
4131.75000,-0.27231,2.75129,2.70221
4131.80000,-0.27249,2.75143,2.67692
4131.85000,-0.27328,2.75200,2.67932
4131.90000,-0.27706,2.75392,2.70007
4131.95000,-0.28268,2.75651,2.73030
4132.00000,-0.28941,2.75930,2.76912
4132.05000,-0.29793,2.76247,2.80985
4132.10000,-0.30613,2.76517,2.83916
4132.15000,-0.31388,2.76747,2.84028
4132.20000,-0.31876,2.76893,2.82202
4132.25000,-0.31993,2.76929,2.78715
4132.30000,-0.32026,2.76942,2.74784
4132.35000,-0.32058,2.76956,2.70811
4132.40000,-0.32089,2.76971,2.66801
4132.45000,-0.32117,2.76987,2.63850
4132.50000,-0.32187,2.77041,2.63474
4132.55000,-0.32479,2.77204,2.65206
4132.60000,-0.32925,2.77435,2.67878
4132.65000,-0.33545,2.77732,2.71423
4132.70000,-0.34372,2.78089,2.75392
4132.75000,-0.35203,2.78408,2.77855
4132.80000,-0.35889,2.78647,2.77177
4132.85000,-0.36235,2.78783,2.73982
4132.90000,-0.36319,2.78820,2.69514
4132.95000,-0.36365,2.78844,2.64798
4133.00000,-0.36412,2.78871,2.60047
4133.05000,-0.36458,2.78901,2.56390
4133.10000,-0.36515,2.78947,2.54639
4133.15000,-0.36629,2.79039,2.55216
4133.20000,-0.36862,2.79194,2.56554
4133.25000,-0.37262,2.79449,2.58646
4133.30000,-0.37872,2.79815,2.61700
4133.35000,-0.38690,2.80268,2.65651
4133.40000,-0.39584,2.80716,2.69817
4133.45000,-0.40466,2.81117,2.72404
4133.50000,-0.41294,2.81471,2.72301
4133.55000,-0.41753,2.81680,2.69146
4133.60000,-0.41916,2.81762,2.64471
4133.65000,-0.42042,2.81835,2.59576
4133.70000,-0.42171,2.81918,2.54686
4133.75000,-0.42295,2.82004,2.50877
4133.80000,-0.42427,2.82102,2.48804
4133.85000,-0.42570,2.82216,2.48052
4133.90000,-0.42710,2.82328,2.47689
4133.95000,-0.42849,2.82441,2.47985
4134.00000,-0.43000,2.82565,2.49430
4134.05000,-0.43257,2.82755,2.52110
4134.10000,-0.43764,2.83107,2.55663
4134.15000,-0.44395,2.83514,2.60505
4134.20000,-0.44991,2.83858,2.64175
4134.25000,-0.45545,2.84146,2.64653
4134.30000,-0.46047,2.84396,2.62812
4134.35000,-0.46479,2.84650,2.58916
4134.40000,-0.46961,2.84963,2.54165
4134.45000,-0.47472,2.85310,2.49993
4134.50000,-0.48007,2.85688,2.47864
4134.55000,-0.48583,2.86120,2.48919
4134.60000,-0.49112,2.86513,2.52095
4134.65000,-0.49536,2.86802,2.56987
4134.70000,-0.49978,2.87068,2.62707
4134.75000,-0.50511,2.87348,2.68706
4134.80000,-0.51066,2.87598,2.75095
4134.85000,-0.51642,2.87813,2.81761
4134.90000,-0.52167,2.87969,2.88891
4134.95000,-0.52655,2.88078,2.95205
4135.00000,-0.53056,2.88093,2.98819
4135.05000,-0.53356,2.88080,2.99391
4135.10000,-0.53625,2.88112,2.97728
4135.15000,-0.54151,2.88216,2.94288
4135.20000,-0.54878,2.88378,2.90181
4135.25000,-0.55601,2.88572,2.85307
4135.30000,-0.56356,2.88819,2.80031
4135.35000,-0.57127,2.89092,2.75330
4135.40000,-0.57914,2.89386,2.72332
4135.45000,-0.58762,2.89750,2.72399
4135.50000,-0.59637,2.90143,2.73526
4135.55000,-0.60533,2.90560,2.75539
4135.60000,-0.61438,2.90929,2.79199
4135.65000,-0.62197,2.91186,2.84269
4135.70000,-0.62767,2.91343,2.90585
4135.75000,-0.63317,2.91456,2.97356
4135.80000,-0.63884,2.91531,3.04326
4135.85000,-0.64466,2.91568,3.11425
4135.90000,-0.65025,2.91563,-3.09579
4135.95000,-0.65579,2.91517,-3.02170
4136.00000,-0.66136,2.91428,-2.94727
4136.05000,-0.66702,2.91295,-2.87306
4136.10000,-0.67266,2.91117,-2.79891
4136.15000,-0.67828,2.90893,-2.72505
4136.20000,-0.68382,2.90623,-2.65150
4136.25000,-0.68921,2.90309,-2.57811
4136.30000,-0.69442,2.89952,-2.50496
4136.35000,-0.69941,2.89555,-2.43200
4136.40000,-0.70416,2.89116,-2.35936
4136.45000,-0.70862,2.88639,-2.28692
4136.50000,-0.71279,2.88123,-2.21488
4136.55000,-0.71659,2.87578,-2.14287
4136.60000,-0.72003,2.86997,-2.07126
4136.65000,-0.72309,2.86388,-1.99990
4136.70000,-0.72527,2.85862,-1.92440
4136.75000,-0.72650,2.85485,-1.84236
4136.80000,-0.72714,2.85215,-1.75568
4136.85000,-0.72744,2.84999,-1.66667
4136.90000,-0.72755,2.84783,-1.57742
4136.95000,-0.72747,2.84569,-1.48802
4137.00000,-0.72720,2.84356,-1.39851
4137.05000,-0.72673,2.84147,-1.30896
4137.10000,-0.72608,2.83942,-1.21940
4137.15000,-0.72524,2.83742,-1.12989
4137.20000,-0.72422,2.83548,-1.04047
4137.25000,-0.72300,2.83360,-0.95117
4137.30000,-0.72159,2.83181,-0.86203
4137.35000,-0.72000,2.83011,-0.77310
4137.40000,-0.71821,2.82851,-0.68439
4137.45000,-0.71623,2.82704,-0.59597
4137.50000,-0.71406,2.82570,-0.50785
4137.55000,-0.71170,2.82452,-0.42007
4137.60000,-0.70915,2.82352,-0.33268
4137.65000,-0.70663,2.82277,-0.24655
4137.70000,-0.70421,2.82226,-0.16194
4137.75000,-0.70191,2.82199,-0.07888
4137.80000,-0.69975,2.82190,0.00263
4137.85000,-0.69772,2.82199,0.08259
4137.90000,-0.69585,2.82222,0.16100
4137.95000,-0.69412,2.82257,0.23786
4138.00000,-0.69253,2.82301,0.31317
4138.05000,-0.69109,2.82354,0.38692
4138.10000,-0.68971,2.82411,0.44954
4138.15000,-0.68838,2.82467,0.49162
4138.20000,-0.68422,2.82708,0.51559
4138.25000,-0.67660,2.83147,0.51830
4138.30000,-0.66798,2.83636,0.51352
4138.35000,-0.65932,2.84122,0.51007
4138.40000,-0.65061,2.84608,0.50788
4138.45000,-0.64189,2.85092,0.50572
4138.50000,-0.63321,2.85571,0.50219
4138.55000,-0.62451,2.86047,0.49853
4138.60000,-0.61582,2.86517,0.49370
4138.65000,-0.60709,2.86984,0.48939
4138.70000,-0.59836,2.87446,0.48432
4138.75000,-0.58961,2.87903,0.47899
4138.80000,-0.58088,2.88353,0.47230
4138.85000,-0.57215,2.88794,0.46404
4138.90000,-0.56340,2.89228,0.45482
4138.95000,-0.55461,2.89651,0.44498
4139.00000,-0.54580,2.90066,0.43449
4139.05000,-0.53696,2.90469,0.42309
4139.10000,-0.52810,2.90862,0.41086
4139.15000,-0.51916,2.91245,0.39762
4139.20000,-0.51018,2.91615,0.38366
4139.25000,-0.50117,2.91971,0.36916
4139.30000,-0.49207,2.92315,0.35382
4139.35000,-0.48286,2.92645,0.33813
4139.40000,-0.47377,2.92957,0.32143
4139.45000,-0.46450,2.93256,0.30413
4139.50000,-0.45493,2.93547,0.28717
4139.55000,-0.44532,2.93822,0.26967
4139.60000,-0.43566,2.94080,0.25170
4139.65000,-0.42612,2.94316,0.23215
4139.70000,-0.41659,2.94531,0.21189
4139.75000,-0.40703,2.94726,0.19105
4139.80000,-0.39768,2.94896,0.16866
4139.85000,-0.38815,2.95047,0.14590
4139.90000,-0.37835,2.95179,0.12364
4139.95000,-0.36848,2.95290,0.10105
4140.00000,-0.35853,2.95380,0.07834
4140.05000,-0.34887,2.95443,0.05375
4140.10000,-0.33898,2.95483,0.02947
4140.15000,-0.32917,2.95500,0.00470
4140.20000,-0.31917,2.95492,-0.01990
4140.25000,-0.30918,2.95460,-0.04474
4140.30000,-0.29919,2.95403,-0.06989
4140.35000,-0.28923,2.95320,-0.09545
4140.40000,-0.27928,2.95212,-0.12106
4140.45000,-0.26937,2.95078,-0.14712
4140.50000,-0.25950,2.94919,-0.17336
4140.55000,-0.24968,2.94733,-0.20003
4140.60000,-0.24019,2.94528,-0.22841
4140.65000,-0.23122,2.94303,-0.25890
4140.70000,-0.22234,2.94052,-0.29001
4140.75000,-0.21355,2.93772,-0.32137
4140.80000,-0.20487,2.93466,-0.35333
4140.85000,-0.19629,2.93131,-0.38535
4140.90000,-0.18759,2.92760,-0.41708
4140.95000,-0.17915,2.92369,-0.44931
4141.00000,-0.17073,2.91945,-0.48158
4141.05000,-0.16240,2.91490,-0.51343
4141.10000,-0.15428,2.91014,-0.54595
4141.15000,-0.14770,2.90602,-0.58077
4141.20000,-0.14419,2.90362,-0.62581
4141.25000,-0.14318,2.90287,-0.68307
4141.30000,-0.14311,2.90281,-0.74533
4141.35000,-0.14306,2.90275,-0.80776
4141.40000,-0.14300,2.90269,-0.87027
4141.45000,-0.14295,2.90263,-0.93263
4141.50000,-0.14291,2.90256,-0.99477
4141.55000,-0.14287,2.90250,-1.05667
4141.60000,-0.14283,2.90243,-1.11830
4141.65000,-0.14280,2.90236,-1.17959
4141.70000,-0.14277,2.90228,-1.24053
4141.75000,-0.14275,2.90221,-1.30109
4141.80000,-0.14273,2.90213,-1.36124
4141.85000,-0.14272,2.90205,-1.42097
4141.90000,-0.14271,2.90198,-1.48026
4141.95000,-0.14270,2.90190,-1.53910
4142.00000,-0.14270,2.90182,-1.59747
4142.05000,-0.14271,2.90174,-1.65536
4142.10000,-0.14271,2.90166,-1.71275
4142.15000,-0.14273,2.90159,-1.76962
4142.20000,-0.14275,2.90151,-1.82598
4142.25000,-0.14277,2.90143,-1.88181
4142.30000,-0.14279,2.90136,-1.93709
4142.35000,-0.14282,2.90129,-1.99181
4142.40000,-0.14286,2.90122,-2.04596
4142.45000,-0.14290,2.90115,-2.09952
4142.50000,-0.14294,2.90108,-2.15249
4142.55000,-0.14298,2.90102,-2.20485
4142.60000,-0.14303,2.90096,-2.25660
4142.65000,-0.14308,2.90090,-2.30772
4142.70000,-0.14313,2.90084,-2.35821
4142.75000,-0.14319,2.90079,-2.40806
4142.80000,-0.14325,2.90074,-2.45726
4142.85000,-0.14331,2.90069,-2.50580
4142.90000,-0.14338,2.90064,-2.55368
4142.95000,-0.14344,2.90060,-2.60088
4143.00000,-0.14351,2.90056,-2.64740
4143.05000,-0.14358,2.90053,-2.69325
4143.10000,-0.14365,2.90050,-2.73840
4143.15000,-0.14372,2.90047,-2.78286
4143.20000,-0.14379,2.90044,-2.82662
4143.25000,-0.14387,2.90042,-2.86967
4143.30000,-0.14394,2.90040,-2.91202
4143.35000,-0.14402,2.90038,-2.95366
4143.40000,-0.14410,2.90037,-2.99459
4143.45000,-0.14417,2.90036,-3.03480
4143.50000,-0.14425,2.90035,-3.07430
4143.55000,-0.14619,2.90019,-3.11331
4143.60000,-0.15291,2.90012,3.13232
4143.65000,-0.16245,2.90039,3.09559
4143.70000,-0.17243,2.90104,3.05845
4143.75000,-0.18238,2.90205,3.02138
4143.80000,-0.19220,2.90315,2.98999
4143.85000,-0.20184,2.90409,2.96731
4143.90000,-0.21134,2.90491,2.95156
4143.95000,-0.22062,2.90637,2.95180
4144.00000,-0.23044,2.90819,2.96634
4144.05000,-0.24002,2.90982,2.98037
4144.10000,-0.24972,2.91132,2.99511
4144.15000,-0.25955,2.91269,3.00945
4144.20000,-0.26960,2.91395,3.02403
4144.25000,-0.27949,2.91503,3.04033
4144.30000,-0.28905,2.91593,3.05646
4144.35000,-0.29908,2.91669,3.07303
4144.40000,-0.30923,2.91729,3.09268
4144.45000,-0.31923,2.91768,3.11018
4144.50000,-0.32964,2.91790,3.12978
4144.55000,-0.34013,2.91793,-3.13356
4144.60000,-0.35064,2.91774,-3.11270
4144.65000,-0.36089,2.91735,-3.09201
4144.70000,-0.37065,2.91690,-3.08080
4144.75000,-0.38017,2.91662,-3.08999
4144.80000,-0.38856,2.91656,-3.11868
4144.85000,-0.39444,2.91657,3.11650
4144.90000,-0.39871,2.91665,3.06732
4144.95000,-0.40298,2.91692,3.03462
4145.00000,-0.40783,2.91767,3.02797
4145.05000,-0.41479,2.91866,3.03754
4145.10000,-0.42439,2.91957,3.06103
4145.15000,-0.43412,2.92023,3.08578
4145.20000,-0.44419,2.92067,3.11039
4145.25000,-0.45405,2.92086,3.13456
4145.30000,-0.46343,2.92081,-3.12383
4145.35000,-0.47278,2.92053,-3.09775
4145.40000,-0.48205,2.92010,-3.07935
4145.45000,-0.49108,2.91979,-3.08120
4145.50000,-0.49993,2.91963,-3.10036
4145.55000,-0.50867,2.91956,-3.12904
4145.60000,-0.51714,2.91956,3.11122
4145.65000,-0.52284,2.91963,3.06402
4145.70000,-0.52792,2.91990,3.02782
4145.75000,-0.53349,2.92069,3.01710
4145.80000,-0.53939,2.92178,3.02426
4145.85000,-0.54769,2.92288,3.04674
4145.90000,-0.55758,2.92368,3.07745
4145.95000,-0.56710,2.92413,3.11306
4146.00000,-0.57612,2.92421,-3.13089
4146.05000,-0.58530,2.92392,-3.08863
4146.10000,-0.59499,2.92318,-3.04266
4146.15000,-0.60462,2.92198,-2.99260
4146.20000,-0.61444,2.92025,-2.94117
4146.25000,-0.62407,2.91802,-2.88809
4146.30000,-0.63352,2.91530,-2.83303
4146.35000,-0.64276,2.91206,-2.77651
4146.40000,-0.65179,2.90831,-2.71907
4146.45000,-0.66058,2.90405,-2.66091
4146.50000,-0.66928,2.89918,-2.60307
4146.55000,-0.67759,2.89388,-2.54447
4146.60000,-0.68539,2.88823,-2.48480
4146.65000,-0.69284,2.88212,-2.42499
4146.70000,-0.69974,2.87574,-2.36414
4146.75000,-0.70609,2.86908,-2.30248
4146.80000,-0.71217,2.86188,-2.24155
4146.85000,-0.71757,2.85462,-2.17915
4146.90000,-0.72266,2.84680,-2.11779
4146.95000,-0.72690,2.83933,-2.05364
4147.00000,-0.73040,2.83208,-1.98739
4147.05000,-0.73344,2.82455,-1.92136
4147.10000,-0.73599,2.81677,-1.85551
4147.15000,-0.73805,2.80879,-1.78983
4147.20000,-0.73958,2.80066,-1.72428
4147.25000,-0.74058,2.79238,-1.65894
4147.30000,-0.74105,2.78400,-1.59383
4147.35000,-0.74097,2.77553,-1.52896
4147.40000,-0.74034,2.76702,-1.46435
4147.45000,-0.73915,2.75849,-1.40006
4147.50000,-0.73739,2.74996,-1.33612
4147.55000,-0.73508,2.74149,-1.27247
4147.60000,-0.73244,2.73380,-1.20640
4147.65000,-0.72929,2.72630,-1.14032
4147.70000,-0.72561,2.71895,-1.07453
4147.75000,-0.72143,2.71180,-1.00895
4147.80000,-0.71678,2.70491,-0.94352
4147.85000,-0.71169,2.69836,-0.87833
4147.90000,-0.70632,2.69230,-0.81393
4147.95000,-0.70075,2.68676,-0.75036
4148.00000,-0.69504,2.68176,-0.68762
4148.05000,-0.68926,2.67730,-0.62574
4148.10000,-0.68348,2.67339,-0.56472
4148.15000,-0.67775,2.67000,-0.50457
4148.20000,-0.67210,2.66709,-0.44534
4148.25000,-0.66656,2.66464,-0.38700
4148.30000,-0.66118,2.66263,-0.32956
4148.35000,-0.65598,2.66101,-0.27305
4148.40000,-0.65098,2.65976,-0.21746
4148.45000,-0.64617,2.65883,-0.16279
4148.50000,-0.64157,2.65820,-0.10905
4148.55000,-0.63723,2.65784,-0.05623
4148.60000,-0.63321,2.65772,-0.00430
4148.65000,-0.62950,2.65780,0.04672
4148.70000,-0.62597,2.65806,0.09729
4148.75000,-0.62262,2.65847,0.14741
4148.80000,-0.61978,2.65896,0.19568
4148.85000,-0.61721,2.65953,0.24299
4148.90000,-0.61488,2.66017,0.28937
4148.95000,-0.61000,2.66185,0.33223
4149.00000,-0.60185,2.66485,0.37171
4149.05000,-0.59286,2.66857,0.41431
4149.10000,-0.58376,2.67280,0.45730
4149.15000,-0.57467,2.67748,0.50018
4149.20000,-0.56552,2.68270,0.54343
4149.25000,-0.55674,2.68822,0.58510
4149.30000,-0.54784,2.69435,0.62767
4149.35000,-0.53983,2.70038,0.66635
4149.40000,-0.53209,2.70671,0.70410
4149.45000,-0.52462,2.71306,0.73440
4149.50000,-0.51732,2.71926,0.75261
4149.55000,-0.51014,2.72537,0.76011
4149.60000,-0.50299,2.73148,0.75727
4149.65000,-0.49577,2.73770,0.74320
4149.70000,-0.48835,2.74418,0.71532
4149.75000,-0.48070,2.75062,0.68417
4149.80000,-0.47285,2.75682,0.65279
4149.85000,-0.46481,2.76277,0.62080
4149.90000,-0.45659,2.76845,0.58860
4149.95000,-0.44882,2.77342,0.55290
4150.00000,-0.44099,2.77805,0.51669
4150.05000,-0.43300,2.78238,0.48004
4150.10000,-0.42486,2.78642,0.44328
4150.15000,-0.41657,2.79015,0.40670
4150.20000,-0.40815,2.79358,0.36983
4150.25000,-0.39963,2.79670,0.33270
4150.30000,-0.39099,2.79949,0.29559
4150.35000,-0.38225,2.80196,0.25867
4150.40000,-0.37343,2.80412,0.22191
4150.45000,-0.36452,2.80594,0.18527
4150.50000,-0.35555,2.80744,0.14907
4150.55000,-0.34653,2.80862,0.11273
4150.60000,-0.33747,2.80947,0.07652
4150.65000,-0.32839,2.80999,0.04040
4150.70000,-0.31929,2.81018,0.00444
4150.75000,-0.31018,2.81005,-0.03134
4150.80000,-0.30107,2.80959,-0.06661
4150.85000,-0.29199,2.80880,-0.10203
4150.90000,-0.28288,2.80770,-0.13676
4150.95000,-0.27372,2.80627,-0.17009
4151.00000,-0.26461,2.80454,-0.20399
4151.05000,-0.25546,2.80247,-0.23814
4151.10000,-0.24644,2.80013,-0.27193
4151.15000,-0.23763,2.79750,-0.30643
4151.20000,-0.22916,2.79477,-0.32919
4151.25000,-0.22056,2.79187,-0.33841
4151.30000,-0.21185,2.78884,-0.34073
4151.35000,-0.20310,2.78575,-0.33674
4151.40000,-0.19434,2.78262,-0.32077
4151.45000,-0.18554,2.77962,-0.28472
4151.50000,-0.17808,2.77762,-0.23343
4151.55000,-0.17320,2.77660,-0.17049
4151.60000,-0.17103,2.77630,-0.09618
4151.65000,-0.17029,2.77627,-0.02555
4151.70000,-0.17011,2.77630,0.02089
4151.75000,-0.17019,2.77638,0.03835
4151.80000,-0.16656,2.77662,0.03514
4151.85000,-0.15995,2.77683,0.01646
4151.90000,-0.15159,2.77687,-0.01089
4151.95000,-0.14239,2.77662,-0.04281
4152.00000,-0.13320,2.77608,-0.07432
4152.05000,-0.12402,2.77526,-0.10574
4152.10000,-0.11489,2.77414,-0.13797
4152.15000,-0.10581,2.77273,-0.17023
4152.20000,-0.09678,2.77102,-0.20256
4152.25000,-0.08775,2.76914,-0.22942
4152.30000,-0.07845,2.76694,-0.23972
4152.35000,-0.06879,2.76435,-0.23419
4152.40000,-0.05893,2.76153,-0.22077
4152.45000,-0.04882,2.75895,-0.19347
4152.50000,-0.03938,2.75730,-0.15058
4152.55000,-0.03195,2.75636,-0.09523
4152.60000,-0.02745,2.75622,-0.03824
4152.65000,-0.02363,2.75617,-0.00111
4152.70000,-0.02072,2.75621,0.01194
4152.75000,-0.01707,2.75629,0.00719
4152.80000,-0.01044,2.75627,-0.01321
4152.85000,-0.00163,2.75601,-0.04482
4152.90000,0.00748,2.75544,-0.07977
4152.95000,0.01656,2.75456,-0.11463
4153.00000,0.02532,2.75340,-0.15441
4153.05000,0.03453,2.75176,-0.19853
4153.10000,0.04332,2.74979,-0.24660
4153.15000,0.05159,2.74749,-0.29871
4153.20000,0.05980,2.74471,-0.35143
4153.25000,0.06787,2.74151,-0.40363
4153.30000,0.07577,2.73789,-0.45538
4153.35000,0.08359,2.73380,-0.50584
4153.40000,0.09181,2.72897,-0.55323
4153.45000,0.10016,2.72355,-0.59850
4153.50000,0.10777,2.71810,-0.64565
4153.55000,0.11480,2.71254,-0.69374
4153.60000,0.12141,2.70676,-0.74216
4153.65000,0.12775,2.70066,-0.78996
4153.70000,0.13381,2.69425,-0.83709
4153.75000,0.13958,2.68755,-0.88349
4153.80000,0.14503,2.68058,-0.92944
4153.85000,0.14905,2.67499,-0.97566
4153.90000,0.15074,2.67237,-1.02938
4153.95000,0.15118,2.67161,-1.09202
4154.00000,0.15124,2.67149,-1.15761
4154.05000,0.15128,2.67137,-1.22296
4154.10000,0.15132,2.67125,-1.28797
4154.15000,0.15136,2.67112,-1.35255
4154.20000,0.15138,2.67100,-1.41666
4154.25000,0.15139,2.67087,-1.48028
4154.30000,0.15140,2.67074,-1.54339
4154.35000,0.15140,2.67061,-1.60598
4154.40000,0.15139,2.67048,-1.66802
4154.45000,0.15138,2.67035,-1.72950
4154.50000,0.15135,2.67023,-1.79041
4154.55000,0.15132,2.67010,-1.85072
4154.60000,0.15128,2.66998,-1.91044
4154.65000,0.15123,2.66986,-1.96953
4154.70000,0.15118,2.66974,-2.02800
4154.75000,0.15112,2.66962,-2.08581
4154.80000,0.15105,2.66951,-2.14297
4154.85000,0.15098,2.66941,-2.19946
4154.90000,0.15090,2.66930,-2.25527
4154.95000,0.15082,2.66921,-2.31039
4155.00000,0.15073,2.66911,-2.36482
4155.05000,0.15063,2.66903,-2.41853
4155.10000,0.15053,2.66894,-2.47153
4155.15000,0.15043,2.66887,-2.52380
4155.20000,0.15032,2.66879,-2.57533
4155.25000,0.15021,2.66873,-2.62613
4155.30000,0.15010,2.66867,-2.67617
4155.35000,0.14998,2.66861,-2.72547
4155.40000,0.14986,2.66856,-2.77400
4155.45000,0.14974,2.66852,-2.82177
4155.50000,0.14962,2.66848,-2.86877
4155.55000,0.14949,2.66845,-2.91500
4155.60000,0.14936,2.66842,-2.96045
4155.65000,0.14924,2.66840,-3.00512
4155.70000,0.14911,2.66839,-3.04900
4155.75000,0.14898,2.66838,-3.09210
4155.80000,0.14885,2.66837,-3.13441
4155.85000,0.14699,2.66843,3.10675
4155.90000,0.14071,2.66883,3.06598
4155.95000,0.13228,2.66966,3.02381
4156.00000,0.12321,2.67095,2.98131
4156.05000,0.11424,2.67260,2.93948
4156.10000,0.10541,2.67461,2.89808
4156.15000,0.09649,2.67704,2.85815
4156.20000,0.08777,2.67978,2.81872
4156.25000,0.07919,2.68284,2.77996
4156.30000,0.07089,2.68593,2.74996
4156.35000,0.06263,2.68899,2.73041
4156.40000,0.05445,2.69200,2.72048
4156.45000,0.04634,2.69505,2.72018
4156.50000,0.03806,2.69868,2.72805
4156.55000,0.02891,2.70263,2.74034
4156.60000,0.01968,2.70648,2.75328
4156.65000,0.01032,2.71023,2.76640
4156.70000,0.00101,2.71383,2.77997
4156.75000,-0.00835,2.71730,2.79319
4156.80000,-0.01777,2.72064,2.80708
4156.85000,-0.02722,2.72385,2.82112
4156.90000,-0.03672,2.72692,2.83565
4156.95000,-0.04627,2.72986,2.85004
4157.00000,-0.05585,2.73266,2.86492
4157.05000,-0.06548,2.73531,2.87993
4157.10000,-0.07515,2.73782,2.89546
4157.15000,-0.08493,2.74019,2.91194
4157.20000,-0.09468,2.74238,2.92845
4157.25000,-0.10448,2.74442,2.94522
4157.30000,-0.11430,2.74628,2.96249
4157.35000,-0.12368,2.74760,2.96866
4157.40000,-0.13115,2.74835,2.96412
4157.45000,-0.13356,2.74840,2.94458
4157.50000,-0.13303,2.74829,2.91189
4157.55000,-0.13270,2.74822,2.87987
4157.60000,-0.13277,2.74824,2.84978
4157.65000,-0.13284,2.74828,2.82824
4157.70000,-0.13413,2.74874,2.81409
4157.75000,-0.13659,2.74959,2.80496
4157.80000,-0.14019,2.75088,2.80139
4157.85000,-0.14627,2.75327,2.80896
4157.90000,-0.15533,2.75645,2.82923
4157.95000,-0.16488,2.75942,2.85139
4158.00000,-0.17449,2.76217,2.87351
4158.05000,-0.18417,2.76471,2.89607
4158.10000,-0.19322,2.76663,2.90530
4158.15000,-0.20048,2.76765,2.89324
4158.20000,-0.20342,2.76806,2.85811
4158.25000,-0.20409,2.76827,2.80886
4158.30000,-0.20417,2.76830,2.75490
4158.35000,-0.20428,2.76839,2.71107
4158.40000,-0.20493,2.76895,2.68999
4158.45000,-0.20951,2.77131,2.69547
4158.50000,-0.21697,2.77479,2.71370
4158.55000,-0.22632,2.77891,2.73952
4158.60000,-0.23622,2.78295,2.76740
4158.65000,-0.24622,2.78672,2.79540
4158.70000,-0.25634,2.79021,2.82348
4158.75000,-0.26575,2.79293,2.84016
4158.80000,-0.27463,2.79514,2.83448
4158.85000,-0.28100,2.79680,2.80253
4158.90000,-0.28375,2.79780,2.75020
4158.95000,-0.28450,2.79813,2.68840
4159.00000,-0.28478,2.79830,2.63513
4159.05000,-0.28528,2.79875,2.60039
4159.10000,-0.28807,2.80056,2.60021
4159.15000,-0.29425,2.80424,2.61701
4159.20000,-0.30214,2.80870,2.64185
4159.25000,-0.31109,2.81343,2.67014
4159.30000,-0.31977,2.81769,2.70026
4159.35000,-0.32819,2.82152,2.73022
4159.40000,-0.33672,2.82508,2.76072
4159.45000,-0.34536,2.82856,2.78198
4159.50000,-0.35395,2.83193,2.78304
4159.55000,-0.36147,2.83475,2.75946
4159.60000,-0.36586,2.83659,2.71296
4159.65000,-0.36779,2.83752,2.65458
4159.70000,-0.36862,2.83800,2.59126
4159.75000,-0.36943,2.83853,2.53796
4159.80000,-0.37072,2.83960,2.51286
4159.85000,-0.37264,2.84127,2.51793
4159.90000,-0.37717,2.84458,2.53688
4159.95000,-0.38367,2.84894,2.56710
4160.00000,-0.39058,2.85323,2.60582
4160.05000,-0.39912,2.85812,2.64602
4160.10000,-0.40773,2.86255,2.68856
4160.15000,-0.41654,2.86664,2.73283
4160.20000,-0.42575,2.87042,2.77676
4160.25000,-0.43524,2.87383,2.82045
4160.30000,-0.44401,2.87652,2.86688
4160.35000,-0.45164,2.87847,2.92063
4160.40000,-0.45767,2.87963,2.98478
4160.45000,-0.46341,2.88037,3.04099
4160.50000,-0.46898,2.88086,3.06943
4160.55000,-0.47396,2.88077,3.06996
4160.60000,-0.47880,2.88093,3.04666
4160.65000,-0.48432,2.88157,3.00536
4160.70000,-0.49115,2.88267,2.95903
4160.75000,-0.49891,2.88431,2.90936
4160.80000,-0.50688,2.88642,2.85589
4160.85000,-0.51458,2.88892,2.79831
4160.90000,-0.52214,2.89154,2.74857
4160.95000,-0.52963,2.89412,2.71314
4161.00000,-0.53730,2.89693,2.69115
4161.05000,-0.54497,2.89973,2.67262
4161.10000,-0.55268,2.90261,2.66380
4161.15000,-0.56064,2.90580,2.67907
4161.20000,-0.56872,2.90917,2.70965
4161.25000,-0.57624,2.91239,2.75714
4161.30000,-0.58271,2.91481,2.81549
4161.35000,-0.58986,2.91699,2.87501
4161.40000,-0.59696,2.91869,2.93786
4161.45000,-0.60423,2.91994,3.00233
4161.50000,-0.61150,2.92072,3.06839
4161.55000,-0.61862,2.92100,3.13609
4161.60000,-0.62559,2.92100,-3.08691
4161.65000,-0.63256,2.92095,-3.04235
4161.70000,-0.63790,2.92073,-3.01949
4161.75000,-0.64075,2.92037,-2.98412
4161.80000,-0.64344,2.91987,-2.93322
4161.85000,-0.64738,2.91892,-2.87671
4161.90000,-0.65242,2.91738,-2.81730
4161.95000,-0.65775,2.91540,-2.75425
4162.00000,-0.66363,2.91278,-2.69033
4162.05000,-0.66973,2.90957,-2.62550
4162.10000,-0.67577,2.90588,-2.55961
4162.15000,-0.68177,2.90164,-2.49343
4162.20000,-0.68731,2.89713,-2.42561
4162.25000,-0.69260,2.89220,-2.35747
4162.30000,-0.69788,2.88657,-2.29074
4162.35000,-0.70277,2.88060,-2.22364
4162.40000,-0.70696,2.87471,-2.15456
4162.45000,-0.71080,2.86843,-2.08577
4162.50000,-0.71399,2.86231,-2.01515
4162.55000,-0.71627,2.85705,-1.94009
4162.60000,-0.71779,2.85261,-1.86095
4162.65000,-0.71895,2.84808,-1.78163
4162.70000,-0.71974,2.84348,-1.70212
4162.75000,-0.72017,2.83887,-1.62243
4162.80000,-0.72022,2.83425,-1.54261
4162.85000,-0.71991,2.82967,-1.46267
4162.90000,-0.71923,2.82514,-1.38264
4162.95000,-0.71820,2.82070,-1.30252
4163.00000,-0.71681,2.81636,-1.22235
4163.05000,-0.71509,2.81215,-1.14214
4163.10000,-0.71304,2.80810,-1.06190
4163.15000,-0.71067,2.80423,-0.98166
4163.20000,-0.70799,2.80056,-0.90142
4163.25000,-0.70503,2.79711,-0.82121
4163.30000,-0.70179,2.79389,-0.74104
4163.35000,-0.69829,2.79094,-0.66093
4163.40000,-0.69454,2.78826,-0.58091
4163.45000,-0.69057,2.78588,-0.50100
4163.50000,-0.68651,2.78386,-0.42172
4163.55000,-0.68254,2.78226,-0.34374
4163.60000,-0.67870,2.78105,-0.26713
4163.65000,-0.67502,2.78018,-0.19187
4163.70000,-0.67152,2.77964,-0.11797
4163.75000,-0.66823,2.77937,-0.04542
4163.80000,-0.66513,2.77934,0.02576
4163.85000,-0.66225,2.77951,0.09560
4163.90000,-0.65957,2.77986,0.16408
4163.95000,-0.65701,2.78037,0.23126
4164.00000,-0.65455,2.78104,0.29713
4164.05000,-0.65220,2.78184,0.36171
4164.10000,-0.64997,2.78277,0.42501
4164.15000,-0.64782,2.78374,0.47713
4164.20000,-0.64541,2.78500,0.51621
4164.25000,-0.64232,2.78680,0.54880
4164.30000,-0.63870,2.78911,0.56476
4164.35000,-0.63216,2.79333,0.56281
4164.40000,-0.62386,2.79848,0.54992
4164.45000,-0.61545,2.80355,0.53588
4164.50000,-0.60712,2.80842,0.52098
4164.55000,-0.59875,2.81312,0.50492
4164.60000,-0.59013,2.81778,0.48883
4164.65000,-0.58166,2.82218,0.47104
4164.70000,-0.57312,2.82644,0.45266
4164.75000,-0.56452,2.83053,0.43365
4164.80000,-0.55584,2.83444,0.41432
4164.85000,-0.54712,2.83818,0.39371
4164.90000,-0.53834,2.84172,0.37272
4164.95000,-0.52949,2.84507,0.35123
4165.00000,-0.52059,2.84822,0.32880
4165.05000,-0.51163,2.85116,0.30588
4165.10000,-0.50261,2.85389,0.28283
4165.15000,-0.49354,2.85641,0.25952
4165.20000,-0.48443,2.85872,0.23554
4165.25000,-0.47526,2.86080,0.21169
4165.30000,-0.46606,2.86266,0.18687
4165.35000,-0.45683,2.86429,0.16205
4165.40000,-0.44756,2.86568,0.13682
4165.45000,-0.43827,2.86684,0.11142
4165.50000,-0.42895,2.86776,0.08587
4165.55000,-0.41963,2.86844,0.05985
4165.60000,-0.41027,2.86889,0.03414
4165.65000,-0.40093,2.86908,0.00779
4165.70000,-0.39158,2.86903,-0.01823
4165.75000,-0.38226,2.86874,-0.04512
4165.80000,-0.37293,2.86819,-0.07136
4165.85000,-0.36363,2.86740,-0.09779
4165.90000,-0.35435,2.86637,-0.12444
4165.95000,-0.34511,2.86509,-0.15110
4166.00000,-0.33590,2.86356,-0.17774
4166.05000,-0.32673,2.86179,-0.20415
4166.10000,-0.31762,2.85977,-0.23077
4166.15000,-0.30858,2.85752,-0.25824
4166.20000,-0.29961,2.85503,-0.28575
4166.25000,-0.29073,2.85228,-0.31381
4166.30000,-0.28193,2.84930,-0.34214
4166.35000,-0.27323,2.84606,-0.37075
4166.40000,-0.26448,2.84258,-0.39099
4166.45000,-0.25543,2.83883,-0.38700
4166.50000,-0.24832,2.83614,-0.35591
4166.55000,-0.24515,2.83504,-0.30088
4166.60000,-0.24369,2.83463,-0.23585
4166.65000,-0.24346,2.83458,-0.16537
4166.70000,-0.24340,2.83460,-0.10473
4166.75000,-0.24384,2.83470,-0.07315
4166.80000,-0.24342,2.83457,-0.05864
4166.85000,-0.24074,2.83430,-0.05637
4166.90000,-0.23534,2.83381,-0.06785
4166.95000,-0.22696,2.83309,-0.09456
4167.00000,-0.21780,2.83208,-0.12625
4167.05000,-0.20868,2.83077,-0.15724
4167.10000,-0.19962,2.82919,-0.18902
4167.15000,-0.19060,2.82731,-0.22061
4167.20000,-0.18166,2.82516,-0.25274
4167.25000,-0.17279,2.82272,-0.28489
4167.30000,-0.16402,2.81999,-0.31724
4167.35000,-0.15534,2.81698,-0.34996
4167.40000,-0.14678,2.81370,-0.38302
4167.45000,-0.13824,2.81023,-0.40992
4167.50000,-0.12943,2.80643,-0.41972
4167.55000,-0.12027,2.80226,-0.41431
4167.60000,-0.11100,2.79799,-0.39316
4167.65000,-0.10230,2.79456,-0.35457
4167.70000,-0.09557,2.79225,-0.30193
4167.75000,-0.09147,2.79110,-0.23691
4167.80000,-0.09010,2.79081,-0.16028
4167.85000,-0.08991,2.79078,-0.07899
4167.90000,-0.08982,2.79079,-0.00695
4167.95000,-0.08967,2.79083,0.05010
4168.00000,-0.08932,2.79111,0.09189
4168.05000,-0.08885,2.79152,0.12124
4168.10000,-0.08837,2.79197,0.14230
4168.15000,-0.08784,2.79249,0.15555
4168.20000,-0.08708,2.79305,0.16152
4168.25000,-0.08534,2.79364,0.16209
4168.30000,-0.08254,2.79430,0.15715
4168.35000,-0.07854,2.79509,0.14636
4168.40000,-0.07316,2.79605,0.12965
4168.45000,-0.06605,2.79724,0.10616
4168.50000,-0.05659,2.79812,0.07225
4168.55000,-0.04661,2.79867,0.03666
4168.60000,-0.03661,2.79885,0.00051
4168.65000,-0.02661,2.79868,-0.03555
4168.70000,-0.01663,2.79814,-0.07258
4168.75000,-0.00668,2.79722,-0.11108
4168.80000,0.00324,2.79592,-0.14921
4168.85000,0.01299,2.79426,-0.18958
4168.90000,0.02216,2.79231,-0.23336
4168.95000,0.03074,2.79005,-0.28162
4169.00000,0.03921,2.78738,-0.33319
4169.05000,0.04742,2.78428,-0.38803
4169.10000,0.05578,2.78060,-0.44357
4169.15000,0.06443,2.77619,-0.49836
4169.20000,0.07308,2.77117,-0.55162
4169.25000,0.08146,2.76571,-0.60424
4169.30000,0.08953,2.75982,-0.65638
4169.35000,0.09729,2.75352,-0.70762
4169.40000,0.10472,2.74683,-0.75851
4169.45000,0.11181,2.73977,-0.80843
4169.50000,0.11853,2.73237,-0.85796
4169.55000,0.12488,2.72465,-0.90666
4169.60000,0.13085,2.71663,-0.95494
4169.65000,0.13643,2.70833,-1.00253
4169.70000,0.14034,2.70190,-1.05203
4169.75000,0.14208,2.69865,-1.11093
4169.80000,0.14276,2.69718,-1.17789
4169.85000,0.14288,2.69689,-1.24989
4169.90000,0.14291,2.69677,-1.32220
4169.95000,0.14294,2.69665,-1.39392
4170.00000,0.14295,2.69653,-1.46503
4170.05000,0.14296,2.69640,-1.53550
4170.10000,0.14296,2.69628,-1.60531
4170.15000,0.14295,2.69616,-1.67446
4170.20000,0.14294,2.69603,-1.74292
4170.25000,0.14291,2.69591,-1.81068
4170.30000,0.14288,2.69579,-1.87772
4170.35000,0.14284,2.69568,-1.94403
4170.40000,0.14279,2.69556,-2.00960
4170.45000,0.14273,2.69545,-2.07441
4170.50000,0.14267,2.69535,-2.13845
4170.55000,0.14260,2.69524,-2.20171
4170.60000,0.14252,2.69515,-2.26418
4170.65000,0.14244,2.69505,-2.32584
4170.70000,0.14235,2.69497,-2.38670
4170.75000,0.14226,2.69488,-2.44673
4170.80000,0.14216,2.69481,-2.50593
4170.85000,0.14206,2.69474,-2.56429
4170.90000,0.14196,2.69467,-2.62180
4170.95000,0.14185,2.69462,-2.67846
4171.00000,0.14173,2.69456,-2.73425
4171.05000,0.14162,2.69452,-2.78918
4171.10000,0.14150,2.69448,-2.84323
4171.15000,0.14138,2.69445,-2.89641
4171.20000,0.14126,2.69442,-2.94870
4171.25000,0.14114,2.69440,-3.00010
4171.30000,0.14102,2.69438,-3.05061
4171.35000,0.14090,2.69438,-3.10023
4171.40000,0.14077,2.69437,3.13423
4171.45000,0.14065,2.69438,3.08641
4171.50000,0.14053,2.69439,3.03948
4171.55000,0.13845,2.69483,2.99340
4171.60000,0.13150,2.69607,2.95226
4171.65000,0.12391,2.69754,2.92241
4171.70000,0.11645,2.69906,2.90796
4171.75000,0.10699,2.70136,2.90927
4171.80000,0.09726,2.70364,2.91337
4171.85000,0.08751,2.70589,2.91742
4171.90000,0.07776,2.70809,2.92198
4171.95000,0.06797,2.71024,2.92716
4172.00000,0.05820,2.71235,2.93258
4172.05000,0.04843,2.71439,2.93820
4172.10000,0.03864,2.71637,2.94455
4172.15000,0.02880,2.71830,2.95211
4172.20000,0.01897,2.72014,2.95956
4172.25000,0.00914,2.72191,2.96736
4172.30000,-0.00070,2.72360,2.97541
4172.35000,-0.01062,2.72521,2.98432
4172.40000,-0.02065,2.72674,2.99407
4172.45000,-0.03061,2.72817,3.00370
4172.50000,-0.04060,2.72950,3.01405
4172.55000,-0.04991,2.73048,3.01262
4172.60000,-0.05646,2.73093,2.99329
4172.65000,-0.05995,2.73125,2.96011
4172.70000,-0.06123,2.73150,2.91641
4172.75000,-0.06131,2.73154,2.87807
4172.80000,-0.06284,2.73221,2.85693
4172.85000,-0.06730,2.73388,2.84926
4172.90000,-0.07290,2.73579,2.84685
4172.95000,-0.08032,2.73831,2.85249
4173.00000,-0.08973,2.74114,2.86621
4173.05000,-0.09962,2.74386,2.88221
4173.10000,-0.10958,2.74641,2.89859
4173.15000,-0.11969,2.74882,2.91581
4173.20000,-0.12982,2.75105,2.93371
4173.25000,-0.13911,2.75265,2.93973
4173.30000,-0.14722,2.75323,2.92201
4173.35000,-0.15263,2.75337,2.88255
4173.40000,-0.15493,2.75371,2.82814
4173.45000,-0.15536,2.75386,2.76477
4173.50000,-0.15549,2.75393,2.71068
4173.55000,-0.15589,2.75431,2.67828
4173.60000,-0.15911,2.75614,2.67165
4173.65000,-0.16646,2.75984,2.68371
4173.70000,-0.17570,2.76428,2.70385
4173.75000,-0.18529,2.76864,2.72515
4173.80000,-0.19495,2.77278,2.74614
4173.85000,-0.20460,2.77669,2.76752
4173.90000,-0.21445,2.78043,2.78940
4173.95000,-0.22408,2.78384,2.81081
4174.00000,-0.23377,2.78702,2.83476
4174.05000,-0.24264,2.78962,2.84600
4174.10000,-0.25103,2.79187,2.83504
4174.15000,-0.25685,2.79348,2.79899
4174.20000,-0.25976,2.79460,2.74190
4174.25000,-0.26096,2.79515,2.67583
4174.30000,-0.26146,2.79543,2.61766
4174.35000,-0.26208,2.79588,2.57778
4174.40000,-0.26454,2.79760,2.56989
4174.45000,-0.27075,2.80157,2.58285
4174.50000,-0.27866,2.80644,2.60502
4174.55000,-0.28678,2.81114,2.62960
4174.60000,-0.29501,2.81563,2.65451
4174.65000,-0.30335,2.81991,2.67968
4174.70000,-0.31178,2.82397,2.70528
4174.75000,-0.32030,2.82781,2.73135
4174.80000,-0.32891,2.83143,2.75776
4174.85000,-0.33753,2.83479,2.77170
4174.90000,-0.34571,2.83765,2.76509
4174.95000,-0.35295,2.84045,2.73601
4175.00000,-0.35878,2.84309,2.69157
4175.05000,-0.36214,2.84482,2.63521
4175.10000,-0.36381,2.84565,2.58257
4175.15000,-0.36563,2.84668,2.54678
4175.20000,-0.36801,2.84837,2.53960
4175.25000,-0.37214,2.85125,2.55470
4175.30000,-0.37820,2.85537,2.58279
4175.35000,-0.38613,2.86017,2.61650
4175.40000,-0.39486,2.86502,2.65293
4175.45000,-0.40375,2.86953,2.69158
4175.50000,-0.41282,2.87368,2.73213
4175.55000,-0.42207,2.87748,2.77249
4175.60000,-0.43146,2.88089,2.81285
4175.65000,-0.44098,2.88392,2.85371
4175.70000,-0.45062,2.88657,2.89404
4175.75000,-0.46036,2.88882,2.93461
4175.80000,-0.47018,2.89067,2.97630
4175.85000,-0.48005,2.89211,3.01644
4175.90000,-0.48998,2.89315,3.05720
4175.95000,-0.49951,2.89373,3.08511
4176.00000,-0.50847,2.89387,3.08971
4176.05000,-0.51666,2.89384,3.07084
4176.10000,-0.52184,2.89407,3.02609
4176.15000,-0.52515,2.89454,2.96617
4176.20000,-0.52822,2.89506,2.91475
4176.25000,-0.53121,2.89552,2.87348
4176.30000,-0.53435,2.89616,2.84454
4176.35000,-0.53780,2.89717,2.83511
4176.40000,-0.54121,2.89814,2.82761
4176.45000,-0.54458,2.89907,2.82160
4176.50000,-0.54790,2.89996,2.81691
4176.55000,-0.55127,2.90090,2.81550
4176.60000,-0.55468,2.90191,2.82193
4176.65000,-0.55819,2.90305,2.84071
4176.70000,-0.56214,2.90443,2.87470
4176.75000,-0.56874,2.90621,2.92172
4176.80000,-0.57658,2.90774,2.97558
4176.85000,-0.58519,2.90894,3.03052
4176.90000,-0.59371,2.90964,3.08863
4176.95000,-0.60187,2.90982,-3.13314
4177.00000,-0.60938,2.90952,-3.06799
4177.05000,-0.61693,2.90871,-3.00213
4177.10000,-0.62444,2.90740,-2.93570
4177.15000,-0.63198,2.90556,-2.86928
4177.20000,-0.63951,2.90319,-2.80301
4177.25000,-0.64698,2.90028,-2.73693
4177.30000,-0.65435,2.89683,-2.67119
4177.35000,-0.66156,2.89286,-2.60565
4177.40000,-0.66857,2.88838,-2.54040
4177.45000,-0.67533,2.88342,-2.47533
4177.50000,-0.68186,2.87793,-2.41077
4177.55000,-0.68804,2.87202,-2.34630
4177.60000,-0.69389,2.86565,-2.28215
4177.65000,-0.69939,2.85884,-2.21842
4177.70000,-0.70446,2.85168,-2.15475
4177.75000,-0.70907,2.84419,-2.09119
4177.80000,-0.71256,2.83762,-2.02258
4177.85000,-0.71463,2.83293,-1.94524
4177.90000,-0.71581,2.82956,-1.86191
4177.95000,-0.71646,2.82700,-1.77488
4178.00000,-0.71689,2.82433,-1.68786
4178.05000,-0.71710,2.82150,-1.60122
4178.10000,-0.71706,2.81853,-1.51501
4178.15000,-0.71675,2.81543,-1.42926
4178.20000,-0.71615,2.81223,-1.34398
4178.25000,-0.71525,2.80897,-1.25921
4178.30000,-0.71403,2.80566,-1.17497
4178.35000,-0.71251,2.80241,-1.09161
4178.40000,-0.71074,2.79932,-1.00943
4178.45000,-0.70874,2.79641,-0.92845
4178.50000,-0.70653,2.79369,-0.84867
4178.55000,-0.70413,2.79117,-0.77012
4178.60000,-0.70159,2.78889,-0.69279
4178.65000,-0.69891,2.78683,-0.61670
4178.70000,-0.69612,2.78501,-0.54185
4178.75000,-0.69326,2.78343,-0.46826
4178.80000,-0.69035,2.78208,-0.39591
4178.85000,-0.68741,2.78097,-0.32481
4178.90000,-0.68445,2.78009,-0.25497
4178.95000,-0.68151,2.77943,-0.18638
4179.00000,-0.67859,2.77898,-0.11905
4179.05000,-0.67572,2.77874,-0.05298
4179.10000,-0.67291,2.77868,0.01185
4179.15000,-0.67016,2.77880,0.07542
4179.20000,-0.66749,2.77908,0.13775
4179.25000,-0.66491,2.77952,0.19883
4179.30000,-0.66241,2.78010,0.25866
4179.35000,-0.65764,2.78162,0.31408
4179.40000,-0.64998,2.78432,0.36410
4179.45000,-0.64176,2.78770,0.41594
4179.50000,-0.63322,2.79175,0.46895
4179.55000,-0.62474,2.79600,0.51406
4179.60000,-0.61652,2.80009,0.53541
4179.65000,-0.60861,2.80463,0.52796
4179.70000,-0.60022,2.80945,0.51509
4179.75000,-0.59178,2.81416,0.50171
4179.80000,-0.58331,2.81872,0.48722
4179.85000,-0.57479,2.82315,0.47172
4179.90000,-0.56620,2.82744,0.45539
4179.95000,-0.55755,2.83159,0.43864
4180.00000,-0.54887,2.83557,0.42120
4180.05000,-0.54013,2.83938,0.40236
4180.10000,-0.53134,2.84302,0.38305
4180.15000,-0.52248,2.84649,0.36308
4180.20000,-0.51358,2.84977,0.34266
4180.25000,-0.50461,2.85286,0.32164
4180.30000,-0.49558,2.85576,0.30050
4180.35000,-0.48650,2.85847,0.27906
4180.40000,-0.47740,2.86097,0.25645
4180.45000,-0.46826,2.86325,0.23354
4180.50000,-0.45908,2.86532,0.21019
4180.55000,-0.44986,2.86718,0.18695
4180.60000,-0.44060,2.86882,0.16264
4180.65000,-0.43130,2.87023,0.13834
4180.70000,-0.42198,2.87141,0.11348
4180.75000,-0.41264,2.87236,0.08849
4180.80000,-0.40328,2.87307,0.06355
4180.85000,-0.39391,2.87355,0.03827
4180.90000,-0.38453,2.87379,0.01285
4180.95000,-0.37517,2.87379,-0.01305
4181.00000,-0.36581,2.87355,-0.03877
4181.05000,-0.35647,2.87306,-0.06452
4181.10000,-0.34715,2.87234,-0.09051
4181.15000,-0.33785,2.87137,-0.11653
4181.20000,-0.32857,2.87017,-0.14222
4181.25000,-0.31933,2.86872,-0.16807
4181.30000,-0.31013,2.86704,-0.19394
4181.35000,-0.30098,2.86512,-0.22012
4181.40000,-0.29190,2.86296,-0.24679
4181.45000,-0.28289,2.86056,-0.27387
4181.50000,-0.27396,2.85791,-0.30136
4181.55000,-0.26511,2.85503,-0.32918
4181.60000,-0.25637,2.85189,-0.35756
4181.65000,-0.24772,2.84852,-0.38627
4181.70000,-0.23918,2.84490,-0.41534
4181.75000,-0.23060,2.84104,-0.43609
4181.80000,-0.22178,2.83690,-0.44103
4181.85000,-0.21283,2.83261,-0.42877
4181.90000,-0.20486,2.82908,-0.40148
4181.95000,-0.19931,2.82683,-0.36253
4182.00000,-0.19640,2.82580,-0.31178
4182.05000,-0.19587,2.82564,-0.25088
4182.10000,-0.19565,2.82559,-0.18885
4182.15000,-0.19542,2.82557,-0.13681
4182.20000,-0.19538,2.82562,-0.10617
4182.25000,-0.19392,2.82531,-0.09655
4182.30000,-0.18941,2.82463,-0.10112
4182.35000,-0.18197,2.82366,-0.12061
4182.40000,-0.17282,2.82239,-0.14986
4182.45000,-0.16364,2.82084,-0.17918
4182.50000,-0.15454,2.81903,-0.20892
4182.55000,-0.14547,2.81695,-0.23868
4182.60000,-0.13648,2.81460,-0.26880
4182.65000,-0.12759,2.81199,-0.29930
4182.70000,-0.11863,2.80906,-0.32964
4182.75000,-0.11002,2.80610,-0.34912
4182.80000,-0.10150,2.80317,-0.36023
4182.85000,-0.09300,2.80027,-0.36924
4182.90000,-0.08451,2.79737,-0.37690
4182.95000,-0.07601,2.79445,-0.38280
4183.00000,-0.06718,2.79112,-0.36488
4183.05000,-0.06033,2.78889,-0.32717
4183.10000,-0.05838,2.78828,-0.27106
4183.15000,-0.05813,2.78822,-0.20791
4183.20000,-0.05790,2.78818,-0.14505
4183.25000,-0.05765,2.78816,-0.09126
4183.30000,-0.05726,2.78803,-0.05899
4183.35000,-0.05588,2.78783,-0.04885
4183.40000,-0.05204,2.78749,-0.05260
4183.45000,-0.04529,2.78699,-0.06975
4183.50000,-0.03640,2.78622,-0.09896
4183.55000,-0.02724,2.78516,-0.13043
4183.60000,-0.01814,2.78382,-0.16253
4183.65000,-0.00922,2.78220,-0.19800
4183.70000,-0.00034,2.78024,-0.23419
4183.75000,0.00749,2.77822,-0.27777
4183.80000,0.01535,2.77576,-0.32712
4183.85000,0.02364,2.77272,-0.37775
4183.90000,0.03169,2.76928,-0.42844
4183.95000,0.03957,2.76544,-0.47845
4184.00000,0.04724,2.76122,-0.52804
4184.05000,0.05470,2.75662,-0.57741
4184.10000,0.06194,2.75165,-0.62621
4184.15000,0.06894,2.74632,-0.67424
4184.20000,0.07569,2.74066,-0.72167
4184.25000,0.08218,2.73467,-0.76853
4184.30000,0.08839,2.72838,-0.81474
4184.35000,0.09432,2.72180,-0.86076
4184.40000,0.10008,2.71508,-0.89927
4184.45000,0.10428,2.70981,-0.92338
4184.50000,0.10730,2.70574,-0.93802
4184.55000,0.11039,2.70155,-0.92747
4184.60000,0.11311,2.69802,-0.89017
4184.65000,0.11440,2.69649,-0.83363
4184.70000,0.11468,2.69619,-0.77013
4184.75000,0.11483,2.69608,-0.71736
4184.80000,0.11449,2.69654,-0.69423
4184.85000,0.11505,2.69611,-0.69802
4184.90000,0.11838,2.69325,-0.72041
4184.95000,0.12320,2.68887,-0.75376
4185.00000,0.12885,2.68335,-0.79316
4185.05000,0.13486,2.67697,-0.83661
4185.10000,0.14069,2.67023,-0.87996
4185.15000,0.14644,2.66316,-0.90893
4185.20000,0.15205,2.65595,-0.91284
4185.25000,0.15764,2.64879,-0.89765
4185.30000,0.16201,2.64349,-0.85618
4185.35000,0.16306,2.64229,-0.79955
4185.40000,0.16324,2.64212,-0.73846
4185.45000,0.16339,2.64202,-0.68967
4185.50000,0.16313,2.64239,-0.67207
4185.55000,0.16454,2.64126,-0.67901
4185.60000,0.16854,2.63795,-0.70379
4185.65000,0.17383,2.63331,-0.73689
4185.70000,0.17986,2.62761,-0.77584
4185.75000,0.18613,2.62120,-0.81690
4185.80000,0.19214,2.61453,-0.85760
4185.85000,0.19787,2.60775,-0.88259
4185.90000,0.20315,2.60132,-0.87905
4185.95000,0.20752,2.59617,-0.84873
4186.00000,0.21001,2.59343,-0.79664
4186.05000,0.21047,2.59297,-0.73796
4186.10000,0.21066,2.59281,-0.67795
4186.15000,0.21085,2.59269,-0.62974
4186.20000,0.21079,2.59290,-0.60654
4186.25000,0.21190,2.59213,-0.61019
4186.30000,0.21593,2.58925,-0.63253
4186.35000,0.22153,2.58500,-0.66484
4186.40000,0.22794,2.57977,-0.70329
4186.45000,0.23466,2.57383,-0.74407
4186.50000,0.24116,2.56760,-0.78416
4186.55000,0.24758,2.56118,-0.81554
4186.60000,0.25435,2.55427,-0.81991
4186.65000,0.26062,2.54769,-0.80005
4186.70000,0.26479,2.54352,-0.76201
4186.75000,0.26677,2.54170,-0.71357
4186.80000,0.26707,2.54145,-0.65611
4186.85000,0.26729,2.54129,-0.59828
4186.90000,0.26750,2.54118,-0.55225
4186.95000,0.26762,2.54123,-0.53374
4187.00000,0.26919,2.54027,-0.53752
4187.05000,0.27376,2.53743,-0.55878
4187.10000,0.27987,2.53346,-0.59089
4187.15000,0.28691,2.52854,-0.62853
4187.20000,0.29410,2.52309,-0.66800
4187.25000,0.30158,2.51695,-0.70399
4187.30000,0.30911,2.51056,-0.73279
4187.35000,0.31655,2.50419,-0.73970
4187.40000,0.32227,2.49910,-0.71587
4187.45000,0.32566,2.49626,-0.67617
4187.50000,0.32680,2.49537,-0.62446
4187.55000,0.32702,2.49522,-0.56815
4187.60000,0.32729,2.49507,-0.52427
4187.65000,0.32761,2.49496,-0.50962
4187.70000,0.33008,2.49352,-0.51667
4187.75000,0.33527,2.49047,-0.54050
4187.80000,0.34178,2.48641,-0.57237
4187.85000,0.34941,2.48129,-0.60811
4187.90000,0.35675,2.47595,-0.64572
4187.95000,0.36387,2.47035,-0.68344
4188.00000,0.37009,2.46506,-0.72811
4188.05000,0.37489,2.46066,-0.75858
4188.10000,0.37927,2.45659,-0.77253
4188.15000,0.38316,2.45290,-0.77550
4188.20000,0.38655,2.44963,-0.78518
4188.25000,0.39004,2.44630,-0.80701
4188.30000,0.39391,2.44231,-0.84404
4188.35000,0.39877,2.43658,-0.88914
4188.40000,0.40382,2.43003,-0.93810
4188.45000,0.40881,2.42285,-0.99009
4188.50000,0.41380,2.41478,-1.04266
4188.55000,0.41839,2.40640,-1.09740
4188.60000,0.42268,2.39741,-1.15225
4188.65000,0.42595,2.38968,-1.18354
4188.70000,0.42810,2.38427,-1.20783
4188.75000,0.42950,2.38047,-1.22291
4188.80000,0.43048,2.37782,-1.20521
4188.85000,0.43121,2.37600,-1.16424
4188.90000,0.43177,2.37475,-1.13732
4188.95000,0.43221,2.37382,-1.14607
4189.00000,0.43311,2.37179,-1.16818
4189.05000,0.43468,2.36800,-1.19692
4189.10000,0.43684,2.36222,-1.23526
4189.15000,0.43913,2.35511,-1.28125
4189.20000,0.44104,2.34832,-1.30482
4189.25000,0.44245,2.34289,-1.29656
4189.30000,0.44343,2.33941,-1.28862
4189.35000,0.44415,2.33673,-1.28444
4189.40000,0.44480,2.33425,-1.26815
4189.45000,0.44528,2.33238,-1.26079
4189.50000,0.44560,2.33140,-1.25664
4189.55000,0.44580,2.33069,-1.25391
4189.60000,0.44610,2.32972,-1.22246
4189.65000,0.44641,2.32855,-1.19083
4189.70000,0.44670,2.32742,-1.17691
4189.75000,0.44723,2.32616,-1.19257
4189.80000,0.44846,2.32300,-1.21902
4189.85000,0.45034,2.31760,-1.25399
4189.90000,0.45262,2.31012,-1.29662
4189.95000,0.45480,2.30163,-1.34314
4190.00000,0.45671,2.29237,-1.39205
4190.05000,0.45823,2.28255,-1.44239
4190.10000,0.45916,2.27413,-1.47078
4190.15000,0.45968,2.26698,-1.47002
4190.20000,0.46009,2.26019,-1.44591
4190.25000,0.46058,2.25547,-1.39749
4190.30000,0.46080,2.25428,-1.33855
4190.35000,0.46085,2.25406,-1.27589
4190.40000,0.46095,2.25384,-1.22376
4190.45000,0.46114,2.25358,-1.19312
4190.50000,0.46133,2.25338,-1.19815
4190.55000,0.46264,2.25043,-1.22294
4190.60000,0.46465,2.24460,-1.25757
4190.65000,0.46673,2.23767,-1.29942
4190.70000,0.46874,2.22972,-1.34554
4190.75000,0.47042,2.22134,-1.37661
4190.80000,0.47148,2.21489,-1.39484
4190.85000,0.47243,2.20878,-1.42789
4190.90000,0.47341,2.20090,-1.46632
4190.95000,0.47406,2.19364,-1.48740
4191.00000,0.47451,2.18695,-1.48142
4191.05000,0.47501,2.18117,-1.45308
4191.10000,0.47553,2.17704,-1.40583
4191.15000,0.47592,2.17495,-1.34737
4191.20000,0.47600,2.17467,-1.28076
4191.25000,0.47606,2.17449,-1.21296
4191.30000,0.47615,2.17430,-1.15557
4191.35000,0.47633,2.17409,-1.11719
4191.40000,0.47638,2.17409,-1.10883
4191.45000,0.47679,2.17357,-1.11788
4191.50000,0.47865,2.17005,-1.14527
4191.55000,0.48154,2.16337,-1.18231
4191.60000,0.48466,2.15526,-1.22352
4191.65000,0.48773,2.14618,-1.26794
4191.70000,0.49049,2.13657,-1.31334
4191.75000,0.49282,2.12685,-1.35821
4191.80000,0.49471,2.11703,-1.40348
4191.85000,0.49615,2.10713,-1.44843
4191.90000,0.49695,2.09876,-1.50035
4191.95000,0.49716,2.09373,-1.56282
4192.00000,0.49709,2.09083,-1.63345
4192.05000,0.49696,2.08945,-1.70962
4192.10000,0.49691,2.08914,-1.78913
4192.15000,0.49686,2.08897,-1.86815
4192.20000,0.49681,2.08881,-1.94590
4192.25000,0.49674,2.08866,-2.02237
4192.30000,0.49666,2.08851,-2.09757
4192.35000,0.49657,2.08837,-2.17152
4192.40000,0.49647,2.08823,-2.24423
4192.45000,0.49636,2.08811,-2.31572
4192.50000,0.49625,2.08799,-2.38599
4192.55000,0.49613,2.08788,-2.45506
4192.60000,0.49600,2.08778,-2.52295
4192.65000,0.49586,2.08769,-2.58968
4192.70000,0.49572,2.08761,-2.65524
4192.75000,0.49557,2.08754,-2.71967
4192.80000,0.49542,2.08748,-2.78297
4192.85000,0.49527,2.08743,-2.84515
4192.90000,0.49511,2.08738,-2.90624
4192.95000,0.49495,2.08735,-2.96623
4193.00000,0.49479,2.08733,-3.02514
4193.05000,0.49463,2.08731,-3.08299
4193.10000,0.49447,2.08731,-3.13978
4193.15000,0.49431,2.08731,3.08766
4193.20000,0.49415,2.08733,3.03295
4193.25000,0.49399,2.08735,2.97926
4193.30000,0.49383,2.08738,2.92660
4193.35000,0.49368,2.08742,2.87495
4193.40000,0.49352,2.08746,2.82429
4193.45000,0.49337,2.08752,2.77463
4193.50000,0.49323,2.08758,2.72595
4193.55000,0.49308,2.08764,2.67824
4193.60000,0.49294,2.08772,2.63149
4193.65000,0.49280,2.08780,2.58569
4193.70000,0.49084,2.08920,2.54120
4193.75000,0.48511,2.09330,2.50035
4193.80000,0.47863,2.09837,2.45525
4193.85000,0.47195,2.10412,2.40802
4193.90000,0.46553,2.11018,2.36132
4193.95000,0.45939,2.11655,2.31525
4194.00000,0.45353,2.12320,2.26981
4194.05000,0.44797,2.13012,2.22500
4194.10000,0.44272,2.13730,2.18084
4194.15000,0.43777,2.14471,2.13733
4194.20000,0.43314,2.15235,2.09450
4194.25000,0.42884,2.16019,2.05235
4194.30000,0.42485,2.16822,2.01093
4194.35000,0.42119,2.17642,1.97026
4194.40000,0.41786,2.18478,1.93038
4194.45000,0.41485,2.19328,1.89132
4194.50000,0.41216,2.20192,1.85314
4194.55000,0.40980,2.21067,1.81587
4194.60000,0.40776,2.21953,1.77955
4194.65000,0.40603,2.22848,1.74424
4194.70000,0.40460,2.23751,1.70997
4194.75000,0.40348,2.24661,1.67681
4194.80000,0.40266,2.25577,1.64478
4194.85000,0.40212,2.26508,1.62540
4194.90000,0.40164,2.27474,1.62477
4194.95000,0.40106,2.28455,1.64268
4195.00000,0.40023,2.29469,1.66686
4195.05000,0.39919,2.30432,1.69184
4195.10000,0.39794,2.31365,1.71608
4195.15000,0.39644,2.32318,1.74174
4195.20000,0.39467,2.33276,1.76778
4195.25000,0.39264,2.34233,1.79421
4195.30000,0.39031,2.35195,1.82160
4195.35000,0.38775,2.36151,1.84664
4195.40000,0.38494,2.37105,1.87064
4195.45000,0.38205,2.37998,1.89534
4195.50000,0.37895,2.38883,1.92046
4195.55000,0.37563,2.39759,1.94579
4195.60000,0.37209,2.40625,1.97130
4195.65000,0.36834,2.41483,1.99690
4195.70000,0.36436,2.42330,2.02229
4195.75000,0.36016,2.43167,2.04776
4195.80000,0.35576,2.43994,2.07325
4195.85000,0.35115,2.44808,2.09873
4195.90000,0.34633,2.45611,2.12418
4195.95000,0.34130,2.46402,2.14941
4196.00000,0.33608,2.47179,2.17502
4196.05000,0.33041,2.47977,2.20250
4196.10000,0.32440,2.48773,2.23106
4196.15000,0.31815,2.49552,2.25933
4196.20000,0.31167,2.50314,2.28738
4196.25000,0.30544,2.51026,2.30289
4196.30000,0.29908,2.51747,2.30689
4196.35000,0.29242,2.52493,2.29508
4196.40000,0.28614,2.53221,2.27262
4196.45000,0.27988,2.53971,2.25169
4196.50000,0.27818,2.54198,2.23014
4196.55000,0.27817,2.54202,2.20774
4196.60000,0.27809,2.54212,2.18579
4196.65000,0.27665,2.54360,2.16430
4196.70000,0.27197,2.55025,2.14382
4196.75000,0.26694,2.55816,2.13521
4196.80000,0.26227,2.56545,2.15051
4196.85000,0.25681,2.57358,2.17398
4196.90000,0.25118,2.58175,2.18918
4196.95000,0.24585,2.58960,2.19659
4197.00000,0.24215,2.59483,2.19958
4197.05000,0.23946,2.59855,2.19527
4197.10000,0.23794,2.60074,2.19064
4197.15000,0.23633,2.60300,2.20131
4197.20000,0.23322,2.60713,2.23104
4197.25000,0.22887,2.61252,2.26814
4197.30000,0.22341,2.61877,2.30988
4197.35000,0.21715,2.62533,2.35564
4197.40000,0.21010,2.63206,2.40359
4197.45000,0.20254,2.63861,2.45251
4197.50000,0.19468,2.64478,2.50016
4197.55000,0.18653,2.65057,2.54703
4197.60000,0.17813,2.65596,2.59507
4197.65000,0.16947,2.66095,2.64282
4197.70000,0.16058,2.66553,2.68964
4197.75000,0.15148,2.66968,2.73626
4197.80000,0.14220,2.67341,2.78337
4197.85000,0.13276,2.67669,2.83070
4197.90000,0.12317,2.67952,2.87824
4197.95000,0.11347,2.68190,2.92297
4198.00000,0.10369,2.68384,2.96895
4198.05000,0.09380,2.68533,3.01509
4198.10000,0.08523,2.68628,3.04071
4198.15000,0.07787,2.68663,3.04194
4198.20000,0.07133,2.68657,3.02777
4198.25000,0.06659,2.68661,3.00388
4198.30000,0.06400,2.68683,2.97043
4198.35000,0.06342,2.68693,2.92826
4198.40000,0.06316,2.68700,2.88457
4198.45000,0.06289,2.68707,2.84096
4198.50000,0.06258,2.68722,2.80584
4198.55000,0.06181,2.68790,2.79324
4198.60000,0.05946,2.68933,2.80740
4198.65000,0.05366,2.69127,2.83688
4198.70000,0.04634,2.69344,2.87252
4198.75000,0.03770,2.69566,2.91319
4198.80000,0.02810,2.69768,2.95581
4198.85000,0.01823,2.69931,2.99951
4198.90000,0.00858,2.70043,3.02912
4198.95000,-0.00030,2.70075,3.03171
4199.00000,-0.00754,2.70078,3.01454
4199.05000,-0.01256,2.70093,2.98710
4199.10000,-0.01523,2.70127,2.94959
4199.15000,-0.01586,2.70141,2.90344
4199.20000,-0.01628,2.70152,2.85635
4199.25000,-0.01671,2.70167,2.81933
4199.30000,-0.01745,2.70220,2.80304
4199.35000,-0.01861,2.70318,2.80720
4199.40000,-0.02048,2.70431,2.81929
4199.45000,-0.02428,2.70572,2.83908
4199.50000,-0.03027,2.70751,2.86766
4199.55000,-0.03856,2.70972,2.90527
4199.60000,-0.04823,2.71183,2.94797
4199.65000,-0.05809,2.71355,2.99111
4199.70000,-0.06800,2.71483,3.03386
4199.75000,-0.07644,2.71562,3.05514
4199.80000,-0.08224,2.71615,3.04155
4199.85000,-0.08583,2.71656,3.00773
4199.90000,-0.08713,2.71675,2.96407
4199.95000,-0.08775,2.71688,2.91750
4200.00000,-0.08836,2.71703,2.87101
4200.05000,-0.08896,2.71722,2.83428
4200.10000,-0.08952,2.71739,2.80497
4200.15000,-0.08999,2.71746,2.77813
4200.20000,-0.09039,2.71748,2.75584
4200.25000,-0.09067,2.71739,2.73631
4200.30000,-0.09079,2.71715,2.71868
4200.35000,-0.09078,2.71677,2.70292
4200.40000,-0.09063,2.71627,2.68907
4200.45000,-0.09041,2.71570,2.67863
4200.50000,-0.09024,2.71519,2.67464
4200.55000,-0.09056,2.71523,2.68221
4200.60000,-0.09562,2.71773,2.71652
4200.65000,-0.10308,2.72091,2.76105
4200.70000,-0.11146,2.72405,2.80841
4200.75000,-0.12070,2.72699,2.85751
4200.80000,-0.13036,2.72955,2.90784
4200.85000,-0.14014,2.73162,2.95744
4200.90000,-0.14967,2.73311,2.99297
4200.95000,-0.15794,2.73342,3.00233
4201.00000,-0.16358,2.73293,2.99617
4201.05000,-0.16602,2.73258,2.97562
4201.10000,-0.16591,2.73245,2.94376
4201.15000,-0.16523,2.73231,2.90927
4201.20000,-0.16457,2.73215,2.87569
4201.25000,-0.16395,2.73198,2.84359
4201.30000,-0.16338,2.73180,2.81314
4201.35000,-0.16292,2.73175,2.78839
4201.40000,-0.16298,2.73224,2.78531
4201.45000,-0.16523,2.73349,2.80213
4201.50000,-0.17080,2.73541,2.83333
4201.55000,-0.17811,2.73760,2.87120
4201.60000,-0.18697,2.73986,2.91464
4201.65000,-0.19561,2.74153,2.94332
4201.70000,-0.20246,2.74209,2.94713
4201.75000,-0.20653,2.74184,2.93533
4201.80000,-0.20749,2.74153,2.90952
4201.85000,-0.20684,2.74137,2.87624
4201.90000,-0.20618,2.74120,2.84265
4201.95000,-0.20553,2.74100,2.80916
4202.00000,-0.20492,2.74079,2.77576
4202.05000,-0.20458,2.74068,2.76136
4202.10000,-0.20629,2.74137,2.77377
4202.15000,-0.21090,2.74309,2.79877
4202.20000,-0.21781,2.74543,2.83301
4202.25000,-0.22619,2.74791,2.87284
4202.30000,-0.23412,2.74980,2.89804
4202.35000,-0.24086,2.75062,2.89808
4202.40000,-0.24477,2.75081,2.88145
4202.45000,-0.24517,2.75067,2.84950
4202.50000,-0.24446,2.75046,2.81221
4202.55000,-0.24378,2.75023,2.77485
4202.60000,-0.24312,2.74998,2.73760
4202.65000,-0.24245,2.74969,2.70045
4202.70000,-0.24244,2.74958,2.68052
4202.75000,-0.24273,2.74973,2.68132
4202.80000,-0.24616,2.75151,2.70091
4202.85000,-0.25209,2.75423,2.73116
4202.90000,-0.25957,2.75735,2.76788
4202.95000,-0.26773,2.76039,2.80991
4203.00000,-0.27742,2.76349,2.85404
4203.05000,-0.28725,2.76619,2.89111
4203.10000,-0.29641,2.76825,2.90374
4203.15000,-0.30426,2.76986,2.89947
4203.20000,-0.30913,2.77093,2.88201
4203.25000,-0.31016,2.77111,2.84861
4203.30000,-0.30959,2.77095,2.80807
4203.35000,-0.30899,2.77074,2.76735
4203.40000,-0.30836,2.77050,2.72651
4203.45000,-0.30776,2.77024,2.68591
4203.50000,-0.30718,2.76996,2.64553
4203.55000,-0.30698,2.77001,2.62122
4203.60000,-0.30750,2.77056,2.62106
4203.65000,-0.31133,2.77281,2.64080
4203.70000,-0.31687,2.77583,2.67090
4203.75000,-0.32413,2.77943,2.70634
4203.80000,-0.33272,2.78327,2.74483
4203.85000,-0.34153,2.78661,2.77372
4203.90000,-0.34998,2.78956,2.78629
4203.95000,-0.35841,2.79247,2.78891
4204.00000,-0.36584,2.79512,2.78098
4204.05000,-0.37072,2.79691,2.76195
4204.10000,-0.37155,2.79717,2.72548
4204.15000,-0.37100,2.79693,2.68280
4204.20000,-0.37038,2.79663,2.63993
4204.25000,-0.36979,2.79631,2.59732
4204.30000,-0.36948,2.79613,2.57542
4204.35000,-0.37100,2.79710,2.58083
4204.40000,-0.37538,2.79980,2.60026
4204.45000,-0.38187,2.80361,2.62805
4204.50000,-0.39018,2.80810,2.66309
4204.55000,-0.39961,2.81273,2.70295
4204.60000,-0.40811,2.81654,2.73149
4204.65000,-0.41612,2.81980,2.73506
4204.70000,-0.42148,2.82203,2.71875
4204.75000,-0.42226,2.82235,2.68230
4204.80000,-0.42220,2.82231,2.64176
4204.85000,-0.42211,2.82226,2.60125
4204.90000,-0.42179,2.82207,2.55979
4204.95000,-0.42155,2.82192,2.51887
4205.00000,-0.42128,2.82180,2.48499
4205.05000,-0.42182,2.82241,2.47696
4205.10000,-0.42523,2.82510,2.49410
4205.15000,-0.43051,2.82900,2.52345
4205.20000,-0.43619,2.83294,2.56181
4205.25000,-0.44338,2.83747,2.60398
4205.30000,-0.45189,2.84233,2.64846
4205.35000,-0.46032,2.84660,2.69773
4205.40000,-0.46943,2.85066,2.74703
4205.45000,-0.47873,2.85426,2.79736
4205.50000,-0.48693,2.85699,2.82723
4205.55000,-0.49295,2.85884,2.84989
4205.60000,-0.49760,2.85997,2.86891
4205.65000,-0.50183,2.86071,2.86628
4205.70000,-0.50557,2.86140,2.84346
4205.75000,-0.50716,2.86190,2.80962
4205.80000,-0.50771,2.86211,2.78101
4205.85000,-0.50818,2.86229,2.76247
4205.90000,-0.50854,2.86244,2.74407
4205.95000,-0.50908,2.86284,2.74237
4206.00000,-0.50979,2.86336,2.75379
4206.05000,-0.51181,2.86420,2.77528
4206.10000,-0.51603,2.86576,2.80449
4206.15000,-0.52192,2.86780,2.84389
4206.20000,-0.52997,2.87010,2.89028
4206.25000,-0.53743,2.87182,2.94504
4206.30000,-0.54372,2.87287,3.00834
4206.35000,-0.55020,2.87352,3.07401
4206.40000,-0.55713,2.87376,3.14004
4206.45000,-0.56426,2.87354,-3.07643
4206.50000,-0.57156,2.87281,-3.00949
4206.55000,-0.57896,2.87158,-2.94251
4206.60000,-0.58640,2.86981,-2.87560
4206.65000,-0.59379,2.86753,-2.80865
4206.70000,-0.60114,2.86471,-2.74202
4206.75000,-0.60840,2.86135,-2.67571
4206.80000,-0.61546,2.85751,-2.60944
4206.85000,-0.62228,2.85318,-2.54321
4206.90000,-0.62894,2.84831,-2.47764
4206.95000,-0.63532,2.84297,-2.41225
4207.00000,-0.64138,2.83718,-2.34709
4207.05000,-0.64708,2.83137,-2.29036
4207.10000,-0.65255,2.82570,-2.25639
4207.15000,-0.65758,2.82039,-2.25233
4207.20000,-0.66183,2.81564,-2.27374
4207.25000,-0.66396,2.81322,-2.31422
4207.30000,-0.66500,2.81215,-2.36288
4207.35000,-0.66642,2.81081,-2.41048
4207.40000,-0.66793,2.80952,-2.45826
4207.45000,-0.66953,2.80828,-2.50622
4207.50000,-0.67139,2.80688,-2.54137
4207.55000,-0.67385,2.80497,-2.54957
4207.60000,-0.67641,2.80299,-2.54386
4207.65000,-0.67946,2.80061,-2.51624
4207.70000,-0.68316,2.79781,-2.46952
4207.75000,-0.68759,2.79409,-2.41845
4207.80000,-0.69258,2.78944,-2.36418
4207.85000,-0.69758,2.78450,-2.31628
4207.90000,-0.70127,2.78050,-2.28246
4207.95000,-0.70427,2.77692,-2.23923
4208.00000,-0.70752,2.77263,-2.20751
4208.05000,-0.71035,2.76867,-2.20293
4208.10000,-0.71262,2.76541,-2.22575
4208.15000,-0.71425,2.76339,-2.27261
4208.20000,-0.71641,2.76096,-2.32492
4208.25000,-0.71865,2.75861,-2.36895
4208.30000,-0.72007,2.75721,-2.39932
4208.35000,-0.72134,2.75610,-2.44367
4208.40000,-0.72354,2.75430,-2.47642
4208.45000,-0.72621,2.75222,-2.47585
4208.50000,-0.72851,2.75037,-2.44617
4208.55000,-0.73178,2.74752,-2.40362
4208.60000,-0.73571,2.74377,-2.35674
4208.65000,-0.74032,2.73892,-2.30589
4208.70000,-0.74513,2.73330,-2.25159
4208.75000,-0.75002,2.72690,-2.19552
4208.80000,-0.75473,2.72029,-2.15150
4208.85000,-0.75915,2.71385,-2.13837
4208.90000,-0.76187,2.70919,-2.13893
4208.95000,-0.76400,2.70526,-2.13092
4209.00000,-0.76599,2.70150,-2.11270
4209.05000,-0.76809,2.69769,-2.07644
4209.10000,-0.77008,2.69390,-2.02038
4209.15000,-0.77203,2.68953,-1.95847
4209.20000,-0.77394,2.68436,-1.89423
4209.25000,-0.77567,2.67858,-1.82840
4209.30000,-0.77710,2.67232,-1.76154
4209.35000,-0.77814,2.66572,-1.69391
4209.40000,-0.77875,2.65885,-1.62587
4209.45000,-0.77890,2.65175,-1.55774
4209.50000,-0.77862,2.64572,-1.48502
4209.55000,-0.77806,2.64126,-1.40606
4209.60000,-0.77713,2.63677,-1.32703
4209.65000,-0.77580,2.63219,-1.24836
4209.70000,-0.77405,2.62758,-1.17009
4209.75000,-0.77189,2.62299,-1.09222
4209.80000,-0.76932,2.61847,-1.01473
4209.85000,-0.76634,2.61407,-0.93762
4209.90000,-0.76297,2.60984,-0.86084
4209.95000,-0.75923,2.60581,-0.78437
4210.00000,-0.75514,2.60202,-0.70818
4210.05000,-0.75072,2.59852,-0.63223
4210.10000,-0.74600,2.59533,-0.55649
4210.15000,-0.74101,2.59248,-0.48093
4210.20000,-0.73597,2.59009,-0.40635
4210.25000,-0.73097,2.58815,-0.33289
4210.30000,-0.72605,2.58664,-0.26057
4210.35000,-0.72125,2.58554,-0.18941
4210.40000,-0.71661,2.58482,-0.11941
4210.45000,-0.71216,2.58444,-0.05059
4210.50000,-0.70792,2.58437,0.01702
4210.55000,-0.70390,2.58457,0.08341
4210.60000,-0.70011,2.58501,0.14855
4210.65000,-0.69656,2.58566,0.21243
4210.70000,-0.69324,2.58648,0.27502
4210.75000,-0.69016,2.58745,0.33630
4210.80000,-0.68730,2.58855,0.39625
4210.85000,-0.68466,2.58974,0.45486
4210.90000,-0.67979,2.59234,0.50818
4210.95000,-0.67263,2.59655,0.55745
4211.00000,-0.66504,2.60154,0.60854
4211.05000,-0.65729,2.60725,0.66057
4211.10000,-0.64956,2.61359,0.71280
4211.15000,-0.64217,2.62031,0.76376
4211.20000,-0.63512,2.62741,0.81340
4211.25000,-0.62843,2.63483,0.86170
4211.30000,-0.62210,2.64257,0.90866
4211.35000,-0.61614,2.65059,0.95426
4211.40000,-0.61054,2.65887,0.99852
4211.45000,-0.60531,2.66739,1.04144
4211.50000,-0.60044,2.67613,1.08302
4211.55000,-0.59593,2.68505,1.12328
4211.60000,-0.59177,2.69389,1.16278
4211.65000,-0.59117,2.69622,1.20212
4211.70000,-0.59096,2.69681,1.23887
4211.75000,-0.59078,2.69736,1.27472
4211.80000,-0.59063,2.69788,1.30980
4211.85000,-0.59051,2.69837,1.34414
4211.90000,-0.59041,2.69884,1.37775
4211.95000,-0.59033,2.69928,1.41064
4212.00000,-0.59025,2.69974,1.45265
4212.05000,-0.59023,2.70014,1.49518
4212.10000,-0.59021,2.70052,1.52745
4212.15000,-0.59020,2.70088,1.55869
4212.20000,-0.59020,2.70123,1.58925
4212.25000,-0.59021,2.70156,1.61914
4212.30000,-0.59023,2.70187,1.64837
4212.35000,-0.59026,2.70217,1.67695
4212.40000,-0.59036,2.70291,1.70671
4212.45000,-0.59048,2.70388,1.73693
4212.50000,-0.59062,2.70483,1.76640
4212.55000,-0.59065,2.70532,1.79502
4212.60000,-0.59073,2.70592,1.82242
4212.65000,-0.59082,2.70626,1.84809
4212.70000,-0.59097,2.70684,1.87327
4212.75000,-0.59104,2.70723,1.89849
4212.80000,-0.59128,2.70798,1.92324
4212.85000,-0.59141,2.70841,1.94620
4212.90000,-0.59145,2.70874,1.96927
4212.95000,-0.59153,2.70912,1.99232
4213.00000,-0.59167,2.70958,2.01491
4213.05000,-0.59170,2.70974,2.03675
4213.10000,-0.59171,2.70969,2.05757
4213.15000,-0.59181,2.70990,2.07800
4213.20000,-0.59193,2.71014,2.09770
4213.25000,-0.59203,2.71033,2.11851
4213.30000,-0.59209,2.71047,2.13797
4213.35000,-0.59223,2.71073,2.15745
4213.40000,-0.59222,2.71075,2.17707
4213.45000,-0.59240,2.71101,2.19630
4213.50000,-0.59264,2.71135,2.21581
4213.55000,-0.59274,2.71149,2.23524
4213.60000,-0.59286,2.71167,2.25342
4213.65000,-0.59294,2.71177,2.27201
4213.70000,-0.59305,2.71190,2.29149
4213.75000,-0.59323,2.71211,2.31103
4213.80000,-0.59327,2.71216,2.32908
4213.85000,-0.59336,2.71225,2.34776
4213.90000,-0.59356,2.71247,2.36569
4213.95000,-0.59369,2.71262,2.38221
4214.00000,-0.59399,2.71292,2.39913
4214.05000,-0.59411,2.71304,2.41592
4214.10000,-0.59452,2.71338,2.42017
4214.15000,-0.59606,2.71473,2.42165
4214.20000,-0.59660,2.71519,2.43358
4214.25000,-0.59667,2.71526,2.44769
4214.30000,-0.59707,2.71558,2.44898
4214.35000,-0.59977,2.71786,2.43477
4214.40000,-0.60316,2.72075,2.42866
4214.45000,-0.60477,2.72211,2.42451
4214.50000,-0.60803,2.72501,2.40339
4214.55000,-0.61291,2.72959,2.37361
4214.60000,-0.61897,2.73564,2.33860
4214.65000,-0.62524,2.74241,2.29770
4214.70000,-0.63145,2.74973,2.25506
4214.75000,-0.63756,2.75757,2.21343
4214.80000,-0.64294,2.76513,2.16911
4214.85000,-0.64824,2.77332,2.12664
4214.90000,-0.65334,2.78192,2.08534
4214.95000,-0.65758,2.78985,2.03803
4215.00000,-0.66121,2.79756,1.98531
4215.05000,-0.66450,2.80568,1.93030
4215.10000,-0.66724,2.81359,1.89293
4215.15000,-0.66960,2.82089,1.88726
4215.20000,-0.67202,2.82817,1.90370
4215.25000,-0.67443,2.83483,1.93758
4215.30000,-0.67658,2.84008,1.98724
4215.35000,-0.67842,2.84392,2.04978
4215.40000,-0.68073,2.84801,2.11613
4215.45000,-0.68360,2.85240,2.18429
4215.50000,-0.68692,2.85678,2.25420
4215.55000,-0.69074,2.86114,2.32492
4215.60000,-0.69486,2.86522,2.39695
4215.65000,-0.69936,2.86907,2.46946
4215.70000,-0.70415,2.87261,2.54253
4215.75000,-0.70919,2.87578,2.61610
4215.80000,-0.71458,2.87865,2.68940
4215.85000,-0.72000,2.88103,2.76364
4215.90000,-0.72559,2.88302,2.83802
4215.95000,-0.73093,2.88447,2.91401
4216.00000,-0.73637,2.88551,2.99008
4216.05000,-0.74151,2.88609,3.06760
4216.10000,-0.74648,2.88627,-3.13726
4216.15000,-0.75164,2.88604,-3.05958
4216.20000,-0.75686,2.88541,-2.98221
4216.25000,-0.76214,2.88435,-2.90527
4216.30000,-0.76746,2.88285,-2.82889
4216.35000,-0.77276,2.88092,-2.75291
4216.40000,-0.77802,2.87853,-2.67746
4216.45000,-0.78318,2.87570,-2.60243
4216.50000,-0.78822,2.87242,-2.52788
4216.55000,-0.79312,2.86869,-2.45389
4216.60000,-0.79782,2.86453,-2.38037
4216.65000,-0.80228,2.85996,-2.30728
4216.70000,-0.80648,2.85497,-2.23471
4216.75000,-0.81037,2.84961,-2.16258
4216.80000,-0.81388,2.84396,-2.09054
4216.85000,-0.81695,2.83839,-2.02989
4216.90000,-0.81935,2.83342,-1.99727
4216.95000,-0.82086,2.82928,-1.98945
4217.00000,-0.82195,2.82640,-1.99458
4217.05000,-0.82225,2.82569,-2.01060
4217.10000,-0.82220,2.82581,-2.03138
4217.15000,-0.82213,2.82595,-2.05280
4217.20000,-0.82205,2.82611,-2.07503
4217.25000,-0.82196,2.82627,-2.09808
4217.30000,-0.82187,2.82645,-2.12189
4217.35000,-0.82174,2.82665,-2.14649
4217.40000,-0.82162,2.82686,-2.17193
4217.45000,-0.82147,2.82708,-2.19794
4217.50000,-0.82130,2.82731,-2.22457
4217.55000,-0.82111,2.82755,-2.25179
4217.60000,-0.82128,2.82741,-2.26471
4217.65000,-0.82199,2.82679,-2.25378
4217.70000,-0.82305,2.82587,-2.22852
4217.75000,-0.82487,2.82346,-2.18455
4217.80000,-0.82753,2.81947,-2.13361
4217.85000,-0.83021,2.81508,-2.09171
4217.90000,-0.83198,2.81150,-2.08121
4217.95000,-0.83299,2.80905,-2.09494
4218.00000,-0.83285,2.80928,-2.12546
4218.05000,-0.83260,2.80969,-2.15768
4218.10000,-0.83232,2.81011,-2.19006
4218.15000,-0.83199,2.81057,-2.22289
4218.20000,-0.83164,2.81102,-2.25585
4218.25000,-0.83127,2.81147,-2.28923
4218.30000,-0.83114,2.81167,-2.31386
4218.35000,-0.83157,2.81140,-2.30822
4218.40000,-0.83284,2.81006,-2.27685
4218.45000,-0.83533,2.80701,-2.23570
4218.50000,-0.83865,2.80256,-2.18858
4218.55000,-0.84204,2.79769,-2.15027
4218.60000,-0.84462,2.79354,-2.14377
4218.65000,-0.84610,2.79111,-2.16404
4218.70000,-0.84578,2.79157,-2.19950
4218.75000,-0.84536,2.79214,-2.23645
4218.80000,-0.84490,2.79270,-2.27399
4218.85000,-0.84441,2.79325,-2.31182
4218.90000,-0.84448,2.79321,-2.33346
4218.95000,-0.84532,2.79248,-2.32362
4219.00000,-0.84709,2.79056,-2.29226
4219.05000,-0.85002,2.78710,-2.25335
4219.10000,-0.85377,2.78227,-2.20854
4219.15000,-0.85757,2.77705,-2.17296
4219.20000,-0.86066,2.77244,-2.16738
4219.25000,-0.86280,2.76919,-2.18703
4219.30000,-0.86264,2.76941,-2.22552
4219.35000,-0.86240,2.76971,-2.26540
4219.40000,-0.86210,2.77007,-2.30568
4219.45000,-0.86185,2.77035,-2.34577
4219.50000,-0.86193,2.77028,-2.37078
4219.55000,-0.86236,2.76992,-2.37082
4219.60000,-0.86369,2.76865,-2.34826
4219.65000,-0.86698,2.76524,-2.31247
4219.70000,-0.87100,2.76072,-2.27021
4219.75000,-0.87565,2.75492,-2.22414
4219.80000,-0.88012,2.74896,-2.18779
4219.85000,-0.88403,2.74347,-2.18077
4219.90000,-0.88681,2.73951,-2.20054
4219.95000,-0.88759,2.73846,-2.23595
4220.00000,-0.88737,2.73875,-2.27863
4220.05000,-0.88701,2.73916,-2.32226
4220.10000,-0.88699,2.73920,-2.36398
4220.15000,-0.88693,2.73928,-2.40604
4220.20000,-0.88683,2.73938,-2.43151
4220.25000,-0.88714,2.73914,-2.43063
4220.30000,-0.88929,2.73726,-2.40643
4220.35000,-0.89335,2.73348,-2.37150
4220.40000,-0.89751,2.72929,-2.32881
4220.45000,-0.90214,2.72416,-2.28063
4220.50000,-0.90736,2.71798,-2.24621
4220.55000,-0.91218,2.71212,-2.23938
4220.60000,-0.91676,2.70646,-2.24799
4220.65000,-0.91936,2.70330,-2.27584
4220.70000,-0.91949,2.70316,-2.31999
4220.75000,-0.91937,2.70329,-2.36589
4220.80000,-0.91932,2.70336,-2.41145
4220.85000,-0.91918,2.70350,-2.45733
4220.90000,-0.91915,2.70354,-2.48337
4220.95000,-0.91956,2.70321,-2.48531
4221.00000,-0.92049,2.70249,-2.47312
4221.05000,-0.92459,2.69917,-2.44382
4221.10000,-0.93007,2.69443,-2.40659
4221.15000,-0.93621,2.68869,-2.36515
4221.20000,-0.94271,2.68208,-2.31980
4221.25000,-0.94886,2.67542,-2.28369
4221.30000,-0.95433,2.66913,-2.27969
4221.35000,-0.95851,2.66433,-2.29927
4221.40000,-0.96003,2.66269,-2.33667
4221.45000,-0.96020,2.66252,-2.38289
4221.50000,-0.96040,2.66234,-2.42925
4221.55000,-0.96060,2.66217,-2.47560
4221.60000,-0.96080,2.66202,-2.52195
4221.65000,-0.96127,2.66169,-2.55338
4221.70000,-0.96206,2.66117,-2.55197
4221.75000,-0.96523,2.65900,-2.53161
4221.80000,-0.97057,2.65514,-2.50058
4221.85000,-0.97725,2.64996,-2.46223
4221.90000,-0.98476,2.64362,-2.41876
4221.95000,-0.99195,2.63728,-2.38565
4222.00000,-0.99857,2.63132,-2.38209
4222.05000,-1.00348,2.62676,-2.40223
4222.10000,-1.00465,2.62579,-2.44436
4222.15000,-1.00488,2.62561,-2.49226
4222.20000,-1.00512,2.62544,-2.54019
4222.25000,-1.00536,2.62528,-2.58802
4222.30000,-1.00586,2.62492,-2.62290
4222.35000,-1.00726,2.62373,-2.62987
4222.40000,-1.01055,2.62164,-2.61323
4222.45000,-1.01632,2.61816,-2.58397
4222.50000,-1.02361,2.61343,-2.54740
4222.55000,-1.03132,2.60801,-2.50809
4222.60000,-1.03923,2.60195,-2.46658
4222.65000,-1.04693,2.59579,-2.43240
4222.70000,-1.05432,2.58987,-2.42248
4222.75000,-1.06130,2.58431,-2.42898
4222.80000,-1.06795,2.57896,-2.44350
4222.85000,-1.07317,2.57468,-2.46743
4222.90000,-1.07619,2.57233,-2.50353
4222.95000,-1.07704,2.57172,-2.55101
4223.00000,-1.07741,2.57149,-2.60104
4223.05000,-1.07778,2.57128,-2.65093
4223.10000,-1.07817,2.57108,-2.70062
4223.15000,-1.07882,2.57068,-2.73711
4223.20000,-1.08051,2.56951,-2.74258
4223.25000,-1.08458,2.56770,-2.72696
4223.30000,-1.09125,2.56466,-2.70006
4223.35000,-1.09917,2.56076,-2.66748
4223.40000,-1.10784,2.55612,-2.63117
4223.45000,-1.11647,2.55107,-2.59430
4223.50000,-1.12485,2.54601,-2.56411
4223.55000,-1.13264,2.54149,-2.55540
4223.60000,-1.14006,2.53729,-2.56123
4223.65000,-1.14725,2.53327,-2.57579
4223.70000,-1.15367,2.52954,-2.59778
4223.75000,-1.15824,2.52687,-2.62922
4223.80000,-1.16036,2.52572,-2.67233
4223.85000,-1.16088,2.52547,-2.72280
4223.90000,-1.16138,2.52526,-2.77325
4223.95000,-1.16190,2.52508,-2.82341
4224.00000,-1.16257,2.52495,-2.85766
4224.05000,-1.16437,2.52429,-2.86115
4224.10000,-1.16917,2.52285,-2.84739
4224.15000,-1.17652,2.52053,-2.82264
4224.20000,-1.18565,2.51736,-2.79068
4224.25000,-1.19576,2.51345,-2.75440
4224.30000,-1.20579,2.50914,-2.71780
4224.35000,-1.21543,2.50479,-2.69107
4224.40000,-1.22467,2.50059,-2.68936
4224.45000,-1.23361,2.49657,-2.69821
4224.50000,-1.24188,2.49282,-2.71373
4224.55000,-1.24827,2.49004,-2.73819
4224.60000,-1.25102,2.48896,-2.77889
4224.65000,-1.25134,2.48884,-2.83016
4224.70000,-1.25166,2.48875,-2.88131
4224.75000,-1.25199,2.48867,-2.93212
4224.80000,-1.25253,2.48850,-2.97011
4224.85000,-1.25385,2.48780,-2.98382
4224.90000,-1.25702,2.48684,-2.97918
4224.95000,-1.26344,2.48555,-2.96059
4225.00000,-1.27273,2.48372,-2.93131
4225.05000,-1.28320,2.48130,-2.89709
4225.10000,-1.29297,2.47871,-2.86208
4225.15000,-1.30316,2.47560,-2.82855
4225.20000,-1.31289,2.47267,-2.80386
4225.25000,-1.32250,2.46981,-2.79906
4225.30000,-1.33188,2.46700,-2.80671
4225.35000,-1.33850,2.46495,-2.83004
4225.40000,-1.34132,2.46413,-2.86949
4225.45000,-1.34165,2.46406,-2.91942
4225.50000,-1.34157,2.46409,-2.97088
4225.55000,-1.34140,2.46413,-3.02234
4225.60000,-1.34118,2.46411,-3.05806
4225.65000,-1.34180,2.46386,-3.07134
4225.70000,-1.34431,2.46336,-3.07104
4225.75000,-1.34982,2.46269,-3.05782
4225.80000,-1.35877,2.46179,-3.03135
4225.85000,-1.36938,2.46045,-2.99817
4225.90000,-1.38006,2.45873,-2.96497
4225.95000,-1.39068,2.45666,-2.93174
4226.00000,-1.40082,2.45459,-2.90543
4226.05000,-1.41089,2.45253,-2.89071
4226.10000,-1.42081,2.45057,-2.89270
4226.15000,-1.42861,2.44902,-2.91112
4226.20000,-1.43137,2.44842,-2.95096
4226.25000,-1.43187,2.44833,-3.00058
4226.30000,-1.43213,2.44830,-3.05120
4226.35000,-1.43240,2.44828,-3.10165
4226.40000,-1.43267,2.44828,3.13125
4226.45000,-1.43298,2.44833,3.08731
4226.50000,-1.43346,2.44857,3.05332
4226.55000,-1.43402,2.44891,3.02810
4226.60000,-1.43465,2.44934,3.01124
4226.65000,-1.43538,2.44988,3.00233
4226.70000,-1.43649,2.45058,3.00015
4226.75000,-1.43890,2.45158,3.00414
4226.80000,-1.44277,2.45282,3.01436
4226.85000,-1.44821,2.45423,3.03132
4226.90000,-1.45602,2.45536,3.05778
4226.95000,-1.46596,2.45602,3.09260
4227.00000,-1.47595,2.45633,3.12706
4227.05000,-1.48595,2.45631,-3.12214
4227.10000,-1.49594,2.45595,-3.08842
4227.15000,-1.50583,2.45549,-3.05978
4227.20000,-1.51560,2.45513,-3.04207
4227.25000,-1.52533,2.45480,-3.02794
4227.30000,-1.53504,2.45448,-3.01455
4227.35000,-1.54476,2.45416,-3.00198
4227.40000,-1.55443,2.45388,-2.99188
4227.45000,-1.56401,2.45369,-2.98586
4227.50000,-1.57349,2.45358,-2.98392
4227.55000,-1.58293,2.45349,-2.98820
4227.60000,-1.59238,2.45338,-3.00296
4227.65000,-1.60184,2.45321,-3.03579
4227.70000,-1.61037,2.45302,-3.08475
4227.75000,-1.61676,2.45288,3.13766
4227.80000,-1.62079,2.45294,3.06669
4227.85000,-1.62233,2.45309,2.98551
4227.90000,-1.62304,2.45323,2.90115
4227.95000,-1.62373,2.45342,2.82768
4228.00000,-1.62450,2.45372,2.77017
4228.05000,-1.62550,2.45429,2.73087
4228.10000,-1.62717,2.45536,2.71705
4228.15000,-1.63077,2.45710,2.71924
4228.20000,-1.63847,2.46058,2.73961
4228.25000,-1.64763,2.46434,2.76692
4228.30000,-1.65709,2.46793,2.79387
4228.35000,-1.66672,2.47125,2.82101
4228.40000,-1.67625,2.47428,2.84755
4228.45000,-1.68576,2.47701,2.87552
4228.50000,-1.69514,2.47942,2.90555
4228.55000,-1.70499,2.48160,2.93804
4228.60000,-1.71459,2.48343,2.96597
4228.65000,-1.72350,2.48481,2.98286
4228.70000,-1.73024,2.48567,2.99177
4228.75000,-1.73557,2.48638,3.02128
4228.80000,-1.74237,2.48708,3.05852
4228.85000,-1.74991,2.48755,3.10264
4228.90000,-1.75809,2.48768,-3.13204
4228.95000,-1.76637,2.48738,-3.07899
4229.00000,-1.77552,2.48656,-3.02687
4229.05000,-1.78538,2.48518,-2.97752
4229.10000,-1.79526,2.48332,-2.92856
4229.15000,-1.80432,2.48112,-2.87768
4229.20000,-1.81359,2.47837,-2.82841
4229.25000,-1.82221,2.47532,-2.77720
4229.30000,-1.82942,2.47240,-2.72449
4229.35000,-1.83654,2.46899,-2.67109
4229.40000,-1.84379,2.46523,-2.61846
4229.45000,-1.84794,2.46269,-2.55589
4229.50000,-1.85067,2.46074,-2.48705
4229.55000,-1.85327,2.45859,-2.41832
4229.60000,-1.85574,2.45626,-2.34999
4229.65000,-1.85805,2.45376,-2.28208
4229.70000,-1.86018,2.45110,-2.21460
4229.75000,-1.86214,2.44830,-2.14757
4229.80000,-1.86390,2.44539,-2.08103
4229.85000,-1.86546,2.44237,-2.01499
4229.90000,-1.86682,2.43927,-1.94947
4229.95000,-1.86796,2.43611,-1.88450
4230.00000,-1.86888,2.43290,-1.82008
4230.05000,-1.86960,2.42967,-1.75624
4230.10000,-1.87010,2.42645,-1.69299
4230.15000,-1.87039,2.42323,-1.63034
4230.20000,-1.87048,2.42005,-1.56832
4230.25000,-1.87038,2.41693,-1.50693
4230.30000,-1.87009,2.41386,-1.44618
4230.35000,-1.86962,2.41088,-1.38608
4230.40000,-1.86900,2.40804,-1.32659
4230.45000,-1.86826,2.40539,-1.26769
4230.50000,-1.86741,2.40291,-1.20940
4230.55000,-1.86647,2.40063,-1.15168
4230.60000,-1.86548,2.39856,-1.09451
4230.65000,-1.86444,2.39668,-1.03786
4230.70000,-1.86338,2.39500,-0.98172
4230.75000,-1.86231,2.39348,-0.92609
4230.80000,-1.86123,2.39213,-0.87093
4230.85000,-1.86016,2.39092,-0.81625
4230.90000,-1.85910,2.38986,-0.76202
4230.95000,-1.85806,2.38892,-0.70823
4231.00000,-1.85705,2.38809,-0.65487
4231.05000,-1.85606,2.38737,-0.60191
4231.10000,-1.85510,2.38675,-0.54934
4231.15000,-1.85417,2.38621,-0.49715
4231.20000,-1.85327,2.38576,-0.44532
4231.25000,-1.85241,2.38537,-0.39386
4231.30000,-1.85156,2.38504,-0.34287
4231.35000,-1.85073,2.38477,-0.29241
4231.40000,-1.84991,2.38455,-0.24257
4231.45000,-1.84909,2.38436,-0.19346
4231.50000,-1.84827,2.38422,-0.14512
4231.55000,-1.84747,2.38412,-0.09738
4231.60000,-1.84669,2.38407,-0.05008
4231.65000,-1.84595,2.38405,-0.00319
4231.70000,-1.84476,2.38409,0.03488
4231.75000,-1.84067,2.38436,0.05982
4231.80000,-1.83334,2.38496,0.06776
4231.85000,-1.82355,2.38560,0.06217
4231.90000,-1.81370,2.38619,0.05594
4231.95000,-1.80377,2.38672,0.04927
4232.00000,-1.79372,2.38718,0.04221
4232.05000,-1.78384,2.38757,0.03509
4232.10000,-1.77394,2.38788,0.02747
4232.15000,-1.76407,2.38811,0.01987
4232.20000,-1.75422,2.38827,0.01183
4232.25000,-1.74435,2.38835,0.01228
4232.30000,-1.73445,2.38846,0.03008
4232.35000,-1.72614,2.38868,0.06300
4232.40000,-1.72057,2.38900,0.10896
4232.45000,-1.71796,2.38912,0.15363
4232.50000,-1.71526,2.38963,0.17992
4232.55000,-1.71072,2.39067,0.19096
4232.60000,-1.70482,2.39196,0.19548
4232.65000,-1.69785,2.39347,0.19526
4232.70000,-1.68955,2.39524,0.18818
4232.75000,-1.68005,2.39699,0.17431
4232.80000,-1.67055,2.39860,0.15998
4232.85000,-1.66102,2.40007,0.14578
4232.90000,-1.65147,2.40140,0.13139
4232.95000,-1.64191,2.40260,0.11668
4233.00000,-1.63226,2.40366,0.10190
4233.05000,-1.62265,2.40459,0.09574
4233.10000,-1.61308,2.40550,0.10890
4233.15000,-1.60482,2.40643,0.13949
4233.20000,-1.59875,2.40740,0.18007
4233.25000,-1.59529,2.40811,0.23120
4233.30000,-1.59433,2.40835,0.29230
4233.35000,-1.59381,2.40853,0.34428
4233.40000,-1.59336,2.40872,0.37525
4233.45000,-1.59210,2.40932,0.39365
4233.50000,-1.58680,2.41165,0.39361
4233.55000,-1.57833,2.41518,0.37854
4233.60000,-1.56923,2.41869,0.35962
4233.65000,-1.56000,2.42206,0.34100
4233.70000,-1.55063,2.42529,0.32289
4233.75000,-1.54123,2.42833,0.30462
4233.80000,-1.53183,2.43117,0.28610
4233.85000,-1.52241,2.43384,0.26723
4233.90000,-1.51296,2.43632,0.24777
4233.95000,-1.50325,2.43868,0.22899
4234.00000,-1.49509,2.44055,0.22837
4234.05000,-1.48945,2.44193,0.25629
4234.10000,-1.48606,2.44288,0.29954
4234.15000,-1.48504,2.44322,0.35245
4234.20000,-1.48446,2.44345,0.39615
4234.25000,-1.48380,2.44375,0.42021
4234.30000,-1.48227,2.44448,0.43278
4234.35000,-1.47878,2.44619,0.43534
4234.40000,-1.47437,2.44825,0.43248
4234.45000,-1.46897,2.45073,0.42425
4234.50000,-1.46206,2.45379,0.40744
4234.55000,-1.45349,2.45735,0.38203
4234.60000,-1.44477,2.46073,0.35623
4234.65000,-1.43597,2.46388,0.33024
4234.70000,-1.42709,2.46679,0.30383
4234.75000,-1.41817,2.46944,0.29104
4234.80000,-1.40930,2.47213,0.29946
4234.85000,-1.40190,2.47448,0.31850
4234.90000,-1.39701,2.47616,0.34785
4234.95000,-1.39477,2.47701,0.38798
4235.00000,-1.39429,2.47722,0.43508
4235.05000,-1.39389,2.47741,0.47315
4235.10000,-1.39323,2.47778,0.49218
4235.15000,-1.38919,2.48005,0.48830
4235.20000,-1.38254,2.48352,0.46972
4235.25000,-1.37454,2.48747,0.44433
4235.30000,-1.36608,2.49136,0.41666
4235.35000,-1.35752,2.49500,0.38898
4235.40000,-1.34887,2.49841,0.36100
4235.45000,-1.34009,2.50161,0.34652
4235.50000,-1.33169,2.50461,0.35221
4235.55000,-1.32572,2.50679,0.37189
4235.60000,-1.32274,2.50780,0.40748
4235.65000,-1.32221,2.50801,0.44899
4235.70000,-1.32199,2.50813,0.48914
4235.75000,-1.32177,2.50825,0.52876
4235.80000,-1.32161,2.50832,0.56102
4235.85000,-1.32059,2.50902,0.57330
4235.90000,-1.31685,2.51144,0.56789
4235.95000,-1.31205,2.51448,0.55623
4236.00000,-1.30607,2.51813,0.53785
4236.05000,-1.29856,2.52249,0.51094
4236.10000,-1.29042,2.52689,0.48087
4236.15000,-1.28216,2.53104,0.45068
4236.20000,-1.27400,2.53487,0.43577
4236.25000,-1.26685,2.53819,0.44022
4236.30000,-1.26255,2.54021,0.46089
4236.35000,-1.26081,2.54108,0.49557
4236.40000,-1.26047,2.54126,0.53074
4236.45000,-1.26029,2.54137,0.56473
4236.50000,-1.26024,2.54141,0.58729
4236.55000,-1.25846,2.54266,0.59054
4236.60000,-1.25352,2.54593,0.57548
4236.65000,-1.24673,2.55022,0.54986
4236.70000,-1.23885,2.55488,0.51878
4236.75000,-1.23078,2.55932,0.48737
4236.80000,-1.22250,2.56374,0.46482
4236.85000,-1.21536,2.56732,0.46248
4236.90000,-1.21093,2.56949,0.47488
4236.95000,-1.20962,2.57009,0.50428
4237.00000,-1.20916,2.57035,0.53495
4237.05000,-1.20899,2.57044,0.56362
4237.10000,-1.20883,2.57055,0.59145
4237.15000,-1.20868,2.57066,0.61844
4237.20000,-1.20841,2.57089,0.63402
4237.25000,-1.20608,2.57264,0.63310
4237.30000,-1.20106,2.57629,0.61617
4237.35000,-1.19438,2.58089,0.58913
4237.40000,-1.18668,2.58585,0.55723
4237.45000,-1.17915,2.59042,0.53990
4237.50000,-1.17353,2.59373,0.53663
4237.55000,-1.17053,2.59548,0.54728
4237.60000,-1.16985,2.59588,0.57172
4237.65000,-1.16951,2.59606,0.59586
4237.70000,-1.16904,2.59637,0.61977
4237.75000,-1.16871,2.59661,0.64294
4237.80000,-1.16832,2.59688,0.66596
4237.85000,-1.16812,2.59706,0.68322
4237.90000,-1.16718,2.59789,0.68917
4237.95000,-1.16311,2.60139,0.67556
4238.00000,-1.15654,2.60654,0.65008
4238.05000,-1.14859,2.61240,0.62011
4238.10000,-1.14036,2.61808,0.58966
4238.15000,-1.13259,2.62316,0.57003
4238.20000,-1.12729,2.62651,0.56547
4238.25000,-1.12551,2.62757,0.58033
4238.30000,-1.12532,2.62768,0.60175
4238.35000,-1.12493,2.62793,0.62399
4238.40000,-1.12483,2.62797,0.64557
4238.45000,-1.12452,2.62819,0.66644
4238.50000,-1.12414,2.62846,0.68694
4238.55000,-1.12396,2.62855,0.70237
4238.60000,-1.12201,2.63025,0.70100
4238.65000,-1.11732,2.63418,0.68168
4238.70000,-1.11113,2.63906,0.65266
4238.75000,-1.10467,2.64388,0.63576
4238.80000,-1.10070,2.64679,0.63479
4238.85000,-1.09951,2.64766,0.64781
4238.90000,-1.09944,2.64771,0.66705
4238.95000,-1.09941,2.64774,0.68673
4239.00000,-1.09930,2.64781,0.70538
4239.05000,-1.09926,2.64785,0.72286
4239.10000,-1.09867,2.64839,0.72635
4239.15000,-1.09539,2.65129,0.71518
4239.20000,-1.09043,2.65549,0.69211
4239.25000,-1.08417,2.66053,0.66111
4239.30000,-1.07763,2.66551,0.64004
4239.35000,-1.07376,2.66837,0.63641
4239.40000,-1.07295,2.66894,0.65052
4239.45000,-1.07268,2.66913,0.66939
4239.50000,-1.07275,2.66908,0.68845
4239.55000,-1.07289,2.66898,0.70850
4239.60000,-1.07315,2.66875,0.72925
4239.65000,-1.07341,2.66852,0.75034
4239.70000,-1.07365,2.66828,0.77174
4239.75000,-1.07373,2.66824,0.78628
4239.80000,-1.07265,2.66935,0.78678
4239.85000,-1.06894,2.67305,0.76880
4239.90000,-1.06345,2.67820,0.73928
4239.95000,-1.05688,2.68398,0.70373
4240.00000,-1.05019,2.68954,0.68289
4240.05000,-1.04518,2.69357,0.67815
4240.10000,-1.04244,2.69579,0.68594
4240.15000,-1.04172,2.69638,0.70514
4240.20000,-1.04140,2.69662,0.72758
4240.25000,-1.04103,2.69694,0.74942
4240.30000,-1.04064,2.69728,0.77133
4240.35000,-1.04025,2.69766,0.79326
4240.40000,-1.03991,2.69798,0.81454
4240.45000,-1.03952,2.69844,0.82140
4240.50000,-1.03730,2.70083,0.81295
4240.55000,-1.03301,2.70528,0.79091
4240.60000,-1.02747,2.71071,0.75996
4240.65000,-1.02094,2.71669,0.72342
4240.70000,-1.01427,2.72245,0.70098
4240.75000,-1.00950,2.72644,0.69409
4240.80000,-1.00707,2.72848,0.70052
4240.85000,-1.00660,2.72886,0.72011
4240.90000,-1.00620,2.72922,0.74238
4240.95000,-1.00586,2.72952,0.76361
4241.00000,-1.00564,2.72971,0.78533
4241.05000,-1.00525,2.73009,0.80738
4241.10000,-1.00506,2.73030,0.82962
4241.15000,-1.00483,2.73052,0.85108
4241.20000,-1.00463,2.73079,0.86138
4241.25000,-1.00267,2.73306,0.85361
4241.30000,-0.99866,2.73755,0.83105
4241.35000,-0.99339,2.74314,0.80012
4241.40000,-0.98710,2.74938,0.76362
4241.45000,-0.98054,2.75558,0.73864
4241.50000,-0.97552,2.76012,0.72948
4241.55000,-0.97213,2.76315,0.73145
4241.60000,-0.97041,2.76470,0.74486
4241.65000,-0.96991,2.76517,0.76661
4241.70000,-0.96939,2.76568,0.78827
4241.75000,-0.96896,2.76610,0.81019
4241.80000,-0.96856,2.76655,0.83230
4241.85000,-0.96806,2.76711,0.85355
4241.90000,-0.96765,2.76759,0.87419
4241.95000,-0.96723,2.76810,0.89427
4242.00000,-0.96698,2.76848,0.90135
4242.05000,-0.96517,2.77076,0.89425
4242.10000,-0.96141,2.77534,0.87231
4242.15000,-0.95635,2.78117,0.84118
4242.20000,-0.95032,2.78766,0.80460
4242.25000,-0.94412,2.79405,0.77678
4242.30000,-0.93939,2.79864,0.76474
4242.35000,-0.93703,2.80085,0.75755
4242.40000,-0.93543,2.80235,0.75097
4242.45000,-0.93448,2.80324,0.76521
4242.50000,-0.93449,2.80329,0.76864
4242.55000,-0.93446,2.80339,0.75190
4242.60000,-0.93237,2.80530,0.71795
4242.65000,-0.92890,2.80820,0.67452
4242.70000,-0.92405,2.81189,0.62589
4242.75000,-0.91821,2.81588,0.57359
4242.80000,-0.91161,2.81989,0.51854
4242.85000,-0.90442,2.82397,0.47843
4242.90000,-0.89767,2.82739,0.45951
4242.95000,-0.89305,2.82962,0.45387
4243.00000,-0.89084,2.83070,0.46197
4243.05000,-0.89022,2.83100,0.47879
4243.10000,-0.88969,2.83126,0.49588
4243.15000,-0.88919,2.83153,0.51234
4243.20000,-0.88873,2.83179,0.52811
4243.25000,-0.88863,2.83188,0.52766
4243.30000,-0.88802,2.83226,0.50777
4243.35000,-0.88597,2.83337,0.47827
4243.40000,-0.88233,2.83535,0.45760
4243.45000,-0.87965,2.83657,0.44314
4243.50000,-0.87762,2.83750,0.43022
4243.55000,-0.87637,2.83807,0.43632
4243.60000,-0.87594,2.83827,0.44828
4243.65000,-0.87551,2.83848,0.46032
4243.70000,-0.87523,2.83856,0.46594
4243.75000,-0.87522,2.83840,0.45994
4243.80000,-0.87531,2.83825,0.44433
4243.85000,-0.87330,2.83948,0.42983
4243.90000,-0.87103,2.84049,0.42394
4243.95000,-0.86898,2.84140,0.41831
4244.00000,-0.86812,2.84174,0.42397
4244.05000,-0.86776,2.84189,0.43175
4244.10000,-0.86754,2.84189,0.43025
4244.15000,-0.86662,2.84228,0.40965
4244.20000,-0.86361,2.84353,0.37129
4244.25000,-0.85941,2.84509,0.34575
4244.30000,-0.85609,2.84625,0.33983
4244.35000,-0.85394,2.84699,0.34030
4244.40000,-0.85325,2.84722,0.34986
4244.45000,-0.85271,2.84740,0.36113
4244.50000,-0.85216,2.84760,0.37266
4244.55000,-0.85187,2.84765,0.37177
4244.60000,-0.85137,2.84784,0.36756
4244.65000,-0.85059,2.84822,0.37551
4244.70000,-0.85006,2.84843,0.38641
4244.75000,-0.84953,2.84865,0.39683
4244.80000,-0.84916,2.84874,0.40107
4244.85000,-0.84908,2.84856,0.39210
4244.90000,-0.84909,2.84845,0.37352
4244.95000,-0.84799,2.84886,0.34598
4245.00000,-0.84472,2.85037,0.32206
4245.05000,-0.84179,2.85122,0.30934
4245.10000,-0.83909,2.85200,0.29817
4245.15000,-0.83825,2.85222,0.30018
4245.20000,-0.83780,2.85235,0.30379
4245.25000,-0.83741,2.85247,0.30716
4245.30000,-0.83717,2.85247,0.30440
4245.35000,-0.83670,2.85273,0.29666
4245.40000,-0.83614,2.85293,0.29711
4245.45000,-0.83569,2.85306,0.29859
4245.50000,-0.83523,2.85319,0.29969
4245.55000,-0.83476,2.85333,0.30049
4245.60000,-0.83430,2.85347,0.30090
4245.65000,-0.83384,2.85361,0.30127
4245.70000,-0.83339,2.85375,0.30165
4245.75000,-0.83293,2.85389,0.30203
4245.80000,-0.83108,2.85512,0.30309
4245.85000,-0.82607,2.85798,0.30391
4245.90000,-0.82032,2.86092,0.30409
4245.95000,-0.81193,2.86388,0.30255
4246.00000,-0.80279,2.86666,0.29299
4246.05000,-0.79388,2.86929,0.27231
4246.10000,-0.78513,2.87170,0.23900
4246.15000,-0.77838,2.87317,0.21095
4246.20000,-0.77278,2.87426,0.18789
4246.25000,-0.76814,2.87511,0.15006
4246.30000,-0.76207,2.87591,0.10438
4246.35000,-0.75500,2.87643,0.07046
4246.40000,-0.74957,2.87669,0.04760
4246.45000,-0.74738,2.87674,0.02471
4246.50000,-0.74629,2.87674,0.00295
4246.55000,-0.74495,2.87674,-0.00023
4246.60000,-0.74428,2.87674,0.00210
4246.65000,-0.74375,2.87674,0.00552
4246.70000,-0.74324,2.87675,0.00900
4246.75000,-0.74274,2.87675,0.01268
4246.80000,-0.74225,2.87676,0.01602
4246.85000,-0.74177,2.87677,0.01960
4246.90000,-0.74127,2.87678,0.02319
4246.95000,-0.74078,2.87679,0.02679
4247.00000,-0.74028,2.87681,0.03040
4247.05000,-0.73978,2.87683,0.03402
4247.10000,-0.73928,2.87685,0.03765
4247.15000,-0.73883,2.87687,0.02588
4247.20000,-0.73794,2.87687,-0.00607
4247.25000,-0.73500,2.87678,-0.04846
4247.30000,-0.73099,2.87656,-0.08681
4247.35000,-0.72677,2.87623,-0.10944
4247.40000,-0.72404,2.87612,-0.11368
4247.45000,-0.72213,2.87600,-0.11272
4247.50000,-0.72114,2.87596,-0.10663
4247.55000,-0.72037,2.87591,-0.09915
4247.60000,-0.71992,2.87587,-0.08925
4247.65000,-0.71949,2.87583,-0.07914
4247.70000,-0.71906,2.87579,-0.06901
4247.75000,-0.71862,2.87575,-0.05887
4247.80000,-0.71839,2.87575,-0.05768
4247.85000,-0.71827,2.87574,-0.05992
4247.90000,-0.71803,2.87573,-0.04835
4247.95000,-0.71765,2.87571,-0.03632
4248.00000,-0.71742,2.87571,-0.03258
4248.05000,-0.71734,2.87569,-0.03885
4248.10000,-0.71718,2.87568,-0.03811
4248.15000,-0.71709,2.87568,-0.03888
4248.20000,-0.71698,2.87568,-0.04154
4248.25000,-0.71690,2.87567,-0.04144
4248.30000,-0.71668,2.87566,-0.02373
4248.35000,-0.71658,2.87566,-0.01367
4248.40000,-0.71652,2.87567,-0.01072
4248.45000,-0.71612,2.87566,0.00475
4248.50000,-0.71589,2.87566,0.00771
4248.55000,-0.71575,2.87567,-0.01291
4248.60000,-0.71362,2.87558,-0.05093
4248.65000,-0.70998,2.87534,-0.08459
4248.70000,-0.70602,2.87489,-0.10100
4248.75000,-0.70207,2.87442,-0.10789
4248.80000,-0.69935,2.87427,-0.11171
4248.85000,-0.69807,2.87416,-0.11544
4248.90000,-0.69679,2.87408,-0.09179
4248.95000,-0.69590,2.87402,-0.06156
4249.00000,-0.69533,2.87402,-0.04278
4249.05000,-0.69489,2.87401,-0.03186
4249.10000,-0.69452,2.87402,-0.01849
4249.15000,-0.69437,2.87402,-0.01493
4249.20000,-0.69393,2.87402,0.00086
4249.25000,-0.69372,2.87403,0.01379
4249.30000,-0.69343,2.87403,-0.00799
4249.35000,-0.69161,2.87397,-0.04363
4249.40000,-0.68785,2.87371,-0.08784
4249.45000,-0.68280,2.87313,-0.13830
4249.50000,-0.67683,2.87213,-0.19310
4249.55000,-0.67020,2.87085,-0.23253
4249.60000,-0.66354,2.86940,-0.24057
4249.65000,-0.65787,2.86826,-0.23024
4249.70000,-0.65397,2.86759,-0.20872
4249.75000,-0.65109,2.86717,-0.18100
4249.80000,-0.64985,2.86701,-0.14428
4249.85000,-0.64888,2.86692,-0.10654
4249.90000,-0.64789,2.86684,-0.06876
4249.95000,-0.64773,2.86680,-0.04739
4250.00000,-0.64832,2.86679,-0.05539
4250.05000,-0.64759,2.86666,-0.08073
4250.10000,-0.64443,2.86628,-0.11822
4250.15000,-0.63933,2.86554,-0.16513
4250.20000,-0.63329,2.86437,-0.21712
4250.25000,-0.62644,2.86266,-0.27205
4250.30000,-0.61936,2.86070,-0.32218
4250.35000,-0.61195,2.85833,-0.34551
4250.40000,-0.60431,2.85568,-0.34792
4250.45000,-0.59795,2.85350,-0.33698
4250.50000,-0.59393,2.85237,-0.31325
4250.55000,-0.59261,2.85207,-0.27543
4250.60000,-0.59162,2.85182,-0.23631
4250.65000,-0.59104,2.85187,-0.21237
4250.70000,-0.59100,2.85207,-0.21608
4250.75000,-0.58895,2.85150,-0.24135
4250.80000,-0.58458,2.85033,-0.27848
4250.85000,-0.57883,2.84854,-0.32228
4250.90000,-0.57239,2.84640,-0.35731
4250.95000,-0.56558,2.84383,-0.36437
4251.00000,-0.55934,2.84158,-0.35254
4251.05000,-0.55614,2.84069,-0.32441
4251.10000,-0.55514,2.84038,-0.28455
4251.15000,-0.55446,2.84031,-0.25704
4251.20000,-0.55435,2.84071,-0.25504
4251.25000,-0.55320,2.84034,-0.27292
4251.30000,-0.54967,2.83919,-0.28798
4251.35000,-0.54672,2.83845,-0.29348
4251.40000,-0.54442,2.83787,-0.30035
4251.45000,-0.54204,2.83725,-0.28027
4251.50000,-0.54104,2.83713,-0.26129
4251.55000,-0.54029,2.83697,-0.24990
4251.60000,-0.53992,2.83698,-0.23658
4251.65000,-0.53920,2.83675,-0.24924
4251.70000,-0.53605,2.83586,-0.27774
4251.75000,-0.53091,2.83428,-0.31594
4251.80000,-0.52466,2.83207,-0.36050
4251.85000,-0.51724,2.82907,-0.40770
4251.90000,-0.50936,2.82571,-0.44818
4251.95000,-0.50122,2.82203,-0.46708
4252.00000,-0.49299,2.81815,-0.46872
4252.05000,-0.48581,2.81466,-0.46123
4252.10000,-0.48278,2.81341,-0.43222
4252.15000,-0.48223,2.81325,-0.39370
4252.20000,-0.48198,2.81315,-0.35452
4252.25000,-0.48172,2.81306,-0.31533
4252.30000,-0.48146,2.81298,-0.27616
4252.35000,-0.48120,2.81291,-0.23702
4252.40000,-0.48094,2.81285,-0.19793
4252.45000,-0.48060,2.81275,-0.17195
4252.50000,-0.47991,2.81235,-0.17226
4252.55000,-0.47758,2.81175,-0.19009
4252.60000,-0.47238,2.81062,-0.22220
4252.65000,-0.46502,2.80877,-0.25902
4252.70000,-0.45626,2.80626,-0.29946
4252.75000,-0.44683,2.80313,-0.34208
4252.80000,-0.43754,2.79990,-0.37884
4252.85000,-0.42819,2.79654,-0.39504
4252.90000,-0.41973,2.79327,-0.39140
4252.95000,-0.41290,2.79065,-0.37807
4253.00000,-0.40967,2.78965,-0.34810
4253.05000,-0.40924,2.78954,-0.30731
4253.10000,-0.40902,2.78948,-0.26536
4253.15000,-0.40881,2.78943,-0.22319
4253.20000,-0.40861,2.78939,-0.18079
4253.25000,-0.40842,2.78936,-0.13814
4253.30000,-0.40816,2.78929,-0.10733
4253.35000,-0.40796,2.78922,-0.10021
4253.40000,-0.40575,2.78881,-0.11072
4253.45000,-0.40038,2.78808,-0.13824
4253.50000,-0.39305,2.78693,-0.17375
4253.55000,-0.38471,2.78526,-0.21453
4253.60000,-0.37608,2.78316,-0.25921
4253.65000,-0.36740,2.78082,-0.29372
4253.70000,-0.35863,2.77838,-0.30812
4253.75000,-0.35073,2.77606,-0.29779
4253.80000,-0.34639,2.77485,-0.27009
4253.85000,-0.34474,2.77442,-0.23168
4253.90000,-0.34456,2.77438,-0.18702
4253.95000,-0.34438,2.77437,-0.15320
4254.00000,-0.34418,2.77428,-0.14106
4254.05000,-0.34274,2.77395,-0.14638
4254.10000,-0.33815,2.77306,-0.16764
4254.15000,-0.33099,2.77169,-0.20139
4254.20000,-0.32264,2.76982,-0.24050
4254.25000,-0.31418,2.76785,-0.27604
4254.30000,-0.30567,2.76579,-0.29578
4254.35000,-0.29688,2.76340,-0.29210
4254.40000,-0.28869,2.76107,-0.28004
4254.45000,-0.28270,2.75941,-0.25785
4254.50000,-0.27910,2.75851,-0.22516
4254.55000,-0.27792,2.75826,-0.18219
4254.60000,-0.27776,2.75824,-0.13496
4254.65000,-0.27760,2.75822,-0.08786
4254.70000,-0.27752,2.75824,-0.05108
4254.75000,-0.27785,2.75819,-0.03777
4254.80000,-0.27703,2.75804,-0.03782
4254.85000,-0.27382,2.75777,-0.04951
4254.90000,-0.26812,2.75732,-0.07460
4254.95000,-0.26007,2.75655,-0.11211
4255.00000,-0.25120,2.75537,-0.15311
4255.05000,-0.24236,2.75382,-0.19406
4255.10000,-0.23353,2.75206,-0.22849
4255.15000,-0.22445,2.75001,-0.24598
4255.20000,-0.21497,2.74751,-0.24507
4255.25000,-0.20524,2.74499,-0.23648
4255.30000,-0.19573,2.74277,-0.22263
4255.35000,-0.18683,2.74083,-0.20444
4255.40000,-0.17850,2.73920,-0.18206
4255.45000,-0.17062,2.73785,-0.15632
4255.50000,-0.16348,2.73687,-0.12593
4255.55000,-0.15881,2.73642,-0.08861
4255.60000,-0.15657,2.73626,-0.04345
4255.65000,-0.15619,2.73625,0.00926
4255.70000,-0.15619,2.73626,0.05259
4255.75000,-0.15650,2.73626,0.08227
4255.80000,-0.15604,2.73650,0.08926
4255.85000,-0.15268,2.73704,0.08033
4255.90000,-0.14572,2.73754,0.05287
4255.95000,-0.13718,2.73784,0.01693
4256.00000,-0.12810,2.73783,-0.01964
4256.05000,-0.11902,2.73748,-0.05608
4256.10000,-0.10998,2.73680,-0.09347
4256.15000,-0.10096,2.73579,-0.13028
4256.20000,-0.09193,2.73460,-0.16156
4256.25000,-0.08268,2.73314,-0.17721
4256.30000,-0.07300,2.73121,-0.17368
4256.35000,-0.06311,2.72917,-0.16290
4256.40000,-0.05314,2.72752,-0.14417
4256.45000,-0.04560,2.72658,-0.11286
4256.50000,-0.04043,2.72609,-0.07174
4256.55000,-0.03752,2.72595,-0.02090
4256.60000,-0.03679,2.72594,0.03895
4256.65000,-0.03667,2.72597,0.09249
4256.70000,-0.03646,2.72610,0.13512
4256.75000,-0.03620,2.72630,0.16946
4256.80000,-0.03592,2.72653,0.19537
4256.85000,-0.03562,2.72682,0.21310
4256.90000,-0.03525,2.72718,0.22323
4256.95000,-0.03480,2.72764,0.22603
4257.00000,-0.03374,2.72816,0.22228
4257.05000,-0.03142,2.72883,0.21233
4257.10000,-0.02718,2.72973,0.19489
4257.15000,-0.02113,2.73092,0.16910
4257.20000,-0.01301,2.73236,0.13434
4257.25000,-0.00324,2.73347,0.09289
4257.30000,0.00674,2.73420,0.05161
4257.35000,0.01673,2.73450,0.00940
4257.40000,0.02669,2.73437,-0.03504
4257.45000,0.03667,2.73380,-0.08045
4257.50000,0.04595,2.73283,-0.13046
4257.55000,0.05497,2.73140,-0.18454
4257.60000,0.06376,2.72950,-0.24151
4257.65000,0.07269,2.72702,-0.29913
4257.70000,0.08171,2.72395,-0.35693
4257.75000,0.09069,2.72030,-0.41497
4257.80000,0.09959,2.71607,-0.47299
4257.85000,0.10835,2.71126,-0.53087
4257.90000,0.11682,2.70596,-0.58766
4257.95000,0.12498,2.70018,-0.64355
4258.00000,0.13281,2.69396,-0.69897
4258.05000,0.14029,2.68732,-0.75337
4258.10000,0.14739,2.68029,-0.80741
4258.15000,0.15411,2.67288,-0.86063
4258.20000,0.16043,2.66514,-0.91297
4258.25000,0.16618,2.65746,-0.95266
4258.30000,0.17201,2.64943,-0.96785
4258.35000,0.17764,2.64128,-0.95967
4258.40000,0.18131,2.63601,-0.92956
4258.45000,0.18217,2.63473,-0.88053
4258.50000,0.18226,2.63463,-0.82850
4258.55000,0.18235,2.63454,-0.77642
4258.60000,0.18245,2.63444,-0.72436
4258.65000,0.18258,2.63436,-0.68492
4258.70000,0.18263,2.63445,-0.67540
4258.75000,0.18352,2.63376,-0.68981
4258.80000,0.18665,2.63109,-0.72124
4258.85000,0.19116,2.62695,-0.76012
4258.90000,0.19703,2.62114,-0.80122
4258.95000,0.20246,2.61525,-0.84981
4259.00000,0.20784,2.60908,-0.89055
4259.05000,0.21339,2.60269,-0.91177
4259.10000,0.21864,2.59640,-0.90156
4259.15000,0.22080,2.59372,-0.85981
4259.20000,0.22113,2.59334,-0.80647
4259.25000,0.22123,2.59325,-0.75151
4259.30000,0.22133,2.59316,-0.69662
4259.35000,0.22147,2.59307,-0.65335
4259.40000,0.22155,2.59313,-0.64015
4259.45000,0.22333,2.59177,-0.65555
4259.50000,0.22752,2.58845,-0.68314
4259.55000,0.23314,2.58371,-0.71775
4259.60000,0.23961,2.57783,-0.75717
4259.65000,0.24600,2.57150,-0.80222
4259.70000,0.25205,2.56508,-0.83000
4259.75000,0.25777,2.55886,-0.83070
4259.80000,0.26293,2.55328,-0.80916
4259.85000,0.26685,2.54929,-0.77426
4259.90000,0.26868,2.54756,-0.72649
4259.95000,0.26885,2.54741,-0.66920
4260.00000,0.26896,2.54733,-0.61142
4260.05000,0.26909,2.54727,-0.56520
4260.10000,0.26926,2.54724,-0.54322
4260.15000,0.26951,2.54718,-0.54140
4260.20000,0.27224,2.54541,-0.55966
4260.25000,0.27782,2.54178,-0.59112
4260.30000,0.28476,2.53693,-0.62841
4260.35000,0.29231,2.53120,-0.66971
4260.40000,0.29969,2.52507,-0.71373
4260.45000,0.30711,2.51837,-0.75563
4260.50000,0.31422,2.51166,-0.78962
4260.55000,0.32137,2.50476,-0.80016
4260.60000,0.32851,2.49779,-0.80341
4260.65000,0.33565,2.49082,-0.80096
4260.70000,0.34264,2.48390,-0.78191
4260.75000,0.34815,2.47860,-0.74707
4260.80000,0.35159,2.47554,-0.69881
4260.85000,0.35272,2.47463,-0.63701
4260.90000,0.35281,2.47456,-0.56937
4260.95000,0.35292,2.47450,-0.50159
4261.00000,0.35304,2.47446,-0.44499
4261.05000,0.35264,2.47495,-0.41642
4261.10000,0.35182,2.47532,-0.41908
4261.15000,0.35427,2.47410,-0.43971
4261.20000,0.35960,2.47148,-0.47346
4261.25000,0.36555,2.46827,-0.51582
4261.30000,0.37277,2.46396,-0.56054
4261.35000,0.38023,2.45902,-0.60913
4261.40000,0.38729,2.45381,-0.66250
4261.45000,0.39414,2.44816,-0.71848
4261.50000,0.40092,2.44188,-0.77518
4261.55000,0.40746,2.43509,-0.83271
4261.60000,0.41373,2.42778,-0.89047
4261.65000,0.41963,2.42004,-0.94856
4261.70000,0.42516,2.41183,-1.00659
4261.75000,0.43026,2.40324,-1.06450
4261.80000,0.43486,2.39435,-1.12225
4261.85000,0.43893,2.38522,-1.17979
4261.90000,0.44248,2.37588,-1.23583
4261.95000,0.44548,2.36639,-1.29246
4262.00000,0.44796,2.35671,-1.34810
4262.05000,0.44946,2.34830,-1.40255
4262.10000,0.44988,2.34492,-1.46233
4262.15000,0.44997,2.34377,-1.53018
4262.20000,0.44997,2.34360,-1.60165
4262.25000,0.44996,2.34346,-1.67271
4262.30000,0.44995,2.34332,-1.74315
4262.35000,0.44992,2.34319,-1.81295
4262.40000,0.44988,2.34305,-1.88209
4262.45000,0.44983,2.34292,-1.95055
4262.50000,0.44977,2.34279,-2.01833
4262.55000,0.44971,2.34267,-2.08540
4262.60000,0.44964,2.34255,-2.15175
4262.65000,0.44955,2.34243,-2.21736
4262.70000,0.44947,2.34232,-2.28223
4262.75000,0.44937,2.34222,-2.34633
4262.80000,0.44927,2.34212,-2.40966
4262.85000,0.44916,2.34203,-2.47220
4262.90000,0.44905,2.34195,-2.53398
4262.95000,0.44893,2.34187,-2.59501
4263.00000,0.44881,2.34180,-2.65529
4263.05000,0.44869,2.34174,-2.71481
4263.10000,0.44856,2.34169,-2.77351
4263.15000,0.44843,2.34164,-2.83137
4263.20000,0.44830,2.34160,-2.88838
4263.25000,0.44816,2.34157,-2.94454
4263.30000,0.44803,2.34155,-2.99983
4263.35000,0.44789,2.34153,-3.05427
4263.40000,0.44775,2.34153,-3.10784
4263.45000,0.44761,2.34152,3.12267
4263.50000,0.44748,2.34153,3.07088
4263.55000,0.44734,2.34154,3.01998
4263.60000,0.44720,2.34156,2.96999
4263.65000,0.44707,2.34159,2.92090
4263.70000,0.44693,2.34162,2.87269
4263.75000,0.44680,2.34166,2.82538
4263.80000,0.44667,2.34171,2.77900
4263.85000,0.44456,2.34269,2.73406
4263.90000,0.43847,2.34549,2.69163
4263.95000,0.43120,2.34921,2.64608
4264.00000,0.42360,2.35356,2.59807
4264.05000,0.41617,2.35829,2.55040
4264.10000,0.40897,2.36338,2.50320
4264.15000,0.40200,2.36880,2.45646
4264.20000,0.39529,2.37455,2.41016
4264.25000,0.38884,2.38062,2.36430
4264.30000,0.38266,2.38698,2.31887
4264.35000,0.37677,2.39361,2.27388
4264.40000,0.37118,2.40052,2.22936
4264.45000,0.36589,2.40768,2.18533
4264.50000,0.36091,2.41507,2.14183
4264.55000,0.35614,2.42272,2.11376
4264.60000,0.35124,2.43079,2.10995
4264.65000,0.34607,2.43940,2.11392
4264.70000,0.34084,2.44802,2.11798
4264.75000,0.33557,2.45665,2.12219
4264.80000,0.33024,2.46527,2.12703
4264.85000,0.32490,2.47382,2.13211
4264.90000,0.31947,2.48240,2.13785
4264.95000,0.31399,2.49095,2.14398
4265.00000,0.30845,2.49948,2.15055
4265.05000,0.30283,2.50801,2.15731
4265.10000,0.29713,2.51657,2.16426
4265.15000,0.29136,2.52507,2.17166
4265.20000,0.28556,2.53346,2.17955
4265.25000,0.27968,2.54183,2.18803
4265.30000,0.27372,2.55017,2.19709
4265.35000,0.26793,2.55824,2.19831
4265.40000,0.26236,2.56606,2.18800
4265.45000,0.25705,2.57361,2.17322
4265.50000,0.25413,2.57820,2.15659
4265.55000,0.25338,2.57941,2.12469
4265.60000,0.25332,2.57950,2.08750
4265.65000,0.25323,2.57964,2.06454
4265.70000,0.25141,2.58266,2.05670
4265.75000,0.24813,2.58871,2.06339
4265.80000,0.24348,2.59719,2.08297
4265.85000,0.23843,2.60593,2.10949
4265.90000,0.23326,2.61428,2.14130
4265.95000,0.22779,2.62248,2.17838
4266.00000,0.22193,2.63058,2.21562
4266.05000,0.21577,2.63846,2.25313
4266.10000,0.20932,2.64610,2.29023
4266.15000,0.20259,2.65350,2.32755
4266.20000,0.19559,2.66064,2.36465
4266.25000,0.18834,2.66751,2.40170
4266.30000,0.18083,2.67412,2.43861
4266.35000,0.17308,2.68044,2.47507
4266.40000,0.16511,2.68648,2.51238
4266.45000,0.15692,2.69222,2.54896
4266.50000,0.14852,2.69765,2.58571
4266.55000,0.13993,2.70277,2.62263
4266.60000,0.13116,2.70757,2.65919
4266.65000,0.12222,2.71205,2.69570
4266.70000,0.11312,2.71619,2.73205
4266.75000,0.10388,2.72001,2.76809
4266.80000,0.09450,2.72349,2.80434
4266.85000,0.08501,2.72662,2.84056
4266.90000,0.07541,2.72942,2.87625
4266.95000,0.06571,2.73187,2.91215
4267.00000,0.05594,2.73396,2.94852
4267.05000,0.04609,2.73570,2.98496
4267.10000,0.03619,2.73708,3.02126
4267.15000,0.02624,2.73810,3.05804
4267.20000,0.01626,2.73875,3.09496
4267.25000,0.00729,2.73903,3.11497
4267.30000,-0.00070,2.73911,3.11504
4267.35000,-0.00813,2.73905,3.10003
4267.40000,-0.01351,2.73898,3.06496
4267.45000,-0.01647,2.73899,3.01965
4267.50000,-0.01744,2.73911,2.96652
4267.55000,-0.01817,2.73926,2.91279
4267.60000,-0.01889,2.73945,2.86791
4267.65000,-0.01989,2.73997,2.83986
4267.70000,-0.02111,2.74073,2.82432
4267.75000,-0.02245,2.74163,2.81731
4267.80000,-0.02411,2.74277,2.81908
4267.85000,-0.02778,2.74444,2.83252
4267.90000,-0.03524,2.74694,2.86208
4267.95000,-0.04468,2.74956,2.89905
4268.00000,-0.05443,2.75178,2.93655
4268.05000,-0.06426,2.75363,2.97395
4268.10000,-0.07415,2.75512,3.01167
4268.15000,-0.08352,2.75608,3.03633
4268.20000,-0.09226,2.75654,3.04214
4268.25000,-0.10032,2.75633,3.03279
4268.30000,-0.10620,2.75584,3.00671
4268.35000,-0.10982,2.75552,2.97073
4268.40000,-0.11073,2.75555,2.92374
4268.45000,-0.11079,2.75555,2.87324
4268.50000,-0.11127,2.75571,2.82457
4268.55000,-0.11201,2.75604,2.78723
4268.60000,-0.11339,2.75703,2.77981
4268.65000,-0.11778,2.75875,2.79508
4268.70000,-0.12482,2.76118,2.82115
4268.75000,-0.13376,2.76398,2.85441
4268.80000,-0.14375,2.76671,2.89163
4268.85000,-0.15365,2.76901,2.92879
4268.90000,-0.16344,2.77077,2.95601
4268.95000,-0.17249,2.77177,2.95998
4269.00000,-0.18048,2.77212,2.94520
4269.05000,-0.18483,2.77209,2.91289
4269.10000,-0.18556,2.77219,2.86543
4269.15000,-0.18584,2.77227,2.81611
4269.20000,-0.18589,2.77232,2.76621
4269.25000,-0.18641,2.77252,2.73650
4269.30000,-0.18736,2.77304,2.72718
4269.35000,-0.19123,2.77483,2.74028
4269.40000,-0.19823,2.77769,2.76554
4269.45000,-0.20707,2.78101,2.79808
4269.50000,-0.21651,2.78421,2.83347
4269.55000,-0.22596,2.78706,2.86868
4269.60000,-0.23495,2.78931,2.89081
4269.65000,-0.24343,2.79103,2.88853
4269.70000,-0.24962,2.79236,2.86621
4269.75000,-0.25227,2.79308,2.82871
4269.80000,-0.25255,2.79316,2.78133
4269.85000,-0.25330,2.79347,2.73614
4269.90000,-0.25403,2.79380,2.69130
4269.95000,-0.25479,2.79422,2.65621
4270.00000,-0.25584,2.79497,2.64269
4270.05000,-0.25782,2.79626,2.64633
4270.10000,-0.26348,2.79938,2.66771
4270.15000,-0.27133,2.80331,2.69794
4270.20000,-0.28026,2.80737,2.73219
4270.25000,-0.28947,2.81118,2.76640
4270.30000,-0.29874,2.81465,2.80136
4270.35000,-0.30751,2.81754,2.82245
4270.40000,-0.31585,2.81998,2.82080
4270.45000,-0.32281,2.82233,2.80570
4270.50000,-0.32737,2.82398,2.78016
4270.55000,-0.32939,2.82478,2.74379
4270.60000,-0.32999,2.82504,2.70135
4270.65000,-0.33055,2.82532,2.65901
4270.70000,-0.33111,2.82565,2.62727
4270.75000,-0.33189,2.82623,2.61224
4270.80000,-0.33292,2.82709,2.60894
4270.85000,-0.33491,2.82830,2.61295
4270.90000,-0.33818,2.83019,2.62312
4270.95000,-0.34325,2.83303,2.64160
4271.00000,-0.35014,2.83669,2.67004
4271.05000,-0.35901,2.84103,2.70517
4271.10000,-0.36814,2.84510,2.74074
4271.15000,-0.37668,2.84852,2.78368
4271.20000,-0.38589,2.85173,2.82889
4271.25000,-0.39521,2.85454,2.85944
4271.30000,-0.40387,2.85677,2.86166
4271.35000,-0.40932,2.85805,2.85419
4271.40000,-0.41337,2.85897,2.84691
4271.45000,-0.41540,2.85956,2.81694
4271.50000,-0.41599,2.85977,2.77476
4271.55000,-0.41645,2.85996,2.73143
4271.60000,-0.41690,2.86018,2.69800
4271.65000,-0.41733,2.86039,2.67159
4271.70000,-0.41766,2.86051,2.64758
4271.75000,-0.41787,2.86052,2.62593
4271.80000,-0.41799,2.86045,2.60795
4271.85000,-0.41805,2.86033,2.59402
4271.90000,-0.41830,2.86045,2.59736
4271.95000,-0.41876,2.86073,2.61219
4272.00000,-0.42074,2.86186,2.63744
4272.05000,-0.42474,2.86399,2.67244
4272.10000,-0.43110,2.86705,2.71722
4272.15000,-0.43900,2.87038,2.76798
4272.20000,-0.44763,2.87351,2.82040
4272.25000,-0.45675,2.87627,2.87429
4272.30000,-0.46630,2.87861,2.92893
4272.35000,-0.47611,2.88046,2.98200
4272.40000,-0.48588,2.88177,3.03645
4272.45000,-0.49540,2.88244,3.07971
4272.50000,-0.50403,2.88249,3.09587
4272.55000,-0.51193,2.88239,3.09057
4272.60000,-0.51862,2.88221,3.06555
4272.65000,-0.52416,2.88263,3.02827
4272.70000,-0.52834,2.88314,2.98632
4272.75000,-0.53229,2.88395,2.94019
4272.80000,-0.53854,2.88538,2.89227
4272.85000,-0.54454,2.88708,2.83663
4272.90000,-0.55037,2.88890,2.78636
4272.95000,-0.55644,2.89101,2.75339
4273.00000,-0.56318,2.89386,2.75077
4273.05000,-0.57022,2.89661,2.77561
4273.10000,-0.57499,2.89829,2.82220
4273.15000,-0.58040,2.89992,2.87481
4273.20000,-0.58644,2.90138,2.93207
4273.25000,-0.59273,2.90251,2.99343
4273.30000,-0.59925,2.90327,3.05748
4273.35000,-0.60553,2.90359,3.12495
4273.40000,-0.61143,2.90348,-3.08758
4273.45000,-0.61721,2.90325,-3.02532
4273.50000,-0.62238,2.90306,-2.97601
4273.55000,-0.62541,2.90249,-2.92256
4273.60000,-0.62887,2.90160,-2.86147
4273.65000,-0.63290,2.90029,-2.79626
4273.70000,-0.63749,2.89846,-2.72895
4273.75000,-0.64206,2.89627,-2.65884
4273.80000,-0.64667,2.89364,-2.58727
4273.85000,-0.65143,2.89044,-2.51567
4273.90000,-0.65601,2.88687,-2.44318
4273.95000,-0.66019,2.88309,-2.36924
4274.00000,-0.66403,2.87906,-2.29445
4274.05000,-0.66746,2.87487,-2.21870
4274.10000,-0.67074,2.87017,-2.14380
4274.15000,-0.67395,2.86477,-2.07078
4274.20000,-0.67659,2.85948,-1.99623
4274.25000,-0.67851,2.85478,-1.91848
4274.30000,-0.67973,2.85095,-1.83669
4274.35000,-0.68053,2.84745,-1.75311
4274.40000,-0.68104,2.84384,-1.66964
4274.45000,-0.68125,2.84014,-1.58629
4274.50000,-0.68115,2.83638,-1.50308
4274.55000,-0.68073,2.83260,-1.42000
4274.60000,-0.68000,2.82882,-1.33709
4274.65000,-0.67894,2.82507,-1.25434
4274.70000,-0.67755,2.82137,-1.17176
4274.75000,-0.67585,2.81775,-1.08937
4274.80000,-0.67383,2.81424,-1.00718
4274.85000,-0.67149,2.81086,-0.92520
4274.90000,-0.66885,2.80764,-0.84344
4274.95000,-0.66591,2.80460,-0.76191
4275.00000,-0.66269,2.80177,-0.68063
4275.05000,-0.65920,2.79917,-0.59961
4275.10000,-0.65544,2.79682,-0.51886
4275.15000,-0.65148,2.79477,-0.43827
4275.20000,-0.64742,2.79306,-0.35800
4275.25000,-0.64353,2.79177,-0.27906
4275.30000,-0.63984,2.79087,-0.20151
4275.35000,-0.63639,2.79030,-0.12533
4275.40000,-0.63316,2.79002,-0.05054
4275.45000,-0.63018,2.78997,0.02287
4275.50000,-0.62744,2.79014,0.09489
4275.55000,-0.62494,2.79046,0.16552
4275.60000,-0.62266,2.79092,0.23476
4275.65000,-0.62061,2.79149,0.30261
4275.70000,-0.61863,2.79210,0.35954
4275.75000,-0.61661,2.79279,0.39921
4275.80000,-0.61109,2.79537,0.41764
4275.85000,-0.60217,2.79934,0.41567
4275.90000,-0.59311,2.80331,0.41135
4275.95000,-0.58404,2.80724,0.40616
4276.00000,-0.57499,2.81110,0.39988
4276.05000,-0.56594,2.81489,0.39281
4276.10000,-0.55688,2.81860,0.38441
4276.15000,-0.54781,2.82222,0.37520
4276.20000,-0.53873,2.82574,0.36461
4276.25000,-0.52963,2.82916,0.35322
4276.30000,-0.52052,2.83245,0.34084
4276.35000,-0.51137,2.83563,0.32816
4276.40000,-0.50221,2.83868,0.31455
4276.45000,-0.49302,2.84160,0.29997
4276.50000,-0.48380,2.84438,0.28510
4276.55000,-0.47456,2.84701,0.26953
4276.60000,-0.46530,2.84949,0.25315
4276.65000,-0.45601,2.85181,0.23610
4276.70000,-0.44669,2.85396,0.21862
4276.75000,-0.43733,2.85596,0.20082
4276.80000,-0.42798,2.85777,0.18211
4276.85000,-0.41858,2.85941,0.16315
4276.90000,-0.40916,2.86087,0.14396
4276.95000,-0.39972,2.86215,0.12439
4277.00000,-0.39027,2.86323,0.10449
4277.05000,-0.38083,2.86413,0.08395
4277.10000,-0.37137,2.86483,0.06324
4277.15000,-0.36191,2.86533,0.04224
4277.20000,-0.35243,2.86564,0.02109
4277.25000,-0.34297,2.86574,-0.00054
4277.30000,-0.33351,2.86563,-0.02232
4277.35000,-0.32405,2.86532,-0.04418
4277.40000,-0.31461,2.86480,-0.06613
4277.45000,-0.30519,2.86406,-0.08862
4277.50000,-0.29579,2.86311,-0.11109
4277.55000,-0.28641,2.86195,-0.13351
4277.60000,-0.27708,2.86059,-0.15630
4277.65000,-0.26779,2.85902,-0.17940
4277.70000,-0.25852,2.85722,-0.20279
4277.75000,-0.24934,2.85520,-0.22710
4277.80000,-0.24010,2.85294,-0.25109
4277.85000,-0.23104,2.85048,-0.27599
4277.90000,-0.22188,2.84776,-0.30057
4277.95000,-0.21296,2.84485,-0.32599
4278.00000,-0.20406,2.84171,-0.35122
4278.05000,-0.19533,2.83836,-0.37740
4278.10000,-0.18669,2.83479,-0.40391
4278.15000,-0.17937,2.83154,-0.43674
4278.20000,-0.17531,2.82956,-0.48082
4278.25000,-0.17391,2.82880,-0.53675
4278.30000,-0.17380,2.82872,-0.59882
4278.35000,-0.17373,2.82868,-0.66133
4278.40000,-0.17367,2.82863,-0.72397
4278.45000,-0.17361,2.82857,-0.78669
4278.50000,-0.17356,2.82852,-0.84944
4278.55000,-0.17351,2.82846,-0.91216
4278.60000,-0.17347,2.82840,-0.97485
4278.65000,-0.17343,2.82833,-1.03749
4278.70000,-0.17339,2.82827,-1.10011
4278.75000,-0.17336,2.82820,-1.16270
4278.80000,-0.17333,2.82813,-1.22514
4278.85000,-0.17331,2.82806,-1.28735
4278.90000,-0.17329,2.82799,-1.34940
4278.95000,-0.17328,2.82792,-1.41130
4279.00000,-0.17327,2.82785,-1.47301
4279.05000,-0.17326,2.82777,-1.53440
4279.10000,-0.17326,2.82770,-1.59548
4279.15000,-0.17327,2.82763,-1.65622
4279.20000,-0.17328,2.82755,-1.71663
4279.25000,-0.17329,2.82748,-1.77672
4279.30000,-0.17331,2.82741,-1.83647
4279.35000,-0.17333,2.82734,-1.89579
4279.40000,-0.17335,2.82727,-1.95461
4279.45000,-0.17338,2.82721,-2.01290
4279.50000,-0.17342,2.82714,-2.07065
4279.55000,-0.17345,2.82708,-2.12784
4279.60000,-0.17349,2.82702,-2.18446
4279.65000,-0.17354,2.82696,-2.24050
4279.70000,-0.17358,2.82690,-2.29595
4279.75000,-0.17363,2.82685,-2.35079
4279.80000,-0.17369,2.82680,-2.40502
4279.85000,-0.17374,2.82675,-2.45863
4279.90000,-0.17380,2.82671,-2.51160
4279.95000,-0.17386,2.82666,-2.56392
4280.00000,-0.17392,2.82663,-2.61559
4280.05000,-0.17399,2.82659,-2.66660
4280.10000,-0.17405,2.82656,-2.71695
4280.15000,-0.17412,2.82653,-2.76661
4280.20000,-0.17419,2.82651,-2.81559
4280.25000,-0.17426,2.82648,-2.86388
4280.30000,-0.17433,2.82647,-2.91146
4280.35000,-0.17440,2.82645,-2.95835
4280.40000,-0.17447,2.82644,-3.00452
4280.45000,-0.17454,2.82643,-3.04997
4280.50000,-0.17461,2.82643,-3.09470
4280.55000,-0.17468,2.82643,-3.13871
4280.60000,-0.17476,2.82643,3.10119
4280.65000,-0.17483,2.82643,3.05864
4280.70000,-0.17490,2.82644,3.01682
4280.75000,-0.17497,2.82645,2.97573
4280.80000,-0.17504,2.82646,2.93539
4280.85000,-0.17690,2.82716,2.89555
4280.90000,-0.18371,2.82905,2.85830
4280.95000,-0.19195,2.83164,2.81737
4281.00000,-0.20037,2.83466,2.77510
4281.05000,-0.20873,2.83789,2.73990
4281.10000,-0.21732,2.84140,2.72305
4281.15000,-0.22620,2.84527,2.72432
4281.20000,-0.23542,2.84930,2.73323
4281.25000,-0.24480,2.85332,2.74162
4281.30000,-0.25410,2.85719,2.75136
4281.35000,-0.26339,2.86096,2.76054
4281.40000,-0.27279,2.86464,2.77378
4281.45000,-0.28212,2.86815,2.79050
4281.50000,-0.29151,2.87149,2.80955
4281.55000,-0.30104,2.87467,2.83038
4281.60000,-0.31058,2.87763,2.85016
4281.65000,-0.32017,2.88040,2.87028
4281.70000,-0.32981,2.88297,2.89069
4281.75000,-0.33954,2.88534,2.91347
4281.80000,-0.34913,2.88746,2.93401
4281.85000,-0.35876,2.88939,2.95592
4281.90000,-0.36834,2.89109,2.97807
4281.95000,-0.37777,2.89253,3.00278
4282.00000,-0.38706,2.89371,3.02813
4282.05000,-0.39696,2.89472,3.05126
4282.10000,-0.40707,2.89540,3.06525
4282.15000,-0.41689,2.89571,3.06096
4282.20000,-0.42587,2.89604,3.03606
4282.25000,-0.43316,2.89651,2.99460
4282.30000,-0.43789,2.89682,2.95193
4282.35000,-0.44244,2.89739,2.93555
4282.40000,-0.44805,2.89860,2.94384
4282.45000,-0.45608,2.90013,2.96313
4282.50000,-0.46510,2.90165,2.98923
4282.55000,-0.47481,2.90301,3.01381
4282.60000,-0.48475,2.90416,3.03807
4282.65000,-0.49424,2.90501,3.06563
4282.70000,-0.50352,2.90559,3.09380
4282.75000,-0.51279,2.90590,3.12287
4282.80000,-0.52182,2.90596,3.14121
4282.85000,-0.52883,2.90594,-3.13208
4282.90000,-0.53485,2.90587,-3.12358
4282.95000,-0.54048,2.90583,-3.14014
4283.00000,-0.54401,2.90585,3.12355
4283.05000,-0.54614,2.90587,3.14021
4283.10000,-0.55012,2.90582,-3.11290
4283.15000,-0.55602,2.90552,-3.07546
4283.20000,-0.56399,2.90481,-3.02955
4283.25000,-0.57283,2.90364,-2.97939
4283.30000,-0.58086,2.90212,-2.92649
4283.35000,-0.58872,2.90016,-2.86965
4283.40000,-0.59680,2.89765,-2.81147
4283.45000,-0.60480,2.89465,-2.75345
4283.50000,-0.61263,2.89118,-2.69600
4283.55000,-0.61991,2.88744,-2.63615
4283.60000,-0.62735,2.88301,-2.57640
4283.65000,-0.63507,2.87779,-2.51792
4283.70000,-0.64234,2.87223,-2.45796
4283.75000,-0.64915,2.86632,-2.39687
4283.80000,-0.65594,2.85967,-2.33710
4283.85000,-0.66206,2.85292,-2.27559
4283.90000,-0.66754,2.84605,-2.21264
4283.95000,-0.67244,2.83903,-2.14865
4284.00000,-0.67669,2.83202,-2.08316
4284.05000,-0.68050,2.82469,-2.01783
4284.10000,-0.68385,2.81707,-1.95258
4284.15000,-0.68671,2.80922,-1.88743
4284.20000,-0.68907,2.80114,-1.82248
4284.25000,-0.69091,2.79287,-1.75773
4284.30000,-0.69223,2.78444,-1.69314
4284.35000,-0.69300,2.77590,-1.62872
4284.40000,-0.69322,2.76726,-1.56457
4284.45000,-0.69289,2.75855,-1.50069
4284.50000,-0.69199,2.74981,-1.43708
4284.55000,-0.69054,2.74108,-1.37370
4284.60000,-0.68852,2.73242,-1.31051
4284.65000,-0.68647,2.72539,-1.24400
4284.70000,-0.68434,2.71973,-1.17682
4284.75000,-0.68180,2.71416,-1.11032
4284.80000,-0.67889,2.70874,-1.04454
4284.85000,-0.67562,2.70351,-0.97950
4284.90000,-0.67203,2.69852,-0.91522
4284.95000,-0.66817,2.69381,-0.85170
4285.00000,-0.66407,2.68942,-0.78896
4285.05000,-0.65979,2.68537,-0.72700
4285.10000,-0.65538,2.68168,-0.66583
4285.15000,-0.65087,2.67835,-0.60547
4285.20000,-0.64632,2.67540,-0.54592
4285.25000,-0.64176,2.67281,-0.48719
4285.30000,-0.63723,2.67057,-0.42930
4285.35000,-0.63276,2.66868,-0.37225
4285.40000,-0.62837,2.66710,-0.31604
4285.45000,-0.62409,2.66583,-0.26069
4285.50000,-0.61993,2.66484,-0.20620
4285.55000,-0.61590,2.66411,-0.15257
4285.60000,-0.61202,2.66362,-0.09982
4285.65000,-0.60829,2.66334,-0.04793
4285.70000,-0.60471,2.66326,0.00307
4285.75000,-0.60128,2.66336,0.05320
4285.80000,-0.59801,2.66361,0.10244
4285.85000,-0.59494,2.66401,0.15082
4285.90000,-0.59208,2.66451,0.19833
4285.95000,-0.58943,2.66510,0.24498
4286.00000,-0.58428,2.66663,0.28816
4286.05000,-0.57599,2.66927,0.32848
4286.10000,-0.56683,2.67262,0.37162
4286.15000,-0.55760,2.67645,0.41501
4286.20000,-0.54854,2.68068,0.45759
4286.25000,-0.53966,2.68528,0.49936
4286.30000,-0.53098,2.69025,0.54035
4286.35000,-0.52251,2.69556,0.58057
4286.40000,-0.51426,2.70121,0.62004
4286.45000,-0.50628,2.70687,0.65321
4286.50000,-0.49894,2.71198,0.66014
4286.55000,-0.49188,2.71685,0.65173
4286.60000,-0.48496,2.72172,0.63229
4286.65000,-0.47747,2.72706,0.60445
4286.70000,-0.46975,2.73223,0.57630
4286.75000,-0.46190,2.73717,0.54720
4286.80000,-0.45391,2.74188,0.51816
4286.85000,-0.44581,2.74634,0.48814
4286.90000,-0.43759,2.75054,0.45755
4286.95000,-0.42924,2.75450,0.42714
4287.00000,-0.42078,2.75820,0.39661
4287.05000,-0.41222,2.76162,0.36512
4287.10000,-0.40357,2.76477,0.33362
4287.15000,-0.39481,2.76766,0.30238
4287.20000,-0.38598,2.77026,0.27089
4287.25000,-0.37707,2.77258,0.23913
4287.30000,-0.36809,2.77462,0.20722
4287.35000,-0.35906,2.77637,0.17542
4287.40000,-0.34996,2.77783,0.14390
4287.45000,-0.34084,2.77901,0.11201
4287.50000,-0.33167,2.77989,0.08026
4287.55000,-0.32247,2.78049,0.04913
4287.60000,-0.31326,2.78079,0.01763
4287.65000,-0.30405,2.78081,-0.01362
4287.70000,-0.29483,2.78054,-0.04493
4287.75000,-0.28562,2.77998,-0.07577
4287.80000,-0.27642,2.77915,-0.10613
4287.85000,-0.26726,2.77803,-0.13703
4287.90000,-0.25812,2.77663,-0.16729
4287.95000,-0.24897,2.77493,-0.19795
4288.00000,-0.23980,2.77294,-0.22820
4288.05000,-0.23069,2.77082,-0.25288
4288.10000,-0.22137,2.76845,-0.25937
4288.15000,-0.21191,2.76595,-0.24266
4288.20000,-0.20301,2.76389,-0.20965
4288.25000,-0.19569,2.76250,-0.16328
4288.30000,-0.19075,2.76181,-0.10592
4288.35000,-0.18817,2.76173,-0.04907
4288.40000,-0.18587,2.76165,-0.01213
4288.45000,-0.18416,2.76163,0.00288
4288.50000,-0.18050,2.76165,0.00092
4288.55000,-0.17408,2.76161,-0.01335
4288.60000,-0.16542,2.76136,-0.03997
4288.65000,-0.15565,2.76084,-0.06886
4288.70000,-0.14585,2.76002,-0.09777
4288.75000,-0.13619,2.75893,-0.12705
4288.80000,-0.12650,2.75756,-0.15646
4288.85000,-0.11702,2.75609,-0.17901
4288.90000,-0.10852,2.75485,-0.19504
4288.95000,-0.10254,2.75371,-0.20634
4289.00000,-0.09658,2.75259,-0.21212
4289.05000,-0.09064,2.75147,-0.21625
4289.10000,-0.08470,2.75035,-0.21916
4289.15000,-0.07895,2.74923,-0.20145
4289.20000,-0.07723,2.74893,-0.13601
4289.25000,-0.07616,2.74882,-0.06055
4289.30000,-0.07554,2.74880,0.02098
4289.35000,-0.07531,2.74881,0.07636
4289.40000,-0.07502,2.74891,0.10536
4289.45000,-0.07435,2.74933,0.12079
4289.50000,-0.07171,2.74996,0.12615
4289.55000,-0.06732,2.75073,0.12130
4289.60000,-0.05949,2.75167,0.09839
4289.65000,-0.05030,2.75244,0.06763
4289.70000,-0.04105,2.75292,0.03799
4289.75000,-0.03182,2.75313,0.00706
4289.80000,-0.02261,2.75305,-0.02411
4289.85000,-0.01348,2.75268,-0.05745
4289.90000,-0.00437,2.75200,-0.09208
4289.95000,0.00459,2.75100,-0.12971
4290.00000,0.01339,2.74967,-0.17091
4290.05000,0.02155,2.74808,-0.21807
4290.10000,0.02979,2.74602,-0.26951
4290.15000,0.03821,2.74346,-0.32269
4290.20000,0.04651,2.74044,-0.37523
4290.25000,0.05462,2.73700,-0.42737
4290.30000,0.06256,2.73313,-0.47889
4290.35000,0.07029,2.72886,-0.53003
4290.40000,0.07789,2.72415,-0.58032
4290.45000,0.08518,2.71910,-0.63042
4290.50000,0.09215,2.71374,-0.68004
4290.55000,0.09886,2.70804,-0.72907
4290.60000,0.10529,2.70201,-0.77774
4290.65000,0.11143,2.69567,-0.82554
4290.70000,0.11727,2.68902,-0.87258
4290.75000,0.12159,2.68364,-0.92112
4290.80000,0.12373,2.68066,-0.97885
4290.85000,0.12465,2.67921,-1.04510
4290.90000,0.12484,2.67886,-1.11715
4290.95000,0.12490,2.67874,-1.19068
4291.00000,0.12494,2.67862,-1.26444
4291.05000,0.12497,2.67849,-1.33838
4291.10000,0.12500,2.67836,-1.41251
4291.15000,0.12501,2.67823,-1.48684
4291.20000,0.12502,2.67810,-1.56137
4291.25000,0.12502,2.67796,-1.63608
4291.30000,0.12500,2.67783,-1.71096
4291.35000,0.12498,2.67770,-1.78602
4291.40000,0.12494,2.67756,-1.86122
4291.45000,0.12490,2.67743,-1.93656
4291.50000,0.12484,2.67730,-2.01199
4291.55000,0.12477,2.67717,-2.08751
4291.60000,0.12470,2.67704,-2.16307
4291.65000,0.12461,2.67692,-2.23863
4291.70000,0.12451,2.67681,-2.31415
4291.75000,0.12440,2.67670,-2.38955
4291.80000,0.12428,2.67659,-2.46477
4291.85000,0.12415,2.67650,-2.53975
4291.90000,0.12402,2.67641,-2.61446
4291.95000,0.12387,2.67634,-2.68882
4292.00000,0.12372,2.67627,-2.76279
4292.05000,0.12356,2.67621,-2.83631
4292.10000,0.12340,2.67617,-2.90931
4292.15000,0.12323,2.67613,-2.98176
4292.20000,0.12306,2.67611,-3.05358
4292.25000,0.12289,2.67610,-3.12472
4292.30000,0.12272,2.67611,3.08806
4292.35000,0.12254,2.67612,3.01845
4292.40000,0.12237,2.67615,2.94969
4292.45000,0.12221,2.67619,2.88184
4292.50000,0.12204,2.67624,2.81495
4292.55000,0.12188,2.67630,2.74909
4292.60000,0.12173,2.67638,2.69438
4292.65000,0.11987,2.67751,2.66704
4292.70000,0.11348,2.68086,2.66286
4292.75000,0.10507,2.68521,2.66922
4292.80000,0.09617,2.68971,2.67731
4292.85000,0.08718,2.69416,2.68555
4292.90000,0.07819,2.69852,2.69370
4292.95000,0.06905,2.70286,2.70343
4293.00000,0.05974,2.70716,2.71356
4293.05000,0.05039,2.71136,2.72376
4293.10000,0.04111,2.71542,2.73395
4293.15000,0.03180,2.71938,2.74538
4293.20000,0.02237,2.72325,2.75693
4293.25000,0.01280,2.72706,2.76886
4293.30000,0.00317,2.73075,2.78118
4293.35000,-0.00645,2.73430,2.79429
4293.40000,-0.01610,2.73772,2.80774
4293.45000,-0.02577,2.74100,2.82194
4293.50000,-0.03561,2.74418,2.83592
4293.55000,-0.04551,2.74723,2.84999
4293.60000,-0.05546,2.75013,2.86461
4293.65000,-0.06525,2.75284,2.87867
4293.70000,-0.07530,2.75546,2.89421
4293.75000,-0.08522,2.75788,2.90970
4293.80000,-0.09529,2.76017,2.92563
4293.85000,-0.10510,2.76224,2.94062
4293.90000,-0.11499,2.76418,2.95642
4293.95000,-0.12434,2.76562,2.96291
4294.00000,-0.13276,2.76627,2.95143
4294.05000,-0.13775,2.76645,2.92040
4294.10000,-0.14014,2.76681,2.87809
4294.15000,-0.14047,2.76690,2.82725
4294.20000,-0.14064,2.76700,2.78595
4294.25000,-0.14148,2.76748,2.76382
4294.30000,-0.14391,2.76850,2.75241
4294.35000,-0.14785,2.77013,2.74794
4294.40000,-0.15426,2.77294,2.75458
4294.45000,-0.16280,2.77636,2.77046
4294.50000,-0.17224,2.77993,2.79025
4294.55000,-0.18166,2.78328,2.80968
4294.60000,-0.19115,2.78644,2.82948
4294.65000,-0.20070,2.78942,2.84961
4294.70000,-0.21030,2.79220,2.87005
4294.75000,-0.21837,2.79441,2.87206
4294.80000,-0.22358,2.79589,2.84924
4294.85000,-0.22614,2.79670,2.81462
4294.90000,-0.22651,2.79683,2.77088
4294.95000,-0.22666,2.79690,2.72639
4295.00000,-0.22681,2.79698,2.69243
4295.05000,-0.22892,2.79816,2.68263
4295.10000,-0.23484,2.80107,2.69174
4295.15000,-0.24290,2.80488,2.71020
4295.20000,-0.25202,2.80896,2.73298
4295.25000,-0.26125,2.81283,2.75581
4295.30000,-0.27055,2.81648,2.77883
4295.35000,-0.27994,2.81992,2.80235
4295.40000,-0.28906,2.82297,2.81262
4295.45000,-0.29715,2.82570,2.80603
4295.50000,-0.30203,2.82740,2.78523
4295.55000,-0.30368,2.82803,2.75040
4295.60000,-0.30383,2.82810,2.70918
4295.65000,-0.30397,2.82817,2.66822
4295.70000,-0.30410,2.82825,2.63773
4295.75000,-0.30530,2.82908,2.62582
4295.80000,-0.31060,2.83215,2.63621
4295.85000,-0.31754,2.83591,2.65806
4295.90000,-0.32606,2.84026,2.68420
4295.95000,-0.33490,2.84448,2.71030
4296.00000,-0.34373,2.84840,2.74077
4296.05000,-0.35265,2.85198,2.77666
4296.10000,-0.36192,2.85532,2.81524
4296.15000,-0.37049,2.85798,2.84061
4296.20000,-0.37830,2.86006,2.83952
4296.25000,-0.38234,2.86120,2.83616
4296.30000,-0.38503,2.86186,2.83745
4296.35000,-0.38661,2.86223,2.81010
4296.40000,-0.38679,2.86230,2.77251
4296.45000,-0.38685,2.86229,2.74211
4296.50000,-0.38681,2.86224,2.72957
4296.55000,-0.38971,2.86365,2.74108
4296.60000,-0.39506,2.86586,2.76827
4296.65000,-0.40213,2.86850,2.80385
4296.70000,-0.41108,2.87146,2.84194
4296.75000,-0.42050,2.87419,2.88182
4296.80000,-0.43008,2.87653,2.92137
4296.85000,-0.44007,2.87856,2.96084
4296.90000,-0.44955,2.88011,3.00039
4296.95000,-0.45894,2.88109,3.02856
4297.00000,-0.46766,2.88148,3.03175
4297.05000,-0.47247,2.88184,3.03321
4297.10000,-0.47488,2.88210,3.03020
4297.15000,-0.47648,2.88230,2.99766
4297.20000,-0.47587,2.88221,2.95624
4297.25000,-0.47507,2.88207,2.91485
4297.30000,-0.47461,2.88198,2.87535
4297.35000,-0.47407,2.88179,2.84062
4297.40000,-0.47366,2.88175,2.82490
4297.45000,-0.47535,2.88256,2.83304
4297.50000,-0.47864,2.88367,2.85277
4297.55000,-0.48403,2.88518,2.88323
4297.60000,-0.49147,2.88702,2.92337
4297.65000,-0.50097,2.88896,2.96463
4297.70000,-0.51074,2.89051,3.00668
4297.75000,-0.52065,2.89165,3.04786
4297.80000,-0.53060,2.89237,3.08822
4297.85000,-0.53992,2.89268,3.11727
4297.90000,-0.54716,2.89278,3.13565
4297.95000,-0.55343,2.89274,-3.11090
4298.00000,-0.55936,2.89243,-3.06019
4298.05000,-0.56587,2.89174,-3.00594
4298.10000,-0.57281,2.89059,-2.94983
4298.15000,-0.58028,2.88891,-2.89186
4298.20000,-0.58809,2.88667,-2.83275
4298.25000,-0.59604,2.88387,-2.77275
4298.30000,-0.60408,2.88048,-2.71239
4298.35000,-0.61206,2.87652,-2.65171
4298.40000,-0.61995,2.87200,-2.59102
4298.45000,-0.62769,2.86692,-2.53044
4298.50000,-0.63523,2.86130,-2.47009
4298.55000,-0.64246,2.85518,-2.40975
4298.60000,-0.64941,2.84855,-2.34976
4298.65000,-0.65597,2.84187,-2.29878
4298.70000,-0.66251,2.83513,-2.26777
4298.75000,-0.66884,2.82840,-2.26967
4298.80000,-0.67328,2.82323,-2.29275
4298.85000,-0.67545,2.82060,-2.31997
4298.90000,-0.67641,2.81953,-2.33937
4298.95000,-0.67721,2.81866,-2.37238
4299.00000,-0.67776,2.81814,-2.40812
4299.05000,-0.67821,2.81781,-2.41881
4299.10000,-0.67849,2.81768,-2.41152
4299.15000,-0.67858,2.81777,-2.39349
4299.20000,-0.67933,2.81704,-2.36474
4299.25000,-0.68140,2.81493,-2.32671
4299.30000,-0.68469,2.81128,-2.27870
4299.35000,-0.68963,2.80522,-2.22800
4299.40000,-0.69456,2.79865,-2.18997
4299.45000,-0.69920,2.79222,-2.18188
4299.50000,-0.70337,2.78631,-2.19786
4299.55000,-0.70519,2.78386,-2.23925
4299.60000,-0.70563,2.78334,-2.29127
4299.65000,-0.70606,2.78288,-2.34387
4299.70000,-0.70648,2.78247,-2.38694
4299.75000,-0.70682,2.78220,-2.40855
4299.80000,-0.70719,2.78199,-2.40521
4299.85000,-0.70749,2.78182,-2.38519
4299.90000,-0.70876,2.78058,-2.35554
4299.95000,-0.71123,2.77802,-2.31658
4300.00000,-0.71497,2.77376,-2.26821
4300.05000,-0.71988,2.76758,-2.21749
4300.10000,-0.72470,2.76107,-2.17943
4300.15000,-0.72914,2.75470,-2.17357
4300.20000,-0.73269,2.74956,-2.19372
4300.25000,-0.73479,2.74673,-2.23578
4300.30000,-0.73548,2.74588,-2.28878
4300.35000,-0.73608,2.74523,-2.34305
4300.40000,-0.73671,2.74462,-2.39736
4300.45000,-0.73734,2.74407,-2.44129
4300.50000,-0.73832,2.74326,-2.45472
4300.55000,-0.73979,2.74205,-2.43952
4300.60000,-0.74292,2.73934,-2.40806
4300.65000,-0.74674,2.73578,-2.36621
4300.70000,-0.75120,2.73121,-2.31825
4300.75000,-0.75691,2.72476,-2.26922
4300.80000,-0.76234,2.71822,-2.22543
4300.85000,-0.76632,2.71305,-2.19567
4300.90000,-0.76859,2.70960,-2.17332
4300.95000,-0.77029,2.70667,-2.18158
4301.00000,-0.77132,2.70524,-2.21878
4301.05000,-0.77200,2.70438,-2.27211
4301.10000,-0.77236,2.70398,-2.32903
4301.15000,-0.77271,2.70363,-2.38586
4301.20000,-0.77310,2.70330,-2.43115
4301.25000,-0.77402,2.70251,-2.44718
4301.30000,-0.77531,2.70143,-2.44010
4301.35000,-0.77808,2.69907,-2.41602
4301.40000,-0.78248,2.69514,-2.38037
4301.45000,-0.78732,2.69033,-2.33597
4301.50000,-0.79307,2.68405,-2.29017
4301.55000,-0.79923,2.67672,-2.24329
4301.60000,-0.80499,2.66940,-2.20500
4301.65000,-0.81036,2.66239,-2.19469
4301.70000,-0.81478,2.65638,-2.21282
4301.75000,-0.81732,2.65310,-2.25398
4301.80000,-0.81819,2.65206,-2.30744
4301.85000,-0.81843,2.65182,-2.36528
4301.90000,-0.81868,2.65159,-2.42310
4301.95000,-0.81901,2.65132,-2.46877
4302.00000,-0.82013,2.65036,-2.48224
4302.05000,-0.82233,2.64854,-2.47033
4302.10000,-0.82672,2.64496,-2.44249
4302.15000,-0.83223,2.64016,-2.40826
4302.20000,-0.83859,2.63420,-2.36908
4302.25000,-0.84539,2.62729,-2.32645
4302.30000,-0.85190,2.62027,-2.29522
4302.35000,-0.85710,2.61439,-2.29733
4302.40000,-0.86137,2.60958,-2.32083
4302.45000,-0.86477,2.60604,-2.36056
4302.50000,-0.86624,2.60464,-2.41258
4302.55000,-0.86652,2.60440,-2.47130
4302.60000,-0.86681,2.60419,-2.52987
4302.65000,-0.86720,2.60392,-2.57585
4302.70000,-0.86855,2.60281,-2.58831
4302.75000,-0.87126,2.60093,-2.57455
4302.80000,-0.87639,2.59757,-2.54743
4302.85000,-0.88270,2.59316,-2.51433
4302.90000,-0.88990,2.58773,-2.47628
4302.95000,-0.89756,2.58146,-2.43502
4303.00000,-0.90503,2.57482,-2.39397
4303.05000,-0.91214,2.56822,-2.36085
4303.10000,-0.91846,2.56234,-2.35361
4303.15000,-0.92435,2.55684,-2.36204
4303.20000,-0.93002,2.55154,-2.37948
4303.25000,-0.93530,2.54665,-2.40973
4303.30000,-0.93875,2.54366,-2.45356
4303.35000,-0.93992,2.54274,-2.50988
4303.40000,-0.94020,2.54254,-2.57068
4303.45000,-0.94047,2.54238,-2.63119
4303.50000,-0.94085,2.54216,-2.67971
4303.55000,-0.94219,2.54108,-2.69599
4303.60000,-0.94520,2.53930,-2.68512
4303.65000,-0.95109,2.53631,-2.66025
4303.70000,-0.95874,2.53215,-2.62746
4303.75000,-0.96725,2.52715,-2.59033
4303.80000,-0.97567,2.52175,-2.55302
4303.85000,-0.98388,2.51605,-2.51613
4303.90000,-0.99179,2.51038,-2.48561
4303.95000,-0.99906,2.50527,-2.48137
4304.00000,-1.00604,2.50041,-2.48936
4304.05000,-1.01284,2.49572,-2.50571
4304.10000,-1.01939,2.49121,-2.53165
4304.15000,-1.02439,2.48784,-2.57068
4304.20000,-1.02708,2.48619,-2.62147
4304.25000,-1.02764,2.48589,-2.68231
4304.30000,-1.02792,2.48576,-2.74423
4304.35000,-1.02831,2.48557,-2.79393
4304.40000,-1.02961,2.48458,-2.81027
4304.45000,-1.03266,2.48323,-2.80230
4304.50000,-1.03857,2.48103,-2.78164
4304.55000,-1.04632,2.47800,-2.75276
4304.60000,-1.05495,2.47428,-2.71839
4304.65000,-1.06315,2.47040,-2.68094
4304.70000,-1.07120,2.46622,-2.64391
4304.75000,-1.07909,2.46174,-2.60709
4304.80000,-1.08692,2.45708,-2.57897
4304.85000,-1.09461,2.45249,-2.57563
4304.90000,-1.10121,2.44857,-2.59786
4304.95000,-1.10454,2.44668,-2.64463
4305.00000,-1.10563,2.44611,-2.70262
4305.05000,-1.10596,2.44597,-2.76406
4305.10000,-1.10629,2.44585,-2.82524
4305.15000,-1.10678,2.44563,-2.87320
4305.20000,-1.10822,2.44464,-2.88871
4305.25000,-1.11093,2.44355,-2.88342
4305.30000,-1.11692,2.44179,-2.86442
4305.35000,-1.12552,2.43921,-2.83490
4305.40000,-1.13549,2.43587,-2.79963
4305.45000,-1.14569,2.43203,-2.76316
4305.50000,-1.15524,2.42809,-2.72840
4305.55000,-1.16505,2.42358,-2.69268
4305.60000,-1.17368,2.41955,-2.67063
4305.65000,-1.18197,2.41570,-2.66356
4305.70000,-1.19018,2.41191,-2.66936
4305.75000,-1.19726,2.40853,-2.69837
4305.80000,-1.20207,2.40636,-2.74072
4305.85000,-1.20440,2.40543,-2.79435
4305.90000,-1.20500,2.40523,-2.85548
4305.95000,-1.20556,2.40509,-2.91661
4306.00000,-1.20628,2.40492,-2.96549
4306.05000,-1.20807,2.40451,-2.97829
4306.10000,-1.21229,2.40371,-2.96959
4306.15000,-1.21956,2.40235,-2.94841
4306.20000,-1.22889,2.40039,-2.91902
4306.25000,-1.23935,2.39783,-2.88500
4306.30000,-1.24980,2.39490,-2.85092
4306.35000,-1.26014,2.39162,-2.81708
4306.40000,-1.26989,2.38858,-2.79612
4306.45000,-1.27914,2.38580,-2.79631
4306.50000,-1.28818,2.38319,-2.80624
4306.55000,-1.29679,2.38064,-2.83245
4306.60000,-1.30320,2.37872,-2.87128
4306.65000,-1.30710,2.37772,-2.92137
4306.70000,-1.30855,2.37743,-2.98206
4306.75000,-1.30942,2.37732,-3.04549
4306.80000,-1.31034,2.37724,-3.09907
4306.85000,-1.31188,2.37714,-3.12692
4306.90000,-1.31406,2.37708,-3.13511
4306.95000,-1.31736,2.37702,-3.13079
4307.00000,-1.32239,2.37685,-3.11913
4307.05000,-1.33047,2.37652,-3.09513
4307.10000,-1.34054,2.37589,-3.06294
4307.15000,-1.35050,2.37495,-3.03160
4307.20000,-1.36042,2.37369,-3.00085
4307.25000,-1.37030,2.37214,-2.97014
4307.30000,-1.38006,2.37052,-2.94502
4307.35000,-1.38970,2.36900,-2.92656
4307.40000,-1.39900,2.36779,-2.92093
4307.45000,-1.40818,2.36668,-2.92141
4307.50000,-1.41737,2.36555,-2.93220
4307.55000,-1.42656,2.36436,-2.96165
4307.60000,-1.43510,2.36316,-3.00865
4307.65000,-1.44076,2.36284,-3.05922
4307.70000,-1.44637,2.36240,-3.09002
4307.75000,-1.45030,2.36231,-3.10494
4307.80000,-1.45145,2.36229,-3.13947
4307.85000,-1.45203,2.36234,3.10367
4307.90000,-1.45304,2.36257,3.08916
4307.95000,-1.45511,2.36277,3.10312
4308.00000,-1.45961,2.36287,3.13655
4308.05000,-1.46579,2.36277,-3.10601
4308.10000,-1.47251,2.36237,-3.05786
4308.15000,-1.47942,2.36186,-3.01311
4308.20000,-1.48634,2.36132,-2.98310
4308.25000,-1.49193,2.36082,-2.96593
4308.30000,-1.49531,2.36026,-2.94026
4308.35000,-1.49924,2.35940,-2.89873
4308.40000,-1.50444,2.35797,-2.85029
4308.45000,-1.51054,2.35596,-2.79751
4308.50000,-1.51722,2.35336,-2.74165
4308.55000,-1.52421,2.35016,-2.68369
4308.60000,-1.53133,2.34638,-2.62424
4308.65000,-1.53844,2.34205,-2.56374
4308.70000,-1.54545,2.33716,-2.50266
4308.75000,-1.55225,2.33178,-2.44105
4308.80000,-1.55881,2.32589,-2.37926
4308.85000,-1.56507,2.31953,-2.31737
4308.90000,-1.57098,2.31273,-2.25550
4308.95000,-1.57651,2.30551,-2.19370
4309.00000,-1.58163,2.29790,-2.13202
4309.05000,-1.58631,2.28992,-2.07050
4309.10000,-1.59052,2.28161,-2.00916
4309.15000,-1.59424,2.27299,-1.94805
4309.20000,-1.59745,2.26411,-1.88712
4309.25000,-1.59994,2.25559,-1.82402
4309.30000,-1.60189,2.24694,-1.76088
4309.35000,-1.60330,2.23814,-1.69801
4309.40000,-1.60415,2.22935,-1.63573
4309.45000,-1.60445,2.22065,-1.57405
4309.50000,-1.60421,2.21212,-1.51298
4309.55000,-1.60348,2.20383,-1.45254
4309.60000,-1.60229,2.19583,-1.39275
4309.65000,-1.60067,2.18816,-1.33361
4309.70000,-1.59868,2.18086,-1.27514
4309.75000,-1.59636,2.17396,-1.21737
4309.80000,-1.59376,2.16747,-1.16029
4309.85000,-1.59092,2.16141,-1.10390
4309.90000,-1.58788,2.15576,-1.04820
4309.95000,-1.58467,2.15054,-0.99325
4310.00000,-1.58135,2.14572,-0.93902
4310.05000,-1.57794,2.14131,-0.88552
4310.10000,-1.57446,2.13728,-0.83279
4310.15000,-1.57094,2.13360,-0.78082
4310.20000,-1.56744,2.13030,-0.72955
4310.25000,-1.56402,2.12740,-0.67897
4310.30000,-1.56073,2.12487,-0.62905
4310.35000,-1.55756,2.12268,-0.57973
4310.40000,-1.55452,2.12079,-0.53103
4310.45000,-1.55163,2.11919,-0.48292
4310.50000,-1.54889,2.11783,-0.43540
4310.55000,-1.54630,2.11670,-0.38844
4310.60000,-1.54385,2.11576,-0.34214
4310.65000,-1.54156,2.11500,-0.29653
4310.70000,-1.53940,2.11439,-0.25159
4310.75000,-1.53738,2.11392,-0.20728
4310.80000,-1.53546,2.11356,-0.16343
4310.85000,-1.53359,2.11328,-0.11979
4310.90000,-1.53182,2.11310,-0.07668
4310.95000,-1.52786,2.11283,-0.03526
4311.00000,-1.51930,2.11269,0.00319
4311.05000,-1.51031,2.11290,0.04548
4311.10000,-1.50149,2.11351,0.09143
4311.15000,-1.49269,2.11452,0.13735
4311.20000,-1.48395,2.11593,0.18322
4311.25000,-1.47529,2.11774,0.22912
4311.30000,-1.46672,2.11995,0.27512
4311.35000,-1.45826,2.12255,0.32127
4311.40000,-1.44994,2.12554,0.36759
4311.45000,-1.44177,2.12890,0.41409
4311.50000,-1.43377,2.13265,0.46077
4311.55000,-1.42596,2.13676,0.50760
4311.60000,-1.41834,2.14123,0.55451
4311.65000,-1.41095,2.14605,0.60143
4311.70000,-1.40379,2.15121,0.64831
4311.75000,-1.39687,2.15671,0.69459
4311.80000,-1.39019,2.16254,0.74009
4311.85000,-1.38370,2.16874,0.78436
4311.90000,-1.37753,2.17517,0.82813
4311.95000,-1.37164,2.18187,0.87100
4312.00000,-1.36590,2.18870,0.90696
4312.05000,-1.36153,2.19432,0.93075
4312.10000,-1.35817,2.19894,0.94428
4312.15000,-1.35375,2.20501,0.93844
4312.20000,-1.34816,2.21250,0.92289
4312.25000,-1.34230,2.22010,0.90558
4312.30000,-1.33631,2.22757,0.88812
4312.35000,-1.33021,2.23494,0.87019
4312.40000,-1.32397,2.24220,0.85160
4312.45000,-1.31763,2.24932,0.83295
4312.50000,-1.31115,2.25631,0.81419
4312.55000,-1.30456,2.26317,0.79489
4312.60000,-1.29783,2.26990,0.77553
4312.65000,-1.29098,2.27650,0.75610
4312.70000,-1.28400,2.28295,0.73618
4312.75000,-1.27690,2.28926,0.71625
4312.80000,-1.26967,2.29543,0.69643
4312.85000,-1.26233,2.30145,0.67639
4312.90000,-1.25486,2.30732,0.65616
4312.95000,-1.24729,2.31303,0.63576
4313.00000,-1.23959,2.31859,0.61542
4313.05000,-1.23179,2.32399,0.59514
4313.10000,-1.22387,2.32923,0.57472
4313.15000,-1.21585,2.33431,0.55440
4313.20000,-1.20784,2.33920,0.54630
4313.25000,-1.20121,2.34321,0.54882
4313.30000,-1.19704,2.34572,0.56493
4313.35000,-1.19575,2.34651,0.59698
4313.40000,-1.19503,2.34702,0.63198
4313.45000,-1.19436,2.34754,0.65257
4313.50000,-1.19154,2.34974,0.65876
4313.55000,-1.18700,2.35325,0.65390
4313.60000,-1.18144,2.35747,0.64259
4313.65000,-1.17475,2.36240,0.62432
4313.70000,-1.16709,2.36779,0.60094
4313.75000,-1.15927,2.37302,0.57727
4313.80000,-1.15146,2.37802,0.56609
4313.85000,-1.14515,2.38198,0.56546
4313.90000,-1.14059,2.38489,0.57460
4313.95000,-1.13824,2.38639,0.59643
4314.00000,-1.13742,2.38696,0.62735
4314.05000,-1.13663,2.38754,0.65816
4314.10000,-1.13587,2.38814,0.68818
4314.15000,-1.13512,2.38877,0.71780
4314.20000,-1.13466,2.38921,0.74022
4314.25000,-1.13248,2.39126,0.74556
4314.30000,-1.12846,2.39495,0.73805
4314.35000,-1.12350,2.39941,0.72398
4314.40000,-1.11720,2.40487,0.70185
4314.45000,-1.10999,2.41080,0.67497
4314.50000,-1.10263,2.41653,0.64800
4314.55000,-1.09537,2.42193,0.63377
4314.60000,-1.09005,2.42580,0.63222
4314.65000,-1.08782,2.42743,0.64932
4314.70000,-1.08711,2.42798,0.67615
4314.75000,-1.08644,2.42853,0.70303
4314.80000,-1.08579,2.42908,0.72971
4314.85000,-1.08518,2.42963,0.75583
4314.90000,-1.08470,2.43010,0.77498
4314.95000,-1.08320,2.43160,0.78126
4315.00000,-1.08013,2.43464,0.77597
4315.05000,-1.07522,2.43940,0.75803
4315.10000,-1.06857,2.44551,0.72873
4315.15000,-1.06158,2.45156,0.69849
4315.20000,-1.05447,2.45748,0.67733
4315.25000,-1.04936,2.46156,0.67221
4315.30000,-1.04623,2.46407,0.67979
4315.35000,-1.04461,2.46537,0.69624
4315.40000,-1.04420,2.46571,0.71998
4315.45000,-1.04395,2.46593,0.74287
4315.50000,-1.04385,2.46602,0.76471
4315.55000,-1.04375,2.46612,0.78629
4315.60000,-1.04366,2.46622,0.80761
4315.65000,-1.04344,2.46647,0.81924
4315.70000,-1.04084,2.46925,0.81507
4315.75000,-1.03593,2.47437,0.79715
4315.80000,-1.02941,2.48088,0.77168
4315.85000,-1.02215,2.48775,0.74322
4315.90000,-1.01473,2.49436,0.71422
4315.95000,-1.00782,2.50024,0.69636
4316.00000,-1.00282,2.50440,0.69089
4316.05000,-0.99999,2.50675,0.69799
4316.10000,-0.99935,2.50728,0.71973
4316.15000,-0.99912,2.50746,0.74378
4316.20000,-0.99895,2.50760,0.76736
4316.25000,-0.99866,2.50788,0.79012
4316.30000,-0.99834,2.50819,0.81282
4316.35000,-0.99804,2.50848,0.83482
4316.40000,-0.99765,2.50892,0.85761
4316.45000,-0.99714,2.50952,0.86472
4316.50000,-0.99423,2.51292,0.85586
4316.55000,-0.98953,2.51821,0.83611
4316.60000,-0.98327,2.52497,0.80962
4316.65000,-0.97660,2.53191,0.78748
4316.70000,-0.97189,2.53662,0.78068
4316.75000,-0.96986,2.53866,0.79048
4316.80000,-0.96976,2.53876,0.81165
4316.85000,-0.96941,2.53913,0.83457
4316.90000,-0.96943,2.53910,0.85615
4316.95000,-0.96928,2.53927,0.87738
4317.00000,-0.96912,2.53945,0.89866
4317.05000,-0.96895,2.53967,0.90719
4317.10000,-0.96667,2.54256,0.90152
4317.15000,-0.96245,2.54776,0.88183
4317.20000,-0.95672,2.55453,0.85526
4317.25000,-0.95006,2.56195,0.82485
4317.30000,-0.94354,2.56891,0.80346
4317.35000,-0.93943,2.57319,0.80010
4317.40000,-0.93864,2.57404,0.81847
4317.45000,-0.93861,2.57406,0.84036
4317.50000,-0.93853,2.57416,0.86368
4317.55000,-0.93851,2.57417,0.88582
4317.60000,-0.93835,2.57436,0.90772
4317.65000,-0.93822,2.57449,0.92941
4317.70000,-0.93797,2.57485,0.93876
4317.75000,-0.93592,2.57760,0.93225
4317.80000,-0.93199,2.58279,0.91198
4317.85000,-0.92670,2.58940,0.88412
4317.90000,-0.92080,2.59658,0.86340
4317.95000,-0.91635,2.60178,0.85656
4318.00000,-0.91387,2.60467,0.86279
4318.05000,-0.91270,2.60605,0.87770
4318.10000,-0.91255,2.60623,0.89969
4318.15000,-0.91238,2.60644,0.92303
4318.20000,-0.91224,2.60662,0.94616
4318.25000,-0.91217,2.60672,0.96977
4318.30000,-0.91187,2.60716,0.97749
4318.35000,-0.90979,2.61015,0.96892
4318.40000,-0.90616,2.61532,0.94770
4318.45000,-0.90143,2.62169,0.91791
4318.50000,-0.89583,2.62874,0.88297
4318.55000,-0.89006,2.63574,0.85614
4318.60000,-0.88511,2.64146,0.84698
4318.65000,-0.88216,2.64485,0.85315
4318.70000,-0.88145,2.64572,0.87599
4318.75000,-0.88119,2.64603,0.90229
4318.80000,-0.88101,2.64626,0.92793
4318.85000,-0.88064,2.64677,0.95499
4318.90000,-0.88030,2.64724,0.98175
4318.95000,-0.88004,2.64764,1.00821
4319.00000,-0.87979,2.64805,1.03435
4319.05000,-0.87976,2.64818,1.04618
4319.10000,-0.87847,2.65034,1.04286
4319.15000,-0.87567,2.65502,1.02511
4319.20000,-0.87159,2.66153,0.99625
4319.25000,-0.86662,2.66892,0.96157
4319.30000,-0.86127,2.67647,0.93738
4319.35000,-0.85710,2.68217,0.93129
4319.40000,-0.85509,2.68506,0.94254
4319.45000,-0.85451,2.68603,0.96607
4319.50000,-0.85424,2.68644,0.99275
4319.55000,-0.85392,2.68695,1.01901
4319.60000,-0.85363,2.68743,1.04433
4319.65000,-0.85364,2.68753,1.05573
4319.70000,-0.85255,2.68937,1.05314
4319.75000,-0.84974,2.69419,1.03406
4319.80000,-0.84574,2.70068,1.00476
4319.85000,-0.84089,2.70801,0.96918
4319.90000,-0.83615,2.71484,0.95013
4319.95000,-0.83288,2.71957,0.94871
4320.00000,-0.83187,2.72104,0.96629
4320.05000,-0.83166,2.72136,0.99120
4320.10000,-0.83139,2.72180,1.01507
4320.15000,-0.83114,2.72224,1.03811
4320.20000,-0.83087,2.72271,1.06017
4320.25000,-0.83066,2.72311,1.08135
4320.30000,-0.83064,2.72314,1.09199
4320.35000,-0.82984,2.72460,1.09045
4320.40000,-0.82736,2.72920,1.07248
4320.45000,-0.82367,2.73575,1.04244
4320.50000,-0.81910,2.74326,1.00640
4320.55000,-0.81427,2.75080,0.97763
4320.60000,-0.81094,2.75576,0.96781
4320.65000,-0.80899,2.75863,0.97100
4320.70000,-0.80798,2.76017,0.98255
4320.75000,-0.80773,2.76057,1.00065
4320.80000,-0.80756,2.76086,1.01879
4320.85000,-0.80745,2.76105,1.03657
4320.90000,-0.80719,2.76148,1.05287
4320.95000,-0.80700,2.76182,1.06934
4321.00000,-0.80683,2.76217,1.08560
4321.05000,-0.80667,2.76251,1.10169
4321.10000,-0.80643,2.76297,1.10517
4321.15000,-0.80465,2.76637,1.09352
4321.20000,-0.80166,2.77198,1.06908
4321.25000,-0.79875,2.77711,1.02967
4321.30000,-0.79588,2.78161,0.97829
4321.35000,-0.79256,2.78652,0.93218
4321.40000,-0.79012,2.78982,0.90121
4321.45000,-0.78826,2.79203,0.87493
4321.50000,-0.78702,2.79349,0.85836
4321.55000,-0.78592,2.79473,0.82409
4321.60000,-0.78384,2.79688,0.78347
4321.65000,-0.78016,2.80039,0.73657
4321.70000,-0.77546,2.80443,0.68294
4321.75000,-0.77021,2.80869,0.63952
4321.80000,-0.76504,2.81256,0.62623
4321.85000,-0.76218,2.81462,0.62982
4321.90000,-0.76100,2.81538,0.63086
4321.95000,-0.76039,2.81580,0.63076
4322.00000,-0.75993,2.81613,0.64937
4322.05000,-0.75949,2.81646,0.66898
4322.10000,-0.75930,2.81661,0.67112
4322.15000,-0.75949,2.81645,0.65452
4322.20000,-0.75917,2.81670,0.62799
4322.25000,-0.75751,2.81786,0.59231
4322.30000,-0.75431,2.81991,0.54697
4322.35000,-0.74893,2.82304,0.49498
4322.40000,-0.74268,2.82651,0.45610
4322.45000,-0.73638,2.82960,0.44237
4322.50000,-0.73383,2.83057,0.43435
4322.55000,-0.73224,2.83098,0.41785
4322.60000,-0.73087,2.83120,0.38952
4322.65000,-0.72920,2.83163,0.34910
4322.70000,-0.72497,2.83305,0.29842
4322.75000,-0.71919,2.83465,0.24224
4322.80000,-0.71296,2.83616,0.19590
4322.85000,-0.70840,2.83690,0.16544
4322.90000,-0.70524,2.83740,0.14067
4322.95000,-0.70306,2.83764,0.12575
4323.00000,-0.70132,2.83783,0.11214
4323.05000,-0.69898,2.83821,0.11659
4323.10000,-0.69727,2.83834,0.13323
4323.15000,-0.69663,2.83842,0.15571
4323.20000,-0.69600,2.83851,0.17807
4323.25000,-0.69585,2.83850,0.18548
4323.30000,-0.69565,2.83858,0.18228
4323.35000,-0.69531,2.83872,0.18207
4323.40000,-0.69513,2.83872,0.17256
4323.45000,-0.69468,2.83884,0.13448
4323.50000,-0.69160,2.83927,0.08969
4323.55000,-0.68694,2.83956,0.05237
4323.60000,-0.68396,2.83966,0.02678
4323.65000,-0.68185,2.83967,0.00303
4323.70000,-0.67891,2.83967,0.00157
4323.75000,-0.67664,2.83967,0.01296
4323.80000,-0.67572,2.83968,0.03183
4323.85000,-0.67509,2.83971,0.05256
4323.90000,-0.67444,2.83974,0.07345
4323.95000,-0.67449,2.83977,0.07919
4324.00000,-0.67504,2.83973,0.06030
4324.05000,-0.67576,2.83967,0.03295
4324.10000,-0.67559,2.83969,-0.00164
4324.15000,-0.67286,2.83963,-0.03089
4324.20000,-0.66966,2.83957,-0.03009
4324.25000,-0.66868,2.83955,-0.01196
4324.30000,-0.66800,2.83955,0.00881
4324.35000,-0.66731,2.83956,0.02977
4324.40000,-0.66713,2.83956,0.03573
4324.45000,-0.66771,2.83954,0.01803
4324.50000,-0.66726,2.83955,0.00105
4324.55000,-0.66647,2.83954,-0.01053
4324.60000,-0.66586,2.83953,-0.02033
4324.65000,-0.66519,2.83951,-0.00213
4324.70000,-0.66452,2.83951,0.01885
4324.75000,-0.66380,2.83953,0.04007
4324.80000,-0.66308,2.83955,0.06155
4324.85000,-0.66236,2.83959,0.08323
4324.90000,-0.66163,2.83964,0.10511
4324.95000,-0.66118,2.83968,0.11253
4325.00000,-0.66100,2.83960,0.10826
4325.05000,-0.66100,2.83936,0.09615
4325.10000,-0.66125,2.83917,0.07420
4325.15000,-0.66151,2.83915,0.04284
4325.20000,-0.66057,2.83918,0.00468
4325.25000,-0.65730,2.83911,-0.03036
4325.30000,-0.65437,2.83900,-0.05685
4325.35000,-0.65194,2.83886,-0.07903
4325.40000,-0.64932,2.83877,-0.07056
4325.45000,-0.64820,2.83874,-0.05075
4325.50000,-0.64754,2.83873,-0.02691
4325.55000,-0.64679,2.83872,-0.00318
4325.60000,-0.64635,2.83872,0.00490
4325.65000,-0.64654,2.83871,-0.01492
4325.70000,-0.64580,2.83865,-0.04984
4325.75000,-0.64269,2.83841,-0.09589
4325.80000,-0.63814,2.83784,-0.14853
4325.85000,-0.63302,2.83699,-0.19596
4325.90000,-0.62761,2.83577,-0.22027
4325.95000,-0.62200,2.83437,-0.22866
4326.00000,-0.61776,2.83362,-0.21965
4326.05000,-0.61644,2.83344,-0.19444
4326.10000,-0.61571,2.83334,-0.16549
4326.15000,-0.61510,2.83325,-0.13545
4326.20000,-0.61441,2.83320,-0.10559
4326.25000,-0.61360,2.83316,-0.07628
4326.30000,-0.61347,2.83312,-0.06114
4326.35000,-0.61374,2.83317,-0.06664
4326.40000,-0.61344,2.83304,-0.09218
4326.45000,-0.61054,2.83266,-0.13179
4326.50000,-0.60586,2.83191,-0.18108
4326.55000,-0.60049,2.83082,-0.22333
4326.60000,-0.59463,2.82939,-0.23444
4326.65000,-0.59015,2.82847,-0.22362
4326.70000,-0.58763,2.82798,-0.20142
4326.75000,-0.58592,2.82781,-0.17481
4326.80000,-0.58500,2.82767,-0.14353
4326.85000,-0.58406,2.82755,-0.11178
4326.90000,-0.58350,2.82752,-0.09416
4326.95000,-0.58347,2.82767,-0.09874
4327.00000,-0.58304,2.82755,-0.12019
4327.05000,-0.57985,2.82702,-0.15784
4327.10000,-0.57479,2.82608,-0.20497
4327.15000,-0.56910,2.82485,-0.24753
4327.20000,-0.56511,2.82386,-0.27344
4327.25000,-0.56237,2.82304,-0.29552
4327.30000,-0.55909,2.82199,-0.28769
4327.35000,-0.55710,2.82157,-0.26075
4327.40000,-0.55628,2.82138,-0.22793
4327.45000,-0.55541,2.82123,-0.19410
4327.50000,-0.55449,2.82108,-0.16036
4327.55000,-0.55355,2.82096,-0.12652
4327.60000,-0.55258,2.82087,-0.09256
4327.65000,-0.55217,2.82083,-0.07373
4327.70000,-0.55216,2.82078,-0.08627
4327.75000,-0.55019,2.82050,-0.11386
4327.80000,-0.54587,2.81990,-0.15376
4327.85000,-0.54016,2.81888,-0.20000
4327.90000,-0.53374,2.81754,-0.23921
4327.95000,-0.52693,2.81581,-0.24888
4328.00000,-0.52363,2.81515,-0.24847
4328.05000,-0.52163,2.81471,-0.24730
4328.10000,-0.51977,2.81433,-0.22176
4328.15000,-0.51879,2.81414,-0.18844
4328.20000,-0.51778,2.81398,-0.15466
4328.25000,-0.51674,2.81384,-0.12062
4328.30000,-0.51609,2.81381,-0.10090
4328.35000,-0.51594,2.81394,-0.10246
4328.40000,-0.51497,2.81367,-0.12323
4328.45000,-0.51133,2.81306,-0.15724
4328.50000,-0.50564,2.81202,-0.20150
4328.55000,-0.49891,2.81047,-0.25049
4328.60000,-0.49181,2.80861,-0.29432
4328.65000,-0.48442,2.80640,-0.31533
4328.70000,-0.47705,2.80407,-0.31697
4328.75000,-0.47242,2.80273,-0.29995
4328.80000,-0.47056,2.80227,-0.26776
4328.85000,-0.46960,2.80207,-0.23087
4328.90000,-0.46864,2.80186,-0.19437
4328.95000,-0.46821,2.80186,-0.16780
4329.00000,-0.46802,2.80204,-0.16199
4329.05000,-0.46725,2.80182,-0.17691
4329.10000,-0.46367,2.80106,-0.20700
4329.15000,-0.45785,2.79970,-0.24858
4329.20000,-0.45096,2.79778,-0.29528
4329.25000,-0.44330,2.79523,-0.34533
4329.30000,-0.43543,2.79240,-0.39005
4329.35000,-0.42741,2.78938,-0.41816
4329.40000,-0.41919,2.78609,-0.42418
4329.45000,-0.41152,2.78285,-0.42040
4329.50000,-0.40557,2.78027,-0.40632
4329.55000,-0.40204,2.77899,-0.38073
4329.60000,-0.40161,2.77882,-0.34416
4329.65000,-0.40143,2.77876,-0.30625
4329.70000,-0.40124,2.77870,-0.26834
4329.75000,-0.40105,2.77866,-0.23046
4329.80000,-0.40086,2.77862,-0.19264
4329.85000,-0.40067,2.77858,-0.15489
4329.90000,-0.40039,2.77849,-0.13055
4329.95000,-0.39981,2.77833,-0.13167
4330.00000,-0.39718,2.77775,-0.14800
4330.05000,-0.39179,2.77681,-0.17870
4330.10000,-0.38479,2.77539,-0.21709
4330.15000,-0.37621,2.77329,-0.25820
4330.20000,-0.36681,2.77083,-0.29160
4330.25000,-0.35712,2.76802,-0.30182
4330.30000,-0.34780,2.76533,-0.29831
4330.35000,-0.33987,2.76304,-0.28625
4330.40000,-0.33489,2.76174,-0.26107
4330.45000,-0.33269,2.76127,-0.22276
4330.50000,-0.33248,2.76122,-0.17738
4330.55000,-0.33235,2.76120,-0.13164
4330.60000,-0.33222,2.76119,-0.08604
4330.65000,-0.33205,2.76116,-0.05185
4330.70000,-0.33182,2.76107,-0.04219
4330.75000,-0.33041,2.76086,-0.04824
4330.80000,-0.32590,2.76048,-0.06902
4330.85000,-0.31869,2.75986,-0.10099
4330.90000,-0.31027,2.75884,-0.14020
4330.95000,-0.30144,2.75739,-0.18395
4331.00000,-0.29276,2.75566,-0.21684
4331.05000,-0.28403,2.75380,-0.23130
4331.10000,-0.27578,2.75199,-0.21985
4331.15000,-0.26959,2.75067,-0.19698
4331.20000,-0.26575,2.74996,-0.16367
4331.25000,-0.26431,2.74974,-0.12008
4331.30000,-0.26419,2.74973,-0.07099
4331.35000,-0.26405,2.74973,-0.03158
4331.40000,-0.26394,2.74968,-0.01650
4331.45000,-0.26269,2.74960,-0.01994
4331.50000,-0.25909,2.74943,-0.03471
4331.55000,-0.25304,2.74908,-0.06436
4331.60000,-0.24430,2.74836,-0.10070
4331.65000,-0.23445,2.74717,-0.13869
4331.70000,-0.22466,2.74590,-0.17127
4331.75000,-0.21484,2.74455,-0.18634
4331.80000,-0.20541,2.74305,-0.17499
4331.85000,-0.19930,2.74228,-0.14466
4331.90000,-0.19634,2.74192,-0.10367
4331.95000,-0.19562,2.74185,-0.05314
4332.00000,-0.19551,2.74185,-0.00011
4332.05000,-0.19539,2.74187,0.04549
4332.10000,-0.19525,2.74193,0.08095
4332.15000,-0.19507,2.74203,0.10752
4332.20000,-0.19484,2.74221,0.12640
4332.25000,-0.19471,2.74238,0.13136
4332.30000,-0.19327,2.74264,0.12057
4332.35000,-0.18821,2.74335,0.09553
4332.40000,-0.18103,2.74413,0.06106
4332.45000,-0.17184,2.74448,0.01755
4332.50000,-0.16184,2.74445,-0.02465
4332.55000,-0.15186,2.74399,-0.06576
4332.60000,-0.14190,2.74313,-0.10714
4332.65000,-0.13252,2.74194,-0.14951
4332.70000,-0.12362,2.74039,-0.19411
4332.75000,-0.11534,2.73867,-0.22016
4332.80000,-0.10736,2.73682,-0.22799
4332.85000,-0.09918,2.73476,-0.22386
4332.90000,-0.09109,2.73284,-0.21048
4332.95000,-0.08468,2.73154,-0.18598
4333.00000,-0.08061,2.73084,-0.15093
4333.05000,-0.07894,2.73061,-0.10550
4333.10000,-0.07880,2.73060,-0.05362
4333.15000,-0.07868,2.73060,-0.00191
4333.20000,-0.07856,2.73060,0.04838
4333.25000,-0.07846,2.73059,0.09152
4333.30000,-0.07873,2.73042,0.11843
4333.35000,-0.07861,2.73060,0.11917
4333.40000,-0.07709,2.73079,0.11249
4333.45000,-0.07473,2.73106,0.10033
4333.50000,-0.07132,2.73140,0.08275
4333.55000,-0.06667,2.73175,0.05850
4333.60000,-0.06051,2.73208,0.02666
4333.65000,-0.05264,2.73216,-0.01375
4333.70000,-0.04387,2.73183,-0.06136
4333.75000,-0.03506,2.73109,-0.10699
4333.80000,-0.02631,2.73001,-0.14256
4333.85000,-0.01732,2.72865,-0.16152
4333.90000,-0.01144,2.72783,-0.16602
4333.95000,-0.00832,2.72752,-0.18963
4334.00000,-0.00526,2.72686,-0.23206
4334.05000,-0.00089,2.72571,-0.28186
4334.10000,0.00448,2.72399,-0.33630
4334.15000,0.01018,2.72199,-0.38644
4334.20000,0.01536,2.72019,-0.42492
4334.25000,0.01908,2.71839,-0.46803
4334.30000,0.02350,2.71619,-0.50675
4334.35000,0.02658,2.71448,-0.53089
4334.40000,0.02877,2.71310,-0.55128
4334.45000,0.03120,2.71140,-0.54705
4334.50000,0.03398,2.70936,-0.51958
4334.55000,0.03557,2.70849,-0.47409
4334.60000,0.03571,2.70842,-0.42161
4334.65000,0.03566,2.70854,-0.38231
4334.70000,0.03494,2.70879,-0.38139
4334.75000,0.03562,2.70837,-0.40543
4334.80000,0.03851,2.70706,-0.44264
4334.85000,0.04281,2.70489,-0.48757
4334.90000,0.04808,2.70192,-0.53773
4334.95000,0.05395,2.69820,-0.59156
4335.00000,0.06013,2.69379,-0.64792
4335.05000,0.06640,2.68875,-0.70600
4335.10000,0.07257,2.68349,-0.75786
4335.15000,0.07909,2.67778,-0.78043
4335.20000,0.08588,2.67175,-0.78061
4335.25000,0.09269,2.66558,-0.76528
4335.30000,0.09738,2.66118,-0.73179
4335.35000,0.09791,2.66072,-0.67677
4335.40000,0.09802,2.66064,-0.61918
4335.45000,0.09813,2.66056,-0.56165
4335.50000,0.09822,2.66054,-0.51509
4335.55000,0.09794,2.66097,-0.49366
4335.60000,0.09748,2.66148,-0.49755
4335.65000,0.09966,2.66022,-0.52423
4335.70000,0.10395,2.65762,-0.56352
4335.75000,0.10924,2.65410,-0.60893
4335.80000,0.11501,2.65006,-0.64751
4335.85000,0.11876,2.64722,-0.67054
4335.90000,0.12137,2.64515,-0.68683
4335.95000,0.12348,2.64347,-0.66888
4336.00000,0.12484,2.64248,-0.65483
4336.05000,0.12622,2.64142,-0.67023
4336.10000,0.12867,2.63950,-0.67756
4336.15000,0.13091,2.63773,-0.65427
4336.20000,0.13221,2.63676,-0.60941
4336.25000,0.13327,2.63604,-0.56874
4336.30000,0.13394,2.63581,-0.56169
4336.35000,0.13561,2.63475,-0.58110
4336.40000,0.13930,2.63223,-0.61392
4336.45000,0.14421,2.62862,-0.65424
4336.50000,0.14984,2.62409,-0.69993
4336.55000,0.15589,2.61873,-0.74930
4336.60000,0.16209,2.61266,-0.80065
4336.65000,0.16801,2.60624,-0.85105
4336.70000,0.17374,2.59968,-0.89418
4336.75000,0.17976,2.59277,-0.91377
4336.80000,0.18564,2.58557,-0.90328
4336.85000,0.19000,2.58011,-0.86864
4336.90000,0.19185,2.57798,-0.82066
4336.95000,0.19212,2.57770,-0.76308
4337.00000,0.19224,2.57759,-0.70467
4337.05000,0.19237,2.57749,-0.64640
4337.10000,0.19251,2.57739,-0.58825
4337.15000,0.19265,2.57733,-0.54183
4337.20000,0.19236,2.57774,-0.52418
4337.25000,0.19281,2.57746,-0.52980
4337.30000,0.19625,2.57534,-0.55438
4337.35000,0.20143,2.57199,-0.59011
4337.40000,0.20760,2.56766,-0.63145
4337.45000,0.21514,2.56190,-0.67330
4337.50000,0.22283,2.55550,-0.71515
4337.55000,0.23024,2.54879,-0.75695
4337.60000,0.23738,2.54203,-0.79184
4337.65000,0.24468,2.53507,-0.80789
4337.70000,0.25197,2.52804,-0.80314
4337.75000,0.25875,2.52133,-0.78096
4337.80000,0.26372,2.51656,-0.74562
4337.85000,0.26657,2.51403,-0.69741
4337.90000,0.26722,2.51350,-0.63685
4337.95000,0.26736,2.51341,-0.57328
4338.00000,0.26750,2.51332,-0.50954
4338.05000,0.26768,2.51324,-0.45771
4338.10000,0.26774,2.51333,-0.43651
4338.15000,0.26940,2.51247,-0.44428
4338.20000,0.27393,2.51023,-0.46916
4338.25000,0.27995,2.50703,-0.50240
4338.30000,0.28748,2.50270,-0.53947
4338.35000,0.29592,2.49742,-0.57812
4338.40000,0.30419,2.49180,-0.61659
4338.45000,0.31223,2.48586,-0.65432
4338.50000,0.32005,2.47963,-0.69204
4338.55000,0.32761,2.47338,-0.72267
4338.60000,0.33501,2.46725,-0.74196
4338.65000,0.34241,2.46107,-0.74483
4338.70000,0.34990,2.45475,-0.72957
4338.75000,0.35674,2.44889,-0.69569
4338.80000,0.36148,2.44510,-0.64857
4338.85000,0.36371,2.44366,-0.60126
4338.90000,0.36500,2.44283,-0.56696
4338.95000,0.36589,2.44225,-0.53680
4339.00000,0.36680,2.44172,-0.53084
4339.05000,0.36793,2.44103,-0.54068
4339.10000,0.37097,2.43908,-0.57313
4339.15000,0.37630,2.43549,-0.61312
4339.20000,0.38200,2.43127,-0.66016
4339.25000,0.38812,2.42627,-0.71090
4339.30000,0.39449,2.42049,-0.76373
4339.35000,0.40082,2.41408,-0.81838
4339.40000,0.40702,2.40707,-0.87404
4339.45000,0.41293,2.39959,-0.93070
4339.50000,0.41852,2.39162,-0.98776
4339.55000,0.42378,2.38312,-1.04452
4339.60000,0.42854,2.37438,-1.10019
4339.65000,0.43280,2.36539,-1.15620
4339.70000,0.43655,2.35618,-1.21107
4339.75000,0.43906,2.34891,-1.26883
4339.80000,0.44027,2.34456,-1.33572
4339.85000,0.44082,2.34188,-1.41016
4339.90000,0.44100,2.34042,-1.48982
4339.95000,0.44103,2.33987,-1.57301
4340.00000,0.44102,2.33967,-1.65718
4340.05000,0.44100,2.33948,-1.74063
4340.10000,0.44095,2.33929,-1.82318
4340.15000,0.44090,2.33911,-1.90479
4340.20000,0.44083,2.33893,-1.98548
4340.25000,0.44074,2.33876,-2.06529
4340.30000,0.44065,2.33859,-2.14438
4340.35000,0.44054,2.33844,-2.22274
4340.40000,0.44042,2.33829,-2.30036
4340.45000,0.44028,2.33815,-2.37724
4340.50000,0.44014,2.33803,-2.45337
4340.55000,0.43999,2.33791,-2.52874
4340.60000,0.43983,2.33781,-2.60335
4340.65000,0.43966,2.33771,-2.67718
4340.70000,0.43949,2.33764,-2.75021
4340.75000,0.43931,2.33757,-2.82240
4340.80000,0.43913,2.33752,-2.89371
4340.85000,0.43894,2.33748,-2.96411
4340.90000,0.43875,2.33745,-3.03361
4340.95000,0.43856,2.33743,-3.10217
4341.00000,0.43837,2.33743,3.11340
4341.05000,0.43818,2.33745,3.04675
4341.10000,0.43799,2.33747,2.98105
4341.15000,0.43780,2.33751,2.91626
4341.20000,0.43762,2.33756,2.85236
4341.25000,0.43744,2.33762,2.78935
4341.30000,0.43726,2.33769,2.72722
4341.35000,0.43709,2.33777,2.66595
4341.40000,0.43693,2.33786,2.60554
4341.45000,0.43677,2.33796,2.54598
4341.50000,0.43661,2.33807,2.48723
4341.55000,0.43647,2.33819,2.42938
4341.60000,0.43633,2.33832,2.37250
4341.65000,0.43620,2.33845,2.31668
4341.70000,0.43608,2.33859,2.26190
4341.75000,0.43587,2.33887,2.21909
4341.80000,0.43323,2.34245,2.19481
4341.85000,0.42809,2.34962,2.18868
4341.90000,0.42230,2.35777,2.18843
4341.95000,0.41651,2.36593,2.18865
4342.00000,0.41071,2.37408,2.18936
4342.05000,0.40490,2.38222,2.19078
4342.10000,0.39912,2.39031,2.19258
4342.15000,0.39331,2.39839,2.19529
4342.20000,0.38749,2.40643,2.19864
4342.25000,0.38166,2.41444,2.20236
4342.30000,0.37580,2.42241,2.20646
4342.35000,0.36987,2.43042,2.21087
4342.40000,0.36396,2.43832,2.21598
4342.45000,0.35799,2.44620,2.22151
4342.50000,0.35191,2.45413,2.22657
4342.55000,0.34583,2.46199,2.23263
4342.60000,0.33965,2.46988,2.23917
4342.65000,0.33341,2.47774,2.24627
4342.70000,0.32707,2.48558,2.25422
4342.75000,0.32076,2.49328,2.26241
4342.80000,0.31480,2.50054,2.25944
4342.85000,0.31056,2.50585,2.23412
4342.90000,0.30787,2.50941,2.19506
4342.95000,0.30673,2.51107,2.14322
4343.00000,0.30654,2.51142,2.09629
4343.05000,0.30560,2.51308,2.07287
4343.10000,0.30242,2.51875,2.06985
4343.15000,0.29780,2.52712,2.08023
4343.20000,0.29275,2.53604,2.09325
4343.25000,0.28765,2.54478,2.10637
4343.30000,0.28234,2.55363,2.11970
4343.35000,0.27689,2.56244,2.13317
4343.40000,0.27134,2.57112,2.14691
4343.45000,0.26568,2.57972,2.16112
4343.50000,0.26034,2.58779,2.16532
4343.55000,0.25524,2.59559,2.15803
4343.60000,0.25183,2.60109,2.14706
4343.65000,0.24895,2.60536,2.15140
4343.70000,0.24523,2.61082,2.17385
4343.75000,0.24056,2.61739,2.20566
4343.80000,0.23486,2.62485,2.24211
4343.85000,0.22846,2.63260,2.28200
4343.90000,0.22179,2.64004,2.32162
4343.95000,0.21482,2.64722,2.36092
4344.00000,0.20758,2.65411,2.40066
4344.05000,0.20007,2.66071,2.44020
4344.10000,0.19231,2.66702,2.47933
4344.15000,0.18430,2.67301,2.51857
4344.20000,0.17607,2.67868,2.55832
4344.25000,0.16761,2.68402,2.59810
4344.30000,0.15895,2.68902,2.63794
4344.35000,0.15010,2.69367,2.67799
4344.40000,0.14109,2.69795,2.71857
4344.45000,0.13192,2.70185,2.76026
4344.50000,0.12257,2.70539,2.80434
4344.55000,0.11306,2.70850,2.84714
4344.60000,0.10405,2.71099,2.89457
4344.65000,0.09503,2.71302,2.94640
4344.70000,0.08586,2.71457,3.00080
4344.75000,0.07691,2.71559,3.05827
4344.80000,0.06784,2.71608,3.11696
4344.85000,0.05896,2.71611,-3.11573
4344.90000,0.05025,2.71612,-3.07979
4344.95000,0.04186,2.71641,-3.06656
4345.00000,0.03415,2.71662,-3.07979
4345.05000,0.02903,2.71651,-3.12420
4345.10000,0.02418,2.71656,3.10396
4345.15000,0.01840,2.71695,3.04552
4345.20000,0.01201,2.71776,2.98459
4345.25000,0.00523,2.71906,2.92198
4345.30000,-0.00138,2.72076,2.85663
4345.35000,-0.00751,2.72279,2.78819
4345.40000,-0.01347,2.72522,2.71843
4345.45000,-0.01924,2.72776,2.65960
4345.50000,-0.02483,2.73016,2.61569
4345.55000,-0.03059,2.73280,2.59923
4345.60000,-0.03655,2.73571,2.60368
4345.65000,-0.04255,2.73868,2.61943
4345.70000,-0.04867,2.74182,2.65015
4345.75000,-0.05496,2.74506,2.69670
4345.80000,-0.06178,2.74808,2.75013
4345.85000,-0.06923,2.75091,2.80612
4345.90000,-0.07682,2.75331,2.86526
4345.95000,-0.08455,2.75525,2.92660
4346.00000,-0.09217,2.75666,2.99033
4346.05000,-0.09959,2.75753,3.04341
4346.10000,-0.10623,2.75762,3.06996
4346.15000,-0.11203,2.75721,3.07840
4346.20000,-0.11727,2.75694,3.06726
4346.25000,-0.12163,2.75723,3.02456
4346.30000,-0.12652,2.75794,2.97116
4346.35000,-0.13234,2.75911,2.91416
4346.40000,-0.13876,2.76080,2.85465
4346.45000,-0.14555,2.76303,2.79340
4346.50000,-0.15203,2.76563,2.72899
4346.55000,-0.15804,2.76851,2.66161
4346.60000,-0.16372,2.77171,2.59235
4346.65000,-0.16903,2.77523,2.52161
4346.70000,-0.17409,2.77912,2.45023
4346.75000,-0.17875,2.78328,2.37788
4346.80000,-0.18290,2.78756,2.30410
4346.85000,-0.18663,2.79202,2.22953
4346.90000,-0.19001,2.79647,2.16669
4346.95000,-0.19337,2.80098,2.13013
4347.00000,-0.19539,2.80413,2.11286
4347.05000,-0.19625,2.80570,2.07643
4347.10000,-0.19691,2.80696,2.02292
4347.15000,-0.19783,2.80904,1.96128
4347.20000,-0.19897,2.81210,1.89539
4347.25000,-0.20006,2.81574,1.82588
4347.30000,-0.20099,2.81993,1.75427
4347.35000,-0.20166,2.82450,1.68109
4347.40000,-0.20201,2.82929,1.60661
4347.45000,-0.20200,2.83422,1.53125
4347.50000,-0.20161,2.83920,1.45516
4347.55000,-0.20084,2.84418,1.37857
4347.60000,-0.19967,2.84914,1.30165
4347.65000,-0.19813,2.85400,1.22442
4347.70000,-0.19620,2.85876,1.14709
4347.75000,-0.19390,2.86336,1.06962
4347.80000,-0.19127,2.86775,0.99192
4347.85000,-0.18825,2.87201,0.91453
4347.90000,-0.18488,2.87605,0.83724
4347.95000,-0.18119,2.87983,0.75998
4348.00000,-0.17718,2.88336,0.68293
4348.05000,-0.17286,2.88660,0.60607
4348.10000,-0.16824,2.88955,0.52948
4348.15000,-0.16338,2.89215,0.45304
4348.20000,-0.15830,2.89438,0.37673
4348.25000,-0.15295,2.89627,0.30090
4348.30000,-0.14747,2.89774,0.22504
4348.35000,-0.14173,2.89883,0.14987
4348.40000,-0.13594,2.89948,0.07463
4348.45000,-0.12998,2.89970,-0.00010
4348.50000,-0.12391,2.89948,-0.07438
4348.55000,-0.11791,2.89880,-0.14882
4348.60000,-0.11190,2.89767,-0.22294
4348.65000,-0.10594,2.89609,-0.29684
4348.70000,-0.10010,2.89406,-0.37070
4348.75000,-0.09437,2.89159,-0.44430
4348.80000,-0.08875,2.88865,-0.51754
4348.85000,-0.08340,2.88565,-0.57942
4348.90000,-0.07984,2.88329,-0.62426
4348.95000,-0.07810,2.88199,-0.65948
4349.00000,-0.07653,2.88072,-0.69289
4349.05000,-0.07503,2.87943,-0.72505
4349.10000,-0.07359,2.87812,-0.75597
4349.15000,-0.07221,2.87678,-0.78567
4349.20000,-0.07088,2.87542,-0.81416
4349.25000,-0.06962,2.87404,-0.84146
4349.30000,-0.06840,2.87264,-0.86758
4349.35000,-0.06724,2.87124,-0.89254
4349.40000,-0.06612,2.86982,-0.91634
4349.45000,-0.06505,2.86839,-0.93902
4349.50000,-0.06402,2.86695,-0.96058
4349.55000,-0.06304,2.86550,-0.98104
4349.60000,-0.06209,2.86405,-1.00041
4349.65000,-0.06117,2.86260,-1.01871
4349.70000,-0.06029,2.86114,-1.03596
4349.75000,-0.05944,2.85968,-1.05217
4349.80000,-0.05862,2.85822,-1.06736
4349.85000,-0.05788,2.85685,-1.08206
4349.90000,-0.05728,2.85572,-1.09686
4349.95000,-0.05658,2.85434,-1.11014
4350.00000,-0.05599,2.85312,-1.12276
4350.05000,-0.05542,2.85192,-1.13429
4350.10000,-0.05485,2.85070,-1.14475
4350.15000,-0.05426,2.84940,-1.15409
4350.20000,-0.05366,2.84804,-1.16226
4350.25000,-0.05309,2.84671,-1.16936
4350.30000,-0.05251,2.84536,-1.17547
4350.35000,-0.05193,2.84397,-1.18055
4350.40000,-0.05134,2.84255,-1.18468
4350.45000,-0.05077,2.84116,-1.18797
4350.50000,-0.05020,2.83976,-1.19020
4350.55000,-0.04963,2.83836,-1.19210
4350.60000,-0.04907,2.83696,-1.19282
4350.65000,-0.04851,2.83556,-1.19273
4350.70000,-0.04795,2.83415,-1.19178
4350.75000,-0.04739,2.83275,-1.19012
4350.80000,-0.04683,2.83135,-1.18794
4350.85000,-0.04627,2.82994,-1.18480
4350.90000,-0.04569,2.82852,-1.18086
4350.95000,-0.04512,2.82713,-1.17631
4351.00000,-0.04456,2.82578,-1.17113
4351.05000,-0.04399,2.82444,-1.16536
4351.10000,-0.04342,2.82309,-1.15890
4351.15000,-0.04282,2.82171,-1.15141
4351.20000,-0.04225,2.82042,-1.14314
4351.25000,-0.04170,2.81922,-1.13470
4351.30000,-0.04109,2.81791,-1.12524
4351.35000,-0.04044,2.81654,-1.11555
4351.40000,-0.03980,2.81525,-1.10468
4351.45000,-0.03918,2.81403,-1.09288
4351.50000,-0.03854,2.81277,-1.08192
4351.55000,-0.03783,2.81143,-1.07052
4351.60000,-0.03711,2.81012,-1.05870
4351.65000,-0.03641,2.80886,-1.04552
4351.70000,-0.03565,2.80754,-1.03253
4351.75000,-0.03490,2.80627,-1.01957
4351.80000,-0.03408,2.80494,-1.00593
4351.85000,-0.03329,2.80371,-0.99122
4351.90000,-0.03239,2.80236,-0.97672
4351.95000,-0.03157,2.80114,-0.96213
4352.00000,-0.03067,2.79986,-0.94703
4352.05000,-0.02986,2.79876,-0.93075
4352.10000,-0.02894,2.79752,-0.91512
4352.15000,-0.02798,2.79630,-0.89934
4352.20000,-0.02697,2.79505,-0.88317
4352.25000,-0.02604,2.79392,-0.86662
4352.30000,-0.02500,2.79272,-0.85002
4352.35000,-0.02394,2.79154,-0.83314
4352.40000,-0.02290,2.79042,-0.81611
4352.45000,-0.02195,2.78943,-0.79810
4352.50000,-0.02099,2.78845,-0.77996
4352.55000,-0.01999,2.78748,-0.76178
4352.60000,-0.01890,2.78646,-0.74404
4352.65000,-0.01778,2.78544,-0.72635
4352.70000,-0.01667,2.78448,-0.70843
4352.75000,-0.01551,2.78351,-0.69035
4352.80000,-0.01439,2.78260,-0.67229
4352.85000,-0.01325,2.78170,-0.65415
4352.90000,-0.01209,2.78083,-0.63587
4352.95000,-0.01091,2.77997,-0.61749
4353.00000,-0.00973,2.77914,-0.59921
4353.05000,-0.00855,2.77832,-0.58080
4353.10000,-0.00735,2.77754,-0.56233
4353.15000,-0.00614,2.77679,-0.54370
4353.20000,-0.00529,2.77636,-0.54098
4353.25000,-0.00462,2.77590,-0.54210
4353.30000,-0.00400,2.77555,-0.53770
4353.35000,-0.00353,2.77540,-0.54957
4353.40000,-0.00082,2.77366,-0.58410
4353.45000,0.00284,2.77122,-0.61300
4353.50000,0.00681,2.76839,-0.61777
4353.55000,0.00890,2.76695,-0.60665
4353.60000,0.00981,2.76633,-0.58801
4353.65000,0.01070,2.76576,-0.56872
4353.70000,0.01152,2.76524,-0.54918
4353.75000,0.01188,2.76513,-0.54575
4353.80000,0.01286,2.76448,-0.56882
4353.85000,0.01565,2.76262,-0.60404
4353.90000,0.01981,2.75962,-0.64704
4353.95000,0.02444,2.75610,-0.68653
4354.00000,0.02929,2.75226,-0.70191
4354.05000,0.03144,2.75055,-0.70932
4354.10000,0.03272,2.74942,-0.71663
4354.15000,0.03387,2.74841,-0.69714
4354.20000,0.03451,2.74788,-0.67209
4354.25000,0.03522,2.74732,-0.64629
4354.30000,0.03563,2.74701,-0.63828
4354.35000,0.03602,2.74669,-0.63506
4354.40000,0.03671,2.74616,-0.61110
4354.45000,0.03702,2.74597,-0.60175
4354.50000,0.03728,2.74586,-0.61696
4354.55000,0.03974,2.74404,-0.64897
4354.60000,0.04357,2.74101,-0.68995
4354.65000,0.04815,2.73719,-0.72481
4354.70000,0.05109,2.73457,-0.74624
4354.75000,0.05324,2.73259,-0.76184
4354.80000,0.05515,2.73085,-0.74475
4354.85000,0.05603,2.73005,-0.70907
4354.90000,0.05631,2.72981,-0.67455
4354.95000,0.05650,2.72965,-0.64025
4355.00000,0.05669,2.72948,-0.60528
4355.05000,0.05704,2.72923,-0.56833
4355.10000,0.05753,2.72896,-0.54982
4355.15000,0.05799,2.72875,-0.56075
4355.20000,0.06027,2.72721,-0.58908
4355.25000,0.06404,2.72458,-0.62749
4355.30000,0.06888,2.72090,-0.67230
4355.35000,0.07455,2.71617,-0.72027
4355.40000,0.08029,2.71086,-0.77245
4355.45000,0.08613,2.70483,-0.82675
4355.50000,0.09180,2.69833,-0.88130
4355.55000,0.09741,2.69152,-0.92296
4355.60000,0.10313,2.68431,-0.93435
4355.65000,0.10779,2.67803,-0.91769
4355.70000,0.11092,2.67401,-0.88329
4355.75000,0.11215,2.67256,-0.83599
4355.80000,0.11226,2.67244,-0.78116
4355.85000,0.11236,2.67234,-0.72571
4355.90000,0.11247,2.67225,-0.66969
4355.95000,0.11258,2.67220,-0.62544
4356.00000,0.11232,2.67260,-0.61052
4356.05000,0.11229,2.67272,-0.61815
4356.10000,0.11517,2.67057,-0.64461
4356.15000,0.12027,2.66659,-0.68021
4356.20000,0.12651,2.66132,-0.72022
4356.25000,0.13328,2.65511,-0.76395
4356.30000,0.14029,2.64809,-0.80977
4356.35000,0.14709,2.64091,-0.84584
4356.40000,0.15371,2.63346,-0.85372
4356.45000,0.15990,2.62635,-0.84105
4356.50000,0.16494,2.62069,-0.80971
4356.55000,0.16635,2.61911,-0.75598
4356.60000,0.16652,2.61896,-0.69544
4356.65000,0.16666,2.61885,-0.63463
4356.70000,0.16684,2.61874,-0.58634
4356.75000,0.16722,2.61853,-0.56750
4356.80000,0.16800,2.61795,-0.56478
4356.85000,0.17084,2.61598,-0.58506
4356.90000,0.17631,2.61222,-0.61791
4356.95000,0.18293,2.60732,-0.65599
4357.00000,0.18986,2.60174,-0.69934
4357.05000,0.19678,2.59564,-0.74597
4357.10000,0.20396,2.58871,-0.78914
4357.15000,0.21086,2.58173,-0.82375
4357.20000,0.21729,2.57485,-0.82733
4357.25000,0.22184,2.57000,-0.80123
4357.30000,0.22448,2.56737,-0.75809
4357.35000,0.22513,2.56677,-0.70348
4357.40000,0.22532,2.56663,-0.64624
4357.45000,0.22553,2.56649,-0.60128
4357.50000,0.22572,2.56648,-0.58802
4357.55000,0.22759,2.56521,-0.60077
4357.60000,0.23176,2.56224,-0.62861
4357.65000,0.23746,2.55793,-0.66299
4357.70000,0.24446,2.55225,-0.70080
4357.75000,0.25176,2.54582,-0.74215
4357.80000,0.25895,2.53893,-0.78325
4357.85000,0.26542,2.53234,-0.80993
4357.90000,0.27179,2.52578,-0.81552
4357.95000,0.27795,2.51937,-0.80225
4358.00000,0.28153,2.51573,-0.76476
4358.05000,0.28272,2.51463,-0.71358
4358.10000,0.28290,2.51448,-0.65661
4358.15000,0.28308,2.51435,-0.59938
4358.20000,0.28331,2.51422,-0.55360
4358.25000,0.28343,2.51423,-0.53648
4358.30000,0.28398,2.51388,-0.53966
4358.35000,0.28714,2.51188,-0.55747
4358.40000,0.29332,2.50789,-0.58867
4358.45000,0.30033,2.50301,-0.62621
4358.50000,0.30818,2.49708,-0.66542
4358.55000,0.31589,2.49078,-0.70455
4358.60000,0.32341,2.48438,-0.73583
4358.65000,0.33121,2.47764,-0.74808
4358.70000,0.33932,2.47056,-0.74317
4358.75000,0.34698,2.46375,-0.72374
4358.80000,0.35275,2.45879,-0.69136
4358.85000,0.35636,2.45593,-0.64662
4358.90000,0.35758,2.45504,-0.58940
4358.95000,0.35774,2.45494,-0.52691
4359.00000,0.35789,2.45489,-0.47562
4359.05000,0.35748,2.45544,-0.45068
4359.10000,0.35656,2.45609,-0.44981
4359.15000,0.35699,2.45585,-0.46374
4359.20000,0.36053,2.45395,-0.49892
4359.25000,0.36632,2.45063,-0.54083
4359.30000,0.37235,2.44681,-0.58952
4359.35000,0.37875,2.44227,-0.64159
4359.40000,0.38520,2.43718,-0.69655
4359.45000,0.39177,2.43136,-0.75254
4359.50000,0.39830,2.42489,-0.80921
4359.55000,0.40457,2.41792,-0.86673
4359.60000,0.41054,2.41046,-0.92467
4359.65000,0.41619,2.40250,-0.98261
4359.70000,0.42147,2.39406,-1.04035
4359.75000,0.42627,2.38531,-1.09833
4359.80000,0.43056,2.37628,-1.15515
4359.85000,0.43432,2.36706,-1.21242
4359.90000,0.43740,2.35808,-1.25534
4359.95000,0.44044,2.34894,-1.27456
4360.00000,0.44206,2.34283,-1.27979
4360.05000,0.44311,2.33917,-1.28303
4360.10000,0.44451,2.33517,-1.26748
4360.15000,0.44546,2.33186,-1.22367
4360.20000,0.44602,2.33015,-1.18055
4360.25000,0.44626,2.32882,-1.16293
4360.30000,0.44630,2.32795,-1.17228
4360.35000,0.44764,2.32578,-1.20051
4360.40000,0.44923,2.32202,-1.23894
4360.45000,0.45128,2.31615,-1.28302
4360.50000,0.45345,2.30814,-1.32993
4360.55000,0.45538,2.29935,-1.37963
4360.60000,0.45695,2.28992,-1.43100
4360.65000,0.45800,2.28045,-1.47086
4360.70000,0.45879,2.27089,-1.48414
4360.75000,0.45953,2.26097,-1.47708
4360.80000,0.46039,2.25148,-1.45323
4360.85000,0.46097,2.24575,-1.41255
4360.90000,0.46111,2.24463,-1.35713
4360.95000,0.46117,2.24437,-1.29758
4361.00000,0.46125,2.24412,-1.23703
4361.05000,0.46134,2.24389,-1.18657
4361.10000,0.46111,2.24406,-1.16627
4361.15000,0.46122,2.24394,-1.17631
4361.20000,0.46258,2.24071,-1.20545
4361.25000,0.46442,2.23561,-1.24443
4361.30000,0.46644,2.22917,-1.28942
4361.35000,0.46841,2.22168,-1.33837
4361.40000,0.47012,2.21354,-1.39057
4361.45000,0.47140,2.20498,-1.42698
4361.50000,0.47246,2.19632,-1.43363
4361.55000,0.47356,2.18780,-1.41868
4361.60000,0.47446,2.18129,-1.38052
4361.65000,0.47502,2.17864,-1.32873
4361.70000,0.47516,2.17814,-1.26844
4361.75000,0.47523,2.17792,-1.21733
4361.80000,0.47505,2.17802,-1.19428
4361.85000,0.47513,2.17778,-1.20078
4361.90000,0.47653,2.17412,-1.22869
4361.95000,0.47837,2.16864,-1.26563
4362.00000,0.48035,2.16182,-1.30856
4362.05000,0.48225,2.15403,-1.35585
4362.10000,0.48390,2.14543,-1.40463
4362.15000,0.48514,2.13677,-1.45408
4362.20000,0.48599,2.12792,-1.48911
4362.25000,0.48671,2.11868,-1.50150
4362.30000,0.48742,2.10914,-1.49663
4362.35000,0.48817,2.09950,-1.47209
4362.40000,0.48876,2.09235,-1.42949
4362.45000,0.48929,2.08893,-1.37780
4362.50000,0.48950,2.08797,-1.31645
4362.55000,0.48957,2.08772,-1.25208
4362.60000,0.48966,2.08748,-1.18780
4362.65000,0.48976,2.08725,-1.12375
4362.70000,0.48990,2.08702,-1.07024
4362.75000,0.49021,2.08665,-1.02898
4362.80000,0.49051,2.08635,-1.01075
4362.85000,0.49114,2.08564,-1.01365
4362.90000,0.49367,2.08183,-1.03913
4362.95000,0.49701,2.07590,-1.07749
4363.00000,0.50065,2.06877,-1.12070
4363.05000,0.50433,2.06068,-1.16647
4363.10000,0.50804,2.05147,-1.20829
4363.15000,0.51139,2.04204,-1.25015
4363.20000,0.51435,2.03249,-1.29113
4363.25000,0.51691,2.02283,-1.33210
4363.30000,0.51884,2.01391,-1.35834
4363.35000,0.52064,2.00534,-1.35753
4363.40000,0.52213,1.99820,-1.33203
4363.45000,0.52343,1.99328,-1.29038
4363.50000,0.52419,1.99082,-1.23752
4363.55000,0.52434,1.99043,-1.17500
4363.60000,0.52443,1.99022,-1.11081
4363.65000,0.52456,1.99001,-1.05798
4363.70000,0.52486,1.98967,-1.01918
4363.75000,0.52528,1.98928,-1.00090
4363.80000,0.52648,1.98765,-1.01078
4363.85000,0.52981,1.98224,-1.03872
4363.90000,0.53393,1.97496,-1.07346
4363.95000,0.53799,1.96708,-1.11485
4364.00000,0.54219,1.95805,-1.15591
4364.05000,0.54603,1.94882,-1.19612
4364.10000,0.54950,1.93944,-1.23628
4364.15000,0.55238,1.93057,-1.26261
4364.20000,0.55517,1.92166,-1.26302
4364.25000,0.55701,1.91597,-1.23244
4364.30000,0.55792,1.91352,-1.18105
4364.35000,0.55819,1.91291,-1.12099
4364.40000,0.55829,1.91271,-1.05806
4364.45000,0.55843,1.91252,-1.00715
4364.50000,0.55860,1.91235,-0.97265
4364.55000,0.55886,1.91211,-0.94777
4364.60000,0.55910,1.91194,-0.94104
4364.65000,0.55952,1.91142,-0.94535
4364.70000,0.56076,1.90969,-0.95640
4364.75000,0.56299,1.90648,-0.97480
4364.80000,0.56646,1.90122,-1.00281
4364.85000,0.57112,1.89361,-1.04122
4364.90000,0.57583,1.88512,-1.08477
4364.95000,0.58032,1.87618,-1.12662
4365.00000,0.58443,1.86706,-1.16825
4365.05000,0.58766,1.85896,-1.19337
4365.10000,0.59061,1.85153,-1.18963
4365.15000,0.59228,1.84756,-1.15308
4365.20000,0.59339,1.84520,-1.10004
4365.25000,0.59375,1.84453,-1.03804
4365.30000,0.59385,1.84436,-0.97269
4365.35000,0.59399,1.84421,-0.91980
4365.40000,0.59415,1.84409,-0.88409
4365.45000,0.59415,1.84415,-0.85948
4365.50000,0.59396,1.84445,-0.85019
4365.55000,0.59387,1.84459,-0.85258
4365.60000,0.59467,1.84367,-0.86147
4365.65000,0.59668,1.84130,-0.87849
4365.70000,0.60006,1.83712,-0.90496
4365.75000,0.60482,1.83083,-0.94122
4365.80000,0.61012,1.82319,-0.98669
4365.85000,0.61513,1.81519,-1.03250
4365.90000,0.61980,1.80693,-1.07817
4365.95000,0.62434,1.79802,-1.12200
4366.00000,0.62812,1.78972,-1.15110
4366.05000,0.63054,1.78396,-1.16980
4366.10000,0.63241,1.77930,-1.20772
4366.15000,0.63372,1.77558,-1.26141
4366.20000,0.63437,1.77332,-1.32942
4366.25000,0.63467,1.77192,-1.40628
4366.30000,0.63473,1.77146,-1.48720
4366.35000,0.63474,1.77127,-1.56830
4366.40000,0.63473,1.77108,-1.64829
4366.45000,0.63471,1.77090,-1.72716
4366.50000,0.63467,1.77071,-1.80492
4366.55000,0.63462,1.77053,-1.88158
4366.60000,0.63456,1.77036,-1.95714
4366.65000,0.63448,1.77019,-2.03163
4366.70000,0.63439,1.77002,-2.10504
4366.75000,0.63429,1.76986,-2.17739
4366.80000,0.63418,1.76971,-2.24869
4366.85000,0.63406,1.76957,-2.31893
4366.90000,0.63392,1.76944,-2.38815
4366.95000,0.63378,1.76931,-2.45634
4367.00000,0.63363,1.76920,-2.52352
4367.05000,0.63347,1.76909,-2.58968
4367.10000,0.63331,1.76900,-2.65484
4367.15000,0.63314,1.76892,-2.71898
4367.20000,0.63296,1.76884,-2.78213
4367.25000,0.63278,1.76878,-2.84428
4367.30000,0.63259,1.76873,-2.90543
4367.35000,0.63241,1.76869,-2.96558
4367.40000,0.63222,1.76866,-3.02474
4367.45000,0.63203,1.76865,-3.08292
4367.50000,0.63184,1.76864,-3.14010
4367.55000,0.63164,1.76865,3.08689
4367.60000,0.63145,1.76866,3.03167
4367.65000,0.63126,1.76869,2.97744
4367.70000,0.63108,1.76872,2.92419
4367.75000,0.63089,1.76877,2.87191
4367.80000,0.63071,1.76883,2.82062
4367.85000,0.63053,1.76889,2.77029
4367.90000,0.63035,1.76897,2.72094
4367.95000,0.63018,1.76905,2.67255
4368.00000,0.63001,1.76914,2.62512
4368.05000,0.62823,1.77035,2.57861
4368.10000,0.62265,1.77406,2.53560
4368.15000,0.61518,1.77947,2.49366
4368.20000,0.60751,1.78557,2.44939
4368.25000,0.59998,1.79211,2.40589
4368.30000,0.59278,1.79892,2.36277
4368.35000,0.58646,1.80546,2.31693
4368.40000,0.57987,1.81290,2.27485
4368.45000,0.57356,1.82065,2.23365
4368.50000,0.56757,1.82866,2.19295
4368.55000,0.56190,1.83690,2.15275
4368.60000,0.55657,1.84536,2.11304
4368.65000,0.55158,1.85403,2.07381
4368.70000,0.54693,1.86288,2.03506
4368.75000,0.54263,1.87190,1.99680
4368.80000,0.53867,1.88109,1.95904
4368.85000,0.53506,1.89041,1.92178
4368.90000,0.53179,1.89986,1.88505
4368.95000,0.52888,1.90942,1.84888
4369.00000,0.52630,1.91909,1.81329
4369.05000,0.52407,1.92883,1.77839
4369.10000,0.52218,1.93865,1.74432
4369.15000,0.52062,1.94853,1.71113
4369.20000,0.51938,1.95845,1.67889
4369.25000,0.51846,1.96840,1.64765
4369.30000,0.51784,1.97838,1.61746
4369.35000,0.51751,1.98730,1.60383
4369.40000,0.51719,1.99706,1.60280
4369.45000,0.51687,2.00706,1.60268
4369.50000,0.51655,2.01705,1.60312
4369.55000,0.51622,2.02707,1.60535
4369.60000,0.51586,2.03710,1.60780
4369.65000,0.51547,2.04713,1.61048
4369.70000,0.51506,2.05716,1.61426
4369.75000,0.51460,2.06718,1.61937
4369.80000,0.51408,2.07724,1.62570
4369.85000,0.51350,2.08736,1.63272
4369.90000,0.51284,2.09742,1.63949
4369.95000,0.51212,2.10749,1.64581
4370.00000,0.51132,2.11760,1.65434
4370.05000,0.51045,2.12758,1.66272
4370.10000,0.50948,2.13762,1.67244
4370.15000,0.50840,2.14771,1.68250
4370.20000,0.50763,2.15657,1.69200
4370.25000,0.50771,2.16127,1.69782
4370.30000,0.50785,2.16529,1.70107
4370.35000,0.50804,2.16786,1.69773
4370.40000,0.50805,2.16785,1.68512
4370.45000,0.50806,2.16769,1.67186
4370.50000,0.50795,2.16797,1.66754
4370.55000,0.50780,2.16956,1.66174
4370.60000,0.50779,2.16966,1.64928
4370.65000,0.50756,2.17132,1.63828
4370.70000,0.50743,2.17361,1.63040
4370.75000,0.50725,2.17616,1.62110
4370.80000,0.50695,2.18076,1.62320
4370.85000,0.50641,2.18771,1.63238
4370.90000,0.50575,2.19713,1.65200
4370.95000,0.50485,2.20660,1.67933
4371.00000,0.50375,2.21555,1.71312
4371.05000,0.50216,2.22510,1.75268
4371.10000,0.50004,2.23542,1.79384
4371.15000,0.49750,2.24601,1.83704
4371.20000,0.49474,2.25531,1.87768
4371.25000,0.49172,2.26415,1.91819
4371.30000,0.48850,2.27249,1.96043
4371.35000,0.48492,2.28070,2.00213
4371.40000,0.48101,2.28876,2.04377
4371.45000,0.47676,2.29665,2.08532
4371.50000,0.47190,2.30486,2.12415
4371.55000,0.46659,2.31317,2.16163
4371.60000,0.46098,2.32124,2.19882
4371.65000,0.45505,2.32911,2.23540
4371.70000,0.44882,2.33679,2.27203
4371.75000,0.44270,2.34376,2.31064
4371.80000,0.43649,2.35030,2.34981
4371.85000,0.43002,2.35660,2.38869
4371.90000,0.42331,2.36265,2.42701
4371.95000,0.41646,2.36854,2.45790
4372.00000,0.41110,2.37283,2.47292
4372.05000,0.40812,2.37518,2.47235
4372.10000,0.40720,2.37591,2.45805
4372.15000,0.40674,2.37630,2.43860
4372.20000,0.40628,2.37669,2.41897
4372.25000,0.40583,2.37709,2.39942
4372.30000,0.40540,2.37750,2.37993
4372.35000,0.40497,2.37792,2.36051
4372.40000,0.40455,2.37834,2.34117
4372.45000,0.40431,2.37861,2.32891
4372.50000,0.40340,2.37956,2.32664
4372.55000,0.40264,2.38035,2.32253
4372.60000,0.40062,2.38252,2.33082
4372.65000,0.39760,2.38565,2.34705
4372.70000,0.39330,2.38992,2.37215
4372.75000,0.38745,2.39541,2.40664
4372.80000,0.38084,2.40135,2.43679
4372.85000,0.37531,2.40605,2.44914
4372.90000,0.37211,2.40871,2.44490
4372.95000,0.36984,2.41063,2.43212
4373.00000,0.36845,2.41181,2.41447
4373.05000,0.36842,2.41185,2.39089
4373.10000,0.36843,2.41184,2.36688
4373.15000,0.36835,2.41193,2.34351
4373.20000,0.36826,2.41202,2.32032
4373.25000,0.36818,2.41211,2.29728
4373.30000,0.36812,2.41221,2.28591
4373.35000,0.36695,2.41357,2.28836
4373.40000,0.36434,2.41658,2.28583
4373.45000,0.36351,2.41756,2.26829
4373.50000,0.36340,2.41773,2.25822
4373.55000,0.36245,2.41888,2.26052
4373.60000,0.36045,2.42128,2.26968
4373.65000,0.35710,2.42520,2.28722
4373.70000,0.35219,2.43069,2.31351
4373.75000,0.34562,2.43761,2.34842
4373.80000,0.33866,2.44460,2.37785
4373.85000,0.33288,2.45006,2.39401
4373.90000,0.32970,2.45300,2.39537
4373.95000,0.32909,2.45358,2.38268
4374.00000,0.32931,2.45337,2.36616
4374.05000,0.32948,2.45320,2.35115
4374.10000,0.32963,2.45305,2.33814
4374.15000,0.32975,2.45292,2.32708
4374.20000,0.32837,2.45431,2.31608
4374.25000,0.32221,2.46103,2.30761
4374.30000,0.31563,2.46834,2.30130
4374.35000,0.30907,2.47570,2.29546
4374.40000,0.30255,2.48310,2.29006
4374.45000,0.29606,2.49055,2.28515
4374.50000,0.28960,2.49804,2.28063
4374.55000,0.28316,2.50557,2.27675
4374.60000,0.27674,2.51312,2.27264
4374.65000,0.27039,2.52068,2.26766
4374.70000,0.26409,2.52825,2.26181
4374.75000,0.25785,2.53585,2.25501
4374.80000,0.25167,2.54348,2.24755
4374.85000,0.24554,2.55116,2.24038
4374.90000,0.23945,2.55891,2.23386
4374.95000,0.23341,2.56670,2.22794
4375.00000,0.22739,2.57454,2.22272
4375.05000,0.22140,2.58242,2.21810
4375.10000,0.21546,2.59032,2.21347
4375.15000,0.20957,2.59823,2.20809
4375.20000,0.20382,2.60600,2.21355
4375.25000,0.19910,2.61217,2.24341
4375.30000,0.19496,2.61714,2.28749
4375.35000,0.18984,2.62274,2.33569
4375.40000,0.18375,2.62877,2.38603
4375.45000,0.17703,2.63477,2.43881
4375.50000,0.16953,2.64079,2.49222
4375.55000,0.16158,2.64648,2.54703
4375.60000,0.15315,2.65185,2.60187
4375.65000,0.14444,2.65675,2.65672
4375.70000,0.13547,2.66117,2.71062
4375.75000,0.12627,2.66510,2.76428
4375.80000,0.11689,2.66853,2.81844
4375.85000,0.10733,2.67145,2.87027
4375.90000,0.09771,2.67387,2.92329
4375.95000,0.08770,2.67568,2.96279
4376.00000,0.07875,2.67659,2.97616
4376.05000,0.07228,2.67718,2.97328
4376.10000,0.06717,2.67787,2.96263
4376.15000,0.06436,2.67833,2.94130
4376.20000,0.06420,2.67836,2.90804
4376.25000,0.06410,2.67838,2.87360
4376.30000,0.06399,2.67842,2.83914
4376.35000,0.06388,2.67847,2.81287
4376.40000,0.06372,2.67860,2.79685
4376.45000,0.06360,2.67871,2.78304
4376.50000,0.06354,2.67874,2.77020
4376.55000,0.06358,2.67869,2.75848
4376.60000,0.06370,2.67856,2.74807
4376.65000,0.06389,2.67835,2.73890
4376.70000,0.06406,2.67819,2.73494
4376.75000,0.06420,2.67807,2.73426
4376.80000,0.06432,2.67798,2.74046
4376.85000,0.06409,2.67809,2.75883
4376.90000,0.06201,2.67891,2.78576
4376.95000,0.05798,2.68034,2.82173
4377.00000,0.05135,2.68236,2.86825
4377.05000,0.04293,2.68449,2.91977
4377.10000,0.03410,2.68623,2.97374
4377.15000,0.02536,2.68744,3.01639
4377.20000,0.01773,2.68753,3.03370
4377.25000,0.01131,2.68704,3.03192
4377.30000,0.00688,2.68656,3.01958
4377.35000,0.00460,2.68619,2.99764
4377.40000,0.00477,2.68608,2.96588
4377.45000,0.00549,2.68595,2.93262
4377.50000,0.00614,2.68582,2.90152
4377.55000,0.00673,2.68568,2.87321
4377.60000,0.00723,2.68555,2.84831
4377.65000,0.00770,2.68541,2.82640
4377.70000,0.00791,2.68536,2.82238
4377.75000,0.00626,2.68594,2.84147
4377.80000,0.00335,2.68657,2.85361
4377.85000,0.00154,2.68705,2.86172
4377.90000,0.00028,2.68722,2.87191
4377.95000,0.00008,2.68711,2.86206
4378.00000,0.00002,2.68712,2.86572
4378.05000,-0.00220,2.68782,2.88750
4378.10000,-0.00568,2.68834,2.90471
4378.15000,-0.00798,2.68870,2.90992
4378.20000,-0.01001,2.68906,2.91506
4378.25000,-0.01107,2.68912,2.91424
4378.30000,-0.01222,2.68928,2.91568
4378.35000,-0.01256,2.68935,2.92397
4378.40000,-0.01294,2.68934,2.93233
4378.45000,-0.01296,2.68934,2.93127
4378.50000,-0.01298,2.68935,2.93049
4378.55000,-0.01300,2.68935,2.92973
4378.60000,-0.01303,2.68936,2.92900
4378.65000,-0.01305,2.68936,2.92828
4378.70000,-0.01309,2.68937,2.92789
4378.75000,-0.01322,2.68940,2.93055
4378.80000,-0.01336,2.68944,2.93344
4378.85000,-0.01350,2.68947,2.93628
4378.90000,-0.01363,2.68950,2.93897
4378.95000,-0.01375,2.68952,2.94152
4379.00000,-0.01389,2.68955,2.94372
4379.05000,-0.01404,2.68958,2.94566
4379.10000,-0.01417,2.68961,2.94743
4379.15000,-0.01429,2.68963,2.94899
4379.20000,-0.01440,2.68965,2.95013
4379.25000,-0.01450,2.68967,2.95101
4379.30000,-0.01459,2.68970,2.95134
4379.35000,-0.01467,2.68973,2.95116
4379.40000,-0.01473,2.68975,2.95059
4379.45000,-0.01478,2.68977,2.94940
4379.50000,-0.01483,2.68978,2.94777
4379.55000,-0.01486,2.68979,2.94563
4379.60000,-0.01487,2.68980,2.94293
4379.65000,-0.01487,2.68980,2.93969
4379.70000,-0.01488,2.68980,2.93638
4379.75000,-0.01486,2.68980,2.93180
4379.80000,-0.01486,2.68980,2.92663
4379.85000,-0.01479,2.68978,2.92001
4379.90000,-0.01467,2.68976,2.91139
4379.95000,-0.01453,2.68972,2.90126
4380.00000,-0.01429,2.68967,2.88891
4380.05000,-0.01401,2.68960,2.87410
4380.10000,-0.01366,2.68951,2.85665
4380.15000,-0.01327,2.68940,2.83667
4380.20000,-0.01296,2.68940,2.82402
4380.25000,-0.01311,2.68948,2.81923
4380.30000,-0.01323,2.68962,2.80433
4380.35000,-0.01388,2.69021,2.80967
4380.40000,-0.01747,2.69162,2.83279
4380.45000,-0.02309,2.69349,2.86399
4380.50000,-0.03069,2.69552,2.90332
4380.55000,-0.03943,2.69746,2.94679
4380.60000,-0.04750,2.69891,2.97372
4380.65000,-0.05473,2.69984,2.98065
4380.70000,-0.06111,2.69996,2.96924
4380.75000,-0.06459,2.69935,2.93779
4380.80000,-0.06482,2.69905,2.89206
4380.85000,-0.06450,2.69896,2.84355
4380.90000,-0.06414,2.69891,2.80207
4380.95000,-0.06420,2.69935,2.78692
4381.00000,-0.06528,2.70030,2.79746
4381.05000,-0.06974,2.70201,2.82396
4381.10000,-0.07639,2.70411,2.85889
4381.15000,-0.08435,2.70632,2.89879
4381.20000,-0.09249,2.70797,2.92935
4381.25000,-0.09987,2.70864,2.93288
4381.30000,-0.10680,2.70906,2.91895
4381.35000,-0.11014,2.70896,2.88457
4381.40000,-0.11019,2.70912,2.85233
4381.45000,-0.11014,2.70914,2.82983
4381.50000,-0.11023,2.70912,2.81360
4381.55000,-0.11202,2.70975,2.82525
4381.60000,-0.11657,2.71120,2.84979
4381.65000,-0.12303,2.71305,2.88187
4381.70000,-0.12928,2.71449,2.90467
4381.75000,-0.13484,2.71520,2.90348
4381.80000,-0.13984,2.71541,2.88179
4381.85000,-0.14191,2.71496,2.84057
4381.90000,-0.14168,2.71498,2.80421
4381.95000,-0.14145,2.71497,2.77905
4382.00000,-0.14113,2.71501,2.75355
4382.05000,-0.14130,2.71549,2.75056
4382.10000,-0.14427,2.71689,2.76948
4382.15000,-0.15022,2.71913,2.80034
4382.20000,-0.15705,2.72142,2.83846
4382.25000,-0.16554,2.72393,2.87992
4382.30000,-0.17493,2.72624,2.92381
4382.35000,-0.18426,2.72811,2.95738
4382.40000,-0.19320,2.72943,2.96536
4382.45000,-0.20190,2.73050,2.95712
4382.50000,-0.20797,2.73091,2.93003
4382.55000,-0.21077,2.73109,2.88880
4382.60000,-0.21128,2.73122,2.83783
4382.65000,-0.21197,2.73146,2.78744
4382.70000,-0.21268,2.73174,2.73734
4382.75000,-0.21337,2.73206,2.68739
4382.80000,-0.21409,2.73245,2.64705
4382.85000,-0.21512,2.73323,2.63320
4382.90000,-0.21793,2.73493,2.64901
4382.95000,-0.22316,2.73769,2.67673
4383.00000,-0.23019,2.74113,2.71071
4383.05000,-0.23848,2.74479,2.74907
4383.10000,-0.24759,2.74836,2.79038
4383.15000,-0.25696,2.75158,2.83174
4383.20000,-0.26555,2.75415,2.86012
4383.25000,-0.27361,2.75609,2.86110
4383.30000,-0.28076,2.75751,2.84067
4383.35000,-0.28577,2.75900,2.80771
4383.40000,-0.28830,2.75993,2.76397
4383.45000,-0.28937,2.76039,2.71385
4383.50000,-0.29041,2.76089,2.66375
4383.55000,-0.29145,2.76147,2.62506
4383.60000,-0.29302,2.76265,2.61811
4383.65000,-0.29667,2.76478,2.63522
4383.70000,-0.30244,2.76788,2.66181
4383.75000,-0.30993,2.77163,2.69491
4383.80000,-0.31864,2.77560,2.73283
4383.85000,-0.32789,2.77939,2.77233
4383.90000,-0.33685,2.78272,2.79800
4383.95000,-0.34572,2.78595,2.80012
4384.00000,-0.35137,2.78797,2.77162
4384.05000,-0.35326,2.78875,2.72470
4384.10000,-0.35466,2.78941,2.67549
4384.15000,-0.35603,2.79014,2.62647
4384.20000,-0.35735,2.79090,2.58823
4384.25000,-0.35869,2.79173,2.56237
4384.30000,-0.36015,2.79269,2.54543
4384.35000,-0.36178,2.79386,2.54250
4384.40000,-0.36356,2.79514,2.55042
4384.45000,-0.36653,2.79711,2.56614
4384.50000,-0.37140,2.80020,2.59103
4384.55000,-0.37857,2.80444,2.62597
4384.60000,-0.38735,2.80919,2.66716
4384.65000,-0.39631,2.81357,2.70835
4384.70000,-0.40463,2.81722,2.73283
4384.75000,-0.41186,2.82014,2.72767
4384.80000,-0.41555,2.82182,2.69402
4384.85000,-0.41715,2.82263,2.65011
4384.90000,-0.41863,2.82347,2.60592
4384.95000,-0.41999,2.82432,2.56197
4385.00000,-0.42131,2.82520,2.52797
4385.05000,-0.42293,2.82644,2.51906
4385.10000,-0.42565,2.82843,2.53836
4385.15000,-0.43058,2.83173,2.56863
4385.20000,-0.43672,2.83553,2.60754
4385.25000,-0.44411,2.83970,2.65025
4385.30000,-0.45192,2.84365,2.69848
4385.35000,-0.46041,2.84742,2.74868
4385.40000,-0.46937,2.85087,2.80119
4385.45000,-0.47709,2.85345,2.83080
4385.50000,-0.48306,2.85524,2.82681
4385.55000,-0.48692,2.85639,2.79887
4385.60000,-0.48790,2.85675,2.75793
4385.65000,-0.48862,2.85706,2.72555
4385.70000,-0.48950,2.85757,2.70767
4385.75000,-0.49084,2.85860,2.71371
4385.80000,-0.49275,2.85990,2.73520
4385.85000,-0.49672,2.86161,2.76657
4385.90000,-0.50286,2.86389,2.80750
4385.95000,-0.51072,2.86644,2.85481
4386.00000,-0.51944,2.86878,2.90413
4386.05000,-0.52823,2.87066,2.93828
4386.10000,-0.53496,2.87184,2.96161
4386.15000,-0.53994,2.87262,3.00224
4386.20000,-0.54411,2.87309,3.05667
4386.25000,-0.54888,2.87335,3.11682
4386.30000,-0.55444,2.87331,-3.10361
4386.35000,-0.56060,2.87288,-3.03922
4386.40000,-0.56712,2.87199,-2.97364
4386.45000,-0.57389,2.87061,-2.90731
4386.50000,-0.58080,2.86872,-2.84064
4386.55000,-0.58776,2.86630,-2.77375
4386.60000,-0.59473,2.86334,-2.70699
4386.65000,-0.60168,2.85982,-2.64057
4386.70000,-0.60847,2.85581,-2.57418
4386.75000,-0.61509,2.85127,-2.50812
4386.80000,-0.62148,2.84625,-2.44228
4386.85000,-0.62760,2.84075,-2.37673
4386.90000,-0.63333,2.83523,-2.32183
4386.95000,-0.63902,2.82970,-2.28658
4387.00000,-0.64429,2.82449,-2.28352
4387.05000,-0.64771,2.82064,-2.31163
4387.10000,-0.64914,2.81904,-2.34077
4387.15000,-0.65000,2.81812,-2.35926
4387.20000,-0.65068,2.81738,-2.38756
4387.25000,-0.65109,2.81696,-2.43349
4387.30000,-0.65125,2.81682,-2.48261
4387.35000,-0.65141,2.81671,-2.53173
4387.40000,-0.65156,2.81661,-2.58074
4387.45000,-0.65173,2.81652,-2.61797
4387.50000,-0.65219,2.81623,-2.63049
4387.55000,-0.65307,2.81566,-2.61398
4387.60000,-0.65553,2.81415,-2.57473
4387.65000,-0.65947,2.81151,-2.52866
4387.70000,-0.66434,2.80789,-2.47786
4387.75000,-0.66978,2.80340,-2.42394
4387.80000,-0.67544,2.79817,-2.36769
4387.85000,-0.68093,2.79278,-2.32015
4387.90000,-0.68608,2.78767,-2.29452
4387.95000,-0.69092,2.78280,-2.29364
4388.00000,-0.69407,2.77945,-2.32636
4388.05000,-0.69465,2.77885,-2.37808
4388.10000,-0.69481,2.77871,-2.43306
4388.15000,-0.69498,2.77857,-2.48820
4388.20000,-0.69515,2.77845,-2.54346
4388.25000,-0.69535,2.77834,-2.58605
4388.30000,-0.69568,2.77818,-2.60289
4388.35000,-0.69659,2.77759,-2.58947
4388.40000,-0.69947,2.77576,-2.55436
4388.45000,-0.70371,2.77280,-2.51186
4388.50000,-0.70900,2.76875,-2.46466
4388.55000,-0.71479,2.76385,-2.41378
4388.60000,-0.72085,2.75815,-2.36058
4388.65000,-0.72699,2.75173,-2.30597
4388.70000,-0.73301,2.74468,-2.25032
4388.75000,-0.73786,2.73830,-2.18822
4388.80000,-0.74079,2.73388,-2.11604
4388.85000,-0.74250,2.73081,-2.03703
4388.90000,-0.74343,2.72878,-1.95336
4388.95000,-0.74386,2.72758,-1.86655
4389.00000,-0.74401,2.72702,-1.77769
4389.05000,-0.74407,2.72662,-1.68894
4389.10000,-0.74410,2.72622,-1.60106
4389.15000,-0.74409,2.72581,-1.51410
4389.20000,-0.74405,2.72541,-1.42806
4389.25000,-0.74398,2.72501,-1.34296
4389.30000,-0.74387,2.72462,-1.25883
4389.35000,-0.74373,2.72424,-1.17568
4389.40000,-0.74356,2.72387,-1.09353
4389.45000,-0.74336,2.72352,-1.01239
4389.50000,-0.74313,2.72318,-0.93227
4389.55000,-0.74287,2.72287,-0.85320
4389.60000,-0.74260,2.72257,-0.77518
4389.65000,-0.74230,2.72230,-0.69821
4389.70000,-0.74198,2.72206,-0.62232
4389.75000,-0.74165,2.72184,-0.54752
4389.80000,-0.74130,2.72164,-0.47380
4389.85000,-0.74094,2.72147,-0.40119
4389.90000,-0.74056,2.72133,-0.32968
4389.95000,-0.74018,2.72121,-0.25928
4390.00000,-0.73980,2.72112,-0.19001
4390.05000,-0.73941,2.72106,-0.12186
4390.10000,-0.73902,2.72103,-0.05485
4390.15000,-0.73863,2.72102,0.01103
4390.20000,-0.73824,2.72104,0.07578
4390.25000,-0.73785,2.72108,0.13938
4390.30000,-0.73747,2.72114,0.20183
4390.35000,-0.73710,2.72123,0.26314
4390.40000,-0.73673,2.72134,0.32329
4390.45000,-0.73637,2.72148,0.38228
4390.50000,-0.73602,2.72163,0.44013
4390.55000,-0.73386,2.72283,0.49552
4390.60000,-0.72754,2.72650,0.54275
4390.65000,-0.72033,2.73109,0.59155
4390.70000,-0.71279,2.73644,0.64230
4390.75000,-0.70513,2.74249,0.69431
4390.80000,-0.69761,2.74909,0.74645
4390.85000,-0.69045,2.75606,0.79780
4390.90000,-0.68365,2.76340,0.84840
4390.95000,-0.67723,2.77106,0.89830
4391.00000,-0.67154,2.77837,0.93195
4391.05000,-0.66679,2.78479,0.93409
4391.10000,-0.66221,2.79087,0.91453
4391.15000,-0.65644,2.79817,0.89019
4391.20000,-0.65045,2.80539,0.86585
4391.25000,-0.64425,2.81251,0.84345
4391.30000,-0.63787,2.81954,0.82306
4391.35000,-0.63138,2.82638,0.80059
4391.40000,-0.62474,2.83308,0.77772
4391.45000,-0.61795,2.83960,0.75435
4391.50000,-0.61103,2.84596,0.73031
4391.55000,-0.60396,2.85213,0.70576
4391.60000,-0.59673,2.85814,0.68153
4391.65000,-0.58940,2.86393,0.65555
4391.70000,-0.58191,2.86953,0.62955
4391.75000,-0.57430,2.87492,0.60275
4391.80000,-0.56657,2.88009,0.57482
4391.85000,-0.55870,2.88503,0.54644
4391.90000,-0.55069,2.88975,0.51814
4391.95000,-0.54258,2.89421,0.48873
4392.00000,-0.53434,2.89844,0.45882
4392.05000,-0.52600,2.90240,0.42820
4392.10000,-0.51755,2.90610,0.39759
4392.15000,-0.50899,2.90953,0.36631
4392.20000,-0.50035,2.91269,0.33470
4392.25000,-0.49161,2.91558,0.30301
4392.30000,-0.48278,2.91819,0.27116
4392.35000,-0.47389,2.92051,0.23885
4392.40000,-0.46483,2.92256,0.20626
4392.45000,-0.45503,2.92446,0.17608
4392.50000,-0.44519,2.92605,0.14529
4392.55000,-0.43527,2.92734,0.11445
4392.60000,-0.42575,2.92827,0.08143
4392.65000,-0.41633,2.92889,0.04733
4392.70000,-0.40657,2.92918,0.01426
4392.75000,-0.39657,2.92916,-0.01861
4392.80000,-0.38658,2.92881,-0.05175
4392.85000,-0.37660,2.92813,-0.08504
4392.90000,-0.36666,2.92711,-0.11904
4392.95000,-0.35675,2.92575,-0.15280
4393.00000,-0.34690,2.92406,-0.18656
4393.05000,-0.33710,2.92205,-0.21988
4393.10000,-0.32738,2.91970,-0.25344
4393.15000,-0.31774,2.91703,-0.28727
4393.20000,-0.30820,2.91403,-0.32119
4393.25000,-0.29889,2.91076,-0.35631
4393.30000,-0.28988,2.90724,-0.39197
4393.35000,-0.28107,2.90342,-0.42832
4393.40000,-0.27237,2.89927,-0.46468
4393.45000,-0.26565,2.89580,-0.50499
4393.50000,-0.25911,2.89195,-0.54732
4393.55000,-0.25284,2.88798,-0.58802
4393.60000,-0.24925,2.88548,-0.63808
4393.65000,-0.24796,2.88447,-0.69908
4393.70000,-0.24780,2.88434,-0.76590
4393.75000,-0.24775,2.88428,-0.83309
4393.80000,-0.24769,2.88422,-0.90000
4393.85000,-0.24764,2.88415,-0.96663
4393.90000,-0.24760,2.88409,-1.03295
4393.95000,-0.24756,2.88402,-1.09895
4394.00000,-0.24753,2.88394,-1.16463
4394.05000,-0.24750,2.88387,-1.22989
4394.10000,-0.24747,2.88379,-1.29469
4394.15000,-0.24746,2.88372,-1.35900
4394.20000,-0.24744,2.88364,-1.42282
4394.25000,-0.24743,2.88356,-1.48613
4394.30000,-0.24743,2.88348,-1.54892
4394.35000,-0.24743,2.88340,-1.61116
4394.40000,-0.24743,2.88332,-1.67284
4394.45000,-0.24745,2.88324,-1.73395
4394.50000,-0.24746,2.88316,-1.79449
4394.55000,-0.24748,2.88309,-1.85444
4394.60000,-0.24750,2.88301,-1.91378
4394.65000,-0.24753,2.88294,-1.97252
4394.70000,-0.24757,2.88287,-2.03064
4394.75000,-0.24760,2.88280,-2.08812
4394.80000,-0.24764,2.88273,-2.14496
4394.85000,-0.24769,2.88266,-2.20116
4394.90000,-0.24774,2.88260,-2.25670
4394.95000,-0.24779,2.88254,-2.31158
4395.00000,-0.24784,2.88249,-2.36579
4395.05000,-0.24790,2.88243,-2.41934
4395.10000,-0.24796,2.88238,-2.47221
4395.15000,-0.24802,2.88234,-2.52440
4395.20000,-0.24809,2.88230,-2.57593
4395.25000,-0.24815,2.88226,-2.62677
4395.30000,-0.24822,2.88222,-2.67694
4395.35000,-0.24829,2.88219,-2.72643
4395.40000,-0.24836,2.88216,-2.77525
4395.45000,-0.24843,2.88213,-2.82339
4395.50000,-0.24850,2.88211,-2.87088
4395.55000,-0.24858,2.88209,-2.91770
4395.60000,-0.24865,2.88208,-2.96385
4395.65000,-0.24873,2.88206,-3.00935
4395.70000,-0.24880,2.88206,-3.05419
4395.75000,-0.24887,2.88205,-3.09838
4395.80000,-0.24895,2.88205,3.14126
4395.85000,-0.24902,2.88205,3.09838
4395.90000,-0.25094,2.88230,3.05596
4395.95000,-0.25794,2.88305,3.01704
4396.00000,-0.26626,2.88428,2.97431
4396.05000,-0.27519,2.88600,2.92996
4396.10000,-0.28410,2.88785,2.89452
4396.15000,-0.29332,2.89007,2.88323
4396.20000,-0.30276,2.89252,2.89274
4396.25000,-0.31248,2.89493,2.90283
4396.30000,-0.32215,2.89722,2.91376
4396.35000,-0.33175,2.89939,2.92471
4396.40000,-0.34122,2.90142,2.93738
4396.45000,-0.35073,2.90333,2.94935
4396.50000,-0.36023,2.90511,2.96315
4396.55000,-0.36972,2.90675,2.97763
4396.60000,-0.37923,2.90825,2.99287
4396.65000,-0.38876,2.90961,3.00786
4396.70000,-0.39852,2.91084,3.02386
4396.75000,-0.40842,2.91193,3.03910
4396.80000,-0.41800,2.91284,3.05501
4396.85000,-0.42770,2.91360,3.07242
4396.90000,-0.43749,2.91419,3.09057
4396.95000,-0.44744,2.91460,3.10861
4397.00000,-0.45698,2.91483,3.12747
4397.05000,-0.46650,2.91487,-3.13639
4397.10000,-0.47580,2.91477,-3.12636
4397.15000,-0.48511,2.91469,-3.13214
4397.20000,-0.49388,2.91471,3.12321
4397.25000,-0.50130,2.91485,3.08400
4397.30000,-0.50588,2.91495,3.04323
4397.35000,-0.51001,2.91530,3.02116
4397.40000,-0.51510,2.91607,3.02296
4397.45000,-0.52324,2.91700,3.03942
4397.50000,-0.53261,2.91785,3.06134
4397.55000,-0.54196,2.91849,3.08696
4397.60000,-0.55149,2.91887,3.11630
4397.65000,-0.56067,2.91895,-3.13435
4397.70000,-0.57001,2.91871,-3.09780
4397.75000,-0.57955,2.91810,-3.05490
4397.80000,-0.58931,2.91702,-3.00784
4397.85000,-0.59918,2.91545,-2.96002
4397.90000,-0.60897,2.91341,-2.91273
4397.95000,-0.61865,2.91091,-2.86560
4398.00000,-0.62821,2.90796,-2.81868
4398.05000,-0.63761,2.90457,-2.77184
4398.10000,-0.64685,2.90074,-2.72521
4398.15000,-0.65590,2.89648,-2.67889
4398.20000,-0.66474,2.89182,-2.63294
4398.25000,-0.67336,2.88675,-2.58725
4398.30000,-0.68174,2.88129,-2.54164
4398.35000,-0.68986,2.87546,-2.49621
4398.40000,-0.69771,2.86927,-2.45107
4398.45000,-0.70527,2.86273,-2.40590
4398.50000,-0.71253,2.85585,-2.36105
4398.55000,-0.71948,2.84866,-2.31611
4398.60000,-0.72609,2.84116,-2.27152
4398.65000,-0.73237,2.83337,-2.22708
4398.70000,-0.73829,2.82532,-2.18250
4398.75000,-0.74385,2.81700,-2.13799
4398.80000,-0.74903,2.80845,-2.09324
4398.85000,-0.75323,2.80075,-2.04171
4398.90000,-0.75565,2.79561,-1.97809
4398.95000,-0.75694,2.79231,-1.90538
4399.00000,-0.75787,2.78929,-1.83084
4399.05000,-0.75859,2.78612,-1.75685
4399.10000,-0.75908,2.78282,-1.68348
4399.15000,-0.75935,2.77939,-1.61079
4399.20000,-0.75936,2.77586,-1.53881
4399.25000,-0.75911,2.77225,-1.46754
4399.30000,-0.75860,2.76859,-1.39700
4399.35000,-0.75782,2.76490,-1.32719
4399.40000,-0.75676,2.76119,-1.25822
4399.45000,-0.75540,2.75744,-1.19014
4399.50000,-0.75375,2.75368,-1.12298
4399.55000,-0.75179,2.74992,-1.05675
4399.60000,-0.74952,2.74620,-0.99146
4399.65000,-0.74695,2.74253,-0.92710
4399.70000,-0.74407,2.73895,-0.86369
4399.75000,-0.74090,2.73546,-0.80124
4399.80000,-0.73743,2.73209,-0.73975
4399.85000,-0.73367,2.72887,-0.67926
4399.90000,-0.72966,2.72582,-0.61973
4399.95000,-0.72546,2.72300,-0.56114
4400.00000,-0.72109,2.72043,-0.50349
4400.05000,-0.71659,2.71812,-0.44681
4400.10000,-0.71197,2.71606,-0.39111
4400.15000,-0.70726,2.71427,-0.33639
4400.20000,-0.70249,2.71274,-0.28266
4400.25000,-0.69768,2.71148,-0.22993
4400.30000,-0.69284,2.71048,-0.17821
4400.35000,-0.68801,2.70974,-0.12750
4400.40000,-0.68319,2.70924,-0.07781
4400.45000,-0.67842,2.70898,-0.02914
4400.50000,-0.67368,2.70896,0.01847
4400.55000,-0.66894,2.70916,0.06499
4400.60000,-0.66416,2.70958,0.11037
4400.65000,-0.65931,2.71022,0.15461
4400.70000,-0.65204,2.71156,0.19502
4400.75000,-0.64257,2.71363,0.23585
4400.80000,-0.63274,2.71619,0.27756
4400.85000,-0.62318,2.71912,0.31761
4400.90000,-0.61375,2.72243,0.35666
4400.95000,-0.60445,2.72610,0.39474
4401.00000,-0.59529,2.73011,0.43187
4401.05000,-0.58629,2.73446,0.46807
4401.10000,-0.57744,2.73913,0.50335
4401.15000,-0.56877,2.74410,0.53773
4401.20000,-0.56037,2.74905,0.56465
4401.25000,-0.55252,2.75352,0.56638
4401.30000,-0.54492,2.75778,0.55622
4401.35000,-0.53728,2.76228,0.53622
4401.40000,-0.52915,2.76698,0.51168
4401.45000,-0.52092,2.77147,0.48659
4401.50000,-0.51259,2.77574,0.46126
4401.55000,-0.50417,2.77979,0.43470
4401.60000,-0.49566,2.78360,0.40796
4401.65000,-0.48707,2.78718,0.38019
4401.70000,-0.47838,2.79051,0.35240
4401.75000,-0.46960,2.79360,0.32474
4401.80000,-0.46075,2.79644,0.29650
4401.85000,-0.45182,2.79903,0.26831
4401.90000,-0.44283,2.80137,0.24005
4401.95000,-0.43377,2.80345,0.21175
4402.00000,-0.42466,2.80527,0.18343
4402.05000,-0.41551,2.80683,0.15469
4402.10000,-0.40632,2.80813,0.12610
4402.15000,-0.39710,2.80917,0.09735
4402.20000,-0.38784,2.80994,0.06883
4402.25000,-0.37858,2.81044,0.03996
4402.30000,-0.36930,2.81068,0.01099
4402.35000,-0.36003,2.81064,-0.01815
4402.40000,-0.35076,2.81034,-0.04720
4402.45000,-0.34150,2.80977,-0.07584
4402.50000,-0.33225,2.80893,-0.10434
4402.55000,-0.32304,2.80783,-0.13314
4402.60000,-0.31386,2.80647,-0.16216
4402.65000,-0.30472,2.80484,-0.19065
4402.70000,-0.29564,2.80295,-0.21955
4402.75000,-0.28662,2.80080,-0.24878
4402.80000,-0.27767,2.79839,-0.27804
4402.85000,-0.26881,2.79571,-0.30761
4402.90000,-0.25988,2.79279,-0.32901
4402.95000,-0.25086,2.78973,-0.34179
4403.00000,-0.24185,2.78667,-0.35283
4403.05000,-0.23375,2.78388,-0.35916
4403.10000,-0.22764,2.78162,-0.35644
4403.15000,-0.22270,2.77981,-0.34852
4403.20000,-0.21892,2.77847,-0.33551
4403.25000,-0.21635,2.77761,-0.31741
4403.30000,-0.21501,2.77719,-0.29423
4403.35000,-0.21385,2.77685,-0.26761
4403.40000,-0.21289,2.77659,-0.24179
4403.45000,-0.21210,2.77641,-0.21700
4403.50000,-0.21133,2.77625,-0.19248
4403.55000,-0.21056,2.77612,-0.16821
4403.60000,-0.20979,2.77600,-0.14421
4403.65000,-0.20893,2.77587,-0.13227
4403.70000,-0.20570,2.77539,-0.13272
4403.75000,-0.19988,2.77450,-0.14576
4403.80000,-0.19130,2.77310,-0.17108
4403.85000,-0.18211,2.77136,-0.20137
4403.90000,-0.17276,2.76930,-0.23044
4403.95000,-0.16389,2.76722,-0.24838
4404.00000,-0.15634,2.76542,-0.25532
4404.05000,-0.15125,2.76411,-0.25131
4404.10000,-0.14734,2.76314,-0.24198
4404.15000,-0.14467,2.76251,-0.22743
4404.20000,-0.14325,2.76221,-0.20770
4404.25000,-0.14277,2.76212,-0.18420
4404.30000,-0.14235,2.76205,-0.16061
4404.35000,-0.14193,2.76198,-0.13724
4404.40000,-0.14151,2.76193,-0.11410
4404.45000,-0.14102,2.76187,-0.09902
4404.50000,-0.13831,2.76154,-0.09884
4404.55000,-0.13309,2.76092,-0.11101
4404.60000,-0.12482,2.75986,-0.13593
4404.65000,-0.11543,2.75844,-0.16701
4404.70000,-0.10576,2.75665,-0.19709
4404.75000,-0.09603,2.75477,-0.22047
4404.80000,-0.08680,2.75293,-0.23686
4404.85000,-0.07764,2.75108,-0.25080
4404.90000,-0.06859,2.74923,-0.26227
4404.95000,-0.06203,2.74759,-0.26102
4405.00000,-0.05741,2.74639,-0.24905
4405.05000,-0.05365,2.74548,-0.23076
4405.10000,-0.05072,2.74483,-0.20597
4405.15000,-0.04862,2.74443,-0.17452
4405.20000,-0.04781,2.74430,-0.13397
4405.25000,-0.04775,2.74430,-0.08654
4405.30000,-0.04767,2.74430,-0.04756
4405.35000,-0.04760,2.74431,-0.02078
4405.40000,-0.04755,2.74431,-0.00001
4405.45000,-0.04617,2.74432,0.00231
4405.50000,-0.04267,2.74431,-0.00665
4405.55000,-0.03655,2.74419,-0.02574
4405.60000,-0.02825,2.74384,-0.05876
4405.65000,-0.01933,2.74313,-0.09802
4405.70000,-0.01033,2.74206,-0.14115
4405.75000,-0.00142,2.74057,-0.19001
4405.80000,0.00794,2.73852,-0.24080
4405.85000,0.01754,2.73590,-0.29280
4405.90000,0.02704,2.73276,-0.34435
4405.95000,0.03636,2.72915,-0.39571
4406.00000,0.04548,2.72506,-0.44665
4406.05000,0.05439,2.72051,-0.49695
4406.10000,0.06306,2.71553,-0.54661
4406.15000,0.07147,2.71012,-0.59601
4406.20000,0.07960,2.70431,-0.64467
4406.25000,0.08745,2.69811,-0.69281
4406.30000,0.09499,2.69154,-0.74062
4406.35000,0.10220,2.68462,-0.78761
4406.40000,0.10787,2.67880,-0.83449
4406.45000,0.11083,2.67538,-0.88845
4406.50000,0.11412,2.67105,-0.94328
4406.55000,0.11812,2.66530,-0.99095
4406.60000,0.11995,2.66232,-1.04852
4406.65000,0.12062,2.66109,-1.11434
4406.70000,0.12070,2.66091,-1.18468
4406.75000,0.12075,2.66079,-1.25488
4406.80000,0.12078,2.66067,-1.32451
4406.85000,0.12081,2.66054,-1.39356
4406.90000,0.12083,2.66042,-1.46199
4406.95000,0.12084,2.66029,-1.52981
4407.00000,0.12084,2.66017,-1.59698
4407.05000,0.12083,2.66004,-1.66351
4407.10000,0.12081,2.65992,-1.72937
4407.15000,0.12079,2.65979,-1.79455
4407.20000,0.12076,2.65967,-1.85903
4407.25000,0.12072,2.65955,-1.92281
4407.30000,0.12067,2.65943,-1.98589
4407.35000,0.12061,2.65932,-2.04833
4407.40000,0.12055,2.65920,-2.11015
4407.45000,0.12048,2.65910,-2.17136
4407.50000,0.12041,2.65899,-2.23195
4407.55000,0.12033,2.65890,-2.29194
4407.60000,0.12024,2.65880,-2.35133
4407.65000,0.12015,2.65872,-2.41013
4407.70000,0.12005,2.65864,-2.46833
4407.75000,0.11995,2.65856,-2.52595
4407.80000,0.11985,2.65849,-2.58299
4407.85000,0.11974,2.65843,-2.63947
4407.90000,0.11963,2.65837,-2.69539
4407.95000,0.11951,2.65832,-2.75076
4408.00000,0.11940,2.65827,-2.80560
4408.05000,0.11928,2.65824,-2.85990
4408.10000,0.11916,2.65820,-2.91369
4408.15000,0.11903,2.65818,-2.96698
4408.20000,0.11891,2.65816,-3.01976
4408.25000,0.11879,2.65815,-3.07205
4408.30000,0.11866,2.65814,-3.12385
4408.35000,0.11854,2.65814,3.10801
4408.40000,0.11841,2.65815,3.05716
4408.45000,0.11829,2.65817,3.00678
4408.50000,0.11817,2.65819,2.95687
4408.55000,0.11805,2.65821,2.90742
4408.60000,0.11792,2.65824,2.85844
4408.65000,0.11781,2.65828,2.80992
4408.70000,0.11769,2.65832,2.76186
4408.75000,0.11758,2.65837,2.71428
4408.80000,0.11560,2.65955,2.66796
4408.85000,0.11081,2.66219,2.63405
4408.90000,0.10595,2.66494,2.61499
4408.95000,0.09870,2.66925,2.61975
4409.00000,0.09020,2.67407,2.63084
4409.05000,0.08171,2.67877,2.64248
4409.10000,0.07315,2.68337,2.65409
4409.15000,0.06456,2.68786,2.66621
4409.20000,0.05592,2.69224,2.67857
4409.25000,0.04693,2.69666,2.69090
4409.30000,0.03812,2.70085,2.70427
4409.35000,0.02901,2.70504,2.71727
4409.40000,0.01957,2.70922,2.73129
4409.45000,0.01013,2.71325,2.74515
4409.50000,0.00057,2.71718,2.75977
4409.55000,-0.00900,2.72094,2.77434
4409.60000,-0.01858,2.72455,2.78884
4409.65000,-0.02831,2.72803,2.80418
4409.70000,-0.03787,2.73132,2.81860
4409.75000,-0.04774,2.73453,2.83442
4409.80000,-0.05769,2.73760,2.85099
4409.85000,-0.06770,2.74050,2.86763
4409.90000,-0.07777,2.74323,2.88486
4409.95000,-0.08788,2.74579,2.90241
4410.00000,-0.09798,2.74816,2.92000
4410.05000,-0.10814,2.75035,2.93805
4410.10000,-0.11819,2.75234,2.95586
4410.15000,-0.12758,2.75377,2.96121
4410.20000,-0.13485,2.75444,2.95040
4410.25000,-0.13845,2.75455,2.92441
4410.30000,-0.13953,2.75472,2.88781
4410.35000,-0.13966,2.75476,2.84730
4410.40000,-0.13983,2.75487,2.81451
4410.45000,-0.14024,2.75518,2.79282
4410.50000,-0.14166,2.75577,2.77875
4410.55000,-0.14483,2.75699,2.77269
4410.60000,-0.14979,2.75904,2.77494
4410.65000,-0.15747,2.76206,2.78911
4410.70000,-0.16677,2.76539,2.81021
4410.75000,-0.17628,2.76854,2.83197
4410.80000,-0.18584,2.77148,2.85375
4410.85000,-0.19546,2.77422,2.87584
4410.90000,-0.20469,2.77645,2.88470
4410.95000,-0.21121,2.77795,2.87608
4411.00000,-0.21376,2.77867,2.85073
4411.05000,-0.21413,2.77878,2.81617
4411.10000,-0.21426,2.77883,2.78073
4411.15000,-0.21437,2.77889,2.75475
4411.20000,-0.21614,2.77978,2.74585
4411.25000,-0.21989,2.78136,2.74657
4411.30000,-0.22485,2.78343,2.75261
4411.35000,-0.23109,2.78596,2.76441
4411.40000,-0.23896,2.78900,2.78351
4411.45000,-0.24831,2.79237,2.80885
4411.50000,-0.25780,2.79552,2.83446
4411.55000,-0.26661,2.79799,2.84540
4411.60000,-0.27328,2.79993,2.84018
4411.65000,-0.27671,2.80097,2.82228
4411.70000,-0.27741,2.80121,2.79274
4411.75000,-0.27753,2.80125,2.76080
4411.80000,-0.27765,2.80130,2.72914
4411.85000,-0.27777,2.80136,2.69781
4411.90000,-0.27787,2.80142,2.67520
4411.95000,-0.27988,2.80261,2.67034
4412.00000,-0.28579,2.80559,2.68457
4412.05000,-0.29342,2.80925,2.70838
4412.10000,-0.30184,2.81299,2.73816
4412.15000,-0.31040,2.81649,2.76822
4412.20000,-0.31903,2.81977,2.78488
4412.25000,-0.32597,2.82229,2.78492
4412.30000,-0.32938,2.82349,2.76959
4412.35000,-0.32953,2.82353,2.74069
4412.40000,-0.32954,2.82354,2.71110
4412.45000,-0.32967,2.82360,2.68196
4412.50000,-0.32978,2.82365,2.65292
4412.55000,-0.32974,2.82367,2.63321
4412.60000,-0.33227,2.82520,2.63562
4412.65000,-0.33823,2.82847,2.65150
4412.70000,-0.34555,2.83229,2.67708
4412.75000,-0.35381,2.83627,2.70838
4412.80000,-0.36223,2.84000,2.73995
4412.85000,-0.37060,2.84341,2.75708
4412.90000,-0.37645,2.84570,2.75464
4412.95000,-0.37888,2.84664,2.73774
4413.00000,-0.37892,2.84665,2.71029
4413.05000,-0.37914,2.84673,2.68312
4413.10000,-0.37885,2.84655,2.66417
4413.15000,-0.37918,2.84672,2.65390
4413.20000,-0.37947,2.84684,2.64520
4413.25000,-0.38139,2.84794,2.65585
4413.30000,-0.38508,2.84986,2.67868
4413.35000,-0.39014,2.85230,2.71008
4413.40000,-0.39704,2.85532,2.75021
4413.45000,-0.40454,2.85833,2.77800
4413.50000,-0.41013,2.86030,2.79344
4413.55000,-0.41619,2.86242,2.82193
4413.60000,-0.42333,2.86465,2.85932
4413.65000,-0.43114,2.86673,2.88376
4413.70000,-0.43741,2.86818,2.88700
4413.75000,-0.44051,2.86885,2.87532
4413.80000,-0.44046,2.86883,2.85073
4413.85000,-0.44036,2.86885,2.83604
4413.90000,-0.44169,2.86939,2.84912
4413.95000,-0.44604,2.87069,2.87427
4414.00000,-0.45189,2.87220,2.90825
4414.05000,-0.45970,2.87392,2.94714
4414.10000,-0.46842,2.87532,2.97531
4414.15000,-0.47588,2.87616,2.98472
4414.20000,-0.48119,2.87681,2.98217
4414.25000,-0.48360,2.87701,2.96677
4414.30000,-0.48358,2.87699,2.94160
4414.35000,-0.48337,2.87696,2.91562
4414.40000,-0.48303,2.87692,2.88907
4414.45000,-0.48312,2.87694,2.87936
4414.50000,-0.48485,2.87756,2.89119
4414.55000,-0.48952,2.87872,2.91645
4414.60000,-0.49643,2.88021,2.94848
4414.65000,-0.50464,2.88168,2.98647
4414.70000,-0.51426,2.88302,3.02652
4414.75000,-0.52351,2.88379,3.05450
4414.80000,-0.53170,2.88405,3.06269
4414.85000,-0.53618,2.88413,3.06722
4414.90000,-0.53919,2.88427,3.09521
4414.95000,-0.54220,2.88435,3.13620
4415.00000,-0.54677,2.88426,-3.09779
4415.05000,-0.55272,2.88381,-3.04315
4415.10000,-0.55933,2.88297,-2.98663
4415.15000,-0.56589,2.88196,-2.94105
4415.20000,-0.57112,2.88101,-2.90740
4415.25000,-0.57581,2.87978,-2.86024
4415.30000,-0.58155,2.87797,-2.80792
4415.35000,-0.58768,2.87566,-2.75403
4415.40000,-0.59434,2.87272,-2.69753
4415.45000,-0.60135,2.86913,-2.63949
4415.50000,-0.60844,2.86495,-2.58012
4415.55000,-0.61559,2.86015,-2.52036
4415.60000,-0.62245,2.85525,-2.46825
4415.65000,-0.62928,2.85030,-2.43315
4415.70000,-0.63576,2.84556,-2.42936
4415.75000,-0.64013,2.84188,-2.44904
4415.80000,-0.64333,2.83933,-2.46840
4415.85000,-0.64596,2.83723,-2.46053
4415.90000,-0.64817,2.83546,-2.43171
4415.95000,-0.65050,2.83342,-2.39046
4416.00000,-0.65355,2.83055,-2.35042
4416.05000,-0.65659,2.82762,-2.33154
4416.10000,-0.65861,2.82554,-2.32914
4416.15000,-0.66003,2.82399,-2.32275
4416.20000,-0.66159,2.82225,-2.33108
4416.25000,-0.66307,2.82063,-2.36471
4416.30000,-0.66348,2.82023,-2.40805
4416.35000,-0.66385,2.81993,-2.43831
4416.40000,-0.66449,2.81945,-2.43984
4416.45000,-0.66490,2.81924,-2.42728
4416.50000,-0.66531,2.81895,-2.40295
4416.55000,-0.66685,2.81750,-2.36931
4416.60000,-0.66969,2.81470,-2.33565
4416.65000,-0.67235,2.81197,-2.31646
4416.70000,-0.67402,2.81014,-2.30256
4416.75000,-0.67510,2.80897,-2.32092
4416.80000,-0.67569,2.80838,-2.36068
4416.85000,-0.67603,2.80806,-2.40550
4416.90000,-0.67639,2.80775,-2.45049
4416.95000,-0.67676,2.80745,-2.49554
4417.00000,-0.67717,2.80717,-2.52897
4417.05000,-0.67777,2.80677,-2.53712
4417.10000,-0.67949,2.80556,-2.51256
4417.15000,-0.68209,2.80361,-2.47526
4417.20000,-0.68593,2.80045,-2.42960
4417.25000,-0.69106,2.79579,-2.38167
4417.30000,-0.69697,2.78990,-2.33246
4417.35000,-0.70299,2.78325,-2.28096
4417.40000,-0.70860,2.77661,-2.23525
4417.45000,-0.71435,2.76953,-2.22009
4417.50000,-0.71742,2.76541,-2.21839
4417.55000,-0.71950,2.76261,-2.21625
4417.60000,-0.72076,2.76098,-2.24386
4417.65000,-0.72188,2.75961,-2.27001
4417.70000,-0.72258,2.75878,-2.28608
4417.75000,-0.72296,2.75836,-2.32494
4417.80000,-0.72339,2.75793,-2.37263
4417.85000,-0.72383,2.75753,-2.40913
4417.90000,-0.72435,2.75714,-2.41709
4417.95000,-0.72487,2.75680,-2.40737
4418.00000,-0.72551,2.75626,-2.38703
4418.05000,-0.72751,2.75433,-2.35819
4418.10000,-0.73152,2.75020,-2.32151
4418.15000,-0.73688,2.74418,-2.27641
4418.20000,-0.74252,2.73723,-2.22806
4418.25000,-0.74820,2.72947,-2.17797
4418.30000,-0.75295,2.72233,-2.14565
4418.35000,-0.75690,2.71607,-2.14494
4418.40000,-0.75980,2.71162,-2.17002
4418.45000,-0.76058,2.71052,-2.21369
4418.50000,-0.76078,2.71026,-2.26179
4418.55000,-0.76099,2.71003,-2.30985
4418.60000,-0.76118,2.70982,-2.35774
4418.65000,-0.76138,2.70964,-2.40544
4418.70000,-0.76159,2.70948,-2.44127
4418.75000,-0.76184,2.70934,-2.46000
4418.80000,-0.76230,2.70904,-2.45861
4418.85000,-0.76413,2.70751,-2.43841
4418.90000,-0.76765,2.70443,-2.40910
4418.95000,-0.77285,2.69957,-2.37015
4419.00000,-0.77892,2.69340,-2.32550
4419.05000,-0.78524,2.68636,-2.27836
4419.10000,-0.79154,2.67863,-2.22971
4419.15000,-0.79744,2.67085,-2.19277
4419.20000,-0.80320,2.66307,-2.17978
4419.25000,-0.80813,2.65616,-2.19217
4419.30000,-0.81161,2.65142,-2.21936
4419.35000,-0.81347,2.64904,-2.25874
4419.40000,-0.81385,2.64860,-2.30816
4419.45000,-0.81409,2.64834,-2.35850
4419.50000,-0.81433,2.64812,-2.40868
4419.55000,-0.81456,2.64792,-2.45865
4419.60000,-0.81481,2.64774,-2.49654
4419.65000,-0.81537,2.64734,-2.50943
4419.70000,-0.81635,2.64661,-2.50263
4419.75000,-0.81914,2.64449,-2.48189
4419.80000,-0.82375,2.64080,-2.45212
4419.85000,-0.82997,2.63547,-2.41335
4419.90000,-0.83679,2.62913,-2.37026
4419.95000,-0.84377,2.62203,-2.32544
4420.00000,-0.85044,2.61492,-2.28918
4420.05000,-0.85646,2.60836,-2.27822
4420.10000,-0.86153,2.60266,-2.29367
4420.15000,-0.86498,2.59885,-2.32512
4420.20000,-0.86648,2.59730,-2.36904
4420.25000,-0.86675,2.59705,-2.42024
4420.30000,-0.86700,2.59684,-2.47144
4420.35000,-0.86725,2.59666,-2.52241
4420.40000,-0.86752,2.59649,-2.56165
4420.45000,-0.86812,2.59606,-2.57711
4420.50000,-0.87065,2.59438,-2.56270
4420.55000,-0.87560,2.59105,-2.53559
4420.60000,-0.88193,2.58651,-2.50153
4420.65000,-0.88913,2.58092,-2.46273
4420.70000,-0.89672,2.57455,-2.42104
4420.75000,-0.90409,2.56779,-2.37944
4420.80000,-0.91111,2.56109,-2.34573
4420.85000,-0.91725,2.55517,-2.34012
4420.90000,-0.92270,2.54984,-2.35576
4420.95000,-0.92603,2.54661,-2.38963
4421.00000,-0.92731,2.54545,-2.43575
4421.05000,-0.92755,2.54525,-2.48763
4421.10000,-0.92780,2.54507,-2.53947
4421.15000,-0.92804,2.54492,-2.59112
4421.20000,-0.92832,2.54476,-2.63152
4421.25000,-0.92914,2.54414,-2.64814
4421.30000,-0.93053,2.54304,-2.64661
4421.35000,-0.93483,2.54062,-2.62609
4421.40000,-0.94193,2.53644,-2.59258
4421.45000,-0.94979,2.53143,-2.55480
4421.50000,-0.95797,2.52575,-2.51525
4421.55000,-0.96596,2.51973,-2.47594
4421.60000,-0.97372,2.51364,-2.44538
4421.65000,-0.98102,2.50788,-2.44307
4421.70000,-0.98793,2.50241,-2.45414
4421.75000,-0.99427,2.49738,-2.47373
4421.80000,-0.99826,2.49434,-2.50673
4421.85000,-0.99997,2.49311,-2.55183
4421.90000,-1.00026,2.49293,-2.60413
4421.95000,-1.00053,2.49278,-2.65645
4422.00000,-1.00090,2.49258,-2.69700
4422.05000,-1.00206,2.49170,-2.70533
4422.10000,-1.00509,2.49019,-2.69369
4422.15000,-1.01128,2.48711,-2.66836
4422.20000,-1.01919,2.48290,-2.63513
4422.25000,-1.02819,2.47768,-2.59648
4422.30000,-1.03749,2.47178,-2.55577
4422.35000,-1.04618,2.46611,-2.52366
4422.40000,-1.05466,2.46058,-2.51637
4422.45000,-1.06143,2.45591,-2.53481
4422.50000,-1.06514,2.45345,-2.57051
4422.55000,-1.06564,2.45315,-2.62193
4422.60000,-1.06502,2.45350,-2.67882
4422.65000,-1.06519,2.45343,-2.73204
4422.70000,-1.06564,2.45324,-2.77017
4422.75000,-1.06664,2.45258,-2.78243
4422.80000,-1.06972,2.45126,-2.77287
4422.85000,-1.07606,2.44869,-2.74856
4422.90000,-1.08437,2.44509,-2.71648
4422.95000,-1.09309,2.44099,-2.67948
4423.00000,-1.10152,2.43656,-2.64047
4423.05000,-1.10989,2.43197,-2.61024
4423.10000,-1.11808,2.42751,-2.60577
4423.15000,-1.12531,2.42353,-2.62344
4423.20000,-1.12895,2.42159,-2.65986
4423.25000,-1.12982,2.42115,-2.70941
4423.30000,-1.13029,2.42095,-2.76084
4423.35000,-1.13077,2.42077,-2.81206
4423.40000,-1.13147,2.42060,-2.84902
4423.45000,-1.13302,2.41990,-2.85594
4423.50000,-1.13673,2.41865,-2.84499
4423.55000,-1.14372,2.41640,-2.82121
4423.60000,-1.15259,2.41330,-2.78921
4423.65000,-1.16261,2.40941,-2.75237
4423.70000,-1.17264,2.40508,-2.71512
4423.75000,-1.18216,2.40092,-2.68595
4423.80000,-1.19131,2.39701,-2.68320
4423.85000,-1.19862,2.39370,-2.70281
4423.90000,-1.20423,2.39118,-2.73172
4423.95000,-1.20772,2.38973,-2.77070
4424.00000,-1.20886,2.38931,-2.82015
4424.05000,-1.20943,2.38913,-2.87227
4424.10000,-1.21001,2.38899,-2.92435
4424.15000,-1.21083,2.38868,-2.96489
4424.20000,-1.21255,2.38770,-2.98153
4424.25000,-1.21498,2.38624,-2.98193
4424.30000,-1.21988,2.38463,-2.96823
4424.35000,-1.22817,2.38296,-2.94085
4424.40000,-1.23782,2.38085,-2.90773
4424.45000,-1.24751,2.37837,-2.87464
4424.50000,-1.25711,2.37557,-2.84179
4424.55000,-1.26655,2.37272,-2.81312
4424.60000,-1.27563,2.37019,-2.80242
4424.65000,-1.28435,2.36797,-2.80706
4424.70000,-1.29289,2.36592,-2.82001
4424.75000,-1.30124,2.36404,-2.84184
4424.80000,-1.30841,2.36225,-2.87754
4424.85000,-1.31321,2.36106,-2.92552
4424.90000,-1.31564,2.36059,-2.98534
4424.95000,-1.31628,2.36051,-3.05397
4425.00000,-1.31685,2.36048,-3.11378
4425.05000,-1.31797,2.36045,3.13330
4425.10000,-1.31998,2.36054,3.12406
4425.15000,-1.32462,2.36064,3.13520
4425.20000,-1.33304,2.36059,-3.12155
4425.25000,-1.34322,2.36022,-3.08816
4425.30000,-1.35400,2.35948,-3.05283
4425.35000,-1.36466,2.35838,-3.01830
4425.40000,-1.37536,2.35689,-2.98357
4425.45000,-1.38533,2.35516,-2.95165
4425.50000,-1.39504,2.35337,-2.92435
4425.55000,-1.40437,2.35193,-2.91403
4425.60000,-1.41222,2.35082,-2.91572
4425.65000,-1.41862,2.34931,-2.90550
4425.70000,-1.42497,2.34770,-2.87647
4425.75000,-1.43068,2.34602,-2.83266
4425.80000,-1.43707,2.34380,-2.78292
4425.85000,-1.44409,2.34096,-2.72989
4425.90000,-1.45147,2.33749,-2.67463
4425.95000,-1.45903,2.33340,-2.61784
4426.00000,-1.46664,2.32871,-2.56017
4426.05000,-1.47415,2.32346,-2.50181
4426.10000,-1.48149,2.31765,-2.44308
4426.15000,-1.48857,2.31134,-2.38407
4426.20000,-1.49534,2.30455,-2.32491
4426.25000,-1.50177,2.29728,-2.26581
4426.30000,-1.50780,2.28959,-2.20674
4426.35000,-1.51342,2.28149,-2.14779
4426.40000,-1.51859,2.27301,-2.08897
4426.45000,-1.52328,2.26420,-2.03027
4426.50000,-1.52745,2.25511,-1.97195
4426.55000,-1.53109,2.24579,-1.91416
4426.60000,-1.53418,2.23629,-1.85669
4426.65000,-1.53673,2.22662,-1.79977
4426.70000,-1.53872,2.21682,-1.74323
4426.75000,-1.54016,2.20693,-1.68713
4426.80000,-1.54104,2.19697,-1.63151
4426.85000,-1.54137,2.18697,-1.57632
4426.90000,-1.54115,2.17698,-1.52119
4426.95000,-1.54038,2.16703,-1.46555
4427.00000,-1.53906,2.15712,-1.41052
4427.05000,-1.53719,2.14729,-1.35612
4427.10000,-1.53480,2.13758,-1.30232
4427.15000,-1.53189,2.12802,-1.24915
4427.20000,-1.52848,2.11862,-1.19658
4427.25000,-1.52459,2.10941,-1.14462
4427.30000,-1.52022,2.10042,-1.09328
4427.35000,-1.51540,2.09166,-1.04254
4427.40000,-1.51014,2.08315,-0.99240
4427.45000,-1.50447,2.07492,-0.94286
4427.50000,-1.49854,2.06714,-0.89392
4427.55000,-1.49251,2.06000,-0.84552
4427.60000,-1.48647,2.05349,-0.79773
4427.65000,-1.48045,2.04761,-0.75052
4427.70000,-1.47452,2.04232,-0.70382
4427.75000,-1.46858,2.03747,-0.65693
4427.80000,-1.46272,2.03315,-0.61044
4427.85000,-1.45699,2.02931,-0.56433
4427.90000,-1.45062,2.02547,-0.51502
4427.95000,-1.44482,2.02235,-0.46802
4428.00000,-1.43988,2.01999,-0.42446
4428.05000,-1.43479,2.01778,-0.37987
4428.10000,-1.43027,2.01608,-0.33730
4428.15000,-1.42594,2.01466,-0.29511
4428.20000,-1.42134,2.01335,-0.25159
4428.25000,-1.41710,2.01235,-0.20924
4428.30000,-1.41331,2.01161,-0.16852
4428.35000,-1.40735,2.01072,-0.12954
4428.40000,-1.39818,2.00969,-0.09236
4428.45000,-1.38807,2.00895,-0.05212
4428.50000,-1.37808,2.00863,-0.01236
4428.55000,-1.36808,2.00870,0.02754
4428.60000,-1.35809,2.00918,0.06768
4428.65000,-1.34813,2.01006,0.10839
4428.70000,-1.33822,2.01135,0.15005
4428.75000,-1.32896,2.01268,0.19146
4428.80000,-1.32577,2.01310,0.23626
4428.85000,-1.32440,2.01346,0.28254
4428.90000,-1.32314,2.01386,0.32968
4428.95000,-1.32197,2.01429,0.37741
4429.00000,-1.32087,2.01476,0.42573
4429.05000,-1.31983,2.01526,0.47463
4429.10000,-1.31886,2.01579,0.52407
4429.15000,-1.31794,2.01635,0.57402
4429.20000,-1.31708,2.01694,0.62440
4429.25000,-1.31627,2.01756,0.67515
4429.30000,-1.31551,2.01820,0.72620
4429.35000,-1.31479,2.01887,0.77748
4429.40000,-1.31412,2.01957,0.82888
4429.45000,-1.31349,2.02029,0.88035
4429.50000,-1.31291,2.02104,0.93179
4429.55000,-1.31237,2.02180,0.98313
4429.60000,-1.31187,2.02259,1.03429
4429.65000,-1.31142,2.02339,1.08521
4429.70000,-1.31101,2.02421,1.13581
4429.75000,-1.31065,2.02505,1.18603
4429.80000,-1.31033,2.02590,1.23580
4429.85000,-1.31006,2.02675,1.28506
4429.90000,-1.30983,2.02761,1.33378
4429.95000,-1.30898,2.03048,1.38059
4430.00000,-1.30763,2.03804,1.42188
4430.05000,-1.30653,2.04652,1.46742
4430.10000,-1.30572,2.05678,1.51382
4430.15000,-1.30538,2.06667,1.55795
4430.20000,-1.30547,2.07553,1.60389
4430.25000,-1.30601,2.08543,1.64516
4430.30000,-1.30687,2.09480,1.68700
4430.35000,-1.30817,2.10428,1.72553
4430.40000,-1.30974,2.11318,1.76409
4430.45000,-1.31164,2.12206,1.80099
4430.50000,-1.31387,2.13090,1.83610
4430.55000,-1.31626,2.13971,1.87107
4430.60000,-1.31717,2.14521,1.89738
4430.65000,-1.31795,2.14830,1.91424
4430.70000,-1.31877,2.15050,1.95501
4430.75000,-1.31926,2.15163,2.01091
4430.80000,-1.31965,2.15238,2.07905
4430.85000,-1.32019,2.15327,2.15418
4430.90000,-1.32128,2.15478,2.23173
4430.95000,-1.32288,2.15667,2.31079
4431.00000,-1.32495,2.15876,2.39081
4431.05000,-1.32747,2.16093,2.47126
4431.10000,-1.33040,2.16306,2.55196
4431.15000,-1.33369,2.16507,2.63268
4431.20000,-1.33737,2.16694,2.71303
4431.25000,-1.34058,2.16829,2.76565
4431.30000,-1.34204,2.16883,2.78399
4431.35000,-1.34240,2.16896,2.79560
4431.40000,-1.34268,2.16906,2.80589
4431.45000,-1.34291,2.16914,2.81559
4431.50000,-1.34315,2.16922,2.82489
4431.55000,-1.34338,2.16929,2.83383
4431.60000,-1.34361,2.16937,2.84245
4431.65000,-1.34383,2.16943,2.85077
4431.70000,-1.34406,2.16950,2.85880
4431.75000,-1.34428,2.16956,2.86655
4431.80000,-1.34450,2.16963,2.87405
4431.85000,-1.34472,2.16969,2.88128
4431.90000,-1.34494,2.16974,2.88824
4431.95000,-1.34516,2.16980,2.89493
4432.00000,-1.34537,2.16985,2.90133
4432.05000,-1.34559,2.16990,2.90744
4432.10000,-1.34581,2.16996,2.91325
4432.15000,-1.34602,2.17000,2.91866
4432.20000,-1.34624,2.17005,2.92356
4432.25000,-1.34646,2.17010,2.92781
4432.30000,-1.34667,2.17015,2.93145
4432.35000,-1.34689,2.17019,2.93448
4432.40000,-1.34711,2.17024,2.93692
4432.45000,-1.34732,2.17028,2.93883
4432.50000,-1.34754,2.17033,2.94023
4432.55000,-1.34775,2.17037,2.94115
4432.60000,-1.34797,2.17041,2.94157
4432.65000,-1.34819,2.17046,2.94155
4432.70000,-1.34840,2.17050,2.94107
4432.75000,-1.34862,2.17055,2.94012
4432.80000,-1.34883,2.17059,2.93865
4432.85000,-1.34905,2.17064,2.93664
4432.90000,-1.34927,2.17068,2.93413
4432.95000,-1.34948,2.17073,2.93117
4433.00000,-1.34970,2.17077,2.92777
4433.05000,-1.34991,2.17082,2.92404
4433.10000,-1.35013,2.17087,2.92025
4433.15000,-1.35036,2.17092,2.91645
4433.20000,-1.35060,2.17098,2.91264
4433.25000,-1.35084,2.17103,2.90880
4433.30000,-1.35109,2.17109,2.90496
4433.35000,-1.35136,2.17116,2.90113
4433.40000,-1.35163,2.17122,2.89731
4433.45000,-1.35191,2.17129,2.89349
4433.50000,-1.35220,2.17137,2.88965
4433.55000,-1.35250,2.17145,2.88558
4433.60000,-1.35280,2.17153,2.88112
4433.65000,-1.35310,2.17161,2.87628
4433.70000,-1.35340,2.17169,2.87108
4433.75000,-1.35370,2.17177,2.86553
4433.80000,-1.35400,2.17186,2.85963
4433.85000,-1.35429,2.17194,2.85339
4433.90000,-1.35459,2.17203,2.84681
4433.95000,-1.35489,2.17212,2.83992
4434.00000,-1.35518,2.17222,2.83273
4434.05000,-1.35548,2.17231,2.82523
4434.10000,-1.35577,2.17241,2.81746
4434.15000,-1.35606,2.17251,2.80941
4434.20000,-1.35636,2.17261,2.80110
4434.25000,-1.35665,2.17272,2.79254
4434.30000,-1.35694,2.17282,2.78373
4434.35000,-1.35723,2.17293,2.77469
4434.40000,-1.35752,2.17305,2.76542
4434.45000,-1.35781,2.17316,2.75592
4434.50000,-1.35809,2.17328,2.74620
4434.55000,-1.35838,2.17340,2.73627
4434.60000,-1.35866,2.17352,2.72615
4434.65000,-1.35894,2.17365,2.71584
4434.70000,-1.35922,2.17378,2.70535
4434.75000,-1.35950,2.17391,2.69468
4434.80000,-1.35978,2.17405,2.68386
4434.85000,-1.36006,2.17418,2.67287
4434.90000,-1.36033,2.17432,2.66174
4434.95000,-1.36060,2.17447,2.65047
4435.00000,-1.36088,2.17462,2.63905
4435.05000,-1.36114,2.17478,2.63513
4435.10000,-1.36136,2.17491,2.63841
4435.15000,-1.36156,2.17502,2.63843
4435.20000,-1.36178,2.17518,2.65212
4435.25000,-1.36239,2.17554,2.67642
4435.30000,-1.36498,2.17687,2.69259
4435.35000,-1.36601,2.17733,2.68650
4435.40000,-1.36628,2.17746,2.67663
4435.45000,-1.36655,2.17761,2.67383
4435.50000,-1.36682,2.17781,2.68591
4435.55000,-1.36809,2.17853,2.69655
4435.60000,-1.36859,2.17875,2.68850
4435.65000,-1.36877,2.17883,2.68226
4435.70000,-1.36897,2.17893,2.67642
4435.75000,-1.36921,2.17906,2.66660
4435.80000,-1.36947,2.17921,2.66525
4435.85000,-1.36972,2.17934,2.67082
4435.90000,-1.36999,2.17947,2.66525
4435.95000,-1.37026,2.17961,2.65735
4436.00000,-1.37052,2.17977,2.65653
4436.05000,-1.37077,2.17990,2.66256
4436.10000,-1.37102,2.18003,2.66537
4436.15000,-1.37125,2.18014,2.67119
4436.20000,-1.37148,2.18027,2.66672
4436.25000,-1.37185,2.18058,2.67485
4436.30000,-1.37228,2.18097,2.69512
4436.35000,-1.37383,2.18173,2.72752
4436.40000,-1.37763,2.18332,2.76970
4436.45000,-1.38234,2.18507,2.79644
4436.50000,-1.38492,2.18595,2.80044
4436.55000,-1.38523,2.18606,2.79439
4436.60000,-1.38549,2.18615,2.78765
4436.65000,-1.38575,2.18625,2.78064
4436.70000,-1.38602,2.18635,2.77348
4436.75000,-1.38628,2.18646,2.76622
4436.80000,-1.38655,2.18656,2.75885
4436.85000,-1.38682,2.18667,2.75140
4436.90000,-1.38712,2.18681,2.74773
4436.95000,-1.38740,2.18688,2.74538
4437.00000,-1.38760,2.18698,2.73884
4437.05000,-1.38779,2.18708,2.73540
4437.10000,-1.38794,2.18716,2.72804
4437.15000,-1.38807,2.18725,2.72436
4437.20000,-1.38825,2.18734,2.71849
4437.25000,-1.38843,2.18743,2.71330
4437.30000,-1.38867,2.18757,2.71543
4437.35000,-1.38885,2.18767,2.71987
4437.40000,-1.38897,2.18777,2.71968
4437.45000,-1.38908,2.18784,2.72223
4437.50000,-1.38929,2.18794,2.71774
4437.55000,-1.38952,2.18808,2.71921
4437.60000,-1.38980,2.18831,2.73320
4437.65000,-1.39055,2.18872,2.76075
4437.70000,-1.39327,2.18998,2.78463
4437.75000,-1.39587,2.19091,2.79964
4437.80000,-1.39774,2.19128,2.81608
4437.85000,-1.39818,2.19132,2.81398
4437.90000,-1.39835,2.19138,2.81019
4437.95000,-1.39863,2.19150,2.81283
4438.00000,-1.39889,2.19159,2.81740
4438.05000,-1.39913,2.19174,2.81912
4438.10000,-1.39935,2.19182,2.82286
4438.15000,-1.39951,2.19190,2.82573
4438.20000,-1.39961,2.19193,2.82950
4438.25000,-1.39968,2.19197,2.82521
4438.30000,-1.39980,2.19201,2.82145
4438.35000,-1.39993,2.19205,2.81730
4438.40000,-1.40004,2.19209,2.81271
4438.45000,-1.40014,2.19213,2.80767
4438.50000,-1.40023,2.19216,2.80226
4438.55000,-1.40031,2.19219,2.79650
4438.60000,-1.40071,2.19246,2.80301
4438.65000,-1.40093,2.19239,2.81250
4438.70000,-1.40099,2.19239,2.80712
4438.75000,-1.40107,2.19243,2.80075
4438.80000,-1.40133,2.19263,2.80043
4438.85000,-1.40161,2.19280,2.80276
4438.90000,-1.40167,2.19283,2.79625
4438.95000,-1.40176,2.19286,2.78955
4439.00000,-1.40181,2.19288,2.78255
4439.05000,-1.40199,2.19305,2.78145
4439.10000,-1.40231,2.19321,2.78681
4439.15000,-1.40252,2.19328,2.78874
4439.20000,-1.40273,2.19336,2.79273
4439.25000,-1.40289,2.19338,2.79504
4439.30000,-1.40400,2.19385,2.81878
4439.35000,-1.40732,2.19490,2.85633
4439.40000,-1.41116,2.19584,2.88292
4439.45000,-1.41363,2.19593,2.88846
4439.50000,-1.41389,2.19592,2.88222
4439.55000,-1.41390,2.19594,2.87425
4439.60000,-1.41392,2.19595,2.86608
4439.65000,-1.41390,2.19595,2.85752
4439.70000,-1.41388,2.19596,2.84850
4439.75000,-1.41405,2.19603,2.85570
4439.80000,-1.41429,2.19605,2.86503
4439.85000,-1.41418,2.19595,2.86015
4439.90000,-1.41414,2.19594,2.85041
4439.95000,-1.41429,2.19600,2.85693
4440.00000,-1.41443,2.19591,2.86619
4440.05000,-1.41464,2.19597,2.86871
4440.10000,-1.41479,2.19601,2.87169
4440.15000,-1.41473,2.19598,2.86204
4440.20000,-1.41467,2.19597,2.85170
4440.25000,-1.41460,2.19595,2.84098
4440.30000,-1.41453,2.19593,2.83011
4440.35000,-1.41469,2.19615,2.82882
4440.40000,-1.41523,2.19680,2.84458
4440.45000,-1.41768,2.19738,2.86259
4440.50000,-1.41974,2.19733,2.86614
4440.55000,-1.42071,2.19756,2.87118
4440.60000,-1.42154,2.19774,2.87818
4440.65000,-1.42195,2.19780,2.88442
4440.70000,-1.42213,2.19770,2.89244
4440.75000,-1.42200,2.19765,2.88186
4440.80000,-1.42187,2.19762,2.86977
4440.85000,-1.42174,2.19759,2.85714
4440.90000,-1.42159,2.19755,2.84400
4440.95000,-1.42165,2.19773,2.84161
4441.00000,-1.42216,2.19839,2.85916
4441.05000,-1.42473,2.19957,2.88968
4441.10000,-1.42995,2.20084,2.93094
4441.15000,-1.43566,2.20178,2.96318
4441.20000,-1.44020,2.20239,2.98330
4441.25000,-1.44330,2.20266,3.00465
4441.30000,-1.44548,2.20237,3.00339
4441.35000,-1.44580,2.20231,2.98342
4441.40000,-1.44533,2.20224,2.95746
4441.45000,-1.44484,2.20216,2.93005
4441.50000,-1.44434,2.20206,2.90240
4441.55000,-1.44385,2.20195,2.87488
4441.60000,-1.44336,2.20182,2.84757
4441.65000,-1.44285,2.20167,2.82050
4441.70000,-1.44237,2.20152,2.79331
4441.75000,-1.44223,2.20146,2.78361
4441.80000,-1.44259,2.20178,2.79450
4441.85000,-1.44443,2.20265,2.82021
4441.90000,-1.44860,2.20399,2.85545
4441.95000,-1.45496,2.20571,2.89928
4442.00000,-1.46249,2.20738,2.94713
4442.05000,-1.47020,2.20865,2.98367
4442.10000,-1.47594,2.20938,3.00792
4442.15000,-1.48021,2.20966,3.03175
4442.20000,-1.48352,2.20933,3.03451
4442.25000,-1.48613,2.20874,3.01787
4442.30000,-1.48806,2.20840,2.97735
4442.35000,-1.48858,2.20841,2.92543
4442.40000,-1.48887,2.20849,2.87159
4442.45000,-1.48918,2.20858,2.81699
4442.50000,-1.48950,2.20873,2.77120
4442.55000,-1.49025,2.20935,2.74610
4442.60000,-1.49164,2.21069,2.74954
4442.65000,-1.49433,2.21265,2.77583
4442.70000,-1.49983,2.21466,2.81522
4442.75000,-1.50657,2.21678,2.85894
4442.80000,-1.51440,2.21885,2.90652
4442.85000,-1.52304,2.22070,2.95677
4442.90000,-1.53234,2.22218,3.00865
4442.95000,-1.54158,2.22315,3.04643
4443.00000,-1.54841,2.22363,3.07264
4443.05000,-1.55277,2.22386,3.08909
4443.10000,-1.55657,2.22404,3.09711
4443.15000,-1.56049,2.22428,3.11730
4443.20000,-1.56452,2.22436,-3.13138
4443.25000,-1.56856,2.22434,-3.07974
4443.30000,-1.57133,2.22422,-3.01321
4443.35000,-1.57241,2.22404,-2.93439
4443.40000,-1.57320,2.22384,-2.85021
4443.45000,-1.57438,2.22343,-2.76453
4443.50000,-1.57580,2.22279,-2.67838
4443.55000,-1.57719,2.22202,-2.59295
4443.60000,-1.57853,2.22112,-2.50833
4443.65000,-1.57981,2.22010,-2.42453
4443.70000,-1.58101,2.21895,-2.34156
4443.75000,-1.58214,2.21770,-2.25946
4443.80000,-1.58316,2.21634,-2.17823
4443.85000,-1.58409,2.21489,-2.09789
4443.90000,-1.58490,2.21336,-2.01845
4443.95000,-1.58559,2.21176,-1.93994
4444.00000,-1.58616,2.21011,-1.86235
4444.05000,-1.58660,2.20841,-1.78571
4444.10000,-1.58691,2.20668,-1.71002
4444.15000,-1.58708,2.20493,-1.63530
4444.20000,-1.58713,2.20318,-1.56156
4444.25000,-1.58705,2.20144,-1.48881
4444.30000,-1.58685,2.19972,-1.41705
4444.35000,-1.58652,2.19803,-1.34629
4444.40000,-1.58609,2.19638,-1.27655
4444.45000,-1.58555,2.19479,-1.20782
4444.50000,-1.58490,2.19326,-1.14013
4444.55000,-1.58417,2.19179,-1.07346
4444.60000,-1.58336,2.19040,-1.00783
4444.65000,-1.58247,2.18909,-0.94324
4444.70000,-1.58152,2.18787,-0.87970
4444.75000,-1.58051,2.18673,-0.81720
4444.80000,-1.57946,2.18567,-0.75575
4444.85000,-1.57836,2.18469,-0.69535
4444.90000,-1.57722,2.18380,-0.63600
4444.95000,-1.57606,2.18299,-0.57770
4445.00000,-1.57488,2.18227,-0.52046
4445.05000,-1.57368,2.18162,-0.46426
4445.10000,-1.57247,2.18106,-0.40912
4445.15000,-1.56880,2.17958,-0.35832
4445.20000,-1.56127,2.17696,-0.31321
4445.25000,-1.55275,2.17443,-0.26567
4445.30000,-1.54346,2.17215,-0.21611
4445.35000,-1.53367,2.17025,-0.16555
4445.40000,-1.52377,2.16885,-0.11566
4445.45000,-1.51381,2.16794,-0.06646
4445.50000,-1.50382,2.16752,-0.01785
4445.55000,-1.49382,2.16758,0.03045
4445.60000,-1.48384,2.16813,0.07904
4445.65000,-1.47392,2.16916,0.12881
4445.70000,-1.46425,2.17067,0.18092
4445.75000,-1.45541,2.17211,0.23327
4445.80000,-1.45205,2.17285,0.29169
4445.85000,-1.45010,2.17350,0.36189
4445.90000,-1.44878,2.17406,0.44015
4445.95000,-1.44789,2.17452,0.52414
4446.00000,-1.44730,2.17490,0.61220
4446.05000,-1.44692,2.17519,0.70311
4446.10000,-1.44676,2.17533,0.79443
4446.15000,-1.44661,2.17550,0.88457
4446.20000,-1.44649,2.17569,0.96164
4446.25000,-1.44663,2.17568,1.01427
4446.30000,-1.44632,2.17629,1.04921
4446.35000,-1.44473,2.17915,1.07144
4446.40000,-1.44197,2.18429,1.08176
4446.45000,-1.43768,2.19229,1.07774
4446.50000,-1.43301,2.20089,1.06909
4446.55000,-1.42824,2.20946,1.05972
4446.60000,-1.42335,2.21808,1.05013
4446.65000,-1.41842,2.22655,1.03939
4446.70000,-1.41338,2.23500,1.02821
4446.75000,-1.40831,2.24327,1.01588
4446.80000,-1.40314,2.25146,1.00306
4446.85000,-1.39787,2.25957,0.98955
4446.90000,-1.39250,2.26758,0.97536
4446.95000,-1.38703,2.27551,0.96054
4447.00000,-1.38144,2.28334,0.94528
4447.05000,-1.37574,2.29108,0.92960
4447.10000,-1.36992,2.29872,0.91354
4447.15000,-1.36399,2.30625,0.89683
4447.20000,-1.35794,2.31367,0.88000
4447.25000,-1.35176,2.32099,0.86282
4447.30000,-1.34547,2.32819,0.84526
4447.35000,-1.33905,2.33527,0.82710
4447.40000,-1.33252,2.34222,0.80884
4447.45000,-1.32585,2.34905,0.79047
4447.50000,-1.31908,2.35575,0.77155
4447.55000,-1.31217,2.36232,0.75257
4447.60000,-1.30515,2.36875,0.73329
4447.65000,-1.29801,2.37503,0.71379
4447.70000,-1.29075,2.38118,0.69399
4447.75000,-1.28338,2.38717,0.67421
4447.80000,-1.27588,2.39302,0.65442
4447.85000,-1.26827,2.39872,0.63466
4447.90000,-1.26056,2.40427,0.61466
4447.95000,-1.25273,2.40966,0.59445
4448.00000,-1.24480,2.41488,0.57429
4448.05000,-1.23677,2.41995,0.55402
4448.10000,-1.22865,2.42484,0.53315
4448.15000,-1.22036,2.42962,0.51157
4448.20000,-1.21218,2.43410,0.50202
4448.25000,-1.20609,2.43746,0.52268
4448.30000,-1.20246,2.43964,0.56721
4448.35000,-1.20010,2.44124,0.62718
4448.40000,-1.19893,2.44214,0.69443
4448.45000,-1.19795,2.44298,0.75131
4448.50000,-1.19682,2.44405,0.78429
4448.55000,-1.19401,2.44693,0.78711
4448.60000,-1.18872,2.45218,0.77219
4448.65000,-1.18212,2.45846,0.74886
4448.70000,-1.17517,2.46477,0.72465
4448.75000,-1.16804,2.47093,0.70057
4448.80000,-1.16077,2.47692,0.67685
4448.85000,-1.15337,2.48272,0.65280
4448.90000,-1.14585,2.48832,0.62814
4448.95000,-1.13818,2.49374,0.60337
4449.00000,-1.13045,2.49899,0.59150
4449.05000,-1.12319,2.50388,0.60437
4449.10000,-1.11772,2.50777,0.64318
4449.15000,-1.11548,2.50947,0.69877
4449.20000,-1.11497,2.50992,0.75875
4449.25000,-1.11458,2.51033,0.80796
4449.30000,-1.11407,2.51092,0.83087
4449.35000,-1.11113,2.51416,0.82957
4449.40000,-1.10607,2.51960,0.81233
4449.45000,-1.09977,2.52608,0.78711
4449.50000,-1.09308,2.53262,0.76104
4449.55000,-1.08621,2.53899,0.73499
4449.60000,-1.07920,2.54516,0.70833
4449.65000,-1.07204,2.55113,0.68164
4449.70000,-1.06491,2.55682,0.66938
4449.75000,-1.05848,2.56194,0.68415
4449.80000,-1.05385,2.56583,0.72154
4449.85000,-1.05219,2.56731,0.76823
4449.90000,-1.05195,2.56755,0.82161
4449.95000,-1.05181,2.56774,0.86374
4450.00000,-1.05163,2.56802,0.88350
4450.05000,-1.04999,2.57004,0.88824
4450.10000,-1.04726,2.57338,0.88393
4450.15000,-1.04334,2.57810,0.87038
4450.20000,-1.03822,2.58404,0.84813
4450.25000,-1.03205,2.59084,0.81892
4450.30000,-1.02563,2.59751,0.78921
4450.35000,-1.01901,2.60399,0.75955
4450.40000,-1.01221,2.61025,0.72927
4450.45000,-1.00516,2.61651,0.70874
4450.50000,-0.99781,2.62283,0.71422
4450.55000,-0.99212,2.62785,0.73460
4450.60000,-0.98864,2.63108,0.76670
4450.65000,-0.98746,2.63225,0.81114
4450.70000,-0.98722,2.63252,0.86057
4450.75000,-0.98701,2.63277,0.90951
4450.80000,-0.98682,2.63305,0.94700
4450.85000,-0.98632,2.63381,0.96119
4450.90000,-0.98406,2.63703,0.95736
4450.95000,-0.97972,2.64306,0.93784
4451.00000,-0.97390,2.65078,0.91162
4451.05000,-0.96780,2.65841,0.88312
4451.10000,-0.96135,2.66605,0.85535
4451.15000,-0.95469,2.67351,0.82748
4451.20000,-0.94800,2.68077,0.80659
4451.25000,-0.94117,2.68811,0.80166
4451.30000,-0.93464,2.69491,0.81057
4451.35000,-0.92911,2.70079,0.82560
4451.40000,-0.92469,2.70568,0.84685
4451.45000,-0.92138,2.70951,0.87450
4451.50000,-0.91921,2.71219,0.90865
4451.55000,-0.91816,2.71359,0.94947
4451.60000,-0.91795,2.71391,0.99549
4451.65000,-0.91784,2.71414,1.02914
4451.70000,-0.91709,2.71545,1.03794
4451.75000,-0.91406,2.72049,1.02747
4451.80000,-0.90975,2.72746,1.00624
4451.85000,-0.90436,2.73573,0.98014
4451.90000,-0.89868,2.74396,0.95327
4451.95000,-0.89279,2.75203,0.92664
4452.00000,-0.88686,2.75993,0.90695
4452.05000,-0.88088,2.76776,0.90212
4452.10000,-0.87535,2.77482,0.91044
4452.15000,-0.87074,2.78084,0.92498
4452.20000,-0.86711,2.78574,0.94573
4452.25000,-0.86448,2.78949,0.97276
4452.30000,-0.86282,2.79202,1.00606
4452.35000,-0.86217,2.79328,1.03290
4452.40000,-0.86169,2.79445,1.03300
4452.45000,-0.85988,2.79734,1.01120
4452.50000,-0.85673,2.80219,0.97869
4452.55000,-0.85289,2.80766,0.93744
4452.60000,-0.84800,2.81402,0.89253
4452.65000,-0.84260,2.82036,0.84289
4452.70000,-0.83604,2.82737,0.79350
4452.75000,-0.82888,2.83428,0.74251
4452.80000,-0.82135,2.84085,0.69198
4452.85000,-0.81349,2.84703,0.64197
4452.90000,-0.80535,2.85280,0.59091
4452.95000,-0.79694,2.85814,0.54078
4453.00000,-0.78905,2.86257,0.48644
4453.05000,-0.78078,2.86665,0.43372
4453.10000,-0.77163,2.87061,0.38304
4453.15000,-0.76226,2.87412,0.33323
4453.20000,-0.75372,2.87680,0.27854
4453.25000,-0.74531,2.87894,0.22172
4453.30000,-0.73592,2.88079,0.16713
4453.35000,-0.72603,2.88219,0.11341
4453.40000,-0.71689,2.88296,0.05594
4453.45000,-0.70755,2.88321,-0.00223
4453.50000,-0.69797,2.88291,-0.06043
4453.55000,-0.68853,2.88247,-0.11267
4453.60000,-0.68006,2.88212,-0.15606
4453.65000,-0.67409,2.88106,-0.19884
4453.70000,-0.66716,2.87949,-0.24640
4453.75000,-0.65938,2.87731,-0.29648
4453.80000,-0.65177,2.87499,-0.33474
4453.85000,-0.64418,2.87264,-0.35765
4453.90000,-0.63645,2.87011,-0.36584
4453.95000,-0.62867,2.86749,-0.36050
4454.00000,-0.62139,2.86494,-0.33921
4454.05000,-0.61641,2.86327,-0.30551
4454.10000,-0.61399,2.86255,-0.26045
4454.15000,-0.61343,2.86241,-0.20736
4454.20000,-0.61293,2.86232,-0.15390
4454.25000,-0.61242,2.86226,-0.10990
4454.30000,-0.61223,2.86247,-0.08725
4454.35000,-0.61239,2.86249,-0.09022
4454.40000,-0.61069,2.86215,-0.11377
4454.45000,-0.60557,2.86139,-0.15035
4454.50000,-0.59836,2.86014,-0.19256
4454.55000,-0.59008,2.85833,-0.23830
4454.60000,-0.58116,2.85593,-0.28670
4454.65000,-0.57180,2.85292,-0.33676
4454.70000,-0.56245,2.84937,-0.38686
4454.75000,-0.55335,2.84575,-0.42929
4454.80000,-0.54427,2.84211,-0.45681
4454.85000,-0.53491,2.83813,-0.46677
4454.90000,-0.52553,2.83413,-0.47364
4454.95000,-0.51613,2.83010,-0.47840
4455.00000,-0.50666,2.82598,-0.47901
4455.05000,-0.49716,2.82182,-0.46983
4455.10000,-0.48883,2.81789,-0.44408
4455.15000,-0.48289,2.81518,-0.40631
4455.20000,-0.47939,2.81376,-0.35699
4455.25000,-0.47799,2.81328,-0.29819
4455.30000,-0.47678,2.81295,-0.23846
4455.35000,-0.47554,2.81269,-0.17896
4455.40000,-0.47429,2.81250,-0.11970
4455.45000,-0.47315,2.81244,-0.07164
4455.50000,-0.47258,2.81256,-0.04797
4455.55000,-0.47253,2.81247,-0.04618
4455.60000,-0.47114,2.81226,-0.05761
4455.65000,-0.46686,2.81184,-0.08355
4455.70000,-0.46000,2.81111,-0.12287
4455.75000,-0.45194,2.80993,-0.16773
4455.80000,-0.44333,2.80826,-0.21528
4455.85000,-0.43476,2.80617,-0.26233
4455.90000,-0.42628,2.80368,-0.30853
4455.95000,-0.41790,2.80080,-0.35410
4456.00000,-0.40960,2.79773,-0.39311
4456.05000,-0.40110,2.79440,-0.41435
4456.10000,-0.39211,2.79054,-0.41161
4456.15000,-0.38290,2.78641,-0.39978
4456.20000,-0.37344,2.78218,-0.37916
4456.25000,-0.36507,2.77899,-0.34705
4456.30000,-0.35904,2.77694,-0.30376
4456.35000,-0.35548,2.77591,-0.24938
4456.40000,-0.35335,2.77544,-0.18880
4456.45000,-0.35116,2.77509,-0.12841
4456.50000,-0.34900,2.77487,-0.06834
4456.55000,-0.34690,2.77481,-0.01664
4456.60000,-0.34514,2.77482,0.01060
4456.65000,-0.34374,2.77489,0.01492
4456.70000,-0.34009,2.77493,-0.00309
4456.75000,-0.33372,2.77480,-0.03457
4456.80000,-0.32572,2.77436,-0.07374
4456.85000,-0.31686,2.77351,-0.11606
4456.90000,-0.30799,2.77229,-0.15767
4456.95000,-0.29916,2.77070,-0.19893
4457.00000,-0.29040,2.76874,-0.24001
4457.05000,-0.28166,2.76657,-0.27410
4457.10000,-0.27265,2.76409,-0.29002
4457.15000,-0.26340,2.76133,-0.29346
4457.20000,-0.25415,2.75857,-0.29499
4457.25000,-0.24491,2.75580,-0.29067
4457.30000,-0.23565,2.75301,-0.27190
4457.35000,-0.22764,2.75091,-0.23831
4457.40000,-0.22224,2.74971,-0.19345
4457.45000,-0.21955,2.74924,-0.13748
4457.50000,-0.21850,2.74913,-0.07510
4457.55000,-0.21749,2.74910,-0.02177
4457.60000,-0.21658,2.74911,0.01239
4457.65000,-0.21573,2.74921,0.02184
4457.70000,-0.21324,2.74936,0.01893
4457.75000,-0.20966,2.74955,0.01123
4457.80000,-0.20486,2.74962,-0.00224
4457.85000,-0.19610,2.74947,-0.03144
4457.90000,-0.18611,2.74899,-0.06534
4457.95000,-0.17615,2.74817,-0.09874
4458.00000,-0.16622,2.74701,-0.13296
4458.05000,-0.15633,2.74552,-0.16696
4458.10000,-0.14656,2.74395,-0.19467
4458.15000,-0.13691,2.74249,-0.21511
4458.20000,-0.12732,2.74107,-0.23383
4458.25000,-0.11773,2.73966,-0.25133
4458.30000,-0.10815,2.73825,-0.26769
4458.35000,-0.09857,2.73684,-0.28278
4458.40000,-0.08892,2.73535,-0.29389
4458.45000,-0.07923,2.73380,-0.30183
4458.50000,-0.06946,2.73218,-0.30615
4458.55000,-0.05961,2.73046,-0.30597
4458.60000,-0.04975,2.72870,-0.29548
4458.65000,-0.04012,2.72691,-0.26637
4458.70000,-0.03272,2.72526,-0.22363
4458.75000,-0.02789,2.72429,-0.16983
4458.80000,-0.02565,2.72396,-0.10550
4458.85000,-0.02522,2.72393,-0.03401
4458.90000,-0.02486,2.72393,0.03733
4458.95000,-0.02450,2.72396,0.10000
4459.00000,-0.02436,2.72380,0.14222
4459.05000,-0.02415,2.72391,0.16075
4459.10000,-0.02103,2.72459,0.16170
4459.15000,-0.01487,2.72574,0.14689
4459.20000,-0.00739,2.72690,0.12337
4459.25000,0.00160,2.72792,0.09365
4459.30000,0.01076,2.72864,0.06134
4459.35000,0.01989,2.72904,0.02718
4459.40000,0.02901,2.72913,-0.00801
4459.45000,0.03807,2.72889,-0.04555
4459.50000,0.04664,2.72832,-0.08876
4459.55000,0.05477,2.72740,-0.13939
4459.60000,0.06318,2.72599,-0.19300
4459.65000,0.07165,2.72410,-0.24617
4459.70000,0.08000,2.72176,-0.29920
4459.75000,0.08823,2.71898,-0.35179
4459.80000,0.09631,2.71578,-0.40372
4459.85000,0.10422,2.71215,-0.45495
4459.90000,0.11194,2.70813,-0.50569
4459.95000,0.11948,2.70370,-0.55597
4460.00000,0.12679,2.69890,-0.60598
4460.05000,0.13388,2.69372,-0.65491
4460.10000,0.14071,2.68821,-0.70350
4460.15000,0.14728,2.68235,-0.75148
4460.20000,0.15358,2.67618,-0.79879
4460.25000,0.15959,2.66971,-0.84545
4460.30000,0.16531,2.66296,-0.89141
4460.35000,0.17093,2.65586,-0.92221
4460.40000,0.17633,2.64871,-0.92716
4460.45000,0.18174,2.64155,-0.91334
4460.50000,0.18607,2.63611,-0.87212
4460.55000,0.18773,2.63421,-0.81247
4460.60000,0.18815,2.63379,-0.74661
4460.65000,0.18847,2.63351,-0.68022
4460.70000,0.18880,2.63327,-0.62542
4460.75000,0.18873,2.63352,-0.59952
4460.80000,0.18885,2.63347,-0.60083
4460.85000,0.19138,2.63169,-0.61817
4460.90000,0.19634,2.62804,-0.65075
4460.95000,0.20229,2.62332,-0.68998
4461.00000,0.20880,2.61770,-0.73361
4461.05000,0.21528,2.61159,-0.77759
4461.10000,0.22150,2.60520,-0.82087
4461.15000,0.22743,2.59854,-0.86422
4461.20000,0.23336,2.59159,-0.89556
4461.25000,0.23933,2.58430,-0.89905
4461.30000,0.24457,2.57778,-0.87894
4461.35000,0.24834,2.57339,-0.83779
4461.40000,0.25048,2.57112,-0.78426
4461.45000,0.25096,2.57065,-0.72105
4461.50000,0.25133,2.57035,-0.65719
4461.55000,0.25171,2.57008,-0.59362
4461.60000,0.25211,2.56984,-0.54205
4461.65000,0.25244,2.56973,-0.52445
4461.70000,0.25439,2.56855,-0.53376
4461.75000,0.25893,2.56578,-0.55886
4461.80000,0.26484,2.56194,-0.59204
4461.85000,0.27161,2.55718,-0.63100
4461.90000,0.27896,2.55157,-0.67145
4461.95000,0.28667,2.54521,-0.70844
4462.00000,0.29414,2.53856,-0.74541
4462.05000,0.30139,2.53186,-0.77587
4462.10000,0.30841,2.52514,-0.77860
4462.15000,0.31479,2.51884,-0.76365
4462.20000,0.32081,2.51311,-0.73522
4462.25000,0.32504,2.50942,-0.69412
4462.30000,0.32699,2.50786,-0.64047
4462.35000,0.32758,2.50745,-0.57980
4462.40000,0.32819,2.50708,-0.51936
4462.45000,0.32883,2.50674,-0.47110
4462.50000,0.32952,2.50644,-0.45252
4462.55000,0.33192,2.50517,-0.46030
4462.60000,0.33703,2.50255,-0.48465
4462.65000,0.34356,2.49896,-0.51686
4462.70000,0.35145,2.49427,-0.55267
4462.75000,0.35938,2.48917,-0.58998
4462.80000,0.36742,2.48357,-0.62598
4462.85000,0.37463,2.47813,-0.66812
4462.90000,0.38096,2.47288,-0.71897
4462.95000,0.38743,2.46691,-0.77201
4463.00000,0.39385,2.46030,-0.82656
4463.05000,0.40017,2.45305,-0.88171
4463.10000,0.40603,2.44550,-0.93860
4463.15000,0.41158,2.43746,-0.99577
4463.20000,0.41677,2.42892,-1.05259
4463.25000,0.42148,2.42010,-1.10820
4463.30000,0.42568,2.41104,-1.16420
4463.35000,0.42935,2.40180,-1.22090
4463.40000,0.43250,2.39235,-1.27819
4463.45000,0.43511,2.38270,-1.33419
4463.50000,0.43695,2.37376,-1.37303
4463.55000,0.43864,2.36489,-1.38563
4463.60000,0.44018,2.35645,-1.37228
4463.65000,0.44098,2.35286,-1.32588
4463.70000,0.44150,2.35098,-1.26773
4463.75000,0.44201,2.34937,-1.21949
4463.80000,0.44251,2.34779,-1.18154
4463.85000,0.44293,2.34632,-1.15933
4463.90000,0.44314,2.34526,-1.16871
4463.95000,0.44393,2.34336,-1.19426
4464.00000,0.44548,2.33926,-1.22889
4464.05000,0.44760,2.33291,-1.27316
4464.10000,0.44976,2.32514,-1.32229
4464.15000,0.45167,2.31665,-1.37384
4464.20000,0.45323,2.30755,-1.42696
4464.25000,0.45418,2.29870,-1.46596
4464.30000,0.45483,2.29038,-1.47353
4464.35000,0.45547,2.28277,-1.45643
4464.40000,0.45618,2.27635,-1.42065
4464.45000,0.45698,2.27170,-1.37274
4464.50000,0.45758,2.26910,-1.31610
4464.55000,0.45827,2.26670,-1.25857
4464.60000,0.45902,2.26437,-1.21149
4464.65000,0.45973,2.26214,-1.18784
4464.70000,0.46029,2.26034,-1.20229
4464.75000,0.46151,2.25715,-1.23205
4464.80000,0.46334,2.25167,-1.26982
4464.85000,0.46519,2.24516,-1.31602
4464.90000,0.46709,2.23705,-1.36361
4464.95000,0.46872,2.22820,-1.41387
4465.00000,0.46999,2.21859,-1.46519
4465.05000,0.47068,2.20927,-1.50369
4465.10000,0.47094,2.20018,-1.51727
4465.15000,0.47084,2.19139,-1.51408
4465.20000,0.47110,2.18251,-1.48865
4465.25000,0.47174,2.17549,-1.44984
4465.30000,0.47242,2.17073,-1.40161
4465.35000,0.47291,2.16827,-1.34424
4465.40000,0.47340,2.16640,-1.28474
4465.45000,0.47397,2.16465,-1.22527
4465.50000,0.47459,2.16294,-1.17539
4465.55000,0.47514,2.16136,-1.14648
4465.60000,0.47548,2.16010,-1.14839
4465.65000,0.47689,2.15705,-1.17454
4465.70000,0.47893,2.15190,-1.21276
4465.75000,0.48118,2.14547,-1.25711
4465.80000,0.48343,2.13790,-1.30504
4465.85000,0.48546,2.12962,-1.35588
4465.90000,0.48722,2.12044,-1.40508
4465.95000,0.48852,2.11099,-1.43915
4466.00000,0.48958,2.10146,-1.44597
4466.05000,0.49059,2.09267,-1.42943
4466.10000,0.49154,2.08555,-1.39154
4466.15000,0.49242,2.08123,-1.34362
4466.20000,0.49290,2.07933,-1.28587
4466.25000,0.49322,2.07834,-1.22435
4466.30000,0.49358,2.07744,-1.16270
4466.35000,0.49393,2.07661,-1.11171
4466.40000,0.49384,2.07631,-1.09222
4466.45000,0.49424,2.07552,-1.09945
4466.50000,0.49628,2.07143,-1.12636
4466.55000,0.49889,2.06569,-1.16222
4466.60000,0.50176,2.05866,-1.20391
4466.65000,0.50461,2.05068,-1.24986
4466.70000,0.50720,2.04224,-1.29657
4466.75000,0.50940,2.03367,-1.34300
4466.80000,0.51125,2.02490,-1.37434
4466.85000,0.51312,2.01557,-1.38178
4466.90000,0.51509,2.00592,-1.37101
4466.95000,0.51681,1.99756,-1.33639
4467.00000,0.51799,1.99227,-1.28566
4467.05000,0.51866,1.99014,-1.22688
4467.10000,0.51890,1.98953,-1.16202
4467.15000,0.51917,1.98896,-1.10756
4467.20000,0.51921,1.98868,-1.08094
4467.25000,0.51958,1.98797,-1.08271
4467.30000,0.52179,1.98376,-1.10626
4467.35000,0.52469,1.97772,-1.13911
4467.40000,0.52791,1.97036,-1.17806
4467.45000,0.53111,1.96213,-1.22083
4467.50000,0.53399,1.95368,-1.26370
4467.55000,0.53654,1.94512,-1.29101
4467.60000,0.53912,1.93612,-1.29603
4467.65000,0.54177,1.92694,-1.28498
4467.70000,0.54398,1.91922,-1.24935
4467.75000,0.54528,1.91553,-1.19728
4467.80000,0.54577,1.91436,-1.13437
4467.85000,0.54602,1.91387,-1.06846
4467.90000,0.54631,1.91339,-1.01343
4467.95000,0.54675,1.91279,-0.97098
4468.00000,0.54728,1.91217,-0.95192
4468.05000,0.54914,1.90968,-0.96480
4468.10000,0.55272,1.90447,-0.99379
4468.15000,0.55736,1.89711,-1.02739
4468.20000,0.56229,1.88859,-1.06451
4468.25000,0.56698,1.87975,-1.10174
4468.30000,0.57133,1.87075,-1.13903
4468.35000,0.57506,1.86219,-1.17903
4468.40000,0.57821,1.85409,-1.20194
4468.45000,0.58115,1.84637,-1.19727
4468.50000,0.58392,1.83951,-1.17099
4468.55000,0.58633,1.83409,-1.12950
4468.60000,0.58771,1.83133,-1.07578
4468.65000,0.58804,1.83076,-1.01206
4468.70000,0.58829,1.83038,-0.94725
4468.75000,0.58858,1.83002,-0.89457
4468.80000,0.58898,1.82960,-0.85898
4468.85000,0.58954,1.82905,-0.83359
4468.90000,0.59022,1.82840,-0.81813
4468.95000,0.59107,1.82762,-0.81218
4469.00000,0.59267,1.82595,-0.82129
4469.05000,0.59561,1.82273,-0.83898
4469.10000,0.60006,1.81765,-0.86648
4469.15000,0.60597,1.81043,-0.90385
4469.20000,0.61200,1.80245,-0.94354
4469.25000,0.61771,1.79424,-0.98284
4469.30000,0.62309,1.78582,-1.02183
4469.35000,0.62814,1.77719,-1.06094
4469.40000,0.63237,1.76932,-1.08445
4469.45000,0.63598,1.76251,-1.07762
4469.50000,0.63805,1.75881,-1.03950
4469.55000,0.63923,1.75691,-0.98672
4469.60000,0.63954,1.75645,-0.92668
4469.65000,0.63978,1.75616,-0.86552
4469.70000,0.64004,1.75589,-0.81693
4469.75000,0.64032,1.75565,-0.78444
4469.80000,0.64051,1.75553,-0.76288
4469.85000,0.64060,1.75556,-0.75421
4469.90000,0.64084,1.75538,-0.75605
4469.95000,0.64207,1.75421,-0.76507
4470.00000,0.64457,1.75177,-0.78152
4470.05000,0.64870,1.74758,-0.80755
4470.10000,0.65444,1.74136,-0.84404
4470.15000,0.66091,1.73376,-0.88596
4470.20000,0.66706,1.72589,-0.92787
4470.25000,0.67249,1.71830,-0.97191
4470.30000,0.67775,1.71021,-1.01499
4470.35000,0.68238,1.70251,-1.04175
4470.40000,0.68659,1.69519,-1.03965
4470.45000,0.68967,1.68996,-1.00862
4470.50000,0.69109,1.68778,-0.95841
4470.55000,0.69146,1.68728,-0.89976
4470.60000,0.69166,1.68704,-0.83942
4470.65000,0.69188,1.68683,-0.79095
4470.70000,0.69216,1.68661,-0.75895
4470.75000,0.69256,1.68631,-0.74013
4470.80000,0.69326,1.68577,-0.74142
4470.85000,0.69682,1.68246,-0.76517
4470.90000,0.70232,1.67700,-0.79846
4470.95000,0.70868,1.67022,-0.83742
4471.00000,0.71504,1.66282,-0.87952
4471.05000,0.72123,1.65500,-0.92110
4471.10000,0.72712,1.64691,-0.96278
4471.15000,0.73234,1.63915,-0.99105
4471.20000,0.73710,1.63180,-0.99052
4471.25000,0.74117,1.62568,-0.96375
4471.30000,0.74361,1.62217,-0.91571
4471.35000,0.74439,1.62119,-0.85722
4471.40000,0.74457,1.62100,-0.79445
4471.45000,0.74476,1.62082,-0.73148
4471.50000,0.74496,1.62068,-0.68022
4471.55000,0.74473,1.62106,-0.66240
4471.60000,0.74482,1.62107,-0.66239
4471.65000,0.74800,1.61855,-0.68270
4471.70000,0.75298,1.61436,-0.71591
4471.75000,0.75886,1.60905,-0.75522
4471.80000,0.76514,1.60288,-0.79847
4471.85000,0.77121,1.59637,-0.84244
4471.90000,0.77699,1.58959,-0.88626
4471.95000,0.78269,1.58248,-0.91561
4472.00000,0.78804,1.57548,-0.91601
4472.05000,0.79269,1.56950,-0.89145
4472.10000,0.79584,1.56574,-0.84137
4472.15000,0.79700,1.56451,-0.77995
4472.20000,0.79726,1.56427,-0.71292
4472.25000,0.79744,1.56412,-0.64546
4472.30000,0.79762,1.56402,-0.58960
4472.35000,0.79738,1.56442,-0.56304
4472.40000,0.79781,1.56420,-0.56289
4472.45000,0.80149,1.56179,-0.58279
4472.50000,0.80694,1.55807,-0.61422
4472.55000,0.81336,1.55335,-0.65209
4472.60000,0.82029,1.54782,-0.69356
4472.65000,0.82706,1.54196,-0.73527
4472.70000,0.83357,1.53581,-0.77691
4472.75000,0.83980,1.52942,-0.81948
4472.80000,0.84590,1.52287,-0.85494
4472.85000,0.85233,1.51583,-0.86306
4472.90000,0.85788,1.50946,-0.84221
4472.95000,0.86189,1.50512,-0.79658
4473.00000,0.86394,1.50312,-0.73628
4473.05000,0.86452,1.50262,-0.66716
4473.10000,0.86470,1.50249,-0.59596
4473.15000,0.86491,1.50238,-0.53616
4473.20000,0.86484,1.50262,-0.50602
4473.25000,0.86550,1.50228,-0.50376
4473.30000,0.86878,1.50041,-0.51780
4473.35000,0.87458,1.49699,-0.54666
4473.40000,0.88152,1.49259,-0.58264
4473.45000,0.88892,1.48750,-0.62210
4473.50000,0.89613,1.48211,-0.66183
4473.55000,0.90312,1.47643,-0.70173
4473.60000,0.90988,1.47049,-0.74177
4473.65000,0.91654,1.46436,-0.77417
4473.70000,0.92355,1.45780,-0.78506
4473.75000,0.93053,1.45095,-0.77003
4473.80000,0.93680,1.44504,-0.73768
4473.85000,0.94177,1.44071,-0.68980
4473.90000,0.94457,1.43852,-0.62865
4473.95000,0.94515,1.43812,-0.55598
4474.00000,0.94535,1.43801,-0.48149
4474.05000,0.94557,1.43792,-0.41877
4474.10000,0.94565,1.43804,-0.38098
4474.15000,0.94586,1.43805,-0.37116
4474.20000,0.94895,1.43676,-0.37898
4474.25000,0.95540,1.43404,-0.40467
4474.30000,0.96339,1.43045,-0.43694
4474.35000,0.97234,1.42608,-0.47037
4474.40000,0.98117,1.42140,-0.50339
4474.45000,0.98985,1.41643,-0.53677
4474.50000,0.99836,1.41118,-0.57039
4474.55000,1.00668,1.40563,-0.60437
4474.60000,1.01478,1.40006,-0.63127
4474.65000,1.02277,1.39457,-0.64861
4474.70000,1.03077,1.38906,-0.65929
4474.75000,1.03878,1.38352,-0.66253
4474.80000,1.04424,1.37954,-0.62716
4474.85000,1.04607,1.37830,-0.56081
4474.90000,1.04711,1.37769,-0.48653
4474.95000,1.04738,1.37756,-0.40891
4475.00000,1.04762,1.37748,-0.34266
4475.05000,1.04773,1.37759,-0.30072
4475.10000,1.04795,1.37754,-0.28778
4475.15000,1.05002,1.37689,-0.28709
4475.20000,1.05500,1.37525,-0.30070
4475.25000,1.06294,1.37261,-0.33032
4475.30000,1.07159,1.36947,-0.36417
4475.35000,1.08014,1.36605,-0.39783
4475.40000,1.08858,1.36233,-0.43155
4475.45000,1.09686,1.35834,-0.46575
4475.50000,1.10501,1.35406,-0.50005
4475.55000,1.11311,1.34964,-0.52554
4475.60000,1.12149,1.34489,-0.53399
4475.65000,1.13009,1.33989,-0.52824
4475.70000,1.13870,1.33483,-0.50724
4475.75000,1.14675,1.33054,-0.46784
4475.80000,1.15273,1.32769,-0.41479
4475.85000,1.15609,1.32632,-0.34943
4475.90000,1.15688,1.32606,-0.27304
4475.95000,1.15715,1.32601,-0.20478
4476.00000,1.15669,1.32647,-0.16650
4476.05000,1.15750,1.32625,-0.15519
4476.10000,1.16062,1.32566,-0.15653
4476.15000,1.16706,1.32449,-0.17487
4476.20000,1.17577,1.32281,-0.20497
4476.25000,1.18476,1.32080,-0.23649
4476.30000,1.19368,1.31850,-0.26779
4476.35000,1.20253,1.31592,-0.29924
4476.40000,1.21128,1.31307,-0.33116
4476.45000,1.21992,1.30994,-0.36348
4476.50000,1.22854,1.30663,-0.38986
4476.55000,1.23745,1.30298,-0.39848
4476.60000,1.24675,1.29889,-0.38993
4476.65000,1.25628,1.29456,-0.37198
4476.70000,1.26588,1.29080,-0.33841
4476.75000,1.27368,1.28824,-0.29151
4476.80000,1.27888,1.28683,-0.23300
4476.85000,1.28130,1.28632,-0.16285
4476.90000,1.28167,1.28628,-0.08452
4476.95000,1.28195,1.28627,-0.01525
4477.00000,1.28225,1.28630,0.03890
4477.05000,1.28271,1.28651,0.07842
4477.10000,1.28339,1.28697,0.10240
4477.15000,1.28426,1.28765,0.11296
4477.20000,1.28553,1.28834,0.11787
4477.25000,1.28781,1.28905,0.11819
4477.30000,1.29109,1.28982,0.11352
4477.35000,1.29555,1.29069,0.10383
4477.40000,1.30145,1.29172,0.08791
4477.45000,1.30914,1.29266,0.06466
4477.50000,1.31855,1.29318,0.03386
4477.55000,1.32840,1.29334,0.00116
4477.60000,1.33840,1.29320,-0.03076
4477.65000,1.34839,1.29273,-0.06220
4477.70000,1.35836,1.29195,-0.09381
4477.75000,1.36830,1.29086,-0.12559
4477.80000,1.37820,1.28945,-0.15770
4477.85000,1.38805,1.28772,-0.18993
4477.90000,1.39783,1.28586,-0.21577
4477.95000,1.40768,1.28385,-0.21731
4478.00000,1.41650,1.28207,-0.19590
4478.05000,1.42446,1.28063,-0.15960
4478.10000,1.43113,1.27972,-0.11182
4478.15000,1.43781,1.27916,-0.05683
4478.20000,1.44524,1.27895,0.00031
4478.25000,1.45274,1.27899,0.04892
4478.30000,1.46023,1.27908,0.08362
4478.35000,1.46788,1.27935,0.10618
4478.40000,1.47559,1.27970,0.12103
4478.45000,1.48340,1.28017,0.12835
4478.50000,1.49135,1.28080,0.12693
4478.55000,1.49934,1.28153,0.10831
4478.60000,1.50790,1.28240,0.07809
4478.65000,1.51730,1.28295,0.03924
4478.70000,1.52581,1.28311,-0.00331
4478.75000,1.53338,1.28298,-0.03665
4478.80000,1.54103,1.28280,-0.04129
4478.85000,1.54844,1.28274,-0.03445
4478.90000,1.55569,1.28277,-0.02013
4478.95000,1.56277,1.28277,0.00235
4479.00000,1.56980,1.28292,0.04317
4479.05000,1.57731,1.28345,0.09506
4479.10000,1.58551,1.28445,0.14900
4479.15000,1.59371,1.28592,0.20608
4479.20000,1.60189,1.28758,0.25664
4479.25000,1.61009,1.28931,0.29011
4479.30000,1.61818,1.29098,0.30198
4479.35000,1.62607,1.29256,0.29322
4479.40000,1.63378,1.29471,0.26191
4479.45000,1.64101,1.29649,0.22232
4479.50000,1.64715,1.29774,0.18008
4479.55000,1.65287,1.29865,0.13146
4479.60000,1.65778,1.29914,0.08563
4479.65000,1.66297,1.29960,0.06468
4479.70000,1.66835,1.30000,0.06491
4479.75000,1.67440,1.30056,0.08606
4479.80000,1.68128,1.30126,0.12723
4479.85000,1.68868,1.30237,0.17485
4479.90000,1.69619,1.30390,0.22566
4479.95000,1.70354,1.30580,0.28142
4480.00000,1.71075,1.30812,0.34071
4480.05000,1.71764,1.31080,0.40322
4480.10000,1.72319,1.31309,0.46263
4480.15000,1.72854,1.31525,0.50176
4480.20000,1.73350,1.31712,0.51124
4480.25000,1.73867,1.31989,0.49399
4480.30000,1.74581,1.32360,0.46435
4480.35000,1.75402,1.32754,0.43056
4480.40000,1.76240,1.33122,0.39737
4480.45000,1.77058,1.33449,0.36327
4480.50000,1.77743,1.33693,0.32920
4480.55000,1.78134,1.33817,0.29039
4480.60000,1.78414,1.33895,0.26334
4480.65000,1.78730,1.33974,0.25838
4480.70000,1.79066,1.34070,0.26729
4480.75000,1.79574,1.34232,0.29798
4480.80000,1.80282,1.34467,0.33806
4480.85000,1.81064,1.34761,0.38298
4480.90000,1.81831,1.35088,0.43271
4480.95000,1.82561,1.35424,0.47579
4481.00000,1.83291,1.35767,0.49902
4481.05000,1.83986,1.36089,0.49238
4481.10000,1.84691,1.36456,0.46588
4481.15000,1.85509,1.36851,0.43382
4481.20000,1.86351,1.37224,0.40132
4481.25000,1.87201,1.37569,0.36854
4481.30000,1.88024,1.37874,0.35133
4481.35000,1.88864,1.38204,0.35317
4481.40000,1.89567,1.38473,0.38107
4481.45000,1.90316,1.38789,0.41829
4481.50000,1.91151,1.39180,0.45954
4481.55000,1.92015,1.39605,0.49048
4481.60000,1.92862,1.40017,0.50894
4481.65000,1.93699,1.40422,0.51757
4481.70000,1.94533,1.40827,0.51645
4481.75000,1.95372,1.41240,0.50502
4481.80000,1.96228,1.41676,0.48021
4481.85000,1.97055,1.42087,0.44622
4481.90000,1.97887,1.42466,0.41168
4481.95000,1.98723,1.42820,0.39193
4482.00000,1.99442,1.43115,0.40247
4482.05000,1.99816,1.43282,0.44273
4482.10000,1.99974,1.43361,0.49571
4482.15000,2.00005,1.43379,0.55430
4482.20000,2.00032,1.43396,0.61277
4482.25000,2.00057,1.43417,0.65894
4482.30000,2.00078,1.43439,0.68073
4482.35000,2.00249,1.43580,0.68052
4482.40000,2.00622,1.43880,0.66999
4482.45000,2.01137,1.44282,0.65226
4482.50000,2.01838,1.44804,0.62581
4482.55000,2.02613,1.45342,0.59190
4482.60000,2.03442,1.45878,0.55955
4482.65000,2.04299,1.46396,0.52752
4482.70000,2.05171,1.46885,0.49505
4482.75000,2.05993,1.47313,0.47662
4482.80000,2.06692,1.47674,0.48762
4482.85000,2.07047,1.47870,0.52697
4482.90000,2.07172,1.47946,0.57830
4482.95000,2.07199,1.47964,0.63414
4483.00000,2.07224,1.47984,0.68974
4483.05000,2.07248,1.48007,0.73333
4483.10000,2.07264,1.48027,0.75380
4483.15000,2.07381,1.48138,0.75501
4483.20000,2.07625,1.48366,0.74854
4483.25000,2.07996,1.48707,0.73535
4483.30000,2.08536,1.49185,0.71308
4483.35000,2.09260,1.49793,0.68179
4483.40000,2.10047,1.50410,0.64805
4483.45000,2.10854,1.51000,0.61434
4483.50000,2.11681,1.51562,0.58024
4483.55000,2.12471,1.52066,0.55931
4483.60000,2.13270,1.52562,0.56113
4483.65000,2.13941,1.52990,0.58719
4483.70000,2.14314,1.53240,0.62478
4483.75000,2.14432,1.53328,0.67366
4483.80000,2.14457,1.53349,0.72711
4483.85000,2.14478,1.53371,0.76890
4483.90000,2.14490,1.53388,0.78270
4483.95000,2.14650,1.53548,0.77924
4484.00000,2.14985,1.53877,0.76365
4484.05000,2.15519,1.54375,0.73492
4484.10000,2.16185,1.54956,0.69856
4484.15000,2.16890,1.55525,0.66088
4484.20000,2.17616,1.56068,0.62348
4484.25000,2.18369,1.56607,0.59767
4484.30000,2.19147,1.57138,0.59833
4484.35000,2.19808,1.57591,0.62229
4484.40000,2.20213,1.57891,0.66432
4484.45000,2.20299,1.57951,0.71588
4484.50000,2.20324,1.57974,0.76868
4484.55000,2.20347,1.57997,0.82121
4484.60000,2.20356,1.58012,0.86060
4484.65000,2.20352,1.58018,0.87245
4484.70000,2.20556,1.58261,0.86511
4484.75000,2.20983,1.58750,0.84155
4484.80000,2.21531,1.59345,0.80975
4484.85000,2.22166,1.59988,0.77342
4484.90000,2.22828,1.60610,0.73687
4484.95000,2.23511,1.61208,0.70000
4485.00000,2.24217,1.61789,0.67742
4485.05000,2.24918,1.62353,0.68036
4485.10000,2.25493,1.62828,0.70723
4485.15000,2.25828,1.63125,0.75104
4485.20000,2.25881,1.63174,0.80334
4485.25000,2.25904,1.63198,0.85518
4485.30000,2.25916,1.63217,0.89360
4485.35000,2.25942,1.63257,0.90194
4485.40000,2.26168,1.63542,0.89240
4485.45000,2.26584,1.64045,0.86840
4485.50000,2.27119,1.64657,0.83661
4485.55000,2.27737,1.65317,0.80046
4485.60000,2.28381,1.65957,0.76410
4485.65000,2.29029,1.66566,0.74322
4485.70000,2.29590,1.67084,0.75292
4485.75000,2.30034,1.67511,0.77967
4485.80000,2.30285,1.67766,0.82169
4485.85000,2.30311,1.67796,0.87245
4485.90000,2.30331,1.67821,0.92333
4485.95000,2.30343,1.67844,0.95973
4486.00000,2.30363,1.67884,0.96864
4486.05000,2.30534,1.68129,0.96309
4486.10000,2.30906,1.68650,0.94022
4486.15000,2.31394,1.69296,0.90883
4486.20000,2.31962,1.69998,0.87285
4486.25000,2.32559,1.70684,0.83648
4486.30000,2.33178,1.71363,0.81230
4486.35000,2.33789,1.72015,0.81632
4486.40000,2.34262,1.72530,0.83915
4486.45000,2.34402,1.72691,0.88180
4486.50000,2.34423,1.72718,0.93194
4486.55000,2.34442,1.72745,0.98193
4486.60000,2.34457,1.72772,1.01902
4486.65000,2.34481,1.72820,1.02931
4486.70000,2.34592,1.73004,1.02755
4486.75000,2.34883,1.73469,1.01023
4486.80000,2.35316,1.74134,0.97937
4486.85000,2.35868,1.74925,0.94584
4486.90000,2.36466,1.75725,0.91284
4486.95000,2.37091,1.76506,0.87960
4487.00000,2.37717,1.77264,0.85245
4487.05000,2.38336,1.77999,0.85127
4487.10000,2.38928,1.78688,0.86371
4487.15000,2.39356,1.79200,0.88766
4487.20000,2.39587,1.79491,0.92381
4487.25000,2.39640,1.79565,0.97132
4487.30000,2.39659,1.79593,1.02109
4487.35000,2.39675,1.79622,1.07059
4487.40000,2.39690,1.79654,1.10654
4487.45000,2.39719,1.79714,1.11752
4487.50000,2.39895,1.80059,1.10889
4487.55000,2.40204,1.80661,1.08521
4487.60000,2.40605,1.81390,1.05400
4487.65000,2.41079,1.82190,1.01974
4487.70000,2.41571,1.82958,0.98433
4487.75000,2.42091,1.83706,0.94843
4487.80000,2.42625,1.84444,0.92411
4487.85000,2.43140,1.85139,0.92769
4487.90000,2.43481,1.85607,0.95459
4487.95000,2.43608,1.85792,0.99559
4488.00000,2.43627,1.85823,1.04419
4488.05000,2.43643,1.85853,1.09278
4488.10000,2.43665,1.85892,1.13022
4488.15000,2.43699,1.85956,1.14367
4488.20000,2.43822,1.86218,1.13921
4488.25000,2.44100,1.86791,1.11730
4488.30000,2.44466,1.87513,1.08592
4488.35000,2.44904,1.88308,1.05035
4488.40000,2.45376,1.89098,1.01493
4488.45000,2.45868,1.89888,0.98966
4488.50000,2.46397,1.90711,0.98215
4488.55000,2.46935,1.91530,0.98921
4488.60000,2.47346,1.92166,1.00834
4488.65000,2.47597,1.92576,1.03906
4488.70000,2.47693,1.92746,1.08137
4488.75000,2.47709,1.92776,1.13011
4488.80000,2.47722,1.92807,1.17870
4488.85000,2.47716,1.92823,1.21365
4488.90000,2.47735,1.92881,1.22294
4488.95000,2.47826,1.93124,1.22123
4489.00000,2.48022,1.93635,1.20517
4489.05000,2.48327,1.94393,1.17478
4489.10000,2.48692,1.95225,1.14009
4489.15000,2.49087,1.96048,1.10547
4489.20000,2.49511,1.96856,1.07100
4489.25000,2.49912,1.97577,1.05517
4489.30000,2.50317,1.98290,1.05476
4489.35000,2.50747,1.99025,1.06319
4489.40000,2.51175,1.99782,1.07939
4489.45000,2.51550,2.00500,1.10084
4489.50000,2.51871,2.01152,1.12695
4489.55000,2.52134,2.01729,1.15789
4489.60000,2.52243,2.02036,1.19776
4489.65000,2.52262,2.02085,1.24589
4489.70000,2.52267,2.02096,1.27988
4489.75000,2.52302,2.02189,1.28920
4489.80000,2.52424,2.02575,1.28207
4489.85000,2.52633,2.03244,1.25963
4489.90000,2.52911,2.04064,1.22898
4489.95000,2.53233,2.04922,1.19612
4490.00000,2.53583,2.05771,1.16358
4490.05000,2.53925,2.06553,1.14627
4490.10000,2.54285,2.07342,1.14338
4490.15000,2.54673,2.08156,1.15080
4490.20000,2.55053,2.08993,1.16542
4490.25000,2.55317,2.09649,1.18865
4490.30000,2.55476,2.10071,1.22126
4490.35000,2.55534,2.10240,1.26463
4490.40000,2.55544,2.10273,1.31367
4490.45000,2.55551,2.10307,1.35319
4490.50000,2.55563,2.10348,1.37352
4490.55000,2.55616,2.10572,1.37579
4490.60000,2.55739,2.11117,1.36209
4490.65000,2.55925,2.11930,1.33442
4490.70000,2.56155,2.12818,1.30175
4490.75000,2.56413,2.13700,1.26906
4490.80000,2.56700,2.14572,1.23624
4490.85000,2.57010,2.15445,1.21121
4490.90000,2.57351,2.16346,1.20267
4490.95000,2.57702,2.17256,1.20003
4491.00000,2.58054,2.18165,1.19965
4491.05000,2.58401,2.19063,1.20867
4491.10000,2.58686,2.19836,1.22646
4491.15000,2.58880,2.20396,1.25396
4491.20000,2.58973,2.20696,1.29280
4491.25000,2.58990,2.20762,1.34143
4491.30000,2.58997,2.20795,1.39124
4491.35000,2.59001,2.20829,1.43144
4491.40000,2.59013,2.20897,1.44833
4491.45000,2.59066,2.21245,1.44694
4491.50000,2.59161,2.21877,1.43120
4491.55000,2.59300,2.22741,1.40408
4491.60000,2.59469,2.23650,1.37351
4491.65000,2.59666,2.24551,1.34229
4491.70000,2.59891,2.25447,1.31129
4491.75000,2.60120,2.26310,1.29538
4491.80000,2.60359,2.27181,1.29971
4491.85000,2.60583,2.28011,1.31336
4491.90000,2.60753,2.28683,1.33469
4491.95000,2.60863,2.29167,1.36419
4492.00000,2.60907,2.29398,1.40422
4492.05000,2.60913,2.29440,1.45186
4492.10000,2.60916,2.29475,1.49060
4492.15000,2.60926,2.29517,1.50657
4492.20000,2.60952,2.29771,1.50772
4492.25000,2.60990,2.30243,1.49897
4492.30000,2.61060,2.30993,1.47514
4492.35000,2.61165,2.31924,1.44393
4492.40000,2.61302,2.32879,1.41298
4492.45000,2.61468,2.33820,1.38249
4492.50000,2.61660,2.34746,1.35033
4492.55000,2.61865,2.35639,1.32473
4492.60000,2.62091,2.36550,1.31215
4492.65000,2.62338,2.37480,1.30954
4492.70000,2.62586,2.38410,1.30871
4492.75000,2.62833,2.39339,1.31539
4492.80000,2.63053,2.40205,1.32927
4492.85000,2.63233,2.40969,1.34811
4492.90000,2.63362,2.41569,1.37408
4492.95000,2.63428,2.41929,1.41017
4493.00000,2.63445,2.42047,1.45608
4493.05000,2.63448,2.42081,1.50522
4493.10000,2.63448,2.42101,1.54425
4493.15000,2.63453,2.42139,1.56026
4493.20000,2.63457,2.42376,1.56525
4493.25000,2.63463,2.42755,1.56249
4493.30000,2.63475,2.43299,1.55047
4493.35000,2.63505,2.44079,1.52622
4493.40000,2.63561,2.44996,1.49416
4493.45000,2.63645,2.45915,1.46334
4493.50000,2.63759,2.46827,1.43099
4493.55000,2.63901,2.47737,1.39953
4493.60000,2.64062,2.48648,1.37339
4493.65000,2.64255,2.49586,1.36334
4493.70000,2.64465,2.50570,1.37027
4493.75000,2.64649,2.51509,1.38276
4493.80000,2.64805,2.52372,1.39997
4493.85000,2.64932,2.53159,1.42168
4493.90000,2.65029,2.53870,1.44772
4493.95000,2.65086,2.54434,1.47789
4494.00000,2.65110,2.54753,1.51489
4494.05000,2.65114,2.54850,1.56066
4494.10000,2.65111,2.54970,1.61326
4494.15000,2.65104,2.55171,1.66066
4494.20000,2.65105,2.55345,1.69083
4494.25000,2.65073,2.55513,1.70169
4494.30000,2.65007,2.55964,1.69402
4494.35000,2.64935,2.56569,1.67822
4494.40000,2.64863,2.57275,1.65556
4494.45000,2.64799,2.58126,1.62538
4494.50000,2.64770,2.58958,1.58514
4494.55000,2.64777,2.59750,1.53761
4494.60000,2.64826,2.60583,1.48599
4494.65000,2.64918,2.61397,1.42989
4494.70000,2.65062,2.62234,1.37203
4494.75000,2.65258,2.63079,1.31288
4494.80000,2.65508,2.63923,1.25277
4494.85000,2.65812,2.64760,1.19208
4494.90000,2.66174,2.65593,1.13132
4494.95000,2.66589,2.66410,1.07041
4495.00000,2.67057,2.67207,1.00944
4495.05000,2.67573,2.67975,0.94826
4495.10000,2.68143,2.68720,0.88739
4495.15000,2.68757,2.69429,0.82642
4495.20000,2.69418,2.70104,0.76560
4495.25000,2.70120,2.70739,0.70479
4495.30000,2.70866,2.71335,0.64426
4495.35000,2.71650,2.71888,0.58392
4495.40000,2.72467,2.72393,0.52356
4495.45000,2.73322,2.72853,0.46357
4495.50000,2.74206,2.73262,0.40374
4495.55000,2.75120,2.73621,0.34419
4495.60000,2.76054,2.73924,0.28463
4495.65000,2.77015,2.74175,0.22551
4495.70000,2.77987,2.74368,0.16631
4495.75000,2.78972,2.74503,0.10726
4495.80000,2.79962,2.74580,0.04812
4495.85000,2.80961,2.74599,-0.01068
4495.90000,2.81960,2.74559,-0.06892
4495.95000,2.82955,2.74461,-0.12721
4496.00000,2.83943,2.74306,-0.18469
4496.05000,2.84812,2.74117,-0.24650
4496.10000,2.85411,2.73947,-0.31706
4496.15000,2.85779,2.73811,-0.39649
4496.20000,2.86014,2.73702,-0.48084
4496.25000,2.86154,2.73621,-0.56847
4496.30000,2.86229,2.73569,-0.65824
4496.35000,2.86259,2.73544,-0.74921
4496.40000,2.86284,2.73518,-0.83948
4496.45000,2.86306,2.73491,-0.92881
4496.50000,2.86326,2.73462,-1.01718
4496.55000,2.86343,2.73432,-1.10456
4496.60000,2.86358,2.73399,-1.19095
4496.65000,2.86369,2.73366,-1.27632
4496.70000,2.86378,2.73332,-1.36066
4496.75000,2.86384,2.73297,-1.44395
4496.80000,2.86387,2.73262,-1.52618
4496.85000,2.86387,2.73227,-1.60734
4496.90000,2.86384,2.73192,-1.68740
4496.95000,2.86379,2.73157,-1.76637
4497.00000,2.86370,2.73123,-1.84422
4497.05000,2.86360,2.73090,-1.92095
4497.10000,2.86346,2.73057,-1.99654
4497.15000,2.86331,2.73026,-2.07098
4497.20000,2.86313,2.72995,-2.14428
4497.25000,2.86292,2.72967,-2.21641
4497.30000,2.86270,2.72939,-2.28737
4497.35000,2.86246,2.72914,-2.35716
4497.40000,2.86221,2.72890,-2.42577
4497.45000,2.86193,2.72867,-2.49320
4497.50000,2.86164,2.72847,-2.55945
4497.55000,2.86134,2.72829,-2.62450
4497.60000,2.86103,2.72812,-2.68835
4497.65000,2.86071,2.72798,-2.75101
4497.70000,2.86038,2.72786,-2.81247
4497.75000,2.86005,2.72775,-2.87273
4497.80000,2.85971,2.72767,-2.93179
4497.85000,2.85742,2.72720,-2.98883
4497.90000,2.85134,2.72641,-3.04158
4497.95000,2.84423,2.72590,-3.09672
4498.00000,2.83556,2.72575,3.13267
4498.05000,2.82575,2.72610,3.08019
4498.10000,2.81601,2.72667,3.03292
4498.15000,2.80624,2.72742,3.00121
4498.20000,2.79652,2.72878,2.99309
4498.25000,2.78745,2.73011,2.99585
4498.30000,2.77885,2.73131,3.00748
4498.35000,2.77006,2.73243,3.02243
4498.40000,2.76091,2.73343,3.04014
4498.45000,2.75133,2.73429,3.06123
4498.50000,2.74123,2.73497,3.08606
4498.55000,2.73158,2.73538,3.11291
4498.60000,2.72172,2.73552,-3.14089
4498.65000,2.71246,2.73536,-3.10712
4498.70000,2.70337,2.73488,-3.07104
4498.75000,2.69436,2.73407,-3.03297
4498.80000,2.68539,2.73292,-2.99470
4498.85000,2.67651,2.73143,-2.95509
4498.90000,2.66770,2.72958,-2.91512
4498.95000,2.65899,2.72739,-2.87446
4499.00000,2.65039,2.72484,-2.83337
4499.05000,2.64191,2.72195,-2.79190
4499.10000,2.63355,2.71870,-2.75053
4499.15000,2.62534,2.71511,-2.70896
4499.20000,2.61729,2.71119,-2.66715
4499.25000,2.60942,2.70693,-2.62503
4499.30000,2.60173,2.70235,-2.58311
4499.35000,2.59425,2.69745,-2.54102
4499.40000,2.58698,2.69224,-2.49870
4499.45000,2.57994,2.68673,-2.45638
4499.50000,2.57314,2.68093,-2.41393
4499.55000,2.56659,2.67484,-2.37163
4499.60000,2.56030,2.66848,-2.32939
4499.65000,2.55429,2.66186,-2.28722
4499.70000,2.54856,2.65499,-2.24494
4499.75000,2.54312,2.64788,-2.20310
4499.80000,2.53798,2.64055,-2.16118
4499.85000,2.53315,2.63301,-2.11934
4499.90000,2.52865,2.62528,-2.07728
4499.95000,2.52448,2.61737,-2.03507
4500.00000,2.52064,2.60929,-1.99292
4500.05000,2.51715,2.60105,-1.95062
4500.10000,2.51402,2.59269,-1.90810
4500.15000,2.51124,2.58420,-1.86537
4500.20000,2.50883,2.57560,-1.82242
4500.25000,2.50680,2.56692,-1.77924
4500.30000,2.50514,2.55815,-1.73611
4500.35000,2.50387,2.54933,-1.69281
4500.40000,2.50298,2.54046,-1.64927
4500.45000,2.50247,2.53157,-1.60561
4500.50000,2.50236,2.52267,-1.56173
4500.55000,2.50263,2.51377,-1.51785
4500.60000,2.50330,2.50489,-1.47385
4500.65000,2.50436,2.49606,-1.42968
4500.70000,2.50580,2.48729,-1.38537
4500.75000,2.50764,2.47859,-1.34089
4500.80000,2.50968,2.46993,-1.30286
4500.85000,2.51181,2.46122,-1.28151
4500.90000,2.51367,2.45342,-1.28961
4500.95000,2.51512,2.44814,-1.31290
4501.00000,2.51583,2.44530,-1.34691
4501.05000,2.51597,2.44465,-1.39019
4501.10000,2.51602,2.44432,-1.43486
4501.15000,2.51606,2.44399,-1.47941
4501.20000,2.51608,2.44365,-1.52378
4501.25000,2.51608,2.44332,-1.55916
4501.30000,2.51608,2.44277,-1.57303
4501.35000,2.51608,2.44075,-1.56776
4501.40000,2.51616,2.43538,-1.54825
4501.45000,2.51648,2.42706,-1.51712
4501.50000,2.51717,2.41748,-1.48086
4501.55000,2.51825,2.40754,-1.44330
4501.60000,2.51971,2.39764,-1.40555
4501.65000,2.52125,2.38789,-1.37404
4501.70000,2.52268,2.37829,-1.35727
4501.75000,2.52380,2.36990,-1.36678
4501.80000,2.52481,2.36346,-1.38660
4501.85000,2.52556,2.35913,-1.41565
4501.90000,2.52581,2.35733,-1.45523
4501.95000,2.52585,2.35698,-1.50083
4502.00000,2.52586,2.35665,-1.54639
4502.05000,2.52586,2.35631,-1.59174
4502.10000,2.52585,2.35598,-1.63686
4502.15000,2.52581,2.35564,-1.67359
4502.20000,2.52553,2.35515,-1.69286
4502.25000,2.52471,2.35312,-1.68976
4502.30000,2.52369,2.34937,-1.67888
4502.35000,2.52252,2.34424,-1.66267
4502.40000,2.52145,2.33746,-1.63939
4502.45000,2.52085,2.32871,-1.60842
4502.50000,2.52065,2.31874,-1.57225
4502.55000,2.52082,2.30874,-1.53620
4502.60000,2.52119,2.29862,-1.51008
4502.65000,2.52149,2.28902,-1.50850
4502.70000,2.52176,2.28021,-1.51736
4502.75000,2.52203,2.27245,-1.53137
4502.80000,2.52221,2.26580,-1.55044
4502.85000,2.52225,2.26030,-1.57454
4502.90000,2.52223,2.25689,-1.60729
4502.95000,2.52219,2.25576,-1.64923
4503.00000,2.52216,2.25543,-1.69434
4503.05000,2.52211,2.25509,-1.73927
4503.10000,2.52203,2.25477,-1.77504
4503.15000,2.52183,2.25435,-1.79340
4503.20000,2.52160,2.25391,-1.80070
4503.25000,2.52129,2.25276,-1.80161
4503.30000,2.52075,2.25048,-1.79742
4503.35000,2.51994,2.24698,-1.78774
4503.40000,2.51885,2.24191,-1.77134
4503.45000,2.51747,2.23492,-1.74690
4503.50000,2.51589,2.22581,-1.71395
4503.55000,2.51464,2.21589,-1.67787
4503.60000,2.51375,2.20593,-1.64191
4503.65000,2.51325,2.19746,-1.62636
4503.70000,2.51291,2.19171,-1.64186
4503.75000,2.51274,2.18868,-1.67139
4503.80000,2.51270,2.18817,-1.71126
4503.85000,2.51264,2.18784,-1.75195
4503.90000,2.51257,2.18751,-1.79247
4503.95000,2.51251,2.18721,-1.82400
4504.00000,2.51233,2.18680,-1.83588
4504.05000,2.51133,2.18378,-1.82626
4504.10000,2.50970,2.17759,-1.80219
4504.15000,2.50801,2.17004,-1.76829
4504.20000,2.50633,2.16087,-1.73080
4504.25000,2.50504,2.15184,-1.69098
4504.30000,2.50413,2.14299,-1.66409
4504.35000,2.50394,2.13479,-1.66046
4504.40000,2.50416,2.12817,-1.67440
4504.45000,2.50424,2.12571,-1.70600
4504.50000,2.50427,2.12579,-1.74817
4504.55000,2.50421,2.12547,-1.78878
4504.60000,2.50413,2.12514,-1.82910
4504.65000,2.50409,2.12488,-1.86295
4504.70000,2.50381,2.12437,-1.87460
4504.75000,2.50275,2.12140,-1.86431
4504.80000,2.50138,2.11673,-1.84467
4504.85000,2.49963,2.11014,-1.81553
4504.90000,2.49760,2.10140,-1.77809
4504.95000,2.49581,2.09213,-1.73961
4505.00000,2.49441,2.08295,-1.71410
4505.05000,2.49318,2.07391,-1.70606
4505.10000,2.49245,2.06626,-1.71594
4505.15000,2.49221,2.06206,-1.74022
4505.20000,2.49224,2.06157,-1.77966
4505.25000,2.49227,2.06178,-1.82222
4505.30000,2.49243,2.06247,-1.86667
4505.35000,2.49256,2.06290,-1.90971
4505.40000,2.49251,2.06271,-1.94396
4505.45000,2.49234,2.06242,-1.96008
4505.50000,2.49118,2.05996,-1.95274
4505.55000,2.48970,2.05622,-1.93793
4505.60000,2.48757,2.05048,-1.91289
4505.65000,2.48487,2.04247,-1.87667
4505.70000,2.48204,2.03292,-1.84006
4505.75000,2.47957,2.02332,-1.80350
4505.80000,2.47773,2.01445,-1.77732
4505.85000,2.47623,2.00588,-1.76975
4505.90000,2.47480,1.99741,-1.77347
4505.95000,2.47341,1.98968,-1.78299
4506.00000,2.47243,1.98447,-1.80282
4506.05000,2.47215,1.98279,-1.83735
4506.10000,2.47237,1.98347,-1.88188
4506.15000,2.47243,1.98367,-1.92429
4506.20000,2.47230,1.98336,-1.96417
4506.25000,2.47217,1.98305,-2.00377
4506.30000,2.47198,1.98273,-2.03276
4506.35000,2.47147,1.98194,-2.04094
4506.40000,2.46958,1.97840,-2.03030
4506.45000,2.46643,1.97206,-2.00657
4506.50000,2.46266,1.96368,-1.97591
4506.55000,2.45888,1.95445,-1.94242
4506.60000,2.45541,1.94507,-1.90862
4506.65000,2.45252,1.93610,-1.88687
4506.70000,2.45050,1.92822,-1.88898
4506.75000,2.44908,1.92313,-1.90706
4506.80000,2.44882,1.92224,-1.94317
4506.85000,2.44869,1.92192,-1.98202
4506.90000,2.44855,1.92162,-2.02071
4506.95000,2.44840,1.92132,-2.05917
4507.00000,2.44817,1.92098,-2.08919
4507.05000,2.44754,1.92017,-2.10137
4507.10000,2.44521,1.91641,-2.08996
4507.15000,2.44211,1.91113,-2.07159
4507.20000,2.43805,1.90348,-2.04321
4507.25000,2.43368,1.89455,-2.00937
4507.30000,2.42958,1.88543,-1.97531
4507.35000,2.42602,1.87654,-1.95428
4507.40000,2.42328,1.86874,-1.95555
4507.45000,2.42130,1.86373,-1.97202
4507.50000,2.42077,1.86237,-2.00464
4507.55000,2.42085,1.86253,-2.04405
4507.60000,2.42093,1.86266,-2.08323
4507.65000,2.42094,1.86268,-2.12169
4507.70000,2.42078,1.86248,-2.15312
4507.75000,2.42039,1.86208,-2.17365
4507.80000,2.41981,1.86153,-2.18389
4507.85000,2.41884,1.86042,-2.18386
4507.90000,2.41573,1.85609,-2.16728
4507.95000,2.41067,1.84848,-2.13526
4508.00000,2.40549,1.83998,-2.09988
4508.05000,2.40059,1.83126,-2.06463
4508.10000,2.39601,1.82237,-2.02914
4508.15000,2.39196,1.81374,-2.00844
4508.20000,2.38879,1.80669,-2.01121
4508.25000,2.38670,1.80220,-2.02668
4508.30000,2.38651,1.80176,-2.06037
4508.35000,2.38655,1.80181,-2.09663
4508.40000,2.38664,1.80198,-2.13314
4508.45000,2.38684,1.80229,-2.17027
4508.50000,2.38714,1.80272,-2.20779
4508.55000,2.38727,1.80291,-2.23141
4508.60000,2.38701,1.80272,-2.23871
4508.65000,2.38570,1.80112,-2.23483
4508.70000,2.38150,1.79575,-2.21216
4508.75000,2.37638,1.78867,-2.18127
4508.80000,2.37086,1.78048,-2.14617
4508.85000,2.36557,1.77200,-2.11046
4508.90000,2.36080,1.76374,-2.08964
4508.95000,2.35687,1.75665,-2.08880
4509.00000,2.35399,1.75158,-2.10743
4509.05000,2.35159,1.74768,-2.14675
4509.10000,2.34809,1.74258,-2.19185
4509.15000,2.34359,1.73660,-2.24044
4509.20000,2.33829,1.73025,-2.29187
4509.25000,2.33322,1.72478,-2.35046
4509.30000,2.32901,1.72057,-2.40525
4509.35000,2.32435,1.71599,-2.43427
4509.40000,2.31897,1.71129,-2.42943
4509.45000,2.31337,1.70635,-2.40641
4509.50000,2.30659,1.70004,-2.37501
4509.55000,2.29973,1.69321,-2.33816
4509.60000,2.29363,1.68663,-2.29778
4509.65000,2.28840,1.68051,-2.25570
4509.70000,2.28387,1.67491,-2.21993
4509.75000,2.27952,1.66941,-2.21208
4509.80000,2.27571,1.66447,-2.23219
4509.85000,2.27252,1.66055,-2.27237
4509.90000,2.26794,1.65538,-2.31669
4509.95000,2.26237,1.64963,-2.36465
4510.00000,2.25598,1.64366,-2.41522
4510.05000,2.24993,1.63857,-2.47274
4510.10000,2.24496,1.63473,-2.52582
4510.15000,2.23962,1.63071,-2.54822
4510.20000,2.23426,1.62709,-2.53822
4510.25000,2.22768,1.62244,-2.51360
4510.30000,2.22041,1.61700,-2.48258
4510.35000,2.21269,1.61082,-2.44829
4510.40000,2.20592,1.60504,-2.40864
4510.45000,2.20051,1.59997,-2.36263
4510.50000,2.19632,1.59581,-2.31792
4510.55000,2.19217,1.59160,-2.30257
4510.60000,2.18791,1.58720,-2.30780
4510.65000,2.18409,1.58322,-2.33738
4510.70000,2.17942,1.57856,-2.37795
4510.75000,2.17357,1.57320,-2.42269
4510.80000,2.16683,1.56759,-2.47046
4510.85000,2.15927,1.56188,-2.52017
4510.90000,2.15104,1.55631,-2.57112
4510.95000,2.14305,1.55147,-2.62372
4511.00000,2.13624,1.54776,-2.65454
4511.05000,2.13013,1.54454,-2.65466
4511.10000,2.12373,1.54106,-2.63543
4511.15000,2.11568,1.53646,-2.60904
4511.20000,2.10714,1.53126,-2.57989
4511.25000,2.10002,1.52697,-2.55003
4511.30000,2.09661,1.52477,-2.52236
4511.35000,2.09330,1.52264,-2.50380
4511.40000,2.09007,1.52055,-2.49789
4511.45000,2.08684,1.51843,-2.50346
4511.50000,2.08354,1.51620,-2.52085
4511.55000,2.07934,1.51330,-2.55148
4511.60000,2.07282,1.50911,-2.59277
4511.65000,2.06485,1.50449,-2.63941
4511.70000,2.05607,1.49995,-2.68783
4511.75000,2.04887,1.49670,-2.73717
4511.80000,2.04316,1.49432,-2.77141
4511.85000,2.03729,1.49204,-2.77343
4511.90000,2.03021,1.48925,-2.75752
4511.95000,2.02139,1.48557,-2.73409
4512.00000,2.01226,1.48149,-2.70905
4512.05000,2.00323,1.47719,-2.68390
4512.10000,1.99432,1.47265,-2.65849
4512.15000,1.98555,1.46807,-2.63964
4512.20000,1.97736,1.46370,-2.63371
4512.25000,1.97005,1.45965,-2.63422
4512.30000,1.96367,1.45612,-2.63974
4512.35000,1.95836,1.45325,-2.65065
4512.40000,1.95415,1.45104,-2.66694
4512.45000,1.95108,1.44950,-2.68861
4512.50000,1.94919,1.44862,-2.71565
4512.55000,1.94851,1.44833,-2.74791
4512.60000,1.94821,1.44821,-2.78163
4512.65000,1.94791,1.44810,-2.81501
4512.70000,1.94760,1.44800,-2.84800
4512.75000,1.94703,1.44783,-2.86685
4512.80000,1.94333,1.44665,-2.86651
4512.85000,1.93638,1.44463,-2.85266
4512.90000,1.92761,1.44192,-2.83038
4512.95000,1.91876,1.43894,-2.80297
4513.00000,1.91002,1.43573,-2.77542
4513.05000,1.90128,1.43234,-2.75365
4513.10000,1.89323,1.42915,-2.74756
4513.15000,1.88834,1.42726,-2.75963
4513.20000,1.88716,1.42689,-2.78798
4513.25000,1.88683,1.42679,-2.81966
4513.30000,1.88649,1.42669,-2.85105
4513.35000,1.88633,1.42667,-2.88249
4513.40000,1.88596,1.42656,-2.91407
4513.45000,1.88578,1.42658,-2.93391
4513.50000,1.88329,1.42588,-2.93760
4513.55000,1.87749,1.42456,-2.92725
4513.60000,1.86879,1.42255,-2.90475
4513.65000,1.85921,1.42011,-2.87776
4513.70000,1.84971,1.41744,-2.85045
4513.75000,1.84064,1.41463,-2.82780
4513.80000,1.83241,1.41205,-2.81952
4513.85000,1.82735,1.41052,-2.82862
4513.90000,1.82560,1.41009,-2.85261
4513.95000,1.82517,1.40992,-2.88334
4514.00000,1.82478,1.40980,-2.91260
4514.05000,1.82442,1.40968,-2.94191
4514.10000,1.82430,1.40961,-2.97156
4514.15000,1.82383,1.40952,-2.98801
4514.20000,1.82097,1.40882,-2.98920
4514.25000,1.81449,1.40767,-2.97597
4514.30000,1.80561,1.40608,-2.95202
4514.35000,1.79584,1.40407,-2.92517
4514.40000,1.78710,1.40225,-2.91250
4514.45000,1.78179,1.40127,-2.91854
4514.50000,1.77816,1.40051,-2.93367
4514.55000,1.77530,1.39994,-2.95321
4514.60000,1.77347,1.39969,-2.97642
4514.65000,1.77303,1.39963,-3.00185
4514.70000,1.77272,1.39959,-3.02740
4514.75000,1.77241,1.39956,-3.05268
4514.80000,1.77200,1.39947,-3.06843
4514.85000,1.76957,1.39914,-3.07038
4514.90000,1.76391,1.39856,-3.05930
4514.95000,1.75515,1.39772,-3.03523
4515.00000,1.74529,1.39654,-3.00558
4515.05000,1.73545,1.39507,-2.97662
4515.10000,1.72585,1.39339,-2.95528
4515.15000,1.71755,1.39199,-2.94557
4515.20000,1.71294,1.39126,-2.95169
4515.25000,1.71077,1.39103,-2.96827
4515.30000,1.71047,1.39098,-2.99231
4515.35000,1.71063,1.39101,-3.01808
4515.40000,1.71098,1.39106,-3.04439
4515.45000,1.71132,1.39111,-3.07040
4515.50000,1.71165,1.39114,-3.09605
4515.55000,1.71197,1.39116,-3.12135
4515.60000,1.71171,1.39116,-3.13134
4515.65000,1.70899,1.39111,-3.13064
4515.70000,1.70247,1.39098,-3.11560
4515.75000,1.69353,1.39064,-3.09059
4515.80000,1.68358,1.38998,-3.06147
4515.85000,1.67369,1.38926,-3.03686
4515.90000,1.66485,1.38879,-3.02259
4515.95000,1.65672,1.38845,-3.01253
4516.00000,1.64864,1.38812,-3.00333
4516.05000,1.64065,1.38779,-2.99505
4516.10000,1.63277,1.38746,-2.98775
4516.15000,1.62504,1.38714,-2.98153
4516.20000,1.61747,1.38683,-2.97648
4516.25000,1.61011,1.38652,-2.97269
4516.30000,1.60296,1.38622,-2.97024
4516.35000,1.59607,1.38592,-2.96923
4516.40000,1.59006,1.38566,-2.97215
4516.45000,1.58573,1.38545,-2.98217
4516.50000,1.58312,1.38530,-2.99932
4516.55000,1.58217,1.38521,-3.02319
4516.60000,1.58187,1.38518,-3.04956
4516.65000,1.58158,1.38516,-3.07568
4516.70000,1.58128,1.38514,-3.10150
4516.75000,1.58099,1.38514,-3.12701
4516.80000,1.58069,1.38514,3.13098
4516.85000,1.58039,1.38514,3.10609
4516.90000,1.58010,1.38516,3.08152
4516.95000,1.57980,1.38518,3.05728
4517.00000,1.57950,1.38521,3.03336
4517.05000,1.57946,1.38524,3.01860
4517.10000,1.57765,1.38567,3.01146
4517.15000,1.57449,1.38620,3.01000
4517.20000,1.57016,1.38680,3.01367
4517.25000,1.56462,1.38751,3.02262
4517.30000,1.55781,1.38837,3.03703
4517.35000,1.54935,1.38935,3.05827
4517.40000,1.54032,1.38991,3.07335
4517.45000,1.53374,1.39008,3.07823
4517.50000,1.53011,1.38998,3.07180
4517.55000,1.52841,1.38996,3.05736
4517.60000,1.52800,1.38999,3.03779
4517.65000,1.52771,1.39002,3.01787
4517.70000,1.52750,1.39005,2.99788
4517.75000,1.52721,1.39010,2.97845
4517.80000,1.52692,1.39015,2.96403
4517.85000,1.52483,1.39081,2.96079
4517.90000,1.51884,1.39219,2.97395
4517.95000,1.51090,1.39380,2.99510
4518.00000,1.50119,1.39513,3.02346
4518.05000,1.49186,1.39606,3.04527
4518.10000,1.48485,1.39628,3.05514
4518.15000,1.48136,1.39618,3.05076
4518.20000,1.48074,1.39619,3.03442
4518.25000,1.48053,1.39621,3.01630
4518.30000,1.48070,1.39618,2.99669
4518.35000,1.48090,1.39615,2.97718
4518.40000,1.48108,1.39611,2.95794
4518.45000,1.48126,1.39608,2.93899
4518.50000,1.48055,1.39630,2.93270
4518.55000,1.47589,1.39730,2.94168
4518.60000,1.46909,1.39860,2.96213
4518.65000,1.46074,1.39999,2.99175
4518.70000,1.45207,1.40101,3.01349
4518.75000,1.44557,1.40153,3.02349
4518.80000,1.44174,1.40150,3.02193
4518.85000,1.44056,1.40148,3.00921
4518.90000,1.44061,1.40149,2.99141
4518.95000,1.44036,1.40156,2.97312
4519.00000,1.44041,1.40156,2.95485
4519.05000,1.44055,1.40153,2.93726
4519.10000,1.43881,1.40233,2.91969
4519.15000,1.43124,1.40440,2.90313
4519.20000,1.42179,1.40661,2.89732
4519.25000,1.41304,1.40862,2.91338
4519.30000,1.40391,1.41062,2.94132
4519.35000,1.39509,1.41210,2.96215
4519.40000,1.38654,1.41353,2.95798
4519.45000,1.37747,1.41520,2.94454
4519.50000,1.37339,1.41526,2.93069
4519.55000,1.37109,1.41606,2.91518
4519.60000,1.36266,1.41820,2.90047
4519.65000,1.35321,1.42059,2.88446
4519.70000,1.34381,1.42314,2.86894
4519.75000,1.33454,1.42581,2.85411
4519.80000,1.32530,1.42861,2.83960
4519.85000,1.31609,1.43156,2.82534
4519.90000,1.30692,1.43463,2.81124
4519.95000,1.29780,1.43783,2.79742
4520.00000,1.28872,1.44115,2.78393
4520.05000,1.27969,1.44459,2.77077
4520.10000,1.27069,1.44816,2.75793
4520.15000,1.26173,1.45184,2.74544
4520.20000,1.25280,1.45565,2.73319
4520.25000,1.24390,1.45956,2.72133
4520.30000,1.23505,1.46358,2.70985
4520.35000,1.22619,1.46764,2.70525
4520.40000,1.21707,1.47201,2.71364
4520.45000,1.20878,1.47560,2.72291
4520.50000,1.20017,1.47947,2.71561
4520.55000,1.19128,1.48356,2.70709
4520.60000,1.18241,1.48772,2.69914
4520.65000,1.17355,1.49196,2.69189
4520.70000,1.16469,1.49627,2.68539
4520.75000,1.15584,1.50064,2.67977
4520.80000,1.14699,1.50507,2.67542
4520.85000,1.13814,1.50955,2.67238
4520.90000,1.12926,1.51406,2.67107
4520.95000,1.12032,1.51860,2.67197
4521.00000,1.11157,1.52305,2.67333
4521.05000,1.10689,1.52433,2.67349
4521.10000,1.10461,1.52505,2.67812
4521.15000,1.10304,1.52579,2.68925
4521.20000,1.10207,1.52625,2.70604
4521.25000,1.10179,1.52638,2.72566
4521.30000,1.10173,1.52640,2.74523
4521.35000,1.10167,1.52643,2.76484
4521.40000,1.10161,1.52645,2.78434
4521.45000,1.10155,1.52647,2.80371
4521.50000,1.10149,1.52650,2.82293
4521.55000,1.10143,1.52651,2.84199
4521.60000,1.10137,1.52653,2.86087
4521.65000,1.10131,1.52655,2.87955
4521.70000,1.10124,1.52657,2.89803
4521.75000,1.10118,1.52658,2.91535
4521.80000,1.10112,1.52660,2.93126
4521.85000,1.10105,1.52661,2.94386
4521.90000,1.09955,1.52729,2.95509
4521.95000,1.09294,1.52895,2.96462
4522.00000,1.08324,1.53069,2.96752
4522.05000,1.07339,1.53242,2.96848
4522.10000,1.06353,1.53414,2.96925
4522.15000,1.05368,1.53585,2.96985
4522.20000,1.04383,1.53755,2.97030
4522.25000,1.03398,1.53926,2.97061
4522.30000,1.02412,1.54096,2.97079
4522.35000,1.01427,1.54266,2.97083
4522.40000,1.00441,1.54436,2.97077
4522.45000,0.99456,1.54606,2.97064
4522.50000,0.98470,1.54776,2.97045
4522.55000,0.97485,1.54946,2.97023
4522.60000,0.96500,1.55117,2.97000
4522.65000,0.95514,1.55288,2.96975
4522.70000,0.94529,1.55459,2.96952
4522.75000,0.93544,1.55630,2.96941
4522.80000,0.92559,1.55802,2.96963
4522.85000,0.91571,1.55972,2.97053
4522.90000,0.90587,1.56142,2.97274
4522.95000,0.89603,1.56307,2.97737
4523.00000,0.88613,1.56467,2.98509
4523.05000,0.87606,1.56621,2.99439
4523.10000,0.86628,1.56762,3.00340
4523.15000,0.85659,1.56892,3.01217
4523.20000,0.84664,1.57018,3.02018
4523.25000,0.83656,1.57136,3.02786
4523.30000,0.82655,1.57246,3.03577
4523.35000,0.81645,1.57348,3.04595
4523.40000,0.80624,1.57446,3.05626
4523.45000,0.80147,1.57450,3.06534
4523.50000,0.80012,1.57454,3.08584
4523.55000,0.79949,1.57457,3.11047
4523.60000,0.79896,1.57458,3.13078
4523.65000,0.79868,1.57458,-3.13728
4523.70000,0.79707,1.57453,-3.12302
4523.75000,0.78978,1.57428,-3.11089
4523.80000,0.78028,1.57397,-3.10996
4523.85000,0.77051,1.57367,-3.11159
4523.90000,0.76058,1.57339,-3.11550
4523.95000,0.75067,1.57315,-3.12008
4524.00000,0.74077,1.57297,-3.12504
4524.05000,0.73085,1.57283,-3.12998
4524.10000,0.72094,1.57274,-3.13467
4524.15000,0.71101,1.57269,-3.13823
4524.20000,0.70105,1.57266,-3.14001
4524.25000,0.69103,1.57265,-3.13972
4524.30000,0.68099,1.57262,-3.13695
4524.35000,0.67095,1.57255,-3.13261
4524.40000,0.66092,1.57245,-3.12941
4524.45000,0.65087,1.57232,-3.12799
4524.50000,0.64087,1.57219,-3.12852
4524.55000,0.63091,1.57207,-3.13056
4524.60000,0.62097,1.57197,-3.13366
4524.65000,0.61106,1.57192,-3.13796
4524.70000,0.60114,1.57191,3.14031
4524.75000,0.59121,1.57194,3.13596
4524.80000,0.58125,1.57201,3.13273
4524.85000,0.57129,1.57211,3.13144
4524.90000,0.56132,1.57221,3.13172
4524.95000,0.55130,1.57230,3.13325
4525.00000,0.54131,1.57237,3.13556
4525.05000,0.53132,1.57241,3.13918
4525.10000,0.52134,1.57241,-3.13939
4525.15000,0.51128,1.57236,-3.13374
4525.20000,0.50140,1.57225,-3.12812
4525.25000,0.49138,1.57210,-3.12332
4525.30000,0.48135,1.57190,-3.11999
4525.35000,0.47134,1.57167,-3.11865
4525.40000,0.46135,1.57144,-3.11878
4525.45000,0.45136,1.57122,-3.12030
4525.50000,0.44140,1.57102,-3.12278
4525.55000,0.43145,1.57085,-3.12669
4525.60000,0.42149,1.57072,-3.13112
4525.65000,0.41155,1.57064,-3.13554
4525.70000,0.40158,1.57060,-3.13977
4525.75000,0.39162,1.57060,3.13990
4525.80000,0.38166,1.57063,3.13787
4525.85000,0.37165,1.57067,3.13824
4525.90000,0.36164,1.57068,-3.14096
4525.95000,0.35161,1.57064,-3.13317
4526.00000,0.34161,1.57056,-3.12329
4526.05000,0.33438,1.57052,-3.11346
4526.10000,0.33218,1.57051,-3.08943
4526.15000,0.33216,1.57051,-3.05258
4526.20000,0.33214,1.57051,-3.01730
4526.25000,0.33212,1.57050,-2.98804
4526.30000,0.33053,1.56993,-2.96193
4526.35000,0.32607,1.56905,-2.94184
4526.40000,0.32207,1.56864,-2.93759
4526.45000,0.31807,1.56824,-2.93581
4526.50000,0.31423,1.56782,-2.93982
4526.55000,0.31157,1.56745,-2.95278
4526.60000,0.31015,1.56720,-2.97259
4526.65000,0.30980,1.56716,-2.99771
4526.70000,0.30977,1.56715,-3.02434
4526.75000,0.30973,1.56715,-3.05070
4526.80000,0.30968,1.56715,-3.07665
4526.85000,0.30963,1.56714,-3.10220
4526.90000,0.30958,1.56714,-3.12734
4526.95000,0.30952,1.56714,3.13112
4527.00000,0.30946,1.56714,3.10681
4527.05000,0.30939,1.56715,3.08292
4527.10000,0.30933,1.56715,3.05944
4527.15000,0.30926,1.56716,3.03636
4527.20000,0.30919,1.56717,3.01369
4527.25000,0.30912,1.56718,2.99142
4527.30000,0.30905,1.56719,2.96954
4527.35000,0.30898,1.56720,2.94804
4527.40000,0.30891,1.56721,2.92687
4527.45000,0.30885,1.56723,2.90584
4527.50000,0.30879,1.56724,2.88496
4527.55000,0.30873,1.56726,2.86430
4527.60000,0.30868,1.56727,2.84391
4527.65000,0.30863,1.56729,2.82384
4527.70000,0.30858,1.56731,2.80410
4527.75000,0.30854,1.56732,2.78475
4527.80000,0.30849,1.56734,2.76581
4527.85000,0.30846,1.56736,2.74732
4527.90000,0.30842,1.56737,2.72935
4527.95000,0.30839,1.56738,2.71202
4528.00000,0.30661,1.56863,2.69470
4528.05000,0.29880,1.57259,2.67942
4528.10000,0.29014,1.57698,2.66831
4528.15000,0.28196,1.58107,2.67098
4528.20000,0.27457,1.58469,2.69079
4528.25000,0.26899,1.58730,2.72322
4528.30000,0.26584,1.58863,2.76739
4528.35000,0.26519,1.58887,2.82284
4528.40000,0.26504,1.58892,2.88054
4528.45000,0.26486,1.58896,2.93804
4528.50000,0.26467,1.58900,2.99527
4528.55000,0.26447,1.58902,3.05222
4528.60000,0.26425,1.58903,3.10887
4528.65000,0.26401,1.58903,-3.11799
4528.70000,0.26377,1.58902,-3.06201
4528.75000,0.26351,1.58899,-3.00640
4528.80000,0.26325,1.58895,-2.95117
4528.85000,0.26298,1.58889,-2.89635
4528.90000,0.26270,1.58881,-2.84195
4528.95000,0.26243,1.58872,-2.78799
4529.00000,0.26215,1.58861,-2.73449
4529.05000,0.26187,1.58848,-2.68146
4529.10000,0.26160,1.58833,-2.62892
4529.15000,0.26133,1.58817,-2.57689
4529.20000,0.26106,1.58800,-2.52538
4529.25000,0.26081,1.58780,-2.47440
4529.30000,0.26056,1.58760,-2.42404
4529.35000,0.26032,1.58738,-2.37436
4529.40000,0.26009,1.58715,-2.32537
4529.45000,0.25987,1.58691,-2.27709
4529.50000,0.25967,1.58665,-2.22955
4529.55000,0.25948,1.58639,-2.18279
4529.60000,0.25929,1.58612,-2.13680
4529.65000,0.25913,1.58584,-2.09160
4529.70000,0.25897,1.58555,-2.04719
4529.75000,0.25883,1.58526,-2.00357
4529.80000,0.25869,1.58496,-1.96073
4529.85000,0.25833,1.58407,-1.91627
4529.90000,0.25807,1.58331,-1.87316
4529.95000,0.25771,1.58209,-1.82907
4530.00000,0.25743,1.58094,-1.78622
4530.05000,0.25719,1.57975,-1.74396
4530.10000,0.25707,1.57904,-1.70477
4530.15000,0.25704,1.57862,-1.66693
4530.20000,0.25700,1.57802,-1.62928
4530.25000,0.25697,1.57695,-1.59108
4530.30000,0.25697,1.57642,-1.55585
4530.35000,0.25698,1.57589,-1.52144
4530.40000,0.25729,1.57348,-1.48755
4530.45000,0.25812,1.56557,-1.45706
4530.50000,0.25941,1.55557,-1.42483
4530.55000,0.26096,1.54600,-1.39323
4530.60000,0.26281,1.53684,-1.36070
4530.65000,0.26495,1.52752,-1.33057
4530.70000,0.26729,1.51856,-1.30074
4530.75000,0.27001,1.50931,-1.27314
4530.80000,0.27299,1.49998,-1.24701
4530.85000,0.27619,1.49086,-1.22201
4530.90000,0.27967,1.48170,-1.19821
4530.95000,0.28320,1.47295,-1.17534
4531.00000,0.28694,1.46426,-1.15395
4531.05000,0.29087,1.45561,-1.13409
4531.10000,0.29512,1.44676,-1.11497
4531.15000,0.29963,1.43757,-1.09578
4531.20000,0.30299,1.42953,-1.07578
4531.25000,0.30335,1.42667,-1.05810
4531.30000,0.30343,1.42651,-1.04549
4531.35000,0.30353,1.42633,-1.03444
4531.40000,0.30372,1.42600,-1.02277
4531.45000,0.30388,1.42573,-1.01123
4531.50000,0.30402,1.42549,-0.99955
4531.55000,0.30414,1.42531,-0.98822
4531.60000,0.30425,1.42514,-0.97752
4531.65000,0.30442,1.42489,-0.96669
4531.70000,0.30464,1.42457,-0.95674
4531.75000,0.30471,1.42447,-0.94705
4531.80000,0.30489,1.42420,-0.93804
4531.85000,0.30506,1.42397,-0.92952
4531.90000,0.30520,1.42377,-0.92069
4531.95000,0.30535,1.42358,-0.91183
4532.00000,0.30552,1.42336,-0.90325
4532.05000,0.30571,1.42311,-0.89553
4532.10000,0.30592,1.42285,-0.88798
4532.15000,0.30614,1.42258,-0.88043
4532.20000,0.30636,1.42231,-0.87311
4532.25000,0.30661,1.42202,-0.86612
4532.30000,0.30687,1.42171,-0.85950
4532.35000,0.30715,1.42138,-0.85327
4532.40000,0.30745,1.42104,-0.84748
4532.45000,0.30776,1.42070,-0.84219
4532.50000,0.30807,1.42035,-0.83741
4532.55000,0.30838,1.42001,-0.83314
4532.60000,0.30869,1.41967,-0.82938
4532.65000,0.30900,1.41933,-0.82611
4532.70000,0.30932,1.41898,-0.82331
4532.75000,0.30965,1.41863,-0.82098
4532.80000,0.30998,1.41827,-0.81913
4532.85000,0.31034,1.41790,-0.81773
4532.90000,0.31070,1.41750,-0.81676
4532.95000,0.31109,1.41710,-0.81621
4533.00000,0.31149,1.41667,-0.81606
4533.05000,0.31191,1.41622,-0.81630
4533.10000,0.31235,1.41576,-0.81693
4533.15000,0.31280,1.41528,-0.81796
4533.20000,0.31325,1.41479,-0.81937
4533.25000,0.31371,1.41430,-0.82113
4533.30000,0.31417,1.41380,-0.82324
4533.35000,0.31465,1.41328,-0.82568
4533.40000,0.31515,1.41274,-0.82843
4533.45000,0.31566,1.41218,-0.83146
4533.50000,0.31621,1.41158,-0.83476
4533.55000,0.31678,1.41095,-0.83832
4533.60000,0.31738,1.41028,-0.84214
4533.65000,0.31800,1.40958,-0.84620
4533.70000,0.31863,1.40886,-0.85049
4533.75000,0.31930,1.40810,-0.85500
4533.80000,0.31997,1.40732,-0.85973
4533.85000,0.32066,1.40652,-0.86468
4533.90000,0.32134,1.40572,-0.86985
4533.95000,0.32201,1.40492,-0.87522
4534.00000,0.32268,1.40411,-0.88079
4534.05000,0.32335,1.40330,-0.88656
4534.10000,0.32401,1.40248,-0.89251
4534.15000,0.32466,1.40167,-0.89866
4534.20000,0.32531,1.40085,-0.90498
4534.25000,0.32598,1.39999,-0.91149
4534.30000,0.32666,1.39910,-0.91818
4534.35000,0.32737,1.39816,-0.92503
4534.40000,0.32812,1.39717,-0.93204
4534.45000,0.32889,1.39612,-0.93918
4534.50000,0.32970,1.39501,-0.94645
4534.55000,0.33055,1.39382,-0.95383
4534.60000,0.33144,1.39256,-0.96131
4534.65000,0.33237,1.39121,-0.96891
4534.70000,0.33334,1.38978,-0.97660
4534.75000,0.33436,1.38826,-0.98441
4534.80000,0.33542,1.38666,-0.99231
4534.85000,0.33649,1.38501,-1.00030
4534.90000,0.33755,1.38334,-1.00836
4534.95000,0.33861,1.38165,-1.01650
4535.00000,0.33966,1.37992,-1.02471
4535.05000,0.34073,1.37815,-1.03298
4535.10000,0.34180,1.37634,-1.04132
4535.15000,0.34288,1.37448,-1.04970
4535.20000,0.34397,1.37256,-1.05814
4535.25000,0.34508,1.37057,-1.06662
4535.30000,0.34620,1.36852,-1.07514
4535.35000,0.34733,1.36641,-1.08371
4535.40000,0.34845,1.36428,-1.09230
4535.45000,0.34954,1.36214,-1.10090
4535.50000,0.35062,1.36001,-1.10952
4535.55000,0.35167,1.35788,-1.11815
4535.60000,0.35412,1.35298,-1.12575
4535.65000,0.35828,1.34421,-1.13325
4535.70000,0.36241,1.33531,-1.14107
4535.75000,0.36646,1.32637,-1.14898
4535.80000,0.37044,1.31740,-1.15701
4535.85000,0.37435,1.30840,-1.16511
4535.90000,0.37819,1.29937,-1.17328
4535.95000,0.38195,1.29031,-1.18149
4536.00000,0.38563,1.28121,-1.18975
4536.05000,0.38924,1.27209,-1.19804
4536.10000,0.39278,1.26294,-1.20637
4536.15000,0.39624,1.25376,-1.21475
4536.20000,0.39962,1.24456,-1.22318
4536.25000,0.40292,1.23532,-1.23167
4536.30000,0.40614,1.22606,-1.24025
4536.35000,0.40928,1.21678,-1.24893
4536.40000,0.41235,1.20747,-1.25770
4536.45000,0.41532,1.19815,-1.26657
4536.50000,0.41820,1.18881,-1.27554
4536.55000,0.42101,1.17945,-1.28460
4536.60000,0.42372,1.17006,-1.29374
4536.65000,0.42635,1.16065,-1.30296
4536.70000,0.42889,1.15122,-1.31226
4536.75000,0.43134,1.14177,-1.32165
4536.80000,0.43371,1.13230,-1.33108
4536.85000,0.43598,1.12280,-1.34070
4536.90000,0.43816,1.11328,-1.35049
4536.95000,0.44025,1.10374,-1.36046
4537.00000,0.44224,1.09419,-1.37069
4537.05000,0.44413,1.08464,-1.38116
4537.10000,0.44591,1.07507,-1.39195
4537.15000,0.44759,1.06549,-1.40308
4537.20000,0.44915,1.05591,-1.41453
4537.25000,0.45062,1.04629,-1.42627
4537.30000,0.45197,1.03665,-1.43832
4537.35000,0.45321,1.02702,-1.45067
4537.40000,0.45432,1.01737,-1.46344
4537.45000,0.45530,1.00774,-1.47658
4537.50000,0.45615,0.99812,-1.49021
4537.55000,0.45686,0.98850,-1.50445
4537.60000,0.45752,0.97883,-1.51858
4537.65000,0.45758,0.97457,-1.53194
4537.70000,0.45760,0.97438,-1.54726
4537.75000,0.45761,0.97392,-1.56305
4537.80000,0.45760,0.97201,-1.57872
4537.85000,0.45744,0.96460,-1.59446
4537.90000,0.45714,0.95488,-1.60782
4537.95000,0.45671,0.94521,-1.62111
4538.00000,0.45615,0.93553,-1.63491
4538.05000,0.45545,0.92588,-1.64953
4538.10000,0.45460,0.91625,-1.66498
4538.15000,0.45360,0.90660,-1.68084
4538.20000,0.45246,0.89704,-1.69762
4538.25000,0.45123,0.88754,-1.71452
4538.30000,0.45052,0.87904,-1.73222
4538.35000,0.45046,0.87624,-1.75007
4538.40000,0.45048,0.87647,-1.77118
4538.45000,0.45053,0.87679,-1.79289
4538.50000,0.45058,0.87710,-1.81406
4538.55000,0.45064,0.87739,-1.83481
4538.60000,0.45070,0.87767,-1.85515
4538.65000,0.45076,0.87792,-1.87478
4538.70000,0.44968,0.87590,-1.89397
4538.75000,0.44673,0.86767,-1.91022
4538.80000,0.44344,0.85862,-1.92577
4538.85000,0.44001,0.84963,-1.94149
4538.90000,0.43647,0.84071,-1.95752
4538.95000,0.43271,0.83169,-1.97285
4539.00000,0.42873,0.82252,-1.98714
4539.05000,0.42465,0.81348,-2.00219
4539.10000,0.42046,0.80458,-2.01809
4539.15000,0.41620,0.79592,-2.03533
4539.20000,0.41165,0.78704,-2.05207
4539.25000,0.40703,0.77840,-2.07090
4539.30000,0.40239,0.77000,-2.09061
4539.35000,0.39883,0.76269,-2.11100
4539.40000,0.39867,0.76158,-2.13530
4539.45000,0.39859,0.76145,-2.16222
4539.50000,0.39850,0.76132,-2.18911
4539.55000,0.39840,0.76119,-2.21559
4539.60000,0.39831,0.76107,-2.24169
4539.65000,0.39821,0.76094,-2.26741
4539.70000,0.39810,0.76082,-2.29275
4539.75000,0.39800,0.76070,-2.31770
4539.80000,0.39789,0.76059,-2.34228
4539.85000,0.39777,0.76047,-2.36647
4539.90000,0.39766,0.76036,-2.39029
4539.95000,0.39754,0.76026,-2.41373
4540.00000,0.39742,0.76015,-2.43681
4540.05000,0.39730,0.76005,-2.45951
4540.10000,0.39516,0.75825,-2.48126
4540.15000,0.38813,0.75289,-2.50096
4540.20000,0.38005,0.74700,-2.52327
4540.25000,0.37190,0.74120,-2.54559
4540.30000,0.36840,0.73962,-2.56657
4540.35000,0.36822,0.73954,-2.59404
4540.40000,0.36809,0.73947,-2.62195
4540.45000,0.36796,0.73939,-2.64946
4540.50000,0.36783,0.73933,-2.67660
4540.55000,0.36769,0.73926,-2.70339
4540.60000,0.36756,0.73920,-2.72982
4540.65000,0.36742,0.73914,-2.75590
4540.70000,0.36728,0.73909,-2.78162
4540.75000,0.36516,0.73794,-2.80604
4540.80000,0.35758,0.73529,-2.82982
4540.85000,0.34869,0.73257,-2.85765
4540.90000,0.33975,0.73009,-2.88627
4540.95000,0.33076,0.72774,-2.91491
4541.00000,0.32837,0.72766,-2.94193
4541.05000,0.32887,0.72773,-2.97196
4541.10000,0.32933,0.72779,-3.00158
4541.15000,0.32992,0.72786,-3.03162
4541.20000,0.33044,0.72789,-3.06218
4541.25000,0.33090,0.72790,-3.09332
4541.30000,0.33127,0.72791,-3.12540
4541.35000,0.33188,0.72791,3.12379
4541.40000,0.33259,0.72788,3.08868
4541.45000,0.33327,0.72785,3.05299
4541.50000,0.33395,0.72780,3.01668
4541.55000,0.33465,0.72772,2.97968
4541.60000,0.33538,0.72760,2.94218
4541.65000,0.33611,0.72743,2.90436
4541.70000,0.33684,0.72724,2.86640
4541.75000,0.33755,0.72702,2.82842
4541.80000,0.33825,0.72678,2.79050
4541.85000,0.33894,0.72651,2.75273
4541.90000,0.33960,0.72622,2.71519
4541.95000,0.34024,0.72592,2.67792
4542.00000,0.34086,0.72559,2.64099
4542.05000,0.34145,0.72525,2.60445
4542.10000,0.34202,0.72489,2.56832
4542.15000,0.34257,0.72454,2.53279
4542.20000,0.34154,0.72550,2.49645
4542.25000,0.33550,0.73022,2.46555
4542.30000,0.32849,0.73604,2.43182
4542.35000,0.32164,0.74213,2.39845
4542.40000,0.31499,0.74845,2.36590
4542.45000,0.30853,0.75499,2.33399
4542.50000,0.30227,0.76174,2.30258
4542.55000,0.29621,0.76871,2.27183
4542.60000,0.29035,0.77586,2.24177
4542.65000,0.28470,0.78320,2.21239
4542.70000,0.27925,0.79072,2.18369
4542.75000,0.27401,0.79840,2.15569
4542.80000,0.26897,0.80623,2.12838
4542.85000,0.26414,0.81422,2.10177
4542.90000,0.25951,0.82234,2.07584
4542.95000,0.25508,0.83060,2.05061
4543.00000,0.25085,0.83898,2.02607
4543.05000,0.24682,0.84747,2.00224
4543.10000,0.24298,0.85608,1.97913
4543.15000,0.23932,0.86478,1.95674
4543.20000,0.23586,0.87358,1.93504
4543.25000,0.23258,0.88247,1.91402
4543.30000,0.22948,0.89144,1.89371
4543.35000,0.22654,0.90049,1.87418
4543.40000,0.22378,0.90961,1.85528
4543.45000,0.22118,0.91881,1.83697
4543.50000,0.21874,0.92806,1.81937
4543.55000,0.21644,0.93739,1.80269
4543.60000,0.21429,0.94685,1.78605
4543.65000,0.21229,0.95630,1.77065
4543.70000,0.21045,0.96568,1.75590
4543.75000,0.21013,0.96913,1.74100
4543.80000,0.21012,0.96916,1.72774
4543.85000,0.21013,0.96907,1.71500
4543.90000,0.21013,0.96898,1.70275
4543.95000,0.21013,0.96890,1.69094
4544.00000,0.21012,0.96893,1.67923
4544.05000,0.21011,0.96901,1.66784
4544.10000,0.21010,0.96910,1.65685
4544.15000,0.21010,0.96922,1.64631
4544.20000,0.21009,0.96929,1.63660
4544.25000,0.21008,0.96948,1.62681
4544.30000,0.21008,0.96961,1.61761
4544.35000,0.21007,0.96979,1.60895
4544.40000,0.21007,0.96998,1.60068
4544.45000,0.21006,0.97015,1.59293
4544.50000,0.21006,0.97031,1.58594
4544.55000,0.21006,0.97049,1.57917
4544.60000,0.21006,0.97065,1.57312
4544.65000,0.21006,0.97082,1.56765
4544.70000,0.21006,0.97097,1.56266
4544.75000,0.21006,0.97112,1.55817
4544.80000,0.21007,0.97129,1.55424
4544.85000,0.21007,0.97144,1.55087
4544.90000,0.21008,0.97158,1.54770
4544.95000,0.21008,0.97177,1.54481
4545.00000,0.21009,0.97197,1.54228
4545.05000,0.21009,0.97218,1.54017
4545.10000,0.21010,0.97239,1.53834
4545.15000,0.21011,0.97261,1.53688
4545.20000,0.21011,0.97282,1.53577
4545.25000,0.21012,0.97304,1.53501
4545.30000,0.21013,0.97325,1.53460
4545.35000,0.21014,0.97347,1.53453
4545.40000,0.21014,0.97369,1.53482
4545.45000,0.21015,0.97390,1.53543
4545.50000,0.21016,0.97412,1.53636
4545.55000,0.21017,0.97433,1.53757
4545.60000,0.21017,0.97455,1.53904
4545.65000,0.21018,0.97477,1.54077
4545.70000,0.21019,0.97499,1.54272
4545.75000,0.21019,0.97520,1.54491
4545.80000,0.21020,0.97542,1.54732
4545.85000,0.21020,0.97564,1.54995
4545.90000,0.21021,0.97586,1.55277
4545.95000,0.21021,0.97608,1.55579
4546.00000,0.21021,0.97630,1.55901
4546.05000,0.21022,0.97652,1.56240
4546.10000,0.21022,0.97674,1.56596
4546.15000,0.21022,0.97696,1.56968
4546.20000,0.21022,0.97718,1.57356
4546.25000,0.21022,0.97740,1.57761
4546.30000,0.21022,0.97762,1.58181
4546.35000,0.21021,0.97783,1.58616
4546.40000,0.21021,0.97805,1.59064
4546.45000,0.21020,0.97827,1.59525
4546.50000,0.21020,0.97849,1.59998
4546.55000,0.21019,0.97870,1.60480
4546.60000,0.21018,0.97892,1.60973
4546.65000,0.21017,0.97914,1.61474
4546.70000,0.21016,0.97935,1.61984
4546.75000,0.21015,0.97957,1.62501
4546.80000,0.21014,0.97979,1.63025
4546.85000,0.21013,0.98000,1.63557
4546.90000,0.21011,0.98022,1.64095
4546.95000,0.21010,0.98043,1.64641
4547.00000,0.21008,0.98065,1.65195
4547.05000,0.21006,0.98086,1.65756
4547.10000,0.21004,0.98108,1.66323
4547.15000,0.21002,0.98130,1.66897
4547.20000,0.21000,0.98151,1.67476
4547.25000,0.20998,0.98173,1.68061
4547.30000,0.20995,0.98195,1.68652
4547.35000,0.20993,0.98216,1.69249
4547.40000,0.20990,0.98238,1.69853
4547.45000,0.20987,0.98260,1.70462
4547.50000,0.20984,0.98282,1.71077
4547.55000,0.20923,0.98451,1.71719
4547.60000,0.20778,0.99213,1.72306
4547.65000,0.20623,1.00206,1.72903
4547.70000,0.20463,1.01195,1.73508
4547.75000,0.20296,1.02186,1.74101
4547.80000,0.20123,1.03174,1.74692
4547.85000,0.19945,1.04158,1.75260
4547.90000,0.19762,1.05144,1.75829
4547.95000,0.19574,1.06125,1.76391
4548.00000,0.19378,1.07111,1.76954
4548.05000,0.19178,1.08089,1.77472
4548.10000,0.18974,1.09067,1.77991
4548.15000,0.18763,1.10043,1.78512
4548.20000,0.18548,1.11018,1.79036
4548.25000,0.18328,1.11992,1.79560
4548.30000,0.18103,1.12965,1.80085
4548.35000,0.17872,1.13936,1.80609
4548.40000,0.17637,1.14907,1.81132
4548.45000,0.17396,1.15876,1.81653
4548.50000,0.17151,1.16844,1.82171
4548.55000,0.16900,1.17810,1.82686
4548.60000,0.16645,1.18776,1.83198
4548.65000,0.16384,1.19740,1.83705
4548.70000,0.16119,1.20702,1.84209
4548.75000,0.15849,1.21663,1.84708
4548.80000,0.15574,1.22623,1.85202
4548.85000,0.15294,1.23582,1.85692
4548.90000,0.15010,1.24539,1.86177
4548.95000,0.14721,1.25495,1.86656
4549.00000,0.14427,1.26449,1.87131
4549.05000,0.14128,1.27407,1.87617
4549.10000,0.13824,1.28363,1.88107
4549.15000,0.13516,1.29317,1.88590
4549.20000,0.13203,1.30269,1.89065
4549.25000,0.12885,1.31220,1.89531
4549.30000,0.12563,1.32171,1.89993
4549.35000,0.12236,1.33120,1.90430
4549.40000,0.11904,1.34074,1.90889
4549.45000,0.11568,1.35027,1.91338
4549.50000,0.11227,1.35977,1.91768
4549.55000,0.10882,1.36927,1.92177
4549.60000,0.10534,1.37873,1.92562
4549.65000,0.10182,1.38818,1.92919
4549.70000,0.09827,1.39762,1.93242
4549.75000,0.09470,1.40702,1.93525
4549.80000,0.09110,1.41641,1.93757
4549.85000,0.08749,1.42578,1.93916
4549.90000,0.08390,1.43512,1.93960
4549.95000,0.08033,1.44439,1.93732
4550.00000,0.07675,1.45369,1.93479
4550.05000,0.07548,1.45979,1.92735
4550.10000,0.07453,1.46496,1.90639
4550.15000,0.07387,1.46844,1.86206
4550.20000,0.07364,1.46927,1.79628
4550.25000,0.07363,1.46934,1.72613
4550.30000,0.07362,1.46941,1.65530
4550.35000,0.07362,1.46948,1.58408
4550.40000,0.07362,1.46956,1.51264
4550.45000,0.07363,1.46964,1.44112
4550.50000,0.07364,1.46973,1.36974
4550.55000,0.07366,1.46982,1.29867
4550.60000,0.07370,1.46992,1.22790
4550.65000,0.07374,1.47002,1.15753
4550.70000,0.07379,1.47013,1.08764
4550.75000,0.07386,1.47025,1.01827
4550.80000,0.07394,1.47037,0.94948
4550.85000,0.07404,1.47050,0.88130
4550.90000,0.07415,1.47063,0.81375
4550.95000,0.07428,1.47076,0.74685
4551.00000,0.07444,1.47089,0.68061
4551.05000,0.07461,1.47102,0.61505
4551.10000,0.07481,1.47115,0.55017
4551.15000,0.07502,1.47127,0.48597
4551.20000,0.07526,1.47139,0.42245
4551.25000,0.07552,1.47150,0.35964
4551.30000,0.07579,1.47159,0.29753
4551.35000,0.07608,1.47167,0.23614
4551.40000,0.07639,1.47173,0.17546
4551.45000,0.07670,1.47178,0.11551
4551.50000,0.07703,1.47181,0.05628
4551.55000,0.07736,1.47182,-0.00222
4551.60000,0.07770,1.47180,-0.05998
4551.65000,0.07805,1.47177,-0.11701
4551.70000,0.07839,1.47172,-0.17330
4551.75000,0.07873,1.47165,-0.22884
4551.80000,0.07907,1.47156,-0.28362
4551.85000,0.07941,1.47146,-0.33767
4551.90000,0.07974,1.47133,-0.39106
4551.95000,0.08007,1.47119,-0.44384
4552.00000,0.08039,1.47102,-0.49601
4552.05000,0.08070,1.47084,-0.54756
4552.10000,0.08101,1.47064,-0.59849
4552.15000,0.08131,1.47043,-0.64879
4552.20000,0.08160,1.47020,-0.69845
4552.25000,0.08188,1.46995,-0.74747
4552.30000,0.08215,1.46969,-0.79584
4552.35000,0.08241,1.46941,-0.84356
4552.40000,0.08266,1.46912,-0.89062
4552.45000,0.08289,1.46882,-0.93702
4552.50000,0.08311,1.46850,-0.98277
4552.55000,0.08446,1.46663,-1.02753
4552.60000,0.08769,1.46117,-1.07086
4552.65000,0.09143,1.45395,-1.11635
4552.70000,0.09508,1.44599,-1.16426
4552.75000,0.09838,1.43780,-1.21175
4552.80000,0.10129,1.42945,-1.25883
4552.85000,0.10381,1.42097,-1.30566
4552.90000,0.10593,1.41237,-1.35225
4552.95000,0.10765,1.40368,-1.39869
4553.00000,0.10896,1.39491,-1.44512
4553.05000,0.10987,1.38609,-1.49172
4553.10000,0.11036,1.37724,-1.53863
4553.15000,0.11045,1.36762,-1.58311
4553.20000,0.11011,1.35765,-1.62689
4553.25000,0.10936,1.34814,-1.67356
4553.30000,0.10819,1.33886,-1.72242
4553.35000,0.10693,1.33023,-1.77168
4553.40000,0.10677,1.32701,-1.82116
4553.45000,0.10675,1.32693,-1.87404
4553.50000,0.10672,1.32685,-1.92618
4553.55000,0.10669,1.32677,-1.97587
4553.60000,0.10567,1.32473,-2.02378
4553.65000,0.10254,1.31869,-2.06737
4553.70000,0.09795,1.31063,-2.10968
4553.75000,0.09266,1.30220,-2.15336
4553.80000,0.08722,1.29436,-2.19945
4553.85000,0.08116,1.28641,-2.24480
4553.90000,0.07474,1.27875,-2.29068
4553.95000,0.06798,1.27139,-2.33713
4554.00000,0.06088,1.26435,-2.38406
4554.05000,0.05346,1.25765,-2.43142
4554.10000,0.04572,1.25132,-2.47909
4554.15000,0.03769,1.24536,-2.52694
4554.20000,0.02939,1.23979,-2.57483
4554.25000,0.02083,1.23463,-2.62261
4554.30000,0.01203,1.22987,-2.67014
4554.35000,0.00302,1.22554,-2.71728
4554.40000,-0.00619,1.22164,-2.76388
4554.45000,-0.01557,1.21817,-2.80981
4554.50000,-0.02509,1.21513,-2.85540
4554.55000,-0.03475,1.21253,-2.90103
4554.60000,-0.04451,1.21037,-2.94687
4554.65000,-0.05436,1.20866,-2.99275
4554.70000,-0.06428,1.20740,-3.03847
4554.75000,-0.07425,1.20660,-3.08387
4554.80000,-0.08424,1.20625,-3.12885
4554.85000,-0.09424,1.20634,3.10988
4554.90000,-0.10422,1.20688,3.06600
4554.95000,-0.11418,1.20785,3.02266
4555.00000,-0.12408,1.20925,2.97994
4555.05000,-0.13391,1.21107,2.93800
4555.10000,-0.14362,1.21328,2.89680
4555.15000,-0.15321,1.21587,2.85664
4555.20000,-0.16270,1.21885,2.81771
4555.25000,-0.17152,1.22200,2.77811
4555.30000,-0.17996,1.22542,2.73888
4555.35000,-0.18824,1.22915,2.70109
4555.40000,-0.19627,1.23300,2.66389
4555.45000,-0.19968,1.23366,2.62697
4555.50000,-0.19962,1.23363,2.59778
4555.55000,-0.19947,1.23355,2.56929
4555.60000,-0.19964,1.23366,2.54246
4555.65000,-0.19959,1.23362,2.51562
4555.70000,-0.19960,1.23368,2.48927
4555.75000,-0.19995,1.23391,2.46415
4555.80000,-0.19972,1.23375,2.44082
4555.85000,-0.20007,1.23403,2.41959
4555.90000,-0.20019,1.23413,2.40042
4555.95000,-0.20018,1.23414,2.38226
4556.00000,-0.20028,1.23421,2.36630
4556.05000,-0.20040,1.23434,2.35233
4556.10000,-0.20062,1.23456,2.34058
4556.15000,-0.20073,1.23467,2.33089
4556.20000,-0.20088,1.23483,2.32322
4556.25000,-0.20102,1.23497,2.31787
4556.30000,-0.20117,1.23513,2.31430
4556.35000,-0.20132,1.23529,2.31274
4556.40000,-0.20145,1.23543,2.31315
4556.45000,-0.20155,1.23555,2.31545
4556.50000,-0.20164,1.23564,2.31955
4556.55000,-0.20171,1.23572,2.32525
4556.60000,-0.20177,1.23578,2.33229
4556.65000,-0.20182,1.23583,2.34039
4556.70000,-0.20185,1.23587,2.34927
4556.75000,-0.20188,1.23590,2.35878
4556.80000,-0.20190,1.23591,2.36890
4556.85000,-0.20191,1.23592,2.37960
4556.90000,-0.20191,1.23592,2.39080
4556.95000,-0.20190,1.23591,2.40259
4557.00000,-0.20188,1.23589,2.41512
4557.05000,-0.20185,1.23587,2.42842
4557.10000,-0.20182,1.23584,2.44256
4557.15000,-0.20178,1.23581,2.45753
4557.20000,-0.20174,1.23578,2.47332
4557.25000,-0.20170,1.23575,2.48990
4557.30000,-0.20167,1.23572,2.50722
4557.35000,-0.20193,1.23591,2.52466
4557.40000,-0.20238,1.23622,2.54202
4557.45000,-0.20278,1.23651,2.55930
4557.50000,-0.20323,1.23680,2.57729
4557.55000,-0.20357,1.23700,2.59614
4557.60000,-0.20414,1.23735,2.61517
4557.65000,-0.20496,1.23780,2.63541
4557.70000,-0.20538,1.23803,2.65452
4557.75000,-0.20598,1.23833,2.67416
4557.80000,-0.20654,1.23861,2.69360
4557.85000,-0.20728,1.23895,2.71424
4557.90000,-0.20819,1.23936,2.73582
4557.95000,-0.20912,1.23975,2.75761
4558.00000,-0.21009,1.24013,2.77969
4558.05000,-0.21092,1.24042,2.80121
4558.10000,-0.21189,1.24075,2.82322
4558.15000,-0.21294,1.24108,2.84580
4558.20000,-0.21400,1.24140,2.86846
4558.25000,-0.21506,1.24169,2.89110
4558.30000,-0.21582,1.24187,2.91242
4558.35000,-0.21647,1.24203,2.93330
4558.40000,-0.21728,1.24220,2.95491
4558.45000,-0.21808,1.24235,2.97633
4558.50000,-0.21885,1.24248,2.99748
4558.55000,-0.21976,1.24261,3.01913
4558.60000,-0.22056,1.24270,3.04018
4558.65000,-0.22141,1.24278,3.06126
4558.70000,-0.22251,1.24285,3.08306
4558.75000,-0.22322,1.24288,3.10335
4558.80000,-0.22394,1.24290,3.12348
4558.85000,-0.22468,1.24291,-3.13964
4558.90000,-0.22544,1.24290,-3.11967
4558.95000,-0.22622,1.24288,-3.09980
4559.00000,-0.22733,1.24282,-3.07877
4559.05000,-0.22867,1.24274,-3.05697
4559.10000,-0.23000,1.24262,-3.03531
4559.15000,-0.23131,1.24247,-3.01375
4559.20000,-0.23261,1.24230,-2.99245
4559.25000,-0.23390,1.24210,-2.97144
4559.30000,-0.23520,1.24187,-2.95064
4559.35000,-0.23649,1.24162,-2.93009
4559.40000,-0.23780,1.24134,-2.90981
4559.45000,-0.23913,1.24102,-2.88969
4559.50000,-0.24050,1.24066,-2.86983
4559.55000,-0.24187,1.24027,-2.85012
4559.60000,-0.24327,1.23983,-2.83067
4559.65000,-0.24470,1.23936,-2.81141
4559.70000,-0.24615,1.23885,-2.79235
4559.75000,-0.24761,1.23830,-2.77351
4559.80000,-0.24907,1.23772,-2.75490
4559.85000,-0.25053,1.23711,-2.73652
4559.90000,-0.25197,1.23648,-2.71840
4559.95000,-0.25340,1.23582,-2.70055
4560.00000,-0.25480,1.23514,-2.68298
4560.05000,-0.25618,1.23445,-2.66568
4560.10000,-0.25755,1.23373,-2.64866
4560.15000,-0.25892,1.23298,-2.63190
4560.20000,-0.26208,1.23089,-2.61637
4560.25000,-0.27027,1.22596,-2.60175
4560.30000,-0.27909,1.22061,-2.58606
4560.35000,-0.28783,1.21510,-2.57070
4560.40000,-0.29649,1.20947,-2.55588
4560.45000,-0.30502,1.20374,-2.54192
4560.50000,-0.31346,1.19790,-2.52854
4560.55000,-0.32165,1.19207,-2.51662
4560.60000,-0.32977,1.18615,-2.50534
4560.65000,-0.33784,1.18013,-2.49456
4560.70000,-0.34586,1.17400,-2.48419
4560.75000,-0.35375,1.16786,-2.47446
4560.80000,-0.36159,1.16164,-2.46527
4560.85000,-0.36936,1.15535,-2.45661
4560.90000,-0.37709,1.14899,-2.44848
4560.95000,-0.38475,1.14258,-2.44121
4561.00000,-0.39242,1.13607,-2.43433
4561.05000,-0.40002,1.12954,-2.42835
4561.10000,-0.40758,1.12297,-2.42326
4561.15000,-0.41510,1.11637,-2.41918
4561.20000,-0.42257,1.10976,-2.41605
4561.25000,-0.43001,1.10314,-2.41383
4561.30000,-0.43745,1.09651,-2.41254
4561.35000,-0.44490,1.08985,-2.41224
4561.40000,-0.45236,1.08318,-2.41272
4561.45000,-0.45983,1.07652,-2.41391
4561.50000,-0.46731,1.06988,-2.41595
4561.55000,-0.47466,1.06335,-2.41753
4561.60000,-0.48066,1.05818,-2.41895
4561.65000,-0.48156,1.05757,-2.42260
4561.70000,-0.48177,1.05738,-2.42897
4561.75000,-0.48198,1.05719,-2.43505
4561.80000,-0.48223,1.05698,-2.44117
4561.85000,-0.48249,1.05676,-2.44742
4561.90000,-0.48271,1.05657,-2.45377
4561.95000,-0.48293,1.05639,-2.46025
4562.00000,-0.48314,1.05621,-2.46680
4562.05000,-0.48339,1.05601,-2.47346
4562.10000,-0.48361,1.05583,-2.48001
4562.15000,-0.48386,1.05563,-2.48619
4562.20000,-0.48418,1.05538,-2.49204
4562.25000,-0.48642,1.05336,-2.49741
4562.30000,-0.49395,1.04768,-2.50193
4562.35000,-0.50199,1.04172,-2.50647
4562.40000,-0.51007,1.03579,-2.51167
4562.45000,-0.51817,1.02992,-2.51771
4562.50000,-0.52629,1.02411,-2.52433
4562.55000,-0.53417,1.01846,-2.53132
4562.60000,-0.53692,1.01705,-2.53624
4562.65000,-0.53712,1.01691,-2.54574
4562.70000,-0.53750,1.01665,-2.55563
4562.75000,-0.53788,1.01639,-2.56552
4562.80000,-0.53827,1.01613,-2.57542
4562.85000,-0.53865,1.01586,-2.58534
4562.90000,-0.53905,1.01559,-2.59527
4562.95000,-0.53944,1.01532,-2.60520
4563.00000,-0.53984,1.01504,-2.61515
4563.05000,-0.54015,1.01484,-2.62461
4563.10000,-0.54249,1.01298,-2.63184
4563.15000,-0.55022,1.00842,-2.63946
4563.20000,-0.55887,1.00370,-2.64748
4563.25000,-0.56756,0.99903,-2.65659
4563.30000,-0.57632,0.99442,-2.66603
4563.35000,-0.58508,0.98995,-2.67624
4563.40000,-0.59383,0.98555,-2.68664
4563.45000,-0.60095,0.98271,-2.69595
4563.50000,-0.60352,0.98237,-2.70713
4563.55000,-0.60404,0.98217,-2.72233
4563.60000,-0.60433,0.98206,-2.73751
4563.65000,-0.60439,0.98202,-2.75333
4563.70000,-0.60449,0.98198,-2.76865
4563.75000,-0.60468,0.98190,-2.78316
4563.80000,-0.60491,0.98182,-2.79715
4563.85000,-0.60513,0.98174,-2.81068
4563.90000,-0.60537,0.98166,-2.82369
4563.95000,-0.60552,0.98162,-2.83679
4564.00000,-0.60706,0.98061,-2.84960
4564.05000,-0.61510,0.97799,-2.86117
4564.10000,-0.62461,0.97530,-2.87230
4564.15000,-0.63407,0.97275,-2.88438
4564.20000,-0.64344,0.97035,-2.89759
4564.25000,-0.65289,0.96798,-2.91080
4564.30000,-0.65836,0.96744,-2.92195
4564.35000,-0.65889,0.96740,-2.93718
4564.40000,-0.65890,0.96740,-2.95521
4564.45000,-0.65912,0.96736,-2.97229
4564.50000,-0.65934,0.96733,-2.98917
4564.55000,-0.65955,0.96730,-3.00588
4564.60000,-0.65977,0.96727,-3.02241
4564.65000,-0.65999,0.96724,-3.03869
4564.70000,-0.66021,0.96722,-3.05466
4564.75000,-0.66043,0.96721,-3.07024
4564.80000,-0.66249,0.96695,-3.08550
4564.85000,-0.67128,0.96651,-3.09973
4564.90000,-0.68099,0.96618,-3.11515
4564.95000,-0.69068,0.96600,-3.13137
4565.00000,-0.70030,0.96599,3.13446
4565.05000,-0.70974,0.96603,3.11651
4565.10000,-0.71357,0.96611,3.09996
4565.15000,-0.71369,0.96612,3.08065
4565.20000,-0.71389,0.96614,3.06129
4565.25000,-0.71410,0.96615,3.04219
4565.30000,-0.71431,0.96618,3.02327
4565.35000,-0.71452,0.96620,3.00455
4565.40000,-0.71472,0.96623,2.98603
4565.45000,-0.71493,0.96627,2.96771
4565.50000,-0.71514,0.96631,2.94960
4565.55000,-0.71733,0.96713,2.93153
4565.60000,-0.72540,0.96910,2.91450
4565.65000,-0.73512,0.97144,2.89656
4565.70000,-0.74469,0.97393,2.87732
4565.75000,-0.75430,0.97655,2.85814
4565.80000,-0.76049,0.97726,2.83680
4565.85000,-0.76109,0.97733,2.81498
4565.90000,-0.76074,0.97723,2.79144
4565.95000,-0.76039,0.97712,2.76826
4566.00000,-0.76004,0.97701,2.74559
4566.05000,-0.76122,0.97802,2.72167
4566.10000,-0.76855,0.98165,2.70149
4566.15000,-0.77745,0.98595,2.68167
4566.20000,-0.78589,0.99026,2.65984
4566.25000,-0.79419,0.99474,2.63733
4566.30000,-0.80239,0.99940,2.61438
4566.35000,-0.81046,1.00425,2.59101
4566.40000,-0.81822,1.00904,2.56862
4566.45000,-0.82539,1.01324,2.54518
4566.50000,-0.82755,1.01391,2.52275
4566.55000,-0.82788,1.01415,2.49922
4566.60000,-0.82774,1.01407,2.47507
4566.65000,-0.82891,1.01529,2.45136
4566.70000,-0.83513,1.02063,2.42975
4566.75000,-0.84239,1.02707,2.40672
4566.80000,-0.84954,1.03369,2.38392
4566.85000,-0.85642,1.04037,2.36027
4566.90000,-0.86317,1.04723,2.33692
4566.95000,-0.86974,1.05425,2.31339
4567.00000,-0.87604,1.06130,2.28944
4567.05000,-0.88213,1.06846,2.26528
4567.10000,-0.88805,1.07576,2.24125
4567.15000,-0.89379,1.08321,2.21742
4567.20000,-0.89936,1.09079,2.19378
4567.25000,-0.90475,1.09851,2.17038
4567.30000,-0.90997,1.10635,2.14722
4567.35000,-0.91500,1.11432,2.12434
4567.40000,-0.91986,1.12241,2.10174
4567.45000,-0.92453,1.13061,2.07946
4567.50000,-0.92903,1.13892,2.05750
4567.55000,-0.93335,1.14734,2.03589
4567.60000,-0.93750,1.15585,2.01464
4567.65000,-0.94146,1.16446,1.99377
4567.70000,-0.94525,1.17315,1.97328
4567.75000,-0.94887,1.18193,1.95321
4567.80000,-0.95232,1.19079,1.93354
4567.85000,-0.95560,1.19973,1.91432
4567.90000,-0.95871,1.20873,1.89552
4567.95000,-0.96165,1.21781,1.87719
4568.00000,-0.96446,1.22696,1.85930
4568.05000,-0.96711,1.23616,1.84189
4568.10000,-0.96960,1.24543,1.82496
4568.15000,-0.97194,1.25474,1.80851
4568.20000,-0.97413,1.26411,1.79257
4568.25000,-0.97618,1.27351,1.77713
4568.30000,-0.97809,1.28296,1.76221
4568.35000,-0.97986,1.29245,1.74779
4568.40000,-0.98149,1.30198,1.73388
4568.45000,-0.98300,1.31154,1.72053
4568.50000,-0.98439,1.32114,1.70772
4568.55000,-0.98566,1.33076,1.69548
4568.60000,-0.98681,1.34041,1.68371
4568.65000,-0.98786,1.35010,1.67247
4568.70000,-0.98881,1.35983,1.66185
4568.75000,-0.98965,1.36959,1.65162
4568.80000,-0.99040,1.37940,1.64186
4568.85000,-0.99106,1.38919,1.63285
4568.90000,-0.99163,1.39903,1.62422
4568.95000,-0.99212,1.40887,1.61625
4569.00000,-0.99253,1.41873,1.60880
4569.05000,-0.99288,1.42862,1.60195
4569.10000,-0.99316,1.43851,1.59575
4569.15000,-0.99341,1.44843,1.58964
4569.20000,-0.99354,1.45744,1.58375
4569.25000,-0.99354,1.46185,1.57797
4569.30000,-0.99354,1.46292,1.57297
4569.35000,-0.99354,1.46312,1.57138
4569.40000,-0.99354,1.46330,1.57105
4569.45000,-0.99354,1.46347,1.57175
4569.50000,-0.99354,1.46365,1.57346
4569.55000,-0.99354,1.46383,1.57612
4569.60000,-0.99354,1.46401,1.57967
4569.65000,-0.99355,1.46420,1.58403
4569.70000,-0.99355,1.46438,1.58913
4569.75000,-0.99355,1.46456,1.59488
4569.80000,-0.99356,1.46474,1.60119
4569.85000,-0.99356,1.46493,1.60800
4569.90000,-0.99357,1.46511,1.61521
4569.95000,-0.99358,1.46529,1.62273
4570.00000,-0.99359,1.46547,1.63047
4570.05000,-0.99360,1.46565,1.63835
4570.10000,-0.99361,1.46583,1.64634
4570.15000,-0.99363,1.46601,1.65442
4570.20000,-0.99364,1.46619,1.66256
4570.25000,-0.99366,1.46637,1.67075
4570.30000,-0.99368,1.46654,1.67897
4570.35000,-0.99370,1.46671,1.68719
4570.40000,-0.99372,1.46689,1.69541
4570.45000,-0.99374,1.46706,1.70362
4570.50000,-0.99377,1.46723,1.71179
4570.55000,-0.99379,1.46740,1.71991
4570.60000,-0.99382,1.46756,1.72799
4570.65000,-0.99384,1.46773,1.73599
4570.70000,-0.99387,1.46789,1.74393
4570.75000,-0.99390,1.46806,1.75178
4570.80000,-0.99393,1.46822,1.75953
4570.85000,-0.99396,1.46838,1.76711
4570.90000,-0.99400,1.46854,1.77446
4570.95000,-0.99403,1.46870,1.78157
4571.00000,-0.99406,1.46886,1.78841
4571.05000,-0.99410,1.46901,1.79500
4571.10000,-0.99413,1.46917,1.80133
4571.15000,-0.99498,1.47094,1.80793
4571.20000,-0.99728,1.47766,1.81381
4571.25000,-0.99973,1.48741,1.81889
4571.30000,-1.00221,1.49714,1.82382
4571.35000,-1.00475,1.50688,1.82843
4571.40000,-1.00732,1.51658,1.83309
4571.45000,-1.00993,1.52624,1.83781
4571.50000,-1.01260,1.53588,1.84257
4571.55000,-1.01530,1.54550,1.84693
4571.60000,-1.01803,1.55510,1.85099
4571.65000,-1.02082,1.56471,1.85465
4571.70000,-1.02363,1.57429,1.85819
4571.75000,-1.02648,1.58386,1.86180
4571.80000,-1.02937,1.59342,1.86554
4571.85000,-1.03229,1.60297,1.86937
4571.90000,-1.03525,1.61251,1.87332
4571.95000,-1.03823,1.62201,1.87763
4572.00000,-1.04127,1.63152,1.88169
4572.05000,-1.04435,1.64102,1.88610
4572.10000,-1.04748,1.65056,1.89070
4572.15000,-1.05065,1.66005,1.89494
4572.20000,-1.05387,1.66956,1.89925
4572.25000,-1.05712,1.67906,1.90355
4572.30000,-1.06042,1.68854,1.90783
4572.35000,-1.06376,1.69800,1.91205
4572.40000,-1.06714,1.70745,1.91635
4572.45000,-1.07055,1.71688,1.92068
4572.50000,-1.07401,1.72628,1.92506
4572.55000,-1.07750,1.73567,1.92959
4572.60000,-1.08104,1.74504,1.93430
4572.65000,-1.08463,1.75440,1.93916
4572.70000,-1.08827,1.76376,1.94438
4572.75000,-1.09195,1.77309,1.94971
4572.80000,-1.09569,1.78240,1.95520
4572.85000,-1.09947,1.79168,1.96096
4572.90000,-1.10331,1.80093,1.96693
4572.95000,-1.10720,1.81017,1.97318
4573.00000,-1.11116,1.81939,1.97980
4573.05000,-1.11521,1.82864,1.98709
4573.10000,-1.11930,1.83781,1.99437
4573.15000,-1.12350,1.84706,2.00237
4573.20000,-1.12781,1.85631,2.01080
4573.25000,-1.13216,1.86551,2.01925
4573.30000,-1.13660,1.87465,2.02800
4573.35000,-1.14115,1.88380,2.03754
4573.40000,-1.14580,1.89293,2.04761
4573.45000,-1.15054,1.90200,2.05772
4573.50000,-1.15537,1.91102,2.06726
4573.55000,-1.16025,1.91997,2.07490
4573.60000,-1.16515,1.92880,2.07929
4573.65000,-1.17000,1.93751,2.07832
4573.70000,-1.17483,1.94620,2.07591
4573.75000,-1.17667,1.95074,2.07112
4573.80000,-1.17696,1.95149,2.04441
4573.85000,-1.17657,1.95070,2.00476
4573.90000,-1.17627,1.95005,1.96274
4573.95000,-1.17615,1.94972,1.92016
4574.00000,-1.17612,1.94968,1.87755
4574.05000,-1.17612,1.94968,1.83438
4574.10000,-1.17615,1.94979,1.79127
4574.15000,-1.17617,1.94991,1.74807
4574.20000,-1.17619,1.95003,1.70485
4574.25000,-1.17620,1.95014,1.66148
4574.30000,-1.17621,1.95025,1.61793
4574.35000,-1.17621,1.95036,1.57387
4574.40000,-1.17621,1.95048,1.52901
4574.45000,-1.17620,1.95061,1.48345
4574.50000,-1.17619,1.95077,1.43740
4574.55000,-1.17616,1.95094,1.39101
4574.60000,-1.17612,1.95114,1.34442
4574.65000,-1.17606,1.95136,1.29773
4574.70000,-1.17599,1.95161,1.25102
4574.75000,-1.17589,1.95188,1.20432
4574.80000,-1.17577,1.95218,1.15758
4574.85000,-1.17562,1.95250,1.11079
4574.90000,-1.17544,1.95284,1.06398
4574.95000,-1.17522,1.95321,1.01723
4575.00000,-1.17498,1.95358,0.97066
4575.05000,-1.17472,1.95395,0.92442
4575.10000,-1.17443,1.95430,0.87862
4575.15000,-1.17414,1.95465,0.83330
4575.20000,-1.17382,1.95498,0.78848
4575.25000,-1.17349,1.95530,0.74415
4575.30000,-1.17313,1.95562,0.70023
4575.35000,-1.17273,1.95594,0.65673
4575.40000,-1.17228,1.95627,0.61363
4575.45000,-1.17178,1.95660,0.57092
4575.50000,-1.17123,1.95694,0.52855
4575.55000,-1.17063,1.95728,0.48655
4575.60000,-1.16996,1.95761,0.44496
4575.65000,-1.16924,1.95794,0.40382
4575.70000,-1.16844,1.95826,0.36314
4575.75000,-1.16758,1.95857,0.32299
4575.80000,-1.16664,1.95886,0.28338
4575.85000,-1.16561,1.95914,0.24431
4575.90000,-1.16450,1.95939,0.20578
4575.95000,-1.16331,1.95962,0.16777
4576.00000,-1.16209,1.95980,0.13026
4576.05000,-1.16084,1.95994,0.09325
4576.10000,-1.15960,1.96003,0.05673
4576.15000,-1.15837,1.96008,0.02067
4576.20000,-1.15713,1.96008,-0.01491
4576.25000,-1.15591,1.96004,-0.04996
4576.30000,-1.15240,1.95972,-0.08430
4576.35000,-1.14439,1.95890,-0.11726
4576.40000,-1.13544,1.95768,-0.15418
4576.45000,-1.12650,1.95612,-0.19106
4576.50000,-1.11762,1.95423,-0.22766
4576.55000,-1.10880,1.95202,-0.26404
4576.60000,-1.10007,1.94949,-0.30029
4576.65000,-1.09143,1.94664,-0.33652
4576.70000,-1.08290,1.94348,-0.37286
4576.75000,-1.07451,1.94002,-0.40946
4576.80000,-1.06625,1.93625,-0.44648
4576.85000,-1.05815,1.93219,-0.48402
4576.90000,-1.05022,1.92782,-0.52200
4576.95000,-1.04248,1.92317,-0.56038
4577.00000,-1.03492,1.91822,-0.59900
4577.05000,-1.02756,1.91298,-0.63771
4577.10000,-1.02041,1.90746,-0.67642
4577.15000,-1.01347,1.90168,-0.71515
4577.20000,-1.00677,1.89562,-0.75390
4577.25000,-1.00031,1.88931,-0.79265
4577.30000,-0.99410,1.88276,-0.83135
4577.35000,-0.98814,1.87597,-0.86998
4577.40000,-0.98245,1.86895,-0.90850
4577.45000,-0.97703,1.86172,-0.94686
4577.50000,-0.97188,1.85428,-0.98503
4577.55000,-0.96702,1.84664,-1.02296
4577.60000,-0.96246,1.83883,-1.06110
4577.65000,-0.95821,1.83086,-1.09975
4577.70000,-0.95427,1.82274,-1.13881
4577.75000,-0.95066,1.81448,-1.17810
4577.80000,-0.94737,1.80609,-1.21761
4577.85000,-0.94443,1.79758,-1.25726
4577.90000,-0.94182,1.78895,-1.29663
4577.95000,-0.93954,1.78021,-1.33546
4578.00000,-0.93760,1.77138,-1.37365
4578.05000,-0.93599,1.76246,-1.41117
4578.10000,-0.93472,1.75347,-1.44813
4578.15000,-0.93377,1.74444,-1.48460
4578.20000,-0.93315,1.73536,-1.52060
4578.25000,-0.93285,1.72625,-1.55606
4578.30000,-0.93288,1.71712,-1.59089
4578.35000,-0.93322,1.70798,-1.62500
4578.40000,-0.93387,1.69883,-1.65795
4578.45000,-0.93481,1.68967,-1.68956
4578.50000,-0.93605,1.68051,-1.71976
4578.55000,-0.93756,1.67135,-1.74849
4578.60000,-0.93933,1.66220,-1.77567
4578.65000,-0.94135,1.65306,-1.80144
4578.70000,-0.94362,1.64393,-1.82567
4578.75000,-0.94605,1.63479,-1.84973
4578.80000,-0.94655,1.63054,-1.87533
4578.85000,-0.94669,1.63017,-1.89569
4578.90000,-0.94689,1.62966,-1.91523
4578.95000,-0.94698,1.62946,-1.93507
4579.00000,-0.94702,1.62936,-1.95471
4579.05000,-0.94707,1.62924,-1.97381
4579.10000,-0.94713,1.62910,-1.99222
4579.15000,-0.94725,1.62889,-2.00994
4579.20000,-0.94739,1.62864,-2.02665
4579.25000,-0.94756,1.62834,-2.04267
4579.30000,-0.94776,1.62794,-2.05884
4579.35000,-0.94799,1.62747,-2.07528
4579.40000,-0.94824,1.62698,-2.09178
4579.45000,-0.94846,1.62659,-2.10696
4579.50000,-0.94865,1.62628,-2.12142
4579.55000,-0.94887,1.62597,-2.13608
4579.60000,-0.94906,1.62567,-2.15176
4579.65000,-0.94929,1.62535,-2.16813
4579.70000,-0.94951,1.62505,-2.18573
4579.75000,-0.95141,1.62273,-2.20295
4579.80000,-0.95673,1.61565,-2.21956
4579.85000,-0.96257,1.60809,-2.23816
4579.90000,-0.96855,1.60065,-2.25607
4579.95000,-0.97467,1.59329,-2.27325
4580.00000,-0.98086,1.58598,-2.29042
4580.05000,-0.98284,1.58305,-2.30716
4580.10000,-0.98286,1.58304,-2.32196
4580.15000,-0.98287,1.58304,-2.33680
4580.20000,-0.98285,1.58306,-2.35224
4580.25000,-0.98481,1.58112,-2.36770
4580.30000,-0.99128,1.57488,-2.38232
4580.35000,-0.99830,1.56834,-2.39919
4580.40000,-1.00543,1.56191,-2.41561
4580.45000,-1.01267,1.55558,-2.43148
4580.50000,-1.02001,1.54937,-2.44677
4580.55000,-1.02746,1.54325,-2.46154
4580.60000,-1.03495,1.53719,-2.47626
4580.65000,-1.03818,1.53519,-2.48922
4580.70000,-1.03820,1.53519,-2.49959
4580.75000,-1.03821,1.53518,-2.50904
4580.80000,-1.03834,1.53509,-2.51808
4580.85000,-1.03846,1.53500,-2.52763
4580.90000,-1.03853,1.53495,-2.53801
4580.95000,-1.03859,1.53492,-2.54907
4581.00000,-1.04050,1.53320,-2.56039
4581.05000,-1.04620,1.52856,-2.57161
4581.10000,-1.05436,1.52340,-2.58535
4581.15000,-1.06259,1.51837,-2.59937
4581.20000,-1.07103,1.51336,-2.61293
4581.25000,-1.07953,1.50848,-2.62685
4581.30000,-1.08812,1.50370,-2.64123
4581.35000,-1.09669,1.49911,-2.65684
4581.40000,-1.10545,1.49459,-2.67295
4581.45000,-1.11411,1.49031,-2.69136
4581.50000,-1.12299,1.48613,-2.71130
4581.55000,-1.13182,1.48220,-2.73470
4581.60000,-1.14094,1.47841,-2.76173
4581.65000,-1.15008,1.47485,-2.78873
4581.70000,-1.15397,1.47418,-2.81931
4581.75000,-1.15479,1.47396,-2.86815
4581.80000,-1.15481,1.47396,-2.92620
4581.85000,-1.15483,1.47396,-2.97523
4581.90000,-1.15485,1.47396,-3.01366
4581.95000,-1.15487,1.47396,-3.05028
4582.00000,-1.15490,1.47396,-3.08696
4582.05000,-1.15493,1.47396,-3.12339
4582.10000,-1.15497,1.47396,3.12372
4582.15000,-1.15501,1.47396,3.08807
4582.20000,-1.15506,1.47396,3.05288
4582.25000,-1.15469,1.47393,3.01648
4582.30000,-1.15395,1.47384,2.97906
4582.35000,-1.15322,1.47373,2.94236
4582.40000,-1.15411,1.47425,2.90509
4582.45000,-1.15906,1.47591,2.86867
4582.50000,-1.16721,1.47840,2.83563
4582.55000,-1.17601,1.48132,2.80682
4582.60000,-1.18477,1.48451,2.77951
4582.65000,-1.19346,1.48793,2.75344
4582.70000,-1.20208,1.49158,2.72798
4582.75000,-1.21060,1.49545,2.70203
4582.80000,-1.21899,1.49954,2.67540
4582.85000,-1.22726,1.50384,2.64806
4582.90000,-1.23539,1.50836,2.62007
4582.95000,-1.24337,1.51310,2.59138
4583.00000,-1.25120,1.51806,2.56214
4583.05000,-1.25887,1.52325,2.53250
4583.10000,-1.26638,1.52865,2.50264
4583.15000,-1.27372,1.53428,2.47274
4583.20000,-1.28090,1.54013,2.44299
4583.25000,-1.28790,1.54619,2.41355
4583.30000,-1.29474,1.55246,2.38459
4583.35000,-1.30140,1.55894,2.35649
4583.40000,-1.30791,1.56563,2.32975
4583.45000,-1.31429,1.57251,2.30505
4583.50000,-1.32054,1.57959,2.28332
4583.55000,-1.32674,1.58676,2.26190
4583.60000,-1.32922,1.58980,2.24310
4583.65000,-1.32926,1.58985,2.23674
4583.70000,-1.32929,1.58990,2.23388
4583.75000,-1.32934,1.58996,2.23137
4583.80000,-1.32937,1.59000,2.22880
4583.85000,-1.32939,1.59002,2.22602
4583.90000,-1.32940,1.59005,2.22323
4583.95000,-1.32943,1.59008,2.22018
4584.00000,-1.32943,1.59009,2.21690
4584.05000,-1.32946,1.59012,2.21351
4584.10000,-1.32947,1.59015,2.21028
4584.15000,-1.32949,1.59017,2.20737
4584.20000,-1.32951,1.59019,2.20446
4584.25000,-1.32954,1.59024,2.20345
4584.30000,-1.32959,1.59032,2.20424
4584.35000,-1.32967,1.59043,2.20710
4584.40000,-1.32978,1.59058,2.21186
4584.45000,-1.32987,1.59069,2.21724
4584.50000,-1.32992,1.59076,2.22280
4584.55000,-1.32997,1.59083,2.22850
4584.60000,-1.33002,1.59090,2.23429
4584.65000,-1.33008,1.59097,2.24014
4584.70000,-1.33013,1.59104,2.24610
4584.75000,-1.33019,1.59111,2.25246
4584.80000,-1.33025,1.59118,2.25955
4584.85000,-1.33031,1.59125,2.26762
4584.90000,-1.33037,1.59133,2.27687
4584.95000,-1.33044,1.59141,2.28744
4585.00000,-1.33051,1.59149,2.29912
4585.05000,-1.33059,1.59157,2.31141
4585.10000,-1.33066,1.59165,2.32386
4585.15000,-1.33074,1.59173,2.33643
4585.20000,-1.33081,1.59181,2.34913
4585.25000,-1.33089,1.59189,2.36196
4585.30000,-1.33097,1.59196,2.37488
4585.35000,-1.33105,1.59204,2.38790
4585.40000,-1.33113,1.59211,2.40131
4585.45000,-1.33121,1.59219,2.41536
4585.50000,-1.33130,1.59227,2.43016
4585.55000,-1.33139,1.59234,2.44585
4585.60000,-1.33149,1.59242,2.46247
4585.65000,-1.33159,1.59250,2.47987
4585.70000,-1.33169,1.59258,2.49773
4585.75000,-1.33179,1.59266,2.51566
4585.80000,-1.33190,1.59273,2.53357
4585.85000,-1.33201,1.59281,2.55147
4585.90000,-1.33212,1.59288,2.56935
4585.95000,-1.33223,1.59295,2.58722
4586.00000,-1.33234,1.59301,2.60506
4586.05000,-1.33245,1.59308,2.62290
4586.10000,-1.33257,1.59314,2.64098
4586.15000,-1.33268,1.59321,2.65942
4586.20000,-1.33280,1.59327,2.67832
4586.25000,-1.33292,1.59333,2.69777
4586.30000,-1.33305,1.59339,2.71781
4586.35000,-1.33318,1.59344,2.73833
4586.40000,-1.33332,1.59350,2.75902
4586.45000,-1.33345,1.59355,2.77965
4586.50000,-1.33359,1.59360,2.80016
4586.55000,-1.33373,1.59365,2.82054
4586.60000,-1.33386,1.59369,2.84080
4586.65000,-1.33400,1.59373,2.86095
4586.70000,-1.33414,1.59377,2.88098
4586.75000,-1.33428,1.59381,2.90098
4586.80000,-1.33442,1.59384,2.92111
4586.85000,-1.33457,1.59387,2.94144
4586.90000,-1.33471,1.59390,2.96198
4586.95000,-1.33486,1.59393,2.98266
4587.00000,-1.33501,1.59395,3.00326
4587.05000,-1.33516,1.59397,3.02378
4587.10000,-1.33531,1.59398,3.04419
4587.15000,-1.33546,1.59400,3.06453
4587.20000,-1.33561,1.59401,3.08492
4587.25000,-1.33576,1.59401,3.10547
4587.30000,-1.33592,1.59402,3.12626
4587.35000,-1.33608,1.59402,-3.13587
4587.40000,-1.33624,1.59402,-3.11456
4587.45000,-1.33641,1.59401,-3.09313
4587.50000,-1.33658,1.59400,-3.07175
4587.55000,-1.33675,1.59399,-3.05057
4587.60000,-1.33692,1.59397,-3.02961
4587.65000,-1.33709,1.59395,-3.00887
4587.70000,-1.33726,1.59392,-2.98836
4587.75000,-1.33743,1.59390,-2.96809
4587.80000,-1.33764,1.59385,-2.94790
4587.85000,-1.33832,1.59373,-2.92580
4587.90000,-1.33895,1.59362,-2.90352
4587.95000,-1.33960,1.59348,-2.88133
4588.00000,-1.34019,1.59334,-2.85944
4588.05000,-1.34086,1.59315,-2.83734
4588.10000,-1.34128,1.59308,-2.81543
4588.15000,-1.34144,1.59300,-2.79421
4588.20000,-1.34204,1.59281,-2.77216
4588.25000,-1.34264,1.59259,-2.74999
4588.30000,-1.34302,1.59251,-2.72791
4588.35000,-1.34440,1.59144,-2.70574
4588.40000,-1.35133,1.58775,-2.68561
4588.45000,-1.35981,1.58349,-2.66526
4588.50000,-1.36829,1.57899,-2.64600
4588.55000,-1.37705,1.57415,-2.62647
4588.60000,-1.38581,1.56910,-2.60874
4588.65000,-1.39449,1.56389,-2.59262
4588.70000,-1.40305,1.55858,-2.57808
4588.75000,-1.41158,1.55313,-2.56568
4588.80000,-1.42000,1.54760,-2.55499
4588.85000,-1.42838,1.54198,-2.54630
4588.90000,-1.43674,1.53628,-2.53983
4588.95000,-1.44500,1.53059,-2.53539
4589.00000,-1.45333,1.52483,-2.53120
4589.05000,-1.45618,1.52348,-2.52762
4589.10000,-1.45624,1.52345,-2.52957
4589.15000,-1.45629,1.52341,-2.52894
4589.20000,-1.45775,1.52196,-2.52801
4589.25000,-1.46389,1.51690,-2.52424
4589.30000,-1.47219,1.51094,-2.51539
4589.35000,-1.48043,1.50493,-2.50731
4589.40000,-1.48858,1.49890,-2.50154
4589.45000,-1.49663,1.49289,-2.49959
4589.50000,-1.50470,1.48686,-2.49820
4589.55000,-1.51117,1.48239,-2.49654
4589.60000,-1.51384,1.48088,-2.50339
4589.65000,-1.51614,1.47960,-2.51867
4589.70000,-1.51786,1.47858,-2.54159
4589.75000,-1.51794,1.47857,-2.57418
4589.80000,-1.51742,1.47890,-2.61021
4589.85000,-1.51670,1.47932,-2.64498
4589.90000,-1.51610,1.47964,-2.67494
4589.95000,-1.51565,1.47985,-2.69834
4590.00000,-1.51534,1.48001,-2.71281
4590.05000,-1.51521,1.48008,-2.71957
4590.10000,-1.51665,1.47868,-2.72505
4590.15000,-1.52235,1.47499,-2.72754
4590.20000,-1.53137,1.47099,-2.72657
4590.25000,-1.54050,1.46697,-2.72776
4590.30000,-1.54962,1.46297,-2.72922
4590.35000,-1.55796,1.45970,-2.73011
4590.40000,-1.56331,1.45824,-2.73466
4590.45000,-1.56814,1.45701,-2.74704
4590.50000,-1.57273,1.45596,-2.76795
4590.55000,-1.57661,1.45512,-2.79688
4590.60000,-1.57839,1.45460,-2.83792
4590.65000,-1.57849,1.45457,-2.88738
4590.70000,-1.57851,1.45456,-2.93621
4590.75000,-1.57854,1.45456,-2.98092
4590.80000,-1.57807,1.45463,-3.01933
4590.85000,-1.57758,1.45470,-3.04328
4590.90000,-1.57854,1.45432,-3.05957
4590.95000,-1.58386,1.45358,-3.07331
4591.00000,-1.59095,1.45288,-3.08224
4591.05000,-1.59523,1.45277,-3.08778
4591.10000,-1.59767,1.45275,-3.07483
4591.15000,-1.59978,1.45269,-3.03824
4591.20000,-1.60017,1.45266,-2.99142
4591.25000,-1.60020,1.45266,-2.94597
4591.30000,-1.60023,1.45265,-2.90427
4591.35000,-1.60027,1.45264,-2.86571
4591.40000,-1.60031,1.45262,-2.82868
4591.45000,-1.60037,1.45260,-2.79163
4591.50000,-1.60043,1.45258,-2.75375
4591.55000,-1.60050,1.45255,-2.71510
4591.60000,-1.60056,1.45252,-2.67601
4591.65000,-1.60063,1.45249,-2.63731
4591.70000,-1.60070,1.45245,-2.59964
4591.75000,-1.60077,1.45240,-2.56395
4591.80000,-1.60085,1.45235,-2.53041
4591.85000,-1.60093,1.45229,-2.49878
4591.90000,-1.60103,1.45221,-2.46870
4591.95000,-1.60115,1.45211,-2.43978
4592.00000,-1.60128,1.45200,-2.41176
4592.05000,-1.60143,1.45186,-2.38442
4592.10000,-1.60160,1.45170,-2.35755
4592.15000,-1.60178,1.45151,-2.33064
4592.20000,-1.60196,1.45132,-2.30310
4592.25000,-1.60214,1.45111,-2.27476
4592.30000,-1.60232,1.45089,-2.24560
4592.35000,-1.60251,1.45065,-2.21570
4592.40000,-1.60270,1.45039,-2.18547
4592.45000,-1.60288,1.45012,-2.15535
4592.50000,-1.60307,1.44982,-2.12606
4592.55000,-1.60326,1.44951,-2.09797
4592.60000,-1.60345,1.44918,-2.07110
4592.65000,-1.60364,1.44881,-2.04572
4592.70000,-1.60384,1.44842,-2.02174
4592.75000,-1.60403,1.44800,-1.99905
4592.80000,-1.60558,1.44549,-1.97774
4592.85000,-1.60902,1.43764,-1.95755
4592.90000,-1.61264,1.42846,-1.93581
4592.95000,-1.61611,1.41908,-1.91387
4593.00000,-1.61936,1.40963,-1.89116
4593.05000,-1.62252,1.40014,-1.86844
4593.10000,-1.62295,1.39523,-1.84777
4593.15000,-1.62311,1.39443,-1.82248
4593.20000,-1.62320,1.39406,-1.79678
4593.25000,-1.62329,1.39365,-1.77175
4593.30000,-1.62338,1.39321,-1.74754
4593.35000,-1.62404,1.39064,-1.72396
4593.40000,-1.62534,1.38226,-1.70203
4593.45000,-1.62646,1.37294,-1.67753
4593.50000,-1.62734,1.36359,-1.65322
4593.55000,-1.62800,1.35421,-1.62922
4593.60000,-1.62844,1.34481,-1.60556
4593.65000,-1.62866,1.33540,-1.58231
4593.70000,-1.62866,1.32598,-1.55923
4593.75000,-1.62844,1.31655,-1.53621
4593.80000,-1.62801,1.30714,-1.51324
4593.85000,-1.62733,1.29737,-1.49139
4593.90000,-1.62642,1.28710,-1.46985
4593.95000,-1.62526,1.27671,-1.44791
4594.00000,-1.62389,1.26641,-1.42632
4594.05000,-1.62230,1.25606,-1.40519
4594.10000,-1.62050,1.24580,-1.38506
4594.15000,-1.61850,1.23559,-1.36615
4594.20000,-1.61632,1.22542,-1.34839
4594.25000,-1.61395,1.21530,-1.33163
4594.30000,-1.61143,1.20526,-1.31572
4594.35000,-1.60875,1.19525,-1.30078
4594.40000,-1.60593,1.18532,-1.28644
4594.45000,-1.60297,1.17541,-1.27225
4594.50000,-1.59991,1.16567,-1.25823
4594.55000,-1.59675,1.15610,-1.24444
4594.60000,-1.59347,1.14664,-1.23076
4594.65000,-1.59007,1.13725,-1.21702
4594.70000,-1.58655,1.12790,-1.20325
4594.75000,-1.58290,1.11861,-1.18965
4594.80000,-1.57908,1.10924,-1.17594
4594.85000,-1.57514,1.09995,-1.16309
4594.90000,-1.57108,1.09065,-1.15104
4594.95000,-1.56695,1.08154,-1.14078
4595.00000,-1.56272,1.07240,-1.13137
4595.05000,-1.55842,1.06333,-1.12309
4595.10000,-1.55407,1.05435,-1.11584
4595.15000,-1.54965,1.04540,-1.10923
4595.20000,-1.54514,1.03639,-1.10274
4595.25000,-1.54060,1.02749,-1.09676
4595.30000,-1.53601,1.01861,-1.09036
4595.35000,-1.53136,1.00976,-1.08264
4595.40000,-1.52663,1.00096,-1.07341
4595.45000,-1.52181,0.99219,-1.06200
4595.50000,-1.51689,0.98351,-1.04834
4595.55000,-1.51184,0.97490,-1.03214
4595.60000,-1.50658,0.96626,-1.01247
4595.65000,-1.50120,0.95784,-0.99122
4595.70000,-1.49564,0.94955,-0.96794
4595.75000,-1.48999,0.94131,-0.94471
4595.80000,-1.48844,0.93757,-0.92086
4595.85000,-1.48832,0.93739,-0.89161
4595.90000,-1.48829,0.93736,-0.86431
4595.95000,-1.48679,0.93578,-0.83753
4596.00000,-1.48153,0.93014,-0.81259
4596.05000,-1.47473,0.92310,-0.79255
4596.10000,-1.46786,0.91613,-0.77373
4596.15000,-1.46565,0.91401,-0.74440
4596.20000,-1.46542,0.91380,-0.69877
4596.25000,-1.46540,0.91379,-0.65114
4596.30000,-1.46539,0.91377,-0.60668
4596.35000,-1.46537,0.91376,-0.56586
4596.40000,-1.46535,0.91376,-0.52907
4596.45000,-1.46497,0.91354,-0.49508
4596.50000,-1.46293,0.91223,-0.46209
4596.55000,-1.45570,0.90864,-0.43453
4596.60000,-1.44628,0.90438,-0.41249
4596.65000,-1.43657,0.90027,-0.38906
4596.70000,-1.42718,0.89655,-0.36429
4596.75000,-1.41778,0.89309,-0.33727
4596.80000,-1.40829,0.88992,-0.30870
4596.85000,-1.39872,0.88702,-0.27966
4596.90000,-1.38908,0.88439,-0.25174
4596.95000,-1.37938,0.88203,-0.22659
4597.00000,-1.36921,0.87980,-0.20434
4597.05000,-1.35918,0.87781,-0.18897
4597.10000,-1.34945,0.87598,-0.17544
4597.15000,-1.34401,0.87571,-0.16487
4597.20000,-1.34308,0.87566,-0.16395
4597.25000,-1.34324,0.87568,-0.17208
4597.30000,-1.34347,0.87572,-0.18307
4597.35000,-1.34373,0.87576,-0.19575
4597.40000,-1.34404,0.87582,-0.20968
4597.45000,-1.34437,0.87589,-0.22454
4597.50000,-1.34472,0.87597,-0.24044
4597.55000,-1.34508,0.87606,-0.25706
4597.60000,-1.34545,0.87616,-0.27429
4597.65000,-1.34582,0.87628,-0.29207
4597.70000,-1.34620,0.87640,-0.31031
4597.75000,-1.34659,0.87653,-0.32886
4597.80000,-1.34697,0.87666,-0.34764
4597.85000,-1.34735,0.87681,-0.36662
4597.90000,-1.34773,0.87696,-0.38587
4597.95000,-1.34811,0.87712,-0.40538
4598.00000,-1.34850,0.87730,-0.42524
4598.05000,-1.34889,0.87748,-0.44558
4598.10000,-1.34928,0.87767,-0.46626
4598.15000,-1.34968,0.87788,-0.48722
4598.20000,-1.35008,0.87810,-0.50837
4598.25000,-1.35048,0.87833,-0.52964
4598.30000,-1.35087,0.87857,-0.55097
4598.35000,-1.35127,0.87882,-0.57226
4598.40000,-1.35166,0.87908,-0.59341
4598.45000,-1.35204,0.87935,-0.61430
4598.50000,-1.35240,0.87960,-0.63462
4598.55000,-1.35273,0.87985,-0.65440
4598.60000,-1.35287,0.87995,-0.67423
4598.65000,-1.35307,0.88012,-0.69145
4598.70000,-1.35330,0.88031,-0.70467
4598.75000,-1.35191,0.87889,-0.71803
4598.80000,-1.34679,0.87430,-0.71975
4598.85000,-1.34137,0.86962,-0.70861
4598.90000,-1.33813,0.86695,-0.67544
4598.95000,-1.33679,0.86592,-0.62613
4599.00000,-1.33675,0.86589,-0.57620
4599.05000,-1.33670,0.86586,-0.52625
4599.10000,-1.33663,0.86583,-0.47653
4599.15000,-1.33656,0.86579,-0.42707
4599.20000,-1.33648,0.86576,-0.37789
4599.25000,-1.33640,0.86572,-0.32903
4599.30000,-1.33630,0.86569,-0.28051
4599.35000,-1.33620,0.86567,-0.23236
4599.40000,-1.33609,0.86564,-0.18460
4599.45000,-1.33597,0.86563,-0.13723
4599.50000,-1.33586,0.86561,-0.09028
4599.55000,-1.33574,0.86561,-0.04374
4599.60000,-1.33563,0.86560,0.00236
4599.65000,-1.33551,0.86561,0.04803
4599.70000,-1.33539,0.86561,0.09324
4599.75000,-1.33527,0.86563,0.13799
4599.80000,-1.33515,0.86565,0.18227
4599.85000,-1.33504,0.86567,0.22611
4599.90000,-1.33492,0.86570,0.26960
4599.95000,-1.33480,0.86574,0.31277
4600.00000,-1.33468,0.86578,0.35563
4600.05000,-1.33457,0.86582,0.39817
4600.10000,-1.33445,0.86588,0.44037
4600.15000,-1.33433,0.86593,0.48222
4600.20000,-1.33422,0.86600,0.52369
4600.25000,-1.33410,0.86607,0.56477
4600.30000,-1.33399,0.86614,0.60543
4600.35000,-1.33388,0.86622,0.64568
4600.40000,-1.33377,0.86631,0.68547
4600.45000,-1.33367,0.86640,0.72474
4600.50000,-1.33357,0.86649,0.76345
4600.55000,-1.33347,0.86659,0.80158
4600.60000,-1.33337,0.86669,0.83910
4600.65000,-1.33328,0.86679,0.87605
4600.70000,-1.33319,0.86690,0.91245
4600.75000,-1.33311,0.86702,0.94836
4600.80000,-1.33303,0.86713,0.98379
4600.85000,-1.33295,0.86725,1.01873
4600.90000,-1.33288,0.86738,1.05321
4600.95000,-1.33148,0.86942,1.08636
4601.00000,-1.32775,0.87665,1.11563
4601.05000,-1.32354,0.88559,1.14865
4601.10000,-1.31955,0.89479,1.18253
4601.15000,-1.31583,0.90433,1.21659
4601.20000,-1.31243,0.91396,1.24995
4601.25000,-1.30937,0.92366,1.28223
4601.30000,-1.30663,0.93355,1.31457
4601.35000,-1.30420,0.94349,1.34615
4601.40000,-1.30213,0.95329,1.37672
4601.45000,-1.30031,0.96323,1.40596
4601.50000,-1.29882,0.97309,1.43440
4601.55000,-1.29769,0.98240,1.46389
4601.60000,-1.29683,0.99163,1.49299
4601.65000,-1.29624,1.00091,1.52121
4601.70000,-1.29591,1.01022,1.54858
4601.75000,-1.29582,1.01955,1.57511
4601.80000,-1.29598,1.02891,1.60084
4601.85000,-1.29638,1.03827,1.62581
4601.90000,-1.29701,1.04765,1.65002
4601.95000,-1.29787,1.05702,1.67346
4602.00000,-1.29894,1.06639,1.69612
4602.05000,-1.30023,1.07576,1.71799
4602.10000,-1.30171,1.08511,1.73903
4602.15000,-1.30340,1.09446,1.75921
4602.20000,-1.30527,1.10379,1.77848
4602.25000,-1.30733,1.11311,1.79682
4602.30000,-1.30946,1.12242,1.81515
4602.35000,-1.30983,1.12671,1.83354
4602.40000,-1.30989,1.12705,1.84808
4602.45000,-1.30994,1.12727,1.86168
4602.50000,-1.31001,1.12753,1.87464
4602.55000,-1.31005,1.12767,1.88676
4602.60000,-1.31014,1.12802,1.89945
4602.65000,-1.31022,1.12829,1.91137
4602.70000,-1.31027,1.12844,1.92241
4602.75000,-1.31036,1.12869,1.93350
4602.80000,-1.31041,1.12883,1.94367
4602.85000,-1.31047,1.12899,1.95361
4602.90000,-1.31054,1.12916,1.96305
4602.95000,-1.31061,1.12934,1.97218
4603.00000,-1.31069,1.12951,1.98086
4603.05000,-1.31078,1.12972,1.98927
4603.10000,-1.31084,1.12986,1.99729
4603.15000,-1.31090,1.12999,2.00531
4603.20000,-1.31101,1.13024,2.01260
4603.25000,-1.31111,1.13047,2.01934
4603.30000,-1.31118,1.13062,2.02535
4603.35000,-1.31125,1.13077,2.03101
4603.40000,-1.31132,1.13091,2.03620
4603.45000,-1.31139,1.13107,2.04087
4603.50000,-1.31148,1.13125,2.04538
4603.55000,-1.31156,1.13142,2.04938
4603.60000,-1.31164,1.13158,2.05309
4603.65000,-1.31172,1.13171,2.05657
4603.70000,-1.31182,1.13191,2.05955
4603.75000,-1.31189,1.13205,2.06277
4603.80000,-1.31197,1.13220,2.06505
4603.85000,-1.31207,1.13237,2.06695
4603.90000,-1.31217,1.13254,2.06843
4603.95000,-1.31226,1.13272,2.06966
4604.00000,-1.31236,1.13290,2.07055
4604.05000,-1.31246,1.13307,2.07110
4604.10000,-1.31256,1.13324,2.07136
4604.15000,-1.31265,1.13341,2.07126
4604.20000,-1.31274,1.13357,2.07073
4604.25000,-1.31283,1.13373,2.07002
4604.30000,-1.31292,1.13389,2.06902
4604.35000,-1.31301,1.13405,2.06764
4604.40000,-1.31310,1.13420,2.06610
4604.45000,-1.31318,1.13436,2.06433
4604.50000,-1.31328,1.13453,2.06237
4604.55000,-1.31337,1.13471,2.06003
4604.60000,-1.31346,1.13487,2.05754
4604.65000,-1.31355,1.13504,2.05493
4604.70000,-1.31365,1.13522,2.05244
4604.75000,-1.31374,1.13539,2.04973
4604.80000,-1.31382,1.13554,2.04618
4604.85000,-1.31389,1.13568,2.04238
4604.90000,-1.31397,1.13584,2.03847
4604.95000,-1.31403,1.13596,2.03423
4605.00000,-1.31410,1.13610,2.02993
4605.05000,-1.31417,1.13623,2.02540
4605.10000,-1.31425,1.13640,2.02072
4605.15000,-1.31435,1.13661,2.01586
4605.20000,-1.31443,1.13677,2.01089
4605.25000,-1.31450,1.13692,2.00572
4605.30000,-1.31457,1.13707,2.00039
4605.35000,-1.31462,1.13719,1.99493
4605.40000,-1.31470,1.13736,1.98962
4605.45000,-1.31479,1.13755,1.98422
4605.50000,-1.31487,1.13772,1.97841
4605.55000,-1.31492,1.13785,1.97234
4605.60000,-1.31500,1.13802,1.96638
4605.65000,-1.31507,1.13820,1.96031
4605.70000,-1.31514,1.13837,1.95412
4605.75000,-1.31521,1.13855,1.94784
4605.80000,-1.31528,1.13873,1.94145
4605.85000,-1.31535,1.13891,1.93496
4605.90000,-1.31542,1.13909,1.92838
4605.95000,-1.31549,1.13927,1.92171
4606.00000,-1.31555,1.13945,1.91496
4606.05000,-1.31562,1.13964,1.90813
4606.10000,-1.31568,1.13982,1.90122
4606.15000,-1.31574,1.14000,1.89425
4606.20000,-1.31580,1.14018,1.88722
4606.25000,-1.31586,1.14037,1.88012
4606.30000,-1.31592,1.14055,1.87297
4606.35000,-1.31598,1.14073,1.86578
4606.40000,-1.31603,1.14092,1.85853
4606.45000,-1.31609,1.14110,1.85124
4606.50000,-1.31614,1.14129,1.84391
4606.55000,-1.31619,1.14147,1.83654
4606.60000,-1.31624,1.14166,1.82913
4606.65000,-1.31629,1.14185,1.82169
4606.70000,-1.31634,1.14203,1.81423
4606.75000,-1.31638,1.14222,1.80673
4606.80000,-1.31643,1.14241,1.79922
4606.85000,-1.31647,1.14260,1.79168
4606.90000,-1.31726,1.14461,1.78471
4606.95000,-1.31927,1.15213,1.77802
4607.00000,-1.32124,1.16169,1.76973
4607.05000,-1.32312,1.17129,1.76126
4607.10000,-1.32492,1.18092,1.75279
4607.15000,-1.32664,1.19056,1.74432
4607.20000,-1.32827,1.20021,1.73586
4607.25000,-1.32983,1.20988,1.72743
4607.30000,-1.33130,1.21956,1.71900
4607.35000,-1.33269,1.22925,1.71061
4607.40000,-1.33400,1.23895,1.70225
4607.45000,-1.33523,1.24867,1.69393
4607.50000,-1.33638,1.25840,1.68567
4607.55000,-1.33745,1.26813,1.67747
4607.60000,-1.33844,1.27788,1.66934
4607.65000,-1.33935,1.28764,1.66129
4607.70000,-1.34019,1.29741,1.65339
4607.75000,-1.34097,1.30728,1.64590
4607.80000,-1.34166,1.31706,1.63820
4607.85000,-1.34227,1.32685,1.63059
4607.90000,-1.34280,1.33665,1.62314
4607.95000,-1.34328,1.34646,1.61587
4608.00000,-1.34368,1.35628,1.60887
4608.05000,-1.34402,1.36610,1.60214
4608.10000,-1.34430,1.37594,1.59577
4608.15000,-1.34452,1.38581,1.58977
4608.20000,-1.34468,1.39571,1.58441
4608.25000,-1.34479,1.40561,1.58001
4608.30000,-1.34487,1.41556,1.57704
4608.35000,-1.34493,1.42555,1.57695
4608.40000,-1.34501,1.43535,1.57694
4608.45000,-1.34500,1.44182,1.58291
4608.50000,-1.34501,1.44737,1.61245
4608.55000,-1.34510,1.45147,1.66303
4608.60000,-1.34519,1.45235,1.72203
4608.65000,-1.34521,1.45246,1.78493
4608.70000,-1.34524,1.45259,1.84823
4608.75000,-1.34529,1.45273,1.91168
4608.80000,-1.34535,1.45289,1.97521
4608.85000,-1.34543,1.45307,2.03872
4608.90000,-1.34554,1.45326,2.10214
4608.95000,-1.34567,1.45347,2.16540
4609.00000,-1.34583,1.45369,2.22847
4609.05000,-1.34603,1.45393,2.29128
4609.10000,-1.34627,1.45419,2.35379
4609.15000,-1.34655,1.45445,2.41596
4609.20000,-1.34686,1.45471,2.47774
4609.25000,-1.34721,1.45497,2.53905
4609.30000,-1.34757,1.45520,2.59987
4609.35000,-1.34796,1.45542,2.66017
4609.40000,-1.34835,1.45561,2.71992
4609.45000,-1.34877,1.45578,2.77913
4609.50000,-1.34921,1.45593,2.83782
4609.55000,-1.34968,1.45606,2.89602
4609.60000,-1.35019,1.45618,2.95374
4609.65000,-1.35076,1.45627,3.01097
4609.70000,-1.35138,1.45633,3.06768
4609.75000,-1.35204,1.45636,3.12384
4609.80000,-1.35277,1.45635,-3.10374
4609.85000,-1.35354,1.45630,-3.04873
4609.90000,-1.35435,1.45620,-2.99433
4609.95000,-1.35519,1.45606,-2.94057
4610.00000,-1.35604,1.45586,-2.88748
4610.05000,-1.35688,1.45562,-2.83510
4610.10000,-1.35771,1.45533,-2.78343
4610.15000,-1.35854,1.45500,-2.73246
4610.20000,-1.35936,1.45461,-2.68218
4610.25000,-1.36020,1.45417,-2.63254
4610.30000,-1.36107,1.45366,-2.58353
4610.35000,-1.36196,1.45307,-2.53515
4610.40000,-1.36288,1.45240,-2.48742
4610.45000,-1.36382,1.45164,-2.44035
4610.50000,-1.36477,1.45080,-2.39395
4610.55000,-1.36573,1.44987,-2.34823
4610.60000,-1.36669,1.44885,-2.30320
4610.65000,-1.36773,1.44768,-2.25849
4610.70000,-1.36873,1.44643,-2.21445
4610.75000,-1.36967,1.44515,-2.17125
4610.80000,-1.37053,1.44388,-2.12903
4610.85000,-1.37128,1.44262,-2.08775
4610.90000,-1.37322,1.43924,-2.04833
4610.95000,-1.37705,1.43170,-2.01283
4611.00000,-1.38063,1.42372,-1.97091
4611.05000,-1.38393,1.41542,-1.92805
4611.10000,-1.38688,1.40698,-1.88601
4611.15000,-1.38948,1.39840,-1.84484
4611.20000,-1.39174,1.38969,-1.80453
4611.25000,-1.39365,1.38089,-1.76506
4611.30000,-1.39523,1.37199,-1.72644
4611.35000,-1.39646,1.36302,-1.68865
4611.40000,-1.39736,1.35399,-1.65171
4611.45000,-1.39793,1.34491,-1.61566
4611.50000,-1.39818,1.33580,-1.58049
4611.55000,-1.39811,1.32666,-1.54620
4611.60000,-1.39773,1.31750,-1.51274
4611.65000,-1.39705,1.30834,-1.48007
4611.70000,-1.39607,1.29920,-1.44810
4611.75000,-1.39480,1.29007,-1.41677
4611.80000,-1.39324,1.28097,-1.38609
4611.85000,-1.39141,1.27191,-1.35602
4611.90000,-1.38930,1.26289,-1.32658
4611.95000,-1.38693,1.25392,-1.29774
4612.00000,-1.38429,1.24500,-1.26952
4612.05000,-1.38141,1.23615,-1.24190
4612.10000,-1.37828,1.22737,-1.21488
4612.15000,-1.37491,1.21866,-1.18850
4612.20000,-1.37131,1.21002,-1.16277
4612.25000,-1.36748,1.20147,-1.13766
4612.30000,-1.36355,1.19296,-1.11256
4612.35000,-1.36310,1.18957,-1.08779
4612.40000,-1.36274,1.18876,-1.06456
4612.45000,-1.36239,1.18813,-1.04123
4612.50000,-1.36200,1.18744,-1.01842
4612.55000,-1.36163,1.18686,-0.99558
4612.60000,-1.36123,1.18626,-0.97391
4612.65000,-1.36078,1.18559,-0.95343
4612.70000,-1.36030,1.18491,-0.93371
4612.75000,-1.35979,1.18424,-0.91431
4612.80000,-1.35931,1.18362,-0.89551
4612.85000,-1.35881,1.18301,-0.87768
4612.90000,-1.35833,1.18245,-0.86005
4612.95000,-1.35792,1.18197,-0.84342
4613.00000,-1.35755,1.18156,-0.82634
4613.05000,-1.35723,1.18121,-0.80891
4613.10000,-1.35691,1.18086,-0.79152
4613.15000,-1.35661,1.18052,-0.77417
4613.20000,-1.35631,1.18019,-0.75685
4613.25000,-1.35602,1.17987,-0.73956
4613.30000,-1.35574,1.17956,-0.72231
4613.35000,-1.35530,1.17916,-0.70955
4613.40000,-1.35475,1.17870,-0.69830
4613.45000,-1.35419,1.17824,-0.68749
4613.50000,-1.35364,1.17780,-0.67707
4613.55000,-1.35313,1.17739,-0.66703
4613.60000,-1.35272,1.17707,-0.65671
4613.65000,-1.35223,1.17670,-0.64764
4613.70000,-1.35178,1.17636,-0.63937
4613.75000,-1.35130,1.17601,-0.63166
4613.80000,-1.35082,1.17566,-0.62419
4613.85000,-1.35036,1.17533,-0.61717
4613.90000,-1.34992,1.17501,-0.61053
4613.95000,-1.34950,1.17472,-0.60439
4614.00000,-1.34909,1.17444,-0.59857
4614.05000,-1.34868,1.17416,-0.59313
4614.10000,-1.34827,1.17389,-0.58823
4614.15000,-1.34790,1.17364,-0.58315
4614.20000,-1.34751,1.17337,-0.57813
4614.25000,-1.34713,1.17313,-0.57340
4614.30000,-1.34679,1.17290,-0.56852
4614.35000,-1.34642,1.17267,-0.56405
4614.40000,-1.34609,1.17246,-0.55985
4614.45000,-1.34572,1.17223,-0.55564
4614.50000,-1.34538,1.17202,-0.55152
4614.55000,-1.34502,1.17179,-0.54750
4614.60000,-1.34468,1.17159,-0.54386
4614.65000,-1.34435,1.17139,-0.54055
4614.70000,-1.34404,1.17120,-0.53759
4614.75000,-1.34371,1.17101,-0.53469
4614.80000,-1.34341,1.17083,-0.53233
4614.85000,-1.34311,1.17066,-0.53022
4614.90000,-1.34280,1.17048,-0.52815
4614.95000,-1.34253,1.17032,-0.52655
4615.00000,-1.34225,1.17016,-0.52513
4615.05000,-1.34197,1.17000,-0.52376
4615.10000,-1.34172,1.16986,-0.52258
4615.15000,-1.34147,1.16971,-0.52124
4615.20000,-1.34122,1.16958,-0.51958
4615.25000,-1.34099,1.16944,-0.51775
4615.30000,-1.34073,1.16929,-0.51553
4615.35000,-1.34049,1.16915,-0.51272
4615.40000,-1.34025,1.16901,-0.50954
4615.45000,-1.34001,1.16887,-0.50638
4615.50000,-1.33976,1.16873,-0.50322
4615.55000,-1.33952,1.16860,-0.50005
4615.60000,-1.33927,1.16846,-0.49687
4615.65000,-1.33902,1.16832,-0.49369
4615.70000,-1.33725,1.16677,-0.49105
4615.75000,-1.32947,1.16224,-0.48800
4615.80000,-1.32056,1.15754,-0.48360
4615.85000,-1.31163,1.15288,-0.47834
4615.90000,-1.30266,1.14827,-0.47172
4615.95000,-1.29363,1.14371,-0.46409
4616.00000,-1.28463,1.13926,-0.45460
4616.05000,-1.27565,1.13492,-0.44531
4616.10000,-1.26642,1.13057,-0.43467
4616.15000,-1.25727,1.12639,-0.42351
4616.20000,-1.24800,1.12228,-0.41138
4616.25000,-1.23849,1.11822,-0.39730
4616.30000,-1.22916,1.11440,-0.38216
4616.35000,-1.21984,1.11074,-0.36678
4616.40000,-1.21051,1.10725,-0.34912
4616.45000,-1.20118,1.10396,-0.32951
4616.50000,-1.19170,1.10083,-0.31006
4616.55000,-1.18214,1.09788,-0.28909
4616.60000,-1.17295,1.09519,-0.26682
4616.65000,-1.16735,1.09456,-0.24671
4616.70000,-1.16689,1.09451,-0.22170
4616.75000,-1.16654,1.09447,-0.19659
4616.80000,-1.16681,1.09453,-0.17249
4616.85000,-1.16580,1.09399,-0.14859
4616.90000,-1.15937,1.09280,-0.12585
4616.95000,-1.14969,1.09167,-0.10531
4617.00000,-1.13987,1.09073,-0.08502
4617.05000,-1.13029,1.09002,-0.06328
4617.10000,-1.12081,1.08953,-0.03997
4617.15000,-1.11141,1.08927,-0.01586
4617.20000,-1.10204,1.08923,0.00919
4617.25000,-1.09266,1.08932,0.03429
4617.30000,-1.08783,1.08936,0.05884
4617.35000,-1.08727,1.08936,0.08579
4617.40000,-1.08688,1.08936,0.11191
4617.45000,-1.08619,1.08943,0.13841
4617.50000,-1.08375,1.09005,0.16477
4617.55000,-1.07548,1.09162,0.18772
4617.60000,-1.06602,1.09352,0.21176
4617.65000,-1.05689,1.09561,0.23689
4617.70000,-1.04782,1.09792,0.26244
4617.75000,-1.03881,1.10047,0.28828
4617.80000,-1.02989,1.10324,0.31434
4617.85000,-1.02104,1.10625,0.34054
4617.90000,-1.01227,1.10948,0.36680
4617.95000,-1.00360,1.11295,0.39307
4618.00000,-0.99501,1.11664,0.41925
4618.05000,-0.98652,1.12056,0.44528
4618.10000,-0.97813,1.12470,0.47076
4618.15000,-0.96981,1.12906,0.49521
4618.20000,-0.96157,1.13363,0.51832
4618.25000,-0.95276,1.13877,0.53968
4618.30000,-0.94441,1.14388,0.55980
4618.35000,-0.93609,1.14919,0.57707
4618.40000,-0.92792,1.15461,0.59258
4618.45000,-0.91968,1.16023,0.60588
4618.50000,-0.91144,1.16600,0.61697
4618.55000,-0.90335,1.17175,0.62647
4618.60000,-0.89657,1.17619,0.63655
4618.65000,-0.89469,1.17684,0.64461
4618.70000,-0.89460,1.17690,0.64434
4618.75000,-0.89454,1.17696,0.64197
4618.80000,-0.89448,1.17700,0.63759
4618.85000,-0.89447,1.17701,0.63115
4618.90000,-0.89446,1.17702,0.62327
4618.95000,-0.89446,1.17703,0.61412
4619.00000,-0.89451,1.17699,0.60435
4619.05000,-0.89453,1.17698,0.59379
4619.10000,-0.89459,1.17695,0.58251
4619.15000,-0.89464,1.17692,0.57040
4619.20000,-0.89461,1.17693,0.55762
4619.25000,-0.89471,1.17688,0.54331
4619.30000,-0.89482,1.17682,0.52784
4619.35000,-0.89500,1.17672,0.51175
4619.40000,-0.89519,1.17662,0.49486
4619.45000,-0.89542,1.17651,0.47667
4619.50000,-0.89570,1.17637,0.45766
4619.55000,-0.89593,1.17628,0.43780
4619.60000,-0.89617,1.17618,0.41736
4619.65000,-0.89646,1.17606,0.39668
4619.70000,-0.89679,1.17593,0.37595
4619.75000,-0.89713,1.17580,0.35516
4619.80000,-0.89747,1.17568,0.33444
4619.85000,-0.89781,1.17557,0.31343
4619.90000,-0.89814,1.17547,0.29230
4619.95000,-0.89847,1.17539,0.27088
4620.00000,-0.89884,1.17528,0.24922
4620.05000,-0.89922,1.17517,0.22729
4620.10000,-0.89962,1.17506,0.20510
4620.15000,-0.90002,1.17498,0.18274
4620.20000,-0.90044,1.17491,0.15985
4620.25000,-0.90087,1.17485,0.13666
4620.30000,-0.90131,1.17479,0.11316
4620.35000,-0.90176,1.17475,0.08933
4620.40000,-0.90222,1.17472,0.06521
4620.45000,-0.90268,1.17470,0.04095
4620.50000,-0.90314,1.17468,0.01675
4620.55000,-0.90360,1.17468,-0.00734
4620.60000,-0.90405,1.17470,-0.03130
4620.65000,-0.90450,1.17472,-0.05512
4620.70000,-0.90495,1.17475,-0.07876
4620.75000,-0.90540,1.17479,-0.10222
4620.80000,-0.90584,1.17484,-0.12551
4620.85000,-0.90629,1.17491,-0.14865
4620.90000,-0.90673,1.17498,-0.17165
4620.95000,-0.90718,1.17507,-0.19455
4621.00000,-0.90762,1.17516,-0.21736
4621.05000,-0.90807,1.17527,-0.24012
4621.10000,-0.90851,1.17538,-0.26278
4621.15000,-0.90895,1.17551,-0.28533
4621.20000,-0.90938,1.17564,-0.30776
4621.25000,-0.90980,1.17578,-0.32999
4621.30000,-0.91022,1.17593,-0.35201
4621.35000,-0.91062,1.17609,-0.37378
4621.40000,-0.91102,1.17625,-0.39522
4621.45000,-0.91141,1.17642,-0.41617
4621.50000,-0.91178,1.17660,-0.43654
4621.55000,-0.91215,1.17677,-0.45616
4621.60000,-0.91250,1.17694,-0.47509
4621.65000,-0.91284,1.17712,-0.49348
4621.70000,-0.91141,1.17581,-0.51229
4621.75000,-0.90511,1.17150,-0.52963
4621.80000,-0.89688,1.16658,-0.54540
4621.85000,-0.88863,1.16151,-0.55737
4621.90000,-0.88030,1.15629,-0.56357
4621.95000,-0.87191,1.15099,-0.56636
4622.00000,-0.86618,1.14766,-0.56792
4622.05000,-0.86298,1.14559,-0.55866
4622.10000,-0.85991,1.14369,-0.54136
4622.15000,-0.85727,1.14215,-0.51777
4622.20000,-0.85513,1.14096,-0.48805
4622.25000,-0.85351,1.14013,-0.45228
4622.30000,-0.85324,1.14003,-0.41440
4622.35000,-0.85318,1.14001,-0.37557
4622.40000,-0.85311,1.13998,-0.33598
4622.45000,-0.85304,1.13996,-0.29578
4622.50000,-0.85297,1.13994,-0.25518
4622.55000,-0.85289,1.13992,-0.21435
4622.60000,-0.85281,1.13990,-0.17354
4622.65000,-0.85273,1.13989,-0.13287
4622.70000,-0.85265,1.13988,-0.09237
4622.75000,-0.85256,1.13987,-0.05204
4622.80000,-0.85248,1.13987,-0.01191
4622.85000,-0.85240,1.13987,0.02809
4622.90000,-0.85231,1.13988,0.06812
4622.95000,-0.85223,1.13988,0.10821
4623.00000,-0.85214,1.13990,0.14840
4623.05000,-0.85204,1.13991,0.18870
4623.10000,-0.85194,1.13993,0.22907
4623.15000,-0.85184,1.13996,0.26941
4623.20000,-0.85174,1.13999,0.30968
4623.25000,-0.85164,1.14002,0.34979
4623.30000,-0.85154,1.14006,0.38963
4623.35000,-0.85144,1.14011,0.42913
4623.40000,-0.85134,1.14016,0.46829
4623.45000,-0.85124,1.14021,0.50708
4623.50000,-0.85114,1.14026,0.54550
4623.55000,-0.85105,1.14032,0.58354
4623.60000,-0.85096,1.14039,0.62124
4623.65000,-0.85086,1.14045,0.65862
4623.70000,-0.85077,1.14053,0.69570
4623.75000,-0.85068,1.14060,0.73250
4623.80000,-0.85059,1.14069,0.76901
4623.85000,-0.85051,1.14078,0.80522
4623.90000,-0.85042,1.14087,0.84107
4623.95000,-0.85034,1.14097,0.87653
4624.00000,-0.85025,1.14107,0.91155
4624.05000,-0.85018,1.14117,0.94613
4624.10000,-0.85012,1.14126,0.98028
4624.15000,-0.85005,1.14135,1.01406
4624.20000,-0.85001,1.14141,1.04728
4624.25000,-0.84997,1.14150,1.08002
4624.30000,-0.84993,1.14158,1.11229
4624.35000,-0.84989,1.14167,1.14411
4624.40000,-0.84983,1.14178,1.17555
4624.45000,-0.84980,1.14187,1.20647
4624.50000,-0.84976,1.14198,1.23690
4624.55000,-0.84972,1.14211,1.26685
4624.60000,-0.84968,1.14225,1.29635
4624.65000,-0.84878,1.14430,1.32459
4624.70000,-0.84681,1.15205,1.35080
4624.75000,-0.84480,1.16168,1.37897
4624.80000,-0.84304,1.17151,1.40651
4624.85000,-0.84154,1.18137,1.43359
4624.90000,-0.84031,1.19128,1.46021
4624.95000,-0.83939,1.20080,1.48826
4625.00000,-0.83876,1.21006,1.51695
4625.05000,-0.83839,1.21935,1.54504
4625.10000,-0.83828,1.22866,1.57249
4625.15000,-0.83842,1.23799,1.59929
4625.20000,-0.83881,1.24732,1.62549
4625.25000,-0.83944,1.25667,1.65121
4625.30000,-0.84031,1.26600,1.67639
4625.35000,-0.84141,1.27532,1.70105
4625.40000,-0.84275,1.28462,1.72525
4625.45000,-0.84430,1.29389,1.74918
4625.50000,-0.84614,1.30330,1.77534
4625.55000,-0.84792,1.31168,1.81020
4625.60000,-0.84952,1.31772,1.86168
4625.65000,-0.85093,1.32198,1.92567
4625.70000,-0.85201,1.32463,2.00052
4625.75000,-0.85291,1.32641,2.08209
4625.80000,-0.85356,1.32747,2.16788
4625.85000,-0.85385,1.32786,2.25578
4625.90000,-0.85389,1.32791,2.34439
4625.95000,-0.85394,1.32795,2.43208
4626.00000,-0.85399,1.32799,2.51882
4626.05000,-0.85405,1.32803,2.60458
4626.10000,-0.85411,1.32806,2.68937
4626.15000,-0.85417,1.32809,2.77317
4626.20000,-0.85423,1.32811,2.85583
4626.25000,-0.85429,1.32812,2.93716
4626.30000,-0.85435,1.32813,3.01704
4626.35000,-0.85440,1.32814,3.09538
4626.40000,-0.85446,1.32814,-3.11107
4626.45000,-0.85452,1.32814,-3.03582
4626.50000,-0.85457,1.32813,-2.96194
4626.55000,-0.85462,1.32812,-2.88926
4626.60000,-0.85467,1.32810,-2.81776
4626.65000,-0.85472,1.32808,-2.74741
4626.70000,-0.85477,1.32806,-2.67815
4626.75000,-0.85482,1.32803,-2.61030
4626.80000,-0.85486,1.32801,-2.54404
4626.85000,-0.85490,1.32798,-2.47956
4626.90000,-0.85494,1.32795,-2.41693
4626.95000,-0.85497,1.32792,-2.35616
4627.00000,-0.85500,1.32788,-2.29726
4627.05000,-0.85503,1.32785,-2.24017
4627.10000,-0.85640,1.32598,-2.18601
4627.15000,-0.86032,1.32021,-2.13707
4627.20000,-0.86482,1.31280,-2.08962
4627.25000,-0.86938,1.30436,-2.04193
4627.30000,-0.87354,1.29622,-1.99181
4627.35000,-0.87548,1.29134,-1.95601
4627.40000,-0.87601,1.28957,-1.94549
4627.45000,-0.87598,1.28953,-1.95034
4627.50000,-0.87598,1.28954,-1.95933
4627.55000,-0.87597,1.28957,-1.96942
4627.60000,-0.87594,1.28966,-1.98062
4627.65000,-0.87584,1.28988,-1.99271
4627.70000,-0.87584,1.28990,-2.00651
4627.75000,-0.87582,1.28994,-2.01980
4627.80000,-0.87574,1.29013,-2.03438
4627.85000,-0.87565,1.29033,-2.04946
4627.90000,-0.87556,1.29051,-2.06553
4627.95000,-0.87557,1.29050,-2.08343
4628.00000,-0.87546,1.29071,-2.10063
4628.05000,-0.87541,1.29080,-2.11943
4628.10000,-0.87527,1.29105,-2.13788
4628.15000,-0.87510,1.29132,-2.15699
4628.20000,-0.87496,1.29152,-2.17728
4628.25000,-0.87478,1.29177,-2.19798
4628.30000,-0.87460,1.29204,-2.21847
4628.35000,-0.87445,1.29224,-2.24026
4628.40000,-0.87423,1.29251,-2.26222
4628.45000,-0.87399,1.29279,-2.28418
4628.50000,-0.87370,1.29312,-2.30623
4628.55000,-0.87341,1.29343,-2.32875
4628.60000,-0.87309,1.29376,-2.35130
4628.65000,-0.87276,1.29409,-2.37427
4628.70000,-0.87243,1.29440,-2.39723
4628.75000,-0.87206,1.29473,-2.42055
4628.80000,-0.87168,1.29505,-2.44400
4628.85000,-0.87127,1.29539,-2.46773
4628.90000,-0.87086,1.29571,-2.49159
4628.95000,-0.87044,1.29603,-2.51563
4629.00000,-0.87006,1.29629,-2.53956
4629.05000,-0.86963,1.29658,-2.56310
4629.10000,-0.86919,1.29687,-2.58623
4629.15000,-0.86874,1.29714,-2.60899
4629.20000,-0.86830,1.29739,-2.63176
4629.25000,-0.86787,1.29763,-2.65416
4629.30000,-0.86745,1.29785,-2.67594
4629.35000,-0.86701,1.29807,-2.69656
4629.40000,-0.86660,1.29826,-2.71622
4629.45000,-0.86620,1.29844,-2.73543
4629.50000,-0.86579,1.29861,-2.75441
4629.55000,-0.86538,1.29878,-2.77336
4629.60000,-0.86495,1.29894,-2.79235
4629.65000,-0.86453,1.29909,-2.81134
4629.70000,-0.86410,1.29923,-2.83035
4629.75000,-0.86367,1.29937,-2.84944
4629.80000,-0.86325,1.29950,-2.86854
4629.85000,-0.86285,1.29960,-2.88707
4629.90000,-0.86249,1.29969,-2.90485
4629.95000,-0.86212,1.29978,-2.92154
4630.00000,-0.86179,1.29985,-2.93683
4630.05000,-0.86155,1.29990,-2.95016
4630.10000,-0.86134,1.29994,-2.96132
4630.15000,-0.86116,1.29996,-2.96976
4630.20000,-0.86209,1.29933,-2.97714
4630.25000,-0.86739,1.29777,-2.98344
4630.30000,-0.87678,1.29625,-2.98803
4630.35000,-0.88658,1.29472,-2.99156
4630.40000,-0.89238,1.29451,-2.99342
4630.45000,-0.89307,1.29458,-3.00378
4630.50000,-0.89271,1.29462,-3.01977
4630.55000,-0.89233,1.29466,-3.03567
4630.60000,-0.89197,1.29470,-3.05146
4630.65000,-0.89163,1.29473,-3.06663
4630.70000,-0.89129,1.29475,-3.08079
4630.75000,-0.89099,1.29477,-3.09327
4630.80000,-0.89075,1.29478,-3.10369
4630.85000,-0.89222,1.29465,-3.11379
4630.90000,-0.89818,1.29443,-3.12405
4630.95000,-0.90738,1.29428,-3.12761
4631.00000,-0.91748,1.29412,-3.12303
4631.05000,-0.92764,1.29394,-3.11729
4631.10000,-0.93603,1.29383,-3.11139
4631.15000,-0.94128,1.29374,-3.09078
4631.20000,-0.94477,1.29358,-3.05293
4631.25000,-0.94598,1.29345,-3.00495
4631.30000,-0.94601,1.29345,-2.95141
4631.35000,-0.94605,1.29344,-2.89806
4631.40000,-0.94609,1.29343,-2.84524
4631.45000,-0.94614,1.29341,-2.79279
4631.50000,-0.94620,1.29339,-2.74069
4631.55000,-0.94627,1.29336,-2.68890
4631.60000,-0.94635,1.29332,-2.63710
4631.65000,-0.94643,1.29327,-2.58528
4631.70000,-0.94652,1.29321,-2.53352
4631.75000,-0.94662,1.29313,-2.48187
4631.80000,-0.94673,1.29305,-2.43038
4631.85000,-0.94684,1.29294,-2.37911
4631.90000,-0.94696,1.29282,-2.32814
4631.95000,-0.94707,1.29270,-2.27756
4632.00000,-0.94718,1.29256,-2.22739
4632.05000,-0.94728,1.29242,-2.17763
4632.10000,-0.94738,1.29228,-2.12830
4632.15000,-0.94747,1.29213,-2.07947
4632.20000,-0.94755,1.29198,-2.03119
4632.25000,-0.94762,1.29183,-1.98349
4632.30000,-0.94768,1.29166,-1.93633
4632.35000,-0.94775,1.29149,-1.88969
4632.40000,-0.94781,1.29129,-1.84356
4632.45000,-0.94786,1.29107,-1.79794
4632.50000,-0.94791,1.29083,-1.75284
4632.55000,-0.94796,1.29056,-1.70827
4632.60000,-0.94799,1.29026,-1.66424
4632.65000,-0.94802,1.28993,-1.62079
4632.70000,-0.94803,1.28956,-1.57793
4632.75000,-0.94802,1.28917,-1.53565
4632.80000,-0.94800,1.28875,-1.49397
4632.85000,-0.94795,1.28832,-1.45288
4632.90000,-0.94790,1.28789,-1.41241
4632.95000,-0.94782,1.28746,-1.37255
4633.00000,-0.94772,1.28704,-1.33330
4633.05000,-0.94761,1.28662,-1.29467
4633.10000,-0.94749,1.28621,-1.25663
4633.15000,-0.94735,1.28580,-1.21916
4633.20000,-0.94719,1.28540,-1.18221
4633.25000,-0.94702,1.28501,-1.14579
4633.30000,-0.94684,1.28461,-1.10995
4633.35000,-0.94546,1.28249,-1.07448
4633.40000,-0.94177,1.27623,-1.04086
4633.45000,-0.93666,1.26782,-1.00742
4633.50000,-0.93118,1.25946,-0.97407
4633.55000,-0.92542,1.25128,-0.94120
4633.60000,-0.91941,1.24330,-0.90881
4633.65000,-0.91313,1.23551,-0.87692
4633.70000,-0.90662,1.22792,-0.84549
4633.75000,-0.89987,1.22054,-0.81451
4633.80000,-0.89326,1.21375,-0.78197
4633.85000,-0.88664,1.20740,-0.74867
4633.90000,-0.87982,1.20126,-0.71593
4633.95000,-0.87278,1.19534,-0.68372
4634.00000,-0.86556,1.18964,-0.65190
4634.05000,-0.85815,1.18417,-0.62026
4634.10000,-0.85057,1.17893,-0.58872
4634.15000,-0.84283,1.17394,-0.55716
4634.20000,-0.83494,1.16919,-0.52546
4634.25000,-0.82691,1.16471,-0.49352
4634.30000,-0.81874,1.16048,-0.46119
4634.35000,-0.81045,1.15653,-0.42864
4634.40000,-0.80203,1.15285,-0.39621
4634.45000,-0.79349,1.14944,-0.36407
4634.50000,-0.78484,1.14629,-0.33234
4634.55000,-0.77608,1.14342,-0.30107
4634.60000,-0.76722,1.14082,-0.27031
4634.65000,-0.75828,1.13849,-0.24005
4634.70000,-0.74926,1.13642,-0.21022
4634.75000,-0.74017,1.13462,-0.18085
4634.80000,-0.73102,1.13309,-0.15216
4634.85000,-0.72180,1.13181,-0.12428
4634.90000,-0.71254,1.13078,-0.09731
4634.95000,-0.70322,1.12999,-0.07131
4635.00000,-0.69387,1.12944,-0.04616
4635.05000,-0.68449,1.12912,-0.02131
4635.10000,-0.67512,1.12904,0.00375
4635.15000,-0.66577,1.12920,0.02950
4635.20000,-0.65645,1.12960,0.05638
4635.25000,-0.64717,1.13025,0.08462
4635.30000,-0.63771,1.13120,0.11534
4635.35000,-0.62857,1.13241,0.14679
4635.40000,-0.61907,1.13400,0.17855
4635.45000,-0.60917,1.13593,0.20842
4635.50000,-0.59927,1.13813,0.23772
4635.55000,-0.59030,1.14044,0.26739
4635.60000,-0.58137,1.14302,0.29519
4635.65000,-0.57244,1.14586,0.32032
4635.70000,-0.56320,1.14906,0.34364
4635.75000,-0.55403,1.15233,0.36659
4635.80000,-0.54902,1.15309,0.38837
4635.85000,-0.54807,1.15312,0.40282
4635.90000,-0.54791,1.15320,0.41162
4635.95000,-0.54778,1.15325,0.42062
4636.00000,-0.54766,1.15331,0.42962
4636.05000,-0.54753,1.15337,0.43861
4636.10000,-0.54740,1.15342,0.44760
4636.15000,-0.54728,1.15348,0.45659
4636.20000,-0.54715,1.15353,0.46558
4636.25000,-0.54703,1.15358,0.47456
4636.30000,-0.54690,1.15364,0.48353
4636.35000,-0.54678,1.15369,0.49251
4636.40000,-0.54665,1.15374,0.50147
4636.45000,-0.54653,1.15379,0.51044
4636.50000,-0.54641,1.15384,0.51940
4636.55000,-0.54633,1.15389,0.52140
4636.60000,-0.54626,1.15393,0.51959
4636.65000,-0.54619,1.15397,0.51645
4636.70000,-0.54618,1.15399,0.51053
4636.75000,-0.54614,1.15401,0.50300
4636.80000,-0.54609,1.15404,0.49358
4636.85000,-0.54601,1.15408,0.48282
4636.90000,-0.54587,1.15415,0.47055
4636.95000,-0.54574,1.15422,0.45735
4637.00000,-0.54560,1.15428,0.44323
4637.05000,-0.54546,1.15435,0.42815
4637.10000,-0.54532,1.15441,0.41216
4637.15000,-0.54516,1.15448,0.39536
4637.20000,-0.54501,1.15454,0.37788
4637.25000,-0.54486,1.15460,0.35990
4637.30000,-0.54470,1.15466,0.34153
4637.35000,-0.54481,1.15462,0.32410
4637.40000,-0.54493,1.15460,0.30634
4637.45000,-0.54495,1.15460,0.28782
4637.50000,-0.54479,1.15465,0.26813
4637.55000,-0.54492,1.15464,0.24923
4637.60000,-0.54492,1.15465,0.22985
4637.65000,-0.54474,1.15471,0.20872
4637.70000,-0.54456,1.15476,0.18756
4637.75000,-0.54436,1.15483,0.16639
4637.80000,-0.54417,1.15489,0.14520
4637.85000,-0.54396,1.15497,0.12399
4637.90000,-0.54375,1.15504,0.10274
4637.95000,-0.54354,1.15513,0.08148
4638.00000,-0.54344,1.15518,0.06005
4638.05000,-0.54364,1.15519,0.03750
4638.10000,-0.54381,1.15520,0.01482
4638.15000,-0.54400,1.15521,-0.00753
4638.20000,-0.54423,1.15521,-0.02970
4638.25000,-0.54444,1.15520,-0.05192
4638.30000,-0.54460,1.15520,-0.07481
4638.35000,-0.54485,1.15521,-0.09749
4638.40000,-0.54509,1.15523,-0.12050
4638.45000,-0.54537,1.15527,-0.14388
4638.50000,-0.54563,1.15531,-0.16749
4638.55000,-0.54589,1.15536,-0.19117
4638.60000,-0.54613,1.15541,-0.21484
4638.65000,-0.54636,1.15547,-0.23843
4638.70000,-0.54657,1.15552,-0.26193
4638.75000,-0.54678,1.15558,-0.28531
4638.80000,-0.54698,1.15565,-0.30852
4638.85000,-0.54718,1.15572,-0.33160
4638.90000,-0.54737,1.15579,-0.35458
4638.95000,-0.54756,1.15586,-0.37748
4639.00000,-0.54774,1.15594,-0.40033
4639.05000,-0.54792,1.15602,-0.42320
4639.10000,-0.54809,1.15610,-0.44615
4639.15000,-0.54827,1.15619,-0.46922
4639.20000,-0.54844,1.15628,-0.49244
4639.25000,-0.54860,1.15637,-0.51572
4639.30000,-0.54875,1.15646,-0.53892
4639.35000,-0.54889,1.15655,-0.56198
4639.40000,-0.54902,1.15664,-0.58489
4639.45000,-0.54914,1.15672,-0.60766
4639.50000,-0.54924,1.15680,-0.63022
4639.55000,-0.54934,1.15687,-0.65250
4639.60000,-0.54943,1.15694,-0.67454
4639.65000,-0.54951,1.15702,-0.69634
4639.70000,-0.54959,1.15708,-0.71792
4639.75000,-0.54955,1.15705,-0.73866
4639.80000,-0.54923,1.15675,-0.75776
4639.85000,-0.54892,1.15645,-0.77686
4639.90000,-0.54862,1.15615,-0.79601
4639.95000,-0.54832,1.15584,-0.81519
4640.00000,-0.54802,1.15552,-0.83431
4640.05000,-0.54774,1.15520,-0.85336
4640.10000,-0.54745,1.15487,-0.87233
4640.15000,-0.54718,1.15453,-0.89118
4640.20000,-0.54691,1.15419,-0.90982
4640.25000,-0.54665,1.15385,-0.92824
4640.30000,-0.54472,1.15163,-0.94589
4640.35000,-0.53943,1.14428,-0.96223
4640.40000,-0.53379,1.13603,-0.98011
4640.45000,-0.52830,1.12767,-0.99826
4640.50000,-0.52320,1.11957,-1.01853
4640.55000,-0.51822,1.11129,-1.03891
4640.60000,-0.51314,1.10266,-1.05798
4640.65000,-0.51188,1.09844,-1.07513
4640.70000,-0.51183,1.09808,-1.09612
4640.75000,-0.51175,1.09792,-1.11847
4640.80000,-0.51167,1.09775,-1.14120
4640.85000,-0.51159,1.09758,-1.16426
4640.90000,-0.51152,1.09741,-1.18757
4640.95000,-0.51145,1.09722,-1.21111
4641.00000,-0.51138,1.09704,-1.23471
4641.05000,-0.51132,1.09685,-1.25826
4641.10000,-0.51126,1.09665,-1.28169
4641.15000,-0.51120,1.09646,-1.30517
4641.20000,-0.51115,1.09627,-1.32883
4641.25000,-0.51111,1.09608,-1.35275
4641.30000,-0.51107,1.09590,-1.37690
4641.35000,-0.51103,1.09571,-1.40137
4641.40000,-0.51100,1.09553,-1.42606
4641.45000,-0.51098,1.09534,-1.45092
4641.50000,-0.51096,1.09515,-1.47586
4641.55000,-0.51094,1.09496,-1.50075
4641.60000,-0.51093,1.09477,-1.52543
4641.65000,-0.51093,1.09458,-1.54979
4641.70000,-0.51090,1.09284,-1.57396
4641.75000,-0.51104,1.08513,-1.59823
4641.80000,-0.51143,1.07578,-1.62445
4641.85000,-0.51208,1.06607,-1.65017
4641.90000,-0.51293,1.05626,-1.67428
4641.95000,-0.51299,1.05301,-1.70113
4642.00000,-0.51297,1.05320,-1.73413
4642.05000,-0.51299,1.05309,-1.76776
4642.10000,-0.51301,1.05300,-1.80134
4642.15000,-0.51298,1.05308,-1.83567
4642.20000,-0.51293,1.05340,-1.87121
4642.25000,-0.51291,1.05353,-1.90647
4642.30000,-0.51292,1.05359,-1.94092
4642.35000,-0.51297,1.05351,-1.97485
4642.40000,-0.51290,1.05366,-2.00948
4642.45000,-0.51284,1.05394,-2.04415
4642.50000,-0.51262,1.05442,-2.07881
4642.55000,-0.51232,1.05498,-2.11336
4642.60000,-0.51201,1.05554,-2.14717
4642.65000,-0.51166,1.05608,-2.18021
4642.70000,-0.51136,1.05654,-2.21256
4642.75000,-0.51277,1.05497,-2.24426
4642.80000,-0.51781,1.04887,-2.27185
4642.85000,-0.52384,1.04197,-2.30338
4642.90000,-0.53009,1.03526,-2.33624
4642.95000,-0.53669,1.02845,-2.36798
4643.00000,-0.53874,1.02629,-2.39871
4643.05000,-0.53864,1.02639,-2.43327
4643.10000,-0.53876,1.02629,-2.46667
4643.15000,-0.53889,1.02619,-2.49936
4643.20000,-0.53901,1.02610,-2.53153
4643.25000,-0.53914,1.02601,-2.56314
4643.30000,-0.54130,1.02447,-2.59344
4643.35000,-0.54815,1.02042,-2.62220
4643.40000,-0.55608,1.01606,-2.65618
4643.45000,-0.56409,1.01186,-2.69026
4643.50000,-0.56710,1.01137,-2.72302
4643.55000,-0.56723,1.01132,-2.75942
4643.60000,-0.56736,1.01127,-2.79553
4643.65000,-0.56750,1.01122,-2.83059
4643.70000,-0.56764,1.01118,-2.86459
4643.75000,-0.56994,1.01036,-2.89739
4643.80000,-0.57759,1.00855,-2.92799
4643.85000,-0.58652,1.00677,-2.96198
4643.90000,-0.59553,1.00530,-2.99668
4643.95000,-0.60456,1.00414,-3.03215
4644.00000,-0.61360,1.00332,-3.06873
4644.05000,-0.62265,1.00283,-3.10597
4644.10000,-0.63164,1.00250,3.14016
4644.15000,-0.63581,1.00255,3.10444
4644.20000,-0.63556,1.00253,3.06656
4644.25000,-0.63498,1.00249,3.02723
4644.30000,-0.63445,1.00242,2.98887
4644.35000,-0.63585,1.00296,2.95133
4644.40000,-0.64322,1.00457,2.91815
4644.45000,-0.65201,1.00673,2.88263
4644.50000,-0.66080,1.00923,2.84789
4644.55000,-0.66952,1.01202,2.81427
4644.60000,-0.67817,1.01512,2.78182
4644.65000,-0.68674,1.01850,2.75056
4644.70000,-0.69523,1.02215,2.72030
4644.75000,-0.70363,1.02606,2.69079
4644.80000,-0.71191,1.03022,2.66165
4644.85000,-0.72008,1.03462,2.63257
4644.90000,-0.72811,1.03926,2.60348
4644.95000,-0.73600,1.04413,2.57438
4645.00000,-0.74375,1.04922,2.54530
4645.05000,-0.75134,1.05454,2.51637
4645.10000,-0.75879,1.06008,2.48766
4645.15000,-0.76608,1.06584,2.45924
4645.20000,-0.77322,1.07180,2.43114
4645.25000,-0.78019,1.07797,2.40359
4645.30000,-0.78701,1.08434,2.37692
4645.35000,-0.79368,1.09090,2.35133
4645.40000,-0.80020,1.09765,2.32684
4645.45000,-0.80658,1.10458,2.30358
4645.50000,-0.81283,1.11167,2.28161
4645.55000,-0.81894,1.11892,2.26089
4645.60000,-0.82492,1.12631,2.24124
4645.65000,-0.83077,1.13384,2.22244
4645.70000,-0.83663,1.14155,2.20390
4645.75000,-0.84128,1.14805,2.18582
4645.80000,-0.84152,1.14933,2.16945
4645.85000,-0.84141,1.14952,2.15367
4645.90000,-0.84130,1.14934,2.13942
4645.95000,-0.84119,1.14917,2.12596
4646.00000,-0.84109,1.14902,2.11323
4646.05000,-0.84101,1.14889,2.10152
4646.10000,-0.84095,1.14878,2.09078
4646.15000,-0.84091,1.14873,2.08114
4646.20000,-0.84088,1.14867,2.07273
4646.25000,-0.84087,1.14864,2.06517
4646.30000,-0.84085,1.14862,2.05844
4646.35000,-0.84085,1.14862,2.05203
4646.40000,-0.84086,1.14863,2.04604
4646.45000,-0.84086,1.14864,2.04038
4646.50000,-0.84088,1.14867,2.03501
4646.55000,-0.84089,1.14870,2.02993
4646.60000,-0.84091,1.14874,2.02511
4646.65000,-0.84093,1.14879,2.02071
4646.70000,-0.84096,1.14884,2.01696
4646.75000,-0.84100,1.14893,2.01399
4646.80000,-0.84105,1.14903,2.01175
4646.85000,-0.84110,1.14915,2.01008
4646.90000,-0.84117,1.14929,2.00915
4646.95000,-0.84124,1.14944,2.00893
4647.00000,-0.84131,1.14961,2.00899
4647.05000,-0.84139,1.14978,2.00943
4647.10000,-0.84148,1.14996,2.01022
4647.15000,-0.84156,1.15014,2.01140
4647.20000,-0.84165,1.15033,2.01291
4647.25000,-0.84174,1.15052,2.01480
4647.30000,-0.84183,1.15073,2.01711
4647.35000,-0.84193,1.15095,2.01971
4647.40000,-0.84203,1.15116,2.02272
4647.45000,-0.84214,1.15139,2.02612
4647.50000,-0.84225,1.15163,2.02968
4647.55000,-0.84237,1.15190,2.03391
4647.60000,-0.84250,1.15217,2.03858
4647.65000,-0.84264,1.15246,2.04374
4647.70000,-0.84278,1.15276,2.04933
4647.75000,-0.84292,1.15303,2.05504
4647.80000,-0.84307,1.15334,2.06113
4647.85000,-0.84323,1.15362,2.06737
4647.90000,-0.84339,1.15393,2.07393
4647.95000,-0.84356,1.15423,2.08068
4648.00000,-0.84373,1.15454,2.08766
4648.05000,-0.84391,1.15485,2.09478
4648.10000,-0.84409,1.15516,2.10200
4648.15000,-0.84427,1.15548,2.10934
4648.20000,-0.84446,1.15579,2.11682
4648.25000,-0.84463,1.15608,2.12430
4648.30000,-0.84482,1.15641,2.13220
4648.35000,-0.84502,1.15672,2.14013
4648.40000,-0.84523,1.15706,2.14833
4648.45000,-0.84545,1.15740,2.15672
4648.50000,-0.84568,1.15775,2.16525
4648.55000,-0.84592,1.15809,2.17395
4648.60000,-0.84614,1.15841,2.18269
4648.65000,-0.84629,1.15862,2.19095
4648.70000,-0.84646,1.15886,2.19932
4648.75000,-0.84663,1.15910,2.20770
4648.80000,-0.84675,1.15926,2.21560
4648.85000,-0.84687,1.15942,2.22345
4648.90000,-0.84700,1.15959,2.23130
4648.95000,-0.84712,1.15975,2.23914
4649.00000,-0.84725,1.15991,2.24699
4649.05000,-0.84738,1.16007,2.25484
4649.10000,-0.84751,1.16023,2.26274
4649.15000,-0.84764,1.16038,2.27070
4649.20000,-0.84778,1.16054,2.27877
4649.25000,-0.84791,1.16069,2.28692
4649.30000,-0.84805,1.16085,2.29518
4649.35000,-0.84818,1.16100,2.30350
4649.40000,-0.84832,1.16115,2.31182
4649.45000,-0.84846,1.16130,2.32004
4649.50000,-0.84860,1.16145,2.32808
4649.55000,-0.84874,1.16160,2.33585
4649.60000,-0.84887,1.16174,2.34334
4649.65000,-0.84901,1.16188,2.35061
4649.70000,-0.85039,1.16327,2.35784
4649.75000,-0.85501,1.16789,2.36533
4649.80000,-0.86183,1.17459,2.37245
4649.85000,-0.86909,1.18158,2.37905
4649.90000,-0.87634,1.18847,2.38506
4649.95000,-0.88364,1.19531,2.39086
4650.00000,-0.89098,1.20212,2.39659
4650.05000,-0.89835,1.20888,2.40226
4650.10000,-0.90575,1.21559,2.40793
4650.15000,-0.91320,1.22227,2.41363
4650.20000,-0.92069,1.22890,2.41939
4650.25000,-0.92821,1.23549,2.42535
4650.30000,-0.93576,1.24203,2.43135
4650.35000,-0.94339,1.24855,2.43757
4650.40000,-0.95105,1.25501,2.44362
4650.45000,-0.95873,1.26142,2.44932
4650.50000,-0.96644,1.26777,2.45481
4650.55000,-0.97419,1.27409,2.46021
4650.60000,-0.98198,1.28037,2.46558
4650.65000,-0.98983,1.28663,2.47125
4650.70000,-0.99767,1.29281,2.47684
4650.75000,-1.00555,1.29895,2.48275
4650.80000,-1.01347,1.30503,2.48910
4650.85000,-1.02158,1.31118,2.49696
4650.90000,-1.02964,1.31719,2.50490
4650.95000,-1.03776,1.32315,2.51299
4651.00000,-1.04598,1.32907,2.52137
4651.05000,-1.05420,1.33488,2.53032
4651.10000,-1.06246,1.34062,2.53880
4651.15000,-1.07083,1.34633,2.54711
4651.20000,-1.07926,1.35198,2.55574
4651.25000,-1.08769,1.35751,2.56537
4651.30000,-1.09614,1.36295,2.57533
4651.35000,-1.10468,1.36832,2.58465
4651.40000,-1.11327,1.37361,2.59381
4651.45000,-1.12199,1.37887,2.60284
4651.50000,-1.13078,1.38407,2.61165
4651.55000,-1.13950,1.38913,2.62037
4651.60000,-1.14829,1.39413,2.62825
4651.65000,-1.15706,1.39902,2.63566
4651.70000,-1.16595,1.40390,2.64230
4651.75000,-1.17480,1.40869,2.64822
4651.80000,-1.18364,1.41341,2.65433
4651.85000,-1.19254,1.41809,2.65981
4651.90000,-1.20145,1.42272,2.66419
4651.95000,-1.21036,1.42731,2.66848
4652.00000,-1.21931,1.43187,2.67179
4652.05000,-1.22825,1.43639,2.67470
4652.10000,-1.23722,1.44090,2.67665
4652.15000,-1.24615,1.44538,2.67708
4652.20000,-1.25507,1.44986,2.67540
4652.25000,-1.26393,1.45435,2.67107
4652.30000,-1.27273,1.45887,2.66416
4652.35000,-1.28120,1.46328,2.65742
4652.40000,-1.28491,1.46450,2.64794
4652.45000,-1.28487,1.46450,2.63551
4652.50000,-1.28487,1.46450,2.62196
4652.55000,-1.28474,1.46445,2.60734
4652.60000,-1.28460,1.46437,2.59209
4652.65000,-1.28442,1.46428,2.57631
4652.70000,-1.28421,1.46415,2.56014
4652.75000,-1.28406,1.46407,2.54369
4652.80000,-1.28388,1.46395,2.52749
4652.85000,-1.28369,1.46383,2.51117
4652.90000,-1.28352,1.46372,2.49478
4652.95000,-1.28337,1.46359,2.47840
4653.00000,-1.28315,1.46342,2.46227
4653.05000,-1.28290,1.46321,2.44549
4653.10000,-1.28265,1.46299,2.42804
4653.15000,-1.28239,1.46276,2.40989
4653.20000,-1.28212,1.46251,2.39115
4653.25000,-1.28186,1.46226,2.37194
4653.30000,-1.28159,1.46199,2.35234
4653.35000,-1.28132,1.46171,2.33243
4653.40000,-1.28106,1.46143,2.31225
4653.45000,-1.28080,1.46113,2.29185
4653.50000,-1.28054,1.46083,2.27127
4653.55000,-1.28029,1.46053,2.25052
4653.60000,-1.28005,1.46021,2.22959
4653.65000,-1.27981,1.45989,2.20860
4653.70000,-1.27958,1.45957,2.18762
4653.75000,-1.27935,1.45925,2.16676
4653.80000,-1.27914,1.45892,2.14600
4653.85000,-1.27894,1.45859,2.12531
4653.90000,-1.27874,1.45827,2.10476
4653.95000,-1.27855,1.45794,2.08434
4654.00000,-1.27837,1.45761,2.06407
4654.05000,-1.27820,1.45728,2.04394
4654.10000,-1.27804,1.45695,2.02397
4654.15000,-1.27789,1.45663,2.00414
4654.20000,-1.27775,1.45630,1.98446
4654.25000,-1.27761,1.45598,1.96491
4654.30000,-1.27748,1.45565,1.94542
4654.35000,-1.27736,1.45533,1.92595
4654.40000,-1.27725,1.45500,1.90649
4654.45000,-1.27714,1.45468,1.88705
4654.50000,-1.27817,1.45653,1.86843
4654.55000,-1.28069,1.46439,1.85119
4654.60000,-1.28324,1.47357,1.83215
4654.65000,-1.28561,1.48279,1.81324
4654.70000,-1.28781,1.49207,1.79457
4654.75000,-1.28985,1.50139,1.77613
4654.80000,-1.29171,1.51075,1.75794
4654.85000,-1.29340,1.52015,1.74004
4654.90000,-1.29493,1.52959,1.72243
4654.95000,-1.29629,1.53906,1.70514
4655.00000,-1.29749,1.54856,1.68817
4655.05000,-1.29854,1.55809,1.67156
4655.10000,-1.29942,1.56763,1.65531
4655.15000,-1.30016,1.57721,1.63947
4655.20000,-1.30074,1.58682,1.62398
4655.25000,-1.30119,1.59645,1.60895
4655.30000,-1.30148,1.60610,1.59441
4655.35000,-1.30165,1.61575,1.58039
4655.40000,-1.30167,1.62543,1.56687
4655.45000,-1.30157,1.63512,1.55392
4655.50000,-1.30135,1.64482,1.54171
4655.55000,-1.30100,1.65458,1.52981
4655.60000,-1.30054,1.66440,1.51830
4655.65000,-1.29997,1.67416,1.50778
4655.70000,-1.29931,1.68390,1.49808
4655.75000,-1.29855,1.69372,1.48908
4655.80000,-1.29769,1.70354,1.48094
4655.85000,-1.29676,1.71348,1.47284
4655.90000,-1.29574,1.72339,1.46618
4655.95000,-1.29467,1.73324,1.46076
4656.00000,-1.29355,1.74314,1.45598
4656.05000,-1.29238,1.75311,1.45242
4656.10000,-1.29118,1.76302,1.44935
4656.15000,-1.28995,1.77300,1.44702
4656.20000,-1.28871,1.78294,1.44522
4656.25000,-1.28746,1.79286,1.44463
4656.30000,-1.28619,1.80276,1.44403
4656.35000,-1.28604,1.80780,1.44178
4656.40000,-1.28603,1.80797,1.44368
4656.45000,-1.28603,1.80800,1.44657
4656.50000,-1.28602,1.80803,1.44945
4656.55000,-1.28602,1.80806,1.45238
4656.60000,-1.28602,1.80809,1.45535
4656.65000,-1.28601,1.80812,1.45836
4656.70000,-1.28601,1.80814,1.46138
4656.75000,-1.28601,1.80817,1.46440
4656.80000,-1.28600,1.80820,1.46740
4656.85000,-1.28600,1.80823,1.47039
4656.90000,-1.28600,1.80826,1.47333
4656.95000,-1.28599,1.80830,1.47601
4657.00000,-1.28558,1.80982,1.47820
4657.05000,-1.28469,1.81489,1.48014
4657.10000,-1.28380,1.82345,1.48222
4657.15000,-1.28293,1.83328,1.48403
4657.20000,-1.28207,1.84326,1.48604
4657.25000,-1.28124,1.85324,1.48863
4657.30000,-1.28043,1.86321,1.49168
4657.35000,-1.27966,1.87318,1.49506
4657.40000,-1.27890,1.88314,1.49828
4657.45000,-1.27881,1.88855,1.50028
4657.50000,-1.27880,1.88916,1.50445
4657.55000,-1.27879,1.88927,1.51052
4657.60000,-1.27879,1.88940,1.51668
4657.65000,-1.27878,1.88952,1.52266
4657.70000,-1.27877,1.88965,1.52832
4657.75000,-1.27860,1.89076,1.53374
4657.80000,-1.27826,1.89727,1.53919
4657.85000,-1.27797,1.90717,1.54355
4657.90000,-1.27772,1.91717,1.54720
4657.95000,-1.27750,1.92720,1.55128
4658.00000,-1.27733,1.93726,1.55526
4658.05000,-1.27719,1.94726,1.55882
4658.10000,-1.27709,1.95730,1.56258
4658.15000,-1.27703,1.96733,1.56659
4658.20000,-1.27701,1.97738,1.57113
4658.25000,-1.27704,1.98745,1.57624
4658.30000,-1.27712,1.99753,1.58185
4658.35000,-1.27727,2.00764,1.58814
4658.40000,-1.27747,2.01773,1.59478
4658.45000,-1.27775,2.02789,1.60193
4658.50000,-1.27810,2.03803,1.60883
4658.55000,-1.27852,2.04818,1.61522
4658.60000,-1.27900,2.05831,1.62112
4658.65000,-1.27954,2.06842,1.62646
4658.70000,-1.28012,2.07852,1.63135
4658.75000,-1.28074,2.08861,1.63582
4658.80000,-1.28141,2.09868,1.64026
4658.85000,-1.28212,2.10869,1.64453
4658.90000,-1.28287,2.11862,1.64862
4658.95000,-1.28365,2.12848,1.65255
4659.00000,-1.28447,2.13829,1.65631
4659.05000,-1.28518,2.14793,1.65478
4659.10000,-1.28576,2.15650,1.64904
4659.15000,-1.28651,2.16588,1.64820
4659.20000,-1.28712,2.17513,1.63988
4659.25000,-1.28759,2.18419,1.62305
4659.30000,-1.28792,2.19310,1.59621
4659.35000,-1.28796,2.20096,1.55175
4659.40000,-1.28765,2.20752,1.49500
4659.45000,-1.28689,2.21463,1.43595
4659.50000,-1.28564,2.22216,1.37551
4659.55000,-1.28384,2.22997,1.31427
4659.60000,-1.28149,2.23791,1.25248
4659.65000,-1.27859,2.24588,1.19038
4659.70000,-1.27511,2.25385,1.12827
4659.75000,-1.27108,2.26172,1.06617
4659.80000,-1.26650,2.26943,1.00418
4659.85000,-1.26136,2.27699,0.94257
4659.90000,-1.25570,2.28430,0.88119
4659.95000,-1.24953,2.29133,0.82009
4660.00000,-1.24285,2.29806,0.75941
4660.05000,-1.23566,2.30449,0.69927
4660.10000,-1.22804,2.31052,0.63939
4660.15000,-1.21995,2.31616,0.58001
4660.20000,-1.21143,2.32139,0.52115
4660.25000,-1.20306,2.32601,0.47550
4660.30000,-1.19506,2.33002,0.45701
4660.35000,-1.18877,2.33306,0.45296
4660.40000,-1.18468,2.33502,0.46383
4660.45000,-1.18319,2.33568,0.48934
4660.50000,-1.18253,2.33604,0.52129
4660.55000,-1.18175,2.33650,0.55424
4660.60000,-1.18095,2.33701,0.58793
4660.65000,-1.18015,2.33755,0.62203
4660.70000,-1.17936,2.33814,0.65652
4660.75000,-1.17858,2.33874,0.69115
4660.80000,-1.17811,2.33909,0.71387
4660.85000,-1.17831,2.33881,0.71008
4660.90000,-1.17861,2.33852,0.69505
4660.95000,-1.17776,2.33921,0.67133
4661.00000,-1.17548,2.34096,0.63832
4661.05000,-1.17147,2.34381,0.59571
4661.10000,-1.16601,2.34749,0.56334
4661.15000,-1.16029,2.35107,0.56184
4661.20000,-1.15730,2.35295,0.58533
4661.25000,-1.15649,2.35350,0.62260
4661.30000,-1.15568,2.35410,0.66086
4661.35000,-1.15485,2.35476,0.69951
4661.40000,-1.15431,2.35512,0.72086
4661.45000,-1.15438,2.35493,0.71820
4661.50000,-1.15457,2.35472,0.70406
4661.55000,-1.15376,2.35539,0.68220
4661.60000,-1.15143,2.35722,0.65123
4661.65000,-1.14744,2.36015,0.61037
4661.70000,-1.14205,2.36390,0.57955
4661.75000,-1.13614,2.36774,0.57845
4661.80000,-1.13142,2.37085,0.59952
4661.85000,-1.12990,2.37184,0.63734
4661.90000,-1.12966,2.37202,0.67859
4661.95000,-1.12941,2.37223,0.72038
4662.00000,-1.12928,2.37236,0.75346
4662.05000,-1.12974,2.37196,0.76459
4662.10000,-1.13057,2.37123,0.76165
4662.15000,-1.13120,2.37065,0.75010
4662.20000,-1.13074,2.37107,0.73091
4662.25000,-1.12892,2.37266,0.70247
4662.30000,-1.12550,2.37544,0.66441
4662.35000,-1.12024,2.37936,0.61628
4662.40000,-1.11398,2.38379,0.57944
4662.45000,-1.10728,2.38812,0.57398
4662.50000,-1.10121,2.39205,0.59234
4662.55000,-1.09963,2.39311,0.63507
4662.60000,-1.09911,2.39351,0.68169
4662.65000,-1.09858,2.39396,0.72868
4662.70000,-1.09805,2.39446,0.77597
4662.75000,-1.09759,2.39494,0.81284
4662.80000,-1.09745,2.39514,0.83599
4662.85000,-1.09781,2.39488,0.84284
4662.90000,-1.09840,2.39438,0.83547
4662.95000,-1.09805,2.39475,0.81659
4663.00000,-1.09651,2.39635,0.78908
4663.05000,-1.09359,2.39918,0.75240
4663.10000,-1.08904,2.40325,0.70614
4663.15000,-1.08313,2.40802,0.65293
4663.20000,-1.07664,2.41297,0.61333
4663.25000,-1.06990,2.41771,0.60168
4663.30000,-1.06317,2.42236,0.60145
4663.35000,-1.05635,2.42710,0.61364
4663.40000,-1.05129,2.43072,0.64636
4663.45000,-1.04876,2.43270,0.69204
4663.50000,-1.04737,2.43391,0.74433
4663.55000,-1.04597,2.43527,0.79685
4663.60000,-1.04270,2.43883,0.84446
4663.65000,-1.03786,2.44431,0.87952
4663.70000,-1.03397,2.44902,0.90290
4663.75000,-1.03100,2.45289,0.93884
4663.80000,-1.02764,2.45771,0.98362
4663.85000,-1.02460,2.46255,1.03768
4663.90000,-1.02118,2.46874,1.09296
4663.95000,-1.01796,2.47542,1.15133
4664.00000,-1.01516,2.48227,1.21282
4664.05000,-1.01287,2.48906,1.27735
4664.10000,-1.01108,2.49571,1.32691
4664.15000,-1.00998,2.50052,1.36006
4664.20000,-1.00918,2.50478,1.40743
4664.25000,-1.00846,2.51001,1.45979
4664.30000,-1.00801,2.51552,1.51848
4664.35000,-1.00788,2.52152,1.58053
4664.40000,-1.00816,2.52809,1.64403
4664.45000,-1.00885,2.53462,1.71008
4664.50000,-1.00967,2.54110,1.76763
4664.55000,-1.01021,2.54728,1.80982
4664.60000,-1.01004,2.55265,1.82081
4664.65000,-1.00954,2.55767,1.81703
4664.70000,-1.00914,2.56251,1.80081
4664.75000,-1.00935,2.56726,1.77166
4664.80000,-1.01015,2.57236,1.72730
4664.85000,-1.01102,2.57904,1.67302
4664.90000,-1.01158,2.58652,1.61651
4664.95000,-1.01171,2.59448,1.55820
4665.00000,-1.01136,2.60266,1.49825
4665.05000,-1.01049,2.61106,1.43756
4665.10000,-1.00910,2.61948,1.37597
4665.15000,-1.00716,2.62793,1.31399
4665.20000,-1.00466,2.63637,1.25194
4665.25000,-1.00164,2.64462,1.18936
4665.30000,-0.99856,2.65165,1.12239
4665.35000,-0.99559,2.65796,1.06402
4665.40000,-0.99263,2.66420,1.02729
4665.45000,-0.98920,2.67070,1.02684
4665.50000,-0.98580,2.67703,1.04566
4665.55000,-0.98253,2.68318,1.07851
4665.60000,-0.97945,2.68920,1.12440
4665.65000,-0.97657,2.69565,1.17661
4665.70000,-0.97415,2.70196,1.23521
4665.75000,-0.97216,2.70796,1.28386
4665.80000,-0.97051,2.71368,1.30669
4665.85000,-0.96920,2.71913,1.30654
4665.90000,-0.96835,2.72417,1.28256
4665.95000,-0.96703,2.72864,1.23764
4666.00000,-0.96502,2.73397,1.18638
4666.05000,-0.96250,2.73973,1.13021
4666.10000,-0.95941,2.74581,1.07107
4666.15000,-0.95574,2.75208,1.01335
4666.20000,-0.95228,2.75730,0.95312
4666.25000,-0.94917,2.76141,0.88900
4666.30000,-0.94632,2.76468,0.82029
4666.35000,-0.94387,2.76714,0.74603
4666.40000,-0.94181,2.76900,0.68103
4666.45000,-0.93943,2.77110,0.64824
4666.50000,-0.93655,2.77360,0.64314
4666.55000,-0.93318,2.77634,0.65400
4666.60000,-0.92761,2.78072,0.68112
4666.65000,-0.92082,2.78643,0.71614
4666.70000,-0.91335,2.79317,0.75697
4666.75000,-0.90660,2.79980,0.79624
4666.80000,-0.90028,2.80651,0.83521
4666.85000,-0.89427,2.81319,0.86486
4666.90000,-0.89023,2.81797,0.88235
4666.95000,-0.88751,2.82141,0.92028
4667.00000,-0.88453,2.82552,0.96807
4667.05000,-0.88123,2.83061,1.02095
4667.10000,-0.87788,2.83644,1.07759
4667.15000,-0.87478,2.84243,1.12386
4667.20000,-0.87263,2.84755,1.13892
4667.25000,-0.87160,2.85164,1.12297
4667.30000,-0.87076,2.85405,1.07938
4667.35000,-0.86870,2.85767,1.02869
4667.40000,-0.86587,2.86207,0.97300
4667.45000,-0.86232,2.86697,0.91406
4667.50000,-0.85815,2.87205,0.85261
4667.55000,-0.85334,2.87721,0.78979
4667.60000,-0.84794,2.88232,0.72626
4667.65000,-0.84203,2.88724,0.66211
4667.70000,-0.83562,2.89191,0.59776
4667.75000,-0.82887,2.89619,0.53290
4667.80000,-0.82171,2.90011,0.46815
4667.85000,-0.81425,2.90358,0.40325
4667.90000,-0.80653,2.90658,0.33829
4667.95000,-0.79861,2.90908,0.27327
4668.00000,-0.79053,2.91106,0.20815
4668.05000,-0.78238,2.91251,0.14280
4668.10000,-0.77387,2.91345,0.07842
4668.15000,-0.76545,2.91384,0.01353
4668.20000,-0.75724,2.91368,-0.05218
4668.25000,-0.74938,2.91300,-0.11915
4668.30000,-0.74173,2.91221,-0.17775
4668.35000,-0.73389,2.91117,-0.21340
4668.40000,-0.72570,2.90972,-0.22153
4668.45000,-0.72029,2.90879,-0.21799
4668.50000,-0.71667,2.90856,-0.23209
4668.55000,-0.71452,2.90808,-0.25280
4668.60000,-0.71241,2.90742,-0.25546
4668.65000,-0.71019,2.90659,-0.24125
4668.70000,-0.70792,2.90597,-0.22399
4668.75000,-0.70585,2.90550,-0.21483
4668.80000,-0.70447,2.90532,-0.20155
4668.85000,-0.70374,2.90557,-0.21420
4668.90000,-0.70345,2.90549,-0.22974
4668.95000,-0.70318,2.90549,-0.23611
4669.00000,-0.70276,2.90554,-0.26315
4669.05000,-0.70016,2.90476,-0.30579
4669.10000,-0.69660,2.90364,-0.34253
4669.15000,-0.69269,2.90212,-0.35532
4669.20000,-0.68864,2.90040,-0.34789
4669.25000,-0.68567,2.89941,-0.33668
4669.30000,-0.68378,2.89879,-0.32724
4669.35000,-0.68188,2.89828,-0.29308
4669.40000,-0.68025,2.89783,-0.24373
4669.45000,-0.67858,2.89746,-0.19224
4669.50000,-0.67693,2.89719,-0.14064
4669.55000,-0.67547,2.89709,-0.10140
4669.60000,-0.67489,2.89728,-0.09099
4669.65000,-0.67468,2.89755,-0.10113
4669.70000,-0.67443,2.89749,-0.13260
4669.75000,-0.67170,2.89701,-0.17911
4669.80000,-0.66698,2.89600,-0.23175
4669.85000,-0.66030,2.89423,-0.28432
4669.90000,-0.65337,2.89224,-0.33029
4669.95000,-0.64741,2.89058,-0.36609
4670.00000,-0.64392,2.88917,-0.41077
4670.05000,-0.63976,2.88734,-0.45022
4670.10000,-0.63524,2.88509,-0.46845
4670.15000,-0.63024,2.88232,-0.46569
4670.20000,-0.62505,2.87932,-0.45480
4670.25000,-0.61966,2.87609,-0.43508
4670.30000,-0.61426,2.87347,-0.39887
4670.35000,-0.61079,2.87209,-0.35080
4670.40000,-0.60916,2.87154,-0.29414
4670.45000,-0.60761,2.87112,-0.23673
4670.50000,-0.60621,2.87095,-0.19216
4670.55000,-0.60543,2.87146,-0.17399
4670.60000,-0.60480,2.87211,-0.17288
4670.65000,-0.60398,2.87208,-0.19121
4670.70000,-0.60069,2.87126,-0.23076
4670.75000,-0.59561,2.86993,-0.27951
4670.80000,-0.58952,2.86800,-0.33238
4670.85000,-0.58282,2.86548,-0.38817
4670.90000,-0.57573,2.86233,-0.44585
4670.95000,-0.56861,2.85894,-0.49745
4671.00000,-0.56134,2.85534,-0.53091
4671.05000,-0.55341,2.85100,-0.53092
4671.10000,-0.54515,2.84629,-0.51705
4671.15000,-0.53668,2.84142,-0.49378
4671.20000,-0.52940,2.83765,-0.45783
4671.25000,-0.52439,2.83531,-0.41017
4671.30000,-0.52172,2.83423,-0.35122
4671.35000,-0.51963,2.83354,-0.28908
4671.40000,-0.51751,2.83298,-0.22701
4671.45000,-0.51542,2.83256,-0.17441
4671.50000,-0.51380,2.83267,-0.14765
4671.55000,-0.51253,2.83297,-0.14750
4671.60000,-0.51064,2.83260,-0.16960
4671.65000,-0.50610,2.83170,-0.20732
4671.70000,-0.49994,2.83025,-0.25258
4671.75000,-0.49272,2.82819,-0.30150
4671.80000,-0.48485,2.82552,-0.35275
4671.85000,-0.47682,2.82232,-0.40600
4671.90000,-0.46890,2.81893,-0.45259
4671.95000,-0.46080,2.81531,-0.48145
4672.00000,-0.45213,2.81104,-0.48257
4672.05000,-0.44326,2.80653,-0.46718
4672.10000,-0.43507,2.80255,-0.43309
4672.15000,-0.42903,2.79991,-0.38568
4672.20000,-0.42554,2.79860,-0.32605
4672.25000,-0.42305,2.79784,-0.26162
4672.30000,-0.42055,2.79726,-0.19736
4672.35000,-0.41809,2.79685,-0.13341
4672.40000,-0.41570,2.79662,-0.07892
4672.45000,-0.41349,2.79661,-0.04835
4672.50000,-0.41158,2.79653,-0.04504
4672.55000,-0.40906,2.79629,-0.06510
4672.60000,-0.40346,2.79577,-0.09787
4672.65000,-0.39533,2.79481,-0.13616
4672.70000,-0.38617,2.79335,-0.17840
4672.75000,-0.37641,2.79137,-0.22276
4672.80000,-0.36671,2.78894,-0.26763
4672.85000,-0.35721,2.78642,-0.30527
4672.90000,-0.34787,2.78405,-0.33346
4672.95000,-0.33855,2.78168,-0.35703
4673.00000,-0.32923,2.77931,-0.37828
4673.05000,-0.31996,2.77698,-0.39882
4673.10000,-0.31069,2.77466,-0.41631
4673.15000,-0.30131,2.77218,-0.42416
4673.20000,-0.29188,2.76965,-0.42803
4673.25000,-0.28246,2.76713,-0.43078
4673.30000,-0.27297,2.76451,-0.42118
4673.35000,-0.26349,2.76178,-0.39036
4673.40000,-0.25560,2.75913,-0.34190
4673.45000,-0.25016,2.75736,-0.28042
4673.50000,-0.24701,2.75657,-0.20899
4673.55000,-0.24412,2.75606,-0.13646
4673.60000,-0.24120,2.75577,-0.06445
4673.65000,-0.23829,2.75568,0.00701
4673.70000,-0.23547,2.75571,0.06930
4673.75000,-0.23301,2.75556,0.10749
4673.80000,-0.23116,2.75577,0.11754
4673.85000,-0.22727,2.75642,0.10435
4673.90000,-0.22031,2.75706,0.07535
4673.95000,-0.21194,2.75754,0.03929
4674.00000,-0.20289,2.75772,0.00202
4674.05000,-0.19382,2.75757,-0.03488
4674.10000,-0.18476,2.75709,-0.07145
4674.15000,-0.17571,2.75627,-0.10784
4674.20000,-0.16672,2.75513,-0.14500
4674.25000,-0.15785,2.75366,-0.18199
4674.30000,-0.14900,2.75199,-0.20680
4674.35000,-0.13990,2.75002,-0.21584
4674.40000,-0.13048,2.74769,-0.21125
4674.45000,-0.12086,2.74514,-0.19905
4674.50000,-0.11098,2.74255,-0.17795
4674.55000,-0.10099,2.74083,-0.14161
4674.60000,-0.09289,2.73986,-0.09450
4674.65000,-0.08707,2.73946,-0.03793
4674.70000,-0.08352,2.73943,0.02738
4674.75000,-0.08072,2.73947,0.08674
4674.80000,-0.07780,2.73966,0.13070
4674.85000,-0.07464,2.74013,0.15824
4674.90000,-0.07148,2.74062,0.17139
4674.95000,-0.06841,2.74104,0.18119
4675.00000,-0.06543,2.74137,0.19073
4675.05000,-0.06252,2.74162,0.19999
4675.10000,-0.05984,2.74181,0.20381
4675.15000,-0.05618,2.74269,0.18840
4675.20000,-0.04874,2.74402,0.15222
4675.25000,-0.03990,2.74519,0.11085
4675.30000,-0.03098,2.74599,0.06823
4675.35000,-0.02202,2.74641,0.02600
4675.40000,-0.01225,2.74646,-0.01457
4675.45000,-0.00226,2.74612,-0.05358
4675.50000,0.00770,2.74539,-0.09436
4675.55000,0.01756,2.74424,-0.13806
4675.60000,0.02718,2.74267,-0.18570
4675.65000,0.03611,2.74075,-0.23914
4675.70000,0.04494,2.73834,-0.29507
4675.75000,0.05400,2.73530,-0.35128
4675.80000,0.06307,2.73168,-0.40799
4675.85000,0.07208,2.72748,-0.46491
4675.90000,0.08089,2.72274,-0.52150
4675.95000,0.08941,2.71752,-0.57771
4676.00000,0.09763,2.71183,-0.63337
4676.05000,0.10552,2.70569,-0.68887
4676.10000,0.11306,2.69912,-0.74401
4676.15000,0.12023,2.69215,-0.79900
4676.20000,0.12701,2.68480,-0.85352
4676.25000,0.13337,2.67709,-0.90788
4676.30000,0.13916,2.66950,-0.94996
4676.35000,0.14508,2.66155,-0.96704
4676.40000,0.15073,2.65341,-0.95955
4676.45000,0.15598,2.64605,-0.93424
4676.50000,0.16034,2.64038,-0.89092
4676.55000,0.16336,2.63683,-0.83391
4676.60000,0.16525,2.63488,-0.76900
4676.65000,0.16717,2.63314,-0.70389
4676.70000,0.16911,2.63152,-0.64966
4676.75000,0.17122,2.62982,-0.62287
4676.80000,0.17309,2.62845,-0.62836
4676.85000,0.17643,2.62594,-0.65738
4676.90000,0.18147,2.62189,-0.69368
4676.95000,0.18748,2.61668,-0.73494
4677.00000,0.19395,2.61056,-0.78009
4677.05000,0.20060,2.60366,-0.82791
4677.10000,0.20714,2.59617,-0.87759
4677.15000,0.21267,2.58932,-0.91018
4677.20000,0.21787,2.58262,-0.91360
4677.25000,0.22198,2.57740,-0.88942
4677.30000,0.22544,2.57330,-0.84659
4677.35000,0.22784,2.57072,-0.78698
4677.40000,0.22992,2.56876,-0.72113
4677.45000,0.23205,2.56702,-0.65527
4677.50000,0.23418,2.56543,-0.60132
4677.55000,0.23609,2.56415,-0.58057
4677.60000,0.23818,2.56280,-0.59595
4677.65000,0.24209,2.56005,-0.62520
4677.70000,0.24778,2.55579,-0.66031
4677.75000,0.25443,2.55041,-0.70019
4677.80000,0.26108,2.54453,-0.74546
4677.85000,0.26816,2.53769,-0.79062
4677.90000,0.27501,2.53074,-0.82731
4677.95000,0.28196,2.52363,-0.84010
4678.00000,0.28901,2.51639,-0.84312
4678.05000,0.29604,2.50915,-0.84121
4678.10000,0.30309,2.50186,-0.82388
4678.15000,0.30969,2.49502,-0.78567
4678.20000,0.31443,2.49049,-0.73341
4678.25000,0.31694,2.48835,-0.66786
4678.30000,0.31853,2.48718,-0.59712
4678.35000,0.32014,2.48617,-0.52652
4678.40000,0.32174,2.48529,-0.46725
4678.45000,0.32317,2.48466,-0.43616
4678.50000,0.32443,2.48427,-0.43062
4678.55000,0.32703,2.48298,-0.44362
4678.60000,0.33270,2.48014,-0.47469
4678.65000,0.33952,2.47647,-0.51304
4678.70000,0.34768,2.47164,-0.55293
4678.75000,0.35609,2.46623,-0.59120
4678.80000,0.36428,2.46050,-0.62926
4678.85000,0.37099,2.45540,-0.67632
4678.90000,0.37724,2.45010,-0.72938
4678.95000,0.38339,2.44429,-0.78510
4679.00000,0.38950,2.43781,-0.84184
4679.05000,0.39552,2.43068,-0.89881
4679.10000,0.40136,2.42289,-0.95557
4679.15000,0.40595,2.41610,-0.99031
4679.20000,0.40957,2.41057,-1.01105
4679.25000,0.41300,2.40505,-1.04730
4679.30000,0.41617,2.39923,-1.09404
4679.35000,0.41939,2.39249,-1.14447
4679.40000,0.42256,2.38498,-1.19729
4679.45000,0.42486,2.37861,-1.25522
4679.50000,0.42597,2.37482,-1.32215
4679.55000,0.42644,2.37272,-1.39592
4679.60000,0.42659,2.37158,-1.47300
4679.65000,0.42666,2.37050,-1.54953
4679.70000,0.42664,2.36948,-1.62530
4679.75000,0.42655,2.36851,-1.70028
4679.80000,0.42640,2.36761,-1.77446
4679.85000,0.42619,2.36676,-1.84780
4679.90000,0.42594,2.36598,-1.92027
4679.95000,0.42565,2.36526,-1.99186
4680.00000,0.42532,2.36460,-2.06254
4680.05000,0.42497,2.36399,-2.13229
4680.10000,0.42459,2.36343,-2.20119
4680.15000,0.42417,2.36290,-2.26933
4680.20000,0.42372,2.36239,-2.33670
4680.25000,0.42324,2.36193,-2.40321
4680.30000,0.42276,2.36152,-2.46872
4680.35000,0.42228,2.36116,-2.53320
4680.40000,0.42180,2.36085,-2.59663
4680.45000,0.42132,2.36057,-2.65912
4680.50000,0.42082,2.36033,-2.72075
4680.55000,0.42031,2.36012,-2.78153
4680.60000,0.41979,2.35994,-2.84143
4680.65000,0.41926,2.35980,-2.90047
4680.70000,0.41872,2.35968,-2.95863
4680.75000,0.41818,2.35960,-3.01591
4680.80000,0.41764,2.35954,-3.07229
4680.85000,0.41709,2.35952,-3.12777
4680.90000,0.41655,2.35953,3.10089
4680.95000,0.41602,2.35956,3.04735
4681.00000,0.41550,2.35963,2.99474
4681.05000,0.41498,2.35972,2.94307
4681.10000,0.41448,2.35983,2.89238
4681.15000,0.41399,2.35997,2.84272
4681.20000,0.41352,2.36013,2.79415
4681.25000,0.41308,2.36030,2.74672
4681.30000,0.41074,2.36150,2.70070
4681.35000,0.40438,2.36469,2.65866
4681.40000,0.39654,2.36903,2.61538
4681.45000,0.38851,2.37393,2.57023
4681.50000,0.38026,2.37948,2.52838
4681.55000,0.37220,2.38540,2.48807
4681.60000,0.36438,2.39163,2.44905
4681.65000,0.35681,2.39816,2.41132
4681.70000,0.35010,2.40440,2.37163
4681.75000,0.34374,2.41081,2.33266
4681.80000,0.33761,2.41748,2.29514
4681.85000,0.33170,2.42440,2.25908
4681.90000,0.32602,2.43156,2.22448
4681.95000,0.32036,2.43894,2.19910
4682.00000,0.31598,2.44506,2.18673
4682.05000,0.31271,2.44979,2.17368
4682.10000,0.30756,2.45729,2.17121
4682.15000,0.30285,2.46431,2.17111
4682.20000,0.29928,2.46965,2.16400
4682.25000,0.29538,2.47559,2.16049
4682.30000,0.29241,2.48012,2.15010
4682.35000,0.28778,2.48723,2.14762
4682.40000,0.28227,2.49565,2.15254
4682.45000,0.27670,2.50409,2.15789
4682.50000,0.27200,2.51140,2.16246
4682.55000,0.26857,2.51650,2.16064
4682.60000,0.26331,2.52432,2.16361
4682.65000,0.25761,2.53272,2.17001
4682.70000,0.25187,2.54108,2.17688
4682.75000,0.24680,2.54864,2.18361
4682.80000,0.24448,2.55206,2.18418
4682.85000,0.24406,2.55271,2.17230
4682.90000,0.24420,2.55250,2.15688
4682.95000,0.24432,2.55231,2.14189
4683.00000,0.24443,2.55214,2.12761
4683.05000,0.24301,2.55415,2.11561
4683.10000,0.23951,2.55993,2.11325
4683.15000,0.23449,2.56818,2.12286
4683.20000,0.22903,2.57692,2.13530
4683.25000,0.22346,2.58560,2.14792
4683.30000,0.21837,2.59360,2.16015
4683.35000,0.21622,2.59697,2.17326
4683.40000,0.21244,2.60234,2.19512
4683.45000,0.20759,2.60888,2.22486
4683.50000,0.20169,2.61632,2.25945
4683.55000,0.19519,2.62392,2.29599
4683.60000,0.18842,2.63128,2.33292
4683.65000,0.18139,2.63837,2.37088
4683.70000,0.17409,2.64520,2.40856
4683.75000,0.16654,2.65176,2.44529
4683.80000,0.15876,2.65802,2.48249
4683.85000,0.15075,2.66398,2.51957
4683.90000,0.14253,2.66965,2.55667
4683.95000,0.13411,2.67500,2.59359
4684.00000,0.12548,2.68006,2.63029
4684.05000,0.11667,2.68479,2.66703
4684.10000,0.10769,2.68920,2.70374
4684.15000,0.09856,2.69327,2.74067
4684.20000,0.08928,2.69700,2.77691
4684.25000,0.07988,2.70040,2.81340
4684.30000,0.07036,2.70345,2.84961
4684.35000,0.06073,2.70615,2.88576
4684.40000,0.05101,2.70851,2.92170
4684.45000,0.04121,2.71052,2.95730
4684.50000,0.03136,2.71217,2.99353
4684.55000,0.02144,2.71346,3.02988
4684.60000,0.01149,2.71440,3.06612
4684.65000,0.00150,2.71497,3.10204
4684.70000,-0.00717,2.71521,3.11848
4684.75000,-0.01649,2.71543,3.11640
4684.80000,-0.02637,2.71571,3.11153
4684.85000,-0.03624,2.71603,3.10652
4684.90000,-0.04613,2.71640,3.10139
4684.95000,-0.05601,2.71682,3.09620
4685.00000,-0.06588,2.71730,3.09094
4685.05000,-0.07576,2.71782,3.08563
4685.10000,-0.08562,2.71840,3.08027
4685.15000,-0.09549,2.71903,3.07487
4685.20000,-0.10535,2.71972,3.06942
4685.25000,-0.11520,2.72046,3.06393
4685.30000,-0.12505,2.72125,3.05840
4685.35000,-0.13490,2.72210,3.05283
4685.40000,-0.14474,2.72300,3.04723
4685.45000,-0.15457,2.72396,3.04164
4685.50000,-0.16438,2.72497,3.03597
4685.55000,-0.17420,2.72604,3.03026
4685.60000,-0.18399,2.72718,3.02461
4685.65000,-0.19380,2.72836,3.01877
4685.70000,-0.20361,2.72960,3.01295
4685.75000,-0.21344,2.73091,3.00697
4685.80000,-0.22323,2.73227,3.00115
4685.85000,-0.23301,2.73368,2.99549
4685.90000,-0.24279,2.73514,2.98981
4685.95000,-0.25258,2.73668,2.98382
4686.00000,-0.26239,2.73827,2.97769
4686.05000,-0.27219,2.73992,2.97163
4686.10000,-0.28198,2.74164,2.96547
4686.15000,-0.29175,2.74341,2.95936
4686.20000,-0.30148,2.74524,2.95338
4686.25000,-0.31123,2.74713,2.94729
4686.30000,-0.32098,2.74908,2.94132
4686.35000,-0.33071,2.75111,2.93532
4686.40000,-0.34040,2.75318,2.92955
4686.45000,-0.35007,2.75529,2.92380
4686.50000,-0.35977,2.75748,2.91797
4686.55000,-0.36944,2.75972,2.91235
4686.60000,-0.37911,2.76201,2.90675
4686.65000,-0.38873,2.76435,2.90117
4686.70000,-0.39839,2.76675,2.89574
4686.75000,-0.40797,2.76919,2.89034
4686.80000,-0.41752,2.77168,2.88488
4686.85000,-0.42705,2.77422,2.87942
4686.90000,-0.43657,2.77683,2.87400
4686.95000,-0.44607,2.77948,2.86861
4687.00000,-0.45556,2.78218,2.86326
4687.05000,-0.46504,2.78493,2.85794
4687.10000,-0.47450,2.78774,2.85267
4687.15000,-0.48395,2.79059,2.84744
4687.20000,-0.49339,2.79350,2.84225
4687.25000,-0.50281,2.79645,2.83710
4687.30000,-0.51222,2.79945,2.83201
4687.35000,-0.52162,2.80250,2.82697
4687.40000,-0.53099,2.80560,2.82197
4687.45000,-0.54036,2.80874,2.81703
4687.50000,-0.54971,2.81193,2.81213
4687.55000,-0.55831,2.81473,2.82040
4687.60000,-0.56492,2.81675,2.83165
4687.65000,-0.57210,2.81907,2.83586
4687.70000,-0.57932,2.82144,2.84973
4687.75000,-0.58660,2.82392,2.87558
4687.80000,-0.59303,2.82571,2.92194
4687.85000,-0.59910,2.82688,2.97874
4687.90000,-0.60601,2.82781,3.03756
4687.95000,-0.61345,2.82836,3.09796
4688.00000,-0.62126,2.82846,-3.12367
4688.05000,-0.62937,2.82806,-3.06158
4688.10000,-0.63765,2.82714,-2.99910
4688.15000,-0.64610,2.82565,-2.93669
4688.20000,-0.65453,2.82362,-2.87404
4688.25000,-0.66299,2.82102,-2.81168
4688.30000,-0.67137,2.81785,-2.74944
4688.35000,-0.67964,2.81413,-2.68741
4688.40000,-0.68778,2.80984,-2.62573
4688.45000,-0.69569,2.80502,-2.56424
4688.50000,-0.70343,2.79964,-2.50325
4688.55000,-0.71088,2.79375,-2.44252
4688.60000,-0.71806,2.78734,-2.38225
4688.65000,-0.72491,2.78043,-2.32235
4688.70000,-0.73140,2.77305,-2.26283
4688.75000,-0.73750,2.76523,-2.20367
4688.80000,-0.74317,2.75701,-2.14474
4688.85000,-0.74793,2.74930,-2.10663
4688.90000,-0.75135,2.74343,-2.09676
4688.95000,-0.75281,2.74090,-2.10474
4689.00000,-0.75284,2.74085,-2.12554
4689.05000,-0.75285,2.74084,-2.14704
4689.10000,-0.75287,2.74081,-2.16895
4689.15000,-0.75289,2.74077,-2.19120
4689.20000,-0.75291,2.74074,-2.21376
4689.25000,-0.75294,2.74071,-2.23661
4689.30000,-0.75296,2.74068,-2.25976
4689.35000,-0.75299,2.74065,-2.28317
4689.40000,-0.75303,2.74062,-2.29930
4689.45000,-0.75308,2.74060,-2.31054
4689.50000,-0.75311,2.74058,-2.32309
4689.55000,-0.75324,2.74050,-2.32343
4689.60000,-0.75344,2.74037,-2.31187
4689.65000,-0.75440,2.73929,-2.29048
4689.70000,-0.75692,2.73633,-2.25948
4689.75000,-0.76093,2.73126,-2.21808
4689.80000,-0.76507,2.72561,-2.19062
4689.85000,-0.76838,2.72093,-2.18912
4689.90000,-0.76994,2.71875,-2.20265
4689.95000,-0.77009,2.71854,-2.22692
4690.00000,-0.77012,2.71851,-2.25272
4690.05000,-0.77014,2.71848,-2.27879
4690.10000,-0.77017,2.71845,-2.30512
4690.15000,-0.77020,2.71842,-2.33168
4690.20000,-0.77025,2.71839,-2.34945
4690.25000,-0.77047,2.71824,-2.35046
4690.30000,-0.77080,2.71800,-2.33914
4690.35000,-0.77198,2.71675,-2.31878
4690.40000,-0.77474,2.71369,-2.28895
4690.45000,-0.77904,2.70857,-2.24874
4690.50000,-0.78419,2.70187,-2.20221
4690.55000,-0.78922,2.69477,-2.17083
4690.60000,-0.79344,2.68852,-2.16609
4690.65000,-0.79615,2.68451,-2.17589
4690.70000,-0.79632,2.68427,-2.20511
4690.75000,-0.79635,2.68423,-2.23617
4690.80000,-0.79639,2.68418,-2.26746
4690.85000,-0.79642,2.68414,-2.29899
4690.90000,-0.79646,2.68410,-2.33073
4690.95000,-0.79650,2.68406,-2.36268
4691.00000,-0.79657,2.68402,-2.38486
4691.05000,-0.79683,2.68386,-2.38529
4691.10000,-0.79738,2.68337,-2.37244
4691.15000,-0.79916,2.68161,-2.35196
4691.20000,-0.80254,2.67810,-2.32194
4691.25000,-0.80752,2.67255,-2.28195
4691.30000,-0.81314,2.66572,-2.23639
4691.35000,-0.81866,2.65862,-2.20056
4691.40000,-0.82367,2.65193,-2.19118
4691.45000,-0.82695,2.64737,-2.20262
4691.50000,-0.82866,2.64509,-2.22643
4691.55000,-0.82890,2.64477,-2.26059
4691.60000,-0.82898,2.64468,-2.29622
4691.65000,-0.82907,2.64458,-2.33194
4691.70000,-0.82917,2.64448,-2.36773
4691.75000,-0.82928,2.64438,-2.40358
4691.80000,-0.82943,2.64427,-2.42794
4691.85000,-0.82980,2.64401,-2.43148
4691.90000,-0.83206,2.64206,-2.41282
4691.95000,-0.83649,2.63798,-2.38162
4692.00000,-0.84197,2.63257,-2.34412
4692.05000,-0.84803,2.62611,-2.30226
4692.10000,-0.85412,2.61929,-2.26712
4692.15000,-0.85966,2.61292,-2.25791
4692.20000,-0.86390,2.60779,-2.26842
4692.25000,-0.86645,2.60481,-2.29091
4692.30000,-0.86718,2.60398,-2.32508
4692.35000,-0.86746,2.60371,-2.36242
4692.40000,-0.86774,2.60343,-2.39982
4692.45000,-0.86804,2.60317,-2.43721
4692.50000,-0.86835,2.60292,-2.47457
4692.55000,-0.86869,2.60267,-2.50024
4692.60000,-0.86959,2.60199,-2.50087
4692.65000,-0.87258,2.59971,-2.48172
4692.70000,-0.87729,2.59595,-2.45383
4692.75000,-0.88345,2.59071,-2.41782
4692.80000,-0.89029,2.58441,-2.37743
4692.85000,-0.89761,2.57733,-2.34342
4692.90000,-0.90439,2.57068,-2.33367
4692.95000,-0.90941,2.56550,-2.34327
4693.00000,-0.91251,2.56237,-2.36516
4693.05000,-0.91364,2.56129,-2.39876
4693.10000,-0.91397,2.56099,-2.43703
4693.15000,-0.91432,2.56071,-2.47533
4693.20000,-0.91467,2.56044,-2.51354
4693.25000,-0.91504,2.56019,-2.55166
4693.30000,-0.91538,2.56000,-2.57825
4693.35000,-0.91591,2.55972,-2.58211
4693.40000,-0.91936,2.55751,-2.56376
4693.45000,-0.92480,2.55384,-2.53451
4693.50000,-0.93120,2.54921,-2.49876
4693.55000,-0.93873,2.54336,-2.45990
4693.60000,-0.94591,2.53742,-2.43371
4693.65000,-0.95204,2.53223,-2.43574
4693.70000,-0.95548,2.52938,-2.45665
4693.75000,-0.95668,2.52842,-2.48978
4693.80000,-0.95705,2.52814,-2.52739
4693.85000,-0.95744,2.52788,-2.56498
4693.90000,-0.95783,2.52764,-2.60245
4693.95000,-0.95840,2.52726,-2.62574
4694.00000,-0.95963,2.52649,-2.62406
4694.05000,-0.96389,2.52399,-2.60445
4694.10000,-0.97033,2.52003,-2.57444
4694.15000,-0.97812,2.51487,-2.53785
4694.20000,-0.98672,2.50867,-2.49646
4694.25000,-0.99513,2.50243,-2.46129
4694.30000,-1.00300,2.49643,-2.45338
4694.35000,-1.00830,2.49218,-2.46589
4694.40000,-1.00914,2.49159,-2.50070
4694.45000,-1.00886,2.49180,-2.54158
4694.50000,-1.00864,2.49195,-2.58200
4694.55000,-1.00836,2.49214,-2.62257
4694.60000,-1.00830,2.49221,-2.66195
4694.65000,-1.00853,2.49201,-2.68795
4694.70000,-1.00986,2.49120,-2.68586
4694.75000,-1.01430,2.48895,-2.66741
4694.80000,-1.02069,2.48555,-2.64016
4694.85000,-1.02849,2.48108,-2.60588
4694.90000,-1.03753,2.47548,-2.56597
4694.95000,-1.04628,2.46990,-2.53247
4695.00000,-1.05444,2.46456,-2.52621
4695.05000,-1.05937,2.46122,-2.54133
4695.10000,-1.06051,2.46053,-2.57537
4695.15000,-1.06058,2.46050,-2.61485
4695.20000,-1.06007,2.46080,-2.65688
4695.25000,-1.05995,2.46089,-2.69712
4695.30000,-1.05959,2.46105,-2.73800
4695.35000,-1.05937,2.46107,-2.76192
4695.40000,-1.05972,2.46076,-2.76605
4695.45000,-1.06271,2.45947,-2.75593
4695.50000,-1.06951,2.45660,-2.72956
4695.55000,-1.07795,2.45274,-2.69528
4695.60000,-1.08748,2.44795,-2.65615
4695.65000,-1.09711,2.44262,-2.61603
4695.70000,-1.10618,2.43749,-2.58395
4695.75000,-1.11474,2.43262,-2.57563
4695.80000,-1.11976,2.42963,-2.59095
4695.85000,-1.12109,2.42889,-2.62443
4695.90000,-1.12131,2.42877,-2.66345
4695.95000,-1.12149,2.42868,-2.70259
4696.00000,-1.12168,2.42859,-2.74158
4696.05000,-1.12187,2.42852,-2.78042
4696.10000,-1.12202,2.42850,-2.80335
4696.15000,-1.12365,2.42781,-2.80213
4696.20000,-1.12842,2.42604,-2.78642
4696.25000,-1.13574,2.42320,-2.75984
4696.30000,-1.14476,2.41940,-2.72581
4696.35000,-1.15462,2.41482,-2.68750
4696.40000,-1.16401,2.41046,-2.65860
4696.45000,-1.17273,2.40651,-2.65443
4696.50000,-1.17926,2.40329,-2.66509
4696.55000,-1.18215,2.40194,-2.69314
4696.60000,-1.18243,2.40181,-2.73323
4696.65000,-1.18259,2.40174,-2.77407
4696.70000,-1.18274,2.40169,-2.81472
4696.75000,-1.18290,2.40164,-2.85519
4696.80000,-1.18336,2.40145,-2.88174
4696.85000,-1.18520,2.40071,-2.88428
4696.90000,-1.19043,2.39924,-2.86824
4696.95000,-1.19820,2.39695,-2.84175
4697.00000,-1.20737,2.39396,-2.80934
4697.05000,-1.21677,2.39054,-2.77583
4697.10000,-1.22594,2.38713,-2.74894
4697.15000,-1.23455,2.38420,-2.74290
4697.20000,-1.24268,2.38158,-2.74903
4697.25000,-1.24975,2.37923,-2.76151
4697.30000,-1.25568,2.37717,-2.77999
4697.35000,-1.26034,2.37550,-2.80479
4697.40000,-1.26331,2.37451,-2.83738
4697.45000,-1.26397,2.37432,-2.87996
4697.50000,-1.26409,2.37428,-2.92486
4697.55000,-1.26422,2.37426,-2.96953
4697.60000,-1.26457,2.37406,-3.00324
4697.65000,-1.26580,2.37331,-3.01472
4697.70000,-1.26944,2.37242,-3.00797
4697.75000,-1.27653,2.37132,-2.98699
4697.80000,-1.28559,2.36976,-2.95832
4697.85000,-1.29541,2.36777,-2.92636
4697.90000,-1.30514,2.36549,-2.89479
4697.95000,-1.31471,2.36316,-2.86834
4698.00000,-1.32396,2.36111,-2.86115
4698.05000,-1.33291,2.35932,-2.86638
4698.10000,-1.34145,2.35771,-2.87873
4698.15000,-1.34906,2.35633,-2.89650
4698.20000,-1.35573,2.35516,-2.91936
4698.25000,-1.36122,2.35421,-2.94817
4698.30000,-1.36508,2.35355,-2.98432
4698.35000,-1.36663,2.35333,-3.03031
4698.40000,-1.36675,2.35332,-3.08220
4698.45000,-1.36696,2.35333,-3.12381
4698.50000,-1.36788,2.35331,-3.14031
4698.55000,-1.37042,2.35331,-3.14041
4698.60000,-1.37563,2.35326,-3.12887
4698.65000,-1.38319,2.35305,-3.10703
4698.70000,-1.39366,2.35253,-3.07485
4698.75000,-1.40347,2.35174,-3.04200
4698.80000,-1.41259,2.35068,-3.00964
4698.85000,-1.42170,2.34947,-2.98598
4698.90000,-1.43069,2.34831,-2.98373
4698.95000,-1.43944,2.34729,-2.99830
4699.00000,-1.44619,2.34656,-3.02639
4699.05000,-1.44957,2.34628,-3.06899
4699.10000,-1.45064,2.34622,-3.12128
4699.15000,-1.45073,2.34622,3.10605
4699.20000,-1.45087,2.34625,3.06124
4699.25000,-1.45131,2.34648,3.04026
4699.30000,-1.45297,2.34695,3.03607
4699.35000,-1.45755,2.34774,3.04546
4699.40000,-1.46585,2.34849,3.07080
4699.45000,-1.47486,2.34898,3.10367
4699.50000,-1.48402,2.34918,3.13701
4699.55000,-1.49321,2.34907,-3.11360
4699.60000,-1.50238,2.34866,-3.08111
4699.65000,-1.51155,2.34810,-3.05643
4699.70000,-1.52052,2.34768,-3.05321
4699.75000,-1.52927,2.34738,-3.06598
4699.80000,-1.53610,2.34734,-3.09063
4699.85000,-1.53978,2.34744,-3.12818
4699.90000,-1.54094,2.34745,3.10744
4699.95000,-1.54104,2.34745,3.05627
4700.00000,-1.54115,2.34747,3.00625
4700.05000,-1.54129,2.34754,2.96358
4700.10000,-1.54192,2.34809,2.94280
4700.15000,-1.54420,2.34920,2.94193
4700.20000,-1.54883,2.35067,2.95231
4700.25000,-1.55725,2.35233,2.97704
4700.30000,-1.56703,2.35381,3.00740
4700.35000,-1.57691,2.35499,3.03762
4700.40000,-1.58648,2.35584,3.06956
4700.45000,-1.59667,2.35640,3.10066
4700.50000,-1.60592,2.35664,3.12088
4700.55000,-1.61445,2.35674,3.11756
4700.60000,-1.62164,2.35671,3.09876
4700.65000,-1.62586,2.35654,3.06655
4700.70000,-1.62684,2.35639,3.02072
4700.75000,-1.62653,2.35635,2.97031
4700.80000,-1.62663,2.35637,2.92285
4700.85000,-1.62677,2.35645,2.88277
4700.90000,-1.62744,2.35705,2.86411
4700.95000,-1.62955,2.35822,2.86388
4701.00000,-1.63465,2.36012,2.87659
4701.05000,-1.64294,2.36239,2.90213
4701.10000,-1.65261,2.36460,2.93301
4701.15000,-1.66242,2.36652,2.96371
4701.20000,-1.67229,2.36814,2.99396
4701.25000,-1.68220,2.36946,3.02466
4701.30000,-1.69057,2.37036,3.03556
4701.35000,-1.69634,2.37102,3.01509
4701.40000,-1.70005,2.37152,2.97955
4701.45000,-1.70148,2.37178,2.93402
4701.50000,-1.70158,2.37180,2.88280
4701.55000,-1.70167,2.37183,2.83166
4701.60000,-1.70178,2.37190,2.79051
4701.65000,-1.70216,2.37229,2.76853
4701.70000,-1.70287,2.37301,2.76127
4701.75000,-1.70520,2.37424,2.76491
4701.80000,-1.70943,2.37593,2.77710
4701.85000,-1.71562,2.37824,2.79761
4701.90000,-1.72396,2.38110,2.82690
4701.95000,-1.73352,2.38404,2.86077
4702.00000,-1.74317,2.38665,2.89405
4702.05000,-1.75290,2.38893,2.92717
4702.10000,-1.76111,2.39064,2.93992
4702.15000,-1.76680,2.39184,2.92052
4702.20000,-1.77024,2.39267,2.88238
4702.25000,-1.77121,2.39295,2.83354
4702.30000,-1.77131,2.39301,2.79180
4702.35000,-1.77161,2.39329,2.77314
4702.40000,-1.77282,2.39399,2.77314
4702.45000,-1.77530,2.39496,2.77950
4702.50000,-1.77890,2.39631,2.79293
4702.55000,-1.78454,2.39832,2.81297
4702.60000,-1.79200,2.40082,2.84315
4702.65000,-1.80115,2.40350,2.88329
4702.70000,-1.80968,2.40554,2.93268
4702.75000,-1.81839,2.40715,2.98580
4702.80000,-1.82757,2.40834,3.04031
4702.85000,-1.83723,2.40905,3.09533
4702.90000,-1.84712,2.40923,-3.13217
4702.95000,-1.85711,2.40886,-3.07677
4703.00000,-1.86707,2.40794,-3.02206
4703.05000,-1.87696,2.40648,-2.96778
4703.10000,-1.88675,2.40449,-2.91448
4703.15000,-1.89643,2.40198,-2.86144
4703.20000,-1.90596,2.39896,-2.80918
4703.25000,-1.91524,2.39587,-2.76304
4703.30000,-1.92408,2.39316,-2.73493
4703.35000,-1.93232,2.39099,-2.73288
4703.40000,-1.94029,2.38905,-2.74208
4703.45000,-1.94807,2.38728,-2.75968
4703.50000,-1.95517,2.38562,-2.79071
4703.55000,-1.95969,2.38424,-2.83512
4703.60000,-1.96157,2.38369,-2.89125
4703.65000,-1.96172,2.38365,-2.95467
4703.70000,-1.96185,2.38364,-3.00882
4703.75000,-1.96261,2.38308,-3.04107
4703.80000,-1.96403,2.38233,-3.04795
4703.85000,-1.96633,2.38161,-3.03380
4703.90000,-1.97200,2.38082,-3.00281
4703.95000,-1.97983,2.37956,-2.96309
4704.00000,-1.98847,2.37781,-2.92056
4704.05000,-1.99785,2.37547,-2.87513
4704.10000,-2.00743,2.37262,-2.82888
4704.15000,-2.01687,2.36933,-2.78315
4704.20000,-2.02614,2.36590,-2.74414
4704.25000,-2.03524,2.36259,-2.72730
4704.30000,-2.04407,2.35948,-2.73241
4704.35000,-2.05270,2.35655,-2.74791
4704.40000,-2.06114,2.35377,-2.77099
4704.45000,-2.06797,2.35138,-2.80819
4704.50000,-2.07241,2.34994,-2.85643
4704.55000,-2.07436,2.34942,-2.91548
4704.60000,-2.07488,2.34931,-2.96880
4704.65000,-2.07620,2.34864,-2.99072
4704.70000,-2.07825,2.34791,-2.98658
4704.75000,-2.08289,2.34686,-2.96655
4704.80000,-2.09055,2.34537,-2.93438
4704.85000,-2.09980,2.34325,-2.89567
4704.90000,-2.11013,2.34042,-2.85272
4704.95000,-2.12048,2.33737,-2.80937
4705.00000,-2.12992,2.33429,-2.77617
4705.05000,-2.13907,2.33137,-2.76898
4705.10000,-2.14786,2.32869,-2.78374
4705.15000,-2.15576,2.32626,-2.81383
4705.20000,-2.15956,2.32505,-2.86569
4705.25000,-2.16061,2.32478,-2.92954
4705.30000,-2.16074,2.32475,-2.99707
4705.35000,-2.16091,2.32472,-3.05481
4705.40000,-2.16169,2.32432,-3.08926
4705.45000,-2.16280,2.32397,-3.10491
4705.50000,-2.16386,2.32375,-3.11096
4705.55000,-2.16499,2.32354,-3.10842
4705.60000,-2.16776,2.32308,-3.09601
4705.65000,-2.17369,2.32252,-3.07091
4705.70000,-2.18314,2.32163,-3.03244
4705.75000,-2.19399,2.32021,-2.98859
4705.80000,-2.20491,2.31829,-2.94489
4705.85000,-2.21571,2.31590,-2.90188
4705.90000,-2.22624,2.31342,-2.86571
4705.95000,-2.23678,2.31086,-2.84400
4706.00000,-2.24711,2.30846,-2.84582
4706.05000,-2.25650,2.30627,-2.86919
4706.10000,-2.26357,2.30444,-2.90641
4706.15000,-2.26833,2.30340,-2.95410
4706.20000,-2.27061,2.30302,-3.01229
4706.25000,-2.27088,2.30299,-3.07852
4706.30000,-2.27102,2.30299,3.13814
4706.35000,-2.27117,2.30301,3.07983
4706.40000,-2.27144,2.30317,3.03148
4706.45000,-2.27178,2.30341,2.99192
4706.50000,-2.27233,2.30390,2.96898
4706.55000,-2.27340,2.30497,2.96994
4706.60000,-2.27544,2.30637,2.97881
4706.65000,-2.27908,2.30812,2.99414
4706.70000,-2.28481,2.30985,3.01812
4706.75000,-2.29397,2.31090,3.05570
4706.80000,-2.30402,2.31156,3.09648
4706.85000,-2.31401,2.31181,3.13632
4706.90000,-2.32401,2.31167,-3.10756
4706.95000,-2.33399,2.31113,-3.06867
4707.00000,-2.34395,2.31021,-3.03026
4707.05000,-2.35378,2.30920,-2.99790
4707.10000,-2.36358,2.30818,-2.98064
4707.15000,-2.37331,2.30722,-2.96961
4707.20000,-2.38304,2.30626,-2.95951
4707.25000,-2.39276,2.30531,-2.95050
4707.30000,-2.40247,2.30435,-2.94267
4707.35000,-2.41214,2.30344,-2.93783
4707.40000,-2.42172,2.30260,-2.93729
4707.45000,-2.43128,2.30177,-2.94437
4707.50000,-2.44085,2.30090,-2.96408
4707.55000,-2.44986,2.30000,-3.00137
4707.60000,-2.45649,2.29926,-3.05046
4707.65000,-2.46064,2.29899,-3.10996
4707.70000,-2.46232,2.29898,3.10378
4707.75000,-2.46249,2.29899,3.02852
4707.80000,-2.46265,2.29901,2.95362
4707.85000,-2.46282,2.29907,2.88879
4707.90000,-2.46312,2.29929,2.83840
4707.95000,-2.46370,2.29984,2.80677
4708.00000,-2.46585,2.30120,2.80473
4708.05000,-2.47153,2.30343,2.81946
4708.10000,-2.48051,2.30630,2.84727
4708.15000,-2.49014,2.30907,2.87726
4708.20000,-2.49981,2.31154,2.90664
4708.25000,-2.50955,2.31373,2.93576
4708.30000,-2.51935,2.31563,2.96484
4708.35000,-2.52929,2.31725,2.99475
4708.40000,-2.53919,2.31857,3.02307
4708.45000,-2.54870,2.31956,3.05346
4708.50000,-2.55757,2.32021,3.07080
4708.55000,-2.56571,2.32038,3.06648
4708.60000,-2.57309,2.32028,3.04089
4708.65000,-2.57824,2.32026,2.99391
4708.70000,-2.58121,2.32060,2.93408
4708.75000,-2.58187,2.32075,2.86494
4708.80000,-2.58204,2.32082,2.80429
4708.85000,-2.58239,2.32113,2.76651
4708.90000,-2.58410,2.32212,2.76112
4708.95000,-2.58936,2.32427,2.77536
4709.00000,-2.59711,2.32716,2.80090
4709.05000,-2.60587,2.33012,2.83231
4709.10000,-2.61466,2.33277,2.86510
4709.15000,-2.62354,2.33514,2.89740
4709.20000,-2.63250,2.33722,2.92936
4709.25000,-2.64152,2.33901,2.96161
4709.30000,-2.65069,2.34054,2.98162
4709.35000,-2.65965,2.34171,2.97685
4709.40000,-2.66714,2.34225,2.94945
4709.45000,-2.67337,2.34283,2.90648
4709.50000,-2.67738,2.34374,2.85275
4709.55000,-2.67868,2.34416,2.78790
4709.60000,-2.67885,2.34425,2.72955
4709.65000,-2.67924,2.34462,2.69611
4709.70000,-2.68036,2.34552,2.68936
4709.75000,-2.68396,2.34746,2.69596
4709.80000,-2.69092,2.35071,2.72041
4709.85000,-2.69911,2.35423,2.75276
4709.90000,-2.70765,2.35757,2.78564
4709.95000,-2.71631,2.36062,2.81825
4710.00000,-2.72508,2.36340,2.85055
4710.05000,-2.73392,2.36589,2.86897
4710.10000,-2.74172,2.36786,2.85903
4710.15000,-2.74837,2.36982,2.82838
4710.20000,-2.75360,2.37163,2.78298
4710.25000,-2.75613,2.37264,2.72561
4710.30000,-2.75643,2.37279,2.65882
4710.35000,-2.75660,2.37291,2.60369
4710.40000,-2.75673,2.37303,2.56626
4710.45000,-2.75677,2.37310,2.53913
4710.50000,-2.75678,2.37316,2.52175
4710.55000,-2.75694,2.37332,2.51440
4710.60000,-2.76021,2.37573,2.52433
4710.65000,-2.76728,2.38062,2.55272
4710.70000,-2.77564,2.38600,2.58670
4710.75000,-2.78423,2.39113,2.62000
4710.80000,-2.79298,2.39597,2.65297
4710.85000,-2.80189,2.40052,2.68549
4710.90000,-2.81093,2.40478,2.71800
4710.95000,-2.82011,2.40874,2.75053
4711.00000,-2.82942,2.41239,2.78353
4711.05000,-2.83842,2.41554,2.80193
4711.10000,-2.84637,2.41805,2.79368
4711.15000,-2.85084,2.41974,2.75538
4711.20000,-2.85299,2.42066,2.70148
4711.25000,-2.85342,2.42088,2.64011
4711.30000,-2.85360,2.42098,2.57778
4711.35000,-2.85377,2.42112,2.52789
4711.40000,-2.85389,2.42126,2.49457
4711.45000,-2.85394,2.42136,2.47206
4711.50000,-2.85405,2.42154,2.45943
4711.55000,-2.85460,2.42206,2.45735
4711.60000,-2.85687,2.42391,2.46551
4711.65000,-2.86057,2.42683,2.48147
4711.70000,-2.86615,2.43106,2.50650
4711.75000,-2.87375,2.43648,2.54079
4711.80000,-2.88210,2.44198,2.57735
4711.85000,-2.89065,2.44717,2.61314
4711.90000,-2.89937,2.45206,2.64910
4711.95000,-2.90827,2.45662,2.68536
4712.00000,-2.91695,2.46068,2.70821
4712.05000,-2.92450,2.46372,2.70329
4712.10000,-2.92898,2.46580,2.66892
4712.15000,-2.93081,2.46678,2.61858
4712.20000,-2.93110,2.46696,2.56113
4712.25000,-2.93127,2.46708,2.50327
4712.30000,-2.93145,2.46724,2.45642
4712.35000,-2.93209,2.46795,2.43622
4712.40000,-2.93477,2.47030,2.44648
4712.45000,-2.93981,2.47447,2.46901
4712.50000,-2.94671,2.47981,2.49969
4712.55000,-2.95501,2.48580,2.53619
4712.60000,-2.96334,2.49134,2.57174
4712.65000,-2.97185,2.49658,2.60734
4712.70000,-2.98015,2.50131,2.62935
4712.75000,-2.98760,2.50519,2.62495
4712.80000,-2.99232,2.50791,2.59251
4712.85000,-2.99413,2.50906,2.54310
4712.90000,-2.99440,2.50925,2.48622
4712.95000,-2.99457,2.50939,2.42897
4713.00000,-2.99475,2.50957,2.38138
4713.05000,-2.99546,2.51037,2.36371
4713.10000,-2.99823,2.51309,2.37530
4713.15000,-3.00318,2.51775,2.39889
4713.20000,-3.00979,2.52365,2.42947
4713.25000,-3.01783,2.53035,2.46625
4713.30000,-3.02653,2.53704,2.50530
4713.35000,-3.03412,2.54240,2.54713
4713.40000,-3.04087,2.54685,2.57685
4713.45000,-3.04730,2.55089,2.57915
4713.50000,-3.05249,2.55418,2.55511
4713.55000,-3.05556,2.55630,2.50831
4713.60000,-3.05895,2.55895,2.45324
4713.65000,-3.06292,2.56242,2.39430
4713.70000,-3.06802,2.56745,2.33700
4713.75000,-3.07320,2.57285,2.28721
4713.80000,-3.07870,2.57881,2.26907
4713.85000,-3.08366,2.58469,2.28048
4713.90000,-3.08868,2.59040,2.30856
4713.95000,-3.09451,2.59662,2.34359
4714.00000,-3.10093,2.60295,2.38501
4714.05000,-3.10726,2.60871,2.43275
4714.10000,-3.11204,2.61257,2.49344
4714.15000,-3.11672,2.61607,2.54429
4714.20000,-3.12130,2.61935,2.55969
4714.25000,-3.12492,2.62170,2.54226
4714.30000,-3.12762,2.62362,2.50294
4714.35000,-3.13161,2.62673,2.45683
4714.40000,-3.13642,2.63087,2.40625
4714.45000,-3.14139,2.63538,2.36442
4714.50000,-3.14656,2.64036,2.35492
4714.55000,-3.15139,2.64517,2.36592
4714.60000,-3.15598,2.64977,2.38944
4714.65000,-3.16042,2.65427,2.42658
4714.70000,-3.16570,2.65882,2.47418
4714.75000,-3.17226,2.66374,2.52404
4714.80000,-3.17908,2.66831,2.57816
4714.85000,-3.18617,2.67251,2.63534
4714.90000,-3.19354,2.67632,2.69459
4714.95000,-3.20175,2.67995,2.75302
4715.00000,-3.21064,2.68329,2.81071
4715.05000,-3.21993,2.68619,2.86836
4715.10000,-3.22876,2.68838,2.92894
4715.15000,-3.23665,2.68983,2.99409
4715.20000,-3.24371,2.69063,3.06306
4715.25000,-3.25062,2.69093,3.13311
4715.30000,-3.25762,2.69074,-3.08014
4715.35000,-3.26472,2.69006,-3.01046
4715.40000,-3.27186,2.68886,-2.94107
4715.45000,-3.27901,2.68715,-2.87201
4715.50000,-3.28612,2.68492,-2.80331
4715.55000,-3.29317,2.68216,-2.73499
4715.60000,-3.30012,2.67889,-2.66708
4715.65000,-3.30694,2.67509,-2.59961
4715.70000,-3.31358,2.67078,-2.53261
4715.75000,-3.32003,2.66595,-2.46609
4715.80000,-3.32624,2.66063,-2.40008
4715.85000,-3.33215,2.65485,-2.33438
4715.90000,-3.33776,2.64859,-2.26923
4715.95000,-3.34305,2.64186,-2.20464
4716.00000,-3.34794,2.63474,-2.14042
4716.05000,-3.35245,2.62718,-2.07680
4716.10000,-3.35651,2.61927,-2.01358
4716.15000,-3.36013,2.61096,-1.95099
4716.20000,-3.36326,2.60236,-1.88874
4716.25000,-3.36521,2.59560,-1.82651
4716.30000,-3.36593,2.59244,-1.75839
4716.35000,-3.36617,2.59090,-1.68419
4716.40000,-3.36621,2.59048,-1.60615
4716.45000,-3.36621,2.59024,-1.52830
4716.50000,-3.36619,2.58999,-1.45140
4716.55000,-3.36615,2.58974,-1.37548
4716.60000,-3.36609,2.58950,-1.30056
4716.65000,-3.36601,2.58927,-1.22666
4716.70000,-3.36592,2.58904,-1.15377
4716.75000,-3.36581,2.58881,-1.08192
4716.80000,-3.36569,2.58860,-1.01111
4716.85000,-3.36555,2.58839,-0.94135
4716.90000,-3.36540,2.58820,-0.87265
4716.95000,-3.36523,2.58801,-0.80501
4717.00000,-3.36505,2.58784,-0.73845
4717.05000,-3.36487,2.58768,-0.67297
4717.10000,-3.36467,2.58753,-0.60857
4717.15000,-3.36446,2.58740,-0.54526
4717.20000,-3.36424,2.58727,-0.48305
4717.25000,-3.36402,2.58717,-0.42193
4717.30000,-3.36379,2.58707,-0.36192
4717.35000,-3.36353,2.58699,-0.31242
4717.40000,-3.36126,2.58617,-0.28231
4717.45000,-3.35561,2.58451,-0.26661
4717.50000,-3.34725,2.58217,-0.26573
4717.55000,-3.33767,2.57953,-0.27188
4717.60000,-3.32810,2.57682,-0.27799
4717.65000,-3.31858,2.57407,-0.28481
4717.70000,-3.30910,2.57125,-0.29178
4717.75000,-3.29959,2.56835,-0.29945
4717.80000,-3.29019,2.56541,-0.30735
4717.85000,-3.28078,2.56237,-0.31565
4717.90000,-3.27141,2.55926,-0.32445
4717.95000,-3.26197,2.55604,-0.33353
4718.00000,-3.25256,2.55273,-0.34304
4718.05000,-3.24319,2.54932,-0.35276
4718.10000,-3.23391,2.54585,-0.36287
4718.15000,-3.22467,2.54228,-0.37346
4718.20000,-3.21555,2.53864,-0.38452
4718.25000,-3.20658,2.53493,-0.39644
4718.30000,-3.19767,2.53112,-0.40880
4718.35000,-3.18881,2.52719,-0.42132
4718.40000,-3.18001,2.52316,-0.43426
4718.45000,-3.17126,2.51902,-0.44737
4718.50000,-3.16258,2.51476,-0.46060
4718.55000,-3.15396,2.51039,-0.47400
4718.60000,-3.14540,2.50591,-0.48777
4718.65000,-3.13691,2.50131,-0.50161
4718.70000,-3.12850,2.49660,-0.51583
4718.75000,-3.12016,2.49177,-0.53056
4718.80000,-3.11220,2.48718,-0.53186
4718.85000,-3.10677,2.48415,-0.51445
4718.90000,-3.10428,2.48279,-0.48478
4718.95000,-3.10381,2.48255,-0.44613
4719.00000,-3.10360,2.48246,-0.40666
4719.05000,-3.10330,2.48231,-0.37918
4719.10000,-3.09996,2.48090,-0.36936
4719.15000,-3.09302,2.47816,-0.37642
4719.20000,-3.08430,2.47461,-0.39359
4719.25000,-3.07552,2.47085,-0.41214
4719.30000,-3.06682,2.46693,-0.43044
4719.35000,-3.05819,2.46286,-0.44907
4719.40000,-3.04966,2.45863,-0.46802
4719.45000,-3.04129,2.45442,-0.47775
4719.50000,-3.03293,2.45019,-0.48029
4719.55000,-3.02498,2.44617,-0.47961
4719.60000,-3.01759,2.44239,-0.47634
4719.65000,-3.01056,2.43886,-0.46986
4719.70000,-3.00554,2.43647,-0.45196
4719.75000,-3.00368,2.43563,-0.42213
4719.80000,-3.00346,2.43554,-0.38582
4719.85000,-3.00326,2.43546,-0.34983
4719.90000,-3.00305,2.43539,-0.31437
4719.95000,-3.00273,2.43528,-0.28882
4720.00000,-3.00018,2.43448,-0.27529
4720.05000,-2.99499,2.43296,-0.27558
4720.10000,-2.98779,2.43085,-0.28683
4720.15000,-2.97876,2.42807,-0.30803
4720.20000,-2.96975,2.42510,-0.32936
4720.25000,-2.96081,2.42194,-0.35044
4720.30000,-2.95266,2.41901,-0.35587
4720.35000,-2.94667,2.41688,-0.34678
4720.40000,-2.94385,2.41592,-0.32176
4720.45000,-2.94283,2.41560,-0.28745
4720.50000,-2.94180,2.41532,-0.25345
4720.55000,-2.94091,2.41508,-0.23374
4720.60000,-2.93770,2.41421,-0.22746
4720.65000,-2.93112,2.41259,-0.23815
4720.70000,-2.92244,2.41038,-0.26035
4720.75000,-2.91339,2.40785,-0.28440
4720.80000,-2.90440,2.40511,-0.30840
4720.85000,-2.89537,2.40217,-0.32608
4720.90000,-2.88802,2.39978,-0.32899
4720.95000,-2.88400,2.39852,-0.31394
4721.00000,-2.88154,2.39783,-0.29060
4721.05000,-2.88063,2.39757,-0.25944
4721.10000,-2.87966,2.39733,-0.22859
4721.15000,-2.87873,2.39713,-0.19811
4721.20000,-2.87778,2.39695,-0.16815
4721.25000,-2.87680,2.39679,-0.15100
4721.30000,-2.87348,2.39613,-0.14818
4721.35000,-2.86721,2.39509,-0.15991
4721.40000,-2.85859,2.39358,-0.18390
4721.45000,-2.84943,2.39175,-0.21057
4721.50000,-2.84031,2.38967,-0.23696
4721.55000,-2.83218,2.38774,-0.24714
4721.60000,-2.82688,2.38656,-0.24251
4721.65000,-2.82399,2.38605,-0.22640
4721.70000,-2.82295,2.38589,-0.20061
4721.75000,-2.82214,2.38576,-0.17369
4721.80000,-2.82128,2.38562,-0.14713
4721.85000,-2.82053,2.38553,-0.12146
4721.90000,-2.81949,2.38538,-0.11030
4721.95000,-2.81556,2.38484,-0.11236
4722.00000,-2.80894,2.38397,-0.12767
4722.05000,-2.80030,2.38275,-0.15386
4722.10000,-2.79115,2.38119,-0.18257
4722.15000,-2.78199,2.37945,-0.20274
4722.20000,-2.77501,2.37818,-0.20979
4722.25000,-2.76953,2.37708,-0.20943
4722.30000,-2.76641,2.37664,-0.19728
4722.35000,-2.76561,2.37653,-0.17381
4722.40000,-2.76486,2.37643,-0.14927
4722.45000,-2.76406,2.37632,-0.12476
4722.50000,-2.76335,2.37625,-0.10101
4722.55000,-2.76272,2.37621,-0.07812
4722.60000,-2.76223,2.37618,-0.05597
4722.65000,-2.76121,2.37611,-0.04708
4722.70000,-2.75739,2.37587,-0.04973
4722.75000,-2.75091,2.37544,-0.06487
4722.80000,-2.74217,2.37476,-0.09112
4722.85000,-2.73297,2.37376,-0.12123
4722.90000,-2.72393,2.37270,-0.14249
4722.95000,-2.71686,2.37196,-0.15093
4723.00000,-2.71213,2.37156,-0.14943
4723.05000,-2.71044,2.37149,-0.13476
4723.10000,-2.71039,2.37151,-0.11387
4723.15000,-2.70998,2.37147,-0.09254
4723.20000,-2.70963,2.37144,-0.07195
4723.25000,-2.70932,2.37142,-0.05195
4723.30000,-2.70903,2.37141,-0.03224
4723.35000,-2.70832,2.37140,-0.01124
4723.40000,-2.70613,2.37141,0.00975
4723.45000,-2.70054,2.37151,0.01920
4723.50000,-2.69450,2.37164,0.01020
4723.55000,-2.68617,2.37163,-0.01356
4723.60000,-2.67698,2.37136,-0.04456
4723.65000,-2.66782,2.37091,-0.06250
4723.70000,-2.65884,2.37056,-0.06741
4723.75000,-2.65401,2.37047,-0.06750
4723.80000,-2.65243,2.37046,-0.05509
4723.85000,-2.65218,2.37045,-0.03619
4723.90000,-2.65217,2.37045,-0.01718
4723.95000,-2.65187,2.37045,0.00142
4724.00000,-2.65161,2.37045,0.01974
4724.05000,-2.64948,2.37059,0.03862
4724.10000,-2.64102,2.37102,0.05641
4724.15000,-2.63134,2.37159,0.06529
4724.20000,-2.62195,2.37208,0.05304
4724.25000,-2.61294,2.37244,0.02530
4724.30000,-2.60372,2.37254,0.00457
4724.35000,-2.59651,2.37254,-0.00731
4724.40000,-2.59171,2.37254,-0.00715
4724.45000,-2.58957,2.37254,0.00513
4724.50000,-2.58923,2.37254,0.02602
4724.55000,-2.58890,2.37255,0.04790
4724.60000,-2.58853,2.37255,0.06969
4724.65000,-2.58798,2.37257,0.09238
4724.70000,-2.58756,2.37258,0.11407
4724.75000,-2.58751,2.37258,0.13421
4724.80000,-2.58738,2.37273,0.15132
4724.85000,-2.58645,2.37315,0.15864
4724.90000,-2.58438,2.37383,0.15996
4724.95000,-2.58012,2.37481,0.15044
4725.00000,-2.57326,2.37602,0.12723
4725.05000,-2.56426,2.37704,0.09402
4725.10000,-2.55514,2.37776,0.06016
4725.15000,-2.54581,2.37814,0.03760
4725.20000,-2.53780,2.37829,0.02853
4725.25000,-2.53133,2.37833,0.03241
4725.30000,-2.52654,2.37840,0.05330
4725.35000,-2.52344,2.37846,0.09427
4725.40000,-2.52231,2.37854,0.14976
4725.45000,-2.52228,2.37854,0.20809
4725.50000,-2.52225,2.37855,0.26739
4725.55000,-2.52221,2.37859,0.31780
4725.60000,-2.52226,2.37859,0.34974
4725.65000,-2.52212,2.37864,0.35981
4725.70000,-2.51915,2.37990,0.35146
4725.75000,-2.51254,2.38226,0.32392
4725.80000,-2.50446,2.38482,0.28902
4725.85000,-2.49571,2.38725,0.25208
4725.90000,-2.48687,2.38935,0.21559
4725.95000,-2.47794,2.39114,0.17968
4726.00000,-2.46897,2.39260,0.14348
4726.05000,-2.45981,2.39377,0.12099
4726.10000,-2.45026,2.39496,0.11710
4726.15000,-2.44061,2.39621,0.12372
4726.20000,-2.43101,2.39746,0.15373
4726.25000,-2.42399,2.39853,0.20376
4726.30000,-2.41929,2.39963,0.26538
4726.35000,-2.41709,2.40030,0.33823
4726.40000,-2.41618,2.40063,0.40554
4726.45000,-2.41547,2.40082,0.45291
4726.50000,-2.41518,2.40070,0.47335
4726.55000,-2.41300,2.40189,0.47090
4726.60000,-2.40743,2.40467,0.44679
4726.65000,-2.40041,2.40789,0.41243
4726.70000,-2.39211,2.41134,0.37528
4726.75000,-2.38372,2.41445,0.33526
4726.80000,-2.37510,2.41727,0.29827
4726.85000,-2.36646,2.41974,0.25899
4726.90000,-2.35854,2.42165,0.21282
4726.95000,-2.35116,2.42304,0.15885
4727.00000,-2.34314,2.42409,0.10282
4727.05000,-2.33466,2.42472,0.04548
4727.10000,-2.32609,2.42486,-0.01147
4727.15000,-2.31750,2.42452,-0.06768
4727.20000,-2.30893,2.42370,-0.12317
4727.25000,-2.30040,2.42241,-0.17814
4727.30000,-2.29195,2.42064,-0.23206
4727.35000,-2.28359,2.41842,-0.28567
4727.40000,-2.27726,2.41647,-0.33881
4727.45000,-2.27432,2.41536,-0.39812
4727.50000,-2.27327,2.41489,-0.46514
4727.55000,-2.27314,2.41482,-0.53624
4727.60000,-2.27306,2.41476,-0.60785
4727.65000,-2.27300,2.41472,-0.68011
4727.70000,-2.27295,2.41467,-0.75357
4727.75000,-2.27291,2.41464,-0.82895
4727.80000,-2.27289,2.41461,-0.90743
4727.85000,-2.27287,2.41458,-0.98979
4727.90000,-2.27286,2.41453,-1.06223
4727.95000,-2.27259,2.41414,-1.10710
4728.00000,-2.27203,2.41338,-1.12636
4728.05000,-2.27156,2.41266,-1.12788
4728.10000,-2.27147,2.41230,-1.10459
4728.15000,-2.27140,2.41215,-1.07456
4728.20000,-2.27105,2.41150,-1.04528
4728.25000,-2.27069,2.41087,-1.01658
4728.30000,-2.27047,2.41040,-0.98843
4728.35000,-2.27037,2.41018,-0.96112
4728.40000,-2.27005,2.40973,-0.93427
4728.45000,-2.26971,2.40926,-0.90783
4728.50000,-2.26929,2.40873,-0.88119
4728.55000,-2.26879,2.40813,-0.85428
4728.60000,-2.26828,2.40755,-0.82743
4728.65000,-2.26776,2.40699,-0.80077
4728.70000,-2.26722,2.40644,-0.77413
4728.75000,-2.26666,2.40590,-0.74774
4728.80000,-2.26609,2.40537,-0.72144
4728.85000,-2.26548,2.40484,-0.69513
4728.90000,-2.26487,2.40434,-0.66893
4728.95000,-2.26425,2.40386,-0.64280
4729.00000,-2.26361,2.40341,-0.61680
4729.05000,-2.26297,2.40296,-0.59092
4729.10000,-2.26231,2.40254,-0.56518
4729.15000,-2.26165,2.40213,-0.53957
4729.20000,-2.26098,2.40174,-0.51411
4729.25000,-2.26030,2.40137,-0.48880
4729.30000,-2.25961,2.40102,-0.46366
4729.35000,-2.25892,2.40069,-0.43867
4729.40000,-2.25825,2.40039,-0.41390
4729.45000,-2.25756,2.40009,-0.38947
4729.50000,-2.25686,2.39981,-0.36529
4729.55000,-2.25616,2.39955,-0.34127
4729.60000,-2.25545,2.39930,-0.31742
4729.65000,-2.25474,2.39907,-0.29377
4729.70000,-2.25404,2.39887,-0.27022
4729.75000,-2.25335,2.39867,-0.24682
4729.80000,-2.25266,2.39850,-0.22367
4729.85000,-2.25197,2.39835,-0.20069
4729.90000,-2.25163,2.39837,-0.19186
4729.95000,-2.25028,2.39808,-0.19868
4730.00000,-2.24604,2.39710,-0.22038
4730.05000,-2.23940,2.39549,-0.25406
4730.10000,-2.23164,2.39331,-0.29398
4730.15000,-2.22345,2.39081,-0.33000
4730.20000,-2.21612,2.38875,-0.35899
4730.25000,-2.20980,2.38627,-0.39013
4730.30000,-2.20278,2.38332,-0.41283
4730.35000,-2.19659,2.38063,-0.42074
4730.40000,-2.19245,2.37882,-0.41570
4730.45000,-2.18907,2.37735,-0.40569
4730.50000,-2.18648,2.37626,-0.39093
4730.55000,-2.18469,2.37555,-0.37153
4730.60000,-2.18372,2.37519,-0.34766
4730.65000,-2.18300,2.37493,-0.32241
4730.70000,-2.18230,2.37470,-0.29732
4730.75000,-2.18175,2.37453,-0.27304
4730.80000,-2.18120,2.37438,-0.24898
4730.85000,-2.18121,2.37449,-0.23728
4730.90000,-2.17955,2.37397,-0.24342
4730.95000,-2.17511,2.37276,-0.26358
4731.00000,-2.16841,2.37083,-0.29598
4731.05000,-2.16090,2.36856,-0.31963
4731.10000,-2.15476,2.36685,-0.33658
4731.15000,-2.14888,2.36469,-0.36376
4731.20000,-2.14166,2.36179,-0.39852
4731.25000,-2.13413,2.35852,-0.42106
4731.30000,-2.12768,2.35566,-0.42802
4731.35000,-2.12434,2.35424,-0.41691
4731.40000,-2.12324,2.35389,-0.39377
4731.45000,-2.12315,2.35385,-0.36970
4731.50000,-2.12305,2.35382,-0.34570
4731.55000,-2.12295,2.35378,-0.32180
4731.60000,-2.12285,2.35375,-0.29801
4731.65000,-2.12275,2.35372,-0.27430
4731.70000,-2.12265,2.35371,-0.26062
4731.75000,-2.12062,2.35308,-0.26625
4731.80000,-2.11546,2.35158,-0.28875
4731.85000,-2.10861,2.34942,-0.32058
4731.90000,-2.09977,2.34631,-0.35530
4731.95000,-2.09046,2.34267,-0.39133
4732.00000,-2.08126,2.33889,-0.42059
4732.05000,-2.07220,2.33501,-0.43392
4732.10000,-2.06464,2.33160,-0.43313
4732.15000,-2.05911,2.32919,-0.41441
4732.20000,-2.05510,2.32751,-0.37853
4732.25000,-2.05216,2.32642,-0.32503
4732.30000,-2.05062,2.32609,-0.27203
4732.35000,-2.04947,2.32623,-0.24763
4732.40000,-2.04903,2.32703,-0.25541
4732.45000,-2.04686,2.32620,-0.28289
4732.50000,-2.03976,2.32401,-0.31368
4732.55000,-2.03363,2.32191,-0.35343
4732.60000,-2.03073,2.32078,-0.40376
4732.65000,-2.03009,2.32050,-0.46296
4732.70000,-2.02988,2.32038,-0.52362
4732.75000,-2.02966,2.32024,-0.58365
4732.80000,-2.02941,2.32007,-0.64307
4732.85000,-2.02914,2.31986,-0.70190
4732.90000,-2.02886,2.31960,-0.76015
4732.95000,-2.02856,2.31930,-0.81785
4733.00000,-2.02825,2.31894,-0.87499
4733.05000,-2.02792,2.31853,-0.93158
4733.10000,-2.02759,2.31806,-0.98764
4733.15000,-2.02725,2.31751,-1.04316
4733.20000,-2.02692,2.31689,-1.09814
4733.25000,-2.02658,2.31619,-1.15258
4733.30000,-2.02626,2.31541,-1.20649
4733.35000,-2.02595,2.31454,-1.25986
4733.40000,-2.02567,2.31357,-1.31269
4733.45000,-2.02542,2.31251,-1.36498
4733.50000,-2.02521,2.31134,-1.41672
4733.55000,-2.02505,2.31007,-1.46792
4733.60000,-2.02494,2.30870,-1.51858
4733.65000,-2.02490,2.30723,-1.56869
4733.70000,-2.02494,2.30565,-1.61825
4733.75000,-2.02506,2.30398,-1.66725
4733.80000,-2.02527,2.30220,-1.71571
4733.85000,-2.02559,2.30036,-1.76359
4733.90000,-2.02600,2.29850,-1.81086
4733.95000,-2.02649,2.29665,-1.85749
4734.00000,-2.02708,2.29482,-1.90348
4734.05000,-2.02775,2.29302,-1.94881
4734.10000,-2.02850,2.29125,-1.99350
4734.15000,-2.02932,2.28952,-2.03754
4734.20000,-2.03022,2.28783,-2.08092
4734.25000,-2.03118,2.28619,-2.12364
4734.30000,-2.03221,2.28460,-2.16570
4734.35000,-2.03330,2.28306,-2.20710
4734.40000,-2.03444,2.28159,-2.24784
4734.45000,-2.03562,2.28017,-2.28792
4734.50000,-2.03685,2.27881,-2.32732
4734.55000,-2.03812,2.27752,-2.36607
4734.60000,-2.03942,2.27629,-2.40414
4734.65000,-2.04075,2.27513,-2.44155
4734.70000,-2.04449,2.27212,-2.47601
4734.75000,-2.05154,2.26676,-2.50823
4734.80000,-2.05966,2.26101,-2.54350
4734.85000,-2.06802,2.25552,-2.57837
4734.90000,-2.07607,2.25066,-2.61484
4734.95000,-2.08400,2.24625,-2.65204
4735.00000,-2.09211,2.24213,-2.68843
4735.05000,-2.10038,2.23830,-2.72404
4735.10000,-2.10879,2.23476,-2.75882
4735.15000,-2.11734,2.23150,-2.79286
4735.20000,-2.12602,2.22852,-2.82611
4735.25000,-2.13480,2.22582,-2.85864
4735.30000,-2.14368,2.22340,-2.89041
4735.35000,-2.15265,2.22126,-2.92151
4735.40000,-2.16170,2.21940,-2.95190
4735.45000,-2.17082,2.21780,-2.98165
4735.50000,-2.18000,2.21647,-3.01075
4735.55000,-2.18922,2.21540,-3.03927
4735.60000,-2.19849,2.21459,-3.06721
4735.65000,-2.20778,2.21404,-3.09464
4735.70000,-2.21711,2.21374,-3.12158
4735.75000,-2.22644,2.21369,3.13507
4735.80000,-2.23578,2.21389,3.10890
4735.85000,-2.24512,2.21433,3.08299
4735.90000,-2.25445,2.21502,3.05724
4735.95000,-2.26377,2.21594,3.03152
4736.00000,-2.27305,2.21709,3.00565
4736.05000,-2.28229,2.21848,2.97935
4736.10000,-2.29158,2.22007,2.95935
4736.15000,-2.29979,2.22149,2.94600
4736.20000,-2.30786,2.22320,2.92094
4736.25000,-2.31665,2.22532,2.88839
4736.30000,-2.32558,2.22768,2.86177
4736.35000,-2.33473,2.23032,2.85045
4736.40000,-2.34405,2.23313,2.84821
4736.45000,-2.35359,2.23619,2.85425
4736.50000,-2.36323,2.23935,2.86202
4736.55000,-2.37314,2.24246,2.87516
4736.60000,-2.38319,2.24508,2.89701
4736.65000,-2.39337,2.24749,2.91947
4736.70000,-2.40371,2.24970,2.94221
4736.75000,-2.41409,2.25168,2.96501
4736.80000,-2.42452,2.25342,2.98777
4736.85000,-2.43498,2.25492,3.01052
4736.90000,-2.44547,2.25618,3.03323
4736.95000,-2.45599,2.25720,3.05590
4737.00000,-2.46653,2.25799,3.07849
4737.05000,-2.47708,2.25853,3.10101
4737.10000,-2.48686,2.25881,3.11235
4737.15000,-2.49600,2.25892,3.10333
4737.20000,-2.50429,2.25894,3.07579
4737.25000,-2.51142,2.25914,3.03198
4737.30000,-2.51720,2.25958,2.97604
4737.35000,-2.52070,2.26023,2.90975
4737.40000,-2.52243,2.26047,2.84645
4737.45000,-2.52436,2.26097,2.80448
4737.50000,-2.52710,2.26213,2.79369
4737.55000,-2.53269,2.26424,2.80080
4737.60000,-2.54165,2.26732,2.82154
4737.65000,-2.55121,2.27032,2.84618
4737.70000,-2.56022,2.27294,2.87081
4737.75000,-2.56930,2.27534,2.89504
4737.80000,-2.57844,2.27753,2.91929
4737.85000,-2.58762,2.27948,2.94372
4737.90000,-2.59685,2.28122,2.96800
4737.95000,-2.60611,2.28272,2.99274
4738.00000,-2.61516,2.28382,3.00487
4738.05000,-2.62381,2.28444,2.99945
4738.10000,-2.63152,2.28436,2.97188
4738.15000,-2.63673,2.28430,2.92320
4738.20000,-2.64011,2.28477,2.86067
4738.25000,-2.64118,2.28511,2.78830
4738.30000,-2.64156,2.28527,2.72424
4738.35000,-2.64210,2.28566,2.68608
4738.40000,-2.64490,2.28730,2.68165
4738.45000,-2.65115,2.29038,2.69489
4738.50000,-2.65894,2.29400,2.71832
4738.55000,-2.66750,2.29772,2.74518
4738.60000,-2.67616,2.30121,2.77147
4738.65000,-2.68491,2.30448,2.79785
4738.70000,-2.69375,2.30751,2.82394
4738.75000,-2.70267,2.31032,2.84998
4738.80000,-2.71166,2.31288,2.87619
4738.85000,-2.72058,2.31513,2.88850
4738.90000,-2.72857,2.31701,2.87505
4738.95000,-2.73497,2.31881,2.84048
4739.00000,-2.74005,2.32051,2.79066
4739.05000,-2.74256,2.32150,2.72816
4739.10000,-2.74296,2.32169,2.65685
4739.15000,-2.74313,2.32181,2.59696
4739.20000,-2.74329,2.32197,2.55721
4739.25000,-2.74368,2.32241,2.53610
4739.30000,-2.74473,2.32326,2.52831
4739.35000,-2.74838,2.32588,2.53420
4739.40000,-2.75505,2.33043,2.55484
4739.45000,-2.76335,2.33579,2.58280
4739.50000,-2.77190,2.34097,2.61073
4739.55000,-2.78059,2.34591,2.63845
4739.60000,-2.78942,2.35061,2.66594
4739.65000,-2.79837,2.35507,2.69342
4739.70000,-2.80744,2.35928,2.72057
4739.75000,-2.81662,2.36324,2.74791
4739.80000,-2.82591,2.36695,2.77569
4739.85000,-2.83498,2.37026,2.78962
4739.90000,-2.84307,2.37312,2.77848
4739.95000,-2.84718,2.37477,2.73609
4740.00000,-2.84957,2.37586,2.67905
4740.05000,-2.85022,2.37621,2.61438
4740.10000,-2.85040,2.37632,2.54785
4740.15000,-2.85056,2.37646,2.49415
4740.20000,-2.85068,2.37661,2.45896
4740.25000,-2.85065,2.37665,2.43506
4740.30000,-2.85053,2.37661,2.42199
4740.35000,-2.85167,2.37762,2.42051
4740.40000,-2.85499,2.38055,2.43072
4740.45000,-2.86211,2.38655,2.46059
4740.50000,-2.86998,2.39272,2.49326
4740.55000,-2.87804,2.39863,2.52528
4740.60000,-2.88630,2.40427,2.55727
4740.65000,-2.89472,2.40966,2.58898
4740.70000,-2.90332,2.41477,2.62043
4740.75000,-2.91207,2.41961,2.65212
4740.80000,-2.92096,2.42417,2.68402
4740.85000,-2.92967,2.42827,2.70228
4740.90000,-2.93719,2.43148,2.69345
4740.95000,-2.94183,2.43374,2.65742
4741.00000,-2.94388,2.43487,2.60441
4741.05000,-2.94429,2.43512,2.54382
4741.10000,-2.94446,2.43525,2.48236
4741.15000,-2.94462,2.43540,2.43253
4741.20000,-2.94490,2.43574,2.40251
4741.25000,-2.94586,2.43676,2.39526
4741.30000,-2.94991,2.44051,2.41090
4741.35000,-2.95597,2.44585,2.43811
4741.40000,-2.96392,2.45236,2.47230
4741.45000,-2.97260,2.45897,2.50862
4741.50000,-2.98092,2.46485,2.54305
4741.55000,-2.98872,2.46998,2.57803
4741.60000,-2.99630,2.47460,2.59890
4741.65000,-3.00312,2.47855,2.59175
4741.70000,-3.00737,2.48120,2.55725
4741.75000,-3.00921,2.48247,2.50585
4741.80000,-3.01148,2.48428,2.45125
4741.85000,-3.01586,2.48810,2.39799
4741.90000,-3.02041,2.49229,2.35049
4741.95000,-3.02547,2.49710,2.33427
4742.00000,-3.03032,2.50210,2.34746
4742.05000,-3.03568,2.50744,2.37586
4742.10000,-3.04225,2.51354,2.40928
4742.15000,-3.04902,2.51940,2.44925
4742.20000,-3.05541,2.52448,2.49251
4742.25000,-3.06084,2.52841,2.54488
4742.30000,-3.06582,2.53171,2.58986
4742.35000,-3.07048,2.53460,2.60633
4742.40000,-3.07494,2.53723,2.60400
4742.45000,-3.07920,2.53962,2.58648
4742.50000,-3.08224,2.54140,2.53958
4742.55000,-3.08515,2.54354,2.48134
4742.60000,-3.08921,2.54691,2.42199
4742.65000,-3.09427,2.55161,2.36354
4742.70000,-3.09942,2.55700,2.30347
4742.75000,-3.10431,2.56250,2.25056
4742.80000,-3.10953,2.56840,2.22072
4742.85000,-3.11498,2.57460,2.21128
4742.90000,-3.12040,2.58079,2.21387
4742.95000,-3.12607,2.58758,2.23820
4743.00000,-3.13167,2.59444,2.27591
4743.05000,-3.13754,2.60105,2.31689
4743.10000,-3.14308,2.60680,2.36118
4743.15000,-3.14785,2.61129,2.41440
4743.20000,-3.15247,2.61537,2.46240
4743.25000,-3.15716,2.61946,2.48933
4743.30000,-3.16147,2.62309,2.48828
4743.35000,-3.16550,2.62636,2.45935
4743.40000,-3.16881,2.62916,2.41096
4743.45000,-3.17256,2.63272,2.35621
4743.50000,-3.17651,2.63670,2.30972
4743.55000,-3.18082,2.64110,2.28518
4743.60000,-3.18552,2.64622,2.29355
4743.65000,-3.18971,2.65085,2.32375
4743.70000,-3.19449,2.65575,2.36425
4743.75000,-3.20028,2.66119,2.40953
4743.80000,-3.20690,2.66686,2.45819
4743.85000,-3.21426,2.67254,2.50910
4743.90000,-3.22224,2.67807,2.56155
4743.95000,-3.23067,2.68328,2.61537
4744.00000,-3.23945,2.68807,2.66919
4744.05000,-3.24847,2.69237,2.72357
4744.10000,-3.25771,2.69618,2.77792
4744.15000,-3.26697,2.69941,2.83370
4744.20000,-3.27656,2.70216,2.88986
4744.25000,-3.28630,2.70438,2.94631
4744.30000,-3.29568,2.70595,3.00498
4744.35000,-3.30455,2.70689,3.06644
4744.40000,-3.31297,2.70726,3.13021
4744.45000,-3.32128,2.70709,-3.08840
4744.50000,-3.32882,2.70644,-3.02084
4744.55000,-3.33627,2.70527,-2.95290
4744.60000,-3.34375,2.70358,-2.88530
4744.65000,-3.35121,2.70135,-2.81803
4744.70000,-3.35862,2.69859,-2.75112
4744.75000,-3.36593,2.69529,-2.68463
4744.80000,-3.37312,2.69146,-2.61855
4744.85000,-3.38014,2.68709,-2.55292
4744.90000,-3.38697,2.68221,-2.48778
4744.95000,-3.39356,2.67680,-2.42313
4745.00000,-3.39988,2.67091,-2.35891
4745.05000,-3.40590,2.66453,-2.29521
4745.10000,-3.41158,2.65768,-2.23198
4745.15000,-3.41691,2.65038,-2.16931
4745.20000,-3.42182,2.64267,-2.10704
4745.25000,-3.42632,2.63453,-2.04538
4745.30000,-3.43036,2.62604,-1.98414
4745.35000,-3.43391,2.61721,-1.92333
4745.40000,-3.43619,2.61023,-1.86301
4745.45000,-3.43700,2.60722,-1.79685
4745.50000,-3.43727,2.60586,-1.72438
4745.55000,-3.43731,2.60554,-1.64836
4745.60000,-3.43732,2.60529,-1.57285
4745.65000,-3.43731,2.60503,-1.49823
4745.70000,-3.43728,2.60478,-1.42453
4745.75000,-3.43723,2.60453,-1.35176
4745.80000,-3.43717,2.60429,-1.27994
4745.85000,-3.43709,2.60405,-1.20906
4745.90000,-3.43699,2.60381,-1.13916
4745.95000,-3.43687,2.60358,-1.07023
4746.00000,-3.43674,2.60337,-1.00229
4746.05000,-3.43660,2.60316,-0.93534
4746.10000,-3.43644,2.60296,-0.86939
4746.15000,-3.43627,2.60277,-0.80446
4746.20000,-3.43609,2.60259,-0.74054
4746.25000,-3.43590,2.60243,-0.67765
4746.30000,-3.43570,2.60227,-0.61579
4746.35000,-3.43548,2.60213,-0.55496
4746.40000,-3.43527,2.60201,-0.49518
4746.45000,-3.43504,2.60189,-0.43643
4746.50000,-3.43481,2.60179,-0.37874
4746.55000,-3.43457,2.60170,-0.32209
4746.60000,-3.43432,2.60163,-0.26650
4746.65000,-3.43408,2.60157,-0.21196
4746.70000,-3.43383,2.60152,-0.15847
4746.75000,-3.43152,2.60117,-0.10690
4746.80000,-3.42472,2.60062,-0.06074
4746.85000,-3.41762,2.60030,-0.03685
4746.90000,-3.41062,2.60003,-0.03547
4746.95000,-3.40180,2.59965,-0.04377
4747.00000,-3.39189,2.59916,-0.05658
4747.05000,-3.38212,2.59854,-0.07029
4747.10000,-3.37250,2.59778,-0.08484
4747.15000,-3.36292,2.59687,-0.10007
4747.20000,-3.35337,2.59582,-0.11597
4747.25000,-3.34384,2.59461,-0.13184
4747.30000,-3.33414,2.59323,-0.14776
4747.35000,-3.32438,2.59170,-0.16354
4747.40000,-3.31486,2.59003,-0.18074
4747.45000,-3.30532,2.58819,-0.19771
4747.50000,-3.29568,2.58617,-0.21441
4747.55000,-3.28616,2.58400,-0.23181
4747.60000,-3.27690,2.58170,-0.25055
4747.65000,-3.26769,2.57923,-0.26935
4747.70000,-3.25853,2.57659,-0.28845
4747.75000,-3.24943,2.57377,-0.30765
4747.80000,-3.24039,2.57078,-0.32709
4747.85000,-3.23140,2.56762,-0.34657
4747.90000,-3.22250,2.56428,-0.36655
4747.95000,-3.21367,2.56077,-0.38652
4748.00000,-3.20490,2.55708,-0.40649
4748.05000,-3.19622,2.55321,-0.42662
4748.10000,-3.18762,2.54918,-0.44697
4748.15000,-3.17910,2.54497,-0.46729
4748.20000,-3.17068,2.54059,-0.48774
4748.25000,-3.16235,2.53604,-0.50816
4748.30000,-3.15411,2.53133,-0.52874
4748.35000,-3.14598,2.52645,-0.54939
4748.40000,-3.13796,2.52140,-0.57038
4748.45000,-3.13049,2.51661,-0.57601
4748.50000,-3.12490,2.51315,-0.56490
4748.55000,-3.12213,2.51157,-0.53884
4748.60000,-3.12153,2.51123,-0.50182
4748.65000,-3.12127,2.51109,-0.46688
4748.70000,-3.12095,2.51093,-0.44442
4748.75000,-3.11813,2.50955,-0.43749
4748.80000,-3.11311,2.50717,-0.44167
4748.85000,-3.10590,2.50363,-0.45852
4748.90000,-3.09753,2.49937,-0.48289
4748.95000,-3.08927,2.49491,-0.50719
4749.00000,-3.08111,2.49026,-0.53160
4749.05000,-3.07334,2.48566,-0.54161
4749.10000,-3.06709,2.48199,-0.53690
4749.15000,-3.06400,2.48032,-0.51715
4749.20000,-3.06312,2.47992,-0.48817
4749.25000,-3.06242,2.47955,-0.45431
4749.30000,-3.06164,2.47918,-0.42081
4749.35000,-3.06115,2.47896,-0.38891
4749.40000,-3.06056,2.47876,-0.36862
4749.45000,-3.05772,2.47759,-0.36373
4749.50000,-3.05173,2.47522,-0.37542
4749.55000,-3.04375,2.47196,-0.39887
4749.60000,-3.03520,2.46822,-0.42558
4749.65000,-3.02675,2.46425,-0.45221
4749.70000,-3.01863,2.46031,-0.46476
4749.75000,-3.01284,2.45748,-0.46016
4749.80000,-3.01012,2.45625,-0.43929
4749.85000,-3.00922,2.45585,-0.40815
4749.90000,-3.00835,2.45549,-0.37718
4749.95000,-3.00749,2.45518,-0.34682
4750.00000,-3.00667,2.45491,-0.31703
4750.05000,-3.00614,2.45481,-0.29673
4750.10000,-3.00352,2.45392,-0.29322
4750.15000,-2.99805,2.45219,-0.30500
4750.20000,-2.99015,2.44958,-0.32965
4750.25000,-2.98143,2.44645,-0.35868
4750.30000,-2.97279,2.44307,-0.38763
4750.35000,-2.96416,2.43949,-0.40712
4750.40000,-2.95768,2.43676,-0.40963
4750.45000,-2.95464,2.43553,-0.39406
4750.50000,-2.95378,2.43520,-0.36654
4750.55000,-2.95297,2.43491,-0.33860
4750.60000,-2.95215,2.43465,-0.31113
4750.65000,-2.95129,2.43439,-0.28386
4750.70000,-2.95057,2.43421,-0.25715
4750.75000,-2.95032,2.43420,-0.24047
4750.80000,-2.94804,2.43356,-0.23705
4750.85000,-2.94252,2.43209,-0.25020
4750.90000,-2.93463,2.42996,-0.27629
4750.95000,-2.92583,2.42731,-0.30714
4751.00000,-2.91706,2.42438,-0.33803
4751.05000,-2.90844,2.42134,-0.35737
4751.10000,-2.90187,2.41891,-0.36314
4751.15000,-2.89897,2.41792,-0.35000
4751.20000,-2.89813,2.41767,-0.32561
4751.25000,-2.89739,2.41745,-0.30077
4751.30000,-2.89669,2.41727,-0.27579
4751.35000,-2.89600,2.41710,-0.25114
4751.40000,-2.89536,2.41697,-0.22658
4751.45000,-2.89463,2.41682,-0.20292
4751.50000,-2.89398,2.41667,-0.19135
4751.55000,-2.89085,2.41597,-0.19393
4751.60000,-2.88493,2.41469,-0.21095
4751.65000,-2.87690,2.41285,-0.23892
4751.70000,-2.86804,2.41054,-0.27142
4751.75000,-2.85913,2.40800,-0.29706
4751.80000,-2.85178,2.40584,-0.30917
4751.85000,-2.84668,2.40426,-0.30965
4751.90000,-2.84496,2.40382,-0.29240
4751.95000,-2.84428,2.40362,-0.26957
4752.00000,-2.84352,2.40342,-0.24653
4752.05000,-2.84291,2.40329,-0.22436
4752.10000,-2.84224,2.40317,-0.20235
4752.15000,-2.84150,2.40303,-0.18016
4752.20000,-2.84088,2.40294,-0.15857
4752.25000,-2.84035,2.40286,-0.14726
4752.30000,-2.83745,2.40232,-0.14942
4752.35000,-2.83198,2.40129,-0.16380
4752.40000,-2.82404,2.39985,-0.19163
4752.45000,-2.81507,2.39795,-0.22455
4752.50000,-2.80678,2.39607,-0.24303
4752.55000,-2.80138,2.39486,-0.24679
4752.60000,-2.79904,2.39443,-0.23615
4752.65000,-2.79871,2.39437,-0.21779
4752.70000,-2.79852,2.39433,-0.19945
4752.75000,-2.79833,2.39429,-0.18127
4752.80000,-2.79785,2.39421,-0.16227
4752.85000,-2.79716,2.39409,-0.14257
4752.90000,-2.79648,2.39399,-0.12308
4752.95000,-2.79581,2.39390,-0.10386
4753.00000,-2.79481,2.39377,-0.09878
4753.05000,-2.79102,2.39329,-0.10648
4753.10000,-2.78451,2.39250,-0.12776
4753.15000,-2.77617,2.39128,-0.15720
4753.20000,-2.76710,2.38992,-0.18405
4753.25000,-2.75936,2.38866,-0.20125
4753.30000,-2.75459,2.38782,-0.20359
4753.35000,-2.75249,2.38751,-0.19333
4753.40000,-2.75206,2.38744,-0.17517
4753.45000,-2.75183,2.38739,-0.15749
4753.50000,-2.75148,2.38734,-0.13967
4753.55000,-2.75121,2.38731,-0.12248
4753.60000,-2.75100,2.38728,-0.10568
4753.65000,-2.75081,2.38726,-0.08909
4753.70000,-2.75061,2.38725,-0.07268
4753.75000,-2.75038,2.38723,-0.05629
4753.80000,-2.75009,2.38713,-0.04871
4753.85000,-2.74770,2.38689,-0.05002
4753.90000,-2.74190,2.38650,-0.06527
4753.95000,-2.73343,2.38583,-0.09250
4754.00000,-2.72357,2.38476,-0.12371
4754.05000,-2.71373,2.38361,-0.14967
4754.10000,-2.70572,2.38259,-0.16628
4754.15000,-2.69927,2.38163,-0.17608
4754.20000,-2.69290,2.38068,-0.18544
4754.25000,-2.68663,2.37973,-0.19343
4754.30000,-2.68036,2.37879,-0.20139
4754.35000,-2.67422,2.37785,-0.20801
4754.40000,-2.66808,2.37691,-0.21460
4754.45000,-2.66404,2.37622,-0.21211
4754.50000,-2.66314,2.37609,-0.19561
4754.55000,-2.66296,2.37605,-0.17701
4754.60000,-2.66277,2.37602,-0.15856
4754.65000,-2.66258,2.37599,-0.14030
4754.70000,-2.66239,2.37597,-0.12221
4754.75000,-2.66220,2.37595,-0.10431
4754.80000,-2.66201,2.37593,-0.08660
4754.85000,-2.66181,2.37591,-0.06902
4754.90000,-2.66148,2.37590,-0.05104
4754.95000,-2.66140,2.37590,-0.03318
4755.00000,-2.66108,2.37589,-0.01557
4755.05000,-2.65914,2.37587,0.00335
4755.10000,-2.65062,2.37599,0.02087
4755.15000,-2.64106,2.37627,0.03881
4755.20000,-2.63152,2.37673,0.05654
4755.25000,-2.62198,2.37735,0.07403
4755.30000,-2.61231,2.37819,0.08489
4755.35000,-2.60251,2.37917,0.08572
4755.40000,-2.59356,2.37981,0.05990
4755.45000,-2.58437,2.38021,0.02751
4755.50000,-2.57513,2.38034,0.00791
4755.55000,-2.56532,2.38040,0.00864
4755.60000,-2.55527,2.38054,0.02071
4755.65000,-2.54511,2.38082,0.03604
4755.70000,-2.53487,2.38127,0.05167
4755.75000,-2.52450,2.38188,0.06757
4755.80000,-2.51413,2.38267,0.08349
4755.85000,-2.50378,2.38362,0.09923
4755.90000,-2.49345,2.38473,0.11477
4755.95000,-2.48315,2.38600,0.13011
4756.00000,-2.47286,2.38742,0.14525
4756.05000,-2.46261,2.38900,0.16019
4756.10000,-2.45239,2.39073,0.17491
4756.15000,-2.44219,2.39261,0.18944
4756.20000,-2.43203,2.39464,0.20375
4756.25000,-2.42191,2.39680,0.21785
4756.30000,-2.41182,2.39911,0.23175
4756.35000,-2.40177,2.40156,0.24544
4756.40000,-2.39176,2.40414,0.25892
4756.45000,-2.38179,2.40685,0.27220
4756.50000,-2.37186,2.40970,0.28528
4756.55000,-2.36247,2.41233,0.29052
4756.60000,-2.35329,2.41478,0.28794
4756.65000,-2.34433,2.41705,0.27387
4756.70000,-2.33550,2.41921,0.24809
4756.75000,-2.32699,2.42118,0.20712
4756.80000,-2.31814,2.42282,0.15877
4756.85000,-2.30855,2.42411,0.10875
4756.90000,-2.29859,2.42494,0.05820
4756.95000,-2.28860,2.42527,0.00766
4757.00000,-2.27860,2.42510,-0.04199
4757.05000,-2.26862,2.42443,-0.09119
4757.10000,-2.25869,2.42328,-0.14015
4757.15000,-2.24883,2.42164,-0.18839
4757.20000,-2.23954,2.41964,-0.23806
4757.25000,-2.23114,2.41737,-0.29032
4757.30000,-2.22287,2.41466,-0.34218
4757.35000,-2.21476,2.41153,-0.39327
4757.40000,-2.20678,2.40798,-0.44398
4757.45000,-2.19898,2.40402,-0.49376
4757.50000,-2.19250,2.40040,-0.54497
4757.55000,-2.18927,2.39837,-0.60385
4757.60000,-2.18816,2.39756,-0.66990
4757.65000,-2.18802,2.39744,-0.73968
4757.70000,-2.18791,2.39733,-0.80872
4757.75000,-2.18778,2.39719,-0.87692
4757.80000,-2.18766,2.39703,-0.94436
4757.85000,-2.18753,2.39684,-1.01112
4757.90000,-2.18742,2.39664,-1.07725
4757.95000,-2.18731,2.39643,-1.14277
4758.00000,-2.18722,2.39621,-1.20766
4758.05000,-2.18714,2.39598,-1.27192
4758.10000,-2.18708,2.39575,-1.33554
4758.15000,-2.18703,2.39551,-1.39849
4758.20000,-2.18700,2.39528,-1.46078
4758.25000,-2.18698,2.39504,-1.52237
4758.30000,-2.18697,2.39479,-1.58328
4758.35000,-2.18698,2.39455,-1.64348
4758.40000,-2.18701,2.39431,-1.70296
4758.45000,-2.18705,2.39408,-1.76172
4758.50000,-2.18710,2.39384,-1.81975
4758.55000,-2.18716,2.39361,-1.87704
4758.60000,-2.18724,2.39339,-1.93357
4758.65000,-2.18733,2.39317,-1.98935
4758.70000,-2.18744,2.39295,-2.04435
4758.75000,-2.18755,2.39275,-2.09859
4758.80000,-2.18767,2.39255,-2.15205
4758.85000,-2.18780,2.39236,-2.20473
4758.90000,-2.18795,2.39217,-2.25662
4758.95000,-2.18810,2.39200,-2.30772
4759.00000,-2.18826,2.39183,-2.35802
4759.05000,-2.18842,2.39168,-2.40752
4759.10000,-2.18859,2.39153,-2.45621
4759.15000,-2.18877,2.39139,-2.50410
4759.20000,-2.18895,2.39126,-2.55117
4759.25000,-2.18914,2.39114,-2.59744
4759.30000,-2.18933,2.39103,-2.64289
4759.35000,-2.18952,2.39093,-2.68752
4759.40000,-2.18972,2.39084,-2.73133
4759.45000,-2.19179,2.38980,-2.77358
4759.50000,-2.19843,2.38738,-2.81316
4759.55000,-2.20621,2.38492,-2.85738
4759.60000,-2.21530,2.38249,-2.90257
4759.65000,-2.22476,2.38036,-2.94535
4759.70000,-2.22839,2.38023,-2.98919
4759.75000,-2.22865,2.38020,-3.04729
4759.80000,-2.22885,2.38017,-3.09026
4759.85000,-2.23098,2.38001,-3.11771
4759.90000,-2.23595,2.37987,-3.13329
4759.95000,-2.24322,2.37982,-3.13877
4760.00000,-2.25188,2.37980,-3.13809
4760.05000,-2.26182,2.37973,-3.13175
4760.10000,-2.27184,2.37960,-3.12493
4760.15000,-2.28192,2.37939,-3.11766
4760.20000,-2.29197,2.37911,-3.11013
4760.25000,-2.30201,2.37875,-3.10226
4760.30000,-2.31199,2.37832,-3.09436
4760.35000,-2.32208,2.37780,-3.08555
4760.40000,-2.33215,2.37719,-3.07648
4760.45000,-2.34222,2.37649,-3.06731
4760.50000,-2.35132,2.37589,-3.07102
4760.55000,-2.35914,2.37546,-3.09366
4760.60000,-2.36624,2.37533,-3.13262
4760.65000,-2.37026,2.37539,3.09094
4760.70000,-2.37308,2.37551,3.03301
4760.75000,-2.37592,2.37573,2.99607
4760.80000,-2.37952,2.37643,2.97966
4760.85000,-2.38613,2.37780,2.97797
4760.90000,-2.39407,2.37929,2.98234
4760.95000,-2.40331,2.38085,2.99219
4761.00000,-2.41324,2.38227,3.00475
4761.05000,-2.42314,2.38357,3.01731
4761.10000,-2.43306,2.38474,3.02993
4761.15000,-2.44299,2.38579,3.04272
4761.20000,-2.45293,2.38671,3.05562
4761.25000,-2.46289,2.38750,3.06884
4761.30000,-2.47285,2.38816,3.08237
4761.35000,-2.48257,2.38862,3.08559
4761.40000,-2.49123,2.38885,3.06644
4761.45000,-2.49834,2.38924,3.02826
4761.50000,-2.50429,2.38992,2.97664
4761.55000,-2.50843,2.39073,2.91174
4761.60000,-2.51101,2.39121,2.84933
4761.65000,-2.51352,2.39168,2.80756
4761.70000,-2.51652,2.39269,2.79081
4761.75000,-2.52319,2.39525,2.79640
4761.80000,-2.53183,2.39829,2.81311
4761.85000,-2.54089,2.40128,2.83165
4761.90000,-2.55000,2.40411,2.84982
4761.95000,-2.55917,2.40677,2.86810
4762.00000,-2.56838,2.40927,2.88659
4762.05000,-2.57762,2.41158,2.90521
4762.10000,-2.58692,2.41373,2.92372
4762.15000,-2.59624,2.41571,2.94243
4762.20000,-2.60558,2.41750,2.96190
4762.25000,-2.61456,2.41894,2.96833
4762.30000,-2.62219,2.41963,2.94967
4762.35000,-2.62707,2.42005,2.90732
4762.40000,-2.62949,2.42059,2.84610
4762.45000,-2.63142,2.42125,2.77534
4762.50000,-2.63296,2.42184,2.71153
4762.55000,-2.63459,2.42259,2.67393
4762.60000,-2.63764,2.42431,2.66594
4762.65000,-2.64405,2.42765,2.67604
4762.70000,-2.65264,2.43187,2.69651
4762.75000,-2.66191,2.43619,2.71850
4762.80000,-2.67157,2.44041,2.74062
4762.85000,-2.68133,2.44441,2.76279
4762.90000,-2.69117,2.44820,2.78490
4762.95000,-2.70110,2.45177,2.80694
4763.00000,-2.71111,2.45513,2.82948
4763.05000,-2.72096,2.45817,2.85178
4763.10000,-2.73018,2.46062,2.86154
4763.15000,-2.73849,2.46239,2.84943
4763.20000,-2.74385,2.46354,2.81074
4763.25000,-2.74706,2.46473,2.75327
4763.30000,-2.74891,2.46556,2.68415
4763.35000,-2.75006,2.46613,2.62349
4763.40000,-2.75142,2.46700,2.58939
4763.45000,-2.75320,2.46832,2.57678
4763.50000,-2.75612,2.47023,2.57317
4763.55000,-2.76181,2.47394,2.58300
4763.60000,-2.77016,2.47907,2.60529
4763.65000,-2.77930,2.48435,2.63076
4763.70000,-2.78864,2.48943,2.65594
4763.75000,-2.79810,2.49427,2.68099
4763.80000,-2.80754,2.49882,2.70586
4763.85000,-2.81695,2.50305,2.73029
4763.90000,-2.82616,2.50694,2.75392
4763.95000,-2.83499,2.51026,2.76495
4764.00000,-2.84170,2.51261,2.74716
4764.05000,-2.84543,2.51419,2.70360
4764.10000,-2.84801,2.51549,2.64497
4764.15000,-2.84916,2.51615,2.57751
4764.20000,-2.84964,2.51648,2.51900
4764.25000,-2.85040,2.51716,2.48540
4764.30000,-2.85167,2.51837,2.47452
4764.35000,-2.85462,2.52074,2.47493
4764.40000,-2.86132,2.52597,2.49436
4764.45000,-2.86942,2.53194,2.52030
4764.50000,-2.87775,2.53777,2.54618
4764.55000,-2.88629,2.54339,2.57221
4764.60000,-2.89478,2.54867,2.59791
4764.65000,-2.90340,2.55374,2.62402
4764.70000,-2.91216,2.55857,2.65035
4764.75000,-2.92104,2.56317,2.67729
4764.80000,-2.92957,2.56729,2.68975
4764.85000,-2.93622,2.57045,2.67369
4764.90000,-2.93997,2.57244,2.63035
4764.95000,-2.94223,2.57377,2.57243
4765.00000,-2.94287,2.57421,2.50690
4765.05000,-2.94303,2.57436,2.45123
4765.10000,-2.94334,2.57472,2.41691
4765.15000,-2.94407,2.57553,2.40237
4765.20000,-2.94609,2.57743,2.40130
4765.25000,-2.95097,2.58188,2.41753
4765.30000,-2.95780,2.58785,2.44593
4765.35000,-2.96496,2.59364,2.47726
4765.40000,-2.97231,2.59921,2.50869
4765.45000,-2.97981,2.60453,2.54057
4765.50000,-2.98747,2.60961,2.57293
4765.55000,-2.99529,2.61443,2.60548
4765.60000,-3.00314,2.61896,2.62232
4765.65000,-3.00946,2.62257,2.60863
4765.70000,-3.01309,2.62480,2.56731
4765.75000,-3.01709,2.62754,2.51661
4765.80000,-3.02187,2.63119,2.46203
4765.85000,-3.02672,2.63511,2.41604
4765.90000,-3.03149,2.63904,2.40170
4765.95000,-3.03597,2.64283,2.41511
4766.00000,-3.04028,2.64657,2.44758
4766.05000,-3.04570,2.65090,2.48833
4766.10000,-3.05210,2.65556,2.53383
4766.15000,-3.05965,2.66056,2.58093
4766.20000,-3.06810,2.66560,2.62891
4766.25000,-3.07602,2.66979,2.68223
4766.30000,-3.08466,2.67378,2.73448
4766.35000,-3.09387,2.67747,2.78643
4766.40000,-3.10332,2.68070,2.83783
4766.45000,-3.11291,2.68344,2.88867
4766.50000,-3.12229,2.68560,2.94192
4766.55000,-3.13096,2.68711,3.00029
4766.60000,-3.13931,2.68804,3.06166
4766.65000,-3.14714,2.68841,3.12622
4766.70000,-3.15457,2.68828,-3.09010
4766.75000,-3.16215,2.68763,-3.02328
4766.80000,-3.16979,2.68647,-2.95652
4766.85000,-3.17744,2.68477,-2.88988
4766.90000,-3.18508,2.68253,-2.82352
4766.95000,-3.19265,2.67976,-2.75739
4767.00000,-3.20011,2.67645,-2.69152
4767.05000,-3.20744,2.67261,-2.62606
4767.10000,-3.21459,2.66824,-2.56093
4767.15000,-3.22152,2.66336,-2.49616
4767.20000,-3.22823,2.65796,-2.43187
4767.25000,-3.23466,2.65208,-2.36797
4767.30000,-3.24077,2.64571,-2.30450
4767.35000,-3.24654,2.63889,-2.24146
4767.40000,-3.25195,2.63162,-2.17888
4767.45000,-3.25694,2.62395,-2.11667
4767.50000,-3.26151,2.61587,-2.05496
4767.55000,-3.26563,2.60741,-1.99374
4767.60000,-3.26927,2.59862,-1.93294
4767.65000,-3.27241,2.58952,-1.87259
4767.70000,-3.27441,2.58201,-1.81331
4767.75000,-3.27508,2.57899,-1.74847
4767.80000,-3.27527,2.57775,-1.67720
4767.85000,-3.27529,2.57748,-1.60265
4767.90000,-3.27529,2.57724,-1.52874
4767.95000,-3.27527,2.57700,-1.45571
4768.00000,-3.27523,2.57676,-1.38357
4768.05000,-3.27518,2.57652,-1.31233
4768.10000,-3.27511,2.57629,-1.24201
4768.15000,-3.27502,2.57607,-1.17262
4768.20000,-3.27492,2.57585,-1.10416
4768.25000,-3.27481,2.57564,-1.03665
4768.30000,-3.27468,2.57544,-0.97011
4768.35000,-3.27454,2.57524,-0.90453
4768.40000,-3.27438,2.57506,-0.83992
4768.45000,-3.27422,2.57489,-0.77630
4768.50000,-3.27404,2.57472,-0.71367
4768.55000,-3.27385,2.57457,-0.65204
4768.60000,-3.27366,2.57443,-0.59141
4768.65000,-3.27343,2.57430,-0.54174
4768.70000,-3.27243,2.57373,-0.50606
4768.75000,-3.26917,2.57198,-0.48180
4768.80000,-3.26339,2.56902,-0.46974
4768.85000,-3.25484,2.56465,-0.47103
4768.90000,-3.24599,2.56012,-0.47468
4768.95000,-3.23711,2.55553,-0.47827
4769.00000,-3.22828,2.55093,-0.48270
4769.05000,-3.21942,2.54626,-0.48700
4769.10000,-3.21061,2.54157,-0.49204
4769.15000,-3.20184,2.53683,-0.49750
4769.20000,-3.19318,2.53207,-0.50339
4769.25000,-3.18458,2.52728,-0.50971
4769.30000,-3.17602,2.52244,-0.51640
4769.35000,-3.16749,2.51754,-0.52339
4769.40000,-3.15902,2.51258,-0.53072
4769.45000,-3.15060,2.50758,-0.53887
4769.50000,-3.14222,2.50250,-0.54727
4769.55000,-3.13430,2.49773,-0.54432
4769.60000,-3.12722,2.49354,-0.53025
4769.65000,-3.12306,2.49120,-0.50197
4769.70000,-3.12161,2.49043,-0.46185
4769.75000,-3.12137,2.49032,-0.42785
4769.80000,-3.11830,2.48887,-0.41064
4769.85000,-3.11136,2.48578,-0.41199
4769.90000,-3.10250,2.48184,-0.42375
4769.95000,-3.09354,2.47772,-0.43559
4770.00000,-3.08476,2.47356,-0.44780
4770.05000,-3.07607,2.46929,-0.46041
4770.10000,-3.06744,2.46493,-0.47358
4770.15000,-3.05941,2.46079,-0.47480
4770.20000,-3.05205,2.45703,-0.46671
4770.25000,-3.04618,2.45413,-0.45129
4770.30000,-3.04242,2.45235,-0.42632
4770.35000,-3.04124,2.45183,-0.39012
4770.40000,-3.04103,2.45175,-0.34997
4770.45000,-3.04076,2.45164,-0.32066
4770.50000,-3.03755,2.45051,-0.30740
4770.55000,-3.03120,2.44845,-0.30939
4770.60000,-3.02263,2.44562,-0.32361
4770.65000,-3.01357,2.44249,-0.34060
4770.70000,-3.00455,2.43921,-0.35732
4770.75000,-2.99561,2.43578,-0.37432
4770.80000,-2.98673,2.43220,-0.39163
4770.85000,-2.97805,2.42870,-0.39697
4770.90000,-2.97009,2.42545,-0.39342
4770.95000,-2.96316,2.42260,-0.38524
4771.00000,-2.95709,2.42019,-0.37205
4771.05000,-2.95189,2.41822,-0.35393
4771.10000,-2.94757,2.41668,-0.33102
4771.15000,-2.94415,2.41556,-0.30343
4771.20000,-2.94164,2.41482,-0.27128
4771.25000,-2.94006,2.41442,-0.23472
4771.30000,-2.93883,2.41415,-0.21171
4771.35000,-2.93515,2.41331,-0.20242
4771.40000,-2.92908,2.41202,-0.20570
4771.45000,-2.92039,2.41009,-0.22252
4771.50000,-2.91116,2.40791,-0.24267
4771.55000,-2.90196,2.40553,-0.26223
4771.60000,-2.89282,2.40298,-0.28203
4771.65000,-2.88363,2.40031,-0.29223
4771.70000,-2.87616,2.39816,-0.29087
4771.75000,-2.87074,2.39658,-0.27899
4771.80000,-2.86617,2.39532,-0.26236
4771.85000,-2.86248,2.39437,-0.24121
4771.90000,-2.85967,2.39372,-0.21566
4771.95000,-2.85803,2.39345,-0.18607
4772.00000,-2.85782,2.39341,-0.15556
4772.05000,-2.85749,2.39334,-0.13349
4772.10000,-2.85498,2.39295,-0.12133
4772.15000,-2.85034,2.39232,-0.12055
4772.20000,-2.84301,2.39127,-0.13356
4772.25000,-2.83371,2.38990,-0.15685
4772.30000,-2.82442,2.38832,-0.18012
4772.35000,-2.81517,2.38653,-0.20315
4772.40000,-2.80583,2.38451,-0.21886
4772.45000,-2.79809,2.38289,-0.22363
4772.50000,-2.79271,2.38173,-0.21725
4772.55000,-2.78875,2.38089,-0.20532
4772.60000,-2.78592,2.38033,-0.18870
4772.65000,-2.78426,2.38004,-0.16736
4772.70000,-2.78376,2.37998,-0.14153
4772.75000,-2.78357,2.37995,-0.11478
4772.80000,-2.78337,2.37993,-0.08840
4772.85000,-2.78316,2.37992,-0.06243
4772.90000,-2.78275,2.37985,-0.04650
4772.95000,-2.78004,2.37965,-0.04049
4773.00000,-2.77465,2.37934,-0.04538
4773.05000,-2.76652,2.37885,-0.06452
4773.10000,-2.75703,2.37811,-0.09005
4773.15000,-2.74770,2.37713,-0.11568
4773.20000,-2.73843,2.37607,-0.13364
4773.25000,-2.73016,2.37507,-0.14379
4773.30000,-2.72280,2.37415,-0.14962
4773.35000,-2.71564,2.37323,-0.15380
4773.40000,-2.70876,2.37232,-0.15646
4773.45000,-2.70220,2.37142,-0.15752
4773.50000,-2.69646,2.37057,-0.15498
4773.55000,-2.69196,2.36989,-0.14721
4773.60000,-2.68865,2.36944,-0.13451
4773.65000,-2.68656,2.36919,-0.11688
4773.70000,-2.68572,2.36912,-0.09437
4773.75000,-2.68552,2.36910,-0.06946
4773.80000,-2.68533,2.36909,-0.04487
4773.85000,-2.68514,2.36908,-0.02066
4773.90000,-2.68495,2.36908,0.00317
4773.95000,-2.68304,2.36915,0.02689
4774.00000,-2.67805,2.36937,0.04102
4774.05000,-2.67300,2.36959,0.03880
4774.10000,-2.66691,2.36987,0.03116
4774.15000,-2.65961,2.37017,0.01847
4774.20000,-2.65085,2.37027,-0.00176
4774.25000,-2.64117,2.37021,-0.01776
4774.30000,-2.63156,2.37012,-0.02440
4774.35000,-2.62198,2.36998,-0.02384
4774.40000,-2.61240,2.36982,-0.01975
4774.45000,-2.60435,2.36977,-0.01580
4774.50000,-2.59893,2.36971,-0.00741
4774.55000,-2.59013,2.36972,0.00920
4774.60000,-2.58016,2.36992,0.03049
4774.65000,-2.57017,2.37033,0.05171
4774.70000,-2.56019,2.37095,0.07264
4774.75000,-2.55023,2.37178,0.09329
4774.80000,-2.54028,2.37281,0.11365
4774.85000,-2.53036,2.37404,0.13371
4774.90000,-2.52005,2.37554,0.15519
4774.95000,-2.50965,2.37729,0.17694
4775.00000,-2.49935,2.37923,0.19803
4775.05000,-2.48962,2.38098,0.20864
4775.10000,-2.48027,2.38239,0.20125
4775.15000,-2.47108,2.38382,0.18515
4775.20000,-2.46192,2.38542,0.17431
4775.25000,-2.45243,2.38710,0.18391
4775.30000,-2.44235,2.38906,0.20261
4775.35000,-2.43229,2.39120,0.22207
4775.40000,-2.42238,2.39355,0.24171
4775.45000,-2.41244,2.39607,0.26058
4775.50000,-2.40250,2.39879,0.27870
4775.55000,-2.39267,2.40168,0.29558
4775.60000,-2.38283,2.40472,0.31288
4775.65000,-2.37366,2.40757,0.31771
4775.70000,-2.36482,2.41020,0.30392
4775.75000,-2.35704,2.41245,0.27162
4775.80000,-2.34909,2.41449,0.23018
4775.85000,-2.34116,2.41615,0.18143
4775.90000,-2.33260,2.41749,0.13040
4775.95000,-2.32392,2.41841,0.07972
4776.00000,-2.31519,2.41888,0.02955
4776.05000,-2.30643,2.41893,-0.01994
4776.10000,-2.29766,2.41854,-0.06895
4776.15000,-2.28892,2.41772,-0.11770
4776.20000,-2.28021,2.41647,-0.16587
4776.25000,-2.27156,2.41481,-0.21348
4776.30000,-2.26299,2.41273,-0.26070
4776.35000,-2.25449,2.41047,-0.30171
4776.40000,-2.24718,2.40861,-0.33310
4776.45000,-2.24102,2.40633,-0.36722
4776.50000,-2.23423,2.40368,-0.39766
4776.55000,-2.22759,2.40095,-0.41375
4776.60000,-2.22447,2.39990,-0.42340
4776.65000,-2.22217,2.39884,-0.42640
4776.70000,-2.22093,2.39832,-0.40829
4776.75000,-2.22029,2.39806,-0.38622
4776.80000,-2.21967,2.39781,-0.36388
4776.85000,-2.21936,2.39790,-0.35391
4776.90000,-2.21827,2.39745,-0.34946
4776.95000,-2.21677,2.39672,-0.33768
4777.00000,-2.21584,2.39666,-0.33152
4777.05000,-2.21447,2.39616,-0.33125
4777.10000,-2.21370,2.39590,-0.33091
4777.15000,-2.21172,2.39512,-0.34350
4777.20000,-2.20709,2.39336,-0.36936
4777.25000,-2.20068,2.39075,-0.40518
4777.30000,-2.19326,2.38739,-0.44656
4777.35000,-2.18551,2.38366,-0.48357
4777.40000,-2.17798,2.37976,-0.50360
4777.45000,-2.17216,2.37658,-0.50922
4777.50000,-2.16870,2.37471,-0.50035
4777.55000,-2.16729,2.37397,-0.48156
4777.60000,-2.16720,2.37392,-0.45782
4777.65000,-2.16712,2.37388,-0.43396
4777.70000,-2.16703,2.37385,-0.41016
4777.75000,-2.16695,2.37381,-0.38641
4777.80000,-2.16686,2.37377,-0.36275
4777.85000,-2.16677,2.37374,-0.33916
4777.90000,-2.16668,2.37371,-0.31566
4777.95000,-2.16659,2.37368,-0.29227
4778.00000,-2.16649,2.37366,-0.27686
4778.05000,-2.16560,2.37338,-0.27840
4778.10000,-2.16159,2.37216,-0.29488
4778.15000,-2.15494,2.37003,-0.32590
4778.20000,-2.14701,2.36717,-0.36275
4778.25000,-2.13815,2.36385,-0.39286
4778.30000,-2.13071,2.36117,-0.41561
4778.35000,-2.12576,2.35899,-0.43121
4778.40000,-2.12081,2.35678,-0.43949
4778.45000,-2.11586,2.35457,-0.44550
4778.50000,-2.11091,2.35235,-0.44908
4778.55000,-2.10596,2.35013,-0.44984
4778.60000,-2.10101,2.34788,-0.44023
4778.65000,-2.09607,2.34558,-0.41084
4778.70000,-2.09149,2.34366,-0.36021
4778.75000,-2.08898,2.34316,-0.30831
4778.80000,-2.08691,2.34308,-0.28673
4778.85000,-2.08440,2.34264,-0.29023
4778.90000,-2.07886,2.34084,-0.30990
4778.95000,-2.07120,2.33828,-0.33916
4779.00000,-2.06474,2.33589,-0.37772
4779.05000,-2.06176,2.33466,-0.42739
4779.10000,-2.06101,2.33430,-0.48574
4779.15000,-2.06083,2.33420,-0.54613
4779.20000,-2.06064,2.33407,-0.60591
4779.25000,-2.06043,2.33392,-0.66507
4779.30000,-2.06021,2.33374,-0.72363
4779.35000,-2.05998,2.33352,-0.78163
4779.40000,-2.05974,2.33327,-0.83909
4779.45000,-2.05949,2.33297,-0.89601
4779.50000,-2.05923,2.33263,-0.95241
4779.55000,-2.05897,2.33224,-1.00830
4779.60000,-2.05871,2.33180,-1.06370
4779.65000,-2.05845,2.33130,-1.11861
4779.70000,-2.05820,2.33074,-1.17303
4779.75000,-2.05796,2.33013,-1.22697
4779.80000,-2.05774,2.32944,-1.28044
4779.85000,-2.05754,2.32870,-1.33344
4779.90000,-2.05736,2.32789,-1.38598
4779.95000,-2.05723,2.32703,-1.43803
4780.00000,-2.05713,2.32613,-1.48957
4780.05000,-2.05708,2.32522,-1.54059
4780.10000,-2.05708,2.32431,-1.59105
4780.15000,-2.05712,2.32339,-1.64095
4780.20000,-2.05720,2.32247,-1.69027
4780.25000,-2.05725,2.32227,-1.74174
4780.30000,-2.05717,2.32264,-1.79508
4780.35000,-2.05707,2.32302,-1.84790
4780.40000,-2.05695,2.32338,-1.89995
4780.45000,-2.05705,2.32317,-1.94870
4780.50000,-2.05708,2.32313,-1.99743
4780.55000,-2.05705,2.32322,-2.04618
4780.60000,-2.05725,2.32288,-2.09226
4780.65000,-2.05773,2.32209,-2.13551
4780.70000,-2.05824,2.32133,-2.17809
4780.75000,-2.05877,2.32059,-2.22003
4780.80000,-2.05933,2.31988,-2.26133
4780.85000,-2.05992,2.31921,-2.30199
4780.90000,-2.06052,2.31856,-2.34200
4780.95000,-2.06114,2.31795,-2.38135
4781.00000,-2.06177,2.31737,-2.42006
4781.05000,-2.06242,2.31682,-2.45811
4781.10000,-2.06308,2.31630,-2.49550
4781.15000,-2.06574,2.31432,-2.53147
4781.20000,-2.07260,2.30969,-2.56411
4781.25000,-2.08072,2.30461,-2.60024
4781.30000,-2.08904,2.29984,-2.63679
4781.35000,-2.09785,2.29517,-2.67121
4781.40000,-2.10633,2.29106,-2.70708
4781.45000,-2.11547,2.28700,-2.74018
4781.50000,-2.12473,2.28324,-2.77269
4781.55000,-2.13412,2.27979,-2.80475
4781.60000,-2.14361,2.27663,-2.83657
4781.65000,-2.15319,2.27378,-2.86834
4781.70000,-2.16286,2.27124,-2.90034
4781.75000,-2.17197,2.26917,-2.93561
4781.80000,-2.18125,2.26741,-2.97194
4781.85000,-2.19046,2.26604,-3.01161
4781.90000,-2.19963,2.26507,-3.04923
4781.95000,-2.20367,2.26496,-3.09211
4782.00000,-2.20611,2.26491,3.13205
4782.05000,-2.20749,2.26496,3.06052
4782.10000,-2.20834,2.26506,2.98129
4782.15000,-2.20885,2.26516,2.91062
4782.20000,-2.20948,2.26543,2.86403
4782.25000,-2.21206,2.26652,2.84959
4782.30000,-2.21860,2.26866,2.85440
4782.35000,-2.22769,2.27127,2.87108
4782.40000,-2.23721,2.27381,2.88983
4782.45000,-2.24699,2.27621,2.90875
4782.50000,-2.25656,2.27839,2.92769
4782.55000,-2.26606,2.28038,2.94761
4782.60000,-2.27539,2.28212,2.96791
4782.65000,-2.28476,2.28366,2.98830
4782.70000,-2.29415,2.28502,3.00891
4782.75000,-2.30356,2.28617,3.02952
4782.80000,-2.31299,2.28713,3.05037
4782.85000,-2.32244,2.28790,3.07127
4782.90000,-2.33189,2.28847,3.09234
4782.95000,-2.34156,2.28884,3.11387
4783.00000,-2.35149,2.28900,3.13599
4783.05000,-2.36167,2.28895,-3.12476
4783.10000,-2.37174,2.28866,-3.10131
4783.15000,-2.38172,2.28814,-3.07767
4783.20000,-2.39149,2.28756,-3.06496
4783.25000,-2.40109,2.28709,-3.07134
4783.30000,-2.41025,2.28683,-3.09570
4783.35000,-2.41787,2.28675,-3.13616
4783.40000,-2.42280,2.28682,3.08797
4783.45000,-2.42611,2.28709,3.01759
4783.50000,-2.42805,2.28729,2.95081
4783.55000,-2.43012,2.28767,2.90303
4783.60000,-2.43244,2.28834,2.87351
4783.65000,-2.43555,2.28946,2.86400
4783.70000,-2.44233,2.29164,2.87458
4783.75000,-2.45239,2.29426,2.89852
4783.80000,-2.46272,2.29669,2.92312
4783.85000,-2.47292,2.29881,2.94655
4783.90000,-2.48316,2.30070,2.96996
4783.95000,-2.49362,2.30238,2.99405
4784.00000,-2.50413,2.30382,3.01810
4784.05000,-2.51466,2.30500,3.04200
4784.10000,-2.52523,2.30592,3.06611
4784.15000,-2.53492,2.30646,3.07928
4784.20000,-2.54385,2.30664,3.06867
4784.25000,-2.55119,2.30665,3.03672
4784.30000,-2.55636,2.30681,2.98634
4784.35000,-2.55995,2.30731,2.92285
4784.40000,-2.56123,2.30763,2.84923
4784.45000,-2.56182,2.30783,2.78418
4784.50000,-2.56272,2.30840,2.74495
4784.55000,-2.56384,2.30924,2.72100
4784.60000,-2.56507,2.31020,2.70719
4784.65000,-2.56703,2.31140,2.70138
4784.70000,-2.57049,2.31318,2.70307
4784.75000,-2.57607,2.31598,2.71435
4784.80000,-2.58428,2.31962,2.73742
4784.85000,-2.59353,2.32343,2.76464
4784.90000,-2.60287,2.32698,2.79146
4784.95000,-2.61231,2.33029,2.81816
4785.00000,-2.62183,2.33334,2.84465
4785.05000,-2.63143,2.33614,2.87108
4785.10000,-2.64110,2.33868,2.89724
4785.15000,-2.65084,2.34097,2.92354
4785.20000,-2.66034,2.34287,2.93624
4785.25000,-2.66849,2.34432,2.92295
4785.30000,-2.67280,2.34536,2.87991
4785.35000,-2.67559,2.34619,2.82123
4785.40000,-2.67669,2.34658,2.75434
4785.45000,-2.67703,2.34673,2.71073
4785.50000,-2.67746,2.34694,2.69777
4785.55000,-2.67887,2.34762,2.69173
4785.60000,-2.68145,2.34887,2.69128
4785.65000,-2.68524,2.35070,2.69668
4785.70000,-2.69032,2.35311,2.70824
4785.75000,-2.69686,2.35608,2.72633
4785.80000,-2.70530,2.35968,2.75235
4785.85000,-2.71460,2.36334,2.78155
4785.90000,-2.72401,2.36673,2.81044
4785.95000,-2.73351,2.36984,2.83945
4786.00000,-2.74269,2.37249,2.85404
4786.05000,-2.75039,2.37447,2.84158
4786.10000,-2.75450,2.37583,2.79958
4786.15000,-2.75697,2.37678,2.74263
4786.20000,-2.75768,2.37709,2.67791
4786.25000,-2.75785,2.37721,2.62281
4786.30000,-2.75810,2.37748,2.59568
4786.35000,-2.76037,2.37898,2.59687
4786.40000,-2.76571,2.38218,2.61493
4786.45000,-2.77245,2.38599,2.64208
4786.50000,-2.78075,2.39037,2.67449
4786.55000,-2.78954,2.39464,2.70550
4786.60000,-2.79846,2.39865,2.73626
4786.65000,-2.80767,2.40243,2.76705
4786.70000,-2.81602,2.40553,2.78392
4786.75000,-2.82424,2.40850,2.78323
4786.80000,-2.83197,2.41111,2.76118
4786.85000,-2.83813,2.41362,2.72188
4786.90000,-2.84177,2.41534,2.67128
4786.95000,-2.84274,2.41586,2.60895
4787.00000,-2.84291,2.41598,2.55430
4787.05000,-2.84322,2.41631,2.52623
4787.10000,-2.84598,2.41833,2.53043
4787.15000,-2.85132,2.42202,2.54868
4787.20000,-2.85849,2.42673,2.57560
4787.25000,-2.86670,2.43180,2.60710
4787.30000,-2.87543,2.43680,2.63801
4787.35000,-2.88424,2.44148,2.66725
4787.40000,-2.89312,2.44589,2.69777
4787.45000,-2.90200,2.44997,2.71824
4787.50000,-2.91076,2.45390,2.72059
4787.55000,-2.91867,2.45731,2.70016
4787.60000,-2.92297,2.45940,2.65422
4787.65000,-2.92409,2.46003,2.59350
4787.70000,-2.92428,2.46015,2.52859
4787.75000,-2.92444,2.46030,2.47543
4787.80000,-2.92475,2.46066,2.44761
4787.85000,-2.92675,2.46243,2.44751
4787.90000,-2.93081,2.46577,2.46197
4787.95000,-2.93634,2.47015,2.48498
4788.00000,-2.94348,2.47547,2.51663
4788.05000,-2.95101,2.48071,2.54956
4788.10000,-2.95870,2.48570,2.58270
4788.15000,-2.96655,2.49043,2.61607
4788.20000,-2.97454,2.49502,2.63842
4788.25000,-2.98232,2.49934,2.63919
4788.30000,-2.98873,2.50283,2.61332
4788.35000,-2.99304,2.50546,2.56946
4788.40000,-2.99485,2.50667,2.51374
4788.45000,-2.99504,2.50682,2.45033
4788.50000,-2.99519,2.50698,2.39888
4788.55000,-2.99544,2.50729,2.36646
4788.60000,-2.99581,2.50775,2.34417
4788.65000,-2.99628,2.50834,2.33163
4788.70000,-2.99717,2.50934,2.32822
4788.75000,-2.99970,2.51203,2.33513
4788.80000,-3.00498,2.51743,2.35833
4788.85000,-3.01207,2.52426,2.39050
4788.90000,-3.01949,2.53096,2.42430
4788.95000,-3.02713,2.53741,2.45647
4789.00000,-3.03472,2.54341,2.49361
4789.05000,-3.04127,2.54815,2.53885
4789.10000,-3.04662,2.55174,2.57751
4789.15000,-3.05123,2.55451,2.58621
4789.20000,-3.05463,2.55632,2.56245
4789.25000,-3.05695,2.55792,2.51687
4789.30000,-3.06096,2.56098,2.46756
4789.35000,-3.06570,2.56498,2.41421
4789.40000,-3.07079,2.56977,2.35788
4789.45000,-3.07577,2.57478,2.30887
4789.50000,-3.08106,2.58041,2.29107
4789.55000,-3.08666,2.58663,2.29756
4789.60000,-3.09227,2.59279,2.32342
4789.65000,-3.09854,2.59927,2.35688
4789.70000,-3.10470,2.60519,2.39879
4789.75000,-3.10980,2.60966,2.45111
4789.80000,-3.11454,2.61351,2.49479
4789.85000,-3.11882,2.61683,2.50542
4789.90000,-3.12210,2.61917,2.48538
4789.95000,-3.12485,2.62139,2.44359
4790.00000,-3.12871,2.62479,2.39550
4790.05000,-3.13270,2.62869,2.34047
4790.10000,-3.13675,2.63290,2.29305
4790.15000,-3.14127,2.63764,2.27088
4790.20000,-3.14575,2.64275,2.28238
4790.25000,-3.14950,2.64697,2.31412
4790.30000,-3.15452,2.65223,2.35314
4790.35000,-3.16038,2.65787,2.39772
4790.40000,-3.16694,2.66363,2.44623
4790.45000,-3.17420,2.66937,2.49725
4790.50000,-3.18201,2.67493,2.55012
4790.55000,-3.19030,2.68017,2.60438
4790.60000,-3.19902,2.68505,2.65913
4790.65000,-3.20798,2.68946,2.71203
4790.70000,-3.21698,2.69329,2.76658
4790.75000,-3.22629,2.69666,2.82211
4790.80000,-3.23579,2.69951,2.87864
4790.85000,-3.24539,2.70180,2.93612
4790.90000,-3.25504,2.70351,2.99440
4790.95000,-3.26392,2.70456,3.05628
4791.00000,-3.27233,2.70500,3.12041
4791.05000,-3.27980,2.70492,-3.09485
4791.10000,-3.28709,2.70433,-3.02608
4791.15000,-3.29442,2.70322,-2.95752
4791.20000,-3.30175,2.70160,-2.88917
4791.25000,-3.30905,2.69944,-2.82117
4791.30000,-3.31630,2.69676,-2.75354
4791.35000,-3.32346,2.69355,-2.68631
4791.40000,-3.33050,2.68981,-2.61951
4791.45000,-3.33737,2.68554,-2.55317
4791.50000,-3.34405,2.68076,-2.48730
4791.55000,-3.35050,2.67547,-2.42192
4791.60000,-3.35667,2.66970,-2.35695
4791.65000,-3.36253,2.66345,-2.29242
4791.70000,-3.36806,2.65674,-2.22844
4791.75000,-3.37325,2.64956,-2.16504
4791.80000,-3.37802,2.64199,-2.10201
4791.85000,-3.38239,2.63400,-2.03959
4791.90000,-3.38629,2.62566,-1.97759
4791.95000,-3.38972,2.61699,-1.91603
4792.00000,-3.39194,2.60996,-1.85416
4792.05000,-3.39273,2.60689,-1.78718
4792.10000,-3.39300,2.60548,-1.71398
4792.15000,-3.39304,2.60513,-1.63713
4792.20000,-3.39304,2.60488,-1.56068
4792.25000,-3.39303,2.60463,-1.48514
4792.30000,-3.39300,2.60438,-1.41055
4792.35000,-3.39295,2.60413,-1.33692
4792.40000,-3.39288,2.60389,-1.26425
4792.45000,-3.39280,2.60366,-1.19256
4792.50000,-3.39270,2.60343,-1.12187
4792.55000,-3.39258,2.60321,-1.05217
4792.60000,-3.39245,2.60299,-0.98349
4792.65000,-3.39231,2.60279,-0.91582
4792.70000,-3.39215,2.60260,-0.84918
4792.75000,-3.39198,2.60242,-0.78357
4792.80000,-3.39179,2.60224,-0.71901
4792.85000,-3.39160,2.60209,-0.65549
4792.90000,-3.39140,2.60194,-0.59303
4792.95000,-3.39118,2.60181,-0.53162
4793.00000,-3.39097,2.60169,-0.47128
4793.05000,-3.39074,2.60158,-0.41200
4793.10000,-3.39051,2.60149,-0.35379
4793.15000,-3.39027,2.60143,-0.30634
4793.20000,-3.38780,2.60060,-0.27818
4793.25000,-3.38159,2.59878,-0.26834
4793.30000,-3.37281,2.59631,-0.27227
4793.35000,-3.36339,2.59363,-0.28019
4793.40000,-3.35398,2.59087,-0.28842
4793.45000,-3.34463,2.58805,-0.29729
4793.50000,-3.33529,2.58514,-0.30654
4793.55000,-3.32597,2.58213,-0.31649
4793.60000,-3.31673,2.57904,-0.32687
4793.65000,-3.30753,2.57587,-0.33767
4793.70000,-3.29838,2.57260,-0.34900
4793.75000,-3.28928,2.56923,-0.36060
4793.80000,-3.28021,2.56576,-0.37246
4793.85000,-3.27121,2.56218,-0.38482
4793.90000,-3.26226,2.55849,-0.39765
4793.95000,-3.25335,2.55468,-0.41042
4794.00000,-3.24445,2.55072,-0.42362
4794.05000,-3.23561,2.54664,-0.43711
4794.10000,-3.22676,2.54242,-0.45046
4794.15000,-3.21790,2.53805,-0.46421
4794.20000,-3.20926,2.53362,-0.47853
4794.25000,-3.20055,2.52901,-0.49281
4794.30000,-3.19195,2.52429,-0.50733
4794.35000,-3.18351,2.51949,-0.52198
4794.40000,-3.17506,2.51452,-0.53702
4794.45000,-3.16682,2.50953,-0.55229
4794.50000,-3.15868,2.50443,-0.56795
4794.55000,-3.15064,2.49920,-0.58418
4794.60000,-3.14264,2.49396,-0.59223
4794.65000,-3.13554,2.48923,-0.58588
4794.70000,-3.13045,2.48590,-0.56912
4794.75000,-3.12775,2.48422,-0.54069
4794.80000,-3.12725,2.48393,-0.50209
4794.85000,-3.12705,2.48382,-0.46239
4794.90000,-3.12675,2.48368,-0.43396
4794.95000,-3.12373,2.48226,-0.42329
4795.00000,-3.11737,2.47936,-0.42825
4795.05000,-3.10905,2.47546,-0.44553
4795.10000,-3.10047,2.47125,-0.46439
4795.15000,-3.09197,2.46688,-0.48320
4795.20000,-3.08357,2.46235,-0.50233
4795.25000,-3.07592,2.45821,-0.50561
4795.30000,-3.07034,2.45527,-0.49280
4795.35000,-3.06765,2.45401,-0.46617
4795.40000,-3.06696,2.45369,-0.42899
4795.45000,-3.06676,2.45360,-0.39385
4795.50000,-3.06645,2.45346,-0.36977
4795.55000,-3.06313,2.45211,-0.36370
4795.60000,-3.05742,2.44986,-0.36932
4795.65000,-3.04939,2.44664,-0.38762
4795.70000,-3.04069,2.44298,-0.41001
4795.75000,-3.03207,2.43912,-0.43228
4795.80000,-3.02337,2.43502,-0.44642
4795.85000,-3.01532,2.43115,-0.45031
4795.90000,-3.00845,2.42784,-0.44697
4795.95000,-3.00231,2.42493,-0.43902
4796.00000,-2.99691,2.42243,-0.42657
4796.05000,-2.99225,2.42036,-0.40974
4796.10000,-2.98834,2.41872,-0.38861
4796.15000,-2.98521,2.41748,-0.36330
4796.20000,-2.98287,2.41663,-0.33390
4796.25000,-2.98121,2.41609,-0.30118
4796.30000,-2.97996,2.41575,-0.28202
4796.35000,-2.97641,2.41470,-0.27642
4796.40000,-2.97088,2.41306,-0.28132
4796.45000,-2.96251,2.41053,-0.30121
4796.50000,-2.95356,2.40763,-0.32454
4796.55000,-2.94468,2.40453,-0.34774
4796.60000,-2.93586,2.40137,-0.36550
4796.65000,-2.92780,2.39838,-0.37168
4796.70000,-2.92248,2.39645,-0.36204
4796.75000,-2.91861,2.39503,-0.34400
4796.80000,-2.91558,2.39399,-0.32140
4796.85000,-2.91341,2.39330,-0.29439
4796.90000,-2.91210,2.39293,-0.26316
4796.95000,-2.91115,2.39269,-0.23074
4797.00000,-2.91017,2.39247,-0.19867
4797.05000,-2.90930,2.39229,-0.17996
4797.10000,-2.90600,2.39156,-0.17541
4797.15000,-2.90019,2.39044,-0.18383
4797.20000,-2.89172,2.38875,-0.20618
4797.25000,-2.88258,2.38671,-0.23194
4797.30000,-2.87350,2.38444,-0.25723
4797.35000,-2.86446,2.38211,-0.27710
4797.40000,-2.85640,2.37987,-0.28587
4797.45000,-2.85049,2.37823,-0.28244
4797.50000,-2.84630,2.37713,-0.26961
4797.55000,-2.84371,2.37646,-0.24847
4797.60000,-2.84195,2.37604,-0.22311
4797.65000,-2.84094,2.37583,-0.19435
4797.70000,-2.84032,2.37572,-0.16654
4797.75000,-2.83990,2.37565,-0.14006
4797.80000,-2.83926,2.37551,-0.12433
4797.85000,-2.83626,2.37504,-0.12004
4797.90000,-2.83050,2.37422,-0.12954
4797.95000,-2.82221,2.37302,-0.15223
4798.00000,-2.81302,2.37148,-0.17965
4798.05000,-2.80388,2.36969,-0.20694
4798.10000,-2.79465,2.36766,-0.22664
4798.15000,-2.78677,2.36586,-0.23625
4798.20000,-2.77982,2.36420,-0.24110
4798.25000,-2.77454,2.36297,-0.23757
4798.30000,-2.77088,2.36212,-0.22734
4798.35000,-2.76831,2.36155,-0.21246
4798.40000,-2.76688,2.36126,-0.19300
4798.45000,-2.76649,2.36120,-0.16939
4798.50000,-2.76629,2.36117,-0.14522
4798.55000,-2.76609,2.36114,-0.12136
4798.60000,-2.76589,2.36112,-0.09783
4798.65000,-2.76569,2.36110,-0.07461
4798.70000,-2.76549,2.36109,-0.05173
4798.75000,-2.76463,2.36103,-0.04138
4798.80000,-2.76124,2.36083,-0.04074
4798.85000,-2.75547,2.36050,-0.05133
4798.90000,-2.74703,2.35993,-0.07409
4798.95000,-2.73707,2.35906,-0.09991
4799.00000,-2.72719,2.35812,-0.12065
4799.05000,-2.71904,2.35730,-0.13291
4799.10000,-2.71209,2.35657,-0.13953
4799.15000,-2.70528,2.35584,-0.14455
4799.20000,-2.69869,2.35512,-0.14827
4799.25000,-2.69233,2.35441,-0.15074
4799.30000,-2.68620,2.35370,-0.15199
4799.35000,-2.68041,2.35300,-0.15150
4799.40000,-2.67595,2.35236,-0.14544
4799.45000,-2.67265,2.35191,-0.13454
4799.50000,-2.67048,2.35165,-0.11903
4799.55000,-2.66945,2.35155,-0.09897
4799.60000,-2.66923,2.35153,-0.07586
4799.65000,-2.66904,2.35152,-0.05289
4799.70000,-2.66885,2.35151,-0.03024
4799.75000,-2.66866,2.35151,-0.00791
4799.80000,-2.66847,2.35151,0.01408
4799.85000,-2.66641,2.35163,0.03609
4799.90000,-2.65870,2.35205,0.05820
4799.95000,-2.64904,2.35274,0.07470
4800.00000,-2.63927,2.35355,0.08203
4800.05000,-2.62953,2.35436,0.08161
4800.10000,-2.61974,2.35522,0.07322
4800.15000,-2.60978,2.35599,0.05508
4800.20000,-2.59993,2.35639,0.02883
4800.25000,-2.59024,2.35656,0.01319
4800.30000,-2.58091,2.35670,0.02221
4800.35000,-2.57094,2.35701,0.04005
4800.40000,-2.56096,2.35750,0.05795
4800.45000,-2.55098,2.35816,0.07564
4800.50000,-2.54101,2.35901,0.09311
4800.55000,-2.53107,2.36002,0.11038
4800.60000,-2.52114,2.36121,0.12742
4800.65000,-2.51123,2.36256,0.14425
4800.70000,-2.50135,2.36408,0.16085
4800.75000,-2.49148,2.36577,0.17726
4800.80000,-2.48127,2.36767,0.19485
4800.85000,-2.47108,2.36977,0.21236
4800.90000,-2.46093,2.37204,0.22958
4800.95000,-2.45085,2.37447,0.24639
4801.00000,-2.44145,2.37667,0.25169
4801.05000,-2.43241,2.37853,0.24484
4801.10000,-2.42350,2.38030,0.22903
4801.15000,-2.41479,2.38221,0.21787
4801.20000,-2.40560,2.38433,0.22465
4801.25000,-2.39557,2.38671,0.23940
4801.30000,-2.38552,2.38924,0.25435
4801.35000,-2.37552,2.39191,0.26908
4801.40000,-2.36584,2.39438,0.27385
4801.45000,-2.35814,2.39630,0.27284
4801.50000,-2.34928,2.39884,0.28237
4801.55000,-2.33974,2.40146,0.28668
4801.60000,-2.33041,2.40388,0.28024
4801.65000,-2.32126,2.40615,0.26351
4801.70000,-2.31222,2.40834,0.23519
4801.75000,-2.30336,2.41032,0.19418
4801.80000,-2.29539,2.41167,0.14220
4801.85000,-2.28700,2.41264,0.08748
4801.90000,-2.27838,2.41315,0.03267
4801.95000,-2.26974,2.41320,-0.02132
4802.00000,-2.26108,2.41279,-0.07459
4802.05000,-2.25245,2.41191,-0.12734
4802.10000,-2.24386,2.41058,-0.17955
4802.15000,-2.23533,2.40880,-0.23116
4802.20000,-2.22691,2.40659,-0.28211
4802.25000,-2.21859,2.40395,-0.33246
4802.30000,-2.21041,2.40089,-0.38208
4802.35000,-2.20235,2.39742,-0.43103
4802.40000,-2.19440,2.39376,-0.47326
4802.45000,-2.18757,2.39080,-0.50625
4802.50000,-2.18333,2.38844,-0.52242
4802.55000,-2.17936,2.38616,-0.52164
4802.60000,-2.17606,2.38428,-0.51551
4802.65000,-2.17348,2.38284,-0.50429
4802.70000,-2.17164,2.38184,-0.48812
4802.75000,-2.17055,2.38128,-0.46712
4802.80000,-2.16994,2.38098,-0.44317
4802.85000,-2.16932,2.38068,-0.41905
4802.90000,-2.16870,2.38039,-0.39492
4802.95000,-2.16803,2.38012,-0.37078
4803.00000,-2.16736,2.37985,-0.34663
4803.05000,-2.16699,2.37977,-0.33758
4803.10000,-2.16512,2.37904,-0.34869
4803.15000,-2.16132,2.37765,-0.35501
4803.20000,-2.15862,2.37682,-0.35763
4803.25000,-2.15619,2.37591,-0.36010
4803.30000,-2.15440,2.37536,-0.35668
4803.35000,-2.15264,2.37479,-0.35292
4803.40000,-2.15138,2.37435,-0.35022
4803.45000,-2.14865,2.37325,-0.36761
4803.50000,-2.14377,2.37129,-0.39699
4803.55000,-2.13741,2.36848,-0.43385
4803.60000,-2.13057,2.36529,-0.46055
4803.65000,-2.12378,2.36195,-0.47039
4803.70000,-2.11821,2.35919,-0.46402
4803.75000,-2.11321,2.35672,-0.45009
4803.80000,-2.10993,2.35519,-0.42276
4803.85000,-2.10834,2.35451,-0.38110
4803.90000,-2.10816,2.35444,-0.32581
4803.95000,-2.10813,2.35443,-0.26344
4804.00000,-2.10808,2.35443,-0.20984
4804.05000,-2.10808,2.35453,-0.18039
4804.10000,-2.10844,2.35461,-0.17801
4804.15000,-2.10679,2.35419,-0.18936
4804.20000,-2.10149,2.35307,-0.21564
4804.25000,-2.09406,2.35128,-0.25306
4804.30000,-2.08560,2.34893,-0.29476
4804.35000,-2.07711,2.34614,-0.34029
4804.40000,-2.06869,2.34294,-0.38530
4804.45000,-2.06176,2.34004,-0.42999
4804.50000,-2.05845,2.33845,-0.48276
4804.55000,-2.05753,2.33794,-0.54523
4804.60000,-2.05727,2.33777,-0.61033
4804.65000,-2.05701,2.33757,-0.67484
4804.70000,-2.05672,2.33733,-0.73873
4804.75000,-2.05643,2.33705,-0.80202
4804.80000,-2.05613,2.33671,-0.86471
4804.85000,-2.05583,2.33633,-0.92682
4804.90000,-2.05552,2.33590,-0.98834
4804.95000,-2.05522,2.33540,-1.04930
4805.00000,-2.05492,2.33485,-1.10968
4805.05000,-2.05464,2.33424,-1.16951
4805.10000,-2.05438,2.33356,-1.22877
4805.15000,-2.05414,2.33282,-1.28748
4805.20000,-2.05393,2.33202,-1.34561
4805.25000,-2.05377,2.33120,-1.40315
4805.30000,-2.05365,2.33035,-1.46007
4805.35000,-2.05358,2.32949,-1.51636
4805.40000,-2.05356,2.32862,-1.57199
4805.45000,-2.05358,2.32775,-1.62696
4805.50000,-2.05365,2.32689,-1.68126
4805.55000,-2.05377,2.32603,-1.73488
4805.60000,-2.05394,2.32518,-1.78781
4805.65000,-2.05415,2.32434,-1.84006
4805.70000,-2.05440,2.32351,-1.89160
4805.75000,-2.05469,2.32270,-1.94243
4805.80000,-2.05502,2.32191,-1.99254
4805.85000,-2.05538,2.32115,-2.04194
4805.90000,-2.05579,2.32041,-2.09061
4805.95000,-2.05622,2.31969,-2.13855
4806.00000,-2.05668,2.31900,-2.18576
4806.05000,-2.05717,2.31834,-2.23223
4806.10000,-2.05768,2.31772,-2.27796
4806.15000,-2.05822,2.31712,-2.32295
4806.20000,-2.05877,2.31655,-2.36718
4806.25000,-2.05935,2.31601,-2.41067
4806.30000,-2.05993,2.31551,-2.45340
4806.35000,-2.06053,2.31503,-2.49537
4806.40000,-2.06115,2.31459,-2.53659
4806.45000,-2.06392,2.31271,-2.57564
4806.50000,-2.07039,2.30877,-2.61263
4806.55000,-2.07832,2.30436,-2.65264
4806.60000,-2.08631,2.30034,-2.69513
4806.65000,-2.09447,2.29665,-2.73686
4806.70000,-2.10281,2.29329,-2.77772
4806.75000,-2.11128,2.29026,-2.81779
4806.80000,-2.11990,2.28757,-2.85707
4806.85000,-2.12862,2.28521,-2.89563
4806.90000,-2.13745,2.28318,-2.93349
4806.95000,-2.14637,2.28148,-2.97072
4807.00000,-2.15535,2.28011,-3.00736
4807.05000,-2.16439,2.27906,-3.04353
4807.10000,-2.17348,2.27834,-3.07926
4807.15000,-2.18259,2.27794,-3.11471
4807.20000,-2.19160,2.27783,-3.13782
4807.25000,-2.20082,2.27781,-3.13885
4807.30000,-2.21037,2.27775,-3.13000
4807.35000,-2.22022,2.27764,-3.12917
4807.40000,-2.22915,2.27761,3.13358
4807.45000,-2.23728,2.27774,3.11734
4807.50000,-2.24612,2.27796,3.12163
4807.55000,-2.25610,2.27810,3.13301
4807.60000,-2.26616,2.27813,-3.13837
4807.65000,-2.27585,2.27804,-3.12613
4807.70000,-2.28554,2.27783,-3.11369
4807.75000,-2.29521,2.27750,-3.10085
4807.80000,-2.30488,2.27704,-3.08783
4807.85000,-2.31453,2.27646,-3.07468
4807.90000,-2.32416,2.27575,-3.06113
4807.95000,-2.33378,2.27490,-3.04723
4808.00000,-2.34342,2.27395,-3.03732
4808.05000,-2.35307,2.27297,-3.03716
4808.10000,-2.36266,2.27202,-3.05083
4808.15000,-2.37129,2.27147,-3.08610
4808.20000,-2.37576,2.27139,3.13741
4808.25000,-2.37795,2.27148,3.06314
4808.30000,-2.37949,2.27164,3.01165
4808.35000,-2.38191,2.27206,2.98998
4808.40000,-2.38792,2.27305,2.98619
4808.45000,-2.39701,2.27444,2.99546
4808.50000,-2.40695,2.27583,3.00865
4808.55000,-2.41651,2.27704,3.02295
4808.60000,-2.42609,2.27811,3.03748
4808.65000,-2.43568,2.27904,3.05218
4808.70000,-2.44527,2.27983,3.06700
4808.75000,-2.45488,2.28048,3.08198
4808.80000,-2.46449,2.28098,3.09710
4808.85000,-2.47385,2.28129,3.10272
4808.90000,-2.48247,2.28145,3.08663
4808.95000,-2.48976,2.28164,3.05054
4809.00000,-2.49605,2.28206,3.00118
4809.05000,-2.50069,2.28276,2.93885
4809.10000,-2.50362,2.28316,2.87811
4809.15000,-2.50658,2.28366,2.83903
4809.20000,-2.50983,2.28449,2.81922
4809.25000,-2.51371,2.28581,2.81190
4809.30000,-2.51917,2.28780,2.81205
4809.35000,-2.52595,2.29045,2.81815
4809.40000,-2.53433,2.29343,2.83118
4809.45000,-2.54425,2.29651,2.85067
4809.50000,-2.55423,2.29939,2.87036
4809.55000,-2.56438,2.30210,2.89031
4809.60000,-2.57458,2.30461,2.91069
4809.65000,-2.58484,2.30691,2.93100
4809.70000,-2.59513,2.30900,2.95119
4809.75000,-2.60547,2.31089,2.97153
4809.80000,-2.61491,2.31209,2.98148
4809.85000,-2.62336,2.31229,2.97076
4809.90000,-2.63003,2.31227,2.93562
4809.95000,-2.63467,2.31272,2.88270
4810.00000,-2.63761,2.31350,2.81607
4810.05000,-2.63935,2.31410,2.75395
4810.10000,-2.64146,2.31513,2.71985
4810.15000,-2.64425,2.31677,2.71138
4810.20000,-2.64821,2.31875,2.70965
4810.25000,-2.65523,2.32216,2.72149
4810.30000,-2.66460,2.32630,2.74381
4810.35000,-2.67436,2.33027,2.76737
4810.40000,-2.68402,2.33393,2.78967
4810.45000,-2.69342,2.33727,2.81068
4810.50000,-2.70289,2.34042,2.83123
4810.55000,-2.71284,2.34348,2.85376
4810.60000,-2.72223,2.34585,2.86632
4810.65000,-2.73095,2.34750,2.86065
4810.70000,-2.73846,2.34860,2.83189
4810.75000,-2.74450,2.35003,2.78558
4810.80000,-2.74855,2.35161,2.72657
4810.85000,-2.74994,2.35226,2.65633
4810.90000,-2.75034,2.35250,2.59316
4810.95000,-2.75102,2.35308,2.55752
4811.00000,-2.75357,2.35487,2.55180
4811.05000,-2.75945,2.35878,2.56457
4811.10000,-2.76744,2.36388,2.58615
4811.15000,-2.77654,2.36937,2.61191
4811.20000,-2.78525,2.37432,2.63772
4811.25000,-2.79402,2.37900,2.66260
4811.30000,-2.80300,2.38351,2.68661
4811.35000,-2.81212,2.38783,2.71079
4811.40000,-2.82118,2.39192,2.73440
4811.45000,-2.83039,2.39576,2.75740
4811.50000,-2.83917,2.39916,2.76778
4811.55000,-2.84750,2.40209,2.75848
4811.60000,-2.85448,2.40458,2.72727
4811.65000,-2.85994,2.40710,2.68034
4811.70000,-2.86297,2.40869,2.62135
4811.75000,-2.86356,2.40905,2.55164
4811.80000,-2.86373,2.40919,2.49179
4811.85000,-2.86420,2.40968,2.46275
4811.90000,-2.86680,2.41184,2.46021
4811.95000,-2.87250,2.41642,2.47466
4812.00000,-2.88015,2.42230,2.49819
4812.05000,-2.88878,2.42859,2.52570
4812.10000,-2.89757,2.43463,2.55265
4812.15000,-2.90652,2.44043,2.57934
4812.20000,-2.91546,2.44589,2.60598
4812.25000,-2.92390,2.45079,2.63169
4812.30000,-2.93266,2.45554,2.65642
4812.35000,-2.94093,2.45979,2.66802
4812.40000,-2.94706,2.46296,2.64874
4812.45000,-2.95071,2.46502,2.60429
4812.50000,-2.95286,2.46637,2.54570
4812.55000,-2.95345,2.46679,2.47976
4812.60000,-2.95361,2.46695,2.42440
4812.65000,-2.95385,2.46727,2.39563
4812.70000,-2.95412,2.46762,2.38036
4812.75000,-2.95643,2.46988,2.38038
4812.80000,-2.96243,2.47551,2.40078
4812.85000,-2.96979,2.48206,2.42794
4812.90000,-2.97744,2.48851,2.45496
4812.95000,-2.98525,2.49474,2.48192
4813.00000,-2.99324,2.50076,2.50889
4813.05000,-3.00138,2.50657,2.53612
4813.10000,-3.00968,2.51214,2.56372
4813.15000,-3.01773,2.51727,2.57729
4813.20000,-3.02473,2.52168,2.56499
4813.25000,-3.02836,2.52414,2.52270
4813.30000,-3.03205,2.52692,2.47011
4813.35000,-3.03644,2.53063,2.41380
4813.40000,-3.04025,2.53423,2.35006
4813.45000,-3.04357,2.53762,2.29510
4813.50000,-3.04701,2.54122,2.26811
4813.55000,-3.05064,2.54540,2.27663
4813.60000,-3.05514,2.55059,2.29518
4813.65000,-3.06121,2.55726,2.32259
4813.70000,-3.06814,2.56446,2.35324
4813.75000,-3.07529,2.57142,2.38676
4813.80000,-3.08269,2.57814,2.42150
4813.85000,-3.08921,2.58365,2.46078
4813.90000,-3.09481,2.58812,2.49524
4813.95000,-3.10008,2.59216,2.50001
4814.00000,-3.10455,2.59557,2.47505
4814.05000,-3.10808,2.59847,2.43112
4814.10000,-3.11199,2.60202,2.37934
4814.15000,-3.11642,2.60649,2.32399
4814.20000,-3.12052,2.61114,2.26301
4814.25000,-3.12441,2.61589,2.21347
4814.30000,-3.12847,2.62092,2.19690
4814.35000,-3.13225,2.62599,2.20937
4814.40000,-3.13651,2.63156,2.23683
4814.45000,-3.14172,2.63797,2.27206
4814.50000,-3.14780,2.64489,2.31254
4814.55000,-3.15456,2.65195,2.35696
4814.60000,-3.16170,2.65875,2.40491
4814.65000,-3.16921,2.66522,2.45558
4814.70000,-3.17710,2.67136,2.50563
4814.75000,-3.18529,2.67710,2.55491
4814.80000,-3.19375,2.68243,2.60385
4814.85000,-3.20239,2.68729,2.65458
4814.90000,-3.21134,2.69173,2.70622
4814.95000,-3.22051,2.69571,2.75821
4815.00000,-3.22984,2.69919,2.81131
4815.05000,-3.23938,2.70218,2.86374
4815.10000,-3.24890,2.70462,2.91779
4815.15000,-3.25841,2.70650,2.97388
4815.20000,-3.26776,2.70781,3.03200
4815.25000,-3.27671,2.70852,3.09253
4815.30000,-3.28484,2.70867,-3.12627
4815.35000,-3.29271,2.70829,-3.06041
4815.40000,-3.30025,2.70742,-2.99312
4815.45000,-3.30787,2.70602,-2.92611
4815.50000,-3.31547,2.70408,-2.85928
4815.55000,-3.32305,2.70161,-2.79278
4815.60000,-3.33055,2.69860,-2.72664
4815.65000,-3.33793,2.69505,-2.66081
4815.70000,-3.34517,2.69097,-2.59540
4815.75000,-3.35223,2.68636,-2.53045
4815.80000,-3.35908,2.68122,-2.46598
4815.85000,-3.36566,2.67558,-2.40190
4815.90000,-3.37196,2.66946,-2.33824
4815.95000,-3.37794,2.66285,-2.27512
4816.00000,-3.38359,2.65576,-2.21255
4816.05000,-3.38884,2.64826,-2.15036
4816.10000,-3.39370,2.64031,-2.08877
4816.15000,-3.39811,2.63199,-2.02757
4816.20000,-3.40205,2.62332,-1.96681
4816.25000,-3.40551,2.61429,-1.90659
4816.30000,-3.40778,2.60699,-1.84650
4816.35000,-3.40854,2.60390,-1.78145
4816.40000,-3.40878,2.60261,-1.71002
4816.45000,-3.40881,2.60231,-1.63517
4816.50000,-3.40882,2.60206,-1.56091
4816.55000,-3.40881,2.60181,-1.48753
4816.60000,-3.40878,2.60156,-1.41504
4816.65000,-3.40873,2.60132,-1.34345
4816.70000,-3.40866,2.60107,-1.27278
4816.75000,-3.40858,2.60083,-1.20305
4816.80000,-3.40848,2.60060,-1.13426
4816.85000,-3.40837,2.60038,-1.06642
4816.90000,-3.40824,2.60016,-0.99954
4816.95000,-3.40810,2.59996,-0.93363
4817.00000,-3.40794,2.59976,-0.86870
4817.05000,-3.40777,2.59957,-0.80476
4817.10000,-3.40759,2.59940,-0.74181
4817.15000,-3.40740,2.59923,-0.67986
4817.20000,-3.40720,2.59908,-0.61892
4817.25000,-3.40699,2.59894,-0.55898
4817.30000,-3.40677,2.59881,-0.50007
4817.35000,-3.40655,2.59870,-0.44218
4817.40000,-3.40632,2.59860,-0.38530
4817.45000,-3.40608,2.59851,-0.32946
4817.50000,-3.40585,2.59846,-0.28399
4817.55000,-3.40384,2.59780,-0.25759
4817.60000,-3.39801,2.59622,-0.24804
4817.65000,-3.38943,2.59396,-0.25393
4817.70000,-3.37999,2.59145,-0.26475
4817.75000,-3.37061,2.58885,-0.27614
4817.80000,-3.36125,2.58614,-0.28756
4817.85000,-3.35195,2.58332,-0.29964
4817.90000,-3.34254,2.58036,-0.31293
4817.95000,-3.33329,2.57729,-0.32604
4818.00000,-3.32407,2.57410,-0.33943
4818.05000,-3.31494,2.57080,-0.35302
4818.10000,-3.30591,2.56741,-0.36700
4818.15000,-3.29692,2.56388,-0.38105
4818.20000,-3.28800,2.56024,-0.39559
4818.25000,-3.27915,2.55646,-0.41061
4818.30000,-3.27035,2.55256,-0.42586
4818.35000,-3.26163,2.54852,-0.44156
4818.40000,-3.25296,2.54434,-0.45685
4818.45000,-3.24435,2.54002,-0.47290
4818.50000,-3.23583,2.53557,-0.48884
4818.55000,-3.22738,2.53099,-0.50497
4818.60000,-3.21901,2.52627,-0.52126
4818.65000,-3.21074,2.52143,-0.53792
4818.70000,-3.20253,2.51644,-0.55444
4818.75000,-3.19444,2.51133,-0.57123
4818.80000,-3.18643,2.50609,-0.58786
4818.85000,-3.17850,2.50071,-0.60524
4818.90000,-3.17114,2.49557,-0.61006
4818.95000,-3.16378,2.49042,-0.60606
4819.00000,-3.15699,2.48576,-0.59675
4819.05000,-3.15089,2.48167,-0.58262
4819.10000,-3.14548,2.47818,-0.56384
4819.15000,-3.14219,2.47617,-0.53750
4819.20000,-3.14141,2.47572,-0.50060
4819.25000,-3.14120,2.47561,-0.46129
4819.30000,-3.14095,2.47550,-0.43293
4819.35000,-3.13802,2.47411,-0.42156
4819.40000,-3.13284,2.47176,-0.42236
4819.45000,-3.12537,2.46830,-0.43595
4819.50000,-3.11680,2.46420,-0.45611
4819.55000,-3.10830,2.45992,-0.47591
4819.60000,-3.09990,2.45549,-0.49564
4819.65000,-3.09140,2.45081,-0.50713
4819.70000,-3.08400,2.44674,-0.50534
4819.75000,-3.07818,2.44356,-0.49546
4819.80000,-3.07344,2.44104,-0.48026
4819.85000,-3.06983,2.43921,-0.45974
4819.90000,-3.06741,2.43805,-0.43385
4819.95000,-3.06623,2.43753,-0.40258
4820.00000,-3.06599,2.43744,-0.36756
4820.05000,-3.06567,2.43732,-0.34306
4820.10000,-3.06221,2.43603,-0.33655
4820.15000,-3.05537,2.43357,-0.34619
4820.20000,-3.04668,2.43032,-0.36584
4820.25000,-3.03756,2.42671,-0.38649
4820.30000,-3.02841,2.42286,-0.40653
4820.35000,-3.01962,2.41896,-0.42801
4820.40000,-3.01122,2.41513,-0.44098
4820.45000,-3.00411,2.41187,-0.44044
4820.50000,-2.99883,2.40942,-0.43071
4820.55000,-2.99476,2.40759,-0.41530
4820.60000,-2.99194,2.40639,-0.39425
4820.65000,-2.99044,2.40579,-0.36757
4820.70000,-2.99009,2.40567,-0.33614
4820.75000,-2.98991,2.40561,-0.30432
4820.80000,-2.98931,2.40540,-0.28462
4820.85000,-2.98594,2.40437,-0.27987
4820.90000,-2.97946,2.40244,-0.28899
4820.95000,-2.97083,2.39975,-0.31048
4821.00000,-2.96191,2.39676,-0.33454
4821.05000,-2.95307,2.39354,-0.35858
4821.10000,-2.94454,2.39032,-0.37098
4821.15000,-2.93664,2.38732,-0.37528
4821.20000,-2.93129,2.38529,-0.36788
4821.25000,-2.92727,2.38378,-0.35465
4821.30000,-2.92447,2.38278,-0.33607
4821.35000,-2.92292,2.38227,-0.31224
4821.40000,-2.92253,2.38215,-0.28373
4821.45000,-2.92232,2.38209,-0.25470
4821.50000,-2.92211,2.38204,-0.22605
4821.55000,-2.92173,2.38194,-0.20733
4821.60000,-2.91849,2.38119,-0.20304
4821.65000,-2.91243,2.37985,-0.21239
4821.70000,-2.90398,2.37791,-0.23522
4821.75000,-2.89492,2.37561,-0.26143
4821.80000,-2.88592,2.37308,-0.28730
4821.85000,-2.87684,2.37030,-0.30535
4821.90000,-2.86902,2.36786,-0.31248
4821.95000,-2.86363,2.36618,-0.30687
4822.00000,-2.86066,2.36535,-0.29040
4822.05000,-2.85998,2.36515,-0.26561
4822.10000,-2.85978,2.36510,-0.23899
4822.15000,-2.85957,2.36505,-0.21268
4822.20000,-2.85937,2.36501,-0.18671
4822.25000,-2.85916,2.36497,-0.16109
4822.30000,-2.85870,2.36485,-0.14593
4822.35000,-2.85567,2.36431,-0.14221
4822.40000,-2.85038,2.36348,-0.15039
4822.45000,-2.84209,2.36209,-0.17365
4822.50000,-2.83295,2.36035,-0.20146
4822.55000,-2.82386,2.35836,-0.22938
4822.60000,-2.81476,2.35620,-0.25178
4822.65000,-2.80634,2.35404,-0.26528
4822.70000,-2.79970,2.35227,-0.26862
4822.75000,-2.79409,2.35083,-0.26615
4822.80000,-2.79157,2.35037,-0.24751
4822.85000,-2.79062,2.35016,-0.22087
4822.90000,-2.78975,2.34998,-0.19389
4822.95000,-2.78890,2.34981,-0.16712
4823.00000,-2.78805,2.34967,-0.14080
4823.05000,-2.78721,2.34955,-0.11491
4823.10000,-2.78638,2.34946,-0.08939
4823.15000,-2.78556,2.34938,-0.06430
4823.20000,-2.78450,2.34929,-0.05316
4823.25000,-2.78141,2.34906,-0.05187
4823.30000,-2.77660,2.34874,-0.05928
4823.35000,-2.76932,2.34817,-0.07949
4823.40000,-2.76014,2.34730,-0.10901
4823.45000,-2.75095,2.34616,-0.13840
4823.50000,-2.74173,2.34485,-0.16268
4823.55000,-2.73379,2.34355,-0.17653
4823.60000,-2.72826,2.34263,-0.17758
4823.65000,-2.72415,2.34191,-0.17086
4823.70000,-2.72125,2.34143,-0.15775
4823.75000,-2.71958,2.34119,-0.13845
4823.80000,-2.71873,2.34108,-0.11513
4823.85000,-2.71796,2.34098,-0.09172
4823.90000,-2.71719,2.34091,-0.06867
4823.95000,-2.71642,2.34086,-0.04597
4824.00000,-2.71568,2.34083,-0.02358
4824.05000,-2.71494,2.34082,-0.00153
4824.10000,-2.71428,2.34083,0.01150
4824.15000,-2.71112,2.34090,0.01080
4824.20000,-2.70501,2.34093,-0.00488
4824.25000,-2.69679,2.34077,-0.03116
4824.30000,-2.68758,2.34034,-0.06190
4824.35000,-2.67833,2.33974,-0.08789
4824.40000,-2.67052,2.33907,-0.10351
4824.45000,-2.66433,2.33855,-0.11042
4824.50000,-2.65877,2.33804,-0.11371
4824.55000,-2.65329,2.33751,-0.11616
4824.60000,-2.64789,2.33698,-0.11790
4824.65000,-2.64274,2.33644,-0.11785
4824.70000,-2.63828,2.33593,-0.11394
4824.75000,-2.63459,2.33554,-0.10593
4824.80000,-2.63168,2.33525,-0.09392
4824.85000,-2.62957,2.33508,-0.07786
4824.90000,-2.62851,2.33504,-0.05845
4824.95000,-2.62795,2.33502,-0.03693
4825.00000,-2.62772,2.33501,-0.01674
4825.05000,-2.62753,2.33501,0.00300
4825.10000,-2.62735,2.33501,0.02247
4825.15000,-2.62560,2.33516,0.04190
4825.20000,-2.61734,2.33563,0.06081
4825.25000,-2.60724,2.33634,0.07993
4825.30000,-2.59728,2.33723,0.09835
4825.35000,-2.58738,2.33816,0.11254
4825.40000,-2.57753,2.33906,0.11821
4825.45000,-2.56770,2.33996,0.11535
4825.50000,-2.55780,2.34095,0.10364
4825.55000,-2.54821,2.34185,0.09228
4825.60000,-2.53858,2.34277,0.10138
4825.65000,-2.52863,2.34386,0.11707
4825.70000,-2.51871,2.34511,0.13263
4825.75000,-2.50881,2.34651,0.14799
4825.80000,-2.49893,2.34806,0.16315
4825.85000,-2.48908,2.34976,0.17813
4825.90000,-2.47925,2.35160,0.19291
4825.95000,-2.46945,2.35359,0.20750
4826.00000,-2.45968,2.35572,0.22188
4826.05000,-2.44994,2.35799,0.23606
4826.10000,-2.44025,2.36029,0.24587
4826.15000,-2.43060,2.36258,0.24702
4826.20000,-2.42092,2.36491,0.23930
4826.25000,-2.41183,2.36703,0.23114
4826.30000,-2.40249,2.36926,0.24074
4826.35000,-2.39275,2.37171,0.25298
4826.40000,-2.38294,2.37429,0.26606
4826.45000,-2.37323,2.37699,0.27842
4826.50000,-2.36365,2.37979,0.28977
4826.55000,-2.35432,2.38241,0.29148
4826.60000,-2.34608,2.38460,0.27128
4826.65000,-2.34004,2.38608,0.25197
4826.70000,-2.33475,2.38738,0.23907
4826.75000,-2.32971,2.38853,0.20816
4826.80000,-2.32293,2.38982,0.16909
4826.85000,-2.31481,2.39103,0.12564
4826.90000,-2.30578,2.39195,0.07896
4826.95000,-2.29605,2.39248,0.03020
4827.00000,-2.28605,2.39254,-0.01923
4827.05000,-2.27606,2.39210,-0.06770
4827.10000,-2.26611,2.39119,-0.11611
4827.15000,-2.25621,2.38979,-0.16401
4827.20000,-2.24638,2.38792,-0.21137
4827.25000,-2.23666,2.38560,-0.25818
4827.30000,-2.22709,2.38313,-0.29822
4827.35000,-2.21868,2.38064,-0.32487
4827.40000,-2.21322,2.37890,-0.33444
4827.45000,-2.21173,2.37853,-0.33569
4827.50000,-2.21000,2.37794,-0.33971
4827.55000,-2.20895,2.37763,-0.32666
4827.60000,-2.20855,2.37751,-0.30833
4827.65000,-2.20799,2.37734,-0.28874
4827.70000,-2.20741,2.37719,-0.26873
4827.75000,-2.20694,2.37708,-0.24838
4827.80000,-2.20650,2.37699,-0.22818
4827.85000,-2.20612,2.37691,-0.20754
4827.90000,-2.20592,2.37700,-0.19700
4827.95000,-2.20565,2.37698,-0.20231
4828.00000,-2.20293,2.37626,-0.22301
4828.05000,-2.19709,2.37480,-0.25794
4828.10000,-2.19043,2.37298,-0.28932
4828.15000,-2.18493,2.37155,-0.31192
4828.20000,-2.18129,2.37032,-0.33315
4828.25000,-2.17724,2.36864,-0.33531
4828.30000,-2.17293,2.36683,-0.32845
4828.35000,-2.16840,2.36527,-0.31536
4828.40000,-2.16419,2.36393,-0.29711
4828.45000,-2.16144,2.36342,-0.28281
4828.50000,-2.16009,2.36317,-0.27210
4828.55000,-2.15923,2.36294,-0.23886
4828.60000,-2.15908,2.36290,-0.20114
4828.65000,-2.15917,2.36289,-0.17579
4828.70000,-2.15963,2.36306,-0.17063
4828.75000,-2.15842,2.36272,-0.18265
4828.80000,-2.15395,2.36177,-0.21164
4828.85000,-2.14747,2.36025,-0.25074
4828.90000,-2.13992,2.35813,-0.29494
4828.95000,-2.13170,2.35542,-0.34247
4829.00000,-2.12343,2.35246,-0.38392
4829.05000,-2.11594,2.34993,-0.41426
4829.10000,-2.11126,2.34790,-0.43970
4829.15000,-2.10621,2.34543,-0.44555
4829.20000,-2.10085,2.34262,-0.43818
4829.25000,-2.09529,2.33959,-0.42232
4829.30000,-2.08949,2.33643,-0.39829
4829.35000,-2.08479,2.33450,-0.36462
4829.40000,-2.08267,2.33373,-0.31893
4829.45000,-2.08233,2.33363,-0.26495
4829.50000,-2.08208,2.33357,-0.21042
4829.55000,-2.08182,2.33352,-0.15611
4829.60000,-2.08173,2.33352,-0.11411
4829.65000,-2.08234,2.33359,-0.10147
4829.70000,-2.08225,2.33354,-0.10176
4829.75000,-2.07990,2.33318,-0.11383
4829.80000,-2.07468,2.33243,-0.14073
4829.85000,-2.06712,2.33120,-0.17965
4829.90000,-2.05859,2.32946,-0.22302
4829.95000,-2.04995,2.32730,-0.26672
4830.00000,-2.04140,2.32477,-0.30960
4830.05000,-2.03295,2.32187,-0.35199
4830.10000,-2.02459,2.31872,-0.38063
4830.15000,-2.01598,2.31525,-0.39106
4830.20000,-2.00699,2.31137,-0.38524
4830.25000,-1.99779,2.30736,-0.37056
4830.30000,-1.98950,2.30426,-0.34291
4830.35000,-1.98359,2.30226,-0.30357
4830.40000,-1.98019,2.30128,-0.25257
4830.45000,-1.97918,2.30104,-0.19119
4830.50000,-1.97856,2.30094,-0.12811
4830.55000,-1.97794,2.30089,-0.07423
4830.60000,-1.97763,2.30094,-0.04311
4830.65000,-1.97756,2.30080,-0.03673
4830.70000,-1.97505,2.30058,-0.04536
4830.75000,-1.96982,2.30020,-0.06814
4830.80000,-1.96175,2.29949,-0.10240
4830.85000,-1.95194,2.29830,-0.13913
4830.90000,-1.94206,2.29673,-0.17576
4830.95000,-1.93225,2.29481,-0.21177
4831.00000,-1.92255,2.29276,-0.24136
4831.05000,-1.91275,2.29060,-0.25987
4831.10000,-1.90289,2.28837,-0.27339
4831.15000,-1.89305,2.28615,-0.28563
4831.20000,-1.88322,2.28393,-0.29640
4831.25000,-1.87339,2.28172,-0.30557
4831.30000,-1.86356,2.27951,-0.31325
4831.35000,-1.85375,2.27730,-0.31960
4831.40000,-1.84391,2.27506,-0.32142
4831.45000,-1.83406,2.27277,-0.31182
4831.50000,-1.82419,2.27043,-0.28820
4831.55000,-1.81568,2.26823,-0.24775
4831.60000,-1.80980,2.26688,-0.19577
4831.65000,-1.80660,2.26634,-0.13277
4831.70000,-1.80564,2.26624,-0.06113
4831.75000,-1.80491,2.26622,0.01073
4831.80000,-1.80423,2.26625,0.08174
4831.85000,-1.80356,2.26632,0.14374
4831.90000,-1.80283,2.26648,0.19095
4831.95000,-1.80186,2.26691,0.22081
4832.00000,-1.80013,2.26756,0.23104
4832.05000,-1.79500,2.26892,0.22079
4832.10000,-1.78652,2.27072,0.19317
4832.15000,-1.77741,2.27236,0.16295
4832.20000,-1.76824,2.27373,0.13331
4832.25000,-1.75903,2.27483,0.10395
4832.30000,-1.74978,2.27566,0.07482
4832.35000,-1.74051,2.27622,0.04568
4832.40000,-1.73123,2.27651,0.01654
4832.45000,-1.72195,2.27653,-0.01252
4832.50000,-1.71275,2.27636,-0.02742
4832.55000,-1.70335,2.27618,-0.02194
4832.60000,-1.69495,2.27612,0.00501
4832.65000,-1.68795,2.27620,0.04297
4832.70000,-1.68312,2.27638,0.08955
4832.75000,-1.68069,2.27664,0.14527
4832.80000,-1.68003,2.27675,0.20744
4832.85000,-1.67943,2.27688,0.26077
4832.90000,-1.67907,2.27685,0.29412
4832.95000,-1.67723,2.27758,0.29964
4833.00000,-1.67205,2.27924,0.28696
4833.05000,-1.66541,2.28115,0.26713
4833.10000,-1.65729,2.28327,0.24023
4833.15000,-1.64830,2.28532,0.20930
4833.20000,-1.63924,2.28710,0.17872
4833.25000,-1.63013,2.28860,0.14864
4833.30000,-1.62097,2.28983,0.11865
4833.35000,-1.61168,2.29080,0.10160
4833.40000,-1.60177,2.29187,0.10305
4833.45000,-1.59190,2.29290,0.12206
4833.50000,-1.58518,2.29378,0.15251
4833.55000,-1.58099,2.29450,0.19240
4833.60000,-1.57940,2.29484,0.24245
4833.65000,-1.57893,2.29496,0.29684
4833.70000,-1.57848,2.29512,0.34080
4833.75000,-1.57824,2.29517,0.36549
4833.80000,-1.57667,2.29587,0.37142
4833.85000,-1.57188,2.29783,0.35969
4833.90000,-1.56406,2.30065,0.33200
4833.95000,-1.55532,2.30351,0.30022
4834.00000,-1.54648,2.30610,0.26898
4834.05000,-1.53755,2.30841,0.23796
4834.10000,-1.52854,2.31045,0.20725
4834.15000,-1.51950,2.31221,0.19057
4834.20000,-1.51034,2.31398,0.19651
4834.25000,-1.50335,2.31544,0.22091
4834.30000,-1.49882,2.31653,0.25573
4834.35000,-1.49700,2.31704,0.30170
4834.40000,-1.49643,2.31723,0.35273
4834.45000,-1.49588,2.31745,0.39310
4834.50000,-1.49542,2.31763,0.41496
4834.55000,-1.49486,2.31787,0.42482
4834.60000,-1.49325,2.31861,0.42769
4834.65000,-1.49046,2.31989,0.42460
4834.70000,-1.48633,2.32175,0.41524
4834.75000,-1.48072,2.32419,0.39925
4834.80000,-1.47343,2.32718,0.37600
4834.85000,-1.46426,2.33065,0.34551
4834.90000,-1.45480,2.33389,0.31435
4834.95000,-1.44525,2.33684,0.28350
4835.00000,-1.43719,2.33911,0.27271
4835.05000,-1.43159,2.34072,0.29222
4835.10000,-1.42811,2.34182,0.32480
4835.15000,-1.42701,2.34221,0.36738
4835.20000,-1.42640,2.34246,0.41189
4835.25000,-1.42581,2.34274,0.44625
4835.30000,-1.42527,2.34307,0.46031
4835.35000,-1.42397,2.34374,0.46160
4835.40000,-1.42147,2.34499,0.45700
4835.45000,-1.41766,2.34685,0.44632
4835.50000,-1.41223,2.34940,0.42819
4835.55000,-1.40472,2.35272,0.40125
4835.60000,-1.39608,2.35620,0.36545
4835.65000,-1.38754,2.35927,0.32810
4835.70000,-1.37893,2.36207,0.30528
4835.75000,-1.37072,2.36451,0.30946
4835.80000,-1.36571,2.36607,0.33219
4835.85000,-1.36409,2.36665,0.36876
4835.90000,-1.36346,2.36691,0.40957
4835.95000,-1.36283,2.36720,0.45022
4836.00000,-1.36222,2.36751,0.49061
4836.05000,-1.36162,2.36785,0.52109
4836.10000,-1.36097,2.36830,0.53754
4836.15000,-1.36019,2.36889,0.54397
4836.20000,-1.35802,2.37032,0.53821
4836.25000,-1.35277,2.37348,0.51667
4836.30000,-1.34565,2.37742,0.48860
4836.35000,-1.33707,2.38180,0.45436
4836.40000,-1.32840,2.38582,0.41783
4836.45000,-1.31920,2.38972,0.38306
4836.50000,-1.31065,2.39298,0.36241
4836.55000,-1.30283,2.39585,0.36530
4836.60000,-1.29831,2.39748,0.38805
4836.65000,-1.29718,2.39787,0.42569
4836.70000,-1.29570,2.39859,0.46717
4836.75000,-1.29420,2.39938,0.50879
4836.80000,-1.29274,2.40024,0.55017
4836.85000,-1.29191,2.40081,0.57786
4836.90000,-1.29100,2.40148,0.58472
4836.95000,-1.28758,2.40378,0.57026
4837.00000,-1.28188,2.40733,0.54230
4837.05000,-1.27476,2.41145,0.50756
4837.10000,-1.26682,2.41567,0.46904
4837.15000,-1.25868,2.41960,0.43026
4837.20000,-1.25056,2.42319,0.40702
4837.25000,-1.24228,2.42676,0.40626
4837.30000,-1.23579,2.42953,0.42019
4837.35000,-1.23192,2.43106,0.44812
4837.40000,-1.23030,2.43182,0.48908
4837.45000,-1.22937,2.43233,0.52998
4837.50000,-1.22832,2.43294,0.57147
4837.55000,-1.22758,2.43343,0.61145
4837.60000,-1.22720,2.43370,0.63577
4837.65000,-1.22621,2.43448,0.63772
4837.70000,-1.22217,2.43745,0.62012
4837.75000,-1.21639,2.44145,0.59228
4837.80000,-1.20930,2.44604,0.55771
4837.85000,-1.20154,2.45069,0.52006
4837.90000,-1.19381,2.45495,0.49849
4837.95000,-1.18668,2.45880,0.50466
4838.00000,-1.18192,2.46144,0.53099
4838.05000,-1.17972,2.46270,0.57331
4838.10000,-1.17832,2.46365,0.62190
4838.15000,-1.17770,2.46411,0.66743
4838.20000,-1.17752,2.46425,0.70139
4838.25000,-1.17730,2.46445,0.70794
4838.30000,-1.17575,2.46578,0.70395
4838.35000,-1.17108,2.46968,0.68041
4838.40000,-1.16485,2.47455,0.64731
4838.45000,-1.15763,2.47980,0.60937
4838.50000,-1.15012,2.48483,0.57094
4838.55000,-1.14259,2.48951,0.54873
4838.60000,-1.13562,2.49376,0.55549
4838.65000,-1.13003,2.49730,0.58738
4838.70000,-1.12708,2.49920,0.63508
4838.75000,-1.12650,2.49965,0.68857
4838.80000,-1.12600,2.50009,0.74244
4838.85000,-1.12556,2.50052,0.78523
4838.90000,-1.12533,2.50080,0.80961
4838.95000,-1.12479,2.50141,0.81234
4839.00000,-1.12189,2.50442,0.79661
4839.05000,-1.11685,2.50943,0.76602
4839.10000,-1.11060,2.51522,0.72876
4839.15000,-1.10376,2.52109,0.68937
4839.20000,-1.09670,2.52668,0.64942
4839.25000,-1.08941,2.53206,0.62470
4839.30000,-1.08184,2.53752,0.62501
4839.35000,-1.07532,2.54231,0.65076
4839.40000,-1.07139,2.54540,0.69364
4839.45000,-1.06977,2.54681,0.74833
4839.50000,-1.06879,2.54778,0.80638
4839.55000,-1.06785,2.54881,0.86426
4839.60000,-1.06699,2.54987,0.91075
4839.65000,-1.06598,2.55113,0.93635
4839.70000,-1.06475,2.55278,0.93679
4839.75000,-1.06157,2.55698,0.91551
4839.80000,-1.05674,2.56305,0.88459
4839.85000,-1.05057,2.57033,0.84975
4839.90000,-1.04383,2.57773,0.81376
4839.95000,-1.03683,2.58487,0.77722
4840.00000,-1.02975,2.59156,0.73899
4840.05000,-1.02256,2.59784,0.69897
4840.10000,-1.01498,2.60413,0.67170
4840.15000,-1.00838,2.60938,0.67677
4840.20000,-1.00273,2.61400,0.70334
4840.25000,-0.99757,2.61854,0.74388
4840.30000,-0.99241,2.62352,0.79220
4840.35000,-0.98693,2.62936,0.84348
4840.40000,-0.98136,2.63597,0.89678
4840.45000,-0.97587,2.64324,0.95151
4840.50000,-0.97128,2.65008,1.01167
4840.55000,-0.96749,2.65645,1.05516
4840.60000,-0.96463,2.66198,1.06202
4840.65000,-0.96256,2.66575,1.03786
4840.70000,-0.96081,2.66856,0.99327
4840.75000,-0.95825,2.67228,0.94147
4840.80000,-0.95536,2.67602,0.88219
4840.85000,-0.95230,2.67973,0.83209
4840.90000,-0.94925,2.68338,0.79766
4840.95000,-0.94564,2.68751,0.78761
4841.00000,-0.94180,2.69184,0.79306
4841.05000,-0.93787,2.69623,0.81045
4841.10000,-0.93372,2.70077,0.84354
4841.15000,-0.92914,2.70611,0.89095
4841.20000,-0.92427,2.71247,0.94258
4841.25000,-0.91938,2.71959,0.99619
4841.30000,-0.91486,2.72703,1.05260
4841.35000,-0.91085,2.73457,1.11181
4841.40000,-0.90730,2.74236,1.17249
4841.45000,-0.90455,2.74951,1.23763
4841.50000,-0.90265,2.75567,1.30812
4841.55000,-0.90138,2.76116,1.38231
4841.60000,-0.90061,2.76625,1.45885
4841.65000,-0.90029,2.77110,1.52679
4841.70000,-0.90029,2.77537,1.57354
4841.75000,-0.90032,2.77816,1.59780
4841.80000,-0.90039,2.77976,1.64209
4841.85000,-0.90062,2.78196,1.69549
4841.90000,-0.90120,2.78566,1.75220
4841.95000,-0.90216,2.79014,1.81352
4842.00000,-0.90364,2.79537,1.87708
4842.05000,-0.90564,2.80103,1.94233
4842.10000,-0.90816,2.80691,2.00880
4842.15000,-0.91124,2.81296,2.07568
4842.20000,-0.91486,2.81901,2.14290
4842.25000,-0.91896,2.82493,2.21051
4842.30000,-0.92346,2.83056,2.27870
4842.35000,-0.92846,2.83601,2.34665
4842.40000,-0.93389,2.84118,2.41455
4842.45000,-0.93950,2.84584,2.48344
4842.50000,-0.94532,2.85003,2.55292
4842.55000,-0.95126,2.85369,2.62326
4842.60000,-0.95739,2.85691,2.69393
4842.65000,-0.96318,2.85943,2.76691
4842.70000,-0.96884,2.86142,2.84116
4842.75000,-0.97465,2.86299,2.91543
4842.80000,-0.98056,2.86412,2.98979
4842.85000,-0.98670,2.86482,3.06355
4842.90000,-0.99296,2.86508,3.13698
4842.95000,-0.99935,2.86488,-3.07322
4843.00000,-1.00576,2.86420,-3.00042
4843.05000,-1.01222,2.86304,-2.92809
4843.10000,-1.01865,2.86140,-2.85600
4843.15000,-1.02510,2.85926,-2.78454
4843.20000,-1.03130,2.85668,-2.71279
4843.25000,-1.03742,2.85362,-2.64152
4843.30000,-1.04341,2.85006,-2.57076
4843.35000,-1.04924,2.84602,-2.50045
4843.40000,-1.05473,2.84161,-2.42999
4843.45000,-1.05990,2.83683,-2.35953
4843.50000,-1.06472,2.83169,-2.28908
4843.55000,-1.06914,2.82657,-2.23313
4843.60000,-1.07308,2.82175,-2.20439
4843.65000,-1.07630,2.81727,-2.18327
4843.70000,-1.07928,2.81293,-2.16327
4843.75000,-1.08206,2.80872,-2.14427
4843.80000,-1.08471,2.80455,-2.12574
4843.85000,-1.08704,2.80070,-2.10891
4843.90000,-1.08921,2.79699,-2.09244
4843.95000,-1.09113,2.79358,-2.07777
4844.00000,-1.09289,2.79035,-2.06395
4844.05000,-1.09450,2.78731,-2.05117
4844.10000,-1.09594,2.78449,-2.03956
4844.15000,-1.09730,2.78176,-2.02842
4844.20000,-1.09853,2.77923,-2.01823
4844.25000,-1.09964,2.77687,-2.00889
4844.30000,-1.10067,2.77464,-2.00042
4844.35000,-1.10163,2.77253,-1.99284
4844.40000,-1.10249,2.77058,-1.98638
4844.45000,-1.10331,2.76870,-1.98056
4844.50000,-1.10405,2.76699,-1.97599
4844.55000,-1.10474,2.76538,-1.97228
4844.60000,-1.10537,2.76388,-1.96956
4844.65000,-1.10597,2.76245,-1.96764
4844.70000,-1.10652,2.76113,-1.96672
4844.75000,-1.10703,2.75991,-1.96674
4844.80000,-1.10751,2.75876,-1.96767
4844.85000,-1.10796,2.75769,-1.96952
4844.90000,-1.10841,2.75663,-1.97227
4844.95000,-1.10881,2.75568,-1.97596
4845.00000,-1.10921,2.75475,-1.98063
4845.05000,-1.10958,2.75392,-1.98629
4845.10000,-1.10992,2.75314,-1.99302
4845.15000,-1.11025,2.75241,-2.00077
4845.20000,-1.11053,2.75183,-2.00993
4845.25000,-1.11071,2.75146,-2.02084
4845.30000,-1.11099,2.75089,-2.03184
4845.35000,-1.11121,2.75048,-2.04428
4845.40000,-1.11147,2.74998,-2.05744
4845.45000,-1.11164,2.74968,-2.07233
4845.50000,-1.11189,2.74923,-2.08780
4845.55000,-1.11213,2.74881,-2.10439
4845.60000,-1.11235,2.74846,-2.12262
4845.65000,-1.11232,2.74853,-2.14369
4845.70000,-1.11224,2.74868,-2.16629
4845.75000,-1.11213,2.74887,-2.19018
4845.80000,-1.11200,2.74909,-2.21539
4845.85000,-1.11205,2.74904,-2.24040
4845.90000,-1.11209,2.74901,-2.26660
4845.95000,-1.11229,2.74879,-2.29298
4846.00000,-1.11241,2.74867,-2.32082
4846.05000,-1.11251,2.74857,-2.34991
4846.10000,-1.11262,2.74848,-2.37996
4846.15000,-1.11271,2.74842,-2.41109
4846.20000,-1.11286,2.74829,-2.44278
4846.25000,-1.11306,2.74815,-2.47517
4846.30000,-1.11320,2.74805,-2.50857
4846.35000,-1.11333,2.74798,-2.54287
4846.40000,-1.11344,2.74794,-2.57790
4846.45000,-1.11364,2.74784,-2.61322
4846.50000,-1.11359,2.74791,-2.63454
4846.55000,-1.11357,2.74799,-2.63481
4846.60000,-1.11617,2.74647,-2.61498
4846.65000,-1.12126,2.74342,-2.58246
4846.70000,-1.12764,2.73932,-2.54344
4846.75000,-1.13445,2.73447,-2.50110
4846.80000,-1.14121,2.72946,-2.46405
4846.85000,-1.14800,2.72438,-2.44426
4846.90000,-1.15449,2.71927,-2.45161
4846.95000,-1.16039,2.71447,-2.46633
4847.00000,-1.16569,2.71030,-2.48672
4847.05000,-1.17004,2.70709,-2.51151
4847.10000,-1.17270,2.70520,-2.54298
4847.15000,-1.17327,2.70482,-2.58497
4847.20000,-1.17350,2.70468,-2.62892
4847.25000,-1.17373,2.70456,-2.67289
4847.30000,-1.17397,2.70444,-2.71680
4847.35000,-1.17423,2.70435,-2.74918
4847.40000,-1.17530,2.70384,-2.74901
4847.45000,-1.17949,2.70204,-2.72929
4847.50000,-1.18547,2.69933,-2.70120
4847.55000,-1.19279,2.69572,-2.66669
4847.60000,-1.20065,2.69146,-2.62669
4847.65000,-1.20896,2.68682,-2.59885
4847.70000,-1.21603,2.68274,-2.60140
4847.75000,-1.22016,2.68037,-2.62713
4847.80000,-1.22182,2.67946,-2.66494
4847.85000,-1.22209,2.67933,-2.70928
4847.90000,-1.22237,2.67921,-2.75365
4847.95000,-1.22265,2.67910,-2.79788
4848.00000,-1.22295,2.67902,-2.83085
4848.05000,-1.22373,2.67859,-2.83844
4848.10000,-1.22778,2.67722,-2.82188
4848.15000,-1.23424,2.67498,-2.79478
4848.20000,-1.24216,2.67197,-2.76167
4848.25000,-1.25107,2.66822,-2.72407
4848.30000,-1.26013,2.66399,-2.68504
4848.35000,-1.26900,2.65967,-2.65356
4848.40000,-1.27789,2.65527,-2.64119
4848.45000,-1.28613,2.65105,-2.64861
4848.50000,-1.29319,2.64732,-2.66271
4848.55000,-1.29910,2.64433,-2.68288
4848.60000,-1.30378,2.64209,-2.70922
4848.65000,-1.30715,2.64061,-2.74184
4848.70000,-1.30911,2.63983,-2.78086
4848.75000,-1.30971,2.63962,-2.82575
4848.80000,-1.31007,2.63951,-2.87161
4848.85000,-1.31043,2.63942,-2.91727
4848.90000,-1.31080,2.63936,-2.95195
4848.95000,-1.31156,2.63897,-2.96569
4849.00000,-1.31492,2.63794,-2.95718
4849.05000,-1.32171,2.63655,-2.93433
4849.10000,-1.33039,2.63458,-2.90396
4849.15000,-1.34000,2.63208,-2.86981
4849.20000,-1.34959,2.62923,-2.83533
4849.25000,-1.35902,2.62631,-2.80767
4849.30000,-1.36833,2.62348,-2.78789
4849.35000,-1.37761,2.62069,-2.77018
4849.40000,-1.38688,2.61789,-2.75435
4849.45000,-1.39615,2.61509,-2.74044
4849.50000,-1.40542,2.61229,-2.72839
4849.55000,-1.41468,2.60949,-2.71812
4849.60000,-1.42394,2.60669,-2.70947
4849.65000,-1.43319,2.60389,-2.70220
4849.70000,-1.44245,2.60108,-2.69596
4849.75000,-1.45161,2.59832,-2.69723
4849.80000,-1.45760,2.59631,-2.72522
4849.85000,-1.46069,2.59501,-2.76675
4849.90000,-1.46142,2.59474,-2.81850
4849.95000,-1.46180,2.59463,-2.87153
4850.00000,-1.46218,2.59453,-2.92414
4850.05000,-1.46257,2.59446,-2.97628
4850.10000,-1.46296,2.59440,-3.02794
4850.15000,-1.46336,2.59437,-3.07911
4850.20000,-1.46375,2.59435,-3.12977
4850.25000,-1.46415,2.59436,3.10327
4850.30000,-1.46456,2.59437,3.06620
4850.35000,-1.46524,2.59464,3.04491
4850.40000,-1.46925,2.59527,3.04505
4850.45000,-1.47704,2.59598,3.06322
4850.50000,-1.48639,2.59659,3.08965
4850.55000,-1.49633,2.59697,3.11631
4850.60000,-1.50581,2.59709,-3.14117
4850.65000,-1.51516,2.59697,-3.11512
4850.70000,-1.52420,2.59668,-3.10275
4850.75000,-1.53301,2.59649,-3.10968
4850.80000,-1.53901,2.59646,-3.13402
4850.85000,-1.54174,2.59646,3.11188
4850.90000,-1.54249,2.59649,3.06670
4850.95000,-1.54281,2.59652,3.02006
4851.00000,-1.54311,2.59656,2.98071
4851.05000,-1.54383,2.59689,2.95948
4851.10000,-1.54688,2.59772,2.95720
4851.15000,-1.55148,2.59863,2.96355
4851.20000,-1.55705,2.59962,2.97499
4851.25000,-1.56367,2.60070,2.99180
4851.30000,-1.57152,2.60182,3.01468
4851.35000,-1.58068,2.60285,3.04402
4851.40000,-1.58991,2.60362,3.07355
4851.45000,-1.59914,2.60411,3.10382
4851.50000,-1.60832,2.60430,3.13625
4851.55000,-1.61698,2.60420,-3.10798
4851.60000,-1.62508,2.60390,-3.06880
4851.65000,-1.63324,2.60352,-3.04365
4851.70000,-1.63884,2.60317,-3.03542
4851.75000,-1.64294,2.60268,-3.01253
4851.80000,-1.64910,2.60175,-2.97969
4851.85000,-1.65657,2.60038,-2.94097
4851.90000,-1.66503,2.59847,-2.89808
4851.95000,-1.67409,2.59600,-2.85194
4852.00000,-1.68296,2.59313,-2.80276
4852.05000,-1.69114,2.59001,-2.75144
4852.10000,-1.69917,2.58671,-2.70686
4852.15000,-1.70628,2.58385,-2.67410
4852.20000,-1.71094,2.58163,-2.65288
4852.25000,-1.71451,2.57978,-2.64287
4852.30000,-1.71949,2.57699,-2.61702
4852.35000,-1.72633,2.57287,-2.58212
4852.40000,-1.73369,2.56830,-2.55238
4852.45000,-1.74089,2.56381,-2.54718
4852.50000,-1.74702,2.55987,-2.56792
4852.55000,-1.75125,2.55722,-2.60226
4852.60000,-1.75310,2.55616,-2.64831
4852.65000,-1.75328,2.55607,-2.70215
4852.70000,-1.75343,2.55600,-2.75607
4852.75000,-1.75360,2.55596,-2.79939
4852.80000,-1.75433,2.55542,-2.81307
4852.85000,-1.75698,2.55421,-2.80038
4852.90000,-1.76263,2.55211,-2.77342
4852.95000,-1.76993,2.54915,-2.73924
4853.00000,-1.77819,2.54546,-2.70084
4853.05000,-1.78703,2.54106,-2.65940
4853.10000,-1.79579,2.53624,-2.61781
4853.15000,-1.80435,2.53106,-2.57675
4853.20000,-1.81268,2.52554,-2.53632
4853.25000,-1.82079,2.51968,-2.49612
4853.30000,-1.82866,2.51351,-2.45642
4853.35000,-1.83618,2.50738,-2.42685
4853.40000,-1.84302,2.50185,-2.42586
4853.45000,-1.84953,2.49661,-2.43889
4853.50000,-1.85550,2.49176,-2.46086
4853.55000,-1.85946,2.48865,-2.49437
4853.60000,-1.86111,2.48745,-2.53981
4853.65000,-1.86127,2.48734,-2.59236
4853.70000,-1.86143,2.48725,-2.64453
4853.75000,-1.86159,2.48717,-2.69608
4853.80000,-1.86189,2.48699,-2.73571
4853.85000,-1.86317,2.48595,-2.74485
4853.90000,-1.86638,2.48424,-2.73253
4853.95000,-1.87275,2.48137,-2.70623
4854.00000,-1.88038,2.47768,-2.67408
4854.05000,-1.88893,2.47317,-2.63775
4854.10000,-1.89759,2.46818,-2.60034
4854.15000,-1.90607,2.46287,-2.56335
4854.20000,-1.91423,2.45759,-2.53422
4854.25000,-1.92177,2.45288,-2.52977
4854.30000,-1.92897,2.44846,-2.53929
4854.35000,-1.93585,2.44425,-2.55759
4854.40000,-1.94141,2.44071,-2.58450
4854.45000,-1.94454,2.43883,-2.62382
4854.50000,-1.94530,2.43842,-2.67456
4854.55000,-1.94545,2.43834,-2.72812
4854.60000,-1.94579,2.43815,-2.76882
4854.65000,-1.94737,2.43737,-2.77456
4854.70000,-1.95155,2.43570,-2.76124
4854.75000,-1.95835,2.43288,-2.73700
4854.80000,-1.96690,2.42905,-2.70478
4854.85000,-1.97637,2.42444,-2.66837
4854.90000,-1.98519,2.41973,-2.63446
4854.95000,-1.99374,2.41505,-2.60867
4855.00000,-2.00174,2.41084,-2.60743
4855.05000,-2.00946,2.40689,-2.61896
4855.10000,-2.01695,2.40310,-2.63873
4855.15000,-2.02356,2.39967,-2.66566
4855.20000,-2.02808,2.39744,-2.70310
4855.25000,-2.03015,2.39651,-2.75176
4855.30000,-2.03038,2.39642,-2.80842
4855.35000,-2.03052,2.39638,-2.86501
4855.40000,-2.03079,2.39625,-2.91039
4855.45000,-2.03152,2.39570,-2.93588
4855.50000,-2.03341,2.39441,-2.93799
4855.55000,-2.03775,2.39278,-2.92570
4855.60000,-2.04563,2.39089,-2.89925
4855.65000,-2.05551,2.38827,-2.86497
4855.70000,-2.06595,2.38510,-2.82841
4855.75000,-2.07625,2.38157,-2.79241
4855.80000,-2.08641,2.37766,-2.75680
4855.85000,-2.09612,2.37393,-2.73092
4855.90000,-2.10566,2.37028,-2.72724
4855.95000,-2.11448,2.36686,-2.74497
4856.00000,-2.12182,2.36391,-2.77388
4856.05000,-2.12493,2.36278,-2.82291
4856.10000,-2.12515,2.36271,-2.88510
4856.15000,-2.12528,2.36268,-2.94784
4856.20000,-2.12552,2.36258,-2.99893
4856.25000,-2.12623,2.36208,-3.02592
4856.30000,-2.12787,2.36123,-3.03044
4856.35000,-2.13167,2.36022,-3.02155
4856.40000,-2.13849,2.35904,-3.00080
4856.45000,-2.14786,2.35757,-2.96979
4856.50000,-2.15766,2.35571,-2.93726
4856.55000,-2.16693,2.35363,-2.90336
4856.60000,-2.17575,2.35132,-2.86810
4856.65000,-2.18455,2.34882,-2.83943
4856.70000,-2.19319,2.34643,-2.83335
4856.75000,-2.20159,2.34422,-2.84971
4856.80000,-2.20842,2.34242,-2.88671
4856.85000,-2.21314,2.34129,-2.93548
4856.90000,-2.21550,2.34086,-2.99468
4856.95000,-2.21581,2.34082,-3.06232
4857.00000,-2.21599,2.34083,-3.12160
4857.05000,-2.21674,2.34083,3.12346
4857.10000,-2.21853,2.34097,3.11458
4857.15000,-2.22319,2.34112,3.12743
4857.20000,-2.23128,2.34114,-3.13075
4857.25000,-2.24143,2.34087,-3.09778
4857.30000,-2.25229,2.34020,-3.06225
4857.35000,-2.26312,2.33915,-3.02705
4857.40000,-2.27357,2.33784,-2.99299
4857.45000,-2.28315,2.33623,-2.95919
4857.50000,-2.29252,2.33441,-2.93869
4857.55000,-2.30170,2.33251,-2.93564
4857.60000,-2.31074,2.33072,-2.94940
4857.65000,-2.31969,2.32906,-2.98060
4857.70000,-2.32693,2.32803,-3.02381
4857.75000,-2.33178,2.32757,-3.07734
4857.80000,-2.33415,2.32748,-3.14113
4857.85000,-2.33450,2.32749,3.07022
4857.90000,-2.33466,2.32752,3.00726
4857.95000,-2.33493,2.32769,2.95700
4858.00000,-2.33526,2.32793,2.91640
4858.05000,-2.33560,2.32822,2.88588
4858.10000,-2.33597,2.32856,2.86517
4858.15000,-2.33642,2.32900,2.85367
4858.20000,-2.33706,2.32960,2.85066
4858.25000,-2.33902,2.33052,2.85599
4858.30000,-2.34258,2.33167,2.86875
4858.35000,-2.34810,2.33317,2.88985
4858.40000,-2.35573,2.33506,2.91951
4858.45000,-2.36531,2.33708,2.95671
4858.50000,-2.37517,2.33873,2.99433
4858.55000,-2.38508,2.34001,3.03151
4858.60000,-2.39504,2.34093,3.06823
4858.65000,-2.40503,2.34148,3.10475
4858.70000,-2.41502,2.34167,3.14080
4858.75000,-2.42502,2.34150,-3.10659
4858.80000,-2.43447,2.34113,-3.08163
4858.85000,-2.44375,2.34083,-3.06484
4858.90000,-2.45298,2.34057,-3.04976
4858.95000,-2.46219,2.34032,-3.03588
4859.00000,-2.47141,2.34007,-3.02306
4859.05000,-2.48062,2.33982,-3.01116
4859.10000,-2.48983,2.33957,-2.99989
4859.15000,-2.49898,2.33937,-2.99737
4859.20000,-2.50810,2.33917,-3.00301
4859.25000,-2.51723,2.33894,-3.01958
4859.30000,-2.52632,2.33867,-3.05414
4859.35000,-2.53386,2.33838,-3.10233
4859.40000,-2.53900,2.33830,3.12263
4859.45000,-2.54172,2.33835,3.05471
4859.50000,-2.54220,2.33839,2.97803
4859.55000,-2.54237,2.33843,2.90050
4859.60000,-2.54254,2.33850,2.83357
4859.65000,-2.54295,2.33887,2.79516
4859.70000,-2.54491,2.33994,2.78646
4859.75000,-2.55065,2.34219,2.79704
4859.80000,-2.55881,2.34502,2.81913
4859.85000,-2.56767,2.34785,2.84647
4859.90000,-2.57661,2.35043,2.87397
4859.95000,-2.58564,2.35278,2.90076
4860.00000,-2.59473,2.35488,2.92751
4860.05000,-2.60388,2.35674,2.95417
4860.10000,-2.61306,2.35835,2.98137
4860.15000,-2.62226,2.35973,2.99682
4860.20000,-2.63128,2.36081,2.99046
4860.25000,-2.63939,2.36139,2.96327
4860.30000,-2.64640,2.36205,2.92081
4860.35000,-2.65150,2.36307,2.86642
4860.40000,-2.65389,2.36381,2.80097
4860.45000,-2.65462,2.36404,2.74002
4860.50000,-2.65537,2.36436,2.69998
4860.55000,-2.65693,2.36530,2.68562
4860.60000,-2.66194,2.36788,2.69423
4860.65000,-2.66931,2.37132,2.71752
4860.70000,-2.67780,2.37501,2.74600
4860.75000,-2.68643,2.37847,2.77409
4860.80000,-2.69516,2.38169,2.80201
4860.85000,-2.70397,2.38467,2.82986
4860.90000,-2.71287,2.38740,2.85773
4860.95000,-2.72198,2.39013,2.87620
4861.00000,-2.73003,2.39216,2.86530
4861.05000,-2.73418,2.39342,2.82320
4861.10000,-2.73694,2.39441,2.76498
4861.15000,-2.73814,2.39492,2.69799
4861.20000,-2.73855,2.39513,2.65426
4861.25000,-2.73941,2.39560,2.64257
4861.30000,-2.74149,2.39675,2.63843
4861.35000,-2.74483,2.39859,2.64000
4861.40000,-2.74946,2.40112,2.64775
4861.45000,-2.75549,2.40433,2.66219
4861.50000,-2.76314,2.40823,2.68362
4861.55000,-2.77212,2.41251,2.71056
4861.60000,-2.78126,2.41656,2.73760
4861.65000,-2.79051,2.42037,2.76471
4861.70000,-2.79986,2.42392,2.79224
4861.75000,-2.80899,2.42707,2.80606
4861.80000,-2.81694,2.42977,2.79385
4861.85000,-2.82102,2.43133,2.75103
4861.90000,-2.82350,2.43242,2.69341
4861.95000,-2.82426,2.43281,2.62802
4862.00000,-2.82443,2.43294,2.57281
4862.05000,-2.82455,2.43308,2.53784
4862.10000,-2.82455,2.43312,2.51427
4862.15000,-2.82457,2.43318,2.50173
4862.20000,-2.82619,2.43439,2.50089
4862.25000,-2.82915,2.43660,2.50719
4862.30000,-2.83342,2.43970,2.52012
4862.35000,-2.83941,2.44391,2.54146
4862.40000,-2.84736,2.44918,2.57159
4862.45000,-2.85586,2.45444,2.60349
4862.50000,-2.86452,2.45943,2.63462
4862.55000,-2.87334,2.46415,2.66599
4862.60000,-2.88230,2.46858,2.69780
4862.65000,-2.89103,2.47253,2.71555
4862.70000,-2.89857,2.47560,2.70653
4862.75000,-2.90306,2.47770,2.66965
4862.80000,-2.90527,2.47888,2.61634
4862.85000,-2.90573,2.47917,2.55509
4862.90000,-2.90590,2.47931,2.50422
4862.95000,-2.90616,2.47959,2.47030
4863.00000,-2.90653,2.48002,2.44632
4863.05000,-2.90699,2.48055,2.43190
4863.10000,-2.90758,2.48124,2.42656
4863.15000,-2.90920,2.48269,2.43053
4863.20000,-2.91367,2.48651,2.44969
4863.25000,-2.92085,2.49231,2.48271
4863.30000,-2.92956,2.49880,2.52129
4863.35000,-2.93860,2.50500,2.55993
4863.40000,-2.94788,2.51085,2.59874
4863.45000,-2.95739,2.51633,2.63781
4863.50000,-2.96564,2.52056,2.66049
4863.55000,-2.97280,2.52376,2.65717
4863.60000,-2.97777,2.52622,2.62552
4863.65000,-2.97972,2.52737,2.57526
4863.70000,-2.98009,2.52761,2.51734
4863.75000,-2.98026,2.52774,2.45865
4863.80000,-2.98045,2.52794,2.41105
4863.85000,-2.98075,2.52829,2.38353
4863.90000,-2.98094,2.52858,2.36852
4863.95000,-2.98194,2.52963,2.36873
4864.00000,-2.98675,2.53427,2.39162
4864.05000,-2.99373,2.54056,2.42529
4864.10000,-3.00196,2.54745,2.46369
4864.15000,-3.01064,2.55416,2.50324
4864.20000,-3.01958,2.56053,2.54290
4864.25000,-3.02697,2.56537,2.58928
4864.30000,-3.03208,2.56837,2.62253
4864.35000,-3.03666,2.57086,2.62718
4864.40000,-3.04053,2.57294,2.60414
4864.45000,-3.04304,2.57452,2.55867
4864.50000,-3.04729,2.57749,2.50966
4864.55000,-3.05250,2.58152,2.45749
4864.60000,-3.05808,2.58634,2.40250
4864.65000,-3.06284,2.59093,2.34056
4864.70000,-3.06688,2.59513,2.28573
4864.75000,-3.07131,2.59985,2.26202
4864.80000,-3.07533,2.60467,2.27110
4864.85000,-3.07931,2.60931,2.29775
4864.90000,-3.08432,2.61474,2.33378
4864.95000,-3.09014,2.62058,2.37617
4865.00000,-3.09695,2.62685,2.42129
4865.05000,-3.10364,2.63243,2.47284
4865.10000,-3.11031,2.63740,2.52934
4865.15000,-3.11757,2.64219,2.58702
4865.20000,-3.12478,2.64649,2.63080
4865.25000,-3.12979,2.64919,2.65970
4865.30000,-3.13397,2.65129,2.70328
4865.35000,-3.13863,2.65333,2.75583
4865.40000,-3.14344,2.65516,2.79687
4865.45000,-3.14794,2.65658,2.80485
4865.50000,-3.15146,2.65772,2.78170
4865.55000,-3.15441,2.65892,2.73969
4865.60000,-3.15903,2.66102,2.69193
4865.65000,-3.16461,2.66390,2.63985
4865.70000,-3.17039,2.66703,2.59539
4865.75000,-3.17607,2.67016,2.58029
4865.80000,-3.18025,2.67265,2.60166
4865.85000,-3.18412,2.67495,2.63938
4865.90000,-3.18913,2.67755,2.68581
4865.95000,-3.19604,2.68074,2.73331
4866.00000,-3.20382,2.68387,2.78383
4866.05000,-3.21195,2.68666,2.83763
4866.10000,-3.22044,2.68906,2.89371
4866.15000,-3.22859,2.69087,2.95368
4866.20000,-3.23617,2.69207,3.01771
4866.25000,-3.24348,2.69275,3.07120
4866.30000,-3.24921,2.69301,3.10778
4866.35000,-3.25351,2.69305,-3.12349
4866.40000,-3.25790,2.69284,-3.06657
4866.45000,-3.26327,2.69227,-3.00647
4866.50000,-3.26927,2.69127,-2.94408
4866.55000,-3.27568,2.68977,-2.88014
4866.60000,-3.28239,2.68773,-2.81540
4866.65000,-3.28922,2.68517,-2.75001
4866.70000,-3.29611,2.68206,-2.68446
4866.75000,-3.30298,2.67839,-2.61895
4866.80000,-3.30975,2.67419,-2.55349
4866.85000,-3.31635,2.66947,-2.48822
4866.90000,-3.32276,2.66422,-2.42331
4866.95000,-3.32894,2.65846,-2.35881
4867.00000,-3.33480,2.65224,-2.29457
4867.05000,-3.34036,2.64554,-2.23083
4867.10000,-3.34555,2.63839,-2.16753
4867.15000,-3.35035,2.63082,-2.10469
4867.20000,-3.35472,2.62287,-2.04224
4867.25000,-3.35866,2.61451,-1.98039
4867.30000,-3.36212,2.60583,-1.91897
4867.35000,-3.36431,2.59899,-1.85792
4867.40000,-3.36511,2.59595,-1.79094
4867.45000,-3.36538,2.59454,-1.71775
4867.50000,-3.36542,2.59420,-1.64091
4867.55000,-3.36543,2.59395,-1.56447
4867.60000,-3.36541,2.59370,-1.48894
4867.65000,-3.36538,2.59345,-1.41435
4867.70000,-3.36534,2.59321,-1.34072
4867.75000,-3.36527,2.59297,-1.26804
4867.80000,-3.36519,2.59274,-1.19634
4867.85000,-3.36509,2.59251,-1.12563
4867.90000,-3.36498,2.59229,-1.05591
4867.95000,-3.36485,2.59208,-0.98720
4868.00000,-3.36470,2.59188,-0.91951
4868.05000,-3.36455,2.59169,-0.85284
4868.10000,-3.36438,2.59150,-0.78720
4868.15000,-3.36420,2.59133,-0.72259
4868.20000,-3.36400,2.59118,-0.65903
4868.25000,-3.36380,2.59103,-0.59652
4868.30000,-3.36360,2.59090,-0.53506
4868.35000,-3.36338,2.59078,-0.47466
4868.40000,-3.36315,2.59069,-0.42548
4868.45000,-3.36081,2.58951,-0.39481
4868.50000,-3.35439,2.58682,-0.38465
4868.55000,-3.34537,2.58314,-0.38806
4868.60000,-3.33623,2.57936,-0.39290
4868.65000,-3.32712,2.57554,-0.39779
4868.70000,-3.31804,2.57168,-0.40316
4868.75000,-3.30899,2.56777,-0.40883
4868.80000,-3.29991,2.56380,-0.41517
4868.85000,-3.29086,2.55976,-0.42206
4868.90000,-3.28187,2.55568,-0.42936
4868.95000,-3.27281,2.55149,-0.43685
4869.00000,-3.26383,2.54724,-0.44466
4869.05000,-3.25495,2.54295,-0.45314
4869.10000,-3.24618,2.53861,-0.46231
4869.15000,-3.23748,2.53420,-0.47213
4869.20000,-3.22882,2.52971,-0.48212
4869.25000,-3.22021,2.52513,-0.49202
4869.30000,-3.21166,2.52047,-0.50254
4869.35000,-3.20317,2.51572,-0.51343
4869.40000,-3.19473,2.51088,-0.52468
4869.45000,-3.18637,2.50595,-0.53629
4869.50000,-3.17806,2.50093,-0.54798
4869.55000,-3.16981,2.49581,-0.55977
4869.60000,-3.16164,2.49060,-0.57214
4869.65000,-3.15365,2.48549,-0.57679
4869.70000,-3.14593,2.48054,-0.57122
4869.75000,-3.13970,2.47659,-0.55641
4869.80000,-3.13515,2.47383,-0.53328
4869.85000,-3.13299,2.47259,-0.49894
4869.90000,-3.13273,2.47245,-0.45620
4869.95000,-3.13247,2.47233,-0.42537
4870.00000,-3.12962,2.47099,-0.41109
4870.05000,-3.12341,2.46823,-0.41252
4870.10000,-3.11481,2.46438,-0.42701
4870.15000,-3.10595,2.46025,-0.44207
4870.20000,-3.09729,2.45606,-0.45780
4870.25000,-3.08871,2.45174,-0.47352
4870.30000,-3.08021,2.44728,-0.48978
4870.35000,-3.07193,2.44285,-0.49554
4870.40000,-3.06395,2.43856,-0.49297
4870.45000,-3.05690,2.43481,-0.48547
4870.50000,-3.05085,2.43166,-0.47302
4870.55000,-3.04585,2.42916,-0.45559
4870.60000,-3.04263,2.42762,-0.43008
4870.65000,-3.04184,2.42727,-0.39403
4870.70000,-3.04164,2.42719,-0.35571
4870.75000,-3.04118,2.42701,-0.32844
4870.80000,-3.03819,2.42595,-0.31568
4870.85000,-3.03251,2.42402,-0.31620
4870.90000,-3.02399,2.42114,-0.33234
4870.95000,-3.01502,2.41794,-0.35159
4871.00000,-3.00609,2.41457,-0.37036
4871.05000,-2.99723,2.41103,-0.38921
4871.10000,-2.98906,2.40778,-0.39301
4871.15000,-2.98352,2.40563,-0.37898
4871.20000,-2.98171,2.40502,-0.34537
4871.25000,-2.98062,2.40463,-0.30792
4871.30000,-2.97953,2.40430,-0.27107
4871.35000,-2.97867,2.40404,-0.24944
4871.40000,-2.97549,2.40318,-0.24125
4871.45000,-2.96963,2.40166,-0.24664
4871.50000,-2.96117,2.39942,-0.26618
4871.55000,-2.95210,2.39683,-0.28917
4871.60000,-2.94308,2.39404,-0.31184
4871.65000,-2.93412,2.39103,-0.33452
4871.70000,-2.92565,2.38810,-0.34299
4871.75000,-2.91886,2.38575,-0.33981
4871.80000,-2.91470,2.38449,-0.32384
4871.85000,-2.91351,2.38416,-0.29205
4871.90000,-2.91252,2.38387,-0.25904
4871.95000,-2.91153,2.38361,-0.22657
4872.00000,-2.91056,2.38341,-0.19454
4872.05000,-2.90974,2.38324,-0.17595
4872.10000,-2.90646,2.38255,-0.17144
4872.15000,-2.90043,2.38141,-0.18104
4872.20000,-2.89191,2.37973,-0.20391
4872.25000,-2.88277,2.37771,-0.22996
4872.30000,-2.87367,2.37546,-0.25546
4872.35000,-2.86478,2.37310,-0.27035
4872.40000,-2.85821,2.37140,-0.27030
4872.45000,-2.85456,2.37058,-0.25541
4872.50000,-2.85284,2.37031,-0.23049
4872.55000,-2.85204,2.37014,-0.20180
4872.60000,-2.85115,2.36997,-0.17303
4872.65000,-2.85025,2.36980,-0.14465
4872.70000,-2.84918,2.36962,-0.13137
4872.75000,-2.84579,2.36907,-0.13064
4872.80000,-2.84005,2.36816,-0.14055
4872.85000,-2.83164,2.36683,-0.16406
4872.90000,-2.82248,2.36518,-0.19194
4872.95000,-2.81337,2.36328,-0.21990
4873.00000,-2.80433,2.36126,-0.23716
4873.05000,-2.79781,2.35983,-0.23960
4873.10000,-2.79433,2.35914,-0.22842
4873.15000,-2.79289,2.35892,-0.20556
4873.20000,-2.79220,2.35882,-0.17868
4873.25000,-2.79162,2.35873,-0.15294
4873.30000,-2.79104,2.35868,-0.12602
4873.35000,-2.79051,2.35866,-0.10074
4873.40000,-2.78988,2.35862,-0.07558
4873.45000,-2.78941,2.35853,-0.06198
4873.50000,-2.78668,2.35821,-0.06001
4873.55000,-2.78159,2.35770,-0.06851
4873.60000,-2.77393,2.35703,-0.09108
4873.65000,-2.76479,2.35605,-0.12142
4873.70000,-2.75563,2.35479,-0.15174
4873.75000,-2.74676,2.35344,-0.16870
4873.80000,-2.73937,2.35229,-0.17445
4873.85000,-2.73323,2.35138,-0.17438
4873.90000,-2.72711,2.35047,-0.17412
4873.95000,-2.72102,2.34959,-0.17260
4874.00000,-2.71504,2.34873,-0.17002
4874.05000,-2.71169,2.34844,-0.15301
4874.10000,-2.71044,2.34846,-0.12870
4874.15000,-2.71052,2.34858,-0.09861
4874.20000,-2.71061,2.34858,-0.06719
4874.25000,-2.71046,2.34857,-0.03695
4874.30000,-2.71035,2.34857,-0.00597
4874.35000,-2.71026,2.34857,0.02656
4874.40000,-2.71012,2.34863,0.05453
4874.45000,-2.70981,2.34889,0.07336
4874.50000,-2.70931,2.34929,0.08420
4874.55000,-2.70799,2.34987,0.08923
4874.60000,-2.70535,2.35066,0.08799
4874.65000,-2.70018,2.35151,0.07460
4874.70000,-2.69189,2.35206,0.04438
4874.75000,-2.68243,2.35232,0.01096
4874.80000,-2.67254,2.35228,-0.02001
4874.85000,-2.66254,2.35193,-0.05017
4874.90000,-2.65257,2.35147,-0.07288
4874.95000,-2.64254,2.35100,-0.07009
4875.00000,-2.63463,2.35075,-0.04099
4875.05000,-2.62863,2.35065,0.00422
4875.10000,-2.62371,2.35075,0.06193
4875.15000,-2.62057,2.35102,0.13127
4875.20000,-2.61952,2.35119,0.20980
4875.25000,-2.61901,2.35132,0.27987
4875.30000,-2.61840,2.35157,0.33524
4875.35000,-2.61719,2.35251,0.35784
4875.40000,-2.61570,2.35377,0.36355
4875.45000,-2.61302,2.35522,0.35631
4875.50000,-2.60653,2.35766,0.32893
4875.55000,-2.59823,2.36032,0.29237
4875.60000,-2.58951,2.36277,0.25485
4875.65000,-2.58083,2.36485,0.21345
4875.70000,-2.57251,2.36644,0.16589
4875.75000,-2.56381,2.36767,0.11455
4875.80000,-2.55404,2.36853,0.06355
4875.85000,-2.54541,2.36892,0.03427
4875.90000,-2.53817,2.36912,0.03282
4875.95000,-2.53036,2.36934,0.04911
4876.00000,-2.52265,2.36973,0.08212
4876.05000,-2.51583,2.37039,0.12840
4876.10000,-2.51006,2.37130,0.18572
4876.15000,-2.50389,2.37266,0.24640
4876.20000,-2.49782,2.37439,0.31074
4876.25000,-2.49180,2.37626,0.36673
4876.30000,-2.48604,2.37793,0.40036
4876.35000,-2.48053,2.37943,0.40521
4876.40000,-2.47529,2.38070,0.38920
4876.45000,-2.47022,2.38184,0.36082
4876.50000,-2.46527,2.38298,0.31995
4876.55000,-2.46013,2.38448,0.26740
4876.60000,-2.45367,2.38605,0.21035
4876.65000,-2.44637,2.38738,0.15204
4876.70000,-2.43842,2.38833,0.10755
4876.75000,-2.42980,2.38909,0.09138
4876.80000,-2.42048,2.38999,0.09413
4876.85000,-2.41161,2.39077,0.11875
4876.90000,-2.40451,2.39172,0.16002
4876.95000,-2.39838,2.39287,0.21290
4877.00000,-2.39176,2.39450,0.26963
4877.05000,-2.38470,2.39668,0.32842
4877.10000,-2.37739,2.39942,0.38862
4877.15000,-2.37018,2.40229,0.44025
4877.20000,-2.36331,2.40487,0.47295
4877.25000,-2.35710,2.40689,0.47472
4877.30000,-2.35112,2.40870,0.46585
4877.35000,-2.34531,2.41037,0.44532
4877.40000,-2.33969,2.41215,0.41190
4877.45000,-2.33390,2.41448,0.36643
4877.50000,-2.32678,2.41700,0.31347
4877.55000,-2.31934,2.41916,0.25694
4877.60000,-2.31129,2.42103,0.19915
4877.65000,-2.30275,2.42250,0.14056
4877.70000,-2.29391,2.42348,0.08127
4877.75000,-2.28490,2.42394,0.02132
4877.80000,-2.27579,2.42386,-0.03908
4877.85000,-2.26646,2.42321,-0.09910
4877.90000,-2.25722,2.42201,-0.15969
4877.95000,-2.24789,2.42022,-0.21983
4878.00000,-2.23868,2.41787,-0.28014
4878.05000,-2.22959,2.41495,-0.34045
4878.10000,-2.22060,2.41146,-0.40047
4878.15000,-2.21174,2.40739,-0.46015
4878.20000,-2.20422,2.40338,-0.52442
4878.25000,-2.19893,2.40007,-0.59735
4878.30000,-2.19417,2.39656,-0.67170
4878.35000,-2.18970,2.39273,-0.74629
4878.40000,-2.18555,2.38859,-0.82109
4878.45000,-2.18173,2.38417,-0.89605
4878.50000,-2.17827,2.37950,-0.97116
4878.55000,-2.17519,2.37459,-1.04639
4878.60000,-2.17249,2.36949,-1.12172
4878.65000,-2.17018,2.36420,-1.19713
4878.70000,-2.16829,2.35878,-1.27260
4878.75000,-2.16681,2.35323,-1.34812
4878.80000,-2.16576,2.34760,-1.42368
4878.85000,-2.16514,2.34191,-1.49929
4878.90000,-2.16495,2.33636,-1.57435
4878.95000,-2.16516,2.33106,-1.64845
4879.00000,-2.16574,2.32606,-1.72156
4879.05000,-2.16662,2.32139,-1.79367
4879.10000,-2.16777,2.31704,-1.86477
4879.15000,-2.16914,2.31304,-1.93484
4879.20000,-2.17068,2.30938,-2.00391
4879.25000,-2.17235,2.30605,-2.07196
4879.30000,-2.17413,2.30305,-2.13899
4879.35000,-2.17598,2.30036,-2.20499
4879.40000,-2.17786,2.29797,-2.26997
4879.45000,-2.17975,2.29586,-2.33392
4879.50000,-2.18163,2.29401,-2.39685
4879.55000,-2.18348,2.29240,-2.45875
4879.60000,-2.18529,2.29102,-2.51964
4879.65000,-2.18703,2.28985,-2.57952
4879.70000,-2.18871,2.28886,-2.63838
4879.75000,-2.19032,2.28803,-2.69624
4879.80000,-2.19185,2.28735,-2.75310
4879.85000,-2.19330,2.28681,-2.80897
4879.90000,-2.19466,2.28638,-2.86386
4879.95000,-2.19595,2.28605,-2.91777
4880.00000,-2.19715,2.28581,-2.97071
4880.05000,-2.19830,2.28564,-3.02270
4880.10000,-2.19950,2.28552,-3.06528
4880.15000,-2.20359,2.28509,-3.09231
4880.20000,-2.21085,2.28467,-3.10629
4880.25000,-2.22058,2.28433,-3.10919
4880.30000,-2.23057,2.28401,-3.10985
4880.35000,-2.24055,2.28370,-3.11039
4880.40000,-2.25055,2.28338,-3.11031
4880.45000,-2.26056,2.28307,-3.10948
4880.50000,-2.27058,2.28274,-3.10803
4880.55000,-2.28059,2.28239,-3.10590
4880.60000,-2.29061,2.28202,-3.10334
4880.65000,-2.30065,2.28162,-3.10011
4880.70000,-2.31063,2.28118,-3.09637
4880.75000,-2.32061,2.28071,-3.09234
4880.80000,-2.33058,2.28019,-3.08795
4880.85000,-2.34055,2.27963,-3.08322
4880.90000,-2.35058,2.27902,-3.07737
4880.95000,-2.36055,2.27838,-3.07543
4881.00000,-2.37053,2.27772,-3.08132
4881.05000,-2.38055,2.27710,-3.09547
4881.10000,-2.39068,2.27673,-3.11842
4881.15000,-2.40070,2.27664,3.13239
4881.20000,-2.40921,2.27666,3.08873
4881.25000,-2.41576,2.27675,3.03328
4881.30000,-2.41961,2.27687,2.97653
4881.35000,-2.42309,2.27693,2.93540
4881.40000,-2.42667,2.27734,2.90999
4881.45000,-2.43153,2.27871,2.89822
4881.50000,-2.43935,2.28093,2.90121
4881.55000,-2.44852,2.28322,2.91178
4881.60000,-2.45798,2.28537,2.92361
4881.65000,-2.46775,2.28748,2.93446
4881.70000,-2.47753,2.28947,2.94526
4881.75000,-2.48734,2.29137,2.95647
4881.80000,-2.49717,2.29315,2.96804
4881.85000,-2.50701,2.29481,2.97971
4881.90000,-2.51688,2.29636,2.99151
4881.95000,-2.52676,2.29779,3.00365
4882.00000,-2.53666,2.29910,3.01612
4882.05000,-2.54656,2.30031,3.01980
4882.10000,-2.55587,2.30120,3.00278
4882.15000,-2.56367,2.30183,2.96743
4882.20000,-2.57029,2.30276,2.91862
4882.25000,-2.57508,2.30395,2.85656
4882.30000,-2.57808,2.30457,2.79601
4882.35000,-2.58108,2.30529,2.75892
4882.40000,-2.58513,2.30703,2.74924
4882.45000,-2.59266,2.31021,2.75754
4882.50000,-2.60153,2.31371,2.77444
4882.55000,-2.61050,2.31708,2.79134
4882.60000,-2.61953,2.32029,2.80792
4882.65000,-2.62861,2.32335,2.82469
4882.70000,-2.63773,2.32626,2.84163
4882.75000,-2.64690,2.32901,2.85872
4882.80000,-2.65612,2.33160,2.87596
4882.85000,-2.66544,2.33406,2.89339
4882.90000,-2.67474,2.33614,2.89925
4882.95000,-2.68279,2.33780,2.88127
4883.00000,-2.68840,2.33925,2.84021
4883.05000,-2.69265,2.34069,2.78419
4883.10000,-2.69552,2.34163,2.73036
4883.15000,-2.69842,2.34266,2.69963
4883.20000,-2.70158,2.34406,2.68730
4883.25000,-2.70732,2.34693,2.69110
4883.30000,-2.71455,2.35040,2.70160
4883.35000,-2.72313,2.35437,2.71786
4883.40000,-2.73227,2.35839,2.73626
4883.45000,-2.74149,2.36224,2.75457
4883.50000,-2.75077,2.36592,2.77268
4883.55000,-2.76030,2.36954,2.79224
4883.60000,-2.77008,2.37300,2.81301
4883.65000,-2.77922,2.37585,2.82126
4883.70000,-2.78638,2.37772,2.80231
4883.75000,-2.79063,2.37919,2.75844
4883.80000,-2.79349,2.38043,2.69872
4883.85000,-2.79504,2.38122,2.62903
4883.90000,-2.79589,2.38173,2.56873
4883.95000,-2.79679,2.38233,2.52746
4884.00000,-2.79796,2.38324,2.50424
4884.05000,-2.79954,2.38450,2.49388
4884.10000,-2.80362,2.38763,2.49779
4884.15000,-2.81070,2.39291,2.51698
4884.20000,-2.81888,2.39866,2.54101
4884.25000,-2.82720,2.40422,2.56480
4884.30000,-2.83586,2.40971,2.58938
4884.35000,-2.84484,2.41510,2.61463
4884.40000,-2.85411,2.42034,2.64042
4884.45000,-2.86351,2.42533,2.66638
4884.50000,-2.87306,2.43008,2.69274
4884.55000,-2.88203,2.43406,2.70653
4884.60000,-2.88966,2.43712,2.69379
4884.65000,-2.89408,2.43926,2.65370
4884.70000,-2.89669,2.44073,2.59625
4884.75000,-2.89772,2.44139,2.53028
4884.80000,-2.89808,2.44167,2.47255
4884.85000,-2.89874,2.44232,2.43860
4884.90000,-2.90157,2.44477,2.43848
4884.95000,-2.90728,2.44954,2.45423
4885.00000,-2.91484,2.45560,2.47872
4885.05000,-2.92337,2.46207,2.50693
4885.10000,-2.93207,2.46829,2.53479
4885.15000,-2.94094,2.47427,2.56248
4885.20000,-2.94997,2.48000,2.59046
4885.25000,-2.95828,2.48494,2.61839
4885.30000,-2.96648,2.48971,2.63844
4885.35000,-2.97471,2.49448,2.64178
4885.40000,-2.98204,2.49857,2.61896
4885.45000,-2.98775,2.50200,2.57787
4885.50000,-2.99113,2.50424,2.52493
4885.55000,-2.99203,2.50491,2.46035
4885.60000,-2.99220,2.50508,2.40435
4885.65000,-2.99299,2.50592,2.38160
4885.70000,-2.99614,2.50893,2.38471
4885.75000,-3.00178,2.51418,2.40106
4885.80000,-3.00913,2.52073,2.42578
4885.85000,-3.01729,2.52763,2.45368
4885.90000,-3.02564,2.53430,2.48181
4885.95000,-3.03319,2.53996,2.51488
4886.00000,-3.03999,2.54468,2.55613
4886.05000,-3.04507,2.54783,2.59076
4886.10000,-3.04974,2.55063,2.59344
4886.15000,-3.05350,2.55292,2.56910
4886.20000,-3.05584,2.55451,2.52252
4886.25000,-3.05922,2.55706,2.46946
4886.30000,-3.06334,2.56054,2.41253
4886.35000,-3.06784,2.56481,2.35282
4886.40000,-3.07228,2.56931,2.30274
4886.45000,-3.07708,2.57430,2.28270
4886.50000,-3.08161,2.57937,2.29279
4886.55000,-3.08696,2.58534,2.31600
4886.60000,-3.09305,2.59174,2.34798
4886.65000,-3.09895,2.59753,2.38476
4886.70000,-3.10435,2.60245,2.42301
4886.75000,-3.10941,2.60687,2.45590
4886.80000,-3.11480,2.61154,2.45988
4886.85000,-3.11945,2.61544,2.43629
4886.90000,-3.12219,2.61790,2.38860
4886.95000,-3.12575,2.62142,2.33547
4887.00000,-3.12945,2.62531,2.29064
4887.05000,-3.13336,2.62948,2.27157
4887.10000,-3.13727,2.63392,2.28600
4887.15000,-3.14159,2.63875,2.31554
4887.20000,-3.14724,2.64467,2.35122
4887.25000,-3.15360,2.65083,2.39313
4887.30000,-3.16052,2.65697,2.43978
4887.35000,-3.16828,2.66322,2.48714
4887.40000,-3.17632,2.66908,2.53612
4887.45000,-3.18468,2.67457,2.58569
4887.50000,-3.19329,2.67964,2.63334
4887.55000,-3.20214,2.68429,2.68140
4887.60000,-3.21120,2.68852,2.72887
4887.65000,-3.22031,2.69224,2.77872
4887.70000,-3.22973,2.69554,2.83025
4887.75000,-3.23931,2.69836,2.87933
4887.80000,-3.24864,2.70061,2.93141
4887.85000,-3.25797,2.70233,2.98628
4887.90000,-3.26718,2.70351,3.04363
4887.95000,-3.27559,2.70408,3.10542
4888.00000,-3.28307,2.70411,-3.11149
4888.05000,-3.29074,2.70362,-3.04528
4888.10000,-3.29848,2.70261,-2.97901
4888.15000,-3.30627,2.70107,-2.91292
4888.20000,-3.31407,2.69898,-2.84710
4888.25000,-3.32184,2.69634,-2.78159
4888.30000,-3.32951,2.69317,-2.71634
4888.35000,-3.33706,2.68944,-2.65148
4888.40000,-3.34445,2.68519,-2.58694
4888.45000,-3.35166,2.68040,-2.52287
4888.50000,-3.35865,2.67508,-2.45928
4888.55000,-3.36537,2.66925,-2.39608
4888.60000,-3.37178,2.66294,-2.33330
4888.65000,-3.37789,2.65614,-2.27107
4888.70000,-3.38364,2.64887,-2.20929
4888.75000,-3.38900,2.64117,-2.14799
4888.80000,-3.39393,2.63306,-2.08708
4888.85000,-3.39844,2.62453,-2.02680
4888.90000,-3.40247,2.61565,-1.96693
4888.95000,-3.40599,2.60647,-1.90740
4889.00000,-3.40834,2.59850,-1.84856
4889.05000,-3.40923,2.59494,-1.78270
4889.10000,-3.40946,2.59373,-1.71222
4889.15000,-3.40949,2.59346,-1.63858
4889.20000,-3.40949,2.59321,-1.56559
4889.25000,-3.40948,2.59296,-1.49346
4889.30000,-3.40945,2.59271,-1.42218
4889.35000,-3.40941,2.59246,-1.35178
4889.40000,-3.40935,2.59222,-1.28226
4889.45000,-3.40927,2.59198,-1.21364
4889.50000,-3.40917,2.59175,-1.14593
4889.55000,-3.40906,2.59152,-1.07914
4889.60000,-3.40893,2.59130,-1.01329
4889.65000,-3.40879,2.59109,-0.94837
4889.70000,-3.40864,2.59089,-0.88440
4889.75000,-3.40847,2.59070,-0.82139
4889.80000,-3.40830,2.59053,-0.75934
4889.85000,-3.40811,2.59036,-0.69826
4889.90000,-3.40791,2.59020,-0.63816
4889.95000,-3.40770,2.59006,-0.57904
4890.00000,-3.40749,2.58993,-0.52091
4890.05000,-3.40727,2.58981,-0.46377
4890.10000,-3.40704,2.58970,-0.40762
4890.15000,-3.40681,2.58961,-0.35248
4890.20000,-3.40657,2.58955,-0.30866
4890.25000,-3.40536,2.58898,-0.27518
4890.30000,-3.40380,2.58855,-0.24357
4890.35000,-3.40045,2.58768,-0.22701
4890.40000,-3.39344,2.58600,-0.22657
4890.45000,-3.38408,2.58376,-0.23748
4890.50000,-3.37437,2.58135,-0.24953
4890.55000,-3.36499,2.57888,-0.26252
4890.60000,-3.35569,2.57629,-0.27647
4890.65000,-3.34643,2.57358,-0.29053
4890.70000,-3.33722,2.57073,-0.30515
4890.75000,-3.32807,2.56776,-0.32003
4890.80000,-3.31896,2.56464,-0.33525
4890.85000,-3.30992,2.56139,-0.35076
4890.90000,-3.30092,2.55800,-0.36634
4890.95000,-3.29200,2.55448,-0.38264
4891.00000,-3.28314,2.55081,-0.39917
4891.05000,-3.27435,2.54700,-0.41572
4891.10000,-3.26563,2.54304,-0.43272
4891.15000,-3.25697,2.53893,-0.44970
4891.20000,-3.24840,2.53468,-0.46714
4891.25000,-3.23990,2.53029,-0.48449
4891.30000,-3.23149,2.52574,-0.50205
4891.35000,-3.22316,2.52106,-0.51973
4891.40000,-3.21492,2.51622,-0.53759
4891.45000,-3.20677,2.51125,-0.55579
4891.50000,-3.19872,2.50612,-0.57411
4891.55000,-3.19075,2.50085,-0.59210
4891.60000,-3.18290,2.49544,-0.61067
4891.65000,-3.17562,2.49039,-0.61409
4891.70000,-3.17114,2.48740,-0.59324
4891.75000,-3.16950,2.48635,-0.55538
4891.80000,-3.16928,2.48621,-0.51749
4891.85000,-3.16907,2.48610,-0.48025
4891.90000,-3.16882,2.48598,-0.45335
4891.95000,-3.16624,2.48466,-0.44334
4892.00000,-3.16068,2.48196,-0.44912
4892.05000,-3.15302,2.47817,-0.46734
4892.10000,-3.14464,2.47382,-0.48979
4892.15000,-3.13635,2.46927,-0.51202
4892.20000,-3.12816,2.46454,-0.53421
4892.25000,-3.12038,2.45996,-0.54207
4892.30000,-3.11485,2.45675,-0.53079
4892.35000,-3.11242,2.45544,-0.50228
4892.40000,-3.11143,2.45491,-0.46525
4892.45000,-3.11049,2.45446,-0.42864
4892.50000,-3.10981,2.45419,-0.40800
4892.55000,-3.10708,2.45297,-0.40107
4892.60000,-3.10213,2.45083,-0.40649
4892.65000,-3.09449,2.44743,-0.42673
4892.70000,-3.08602,2.44344,-0.45225
4892.75000,-3.07764,2.43924,-0.47738
4892.80000,-3.06934,2.43497,-0.48986
4892.85000,-3.06249,2.43141,-0.48896
4892.90000,-3.05834,2.42932,-0.47359
4892.95000,-3.05697,2.42868,-0.44229
4893.00000,-3.05611,2.42830,-0.40810
4893.05000,-3.05521,2.42794,-0.37428
4893.10000,-3.05433,2.42757,-0.35697
4893.15000,-3.05106,2.42631,-0.35548
4893.20000,-3.04486,2.42392,-0.36923
4893.25000,-3.03687,2.42071,-0.39313
4893.30000,-3.02830,2.41702,-0.42031
4893.35000,-3.02001,2.41332,-0.43475
4893.40000,-3.01394,2.41057,-0.43219
4893.45000,-3.01090,2.40928,-0.41274
4893.50000,-3.00977,2.40887,-0.38303
4893.55000,-3.00891,2.40854,-0.35195
4893.60000,-3.00803,2.40824,-0.32068
4893.65000,-3.00746,2.40806,-0.30424
4893.70000,-3.00429,2.40698,-0.30373
4893.75000,-2.99818,2.40497,-0.31897
4893.80000,-2.99016,2.40220,-0.34431
4893.85000,-2.98148,2.39894,-0.37333
4893.90000,-2.97271,2.39546,-0.39133
4893.95000,-2.96633,2.39292,-0.39065
4894.00000,-2.96412,2.39219,-0.36768
4894.05000,-2.96350,2.39198,-0.33739
4894.10000,-2.96294,2.39179,-0.30765
4894.15000,-2.96219,2.39158,-0.27676
4894.20000,-2.96139,2.39138,-0.24617
4894.25000,-2.96084,2.39127,-0.22990
4894.30000,-2.95799,2.39051,-0.22993
4894.35000,-2.95249,2.38909,-0.24339
4894.40000,-2.94464,2.38703,-0.26942
4894.45000,-2.93584,2.38445,-0.30050
4894.50000,-2.92707,2.38158,-0.33148
4894.55000,-2.91823,2.37845,-0.35277
4894.60000,-2.90911,2.37512,-0.35359
4894.65000,-2.90015,2.37192,-0.34600
4894.70000,-2.89136,2.36887,-0.32880
4894.75000,-2.88497,2.36728,-0.30458
4894.80000,-2.88159,2.36663,-0.30201
4894.85000,-2.87949,2.36635,-0.33026
4894.90000,-2.87855,2.36600,-0.38029
4894.95000,-2.87815,2.36583,-0.44087
4895.00000,-2.87797,2.36574,-0.50220
4895.05000,-2.87778,2.36562,-0.56280
4895.10000,-2.87757,2.36548,-0.62260
4895.15000,-2.87733,2.36530,-0.68165
4895.20000,-2.87707,2.36508,-0.74005
4895.25000,-2.87680,2.36481,-0.79788
4895.30000,-2.87651,2.36449,-0.85518
4895.35000,-2.87620,2.36412,-0.91197
4895.40000,-2.87589,2.36369,-0.96827
4895.45000,-2.87556,2.36319,-1.02408
4895.50000,-2.87524,2.36262,-1.07941
4895.55000,-2.87492,2.36198,-1.13426
4895.60000,-2.87461,2.36126,-1.18865
4895.65000,-2.87432,2.36049,-1.24257
4895.70000,-2.87407,2.35967,-1.29604
4895.75000,-2.87385,2.35882,-1.34907
4895.80000,-2.87368,2.35794,-1.40163
4895.85000,-2.87355,2.35704,-1.45372
4895.90000,-2.87346,2.35610,-1.50530
4895.95000,-2.87342,2.35514,-1.55636
4896.00000,-2.87343,2.35416,-1.60689
4896.05000,-2.87350,2.35315,-1.65686
4896.10000,-2.87361,2.35209,-1.70623
4896.15000,-2.87379,2.35099,-1.75498
4896.20000,-2.87404,2.34982,-1.80307
4896.25000,-2.87437,2.34857,-1.85048
4896.30000,-2.87478,2.34724,-1.89723
4896.35000,-2.87530,2.34583,-1.94329
4896.40000,-2.87592,2.34434,-1.98869
4896.45000,-2.87666,2.34277,-2.03341
4896.50000,-2.87753,2.34113,-2.07746
4896.55000,-2.87854,2.33940,-2.12084
4896.60000,-2.87968,2.33762,-2.16355
4896.65000,-2.88096,2.33581,-2.20561
4896.70000,-2.88235,2.33400,-2.24700
4896.75000,-2.88385,2.33220,-2.28774
4896.80000,-2.88548,2.33041,-2.32780
4896.85000,-2.88722,2.32864,-2.36720
4896.90000,-2.88908,2.32689,-2.40593
4896.95000,-2.89106,2.32517,-2.44398
4897.00000,-2.89315,2.32348,-2.48134
4897.05000,-2.89536,2.32183,-2.51803
4897.10000,-2.89773,2.32019,-2.55403
4897.15000,-2.90026,2.31857,-2.58935
4897.20000,-2.90296,2.31697,-2.62400
4897.25000,-2.90848,2.31396,-2.65477
4897.30000,-2.91690,2.30967,-2.68596
4897.35000,-2.92595,2.30541,-2.71872
4897.40000,-2.93443,2.30179,-2.75388
4897.45000,-2.94295,2.29850,-2.78883
4897.50000,-2.95160,2.29548,-2.82296
4897.55000,-2.96066,2.29266,-2.85523
4897.60000,-2.96989,2.29011,-2.88640
4897.65000,-2.97959,2.28773,-2.91538
4897.70000,-2.98937,2.28562,-2.94368
4897.75000,-2.99920,2.28379,-2.97139
4897.80000,-3.00907,2.28223,-2.99853
4897.85000,-3.01899,2.28094,-3.02511
4897.90000,-3.02893,2.27991,-3.05113
4897.95000,-3.03890,2.27913,-3.07661
4898.00000,-3.04889,2.27861,-3.10156
4898.05000,-3.05889,2.27833,-3.12599
4898.10000,-3.06888,2.27829,3.13328
4898.15000,-3.07888,2.27849,3.10988
4898.20000,-3.08887,2.27893,3.08697
4898.25000,-3.09885,2.27958,3.06455
4898.30000,-3.10881,2.28046,3.04262
4898.35000,-3.11875,2.28156,3.02115
4898.40000,-3.12862,2.28270,3.00372
4898.45000,-3.13868,2.28403,3.00576
4898.50000,-3.14868,2.28531,3.02019
4898.55000,-3.15856,2.28650,3.04518
4898.60000,-3.16850,2.28733,3.08179
4898.65000,-3.17849,2.28773,3.12179
4898.70000,-3.18849,2.28773,-3.12168
4898.75000,-3.19844,2.28734,-3.08180
4898.80000,-3.20825,2.28656,-3.04114
4898.85000,-3.21732,2.28545,-2.99793
4898.90000,-3.22694,2.28384,-2.95521
4898.95000,-3.23606,2.28198,-2.91190
4899.00000,-3.24469,2.27976,-2.86835
4899.05000,-3.25322,2.27717,-2.82497
4899.10000,-3.26163,2.27421,-2.78181
4899.15000,-3.26992,2.27089,-2.73910
4899.20000,-3.27807,2.26721,-2.69663
4899.25000,-3.28606,2.26319,-2.65447
4899.30000,-3.29389,2.25884,-2.61285
4899.35000,-3.30154,2.25415,-2.57157
4899.40000,-3.30899,2.24916,-2.53064
4899.45000,-3.31625,2.24385,-2.49012
4899.50000,-3.32329,2.23825,-2.45001
4899.55000,-3.33011,2.23238,-2.41008
4899.60000,-3.33669,2.22622,-2.37065
4899.65000,-3.34304,2.21981,-2.33146
4899.70000,-3.34914,2.21315,-2.29279
4899.75000,-3.35430,2.20708,-2.25197
4899.80000,-3.35672,2.20396,-2.20037
4899.85000,-3.35743,2.20294,-2.13950
4899.90000,-3.35751,2.20281,-2.07487
4899.95000,-3.35758,2.20267,-2.01082
4900.00000,-3.35765,2.20251,-1.94739
4900.05000,-3.35771,2.20235,-1.88456
4900.10000,-3.35776,2.20217,-1.82231
4900.15000,-3.35780,2.20198,-1.76061
4900.20000,-3.35783,2.20179,-1.69947
4900.25000,-3.35785,2.20159,-1.63888
4900.30000,-3.35786,2.20138,-1.57884
4900.35000,-3.35786,2.20117,-1.51935
4900.40000,-3.35784,2.20095,-1.46042
4900.45000,-3.35781,2.20074,-1.40206
4900.50000,-3.35776,2.20052,-1.34426
4900.55000,-3.35771,2.20030,-1.28703
4900.60000,-3.35764,2.20009,-1.23036
4900.65000,-3.35756,2.19987,-1.17424
4900.70000,-3.35746,2.19967,-1.11869
4900.75000,-3.35736,2.19946,-1.06372
4900.80000,-3.35724,2.19927,-1.00935
4900.85000,-3.35711,2.19908,-0.95562
4900.90000,-3.35698,2.19889,-0.90254
4900.95000,-3.35683,2.19871,-0.85012
4901.00000,-3.35667,2.19854,-0.79836
4901.05000,-3.35650,2.19837,-0.74728
4901.10000,-3.35632,2.19822,-0.69687
4901.15000,-3.35613,2.19807,-0.64715
4901.20000,-3.35593,2.19792,-0.59811
4901.25000,-3.35573,2.19779,-0.54977
4901.30000,-3.35551,2.19767,-0.50213
4901.35000,-3.35530,2.19756,-0.45519
4901.40000,-3.35507,2.19745,-0.40896
4901.45000,-3.35484,2.19736,-0.36344
4901.50000,-3.35461,2.19728,-0.31864
4901.55000,-3.35437,2.19720,-0.27454
4901.60000,-3.35413,2.19714,-0.23116
4901.65000,-3.35389,2.19709,-0.18850
4901.70000,-3.35364,2.19705,-0.14656
4901.75000,-3.35340,2.19702,-0.10534
4901.80000,-3.35315,2.19700,-0.06486
4901.85000,-3.35290,2.19698,-0.02512
4901.90000,-3.35265,2.19698,0.01388
4901.95000,-3.35067,2.19712,0.05263
4902.00000,-3.34426,2.19761,0.09149
4902.05000,-3.33498,2.19864,0.12910
4902.10000,-3.32606,2.19997,0.16899
4902.15000,-3.31720,2.20166,0.20814
4902.20000,-3.30839,2.20370,0.24638
4902.25000,-3.29964,2.20608,0.28372
4902.30000,-3.29097,2.20878,0.32016
4902.35000,-3.28237,2.21180,0.35571
4902.40000,-3.27387,2.21513,0.39036
4902.45000,-3.26546,2.21875,0.42412
4902.50000,-3.25716,2.22266,0.45700
4902.55000,-3.24897,2.22685,0.48898
4902.60000,-3.24090,2.23131,0.52008
4902.65000,-3.23295,2.23603,0.55029
4902.70000,-3.22512,2.24099,0.57961
4902.75000,-3.21742,2.24618,0.60805
4902.80000,-3.20986,2.25161,0.63562
4902.85000,-3.20242,2.25725,0.66230
4902.90000,-3.19512,2.26309,0.68812
4902.95000,-3.18795,2.26914,0.71308
4903.00000,-3.18092,2.27537,0.73717
4903.05000,-3.17381,2.28198,0.76178
4903.10000,-3.16666,2.28879,0.78721
4903.15000,-3.16296,2.29210,0.80286
4903.20000,-3.16034,2.29453,0.79087
4903.25000,-3.15648,2.29833,0.76309
4903.30000,-3.15134,2.30306,0.72731
4903.35000,-3.14520,2.30831,0.68575
4903.40000,-3.13826,2.31373,0.64091
4903.45000,-3.13103,2.31887,0.59590
4903.50000,-3.12357,2.32368,0.55103
4903.55000,-3.11590,2.32816,0.50636
4903.60000,-3.10804,2.33230,0.46173
4903.65000,-3.10000,2.33608,0.41718
4903.70000,-3.09179,2.33950,0.37299
4903.75000,-3.08343,2.34256,0.32916
4903.80000,-3.07494,2.34526,0.28545
4903.85000,-3.06634,2.34757,0.24170
4903.90000,-3.05764,2.34952,0.19842
4903.95000,-3.04885,2.35109,0.15561
4904.00000,-3.03999,2.35229,0.11329
4904.05000,-3.03108,2.35311,0.07103
4904.10000,-3.02214,2.35356,0.02907
4904.15000,-3.01318,2.35363,-0.01251
4904.20000,-3.00421,2.35334,-0.05352
4904.25000,-2.99526,2.35267,-0.09435
4904.30000,-2.98633,2.35165,-0.13477
4904.35000,-2.97744,2.35026,-0.17473
4904.40000,-2.96859,2.34852,-0.21420
4904.45000,-2.95982,2.34643,-0.25316
4904.50000,-2.95112,2.34400,-0.29187
4904.55000,-2.94251,2.34123,-0.33023
4904.60000,-2.93394,2.33827,-0.36217
4904.65000,-2.92672,2.33558,-0.37909
4904.70000,-2.92272,2.33407,-0.37824
4904.75000,-2.92187,2.33378,-0.36018
4904.80000,-2.92136,2.33360,-0.33976
4904.85000,-2.92073,2.33339,-0.32016
4904.90000,-2.92011,2.33320,-0.30058
4904.95000,-2.91949,2.33301,-0.28117
4905.00000,-2.91888,2.33285,-0.26191
4905.05000,-2.91826,2.33270,-0.24283
4905.10000,-2.91763,2.33255,-0.22395
4905.15000,-2.91721,2.33245,-0.21750
4905.20000,-2.91461,2.33176,-0.22440
4905.25000,-2.90878,2.33033,-0.24774
4905.30000,-2.90133,2.32831,-0.27976
4905.35000,-2.89311,2.32590,-0.30721
4905.40000,-2.88578,2.32361,-0.32368
4905.45000,-2.88026,2.32181,-0.33084
4905.50000,-2.87734,2.32093,-0.32390
4905.55000,-2.87663,2.32074,-0.30519
4905.60000,-2.87600,2.32056,-0.28558
4905.65000,-2.87540,2.32040,-0.26625
4905.70000,-2.87477,2.32024,-0.24701
4905.75000,-2.87415,2.32010,-0.22807
4905.80000,-2.87353,2.31997,-0.20913
4905.85000,-2.87291,2.31986,-0.19037
4905.90000,-2.87230,2.31975,-0.17176
4905.95000,-2.87161,2.31959,-0.16760
4906.00000,-2.86794,2.31890,-0.17909
4906.05000,-2.86175,2.31769,-0.20315
4906.10000,-2.85399,2.31596,-0.23513
4906.15000,-2.84559,2.31391,-0.25911
4906.20000,-2.83912,2.31225,-0.27105
4906.25000,-2.83477,2.31110,-0.27255
4906.30000,-2.83186,2.31034,-0.26565
4906.35000,-2.82934,2.30976,-0.25705
4906.40000,-2.82862,2.30961,-0.23992
4906.45000,-2.82813,2.30950,-0.22122
4906.50000,-2.82753,2.30938,-0.20256
4906.55000,-2.82701,2.30929,-0.18419
4906.60000,-2.82656,2.30921,-0.16664
4906.65000,-2.82604,2.30913,-0.14887
4906.70000,-2.82572,2.30909,-0.13182
4906.75000,-2.82524,2.30903,-0.11451
4906.80000,-2.82509,2.30899,-0.10732
4906.85000,-2.82337,2.30874,-0.10829
4906.90000,-2.81900,2.30810,-0.12189
4906.95000,-2.81173,2.30702,-0.14965
4907.00000,-2.80303,2.30553,-0.18537
4907.05000,-2.79407,2.30383,-0.21401
4907.10000,-2.78641,2.30236,-0.23021
4907.15000,-2.78100,2.30134,-0.23644
4907.20000,-2.77696,2.30059,-0.23660
4907.25000,-2.77301,2.29988,-0.23539
4907.30000,-2.76990,2.29932,-0.23006
4907.35000,-2.76931,2.29923,-0.21255
4907.40000,-2.76893,2.29916,-0.19474
4907.45000,-2.76855,2.29909,-0.17708
4907.50000,-2.76836,2.29906,-0.16009
4907.55000,-2.76815,2.29903,-0.14330
4907.60000,-2.76788,2.29899,-0.12632
4907.65000,-2.76769,2.29896,-0.10987
4907.70000,-2.76739,2.29893,-0.09329
4907.75000,-2.76709,2.29890,-0.07693
4907.80000,-2.76684,2.29888,-0.06077
4907.85000,-2.76627,2.29882,-0.05429
4907.90000,-2.76320,2.29855,-0.06052
4907.95000,-2.75733,2.29808,-0.07943
4908.00000,-2.74924,2.29730,-0.10941
4908.05000,-2.74042,2.29639,-0.13639
4908.10000,-2.73391,2.29571,-0.14882
4908.15000,-2.72918,2.29522,-0.15178
4908.20000,-2.72466,2.29475,-0.15377
4908.25000,-2.72295,2.29462,-0.14244
4908.30000,-2.72274,2.29460,-0.12577
4908.35000,-2.72252,2.29458,-0.10894
4908.40000,-2.72230,2.29456,-0.09215
4908.45000,-2.72207,2.29454,-0.07536
4908.50000,-2.72185,2.29453,-0.05884
4908.55000,-2.72160,2.29452,-0.04289
4908.60000,-2.72150,2.29452,-0.02680
4908.65000,-2.72111,2.29451,-0.01077
4908.70000,-2.72049,2.29450,-0.00483
4908.75000,-2.71721,2.29446,-0.01135
4908.80000,-2.71077,2.29432,-0.03193
4908.85000,-2.70253,2.29393,-0.06190
4908.90000,-2.69398,2.29336,-0.08409
4908.95000,-2.68677,2.29290,-0.09811
4909.00000,-2.68062,2.29260,-0.10757
4909.05000,-2.67566,2.29245,-0.11170
4909.10000,-2.67122,2.29238,-0.11310
4909.15000,-2.66731,2.29231,-0.11217
4909.20000,-2.66639,2.29229,-0.09829
4909.25000,-2.66610,2.29226,-0.08135
4909.30000,-2.66590,2.29225,-0.06427
4909.35000,-2.66530,2.29222,-0.04656
4909.40000,-2.66468,2.29220,-0.02903
4909.45000,-2.66407,2.29219,-0.01169
4909.50000,-2.66375,2.29219,0.00434
4909.55000,-2.66330,2.29219,0.02068
4909.60000,-2.66299,2.29220,0.03618
4909.65000,-2.66268,2.29221,0.05182
4909.70000,-2.66225,2.29226,0.06153
4909.75000,-2.66115,2.29248,0.06484
4909.80000,-2.65884,2.29286,0.06231
4909.85000,-2.65410,2.29330,0.04763
4909.90000,-2.64571,2.29358,0.01540
4909.95000,-2.63578,2.29357,-0.01813
4910.00000,-2.62688,2.29334,-0.04242
4910.05000,-2.62064,2.29329,-0.05472
4910.10000,-2.61560,2.29338,-0.06102
4910.15000,-2.61249,2.29341,-0.05895
4910.20000,-2.61180,2.29340,-0.04605
4910.25000,-2.61148,2.29339,-0.03118
4910.30000,-2.61102,2.29338,-0.01561
4910.35000,-2.61072,2.29338,-0.00121
4910.40000,-2.61027,2.29338,0.01359
4910.45000,-2.60981,2.29339,0.02864
4910.50000,-2.60926,2.29341,0.04362
4910.55000,-2.60872,2.29344,0.05844
4910.60000,-2.60837,2.29345,0.07255
4910.65000,-2.60572,2.29381,0.08743
4910.70000,-2.59705,2.29468,0.10156
4910.75000,-2.58695,2.29578,0.11066
4910.80000,-2.57682,2.29694,0.10971
4910.85000,-2.56696,2.29793,0.09169
4910.90000,-2.55802,2.29859,0.05562
4910.95000,-2.54878,2.29891,0.03162
4911.00000,-2.54027,2.29909,0.02091
4911.05000,-2.53602,2.29910,0.01625
4911.10000,-2.53242,2.29910,0.01493
4911.15000,-2.52944,2.29910,0.01750
4911.20000,-2.52791,2.29911,0.02721
4911.25000,-2.52767,2.29911,0.04371
4911.30000,-2.52734,2.29912,0.05974
4911.35000,-2.52692,2.29914,0.07490
4911.40000,-2.52649,2.29915,0.08993
4911.45000,-2.52610,2.29918,0.10480
4911.50000,-2.52576,2.29920,0.11902
4911.55000,-2.52388,2.29972,0.13224
4911.60000,-2.51521,2.30101,0.14557
4911.65000,-2.50534,2.30254,0.16109
4911.70000,-2.49550,2.30421,0.17663
4911.75000,-2.48569,2.30604,0.19217
4911.80000,-2.47589,2.30802,0.20764
4911.85000,-2.46594,2.31018,0.22217
4911.90000,-2.45603,2.31248,0.23654
4911.95000,-2.44652,2.31468,0.23999
4912.00000,-2.43722,2.31675,0.22671
4912.05000,-2.42882,2.31854,0.19526
4912.10000,-2.41977,2.32016,0.17421
4912.15000,-2.41194,2.32127,0.16736
4912.20000,-2.40918,2.32157,0.17147
4912.25000,-2.40857,2.32165,0.18756
4912.30000,-2.40813,2.32172,0.20519
4912.35000,-2.40786,2.32175,0.22375
4912.40000,-2.40760,2.32179,0.24230
4912.45000,-2.40734,2.32183,0.26084
4912.50000,-2.40709,2.32188,0.27937
4912.55000,-2.40684,2.32192,0.29790
4912.60000,-2.40624,2.32216,0.30236
4912.65000,-2.40237,2.32341,0.29108
4912.70000,-2.39612,2.32521,0.26778
4912.75000,-2.38823,2.32725,0.23652
4912.80000,-2.38010,2.32906,0.21450
4912.85000,-2.37435,2.33021,0.20369
4912.90000,-2.37041,2.33098,0.20308
4912.95000,-2.36801,2.33144,0.21124
4913.00000,-2.36718,2.33158,0.22794
4913.05000,-2.36670,2.33168,0.24633
4913.10000,-2.36635,2.33176,0.26540
4913.15000,-2.36604,2.33184,0.28392
4913.20000,-2.36555,2.33196,0.30160
4913.25000,-2.36514,2.33208,0.31991
4913.30000,-2.36476,2.33219,0.33768
4913.35000,-2.36410,2.33246,0.34182
4913.40000,-2.36023,2.33386,0.33019
4913.45000,-2.35409,2.33590,0.30675
4913.50000,-2.34635,2.33822,0.27533
4913.55000,-2.33797,2.34044,0.25213
4913.60000,-2.33187,2.34188,0.24155
4913.65000,-2.32832,2.34266,0.24488
4913.70000,-2.32690,2.34293,0.26032
4913.75000,-2.32642,2.34304,0.28051
4913.80000,-2.32612,2.34307,0.30098
4913.85000,-2.32569,2.34318,0.32180
4913.90000,-2.32537,2.34323,0.33291
4913.95000,-2.32516,2.34329,0.32458
4914.00000,-2.32302,2.34406,0.31127
4914.05000,-2.32141,2.34452,0.32152
4914.10000,-2.32102,2.34464,0.33966
4914.15000,-2.32071,2.34471,0.35817
4914.20000,-2.32034,2.34481,0.36826
4914.25000,-2.32013,2.34484,0.35918
4914.30000,-2.31684,2.34643,0.33645
4914.35000,-2.31040,2.34862,0.30327
4914.40000,-2.30447,2.35045,0.27702
4914.45000,-2.30015,2.35157,0.26030
4914.50000,-2.29630,2.35252,0.22583
4914.55000,-2.29099,2.35376,0.19935
4914.60000,-2.28723,2.35443,0.18340
4914.65000,-2.28401,2.35496,0.14898
4914.70000,-2.27934,2.35557,0.10530
4914.75000,-2.27239,2.35614,0.05963
4914.80000,-2.26485,2.35638,0.02452
4914.85000,-2.25752,2.35642,0.00661
4914.90000,-2.25349,2.35642,-0.00954
4914.95000,-2.25067,2.35635,-0.03893
4915.00000,-2.24606,2.35607,-0.07842
4915.05000,-2.24065,2.35562,-0.11438
4915.10000,-2.23506,2.35497,-0.13818
4915.15000,-2.22904,2.35419,-0.14203
4915.20000,-2.22614,2.35391,-0.14635
4915.25000,-2.22426,2.35366,-0.16537
4915.30000,-2.22093,2.35303,-0.18899
4915.35000,-2.21719,2.35212,-0.19361
4915.40000,-2.21443,2.35168,-0.17784
4915.45000,-2.21370,2.35155,-0.15373
4915.50000,-2.21358,2.35154,-0.12670
4915.55000,-2.21346,2.35152,-0.09969
4915.60000,-2.21334,2.35153,-0.08023
4915.65000,-2.21328,2.35159,-0.06825
4915.70000,-2.21312,2.35158,-0.05636
4915.75000,-2.21324,2.35158,-0.05968
4915.80000,-2.21184,2.35136,-0.08105
4915.85000,-2.20776,2.35087,-0.11705
4915.90000,-2.20101,2.34995,-0.15918
4915.95000,-2.19426,2.34885,-0.19494
4916.00000,-2.18730,2.34751,-0.21650
4916.05000,-2.18373,2.34687,-0.22637
4916.10000,-2.18195,2.34649,-0.24142
4916.15000,-2.17997,2.34588,-0.24620
4916.20000,-2.17799,2.34526,-0.24903
4916.25000,-2.17601,2.34463,-0.25002
4916.30000,-2.17402,2.34399,-0.24342
4916.35000,-2.17203,2.34338,-0.22407
4916.40000,-2.17096,2.34315,-0.19540
4916.45000,-2.17081,2.34313,-0.16235
4916.50000,-2.17071,2.34316,-0.13918
4916.55000,-2.17073,2.34328,-0.13812
4916.60000,-2.16854,2.34282,-0.15774
4916.65000,-2.16406,2.34215,-0.18034
4916.70000,-2.15961,2.34152,-0.19890
4916.75000,-2.15549,2.34099,-0.21607
4916.80000,-2.15195,2.34019,-0.23757
4916.85000,-2.14754,2.33916,-0.25793
4916.90000,-2.14315,2.33816,-0.27375
4916.95000,-2.13877,2.33716,-0.28785
4917.00000,-2.13439,2.33616,-0.30030
4917.05000,-2.13001,2.33516,-0.31123
4917.10000,-2.12564,2.33415,-0.32076
4917.15000,-2.12126,2.33314,-0.32907
4917.20000,-2.11689,2.33212,-0.33291
4917.25000,-2.11238,2.33092,-0.31643
4917.30000,-2.11014,2.33024,-0.27685
4917.35000,-2.10985,2.33017,-0.22794
4917.40000,-2.10966,2.33014,-0.18861
4917.45000,-2.10924,2.32993,-0.17078
4917.50000,-2.10784,2.32949,-0.17501
4917.55000,-2.10318,2.32855,-0.19404
4917.60000,-2.09577,2.32696,-0.22587
4917.65000,-2.08682,2.32473,-0.26211
4917.70000,-2.07748,2.32230,-0.29383
4917.75000,-2.06827,2.31998,-0.31747
4917.80000,-2.05906,2.31765,-0.33456
4917.85000,-2.04971,2.31514,-0.33984
4917.90000,-2.04026,2.31251,-0.33676
4917.95000,-2.03162,2.30984,-0.31483
4918.00000,-2.02536,2.30790,-0.28073
4918.05000,-2.02152,2.30688,-0.23521
4918.10000,-2.02021,2.30659,-0.17867
4918.15000,-2.01986,2.30654,-0.11801
4918.20000,-2.01952,2.30653,-0.06642
4918.25000,-2.01971,2.30661,-0.03789
4918.30000,-2.01966,2.30648,-0.03140
4918.35000,-2.01732,2.30629,-0.03739
4918.40000,-2.01222,2.30596,-0.05785
4918.45000,-2.00455,2.30536,-0.09136
4918.50000,-1.99568,2.30437,-0.13068
4918.55000,-1.98675,2.30302,-0.16968
4918.60000,-1.97788,2.30132,-0.20823
4918.65000,-1.96907,2.29928,-0.24657
4918.70000,-1.96028,2.29704,-0.27843
4918.75000,-1.95121,2.29447,-0.29238
4918.80000,-1.94173,2.29145,-0.28793
4918.85000,-1.93206,2.28822,-0.27579
4918.90000,-1.92231,2.28536,-0.25339
4918.95000,-1.91434,2.28342,-0.21936
4919.00000,-1.90868,2.28228,-0.17481
4919.05000,-1.90541,2.28178,-0.11994
4919.10000,-1.90428,2.28167,-0.05625
4919.15000,-1.90354,2.28166,0.00000
4919.20000,-1.90342,2.28169,0.03157
4919.25000,-1.90255,2.28186,0.03789
4919.30000,-1.89831,2.28207,0.02579
4919.35000,-1.89107,2.28216,-0.00178
4919.40000,-1.88231,2.28199,-0.03650
4919.45000,-1.87322,2.28150,-0.07233
4919.50000,-1.86414,2.28068,-0.10776
4919.55000,-1.85509,2.27954,-0.14272
4919.60000,-1.84602,2.27822,-0.17210
4919.65000,-1.83670,2.27661,-0.18544
4919.70000,-1.82695,2.27452,-0.17988
4919.75000,-1.81697,2.27222,-0.16601
4919.80000,-1.80687,2.27054,-0.13965
4919.85000,-1.79856,2.26952,-0.10201
4919.90000,-1.79254,2.26903,-0.05445
4919.95000,-1.78883,2.26892,0.00275
4920.00000,-1.78707,2.26898,0.06766
4920.05000,-1.78554,2.26908,0.12418
4920.10000,-1.78391,2.26931,0.16438
4920.15000,-1.78200,2.26986,0.18776
4920.20000,-1.77991,2.27062,0.19956
4920.25000,-1.77774,2.27148,0.20402
4920.30000,-1.77532,2.27238,0.20127
4920.35000,-1.77180,2.27340,0.19301
4920.40000,-1.76675,2.27460,0.17821
4920.45000,-1.75982,2.27605,0.15551
4920.50000,-1.75072,2.27748,0.12360
4920.55000,-1.74078,2.27854,0.08946
4920.60000,-1.73081,2.27927,0.05565
4920.65000,-1.72081,2.27966,0.02215
4920.70000,-1.71082,2.27971,-0.01125
4920.75000,-1.70107,2.27956,-0.03804
4920.80000,-1.69135,2.27937,-0.05723
4920.85000,-1.68160,2.27915,-0.07313
4920.90000,-1.67188,2.27896,-0.08800
4920.95000,-1.66218,2.27878,-0.10164
4921.00000,-1.65250,2.27863,-0.11378
4921.05000,-1.64285,2.27849,-0.12418
4921.10000,-1.63321,2.27836,-0.13264
4921.15000,-1.62358,2.27824,-0.13900
4921.20000,-1.61397,2.27813,-0.14318
4921.25000,-1.60436,2.27801,-0.14515
4921.30000,-1.59475,2.27789,-0.14324
4921.35000,-1.58512,2.27772,-0.12932
4921.40000,-1.57544,2.27746,-0.09758
4921.45000,-1.56668,2.27709,-0.05007
4921.50000,-1.56020,2.27694,0.00761
4921.55000,-1.55603,2.27708,0.07445
4921.60000,-1.55275,2.27745,0.14452
4921.65000,-1.54950,2.27803,0.21399
4921.70000,-1.54632,2.27884,0.28277
4921.75000,-1.54321,2.27986,0.35084
4921.80000,-1.54021,2.28094,0.40894
4921.85000,-1.53756,2.28174,0.44421
4921.90000,-1.53431,2.28334,0.44998
4921.95000,-1.52752,2.28659,0.43515
4922.00000,-1.51910,2.29039,0.41180
4922.05000,-1.51043,2.29405,0.38838
4922.10000,-1.50168,2.29752,0.36530
4922.15000,-1.49283,2.30079,0.34248
4922.20000,-1.48392,2.30385,0.31936
4922.25000,-1.47494,2.30671,0.29649
4922.30000,-1.46589,2.30936,0.27367
4922.35000,-1.45658,2.31189,0.26268
4922.40000,-1.44693,2.31448,0.27242
4922.45000,-1.43894,2.31679,0.30259
4922.50000,-1.43275,2.31886,0.34582
4922.55000,-1.42930,2.32019,0.39979
4922.60000,-1.42754,2.32100,0.46007
4922.65000,-1.42586,2.32184,0.50940
4922.70000,-1.42406,2.32285,0.53268
4922.75000,-1.41963,2.32553,0.52866
4922.80000,-1.41276,2.32947,0.51055
4922.85000,-1.40460,2.33391,0.48596
4922.90000,-1.39623,2.33820,0.46125
4922.95000,-1.38776,2.34228,0.43690
4923.00000,-1.37919,2.34616,0.41266
4923.05000,-1.37052,2.34983,0.38854
4923.10000,-1.36178,2.35329,0.36394
4923.15000,-1.35306,2.35660,0.35055
4923.20000,-1.34500,2.35965,0.36295
4923.25000,-1.34126,2.36115,0.40525
4923.30000,-1.33990,2.36177,0.45857
4923.35000,-1.33922,2.36212,0.51433
4923.40000,-1.33858,2.36251,0.55844
4923.45000,-1.33791,2.36295,0.57928
4923.50000,-1.33572,2.36441,0.58420
4923.55000,-1.33185,2.36697,0.58040
4923.60000,-1.32664,2.37036,0.57011
4923.65000,-1.31996,2.37458,0.55290
4923.70000,-1.31171,2.37954,0.52892
4923.75000,-1.30320,2.38436,0.50260
4923.80000,-1.29437,2.38907,0.47717
4923.85000,-1.28543,2.39354,0.45159
4923.90000,-1.27705,2.39749,0.43989
4923.95000,-1.27027,2.40069,0.45669
4924.00000,-1.26698,2.40238,0.49733
4924.05000,-1.26606,2.40290,0.54906
4924.10000,-1.26580,2.40307,0.60320
4924.15000,-1.26555,2.40327,0.64544
4924.20000,-1.26536,2.40346,0.67192
4924.25000,-1.26523,2.40361,0.68709
4924.30000,-1.26373,2.40488,0.69047
4924.35000,-1.26030,2.40770,0.68298
4924.40000,-1.25556,2.41152,0.66858
4924.45000,-1.24902,2.41657,0.64543
4924.50000,-1.24099,2.42244,0.61554
4924.55000,-1.23274,2.42809,0.58596
4924.60000,-1.22432,2.43350,0.55662
4924.65000,-1.21576,2.43865,0.52684
4924.70000,-1.20780,2.44314,0.51128
4924.75000,-1.20139,2.44675,0.52524
4924.80000,-1.19834,2.44856,0.56223
4924.85000,-1.19756,2.44907,0.60948
4924.90000,-1.19732,2.44925,0.65877
4924.95000,-1.19710,2.44945,0.69663
4925.00000,-1.19666,2.44991,0.70997
4925.05000,-1.19519,2.45118,0.71098
4925.10000,-1.19148,2.45438,0.69963
4925.15000,-1.18604,2.45889,0.67912
4925.20000,-1.17912,2.46434,0.65236
4925.25000,-1.17111,2.47027,0.62117
4925.30000,-1.16289,2.47596,0.58963
4925.35000,-1.15535,2.48087,0.57272
4925.40000,-1.14883,2.48503,0.58312
4925.45000,-1.14553,2.48722,0.61309
4925.50000,-1.14472,2.48779,0.65649
4925.55000,-1.14451,2.48796,0.70111
4925.60000,-1.14430,2.48816,0.73724
4925.65000,-1.14407,2.48843,0.75316
4925.70000,-1.14184,2.49056,0.74727
4925.75000,-1.13730,2.49472,0.72563
4925.80000,-1.13109,2.50007,0.69402
4925.85000,-1.12402,2.50573,0.65776
4925.90000,-1.11673,2.51116,0.62145
4925.95000,-1.10917,2.51655,0.59668
4926.00000,-1.10158,2.52172,0.59933
4926.05000,-1.09562,2.52584,0.62064
4926.10000,-1.09230,2.52828,0.65901
4926.15000,-1.09106,2.52927,0.70982
4926.20000,-1.09079,2.52951,0.75719
4926.25000,-1.09058,2.52972,0.80405
4926.30000,-1.09057,2.52978,0.83649
4926.35000,-1.08994,2.53053,0.84207
4926.40000,-1.08780,2.53292,0.83519
4926.45000,-1.08332,2.53776,0.81148
4926.50000,-1.07756,2.54364,0.77962
4926.55000,-1.07099,2.54990,0.74386
4926.60000,-1.06419,2.55593,0.70791
4926.65000,-1.05718,2.56172,0.67202
4926.70000,-1.04995,2.56736,0.64974
4926.75000,-1.04257,2.57297,0.64648
4926.80000,-1.03530,2.57848,0.65533
4926.85000,-1.03004,2.58261,0.68248
4926.90000,-1.02740,2.58483,0.72680
4926.95000,-1.02679,2.58539,0.77722
4927.00000,-1.02656,2.58562,0.82558
4927.05000,-1.02634,2.58587,0.87357
4927.10000,-1.02634,2.58596,0.90677
4927.15000,-1.02638,2.58602,0.91873
4927.20000,-1.02458,2.58837,0.91461
4927.25000,-1.02071,2.59329,0.89321
4927.30000,-1.01545,2.59962,0.86223
4927.35000,-1.00942,2.60641,0.82707
4927.40000,-1.00314,2.61300,0.79203
4927.45000,-0.99663,2.61937,0.75657
4927.50000,-0.98998,2.62562,0.73103
4927.55000,-0.98302,2.63212,0.72584
4927.60000,-0.97627,2.63833,0.73569
4927.65000,-0.97147,2.64279,0.76469
4927.70000,-0.96960,2.64462,0.80661
4927.75000,-0.96932,2.64492,0.85516
4927.80000,-0.96908,2.64521,0.90356
4927.85000,-0.96886,2.64551,0.95133
4927.90000,-0.96875,2.64575,0.98385
4927.95000,-0.96801,2.64692,0.98834
4928.00000,-0.96545,2.65073,0.97735
4928.05000,-0.96142,2.65654,0.95312
4928.10000,-0.95634,2.66346,0.92157
4928.15000,-0.95068,2.67064,0.88730
4928.20000,-0.94470,2.67772,0.85334
4928.25000,-0.93821,2.68512,0.83042
4928.30000,-0.93195,2.69212,0.83303
4928.35000,-0.92817,2.69639,0.85664
4928.40000,-0.92685,2.69796,0.89443
4928.45000,-0.92662,2.69825,0.93904
4928.50000,-0.92641,2.69855,0.98348
4928.55000,-0.92626,2.69885,1.01290
4928.60000,-0.92491,2.70100,1.01185
4928.65000,-0.92197,2.70559,0.99742
4928.70000,-0.91790,2.71170,0.97218
4928.75000,-0.91249,2.71937,0.94209
4928.80000,-0.90648,2.72737,0.91116
4928.85000,-0.90045,2.73516,0.88669
4928.90000,-0.89443,2.74269,0.88670
4928.95000,-0.89032,2.74787,0.90503
4929.00000,-0.88910,2.74958,0.94207
4929.05000,-0.88892,2.74983,0.98536
4929.10000,-0.88875,2.75010,1.02849
4929.15000,-0.88860,2.75037,1.07132
4929.20000,-0.88847,2.75066,1.10120
4929.25000,-0.88795,2.75172,1.10711
4929.30000,-0.88570,2.75613,1.09465
4929.35000,-0.88229,2.76250,1.06979
4929.40000,-0.87780,2.77040,1.03936
4929.45000,-0.87295,2.77833,1.00546
4929.50000,-0.86790,2.78596,0.97097
4929.55000,-0.86250,2.79353,0.93307
4929.60000,-0.85725,2.80056,0.90392
4929.65000,-0.85267,2.80662,0.88346
4929.70000,-0.84943,2.81040,0.84647
4929.75000,-0.84506,2.81511,0.80316
4929.80000,-0.83951,2.82060,0.75656
4929.85000,-0.83310,2.82635,0.70713
4929.90000,-0.82599,2.83211,0.65542
4929.95000,-0.81814,2.83782,0.60275
4930.00000,-0.80977,2.84326,0.54947
4930.05000,-0.80111,2.84825,0.49564
4930.10000,-0.79219,2.85276,0.44197
4930.15000,-0.78307,2.85679,0.39002
4930.20000,-0.77382,2.86031,0.33705
4930.25000,-0.76463,2.86324,0.28183
4930.30000,-0.75505,2.86575,0.23054
4930.35000,-0.74614,2.86751,0.19534
4930.40000,-0.73993,2.86865,0.17376
4930.45000,-0.73557,2.86930,0.15579
4930.50000,-0.73214,2.86979,0.14774
4930.55000,-0.72922,2.87015,0.11582
4930.60000,-0.72494,2.87057,0.07348
4930.65000,-0.71849,2.87089,0.02742
4930.70000,-0.71144,2.87090,-0.02415
4930.75000,-0.70364,2.87050,-0.07835
4930.80000,-0.69533,2.86962,-0.13431
4930.85000,-0.68667,2.86819,-0.19140
4930.90000,-0.67808,2.86665,-0.24273
4930.95000,-0.66946,2.86503,-0.27082
4931.00000,-0.66184,2.86327,-0.26051
4931.05000,-0.65744,2.86240,-0.22356
4931.10000,-0.65632,2.86217,-0.17204
4931.15000,-0.65598,2.86212,-0.12117
4931.20000,-0.65567,2.86209,-0.07036
4931.25000,-0.65536,2.86208,-0.01958
4931.30000,-0.65503,2.86210,0.02401
4931.35000,-0.65471,2.86208,0.04598
4931.40000,-0.65449,2.86217,0.04715
4931.45000,-0.65400,2.86234,0.02986
4931.50000,-0.65133,2.86242,-0.00268
4931.55000,-0.64626,2.86226,-0.04428
4931.60000,-0.63922,2.86177,-0.09320
4931.65000,-0.63127,2.86082,-0.14484
4931.70000,-0.62278,2.85935,-0.19858
4931.75000,-0.61428,2.85775,-0.24661
4931.80000,-0.60643,2.85637,-0.28530
4931.85000,-0.60081,2.85531,-0.31612
4931.90000,-0.59525,2.85419,-0.32170
4931.95000,-0.59023,2.85288,-0.29734
4932.00000,-0.58714,2.85239,-0.27085
4932.05000,-0.58533,2.85217,-0.25831
4932.10000,-0.58370,2.85197,-0.23317
4932.15000,-0.58229,2.85174,-0.18926
4932.20000,-0.58176,2.85166,-0.14836
4932.25000,-0.58132,2.85158,-0.12374
4932.30000,-0.58099,2.85157,-0.10416
4932.35000,-0.58096,2.85165,-0.10641
4932.40000,-0.57984,2.85136,-0.12896
4932.45000,-0.57570,2.85071,-0.16637
4932.50000,-0.56919,2.84948,-0.20778
4932.55000,-0.56155,2.84768,-0.25354
4932.60000,-0.55313,2.84528,-0.30213
4932.65000,-0.54423,2.84225,-0.35270
4932.70000,-0.53536,2.83908,-0.39666
4932.75000,-0.52751,2.83639,-0.43083
4932.80000,-0.52366,2.83457,-0.44748
4932.85000,-0.52021,2.83291,-0.44893
4932.90000,-0.51677,2.83124,-0.44316
4932.95000,-0.51333,2.82951,-0.41987
4933.00000,-0.51033,2.82816,-0.37682
4933.05000,-0.50957,2.82788,-0.32198
4933.10000,-0.50931,2.82780,-0.26480
4933.15000,-0.50904,2.82775,-0.21738
4933.20000,-0.50907,2.82803,-0.19392
4933.25000,-0.50952,2.82830,-0.19474
4933.30000,-0.50785,2.82785,-0.21263
4933.35000,-0.50271,2.82653,-0.24468
4933.40000,-0.49531,2.82453,-0.28428
4933.45000,-0.48690,2.82187,-0.32783
4933.50000,-0.47826,2.81898,-0.36575
4933.55000,-0.46941,2.81583,-0.38569
4933.60000,-0.46016,2.81224,-0.38617
4933.65000,-0.45088,2.80858,-0.37678
4933.70000,-0.44262,2.80541,-0.35241
4933.75000,-0.43674,2.80335,-0.31678
4933.80000,-0.43333,2.80231,-0.27004
4933.85000,-0.43239,2.80207,-0.21279
4933.90000,-0.43210,2.80202,-0.15277
4933.95000,-0.43191,2.80202,-0.10347
4934.00000,-0.43228,2.80224,-0.08074
4934.05000,-0.43262,2.80220,-0.07964
4934.10000,-0.43098,2.80198,-0.09396
4934.15000,-0.42646,2.80141,-0.12259
4934.20000,-0.41958,2.80041,-0.16315
4934.25000,-0.41160,2.79891,-0.20835
4934.30000,-0.40310,2.79690,-0.25654
4934.35000,-0.39464,2.79446,-0.30391
4934.40000,-0.38629,2.79163,-0.35116
4934.45000,-0.37803,2.78860,-0.39185
4934.50000,-0.36957,2.78533,-0.41503
4934.55000,-0.36064,2.78152,-0.41341
4934.60000,-0.35148,2.77746,-0.40272
4934.65000,-0.34211,2.77319,-0.38346
4934.70000,-0.33434,2.77020,-0.35126
4934.75000,-0.32946,2.76852,-0.30714
4934.80000,-0.32713,2.76784,-0.25178
4934.85000,-0.32668,2.76773,-0.18856
4934.90000,-0.32630,2.76767,-0.12515
4934.95000,-0.32593,2.76764,-0.06198
4935.00000,-0.32556,2.76764,-0.00737
4935.05000,-0.32534,2.76766,0.01973
4935.10000,-0.32437,2.76773,0.01719
4935.15000,-0.32101,2.76778,0.00122
4935.20000,-0.31524,2.76770,-0.02592
4935.25000,-0.30732,2.76734,-0.06394
4935.30000,-0.29850,2.76659,-0.10595
4935.35000,-0.28961,2.76546,-0.14726
4935.40000,-0.28075,2.76396,-0.18748
4935.45000,-0.27196,2.76211,-0.22815
4935.50000,-0.26320,2.76006,-0.26263
4935.55000,-0.25418,2.75770,-0.27948
4935.60000,-0.24473,2.75487,-0.27657
4935.65000,-0.23520,2.75205,-0.25786
4935.70000,-0.22716,2.75005,-0.22568
4935.75000,-0.22164,2.74889,-0.18241
4935.80000,-0.21875,2.74843,-0.12814
4935.85000,-0.21813,2.74836,-0.06474
4935.90000,-0.21776,2.74836,-0.00931
4935.95000,-0.21740,2.74836,0.03120
4936.00000,-0.21702,2.74839,0.06403
4936.05000,-0.21662,2.74846,0.08951
4936.10000,-0.21620,2.74856,0.10774
4936.15000,-0.21582,2.74863,0.11842
4936.20000,-0.21550,2.74866,0.12430
4936.25000,-0.21521,2.74866,0.12814
4936.30000,-0.21495,2.74866,0.12838
4936.35000,-0.21416,2.74878,0.12193
4936.40000,-0.21216,2.74904,0.10986
4936.45000,-0.20863,2.74947,0.09120
4936.50000,-0.20322,2.75014,0.06502
4936.55000,-0.19560,2.75062,0.02564
4936.60000,-0.18574,2.75065,-0.01816
4936.65000,-0.17575,2.75026,-0.06129
4936.70000,-0.16579,2.74943,-0.10377
4936.75000,-0.15587,2.74818,-0.14644
4936.80000,-0.14610,2.74685,-0.18417
4936.85000,-0.13623,2.74536,-0.20496
4936.90000,-0.12662,2.74370,-0.19472
4936.95000,-0.11947,2.74241,-0.16670
4937.00000,-0.11466,2.74168,-0.12850
4937.05000,-0.11234,2.74142,-0.08000
4937.10000,-0.11194,2.74140,-0.02380
4937.15000,-0.11166,2.74140,0.03270
4937.20000,-0.11138,2.74143,0.08016
4937.25000,-0.11111,2.74147,0.11606
4937.30000,-0.11094,2.74150,0.13469
4937.35000,-0.11075,2.74161,0.13230
4937.40000,-0.10959,2.74179,0.12413
4937.45000,-0.10706,2.74211,0.11029
4937.50000,-0.10279,2.74263,0.08958
4937.55000,-0.09678,2.74337,0.06153
4937.60000,-0.08848,2.74372,0.01767
4937.65000,-0.07857,2.74367,-0.02642
4937.70000,-0.06858,2.74319,-0.06970
4937.75000,-0.05862,2.74228,-0.11233
4937.80000,-0.04871,2.74095,-0.15530
4937.85000,-0.03894,2.73950,-0.19196
4937.90000,-0.03183,2.73833,-0.21462
4937.95000,-0.02754,2.73754,-0.25524
4938.00000,-0.02341,2.73642,-0.28932
4938.05000,-0.01909,2.73516,-0.29314
4938.10000,-0.01478,2.73407,-0.27956
4938.15000,-0.01228,2.73350,-0.26410
4938.20000,-0.01119,2.73320,-0.25031
4938.25000,-0.01059,2.73304,-0.23677
4938.30000,-0.01004,2.73297,-0.22961
4938.35000,-0.00960,2.73288,-0.22113
4938.40000,-0.00875,2.73237,-0.22544
4938.45000,-0.00722,2.73147,-0.24633
4938.50000,-0.00307,2.73033,-0.28796
4938.55000,0.00247,2.72854,-0.33560
4938.60000,0.00896,2.72608,-0.38708
4938.65000,0.01604,2.72297,-0.44116
4938.70000,0.02344,2.71922,-0.49712
4938.75000,0.03073,2.71532,-0.54485
4938.80000,0.03787,2.71154,-0.57808
4938.85000,0.04309,2.70856,-0.58937
4938.90000,0.04607,2.70652,-0.61749
4938.95000,0.04909,2.70436,-0.64332
4939.00000,0.05210,2.70219,-0.65673
4939.05000,0.05516,2.69989,-0.65257
4939.10000,0.05828,2.69751,-0.63364
4939.15000,0.06123,2.69532,-0.59598
4939.20000,0.06266,2.69450,-0.55902
4939.25000,0.06368,2.69388,-0.53337
4939.30000,0.06449,2.69339,-0.51606
4939.35000,0.06493,2.69312,-0.53148
4939.40000,0.06735,2.69162,-0.56113
4939.45000,0.07178,2.68872,-0.59837
4939.50000,0.07675,2.68534,-0.63106
4939.55000,0.08115,2.68236,-0.65475
4939.60000,0.08464,2.67959,-0.68877
4939.65000,0.08827,2.67660,-0.72155
4939.70000,0.09141,2.67396,-0.74570
4939.75000,0.09311,2.67237,-0.76137
4939.80000,0.09472,2.67084,-0.76944
4939.85000,0.09652,2.66906,-0.75616
4939.90000,0.09834,2.66720,-0.72015
4939.95000,0.09948,2.66620,-0.66482
4940.00000,0.09997,2.66583,-0.60531
4940.05000,0.10049,2.66550,-0.54587
4940.10000,0.10102,2.66520,-0.49751
4940.15000,0.10175,2.66478,-0.47022
4940.20000,0.10245,2.66443,-0.46099
4940.25000,0.10303,2.66425,-0.47087
4940.30000,0.10603,2.66260,-0.49912
4940.35000,0.11172,2.65935,-0.53878
4940.40000,0.11846,2.65512,-0.58374
4940.45000,0.12552,2.65019,-0.63223
4940.50000,0.13227,2.64495,-0.68506
4940.55000,0.13850,2.63975,-0.72449
4940.60000,0.14356,2.63537,-0.75290
4940.65000,0.14780,2.63124,-0.79081
4940.70000,0.15329,2.62546,-0.83179
4940.75000,0.15832,2.61983,-0.86133
4940.80000,0.16359,2.61388,-0.86605
4940.85000,0.16696,2.61000,-0.83653
4940.90000,0.16869,2.60816,-0.78476
4940.95000,0.16951,2.60739,-0.72548
4941.00000,0.17033,2.60670,-0.66588
4941.05000,0.17116,2.60608,-0.61794
4941.10000,0.17176,2.60575,-0.58728
4941.15000,0.17186,2.60595,-0.57115
4941.20000,0.17151,2.60658,-0.57114
4941.25000,0.17251,2.60589,-0.59043
4941.30000,0.17653,2.60301,-0.62759
4941.35000,0.18211,2.59877,-0.67321
4941.40000,0.18816,2.59370,-0.72223
4941.45000,0.19476,2.58756,-0.77222
4941.50000,0.20175,2.58042,-0.82083
4941.55000,0.20828,2.57336,-0.86264
4941.60000,0.21511,2.56596,-0.88301
4941.65000,0.22244,2.55790,-0.87902
4941.70000,0.22781,2.55158,-0.84946
4941.75000,0.23167,2.54735,-0.80636
4941.80000,0.23363,2.54539,-0.75077
4941.85000,0.23494,2.54425,-0.69070
4941.90000,0.23632,2.54317,-0.63071
4941.95000,0.23769,2.54222,-0.58166
4942.00000,0.23841,2.54199,-0.55863
4942.05000,0.23864,2.54219,-0.55887
4942.10000,0.24124,2.54051,-0.58384
4942.15000,0.24598,2.53725,-0.62157
4942.20000,0.25160,2.53303,-0.66545
4942.25000,0.25783,2.52790,-0.71309
4942.30000,0.26425,2.52206,-0.76329
4942.35000,0.27053,2.51604,-0.80650
4942.40000,0.27715,2.50960,-0.82644
4942.45000,0.28424,2.50263,-0.82348
4942.50000,0.29158,2.49539,-0.81148
4942.55000,0.29914,2.48789,-0.79023
4942.60000,0.30564,2.48153,-0.75553
4942.65000,0.31022,2.47738,-0.70872
4942.70000,0.31266,2.47539,-0.64976
4942.75000,0.31435,2.47419,-0.58679
4942.80000,0.31604,2.47314,-0.52404
4942.85000,0.31772,2.47222,-0.47273
4942.90000,0.31903,2.47175,-0.44921
4942.95000,0.32000,2.47147,-0.45309
4943.00000,0.32389,2.46946,-0.47574
4943.05000,0.32980,2.46628,-0.51043
4943.10000,0.33675,2.46221,-0.55082
4943.15000,0.34419,2.45741,-0.59429
4943.20000,0.35145,2.45226,-0.63842
4943.25000,0.35860,2.44694,-0.67501
4943.30000,0.36457,2.44245,-0.70031
4943.35000,0.36806,2.43948,-0.71616
4943.40000,0.37055,2.43734,-0.72451
4943.45000,0.37296,2.43521,-0.75359
4943.50000,0.37655,2.43170,-0.79360
4943.55000,0.38097,2.42699,-0.83934
4943.60000,0.38561,2.42179,-0.87805
4943.65000,0.38849,2.41825,-0.90350
4943.70000,0.39052,2.41563,-0.92238
4943.75000,0.39260,2.41291,-0.91030
4943.80000,0.39387,2.41126,-0.89479
4943.85000,0.39480,2.41005,-0.90854
4943.90000,0.39617,2.40829,-0.92026
4943.95000,0.39713,2.40699,-0.92525
4944.00000,0.39828,2.40542,-0.95378
4944.05000,0.40035,2.40236,-0.99346
4944.10000,0.40293,2.39827,-1.01996
4944.15000,0.40450,2.39560,-1.03733
4944.20000,0.40579,2.39338,-1.05274
4944.25000,0.40653,2.39200,-1.06246
4944.30000,0.40724,2.39084,-1.07258
4944.35000,0.40818,2.38923,-1.05436
4944.40000,0.40855,2.38846,-1.03487
4944.45000,0.40897,2.38777,-1.02593
4944.50000,0.40949,2.38696,-0.99459
4944.55000,0.40976,2.38658,-0.95651
4944.60000,0.41010,2.38620,-0.93556
4944.65000,0.41026,2.38606,-0.93995
4944.70000,0.41172,2.38417,-0.96932
4944.75000,0.41420,2.38038,-1.01241
4944.80000,0.41723,2.37526,-1.06081
4944.85000,0.42079,2.36848,-1.11042
4944.90000,0.42461,2.36026,-1.16010
4944.95000,0.42810,2.35163,-1.21259
4945.00000,0.43047,2.34463,-1.26973
4945.05000,0.43168,2.34027,-1.33550
4945.10000,0.43218,2.33783,-1.40898
4945.15000,0.43233,2.33669,-1.48736
4945.20000,0.43235,2.33617,-1.56752
4945.25000,0.43233,2.33566,-1.64710
4945.30000,0.43227,2.33515,-1.72608
4945.35000,0.43217,2.33465,-1.80446
4945.40000,0.43203,2.33416,-1.88220
4945.45000,0.43186,2.33368,-1.95931
4945.50000,0.43164,2.33321,-2.03575
4945.55000,0.43139,2.33275,-2.11150
4945.60000,0.43111,2.33232,-2.18656
4945.65000,0.43079,2.33190,-2.26088
4945.70000,0.43045,2.33151,-2.33447
4945.75000,0.43007,2.33115,-2.40729
4945.80000,0.42967,2.33082,-2.47931
4945.85000,0.42927,2.33052,-2.55034
4945.90000,0.42887,2.33028,-2.62032
4945.95000,0.42848,2.33007,-2.68920
4946.00000,0.42809,2.32989,-2.75709
4946.05000,0.42769,2.32975,-2.82413
4946.10000,0.42728,2.32963,-2.89031
4946.15000,0.42687,2.32954,-2.95565
4946.20000,0.42645,2.32947,-3.02012
4946.25000,0.42602,2.32943,-3.08372
4946.30000,0.42560,2.32942,3.13675
4946.35000,0.42517,2.32944,3.07492
4946.40000,0.42475,2.32948,3.01395
4946.45000,0.42433,2.32955,2.95386
4946.50000,0.42392,2.32964,2.89465
4946.55000,0.42352,2.32975,2.83630
4946.60000,0.42312,2.32989,2.77881
4946.65000,0.42274,2.33005,2.72215
4946.70000,0.42236,2.33023,2.66631
4946.75000,0.42200,2.33042,2.61128
4946.80000,0.42165,2.33064,2.55702
4946.85000,0.42132,2.33088,2.50354
4946.90000,0.42100,2.33113,2.45083
4946.95000,0.42069,2.33139,2.39904
4947.00000,0.42040,2.33167,2.34819
4947.05000,0.42013,2.33197,2.29829
4947.10000,0.41844,2.33397,2.25017
4947.15000,0.41440,2.33922,2.20458
4947.20000,0.40985,2.34573,2.15620
4947.25000,0.40527,2.35305,2.10558
4947.30000,0.40080,2.36079,2.07061
4947.35000,0.39644,2.36888,2.06399
4947.40000,0.39165,2.37776,2.06768
4947.45000,0.38684,2.38663,2.07157
4947.50000,0.38197,2.39547,2.07570
4947.55000,0.37706,2.40431,2.08028
4947.60000,0.37210,2.41314,2.08559
4947.65000,0.36709,2.42195,2.09151
4947.70000,0.36208,2.43064,2.09746
4947.75000,0.35698,2.43934,2.10431
4947.80000,0.35184,2.44799,2.11122
4947.85000,0.34664,2.45658,2.11838
4947.90000,0.34141,2.46509,2.12563
4947.95000,0.33612,2.47356,2.13323
4948.00000,0.33076,2.48198,2.14121
4948.05000,0.32533,2.49037,2.14954
4948.10000,0.31983,2.49870,2.15823
4948.15000,0.31425,2.50699,2.16725
4948.20000,0.30860,2.51522,2.17662
4948.25000,0.30288,2.52340,2.18630
4948.30000,0.29707,2.53153,2.19627
4948.35000,0.29118,2.53959,2.20675
4948.40000,0.28546,2.54733,2.20814
4948.45000,0.28070,2.55390,2.18871
4948.50000,0.27748,2.55856,2.15679
4948.55000,0.27594,2.56097,2.11254
4948.60000,0.27564,2.56170,2.07218
4948.65000,0.27428,2.56406,2.05405
4948.70000,0.27111,2.57003,2.05415
4948.75000,0.26665,2.57841,2.06714
4948.80000,0.26201,2.58682,2.08265
4948.85000,0.25728,2.59505,2.10505
4948.90000,0.25222,2.60333,2.13328
4948.95000,0.24727,2.61091,2.16934
4949.00000,0.24174,2.61867,2.20993
4949.05000,0.23573,2.62645,2.24982
4949.10000,0.22996,2.63330,2.29319
4949.15000,0.22328,2.64060,2.33464
4949.20000,0.21591,2.64807,2.37608
4949.25000,0.20918,2.65430,2.41892
4949.30000,0.20237,2.66004,2.46262
4949.35000,0.19532,2.66548,2.50626
4949.40000,0.18803,2.67062,2.54955
4949.45000,0.18051,2.67544,2.59228
4949.50000,0.17281,2.67993,2.63556
4949.55000,0.16491,2.68409,2.67843
4949.60000,0.15685,2.68790,2.72166
4949.65000,0.14862,2.69136,2.76455
4949.70000,0.14026,2.69447,2.80766
4949.75000,0.13177,2.69721,2.85075
4949.80000,0.12317,2.69958,2.89414
4949.85000,0.11385,2.70178,2.93632
4949.90000,0.10418,2.70358,2.97704
4949.95000,0.09429,2.70504,3.01715
4950.00000,0.08525,2.70595,3.06207
4950.05000,0.07716,2.70640,3.11211
4950.10000,0.06956,2.70645,-3.12926
4950.15000,0.06239,2.70637,-3.11750
4950.20000,0.05625,2.70632,-3.13642
4950.25000,0.05273,2.70638,3.10256
4950.30000,0.04787,2.70670,3.05183
4950.35000,0.04176,2.70742,2.99774
4950.40000,0.03495,2.70861,2.94074
4950.45000,0.02812,2.71021,2.88009
4950.50000,0.02127,2.71228,2.81709
4950.55000,0.01510,2.71459,2.74997
4950.60000,0.00921,2.71696,2.69239
4950.65000,0.00313,2.71959,2.65835
4950.70000,-0.00336,2.72272,2.65454
4950.75000,-0.00990,2.72596,2.66813
4950.80000,-0.01630,2.72908,2.69440
4950.85000,-0.02264,2.73215,2.73343
4950.90000,-0.02961,2.73498,2.78264
4950.95000,-0.03726,2.73762,2.83537
4951.00000,-0.04528,2.73991,2.89112
4951.05000,-0.05361,2.74178,2.94890
4951.10000,-0.06177,2.74312,3.00962
4951.15000,-0.06985,2.74401,3.06023
4951.20000,-0.07769,2.74451,3.08699
4951.25000,-0.08511,2.74449,3.09203
4951.30000,-0.09251,2.74450,3.07670
4951.35000,-0.09938,2.74481,3.03801
4951.40000,-0.10529,2.74551,2.98651
4951.45000,-0.11154,2.74667,2.92975
4951.50000,-0.11837,2.74835,2.87077
4951.55000,-0.12554,2.75058,2.81025
4951.60000,-0.13209,2.75307,2.74553
4951.65000,-0.13794,2.75576,2.67698
4951.70000,-0.14354,2.75851,2.61907
4951.75000,-0.14900,2.76117,2.57698
4951.80000,-0.15476,2.76417,2.55557
4951.85000,-0.16066,2.76737,2.54789
4951.90000,-0.16656,2.77057,2.54452
4951.95000,-0.17244,2.77378,2.54630
4952.00000,-0.17837,2.77706,2.55892
4952.05000,-0.18445,2.78054,2.58623
4952.10000,-0.19113,2.78444,2.62935
4952.15000,-0.19901,2.78863,2.67882
4952.20000,-0.20754,2.79261,2.73046
4952.25000,-0.21666,2.79632,2.78320
4952.30000,-0.22611,2.79959,2.83592
4952.35000,-0.23560,2.80230,2.88992
4952.40000,-0.24379,2.80424,2.92122
4952.45000,-0.25039,2.80531,2.92243
4952.50000,-0.25592,2.80557,2.89914
4952.55000,-0.26041,2.80665,2.85633
4952.60000,-0.26590,2.80841,2.80696
4952.65000,-0.27207,2.81075,2.75317
4952.70000,-0.27864,2.81366,2.69626
4952.75000,-0.28524,2.81676,2.64787
4952.80000,-0.29202,2.82010,2.61876
4952.85000,-0.29936,2.82407,2.61637
4952.90000,-0.30635,2.82798,2.63921
4952.95000,-0.31321,2.83160,2.67621
4953.00000,-0.32119,2.83541,2.71892
4953.05000,-0.32982,2.83909,2.76469
4953.10000,-0.33867,2.84225,2.79756
4953.15000,-0.34637,2.84417,2.80195
4953.20000,-0.35245,2.84512,2.77871
4953.25000,-0.35644,2.84663,2.73357
4953.30000,-0.36146,2.84895,2.68258
4953.35000,-0.36716,2.85197,2.62769
4953.40000,-0.37304,2.85528,2.58041
4953.45000,-0.37913,2.85885,2.55070
4953.50000,-0.38582,2.86310,2.54763
4953.55000,-0.39289,2.86775,2.56242
4953.60000,-0.39943,2.87194,2.59907
4953.65000,-0.40531,2.87530,2.64742
4953.70000,-0.41195,2.87865,2.69987
4953.75000,-0.41925,2.88185,2.75508
4953.80000,-0.42716,2.88482,2.81185
4953.85000,-0.43551,2.88741,2.86989
4953.90000,-0.44431,2.88958,2.92839
4953.95000,-0.45322,2.89123,2.98803
4954.00000,-0.46227,2.89235,3.04832
4954.05000,-0.47136,2.89293,3.10920
4954.10000,-0.48040,2.89294,-3.11242
4954.15000,-0.48926,2.89276,-3.05747
4954.20000,-0.49793,2.89276,-3.01169
4954.25000,-0.50650,2.89284,-2.97521
4954.30000,-0.51496,2.89300,-2.94887
4954.35000,-0.52328,2.89327,-2.93756
4954.40000,-0.53149,2.89363,-2.93413
4954.45000,-0.53968,2.89400,-2.93194
4954.50000,-0.54786,2.89439,-2.93071
4954.55000,-0.55532,2.89411,-2.93245
4954.60000,-0.55991,2.89320,-2.94438
4954.65000,-0.56334,2.89257,-2.95514
4954.70000,-0.56710,2.89181,-2.94292
4954.75000,-0.57101,2.89096,-2.91260
4954.80000,-0.57495,2.88995,-2.86496
4954.85000,-0.57973,2.88845,-2.81074
4954.90000,-0.58527,2.88637,-2.75292
4954.95000,-0.59132,2.88367,-2.69281
4955.00000,-0.59755,2.88042,-2.63074
4955.05000,-0.60393,2.87658,-2.56777
4955.10000,-0.61010,2.87263,-2.51483
4955.15000,-0.61538,2.86925,-2.47502
4955.20000,-0.61862,2.86679,-2.44264
4955.25000,-0.62175,2.86440,-2.41948
4955.30000,-0.62423,2.86233,-2.41351
4955.35000,-0.62587,2.86089,-2.41251
4955.40000,-0.62723,2.85970,-2.41665
4955.45000,-0.62827,2.85879,-2.39078
4955.50000,-0.62880,2.85827,-2.34197
4955.55000,-0.62941,2.85759,-2.28035
4955.60000,-0.63062,2.85607,-2.21305
4955.65000,-0.63218,2.85383,-2.14198
4955.70000,-0.63385,2.85100,-2.06831
4955.75000,-0.63550,2.84767,-1.99289
4955.80000,-0.63701,2.84393,-1.91632
4955.85000,-0.63830,2.83985,-1.83902
4955.90000,-0.63931,2.83549,-1.76130
4955.95000,-0.64001,2.83090,-1.68337
4956.00000,-0.64036,2.82615,-1.60538
4956.05000,-0.64034,2.82126,-1.52744
4956.10000,-0.63993,2.81628,-1.44962
4956.15000,-0.63911,2.81125,-1.37198
4956.20000,-0.63789,2.80621,-1.29454
4956.25000,-0.63626,2.80120,-1.21734
4956.30000,-0.63422,2.79626,-1.14038
4956.35000,-0.63176,2.79142,-1.06368
4956.40000,-0.62891,2.78671,-0.98723
4956.45000,-0.62566,2.78218,-0.91104
4956.50000,-0.62203,2.77786,-0.83511
4956.55000,-0.61804,2.77377,-0.75943
4956.60000,-0.61381,2.77004,-0.68453
4956.65000,-0.60942,2.76672,-0.61066
4956.70000,-0.60492,2.76381,-0.53784
4956.75000,-0.60036,2.76130,-0.46607
4956.80000,-0.59578,2.75920,-0.39536
4956.85000,-0.59121,2.75747,-0.32569
4956.90000,-0.58669,2.75612,-0.25708
4956.95000,-0.58225,2.75511,-0.18952
4957.00000,-0.57791,2.75443,-0.12300
4957.05000,-0.57369,2.75404,-0.05752
4957.10000,-0.56962,2.75394,0.00694
4957.15000,-0.56569,2.75409,0.07037
4957.20000,-0.56193,2.75448,0.13280
4957.25000,-0.55833,2.75507,0.19422
4957.30000,-0.55492,2.75585,0.25466
4957.35000,-0.55167,2.75679,0.31413
4957.40000,-0.54861,2.75789,0.37264
4957.45000,-0.54565,2.75903,0.42145
4957.50000,-0.54276,2.76030,0.45133
4957.55000,-0.53754,2.76294,0.46065
4957.60000,-0.52931,2.76702,0.45150
4957.65000,-0.52060,2.77117,0.43792
4957.70000,-0.51182,2.77521,0.42410
4957.75000,-0.50301,2.77912,0.40958
4957.80000,-0.49417,2.78288,0.39387
4957.85000,-0.48524,2.78651,0.37730
4957.90000,-0.47630,2.78997,0.36024
4957.95000,-0.46730,2.79328,0.34206
4958.00000,-0.45825,2.79642,0.32358
4958.05000,-0.44918,2.79937,0.30431
4958.10000,-0.44001,2.80216,0.28444
4958.15000,-0.43084,2.80475,0.26419
4958.20000,-0.42166,2.80714,0.24325
4958.25000,-0.41245,2.80932,0.22185
4958.30000,-0.40319,2.81130,0.20043
4958.35000,-0.39392,2.81308,0.17829
4958.40000,-0.38460,2.81465,0.15602
4958.45000,-0.37528,2.81601,0.13311
4958.50000,-0.36592,2.81715,0.11002
4958.55000,-0.35655,2.81807,0.08661
4958.60000,-0.34717,2.81878,0.06303
4958.65000,-0.33777,2.81926,0.03938
4958.70000,-0.32837,2.81952,0.01583
4958.75000,-0.31896,2.81956,-0.00785
4958.80000,-0.30957,2.81937,-0.03224
4958.85000,-0.30019,2.81895,-0.05667
4958.90000,-0.29083,2.81830,-0.08149
4958.95000,-0.28149,2.81742,-0.10615
4959.00000,-0.27218,2.81631,-0.13087
4959.05000,-0.26288,2.81498,-0.15539
4959.10000,-0.25363,2.81341,-0.18002
4959.15000,-0.24444,2.81161,-0.20557
4959.20000,-0.23531,2.80958,-0.23137
4959.25000,-0.22625,2.80732,-0.25784
4959.30000,-0.21719,2.80480,-0.28465
4959.35000,-0.20821,2.80203,-0.31116
4959.40000,-0.19936,2.79904,-0.33922
4959.45000,-0.19067,2.79602,-0.36076
4959.50000,-0.18189,2.79289,-0.37356
4959.55000,-0.17295,2.78956,-0.37528
4959.60000,-0.16401,2.78623,-0.37337
4959.65000,-0.15506,2.78286,-0.36189
4959.70000,-0.14609,2.77947,-0.33815
4959.75000,-0.13820,2.77685,-0.29848
4959.80000,-0.13302,2.77538,-0.24653
4959.85000,-0.13070,2.77486,-0.18253
4959.90000,-0.12956,2.77469,-0.11416
4959.95000,-0.12848,2.77460,-0.04645
4960.00000,-0.12742,2.77460,0.01219
4960.05000,-0.12658,2.77466,0.05423
4960.10000,-0.12614,2.77483,0.07299
4960.15000,-0.12501,2.77495,0.08491
4960.20000,-0.12290,2.77515,0.09212
4960.25000,-0.11979,2.77546,0.09474
4960.30000,-0.11573,2.77586,0.09263
4960.35000,-0.11054,2.77635,0.08557
4960.40000,-0.10413,2.77696,0.07351
4960.45000,-0.09626,2.77766,0.05489
4960.50000,-0.08696,2.77810,0.02856
4960.55000,-0.07772,2.77823,-0.00192
4960.60000,-0.06849,2.77806,-0.03263
4960.65000,-0.05918,2.77761,-0.06352
4960.70000,-0.04989,2.77687,-0.09455
4960.75000,-0.04059,2.77584,-0.12814
4960.80000,-0.03148,2.77449,-0.16211
4960.85000,-0.02246,2.77285,-0.19734
4960.90000,-0.01466,2.77119,-0.24087
4960.95000,-0.00709,2.76911,-0.29129
4961.00000,0.00188,2.76618,-0.34053
4961.05000,0.01074,2.76276,-0.39175
4961.10000,0.01937,2.75893,-0.44300
4961.15000,0.02825,2.75443,-0.49189
4961.20000,0.03691,2.74951,-0.54015
4961.25000,0.04533,2.74418,-0.58809
4961.30000,0.05348,2.73845,-0.63565
4961.35000,0.06135,2.73234,-0.68272
4961.40000,0.06893,2.72586,-0.72924
4961.45000,0.07532,2.72005,-0.76167
4961.50000,0.08054,2.71515,-0.78475
4961.55000,0.08438,2.71128,-0.80806
4961.60000,0.08829,2.70731,-0.81830
4961.65000,0.09243,2.70304,-0.80869
4961.70000,0.09658,2.69870,-0.77923
4961.75000,0.10007,2.69536,-0.73095
4961.80000,0.10149,2.69415,-0.67030
4961.85000,0.10232,2.69352,-0.61791
4961.90000,0.10300,2.69312,-0.58896
4961.95000,0.10336,2.69310,-0.58418
4962.00000,0.10529,2.69181,-0.60162
4962.05000,0.10984,2.68856,-0.63646
4962.10000,0.11543,2.68425,-0.67797
4962.15000,0.12175,2.67892,-0.72312
4962.20000,0.12835,2.67280,-0.77045
4962.25000,0.13460,2.66643,-0.81840
4962.30000,0.14062,2.65998,-0.85864
4962.35000,0.14497,2.65497,-0.88756
4962.40000,0.14793,2.65128,-0.90604
4962.45000,0.15128,2.64712,-0.90531
4962.50000,0.15503,2.64250,-0.88632
4962.55000,0.15858,2.63829,-0.84573
4962.60000,0.16089,2.63581,-0.78885
4962.65000,0.16208,2.63469,-0.72434
4962.70000,0.16335,2.63363,-0.65998
4962.75000,0.16462,2.63269,-0.60691
4962.80000,0.16525,2.63247,-0.58182
4962.85000,0.16559,2.63243,-0.58346
4962.90000,0.16895,2.63013,-0.60739
4962.95000,0.17405,2.62645,-0.64274
4963.00000,0.18009,2.62174,-0.68397
4963.05000,0.18662,2.61616,-0.72931
4963.10000,0.19308,2.61011,-0.77531
4963.15000,0.19927,2.60376,-0.82042
4963.20000,0.20516,2.59715,-0.86630
4963.25000,0.21090,2.59028,-0.89973
4963.30000,0.21656,2.58312,-0.90266
4963.35000,0.22232,2.57587,-0.88652
4963.40000,0.22731,2.56994,-0.85154
4963.45000,0.23111,2.56579,-0.80121
4963.50000,0.23322,2.56373,-0.73926
4963.55000,0.23516,2.56206,-0.67562
4963.60000,0.23723,2.56052,-0.61227
4963.65000,0.23929,2.55912,-0.56042
4963.70000,0.24076,2.55839,-0.53859
4963.75000,0.24218,2.55764,-0.54625
4963.80000,0.24627,2.55507,-0.57259
4963.85000,0.25200,2.55124,-0.60784
4963.90000,0.25851,2.54651,-0.64907
4963.95000,0.26540,2.54102,-0.69370
4964.00000,0.27211,2.53519,-0.73817
4964.05000,0.27868,2.52920,-0.77542
4964.10000,0.28551,2.52289,-0.79385
4964.15000,0.29288,2.51598,-0.79035
4964.20000,0.30029,2.50893,-0.77073
4964.25000,0.30673,2.50289,-0.73256
4964.30000,0.31141,2.49887,-0.67993
4964.35000,0.31432,2.49666,-0.61689
4964.40000,0.31726,2.49471,-0.55324
4964.45000,0.32017,2.49298,-0.50235
4964.50000,0.32264,2.49179,-0.48393
4964.55000,0.32538,2.49043,-0.49452
4964.60000,0.33062,2.48750,-0.52084
4964.65000,0.33730,2.48351,-0.55426
4964.70000,0.34534,2.47833,-0.59089
4964.75000,0.35354,2.47260,-0.62896
4964.80000,0.36039,2.46739,-0.67520
4964.85000,0.36661,2.46242,-0.71788
4964.90000,0.37277,2.45747,-0.74616
4964.95000,0.37868,2.45263,-0.76113
4965.00000,0.38156,2.44995,-0.78849
4965.05000,0.38442,2.44692,-0.83006
4965.10000,0.38843,2.44232,-0.87605
4965.15000,0.39312,2.43640,-0.92474
4965.20000,0.39793,2.42966,-0.97645
4965.25000,0.40245,2.42256,-1.03165
4965.30000,0.40662,2.41533,-1.07405
4965.35000,0.40914,2.41043,-1.10238
4965.40000,0.41097,2.40663,-1.12719
4965.45000,0.41241,2.40316,-1.12562
4965.50000,0.41354,2.40055,-1.11038
4965.55000,0.41424,2.39896,-1.10274
4965.60000,0.41491,2.39764,-1.06821
4965.65000,0.41550,2.39664,-1.01765
4965.70000,0.41649,2.39507,-0.97381
4965.75000,0.41755,2.39348,-0.95051
4965.80000,0.41880,2.39177,-0.94623
4965.85000,0.42030,2.38973,-0.96845
4965.90000,0.42300,2.38562,-1.00922
4965.95000,0.42627,2.38013,-1.05577
4966.00000,0.42981,2.37350,-1.10575
4966.05000,0.43323,2.36619,-1.15907
4966.10000,0.43653,2.35804,-1.21346
4966.15000,0.43939,2.34967,-1.27033
4966.20000,0.44183,2.34122,-1.31528
4966.25000,0.44319,2.33499,-1.34438
4966.30000,0.44403,2.33092,-1.36964
4966.35000,0.44519,2.32643,-1.37025
4966.40000,0.44627,2.32171,-1.34509
4966.45000,0.44701,2.31839,-1.29751
4966.50000,0.44776,2.31601,-1.23668
4966.55000,0.44893,2.31298,-1.17068
4966.60000,0.45031,2.30969,-1.11359
4966.65000,0.45179,2.30634,-1.07460
4966.70000,0.45313,2.30325,-1.07400
4966.75000,0.45482,2.29986,-1.10328
4966.80000,0.45732,2.29466,-1.14168
4966.85000,0.46018,2.28803,-1.18540
4966.90000,0.46309,2.28032,-1.23284
4966.95000,0.46587,2.27173,-1.28264
4967.00000,0.46833,2.26259,-1.33453
4967.05000,0.47037,2.25296,-1.38761
4967.10000,0.47193,2.24309,-1.44030
4967.15000,0.47297,2.23314,-1.49287
4967.20000,0.47340,2.22478,-1.55247
4967.25000,0.47332,2.21899,-1.62314
4967.30000,0.47298,2.21512,-1.70118
4967.35000,0.47252,2.21247,-1.78329
4967.40000,0.47189,2.21004,-1.86513
4967.45000,0.47111,2.20778,-1.94625
4967.50000,0.47019,2.20570,-2.02662
4967.55000,0.46916,2.20379,-2.10622
4967.60000,0.46805,2.20207,-2.18502
4967.65000,0.46687,2.20053,-2.26299
4967.70000,0.46564,2.19916,-2.34010
4967.75000,0.46439,2.19796,-2.41634
4967.80000,0.46313,2.19692,-2.49167
4967.85000,0.46187,2.19603,-2.56608
4967.90000,0.46062,2.19529,-2.63953
4967.95000,0.45941,2.19468,-2.71201
4968.00000,0.45823,2.19419,-2.78350
4968.05000,0.45709,2.19381,-2.85397
4968.10000,0.45601,2.19353,-2.92339
4968.15000,0.45498,2.19333,-2.99175
4968.20000,0.45400,2.19322,-3.05902
4968.25000,0.45308,2.19318,-3.12519
4968.30000,0.45222,2.19319,3.09296
4968.35000,0.45141,2.19325,3.02908
4968.40000,0.45067,2.19336,2.96638
4968.45000,0.44998,2.19351,2.90488
4968.50000,0.44934,2.19368,2.84462
4968.55000,0.44875,2.19388,2.78561
4968.60000,0.44822,2.19409,2.72787
4968.65000,0.44773,2.19433,2.67141
4968.70000,0.44728,2.19457,2.61625
4968.75000,0.44686,2.19483,2.56223
4968.80000,0.44645,2.19511,2.50920
4968.85000,0.44607,2.19541,2.45713
4968.90000,0.44570,2.19573,2.40602
4968.95000,0.44534,2.19606,2.35586
4969.00000,0.44501,2.19641,2.30664
4969.05000,0.44317,2.19857,2.25974
4969.10000,0.43833,2.20470,2.21897
4969.15000,0.43297,2.21213,2.17578
4969.20000,0.42754,2.22039,2.13074
4969.25000,0.42243,2.22897,2.08674
4969.30000,0.41769,2.23775,2.04399
4969.35000,0.41333,2.24673,2.00256
4969.40000,0.40933,2.25589,1.96241
4969.45000,0.40582,2.26491,1.92242
4969.50000,0.40266,2.27415,1.88414
4969.55000,0.39975,2.28372,1.84808
4969.60000,0.39718,2.29338,1.81340
4969.65000,0.39494,2.30313,1.78012
4969.70000,0.39329,2.31151,1.76572
4969.75000,0.39156,2.32007,1.77288
4969.80000,0.38952,2.32973,1.78662
4969.85000,0.38732,2.33951,1.80002
4969.90000,0.38499,2.34922,1.81353
4969.95000,0.38252,2.35897,1.82771
4970.00000,0.37994,2.36855,1.84283
4970.05000,0.37726,2.37786,1.85819
4970.10000,0.37446,2.38704,1.87435
4970.15000,0.37152,2.39617,1.89086
4970.20000,0.36843,2.40523,1.90791
4970.25000,0.36519,2.41424,1.92485
4970.30000,0.36180,2.42318,1.94234
4970.35000,0.35825,2.43206,1.95970
4970.40000,0.35455,2.44086,1.97781
4970.45000,0.35069,2.44960,1.99570
4970.50000,0.34647,2.45866,2.01372
4970.55000,0.34201,2.46790,2.03225
4970.60000,0.33727,2.47722,2.05107
4970.65000,0.33235,2.48646,2.07012
4970.70000,0.32725,2.49560,2.08936
4970.75000,0.32198,2.50465,2.10856
4970.80000,0.31653,2.51359,2.12790
4970.85000,0.31090,2.52243,2.14742
4970.90000,0.30510,2.53116,2.16708
4970.95000,0.29914,2.53977,2.18640
4971.00000,0.29317,2.54804,2.20678
4971.05000,0.28695,2.55630,2.22733
4971.10000,0.28097,2.56407,2.23937
4971.15000,0.27575,2.57082,2.22495
4971.20000,0.27132,2.57674,2.20150
4971.25000,0.27032,2.57837,2.18916
4971.30000,0.26952,2.57955,2.18211
4971.35000,0.26933,2.58012,2.15276
4971.40000,0.26929,2.58026,2.13026
4971.45000,0.26884,2.58087,2.13398
4971.50000,0.26651,2.58363,2.14929
4971.55000,0.26190,2.59047,2.17442
4971.60000,0.25704,2.59729,2.21260
4971.65000,0.25154,2.60433,2.25560
4971.70000,0.24524,2.61172,2.29994
4971.75000,0.23842,2.61900,2.34639
4971.80000,0.23126,2.62598,2.39166
4971.85000,0.22379,2.63262,2.43771
4971.90000,0.21603,2.63891,2.48285
4971.95000,0.20800,2.64484,2.52874
4972.00000,0.19969,2.65040,2.57549
4972.05000,0.19113,2.65556,2.62122
4972.10000,0.18235,2.66033,2.66722
4972.15000,0.17335,2.66470,2.71307
4972.20000,0.16416,2.66864,2.75928
4972.25000,0.15484,2.67216,2.80477
4972.30000,0.14547,2.67520,2.85034
4972.35000,0.13595,2.67783,2.89529
4972.40000,0.12627,2.68003,2.94059
4972.45000,0.11671,2.68165,2.97422
4972.50000,0.10798,2.68240,2.98238
4972.55000,0.10011,2.68269,2.96668
4972.60000,0.09393,2.68324,2.92910
4972.65000,0.08990,2.68406,2.88063
4972.70000,0.08782,2.68439,2.83464
4972.75000,0.08578,2.68473,2.80591
4972.80000,0.08345,2.68544,2.80283
4972.85000,0.08098,2.68631,2.81508
4972.90000,0.07726,2.68753,2.83745
4972.95000,0.07142,2.68928,2.86847
4973.00000,0.06427,2.69125,2.91119
4973.05000,0.05732,2.69269,2.96519
4973.10000,0.05091,2.69361,3.01298
4973.15000,0.04546,2.69352,3.03414
4973.20000,0.04073,2.69318,3.03097
4973.25000,0.03657,2.69347,2.99903
4973.30000,0.03210,2.69424,2.95202
4973.35000,0.02578,2.69562,2.90255
4973.40000,0.01868,2.69755,2.84968
4973.45000,0.01156,2.69991,2.79262
4973.50000,0.00510,2.70249,2.73017
4973.55000,-0.00106,2.70512,2.67643
4973.60000,-0.00733,2.70791,2.64078
4973.65000,-0.01426,2.71143,2.63505
4973.70000,-0.02150,2.71532,2.64630
4973.75000,-0.02872,2.71914,2.67750
4973.80000,-0.03496,2.72210,2.72440
4973.85000,-0.04147,2.72478,2.77777
4973.90000,-0.04835,2.72717,2.83518
4973.95000,-0.05568,2.72925,2.89482
4974.00000,-0.06346,2.73096,2.95562
4974.05000,-0.07072,2.73209,3.02047
4974.10000,-0.07757,2.73266,3.07703
4974.15000,-0.08358,2.73264,3.10681
4974.20000,-0.08876,2.73257,3.11422
4974.25000,-0.09326,2.73258,3.09954
4974.30000,-0.09744,2.73280,3.06147
4974.35000,-0.10313,2.73340,3.01240
4974.40000,-0.10977,2.73445,2.95940
4974.45000,-0.11704,2.73600,2.90365
4974.50000,-0.12471,2.73810,2.84601
4974.55000,-0.13194,2.74054,2.78454
4974.60000,-0.13896,2.74315,2.73051
4974.65000,-0.14608,2.74593,2.69276
4974.70000,-0.15375,2.74933,2.68385
4974.75000,-0.16187,2.75320,2.69563
4974.80000,-0.16874,2.75632,2.73205
4974.85000,-0.17575,2.75918,2.77678
4974.90000,-0.18375,2.76201,2.82496
4974.95000,-0.19259,2.76466,2.87512
4975.00000,-0.20176,2.76691,2.92781
4975.05000,-0.21089,2.76860,2.96543
4975.10000,-0.21932,2.76952,2.97325
4975.15000,-0.22699,2.76962,2.96019
4975.20000,-0.23463,2.76982,2.92980
4975.25000,-0.24132,2.77070,2.88471
4975.30000,-0.24727,2.77241,2.82969
4975.35000,-0.25367,2.77469,2.77147
4975.40000,-0.26034,2.77751,2.71112
4975.45000,-0.26699,2.78052,2.65909
4975.50000,-0.27381,2.78376,2.62669
4975.55000,-0.28102,2.78747,2.62377
4975.60000,-0.28840,2.79139,2.63870
4975.65000,-0.29571,2.79529,2.66663
4975.70000,-0.30320,2.79895,2.70820
4975.75000,-0.31164,2.80263,2.75338
4975.80000,-0.32033,2.80594,2.80237
4975.85000,-0.32872,2.80870,2.83703
4975.90000,-0.33707,2.81120,2.84427
4975.95000,-0.34453,2.81332,2.82665
4976.00000,-0.35075,2.81546,2.78968
4976.05000,-0.35595,2.81751,2.73880
4976.10000,-0.36159,2.82011,2.68290
4976.15000,-0.36762,2.82331,2.62459
4976.20000,-0.37349,2.82687,2.56635
4976.25000,-0.37912,2.83050,2.51816
4976.30000,-0.38511,2.83457,2.49990
4976.35000,-0.39102,2.83873,2.50785
4976.40000,-0.39662,2.84269,2.53045
4976.45000,-0.40206,2.84652,2.56676
4976.50000,-0.40799,2.85024,2.61395
4976.55000,-0.41502,2.85410,2.66410
4976.60000,-0.42253,2.85774,2.71766
4976.65000,-0.43051,2.86107,2.77350
4976.70000,-0.43898,2.86406,2.83047
4976.75000,-0.44729,2.86648,2.88715
4976.80000,-0.45534,2.86834,2.93083
4976.85000,-0.46131,2.86942,2.95823
4976.90000,-0.46550,2.87000,2.98065
4976.95000,-0.46922,2.87022,2.97648
4977.00000,-0.47209,2.87049,2.94383
4977.05000,-0.47569,2.87133,2.89852
4977.10000,-0.48033,2.87247,2.86126
4977.15000,-0.48509,2.87379,2.85159
4977.20000,-0.48975,2.87505,2.85833
4977.25000,-0.49427,2.87620,2.87579
4977.30000,-0.49863,2.87722,2.90521
4977.35000,-0.50290,2.87819,2.94679
4977.40000,-0.50798,2.87908,2.98148
4977.45000,-0.51213,2.87965,3.00490
4977.50000,-0.51518,2.87989,3.02533
4977.55000,-0.51771,2.87979,3.02138
4977.60000,-0.52016,2.87986,2.99297
4977.65000,-0.52348,2.88045,2.94810
4977.70000,-0.52824,2.88148,2.89771
4977.75000,-0.53323,2.88282,2.85795
4977.80000,-0.53862,2.88450,2.84841
4977.85000,-0.54418,2.88611,2.85704
4977.90000,-0.54969,2.88767,2.88336
4977.95000,-0.55516,2.88919,2.92095
4978.00000,-0.56079,2.89051,2.97016
4978.05000,-0.56646,2.89132,3.02910
4978.10000,-0.57255,2.89181,3.09146
4978.15000,-0.57835,2.89191,-3.12484
4978.20000,-0.58440,2.89160,-3.05646
4978.25000,-0.59068,2.89085,-2.98737
4978.30000,-0.59709,2.88962,-2.91784
4978.35000,-0.60357,2.88791,-2.84811
4978.40000,-0.61004,2.88570,-2.77828
4978.45000,-0.61641,2.88302,-2.70834
4978.50000,-0.62267,2.87986,-2.63847
4978.55000,-0.62872,2.87625,-2.56852
4978.60000,-0.63457,2.87217,-2.49876
4978.65000,-0.64018,2.86766,-2.42916
4978.70000,-0.64547,2.86276,-2.35955
4978.75000,-0.64983,2.85810,-2.28676
4978.80000,-0.65307,2.85410,-2.20933
4978.85000,-0.65571,2.85022,-2.13006
4978.90000,-0.65768,2.84680,-2.04789
4978.95000,-0.65911,2.84373,-1.96349
4979.00000,-0.66029,2.84049,-1.87921
4979.05000,-0.66121,2.83711,-1.79505
4979.10000,-0.66186,2.83361,-1.71105
4979.15000,-0.66221,2.83001,-1.62723
4979.20000,-0.66226,2.82634,-1.54360
4979.25000,-0.66201,2.82261,-1.46019
4979.30000,-0.66143,2.81886,-1.37701
4979.35000,-0.66053,2.81510,-1.29408
4979.40000,-0.65930,2.81137,-1.21140
4979.45000,-0.65774,2.80768,-1.12899
4979.50000,-0.65586,2.80408,-1.04683
4979.55000,-0.65364,2.80059,-0.96494
4979.60000,-0.65111,2.79723,-0.88333
4979.65000,-0.64826,2.79404,-0.80200
4979.70000,-0.64511,2.79104,-0.72095
4979.75000,-0.64167,2.78826,-0.64017
4979.80000,-0.63796,2.78572,-0.55969
4979.85000,-0.63400,2.78345,-0.47948
4979.90000,-0.62980,2.78148,-0.39956
4979.95000,-0.62539,2.77982,-0.31994
4980.00000,-0.62078,2.77849,-0.24060
4980.05000,-0.61614,2.77755,-0.16207
4980.10000,-0.61160,2.77699,-0.08477
4980.15000,-0.60720,2.77678,-0.00875
4980.20000,-0.60296,2.77690,0.06600
4980.25000,-0.59891,2.77732,0.13949
4980.30000,-0.59505,2.77800,0.21174
4980.35000,-0.59140,2.77892,0.28275
4980.40000,-0.58787,2.77991,0.34331
4980.45000,-0.58437,2.78103,0.38225
4980.50000,-0.57989,2.78297,0.40063
4980.55000,-0.57389,2.78557,0.40996
4980.60000,-0.56681,2.78868,0.41323
4980.65000,-0.55790,2.79258,0.40979
4980.70000,-0.54880,2.79652,0.40441
4980.75000,-0.53972,2.80040,0.39817
4980.80000,-0.53059,2.80421,0.39069
4980.85000,-0.52150,2.80792,0.38212
4980.90000,-0.51240,2.81153,0.37211
4980.95000,-0.50327,2.81505,0.36178
4981.00000,-0.49413,2.81846,0.35065
4981.05000,-0.48493,2.82176,0.33805
4981.10000,-0.47578,2.82492,0.32488
4981.15000,-0.46653,2.82798,0.31086
4981.20000,-0.45732,2.83086,0.29618
4981.25000,-0.44811,2.83360,0.28086
4981.30000,-0.43886,2.83619,0.26506
4981.35000,-0.42959,2.83862,0.24858
4981.40000,-0.42029,2.84090,0.23143
4981.45000,-0.41097,2.84301,0.21382
4981.50000,-0.40162,2.84495,0.19576
4981.55000,-0.39225,2.84672,0.17712
4981.60000,-0.38286,2.84830,0.15789
4981.65000,-0.37345,2.84971,0.13845
4981.70000,-0.36403,2.85093,0.11853
4981.75000,-0.35459,2.85195,0.09838
4981.80000,-0.34514,2.85279,0.07763
4981.85000,-0.33568,2.85342,0.05684
4981.90000,-0.32622,2.85386,0.03589
4981.95000,-0.31675,2.85410,0.01465
4982.00000,-0.30730,2.85414,-0.00706
4982.05000,-0.29784,2.85397,-0.02878
4982.10000,-0.28840,2.85359,-0.05083
4982.15000,-0.27897,2.85301,-0.07298
4982.20000,-0.26956,2.85221,-0.09512
4982.25000,-0.26017,2.85121,-0.11753
4982.30000,-0.25082,2.85000,-0.14023
4982.35000,-0.24151,2.84858,-0.16361
4982.40000,-0.23226,2.84693,-0.18768
4982.45000,-0.22305,2.84507,-0.21203
4982.50000,-0.21390,2.84298,-0.23663
4982.55000,-0.20483,2.84067,-0.26197
4982.60000,-0.19582,2.83813,-0.28752
4982.65000,-0.18688,2.83536,-0.31352
4982.70000,-0.17804,2.83236,-0.33995
4982.75000,-0.16908,2.82911,-0.35613
4982.80000,-0.15991,2.82574,-0.35592
4982.85000,-0.15284,2.82368,-0.34763
4982.90000,-0.14848,2.82218,-0.34101
4982.95000,-0.14409,2.82042,-0.31976
4983.00000,-0.13966,2.81869,-0.28265
4983.05000,-0.13608,2.81774,-0.23028
4983.10000,-0.13441,2.81754,-0.18007
4983.15000,-0.13307,2.81745,-0.15157
4983.20000,-0.13072,2.81690,-0.14463
4983.25000,-0.12582,2.81606,-0.14989
4983.30000,-0.11851,2.81481,-0.16742
4983.35000,-0.10939,2.81313,-0.19491
4983.40000,-0.10028,2.81119,-0.22274
4983.45000,-0.09124,2.80899,-0.25083
4983.50000,-0.08227,2.80656,-0.27893
4983.55000,-0.07338,2.80388,-0.30741
4983.60000,-0.06483,2.80119,-0.32133
4983.65000,-0.05652,2.79864,-0.31776
4983.70000,-0.04838,2.79624,-0.30517
4983.75000,-0.04040,2.79398,-0.28422
4983.80000,-0.03626,2.79305,-0.25875
4983.85000,-0.03423,2.79294,-0.25658
4983.90000,-0.03110,2.79205,-0.27664
4983.95000,-0.02610,2.79052,-0.31012
4984.00000,-0.01924,2.78815,-0.34851
4984.05000,-0.01092,2.78493,-0.38977
4984.10000,-0.00222,2.78114,-0.43498
4984.15000,0.00666,2.77676,-0.48071
4984.20000,0.01542,2.77194,-0.52535
4984.25000,0.02394,2.76674,-0.56983
4984.30000,0.03224,2.76116,-0.61381
4984.35000,0.04028,2.75522,-0.65758
4984.40000,0.04806,2.74894,-0.70118
4984.45000,0.05556,2.74233,-0.74457
4984.50000,0.06274,2.73570,-0.78022
4984.55000,0.06823,2.73032,-0.80400
4984.60000,0.07292,2.72528,-0.83608
4984.65000,0.07837,2.71922,-0.86106
4984.70000,0.08351,2.71325,-0.85537
4984.75000,0.08611,2.71036,-0.81667
4984.80000,0.08785,2.70859,-0.76076
4984.85000,0.08868,2.70785,-0.69732
4984.90000,0.08947,2.70723,-0.63357
4984.95000,0.09030,2.70666,-0.57015
4985.00000,0.09114,2.70615,-0.51876
4985.05000,0.09163,2.70610,-0.49857
4985.10000,0.09351,2.70508,-0.51113
4985.15000,0.09793,2.70251,-0.53792
4985.20000,0.10383,2.69884,-0.57224
4985.25000,0.11111,2.69396,-0.61033
4985.30000,0.11875,2.68837,-0.65281
4985.35000,0.12609,2.68247,-0.69737
4985.40000,0.13362,2.67589,-0.73942
4985.45000,0.14087,2.66900,-0.78095
4985.50000,0.14782,2.66182,-0.82214
4985.55000,0.15447,2.65435,-0.86374
4985.60000,0.16080,2.64662,-0.90437
4985.65000,0.16646,2.63922,-0.92985
4985.70000,0.17155,2.63238,-0.92676
4985.75000,0.17424,2.62892,-0.88983
4985.80000,0.17612,2.62670,-0.83562
4985.85000,0.17734,2.62543,-0.77480
4985.90000,0.17863,2.62424,-0.71406
4985.95000,0.17993,2.62315,-0.66600
4986.00000,0.18089,2.62249,-0.64720
4986.05000,0.18171,2.62202,-0.64463
4986.10000,0.18410,2.62021,-0.65875
4986.15000,0.18870,2.61655,-0.68489
4986.20000,0.19496,2.61125,-0.72066
4986.25000,0.20158,2.60519,-0.76340
4986.30000,0.20827,2.59848,-0.80711
4986.35000,0.21504,2.59112,-0.84845
4986.40000,0.22152,2.58372,-0.88082
4986.45000,0.22788,2.57614,-0.88556
4986.50000,0.23285,2.57015,-0.86331
4986.55000,0.23519,2.56752,-0.81258
4986.60000,0.23689,2.56582,-0.75377
4986.65000,0.23870,2.56422,-0.69500
4986.70000,0.24060,2.56273,-0.63648
4986.75000,0.24250,2.56137,-0.58917
4986.80000,0.24391,2.56057,-0.56892
4986.85000,0.24554,2.55966,-0.57801
4986.90000,0.24982,2.55677,-0.60610
4986.95000,0.25538,2.55277,-0.64256
4987.00000,0.26177,2.54778,-0.68437
4987.05000,0.26847,2.54206,-0.72938
4987.10000,0.27495,2.53599,-0.77434
4987.15000,0.28129,2.52977,-0.81163
4987.20000,0.28801,2.52310,-0.82434
4987.25000,0.29483,2.51628,-0.82138
4987.30000,0.30039,2.51054,-0.79027
4987.35000,0.30405,2.50700,-0.74052
4987.40000,0.30640,2.50497,-0.68214
4987.45000,0.30883,2.50312,-0.62355
4987.50000,0.31136,2.50141,-0.56526
4987.55000,0.31380,2.49994,-0.51895
4987.60000,0.31557,2.49924,-0.50551
4987.65000,0.31785,2.49803,-0.51776
4987.70000,0.32268,2.49518,-0.54578
4987.75000,0.32881,2.49130,-0.58162
4987.80000,0.33579,2.48651,-0.62280
4987.85000,0.34292,2.48115,-0.66560
4987.90000,0.34997,2.47559,-0.70038
4987.95000,0.35737,2.46961,-0.70948
4988.00000,0.36481,2.46352,-0.70151
4988.05000,0.37101,2.45848,-0.66582
4988.10000,0.37437,2.45597,-0.62737
4988.15000,0.37725,2.45402,-0.61938
4988.20000,0.37974,2.45255,-0.63752
4988.25000,0.38197,2.45103,-0.67773
4988.30000,0.38517,2.44834,-0.72669
4988.35000,0.38940,2.44437,-0.77894
4988.40000,0.39364,2.43992,-0.83603
4988.45000,0.39797,2.43481,-0.89562
4988.50000,0.40296,2.42820,-0.95278
4988.55000,0.40775,2.42103,-1.01114
4988.60000,0.41225,2.41335,-1.07011
4988.65000,0.41634,2.40532,-1.12991
4988.70000,0.41999,2.39695,-1.19009
4988.75000,0.42310,2.38872,-1.23729
4988.80000,0.42596,2.38005,-1.25388
4988.85000,0.42900,2.37095,-1.24928
4988.90000,0.43133,2.36380,-1.21937
4988.95000,0.43335,2.35863,-1.17175
4989.00000,0.43521,2.35456,-1.11320
4989.05000,0.43712,2.35064,-1.06355
4989.10000,0.43885,2.34697,-1.03529
4989.15000,0.44029,2.34367,-1.03569
4989.20000,0.44145,2.34070,-1.05660
4989.25000,0.44255,2.33782,-1.08695
4989.30000,0.44383,2.33491,-1.12687
4989.35000,0.44575,2.33062,-1.17636
4989.40000,0.44796,2.32485,-1.23351
4989.45000,0.45014,2.31801,-1.29164
4989.50000,0.45203,2.31056,-1.35109
4989.55000,0.45371,2.30271,-1.39668
4989.60000,0.45546,2.29426,-1.41744
4989.65000,0.45715,2.28520,-1.41749
4989.70000,0.45859,2.27612,-1.39645
4989.75000,0.46008,2.26826,-1.35879
4989.80000,0.46147,2.26245,-1.30914
4989.85000,0.46245,2.25911,-1.24935
4989.90000,0.46334,2.25640,-1.19793
4989.95000,0.46400,2.25397,-1.16644
4990.00000,0.46405,2.25223,-1.16298
4990.05000,0.46387,2.25074,-1.17050
4990.10000,0.46382,2.24955,-1.18867
4990.15000,0.46444,2.24795,-1.21631
4990.20000,0.46560,2.24466,-1.25240
4990.25000,0.46761,2.23929,-1.29715
4990.30000,0.46969,2.23113,-1.34662
4990.35000,0.47153,2.22202,-1.39741
4990.40000,0.47294,2.21250,-1.45006
4990.45000,0.47375,2.20331,-1.48993
4990.50000,0.47446,2.19366,-1.50544
4990.55000,0.47520,2.18349,-1.50591
4990.60000,0.47587,2.17292,-1.48844
4990.65000,0.47660,2.16334,-1.45650
4990.70000,0.47754,2.15600,-1.41429
4990.75000,0.47840,2.15123,-1.36140
4990.80000,0.47894,2.14902,-1.29814
4990.85000,0.47945,2.14738,-1.23272
4990.90000,0.48001,2.14580,-1.17883
4990.95000,0.48056,2.14427,-1.13744
4991.00000,0.48104,2.14281,-1.10221
4991.05000,0.48127,2.14167,-1.08987
4991.10000,0.48139,2.14065,-1.08366
4991.15000,0.48149,2.13967,-1.08025
4991.20000,0.48158,2.13871,-1.08048
4991.25000,0.48175,2.13772,-1.09012
4991.30000,0.48267,2.13592,-1.11045
4991.35000,0.48451,2.13210,-1.13998
4991.40000,0.48717,2.12601,-1.17893
4991.45000,0.49021,2.11811,-1.22749
4991.50000,0.49313,2.10917,-1.27762
4991.55000,0.49575,2.09959,-1.32811
4991.60000,0.49789,2.08986,-1.37885
4991.65000,0.49954,2.08004,-1.42897
4991.70000,0.50060,2.07105,-1.46543
4991.75000,0.50154,2.06164,-1.47814
4991.80000,0.50202,2.05489,-1.48074
4991.85000,0.50226,2.05100,-1.50533
4991.90000,0.50236,2.04852,-1.55152
4991.95000,0.50235,2.04655,-1.61198
4992.00000,0.50226,2.04538,-1.68404
4992.05000,0.50214,2.04457,-1.76363
4992.10000,0.50200,2.04397,-1.84842
4992.15000,0.50180,2.04338,-1.93371
4992.20000,0.50157,2.04283,-2.01798
4992.25000,0.50130,2.04234,-2.10117
4992.30000,0.50102,2.04189,-2.18326
4992.35000,0.50071,2.04149,-2.26420
4992.40000,0.50040,2.04114,-2.34397
4992.45000,0.50006,2.04082,-2.42271
4992.50000,0.49970,2.04054,-2.50064
4992.55000,0.49932,2.04027,-2.57776
4992.60000,0.49892,2.04004,-2.65403
4992.65000,0.49850,2.03984,-2.72947
4992.70000,0.49807,2.03967,-2.80403
4992.75000,0.49762,2.03953,-2.87771
4992.80000,0.49716,2.03942,-2.95048
4992.85000,0.49670,2.03935,-3.02234
4992.90000,0.49623,2.03931,-3.09327
4992.95000,0.49576,2.03930,3.12001
4993.00000,0.49532,2.03933,3.05139
4993.05000,0.49489,2.03938,2.98411
4993.10000,0.49449,2.03946,2.91819
4993.15000,0.49410,2.03956,2.85341
4993.20000,0.49372,2.03969,2.78960
4993.25000,0.49335,2.03984,2.72679
4993.30000,0.49299,2.04001,2.66498
4993.35000,0.49264,2.04021,2.60418
4993.40000,0.49230,2.04042,2.54441
4993.45000,0.49197,2.04066,2.48567
4993.50000,0.49166,2.04091,2.42796
4993.55000,0.49136,2.04119,2.37126
4993.60000,0.49108,2.04147,2.31559
4993.65000,0.49082,2.04178,2.26096
4993.70000,0.49057,2.04209,2.20746
4993.75000,0.48900,2.04434,2.15659
4993.80000,0.48491,2.05082,2.11270
4993.85000,0.48043,2.05866,2.06696
4993.90000,0.47596,2.06741,2.01935
4993.95000,0.47187,2.07648,1.97242
4994.00000,0.46823,2.08568,1.92666
4994.05000,0.46496,2.09511,1.88268
4994.10000,0.46228,2.10415,1.83815
4994.15000,0.45997,2.11338,1.79549
4994.20000,0.45795,2.12312,1.75587
4994.25000,0.45629,2.13298,1.71796
4994.30000,0.45501,2.14289,1.68158
4994.35000,0.45413,2.15239,1.64504
4994.40000,0.45339,2.16204,1.60900
4994.45000,0.45341,2.16611,1.57458
4994.50000,0.45341,2.16600,1.54272
4994.55000,0.45342,2.16620,1.51392
4994.60000,0.45343,2.16641,1.48613
4994.65000,0.45345,2.16662,1.45927
4994.70000,0.45348,2.16682,1.43334
4994.75000,0.45351,2.16703,1.40836
4994.80000,0.45354,2.16723,1.38430
4994.85000,0.45410,2.16904,1.36104
4994.90000,0.45474,2.17200,1.34144
4994.95000,0.45468,2.17175,1.31887
4995.00000,0.45537,2.17342,1.29721
4995.05000,0.45738,2.17989,1.28726
4995.10000,0.45983,2.18798,1.28552
4995.15000,0.46262,2.19757,1.29182
4995.20000,0.46536,2.20729,1.29910
4995.25000,0.46804,2.21711,1.31035
4995.30000,0.47060,2.22697,1.32237
4995.35000,0.47299,2.23672,1.33785
4995.40000,0.47513,2.24610,1.35331
4995.45000,0.47717,2.25570,1.37042
4995.50000,0.47900,2.26519,1.39068
4995.55000,0.48061,2.27455,1.41068
4995.60000,0.48202,2.28390,1.43237
4995.65000,0.48320,2.29320,1.45802
4995.70000,0.48420,2.30306,1.48014
4995.75000,0.48495,2.31277,1.50695
4995.80000,0.48541,2.32229,1.53859
4995.85000,0.48556,2.33149,1.57012
4995.90000,0.48541,2.34063,1.60585
4995.95000,0.48492,2.34968,1.64330
4996.00000,0.48410,2.35871,1.68065
4996.05000,0.48293,2.36771,1.71781
4996.10000,0.48144,2.37665,1.75520
4996.15000,0.47961,2.38553,1.79242
4996.20000,0.47745,2.39434,1.82942
4996.25000,0.47497,2.40308,1.86614
4996.30000,0.47217,2.41172,1.90279
4996.35000,0.46905,2.42026,1.93911
4996.40000,0.46562,2.42868,1.97559
4996.45000,0.46189,2.43697,2.01170
4996.50000,0.45786,2.44513,2.04761
4996.55000,0.45353,2.45315,2.08314
4996.60000,0.44892,2.46101,2.11870
4996.65000,0.44404,2.46871,2.15382
4996.70000,0.43888,2.47624,2.18864
4996.75000,0.43346,2.48360,2.22320
4996.80000,0.42778,2.49077,2.25752
4996.85000,0.42186,2.49774,2.29149
4996.90000,0.41571,2.50451,2.32577
4996.95000,0.40934,2.51105,2.36013
4997.00000,0.40277,2.51755,2.38664
4997.05000,0.39586,2.52430,2.39242
4997.10000,0.38869,2.53103,2.38366
4997.15000,0.38162,2.53778,2.37358
4997.20000,0.37466,2.54457,2.36211
4997.25000,0.36780,2.55144,2.34894
4997.30000,0.36096,2.55837,2.33523
4997.35000,0.35881,2.56064,2.32179
4997.40000,0.35889,2.56057,2.30393
4997.45000,0.35890,2.56055,2.28568
4997.50000,0.35910,2.56032,2.26661
4997.55000,0.35919,2.56021,2.24644
4997.60000,0.35937,2.55998,2.22429
4997.65000,0.35957,2.55975,2.20052
4997.70000,0.35978,2.55948,2.17455
4997.75000,0.35955,2.55979,2.16486
4997.80000,0.35789,2.56218,2.16978
4997.85000,0.35402,2.56774,2.18914
4997.90000,0.34870,2.57499,2.21756
4997.95000,0.34302,2.58228,2.25179
4998.00000,0.33725,2.58938,2.28055
4998.05000,0.33157,2.59616,2.28918
4998.10000,0.32672,2.60174,2.28268
4998.15000,0.32237,2.60683,2.27037
4998.20000,0.31932,2.61056,2.25733
4998.25000,0.31712,2.61323,2.26919
4998.30000,0.31519,2.61549,2.30018
4998.35000,0.31216,2.61873,2.34109
4998.40000,0.30796,2.62286,2.38953
4998.45000,0.30210,2.62807,2.43812
4998.50000,0.29547,2.63341,2.48936
4998.55000,0.28868,2.63830,2.54471
4998.60000,0.28141,2.64294,2.60178
4998.65000,0.27397,2.64711,2.66094
4998.70000,0.26570,2.65114,2.71630
4998.75000,0.25710,2.65477,2.77167
4998.80000,0.24788,2.65805,2.82592
4998.85000,0.23914,2.66071,2.86661
4998.90000,0.23073,2.66291,2.87694
4998.95000,0.22271,2.66474,2.86493
4999.00000,0.21666,2.66627,2.83318
4999.05000,0.21298,2.66751,2.79048
4999.10000,0.21170,2.66801,2.73728
4999.15000,0.21093,2.66836,2.69275
4999.20000,0.21011,2.66882,2.67333
4999.25000,0.20929,2.66935,2.67705
4999.30000,0.20866,2.66971,2.69237
4999.35000,0.20723,2.67038,2.71771
4999.40000,0.20432,2.67164,2.75191
4999.45000,0.20008,2.67354,2.79531
4999.50000,0.19323,2.67599,2.84492
4999.55000,0.18605,2.67798,2.90078
4999.60000,0.17928,2.67944,2.94682
4999.65000,0.17336,2.67995,2.96277
4999.70000,0.16793,2.67992,2.95853
4999.75000,0.16268,2.68013,2.93527
4999.80000,0.15754,2.68132,2.89092
4999.85000,0.15085,2.68321,2.84323
4999.90000,0.14384,2.68557,2.79054
4999.95000,0.13670,2.68814,2.74513
5000.00000,0.12930,2.69104,2.72020
5000.05000,0.12166,2.69424,2.71770
5000.10000,0.11374,2.69776,2.73450
5000.15000,0.10599,2.70099,2.76912
5000.20000,0.09932,2.70343,2.81755
5000.25000,0.09241,2.70554,2.87184
5000.30000,0.08511,2.70733,2.92950
5000.35000,0.07754,2.70872,2.98964
5000.40000,0.07028,2.70960,3.05345
5000.45000,0.06338,2.70998,3.12040
5000.50000,0.05666,2.70999,-3.10245
5000.55000,0.05004,2.71000,-3.05648
5000.60000,0.04519,2.70982,-3.03540
5000.65000,0.04198,2.70946,-2.99749
5000.70000,0.03950,2.70906,-2.94360
5000.75000,0.03629,2.70831,-2.88469
5000.80000,0.03214,2.70707,-2.82205
5000.85000,0.02737,2.70532,-2.75688
5000.90000,0.02223,2.70303,-2.68998
5000.95000,0.01689,2.70022,-2.62198
5001.00000,0.01149,2.69687,-2.55333
5001.05000,0.00612,2.69302,-2.48433
5001.10000,0.00088,2.68867,-2.41517
5001.15000,-0.00420,2.68384,-2.34613
5001.20000,-0.00904,2.67854,-2.27726
5001.25000,-0.01361,2.67280,-2.20871
5001.30000,-0.01786,2.66663,-2.14050
5001.35000,-0.02176,2.66006,-2.07275
5001.40000,-0.02528,2.65309,-2.00548
5001.45000,-0.02838,2.64579,-1.93864
5001.50000,-0.03103,2.63817,-1.87229
5001.55000,-0.03321,2.63026,-1.80643
5001.60000,-0.03488,2.62213,-1.74094
5001.65000,-0.03593,2.61444,-1.67341
5001.70000,-0.03648,2.60660,-1.60625
5001.75000,-0.03649,2.59859,-1.53960
5001.80000,-0.03597,2.59047,-1.47346
5001.85000,-0.03490,2.58226,-1.40782
5001.90000,-0.03326,2.57401,-1.34271
5001.95000,-0.03106,2.56574,-1.27815
5002.00000,-0.02828,2.55750,-1.21415
5002.05000,-0.02493,2.54930,-1.15073
5002.10000,-0.02100,2.54120,-1.08791
5002.15000,-0.01650,2.53323,-1.02569
5002.20000,-0.01142,2.52542,-0.96407
5002.25000,-0.00579,2.51781,-0.90305
5002.30000,0.00039,2.51045,-0.84262
5002.35000,0.00711,2.50335,-0.78281
5002.40000,0.01436,2.49655,-0.72364
5002.45000,0.02204,2.49015,-0.66552
5002.50000,0.03008,2.48421,-0.60870
5002.55000,0.03835,2.47878,-0.55318
5002.60000,0.04665,2.47396,-0.49896
5002.65000,0.05553,2.46942,-0.44588
5002.70000,0.06466,2.46535,-0.39404
5002.75000,0.07398,2.46174,-0.34337
5002.80000,0.08348,2.45861,-0.29389
5002.85000,0.09311,2.45595,-0.24556
5002.90000,0.10286,2.45375,-0.19837
5002.95000,0.11271,2.45201,-0.15236
5003.00000,0.12262,2.45071,-0.10750
5003.05000,0.13258,2.44986,-0.06377
5003.10000,0.14257,2.44943,-0.02117
5003.15000,0.15257,2.44943,0.02033
5003.20000,0.16256,2.44984,0.06074
5003.25000,0.17252,2.45064,0.10009
5003.30000,0.18245,2.45183,0.13842
5003.35000,0.19223,2.45309,0.17221
5003.40000,0.20161,2.45424,0.19562
5003.45000,0.21027,2.45589,0.19855
5003.50000,0.21945,2.45772,0.19220
5003.55000,0.22903,2.45954,0.18239
5003.60000,0.23861,2.46125,0.17131
5003.65000,0.24817,2.46285,0.15932
5003.70000,0.25774,2.46433,0.14659
5003.75000,0.26730,2.46567,0.13263
5003.80000,0.27685,2.46686,0.11759
5003.85000,0.28640,2.46790,0.10205
5003.90000,0.29597,2.46881,0.08538
5003.95000,0.30551,2.46955,0.06811
5004.00000,0.31504,2.47012,0.05022
5004.05000,0.32458,2.47051,0.03196
5004.10000,0.33414,2.47073,0.01311
5004.15000,0.34366,2.47076,-0.00781
5004.20000,0.35309,2.47058,-0.03088
5004.25000,0.36257,2.47016,-0.05780
5004.30000,0.37186,2.46947,-0.09042
5004.35000,0.38094,2.46847,-0.12684
5004.40000,0.38991,2.46714,-0.16543
5004.45000,0.39889,2.46545,-0.20478
5004.50000,0.40762,2.46345,-0.24623
5004.55000,0.41645,2.46104,-0.28720
5004.60000,0.42528,2.45824,-0.32739
5004.65000,0.43435,2.45493,-0.36746
5004.70000,0.44351,2.45118,-0.40683
5004.75000,0.45238,2.44716,-0.44661
5004.80000,0.46122,2.44270,-0.48654
5004.85000,0.46985,2.43792,-0.52681
5004.90000,0.47829,2.43275,-0.56803
5004.95000,0.48654,2.42724,-0.61077
5005.00000,0.49457,2.42135,-0.65410
5005.05000,0.50237,2.41509,-0.69756
5005.10000,0.50990,2.40850,-0.74069
5005.15000,0.51710,2.40161,-0.78407
5005.20000,0.52394,2.39447,-0.82745
5005.25000,0.53016,2.38739,-0.87215
5005.30000,0.53642,2.37960,-0.91492
5005.35000,0.54235,2.37155,-0.95721
5005.40000,0.54793,2.36325,-0.99931
5005.45000,0.55316,2.35473,-1.04139
5005.50000,0.55803,2.34600,-1.08295
5005.55000,0.56254,2.33707,-1.12408
5005.60000,0.56667,2.32797,-1.16519
5005.65000,0.57043,2.31870,-1.20642
5005.70000,0.57379,2.30928,-1.24772
5005.75000,0.57677,2.29974,-1.28907
5005.80000,0.57935,2.29008,-1.33054
5005.85000,0.58153,2.28032,-1.37210
5005.90000,0.58330,2.27048,-1.41376
5005.95000,0.58465,2.26057,-1.45554
5006.00000,0.58560,2.25061,-1.49742
5006.05000,0.58612,2.24063,-1.53940
5006.10000,0.58625,2.23149,-1.56509
5006.15000,0.58626,2.22287,-1.57246
5006.20000,0.58626,2.21504,-1.57326
5006.25000,0.58625,2.20757,-1.57237
5006.30000,0.58626,2.20169,-1.56335
5006.35000,0.58628,2.19811,-1.54482
5006.40000,0.58632,2.19676,-1.51875
5006.45000,0.58641,2.19508,-1.49036
5006.50000,0.58657,2.19339,-1.46304
5006.55000,0.58673,2.19187,-1.43645
5006.60000,0.58692,2.19055,-1.41081
5006.65000,0.58717,2.18879,-1.38421
5006.70000,0.58740,2.18764,-1.37495
5006.75000,0.58804,2.18469,-1.38779
5006.80000,0.58899,2.17929,-1.41273
5006.85000,0.59004,2.17201,-1.44533
5006.90000,0.59097,2.16335,-1.48302
5006.95000,0.59157,2.15413,-1.50984
5007.00000,0.59193,2.14538,-1.51749
5007.05000,0.59214,2.13888,-1.51240
5007.10000,0.59228,2.13552,-1.49372
5007.15000,0.59244,2.13376,-1.46769
5007.20000,0.59270,2.13157,-1.44022
5007.25000,0.59295,2.12963,-1.41432
5007.30000,0.59323,2.12776,-1.38925
5007.35000,0.59353,2.12607,-1.36479
5007.40000,0.59389,2.12432,-1.34053
5007.45000,0.59422,2.12291,-1.31666
5007.50000,0.59467,2.12151,-1.30279
5007.55000,0.59554,2.11902,-1.30711
5007.60000,0.59707,2.11310,-1.32904
5007.65000,0.59885,2.10537,-1.35889
5007.70000,0.60055,2.09672,-1.39565
5007.75000,0.60189,2.08810,-1.41789
5007.80000,0.60294,2.08047,-1.42089
5007.85000,0.60353,2.07580,-1.41025
5007.90000,0.60384,2.07337,-1.38785
5007.95000,0.60416,2.07164,-1.36430
5008.00000,0.60460,2.06959,-1.34024
5008.05000,0.60517,2.06728,-1.31601
5008.10000,0.60581,2.06490,-1.29266
5008.15000,0.60644,2.06267,-1.27026
5008.20000,0.60700,2.06064,-1.26324
5008.25000,0.60833,2.05665,-1.27505
5008.30000,0.61024,2.05023,-1.29842
5008.35000,0.61235,2.04222,-1.32958
5008.40000,0.61424,2.03374,-1.34858
5008.45000,0.61566,2.02716,-1.34659
5008.50000,0.61655,2.02279,-1.33301
5008.55000,0.61728,2.01985,-1.31295
5008.60000,0.61812,2.01670,-1.29258
5008.65000,0.61907,2.01348,-1.27243
5008.70000,0.62009,2.01029,-1.25265
5008.75000,0.62114,2.00716,-1.23351
5008.80000,0.62224,2.00407,-1.21451
5008.85000,0.62330,2.00103,-1.20423
5008.90000,0.62491,1.99703,-1.21443
5008.95000,0.62725,1.99053,-1.23916
5009.00000,0.62992,1.98236,-1.27102
5009.05000,0.63249,1.97351,-1.29110
5009.10000,0.63465,1.96571,-1.29740
5009.15000,0.63618,1.96010,-1.29275
5009.20000,0.63718,1.95647,-1.27777
5009.25000,0.63812,1.95340,-1.25977
5009.30000,0.63915,1.95026,-1.24225
5009.35000,0.64027,1.94706,-1.22520
5009.40000,0.64146,1.94380,-1.20873
5009.45000,0.64274,1.94047,-1.19264
5009.50000,0.64412,1.93703,-1.17687
5009.55000,0.64561,1.93349,-1.16139
5009.60000,0.64723,1.92983,-1.14619
5009.65000,0.64865,1.92647,-1.14215
5009.70000,0.65058,1.92227,-1.15007
5009.75000,0.65289,1.91704,-1.16421
5009.80000,0.65570,1.91039,-1.18433
5009.85000,0.65880,1.90258,-1.19678
5009.90000,0.66108,1.89666,-1.19502
5009.95000,0.66261,1.89279,-1.18321
5010.00000,0.66409,1.88922,-1.17022
5010.05000,0.66559,1.88572,-1.15761
5010.10000,0.66715,1.88224,-1.14492
5010.15000,0.66871,1.87883,-1.13276
5010.20000,0.67167,1.87327,-1.12154
5010.25000,0.67617,1.86408,-1.10979
5010.30000,0.68081,1.85488,-1.09793
5010.35000,0.68555,1.84575,-1.08623
5010.40000,0.69040,1.83667,-1.07475
5010.45000,0.69529,1.82770,-1.06389
5010.50000,0.70031,1.81877,-1.05337
5010.55000,0.70542,1.80991,-1.04322
5010.60000,0.71058,1.80113,-1.03365
5010.65000,0.71575,1.79254,-1.02513
5010.70000,0.72106,1.78387,-1.01621
5010.75000,0.72643,1.77529,-1.00777
5010.80000,0.73182,1.76681,-0.99993
5010.85000,0.73733,1.75830,-0.99180
5010.90000,0.74296,1.74978,-0.98342
5010.95000,0.74856,1.74143,-0.97595
5011.00000,0.75418,1.73318,-0.96910
5011.05000,0.75986,1.72497,-0.96254
5011.10000,0.76560,1.71679,-0.95615
5011.15000,0.77139,1.70864,-0.94993
5011.20000,0.77723,1.70053,-0.94390
5011.25000,0.78312,1.69245,-0.93807
5011.30000,0.78905,1.68440,-0.93241
5011.35000,0.79505,1.67636,-0.92661
5011.40000,0.80108,1.66839,-0.92096
5011.45000,0.80715,1.66045,-0.91534
5011.50000,0.81326,1.65254,-0.90978
5011.55000,0.81943,1.64466,-0.90428
5011.60000,0.82562,1.63683,-0.89908
5011.65000,0.83186,1.62902,-0.89401
5011.70000,0.83811,1.62129,-0.88875
5011.75000,0.84441,1.61357,-0.88391
5011.80000,0.85075,1.60587,-0.87947
5011.85000,0.85712,1.59821,-0.87515
5011.90000,0.86355,1.59055,-0.87097
5011.95000,0.87003,1.58287,-0.86681
5012.00000,0.87657,1.57519,-0.86272
5012.05000,0.88312,1.56758,-0.85882
5012.10000,0.88966,1.56003,-0.85490
5012.15000,0.89622,1.55251,-0.85105
5012.20000,0.90281,1.54502,-0.84702
5012.25000,0.90945,1.53754,-0.84324
5012.30000,0.91614,1.53005,-0.83943
5012.35000,0.92284,1.52261,-0.83593
5012.40000,0.92956,1.51519,-0.83252
5012.45000,0.93631,1.50780,-0.82941
5012.50000,0.94310,1.50041,-0.82657
5012.55000,0.94990,1.49303,-0.82433
5012.60000,0.95671,1.48567,-0.82232
5012.65000,0.96354,1.47832,-0.82103
5012.70000,0.97037,1.47100,-0.82022
5012.75000,0.97719,1.46369,-0.81987
5012.80000,0.98401,1.45638,-0.81973
5012.85000,0.99083,1.44907,-0.82020
5012.90000,0.99765,1.44175,-0.82128
5012.95000,1.00446,1.43443,-0.82299
5013.00000,1.01125,1.42709,-0.82540
5013.05000,1.01802,1.41973,-0.82862
5013.10000,1.02472,1.41239,-0.83257
5013.15000,1.03136,1.40505,-0.83762
5013.20000,1.03796,1.39779,-0.84249
5013.25000,1.03942,1.39599,-0.84749
5013.30000,1.03931,1.39611,-0.85866
5013.35000,1.03924,1.39620,-0.86891
5013.40000,1.03922,1.39622,-0.87747
5013.45000,1.04077,1.39468,-0.88555
5013.50000,1.04534,1.39011,-0.89321
5013.55000,1.05141,1.38282,-0.89915
5013.60000,1.05754,1.37506,-0.90444
5013.65000,1.06363,1.36728,-0.91001
5013.70000,1.06964,1.35950,-0.91627
5013.75000,1.07559,1.35169,-0.92346
5013.80000,1.08146,1.34386,-0.93214
5013.85000,1.08729,1.33600,-0.94085
5013.90000,1.08921,1.33241,-0.94880
5013.95000,1.08913,1.33250,-0.96441
5014.00000,1.08892,1.33277,-0.98219
5014.05000,1.08872,1.33305,-0.99960
5014.10000,1.08853,1.33332,-1.01652
5014.15000,1.08835,1.33358,-1.03297
5014.20000,1.08819,1.33383,-1.04898
5014.25000,1.08803,1.33407,-1.06454
5014.30000,1.08789,1.33431,-1.07965
5014.35000,1.08777,1.33453,-1.09426
5014.40000,1.08766,1.33474,-1.10859
5014.45000,1.08756,1.33496,-1.12248
5014.50000,1.08746,1.33516,-1.13599
5014.55000,1.08737,1.33536,-1.14914
5014.60000,1.08823,1.33442,-1.16162
5014.65000,1.09152,1.33084,-1.17290
5014.70000,1.09520,1.32290,-1.18585
5014.75000,1.09885,1.31393,-1.19837
5014.80000,1.09984,1.30854,-1.20925
5014.85000,1.09937,1.30720,-1.22780
5014.90000,1.09885,1.30683,-1.25362
5014.95000,1.09860,1.30735,-1.28429
5015.00000,1.09842,1.30800,-1.31511
5015.05000,1.09825,1.30868,-1.34507
5015.10000,1.09812,1.30931,-1.37431
5015.15000,1.09801,1.30991,-1.40264
5015.20000,1.09792,1.31050,-1.43017
5015.25000,1.09785,1.31105,-1.45686
5015.30000,1.09779,1.31160,-1.48272
5015.35000,1.09775,1.31216,-1.50784
5015.40000,1.09772,1.31271,-1.53228
5015.45000,1.09771,1.31325,-1.55615
5015.50000,1.09770,1.31375,-1.57979
5015.55000,1.09771,1.31424,-1.60288
5015.60000,1.09772,1.31472,-1.62538
5015.65000,1.09775,1.31519,-1.64753
5015.70000,1.09778,1.31565,-1.66929
5015.75000,1.09782,1.31610,-1.69060
5015.80000,1.09730,1.31431,-1.71125
5015.85000,1.09598,1.30603,-1.73023
5015.90000,1.09448,1.29666,-1.75068
5015.95000,1.09430,1.29239,-1.77172
5016.00000,1.09443,1.29245,-1.80249
5016.05000,1.09461,1.29322,-1.83940
5016.10000,1.09482,1.29395,-1.87649
5016.15000,1.09506,1.29472,-1.91476
5016.20000,1.09520,1.29509,-1.95499
5016.25000,1.09544,1.29570,-2.00007
5016.30000,1.09557,1.29600,-2.04724
5016.35000,1.09552,1.29592,-2.09504
5016.40000,1.09547,1.29582,-2.14413
5016.45000,1.09540,1.29572,-2.19412
5016.50000,1.09532,1.29562,-2.24465
5016.55000,1.09523,1.29551,-2.29550
5016.60000,1.09512,1.29539,-2.34645
5016.65000,1.09501,1.29528,-2.39741
5016.70000,1.09488,1.29517,-2.44827
5016.75000,1.09474,1.29506,-2.49896
5016.80000,1.09459,1.29495,-2.54939
5016.85000,1.09443,1.29485,-2.59951
5016.90000,1.09426,1.29475,-2.64925
5016.95000,1.09407,1.29466,-2.69860
5017.00000,1.09388,1.29458,-2.74749
5017.05000,1.09369,1.29450,-2.79592
5017.10000,1.09348,1.29443,-2.84385
5017.15000,1.09327,1.29437,-2.89127
5017.20000,1.09305,1.29432,-2.93816
5017.25000,1.09283,1.29428,-2.98450
5017.30000,1.09260,1.29425,-3.03027
5017.35000,1.09237,1.29423,-3.07545
5017.40000,1.09213,1.29422,-3.12004
5017.45000,1.09190,1.29422,3.11917
5017.50000,1.09166,1.29423,3.07583
5017.55000,1.09142,1.29425,3.03315
5017.60000,1.09118,1.29428,2.99112
5017.65000,1.09094,1.29432,2.94977
5017.70000,1.09070,1.29438,2.90909
5017.75000,1.09046,1.29444,2.86908
5017.80000,1.09022,1.29451,2.82974
5017.85000,1.08999,1.29459,2.79108
5017.90000,1.08975,1.29468,2.75310
5017.95000,1.08755,1.29587,2.71616
5018.00000,1.08066,1.29915,2.68203
5018.05000,1.07284,1.30321,2.64311
5018.10000,1.06500,1.30768,2.60386
5018.15000,1.05733,1.31245,2.56533
5018.20000,1.04983,1.31754,2.52757
5018.25000,1.04251,1.32290,2.49055
5018.30000,1.03538,1.32855,2.45425
5018.35000,1.02826,1.33443,2.42724
5018.40000,1.02085,1.34066,2.41904
5018.45000,1.01341,1.34710,2.42690
5018.50000,1.00601,1.35346,2.43661
5018.55000,0.99855,1.35974,2.44666
5018.60000,0.99104,1.36594,2.45703
5018.65000,0.98339,1.37211,2.46767
5018.70000,0.97605,1.37794,2.46600
5018.75000,0.96968,1.38316,2.44331
5018.80000,0.96254,1.38935,2.41421
5018.85000,0.95533,1.39581,2.39684
5018.90000,0.94874,1.40182,2.40347
5018.95000,0.94157,1.40826,2.41693
5019.00000,0.93430,1.41461,2.43067
5019.05000,0.92743,1.42050,2.43045
5019.10000,0.92136,1.42585,2.40916
5019.15000,0.91422,1.43245,2.38207
5019.20000,0.90706,1.43944,2.35402
5019.25000,0.90011,1.44663,2.32581
5019.30000,0.89363,1.45360,2.31031
5019.35000,0.88758,1.46018,2.31890
5019.40000,0.88072,1.46748,2.33524
5019.45000,0.87402,1.47435,2.35160
5019.50000,0.86769,1.48072,2.35367
5019.55000,0.86381,1.48468,2.33878
5019.60000,0.86250,1.48607,2.31347
5019.65000,0.86225,1.48634,2.28187
5019.70000,0.86216,1.48645,2.24975
5019.75000,0.86207,1.48656,2.21835
5019.80000,0.86174,1.48701,2.19686
5019.85000,0.85918,1.49056,2.19182
5019.90000,0.85449,1.49706,2.20238
5019.95000,0.84890,1.50454,2.22163
5020.00000,0.84308,1.51203,2.24188
5020.05000,0.83710,1.51940,2.26230
5020.10000,0.83098,1.52664,2.28309
5020.15000,0.82465,1.53393,2.29645
5020.20000,0.81890,1.54044,2.29527
5020.25000,0.81406,1.54595,2.28586
5020.30000,0.81077,1.54981,2.26527
5020.35000,0.80939,1.55149,2.23193
5020.40000,0.80929,1.55163,2.19040
5020.45000,0.80922,1.55174,2.14989
5020.50000,0.80914,1.55189,2.12197
5020.55000,0.80774,1.55411,2.11315
5020.60000,0.80403,1.56021,2.12203
5020.65000,0.79905,1.56816,2.14030
5020.70000,0.79356,1.57655,2.16094
5020.75000,0.78791,1.58480,2.18175
5020.80000,0.78208,1.59293,2.20284
5020.85000,0.77609,1.60093,2.22450
5020.90000,0.77007,1.60879,2.23986
5020.95000,0.76510,1.61512,2.24671
5021.00000,0.76188,1.61916,2.24202
5021.05000,0.75990,1.62168,2.22985
5021.10000,0.75927,1.62252,2.21062
5021.15000,0.75804,1.62386,2.18814
5021.20000,0.75312,1.63068,2.16802
5021.25000,0.74761,1.63893,2.15150
5021.30000,0.74239,1.64704,2.13506
5021.35000,0.73730,1.65522,2.11957
5021.40000,0.73234,1.66348,2.10504
5021.45000,0.72741,1.67183,2.10135
5021.50000,0.72261,1.67988,2.11859
5021.55000,0.71731,1.68835,2.14130
5021.60000,0.71181,1.69670,2.16425
5021.65000,0.70634,1.70485,2.17995
5021.70000,0.70102,1.71267,2.17577
5021.75000,0.69546,1.72077,2.16873
5021.80000,0.68996,1.72891,2.16183
5021.85000,0.68451,1.73709,2.15463
5021.90000,0.67994,1.74421,2.13511
5021.95000,0.67605,1.75050,2.09918
5022.00000,0.67298,1.75604,2.04952
5022.05000,0.67119,1.75973,1.98647
5022.10000,0.67063,1.76109,1.91359
5022.15000,0.67042,1.76180,1.84858
5022.20000,0.66964,1.76315,1.81372
5022.25000,0.66821,1.76594,1.80748
5022.30000,0.66666,1.77143,1.81543
5022.35000,0.66431,1.78035,1.83751
5022.40000,0.66137,1.79057,1.86515
5022.45000,0.65814,1.80074,1.89272
5022.50000,0.65486,1.81020,1.92020
5022.55000,0.65142,1.81943,1.94819
5022.60000,0.64788,1.82800,1.97710
5022.65000,0.64409,1.83647,2.00597
5022.70000,0.64006,1.84482,2.03504
5022.75000,0.63592,1.85306,2.05218
5022.80000,0.63197,1.86100,2.04475
5022.85000,0.62884,1.86757,2.01574
5022.90000,0.62706,1.87156,1.96466
5022.95000,0.62605,1.87420,1.89933
5023.00000,0.62572,1.87529,1.82545
5023.05000,0.62560,1.87583,1.75992
5023.10000,0.62482,1.87737,1.72993
5023.15000,0.62388,1.88001,1.72448
5023.20000,0.62263,1.88524,1.73291
5023.25000,0.62111,1.89332,1.75449
5023.30000,0.61906,1.90355,1.78305
5023.35000,0.61665,1.91401,1.81272
5023.40000,0.61392,1.92441,1.84307
5023.45000,0.61088,1.93472,1.87340
5023.50000,0.60773,1.94437,1.90454
5023.55000,0.60455,1.95311,1.93543
5023.60000,0.60117,1.96180,1.95770
5023.65000,0.59784,1.97039,1.95886
5023.70000,0.59469,1.97873,1.93931
5023.75000,0.59190,1.98632,1.90268
5023.80000,0.58997,1.99237,1.85237
5023.85000,0.58903,1.99598,1.79088
5023.90000,0.58881,1.99769,1.73199
5023.95000,0.58793,2.00015,1.69761
5024.00000,0.58700,2.00349,1.69077
5024.05000,0.58586,2.00889,1.70061
5024.10000,0.58456,2.01729,1.72268
5024.15000,0.58286,2.02738,1.75157
5024.20000,0.58075,2.03796,1.78312
5024.25000,0.57831,2.04848,1.81484
5024.30000,0.57565,2.05862,1.84530
5024.35000,0.57280,2.06820,1.87412
5024.40000,0.56961,2.07794,1.90510
5024.45000,0.56641,2.08729,1.92927
5024.50000,0.56331,2.09653,1.94689
5024.55000,0.56039,2.10555,1.95284
5024.60000,0.55753,2.11451,1.95536
5024.65000,0.55472,2.12340,1.95131
5024.70000,0.55185,2.13231,1.93191
5024.75000,0.54899,2.14086,1.89199
5024.80000,0.54708,2.14711,1.83874
5024.85000,0.54622,2.15061,1.77395
5024.90000,0.54597,2.15209,1.70110
5024.95000,0.54583,2.15351,1.62838
5025.00000,0.54582,2.15490,1.56457
5025.05000,0.54591,2.15653,1.51697
5025.10000,0.54606,2.15821,1.47834
5025.15000,0.54623,2.15988,1.44866
5025.20000,0.54643,2.16157,1.42769
5025.25000,0.54672,2.16333,1.41495
5025.30000,0.54713,2.16520,1.40986
5025.35000,0.54774,2.16754,1.41115
5025.40000,0.54860,2.17120,1.41926
5025.45000,0.54962,2.17640,1.43426
5025.50000,0.55087,2.18326,1.45658
5025.55000,0.55191,2.19243,1.48894
5025.60000,0.55255,2.20241,1.52426
5025.65000,0.55283,2.21240,1.56131
5025.70000,0.55274,2.22240,1.59897
5025.75000,0.55226,2.23237,1.63844
5025.80000,0.55138,2.24232,1.67920
5025.85000,0.55009,2.25222,1.72157
5025.90000,0.54838,2.26206,1.76590
5025.95000,0.54623,2.27180,1.81199
5026.00000,0.54374,2.28098,1.86200
5026.05000,0.54069,2.29027,1.91409
5026.10000,0.53708,2.29959,1.96681
5026.15000,0.53298,2.30871,2.01915
5026.20000,0.52841,2.31761,2.07104
5026.25000,0.52339,2.32625,2.12242
5026.30000,0.51793,2.33463,2.17373
5026.35000,0.51206,2.34272,2.22468
5026.40000,0.50577,2.35050,2.27535
5026.45000,0.49911,2.35795,2.32576
5026.50000,0.49207,2.36506,2.37620
5026.55000,0.48469,2.37180,2.42636
5026.60000,0.47698,2.37817,2.47636
5026.65000,0.46896,2.38414,2.52676
5026.70000,0.46158,2.38917,2.55726
5026.75000,0.45499,2.39333,2.56001
5026.80000,0.45004,2.39657,2.53476
5026.85000,0.44711,2.39870,2.48692
5026.90000,0.44469,2.40067,2.42744
5026.95000,0.44222,2.40295,2.36701
5027.00000,0.43986,2.40540,2.30676
5027.05000,0.43756,2.40797,2.25812
5027.10000,0.43470,2.41119,2.23748
5027.15000,0.43155,2.41474,2.23798
5027.20000,0.42807,2.41870,2.25890
5027.25000,0.42384,2.42366,2.29532
5027.30000,0.41848,2.42946,2.33722
5027.35000,0.41214,2.43575,2.38255
5027.40000,0.40505,2.44216,2.43068
5027.45000,0.39772,2.44845,2.47236
5027.50000,0.39028,2.45478,2.49427
5027.55000,0.38333,2.46046,2.48673
5027.60000,0.37764,2.46496,2.45428
5027.65000,0.37326,2.46872,2.40556
5027.70000,0.36967,2.47217,2.34648
5027.75000,0.36610,2.47604,2.28666
5027.80000,0.36273,2.48015,2.22721
5027.85000,0.35958,2.48451,2.16815
5027.90000,0.35653,2.48901,2.12155
5027.95000,0.35319,2.49408,2.10737
5028.00000,0.35012,2.49928,2.11711
5028.05000,0.34681,2.50464,2.14562
5028.10000,0.34247,2.51108,2.18576
5028.15000,0.33766,2.51759,2.23043
5028.20000,0.33187,2.52474,2.27621
5028.25000,0.32580,2.53153,2.32623
5028.30000,0.31998,2.53770,2.37279
5028.35000,0.31404,2.54392,2.39592
5028.40000,0.30813,2.54988,2.38753
5028.45000,0.30440,2.55351,2.34937
5028.50000,0.30094,2.55720,2.29928
5028.55000,0.29698,2.56190,2.24511
5028.60000,0.29283,2.56740,2.18844
5028.65000,0.28890,2.57328,2.13173
5028.70000,0.28528,2.57942,2.07549
5028.75000,0.28193,2.58563,2.03194
5028.80000,0.27884,2.59204,2.02072
5028.85000,0.27576,2.59836,2.03245
5028.90000,0.27311,2.60348,2.06708
5028.95000,0.27061,2.60784,2.11633
5029.00000,0.26742,2.61278,2.17079
5029.05000,0.26374,2.61783,2.22982
5029.10000,0.25939,2.62311,2.29085
5029.15000,0.25444,2.62840,2.35332
5029.20000,0.24901,2.63353,2.41701
5029.25000,0.24306,2.63846,2.48122
5029.30000,0.23664,2.64312,2.54568
5029.35000,0.22989,2.64739,2.61065
5029.40000,0.22286,2.65121,2.67611
5029.45000,0.21549,2.65462,2.74144
5029.50000,0.20796,2.65751,2.80723
5029.55000,0.20049,2.65997,2.86027
5029.60000,0.19339,2.66197,2.88465
5029.65000,0.18652,2.66367,2.88588
5029.70000,0.17988,2.66510,2.86643
5029.75000,0.17452,2.66651,2.82365
5029.80000,0.16904,2.66846,2.77250
5029.85000,0.16244,2.67122,2.71939
5029.90000,0.15572,2.67418,2.67362
5029.95000,0.14885,2.67735,2.64973
5030.00000,0.14196,2.68061,2.65113
5030.05000,0.13529,2.68370,2.66494
5030.10000,0.12863,2.68681,2.69470
5030.15000,0.12241,2.68962,2.74281
5030.20000,0.11649,2.69192,2.79946
5030.25000,0.10991,2.69404,2.85881
5030.30000,0.10281,2.69587,2.91991
5030.35000,0.09529,2.69732,2.98218
5030.40000,0.08748,2.69833,3.04531
5030.45000,0.07946,2.69884,3.10901
5030.50000,0.07158,2.69886,-3.11897
5030.55000,0.06405,2.69877,-3.08970
5030.60000,0.05706,2.69881,-3.08655
5030.65000,0.05052,2.69878,-3.10141
5030.70000,0.04423,2.69876,-3.12877
5030.75000,0.03811,2.69880,3.11476
5030.80000,0.03218,2.69912,3.06003
5030.85000,0.02490,2.69991,3.00468
5030.90000,0.01745,2.70115,2.94876
5030.95000,0.01008,2.70281,2.89294
5031.00000,0.00298,2.70455,2.84376
5031.05000,-0.00426,2.70650,2.81078
5031.10000,-0.01212,2.70916,2.80888
5031.15000,-0.02028,2.71214,2.81853
5031.20000,-0.02874,2.71546,2.83846
5031.25000,-0.03751,2.71857,2.87069
5031.30000,-0.04581,2.72068,2.91761
5031.35000,-0.05323,2.72216,2.97335
5031.40000,-0.06110,2.72326,3.03131
5031.45000,-0.06937,2.72393,3.09053
5031.50000,-0.07746,2.72409,3.13968
5031.55000,-0.08514,2.72404,-3.11601
5031.60000,-0.09280,2.72399,-3.10259
5031.65000,-0.10030,2.72402,-3.10223
5031.70000,-0.10718,2.72396,-3.12384
5031.75000,-0.11335,2.72399,3.11240
5031.80000,-0.11949,2.72434,3.05759
5031.85000,-0.12574,2.72505,3.00158
5031.90000,-0.13179,2.72607,2.94567
5031.95000,-0.13764,2.72740,2.88988
5032.00000,-0.14326,2.72902,2.83426
5032.05000,-0.14878,2.73075,2.78740
5032.10000,-0.15453,2.73276,2.75703
5032.15000,-0.16092,2.73547,2.75557
5032.20000,-0.16692,2.73776,2.78564
5032.25000,-0.17303,2.73990,2.82626
5032.30000,-0.18047,2.74214,2.87139
5032.35000,-0.18854,2.74416,2.92083
5032.40000,-0.19675,2.74576,2.95426
5032.45000,-0.20384,2.74655,2.95618
5032.50000,-0.20945,2.74687,2.93151
5032.55000,-0.21384,2.74744,2.88742
5032.60000,-0.21786,2.74860,2.83406
5032.65000,-0.22171,2.74994,2.78046
5032.70000,-0.22532,2.75141,2.72703
5032.75000,-0.22884,2.75296,2.68397
5032.80000,-0.23264,2.75484,2.66120
5032.85000,-0.23699,2.75734,2.66386
5032.90000,-0.24144,2.75998,2.67948
5032.95000,-0.24641,2.76284,2.70861
5033.00000,-0.25353,2.76612,2.74782
5033.05000,-0.26206,2.76944,2.79162
5033.10000,-0.27141,2.77262,2.83760
5033.15000,-0.28057,2.77512,2.87123
5033.20000,-0.28901,2.77686,2.87460
5033.25000,-0.29542,2.77823,2.84993
5033.30000,-0.29829,2.77916,2.80100
5033.35000,-0.30060,2.78005,2.74942
5033.40000,-0.30274,2.78100,2.69795
5033.45000,-0.30472,2.78200,2.64664
5033.50000,-0.30662,2.78304,2.60610
5033.55000,-0.30849,2.78410,2.58712
5033.60000,-0.31039,2.78526,2.59202
5033.65000,-0.31265,2.78662,2.61079
5033.70000,-0.31647,2.78880,2.63801
5033.75000,-0.32207,2.79180,2.67403
5033.80000,-0.33032,2.79586,2.71532
5033.85000,-0.33948,2.79979,2.75871
5033.90000,-0.34840,2.80314,2.78893
5033.95000,-0.35663,2.80605,2.78920
5034.00000,-0.36276,2.80831,2.76411
5034.05000,-0.36624,2.80976,2.72460
5034.10000,-0.36755,2.81037,2.67576
5034.15000,-0.36855,2.81091,2.62596
5034.20000,-0.36946,2.81145,2.57634
5034.25000,-0.37029,2.81198,2.53669
5034.30000,-0.37103,2.81249,2.52110
5034.35000,-0.37243,2.81354,2.52928
5034.40000,-0.37691,2.81664,2.55498
5034.45000,-0.38267,2.82032,2.59134
5034.50000,-0.38971,2.82446,2.63283
5034.55000,-0.39845,2.82911,2.67367
5034.60000,-0.40705,2.83322,2.70142
5034.65000,-0.41501,2.83686,2.70037
5034.70000,-0.41957,2.83893,2.69230
5034.75000,-0.42319,2.84058,2.68883
5034.80000,-0.42559,2.84167,2.68350
5034.85000,-0.42723,2.84228,2.68235
5034.90000,-0.42832,2.84280,2.68002
5034.95000,-0.42899,2.84304,2.68021
5035.00000,-0.42950,2.84327,2.67881
5035.05000,-0.42992,2.84341,2.69655
5035.10000,-0.43335,2.84508,2.72612
5035.15000,-0.43785,2.84685,2.74943
5035.20000,-0.44121,2.84809,2.76374
5035.25000,-0.44366,2.84895,2.77436
5035.30000,-0.44518,2.84953,2.78153
5035.35000,-0.44634,2.84992,2.79048
5035.40000,-0.44719,2.85009,2.77040
5035.45000,-0.44732,2.85015,2.72628
5035.50000,-0.44754,2.85025,2.67929
5035.55000,-0.44771,2.85033,2.64056
5035.60000,-0.44766,2.85025,2.62013
5035.65000,-0.44731,2.84990,2.61495
5035.70000,-0.44778,2.85025,2.63223
5035.75000,-0.45213,2.85272,2.66854
5035.80000,-0.45740,2.85528,2.71452
5035.85000,-0.46445,2.85832,2.76202
5035.90000,-0.47251,2.86130,2.81160
5035.95000,-0.48120,2.86402,2.86324
5036.00000,-0.49063,2.86645,2.91537
5036.05000,-0.50047,2.86845,2.96639
5036.10000,-0.50976,2.86983,3.00633
5036.15000,-0.51851,2.87067,3.02386
5036.20000,-0.52675,2.87095,3.02040
5036.25000,-0.53205,2.87119,3.01001
5036.30000,-0.53415,2.87142,3.00134
5036.35000,-0.53592,2.87170,2.98903
5036.40000,-0.53811,2.87215,3.00137
5036.45000,-0.53958,2.87227,3.01944
5036.50000,-0.54054,2.87208,3.01613
5036.55000,-0.54126,2.87205,3.00569
5036.60000,-0.54210,2.87211,3.01064
5036.65000,-0.54312,2.87237,3.03188
5036.70000,-0.54432,2.87282,3.06803
5036.75000,-0.54694,2.87303,3.11947
5036.80000,-0.55136,2.87300,-3.10531
5036.85000,-0.55670,2.87264,-3.04396
5036.90000,-0.56260,2.87187,-2.98025
5036.95000,-0.56894,2.87062,-2.91527
5037.00000,-0.57552,2.86887,-2.84938
5037.05000,-0.58232,2.86658,-2.78325
5037.10000,-0.58914,2.86376,-2.71681
5037.15000,-0.59592,2.86042,-2.65027
5037.20000,-0.60247,2.85697,-2.59392
5037.25000,-0.60902,2.85346,-2.55501
5037.30000,-0.61379,2.85077,-2.53749
5037.35000,-0.61643,2.84901,-2.52106
5037.40000,-0.61929,2.84699,-2.52406
5037.45000,-0.62234,2.84473,-2.53679
5037.50000,-0.62555,2.84230,-2.55887
5037.55000,-0.62743,2.84110,-2.58447
5037.60000,-0.62925,2.83986,-2.58450
5037.65000,-0.63040,2.83920,-2.57725
5037.70000,-0.63116,2.83874,-2.57461
5037.75000,-0.63220,2.83804,-2.54682
5037.80000,-0.63469,2.83628,-2.50681
5037.85000,-0.63849,2.83334,-2.46002
5037.90000,-0.64314,2.82936,-2.40875
5037.95000,-0.64796,2.82500,-2.36490
5038.00000,-0.65281,2.82057,-2.33873
5038.05000,-0.65746,2.81625,-2.34001
5038.10000,-0.66049,2.81329,-2.37062
5038.15000,-0.66070,2.81310,-2.42031
5038.20000,-0.66084,2.81301,-2.45797
5038.25000,-0.66098,2.81298,-2.47246
5038.30000,-0.66130,2.81276,-2.47759
5038.35000,-0.66162,2.81252,-2.47973
5038.40000,-0.66177,2.81238,-2.47999
5038.45000,-0.66195,2.81222,-2.50295
5038.50000,-0.66213,2.81208,-2.52167
5038.55000,-0.66206,2.81213,-2.53647
5038.60000,-0.66199,2.81216,-2.54890
5038.65000,-0.66255,2.81176,-2.52900
5038.70000,-0.66466,2.81023,-2.49486
5038.75000,-0.66741,2.80808,-2.45044
5038.80000,-0.67200,2.80410,-2.40377
5038.85000,-0.67723,2.79910,-2.35350
5038.90000,-0.68240,2.79385,-2.30925
5038.95000,-0.68639,2.78957,-2.28059
5039.00000,-0.68884,2.78668,-2.25468
5039.05000,-0.69047,2.78463,-2.24376
5039.10000,-0.69155,2.78324,-2.23552
5039.15000,-0.69223,2.78239,-2.25693
5039.20000,-0.69267,2.78186,-2.29784
5039.25000,-0.69278,2.78174,-2.34459
5039.30000,-0.69290,2.78163,-2.39158
5039.35000,-0.69298,2.78157,-2.42973
5039.40000,-0.69307,2.78160,-2.44188
5039.45000,-0.69294,2.78189,-2.43661
5039.50000,-0.69261,2.78238,-2.42080
5039.55000,-0.69297,2.78204,-2.39461
5039.60000,-0.69471,2.78037,-2.35917
5039.65000,-0.69776,2.77719,-2.31376
5039.70000,-0.70234,2.77192,-2.26193
5039.75000,-0.70707,2.76599,-2.22510
5039.80000,-0.71121,2.76061,-2.22094
5039.85000,-0.71371,2.75737,-2.24761
5039.90000,-0.71438,2.75656,-2.28991
5039.95000,-0.71452,2.75641,-2.33588
5040.00000,-0.71460,2.75635,-2.37294
5040.05000,-0.71465,2.75639,-2.38422
5040.10000,-0.71458,2.75663,-2.37397
5040.15000,-0.71470,2.75655,-2.35259
5040.20000,-0.71637,2.75487,-2.32903
5040.25000,-0.71830,2.75287,-2.32414
5040.30000,-0.72021,2.75086,-2.34333
5040.35000,-0.72059,2.75049,-2.38725
5040.40000,-0.72079,2.75031,-2.43306
5040.45000,-0.72096,2.75020,-2.46720
5040.50000,-0.72126,2.75005,-2.46442
5040.55000,-0.72263,2.74893,-2.43880
5040.60000,-0.72511,2.74675,-2.40298
5040.65000,-0.72885,2.74319,-2.35826
5040.70000,-0.73335,2.73847,-2.30866
5040.75000,-0.73833,2.73295,-2.26632
5040.80000,-0.74359,2.72705,-2.25419
5040.85000,-0.74845,2.72140,-2.26711
5040.90000,-0.75123,2.71816,-2.29880
5040.95000,-0.75218,2.71712,-2.34271
5041.00000,-0.75240,2.71692,-2.38074
5041.05000,-0.75230,2.71702,-2.40683
5041.10000,-0.75189,2.71740,-2.43370
5041.15000,-0.75146,2.71785,-2.43635
5041.20000,-0.75179,2.71761,-2.42140
5041.25000,-0.75337,2.71619,-2.39443
5041.30000,-0.75626,2.71340,-2.35853
5041.35000,-0.76041,2.70909,-2.31298
5041.40000,-0.76573,2.70298,-2.26484
5041.45000,-0.77131,2.69594,-2.21518
5041.50000,-0.77634,2.68917,-2.17495
5041.55000,-0.78094,2.68257,-2.16766
5041.60000,-0.78493,2.67671,-2.18414
5041.65000,-0.78744,2.67324,-2.21834
5041.70000,-0.78837,2.67205,-2.26436
5041.75000,-0.78872,2.67165,-2.31465
5041.80000,-0.78909,2.67126,-2.36500
5041.85000,-0.78949,2.67090,-2.41531
5041.90000,-0.78990,2.67056,-2.45426
5041.95000,-0.79052,2.67010,-2.46501
5042.00000,-0.79260,2.66841,-2.44591
5042.05000,-0.79649,2.66506,-2.41626
5042.10000,-0.80171,2.66026,-2.37914
5042.15000,-0.80766,2.65434,-2.33728
5042.20000,-0.81398,2.64748,-2.29232
5042.25000,-0.82005,2.64044,-2.25838
5042.30000,-0.82578,2.63367,-2.24968
5042.35000,-0.83067,2.62774,-2.26675
5042.40000,-0.83318,2.62483,-2.30501
5042.45000,-0.83395,2.62401,-2.35461
5042.50000,-0.83432,2.62365,-2.40666
5042.55000,-0.83469,2.62333,-2.45860
5042.60000,-0.83508,2.62305,-2.49883
5042.65000,-0.83593,2.62239,-2.51127
5042.70000,-0.83776,2.62098,-2.49812
5042.75000,-0.84117,2.61836,-2.47492
5042.80000,-0.84631,2.61418,-2.44299
5042.85000,-0.85277,2.60854,-2.40355
5042.90000,-0.85971,2.60196,-2.36068
5042.95000,-0.86682,2.59486,-2.32452
5043.00000,-0.87313,2.58849,-2.31527
5043.05000,-0.87848,2.58291,-2.33248
5043.10000,-0.88187,2.57946,-2.36605
5043.15000,-0.88303,2.57836,-2.41336
5043.20000,-0.88331,2.57812,-2.46590
5043.25000,-0.88360,2.57790,-2.51842
5043.30000,-0.88392,2.57770,-2.55933
5043.35000,-0.88484,2.57697,-2.57337
5043.40000,-0.88758,2.57509,-2.55794
5043.45000,-0.89249,2.57175,-2.53095
5043.50000,-0.89884,2.56715,-2.49721
5043.55000,-0.90603,2.56152,-2.45856
5043.60000,-0.91362,2.55509,-2.41690
5043.65000,-0.92086,2.54869,-2.38336
5043.70000,-0.92727,2.54303,-2.37912
5043.75000,-0.93327,2.53774,-2.39046
5043.80000,-0.93904,2.53265,-2.41092
5043.85000,-0.94349,2.52876,-2.44260
5043.90000,-0.94576,2.52692,-2.48664
5043.95000,-0.94630,2.52653,-2.53990
5044.00000,-0.94677,2.52622,-2.59361
5044.05000,-0.94728,2.52593,-2.63613
5044.10000,-0.94834,2.52516,-2.65563
5044.15000,-0.95137,2.52330,-2.64452
5044.20000,-0.95685,2.52024,-2.61935
5044.25000,-0.96376,2.51611,-2.58751
5044.30000,-0.97169,2.51100,-2.55075
5044.35000,-0.97988,2.50527,-2.51184
5044.40000,-0.98775,2.49958,-2.48052
5044.45000,-0.99496,2.49447,-2.47556
5044.50000,-1.00179,2.48970,-2.48566
5044.55000,-1.00841,2.48510,-2.50437
5044.60000,-1.01406,2.48113,-2.53287
5044.65000,-1.01734,2.47892,-2.57381
5044.70000,-1.01845,2.47824,-2.62552
5044.75000,-1.01915,2.47787,-2.67923
5044.80000,-1.01993,2.47748,-2.72136
5044.85000,-1.02143,2.47645,-2.73418
5044.90000,-1.02509,2.47463,-2.72142
5044.95000,-1.03128,2.47177,-2.69685
5045.00000,-1.03939,2.46774,-2.66426
5045.05000,-1.04863,2.46274,-2.62608
5045.10000,-1.05808,2.45714,-2.58641
5045.15000,-1.06685,2.45174,-2.55703
5045.20000,-1.07531,2.44656,-2.55191
5045.25000,-1.08247,2.44199,-2.57084
5045.30000,-1.08779,2.43870,-2.60219
5045.35000,-1.08929,2.43784,-2.65187
5045.40000,-1.09022,2.43738,-2.70448
5045.45000,-1.09116,2.43696,-2.75681
5045.50000,-1.09213,2.43660,-2.80881
5045.55000,-1.09320,2.43622,-2.84579
5045.60000,-1.09492,2.43528,-2.85587
5045.65000,-1.09695,2.43421,-2.85305
5045.70000,-1.10185,2.43262,-2.83703
5045.75000,-1.11012,2.42987,-2.80656
5045.80000,-1.11986,2.42629,-2.76981
5045.85000,-1.12998,2.42212,-2.73130
5045.90000,-1.13993,2.41757,-2.69351
5045.95000,-1.14956,2.41311,-2.66432
5046.00000,-1.15903,2.40872,-2.66003
5046.05000,-1.16718,2.40477,-2.67705
5046.10000,-1.17198,2.40252,-2.71037
5046.15000,-1.17302,2.40211,-2.76054
5046.20000,-1.17415,2.40169,-2.81044
5046.25000,-1.17530,2.40133,-2.85999
5046.30000,-1.17659,2.40102,-2.89414
5046.35000,-1.17879,2.40029,-2.89787
5046.40000,-1.18377,2.39897,-2.88307
5046.45000,-1.19107,2.39694,-2.85851
5046.50000,-1.19982,2.39423,-2.82807
5046.55000,-1.21003,2.39072,-2.79220
5046.60000,-1.22020,2.38680,-2.75578
5046.65000,-1.22986,2.38306,-2.72703
5046.70000,-1.23933,2.37943,-2.72185
5046.75000,-1.24778,2.37612,-2.73693
5046.80000,-1.25510,2.37316,-2.75832
5046.85000,-1.26077,2.37100,-2.78733
5046.90000,-1.26273,2.37036,-2.83230
5046.95000,-1.26396,2.37000,-2.88045
5047.00000,-1.26520,2.36970,-2.92829
5047.05000,-1.26644,2.36947,-2.97578
5047.10000,-1.26795,2.36911,-3.01205
5047.15000,-1.27030,2.36839,-3.02429
5047.20000,-1.27449,2.36764,-3.01582
5047.25000,-1.28198,2.36653,-2.99399
5047.30000,-1.29120,2.36503,-2.96488
5047.35000,-1.30102,2.36312,-2.93377
5047.40000,-1.31077,2.36090,-2.90299
5047.45000,-1.32036,2.35866,-2.87645
5047.50000,-1.32950,2.35681,-2.86896
5047.55000,-1.33834,2.35523,-2.87456
5047.60000,-1.34689,2.35383,-2.88804
5047.65000,-1.35444,2.35265,-2.90725
5047.70000,-1.36082,2.35169,-2.93160
5047.75000,-1.36602,2.35095,-2.96094
5047.80000,-1.36992,2.35041,-2.99563
5047.85000,-1.37164,2.35019,-3.03889
5047.90000,-1.37274,2.35010,-3.08447
5047.95000,-1.37401,2.35007,-3.11814
5048.00000,-1.37599,2.35001,-3.13045
5048.05000,-1.37916,2.34993,-3.12892
5048.10000,-1.38423,2.34977,-3.11921
5048.15000,-1.39254,2.34944,-3.09662
5048.20000,-1.40325,2.34879,-3.06412
5048.25000,-1.41401,2.34778,-3.03179
5048.30000,-1.42429,2.34651,-3.00192
5048.35000,-1.43406,2.34525,-2.97808
5048.40000,-1.44336,2.34440,-2.97211
5048.45000,-1.45239,2.34380,-2.97732
5048.50000,-1.46093,2.34337,-2.98886
5048.55000,-1.46843,2.34313,-3.00497
5048.60000,-1.47491,2.34309,-3.02547
5048.65000,-1.48037,2.34322,-3.05023
5048.70000,-1.48484,2.34350,-3.07909
5048.75000,-1.48833,2.34368,-3.11196
5048.80000,-1.49082,2.34372,3.13444
5048.85000,-1.49150,2.34372,3.09046
5048.90000,-1.49186,2.34374,3.06360
5048.95000,-1.49400,2.34399,3.05907
5049.00000,-1.49989,2.34449,3.06946
5049.05000,-1.50846,2.34501,3.09136
5049.10000,-1.51889,2.34538,3.11974
5049.15000,-1.52962,2.34546,-3.13407
5049.20000,-1.53976,2.34532,-3.11419
5049.25000,-1.54949,2.34524,-3.11581
5049.30000,-1.55697,2.34522,-3.13352
5049.35000,-1.56175,2.34522,3.12042
5049.40000,-1.56315,2.34521,3.07751
5049.45000,-1.56261,2.34517,3.02686
5049.50000,-1.56231,2.34515,2.97739
5049.55000,-1.56262,2.34525,2.94099
5049.60000,-1.56359,2.34582,2.92686
5049.65000,-1.56589,2.34658,2.92380
5049.70000,-1.56971,2.34752,2.92833
5049.75000,-1.57649,2.34917,2.94649
5049.80000,-1.58549,2.35091,2.97729
5049.85000,-1.59518,2.35237,3.00902
5049.90000,-1.60440,2.35347,3.03967
5049.95000,-1.61360,2.35427,3.07042
5050.00000,-1.62270,2.35478,3.09012
5050.05000,-1.63161,2.35507,3.09174
5050.10000,-1.63960,2.35507,3.07671
5050.15000,-1.64400,2.35490,3.04486
5050.20000,-1.64511,2.35485,2.99902
5050.25000,-1.64428,2.35472,2.94520
5050.30000,-1.64441,2.35475,2.89536
5050.35000,-1.64466,2.35489,2.85597
5050.40000,-1.64529,2.35540,2.83637
5050.45000,-1.64824,2.35653,2.83835
5050.50000,-1.65443,2.35857,2.85584
5050.55000,-1.66317,2.36103,2.88232
5050.60000,-1.67216,2.36326,2.91447
5050.65000,-1.68115,2.36519,2.94660
5050.70000,-1.69021,2.36683,2.97832
5050.75000,-1.69898,2.36803,2.99501
5050.80000,-1.70699,2.36848,2.98627
5050.85000,-1.71316,2.36831,2.95755
5050.90000,-1.71623,2.36796,2.91481
5050.95000,-1.71693,2.36794,2.86154
5051.00000,-1.71707,2.36799,2.80574
5051.05000,-1.71723,2.36807,2.75980
5051.10000,-1.71766,2.36849,2.73471
5051.15000,-1.71841,2.36923,2.72548
5051.20000,-1.72059,2.37047,2.72673
5051.25000,-1.72607,2.37296,2.74281
5051.30000,-1.73369,2.37608,2.76803
5051.35000,-1.74297,2.37955,2.79954
5051.40000,-1.75244,2.38275,2.83110
5051.45000,-1.76201,2.38566,2.86243
5051.50000,-1.77166,2.38826,2.89354
5051.55000,-1.78138,2.39056,2.92512
5051.60000,-1.79079,2.39235,2.94303
5051.65000,-1.79883,2.39349,2.93313
5051.70000,-1.80339,2.39449,2.89372
5051.75000,-1.80632,2.39528,2.86711
5051.80000,-1.80839,2.39586,2.87646
5051.85000,-1.81168,2.39672,2.90394
5051.90000,-1.81696,2.39792,2.93940
5051.95000,-1.82389,2.39919,2.98132
5052.00000,-1.83198,2.40033,3.02738
5052.05000,-1.84084,2.40112,3.07626
5052.10000,-1.85029,2.40150,3.12715
5052.15000,-1.85964,2.40145,-3.11473
5052.20000,-1.86640,2.40123,-3.08713
5052.25000,-1.87278,2.40075,-3.05003
5052.30000,-1.87963,2.39997,-3.00444
5052.35000,-1.88628,2.39888,-2.95093
5052.40000,-1.89288,2.39741,-2.89242
5052.45000,-1.89991,2.39539,-2.83216
5052.50000,-1.90714,2.39283,-2.77058
5052.55000,-1.91446,2.38972,-2.70825
5052.60000,-1.92173,2.38607,-2.64526
5052.65000,-1.92891,2.38188,-2.58201
5052.70000,-1.93590,2.37719,-2.51856
5052.75000,-1.94267,2.37199,-2.45504
5052.80000,-1.94917,2.36631,-2.39160
5052.85000,-1.95536,2.36016,-2.32830
5052.90000,-1.96122,2.35356,-2.26519
5052.95000,-1.96670,2.34655,-2.20229
5053.00000,-1.97176,2.33915,-2.13955
5053.05000,-1.97638,2.33138,-2.07704
5053.10000,-1.98055,2.32328,-2.01479
5053.15000,-1.98423,2.31489,-1.95270
5053.20000,-1.98741,2.30620,-1.89093
5053.25000,-1.99006,2.29729,-1.82935
5053.30000,-1.99218,2.28814,-1.76813
5053.35000,-1.99376,2.27880,-1.70719
5053.40000,-1.99477,2.26931,-1.64654
5053.45000,-1.99520,2.25970,-1.58617
5053.50000,-1.99509,2.25146,-1.52380
5053.55000,-1.99448,2.24364,-1.46189
5053.60000,-1.99338,2.23583,-1.40070
5053.65000,-1.99181,2.22810,-1.34021
5053.70000,-1.98979,2.22052,-1.28047
5053.75000,-1.98735,2.21316,-1.22149
5053.80000,-1.98453,2.20607,-1.16327
5053.85000,-1.98137,2.19929,-1.10580
5053.90000,-1.97792,2.19285,-1.04908
5053.95000,-1.97421,2.18680,-0.99312
5054.00000,-1.97029,2.18115,-0.93791
5054.05000,-1.96622,2.17590,-0.88344
5054.10000,-1.96203,2.17107,-0.82972
5054.15000,-1.95777,2.16665,-0.77672
5054.20000,-1.95345,2.16263,-0.72448
5054.25000,-1.94913,2.15899,-0.67298
5054.30000,-1.94482,2.15573,-0.62222
5054.35000,-1.94056,2.15283,-0.57218
5054.40000,-1.93635,2.15027,-0.52286
5054.45000,-1.93222,2.14802,-0.47426
5054.50000,-1.92818,2.14607,-0.42638
5054.55000,-1.92424,2.14439,-0.37919
5054.60000,-1.92042,2.14297,-0.33270
5054.65000,-1.91671,2.14178,-0.28690
5054.70000,-1.91039,2.14007,-0.24534
5054.75000,-1.90158,2.13806,-0.20448
5054.80000,-1.89185,2.13626,-0.16096
5054.85000,-1.88195,2.13487,-0.11733
5054.90000,-1.87200,2.13392,-0.07397
5054.95000,-1.86201,2.13339,-0.03076
5055.00000,-1.85201,2.13330,0.01242
5055.05000,-1.84202,2.13364,0.05574
5055.10000,-1.83205,2.13442,0.09938
5055.15000,-1.82212,2.13563,0.14348
5055.20000,-1.81227,2.13728,0.18828
5055.25000,-1.80250,2.13938,0.23402
5055.30000,-1.79284,2.14192,0.28091
5055.35000,-1.78363,2.14432,0.32758
5055.40000,-1.78004,2.14483,0.37703
5055.45000,-1.77910,2.14523,0.42849
5055.50000,-1.77823,2.14565,0.48059
5055.55000,-1.77740,2.14611,0.53340
5055.60000,-1.77664,2.14659,0.58711
5055.65000,-1.77592,2.14710,0.64168
5055.70000,-1.77525,2.14763,0.69706
5055.75000,-1.77462,2.14819,0.75316
5055.80000,-1.77406,2.14874,0.79891
5055.85000,-1.77358,2.14928,0.82856
5055.90000,-1.77094,2.15222,0.83675
5055.95000,-1.76614,2.15750,0.82720
5056.00000,-1.76040,2.16366,0.81058
5056.05000,-1.75383,2.17041,0.78844
5056.10000,-1.74710,2.17703,0.76581
5056.15000,-1.74023,2.18349,0.74304
5056.20000,-1.73323,2.18977,0.71969
5056.25000,-1.72608,2.19589,0.69580
5056.30000,-1.71880,2.20182,0.67172
5056.35000,-1.71138,2.20758,0.64733
5056.40000,-1.70382,2.21314,0.62277
5056.45000,-1.69613,2.21852,0.59805
5056.50000,-1.68832,2.22370,0.57313
5056.55000,-1.68038,2.22869,0.54806
5056.60000,-1.67232,2.23347,0.52286
5056.65000,-1.66415,2.23804,0.49752
5056.70000,-1.65586,2.24241,0.47205
5056.75000,-1.64747,2.24656,0.44647
5056.80000,-1.63897,2.25049,0.42109
5056.85000,-1.63038,2.25421,0.39562
5056.90000,-1.62169,2.25771,0.37018
5056.95000,-1.61292,2.26098,0.34472
5057.00000,-1.60407,2.26404,0.31927
5057.05000,-1.59514,2.26686,0.29383
5057.10000,-1.58615,2.26946,0.26845
5057.15000,-1.57708,2.27183,0.24309
5057.20000,-1.56797,2.27397,0.21777
5057.25000,-1.55879,2.27588,0.19256
5057.30000,-1.54958,2.27755,0.16718
5057.35000,-1.54014,2.27908,0.15260
5057.40000,-1.53015,2.28081,0.15410
5057.45000,-1.52111,2.28209,0.17985
5057.50000,-1.51533,2.28324,0.21768
5057.55000,-1.51216,2.28401,0.26572
5057.60000,-1.51118,2.28430,0.32210
5057.65000,-1.51041,2.28458,0.37864
5057.70000,-1.50967,2.28490,0.42428
5057.75000,-1.50894,2.28525,0.45048
5057.80000,-1.50774,2.28588,0.46088
5057.85000,-1.50546,2.28703,0.46503
5057.90000,-1.50083,2.28939,0.45805
5057.95000,-1.49476,2.29235,0.44449
5058.00000,-1.48719,2.29588,0.42452
5058.05000,-1.47821,2.29981,0.39866
5058.10000,-1.46895,2.30357,0.37230
5058.15000,-1.45959,2.30709,0.34620
5058.20000,-1.45014,2.31036,0.32019
5058.25000,-1.44061,2.31338,0.29429
5058.30000,-1.43258,2.31576,0.28768
5058.35000,-1.42701,2.31746,0.30919
5058.40000,-1.42415,2.31841,0.34469
5058.45000,-1.42356,2.31864,0.38973
5058.50000,-1.42321,2.31879,0.43558
5058.55000,-1.42287,2.31897,0.47094
5058.60000,-1.42252,2.31918,0.48679
5058.65000,-1.42132,2.31983,0.49246
5058.70000,-1.41889,2.32114,0.49200
5058.75000,-1.41517,2.32313,0.48516
5058.80000,-1.41001,2.32582,0.47149
5058.85000,-1.40326,2.32920,0.45062
5058.90000,-1.39463,2.33324,0.42190
5058.95000,-1.38544,2.33719,0.39164
5059.00000,-1.37615,2.34087,0.36172
5059.05000,-1.36743,2.34399,0.32862
5059.10000,-1.35899,2.34672,0.31067
5059.15000,-1.35096,2.34929,0.31606
5059.20000,-1.34619,2.35088,0.33822
5059.25000,-1.34430,2.35157,0.37273
5059.30000,-1.34393,2.35173,0.41368
5059.35000,-1.34358,2.35189,0.45447
5059.40000,-1.34323,2.35207,0.49495
5059.45000,-1.34289,2.35228,0.52539
5059.50000,-1.34249,2.35256,0.53721
5059.55000,-1.34101,2.35345,0.53890
5059.60000,-1.33839,2.35502,0.53487
5059.65000,-1.33456,2.35727,0.52472
5059.70000,-1.32903,2.36042,0.50695
5059.75000,-1.32152,2.36447,0.48025
5059.80000,-1.31259,2.36894,0.44804
5059.85000,-1.30351,2.37313,0.41570
5059.90000,-1.29483,2.37681,0.39589
5059.95000,-1.28612,2.38042,0.39377
5060.00000,-1.27944,2.38313,0.40370
5060.05000,-1.27555,2.38472,0.42742
5060.10000,-1.27425,2.38530,0.46747
5060.15000,-1.27381,2.38553,0.50450
5060.20000,-1.27348,2.38572,0.54082
5060.25000,-1.27316,2.38592,0.57680
5060.30000,-1.27293,2.38607,0.60111
5060.35000,-1.27176,2.38693,0.60497
5060.40000,-1.26765,2.38973,0.58939
5060.45000,-1.26154,2.39370,0.56235
5060.50000,-1.25406,2.39825,0.52846
5060.55000,-1.24611,2.40270,0.49286
5060.60000,-1.23793,2.40714,0.46683
5060.65000,-1.22993,2.41126,0.46330
5060.70000,-1.22380,2.41431,0.47365
5060.75000,-1.21980,2.41629,0.49563
5060.80000,-1.21850,2.41694,0.53263
5060.85000,-1.21784,2.41736,0.56898
5060.90000,-1.21693,2.41797,0.60655
5060.95000,-1.21611,2.41855,0.64328
5061.00000,-1.21559,2.41891,0.67394
5061.05000,-1.21435,2.41992,0.67876
5061.10000,-1.21040,2.42308,0.66260
5061.15000,-1.20474,2.42739,0.63671
5061.20000,-1.19763,2.43247,0.60301
5061.25000,-1.19003,2.43750,0.56767
5061.30000,-1.18225,2.44227,0.53242
5061.35000,-1.17422,2.44688,0.51077
5061.40000,-1.16676,2.45104,0.50893
5061.45000,-1.16117,2.45415,0.51860
5061.50000,-1.15806,2.45587,0.54213
5061.55000,-1.15678,2.45665,0.57669
5061.60000,-1.15581,2.45730,0.61272
5061.65000,-1.15486,2.45799,0.64841
5061.70000,-1.15392,2.45870,0.68377
5061.75000,-1.15344,2.45905,0.70258
5061.80000,-1.15170,2.46056,0.69997
5061.85000,-1.14732,2.46418,0.68166
5061.90000,-1.14140,2.46885,0.65377
5061.95000,-1.13429,2.47411,0.61966
5062.00000,-1.12679,2.47927,0.58435
5062.05000,-1.11921,2.48417,0.56338
5062.10000,-1.11253,2.48837,0.56220
5062.15000,-1.10845,2.49094,0.57711
5062.20000,-1.10689,2.49196,0.60692
5062.25000,-1.10608,2.49253,0.64086
5062.30000,-1.10527,2.49315,0.67466
5062.35000,-1.10448,2.49379,0.70795
5062.40000,-1.10384,2.49434,0.74048
5062.45000,-1.10382,2.49431,0.76344
5062.50000,-1.10341,2.49470,0.77074
5062.55000,-1.10143,2.49665,0.76601
5062.60000,-1.09628,2.50148,0.74016
5062.65000,-1.08995,2.50707,0.70666
5062.70000,-1.08293,2.51285,0.67066
5062.75000,-1.07574,2.51843,0.64914
5062.80000,-1.06976,2.52294,0.64700
5062.85000,-1.06612,2.52570,0.65854
5062.90000,-1.06460,2.52686,0.68172
5062.95000,-1.06432,2.52706,0.71246
5063.00000,-1.06369,2.52762,0.74314
5063.05000,-1.06301,2.52825,0.77363
5063.10000,-1.06245,2.52879,0.79412
5063.15000,-1.06171,2.52956,0.80345
5063.20000,-1.06008,2.53128,0.80066
5063.25000,-1.05562,2.53581,0.77740
5063.30000,-1.04957,2.54157,0.74375
5063.35000,-1.04279,2.54757,0.70651
5063.40000,-1.03591,2.55331,0.68499
5063.45000,-1.03034,2.55783,0.68224
5063.50000,-1.02721,2.56038,0.69286
5063.55000,-1.02648,2.56098,0.71782
5063.60000,-1.02597,2.56142,0.74600
5063.65000,-1.02591,2.56146,0.77255
5063.70000,-1.02570,2.56167,0.80011
5063.75000,-1.02539,2.56198,0.82678
5063.80000,-1.02537,2.56201,0.84872
5063.85000,-1.02510,2.56231,0.85978
5063.90000,-1.02411,2.56347,0.85936
5063.95000,-1.02051,2.56758,0.84028
5064.00000,-1.01467,2.57388,0.80875
5064.05000,-1.00769,2.58095,0.77447
5064.10000,-1.00042,2.58782,0.73975
5064.15000,-0.99311,2.59445,0.71417
5064.20000,-0.98725,2.59948,0.70614
5064.25000,-0.98468,2.60169,0.71641
5064.30000,-0.98430,2.60202,0.74004
5064.35000,-0.98400,2.60229,0.76503
5064.40000,-0.98346,2.60280,0.79113
5064.45000,-0.98293,2.60332,0.81706
5064.50000,-0.98266,2.60360,0.84164
5064.55000,-0.98255,2.60371,0.86667
5064.60000,-0.98237,2.60392,0.89120
5064.65000,-0.98209,2.60425,0.90534
5064.70000,-0.98111,2.60548,0.90518
5064.75000,-0.97780,2.60960,0.88742
5064.80000,-0.97284,2.61551,0.85892
5064.85000,-0.96649,2.62263,0.82583
5064.90000,-0.95959,2.62986,0.79094
5064.95000,-0.95267,2.63684,0.76368
5065.00000,-0.94683,2.64245,0.75295
5065.05000,-0.94338,2.64570,0.75719
5065.10000,-0.94179,2.64722,0.77201
5065.15000,-0.94157,2.64744,0.79463
5065.20000,-0.94144,2.64757,0.81790
5065.25000,-0.94132,2.64771,0.84106
5065.30000,-0.94118,2.64786,0.86409
5065.35000,-0.94104,2.64803,0.88699
5065.40000,-0.94090,2.64821,0.90974
5065.45000,-0.94074,2.64841,0.93229
5065.50000,-0.94052,2.64875,0.94284
5065.55000,-0.93889,2.65096,0.93724
5065.60000,-0.93524,2.65580,0.91581
5065.65000,-0.93002,2.66240,0.88794
5065.70000,-0.92375,2.66987,0.85481
5065.75000,-0.91729,2.67728,0.82863
5065.80000,-0.91211,2.68291,0.81945
5065.85000,-0.90825,2.68705,0.81931
5065.90000,-0.90555,2.68996,0.82671
5065.95000,-0.90484,2.69075,0.84636
5066.00000,-0.90445,2.69118,0.87030
5066.05000,-0.90429,2.69137,0.89283
5066.10000,-0.90414,2.69156,0.91519
5066.15000,-0.90400,2.69176,0.93741
5066.20000,-0.90385,2.69195,0.95948
5066.25000,-0.90372,2.69215,0.98140
5066.30000,-0.90354,2.69243,0.99008
5066.35000,-0.90205,2.69466,0.98475
5066.40000,-0.89896,2.69916,0.96672
5066.45000,-0.89445,2.70549,0.93709
5066.50000,-0.88956,2.71215,0.91079
5066.55000,-0.88527,2.71774,0.90154
5066.60000,-0.88233,2.72149,0.90462
5066.65000,-0.88145,2.72273,0.92217
5066.70000,-0.88117,2.72312,0.94501
5066.75000,-0.88106,2.72328,0.96667
5066.80000,-0.88095,2.72343,0.98815
5066.85000,-0.88085,2.72359,1.00948
5066.90000,-0.88076,2.72375,1.01805
5066.95000,-0.87949,2.72575,1.01357
5067.00000,-0.87664,2.73021,0.99519
5067.05000,-0.87236,2.73659,0.96509
5067.10000,-0.86720,2.74377,0.92894
5067.15000,-0.86172,2.75107,0.89908
5067.20000,-0.85627,2.75791,0.88133
5067.25000,-0.85180,2.76332,0.87395
5067.30000,-0.84821,2.76761,0.87445
5067.35000,-0.84530,2.77111,0.88086
5067.40000,-0.84296,2.77398,0.89205
5067.45000,-0.84120,2.77618,0.90791
5067.50000,-0.84003,2.77771,0.92838
5067.55000,-0.83941,2.77855,0.95326
5067.60000,-0.83896,2.77918,0.97936
5067.65000,-0.83852,2.77985,1.00527
5067.70000,-0.83843,2.78021,1.01665
5067.75000,-0.83852,2.78039,1.00255
5067.80000,-0.83730,2.78221,0.96889
5067.85000,-0.83489,2.78556,0.92556
5067.90000,-0.83143,2.78993,0.87646
5067.95000,-0.82684,2.79515,0.82491
5068.00000,-0.82220,2.80012,0.78279
5068.05000,-0.81817,2.80427,0.75075
5068.10000,-0.81562,2.80663,0.72318
5068.15000,-0.81356,2.80846,0.70756
5068.20000,-0.81190,2.80988,0.69584
5068.25000,-0.80980,2.81168,0.70135
5068.30000,-0.80867,2.81263,0.72389
5068.35000,-0.80833,2.81293,0.74199
5068.40000,-0.80844,2.81283,0.74300
5068.45000,-0.80880,2.81251,0.73409
5068.50000,-0.80901,2.81232,0.71442
5068.55000,-0.80789,2.81327,0.68596
5068.60000,-0.80530,2.81536,0.64788
5068.65000,-0.79989,2.81925,0.59964
5068.70000,-0.79380,2.82325,0.56234
5068.75000,-0.78774,2.82700,0.55172
5068.80000,-0.78481,2.82848,0.54704
5068.85000,-0.78315,2.82936,0.54475
5068.90000,-0.78219,2.82994,0.56688
5068.95000,-0.78181,2.83018,0.58213
5069.00000,-0.78153,2.83035,0.58780
5069.05000,-0.78139,2.83041,0.59403
5069.10000,-0.78145,2.83039,0.57326
5069.15000,-0.78028,2.83112,0.54191
5069.20000,-0.77755,2.83285,0.52006
5069.25000,-0.77498,2.83418,0.51193
5069.30000,-0.77267,2.83539,0.48548
5069.35000,-0.76825,2.83762,0.44556
5069.40000,-0.76246,2.84022,0.39959
5069.45000,-0.75602,2.84283,0.36439
5069.50000,-0.75144,2.84437,0.34264
5069.55000,-0.74794,2.84555,0.32270
5069.60000,-0.74526,2.84633,0.31404
5069.65000,-0.74342,2.84680,0.30737
5069.70000,-0.74217,2.84714,0.32846
5069.75000,-0.74185,2.84729,0.35454
5069.80000,-0.74152,2.84740,0.37343
5069.85000,-0.74157,2.84717,0.37453
5069.90000,-0.74184,2.84674,0.36438
5069.95000,-0.74158,2.84673,0.33454
5070.00000,-0.73853,2.84772,0.29201
5070.05000,-0.73389,2.84907,0.25451
5070.10000,-0.73072,2.84983,0.23158
5070.15000,-0.72782,2.85053,0.19268
5070.20000,-0.72385,2.85119,0.14270
5070.25000,-0.71861,2.85180,0.08802
5070.30000,-0.71302,2.85214,0.04018
5070.35000,-0.70727,2.85227,0.01536
5070.40000,-0.70119,2.85225,0.01251
5070.45000,-0.69617,2.85223,0.02205
5070.50000,-0.69405,2.85225,0.02989
5070.55000,-0.69333,2.85228,0.03665
5070.60000,-0.69266,2.85231,0.06716
5070.65000,-0.69233,2.85234,0.08458
5070.70000,-0.69276,2.85235,0.07088
5070.75000,-0.69243,2.85241,0.03607
5070.80000,-0.68914,2.85245,-0.00811
5070.85000,-0.68409,2.85228,-0.05769
5070.90000,-0.67852,2.85198,-0.10087
5070.95000,-0.67266,2.85134,-0.11987
5071.00000,-0.66653,2.85077,-0.11502
5071.05000,-0.66160,2.85052,-0.10176
5071.10000,-0.65723,2.85034,-0.08468
5071.15000,-0.65611,2.85034,-0.05236
5071.20000,-0.65560,2.85032,-0.01658
5071.25000,-0.65495,2.85032,0.00693
5071.30000,-0.65486,2.85032,-0.00282
5071.35000,-0.65472,2.85032,-0.01264
5071.40000,-0.65461,2.85032,-0.02208
5071.45000,-0.65399,2.85028,-0.05425
5071.50000,-0.65163,2.85009,-0.09671
5071.55000,-0.64724,2.84953,-0.14478
5071.60000,-0.64082,2.84843,-0.19451
5071.65000,-0.63402,2.84713,-0.23715
5071.70000,-0.62688,2.84546,-0.25215
5071.75000,-0.62089,2.84413,-0.24452
5071.80000,-0.61689,2.84333,-0.22946
5071.85000,-0.61396,2.84276,-0.20990
5071.90000,-0.61288,2.84264,-0.19472
5071.95000,-0.61214,2.84254,-0.18572
5072.00000,-0.61153,2.84245,-0.15762
5072.05000,-0.61070,2.84235,-0.12558
5072.10000,-0.61009,2.84236,-0.10691
5072.15000,-0.60958,2.84235,-0.09533
5072.20000,-0.60875,2.84229,-0.06627
5072.25000,-0.60787,2.84226,-0.03634
5072.30000,-0.60725,2.84224,-0.01821
5072.35000,-0.60679,2.84223,-0.01554
5072.40000,-0.60650,2.84216,-0.02941
5072.45000,-0.60567,2.84201,-0.05968
5072.50000,-0.60216,2.84166,-0.10440
5072.55000,-0.59673,2.84094,-0.15678
5072.60000,-0.58924,2.83955,-0.20821
5072.65000,-0.58106,2.83759,-0.26155
5072.70000,-0.57248,2.83504,-0.31623
5072.75000,-0.56389,2.83228,-0.36327
5072.80000,-0.55517,2.82933,-0.39140
5072.85000,-0.54722,2.82627,-0.39794
5072.90000,-0.54166,2.82402,-0.38991
5072.95000,-0.53896,2.82311,-0.36564
5073.00000,-0.53831,2.82287,-0.33310
5073.05000,-0.53742,2.82259,-0.29899
5073.10000,-0.53646,2.82233,-0.26451
5073.15000,-0.53545,2.82208,-0.22980
5073.20000,-0.53441,2.82187,-0.19498
5073.25000,-0.53338,2.82171,-0.16021
5073.30000,-0.53259,2.82175,-0.13783
5073.35000,-0.53199,2.82172,-0.12642
5073.40000,-0.53158,2.82171,-0.11332
5073.45000,-0.53138,2.82175,-0.12151
5073.50000,-0.52986,2.82144,-0.14761
5073.55000,-0.52572,2.82071,-0.18739
5073.60000,-0.52011,2.81950,-0.23412
5073.65000,-0.51344,2.81773,-0.28487
5073.70000,-0.50613,2.81537,-0.33860
5073.75000,-0.49867,2.81275,-0.38696
5073.80000,-0.49097,2.80985,-0.41613
5073.85000,-0.48345,2.80671,-0.41772
5073.90000,-0.47952,2.80510,-0.39589
5073.95000,-0.47775,2.80450,-0.36135
5074.00000,-0.47652,2.80406,-0.32342
5074.05000,-0.47537,2.80370,-0.28509
5074.10000,-0.47424,2.80339,-0.24669
5074.15000,-0.47309,2.80314,-0.20802
5074.20000,-0.47244,2.80322,-0.18459
5074.25000,-0.47228,2.80337,-0.18690
5074.30000,-0.47103,2.80304,-0.20522
5074.35000,-0.46690,2.80207,-0.23840
5074.40000,-0.46092,2.80047,-0.28063
5074.45000,-0.45391,2.79827,-0.32776
5074.50000,-0.44657,2.79577,-0.37027
5074.55000,-0.43898,2.79295,-0.39271
5074.60000,-0.43163,2.78999,-0.38914
5074.65000,-0.42756,2.78851,-0.36479
5074.70000,-0.42490,2.78762,-0.33172
5074.75000,-0.42299,2.78703,-0.29519
5074.80000,-0.42225,2.78683,-0.25630
5074.85000,-0.42124,2.78657,-0.21575
5074.90000,-0.42082,2.78649,-0.17759
5074.95000,-0.42043,2.78653,-0.15334
5075.00000,-0.42024,2.78650,-0.15511
5075.05000,-0.41751,2.78596,-0.17600
5075.10000,-0.41237,2.78494,-0.20949
5075.15000,-0.40571,2.78338,-0.24997
5075.20000,-0.39850,2.78149,-0.28602
5075.25000,-0.39097,2.77921,-0.30059
5075.30000,-0.38361,2.77699,-0.29258
5075.35000,-0.37829,2.77561,-0.27109
5075.40000,-0.37602,2.77518,-0.23636
5075.45000,-0.37507,2.77501,-0.19371
5075.50000,-0.37487,2.77498,-0.15288
5075.55000,-0.37469,2.77495,-0.11231
5075.60000,-0.37463,2.77499,-0.08300
5075.65000,-0.37474,2.77495,-0.07716
5075.70000,-0.37406,2.77480,-0.08396
5075.75000,-0.37055,2.77432,-0.10567
5075.80000,-0.36414,2.77349,-0.14205
5075.85000,-0.35642,2.77221,-0.18444
5075.90000,-0.34767,2.77037,-0.22931
5075.95000,-0.33888,2.76810,-0.27496
5076.00000,-0.33016,2.76567,-0.30934
5076.05000,-0.32121,2.76298,-0.32721
5076.10000,-0.31194,2.75991,-0.32961
5076.15000,-0.30263,2.75682,-0.32938
5076.20000,-0.29380,2.75384,-0.32231
5076.25000,-0.28594,2.75127,-0.31009
5076.30000,-0.27908,2.74914,-0.29274
5076.35000,-0.27327,2.74746,-0.27021
5076.40000,-0.26941,2.74645,-0.23902
5076.45000,-0.26806,2.74614,-0.19716
5076.50000,-0.26791,2.74611,-0.15026
5076.55000,-0.26775,2.74609,-0.10344
5076.60000,-0.26759,2.74608,-0.05685
5076.65000,-0.26744,2.74608,-0.02027
5076.70000,-0.26763,2.74605,-0.00558
5076.75000,-0.26641,2.74601,-0.00832
5076.80000,-0.26175,2.74591,-0.02506
5076.85000,-0.25364,2.74559,-0.05526
5076.90000,-0.24412,2.74489,-0.09062
5076.95000,-0.23419,2.74379,-0.12908
5077.00000,-0.22460,2.74237,-0.16673
5077.05000,-0.21544,2.74078,-0.19548
5077.10000,-0.20636,2.73924,-0.21392
5077.15000,-0.19737,2.73751,-0.21000
5077.20000,-0.19024,2.73610,-0.18971
5077.25000,-0.18425,2.73503,-0.16388
5077.30000,-0.17940,2.73431,-0.13269
5077.35000,-0.17655,2.73398,-0.09291
5077.40000,-0.17594,2.73393,-0.04391
5077.45000,-0.17580,2.73393,0.00709
5077.50000,-0.17565,2.73396,0.05032
5077.55000,-0.17547,2.73408,0.08069
5077.60000,-0.17548,2.73427,0.09195
5077.65000,-0.17534,2.73462,0.09590
5077.70000,-0.17421,2.73509,0.09244
5077.75000,-0.16957,2.73570,0.07227
5077.80000,-0.16083,2.73621,0.03752
5077.85000,-0.15087,2.73639,-0.00044
5077.90000,-0.14087,2.73621,-0.03703
5077.95000,-0.13089,2.73565,-0.07425
5078.00000,-0.12093,2.73472,-0.11146
5078.05000,-0.11102,2.73342,-0.14899
5078.10000,-0.10124,2.73204,-0.18045
5078.15000,-0.09137,2.73054,-0.19875
5078.20000,-0.08124,2.72874,-0.20213
5078.25000,-0.07111,2.72693,-0.20379
5078.30000,-0.06098,2.72512,-0.20290
5078.35000,-0.05095,2.72328,-0.18986
5078.40000,-0.04255,2.72177,-0.16389
5078.45000,-0.03641,2.72085,-0.12745
5078.50000,-0.03307,2.72075,-0.08995
5078.55000,-0.03103,2.72071,-0.06094
5078.60000,-0.02986,2.72063,-0.03596
5078.65000,-0.02954,2.72061,-0.03493
5078.70000,-0.02946,2.72052,-0.05220
5078.75000,-0.02724,2.72028,-0.08542
5078.80000,-0.02225,2.71972,-0.13006
5078.85000,-0.01650,2.71900,-0.16976
5078.90000,-0.01050,2.71797,-0.19164
5078.95000,-0.00625,2.71723,-0.19384
5079.00000,-0.00363,2.71709,-0.21111
5079.05000,0.00011,2.71618,-0.24706
5079.10000,0.00574,2.71462,-0.28958
5079.15000,0.01262,2.71238,-0.33602
5079.20000,0.01996,2.70987,-0.37682
5079.25000,0.02654,2.70775,-0.40967
5079.30000,0.03106,2.70572,-0.44845
5079.35000,0.03673,2.70283,-0.49306
5079.40000,0.04370,2.69886,-0.53969
5079.45000,0.05143,2.69397,-0.58787
5079.50000,0.05939,2.68837,-0.63792
5079.55000,0.06714,2.68263,-0.68185
5079.60000,0.07507,2.67665,-0.70690
5079.65000,0.08315,2.67015,-0.70295
5079.70000,0.09004,2.66446,-0.67695
5079.75000,0.09524,2.66042,-0.63772
5079.80000,0.09812,2.65838,-0.58648
5079.85000,0.09862,2.65806,-0.52406
5079.90000,0.09873,2.65800,-0.46038
5079.95000,0.09879,2.65803,-0.40864
5080.00000,0.09802,2.65896,-0.38609
5080.05000,0.09714,2.65948,-0.38957
5080.10000,0.09883,2.65871,-0.41016
5080.15000,0.10353,2.65655,-0.44756
5080.20000,0.10937,2.65359,-0.49151
5080.25000,0.11600,2.64983,-0.53964
5080.30000,0.12303,2.64537,-0.59089
5080.35000,0.13012,2.64034,-0.64307
5080.40000,0.13696,2.63493,-0.69431
5080.45000,0.14353,2.62917,-0.74484
5080.50000,0.14982,2.62308,-0.79446
5080.55000,0.15593,2.61684,-0.83676
5080.60000,0.16236,2.61021,-0.85394
5080.65000,0.16884,2.60348,-0.85634
5080.70000,0.17513,2.59679,-0.83595
5080.75000,0.17770,2.59400,-0.78205
5080.80000,0.17834,2.59339,-0.71823
5080.85000,0.17844,2.59330,-0.65172
5080.90000,0.17855,2.59325,-0.59669
5080.95000,0.17806,2.59386,-0.57231
5081.00000,0.17763,2.59415,-0.57244
5081.05000,0.17944,2.59293,-0.58705
5081.10000,0.18396,2.58982,-0.61833
5081.15000,0.18979,2.58549,-0.65834
5081.20000,0.19628,2.58024,-0.70281
5081.25000,0.20289,2.57437,-0.74905
5081.30000,0.20924,2.56819,-0.79464
5081.35000,0.21545,2.56185,-0.83203
5081.40000,0.22185,2.55513,-0.84039
5081.45000,0.22760,2.54882,-0.82156
5081.50000,0.23162,2.54466,-0.77736
5081.55000,0.23355,2.54284,-0.71966
5081.60000,0.23389,2.54256,-0.65304
5081.65000,0.23399,2.54248,-0.58524
5081.70000,0.23413,2.54242,-0.52891
5081.75000,0.23401,2.54269,-0.49932
5081.80000,0.23393,2.54279,-0.49828
5081.85000,0.23622,2.54145,-0.51203
5081.90000,0.24145,2.53838,-0.54336
5081.95000,0.24784,2.53435,-0.58183
5082.00000,0.25489,2.52949,-0.62491
5082.05000,0.26228,2.52391,-0.66735
5082.10000,0.27001,2.51757,-0.70648
5082.15000,0.27749,2.51093,-0.74533
5082.20000,0.28479,2.50412,-0.77478
5082.25000,0.29158,2.49746,-0.77641
5082.30000,0.29821,2.49092,-0.76461
5082.35000,0.30460,2.48457,-0.74142
5082.40000,0.31060,2.47916,-0.70346
5082.45000,0.31463,2.47589,-0.65283
5082.50000,0.31623,2.47472,-0.58902
5082.55000,0.31635,2.47465,-0.51774
5082.60000,0.31650,2.47459,-0.45825
5082.65000,0.31644,2.47480,-0.42770
5082.70000,0.31738,2.47435,-0.42769
5082.75000,0.32182,2.47218,-0.44664
5082.80000,0.32825,2.46897,-0.47575
5082.85000,0.33571,2.46495,-0.51143
5082.90000,0.34356,2.46033,-0.55091
5082.95000,0.35113,2.45545,-0.59074
5083.00000,0.35903,2.44993,-0.62708
5083.05000,0.36704,2.44413,-0.65272
5083.10000,0.37348,2.43932,-0.64457
5083.15000,0.37784,2.43625,-0.63145
5083.20000,0.38168,2.43346,-0.64374
5083.25000,0.38495,2.43092,-0.67846
5083.30000,0.38905,2.42745,-0.72190
5083.35000,0.39424,2.42266,-0.76867
5083.40000,0.39981,2.41699,-0.81897
5083.45000,0.40549,2.41059,-0.87180
5083.50000,0.41119,2.40342,-0.92574
5083.55000,0.41671,2.39565,-0.98066
5083.60000,0.42190,2.38742,-1.03650
5083.65000,0.42671,2.37874,-1.09281
5083.70000,0.43106,2.36975,-1.14782
5083.75000,0.43491,2.36052,-1.20267
5083.80000,0.43823,2.35114,-1.25831
5083.85000,0.44038,2.34363,-1.31585
5083.90000,0.44135,2.33939,-1.38231
5083.95000,0.44174,2.33687,-1.45631
5084.00000,0.44184,2.33560,-1.53543
5084.05000,0.44185,2.33522,-1.61791
5084.10000,0.44183,2.33506,-1.70080
5084.15000,0.44180,2.33490,-1.78308
5084.20000,0.44176,2.33474,-1.86470
5084.25000,0.44171,2.33458,-1.94553
5084.30000,0.44164,2.33443,-2.02529
5084.35000,0.44156,2.33429,-2.10394
5084.40000,0.44147,2.33415,-2.18143
5084.45000,0.44137,2.33402,-2.25780
5084.50000,0.44126,2.33389,-2.33338
5084.55000,0.44115,2.33378,-2.40819
5084.60000,0.44102,2.33367,-2.48218
5084.65000,0.44089,2.33358,-2.55535
5084.70000,0.44075,2.33349,-2.62767
5084.75000,0.44060,2.33342,-2.69914
5084.80000,0.44045,2.33335,-2.76974
5084.85000,0.44029,2.33330,-2.83946
5084.90000,0.44013,2.33325,-2.90828
5084.95000,0.43997,2.33322,-2.97620
5085.00000,0.43981,2.33320,-3.04320
5085.05000,0.43964,2.33319,-3.10927
5085.10000,0.43948,2.33319,3.10879
5085.15000,0.43932,2.33320,3.04461
5085.20000,0.43915,2.33322,2.98138
5085.25000,0.43899,2.33325,2.91913
5085.30000,0.43883,2.33329,2.85786
5085.35000,0.43867,2.33334,2.79757
5085.40000,0.43852,2.33340,2.73829
5085.45000,0.43837,2.33347,2.68001
5085.50000,0.43822,2.33355,2.62274
5085.55000,0.43808,2.33364,2.56650
5085.60000,0.43795,2.33373,2.51128
5085.65000,0.43782,2.33383,2.45709
5085.70000,0.43769,2.33394,2.40394
5085.75000,0.43757,2.33405,2.35183
5085.80000,0.43746,2.33417,2.30075
5085.85000,0.43592,2.33601,2.25168
5085.90000,0.43257,2.34018,2.21703
5085.95000,0.42869,2.34534,2.20110
5086.00000,0.42290,2.35328,2.20039
5086.05000,0.41701,2.36136,2.20119
5086.10000,0.41111,2.36945,2.20189
5086.15000,0.40521,2.37751,2.20329
5086.20000,0.39932,2.38552,2.20534
5086.25000,0.39341,2.39353,2.20797
5086.30000,0.38747,2.40153,2.21102
5086.35000,0.38154,2.40946,2.21450
5086.40000,0.37558,2.41737,2.21858
5086.45000,0.36960,2.42523,2.22328
5086.50000,0.36354,2.43313,2.22780
5086.55000,0.35742,2.44102,2.23246
5086.60000,0.35128,2.44886,2.23791
5086.65000,0.34507,2.45671,2.24405
5086.70000,0.33882,2.46450,2.24967
5086.75000,0.33258,2.47219,2.25673
5086.80000,0.32634,2.47975,2.26431
5086.85000,0.32004,2.48726,2.27243
5086.90000,0.31362,2.49483,2.27599
5086.95000,0.30727,2.50235,2.26275
5087.00000,0.30162,2.50939,2.23185
5087.05000,0.29572,2.51721,2.20280
5087.10000,0.28992,2.52536,2.17548
5087.15000,0.28489,2.53279,2.16302
5087.20000,0.27969,2.54047,2.17077
5087.25000,0.27403,2.54865,2.18152
5087.30000,0.26832,2.55671,2.19238
5087.35000,0.26265,2.56462,2.19476
5087.40000,0.25754,2.57190,2.17541
5087.45000,0.25228,2.57971,2.15202
5087.50000,0.24718,2.58765,2.12962
5087.55000,0.24225,2.59573,2.10832
5087.60000,0.23722,2.60407,2.09590
5087.65000,0.23226,2.61255,2.10667
5087.70000,0.22773,2.61998,2.13517
5087.75000,0.22257,2.62781,2.17129
5087.80000,0.21677,2.63595,2.20901
5087.85000,0.21066,2.64387,2.24652
5087.90000,0.20426,2.65155,2.28456
5087.95000,0.19757,2.65898,2.32282
5088.00000,0.19061,2.66615,2.36034
5088.05000,0.18338,2.67306,2.39853
5088.10000,0.17589,2.67968,2.43591
5088.15000,0.16816,2.68602,2.47333
5088.20000,0.16020,2.69207,2.51122
5088.25000,0.15201,2.69781,2.54861
5088.30000,0.14362,2.70324,2.58546
5088.35000,0.13503,2.70836,2.62266
5088.40000,0.12625,2.71316,2.65959
5088.45000,0.11731,2.71763,2.69672
5088.50000,0.10821,2.72177,2.73356
5088.55000,0.09896,2.72556,2.77021
5088.60000,0.08957,2.72902,2.80689
5088.65000,0.08007,2.73213,2.84335
5088.70000,0.07046,2.73490,2.87979
5088.75000,0.06076,2.73731,2.91613
5088.80000,0.05097,2.73937,2.95244
5088.85000,0.04112,2.74107,2.98911
5088.90000,0.03121,2.74240,3.02589
5088.95000,0.02125,2.74337,3.06282
5089.00000,0.01127,2.74397,3.09986
5089.05000,0.00268,2.74423,3.11685
5089.10000,-0.00315,2.74440,3.09989
5089.15000,-0.00700,2.74463,3.06219
5089.20000,-0.00880,2.74480,3.01419
5089.25000,-0.00902,2.74484,2.95917
5089.30000,-0.00921,2.74489,2.91412
5089.35000,-0.00937,2.74496,2.88196
5089.40000,-0.00953,2.74503,2.85877
5089.45000,-0.00976,2.74520,2.84386
5089.50000,-0.01009,2.74549,2.83715
5089.55000,-0.01062,2.74590,2.83862
5089.60000,-0.01221,2.74645,2.84650
5089.65000,-0.01537,2.74740,2.86140
5089.70000,-0.02039,2.74879,2.88419
5089.75000,-0.02736,2.75057,2.91514
5089.80000,-0.03651,2.75264,2.95489
5089.85000,-0.04637,2.75429,2.99721
5089.90000,-0.05630,2.75552,3.03966
5089.95000,-0.06523,2.75627,3.06387
5090.00000,-0.07310,2.75637,3.06656
5090.05000,-0.08033,2.75608,3.05387
5090.10000,-0.08639,2.75578,3.01899
5090.15000,-0.09009,2.75563,2.97167
5090.20000,-0.09151,2.75576,2.91470
5090.25000,-0.09241,2.75599,2.85541
5090.30000,-0.09329,2.75628,2.80611
5090.35000,-0.09468,2.75713,2.78334
5090.40000,-0.09701,2.75875,2.79063
5090.45000,-0.10223,2.76076,2.81433
5090.50000,-0.10935,2.76310,2.84563
5090.55000,-0.11798,2.76557,2.88280
5090.60000,-0.12572,2.76744,2.93124
5090.65000,-0.13131,2.76847,2.99354
5090.70000,-0.13578,2.76902,3.03496
5090.75000,-0.13923,2.76919,3.04669
5090.80000,-0.14191,2.76915,3.03466
5090.85000,-0.14468,2.76953,2.99876
5090.90000,-0.14917,2.77029,2.95225
5090.95000,-0.15480,2.77153,2.90052
5091.00000,-0.16118,2.77329,2.84514
5091.05000,-0.16810,2.77563,2.78753
5091.10000,-0.17520,2.77850,2.72796
5091.15000,-0.18188,2.78167,2.66495
5091.20000,-0.18745,2.78452,2.60675
5091.25000,-0.19325,2.78764,2.56841
5091.30000,-0.19954,2.79137,2.56540
5091.35000,-0.20491,2.79467,2.59283
5091.40000,-0.20873,2.79689,2.63980
5091.45000,-0.21345,2.79931,2.69250
5091.50000,-0.21847,2.80155,2.75158
5091.55000,-0.22381,2.80355,2.81497
5091.60000,-0.22924,2.80525,2.86897
5091.65000,-0.23403,2.80621,2.89455
5091.70000,-0.23793,2.80624,2.89405
5091.75000,-0.24158,2.80691,2.86910
5091.80000,-0.24677,2.80850,2.82825
5091.85000,-0.25296,2.81067,2.78114
5091.90000,-0.25986,2.81348,2.73007
5091.95000,-0.26721,2.81692,2.67635
5092.00000,-0.27463,2.82064,2.62851
5092.05000,-0.28236,2.82474,2.60697
5092.10000,-0.29018,2.82918,2.61591
5092.15000,-0.29613,2.83245,2.64964
5092.20000,-0.30258,2.83576,2.69284
5092.25000,-0.30975,2.83901,2.73947
5092.30000,-0.31667,2.84176,2.79110
5092.35000,-0.32307,2.84393,2.82797
5092.40000,-0.32884,2.84537,2.83397
5092.45000,-0.33423,2.84637,2.81817
5092.50000,-0.33883,2.84790,2.77987
5092.55000,-0.34498,2.85038,2.73630
5092.60000,-0.35194,2.85357,2.68833
5092.65000,-0.35913,2.85729,2.63847
5092.70000,-0.36612,2.86112,2.59741
5092.75000,-0.37335,2.86524,2.58255
5092.80000,-0.38053,2.86940,2.59073
5092.85000,-0.38751,2.87337,2.61034
5092.90000,-0.39430,2.87720,2.64335
5092.95000,-0.40057,2.88051,2.69238
5093.00000,-0.40704,2.88341,2.74723
5093.05000,-0.41417,2.88614,2.80452
5093.10000,-0.42190,2.88860,2.86313
5093.15000,-0.42989,2.89062,2.92348
5093.20000,-0.43793,2.89216,2.98299
5093.25000,-0.44620,2.89323,3.04252
5093.30000,-0.45376,2.89376,3.09812
5093.35000,-0.46122,2.89388,-3.12906
5093.40000,-0.46864,2.89376,-3.07927
5093.45000,-0.47611,2.89357,-3.04338
5093.50000,-0.48343,2.89347,-3.03678
5093.55000,-0.49051,2.89342,-3.05128
5093.60000,-0.49661,2.89314,-3.09111
5093.65000,-0.50164,2.89301,-3.14013
5093.70000,-0.50647,2.89312,3.09357
5093.75000,-0.51115,2.89346,3.04415
5093.80000,-0.51569,2.89402,2.99480
5093.85000,-0.52020,2.89480,2.94560
5093.90000,-0.52462,2.89565,2.90545
5093.95000,-0.52902,2.89653,2.88467
5094.00000,-0.53346,2.89749,2.88345
5094.05000,-0.53780,2.89838,2.89407
5094.10000,-0.54196,2.89912,2.91552
5094.15000,-0.54599,2.89976,2.94853
5094.20000,-0.55029,2.90050,2.99244
5094.25000,-0.55603,2.90130,3.04702
5094.30000,-0.56284,2.90174,3.10594
5094.35000,-0.56974,2.90177,-3.11502
5094.40000,-0.57640,2.90138,-3.04942
5094.45000,-0.58298,2.90054,-2.98185
5094.50000,-0.58973,2.89922,-2.91390
5094.55000,-0.59656,2.89739,-2.84573
5094.60000,-0.60333,2.89507,-2.77730
5094.65000,-0.61003,2.89225,-2.70884
5094.70000,-0.61662,2.88893,-2.64044
5094.75000,-0.62304,2.88511,-2.57220
5094.80000,-0.62920,2.88087,-2.50384
5094.85000,-0.63518,2.87612,-2.43596
5094.90000,-0.64077,2.87101,-2.36777
5094.95000,-0.64604,2.86550,-2.29974
5095.00000,-0.65092,2.85999,-2.24253
5095.05000,-0.65460,2.85544,-2.19882
5095.10000,-0.65654,2.85264,-2.14589
5095.15000,-0.65772,2.85068,-2.07959
5095.20000,-0.65847,2.84923,-2.00422
5095.25000,-0.65920,2.84747,-1.92517
5095.30000,-0.65993,2.84520,-1.84455
5095.35000,-0.66056,2.84252,-1.76295
5095.40000,-0.66102,2.83952,-1.68078
5095.45000,-0.66124,2.83625,-1.59835
5095.50000,-0.66119,2.83277,-1.51587
5095.55000,-0.66084,2.82913,-1.43349
5095.60000,-0.66016,2.82537,-1.35131
5095.65000,-0.65914,2.82154,-1.26942
5095.70000,-0.65776,2.81767,-1.18787
5095.75000,-0.65602,2.81381,-1.10668
5095.80000,-0.65391,2.81000,-1.02587
5095.85000,-0.65143,2.80626,-0.94547
5095.90000,-0.64860,2.80265,-0.86548
5095.95000,-0.64540,2.79919,-0.78590
5096.00000,-0.64186,2.79592,-0.70672
5096.05000,-0.63799,2.79287,-0.62795
5096.10000,-0.63380,2.79007,-0.54958
5096.15000,-0.62947,2.78764,-0.47228
5096.20000,-0.62510,2.78561,-0.39632
5096.25000,-0.62073,2.78397,-0.32172
5096.30000,-0.61640,2.78270,-0.24848
5096.35000,-0.61214,2.78179,-0.17659
5096.40000,-0.60799,2.78119,-0.10606
5096.45000,-0.60395,2.78090,-0.03688
5096.50000,-0.60006,2.78089,0.03097
5096.55000,-0.59633,2.78113,0.09747
5096.60000,-0.59275,2.78160,0.16265
5096.65000,-0.58935,2.78227,0.22650
5096.70000,-0.58613,2.78312,0.28903
5096.75000,-0.58297,2.78405,0.34201
5096.80000,-0.57970,2.78515,0.37966
5096.85000,-0.57601,2.78660,0.40155
5096.90000,-0.56911,2.78965,0.40852
5096.95000,-0.56016,2.79353,0.40417
5097.00000,-0.55094,2.79745,0.39730
5097.05000,-0.54175,2.80127,0.38999
5097.10000,-0.53263,2.80499,0.38151
5097.15000,-0.52347,2.80863,0.37193
5097.20000,-0.51437,2.81213,0.36130
5097.25000,-0.50527,2.81552,0.34966
5097.30000,-0.49614,2.81878,0.33710
5097.35000,-0.48699,2.82192,0.32382
5097.40000,-0.47784,2.82492,0.30960
5097.45000,-0.46864,2.82779,0.29436
5097.50000,-0.45942,2.83050,0.27893
5097.55000,-0.45017,2.83307,0.26265
5097.60000,-0.44090,2.83548,0.24526
5097.65000,-0.43160,2.83772,0.22752
5097.70000,-0.42227,2.83979,0.20948
5097.75000,-0.41292,2.84169,0.19058
5097.80000,-0.40354,2.84340,0.17139
5097.85000,-0.39416,2.84493,0.15199
5097.90000,-0.38475,2.84628,0.13164
5097.95000,-0.37533,2.84743,0.11165
5098.00000,-0.36589,2.84839,0.09077
5098.05000,-0.35644,2.84915,0.06946
5098.10000,-0.34697,2.84970,0.04816
5098.15000,-0.33751,2.85006,0.02649
5098.20000,-0.32804,2.85020,0.00490
5098.25000,-0.31858,2.85014,-0.01717
5098.30000,-0.30913,2.84988,-0.03937
5098.35000,-0.29970,2.84940,-0.06204
5098.40000,-0.29029,2.84871,-0.08416
5098.45000,-0.28090,2.84781,-0.10659
5098.50000,-0.27152,2.84670,-0.12935
5098.55000,-0.26218,2.84537,-0.15227
5098.60000,-0.25288,2.84383,-0.17572
5098.65000,-0.24363,2.84207,-0.19940
5098.70000,-0.23445,2.84010,-0.22393
5098.75000,-0.22534,2.83790,-0.24884
5098.80000,-0.21629,2.83548,-0.27435
5098.85000,-0.20732,2.83283,-0.30029
5098.90000,-0.19843,2.82995,-0.32612
5098.95000,-0.18961,2.82684,-0.35233
5099.00000,-0.18091,2.82351,-0.37937
5099.05000,-0.17213,2.82004,-0.39435
5099.10000,-0.16335,2.81656,-0.39380
5099.15000,-0.15438,2.81284,-0.37699
5099.20000,-0.14563,2.80927,-0.34811
5099.25000,-0.13979,2.80729,-0.29878
5099.30000,-0.13628,2.80631,-0.23848
5099.35000,-0.13533,2.80610,-0.16735
5099.40000,-0.13522,2.80610,-0.10220
5099.45000,-0.13528,2.80619,-0.05813
5099.50000,-0.13492,2.80602,-0.03911
5099.55000,-0.13188,2.80575,-0.03498
5099.60000,-0.12655,2.80542,-0.04273
5099.65000,-0.11886,2.80493,-0.06269
5099.70000,-0.10961,2.80422,-0.09088
5099.75000,-0.10036,2.80324,-0.11921
5099.80000,-0.09116,2.80201,-0.14771
5099.85000,-0.08200,2.80051,-0.17651
5099.90000,-0.07289,2.79875,-0.20543
5099.95000,-0.06385,2.79671,-0.23498
5100.00000,-0.05487,2.79442,-0.26461
5100.05000,-0.04594,2.79184,-0.29486
5100.10000,-0.03810,2.78935,-0.33341
5100.15000,-0.03000,2.78633,-0.37810
5100.20000,-0.02128,2.78292,-0.41591
5100.25000,-0.01238,2.77927,-0.43426
5100.30000,-0.00691,2.77697,-0.43464
5100.35000,-0.00282,2.77508,-0.45557
5100.40000,0.00204,2.77269,-0.47314
5100.45000,0.00619,2.77067,-0.48629
5100.50000,0.01031,2.76832,-0.51119
5100.55000,0.01587,2.76507,-0.54558
5100.60000,0.02282,2.76065,-0.58422
5100.65000,0.03047,2.75536,-0.62638
5100.70000,0.03835,2.74940,-0.66851
5100.75000,0.04604,2.74334,-0.70245
5100.80000,0.05384,2.73712,-0.71836
5100.85000,0.06050,2.73181,-0.71872
5100.90000,0.06475,2.72814,-0.72058
5100.95000,0.06877,2.72465,-0.71313
5101.00000,0.07214,2.72176,-0.69963
5101.05000,0.07389,2.72032,-0.69070
5101.10000,0.07506,2.71938,-0.68175
5101.15000,0.07661,2.71812,-0.68701
5101.20000,0.08128,2.71420,-0.70913
5101.25000,0.08738,2.70881,-0.73878
5101.30000,0.09426,2.70232,-0.77404
5101.35000,0.10056,2.69603,-0.79708
5101.40000,0.10577,2.69068,-0.81046
5101.45000,0.10941,2.68679,-0.82104
5101.50000,0.11303,2.68289,-0.81282
5101.55000,0.11667,2.67892,-0.78870
5101.60000,0.12018,2.67539,-0.74356
5101.65000,0.12201,2.67377,-0.69854
5101.70000,0.12358,2.67249,-0.68320
5101.75000,0.12510,2.67130,-0.68132
5101.80000,0.12825,2.66871,-0.69425
5101.85000,0.13421,2.66359,-0.72402
5101.90000,0.14129,2.65711,-0.75815
5101.95000,0.14843,2.65011,-0.79331
5102.00000,0.15532,2.64286,-0.82808
5102.05000,0.16195,2.63538,-0.86259
5102.10000,0.16837,2.62784,-0.88683
5102.15000,0.17415,2.62078,-0.88248
5102.20000,0.17713,2.61727,-0.84406
5102.25000,0.17889,2.61538,-0.78997
5102.30000,0.17935,2.61493,-0.72819
5102.35000,0.17956,2.61475,-0.66521
5102.40000,0.17979,2.61460,-0.61455
5102.45000,0.17993,2.61462,-0.59025
5102.50000,0.18117,2.61380,-0.59165
5102.55000,0.18571,2.61066,-0.61191
5102.60000,0.19229,2.60591,-0.64070
5102.65000,0.19984,2.60008,-0.67502
5102.70000,0.20753,2.59370,-0.71011
5102.75000,0.21500,2.58705,-0.74505
5102.80000,0.22223,2.58014,-0.77943
5102.85000,0.22922,2.57299,-0.81384
5102.90000,0.23603,2.56572,-0.83777
5102.95000,0.24241,2.55868,-0.83568
5103.00000,0.24832,2.55215,-0.81592
5103.05000,0.25311,2.54721,-0.78226
5103.10000,0.25600,2.54445,-0.73652
5103.15000,0.25678,2.54377,-0.67862
5103.20000,0.25698,2.54361,-0.61721
5103.25000,0.25720,2.54349,-0.56715
5103.30000,0.25699,2.54378,-0.54553
5103.35000,0.25823,2.54301,-0.54606
5103.40000,0.26193,2.54071,-0.56168
5103.45000,0.26807,2.53671,-0.59186
5103.50000,0.27516,2.53175,-0.62848
5103.55000,0.28237,2.52629,-0.66633
5103.60000,0.28939,2.52056,-0.70367
5103.65000,0.29619,2.51456,-0.74095
5103.70000,0.30295,2.50836,-0.76911
5103.75000,0.30998,2.50174,-0.76986
5103.80000,0.31620,2.49583,-0.74853
5103.85000,0.32158,2.49095,-0.71281
5103.90000,0.32505,2.48807,-0.66413
5103.95000,0.32627,2.48716,-0.60354
5104.00000,0.32643,2.48705,-0.53774
5104.05000,0.32657,2.48701,-0.48315
5104.10000,0.32610,2.48748,-0.45973
5104.15000,0.32690,2.48706,-0.45544
5104.20000,0.32971,2.48565,-0.46385
5104.25000,0.33549,2.48264,-0.48885
5104.30000,0.34289,2.47854,-0.52360
5104.35000,0.35066,2.47386,-0.56065
5104.40000,0.35826,2.46888,-0.59696
5104.45000,0.36525,2.46392,-0.63924
5104.50000,0.37164,2.45893,-0.68926
5104.55000,0.37750,2.45382,-0.74508
5104.60000,0.38314,2.44831,-0.80383
5104.65000,0.38864,2.44258,-0.85618
5104.70000,0.39251,2.43816,-0.89277
5104.75000,0.39518,2.43484,-0.91923
5104.80000,0.39684,2.43251,-0.93538
5104.85000,0.39884,2.42969,-0.96808
5104.90000,0.40194,2.42499,-1.00777
5104.95000,0.40520,2.41956,-1.05518
5105.00000,0.40865,2.41310,-1.10631
5105.05000,0.41187,2.40619,-1.16151
5105.10000,0.41510,2.39872,-1.20232
5105.15000,0.41817,2.39068,-1.21247
5105.20000,0.42123,2.38249,-1.19977
5105.25000,0.42382,2.37596,-1.16226
5105.30000,0.42517,2.37298,-1.10745
5105.35000,0.42577,2.37162,-1.05655
5105.40000,0.42593,2.37078,-1.03692
5105.45000,0.42586,2.37025,-1.04063
5105.50000,0.42605,2.36975,-1.05523
5105.55000,0.42693,2.36816,-1.07868
5105.60000,0.42859,2.36497,-1.11080
5105.65000,0.43094,2.35998,-1.15228
5105.70000,0.43380,2.35312,-1.20216
5105.75000,0.43651,2.34548,-1.25556
5105.80000,0.43892,2.33733,-1.31114
5105.85000,0.44112,2.32880,-1.35273
5105.90000,0.44317,2.31963,-1.36564
5105.95000,0.44502,2.31037,-1.35480
5106.00000,0.44682,2.30256,-1.32462
5106.05000,0.44846,2.29651,-1.28166
5106.10000,0.44954,2.29316,-1.22755
5106.15000,0.44982,2.29243,-1.16205
5106.20000,0.44993,2.29224,-1.10590
5106.25000,0.44988,2.29226,-1.07230
5106.30000,0.44941,2.29277,-1.05803
5106.35000,0.44909,2.29320,-1.06204
5106.40000,0.45100,2.28983,-1.09012
5106.45000,0.45388,2.28401,-1.12971
5106.50000,0.45689,2.27722,-1.17493
5106.55000,0.45986,2.26958,-1.22375
5106.60000,0.46260,2.26136,-1.27519
5106.65000,0.46493,2.25293,-1.32662
5106.70000,0.46682,2.24441,-1.37759
5106.75000,0.46834,2.23568,-1.41311
5106.80000,0.46915,2.22959,-1.43564
5106.85000,0.46964,2.22515,-1.45480
5106.90000,0.46997,2.22186,-1.46581
5106.95000,0.47023,2.21921,-1.48986
5107.00000,0.47050,2.21651,-1.53038
5107.05000,0.47056,2.21377,-1.58766
5107.10000,0.47051,2.21215,-1.65846
5107.15000,0.47048,2.21192,-1.73564
5107.20000,0.47044,2.21174,-1.81229
5107.25000,0.47039,2.21157,-1.88841
5107.30000,0.47033,2.21141,-1.96397
5107.35000,0.47026,2.21125,-2.03895
5107.40000,0.47017,2.21109,-2.11335
5107.45000,0.47008,2.21095,-2.18717
5107.50000,0.46997,2.21081,-2.26039
5107.55000,0.46985,2.21067,-2.33299
5107.60000,0.46972,2.21055,-2.40494
5107.65000,0.46959,2.21043,-2.47615
5107.70000,0.46945,2.21033,-2.54602
5107.75000,0.46930,2.21024,-2.61445
5107.80000,0.46915,2.21016,-2.68146
5107.85000,0.46900,2.21009,-2.74706
5107.90000,0.46884,2.21003,-2.81140
5107.95000,0.46868,2.20998,-2.87500
5108.00000,0.46852,2.20994,-2.93786
5108.05000,0.46836,2.20991,-2.99996
5108.10000,0.46819,2.20990,-3.06128
5108.15000,0.46802,2.20989,-3.12182
5108.20000,0.46785,2.20989,3.10173
5108.25000,0.46769,2.20990,3.04336
5108.30000,0.46752,2.20992,2.98631
5108.35000,0.46736,2.20995,2.93058
5108.40000,0.46721,2.20999,2.87614
5108.45000,0.46705,2.21004,2.82297
5108.50000,0.46690,2.21009,2.77108
5108.55000,0.46675,2.21015,2.72046
5108.60000,0.46661,2.21022,2.67093
5108.65000,0.46646,2.21030,2.62225
5108.70000,0.46633,2.21038,2.57442
5108.75000,0.46619,2.21047,2.52751
5108.80000,0.46607,2.21057,2.48173
5108.85000,0.46428,2.21210,2.43709
5108.90000,0.45924,2.21658,2.39513
5108.95000,0.45323,2.22239,2.35092
5109.00000,0.44714,2.22884,2.30499
5109.05000,0.44134,2.23556,2.25996
5109.10000,0.43583,2.24255,2.21606
5109.15000,0.43062,2.24980,2.17330
5109.20000,0.42570,2.25728,2.13169
5109.25000,0.42107,2.26499,2.09130
5109.30000,0.41674,2.27290,2.05217
5109.35000,0.41270,2.28100,2.01430
5109.40000,0.40896,2.28928,1.97775
5109.45000,0.40550,2.29771,1.94250
5109.50000,0.40232,2.30629,1.90857
5109.55000,0.39914,2.31509,1.88429
5109.60000,0.39691,2.32244,1.87069
5109.65000,0.39495,2.32910,1.86086
5109.70000,0.39259,2.33681,1.86787
5109.75000,0.38964,2.34619,1.88395
5109.80000,0.38662,2.35528,1.90066
5109.85000,0.38344,2.36432,1.91721
5109.90000,0.38011,2.37330,1.93411
5109.95000,0.37663,2.38221,1.95139
5110.00000,0.37300,2.39106,1.96895
5110.05000,0.36922,2.39983,1.98684
5110.10000,0.36529,2.40852,2.00502
5110.15000,0.36119,2.41714,2.02322
5110.20000,0.35695,2.42567,2.04191
5110.25000,0.35254,2.43412,2.06062
5110.30000,0.34798,2.44248,2.07956
5110.35000,0.34327,2.45075,2.09874
5110.40000,0.33839,2.45894,2.11765
5110.45000,0.33336,2.46703,2.13661
5110.50000,0.32798,2.47533,2.15464
5110.55000,0.32239,2.48362,2.17214
5110.60000,0.31666,2.49182,2.18982
5110.65000,0.31080,2.49990,2.20770
5110.70000,0.30479,2.50787,2.22522
5110.75000,0.29863,2.51575,2.24337
5110.80000,0.29292,2.52294,2.24915
5110.85000,0.28757,2.52970,2.24241
5110.90000,0.28205,2.53675,2.22554
5110.95000,0.27636,2.54433,2.20495
5111.00000,0.27083,2.55202,2.18388
5111.05000,0.26546,2.55982,2.16241
5111.10000,0.26028,2.56772,2.14046
5111.15000,0.25528,2.57573,2.11806
5111.20000,0.25045,2.58378,2.10899
5111.25000,0.24571,2.59167,2.12197
5111.30000,0.24090,2.59933,2.14986
5111.35000,0.23601,2.60653,2.18897
5111.40000,0.23036,2.61414,2.23183
5111.45000,0.22405,2.62189,2.27690
5111.50000,0.21740,2.62935,2.32109
5111.55000,0.21041,2.63653,2.36608
5111.60000,0.20312,2.64338,2.41024
5111.65000,0.19556,2.64988,2.45471
5111.70000,0.18768,2.65607,2.49913
5111.75000,0.17953,2.66191,2.54265
5111.80000,0.17116,2.66737,2.58633
5111.85000,0.16255,2.67247,2.62929
5111.90000,0.15375,2.67717,2.67271
5111.95000,0.14473,2.68150,2.71560
5112.00000,0.13557,2.68542,2.75918
5112.05000,0.12622,2.68895,2.80187
5112.10000,0.11672,2.69208,2.84455
5112.15000,0.10710,2.69480,2.88655
5112.20000,0.09737,2.69712,2.92860
5112.25000,0.08756,2.69903,2.97044
5112.30000,0.07767,2.70052,3.01237
5112.35000,0.06928,2.70150,3.03284
5112.40000,0.06348,2.70210,3.04931
5112.45000,0.05659,2.70263,3.07856
5112.50000,0.04886,2.70294,3.09985
5112.55000,0.04179,2.70299,3.09787
5112.60000,0.03609,2.70298,3.07780
5112.65000,0.03255,2.70305,3.04780
5112.70000,0.03133,2.70316,3.00782
5112.75000,0.03106,2.70321,2.96363
5112.80000,0.03079,2.70326,2.91942
5112.85000,0.03053,2.70334,2.88443
5112.90000,0.03027,2.70344,2.85887
5112.95000,0.03009,2.70345,2.83588
5113.00000,0.03003,2.70337,2.81571
5113.05000,0.03000,2.70325,2.80003
5113.10000,0.02996,2.70316,2.79078
5113.15000,0.02993,2.70308,2.78543
5113.20000,0.02993,2.70297,2.78173
5113.25000,0.02992,2.70289,2.78105
5113.30000,0.02968,2.70296,2.78848
5113.35000,0.02801,2.70356,2.80452
5113.40000,0.02442,2.70478,2.82851
5113.45000,0.01878,2.70652,2.86079
5113.50000,0.01105,2.70871,2.90182
5113.55000,0.00154,2.71084,2.94911
5113.60000,-0.00832,2.71252,2.99724
5113.65000,-0.01824,2.71372,3.04476
5113.70000,-0.02822,2.71445,3.09207
5113.75000,-0.03743,2.71473,3.12176
5113.80000,-0.04521,2.71480,3.12389
5113.85000,-0.05208,2.71478,3.11170
5113.90000,-0.05633,2.71473,3.08748
5113.95000,-0.05755,2.71475,3.05034
5114.00000,-0.05750,2.71475,3.00772
5114.05000,-0.05752,2.71474,2.96530
5114.10000,-0.05747,2.71473,2.92261
5114.15000,-0.05755,2.71489,2.88541
5114.20000,-0.05794,2.71540,2.86592
5114.25000,-0.05880,2.71644,2.86748
5114.30000,-0.06033,2.71784,2.87951
5114.35000,-0.06344,2.71970,2.89983
5114.40000,-0.06891,2.72189,2.92953
5114.45000,-0.07717,2.72369,2.96956
5114.50000,-0.08595,2.72494,2.99909
5114.55000,-0.09377,2.72516,3.00554
5114.60000,-0.10077,2.72472,2.99777
5114.65000,-0.10440,2.72437,2.97102
5114.70000,-0.10506,2.72448,2.93131
5114.75000,-0.10561,2.72460,2.89070
5114.80000,-0.10614,2.72475,2.85013
5114.85000,-0.10678,2.72504,2.81765
5114.90000,-0.10790,2.72588,2.81366
5114.95000,-0.11082,2.72726,2.83107
5115.00000,-0.11690,2.72914,2.86126
5115.05000,-0.12443,2.73119,2.89700
5115.10000,-0.13321,2.73320,2.93695
5115.15000,-0.14158,2.73470,2.96123
5115.20000,-0.14869,2.73542,2.95624
5115.25000,-0.15344,2.73580,2.93589
5115.30000,-0.15381,2.73577,2.89826
5115.35000,-0.15310,2.73558,2.85604
5115.40000,-0.15308,2.73559,2.81735
5115.45000,-0.15358,2.73579,2.79294
5115.50000,-0.15445,2.73636,2.79221
5115.55000,-0.15705,2.73751,2.80816
5115.60000,-0.16162,2.73918,2.83570
5115.65000,-0.16813,2.74110,2.87308
5115.70000,-0.17673,2.74335,2.91342
5115.75000,-0.18548,2.74518,2.94177
5115.80000,-0.19346,2.74637,2.94496
5115.85000,-0.19969,2.74730,2.93630
5115.90000,-0.20314,2.74789,2.91504
5115.95000,-0.20313,2.74781,2.87902
5116.00000,-0.20258,2.74768,2.84038
5116.05000,-0.20208,2.74759,2.80220
5116.10000,-0.20175,2.74747,2.76480
5116.15000,-0.20136,2.74738,2.73688
5116.20000,-0.20126,2.74755,2.73085
5116.25000,-0.20314,2.74848,2.74302
5116.30000,-0.20653,2.74987,2.76406
5116.35000,-0.21169,2.75184,2.79358
5116.40000,-0.21860,2.75421,2.83223
5116.45000,-0.22763,2.75689,2.87474
5116.50000,-0.23676,2.75914,2.90571
5116.55000,-0.24539,2.76103,2.90975
5116.60000,-0.25185,2.76247,2.89978
5116.65000,-0.25499,2.76314,2.87544
5116.70000,-0.25487,2.76309,2.83801
5116.75000,-0.25470,2.76305,2.80084
5116.80000,-0.25410,2.76286,2.76281
5116.85000,-0.25390,2.76281,2.72757
5116.90000,-0.25408,2.76295,2.70625
5116.95000,-0.25479,2.76344,2.70558
5117.00000,-0.25864,2.76531,2.72328
5117.05000,-0.26437,2.76776,2.75308
5117.10000,-0.27147,2.77052,2.79087
5117.15000,-0.27984,2.77340,2.83247
5117.20000,-0.28903,2.77617,2.86210
5117.25000,-0.29746,2.77848,2.86557
5117.30000,-0.30362,2.78018,2.85585
5117.35000,-0.30591,2.78078,2.82959
5117.40000,-0.30535,2.78060,2.79096
5117.45000,-0.30462,2.78034,2.75137
5117.50000,-0.30391,2.78005,2.71199
5117.55000,-0.30322,2.77974,2.67299
5117.60000,-0.30277,2.77953,2.65435
5117.65000,-0.30452,2.78049,2.66110
5117.70000,-0.30887,2.78276,2.68094
5117.75000,-0.31537,2.78589,2.70854
5117.80000,-0.32304,2.78928,2.74372
5117.85000,-0.33069,2.79236,2.76911
5117.90000,-0.33768,2.79505,2.76916
5117.95000,-0.34115,2.79641,2.74982
5118.00000,-0.34123,2.79643,2.71534
5118.05000,-0.34141,2.79651,2.68097
5118.10000,-0.34158,2.79661,2.64674
5118.15000,-0.34175,2.79672,2.62203
5118.20000,-0.34237,2.79714,2.61763
5118.25000,-0.34431,2.79826,2.62502
5118.30000,-0.34762,2.80012,2.63855
5118.35000,-0.35277,2.80289,2.66057
5118.40000,-0.36006,2.80656,2.69196
5118.45000,-0.36908,2.81071,2.73032
5118.50000,-0.37802,2.81443,2.75352
5118.55000,-0.38530,2.81732,2.75411
5118.60000,-0.38959,2.81906,2.74041
5118.65000,-0.39017,2.81929,2.71022
5118.70000,-0.39023,2.81932,2.67733
5118.75000,-0.39039,2.81941,2.64493
5118.80000,-0.39056,2.81950,2.61265
5118.85000,-0.39071,2.81959,2.58065
5118.90000,-0.39086,2.81971,2.55685
5118.95000,-0.39098,2.81982,2.54217
5119.00000,-0.39109,2.81993,2.53805
5119.05000,-0.39202,2.82057,2.54166
5119.10000,-0.39393,2.82188,2.55299
5119.15000,-0.39778,2.82442,2.57130
5119.20000,-0.40346,2.82797,2.60035
5119.25000,-0.41120,2.83243,2.64021
5119.30000,-0.42007,2.83709,2.68049
5119.35000,-0.42882,2.84126,2.70463
5119.40000,-0.43576,2.84446,2.70735
5119.45000,-0.44029,2.84603,2.70469
5119.50000,-0.44360,2.84700,2.70135
5119.55000,-0.44586,2.84779,2.69235
5119.60000,-0.44756,2.84845,2.68482
5119.65000,-0.44866,2.84897,2.67451
5119.70000,-0.44981,2.84959,2.67546
5119.75000,-0.45103,2.85031,2.68903
5119.80000,-0.45324,2.85139,2.71398
5119.85000,-0.45755,2.85328,2.74806
5119.90000,-0.46420,2.85588,2.79115
5119.95000,-0.47175,2.85847,2.82279
5120.00000,-0.47702,2.86011,2.84457
5120.05000,-0.48086,2.86103,2.86427
5120.10000,-0.48339,2.86123,2.85496
5120.15000,-0.48345,2.86120,2.82872
5120.20000,-0.48336,2.86122,2.80937
5120.25000,-0.48341,2.86128,2.79906
5120.30000,-0.48337,2.86135,2.78580
5120.35000,-0.48379,2.86195,2.79262
5120.40000,-0.48642,2.86326,2.81948
5120.45000,-0.49172,2.86496,2.85641
5120.50000,-0.49838,2.86675,2.90006
5120.55000,-0.50646,2.86854,2.94649
5120.60000,-0.51469,2.86991,2.98072
5120.65000,-0.52150,2.87021,2.98559
5120.70000,-0.52551,2.86979,2.97503
5120.75000,-0.52619,2.86964,2.95021
5120.80000,-0.52559,2.86952,2.91948
5120.85000,-0.52499,2.86939,2.88834
5120.90000,-0.52468,2.86946,2.87326
5120.95000,-0.52448,2.86942,2.86447
5121.00000,-0.52427,2.86952,2.85348
5121.05000,-0.52452,2.87011,2.86175
5121.10000,-0.52541,2.87112,2.88574
5121.15000,-0.53037,2.87245,2.92256
5121.20000,-0.53616,2.87361,2.96887
5121.25000,-0.54113,2.87425,3.01285
5121.30000,-0.54500,2.87456,3.04395
5121.35000,-0.54783,2.87477,3.08844
5121.40000,-0.55107,2.87485,-3.13945
5121.45000,-0.55546,2.87470,-3.07975
5121.50000,-0.56072,2.87421,-3.01723
5121.55000,-0.56655,2.87329,-2.95277
5121.60000,-0.57276,2.87189,-2.88700
5121.65000,-0.57922,2.86998,-2.82049
5121.70000,-0.58578,2.86754,-2.75350
5121.75000,-0.59238,2.86458,-2.68632
5121.80000,-0.59894,2.86109,-2.61915
5121.85000,-0.60524,2.85752,-2.56255
5121.90000,-0.61151,2.85392,-2.52367
5121.95000,-0.61732,2.85055,-2.51946
5122.00000,-0.62021,2.84858,-2.54310
5122.05000,-0.62045,2.84843,-2.58114
5122.10000,-0.62068,2.84831,-2.60863
5122.15000,-0.62137,2.84782,-2.60446
5122.20000,-0.62159,2.84768,-2.58877
5122.25000,-0.62178,2.84754,-2.58341
5122.30000,-0.62205,2.84738,-2.55996
5122.35000,-0.62380,2.84617,-2.51908
5122.40000,-0.62715,2.84363,-2.47004
5122.45000,-0.63088,2.84066,-2.42869
5122.50000,-0.63388,2.83814,-2.39753
5122.55000,-0.63579,2.83636,-2.37095
5122.60000,-0.63772,2.83449,-2.36998
5122.65000,-0.63923,2.83301,-2.40135
5122.70000,-0.63957,2.83271,-2.44393
5122.75000,-0.63983,2.83249,-2.48756
5122.80000,-0.64011,2.83229,-2.53146
5122.85000,-0.64039,2.83211,-2.57560
5122.90000,-0.64070,2.83193,-2.60801
5122.95000,-0.64117,2.83167,-2.61754
5123.00000,-0.64205,2.83115,-2.59611
5123.05000,-0.64456,2.82955,-2.55520
5123.10000,-0.64851,2.82678,-2.50801
5123.15000,-0.65331,2.82306,-2.45622
5123.20000,-0.65824,2.81903,-2.41242
5123.25000,-0.66314,2.81497,-2.38878
5123.30000,-0.66626,2.81223,-2.38785
5123.35000,-0.66863,2.81015,-2.38426
5123.40000,-0.67079,2.80823,-2.39845
5123.45000,-0.67189,2.80723,-2.41479
5123.50000,-0.67265,2.80656,-2.41074
5123.55000,-0.67347,2.80586,-2.39134
5123.60000,-0.67503,2.80437,-2.35859
5123.65000,-0.67832,2.80095,-2.31595
5123.70000,-0.68232,2.79661,-2.27625
5123.75000,-0.68615,2.79236,-2.26057
5123.80000,-0.68941,2.78858,-2.27813
5123.85000,-0.69072,2.78710,-2.32222
5123.90000,-0.69111,2.78671,-2.37319
5123.95000,-0.69152,2.78634,-2.41195
5124.00000,-0.69200,2.78597,-2.42958
5124.05000,-0.69272,2.78542,-2.42723
5124.10000,-0.69441,2.78396,-2.39999
5124.15000,-0.69800,2.78053,-2.35798
5124.20000,-0.70195,2.77658,-2.32201
5124.25000,-0.70545,2.77298,-2.31452
5124.30000,-0.70829,2.76995,-2.32046
5124.35000,-0.71091,2.76714,-2.32248
5124.40000,-0.71355,2.76432,-2.31700
5124.45000,-0.71634,2.76130,-2.30841
5124.50000,-0.71888,2.75852,-2.30807
5124.55000,-0.72120,2.75597,-2.30234
5124.60000,-0.72301,2.75395,-2.29996
5124.65000,-0.72438,2.75241,-2.29737
5124.70000,-0.72530,2.75138,-2.30508
5124.75000,-0.72613,2.75047,-2.30690
5124.80000,-0.72681,2.74967,-2.32126
5124.85000,-0.72749,2.74881,-2.35722
5124.90000,-0.72807,2.74822,-2.40992
5124.95000,-0.72862,2.74775,-2.46355
5125.00000,-0.72921,2.74731,-2.50417
5125.05000,-0.73012,2.74664,-2.51249
5125.10000,-0.73122,2.74585,-2.49822
5125.15000,-0.73310,2.74440,-2.47087
5125.20000,-0.73684,2.74132,-2.43374
5125.25000,-0.74204,2.73666,-2.38847
5125.30000,-0.74774,2.73105,-2.33951
5125.35000,-0.75366,2.72461,-2.28825
5125.40000,-0.75958,2.71745,-2.23538
5125.45000,-0.76497,2.71035,-2.19956
5125.50000,-0.76976,2.70377,-2.19004
5125.55000,-0.77361,2.69834,-2.20895
5125.60000,-0.77642,2.69468,-2.24773
5125.65000,-0.77755,2.69333,-2.29884
5125.70000,-0.77805,2.69280,-2.35431
5125.75000,-0.77858,2.69230,-2.39792
5125.80000,-0.77954,2.69145,-2.41631
5125.85000,-0.78111,2.69006,-2.40726
5125.90000,-0.78296,2.68839,-2.38551
5125.95000,-0.78623,2.68521,-2.35386
5126.00000,-0.79104,2.68018,-2.31277
5126.05000,-0.79653,2.67393,-2.26660
5126.10000,-0.80185,2.66754,-2.22795
5126.15000,-0.80638,2.66187,-2.21719
5126.20000,-0.80996,2.65717,-2.23710
5126.25000,-0.81181,2.65490,-2.28428
5126.30000,-0.81258,2.65406,-2.34128
5126.35000,-0.81332,2.65334,-2.39919
5126.40000,-0.81411,2.65265,-2.45723
5126.45000,-0.81493,2.65202,-2.50359
5126.50000,-0.81611,2.65108,-2.52762
5126.55000,-0.81769,2.64980,-2.53804
5126.60000,-0.81966,2.64815,-2.53545
5126.65000,-0.82302,2.64563,-2.50960
5126.70000,-0.82842,2.64151,-2.46966
5126.75000,-0.83466,2.63632,-2.42484
5126.80000,-0.84126,2.63029,-2.37702
5126.85000,-0.84805,2.62344,-2.32744
5126.90000,-0.85460,2.61647,-2.28561
5126.95000,-0.86032,2.61025,-2.27200
5127.00000,-0.86526,2.60473,-2.28606
5127.05000,-0.86972,2.59973,-2.31886
5127.10000,-0.87291,2.59644,-2.36751
5127.15000,-0.87448,2.59499,-2.42698
5127.20000,-0.87596,2.59377,-2.48804
5127.25000,-0.87756,2.59263,-2.54929
5127.30000,-0.87923,2.59152,-2.59863
5127.35000,-0.88154,2.58986,-2.61933
5127.40000,-0.88446,2.58766,-2.61415
5127.45000,-0.88875,2.58487,-2.58479
5127.50000,-0.89483,2.58092,-2.54559
5127.55000,-0.90148,2.57621,-2.50341
5127.60000,-0.90853,2.57074,-2.45801
5127.65000,-0.91579,2.56453,-2.41014
5127.70000,-0.92295,2.55811,-2.36875
5127.75000,-0.92969,2.55203,-2.35218
5127.80000,-0.93586,2.54645,-2.35949
5127.85000,-0.94068,2.54204,-2.37290
5127.90000,-0.94424,2.53855,-2.36524
5127.95000,-0.94668,2.53609,-2.32941
5128.00000,-0.94842,2.53417,-2.27843
5128.05000,-0.94954,2.53278,-2.21376
5128.10000,-0.95065,2.53118,-2.14202
5128.15000,-0.95204,2.52881,-2.06788
5128.20000,-0.95353,2.52579,-1.99224
5128.25000,-0.95497,2.52222,-1.91572
5128.30000,-0.95624,2.51819,-1.83874
5128.35000,-0.95727,2.51379,-1.76155
5128.40000,-0.95799,2.50909,-1.68434
5128.45000,-0.95836,2.50413,-1.60727
5128.50000,-0.95835,2.49899,-1.53043
5128.55000,-0.95793,2.49374,-1.45400
5128.60000,-0.95711,2.48848,-1.37818
5128.65000,-0.95588,2.48324,-1.30297
5128.70000,-0.95426,2.47808,-1.22835
5128.75000,-0.95224,2.47303,-1.15434
5128.80000,-0.94986,2.46813,-1.08091
5128.85000,-0.94712,2.46343,-1.00808
5128.90000,-0.94407,2.45896,-0.93585
5128.95000,-0.94073,2.45474,-0.86421
5129.00000,-0.93712,2.45081,-0.79319
5129.05000,-0.93329,2.44718,-0.72278
5129.10000,-0.92927,2.44388,-0.65299
5129.15000,-0.92510,2.44091,-0.58386
5129.20000,-0.92081,2.43828,-0.51538
5129.25000,-0.91643,2.43599,-0.44758
5129.30000,-0.91201,2.43405,-0.38048
5129.35000,-0.90757,2.43244,-0.31410
5129.40000,-0.90314,2.43116,-0.24846
5129.45000,-0.89875,2.43019,-0.18358
5129.50000,-0.89442,2.42953,-0.11949
5129.55000,-0.89018,2.42916,-0.05620
5129.60000,-0.88604,2.42906,0.00626
5129.65000,-0.88202,2.42920,0.06787
5129.70000,-0.87814,2.42959,0.12862
5129.75000,-0.87440,2.43018,0.18847
5129.80000,-0.87082,2.43098,0.24742
5129.85000,-0.86740,2.43194,0.30544
5129.90000,-0.86414,2.43307,0.36252
5129.95000,-0.86106,2.43434,0.41865
5130.00000,-0.85814,2.43574,0.47386
5130.05000,-0.85541,2.43723,0.52822
5130.10000,-0.85287,2.43881,0.58187
5130.15000,-0.85052,2.44044,0.63486
5130.20000,-0.84835,2.44213,0.68719
5130.25000,-0.84411,2.44582,0.73420
5130.30000,-0.83797,2.45162,0.77905
5130.35000,-0.83152,2.45830,0.82657
5130.40000,-0.82501,2.46573,0.87585
5130.45000,-0.81879,2.47356,0.92490
5130.50000,-0.81297,2.48169,0.97320
5130.55000,-0.80754,2.49008,1.02071
5130.60000,-0.80252,2.49873,1.06744
5130.65000,-0.79790,2.50759,1.11338
5130.70000,-0.79369,2.51666,1.15852
5130.75000,-0.78988,2.52591,1.20285
5130.80000,-0.78649,2.53531,1.24639
5130.85000,-0.78351,2.54486,1.28913
5130.90000,-0.78093,2.55452,1.33108
5130.95000,-0.77876,2.56428,1.37223
5131.00000,-0.77702,2.57399,1.41309
5131.05000,-0.77570,2.58344,1.45434
5131.10000,-0.77479,2.59265,1.49639
5131.15000,-0.77431,2.60160,1.53796
5131.20000,-0.77420,2.61058,1.57834
5131.25000,-0.77438,2.61953,1.60972
5131.30000,-0.77482,2.62868,1.62547
5131.35000,-0.77549,2.63805,1.62971
5131.40000,-0.77608,2.64769,1.62366
5131.45000,-0.77656,2.65746,1.61339
5131.50000,-0.77692,2.66718,1.60242
5131.55000,-0.77718,2.67698,1.59105
5131.60000,-0.77733,2.68674,1.57889
5131.65000,-0.77735,2.69642,1.56601
5131.70000,-0.77724,2.70615,1.55267
5131.75000,-0.77700,2.71580,1.53883
5131.80000,-0.77662,2.72543,1.52440
5131.85000,-0.77610,2.73505,1.50943
5131.90000,-0.77544,2.74465,1.49438
5131.95000,-0.77464,2.75422,1.47878
5132.00000,-0.77368,2.76379,1.46312
5132.05000,-0.77258,2.77332,1.44698
5132.10000,-0.77131,2.78262,1.42487
5132.15000,-0.76981,2.79197,1.39668
5132.20000,-0.76802,2.80125,1.36275
5132.25000,-0.76589,2.81042,1.32474
5132.30000,-0.76347,2.81922,1.28472
5132.35000,-0.76072,2.82788,1.24377
5132.40000,-0.75759,2.83645,1.20142
5132.45000,-0.75414,2.84475,1.15668
5132.50000,-0.75039,2.85276,1.10923
5132.55000,-0.74614,2.86076,1.06104
5132.60000,-0.74149,2.86861,1.01292
5132.65000,-0.73656,2.87604,0.96348
5132.70000,-0.73083,2.88387,0.91609
5132.75000,-0.72456,2.89166,0.87014
5132.80000,-0.71794,2.89914,0.82371
5132.85000,-0.71098,2.90632,0.77700
5132.90000,-0.70369,2.91316,0.72976
5132.95000,-0.69608,2.91965,0.68300
5133.00000,-0.68818,2.92577,0.63595
5133.05000,-0.68000,2.93151,0.58815
5133.10000,-0.67155,2.93686,0.54042
5133.15000,-0.66286,2.94180,0.49256
5133.20000,-0.65394,2.94631,0.44466
5133.25000,-0.64481,2.95040,0.39699
5133.30000,-0.63550,2.95404,0.34887
5133.35000,-0.62602,2.95723,0.30087
5133.40000,-0.61641,2.95996,0.25228
5133.45000,-0.60667,2.96222,0.20352
5133.50000,-0.59683,2.96400,0.15466
5133.55000,-0.58692,2.96529,0.10546
5133.60000,-0.57695,2.96610,0.05576
5133.65000,-0.56696,2.96640,0.00560
5133.70000,-0.55697,2.96621,-0.04460
5133.75000,-0.54699,2.96551,-0.09495
5133.80000,-0.53707,2.96431,-0.14567
5133.85000,-0.52722,2.96261,-0.19666
5133.90000,-0.51747,2.96040,-0.24814
5133.95000,-0.50785,2.95769,-0.30001
5134.00000,-0.49862,2.95459,-0.35185
5134.05000,-0.49026,2.95128,-0.40589
5134.10000,-0.48227,2.94756,-0.46014
5134.15000,-0.47435,2.94333,-0.51377
5134.20000,-0.46645,2.93856,-0.56630
5134.25000,-0.45877,2.93338,-0.61893
5134.30000,-0.45251,2.92875,-0.67212
5134.35000,-0.44920,2.92597,-0.73500
5134.40000,-0.44749,2.92433,-0.80584
5134.45000,-0.44682,2.92358,-0.88215
5134.50000,-0.44673,2.92347,-0.96171
5134.55000,-0.44670,2.92342,-1.04129
5134.60000,-0.44667,2.92337,-1.12046
5134.65000,-0.44665,2.92331,-1.19921
5134.70000,-0.44663,2.92325,-1.27757
5134.75000,-0.44661,2.92320,-1.35553
5134.80000,-0.44660,2.92314,-1.43309
5134.85000,-0.44660,2.92308,-1.51028
5134.90000,-0.44659,2.92302,-1.58709
5134.95000,-0.44660,2.92296,-1.66355
5135.00000,-0.44661,2.92290,-1.73965
5135.05000,-0.44662,2.92284,-1.81541
5135.10000,-0.44663,2.92279,-1.89085
5135.15000,-0.44666,2.92273,-1.96597
5135.20000,-0.44668,2.92268,-2.04079
5135.25000,-0.44671,2.92262,-2.11508
5135.30000,-0.44674,2.92258,-2.18844
5135.35000,-0.44678,2.92253,-2.26086
5135.40000,-0.44682,2.92248,-2.33235
5135.45000,-0.44686,2.92244,-2.40290
5135.50000,-0.44691,2.92240,-2.47248
5135.55000,-0.44695,2.92237,-2.54110
5135.60000,-0.44700,2.92234,-2.60873
5135.65000,-0.44706,2.92231,-2.67537
5135.70000,-0.44711,2.92228,-2.74100
5135.75000,-0.44716,2.92226,-2.80560
5135.80000,-0.44722,2.92224,-2.86917
5135.85000,-0.44728,2.92223,-2.93173
5135.90000,-0.44734,2.92222,-2.99325
5135.95000,-0.44740,2.92221,-3.05375
5136.00000,-0.44746,2.92221,-3.11321
5136.05000,-0.44751,2.92221,3.11156
5136.10000,-0.44757,2.92221,3.05419
5136.15000,-0.44762,2.92223,3.00681
5136.20000,-0.44968,2.92282,2.97323
5136.25000,-0.45391,2.92370,2.94873
5136.30000,-0.46176,2.92549,2.93979
5136.35000,-0.47156,2.92749,2.93963
5136.40000,-0.48131,2.92948,2.94120
5136.45000,-0.49106,2.93145,2.94312
5136.50000,-0.50081,2.93340,2.94541
5136.55000,-0.51055,2.93532,2.94852
5136.60000,-0.52035,2.93721,2.95293
5136.65000,-0.53017,2.93905,2.95895
5136.70000,-0.53995,2.94081,2.96734
5136.75000,-0.54976,2.94248,2.97572
5136.80000,-0.55949,2.94405,2.98740
5136.85000,-0.56902,2.94546,3.00196
5136.90000,-0.57878,2.94676,3.01799
5136.95000,-0.58852,2.94788,3.03557
5137.00000,-0.59823,2.94882,3.05506
5137.05000,-0.60774,2.94955,3.07641
5137.10000,-0.61717,2.95006,3.09952
5137.15000,-0.62725,2.95035,3.12372
5137.20000,-0.63699,2.95040,-3.13315
5137.25000,-0.64629,2.95019,-3.10503
5137.30000,-0.65553,2.94971,-3.07469
5137.35000,-0.66513,2.94891,-3.04257
5137.40000,-0.67488,2.94778,-3.00953
5137.45000,-0.68463,2.94630,-2.97427
5137.50000,-0.69436,2.94446,-2.93773
5137.55000,-0.70405,2.94227,-2.90033
5137.60000,-0.71278,2.93994,-2.86005
5137.65000,-0.72137,2.93726,-2.81975
5137.70000,-0.72984,2.93425,-2.77967
5137.75000,-0.73819,2.93089,-2.73961
5137.80000,-0.74641,2.92720,-2.69984
5137.85000,-0.75448,2.92319,-2.66045
5137.90000,-0.76239,2.91886,-2.62131
5137.95000,-0.77013,2.91422,-2.58230
5138.00000,-0.77769,2.90928,-2.54344
5138.05000,-0.78506,2.90405,-2.50478
5138.10000,-0.79222,2.89854,-2.46646
5138.15000,-0.79917,2.89275,-2.42837
5138.20000,-0.80591,2.88670,-2.39069
5138.25000,-0.81242,2.88039,-2.35341
5138.30000,-0.81870,2.87384,-2.31616
5138.35000,-0.82473,2.86706,-2.27921
5138.40000,-0.83050,2.86006,-2.24226
5138.45000,-0.83602,2.85285,-2.20519
5138.50000,-0.84126,2.84544,-2.16807
5138.55000,-0.84621,2.83786,-2.13054
5138.60000,-0.85078,2.83033,-2.10922
5138.65000,-0.85481,2.82353,-2.11685
5138.70000,-0.85757,2.81913,-2.15139
5138.75000,-0.85978,2.81591,-2.20316
5138.80000,-0.86078,2.81462,-2.26775
5138.85000,-0.86106,2.81431,-2.33723
5138.90000,-0.86133,2.81407,-2.39440
5138.95000,-0.86156,2.81393,-2.42963
5139.00000,-0.86249,2.81318,-2.43491
5139.05000,-0.86514,2.81091,-2.42495
5139.10000,-0.86891,2.80756,-2.40724
5139.15000,-0.87395,2.80290,-2.38051
5139.20000,-0.88011,2.79681,-2.34469
5139.25000,-0.88632,2.79022,-2.30695
5139.30000,-0.89228,2.78339,-2.26944
5139.35000,-0.89797,2.77634,-2.23188
5139.40000,-0.90351,2.76910,-2.20828
5139.45000,-0.90890,2.76191,-2.20974
5139.50000,-0.91360,2.75572,-2.23503
5139.55000,-0.91763,2.75077,-2.27733
5139.60000,-0.92004,2.74808,-2.33364
5139.65000,-0.92069,2.74743,-2.40084
5139.70000,-0.92123,2.74698,-2.46883
5139.75000,-0.92179,2.74657,-2.52406
5139.80000,-0.92265,2.74594,-2.54829
5139.85000,-0.92492,2.74439,-2.54489
5139.90000,-0.93030,2.74066,-2.52551
5139.95000,-0.93723,2.73563,-2.49823
5140.00000,-0.94498,2.72962,-2.46618
5140.05000,-0.95268,2.72324,-2.43359
5140.10000,-0.96017,2.71662,-2.40085
5140.15000,-0.96744,2.70975,-2.36806
5140.20000,-0.97446,2.70287,-2.34213
5140.25000,-0.98117,2.69627,-2.33187
5140.30000,-0.98745,2.69003,-2.34249
5140.35000,-0.99376,2.68375,-2.36882
5140.40000,-0.99890,2.67892,-2.41221
5140.45000,-1.00175,2.67649,-2.46926
5140.50000,-1.00285,2.67567,-2.53597
5140.55000,-1.00394,2.67497,-2.60276
5140.60000,-1.00504,2.67435,-2.65738
5140.65000,-1.00659,2.67337,-2.68168
5140.70000,-1.01020,2.67145,-2.67503
5140.75000,-1.01644,2.66824,-2.65546
5140.80000,-1.02430,2.66395,-2.62873
5140.85000,-1.03292,2.65892,-2.59836
5140.90000,-1.04140,2.65362,-2.56812
5140.95000,-1.04972,2.64807,-2.53779
5141.00000,-1.05786,2.64227,-2.50744
5141.05000,-1.06579,2.63645,-2.48393
5141.10000,-1.07328,2.63101,-2.48547
5141.15000,-1.08057,2.62568,-2.50568
5141.20000,-1.08676,2.62126,-2.54226
5141.25000,-1.09067,2.61871,-2.59100
5141.30000,-1.09207,2.61789,-2.65174
5141.35000,-1.09274,2.61756,-2.71560
5141.40000,-1.09341,2.61729,-2.76851
5141.45000,-1.09445,2.61678,-2.78965
5141.50000,-1.09773,2.61548,-2.78601
5141.55000,-1.10439,2.61291,-2.76757
5141.60000,-1.11305,2.60940,-2.74014
5141.65000,-1.12174,2.60556,-2.70897
5141.70000,-1.13003,2.60157,-2.67705
5141.75000,-1.13818,2.59731,-2.64497
5141.80000,-1.14620,2.59280,-2.61285
5141.85000,-1.15419,2.58809,-2.58895
5141.90000,-1.16205,2.58344,-2.58905
5141.95000,-1.16832,2.57975,-2.61615
5142.00000,-1.17155,2.57796,-2.66390
5142.05000,-1.17254,2.57748,-2.72215
5142.10000,-1.17290,2.57733,-2.78299
5142.15000,-1.17325,2.57721,-2.84351
5142.20000,-1.17366,2.57708,-2.89291
5142.25000,-1.17446,2.57663,-2.91576
5142.30000,-1.17631,2.57599,-2.91964
5142.35000,-1.18124,2.57470,-2.90876
5142.40000,-1.18969,2.57257,-2.88314
5142.45000,-1.19985,2.56971,-2.85072
5142.50000,-1.21016,2.56645,-2.81776
5142.55000,-1.21988,2.56307,-2.78576
5142.60000,-1.22851,2.55971,-2.75389
5142.65000,-1.23695,2.55610,-2.72137
5142.70000,-1.24533,2.55234,-2.69644
5142.75000,-1.25357,2.54867,-2.69370
5142.80000,-1.26115,2.54530,-2.71521
5142.85000,-1.26642,2.54302,-2.75357
5142.90000,-1.26903,2.54201,-2.80447
5142.95000,-1.26954,2.54185,-2.86475
5143.00000,-1.26982,2.54178,-2.92613
5143.05000,-1.27010,2.54174,-2.97800
5143.10000,-1.27087,2.54127,-3.00578
5143.15000,-1.27335,2.54037,-3.00746
5143.20000,-1.27945,2.53930,-2.99287
5143.25000,-1.28854,2.53781,-2.96626
5143.30000,-1.29901,2.53578,-2.93407
5143.35000,-1.30955,2.53339,-2.90172
5143.40000,-1.32000,2.53066,-2.86978
5143.45000,-1.33011,2.52797,-2.84695
5143.50000,-1.33992,2.52548,-2.84604
5143.55000,-1.34955,2.52316,-2.85425
5143.60000,-1.35901,2.52099,-2.87032
5143.65000,-1.36823,2.51889,-2.89911
5143.70000,-1.37567,2.51720,-2.94181
5143.75000,-1.38077,2.51629,-2.99618
5143.80000,-1.38338,2.51598,-3.06218
5143.85000,-1.38401,2.51595,-3.13702
5143.90000,-1.38451,2.51597,3.08012
5143.95000,-1.38505,2.51605,3.03031
5144.00000,-1.38582,2.51639,2.99613
5144.05000,-1.38666,2.51683,2.97224
5144.10000,-1.38756,2.51736,2.95696
5144.15000,-1.38858,2.51801,2.95000
5144.20000,-1.39038,2.51890,2.95026
5144.25000,-1.39295,2.51998,2.95388
5144.30000,-1.39715,2.52149,2.96505
5144.35000,-1.40224,2.52329,2.98028
5144.40000,-1.41067,2.52489,3.00907
5144.45000,-1.42060,2.52604,3.04389
5144.50000,-1.43056,2.52684,3.07804
5144.55000,-1.44055,2.52731,3.11168
5144.60000,-1.45055,2.52744,-3.13798
5144.65000,-1.46055,2.52724,-3.10480
5144.70000,-1.47053,2.52671,-3.07205
5144.75000,-1.48041,2.52610,-3.04388
5144.80000,-1.48995,2.52581,-3.02826
5144.85000,-1.49904,2.52591,-3.03028
5144.90000,-1.50797,2.52617,-3.03956
5144.95000,-1.51683,2.52648,-3.06057
5145.00000,-1.52570,2.52671,-3.09909
5145.05000,-1.53343,2.52680,3.13167
5145.10000,-1.53902,2.52691,3.06926
5145.15000,-1.54223,2.52721,2.99691
5145.20000,-1.54402,2.52744,2.92875
5145.25000,-1.54599,2.52788,2.87778
5145.30000,-1.54844,2.52888,2.85778
5145.35000,-1.55277,2.53053,2.86632
5145.40000,-1.56076,2.53269,2.89038
5145.45000,-1.57060,2.53504,2.92163
5145.50000,-1.58121,2.53723,2.95534
5145.55000,-1.59135,2.53896,2.98691
5145.60000,-1.60104,2.54031,3.01818
5145.65000,-1.61129,2.54140,3.04932
5145.70000,-1.62081,2.54212,3.08322
5145.75000,-1.62967,2.54249,3.10663
5145.80000,-1.63809,2.54264,3.11094
5145.85000,-1.64630,2.54270,3.10191
5145.90000,-1.65420,2.54289,3.06797
5145.95000,-1.65968,2.54309,3.03039
5146.00000,-1.66441,2.54352,3.01464
5146.05000,-1.66928,2.54405,3.01476
5146.10000,-1.67430,2.54478,3.03264
5146.15000,-1.67926,2.54548,3.06325
5146.20000,-1.68423,2.54598,3.10460
5146.25000,-1.69042,2.54608,-3.12868
5146.30000,-1.69839,2.54576,-3.07634
5146.35000,-1.70724,2.54494,-3.02346
5146.40000,-1.71657,2.54358,-2.96977
5146.45000,-1.72612,2.54165,-2.91521
5146.50000,-1.73578,2.53915,-2.86019
5146.55000,-1.74530,2.53611,-2.80509
5146.60000,-1.75465,2.53255,-2.75031
5146.65000,-1.76378,2.52849,-2.69614
5146.70000,-1.77269,2.52394,-2.64272
5146.75000,-1.78038,2.51947,-2.58438
5146.80000,-1.78539,2.51614,-2.51621
5146.85000,-1.78894,2.51337,-2.44236
5146.90000,-1.79220,2.51042,-2.36885
5146.95000,-1.79513,2.50735,-2.29581
5147.00000,-1.79774,2.50417,-2.22325
5147.05000,-1.80003,2.50095,-2.15122
5147.10000,-1.80200,2.49769,-2.07972
5147.15000,-1.80367,2.49445,-2.00878
5147.20000,-1.80504,2.49123,-1.93841
5147.25000,-1.80613,2.48808,-1.86863
5147.30000,-1.80695,2.48502,-1.79946
5147.35000,-1.80754,2.48206,-1.73090
5147.40000,-1.80790,2.47922,-1.66297
5147.45000,-1.80805,2.47652,-1.59566
5147.50000,-1.80803,2.47397,-1.52899
5147.55000,-1.80785,2.47157,-1.46295
5147.60000,-1.80754,2.46932,-1.39755
5147.65000,-1.80710,2.46724,-1.33278
5147.70000,-1.80657,2.46531,-1.26865
5147.75000,-1.80596,2.46355,-1.20514
5147.80000,-1.80528,2.46193,-1.14226
5147.85000,-1.80456,2.46046,-1.07998
5147.90000,-1.80379,2.45914,-1.01830
5147.95000,-1.80301,2.45794,-0.95719
5148.00000,-1.80221,2.45688,-0.89665
5148.05000,-1.80140,2.45593,-0.83666
5148.10000,-1.80060,2.45509,-0.77715
5148.15000,-1.79981,2.45436,-0.71810
5148.20000,-1.79904,2.45372,-0.65946
5148.25000,-1.79829,2.45318,-0.60123
5148.30000,-1.79756,2.45271,-0.54338
5148.35000,-1.79686,2.45231,-0.48583
5148.40000,-1.79619,2.45198,-0.42852
5148.45000,-1.79555,2.45171,-0.37139
5148.50000,-1.79494,2.45149,-0.31446
5148.55000,-1.79436,2.45132,-0.25768
5148.60000,-1.79381,2.45119,-0.20110
5148.65000,-1.79328,2.45110,-0.14468
5148.70000,-1.79277,2.45104,-0.08842
5148.75000,-1.79229,2.45101,-0.03229
5148.80000,-1.79183,2.45100,0.02369
5148.85000,-1.79139,2.45103,0.07958
5148.90000,-1.79096,2.45108,0.12648
5148.95000,-1.78955,2.45139,0.16216
5149.00000,-1.78566,2.45215,0.18871
5149.05000,-1.77982,2.45344,0.20355
5149.10000,-1.77134,2.45537,0.20404
5149.15000,-1.76168,2.45735,0.19795
5149.20000,-1.75201,2.45926,0.19143
5149.25000,-1.74231,2.46111,0.18456
5149.30000,-1.73259,2.46292,0.17741
5149.35000,-1.72290,2.46463,0.16997
5149.40000,-1.71317,2.46626,0.16217
5149.45000,-1.70346,2.46781,0.15416
5149.50000,-1.69374,2.46929,0.14568
5149.55000,-1.68402,2.47068,0.13696
5149.60000,-1.67433,2.47197,0.12786
5149.65000,-1.66461,2.47318,0.11851
5149.70000,-1.65492,2.47429,0.10853
5149.75000,-1.64527,2.47531,0.10763
5149.80000,-1.63587,2.47624,0.12622
5149.85000,-1.62873,2.47720,0.16291
5149.90000,-1.62403,2.47807,0.20815
5149.95000,-1.62161,2.47826,0.25326
5150.00000,-1.61917,2.47861,0.28380
5150.05000,-1.61585,2.47958,0.29889
5150.10000,-1.61089,2.48114,0.30565
5150.15000,-1.60414,2.48338,0.30420
5150.20000,-1.59494,2.48622,0.29061
5150.25000,-1.58562,2.48894,0.27620
5150.30000,-1.57617,2.49154,0.26224
5150.35000,-1.56674,2.49400,0.24795
5150.40000,-1.55704,2.49638,0.23399
5150.45000,-1.54747,2.49859,0.21879
5150.50000,-1.53770,2.50068,0.20397
5150.55000,-1.52950,2.50237,0.20670
5150.60000,-1.52385,2.50362,0.23673
5150.65000,-1.52053,2.50449,0.28065
5150.70000,-1.51966,2.50476,0.33443
5150.75000,-1.51927,2.50491,0.37904
5150.80000,-1.51832,2.50542,0.40283
5150.85000,-1.51585,2.50654,0.41430
5150.90000,-1.51012,2.50920,0.41043
5150.95000,-1.50147,2.51291,0.39438
5151.00000,-1.49221,2.51667,0.37601
5151.05000,-1.48287,2.52026,0.35774
5151.10000,-1.47347,2.52367,0.33909
5151.15000,-1.46401,2.52691,0.32004
5151.20000,-1.45449,2.52996,0.30044
5151.25000,-1.44491,2.53282,0.28053
5151.30000,-1.43686,2.53511,0.27897
5151.35000,-1.43127,2.53677,0.30386
5151.40000,-1.42830,2.53775,0.34152
5151.45000,-1.42766,2.53799,0.38873
5151.50000,-1.42729,2.53815,0.43669
5151.55000,-1.42693,2.53835,0.47384
5151.60000,-1.42590,2.53897,0.49172
5151.65000,-1.42170,2.54130,0.49047
5151.70000,-1.41450,2.54519,0.47464
5151.75000,-1.40586,2.54951,0.45223
5151.80000,-1.39725,2.55355,0.42807
5151.85000,-1.38854,2.55739,0.40384
5151.90000,-1.37988,2.56097,0.37887
5151.95000,-1.37113,2.56433,0.35358
5152.00000,-1.36243,2.56742,0.34145
5152.05000,-1.35411,2.57034,0.34840
5152.10000,-1.34907,2.57214,0.36998
5152.15000,-1.34842,2.57239,0.40927
5152.20000,-1.34820,2.57249,0.45017
5152.25000,-1.34799,2.57260,0.49054
5152.30000,-1.34782,2.57271,0.52037
5152.35000,-1.34718,2.57310,0.53631
5152.40000,-1.34416,2.57494,0.53755
5152.45000,-1.33991,2.57746,0.53136
5152.50000,-1.33467,2.58052,0.51934
5152.55000,-1.32784,2.58433,0.49813
5152.60000,-1.31963,2.58864,0.46940
5152.65000,-1.31130,2.59272,0.44051
5152.70000,-1.30286,2.59655,0.41150
5152.75000,-1.29419,2.60040,0.39084
5152.80000,-1.28557,2.60404,0.38560
5152.85000,-1.27990,2.60623,0.39909
5152.90000,-1.27839,2.60677,0.43310
5152.95000,-1.27758,2.60715,0.47065
5153.00000,-1.27665,2.60764,0.50830
5153.05000,-1.27576,2.60813,0.54543
5153.10000,-1.27485,2.60869,0.58233
5153.15000,-1.27429,2.60897,0.60820
5153.20000,-1.27272,2.61013,0.61496
5153.25000,-1.26771,2.61365,0.60047
5153.30000,-1.26095,2.61816,0.57562
5153.35000,-1.25315,2.62306,0.54575
5153.40000,-1.24518,2.62773,0.51542
5153.45000,-1.23707,2.63216,0.48489
5153.50000,-1.22901,2.63627,0.46928
5153.55000,-1.22327,2.63914,0.47322
5153.60000,-1.22053,2.64054,0.49341
5153.65000,-1.21966,2.64100,0.52359
5153.70000,-1.21888,2.64146,0.55378
5153.75000,-1.21816,2.64191,0.58308
5153.80000,-1.21742,2.64240,0.61133
5153.85000,-1.21700,2.64263,0.62714
5153.90000,-1.21531,2.64389,0.62939
5153.95000,-1.21035,2.64746,0.61291
5154.00000,-1.20363,2.65206,0.58578
5154.05000,-1.19591,2.65700,0.55395
5154.10000,-1.18802,2.66182,0.53218
5154.15000,-1.18192,2.66536,0.52522
5154.20000,-1.17817,2.66752,0.53214
5154.25000,-1.17697,2.66822,0.55417
5154.30000,-1.17637,2.66859,0.57977
5154.35000,-1.17576,2.66898,0.60497
5154.40000,-1.17518,2.66939,0.62987
5154.45000,-1.17460,2.66982,0.65440
5154.50000,-1.17427,2.67005,0.66544
5154.55000,-1.17128,2.67241,0.65876
5154.60000,-1.16608,2.67635,0.63879
5154.65000,-1.15943,2.68115,0.61026
5154.70000,-1.15185,2.68627,0.57732
5154.75000,-1.14423,2.69110,0.55765
5154.80000,-1.13843,2.69466,0.55040
5154.85000,-1.13473,2.69692,0.55501
5154.90000,-1.13284,2.69802,0.56950
5154.95000,-1.13232,2.69834,0.59234
5155.00000,-1.13183,2.69867,0.61541
5155.05000,-1.13135,2.69901,0.63775
5155.10000,-1.13091,2.69934,0.66022
5155.15000,-1.13044,2.69970,0.68229
5155.20000,-1.13006,2.69998,0.70362
5155.25000,-1.12982,2.70022,0.71471
5155.30000,-1.12684,2.70286,0.70683
5155.35000,-1.12176,2.70712,0.68614
5155.40000,-1.11532,2.71224,0.65685
5155.45000,-1.10838,2.71747,0.63726
5155.50000,-1.10285,2.72150,0.62860
5155.55000,-1.09969,2.72379,0.63256
5155.60000,-1.09915,2.72414,0.65230
5155.65000,-1.09891,2.72432,0.67297
5155.70000,-1.09841,2.72473,0.69388
5155.75000,-1.09791,2.72516,0.71492
5155.80000,-1.09760,2.72541,0.73568
5155.85000,-1.09729,2.72568,0.75658
5155.90000,-1.09701,2.72597,0.76916
5155.95000,-1.09517,2.72779,0.76746
5156.00000,-1.09060,2.73211,0.74701
5156.05000,-1.08472,2.73740,0.71770
5156.10000,-1.07780,2.74323,0.68351
5156.15000,-1.07065,2.74899,0.66099
5156.20000,-1.06541,2.75305,0.65627
5156.25000,-1.06328,2.75466,0.67004
5156.30000,-1.06297,2.75489,0.69379
5156.35000,-1.06277,2.75504,0.71781
5156.40000,-1.06255,2.75521,0.74161
5156.45000,-1.06225,2.75549,0.76595
5156.50000,-1.06177,2.75593,0.77682
5156.55000,-1.06000,2.75770,0.77422
5156.60000,-1.05567,2.76191,0.75522
5156.65000,-1.04993,2.76716,0.72609
5156.70000,-1.04315,2.77297,0.69126
5156.75000,-1.03611,2.77871,0.66891
5156.80000,-1.03093,2.78276,0.66517
5156.85000,-1.02907,2.78422,0.67896
5156.90000,-1.02870,2.78448,0.70226
5156.95000,-1.02858,2.78457,0.72553
5157.00000,-1.02840,2.78473,0.74765
5157.05000,-1.02794,2.78516,0.77152
5157.10000,-1.02776,2.78533,0.79399
5157.15000,-1.02753,2.78556,0.81590
5157.20000,-1.02726,2.78589,0.82757
5157.25000,-1.02527,2.78806,0.82315
5157.30000,-1.02125,2.79230,0.80181
5157.35000,-1.01564,2.79792,0.77282
5157.40000,-1.00956,2.80362,0.73466
5157.45000,-1.00348,2.80885,0.68811
5157.50000,-0.99643,2.81436,0.63947
5157.55000,-0.98839,2.82003,0.59001
5157.60000,-0.98110,2.82475,0.55904
5157.65000,-0.97592,2.82790,0.53705
5157.70000,-0.97193,2.83024,0.51844
5157.75000,-0.96937,2.83165,0.52792
5157.80000,-0.96864,2.83196,0.54089
5157.85000,-0.96776,2.83249,0.53479
5157.90000,-0.96486,2.83418,0.50416
5157.95000,-0.95958,2.83696,0.46660
5158.00000,-0.95440,2.83948,0.44545
5158.05000,-0.95078,2.84118,0.44903
5158.10000,-0.94960,2.84169,0.46465
5158.15000,-0.94920,2.84193,0.47528
5158.20000,-0.94896,2.84204,0.48068
5158.25000,-0.94873,2.84214,0.48297
5158.30000,-0.94748,2.84280,0.46305
5158.35000,-0.94437,2.84431,0.43462
5158.40000,-0.93865,2.84687,0.39765
5158.45000,-0.93310,2.84912,0.37912
5158.50000,-0.92999,2.85031,0.38439
5158.55000,-0.92920,2.85054,0.39468
5158.60000,-0.92845,2.85077,0.40196
5158.65000,-0.92706,2.85139,0.40781
5158.70000,-0.92606,2.85178,0.42210
5158.75000,-0.92589,2.85185,0.43419
5158.80000,-0.92573,2.85192,0.44342
5158.85000,-0.92561,2.85196,0.45034
5158.90000,-0.92553,2.85197,0.45457
5158.95000,-0.92546,2.85198,0.45474
5159.00000,-0.92536,2.85204,0.44481
5159.05000,-0.92474,2.85237,0.42343
5159.10000,-0.92230,2.85343,0.39114
5159.15000,-0.91726,2.85541,0.34931
5159.20000,-0.90973,2.85796,0.29930
5159.25000,-0.90148,2.86027,0.24594
5159.30000,-0.89430,2.86192,0.21532
5159.35000,-0.88962,2.86285,0.20782
5159.40000,-0.88790,2.86312,0.21313
5159.45000,-0.88769,2.86317,0.22486
5159.50000,-0.88749,2.86321,0.23680
5159.55000,-0.88728,2.86327,0.24863
5159.60000,-0.88706,2.86332,0.26033
5159.65000,-0.88685,2.86338,0.27180
5159.70000,-0.88663,2.86344,0.28297
5159.75000,-0.88642,2.86351,0.29380
5159.80000,-0.88620,2.86357,0.30423
5159.85000,-0.88597,2.86365,0.31425
5159.90000,-0.88575,2.86374,0.31767
5159.95000,-0.88552,2.86386,0.30869
5160.00000,-0.88493,2.86410,0.29001
5160.05000,-0.88219,2.86517,0.27331
5160.10000,-0.88007,2.86576,0.27296
5160.15000,-0.87962,2.86588,0.28110
5160.20000,-0.87939,2.86596,0.28321
5160.25000,-0.87899,2.86608,0.28105
5160.30000,-0.87859,2.86619,0.28096
5160.35000,-0.87818,2.86633,0.27968
5160.40000,-0.87775,2.86649,0.28130
5160.45000,-0.87749,2.86656,0.27747
5160.50000,-0.87725,2.86663,0.28259
5160.55000,-0.87700,2.86672,0.28150
5160.60000,-0.87632,2.86693,0.27803
5160.65000,-0.87579,2.86703,0.27170
5160.70000,-0.87566,2.86708,0.26556
5160.75000,-0.87538,2.86716,0.27133
5160.80000,-0.87518,2.86719,0.26374
5160.85000,-0.87388,2.86764,0.24015
5160.90000,-0.87019,2.86850,0.20776
5160.95000,-0.86566,2.86937,0.18800
5161.00000,-0.86348,2.86968,0.18555
5161.05000,-0.86300,2.86979,0.18383
5161.10000,-0.86234,2.86989,0.18036
5161.15000,-0.86201,2.86991,0.18408
5161.20000,-0.86175,2.86996,0.18799
5161.25000,-0.86147,2.87002,0.19135
5161.30000,-0.86119,2.87008,0.19476
5161.35000,-0.86095,2.87012,0.19852
5161.40000,-0.86074,2.87017,0.20264
5161.45000,-0.86054,2.87021,0.20706
5161.50000,-0.86035,2.87025,0.21178
5161.55000,-0.86016,2.87029,0.21679
5161.60000,-0.85998,2.87033,0.22206
5161.65000,-0.85980,2.87037,0.22744
5161.70000,-0.85962,2.87041,0.23279
5161.75000,-0.85939,2.87046,0.22365
5161.80000,-0.85871,2.87055,0.21686
5161.85000,-0.85809,2.87065,0.21249
5161.90000,-0.85737,2.87080,0.21007
5161.95000,-0.85697,2.87089,0.21262
5162.00000,-0.85658,2.87097,0.21401
5162.05000,-0.85619,2.87106,0.21513
5162.10000,-0.85578,2.87115,0.21586
5162.15000,-0.85525,2.87125,0.20301
5162.20000,-0.85432,2.87143,0.19560
5162.25000,-0.85382,2.87153,0.19507
5162.30000,-0.85336,2.87162,0.18188
5162.35000,-0.85200,2.87184,0.17257
5162.40000,-0.85139,2.87195,0.17114
5162.45000,-0.85066,2.87208,0.15656
5162.50000,-0.84901,2.87231,0.14574
5162.55000,-0.84834,2.87240,0.14427
5162.60000,-0.84772,2.87249,0.14296
5162.65000,-0.84710,2.87258,0.14192
5162.70000,-0.84649,2.87267,0.14107
5162.75000,-0.84587,2.87276,0.14050
5162.80000,-0.84522,2.87285,0.14016
5162.85000,-0.84461,2.87294,0.14024
5162.90000,-0.84400,2.87303,0.14052
5162.95000,-0.84340,2.87311,0.14074
5163.00000,-0.84281,2.87320,0.14088
5163.05000,-0.84223,2.87328,0.14098
5163.10000,-0.84166,2.87336,0.14128
5163.15000,-0.84110,2.87344,0.14182
5163.20000,-0.84054,2.87352,0.14261
5163.25000,-0.84000,2.87360,0.14366
5163.30000,-0.83946,2.87368,0.14495
5163.35000,-0.83893,2.87375,0.14648
5163.40000,-0.83842,2.87383,0.14825
5163.45000,-0.83791,2.87391,0.15025
5163.50000,-0.83741,2.87398,0.15248
5163.55000,-0.83692,2.87406,0.15492
5163.60000,-0.83643,2.87414,0.15758
5163.65000,-0.83596,2.87421,0.16045
5163.70000,-0.83549,2.87429,0.16352
5163.75000,-0.83503,2.87437,0.16679
5163.80000,-0.83458,2.87444,0.17025
5163.85000,-0.83414,2.87452,0.17391
5163.90000,-0.83371,2.87460,0.17782
5163.95000,-0.83328,2.87467,0.18200
5164.00000,-0.83287,2.87475,0.18647
5164.05000,-0.83246,2.87483,0.19126
5164.10000,-0.83207,2.87491,0.19639
5164.15000,-0.83168,2.87498,0.20189
5164.20000,-0.83116,2.87521,0.20178
5164.25000,-0.82988,2.87555,0.20141
5164.30000,-0.82933,2.87566,0.19590
5164.35000,-0.82852,2.87580,0.18952
5164.40000,-0.82811,2.87586,0.19675
5164.45000,-0.82769,2.87595,0.20538
5164.50000,-0.82722,2.87612,0.20478
5164.55000,-0.82597,2.87641,0.20581
5164.60000,-0.82535,2.87651,0.21712
5164.65000,-0.82477,2.87664,0.21510
5164.70000,-0.82368,2.87690,0.21111
5164.75000,-0.82319,2.87698,0.22397
5164.80000,-0.82268,2.87703,0.22588
5164.85000,-0.82080,2.87763,0.20831
5164.90000,-0.81666,2.87858,0.19331
5164.95000,-0.81412,2.87902,0.18374
5165.00000,-0.81118,2.87959,0.15723
5165.05000,-0.80705,2.88016,0.13892
5165.10000,-0.80375,2.88050,0.14366
5165.15000,-0.80319,2.88054,0.16209
5165.20000,-0.80268,2.88061,0.18354
5165.25000,-0.80198,2.88071,0.20640
5165.30000,-0.80168,2.88082,0.21392
5165.35000,-0.80112,2.88116,0.20556
5165.40000,-0.79808,2.88178,0.19722
5165.45000,-0.79578,2.88219,0.19251
5165.50000,-0.79413,2.88250,0.18480
5165.55000,-0.79290,2.88273,0.18235
5165.60000,-0.79201,2.88285,0.17613
5165.65000,-0.79137,2.88291,0.19328
5165.70000,-0.79122,2.88294,0.19957
5165.75000,-0.79032,2.88326,0.18269
5165.80000,-0.78638,2.88398,0.15492
5165.85000,-0.78158,2.88467,0.13361
5165.90000,-0.77713,2.88506,0.13417
5165.95000,-0.77464,2.88523,0.15139
5166.00000,-0.77423,2.88530,0.15910
5166.05000,-0.77395,2.88535,0.15714
5166.10000,-0.77351,2.88549,0.16552
5166.15000,-0.77276,2.88572,0.14914
5166.20000,-0.76975,2.88613,0.11561
5166.25000,-0.76453,2.88663,0.07484
5166.30000,-0.75862,2.88694,0.04098
5166.35000,-0.75432,2.88703,0.01863
5166.40000,-0.75082,2.88705,-0.00101
5166.45000,-0.74697,2.88704,0.00191
5166.50000,-0.74545,2.88705,0.00637
5166.55000,-0.74453,2.88704,-0.01518
5166.60000,-0.74276,2.88700,-0.03173
5166.65000,-0.74083,2.88698,-0.02030
5166.70000,-0.74028,2.88697,0.00724
5166.75000,-0.73972,2.88699,0.02313
5166.80000,-0.73933,2.88699,0.02741
5166.85000,-0.73873,2.88701,0.05216
5166.90000,-0.73820,2.88704,0.06774
5166.95000,-0.73784,2.88706,0.05019
5167.00000,-0.73575,2.88713,0.01620
5167.05000,-0.73141,2.88710,-0.02595
5167.10000,-0.72544,2.88680,-0.07326
5167.15000,-0.71900,2.88639,-0.11535
5167.20000,-0.71242,2.88579,-0.13415
5167.25000,-0.70803,2.88545,-0.14035
5167.30000,-0.70550,2.88514,-0.16662
5167.35000,-0.70280,2.88468,-0.18413
5167.40000,-0.70029,2.88430,-0.17966
5167.45000,-0.69798,2.88410,-0.16682
5167.50000,-0.69592,2.88407,-0.14672
5167.55000,-0.69472,2.88422,-0.12144
5167.60000,-0.69445,2.88419,-0.10502
5167.65000,-0.69450,2.88427,-0.11541
5167.70000,-0.69319,2.88397,-0.14656
5167.75000,-0.68942,2.88329,-0.18887
5167.80000,-0.68369,2.88204,-0.23532
5167.85000,-0.67704,2.88051,-0.27504
5167.90000,-0.67041,2.87896,-0.29922
5167.95000,-0.66380,2.87737,-0.30191
5168.00000,-0.65721,2.87581,-0.30256
5168.05000,-0.65066,2.87428,-0.30186
5168.10000,-0.64411,2.87275,-0.30097
5168.15000,-0.63804,2.87128,-0.29180
5168.20000,-0.63302,2.87004,-0.27670
5168.25000,-0.62904,2.86903,-0.25661
5168.30000,-0.62615,2.86834,-0.23150
5168.35000,-0.62535,2.86821,-0.21226
5168.40000,-0.62508,2.86846,-0.21451
5168.45000,-0.62460,2.86832,-0.22950
5168.50000,-0.62253,2.86772,-0.25472
5168.55000,-0.61766,2.86641,-0.28123
5168.60000,-0.61393,2.86543,-0.29554
5168.65000,-0.61131,2.86455,-0.30950
5168.70000,-0.60854,2.86352,-0.30321
5168.75000,-0.60593,2.86263,-0.28926
5168.80000,-0.60349,2.86188,-0.26803
5168.85000,-0.60245,2.86173,-0.25145
5168.90000,-0.60165,2.86156,-0.24229
5168.95000,-0.60090,2.86141,-0.20827
5169.00000,-0.60069,2.86135,-0.17044
5169.05000,-0.60028,2.86131,-0.14539
5169.10000,-0.60018,2.86154,-0.14025
5169.15000,-0.59937,2.86130,-0.15675
5169.20000,-0.59562,2.86056,-0.19015
5169.25000,-0.58997,2.85935,-0.23281
5169.30000,-0.58331,2.85759,-0.28068
5169.35000,-0.57600,2.85548,-0.31954
5169.40000,-0.56841,2.85307,-0.33865
5169.45000,-0.56066,2.85040,-0.33665
5169.50000,-0.55764,2.84944,-0.32851
5169.55000,-0.55600,2.84894,-0.31994
5169.60000,-0.55490,2.84864,-0.30688
5169.65000,-0.55397,2.84842,-0.29869
5169.70000,-0.55283,2.84809,-0.26520
5169.75000,-0.55200,2.84806,-0.24056
5169.80000,-0.55155,2.84819,-0.24123
5169.85000,-0.54986,2.84768,-0.25990
5169.90000,-0.54547,2.84640,-0.29302
5169.95000,-0.53955,2.84447,-0.33500
5170.00000,-0.53302,2.84217,-0.37262
5170.05000,-0.52631,2.83965,-0.39373
5170.10000,-0.51954,2.83702,-0.39768
5170.15000,-0.51283,2.83429,-0.38354
5170.20000,-0.50675,2.83190,-0.36469
5170.25000,-0.50132,2.82989,-0.34151
5170.30000,-0.49640,2.82821,-0.31491
5170.35000,-0.49196,2.82684,-0.28518
5170.40000,-0.48911,2.82639,-0.26128
5170.45000,-0.48717,2.82622,-0.26426
5170.50000,-0.48348,2.82512,-0.28675
5170.55000,-0.47772,2.82331,-0.31985
5170.60000,-0.47076,2.82085,-0.35985
5170.65000,-0.46332,2.81802,-0.39578
5170.70000,-0.45554,2.81480,-0.40849
5170.75000,-0.44840,2.81188,-0.39463
5170.80000,-0.44393,2.81014,-0.36413
5170.85000,-0.44035,2.80893,-0.32902
5170.90000,-0.43911,2.80857,-0.28627
5170.95000,-0.43856,2.80841,-0.24136
5171.00000,-0.43805,2.80828,-0.19675
5171.05000,-0.43785,2.80825,-0.17118
5171.10000,-0.43754,2.80815,-0.16964
5171.15000,-0.43515,2.80761,-0.18244
5171.20000,-0.42987,2.80649,-0.20993
5171.25000,-0.42282,2.80485,-0.24697
5171.30000,-0.41472,2.80262,-0.28913
5171.35000,-0.40624,2.79990,-0.33294
5171.40000,-0.39790,2.79680,-0.37702
5171.45000,-0.38962,2.79351,-0.41425
5171.50000,-0.38111,2.78994,-0.43339
5171.55000,-0.37215,2.78586,-0.43117
5171.60000,-0.36337,2.78186,-0.42204
5171.65000,-0.35536,2.77834,-0.40772
5171.70000,-0.34994,2.77609,-0.38367
5171.75000,-0.34708,2.77498,-0.34844
5171.80000,-0.34650,2.77478,-0.30330
5171.85000,-0.34631,2.77472,-0.25645
5171.90000,-0.34612,2.77468,-0.20980
5171.95000,-0.34592,2.77464,-0.16337
5172.00000,-0.34573,2.77461,-0.11718
5172.05000,-0.34554,2.77461,-0.08156
5172.10000,-0.34528,2.77451,-0.06693
5172.15000,-0.34367,2.77421,-0.07031
5172.20000,-0.33963,2.77370,-0.08456
5172.25000,-0.33278,2.77296,-0.11439
5172.30000,-0.32410,2.77178,-0.15152
5172.35000,-0.31488,2.77016,-0.18996
5172.40000,-0.30594,2.76846,-0.22024
5172.45000,-0.29856,2.76700,-0.24095
5172.50000,-0.29324,2.76571,-0.25841
5172.55000,-0.28794,2.76443,-0.26950
5172.60000,-0.28259,2.76306,-0.26979
5172.65000,-0.27723,2.76166,-0.25614
5172.70000,-0.27268,2.76053,-0.22657
5172.75000,-0.27060,2.76008,-0.18604
5172.80000,-0.27034,2.76004,-0.13794
5172.85000,-0.27016,2.76002,-0.08964
5172.90000,-0.27000,2.76003,-0.05076
5172.95000,-0.27011,2.76000,-0.03180
5173.00000,-0.26911,2.75984,-0.02985
5173.05000,-0.26579,2.75962,-0.03875
5173.10000,-0.25971,2.75924,-0.05959
5173.15000,-0.25134,2.75856,-0.09367
5173.20000,-0.24218,2.75751,-0.13177
5173.25000,-0.23293,2.75610,-0.16761
5173.30000,-0.22377,2.75457,-0.19591
5173.35000,-0.21472,2.75314,-0.21691
5173.40000,-0.20564,2.75167,-0.23119
5173.45000,-0.19644,2.75005,-0.23419
5173.50000,-0.18725,2.74843,-0.23597
5173.55000,-0.17804,2.74679,-0.23536
5173.60000,-0.16879,2.74508,-0.22409
5173.65000,-0.16081,2.74346,-0.20226
5173.70000,-0.15521,2.74240,-0.16981
5173.75000,-0.15199,2.74190,-0.12710
5173.80000,-0.15113,2.74181,-0.07468
5173.85000,-0.15098,2.74180,-0.01944
5173.90000,-0.15083,2.74180,0.03547
5173.95000,-0.15067,2.74184,0.08293
5174.00000,-0.15053,2.74187,0.11785
5174.05000,-0.15053,2.74180,0.14025
5174.10000,-0.15058,2.74179,0.15263
5174.15000,-0.14889,2.74220,0.15174
5174.20000,-0.14365,2.74317,0.13236
5174.25000,-0.13626,2.74423,0.10184
5174.30000,-0.12727,2.74499,0.06423
5174.35000,-0.11821,2.74540,0.02685
5174.40000,-0.10914,2.74547,-0.01012
5174.45000,-0.10007,2.74521,-0.04723
5174.50000,-0.09100,2.74462,-0.08368
5174.55000,-0.08197,2.74369,-0.12064
5174.60000,-0.07298,2.74244,-0.15764
5174.65000,-0.06401,2.74099,-0.18920
5174.70000,-0.05479,2.73926,-0.20447
5174.75000,-0.04516,2.73708,-0.20108
5174.80000,-0.03532,2.73474,-0.19008
5174.85000,-0.02508,2.73266,-0.17197
5174.90000,-0.01533,2.73111,-0.14774
5174.95000,-0.00979,2.73064,-0.12310
5175.00000,-0.00705,2.73083,-0.11348
5175.05000,-0.00486,2.73071,-0.12890
5175.10000,-0.00116,2.73011,-0.16472
5175.15000,0.00423,2.72909,-0.20932
5175.20000,0.01068,2.72755,-0.25890
5175.25000,0.01781,2.72545,-0.31196
5175.30000,0.02539,2.72277,-0.36735
5175.35000,0.03318,2.71952,-0.42440
5175.40000,0.04093,2.71603,-0.47500
5175.45000,0.04794,2.71298,-0.51396
5175.50000,0.05314,2.70991,-0.55480
5175.55000,0.05917,2.70598,-0.60093
5175.60000,0.06550,2.70165,-0.64024
5175.65000,0.07206,2.69703,-0.66168
5175.70000,0.07723,2.69319,-0.66389
5175.75000,0.08061,2.69049,-0.68470
5175.80000,0.08475,2.68700,-0.71765
5175.85000,0.08957,2.68278,-0.74859
5175.90000,0.09491,2.67795,-0.75315
5175.95000,0.10021,2.67309,-0.73011
5176.00000,0.10442,2.66946,-0.68869
5176.05000,0.10702,2.66748,-0.64618
5176.10000,0.10874,2.66645,-0.63408
5176.15000,0.11040,2.66531,-0.64632
5176.20000,0.11328,2.66308,-0.66831
5176.25000,0.11757,2.65959,-0.69898
5176.30000,0.12315,2.65471,-0.73911
5176.35000,0.12938,2.64877,-0.78472
5176.40000,0.13566,2.64248,-0.82167
5176.45000,0.14218,2.63588,-0.83706
5176.50000,0.14870,2.62927,-0.84012
5176.55000,0.15520,2.62252,-0.82404
5176.60000,0.16032,2.61716,-0.79033
5176.65000,0.16358,2.61398,-0.74461
5176.70000,0.16468,2.61301,-0.68641
5176.75000,0.16480,2.61295,-0.63467
5176.80000,0.16525,2.61263,-0.60025
5176.85000,0.16570,2.61234,-0.57627
5176.90000,0.16660,2.61175,-0.57891
5176.95000,0.16996,2.60950,-0.59784
5177.00000,0.17512,2.60587,-0.62779
5177.05000,0.18131,2.60120,-0.66480
5177.10000,0.18806,2.59568,-0.70661
5177.15000,0.19475,2.58972,-0.74836
5177.20000,0.20119,2.58349,-0.78946
5177.25000,0.20739,2.57698,-0.82978
5177.30000,0.21352,2.57026,-0.86106
5177.35000,0.21981,2.56310,-0.86439
5177.40000,0.22545,2.55659,-0.84284
5177.45000,0.22933,2.55239,-0.79970
5177.50000,0.23127,2.55047,-0.74476
5177.55000,0.23151,2.55027,-0.68014
5177.60000,0.23162,2.55018,-0.61489
5177.65000,0.23175,2.55012,-0.56145
5177.70000,0.23216,2.54986,-0.53788
5177.75000,0.23362,2.54898,-0.54148
5177.80000,0.23805,2.54623,-0.56355
5177.85000,0.24399,2.54234,-0.59496
5177.90000,0.25101,2.53739,-0.63170
5177.95000,0.25873,2.53152,-0.66840
5178.00000,0.26647,2.52518,-0.70353
5178.05000,0.27397,2.51858,-0.73883
5178.10000,0.28129,2.51189,-0.76415
5178.15000,0.28769,2.50574,-0.76137
5178.20000,0.29384,2.49981,-0.74799
5178.25000,0.29981,2.49406,-0.72189
5178.30000,0.30497,2.48968,-0.68107
5178.35000,0.30785,2.48745,-0.62755
5178.40000,0.30838,2.48708,-0.56222
5178.45000,0.30849,2.48701,-0.49524
5178.50000,0.30863,2.48696,-0.43982
5178.55000,0.30891,2.48684,-0.40945
5178.60000,0.30976,2.48648,-0.40599
5178.65000,0.31377,2.48464,-0.42179
5178.70000,0.32015,2.48165,-0.45142
5178.75000,0.32797,2.47767,-0.48598
5178.80000,0.33615,2.47316,-0.52312
5178.85000,0.34390,2.46847,-0.56102
5178.90000,0.35148,2.46349,-0.59845
5178.95000,0.35888,2.45822,-0.63556
5179.00000,0.36536,2.45323,-0.67964
5179.05000,0.37127,2.44847,-0.72132
5179.10000,0.37539,2.44487,-0.74838
5179.15000,0.37894,2.44143,-0.78652
5179.20000,0.38359,2.43656,-0.82967
5179.25000,0.38894,2.43043,-0.87585
5179.30000,0.39440,2.42354,-0.92537
5179.35000,0.39960,2.41624,-0.97829
5179.40000,0.40487,2.40795,-1.03092
5179.45000,0.40978,2.39924,-1.08306
5179.50000,0.41416,2.39044,-1.13684
5179.55000,0.41719,2.38333,-1.19199
5179.60000,0.41848,2.37979,-1.25573
5179.65000,0.41901,2.37796,-1.32677
5179.70000,0.41914,2.37739,-1.40287
5179.75000,0.41916,2.37726,-1.48044
5179.80000,0.41916,2.37714,-1.55751
5179.85000,0.41916,2.37701,-1.63400
5179.90000,0.41915,2.37689,-1.70989
5179.95000,0.41913,2.37677,-1.78518
5180.00000,0.41909,2.37665,-1.85985
5180.05000,0.41906,2.37653,-1.93388
5180.10000,0.41901,2.37642,-2.00746
5180.15000,0.41895,2.37631,-2.08053
5180.20000,0.41889,2.37621,-2.15303
5180.25000,0.41882,2.37611,-2.22486
5180.30000,0.41874,2.37602,-2.29597
5180.35000,0.41866,2.37593,-2.36636
5180.40000,0.41857,2.37585,-2.43602
5180.45000,0.41847,2.37577,-2.50492
5180.50000,0.41837,2.37571,-2.57306
5180.55000,0.41827,2.37564,-2.64043
5180.60000,0.41816,2.37559,-2.70701
5180.65000,0.41805,2.37554,-2.77279
5180.70000,0.41794,2.37550,-2.83776
5180.75000,0.41782,2.37547,-2.90191
5180.80000,0.41770,2.37545,-2.96523
5180.85000,0.41758,2.37543,-3.02771
5180.90000,0.41746,2.37542,-3.08936
5180.95000,0.41734,2.37542,3.13303
5181.00000,0.41722,2.37542,3.07310
5181.05000,0.41710,2.37543,3.01402
5181.10000,0.41698,2.37545,2.95581
5181.15000,0.41686,2.37548,2.89847
5181.20000,0.41675,2.37551,2.84215
5181.25000,0.41663,2.37555,2.78689
5181.30000,0.41652,2.37559,2.73269
5181.35000,0.41641,2.37564,2.67943
5181.40000,0.41630,2.37570,2.62717
5181.45000,0.41620,2.37576,2.57595
5181.50000,0.41610,2.37583,2.52581
5181.55000,0.41600,2.37590,2.47676
5181.60000,0.41407,2.37758,2.43016
5181.65000,0.40833,2.38274,2.38987
5181.70000,0.40179,2.38913,2.34710
5181.75000,0.39544,2.39593,2.29996
5181.80000,0.38895,2.40354,2.25444
5181.85000,0.38281,2.41143,2.20939
5181.90000,0.37741,2.41893,2.17893
5181.95000,0.37204,2.42668,2.17463
5182.00000,0.36636,2.43491,2.17570
5182.05000,0.36066,2.44314,2.17669
5182.10000,0.35496,2.45135,2.17812
5182.15000,0.34924,2.45956,2.18010
5182.20000,0.34351,2.46776,2.18249
5182.25000,0.33774,2.47595,2.18544
5182.30000,0.33196,2.48412,2.18897
5182.35000,0.32614,2.49226,2.19300
5182.40000,0.32033,2.50033,2.19747
5182.45000,0.31448,2.50837,2.20204
5182.50000,0.30860,2.51636,2.20730
5182.55000,0.30266,2.52435,2.21277
5182.60000,0.29667,2.53232,2.21886
5182.65000,0.29109,2.53976,2.21426
5182.70000,0.28820,2.54382,2.19043
5182.75000,0.28750,2.54484,2.15019
5182.80000,0.28742,2.54496,2.10424
5182.85000,0.28711,2.54546,2.07133
5182.90000,0.28476,2.54972,2.05951
5182.95000,0.28087,2.55703,2.06270
5183.00000,0.27611,2.56581,2.07338
5183.05000,0.27124,2.57459,2.08395
5183.10000,0.26629,2.58326,2.09413
5183.15000,0.26125,2.59188,2.10459
5183.20000,0.25625,2.60027,2.12439
5183.25000,0.25104,2.60846,2.15584
5183.30000,0.24545,2.61660,2.19252
5183.35000,0.23950,2.62461,2.22750
5183.40000,0.23354,2.63205,2.26531
5183.45000,0.22712,2.63946,2.30386
5183.50000,0.22093,2.64606,2.34445
5183.55000,0.21454,2.65234,2.38571
5183.60000,0.20787,2.65838,2.42589
5183.65000,0.20097,2.66414,2.46637
5183.70000,0.19383,2.66962,2.50623
5183.75000,0.18649,2.67481,2.54642
5183.80000,0.17893,2.67971,2.58616
5183.85000,0.17118,2.68431,2.62581
5183.90000,0.16326,2.68860,2.66541
5183.95000,0.15518,2.69257,2.70514
5184.00000,0.14694,2.69621,2.74467
5184.05000,0.13855,2.69954,2.78380
5184.10000,0.13004,2.70253,2.82292
5184.15000,0.12143,2.70518,2.86239
5184.20000,0.11271,2.70750,2.90144
5184.25000,0.10390,2.70948,2.94038
5184.30000,0.09487,2.71117,2.97913
5184.35000,0.08563,2.71253,3.01694
5184.40000,0.07628,2.71354,3.05414
5184.45000,0.06709,2.71418,3.09225
5184.50000,0.05801,2.71446,3.13043
5184.55000,0.04898,2.71439,-3.11377
5184.60000,0.04026,2.71407,-3.08958
5184.65000,0.03182,2.71381,-3.09019
5184.70000,0.02560,2.71372,-3.11095
5184.75000,0.02350,2.71371,3.13438
5184.80000,0.02313,2.71372,3.08914
5184.85000,0.02282,2.71374,3.04367
5184.90000,0.02252,2.71378,2.99845
5184.95000,0.02221,2.71384,2.96263
5185.00000,0.02194,2.71388,2.93847
5185.05000,0.02172,2.71392,2.92233
5185.10000,0.01929,2.71457,2.92832
5185.15000,0.01350,2.71578,2.94717
5185.20000,0.00573,2.71721,2.97413
5185.25000,-0.00352,2.71861,3.00693
5185.30000,-0.01344,2.71978,3.04175
5185.35000,-0.02340,2.72060,3.07628
5185.40000,-0.03336,2.72100,3.10216
5185.45000,-0.04276,2.72110,3.10445
5185.50000,-0.05002,2.72112,3.08768
5185.55000,-0.05363,2.72106,3.05534
5185.60000,-0.05486,2.72110,3.01298
5185.65000,-0.05526,2.72116,2.96722
5185.70000,-0.05566,2.72124,2.92165
5185.75000,-0.05604,2.72134,2.87636
5185.80000,-0.05643,2.72146,2.84073
5185.85000,-0.05712,2.72183,2.82731
5185.90000,-0.06008,2.72293,2.83419
5185.95000,-0.06451,2.72432,2.84736
5186.00000,-0.07049,2.72609,2.86678
5186.05000,-0.07841,2.72823,2.89435
5186.10000,-0.08801,2.73051,2.92901
5186.15000,-0.09782,2.73245,2.96365
5186.20000,-0.10769,2.73405,2.99814
5186.25000,-0.11604,2.73516,3.01231
5186.30000,-0.12284,2.73566,3.00152
5186.35000,-0.12803,2.73607,2.97820
5186.40000,-0.13094,2.73656,2.94525
5186.45000,-0.13167,2.73671,2.90330
5186.50000,-0.13210,2.73683,2.86010
5186.55000,-0.13252,2.73696,2.81706
5186.60000,-0.13292,2.73711,2.78366
5186.65000,-0.13335,2.73732,2.76144
5186.70000,-0.13388,2.73765,2.74804
5186.75000,-0.13455,2.73814,2.74315
5186.80000,-0.13590,2.73884,2.74562
5186.85000,-0.13848,2.73991,2.75402
5186.90000,-0.14264,2.74158,2.76984
5186.95000,-0.14872,2.74388,2.79395
5187.00000,-0.15693,2.74673,2.82650
5187.05000,-0.16650,2.74968,2.86455
5187.10000,-0.17640,2.75231,2.90309
5187.15000,-0.18496,2.75422,2.92257
5187.20000,-0.19244,2.75526,2.91980
5187.25000,-0.19745,2.75546,2.89754
5187.30000,-0.19868,2.75550,2.85899
5187.35000,-0.19911,2.75564,2.81653
5187.40000,-0.19954,2.75579,2.77405
5187.45000,-0.20001,2.75602,2.73880
5187.50000,-0.20082,2.75663,2.72012
5187.55000,-0.20192,2.75758,2.71602
5187.60000,-0.20536,2.75946,2.72959
5187.65000,-0.21293,2.76268,2.76120
5187.70000,-0.22182,2.76606,2.79776
5187.75000,-0.23129,2.76925,2.83598
5187.80000,-0.24088,2.77207,2.87426
5187.85000,-0.25018,2.77434,2.89864
5187.90000,-0.25844,2.77555,2.89686
5187.95000,-0.26428,2.77586,2.87149
5188.00000,-0.26620,2.77623,2.82809
5188.05000,-0.26688,2.77647,2.77819
5188.10000,-0.26759,2.77676,2.72781
5188.15000,-0.26831,2.77709,2.67723
5188.20000,-0.26904,2.77750,2.63457
5188.25000,-0.27032,2.77853,2.62099
5188.30000,-0.27312,2.78043,2.63225
5188.35000,-0.27900,2.78365,2.65798
5188.40000,-0.28648,2.78744,2.69027
5188.45000,-0.29513,2.79151,2.72669
5188.50000,-0.30408,2.79526,2.76605
5188.55000,-0.31356,2.79881,2.80541
5188.60000,-0.32263,2.80169,2.83581
5188.65000,-0.33138,2.80423,2.84571
5188.70000,-0.33987,2.80646,2.83741
5188.75000,-0.34643,2.80837,2.80409
5188.80000,-0.35074,2.80998,2.75941
5188.85000,-0.35534,2.81198,2.71044
5188.90000,-0.36144,2.81497,2.65964
5188.95000,-0.36802,2.81865,2.60569
5189.00000,-0.37432,2.82263,2.54729
5189.05000,-0.38023,2.82662,2.49464
5189.10000,-0.38656,2.83114,2.47184
5189.15000,-0.39232,2.83557,2.48207
5189.20000,-0.39760,2.83964,2.51006
5189.25000,-0.40281,2.84346,2.55072
5189.30000,-0.40869,2.84724,2.59939
5189.35000,-0.41544,2.85109,2.65146
5189.40000,-0.42259,2.85465,2.70644
5189.45000,-0.42913,2.85747,2.76809
5189.50000,-0.43459,2.85950,2.82281
5189.55000,-0.44008,2.86141,2.84266
5189.60000,-0.44532,2.86298,2.83534
5189.65000,-0.45031,2.86458,2.80496
5189.70000,-0.45578,2.86661,2.76353
5189.75000,-0.46285,2.86960,2.71913
5189.80000,-0.47020,2.87287,2.68044
5189.85000,-0.47782,2.87648,2.66784
5189.90000,-0.48456,2.87970,2.68436
5189.95000,-0.49066,2.88258,2.71663
5190.00000,-0.49671,2.88520,2.76141
5190.05000,-0.50349,2.88771,2.81181
5190.10000,-0.51083,2.89000,2.86607
5190.15000,-0.51869,2.89198,2.92272
5190.20000,-0.52690,2.89356,2.98119
5190.25000,-0.53524,2.89465,3.04147
5190.30000,-0.54282,2.89517,3.10614
5190.35000,-0.54979,2.89521,-3.11811
5190.40000,-0.55676,2.89512,-3.07039
5190.45000,-0.56301,2.89500,-3.04127
5190.50000,-0.56603,2.89468,-3.00575
5190.55000,-0.56886,2.89422,-2.95532
5190.60000,-0.57290,2.89334,-2.89934
5190.65000,-0.57788,2.89194,-2.83976
5190.70000,-0.58347,2.89001,-2.77766
5190.75000,-0.58936,2.88754,-2.71365
5190.80000,-0.59544,2.88453,-2.64850
5190.85000,-0.60156,2.88098,-2.58263
5190.90000,-0.60757,2.87693,-2.51612
5190.95000,-0.61334,2.87278,-2.45885
5191.00000,-0.61888,2.86880,-2.42476
5191.05000,-0.62392,2.86521,-2.42516
5191.10000,-0.62745,2.86237,-2.45596
5191.15000,-0.63057,2.85978,-2.49815
5191.20000,-0.63478,2.85677,-2.54934
5191.25000,-0.63970,2.85351,-2.59007
5191.30000,-0.64498,2.85005,-2.60568
5191.35000,-0.65028,2.84663,-2.60953
5191.40000,-0.65566,2.84317,-2.60067
5191.45000,-0.66175,2.83914,-2.56654
5191.50000,-0.66639,2.83599,-2.51425
5191.55000,-0.67122,2.83228,-2.45767
5191.60000,-0.67639,2.82780,-2.39883
5191.65000,-0.68162,2.82269,-2.33815
5191.70000,-0.68684,2.81693,-2.27668
5191.75000,-0.69187,2.81065,-2.21447
5191.80000,-0.69664,2.80385,-2.15197
5191.85000,-0.70032,2.79785,-2.08391
5191.90000,-0.70256,2.79352,-2.00706
5191.95000,-0.70390,2.79033,-1.92432
5192.00000,-0.70489,2.78724,-1.84026
5192.05000,-0.70564,2.78401,-1.75606
5192.10000,-0.70612,2.78068,-1.67180
5192.15000,-0.70632,2.77728,-1.58754
5192.20000,-0.70623,2.77381,-1.50336
5192.25000,-0.70584,2.77032,-1.41929
5192.30000,-0.70515,2.76679,-1.33543
5192.35000,-0.70414,2.76323,-1.25196
5192.40000,-0.70278,2.75965,-1.16893
5192.45000,-0.70112,2.75614,-1.08665
5192.50000,-0.69920,2.75283,-1.00549
5192.55000,-0.69705,2.74972,-0.92548
5192.60000,-0.69470,2.74683,-0.84664
5192.65000,-0.69217,2.74419,-0.76898
5192.70000,-0.68950,2.74179,-0.69250
5192.75000,-0.68671,2.73965,-0.61722
5192.80000,-0.68383,2.73777,-0.54314
5192.85000,-0.68090,2.73613,-0.47026
5192.90000,-0.67792,2.73475,-0.39859
5192.95000,-0.67493,2.73362,-0.32814
5193.00000,-0.67196,2.73272,-0.25890
5193.05000,-0.66900,2.73204,-0.19087
5193.10000,-0.66609,2.73158,-0.12406
5193.15000,-0.66323,2.73132,-0.05846
5193.20000,-0.66045,2.73125,0.00592
5193.25000,-0.65775,2.73135,0.06909
5193.30000,-0.65513,2.73161,0.13105
5193.35000,-0.65260,2.73202,0.19180
5193.40000,-0.65018,2.73257,0.25133
5193.45000,-0.64786,2.73323,0.30967
5193.50000,-0.64328,2.73494,0.36356
5193.55000,-0.63584,2.73797,0.41234
5193.60000,-0.62865,2.74133,0.46615
5193.65000,-0.62101,2.74546,0.52078
5193.70000,-0.61380,2.74988,0.57871
5193.75000,-0.60676,2.75477,0.63578
5193.80000,-0.59992,2.75982,0.68531
5193.85000,-0.59293,2.76507,0.71644
5193.90000,-0.58570,2.77061,0.72963
5193.95000,-0.57831,2.77635,0.73285
5194.00000,-0.57095,2.78247,0.71820
5194.05000,-0.56376,2.78860,0.69567
5194.10000,-0.55645,2.79454,0.67259
5194.15000,-0.54902,2.80030,0.64872
5194.20000,-0.54145,2.80588,0.62451
5194.25000,-0.53378,2.81126,0.59945
5194.30000,-0.52599,2.81644,0.57361
5194.35000,-0.51808,2.82140,0.54696
5194.40000,-0.51005,2.82614,0.52009
5194.45000,-0.50189,2.83067,0.49329
5194.50000,-0.49364,2.83496,0.46550
5194.55000,-0.48528,2.83901,0.43737
5194.60000,-0.47681,2.84283,0.40861
5194.65000,-0.46823,2.84640,0.37950
5194.70000,-0.45958,2.84970,0.34992
5194.75000,-0.45083,2.85275,0.32071
5194.80000,-0.44201,2.85553,0.29074
5194.85000,-0.43311,2.85805,0.26057
5194.90000,-0.42415,2.86029,0.23003
5194.95000,-0.41513,2.86226,0.19941
5195.00000,-0.40606,2.86395,0.16858
5195.05000,-0.39693,2.86536,0.13799
5195.10000,-0.38777,2.86649,0.10707
5195.15000,-0.37859,2.86733,0.07603
5195.20000,-0.36938,2.86789,0.04502
5195.25000,-0.36016,2.86816,0.01396
5195.30000,-0.35093,2.86815,-0.01699
5195.35000,-0.34171,2.86785,-0.04797
5195.40000,-0.33250,2.86726,-0.07863
5195.45000,-0.32331,2.86639,-0.10950
5195.50000,-0.31415,2.86525,-0.13996
5195.55000,-0.30501,2.86382,-0.17007
5195.60000,-0.29593,2.86212,-0.20036
5195.65000,-0.28691,2.86014,-0.23133
5195.70000,-0.27797,2.85789,-0.26242
5195.75000,-0.26911,2.85536,-0.29387
5195.80000,-0.26034,2.85255,-0.32553
5195.85000,-0.25167,2.84947,-0.35733
5195.90000,-0.24310,2.84611,-0.38931
5195.95000,-0.23466,2.84248,-0.42165
5196.00000,-0.22617,2.83861,-0.44473
5196.05000,-0.21748,2.83446,-0.44817
5196.10000,-0.20867,2.83016,-0.43585
5196.15000,-0.20074,2.82654,-0.40211
5196.20000,-0.19508,2.82429,-0.35039
5196.25000,-0.19123,2.82301,-0.28566
5196.30000,-0.18977,2.82262,-0.21023
5196.35000,-0.18911,2.82252,-0.14180
5196.40000,-0.18887,2.82275,-0.10340
5196.45000,-0.18833,2.82260,-0.08892
5196.50000,-0.18577,2.82229,-0.08688
5196.55000,-0.18098,2.82174,-0.09630
5196.60000,-0.17330,2.82084,-0.12081
5196.65000,-0.16421,2.81958,-0.15298
5196.70000,-0.15515,2.81804,-0.18510
5196.75000,-0.14614,2.81620,-0.21705
5196.80000,-0.13721,2.81408,-0.24932
5196.85000,-0.12835,2.81166,-0.28165
5196.90000,-0.11958,2.80897,-0.31453
5196.95000,-0.11134,2.80624,-0.33073
5197.00000,-0.10304,2.80339,-0.32745
5197.05000,-0.09588,2.80112,-0.29846
5197.10000,-0.08982,2.79939,-0.25420
5197.15000,-0.08520,2.79832,-0.19575
5197.20000,-0.08282,2.79792,-0.12531
5197.25000,-0.08179,2.79784,-0.05898
5197.30000,-0.08065,2.79770,-0.01244
5197.35000,-0.08018,2.79771,0.01030
5197.40000,-0.07972,2.79785,0.01894
5197.45000,-0.07850,2.79813,0.02298
5197.50000,-0.07615,2.79845,0.02101
5197.55000,-0.07143,2.79864,0.00836
5197.60000,-0.06528,2.79865,-0.01102
5197.65000,-0.05712,2.79840,-0.04323
5197.70000,-0.04761,2.79782,-0.07844
5197.75000,-0.03769,2.79688,-0.11217
5197.80000,-0.02819,2.79564,-0.14880
5197.85000,-0.01908,2.79408,-0.18645
5197.90000,-0.00991,2.79217,-0.22439
5197.95000,-0.00086,2.78992,-0.26581
5198.00000,0.00778,2.78736,-0.31339
5198.05000,0.01585,2.78452,-0.36670
5198.10000,0.02404,2.78111,-0.42159
5198.15000,0.03284,2.77688,-0.47422
5198.20000,0.04153,2.77213,-0.52556
5198.25000,0.04999,2.76692,-0.57628
5198.30000,0.05819,2.76128,-0.62637
5198.35000,0.06609,2.75524,-0.67576
5198.40000,0.07370,2.74882,-0.72465
5198.45000,0.08098,2.74204,-0.77300
5198.50000,0.08793,2.73492,-0.82077
5198.55000,0.09453,2.72747,-0.86795
5198.60000,0.10079,2.71972,-0.91506
5198.65000,0.10544,2.71334,-0.96734
5198.70000,0.10804,2.70933,-1.02980
5198.75000,0.10941,2.70689,-1.10096
5198.80000,0.11002,2.70557,-1.17808
5198.85000,0.11020,2.70510,-1.25933
5198.90000,0.11023,2.70498,-1.34217
5198.95000,0.11026,2.70485,-1.42496
5199.00000,0.11027,2.70472,-1.50759
5199.05000,0.11027,2.70459,-1.59004
5199.10000,0.11027,2.70445,-1.67229
5199.15000,0.11025,2.70432,-1.75430
5199.20000,0.11022,2.70419,-1.83604
5199.25000,0.11017,2.70406,-1.91747
5199.30000,0.11012,2.70394,-1.99857
5199.35000,0.11006,2.70382,-2.07930
5199.40000,0.10999,2.70370,-2.15962
5199.45000,0.10991,2.70359,-2.23951
5199.50000,0.10982,2.70349,-2.31894
5199.55000,0.10972,2.70339,-2.39787
5199.60000,0.10962,2.70330,-2.47612
5199.65000,0.10950,2.70322,-2.55348
5199.70000,0.10938,2.70314,-2.62994
5199.75000,0.10926,2.70308,-2.70548
5199.80000,0.10913,2.70303,-2.78008
5199.85000,0.10900,2.70298,-2.85380
5199.90000,0.10887,2.70295,-2.92679
5199.95000,0.10873,2.70292,-2.99918
5200.00000,0.10859,2.70291,-3.07096
5200.05000,0.10845,2.70290,3.14110
5200.10000,0.10831,2.70291,3.07064
5200.15000,0.10816,2.70292,3.00089
5200.20000,0.10802,2.70295,2.93187
5200.25000,0.10789,2.70300,2.87338
5200.30000,0.10650,2.70372,2.83770
5200.35000,0.10106,2.70579,2.82159
5200.40000,0.09212,2.70886,2.82139
5200.45000,0.08263,2.71199,2.82404
5200.50000,0.07314,2.71509,2.82677
5200.55000,0.06364,2.71816,2.82984
5200.60000,0.05408,2.72122,2.83384
5200.65000,0.04458,2.72422,2.83808
5200.70000,0.03514,2.72715,2.84254
5200.75000,0.02559,2.73007,2.84723
5200.80000,0.01606,2.73293,2.85283
5200.85000,0.00651,2.73573,2.85894
5200.90000,-0.00313,2.73850,2.86602
5200.95000,-0.01274,2.74117,2.87309
5201.00000,-0.02243,2.74379,2.88071
5201.05000,-0.03191,2.74628,2.88944
5201.10000,-0.04161,2.74873,2.89787
5201.15000,-0.05131,2.75109,2.90669
5201.20000,-0.06103,2.75337,2.91607
5201.25000,-0.07078,2.75555,2.92593
5201.30000,-0.08055,2.75764,2.93609
5201.35000,-0.09033,2.75962,2.94675
5201.40000,-0.10014,2.76150,2.95792
5201.45000,-0.10963,2.76299,2.95951
5201.50000,-0.11674,2.76388,2.93373
5201.55000,-0.12128,2.76492,2.88824
5201.60000,-0.12328,2.76548,2.83188
5201.65000,-0.12396,2.76572,2.78153
5201.70000,-0.12496,2.76621,2.75410
5201.75000,-0.12799,2.76756,2.74150
5201.80000,-0.13301,2.76970,2.73795
5201.85000,-0.13923,2.77236,2.73991
5201.90000,-0.14669,2.77551,2.74757
5201.95000,-0.15547,2.77911,2.76119
5202.00000,-0.16479,2.78275,2.77710
5202.05000,-0.17428,2.78628,2.79379
5202.10000,-0.18371,2.78961,2.81038
5202.15000,-0.19320,2.79278,2.82726
5202.20000,-0.20310,2.79589,2.84611
5202.25000,-0.21302,2.79881,2.86519
5202.30000,-0.22246,2.80115,2.87342
5202.35000,-0.23029,2.80248,2.85724
5202.40000,-0.23407,2.80345,2.82083
5202.45000,-0.23493,2.80375,2.77282
5202.50000,-0.23511,2.80383,2.72305
5202.55000,-0.23530,2.80395,2.68334
5202.60000,-0.23607,2.80447,2.66193
5202.65000,-0.23960,2.80635,2.65791
5202.70000,-0.24687,2.81026,2.67102
5202.75000,-0.25613,2.81485,2.69287
5202.80000,-0.26570,2.81932,2.71539
5202.85000,-0.27537,2.82358,2.73815
5202.90000,-0.28514,2.82762,2.76104
5202.95000,-0.29501,2.83144,2.78448
5203.00000,-0.30405,2.83441,2.79533
5203.05000,-0.31160,2.83663,2.78542
5203.10000,-0.31513,2.83787,2.75676
5203.15000,-0.31508,2.83783,2.71257
5203.20000,-0.31521,2.83789,2.66915
5203.25000,-0.31544,2.83806,2.63349
5203.30000,-0.31719,2.83926,2.62210
5203.35000,-0.32250,2.84228,2.63349
5203.40000,-0.32991,2.84631,2.65569
5203.45000,-0.33907,2.85098,2.68514
5203.50000,-0.34824,2.85531,2.71598
5203.55000,-0.35729,2.85925,2.74992
5203.60000,-0.36657,2.86289,2.78459
5203.65000,-0.37600,2.86625,2.81946
5203.70000,-0.38544,2.86922,2.85404
5203.75000,-0.39497,2.87186,2.88781
5203.80000,-0.40499,2.87423,2.92421
5203.85000,-0.41432,2.87599,2.94717
5203.90000,-0.42145,2.87716,2.96252
5203.95000,-0.42706,2.87797,2.97734
5204.00000,-0.43134,2.87851,2.98219
5204.05000,-0.43535,2.87915,2.98764
5204.10000,-0.43937,2.87977,2.98241
5204.15000,-0.44316,2.88015,2.96730
5204.20000,-0.44579,2.87988,2.93650
5204.25000,-0.44568,2.87965,2.89299
5204.30000,-0.44538,2.87955,2.85500
5204.35000,-0.44521,2.87959,2.83377
5204.40000,-0.44636,2.88012,2.83474
5204.45000,-0.44859,2.88083,2.84279
5204.50000,-0.45186,2.88183,2.85646
5204.55000,-0.45672,2.88320,2.87888
5204.60000,-0.46357,2.88494,2.91170
5204.65000,-0.47206,2.88676,2.95267
5204.70000,-0.48090,2.88826,2.99395
5204.75000,-0.48981,2.88940,3.03448
5204.80000,-0.49892,2.89012,3.06231
5204.85000,-0.50770,2.89045,3.06552
5204.90000,-0.51425,2.89065,3.05139
5204.95000,-0.51647,2.89067,3.01962
5205.00000,-0.51664,2.89070,2.97932
5205.05000,-0.51678,2.89067,2.94579
5205.10000,-0.51700,2.89082,2.93080
5205.15000,-0.51811,2.89127,2.93476
5205.20000,-0.51962,2.89163,2.94622
5205.25000,-0.52281,2.89227,2.96222
5205.30000,-0.52679,2.89297,2.98656
5205.35000,-0.53168,2.89370,3.02078
5205.40000,-0.53886,2.89453,3.06219
5205.45000,-0.54721,2.89500,3.11286
5205.50000,-0.55479,2.89501,-3.11259
5205.55000,-0.56264,2.89454,-3.05285
5205.60000,-0.57083,2.89356,-2.99242
5205.65000,-0.57929,2.89203,-2.93172
5205.70000,-0.58779,2.88994,-2.87057
5205.75000,-0.59632,2.88729,-2.80934
5205.80000,-0.60478,2.88407,-2.74806
5205.85000,-0.61314,2.88030,-2.68685
5205.90000,-0.62140,2.87594,-2.62600
5205.95000,-0.62946,2.87105,-2.56532
5206.00000,-0.63731,2.86560,-2.50503
5206.05000,-0.64488,2.85964,-2.44493
5206.10000,-0.65216,2.85318,-2.38516
5206.15000,-0.65911,2.84621,-2.32575
5206.20000,-0.66574,2.83874,-2.26710
5206.25000,-0.67191,2.83089,-2.20838
5206.30000,-0.67753,2.82306,-2.16291
5206.35000,-0.68258,2.81553,-2.14842
5206.40000,-0.68730,2.80836,-2.15568
5206.45000,-0.68981,2.80463,-2.18510
5206.50000,-0.69054,2.80362,-2.22860
5206.55000,-0.69069,2.80343,-2.27653
5206.60000,-0.69085,2.80326,-2.32452
5206.65000,-0.69098,2.80315,-2.36425
5206.70000,-0.69129,2.80291,-2.38210
5206.75000,-0.69180,2.80255,-2.37650
5206.80000,-0.69234,2.80211,-2.35496
5206.85000,-0.69384,2.80056,-2.32398
5206.90000,-0.69665,2.79744,-2.28409
5206.95000,-0.70034,2.79315,-2.24540
5207.00000,-0.70321,2.78958,-2.22380
5207.05000,-0.70508,2.78708,-2.20767
5207.10000,-0.70679,2.78478,-2.22028
5207.15000,-0.70781,2.78343,-2.23558
5207.20000,-0.70868,2.78235,-2.23946
5207.25000,-0.70947,2.78134,-2.24870
5207.30000,-0.70985,2.78086,-2.25642
5207.35000,-0.70987,2.78086,-2.28905
5207.40000,-0.71002,2.78070,-2.33635
5207.45000,-0.71014,2.78061,-2.37637
5207.50000,-0.71045,2.78039,-2.39062
5207.55000,-0.71098,2.78002,-2.38312
5207.60000,-0.71142,2.77969,-2.36531
5207.65000,-0.71281,2.77829,-2.33776
5207.70000,-0.71541,2.77549,-2.30057
5207.75000,-0.71928,2.77096,-2.25341
5207.80000,-0.72378,2.76539,-2.21126
5207.85000,-0.72854,2.75947,-2.20144
5207.90000,-0.73282,2.75391,-2.21682
5207.95000,-0.73444,2.75183,-2.25712
5208.00000,-0.73470,2.75152,-2.30735
5208.05000,-0.73486,2.75135,-2.35858
5208.10000,-0.73501,2.75123,-2.39972
5208.15000,-0.73517,2.75118,-2.41796
5208.20000,-0.73559,2.75090,-2.40999
5208.25000,-0.73687,2.74972,-2.38595
5208.30000,-0.73946,2.74720,-2.35278
5208.35000,-0.74335,2.74312,-2.30976
5208.40000,-0.74836,2.73732,-2.26178
5208.45000,-0.75396,2.73021,-2.21356
5208.50000,-0.75903,2.72334,-2.17454
5208.55000,-0.76357,2.71686,-2.16830
5208.60000,-0.76715,2.71165,-2.19040
5208.65000,-0.76952,2.70845,-2.22930
5208.70000,-0.77025,2.70754,-2.28018
5208.75000,-0.77042,2.70735,-2.33510
5208.80000,-0.77061,2.70716,-2.39009
5208.85000,-0.77081,2.70698,-2.44504
5208.90000,-0.77103,2.70683,-2.48816
5208.95000,-0.77142,2.70660,-2.50174
5209.00000,-0.77304,2.70538,-2.48600
5209.05000,-0.77704,2.70223,-2.45674
5209.10000,-0.78231,2.69777,-2.42061
5209.15000,-0.78841,2.69219,-2.37957
5209.20000,-0.79491,2.68570,-2.33488
5209.25000,-0.80158,2.67840,-2.28806
5209.30000,-0.80798,2.67072,-2.24165
5209.35000,-0.81366,2.66334,-2.20985
5209.40000,-0.81862,2.65662,-2.20796
5209.45000,-0.82228,2.65177,-2.23444
5209.50000,-0.82483,2.64861,-2.27740
5209.55000,-0.82565,2.64770,-2.33230
5209.60000,-0.82599,2.64735,-2.39042
5209.65000,-0.82637,2.64703,-2.44852
5209.70000,-0.82676,2.64673,-2.49420
5209.75000,-0.82766,2.64604,-2.50576
5209.80000,-0.82993,2.64434,-2.48870
5209.85000,-0.83429,2.64093,-2.46094
5209.90000,-0.83993,2.63620,-2.42634
5209.95000,-0.84639,2.63036,-2.38676
5210.00000,-0.85328,2.62361,-2.34367
5210.05000,-0.86009,2.61630,-2.29936
5210.10000,-0.86656,2.60901,-2.26313
5210.15000,-0.87270,2.60198,-2.24947
5210.20000,-0.87849,2.59523,-2.26223
5210.25000,-0.88356,2.58927,-2.29333
5210.30000,-0.88689,2.58563,-2.33750
5210.35000,-0.88815,2.58438,-2.39474
5210.40000,-0.88882,2.58380,-2.45583
5210.45000,-0.88952,2.58326,-2.51681
5210.50000,-0.89025,2.58276,-2.56516
5210.55000,-0.89142,2.58193,-2.58052
5210.60000,-0.89410,2.58016,-2.56692
5210.65000,-0.89901,2.57689,-2.54134
5210.70000,-0.90538,2.57238,-2.50862
5210.75000,-0.91264,2.56684,-2.47082
5210.80000,-0.92052,2.56034,-2.42910
5210.85000,-0.92825,2.55368,-2.39496
5210.90000,-0.93556,2.54739,-2.37720
5210.95000,-0.94246,2.54145,-2.38049
5211.00000,-0.94936,2.53548,-2.39451
5211.05000,-0.95580,2.52981,-2.42567
5211.10000,-0.96022,2.52611,-2.47102
5211.15000,-0.96226,2.52457,-2.52958
5211.20000,-0.96346,2.52378,-2.59279
5211.25000,-0.96472,2.52307,-2.65578
5211.30000,-0.96598,2.52244,-2.70723
5211.35000,-0.96790,2.52127,-2.72556
5211.40000,-0.97133,2.51961,-2.71343
5211.45000,-0.97707,2.51691,-2.68969
5211.50000,-0.98446,2.51318,-2.65897
5211.55000,-0.99292,2.50856,-2.62330
5211.60000,-1.00151,2.50344,-2.58656
5211.65000,-1.00991,2.49802,-2.55013
5211.70000,-1.01805,2.49255,-2.52236
5211.75000,-1.02630,2.48690,-2.51432
5211.80000,-1.03439,2.48132,-2.52760
5211.85000,-1.04150,2.47645,-2.55845
5211.90000,-1.04646,2.47332,-2.60136
5211.95000,-1.04892,2.47191,-2.65644
5212.00000,-1.04975,2.47151,-2.71893
5212.05000,-1.05056,2.47118,-2.77029
5212.10000,-1.05173,2.47060,-2.78774
5212.15000,-1.05523,2.46924,-2.77811
5212.20000,-1.06160,2.46672,-2.75594
5212.25000,-1.06938,2.46345,-2.72645
5212.30000,-1.07819,2.45935,-2.69145
5212.35000,-1.08681,2.45511,-2.65460
5212.40000,-1.09475,2.45072,-2.61772
5212.45000,-1.10265,2.44613,-2.58810
5212.50000,-1.11055,2.44146,-2.58093
5212.55000,-1.11734,2.43748,-2.60236
5212.60000,-1.12129,2.43525,-2.64698
5212.65000,-1.12288,2.43443,-2.70346
5212.70000,-1.12334,2.43423,-2.76482
5212.75000,-1.12379,2.43407,-2.82589
5212.80000,-1.12428,2.43392,-2.87600
5212.85000,-1.12543,2.43318,-2.89503
5212.90000,-1.12797,2.43211,-2.89133
5212.95000,-1.13348,2.43060,-2.87536
5213.00000,-1.14204,2.42812,-2.84660
5213.05000,-1.15181,2.42505,-2.81182
5213.10000,-1.16041,2.42194,-2.77589
5213.15000,-1.16887,2.41853,-2.74067
5213.20000,-1.17730,2.41492,-2.71275
5213.25000,-1.18563,2.41136,-2.70632
5213.30000,-1.19351,2.40799,-2.72437
5213.35000,-1.19949,2.40545,-2.75882
5213.40000,-1.20311,2.40407,-2.80415
5213.45000,-1.20417,2.40372,-2.86049
5213.50000,-1.20443,2.40365,-2.92007
5213.55000,-1.20470,2.40361,-2.96992
5213.60000,-1.20522,2.40336,-3.00209
5213.65000,-1.20682,2.40237,-3.01006
5213.70000,-1.21133,2.40126,-2.99895
5213.75000,-1.21940,2.39997,-2.97332
5213.80000,-1.22913,2.39816,-2.94096
5213.85000,-1.23889,2.39601,-2.90871
5213.90000,-1.24858,2.39355,-2.87695
5213.95000,-1.25819,2.39078,-2.84525
5214.00000,-1.26771,2.38771,-2.81340
5214.05000,-1.27706,2.38459,-2.78917
5214.10000,-1.28609,2.38172,-2.78611
5214.15000,-1.29488,2.37908,-2.79426
5214.20000,-1.30348,2.37660,-2.81046
5214.25000,-1.31117,2.37430,-2.83701
5214.30000,-1.31641,2.37275,-2.87509
5214.35000,-1.31908,2.37208,-2.92424
5214.40000,-1.31961,2.37198,-2.98214
5214.45000,-1.31997,2.37193,-3.04053
5214.50000,-1.32034,2.37191,-3.08987
5214.55000,-1.32116,2.37171,-3.12050
5214.60000,-1.32288,2.37162,-3.12704
5214.65000,-1.32693,2.37147,-3.11941
5214.70000,-1.33436,2.37119,-3.09817
5214.75000,-1.34409,2.37061,-3.06782
5214.80000,-1.35405,2.36972,-3.03670
5214.85000,-1.36398,2.36852,-3.00614
5214.90000,-1.37386,2.36702,-2.97571
5214.95000,-1.38370,2.36522,-2.94509
5215.00000,-1.39335,2.36342,-2.92015
5215.05000,-1.40249,2.36207,-2.91469
5215.10000,-1.41137,2.36096,-2.92030
5215.15000,-1.42007,2.36002,-2.93380
5215.20000,-1.42859,2.35923,-2.95520
5215.25000,-1.43597,2.35852,-2.98766
5215.30000,-1.44094,2.35793,-3.03091
5215.35000,-1.44356,2.35770,-3.08436
5215.40000,-1.44427,2.35768,3.13707
5215.45000,-1.44478,2.35769,3.07406
5215.50000,-1.44528,2.35774,3.02009
5215.55000,-1.44592,2.35796,2.98531
5215.60000,-1.44705,2.35858,2.97314
5215.65000,-1.44968,2.35944,2.97467
5215.70000,-1.45501,2.36073,2.98738
5215.75000,-1.46404,2.36208,3.01505
5215.80000,-1.47396,2.36319,3.04576
5215.85000,-1.48391,2.36399,3.07607
5215.90000,-1.49388,2.36449,3.10612
5215.95000,-1.50386,2.36469,3.13600
5216.00000,-1.51384,2.36460,-3.11731
5216.05000,-1.52334,2.36432,-3.09691
5216.10000,-1.53219,2.36414,-3.10284
5216.15000,-1.53995,2.36405,-3.12839
5216.20000,-1.54713,2.36405,3.11687
5216.25000,-1.55310,2.36421,3.06351
5216.30000,-1.55822,2.36472,3.00101
5216.35000,-1.56346,2.36542,2.94399
5216.40000,-1.56903,2.36650,2.91203
5216.45000,-1.57501,2.36805,2.90680
5216.50000,-1.58103,2.36969,2.91527
5216.55000,-1.58729,2.37129,2.94501
5216.60000,-1.59411,2.37255,2.98908
5216.65000,-1.60131,2.37350,3.03927
5216.70000,-1.60926,2.37410,3.09292
5216.75000,-1.61695,2.37427,3.13642
5216.80000,-1.62405,2.37425,-3.12552
5216.85000,-1.63065,2.37423,-3.12718
5216.90000,-1.63676,2.37423,3.13360
5216.95000,-1.64203,2.37433,3.08921
5217.00000,-1.64667,2.37471,3.03230
5217.05000,-1.65222,2.37549,2.97228
5217.10000,-1.65836,2.37674,2.91012
5217.15000,-1.66451,2.37840,2.84505
5217.20000,-1.67065,2.38023,2.78771
5217.25000,-1.67700,2.38232,2.74916
5217.30000,-1.68372,2.38486,2.74037
5217.35000,-1.69060,2.38760,2.74979
5217.40000,-1.69765,2.39042,2.78187
5217.45000,-1.70388,2.39259,2.82775
5217.50000,-1.71105,2.39472,2.87803
5217.55000,-1.71887,2.39661,2.93151
5217.60000,-1.72677,2.39805,2.98880
5217.65000,-1.73466,2.39907,3.03510
5217.70000,-1.74220,2.39958,3.05147
5217.75000,-1.74896,2.39934,3.04606
5217.80000,-1.75542,2.39928,3.02074
5217.85000,-1.76000,2.39969,2.97236
5217.90000,-1.76529,2.40075,2.91782
5217.95000,-1.77158,2.40238,2.86095
5218.00000,-1.77836,2.40455,2.80188
5218.05000,-1.78546,2.40731,2.74143
5218.10000,-1.79250,2.41023,2.68978
5218.15000,-1.79968,2.41334,2.65499
5218.20000,-1.80739,2.41706,2.64797
5218.25000,-1.81546,2.42120,2.66085
5218.30000,-1.82368,2.42547,2.68830
5218.35000,-1.83187,2.42927,2.72804
5218.40000,-1.83978,2.43252,2.77579
5218.45000,-1.84835,2.43556,2.82633
5218.50000,-1.85653,2.43798,2.88237
5218.55000,-1.86480,2.43992,2.94101
5218.60000,-1.87343,2.44141,3.00046
5218.65000,-1.88230,2.44240,3.06050
5218.70000,-1.89141,2.44286,3.12068
5218.75000,-1.90065,2.44278,-3.10218
5218.80000,-1.90925,2.44217,-3.03912
5218.85000,-1.91733,2.44107,-2.97394
5218.90000,-1.92589,2.43934,-2.91069
5218.95000,-1.93502,2.43689,-2.84996
5219.00000,-1.94401,2.43389,-2.78924
5219.05000,-1.95292,2.43031,-2.72897
5219.10000,-1.96090,2.42651,-2.66580
5219.15000,-1.96799,2.42256,-2.59988
5219.20000,-1.97389,2.41874,-2.52979
5219.25000,-1.97932,2.41463,-2.45876
5219.30000,-1.98443,2.41016,-2.38759
5219.35000,-1.98956,2.40500,-2.31814
5219.40000,-1.99400,2.39985,-2.24688
5219.45000,-1.99802,2.39444,-2.17538
5219.50000,-2.00165,2.38878,-2.10378
5219.55000,-2.00484,2.38289,-2.03207
5219.60000,-2.00760,2.37680,-1.96026
5219.65000,-2.00990,2.37056,-1.88834
5219.70000,-2.01174,2.36419,-1.81631
5219.75000,-2.01311,2.35774,-1.74417
5219.80000,-2.01401,2.35123,-1.67189
5219.85000,-2.01443,2.34471,-1.59949
5219.90000,-2.01438,2.33820,-1.52696
5219.95000,-2.01386,2.33176,-1.45430
5220.00000,-2.01288,2.32539,-1.38151
5220.05000,-2.01149,2.31931,-1.30921
5220.10000,-2.00975,2.31363,-1.23780
5220.15000,-2.00772,2.30837,-1.16731
5220.20000,-2.00547,2.30355,-1.09773
5220.25000,-2.00304,2.29917,-1.02906
5220.30000,-2.00048,2.29522,-0.96126
5220.35000,-1.99784,2.29169,-0.89434
5220.40000,-1.99516,2.28857,-0.82826
5220.45000,-1.99247,2.28583,-0.76301
5220.50000,-1.98981,2.28344,-0.69857
5220.55000,-1.98720,2.28139,-0.63490
5220.60000,-1.98466,2.27963,-0.57197
5220.65000,-1.98220,2.27816,-0.50978
5220.70000,-1.97983,2.27693,-0.44827
5220.75000,-1.97757,2.27592,-0.38743
5220.80000,-1.97542,2.27512,-0.32722
5220.85000,-1.97338,2.27449,-0.26761
5220.90000,-1.97144,2.27402,-0.20859
5220.95000,-1.96963,2.27369,-0.15013
5221.00000,-1.96792,2.27348,-0.09219
5221.05000,-1.96632,2.27338,-0.03474
5221.10000,-1.96480,2.27337,0.02214
5221.15000,-1.96331,2.27340,0.06989
5221.20000,-1.96048,2.27378,0.10187
5221.25000,-1.95561,2.27446,0.12390
5221.30000,-1.94888,2.27540,0.13580
5221.35000,-1.94122,2.27649,0.14250
5221.40000,-1.93254,2.27776,0.14437
5221.45000,-1.92292,2.27916,0.14162
5221.50000,-1.91307,2.28055,0.13684
5221.55000,-1.90318,2.28188,0.13172
5221.60000,-1.89329,2.28316,0.12579
5221.65000,-1.88352,2.28435,0.11888
5221.70000,-1.87376,2.28547,0.11141
5221.75000,-1.86402,2.28650,0.10342
5221.80000,-1.85427,2.28746,0.09497
5221.85000,-1.84453,2.28833,0.08606
5221.90000,-1.83479,2.28912,0.07671
5221.95000,-1.82505,2.28980,0.06691
5222.00000,-1.81532,2.29039,0.05671
5222.05000,-1.80559,2.29088,0.04610
5222.10000,-1.79587,2.29127,0.03535
5222.15000,-1.78614,2.29154,0.02448
5222.20000,-1.77642,2.29172,0.01324
5222.25000,-1.76670,2.29178,0.00164
5222.30000,-1.75700,2.29172,-0.01028
5222.35000,-1.74736,2.29161,-0.01171
5222.40000,-1.73860,2.29159,0.00843
5222.45000,-1.73106,2.29173,0.04372
5222.50000,-1.72552,2.29204,0.08797
5222.55000,-1.72242,2.29238,0.14169
5222.60000,-1.72097,2.29252,0.19207
5222.65000,-1.71967,2.29275,0.22231
5222.70000,-1.71728,2.29335,0.23833
5222.75000,-1.71228,2.29469,0.24259
5222.80000,-1.70382,2.29679,0.22955
5222.85000,-1.69450,2.29888,0.21187
5222.90000,-1.68512,2.30081,0.19460
5222.95000,-1.67569,2.30259,0.17716
5223.00000,-1.66625,2.30421,0.15987
5223.05000,-1.65678,2.30565,0.14249
5223.10000,-1.64729,2.30694,0.12494
5223.15000,-1.63778,2.30806,0.10739
5223.20000,-1.62823,2.30898,0.09954
5223.25000,-1.61875,2.30986,0.11134
5223.30000,-1.61078,2.31071,0.14222
5223.35000,-1.60634,2.31114,0.18898
5223.40000,-1.60524,2.31133,0.24430
5223.45000,-1.60453,2.31149,0.28839
5223.50000,-1.60280,2.31209,0.30806
5223.55000,-1.59714,2.31397,0.30474
5223.60000,-1.58904,2.31646,0.28836
5223.65000,-1.57992,2.31906,0.26731
5223.70000,-1.57074,2.32148,0.24648
5223.75000,-1.56151,2.32371,0.22593
5223.80000,-1.55224,2.32574,0.20527
5223.85000,-1.54293,2.32759,0.18423
5223.90000,-1.53353,2.32920,0.17500
5223.95000,-1.52411,2.33085,0.18519
5224.00000,-1.51648,2.33225,0.20819
5224.05000,-1.50937,2.33365,0.23382
5224.10000,-1.50429,2.33470,0.26811
5224.15000,-1.50304,2.33487,0.31488
5224.20000,-1.50198,2.33524,0.36405
5224.25000,-1.50082,2.33559,0.40214
5224.30000,-1.49910,2.33633,0.41851
5224.35000,-1.49396,2.33868,0.41356
5224.40000,-1.48629,2.34197,0.39480
5224.45000,-1.47757,2.34548,0.37088
5224.50000,-1.46874,2.34880,0.34732
5224.55000,-1.45985,2.35190,0.32412
5224.60000,-1.45087,2.35481,0.30095
5224.65000,-1.44179,2.35748,0.29043
5224.70000,-1.43369,2.35986,0.29851
5224.75000,-1.42814,2.36154,0.32076
5224.80000,-1.42553,2.36229,0.35744
5224.85000,-1.42526,2.36238,0.39733
5224.90000,-1.42505,2.36247,0.43679
5224.95000,-1.42478,2.36264,0.47192
5225.00000,-1.42435,2.36300,0.49649
5225.05000,-1.42373,2.36350,0.51120
5225.10000,-1.42177,2.36466,0.51686
5225.15000,-1.41707,2.36738,0.50876
5225.20000,-1.40936,2.37181,0.48479
5225.25000,-1.40045,2.37635,0.45867
5225.30000,-1.39191,2.38043,0.43110
5225.35000,-1.38342,2.38419,0.40257
5225.40000,-1.37469,2.38777,0.37466
5225.45000,-1.36564,2.39118,0.34762
5225.50000,-1.35663,2.39433,0.33343
5225.55000,-1.34955,2.39671,0.33772
5225.60000,-1.34670,2.39771,0.35892
5225.65000,-1.34653,2.39778,0.39151
5225.70000,-1.34635,2.39785,0.42401
5225.75000,-1.34618,2.39793,0.45617
5225.80000,-1.34601,2.39802,0.48801
5225.85000,-1.34586,2.39813,0.51017
5225.90000,-1.34348,2.39955,0.51205
5225.95000,-1.33886,2.40214,0.50333
5226.00000,-1.33281,2.40543,0.48842
5226.05000,-1.32499,2.40948,0.46558
5226.10000,-1.31600,2.41385,0.43771
5226.15000,-1.30688,2.41796,0.40974
5226.20000,-1.29861,2.42140,0.39680
5226.25000,-1.29261,2.42384,0.40133
5226.30000,-1.29053,2.42447,0.42404
5226.35000,-1.29038,2.42454,0.45284
5226.40000,-1.29024,2.42461,0.48150
5226.45000,-1.29010,2.42468,0.50989
5226.50000,-1.28997,2.42476,0.53802
5226.55000,-1.28984,2.42486,0.55810
5226.60000,-1.28925,2.42526,0.56683
5226.65000,-1.28719,2.42658,0.56732
5226.70000,-1.28388,2.42869,0.56146
5226.75000,-1.27923,2.43159,0.54898
5226.80000,-1.27304,2.43531,0.52936
5226.85000,-1.26492,2.43992,0.50106
5226.90000,-1.25608,2.44458,0.47006
5226.95000,-1.24774,2.44867,0.45241
5227.00000,-1.24108,2.45181,0.44842
5227.05000,-1.23648,2.45400,0.45332
5227.10000,-1.23549,2.45441,0.47533
5227.15000,-1.23519,2.45456,0.50091
5227.20000,-1.23508,2.45462,0.52566
5227.25000,-1.23497,2.45469,0.55019
5227.30000,-1.23486,2.45475,0.57453
5227.35000,-1.23475,2.45483,0.59866
5227.40000,-1.23465,2.45491,0.61570
5227.45000,-1.23341,2.45582,0.61870
5227.50000,-1.23067,2.45777,0.61332
5227.55000,-1.22665,2.46057,0.60161
5227.60000,-1.22100,2.46438,0.58185
5227.65000,-1.21339,2.46925,0.55238
5227.70000,-1.20544,2.47395,0.51678
5227.75000,-1.19759,2.47827,0.49559
5227.80000,-1.19111,2.48171,0.48872
5227.85000,-1.18651,2.48412,0.49217
5227.90000,-1.18433,2.48521,0.50867
5227.95000,-1.18406,2.48533,0.53286
5228.00000,-1.18391,2.48542,0.55688
5228.05000,-1.18376,2.48552,0.58086
5228.10000,-1.18359,2.48563,0.60480
5228.15000,-1.18342,2.48576,0.62869
5228.20000,-1.18324,2.48589,0.65252
5228.25000,-1.18318,2.48593,0.66897
5228.30000,-1.18233,2.48661,0.67303
5228.35000,-1.18023,2.48828,0.66844
5228.40000,-1.17721,2.49064,0.65782
5228.45000,-1.17297,2.49387,0.63916
5228.50000,-1.16720,2.49804,0.61130
5228.55000,-1.15989,2.50298,0.57502
5228.60000,-1.15222,2.50780,0.55251
5228.65000,-1.14635,2.51135,0.54677
5228.70000,-1.14291,2.51344,0.55501
5228.75000,-1.14186,2.51407,0.57708
5228.80000,-1.14115,2.51454,0.60164
5228.85000,-1.14046,2.51502,0.62601
5228.90000,-1.13978,2.51553,0.65023
5228.95000,-1.13910,2.51605,0.67428
5229.00000,-1.13842,2.51660,0.69819
5229.05000,-1.13803,2.51696,0.70679
5229.10000,-1.13555,2.51909,0.69817
5229.15000,-1.13164,2.52232,0.68049
5229.20000,-1.12629,2.52654,0.65414
5229.25000,-1.11935,2.53168,0.61878
5229.30000,-1.11194,2.53681,0.59644
5229.35000,-1.10614,2.54070,0.58881
5229.40000,-1.10248,2.54313,0.59387
5229.45000,-1.10131,2.54391,0.61377
5229.50000,-1.10066,2.54437,0.63698
5229.55000,-1.10002,2.54485,0.66006
5229.60000,-1.09938,2.54535,0.68297
5229.65000,-1.09876,2.54585,0.70572
5229.70000,-1.09815,2.54638,0.72835
5229.75000,-1.09755,2.54691,0.75075
5229.80000,-1.09713,2.54729,0.76069
5229.85000,-1.09563,2.54875,0.75810
5229.90000,-1.09257,2.55162,0.74446
5229.95000,-1.08827,2.55550,0.72252
5230.00000,-1.08245,2.56048,0.69124
5230.05000,-1.07573,2.56591,0.66974
5230.10000,-1.07115,2.56950,0.66552
5230.15000,-1.06899,2.57120,0.67635
5230.20000,-1.06836,2.57171,0.69719
5230.25000,-1.06774,2.57224,0.71838
5230.30000,-1.06711,2.57279,0.73958
5230.35000,-1.06648,2.57332,0.76074
5230.40000,-1.06587,2.57385,0.78189
5230.45000,-1.06542,2.57430,0.78755
5230.50000,-1.06311,2.57660,0.77714
5230.55000,-1.05906,2.58050,0.75566
5230.60000,-1.05361,2.58549,0.72520
5230.65000,-1.04691,2.59121,0.68760
5230.70000,-1.03985,2.59688,0.66235
5230.75000,-1.03476,2.60081,0.65411
5230.80000,-1.03156,2.60326,0.65782
5230.85000,-1.02997,2.60449,0.67184
5230.90000,-1.02948,2.60489,0.69262
5230.95000,-1.02910,2.60522,0.71417
5231.00000,-1.02857,2.60570,0.73500
5231.05000,-1.02805,2.60618,0.75566
5231.10000,-1.02761,2.60660,0.77603
5231.15000,-1.02716,2.60705,0.79636
5231.20000,-1.02668,2.60755,0.81651
5231.25000,-1.02634,2.60795,0.82330
5231.30000,-1.02398,2.61047,0.81236
5231.35000,-1.01979,2.61479,0.78904
5231.40000,-1.01424,2.62022,0.75703
5231.45000,-1.00803,2.62604,0.73103
5231.50000,-1.00326,2.63028,0.72189
5231.55000,-1.00033,2.63286,0.72517
5231.60000,-0.99896,2.63408,0.73867
5231.65000,-0.99861,2.63439,0.75869
5231.70000,-0.99829,2.63468,0.77865
5231.75000,-0.99790,2.63507,0.79855
5231.80000,-0.99745,2.63555,0.81857
5231.85000,-0.99702,2.63602,0.83842
5231.90000,-0.99670,2.63638,0.85773
5231.95000,-0.99659,2.63656,0.86436
5232.00000,-0.99430,2.63921,0.85433
5232.05000,-0.99020,2.64381,0.83107
5232.10000,-0.98452,2.64985,0.80115
5232.15000,-0.97757,2.65679,0.76739
5232.20000,-0.97066,2.66333,0.74168
5232.25000,-0.96569,2.66784,0.73098
5232.30000,-0.96301,2.67025,0.73455
5232.35000,-0.96240,2.67080,0.75019
5232.40000,-0.96205,2.67112,0.77018
5232.45000,-0.96168,2.67149,0.79017
5232.50000,-0.96125,2.67194,0.81010
5232.55000,-0.96097,2.67222,0.82904
5232.60000,-0.96082,2.67236,0.84649
5232.65000,-0.96050,2.67273,0.86515
5232.70000,-0.96009,2.67322,0.88403
5232.75000,-0.95983,2.67355,0.90238
5232.80000,-0.95939,2.67411,0.90576
5232.85000,-0.95692,2.67720,0.89402
5232.90000,-0.95281,2.68218,0.87062
5232.95000,-0.94767,2.68808,0.83859
5233.00000,-0.94206,2.69427,0.81282
5233.05000,-0.93815,2.69839,0.80620
5233.10000,-0.93756,2.69905,0.82036
5233.15000,-0.93742,2.69919,0.83822
5233.20000,-0.93751,2.69910,0.85569
5233.25000,-0.93766,2.69892,0.87331
5233.30000,-0.93780,2.69875,0.89077
5233.35000,-0.93793,2.69859,0.90797
5233.40000,-0.93804,2.69844,0.92490
5233.45000,-0.93814,2.69831,0.94160
5233.50000,-0.93805,2.69838,0.95163
5233.55000,-0.93654,2.70045,0.94614
5233.60000,-0.93294,2.70530,0.92307
5233.65000,-0.92794,2.71170,0.89311
5233.70000,-0.92194,2.71887,0.85816
5233.75000,-0.91579,2.72590,0.83237
5233.80000,-0.91183,2.73023,0.82323
5233.85000,-0.90934,2.73293,0.82409
5233.90000,-0.90775,2.73468,0.83075
5233.95000,-0.90743,2.73509,0.84624
5234.00000,-0.90728,2.73525,0.86217
5234.05000,-0.90707,2.73549,0.87769
5234.10000,-0.90692,2.73567,0.89228
5234.15000,-0.90677,2.73587,0.90787
5234.20000,-0.90654,2.73618,0.92259
5234.25000,-0.90636,2.73640,0.93662
5234.30000,-0.90622,2.73660,0.95070
5234.35000,-0.90602,2.73687,0.96490
5234.40000,-0.90602,2.73688,0.97943
5234.45000,-0.90590,2.73699,0.98772
5234.50000,-0.90439,2.73923,0.98194
5234.55000,-0.90080,2.74443,0.95920
5234.60000,-0.89626,2.75067,0.92738
5234.65000,-0.89077,2.75771,0.89060
5234.70000,-0.88548,2.76411,0.86758
5234.75000,-0.88171,2.76855,0.85783
5234.80000,-0.87975,2.77085,0.85973
5234.85000,-0.87918,2.77151,0.87054
5234.90000,-0.87931,2.77136,0.88578
5234.95000,-0.87943,2.77120,0.90103
5235.00000,-0.87956,2.77104,0.91616
5235.05000,-0.87967,2.77089,0.93116
5235.10000,-0.87979,2.77073,0.94604
5235.15000,-0.87990,2.77058,0.96078
5235.20000,-0.88000,2.77043,0.97539
5235.25000,-0.88010,2.77028,0.98986
5235.30000,-0.88020,2.77013,1.00418
5235.35000,-0.88010,2.77019,1.01205
5235.40000,-0.87861,2.77247,1.00527
5235.45000,-0.87561,2.77704,0.97908
5235.50000,-0.87121,2.78333,0.94658
5235.55000,-0.86644,2.78987,0.92282
5235.60000,-0.86297,2.79447,0.91203
5235.65000,-0.86188,2.79595,0.90423
5235.70000,-0.86063,2.79748,0.87447
5235.75000,-0.85749,2.80108,0.83733
5235.80000,-0.85326,2.80557,0.79313
5235.85000,-0.84788,2.81077,0.74531
5235.90000,-0.84190,2.81601,0.69316
5235.95000,-0.83505,2.82139,0.63959
5236.00000,-0.82759,2.82663,0.58455
5236.05000,-0.81952,2.83166,0.52889
5236.10000,-0.81083,2.83641,0.47323
5236.15000,-0.80187,2.84068,0.41662
5236.20000,-0.79414,2.84392,0.38377
5236.25000,-0.78864,2.84609,0.37771
5236.30000,-0.78534,2.84732,0.38324
5236.35000,-0.78466,2.84759,0.39023
5236.40000,-0.78415,2.84778,0.39632
5236.45000,-0.78365,2.84797,0.40725
5236.50000,-0.78325,2.84813,0.41689
5236.55000,-0.78277,2.84834,0.42714
5236.60000,-0.78236,2.84854,0.42554
5236.65000,-0.78193,2.84878,0.41199
5236.70000,-0.78056,2.84938,0.38647
5236.75000,-0.77777,2.85053,0.34878
5236.80000,-0.77371,2.85197,0.32277
5236.85000,-0.77076,2.85293,0.30203
5236.90000,-0.76870,2.85355,0.28948
5236.95000,-0.76726,2.85398,0.27839
5237.00000,-0.76507,2.85459,0.25130
5237.05000,-0.76188,2.85539,0.23824
5237.10000,-0.75960,2.85594,0.22675
5237.15000,-0.75800,2.85629,0.21957
5237.20000,-0.75736,2.85640,0.23627
5237.25000,-0.75728,2.85641,0.25606
5237.30000,-0.75711,2.85646,0.27665
5237.35000,-0.75705,2.85648,0.29705
5237.40000,-0.75699,2.85650,0.31361
5237.45000,-0.75693,2.85653,0.32697
5237.50000,-0.75661,2.85668,0.33758
5237.55000,-0.75521,2.85720,0.34679
5237.60000,-0.75382,2.85771,0.35250
5237.65000,-0.75245,2.85822,0.35544
5237.70000,-0.75108,2.85873,0.35503
5237.75000,-0.74969,2.85929,0.34578
5237.80000,-0.74822,2.85995,0.32424
5237.85000,-0.74560,2.86090,0.28684
5237.90000,-0.74036,2.86232,0.23535
5237.95000,-0.73384,2.86368,0.17781
5238.00000,-0.72711,2.86470,0.13149
5238.05000,-0.72239,2.86523,0.10218
5238.10000,-0.71837,2.86557,0.05824
5238.15000,-0.71453,2.86568,0.01656
5238.20000,-0.71177,2.86569,-0.01107
5238.25000,-0.71031,2.86567,-0.03879
5238.30000,-0.70883,2.86567,-0.04391
5238.35000,-0.70752,2.86574,-0.03286
5238.40000,-0.70651,2.86577,-0.01463
5238.45000,-0.70625,2.86577,0.00832
5238.50000,-0.70638,2.86577,0.01997
5238.55000,-0.70658,2.86577,0.02204
5238.60000,-0.70676,2.86578,0.04194
5238.65000,-0.70644,2.86578,0.05675
5238.70000,-0.70639,2.86577,0.03928
5238.75000,-0.70509,2.86579,0.00186
5238.80000,-0.70280,2.86577,-0.02235
5238.85000,-0.70128,2.86573,-0.03830
5238.90000,-0.70019,2.86568,-0.05450
5238.95000,-0.69874,2.86570,-0.04632
5239.00000,-0.69750,2.86579,-0.03086
5239.05000,-0.69706,2.86579,-0.02081
5239.10000,-0.69664,2.86578,-0.03534
5239.15000,-0.69542,2.86569,-0.07072
5239.20000,-0.69207,2.86537,-0.11742
5239.25000,-0.68761,2.86486,-0.15671
5239.30000,-0.68434,2.86443,-0.18260
5239.35000,-0.68241,2.86406,-0.20065
5239.40000,-0.68106,2.86388,-0.18783
5239.45000,-0.68069,2.86383,-0.16729
5239.50000,-0.68027,2.86380,-0.14701
5239.55000,-0.68014,2.86378,-0.12810
5239.60000,-0.67982,2.86377,-0.10887
5239.65000,-0.67967,2.86376,-0.08971
5239.70000,-0.67944,2.86375,-0.07130
5239.75000,-0.67916,2.86375,-0.06503
5239.80000,-0.67903,2.86375,-0.06464
5239.85000,-0.67882,2.86376,-0.06135
5239.90000,-0.67868,2.86383,-0.06646
5239.95000,-0.67862,2.86385,-0.06671
5240.00000,-0.67857,2.86385,-0.06873
5240.05000,-0.67822,2.86383,-0.05362
5240.10000,-0.67814,2.86383,-0.03785
5240.15000,-0.67824,2.86383,-0.03222
5240.20000,-0.67816,2.86382,-0.03448
5240.25000,-0.67808,2.86382,-0.03058
5240.30000,-0.67791,2.86381,-0.05274
5240.35000,-0.67700,2.86374,-0.07676
5240.40000,-0.67602,2.86365,-0.07893
5240.45000,-0.67554,2.86363,-0.08264
5240.50000,-0.67476,2.86354,-0.10883
5240.55000,-0.67289,2.86334,-0.13022
5240.60000,-0.67106,2.86315,-0.12774
5240.65000,-0.67049,2.86312,-0.12662
5240.70000,-0.67007,2.86305,-0.15101
5240.75000,-0.66787,2.86262,-0.19114
5240.80000,-0.66303,2.86157,-0.23568
5240.85000,-0.65758,2.86029,-0.27359
5240.90000,-0.65211,2.85892,-0.28702
5240.95000,-0.64765,2.85783,-0.28721
5241.00000,-0.64377,2.85684,-0.28411
5241.05000,-0.64044,2.85598,-0.27779
5241.10000,-0.63887,2.85569,-0.26307
5241.15000,-0.63877,2.85572,-0.24235
5241.20000,-0.63839,2.85567,-0.21979
5241.25000,-0.63808,2.85563,-0.19832
5241.30000,-0.63776,2.85560,-0.17565
5241.35000,-0.63738,2.85555,-0.15287
5241.40000,-0.63705,2.85552,-0.13054
5241.45000,-0.63682,2.85557,-0.11973
5241.50000,-0.63644,2.85553,-0.13339
5241.55000,-0.63411,2.85510,-0.16628
5241.60000,-0.62945,2.85421,-0.20750
5241.65000,-0.62424,2.85305,-0.23821
5241.70000,-0.61928,2.85195,-0.24037
5241.75000,-0.61665,2.85145,-0.23930
5241.80000,-0.61470,2.85103,-0.26341
5241.85000,-0.61206,2.85024,-0.28079
5241.90000,-0.60936,2.84948,-0.27498
5241.95000,-0.60794,2.84917,-0.25372
5242.00000,-0.60749,2.84911,-0.22657
5242.05000,-0.60721,2.84893,-0.21161
5242.10000,-0.60673,2.84867,-0.22225
5242.15000,-0.60439,2.84802,-0.25356
5242.20000,-0.59943,2.84661,-0.29239
5242.25000,-0.59359,2.84486,-0.32440
5242.30000,-0.58782,2.84306,-0.32934
5242.35000,-0.58419,2.84195,-0.31757
5242.40000,-0.58314,2.84172,-0.29382
5242.45000,-0.58299,2.84167,-0.26594
5242.50000,-0.58280,2.84162,-0.23792
5242.55000,-0.58234,2.84154,-0.20824
5242.60000,-0.58190,2.84148,-0.17898
5242.65000,-0.58158,2.84148,-0.14826
5242.70000,-0.58153,2.84151,-0.13196
5242.75000,-0.58152,2.84147,-0.14064
5242.80000,-0.57933,2.84098,-0.16735
5242.85000,-0.57541,2.84033,-0.18800
5242.90000,-0.57268,2.83987,-0.19892
5242.95000,-0.56919,2.83910,-0.22802
5243.00000,-0.56459,2.83807,-0.24720
5243.05000,-0.56115,2.83734,-0.25802
5243.10000,-0.55886,2.83681,-0.26773
5243.15000,-0.55740,2.83650,-0.27050
5243.20000,-0.55631,2.83620,-0.27680
5243.25000,-0.55529,2.83599,-0.25752
5243.30000,-0.55474,2.83597,-0.23031
5243.35000,-0.55474,2.83605,-0.21449
5243.40000,-0.55451,2.83599,-0.22446
5243.45000,-0.55184,2.83521,-0.25286
5243.50000,-0.54711,2.83387,-0.29101
5243.55000,-0.54040,2.83170,-0.33282
5243.60000,-0.53314,2.82925,-0.37018
5243.65000,-0.52593,2.82680,-0.38602
5243.70000,-0.52025,2.82474,-0.37897
5243.75000,-0.51730,2.82373,-0.35816
5243.80000,-0.51649,2.82344,-0.32362
5243.85000,-0.51551,2.82312,-0.28738
5243.90000,-0.51481,2.82290,-0.27107
5243.95000,-0.51440,2.82278,-0.25872
5244.00000,-0.51365,2.82259,-0.22546
5244.05000,-0.51307,2.82249,-0.20810
5244.10000,-0.51240,2.82235,-0.21766
5244.15000,-0.50951,2.82160,-0.24371
5244.20000,-0.50469,2.82028,-0.28098
5244.25000,-0.49906,2.81860,-0.31130
5244.30000,-0.49451,2.81724,-0.33326
5244.35000,-0.49173,2.81621,-0.35171
5244.40000,-0.48883,2.81511,-0.34099
5244.45000,-0.48762,2.81480,-0.30614
5244.50000,-0.48742,2.81474,-0.27125
5244.55000,-0.48729,2.81471,-0.23659
5244.60000,-0.48742,2.81476,-0.21640
5244.65000,-0.48782,2.81488,-0.21852
5244.70000,-0.48533,2.81418,-0.24133
5244.75000,-0.48043,2.81287,-0.27662
5244.80000,-0.47413,2.81093,-0.31829
5244.85000,-0.46620,2.80811,-0.36198
5244.90000,-0.45763,2.80492,-0.39911
5244.95000,-0.44888,2.80150,-0.41697
5245.00000,-0.44196,2.79863,-0.40892
5245.05000,-0.43814,2.79701,-0.38708
5245.10000,-0.43670,2.79644,-0.35412
5245.15000,-0.43659,2.79640,-0.31507
5245.20000,-0.43647,2.79637,-0.27583
5245.25000,-0.43636,2.79634,-0.23660
5245.30000,-0.43624,2.79631,-0.19739
5245.35000,-0.43624,2.79639,-0.17087
5245.40000,-0.43662,2.79651,-0.16877
5245.45000,-0.43528,2.79619,-0.18126
5245.50000,-0.43094,2.79525,-0.20966
5245.55000,-0.42449,2.79375,-0.24868
5245.60000,-0.41697,2.79166,-0.29281
5245.65000,-0.40905,2.78925,-0.33235
5245.70000,-0.40092,2.78659,-0.35399
5245.75000,-0.39250,2.78354,-0.35298
5245.80000,-0.38660,2.78152,-0.33099
5245.85000,-0.38246,2.78027,-0.30127
5245.90000,-0.38091,2.77987,-0.26214
5245.95000,-0.38081,2.77984,-0.21758
5246.00000,-0.38071,2.77982,-0.17291
5246.05000,-0.38060,2.77980,-0.12839
5246.10000,-0.38054,2.77980,-0.09899
5246.15000,-0.38077,2.77975,-0.09486
5246.20000,-0.37964,2.77954,-0.10336
5246.25000,-0.37573,2.77896,-0.12506
5246.30000,-0.36921,2.77799,-0.16076
5246.35000,-0.36130,2.77653,-0.20261
5246.40000,-0.35297,2.77480,-0.24034
5246.45000,-0.34437,2.77276,-0.25998
5246.50000,-0.33526,2.77019,-0.25664
5246.55000,-0.32593,2.76775,-0.24568
5246.60000,-0.31701,2.76559,-0.22977
5246.65000,-0.30858,2.76370,-0.20954
5246.70000,-0.30046,2.76206,-0.18606
5246.75000,-0.29391,2.76104,-0.15464
5246.80000,-0.29054,2.76058,-0.11352
5246.85000,-0.28929,2.76047,-0.06256
5246.90000,-0.28924,2.76045,-0.01638
5246.95000,-0.28984,2.76044,0.00738
5247.00000,-0.28966,2.76050,0.01020
5247.05000,-0.28674,2.76053,-0.00272
5247.10000,-0.28114,2.76042,-0.02914
5247.15000,-0.27327,2.76003,-0.06662
5247.20000,-0.26445,2.75926,-0.10825
5247.25000,-0.25556,2.75811,-0.14976
5247.30000,-0.24671,2.75659,-0.19029
5247.35000,-0.23786,2.75485,-0.22430
5247.40000,-0.22876,2.75283,-0.24111
5247.45000,-0.21923,2.75033,-0.23866
5247.50000,-0.20952,2.74777,-0.22039
5247.55000,-0.20084,2.74596,-0.18831
5247.60000,-0.19449,2.74488,-0.14557
5247.65000,-0.19057,2.74439,-0.09222
5247.70000,-0.18915,2.74430,-0.02845
5247.75000,-0.18897,2.74430,0.03157
5247.80000,-0.18870,2.74441,0.08002
5247.85000,-0.18836,2.74460,0.11997
5247.90000,-0.18801,2.74483,0.15105
5247.95000,-0.18764,2.74509,0.17343
5248.00000,-0.18724,2.74536,0.17998
5248.05000,-0.18471,2.74598,0.16792
5248.10000,-0.18014,2.74682,0.14765
5248.15000,-0.17362,2.74793,0.11963
5248.20000,-0.16520,2.74891,0.07951
5248.25000,-0.15539,2.74948,0.03790
5248.30000,-0.14539,2.74966,-0.00219
5248.35000,-0.13540,2.74944,-0.04183
5248.40000,-0.12542,2.74883,-0.08108
5248.45000,-0.11547,2.74782,-0.12028
5248.50000,-0.10557,2.74642,-0.16051
5248.55000,-0.09582,2.74494,-0.19451
5248.60000,-0.08620,2.74356,-0.21980
5248.65000,-0.07658,2.74217,-0.24106
5248.70000,-0.06697,2.74080,-0.26108
5248.75000,-0.05737,2.73942,-0.28052
5248.80000,-0.04776,2.73805,-0.29935
5248.85000,-0.03816,2.73668,-0.31761
5248.90000,-0.02855,2.73530,-0.33429
5248.95000,-0.01891,2.73388,-0.34784
5249.00000,-0.00930,2.73246,-0.36080
5249.05000,-0.00222,2.73157,-0.37438
5249.10000,-0.00015,2.73077,-0.41144
5249.15000,0.00342,2.72903,-0.45673
5249.20000,0.00889,2.72620,-0.50255
5249.25000,0.01154,2.72467,-0.55914
5249.30000,0.01242,2.72409,-0.62383
5249.35000,0.01252,2.72402,-0.69221
5249.40000,0.01260,2.72394,-0.76042
5249.45000,0.01268,2.72386,-0.82833
5249.50000,0.01275,2.72377,-0.89594
5249.55000,0.01282,2.72368,-0.96323
5249.60000,0.01288,2.72359,-1.03017
5249.65000,0.01294,2.72349,-1.09676
5249.70000,0.01298,2.72339,-1.16296
5249.75000,0.01302,2.72329,-1.22876
5249.80000,0.01306,2.72318,-1.29416
5249.85000,0.01309,2.72307,-1.35915
5249.90000,0.01311,2.72296,-1.42368
5249.95000,0.01312,2.72285,-1.48774
5250.00000,0.01312,2.72274,-1.55132
5250.05000,0.01312,2.72263,-1.61441
5250.10000,0.01311,2.72252,-1.67697
5250.15000,0.01310,2.72241,-1.73900
5250.20000,0.01308,2.72230,-1.80045
5250.25000,0.01305,2.72219,-1.86131
5250.30000,0.01301,2.72209,-1.92158
5250.35000,0.01297,2.72198,-1.98125
5250.40000,0.01292,2.72188,-2.04034
5250.45000,0.01287,2.72179,-2.09883
5250.50000,0.01281,2.72169,-2.15672
5250.55000,0.01275,2.72160,-2.21407
5250.60000,0.01268,2.72152,-2.27089
5250.65000,0.01261,2.72144,-2.32719
5250.70000,0.01253,2.72136,-2.38295
5250.75000,0.01245,2.72129,-2.43817
5250.80000,0.01237,2.72122,-2.49284
5250.85000,0.01228,2.72116,-2.54695
5250.90000,0.01219,2.72110,-2.60047
5250.95000,0.01210,2.72105,-2.65338
5251.00000,0.01201,2.72100,-2.70570
5251.05000,0.01191,2.72096,-2.75743
5251.10000,0.01181,2.72092,-2.80856
5251.15000,0.01171,2.72089,-2.85914
5251.20000,0.01161,2.72087,-2.90920
5251.25000,0.01150,2.72084,-2.95868
5251.30000,0.01140,2.72083,-3.00752
5251.35000,0.01130,2.72082,-3.05576
5251.40000,0.01119,2.72081,-3.10346
5251.45000,0.01109,2.72081,3.13233
5251.50000,0.01099,2.72081,3.08517
5251.55000,0.01089,2.72082,3.03818
5251.60000,0.01079,2.72083,2.99130
5251.65000,0.01069,2.72085,2.94456
5251.70000,0.01059,2.72089,2.90777
5251.75000,0.00811,2.72164,2.88332
5251.80000,0.00233,2.72340,2.87326
5251.85000,-0.00564,2.72570,2.87237
5251.90000,-0.01484,2.72824,2.87681
5251.95000,-0.02449,2.73082,2.88354
5252.00000,-0.03416,2.73333,2.89045
5252.05000,-0.04391,2.73579,2.89842
5252.10000,-0.05361,2.73815,2.90657
5252.15000,-0.06334,2.74043,2.91521
5252.20000,-0.07308,2.74263,2.92417
5252.25000,-0.08284,2.74474,2.93344
5252.30000,-0.09262,2.74675,2.94324
5252.35000,-0.10243,2.74866,2.95355
5252.40000,-0.11208,2.75035,2.95506
5252.45000,-0.12051,2.75184,2.93406
5252.50000,-0.12722,2.75337,2.89474
5252.55000,-0.13180,2.75464,2.84420
5252.60000,-0.13424,2.75507,2.79531
5252.65000,-0.13690,2.75606,2.77008
5252.70000,-0.14277,2.75852,2.76737
5252.75000,-0.15143,2.76188,2.77885
5252.80000,-0.16085,2.76538,2.79200
5252.85000,-0.17025,2.76874,2.80472
5252.90000,-0.17967,2.77198,2.81875
5252.95000,-0.18921,2.77508,2.83361
5253.00000,-0.19859,2.77798,2.84971
5253.05000,-0.20831,2.78080,2.86527
5253.10000,-0.21767,2.78333,2.87256
5253.15000,-0.22669,2.78546,2.86154
5253.20000,-0.23380,2.78716,2.82718
5253.25000,-0.23859,2.78884,2.77406
5253.30000,-0.24151,2.79006,2.70697
5253.35000,-0.24318,2.79084,2.64520
5253.40000,-0.24489,2.79174,2.60579
5253.45000,-0.24833,2.79393,2.59763
5253.50000,-0.25472,2.79782,2.60563
5253.55000,-0.26339,2.80287,2.62390
5253.60000,-0.27239,2.80788,2.64268
5253.65000,-0.28164,2.81280,2.66188
5253.70000,-0.29069,2.81738,2.68141
5253.75000,-0.29975,2.82176,2.70050
5253.80000,-0.30913,2.82607,2.72105
5253.85000,-0.31858,2.83018,2.74175
5253.90000,-0.32835,2.83417,2.76428
5253.95000,-0.33747,2.83742,2.77548
5254.00000,-0.34538,2.83988,2.76132
5254.05000,-0.34973,2.84157,2.71931
5254.10000,-0.35410,2.84368,2.66744
5254.15000,-0.35960,2.84670,2.61300
5254.20000,-0.36435,2.84966,2.55056
5254.25000,-0.36812,2.85218,2.49343
5254.30000,-0.37206,2.85493,2.45410
5254.35000,-0.37660,2.85837,2.44417
5254.40000,-0.38140,2.86209,2.44532
5254.45000,-0.38701,2.86663,2.46589
5254.50000,-0.39408,2.87213,2.50008
5254.55000,-0.40190,2.87773,2.53958
5254.60000,-0.41022,2.88323,2.58132
5254.65000,-0.41862,2.88824,2.62502
5254.70000,-0.42670,2.89260,2.67262
5254.75000,-0.43510,2.89661,2.72236
5254.80000,-0.44380,2.90022,2.77255
5254.85000,-0.45249,2.90333,2.82402
5254.90000,-0.46107,2.90591,2.87639
5254.95000,-0.46951,2.90796,2.93110
5255.00000,-0.47774,2.90948,2.98781
5255.05000,-0.48586,2.91049,3.04645
5255.10000,-0.49345,2.91098,3.10875
5255.15000,-0.50074,2.91102,-3.11979
5255.20000,-0.50780,2.91107,-3.08057
5255.25000,-0.51449,2.91116,-3.06785
5255.30000,-0.52101,2.91120,-3.06369
5255.35000,-0.52752,2.91125,-3.06145
5255.40000,-0.53403,2.91130,-3.06285
5255.45000,-0.54057,2.91128,-3.07351
5255.50000,-0.54721,2.91115,-3.09399
5255.55000,-0.55401,2.91089,-3.12697
5255.60000,-0.56037,2.91092,3.10392
5255.65000,-0.56617,2.91133,3.04026
5255.70000,-0.57164,2.91207,2.97216
5255.75000,-0.57698,2.91291,2.91268
5255.80000,-0.58232,2.91378,2.86965
5255.85000,-0.58809,2.91513,2.84917
5255.90000,-0.59405,2.91671,2.84062
5255.95000,-0.59997,2.91825,2.83338
5256.00000,-0.60585,2.91976,2.82779
5256.05000,-0.61170,2.92124,2.82411
5256.10000,-0.61753,2.92270,2.82265
5256.15000,-0.62337,2.92419,2.82674
5256.20000,-0.62926,2.92576,2.84121
5256.25000,-0.63530,2.92751,2.86962
5256.30000,-0.64160,2.92949,2.91364
5256.35000,-0.64904,2.93100,2.96924
5256.40000,-0.65695,2.93214,3.02702
5256.45000,-0.66521,2.93284,3.08625
5256.50000,-0.67360,2.93305,-3.13624
5256.55000,-0.68193,2.93275,-3.07407
5256.60000,-0.69007,2.93194,-3.01037
5256.65000,-0.69821,2.93060,-2.94629
5256.70000,-0.70627,2.92873,-2.88181
5256.75000,-0.71432,2.92631,-2.81752
5256.80000,-0.72231,2.92334,-2.75345
5256.85000,-0.73017,2.91982,-2.68952
5256.90000,-0.73786,2.91578,-2.62581
5256.95000,-0.74537,2.91120,-2.56239
5257.00000,-0.75263,2.90612,-2.49921
5257.05000,-0.75963,2.90053,-2.43633
5257.10000,-0.76630,2.89448,-2.37361
5257.15000,-0.77262,2.88798,-2.31114
5257.20000,-0.77853,2.88109,-2.24868
5257.25000,-0.78403,2.87380,-2.18645
5257.30000,-0.78909,2.86615,-2.12436
5257.35000,-0.79366,2.85822,-2.06220
5257.40000,-0.79708,2.85132,-1.99466
5257.45000,-0.79910,2.84638,-1.91816
5257.50000,-0.80034,2.84249,-1.83680
5257.55000,-0.80126,2.83844,-1.75547
5257.60000,-0.80187,2.83425,-1.67436
5257.65000,-0.80214,2.82992,-1.59350
5257.70000,-0.80207,2.82549,-1.51292
5257.75000,-0.80162,2.82099,-1.43266
5257.80000,-0.80080,2.81645,-1.35272
5257.85000,-0.79960,2.81190,-1.27313
5257.90000,-0.79801,2.80737,-1.19389
5257.95000,-0.79603,2.80289,-1.11501
5258.00000,-0.79366,2.79849,-1.03649
5258.05000,-0.79089,2.79422,-0.95833
5258.10000,-0.78775,2.79010,-0.88053
5258.15000,-0.78424,2.78617,-0.80309
5258.20000,-0.78037,2.78246,-0.72599
5258.25000,-0.77616,2.77900,-0.64924
5258.30000,-0.77163,2.77583,-0.57283
5258.35000,-0.76685,2.77300,-0.49701
5258.40000,-0.76200,2.77060,-0.42245
5258.45000,-0.75716,2.76863,-0.34919
5258.50000,-0.75234,2.76707,-0.27723
5258.55000,-0.74760,2.76590,-0.20656
5258.60000,-0.74295,2.76509,-0.13719
5258.65000,-0.73844,2.76462,-0.06910
5258.70000,-0.73408,2.76447,-0.00230
5258.75000,-0.72988,2.76459,0.06323
5258.80000,-0.72586,2.76498,0.12749
5258.85000,-0.72203,2.76559,0.19049
5258.90000,-0.71840,2.76641,0.25222
5258.95000,-0.71495,2.76741,0.31269
5259.00000,-0.71170,2.76856,0.37192
5259.05000,-0.70864,2.76986,0.42991
5259.10000,-0.70334,2.77251,0.48249
5259.15000,-0.69583,2.77667,0.53259
5259.20000,-0.68806,2.78151,0.58368
5259.25000,-0.68012,2.78706,0.63582
5259.30000,-0.67223,2.79320,0.68803
5259.35000,-0.66471,2.79936,0.73334
5259.40000,-0.65800,2.80480,0.75072
5259.45000,-0.65182,2.80976,0.74588
5259.50000,-0.64562,2.81537,0.73327
5259.55000,-0.63846,2.82172,0.71740
5259.60000,-0.63121,2.82794,0.70003
5259.65000,-0.62383,2.83404,0.68335
5259.70000,-0.61638,2.83999,0.66498
5259.75000,-0.60878,2.84584,0.64845
5259.80000,-0.60112,2.85155,0.63070
5259.85000,-0.59338,2.85708,0.61157
5259.90000,-0.58553,2.86247,0.59233
5259.95000,-0.57760,2.86769,0.57211
5260.00000,-0.56959,2.87274,0.55100
5260.05000,-0.56148,2.87760,0.52927
5260.10000,-0.55328,2.88228,0.50686
5260.15000,-0.54499,2.88674,0.48342
5260.20000,-0.53662,2.89101,0.45931
5260.25000,-0.52815,2.89507,0.43503
5260.30000,-0.51960,2.89891,0.40932
5260.35000,-0.51095,2.90254,0.38415
5260.40000,-0.50225,2.90592,0.35758
5260.45000,-0.49344,2.90908,0.33113
5260.50000,-0.48459,2.91199,0.30383
5260.55000,-0.47567,2.91465,0.27563
5260.60000,-0.46668,2.91705,0.24749
5260.65000,-0.45764,2.91920,0.21896
5260.70000,-0.44857,2.92108,0.18941
5260.75000,-0.43944,2.92269,0.15979
5260.80000,-0.43029,2.92403,0.12999
5260.85000,-0.42113,2.92508,0.09949
5260.90000,-0.41196,2.92585,0.06808
5260.95000,-0.40276,2.92634,0.03676
5261.00000,-0.39358,2.92653,0.00445
5261.05000,-0.38440,2.92641,-0.02871
5261.10000,-0.37522,2.92600,-0.06180
5261.15000,-0.36610,2.92527,-0.09563
5261.20000,-0.35701,2.92424,-0.12937
5261.25000,-0.34795,2.92291,-0.16306
5261.30000,-0.33893,2.92126,-0.19640
5261.35000,-0.32997,2.91932,-0.22969
5261.40000,-0.32109,2.91709,-0.26342
5261.45000,-0.31230,2.91455,-0.29744
5261.50000,-0.30361,2.91173,-0.33188
5261.55000,-0.29503,2.90860,-0.36660
5261.60000,-0.28658,2.90518,-0.40178
5261.65000,-0.27825,2.90147,-0.43695
5261.70000,-0.27005,2.89746,-0.47204
5261.75000,-0.26200,2.89317,-0.50731
5261.80000,-0.25398,2.88867,-0.53474
5261.85000,-0.24559,2.88374,-0.53899
5261.90000,-0.23722,2.87880,-0.53116
5261.95000,-0.22887,2.87387,-0.50704
5262.00000,-0.22159,2.87000,-0.46686
5262.05000,-0.21680,2.86772,-0.41427
5262.10000,-0.21480,2.86690,-0.34885
5262.15000,-0.21469,2.86687,-0.27527
5262.20000,-0.21459,2.86686,-0.21276
5262.25000,-0.21473,2.86708,-0.17344
5262.30000,-0.21484,2.86705,-0.15979
5262.35000,-0.21239,2.86659,-0.16008
5262.40000,-0.20665,2.86548,-0.17535
5262.45000,-0.19809,2.86381,-0.20553
5262.50000,-0.18859,2.86168,-0.23727
5262.55000,-0.17958,2.85932,-0.27046
5262.60000,-0.17078,2.85671,-0.30421
5262.65000,-0.16199,2.85377,-0.33790
5262.70000,-0.15331,2.85054,-0.37201
5262.75000,-0.14483,2.84704,-0.40654
5262.80000,-0.13679,2.84356,-0.42450
5262.85000,-0.13033,2.84084,-0.41114
5262.90000,-0.12576,2.83900,-0.37469
5262.95000,-0.12196,2.83761,-0.32257
5263.00000,-0.12010,2.83704,-0.25739
5263.05000,-0.11924,2.83685,-0.19845
5263.10000,-0.11883,2.83706,-0.16491
5263.15000,-0.11824,2.83690,-0.15675
5263.20000,-0.11524,2.83634,-0.16162
5263.25000,-0.10909,2.83512,-0.18220
5263.30000,-0.10027,2.83334,-0.21353
5263.35000,-0.09085,2.83113,-0.24709
5263.40000,-0.08144,2.82858,-0.28031
5263.45000,-0.07219,2.82575,-0.31375
5263.50000,-0.06355,2.82277,-0.34976
5263.55000,-0.05495,2.81964,-0.37271
5263.60000,-0.04911,2.81746,-0.38572
5263.65000,-0.04499,2.81585,-0.39639
5263.70000,-0.04197,2.81468,-0.40092
5263.75000,-0.03981,2.81377,-0.40750
5263.80000,-0.03835,2.81329,-0.40765
5263.85000,-0.03733,2.81291,-0.41187
5263.90000,-0.03653,2.81268,-0.39759
5263.95000,-0.03586,2.81255,-0.37176
5264.00000,-0.03543,2.81250,-0.34028
5264.05000,-0.03537,2.81284,-0.33540
5264.10000,-0.03382,2.81222,-0.35498
5264.15000,-0.03004,2.81072,-0.38911
5264.20000,-0.02418,2.80816,-0.42828
5264.25000,-0.01694,2.80466,-0.47113
5264.30000,-0.00947,2.80064,-0.51890
5264.35000,-0.00159,2.79586,-0.56866
5264.40000,0.00669,2.79028,-0.61826
5264.45000,0.01469,2.78429,-0.66732
5264.50000,0.02235,2.77827,-0.70887
5264.55000,0.03002,2.77221,-0.73422
5264.60000,0.03801,2.76577,-0.74089
5264.65000,0.04605,2.75925,-0.73698
5264.70000,0.05323,2.75349,-0.72679
5264.75000,0.05813,2.74936,-0.72522
5264.80000,0.06242,2.74551,-0.74642
5264.85000,0.06692,2.74133,-0.76789
5264.90000,0.07088,2.73761,-0.78223
5264.95000,0.07469,2.73373,-0.80722
5265.00000,0.07932,2.72888,-0.82827
5265.05000,0.08433,2.72358,-0.82708
5265.10000,0.08942,2.71816,-0.80721
5265.15000,0.09280,2.71456,-0.77956
5265.20000,0.09541,2.71183,-0.76916
5265.25000,0.09791,2.70930,-0.77052
5265.30000,0.09999,2.70727,-0.77018
5265.35000,0.10170,2.70561,-0.78096
5265.40000,0.10526,2.70201,-0.80691
5265.45000,0.11013,2.69675,-0.84351
5265.50000,0.11553,2.69043,-0.88543
5265.55000,0.12105,2.68350,-0.91377
5265.60000,0.12645,2.67647,-0.91418
5265.65000,0.13137,2.67019,-0.89256
5265.70000,0.13524,2.66554,-0.85596
5265.75000,0.13730,2.66326,-0.80705
5265.80000,0.13765,2.66291,-0.74750
5265.85000,0.13783,2.66278,-0.69815
5265.90000,0.13746,2.66327,-0.67538
5265.95000,0.13764,2.66317,-0.67555
5266.00000,0.13984,2.66138,-0.68975
5266.05000,0.14336,2.65841,-0.71312
5266.10000,0.14826,2.65403,-0.74604
5266.15000,0.15435,2.64816,-0.78802
5266.20000,0.16049,2.64171,-0.83134
5266.25000,0.16637,2.63499,-0.87405
5266.30000,0.17205,2.62802,-0.90169
5266.35000,0.17753,2.62109,-0.90093
5266.40000,0.18316,2.61404,-0.88231
5266.45000,0.18777,2.60861,-0.84785
5266.50000,0.19061,2.60551,-0.80139
5266.55000,0.19139,2.60474,-0.74266
5266.60000,0.19155,2.60460,-0.68051
5266.65000,0.19168,2.60454,-0.63081
5266.70000,0.19166,2.60463,-0.61952
5266.75000,0.19338,2.60340,-0.62742
5266.80000,0.19769,2.60019,-0.65150
5266.85000,0.20335,2.59572,-0.68498
5266.90000,0.20984,2.59021,-0.72409
5266.95000,0.21644,2.58413,-0.76452
5267.00000,0.22281,2.57777,-0.80435
5267.05000,0.22911,2.57121,-0.83558
5267.10000,0.23533,2.56434,-0.83529
5267.15000,0.24044,2.55881,-0.81060
5267.20000,0.24415,2.55504,-0.77043
5267.25000,0.24579,2.55351,-0.71803
5267.30000,0.24598,2.55335,-0.65777
5267.35000,0.24616,2.55322,-0.59758
5267.40000,0.24637,2.55311,-0.54922
5267.45000,0.24633,2.55330,-0.52458
5267.50000,0.24728,2.55273,-0.52588
5267.55000,0.25170,2.55007,-0.54761
5267.60000,0.25781,2.54621,-0.57969
5267.65000,0.26485,2.54140,-0.61761
5267.70000,0.27210,2.53604,-0.65723
5267.75000,0.27912,2.53039,-0.69664
5267.80000,0.28594,2.52446,-0.73522
5267.85000,0.29270,2.51832,-0.76518
5267.90000,0.29975,2.51185,-0.77774
5267.95000,0.30623,2.50564,-0.76001
5268.00000,0.31110,2.50115,-0.72652
5268.05000,0.31380,2.49884,-0.68050
5268.10000,0.31431,2.49844,-0.62290
5268.15000,0.31450,2.49831,-0.56373
5268.20000,0.31472,2.49820,-0.51674
5268.25000,0.31483,2.49823,-0.49961
5268.30000,0.31716,2.49691,-0.50549
5268.35000,0.32271,2.49376,-0.52775
5268.40000,0.32972,2.48953,-0.55755
5268.45000,0.33747,2.48449,-0.59287
5268.50000,0.34566,2.47876,-0.62656
5268.55000,0.35365,2.47275,-0.66024
5268.60000,0.36074,2.46717,-0.68170
5268.65000,0.36777,2.46154,-0.67921
5268.70000,0.37461,2.45604,-0.65974
5268.75000,0.37876,2.45304,-0.63791
5268.80000,0.38165,2.45100,-0.64254
5268.85000,0.38407,2.44913,-0.67261
5268.90000,0.38817,2.44574,-0.71045
5268.95000,0.39317,2.44124,-0.75449
5269.00000,0.39874,2.43574,-0.80229
5269.05000,0.40454,2.42942,-0.85277
5269.10000,0.41032,2.42244,-0.90542
5269.15000,0.41600,2.41480,-0.95920
5269.20000,0.42143,2.40657,-1.01373
5269.25000,0.42649,2.39794,-1.06856
5269.30000,0.43105,2.38905,-1.12368
5269.35000,0.43513,2.37992,-1.17794
5269.40000,0.43870,2.37059,-1.23201
5269.45000,0.44177,2.36107,-1.28548
5269.50000,0.44433,2.35140,-1.33864
5269.55000,0.44637,2.34162,-1.39228
5269.60000,0.44766,2.33264,-1.43000
5269.65000,0.44889,2.32367,-1.44263
5269.70000,0.45000,2.31442,-1.43210
5269.75000,0.45119,2.30603,-1.40553
5269.80000,0.45233,2.29983,-1.36831
5269.85000,0.45313,2.29627,-1.32033
5269.90000,0.45337,2.29539,-1.26172
5269.95000,0.45346,2.29516,-1.20055
5270.00000,0.45355,2.29493,-1.13953
5270.05000,0.45369,2.29470,-1.08947
5270.10000,0.45392,2.29444,-1.06320
5270.15000,0.45445,2.29381,-1.07165
5270.20000,0.45646,2.29002,-1.09884
5270.25000,0.45926,2.28429,-1.13419
5270.30000,0.46248,2.27702,-1.17478
5270.35000,0.46575,2.26867,-1.21917
5270.40000,0.46887,2.25950,-1.26625
5270.45000,0.47164,2.24990,-1.31377
5270.50000,0.47395,2.24017,-1.36149
5270.55000,0.47580,2.23034,-1.40941
5270.60000,0.47717,2.22044,-1.45616
5270.65000,0.47800,2.21114,-1.48800
5270.70000,0.47858,2.20181,-1.49316
5270.75000,0.47919,2.19234,-1.48315
5270.80000,0.47986,2.18505,-1.44937
5270.85000,0.48054,2.18030,-1.40446
5270.90000,0.48094,2.17816,-1.34824
5270.95000,0.48101,2.17788,-1.28351
5271.00000,0.48110,2.17767,-1.22953
5271.05000,0.48121,2.17748,-1.19075
5271.10000,0.48123,2.17744,-1.17469
5271.15000,0.48132,2.17727,-1.18105
5271.20000,0.48192,2.17582,-1.19370
5271.25000,0.48310,2.17277,-1.21307
5271.30000,0.48495,2.16763,-1.24123
5271.35000,0.48736,2.16021,-1.27879
5271.40000,0.48991,2.15097,-1.32333
5271.45000,0.49214,2.14122,-1.36889
5271.50000,0.49392,2.13139,-1.41390
5271.55000,0.49526,2.12148,-1.45905
5271.60000,0.49607,2.11306,-1.48224
5271.65000,0.49661,2.10726,-1.47007
5271.70000,0.49708,2.10323,-1.43303
5271.75000,0.49749,2.10071,-1.37931
5271.80000,0.49765,2.09994,-1.31660
5271.85000,0.49771,2.09975,-1.25051
5271.90000,0.49780,2.09957,-1.19562
5271.95000,0.49772,2.09961,-1.16163
5272.00000,0.49718,2.10016,-1.14982
5272.05000,0.49717,2.10017,-1.15613
5272.10000,0.49768,2.09902,-1.17002
5272.15000,0.49876,2.09641,-1.19135
5272.20000,0.50032,2.09235,-1.22130
5272.25000,0.50231,2.08657,-1.25994
5272.30000,0.50460,2.07887,-1.30710
5272.35000,0.50684,2.06966,-1.35448
5272.40000,0.50877,2.05985,-1.39961
5272.45000,0.51011,2.05078,-1.44970
5272.50000,0.51076,2.04388,-1.50705
5272.55000,0.51092,2.03916,-1.57348
5272.60000,0.51084,2.03674,-1.64892
5272.65000,0.51074,2.03586,-1.72965
5272.70000,0.51070,2.03567,-1.81204
5272.75000,0.51066,2.03550,-1.89314
5272.80000,0.51059,2.03534,-1.97277
5272.85000,0.51052,2.03519,-2.05096
5272.90000,0.51044,2.03504,-2.12772
5272.95000,0.51034,2.03490,-2.20306
5273.00000,0.51024,2.03477,-2.27702
5273.05000,0.51012,2.03464,-2.34962
5273.10000,0.51000,2.03453,-2.42087
5273.15000,0.50987,2.03442,-2.49103
5273.20000,0.50974,2.03433,-2.56045
5273.25000,0.50960,2.03424,-2.62912
5273.30000,0.50945,2.03417,-2.69690
5273.35000,0.50930,2.03410,-2.76344
5273.40000,0.50914,2.03404,-2.82872
5273.45000,0.50898,2.03400,-2.89276
5273.50000,0.50882,2.03396,-2.95556
5273.55000,0.50866,2.03394,-3.01714
5273.60000,0.50849,2.03392,-3.07753
5273.65000,0.50833,2.03391,-3.13675
5273.70000,0.50816,2.03392,3.08838
5273.75000,0.50800,2.03393,3.03148
5273.80000,0.50784,2.03396,2.97571
5273.85000,0.50767,2.03399,2.92106
5273.90000,0.50752,2.03403,2.86752
5273.95000,0.50736,2.03408,2.81509
5274.00000,0.50720,2.03413,2.76374
5274.05000,0.50705,2.03420,2.71347
5274.10000,0.50691,2.03427,2.66425
5274.15000,0.50676,2.03435,2.61609
5274.20000,0.50662,2.03443,2.56897
5274.25000,0.50488,2.03573,2.52247
5274.30000,0.49991,2.03945,2.47752
5274.35000,0.49360,2.04463,2.43144
5274.40000,0.48709,2.05051,2.38337
5274.45000,0.48084,2.05672,2.33588
5274.50000,0.47488,2.06323,2.28917
5274.55000,0.46920,2.07002,2.24326
5274.60000,0.46384,2.07709,2.19814
5274.65000,0.45878,2.08440,2.15383
5274.70000,0.45403,2.09194,2.11034
5274.75000,0.44961,2.09970,2.06769
5274.80000,0.44551,2.10766,2.02591
5274.85000,0.44173,2.11580,1.98500
5274.90000,0.43827,2.12411,1.94501
5274.95000,0.43514,2.13257,1.90595
5275.00000,0.43233,2.14117,1.86787
5275.05000,0.42983,2.14989,1.83078
5275.10000,0.42765,2.15872,1.79482
5275.15000,0.42578,2.16765,1.75982
5275.20000,0.42422,2.17667,1.72591
5275.25000,0.42295,2.18576,1.69314
5275.30000,0.42182,2.19488,1.66040
5275.35000,0.42176,2.19839,1.62991
5275.40000,0.42178,2.19787,1.60067
5275.45000,0.42179,2.19730,1.57253
5275.50000,0.42178,2.19676,1.54521
5275.55000,0.42178,2.19623,1.51845
5275.60000,0.42176,2.19579,1.49265
5275.65000,0.42175,2.19555,1.46843
5275.70000,0.42175,2.19554,1.44545
5275.75000,0.42171,2.19520,1.42159
5275.80000,0.42169,2.19499,1.39919
5275.85000,0.42168,2.19486,1.37764
5275.90000,0.42171,2.19499,1.35769
5275.95000,0.42173,2.19512,1.33836
5276.00000,0.42177,2.19524,1.31981
5276.05000,0.42180,2.19537,1.30202
5276.10000,0.42183,2.19549,1.28499
5276.15000,0.42187,2.19562,1.26870
5276.20000,0.42191,2.19574,1.25314
5276.25000,0.42195,2.19586,1.23830
5276.30000,0.42199,2.19598,1.22417
5276.35000,0.42204,2.19609,1.21213
5276.40000,0.42236,2.19692,1.20107
5276.45000,0.42233,2.19682,1.18843
5276.50000,0.42235,2.19688,1.17772
5276.55000,0.42239,2.19698,1.16786
5276.60000,0.42243,2.19707,1.15861
5276.65000,0.42357,2.19934,1.15258
5276.70000,0.42504,2.20301,1.15346
5276.75000,0.42592,2.20491,1.15515
5276.80000,0.42741,2.20830,1.16597
5276.85000,0.42975,2.21373,1.18207
5276.90000,0.43268,2.22112,1.20668
5276.95000,0.43593,2.22984,1.24175
5277.00000,0.43887,2.23905,1.28535
5277.05000,0.44146,2.24869,1.33074
5277.10000,0.44364,2.25845,1.37163
5277.15000,0.44541,2.26830,1.41614
5277.20000,0.44673,2.27822,1.46069
5277.25000,0.44761,2.28818,1.50534
5277.30000,0.44804,2.29817,1.54974
5277.35000,0.44803,2.30816,1.59386
5277.40000,0.44758,2.31815,1.63769
5277.45000,0.44669,2.32811,1.68127
5277.50000,0.44537,2.33803,1.72468
5277.55000,0.44363,2.34787,1.76793
5277.60000,0.44146,2.35763,1.81096
5277.65000,0.43887,2.36729,1.85338
5277.70000,0.43588,2.37683,1.89578
5277.75000,0.43249,2.38624,1.93773
5277.80000,0.42871,2.39550,1.97959
5277.85000,0.42454,2.40459,2.02112
5277.90000,0.42001,2.41350,2.06233
5277.95000,0.41510,2.42227,2.10293
5278.00000,0.40985,2.43078,2.14319
5278.05000,0.40427,2.43907,2.18305
5278.10000,0.39836,2.44714,2.22248
5278.15000,0.39214,2.45497,2.26144
5278.20000,0.38562,2.46256,2.30038
5278.25000,0.37881,2.46988,2.33899
5278.30000,0.37173,2.47693,2.37772
5278.35000,0.36465,2.48369,2.40915
5278.40000,0.35778,2.49020,2.42916
5278.45000,0.35073,2.49650,2.43112
5278.50000,0.34322,2.50299,2.42707
5278.55000,0.33963,2.50565,2.42175
5278.60000,0.33957,2.50571,2.41354
5278.65000,0.33954,2.50574,2.40452
5278.70000,0.33960,2.50568,2.39494
5278.75000,0.33957,2.50572,2.38575
5278.80000,0.33951,2.50578,2.37664
5278.85000,0.33942,2.50586,2.36750
5278.90000,0.33938,2.50591,2.35822
5278.95000,0.33931,2.50597,2.34902
5279.00000,0.33924,2.50604,2.33979
5279.05000,0.33918,2.50611,2.33055
5279.10000,0.33911,2.50618,2.32129
5279.15000,0.33905,2.50625,2.31201
5279.20000,0.33898,2.50633,2.30273
5279.25000,0.33892,2.50640,2.29345
5279.30000,0.33885,2.50647,2.28417
5279.35000,0.33879,2.50654,2.27490
5279.40000,0.33873,2.50662,2.26565
5279.45000,0.33867,2.50669,2.25640
5279.50000,0.33860,2.50677,2.24718
5279.55000,0.33858,2.50680,2.23788
5279.60000,0.33740,2.50798,2.22889
5279.65000,0.33379,2.51226,2.23094
5279.70000,0.33006,2.51681,2.25250
5279.75000,0.32551,2.52225,2.28391
5279.80000,0.32014,2.52840,2.31328
5279.85000,0.31604,2.53284,2.32734
5279.90000,0.31387,2.53517,2.32699
5279.95000,0.31364,2.53543,2.31394
5280.00000,0.31372,2.53535,2.29812
5280.05000,0.31378,2.53530,2.28286
5280.10000,0.31384,2.53524,2.26769
5280.15000,0.31389,2.53519,2.25266
5280.20000,0.31392,2.53518,2.23790
5280.25000,0.31399,2.53510,2.22263
5280.30000,0.31408,2.53497,2.20735
5280.35000,0.31418,2.53484,2.19243
5280.40000,0.31424,2.53474,2.17899
5280.45000,0.31396,2.53513,2.17796
5280.50000,0.31153,2.53857,2.19200
5280.55000,0.30728,2.54436,2.21678
5280.60000,0.30171,2.55153,2.24929
5280.65000,0.29634,2.55821,2.27589
5280.70000,0.29062,2.56519,2.28319
5280.75000,0.28437,2.57251,2.27763
5280.80000,0.27800,2.58002,2.27049
5280.85000,0.27166,2.58759,2.26356
5280.90000,0.26534,2.59526,2.25659
5280.95000,0.25907,2.60297,2.24992
5281.00000,0.25296,2.61056,2.25381
5281.05000,0.24785,2.61672,2.28248
5281.10000,0.24346,2.62162,2.32827
5281.15000,0.23803,2.62711,2.37873
5281.20000,0.23188,2.63274,2.42933
5281.25000,0.22551,2.63796,2.48377
5281.30000,0.21931,2.64246,2.54343
5281.35000,0.21266,2.64670,2.60462
5281.40000,0.20537,2.65074,2.66589
5281.45000,0.19740,2.65453,2.72641
5281.50000,0.18910,2.65790,2.78608
5281.55000,0.18003,2.66098,2.84226
5281.60000,0.17051,2.66363,2.89775
5281.65000,0.16139,2.66565,2.94085
5281.70000,0.15404,2.66683,2.96378
5281.75000,0.15014,2.66714,2.96765
5281.80000,0.14822,2.66727,2.96111
5281.85000,0.14812,2.66727,2.94737
5281.90000,0.14817,2.66726,2.93459
5281.95000,0.14809,2.66729,2.92351
5282.00000,0.14788,2.66734,2.91448
5282.05000,0.14787,2.66735,2.90766
5282.10000,0.14780,2.66737,2.90290
5282.15000,0.14774,2.66738,2.89986
5282.20000,0.14766,2.66740,2.89825
5282.25000,0.14758,2.66742,2.89763
5282.30000,0.14522,2.66841,2.89691
5282.35000,0.13742,2.67072,2.89626
5282.40000,0.12911,2.67313,2.89569
5282.45000,0.11967,2.67555,2.89484
5282.50000,0.10997,2.67798,2.89385
5282.55000,0.10443,2.67850,2.89207
5282.60000,0.10308,2.67864,2.89875
5282.65000,0.10166,2.67898,2.90474
5282.70000,0.10150,2.67902,2.89759
5282.75000,0.10117,2.67912,2.90354
5282.80000,0.09825,2.67982,2.92653
5282.85000,0.09412,2.68066,2.95949
5282.90000,0.08915,2.68144,2.98500
5282.95000,0.08633,2.68155,2.99133
5283.00000,0.08592,2.68158,2.98741
5283.05000,0.08584,2.68159,2.98242
5283.10000,0.08577,2.68161,2.97790
5283.15000,0.08566,2.68162,2.97382
5283.20000,0.08557,2.68164,2.96982
5283.25000,0.08549,2.68166,2.96558
5283.30000,0.08536,2.68168,2.96108
5283.35000,0.08517,2.68172,2.95643
5283.40000,0.08497,2.68175,2.95164
5283.45000,0.08477,2.68179,2.94671
5283.50000,0.08457,2.68183,2.94164
5283.55000,0.08436,2.68187,2.93660
5283.60000,0.08417,2.68192,2.93180
5283.65000,0.08398,2.68196,2.92751
5283.70000,0.08381,2.68199,2.92405
5283.75000,0.08219,2.68285,2.91997
5283.80000,0.07499,2.68499,2.91694
5283.85000,0.06524,2.68722,2.91551
5283.90000,0.05567,2.68937,2.91895
5283.95000,0.04761,2.69107,2.92561
5284.00000,0.03820,2.69316,2.92529
5284.05000,0.02922,2.69500,2.93529
5284.10000,0.02210,2.69641,2.94693
5284.15000,0.01497,2.69776,2.94961
5284.20000,0.01398,2.69780,2.94775
5284.25000,0.01388,2.69782,2.94296
5284.30000,0.01378,2.69785,2.93847
5284.35000,0.01353,2.69790,2.94499
5284.40000,0.01190,2.69825,2.96017
5284.45000,0.00907,2.69876,2.98087
5284.50000,0.00478,2.69941,3.00771
5284.55000,-0.00121,2.70025,3.03004
5284.60000,-0.00730,2.70091,3.03975
5284.65000,-0.00821,2.70098,3.04203
5284.70000,-0.00828,2.70099,3.04001
5284.75000,-0.00838,2.70100,3.03805
5284.80000,-0.00852,2.70101,3.03632
5284.85000,-0.00967,2.70144,3.03430
5284.90000,-0.01442,2.70250,3.03215
5284.95000,-0.02327,2.70360,3.03039
5285.00000,-0.03314,2.70471,3.02885
5285.05000,-0.04306,2.70584,3.02698
5285.10000,-0.05297,2.70700,3.02439
5285.15000,-0.06285,2.70818,3.02180
5285.20000,-0.06892,2.70838,3.01758
5285.25000,-0.06922,2.70839,3.01303
5285.30000,-0.06927,2.70840,3.00760
5285.35000,-0.06932,2.70841,3.00236
5285.40000,-0.06939,2.70842,2.99719
5285.45000,-0.06941,2.70842,2.99160
5285.50000,-0.06948,2.70843,2.98615
5285.55000,-0.06952,2.70844,2.98062
5285.60000,-0.06954,2.70845,2.97485
5285.65000,-0.06961,2.70846,2.96908
5285.70000,-0.06965,2.70846,2.96297
5285.75000,-0.06969,2.70847,2.95665
5285.80000,-0.06969,2.70848,2.94996
5285.85000,-0.06970,2.70848,2.94329
5285.90000,-0.06974,2.70849,2.93657
5285.95000,-0.06984,2.70851,2.92964
5286.00000,-0.06989,2.70852,2.92239
5286.05000,-0.06995,2.70853,2.91514
5286.10000,-0.06993,2.70854,2.91580
5286.15000,-0.07152,2.70894,2.92344
5286.20000,-0.07489,2.70974,2.92912
5286.25000,-0.07566,2.70982,2.92193
5286.30000,-0.07550,2.70981,2.90923
5286.35000,-0.07590,2.70991,2.91096
5286.40000,-0.07746,2.71021,2.91079
5286.45000,-0.07814,2.71037,2.90886
5286.50000,-0.07926,2.71059,2.90687
5286.55000,-0.07994,2.71078,2.89731
5286.60000,-0.08106,2.71106,2.89005
5286.65000,-0.08205,2.71129,2.88526
5286.70000,-0.08502,2.71210,2.90083
5286.75000,-0.09066,2.71342,2.92647
5286.80000,-0.09813,2.71493,2.95951
5286.85000,-0.10527,2.71611,2.97685
5286.90000,-0.11155,2.71675,2.97066
5286.95000,-0.11508,2.71702,2.94153
5287.00000,-0.11619,2.71723,2.89994
5287.05000,-0.11639,2.71728,2.85374
5287.10000,-0.11660,2.71735,2.80737
5287.15000,-0.11679,2.71744,2.77122
5287.20000,-0.11700,2.71756,2.74464
5287.25000,-0.11737,2.71790,2.73384
5287.30000,-0.11773,2.71823,2.72664
5287.35000,-0.11815,2.71863,2.72378
5287.40000,-0.11865,2.71911,2.72797
5287.45000,-0.12030,2.71988,2.74162
5287.50000,-0.12382,2.72133,2.76348
5287.55000,-0.12930,2.72342,2.79389
5287.60000,-0.13695,2.72606,2.83305
5287.65000,-0.14637,2.72885,2.87884
5287.70000,-0.15609,2.73122,2.92497
5287.75000,-0.16590,2.73314,2.97062
5287.80000,-0.17539,2.73444,3.00259
5287.85000,-0.18374,2.73468,3.00871
5287.90000,-0.19134,2.73429,2.99884
5287.95000,-0.19648,2.73361,2.97099
5288.00000,-0.19834,2.73335,2.92904
5288.05000,-0.19880,2.73346,2.88091
5288.10000,-0.19926,2.73359,2.83267
5288.15000,-0.19969,2.73374,2.78440
5288.20000,-0.20014,2.73392,2.73630
5288.25000,-0.20063,2.73418,2.69713
5288.30000,-0.20144,2.73479,2.67414
5288.35000,-0.20251,2.73571,2.66475
5288.40000,-0.20440,2.73718,2.67318
5288.45000,-0.20982,2.73998,2.70236
5288.50000,-0.21727,2.74332,2.73994
5288.55000,-0.22610,2.74688,2.78236
5288.60000,-0.23550,2.75017,2.82590
5288.65000,-0.24507,2.75307,2.86934
5288.70000,-0.25446,2.75546,2.89821
5288.75000,-0.26277,2.75676,2.89810
5288.80000,-0.26863,2.75710,2.87341
5288.85000,-0.27108,2.75752,2.83325
5288.90000,-0.27186,2.75779,2.78568
5288.95000,-0.27258,2.75808,2.73780
5289.00000,-0.27330,2.75840,2.69002
5289.05000,-0.27404,2.75880,2.65015
5289.10000,-0.27510,2.75957,2.62667
5289.15000,-0.27646,2.76067,2.61819
5289.20000,-0.27840,2.76223,2.62576
5289.25000,-0.28318,2.76496,2.65200
5289.30000,-0.29043,2.76866,2.68854
5289.35000,-0.29904,2.77267,2.73019
5289.40000,-0.30829,2.77649,2.77352
5289.45000,-0.31769,2.77989,2.81687
5289.50000,-0.32570,2.78245,2.83854
5289.55000,-0.33248,2.78430,2.83363
5289.60000,-0.33791,2.78590,2.80751
5289.65000,-0.34100,2.78703,2.77039
5289.70000,-0.34211,2.78749,2.72467
5289.75000,-0.34307,2.78794,2.67833
5289.80000,-0.34396,2.78841,2.63216
5289.85000,-0.34479,2.78889,2.58618
5289.90000,-0.34564,2.78948,2.55122
5289.95000,-0.34691,2.79055,2.54446
5290.00000,-0.34997,2.79274,2.56129
5290.05000,-0.35526,2.79616,2.58904
5290.10000,-0.36156,2.79991,2.62560
5290.15000,-0.36973,2.80434,2.66403
5290.20000,-0.37869,2.80875,2.70476
5290.25000,-0.38748,2.81272,2.73394
5290.30000,-0.39633,2.81668,2.74113
5290.35000,-0.40375,2.81984,2.72817
5290.40000,-0.40745,2.82147,2.69840
5290.45000,-0.40854,2.82201,2.65706
5290.50000,-0.40898,2.82225,2.61313
5290.55000,-0.40940,2.82251,2.56936
5290.60000,-0.40979,2.82278,2.53423
5290.65000,-0.41044,2.82337,2.52623
5290.70000,-0.41299,2.82519,2.54234
5290.75000,-0.41697,2.82784,2.56874
5290.80000,-0.42234,2.83118,2.60493
5290.85000,-0.42910,2.83506,2.64857
5290.90000,-0.43701,2.83907,2.69442
5290.95000,-0.44563,2.84295,2.74276
5291.00000,-0.45484,2.84656,2.79316
5291.05000,-0.46425,2.84971,2.84542
5291.10000,-0.47323,2.85221,2.88441
5291.15000,-0.48178,2.85426,2.89398
5291.20000,-0.48873,2.85584,2.87781
5291.25000,-0.49176,2.85663,2.84324
5291.30000,-0.49264,2.85692,2.79921
5291.35000,-0.49332,2.85718,2.75425
5291.40000,-0.49394,2.85742,2.71754
5291.45000,-0.49439,2.85755,2.70014
5291.50000,-0.49454,2.85742,2.69792
5291.55000,-0.49448,2.85718,2.70933
5291.60000,-0.49505,2.85744,2.72994
5291.65000,-0.49731,2.85840,2.75915
5291.70000,-0.50122,2.85989,2.79784
5291.75000,-0.50717,2.86188,2.84573
5291.80000,-0.51543,2.86418,2.89590
5291.85000,-0.52372,2.86607,2.93353
5291.90000,-0.53162,2.86742,2.94234
5291.95000,-0.53912,2.86838,2.93371
5292.00000,-0.54284,2.86891,2.91924
5292.05000,-0.54512,2.86932,2.93404
5292.10000,-0.54669,2.86967,2.97185
5292.15000,-0.54915,2.87005,3.02148
5292.20000,-0.55290,2.87039,3.07795
5292.25000,-0.55773,2.87055,3.13822
5292.30000,-0.56332,2.87039,-3.08210
5292.35000,-0.56946,2.86983,-3.01755
5292.40000,-0.57596,2.86880,-2.95182
5292.45000,-0.58269,2.86727,-2.88541
5292.50000,-0.58954,2.86523,-2.81862
5292.55000,-0.59639,2.86268,-2.75147
5292.60000,-0.60321,2.85960,-2.68434
5292.65000,-0.60991,2.85601,-2.61718
5292.70000,-0.61652,2.85189,-2.55040
5292.75000,-0.62281,2.84771,-2.49399
5292.80000,-0.62889,2.84367,-2.46083
5292.85000,-0.63257,2.84092,-2.44747
5292.90000,-0.63503,2.83882,-2.41158
5292.95000,-0.63741,2.83668,-2.37991
5293.00000,-0.63907,2.83519,-2.38432
5293.05000,-0.64042,2.83397,-2.40095
5293.10000,-0.64165,2.83283,-2.43362
5293.15000,-0.64307,2.83162,-2.48371
5293.20000,-0.64471,2.83037,-2.52329
5293.25000,-0.64704,2.82850,-2.53356
5293.30000,-0.65010,2.82608,-2.51513
5293.35000,-0.65306,2.82387,-2.47373
5293.40000,-0.65645,2.82105,-2.42540
5293.45000,-0.66022,2.81776,-2.38436
5293.50000,-0.66337,2.81489,-2.35464
5293.55000,-0.66539,2.81283,-2.32916
5293.60000,-0.66718,2.81094,-2.32966
5293.65000,-0.66847,2.80956,-2.36127
5293.70000,-0.66977,2.80833,-2.41179
5293.75000,-0.67164,2.80669,-2.45412
5293.80000,-0.67413,2.80452,-2.46675
5293.85000,-0.67709,2.80194,-2.45353
5293.90000,-0.68008,2.79939,-2.41772
5293.95000,-0.68354,2.79617,-2.37121
5294.00000,-0.68770,2.79192,-2.31972
5294.05000,-0.69224,2.78676,-2.26494
5294.10000,-0.69671,2.78133,-2.22244
5294.15000,-0.69967,2.77738,-2.19548
5294.20000,-0.70181,2.77428,-2.15117
5294.25000,-0.70304,2.77230,-2.09025
5294.30000,-0.70376,2.77094,-2.01822
5294.35000,-0.70419,2.76995,-1.93866
5294.40000,-0.70449,2.76905,-1.85449
5294.45000,-0.70482,2.76772,-1.76896
5294.50000,-0.70508,2.76601,-1.68268
5294.55000,-0.70522,2.76399,-1.59602
5294.60000,-0.70517,2.76174,-1.50923
5294.65000,-0.70491,2.75929,-1.42250
5294.70000,-0.70441,2.75670,-1.33597
5294.75000,-0.70363,2.75399,-1.24973
5294.80000,-0.70257,2.75121,-1.16385
5294.85000,-0.70121,2.74840,-1.07838
5294.90000,-0.69954,2.74558,-0.99337
5294.95000,-0.69756,2.74280,-0.90883
5295.00000,-0.69534,2.74019,-0.82532
5295.05000,-0.69293,2.73779,-0.74295
5295.10000,-0.69035,2.73560,-0.66171
5295.15000,-0.68762,2.73365,-0.58163
5295.20000,-0.68478,2.73194,-0.50271
5295.25000,-0.68185,2.73047,-0.42496
5295.30000,-0.67887,2.72925,-0.34839
5295.35000,-0.67584,2.72828,-0.27301
5295.40000,-0.67281,2.72756,-0.19882
5295.45000,-0.66980,2.72706,-0.12583
5295.50000,-0.66682,2.72679,-0.05405
5295.55000,-0.66390,2.72674,0.01653
5295.60000,-0.66104,2.72688,0.08590
5295.65000,-0.65827,2.72722,0.15406
5295.70000,-0.65559,2.72773,0.22100
5295.75000,-0.65302,2.72839,0.28673
5295.80000,-0.65057,2.72920,0.35123
5295.85000,-0.64823,2.73014,0.41452
5295.90000,-0.64601,2.73120,0.47659
5295.95000,-0.64392,2.73236,0.53744
5296.00000,-0.63974,2.73509,0.59311
5296.05000,-0.63316,2.73974,0.64408
5296.10000,-0.62649,2.74500,0.69575
5296.15000,-0.61974,2.75093,0.74822
5296.20000,-0.61297,2.75754,0.80131
5296.25000,-0.60642,2.76433,0.84662
5296.30000,-0.59970,2.77134,0.87359
5296.35000,-0.59300,2.77839,0.87834
5296.40000,-0.58682,2.78536,0.85965
5296.45000,-0.58057,2.79245,0.83746
5296.50000,-0.57419,2.79935,0.81334
5296.55000,-0.56766,2.80609,0.78859
5296.60000,-0.56095,2.81267,0.76385
5296.65000,-0.55409,2.81909,0.73925
5296.70000,-0.54706,2.82534,0.71460
5296.75000,-0.53987,2.83143,0.69126
5296.80000,-0.53252,2.83738,0.66864
5296.85000,-0.52507,2.84311,0.64463
5296.90000,-0.51747,2.84869,0.62120
5296.95000,-0.50975,2.85408,0.59734
5297.00000,-0.50193,2.85925,0.57225
5297.05000,-0.49398,2.86424,0.54788
5297.10000,-0.48593,2.86901,0.52212
5297.15000,-0.47778,2.87356,0.49528
5297.20000,-0.46950,2.87789,0.46895
5297.25000,-0.46114,2.88198,0.44152
5297.30000,-0.45267,2.88584,0.41380
5297.35000,-0.44411,2.88946,0.38539
5297.40000,-0.43547,2.89282,0.35632
5297.45000,-0.42673,2.89592,0.32719
5297.50000,-0.41792,2.89877,0.29770
5297.55000,-0.40904,2.90135,0.26754
5297.60000,-0.40008,2.90366,0.23792
5297.65000,-0.39109,2.90569,0.20684
5297.70000,-0.38205,2.90744,0.17573
5297.75000,-0.37296,2.90891,0.14475
5297.80000,-0.36383,2.91009,0.11307
5297.85000,-0.35469,2.91098,0.08094
5297.90000,-0.34553,2.91157,0.04837
5297.95000,-0.33639,2.91186,0.01450
5298.00000,-0.32724,2.91184,-0.01920
5298.05000,-0.31809,2.91151,-0.05315
5298.10000,-0.30896,2.91087,-0.08710
5298.15000,-0.29986,2.90992,-0.12084
5298.20000,-0.29078,2.90866,-0.15433
5298.25000,-0.28175,2.90710,-0.18770
5298.30000,-0.27278,2.90524,-0.22137
5298.35000,-0.26390,2.90308,-0.25555
5298.40000,-0.25510,2.90062,-0.29002
5298.45000,-0.24639,2.89785,-0.32474
5298.50000,-0.23779,2.89479,-0.35965
5298.55000,-0.22932,2.89143,-0.39500
5298.60000,-0.22096,2.88777,-0.43011
5298.65000,-0.21275,2.88383,-0.46583
5298.70000,-0.20454,2.87964,-0.49210
5298.75000,-0.19616,2.87523,-0.49896
5298.80000,-0.18778,2.87079,-0.49358
5298.85000,-0.17938,2.86632,-0.46753
5298.90000,-0.17292,2.86322,-0.42302
5298.95000,-0.16864,2.86142,-0.36677
5299.00000,-0.16690,2.86080,-0.29867
5299.05000,-0.16652,2.86071,-0.23510
5299.10000,-0.16641,2.86090,-0.19781
5299.15000,-0.16614,2.86080,-0.18563
5299.20000,-0.16346,2.86020,-0.18805
5299.25000,-0.15802,2.85900,-0.20438
5299.30000,-0.14997,2.85717,-0.23423
5299.35000,-0.14112,2.85489,-0.26857
5299.40000,-0.13237,2.85231,-0.30358
5299.45000,-0.12369,2.84943,-0.33800
5299.50000,-0.11513,2.84625,-0.37269
5299.55000,-0.10668,2.84277,-0.40769
5299.60000,-0.09878,2.83938,-0.42564
5299.65000,-0.09189,2.83640,-0.41477
5299.70000,-0.08627,2.83408,-0.38205
5299.75000,-0.08162,2.83233,-0.33330
5299.80000,-0.07850,2.83135,-0.26956
5299.85000,-0.07711,2.83101,-0.19485
5299.90000,-0.07633,2.83090,-0.12782
5299.95000,-0.07579,2.83100,-0.08353
5300.00000,-0.07573,2.83100,-0.06513
5300.05000,-0.07381,2.83072,-0.06574
5300.10000,-0.06915,2.83021,-0.07891
5300.15000,-0.06131,2.82942,-0.10830
5300.20000,-0.05224,2.82825,-0.14441
5300.25000,-0.04327,2.82675,-0.18221
5300.30000,-0.03430,2.82490,-0.22007
5300.35000,-0.02549,2.82274,-0.25914
5300.40000,-0.01661,2.82017,-0.29909
5300.45000,-0.00792,2.81729,-0.34262
5300.50000,0.00090,2.81391,-0.39042
5300.55000,0.00986,2.80996,-0.44077
5300.60000,0.01879,2.80547,-0.49164
5300.65000,0.02746,2.80053,-0.54165
5300.70000,0.03587,2.79517,-0.59123
5300.75000,0.04401,2.78941,-0.64035
5300.80000,0.05185,2.78325,-0.68879
5300.85000,0.05939,2.77673,-0.73693
5300.90000,0.06661,2.76984,-0.78434
5300.95000,0.07350,2.76263,-0.83117
5301.00000,0.08005,2.75510,-0.87764
5301.05000,0.08624,2.74728,-0.92370
5301.10000,0.09098,2.74073,-0.97016
5301.15000,0.09473,2.73492,-1.01904
5301.20000,0.09824,2.72896,-1.06593
5301.25000,0.09999,2.72560,-1.12164
5301.30000,0.10058,2.72428,-1.18690
5301.35000,0.10066,2.72407,-1.25726
5301.40000,0.10069,2.72396,-1.32810
5301.45000,0.10071,2.72386,-1.39881
5301.50000,0.10073,2.72376,-1.46938
5301.55000,0.10074,2.72366,-1.53978
5301.60000,0.10073,2.72356,-1.60972
5301.65000,0.10073,2.72345,-1.67903
5301.70000,0.10071,2.72335,-1.74772
5301.75000,0.10069,2.72325,-1.81575
5301.80000,0.10066,2.72316,-1.88313
5301.85000,0.10063,2.72306,-1.94982
5301.90000,0.10059,2.72297,-2.01582
5301.95000,0.10054,2.72288,-2.08110
5302.00000,0.10049,2.72279,-2.14567
5302.05000,0.10043,2.72270,-2.20950
5302.10000,0.10037,2.72262,-2.27257
5302.15000,0.10030,2.72255,-2.33489
5302.20000,0.10022,2.72248,-2.39643
5302.25000,0.10015,2.72241,-2.45719
5302.30000,0.10007,2.72235,-2.51714
5302.35000,0.09998,2.72229,-2.57628
5302.40000,0.09989,2.72224,-2.63461
5302.45000,0.09980,2.72219,-2.69210
5302.50000,0.09971,2.72215,-2.74877
5302.55000,0.09962,2.72211,-2.80459
5302.60000,0.09952,2.72208,-2.85957
5302.65000,0.09942,2.72206,-2.91369
5302.70000,0.09932,2.72204,-2.96696
5302.75000,0.09922,2.72202,-3.01937
5302.80000,0.09912,2.72201,-3.07091
5302.85000,0.09902,2.72201,-3.12159
5302.90000,0.09892,2.72201,3.11180
5302.95000,0.09882,2.72201,3.06288
5303.00000,0.09871,2.72203,3.01484
5303.05000,0.09858,2.72206,2.97655
5303.10000,0.09559,2.72292,2.95248
5303.15000,0.08742,2.72460,2.94943
5303.20000,0.07764,2.72647,2.95363
5303.25000,0.06783,2.72832,2.95743
5303.30000,0.05805,2.73012,2.96219
5303.35000,0.04827,2.73186,2.96796
5303.40000,0.03848,2.73354,2.97397
5303.45000,0.02859,2.73518,2.98042
5303.50000,0.01879,2.73673,2.98766
5303.55000,0.00892,2.73823,2.99480
5303.60000,-0.00098,2.73965,3.00318
5303.65000,-0.01084,2.74098,3.01201
5303.70000,-0.02053,2.74219,3.02170
5303.75000,-0.03030,2.74332,3.03175
5303.80000,-0.04019,2.74437,3.03775
5303.85000,-0.04978,2.74511,3.02831
5303.90000,-0.05681,2.74516,3.00070
5303.95000,-0.05944,2.74515,2.95355
5304.00000,-0.05961,2.74519,2.89522
5304.05000,-0.05971,2.74524,2.84664
5304.10000,-0.06084,2.74585,2.82052
5304.15000,-0.06632,2.74790,2.81532
5304.20000,-0.07522,2.75088,2.82509
5304.25000,-0.08473,2.75393,2.83713
5304.30000,-0.09428,2.75686,2.84929
5304.35000,-0.10397,2.75970,2.86258
5304.40000,-0.11359,2.76239,2.87572
5304.45000,-0.12324,2.76495,2.88913
5304.50000,-0.13315,2.76742,2.90422
5304.55000,-0.14307,2.76974,2.91988
5304.60000,-0.15255,2.77160,2.92667
5304.65000,-0.16143,2.77286,2.91654
5304.70000,-0.16812,2.77366,2.88287
5304.75000,-0.17215,2.77474,2.83697
5304.80000,-0.17358,2.77522,2.78011
5304.85000,-0.17373,2.77531,2.72916
5304.90000,-0.17401,2.77557,2.69872
5304.95000,-0.17586,2.77651,2.68369
5305.00000,-0.17988,2.77852,2.67892
5305.05000,-0.18601,2.78169,2.68394
5305.10000,-0.19497,2.78603,2.70163
5305.15000,-0.20423,2.79029,2.72050
5305.20000,-0.21371,2.79443,2.73999
5305.25000,-0.22340,2.79843,2.76037
5305.30000,-0.23311,2.80221,2.78080
5305.35000,-0.24289,2.80578,2.80129
5305.40000,-0.25276,2.80915,2.82236
5305.45000,-0.26196,2.81189,2.83077
5305.50000,-0.26918,2.81359,2.81162
5305.55000,-0.27283,2.81469,2.76971
5305.60000,-0.27392,2.81514,2.71667
5305.65000,-0.27413,2.81524,2.66017
5305.70000,-0.27436,2.81540,2.61389
5305.75000,-0.27519,2.81607,2.58997
5305.80000,-0.27874,2.81836,2.58825
5305.85000,-0.28585,2.82271,2.60324
5305.90000,-0.29477,2.82790,2.62647
5305.95000,-0.30406,2.83302,2.65072
5306.00000,-0.31348,2.83790,2.67505
5306.05000,-0.32302,2.84256,2.69968
5306.10000,-0.33267,2.84698,2.72463
5306.15000,-0.34161,2.85080,2.75537
5306.20000,-0.35093,2.85441,2.78855
5306.25000,-0.36056,2.85778,2.82426
5306.30000,-0.36963,2.86051,2.84435
5306.35000,-0.37751,2.86227,2.83827
5306.40000,-0.38399,2.86372,2.81383
5306.45000,-0.38816,2.86519,2.77908
5306.50000,-0.39007,2.86558,2.74435
5306.55000,-0.39218,2.86627,2.72715
5306.60000,-0.39450,2.86719,2.72105
5306.65000,-0.39751,2.86859,2.72675
5306.70000,-0.40334,2.87114,2.74918
5306.75000,-0.41132,2.87431,2.78022
5306.80000,-0.42072,2.87767,2.81676
5306.85000,-0.43025,2.88068,2.85388
5306.90000,-0.43989,2.88335,2.89043
5306.95000,-0.44962,2.88565,2.92673
5307.00000,-0.45940,2.88760,2.96450
5307.05000,-0.46927,2.88918,3.00091
5307.10000,-0.47920,2.89040,3.03755
5307.15000,-0.48915,2.89126,3.07248
5307.20000,-0.49762,2.89175,3.08706
5307.25000,-0.50342,2.89210,3.06878
5307.30000,-0.50678,2.89240,3.03225
5307.35000,-0.50864,2.89257,2.99777
5307.40000,-0.50989,2.89271,2.97272
5307.45000,-0.51068,2.89286,2.95239
5307.50000,-0.51193,2.89340,2.95423
5307.55000,-0.51436,2.89411,2.96390
5307.60000,-0.51815,2.89497,2.98044
5307.65000,-0.52325,2.89604,3.00612
5307.70000,-0.53113,2.89728,3.03882
5307.75000,-0.54101,2.89810,3.07894
5307.80000,-0.55016,2.89847,3.12544
5307.85000,-0.55854,2.89839,-3.10400
5307.90000,-0.56641,2.89786,-3.04507
5307.95000,-0.57464,2.89682,-2.98529
5308.00000,-0.58313,2.89521,-2.92517
5308.05000,-0.59166,2.89306,-2.86445
5308.10000,-0.60019,2.89035,-2.80348
5308.15000,-0.60869,2.88707,-2.74253
5308.20000,-0.61710,2.88322,-2.68173
5308.25000,-0.62536,2.87881,-2.62104
5308.30000,-0.63341,2.87386,-2.56051
5308.35000,-0.64122,2.86839,-2.50015
5308.40000,-0.64872,2.86243,-2.43992
5308.45000,-0.65596,2.85593,-2.38016
5308.50000,-0.66284,2.84897,-2.32053
5308.55000,-0.66932,2.84158,-2.26109
5308.60000,-0.67431,2.83522,-2.19726
5308.65000,-0.67873,2.82866,-2.13559
5308.70000,-0.68275,2.82192,-2.07498
5308.75000,-0.68497,2.81759,-2.00546
5308.80000,-0.68615,2.81478,-1.92893
5308.85000,-0.68672,2.81308,-1.84782
5308.90000,-0.68710,2.81150,-1.76658
5308.95000,-0.68736,2.80985,-1.68627
5309.00000,-0.68749,2.80813,-1.60691
5309.05000,-0.68748,2.80635,-1.52852
5309.10000,-0.68733,2.80453,-1.45109
5309.15000,-0.68704,2.80268,-1.37464
5309.20000,-0.68659,2.80078,-1.29922
5309.25000,-0.68596,2.79882,-1.22482
5309.30000,-0.68514,2.79680,-1.15147
5309.35000,-0.68414,2.79476,-1.07914
5309.40000,-0.68296,2.79273,-1.00784
5309.45000,-0.68160,2.79074,-0.93756
5309.50000,-0.68007,2.78879,-0.86832
5309.55000,-0.67833,2.78688,-0.80011
5309.60000,-0.67637,2.78499,-0.73294
5309.65000,-0.67418,2.78315,-0.66680
5309.70000,-0.67176,2.78137,-0.60168
5309.75000,-0.66912,2.77968,-0.53759
5309.80000,-0.66626,2.77810,-0.47452
5309.85000,-0.66319,2.77664,-0.41247
5309.90000,-0.65993,2.77533,-0.35144
5309.95000,-0.65656,2.77421,-0.29148
5310.00000,-0.65310,2.77328,-0.23258
5310.05000,-0.64960,2.77256,-0.17474
5310.10000,-0.64607,2.77204,-0.11794
5310.15000,-0.64251,2.77172,-0.06218
5310.20000,-0.63895,2.77159,-0.00745
5310.25000,-0.63541,2.77166,0.04626
5310.30000,-0.63189,2.77192,0.09895
5310.35000,-0.62584,2.77271,0.14689
5310.40000,-0.61726,2.77418,0.19245
5310.45000,-0.60797,2.77623,0.24029
5310.50000,-0.59833,2.77884,0.28909
5310.55000,-0.58882,2.78192,0.33699
5310.60000,-0.57957,2.78510,0.37791
5310.65000,-0.57017,2.78849,0.40108
5310.70000,-0.56053,2.79217,0.40821
5310.75000,-0.55078,2.79605,0.40471
5310.80000,-0.54153,2.79995,0.39075
5310.85000,-0.53253,2.80359,0.37538
5310.90000,-0.52346,2.80709,0.35941
5310.95000,-0.51439,2.81042,0.34266
5311.00000,-0.50535,2.81357,0.32490
5311.05000,-0.49628,2.81654,0.30604
5311.10000,-0.48714,2.81935,0.28693
5311.15000,-0.47794,2.82198,0.26690
5311.20000,-0.46877,2.82439,0.24595
5311.25000,-0.45956,2.82660,0.22501
5311.30000,-0.45031,2.82862,0.20351
5311.35000,-0.44104,2.83042,0.18159
5311.40000,-0.43172,2.83203,0.15967
5311.45000,-0.42238,2.83343,0.13729
5311.50000,-0.41304,2.83461,0.11413
5311.55000,-0.40367,2.83557,0.09101
5311.60000,-0.39429,2.83631,0.06726
5311.65000,-0.38490,2.83683,0.04338
5311.70000,-0.37550,2.83713,0.01941
5311.75000,-0.36611,2.83720,-0.00488
5311.80000,-0.35673,2.83704,-0.02933
5311.85000,-0.34735,2.83665,-0.05395
5311.90000,-0.33798,2.83602,-0.07843
5311.95000,-0.32864,2.83517,-0.10313
5312.00000,-0.31931,2.83409,-0.12751
5312.05000,-0.31002,2.83278,-0.15230
5312.10000,-0.30077,2.83125,-0.17705
5312.15000,-0.29156,2.82948,-0.20181
5312.20000,-0.28241,2.82749,-0.22747
5312.25000,-0.27332,2.82526,-0.25308
5312.30000,-0.26430,2.82280,-0.27911
5312.35000,-0.25535,2.82011,-0.30521
5312.40000,-0.24648,2.81718,-0.33154
5312.45000,-0.23772,2.81403,-0.35890
5312.50000,-0.22960,2.81097,-0.36937
5312.55000,-0.22243,2.80827,-0.35894
5312.60000,-0.21587,2.80587,-0.34247
5312.65000,-0.20988,2.80380,-0.32082
5312.70000,-0.20449,2.80209,-0.29406
5312.75000,-0.19972,2.80072,-0.26229
5312.80000,-0.19681,2.80007,-0.22580
5312.85000,-0.19623,2.79994,-0.18064
5312.90000,-0.19638,2.80002,-0.14677
5312.95000,-0.19540,2.79979,-0.13403
5313.00000,-0.19152,2.79919,-0.13573
5313.05000,-0.18515,2.79821,-0.15047
5313.10000,-0.17634,2.79674,-0.17776
5313.15000,-0.16722,2.79497,-0.20633
5313.20000,-0.15815,2.79293,-0.23511
5313.25000,-0.14915,2.79064,-0.26407
5313.30000,-0.14025,2.78809,-0.29325
5313.35000,-0.13165,2.78552,-0.30762
5313.40000,-0.12353,2.78313,-0.29620
5313.45000,-0.11768,2.78152,-0.25980
5313.50000,-0.11322,2.78045,-0.20782
5313.55000,-0.11026,2.77991,-0.14193
5313.60000,-0.10897,2.77977,-0.06649
5313.65000,-0.10825,2.77976,0.00195
5313.70000,-0.10756,2.77976,0.05662
5313.75000,-0.10676,2.77989,0.09760
5313.80000,-0.10575,2.78025,0.12284
5313.85000,-0.10449,2.78091,0.13265
5313.90000,-0.10179,2.78175,0.13042
5313.95000,-0.09728,2.78270,0.12042
5314.00000,-0.09122,2.78381,0.10372
5314.05000,-0.08372,2.78475,0.07756
5314.10000,-0.07457,2.78530,0.04207
5314.15000,-0.06547,2.78553,0.00630
5314.20000,-0.05636,2.78542,-0.02949
5314.25000,-0.04685,2.78497,-0.06503
5314.30000,-0.03751,2.78419,-0.10156
5314.35000,-0.02857,2.78309,-0.14118
5314.40000,-0.01967,2.78165,-0.18026
5314.45000,-0.01120,2.77992,-0.22392
5314.50000,-0.00254,2.77773,-0.27010
5314.55000,0.00538,2.77535,-0.32079
5314.60000,0.01302,2.77257,-0.37596
5314.65000,0.02120,2.76908,-0.43095
5314.70000,0.02961,2.76491,-0.48491
5314.75000,0.03782,2.76028,-0.53804
5314.80000,0.04573,2.75524,-0.59097
5314.85000,0.05328,2.74985,-0.64380
5314.90000,0.06048,2.74411,-0.69621
5314.95000,0.06776,2.73768,-0.74594
5315.00000,0.07478,2.73084,-0.79474
5315.05000,0.07984,2.72553,-0.84445
5315.10000,0.08186,2.72314,-0.90192
5315.15000,0.08254,2.72224,-0.96730
5315.20000,0.08262,2.72212,-1.03644
5315.25000,0.08268,2.72202,-1.10530
5315.30000,0.08273,2.72191,-1.17369
5315.35000,0.08277,2.72179,-1.24161
5315.40000,0.08281,2.72167,-1.30902
5315.45000,0.08283,2.72156,-1.37593
5315.50000,0.08285,2.72143,-1.44232
5315.55000,0.08286,2.72131,-1.50816
5315.60000,0.08287,2.72119,-1.57346
5315.65000,0.08286,2.72107,-1.63819
5315.70000,0.08285,2.72095,-1.70235
5315.75000,0.08283,2.72083,-1.76592
5315.80000,0.08280,2.72071,-1.82890
5315.85000,0.08277,2.72059,-1.89128
5315.90000,0.08273,2.72048,-1.95305
5315.95000,0.08268,2.72037,-2.01421
5316.00000,0.08262,2.72026,-2.07475
5316.05000,0.08256,2.72015,-2.13466
5316.10000,0.08249,2.72005,-2.19394
5316.15000,0.08242,2.71996,-2.25257
5316.20000,0.08234,2.71987,-2.31055
5316.25000,0.08226,2.71978,-2.36788
5316.30000,0.08217,2.71970,-2.42455
5316.35000,0.08208,2.71962,-2.48052
5316.40000,0.08198,2.71955,-2.53569
5316.45000,0.08188,2.71949,-2.59007
5316.50000,0.08178,2.71943,-2.64364
5316.55000,0.08167,2.71937,-2.69640
5316.60000,0.08156,2.71932,-2.74834
5316.65000,0.08145,2.71928,-2.79946
5316.70000,0.08133,2.71924,-2.84974
5316.75000,0.08122,2.71921,-2.89919
5316.80000,0.08110,2.71919,-2.94780
5316.85000,0.08098,2.71916,-2.99557
5316.90000,0.08086,2.71915,-3.04250
5316.95000,0.08075,2.71914,-3.08858
5317.00000,0.08063,2.71914,-3.13381
5317.05000,0.08051,2.71914,3.10500
5317.10000,0.07839,2.71937,3.06134
5317.15000,0.07125,2.72011,3.02202
5317.20000,0.06329,2.72112,2.99562
5317.25000,0.05496,2.72238,2.99137
5317.30000,0.04562,2.72381,2.99254
5317.35000,0.03573,2.72528,2.99553
5317.40000,0.02582,2.72672,2.99902
5317.45000,0.01589,2.72812,3.00307
5317.50000,0.00599,2.72948,3.00768
5317.55000,-0.00392,2.73079,3.01274
5317.60000,-0.01383,2.73204,3.01826
5317.65000,-0.02382,2.73325,3.02442
5317.70000,-0.03361,2.73422,3.02087
5317.75000,-0.04216,2.73517,2.99694
5317.80000,-0.05100,2.73661,2.96290
5317.85000,-0.06001,2.73843,2.92387
5317.90000,-0.06885,2.74034,2.89015
5317.95000,-0.07749,2.74208,2.86506
5318.00000,-0.08596,2.74366,2.84673
5318.05000,-0.09473,2.74619,2.84977
5318.10000,-0.10433,2.74901,2.86112
5318.15000,-0.11400,2.75173,2.87245
5318.20000,-0.12367,2.75433,2.88420
5318.25000,-0.13338,2.75681,2.89637
5318.30000,-0.14306,2.75916,2.90929
5318.35000,-0.15280,2.76139,2.92265
5318.40000,-0.16223,2.76337,2.92503
5318.45000,-0.17155,2.76532,2.91192
5318.50000,-0.18068,2.76739,2.88535
5318.55000,-0.18949,2.76985,2.85157
5318.60000,-0.19823,2.77262,2.81806
5318.65000,-0.20688,2.77569,2.78523
5318.70000,-0.21566,2.77902,2.76194
5318.75000,-0.22453,2.78237,2.76514
5318.80000,-0.23378,2.78594,2.78019
5318.85000,-0.24314,2.78940,2.79522
5318.90000,-0.25269,2.79274,2.81247
5318.95000,-0.26179,2.79558,2.81841
5319.00000,-0.27042,2.79805,2.80465
5319.05000,-0.27887,2.80115,2.77641
5319.10000,-0.28747,2.80458,2.74684
5319.15000,-0.29598,2.80827,2.71779
5319.20000,-0.30439,2.81221,2.68930
5319.25000,-0.31285,2.81640,2.66957
5319.30000,-0.32168,2.82101,2.66970
5319.35000,-0.33083,2.82558,2.68823
5319.40000,-0.34032,2.83008,2.70843
5319.45000,-0.34989,2.83439,2.72850
5319.50000,-0.35886,2.83799,2.73680
5319.55000,-0.36684,2.84125,2.72128
5319.60000,-0.37530,2.84516,2.69694
5319.65000,-0.38374,2.84931,2.67262
5319.70000,-0.39194,2.85347,2.65690
5319.75000,-0.40024,2.85778,2.65094
5319.80000,-0.40886,2.86244,2.65855
5319.85000,-0.41784,2.86708,2.68878
5319.90000,-0.42695,2.87134,2.72257
5319.95000,-0.43613,2.87525,2.75559
5320.00000,-0.44546,2.87887,2.78814
5320.05000,-0.45489,2.88217,2.82194
5320.10000,-0.46443,2.88515,2.85429
5320.15000,-0.47406,2.88782,2.88780
5320.20000,-0.48378,2.89018,2.92008
5320.25000,-0.49356,2.89221,2.95410
5320.30000,-0.50341,2.89391,2.98690
5320.35000,-0.51332,2.89528,3.02000
5320.40000,-0.52326,2.89633,3.05376
5320.45000,-0.53323,2.89704,3.08654
5320.50000,-0.54182,2.89741,3.10236
5320.55000,-0.54784,2.89762,3.10991
5320.60000,-0.55379,2.89785,3.12563
5320.65000,-0.55996,2.89788,-3.12967
5320.70000,-0.56646,2.89766,-3.08412
5320.75000,-0.57356,2.89706,-3.03203
5320.80000,-0.58140,2.89598,-2.97763
5320.85000,-0.58964,2.89437,-2.92140
5320.90000,-0.59818,2.89220,-2.86413
5320.95000,-0.60690,2.88945,-2.80633
5321.00000,-0.61564,2.88611,-2.74802
5321.05000,-0.62434,2.88219,-2.68955
5321.10000,-0.63295,2.87770,-2.63107
5321.15000,-0.64139,2.87264,-2.57266
5321.20000,-0.64963,2.86703,-2.51441
5321.25000,-0.65755,2.86093,-2.45652
5321.30000,-0.66511,2.85438,-2.39932
5321.35000,-0.67228,2.84742,-2.34285
5321.40000,-0.67905,2.84007,-2.28710
5321.45000,-0.68541,2.83235,-2.23233
5321.50000,-0.69133,2.82429,-2.17810
5321.55000,-0.69679,2.81626,-2.13763
5321.60000,-0.70195,2.80839,-2.12226
5321.65000,-0.70632,2.80137,-2.13295
5321.70000,-0.70909,2.79707,-2.16140
5321.75000,-0.71034,2.79526,-2.20258
5321.80000,-0.71056,2.79497,-2.25167
5321.85000,-0.71083,2.79468,-2.29152
5321.90000,-0.71180,2.79377,-2.30418
5321.95000,-0.71280,2.79271,-2.30768
5322.00000,-0.71368,2.79177,-2.31363
5322.05000,-0.71525,2.79015,-2.29955
5322.10000,-0.71745,2.78767,-2.28918
5322.15000,-0.71919,2.78576,-2.29023
5322.20000,-0.72159,2.78311,-2.27129
5322.25000,-0.72512,2.77878,-2.23805
5322.30000,-0.72945,2.77305,-2.19832
5322.35000,-0.73388,2.76684,-2.17201
5322.40000,-0.73755,2.76135,-2.17609
5322.45000,-0.73977,2.75820,-2.20875
5322.50000,-0.74049,2.75726,-2.25629
5322.55000,-0.74079,2.75691,-2.30711
5322.60000,-0.74115,2.75655,-2.34744
5322.65000,-0.74213,2.75565,-2.36160
5322.70000,-0.74373,2.75419,-2.35370
5322.75000,-0.74711,2.75071,-2.32426
5322.80000,-0.75161,2.74573,-2.28715
5322.85000,-0.75676,2.73955,-2.24500
5322.90000,-0.76224,2.73237,-2.19961
5322.95000,-0.76734,2.72514,-2.17049
5323.00000,-0.77178,2.71851,-2.17029
5323.05000,-0.77462,2.71442,-2.19985
5323.10000,-0.77569,2.71300,-2.24686
5323.15000,-0.77613,2.71248,-2.29877
5323.20000,-0.77660,2.71198,-2.35075
5323.25000,-0.77710,2.71151,-2.39111
5323.30000,-0.77809,2.71062,-2.40567
5323.35000,-0.78017,2.70874,-2.39052
5323.40000,-0.78392,2.70514,-2.36120
5323.45000,-0.78887,2.70006,-2.32461
5323.50000,-0.79450,2.69380,-2.28324
5323.55000,-0.80048,2.68657,-2.23866
5323.60000,-0.80630,2.67912,-2.20376
5323.65000,-0.81159,2.67208,-2.19967
5323.70000,-0.81438,2.66833,-2.23184
5323.75000,-0.81564,2.66677,-2.28004
5323.80000,-0.81630,2.66605,-2.33287
5323.85000,-0.81700,2.66535,-2.38572
5323.90000,-0.81773,2.66470,-2.43848
5323.95000,-0.81849,2.66408,-2.47933
5324.00000,-0.81979,2.66303,-2.49064
5324.05000,-0.82202,2.66124,-2.47670
5324.10000,-0.82622,2.65785,-2.44878
5324.15000,-0.83185,2.65301,-2.41317
5324.20000,-0.83825,2.64708,-2.37277
5324.25000,-0.84505,2.64021,-2.32919
5324.30000,-0.85174,2.63312,-2.29216
5324.35000,-0.85790,2.62645,-2.28113
5324.40000,-0.86268,2.62099,-2.30237
5324.45000,-0.86611,2.61728,-2.33809
5324.50000,-0.86749,2.61591,-2.38643
5324.55000,-0.86798,2.61547,-2.43994
5324.60000,-0.86846,2.61508,-2.49335
5324.65000,-0.86896,2.61474,-2.53532
5324.70000,-0.86953,2.61439,-2.55276
5324.75000,-0.87149,2.61305,-2.54174
5324.80000,-0.87625,2.60970,-2.51542
5324.85000,-0.88242,2.60508,-2.48193
5324.90000,-0.88949,2.59939,-2.44362
5324.95000,-0.89697,2.59286,-2.40213
5325.00000,-0.90422,2.58597,-2.36052
5325.05000,-0.91113,2.57909,-2.32682
5325.10000,-0.91811,2.57207,-2.31407
5325.15000,-0.92431,2.56556,-2.32845
5325.20000,-0.92875,2.56099,-2.35730
5325.25000,-0.93118,2.55864,-2.39847
5325.30000,-0.93170,2.55818,-2.45048
5325.35000,-0.93196,2.55798,-2.50392
5325.40000,-0.93223,2.55779,-2.55720
5325.45000,-0.93254,2.55760,-2.59701
5325.50000,-0.93350,2.55698,-2.60138
5325.55000,-0.93696,2.55485,-2.58485
5325.60000,-0.94244,2.55135,-2.55948
5325.65000,-0.94914,2.54681,-2.52748
5325.70000,-0.95639,2.54151,-2.48991
5325.75000,-0.96413,2.53535,-2.45133
5325.80000,-0.97098,2.52968,-2.42799
5325.85000,-0.97747,2.52429,-2.42300
5325.90000,-0.98343,2.51926,-2.44014
5325.95000,-0.98646,2.51679,-2.47919
5326.00000,-0.98736,2.51611,-2.52983
5326.05000,-0.98773,2.51587,-2.58327
5326.10000,-0.98812,2.51564,-2.63651
5326.15000,-0.98850,2.51547,-2.67728
5326.20000,-0.98932,2.51504,-2.68670
5326.25000,-0.99284,2.51325,-2.67196
5326.30000,-0.99870,2.51019,-2.64787
5326.35000,-1.00611,2.50611,-2.61628
5326.40000,-1.01443,2.50118,-2.58032
5326.45000,-1.02239,2.49597,-2.54194
5326.50000,-1.02982,2.49088,-2.50829
5326.55000,-1.03727,2.48571,-2.49217
5326.60000,-1.04324,2.48141,-2.51266
5326.65000,-1.04565,2.47974,-2.55570
5326.70000,-1.04617,2.47941,-2.60842
5326.75000,-1.04667,2.47914,-2.66126
5326.80000,-1.04718,2.47889,-2.71382
5326.85000,-1.04771,2.47868,-2.75535
5326.90000,-1.04836,2.47840,-2.77438
5326.95000,-1.05076,2.47740,-2.76842
5327.00000,-1.05670,2.47498,-2.74623
5327.05000,-1.06447,2.47160,-2.71607
5327.10000,-1.07326,2.46743,-2.68135
5327.15000,-1.08210,2.46285,-2.64573
5327.20000,-1.09078,2.45795,-2.61031
5327.25000,-1.09922,2.45303,-2.58276
5327.30000,-1.10777,2.44795,-2.57442
5327.35000,-1.11624,2.44290,-2.58240
5327.40000,-1.12414,2.43809,-2.59920
5327.45000,-1.13091,2.43411,-2.62227
5327.50000,-1.13653,2.43100,-2.65151
5327.55000,-1.14088,2.42877,-2.68709
5327.60000,-1.14386,2.42740,-2.72920
5327.65000,-1.14533,2.42680,-2.77799
5327.70000,-1.14607,2.42654,-2.82983
5327.75000,-1.14684,2.42631,-2.86985
5327.80000,-1.14783,2.42595,-2.88380
5327.85000,-1.15160,2.42482,-2.87545
5327.90000,-1.15866,2.42281,-2.85323
5327.95000,-1.16736,2.42009,-2.82419
5328.00000,-1.17680,2.41682,-2.79221
5328.05000,-1.18614,2.41325,-2.76047
5328.10000,-1.19533,2.40962,-2.73558
5328.15000,-1.20440,2.40607,-2.71858
5328.20000,-1.21343,2.40256,-2.70377
5328.25000,-1.22246,2.39905,-2.69115
5328.30000,-1.23147,2.39554,-2.68098
5328.35000,-1.24048,2.39203,-2.67346
5328.40000,-1.24949,2.38853,-2.66866
5328.45000,-1.25848,2.38501,-2.66667
5328.50000,-1.26748,2.38148,-2.67128
5328.55000,-1.27606,2.37796,-2.69047
5328.60000,-1.28214,2.37514,-2.72344
5328.65000,-1.28557,2.37369,-2.76844
5328.70000,-1.28669,2.37328,-2.82338
5328.75000,-1.28758,2.37301,-2.87912
5328.80000,-1.28847,2.37280,-2.93439
5328.85000,-1.28937,2.37264,-2.98917
5328.90000,-1.29026,2.37254,-3.03475
5328.95000,-1.29157,2.37211,-3.05779
5329.00000,-1.29455,2.37146,-3.06188
5329.05000,-1.30008,2.37076,-3.05437
5329.10000,-1.30877,2.36983,-3.03366
5329.15000,-1.31856,2.36865,-3.00663
5329.20000,-1.32840,2.36719,-2.98105
5329.25000,-1.33785,2.36551,-2.95535
5329.30000,-1.34762,2.36354,-2.93043
5329.35000,-1.35758,2.36140,-2.91024
5329.40000,-1.36755,2.35921,-2.90599
5329.45000,-1.37559,2.35752,-2.92667
5329.50000,-1.37832,2.35709,-2.96955
5329.55000,-1.37909,2.35697,-3.02036
5329.60000,-1.37982,2.35690,-3.07113
5329.65000,-1.38050,2.35687,-3.12177
5329.70000,-1.38115,2.35686,3.11802
5329.75000,-1.38183,2.35702,3.09090
5329.80000,-1.38403,2.35738,3.08502
5329.85000,-1.39004,2.35780,3.09695
5329.90000,-1.39880,2.35809,3.12230
5329.95000,-1.40868,2.35814,-3.13307
5330.00000,-1.41800,2.35793,-3.10360
5330.05000,-1.42725,2.35744,-3.07400
5330.10000,-1.43648,2.35668,-3.04451
5330.15000,-1.44574,2.35575,-3.02006
5330.20000,-1.45502,2.35476,-3.00873
5330.25000,-1.46435,2.35369,-3.01290
5330.30000,-1.47385,2.35243,-3.02581
5330.35000,-1.48329,2.35138,-3.05404
5330.40000,-1.49121,2.35083,-3.09477
5330.45000,-1.49708,2.35070,3.13663
5330.50000,-1.50077,2.35073,3.07385
5330.55000,-1.50206,2.35083,2.99982
5330.60000,-1.50249,2.35091,2.93310
5330.65000,-1.50289,2.35099,2.88437
5330.70000,-1.50327,2.35108,2.84886
5330.75000,-1.50374,2.35130,2.82617
5330.80000,-1.50415,2.35147,2.81012
5330.85000,-1.50490,2.35179,2.80294
5330.90000,-1.50723,2.35266,2.80432
5330.95000,-1.51081,2.35392,2.81173
5331.00000,-1.51580,2.35561,2.82532
5331.05000,-1.52253,2.35775,2.84651
5331.10000,-1.53140,2.36032,2.87648
5331.15000,-1.54109,2.36278,2.90958
5331.20000,-1.55086,2.36492,2.94215
5331.25000,-1.56069,2.36674,2.97459
5331.30000,-1.57058,2.36825,3.00660
5331.35000,-1.58051,2.36943,3.03877
5331.40000,-1.59047,2.37030,3.07043
5331.45000,-1.60045,2.37085,3.10271
5331.50000,-1.60937,2.37109,3.11859
5331.55000,-1.61735,2.37118,3.11580
5331.60000,-1.62440,2.37127,3.08970
5331.65000,-1.62949,2.37139,3.04245
5331.70000,-1.63321,2.37176,2.98120
5331.75000,-1.63518,2.37214,2.90705
5331.80000,-1.63663,2.37249,2.84000
5331.85000,-1.63810,2.37289,2.79110
5331.90000,-1.63973,2.37349,2.75627
5331.95000,-1.64140,2.37415,2.73109
5332.00000,-1.64312,2.37490,2.71542
5332.05000,-1.64495,2.37578,2.70887
5332.10000,-1.64703,2.37690,2.71212
5332.15000,-1.65123,2.37893,2.72938
5332.20000,-1.65800,2.38180,2.75762
5332.25000,-1.66685,2.38521,2.79404
5332.30000,-1.67637,2.38848,2.83257
5332.35000,-1.68595,2.39133,2.87068
5332.40000,-1.69564,2.39383,2.90847
5332.45000,-1.70541,2.39595,2.94602
5332.50000,-1.71556,2.39775,2.98579
5332.55000,-1.72474,2.39891,3.00857
5332.60000,-1.73281,2.39918,3.00729
5332.65000,-1.73992,2.39904,2.98400
5332.70000,-1.74481,2.39911,2.93826
5332.75000,-1.74821,2.39961,2.87758
5332.80000,-1.75077,2.40040,2.80707
5332.85000,-1.75375,2.40156,2.73470
5332.90000,-1.75664,2.40279,2.67274
5332.95000,-1.75980,2.40436,2.63208
5333.00000,-1.76368,2.40673,2.62622
5333.05000,-1.76836,2.40962,2.64478
5333.10000,-1.77460,2.41290,2.67726
5333.15000,-1.78198,2.41643,2.71550
5333.20000,-1.79067,2.42016,2.75706
5333.25000,-1.80004,2.42376,2.80228
5333.30000,-1.80954,2.42688,2.84643
5333.35000,-1.81836,2.42933,2.89588
5333.40000,-1.82662,2.43117,2.95155
5333.45000,-1.83531,2.43258,3.00860
5333.50000,-1.84437,2.43353,3.06638
5333.55000,-1.85372,2.43396,3.12454
5333.60000,-1.86322,2.43384,-3.10009
5333.65000,-1.87284,2.43316,-3.04140
5333.70000,-1.88252,2.43190,-2.98274
5333.75000,-1.89224,2.43005,-2.92423
5333.80000,-1.90193,2.42761,-2.86613
5333.85000,-1.91147,2.42461,-2.80824
5333.90000,-1.92082,2.42107,-2.75083
5333.95000,-1.92996,2.41700,-2.69381
5334.00000,-1.93884,2.41242,-2.63782
5334.05000,-1.94746,2.40735,-2.58209
5334.10000,-1.95475,2.40250,-2.52136
5334.15000,-1.95918,2.39912,-2.45035
5334.20000,-1.96220,2.39642,-2.37406
5334.25000,-1.96489,2.39362,-2.29810
5334.30000,-1.96725,2.39076,-2.22276
5334.35000,-1.96930,2.38786,-2.14805
5334.40000,-1.97104,2.38496,-2.07399
5334.45000,-1.97249,2.38208,-2.00057
5334.50000,-1.97366,2.37926,-1.92781
5334.55000,-1.97458,2.37651,-1.85572
5334.60000,-1.97526,2.37384,-1.78428
5334.65000,-1.97572,2.37128,-1.71351
5334.70000,-1.97599,2.36884,-1.64342
5334.75000,-1.97607,2.36652,-1.57399
5334.80000,-1.97601,2.36433,-1.50524
5334.85000,-1.97580,2.36227,-1.43715
5334.90000,-1.97547,2.36035,-1.36974
5334.95000,-1.97505,2.35856,-1.30299
5335.00000,-1.97453,2.35690,-1.23691
5335.05000,-1.97395,2.35537,-1.17150
5335.10000,-1.97330,2.35396,-1.10676
5335.15000,-1.97261,2.35267,-1.04268
5335.20000,-1.97187,2.35150,-0.97926
5335.25000,-1.97111,2.35043,-0.91650
5335.30000,-1.97032,2.34947,-0.85440
5335.35000,-1.96952,2.34860,-0.79297
5335.40000,-1.96870,2.34782,-0.73226
5335.45000,-1.96785,2.34710,-0.67241
5335.50000,-1.96697,2.34644,-0.61347
5335.55000,-1.96605,2.34584,-0.55545
5335.60000,-1.96511,2.34529,-0.49835
5335.65000,-1.96415,2.34480,-0.44218
5335.70000,-1.96317,2.34437,-0.38693
5335.75000,-1.96218,2.34400,-0.33261
5335.80000,-1.96118,2.34368,-0.27921
5335.85000,-1.96020,2.34343,-0.22664
5335.90000,-1.95924,2.34323,-0.17479
5335.95000,-1.95832,2.34309,-0.12362
5336.00000,-1.95729,2.34297,-0.08168
5336.05000,-1.95288,2.34258,-0.05245
5336.10000,-1.94536,2.34214,-0.03896
5336.15000,-1.93555,2.34176,-0.03773
5336.20000,-1.92556,2.34138,-0.03765
5336.25000,-1.91556,2.34100,-0.03839
5336.30000,-1.90557,2.34061,-0.03946
5336.35000,-1.89558,2.34021,-0.04139
5336.40000,-1.88559,2.33978,-0.04407
5336.45000,-1.87560,2.33933,-0.04716
5336.50000,-1.86561,2.33884,-0.05097
5336.55000,-1.85562,2.33831,-0.05555
5336.60000,-1.84564,2.33773,-0.06057
5336.65000,-1.83566,2.33709,-0.06603
5336.70000,-1.82579,2.33641,-0.07163
5336.75000,-1.81633,2.33582,-0.06503
5336.80000,-1.80814,2.33551,-0.03663
5336.85000,-1.80335,2.33545,0.00756
5336.90000,-1.80088,2.33551,0.06026
5336.95000,-1.79988,2.33557,0.11052
5337.00000,-1.79874,2.33580,0.14736
5337.05000,-1.79674,2.33632,0.16962
5337.10000,-1.79260,2.33721,0.18156
5337.15000,-1.78721,2.33832,0.18768
5337.20000,-1.78066,2.33967,0.18848
5337.25000,-1.77273,2.34130,0.18234
5337.30000,-1.76393,2.34312,0.17305
5337.35000,-1.75422,2.34476,0.15861
5337.40000,-1.74462,2.34624,0.14352
5337.45000,-1.73504,2.34756,0.12825
5337.50000,-1.72550,2.34872,0.11255
5337.55000,-1.71595,2.34972,0.09671
5337.60000,-1.70640,2.35058,0.08052
5337.65000,-1.69683,2.35127,0.06443
5337.70000,-1.68706,2.35183,0.04846
5337.75000,-1.67749,2.35219,0.04433
5337.80000,-1.66851,2.35251,0.06146
5337.85000,-1.66209,2.35291,0.10056
5337.90000,-1.65833,2.35337,0.15144
5337.95000,-1.65709,2.35358,0.21232
5338.00000,-1.65662,2.35371,0.26577
5338.05000,-1.65619,2.35391,0.29773
5338.10000,-1.65528,2.35440,0.31564
5338.15000,-1.65311,2.35515,0.32706
5338.20000,-1.64984,2.35628,0.33303
5338.25000,-1.64497,2.35799,0.33135
5338.30000,-1.63858,2.36017,0.32296
5338.35000,-1.63086,2.36272,0.30879
5338.40000,-1.62180,2.36552,0.28760
5338.45000,-1.61220,2.36824,0.26562
5338.50000,-1.60252,2.37076,0.24405
5338.55000,-1.59279,2.37307,0.22255
5338.60000,-1.58302,2.37517,0.20113
5338.65000,-1.57320,2.37707,0.17956
5338.70000,-1.56334,2.37874,0.15735
5338.75000,-1.55504,2.38001,0.15375
5338.80000,-1.54930,2.38096,0.17968
5338.85000,-1.54582,2.38166,0.22253
5338.90000,-1.54469,2.38194,0.27497
5338.95000,-1.54408,2.38213,0.32923
5339.00000,-1.54349,2.38235,0.37277
5339.05000,-1.54299,2.38253,0.40008
5339.10000,-1.54230,2.38281,0.41602
5339.15000,-1.53844,2.38455,0.41244
5339.20000,-1.53084,2.38779,0.38810
5339.25000,-1.52222,2.39117,0.35864
5339.30000,-1.51349,2.39430,0.32994
5339.35000,-1.50465,2.39719,0.30190
5339.40000,-1.49573,2.39983,0.27390
5339.45000,-1.48675,2.40222,0.24545
5339.50000,-1.47781,2.40431,0.23140
5339.55000,-1.46855,2.40651,0.23824
5339.60000,-1.46089,2.40843,0.25855
5339.65000,-1.45563,2.40989,0.28878
5339.70000,-1.45295,2.41074,0.32940
5339.75000,-1.45226,2.41099,0.37784
5339.80000,-1.45171,2.41122,0.42628
5339.85000,-1.45122,2.41144,0.46582
5339.90000,-1.45097,2.41150,0.48828
5339.95000,-1.44858,2.41283,0.49086
5340.00000,-1.44415,2.41519,0.48112
5340.05000,-1.43855,2.41807,0.46485
5340.10000,-1.43161,2.42147,0.44160
5340.15000,-1.42330,2.42525,0.41170
5340.20000,-1.41479,2.42881,0.38138
5340.25000,-1.40617,2.43212,0.35107
5340.30000,-1.39746,2.43515,0.32034
5340.35000,-1.38870,2.43794,0.30399
5340.40000,-1.38007,2.44062,0.30834
5340.45000,-1.37368,2.44264,0.32658
5340.50000,-1.37037,2.44364,0.36075
5340.55000,-1.36973,2.44388,0.40279
5340.60000,-1.36948,2.44399,0.44320
5340.65000,-1.36923,2.44411,0.48321
5340.70000,-1.36905,2.44420,0.51546
5340.75000,-1.36861,2.44447,0.52963
5340.80000,-1.36480,2.44675,0.52221
5340.85000,-1.35828,2.45041,0.49850
5340.90000,-1.35034,2.45458,0.46802
5340.95000,-1.34206,2.45860,0.43641
5341.00000,-1.33365,2.46236,0.40458
5341.05000,-1.32506,2.46609,0.38115
5341.10000,-1.31642,2.46972,0.37718
5341.15000,-1.30910,2.47258,0.38604
5341.20000,-1.30496,2.47420,0.40865
5341.25000,-1.30358,2.47474,0.44661
5341.30000,-1.30336,2.47486,0.48475
5341.35000,-1.30313,2.47498,0.52255
5341.40000,-1.30291,2.47513,0.54990
5341.45000,-1.30246,2.47550,0.56191
5341.50000,-1.29965,2.47732,0.55879
5341.55000,-1.29435,2.48060,0.54101
5341.60000,-1.28733,2.48471,0.51361
5341.65000,-1.27926,2.48909,0.48108
5341.70000,-1.27105,2.49321,0.44850
5341.75000,-1.26260,2.49724,0.42696
5341.80000,-1.25442,2.50092,0.42511
5341.85000,-1.24844,2.50356,0.43630
5341.90000,-1.24582,2.50458,0.46342
5341.95000,-1.24486,2.50505,0.50206
5342.00000,-1.24464,2.50517,0.53744
5342.05000,-1.24445,2.50529,0.57236
5342.10000,-1.24426,2.50542,0.60699
5342.15000,-1.24405,2.50559,0.63238
5342.20000,-1.24363,2.50601,0.64398
5342.25000,-1.24185,2.50738,0.64478
5342.30000,-1.23665,2.51133,0.62723
5342.35000,-1.22929,2.51651,0.59782
5342.40000,-1.22094,2.52201,0.56744
5342.45000,-1.21242,2.52725,0.53704
5342.50000,-1.20429,2.53191,0.50398
5342.55000,-1.19608,2.53635,0.48415
5342.60000,-1.18899,2.54004,0.48391
5342.65000,-1.18455,2.54233,0.49716
5342.70000,-1.18369,2.54271,0.52781
5342.75000,-1.18326,2.54294,0.56111
5342.80000,-1.18270,2.54327,0.59473
5342.85000,-1.18257,2.54332,0.62746
5342.90000,-1.18245,2.54340,0.65866
5342.95000,-1.18232,2.54353,0.67464
5343.00000,-1.18048,2.54503,0.67319
5343.05000,-1.17567,2.54883,0.65651
5343.10000,-1.16930,2.55365,0.63061
5343.15000,-1.16129,2.55932,0.60052
5343.20000,-1.15296,2.56485,0.56946
5343.25000,-1.14533,2.56959,0.55316
5343.30000,-1.13970,2.57304,0.55736
5343.35000,-1.13658,2.57494,0.57355
5343.40000,-1.13605,2.57527,0.60246
5343.45000,-1.13584,2.57538,0.63482
5343.50000,-1.13522,2.57584,0.66663
5343.55000,-1.13448,2.57641,0.69876
5343.60000,-1.13411,2.57674,0.71301
5343.65000,-1.13178,2.57882,0.70706
5343.70000,-1.12719,2.58267,0.68771
5343.75000,-1.12112,2.58752,0.65957
5343.80000,-1.11397,2.59287,0.62543
5343.85000,-1.10689,2.59785,0.60730
5343.90000,-1.10120,2.60178,0.60786
5343.95000,-1.09905,2.60321,0.62756
5344.00000,-1.09888,2.60333,0.65654
5344.05000,-1.09825,2.60381,0.68740
5344.10000,-1.09768,2.60428,0.71760
5344.15000,-1.09733,2.60457,0.74625
5344.20000,-1.09718,2.60477,0.75910
5344.25000,-1.09478,2.60706,0.75270
5344.30000,-1.09034,2.61115,0.73321
5344.35000,-1.08461,2.61620,0.70504
5344.40000,-1.07774,2.62186,0.67036
5344.45000,-1.07046,2.62759,0.64606
5344.50000,-1.06477,2.63184,0.64357
5344.55000,-1.06160,2.63421,0.65561
5344.60000,-1.06100,2.63462,0.68231
5344.65000,-1.06070,2.63483,0.71155
5344.70000,-1.06018,2.63528,0.74041
5344.75000,-1.05960,2.63582,0.76924
5344.80000,-1.05919,2.63621,0.79705
5344.85000,-1.05936,2.63605,0.81668
5344.90000,-1.05850,2.63700,0.82005
5344.95000,-1.05508,2.64064,0.80425
5345.00000,-1.04987,2.64591,0.77619
5345.05000,-1.04355,2.65190,0.74148
5345.10000,-1.03673,2.65792,0.70547
5345.15000,-1.02982,2.66378,0.68026
5345.20000,-1.02387,2.66858,0.67446
5345.25000,-1.02083,2.67103,0.68606
5345.30000,-1.02006,2.67167,0.71343
5345.35000,-1.01939,2.67226,0.74244
5345.40000,-1.01874,2.67287,0.77134
5345.45000,-1.01812,2.67349,0.80006
5345.50000,-1.01752,2.67411,0.82842
5345.55000,-1.01695,2.67475,0.85707
5345.60000,-1.01679,2.67501,0.87117
5345.65000,-1.01479,2.67739,0.86419
5345.70000,-1.01088,2.68186,0.84332
5345.75000,-1.00567,2.68754,0.81383
5345.80000,-0.99946,2.69389,0.77832
5345.85000,-0.99287,2.70015,0.74200
5345.90000,-0.98612,2.70633,0.71287
5345.95000,-0.97981,2.71182,0.70156
5346.00000,-0.97558,2.71540,0.70652
5346.05000,-0.97421,2.71659,0.73015
5346.10000,-0.97350,2.71724,0.75839
5346.15000,-0.97279,2.71791,0.78631
5346.20000,-0.97212,2.71861,0.81422
5346.25000,-0.97149,2.71928,0.84181
5346.30000,-0.97086,2.72001,0.86925
5346.35000,-0.97027,2.72072,0.89632
5346.40000,-0.97001,2.72113,0.91004
5346.45000,-0.96856,2.72298,0.90722
5346.50000,-0.96518,2.72724,0.88908
5346.55000,-0.96027,2.73312,0.85996
5346.60000,-0.95435,2.73975,0.82469
5346.65000,-0.94813,2.74646,0.79549
5346.70000,-0.94247,2.75223,0.78410
5346.75000,-0.93845,2.75624,0.78623
5346.80000,-0.93657,2.75817,0.80345
5346.85000,-0.93597,2.75881,0.83019
5346.90000,-0.93540,2.75945,0.85704
5346.95000,-0.93486,2.76009,0.88372
5347.00000,-0.93437,2.76070,0.90993
5347.05000,-0.93391,2.76129,0.91909
5347.10000,-0.93200,2.76378,0.91189
5347.15000,-0.92831,2.76844,0.89152
5347.20000,-0.92340,2.77435,0.86223
5347.25000,-0.91778,2.78088,0.83642
5347.30000,-0.91244,2.78680,0.82479
5347.35000,-0.90830,2.79128,0.82399
5347.40000,-0.90556,2.79427,0.83415
5347.45000,-0.90330,2.79678,0.84777
5347.50000,-0.90281,2.79751,0.85551
5347.55000,-0.90243,2.79814,0.84195
5347.60000,-0.90038,2.80038,0.80979
5347.65000,-0.89627,2.80452,0.77144
5347.70000,-0.89090,2.80952,0.72803
5347.75000,-0.88458,2.81490,0.68074
5347.80000,-0.87746,2.82037,0.63069
5347.85000,-0.86984,2.82563,0.57799
5347.90000,-0.86160,2.83070,0.52425
5347.95000,-0.85282,2.83546,0.47087
5348.00000,-0.84447,2.83952,0.43155
5348.05000,-0.83830,2.84217,0.40808
5348.10000,-0.83373,2.84405,0.38918
5348.15000,-0.82920,2.84590,0.39440
5348.20000,-0.82771,2.84640,0.40222
5348.25000,-0.82680,2.84674,0.40662
5348.30000,-0.82615,2.84703,0.41220
5348.35000,-0.82589,2.84704,0.40423
5348.40000,-0.82472,2.84783,0.39658
5348.45000,-0.82267,2.84911,0.40711
5348.50000,-0.82169,2.84943,0.43049
5348.55000,-0.82158,2.84949,0.45583
5348.60000,-0.82159,2.84945,0.47189
5348.65000,-0.82196,2.84909,0.47204
5348.70000,-0.82255,2.84856,0.46273
5348.75000,-0.82275,2.84847,0.44448
5348.80000,-0.82149,2.84906,0.41790
5348.85000,-0.81877,2.85021,0.38230
5348.90000,-0.81422,2.85194,0.33787
5348.95000,-0.80821,2.85406,0.30363
5349.00000,-0.80182,2.85609,0.29520
5349.05000,-0.79699,2.85752,0.30011
5349.10000,-0.79393,2.85842,0.31521
5349.15000,-0.79295,2.85872,0.34119
5349.20000,-0.79283,2.85874,0.35962
5349.25000,-0.79299,2.85850,0.36590
5349.30000,-0.79268,2.85874,0.36682
5349.35000,-0.79122,2.85931,0.36805
5349.40000,-0.78966,2.85987,0.34650
5349.45000,-0.78631,2.86101,0.30885
5349.50000,-0.78082,2.86262,0.26595
5349.55000,-0.77435,2.86422,0.23496
5349.60000,-0.76776,2.86573,0.22761
5349.65000,-0.76310,2.86673,0.23305
5349.70000,-0.76066,2.86717,0.25058
5349.75000,-0.76029,2.86728,0.25756
5349.80000,-0.76000,2.86734,0.26268
5349.85000,-0.75971,2.86742,0.26675
5349.90000,-0.75945,2.86760,0.26612
5349.95000,-0.75923,2.86759,0.27159
5350.00000,-0.75940,2.86725,0.25791
5350.05000,-0.75903,2.86729,0.22679
5350.10000,-0.75606,2.86790,0.18421
5350.15000,-0.75159,2.86873,0.14740
5350.20000,-0.74869,2.86913,0.12228
5350.25000,-0.74599,2.86939,0.08211
5350.30000,-0.74158,2.86964,0.03462
5350.35000,-0.73623,2.86970,-0.00379
5350.40000,-0.73252,2.86966,-0.02917
5350.45000,-0.73015,2.86956,-0.05471
5350.50000,-0.72711,2.86944,-0.05426
5350.55000,-0.72454,2.86941,-0.03735
5350.60000,-0.72368,2.86940,-0.01065
5350.65000,-0.72286,2.86940,0.01672
5350.70000,-0.72204,2.86941,0.04416
5350.75000,-0.72122,2.86943,0.07174
5350.80000,-0.72108,2.86947,0.08500
5350.85000,-0.72071,2.86952,0.08685
5350.90000,-0.72047,2.86955,0.09069
5350.95000,-0.72036,2.86956,0.09555
5351.00000,-0.72002,2.86959,0.12270
5351.05000,-0.71960,2.86959,0.14882
5351.10000,-0.71886,2.86969,0.16999
5351.15000,-0.71831,2.86964,0.17121
5351.20000,-0.71801,2.86946,0.15810
5351.25000,-0.71598,2.86983,0.12098
5351.30000,-0.71133,2.87030,0.07353
5351.35000,-0.70523,2.87059,0.02138
5351.40000,-0.69824,2.87054,-0.03379
5351.45000,-0.69092,2.87022,-0.07995
5351.50000,-0.68547,2.86982,-0.11187
5351.55000,-0.68178,2.86933,-0.15685
5351.60000,-0.67738,2.86860,-0.19528
5351.65000,-0.67244,2.86756,-0.20169
5351.70000,-0.67039,2.86728,-0.19986
5351.75000,-0.66918,2.86704,-0.20223
5351.80000,-0.66792,2.86666,-0.19465
5351.85000,-0.66662,2.86623,-0.18315
5351.90000,-0.66581,2.86601,-0.15993
5351.95000,-0.66577,2.86612,-0.14457
5352.00000,-0.66577,2.86609,-0.13809
5352.05000,-0.66569,2.86600,-0.12239
5352.10000,-0.66548,2.86600,-0.11150
5352.15000,-0.66558,2.86617,-0.12344
5352.20000,-0.66490,2.86600,-0.15408
5352.25000,-0.66186,2.86543,-0.19856
5352.30000,-0.65774,2.86443,-0.23212
5352.35000,-0.65314,2.86312,-0.23812
5352.40000,-0.64952,2.86246,-0.22270
5352.45000,-0.64797,2.86230,-0.20028
5352.50000,-0.64744,2.86235,-0.17342
5352.55000,-0.64772,2.86242,-0.14254
5352.60000,-0.64760,2.86240,-0.11282
5352.65000,-0.64795,2.86238,-0.09132
5352.70000,-0.64844,2.86248,-0.08978
5352.75000,-0.64766,2.86241,-0.09415
5352.80000,-0.64657,2.86232,-0.09607
5352.85000,-0.64557,2.86219,-0.12079
5352.90000,-0.64278,2.86177,-0.16024
5352.95000,-0.63839,2.86094,-0.20735
5353.00000,-0.63174,2.85937,-0.25537
5353.05000,-0.62459,2.85752,-0.29654
5353.10000,-0.61721,2.85540,-0.31596
5353.15000,-0.61287,2.85428,-0.32336
5353.20000,-0.61086,2.85358,-0.33165
5353.25000,-0.60869,2.85262,-0.32093
5353.30000,-0.60668,2.85184,-0.30177
5353.35000,-0.60576,2.85164,-0.26894
5353.40000,-0.60558,2.85159,-0.23729
5353.45000,-0.60543,2.85157,-0.20509
5353.50000,-0.60512,2.85160,-0.18658
5353.55000,-0.60517,2.85175,-0.19231
5353.60000,-0.60424,2.85130,-0.20271
5353.65000,-0.60320,2.85111,-0.20621
5353.70000,-0.60160,2.85070,-0.23209
5353.75000,-0.59769,2.84968,-0.26858
5353.80000,-0.59264,2.84828,-0.29974
5353.85000,-0.58892,2.84723,-0.31949
5353.90000,-0.58644,2.84639,-0.33638
5353.95000,-0.58393,2.84549,-0.33375
5354.00000,-0.58160,2.84476,-0.32313
5354.05000,-0.57944,2.84418,-0.30480
5354.10000,-0.57755,2.84375,-0.27888
5354.15000,-0.57691,2.84358,-0.24603
5354.20000,-0.57673,2.84354,-0.21105
5354.25000,-0.57655,2.84350,-0.17598
5354.30000,-0.57619,2.84350,-0.15527
5354.35000,-0.57566,2.84342,-0.16216
5354.40000,-0.57338,2.84291,-0.18902
5354.45000,-0.56869,2.84189,-0.22608
5354.50000,-0.56224,2.84024,-0.26798
5354.55000,-0.55548,2.83819,-0.31650
5354.60000,-0.54859,2.83608,-0.36068
5354.65000,-0.54167,2.83388,-0.38228
5354.70000,-0.53526,2.83176,-0.37874
5354.75000,-0.53159,2.83048,-0.35539
5354.80000,-0.53074,2.83031,-0.31872
5354.85000,-0.53055,2.83026,-0.28084
5354.90000,-0.53037,2.83021,-0.24292
5354.95000,-0.53018,2.83017,-0.20500
5355.00000,-0.52995,2.83012,-0.18056
5355.05000,-0.52976,2.83010,-0.16903
5355.10000,-0.52979,2.83015,-0.15832
5355.15000,-0.52935,2.83005,-0.16642
5355.20000,-0.52605,2.82932,-0.19172
5355.25000,-0.52041,2.82811,-0.22720
5355.30000,-0.51311,2.82627,-0.26742
5355.35000,-0.50514,2.82390,-0.31234
5355.40000,-0.49739,2.82137,-0.34948
5355.45000,-0.48975,2.81892,-0.36987
5355.50000,-0.48204,2.81630,-0.36707
5355.55000,-0.47530,2.81384,-0.35566
5355.60000,-0.47108,2.81243,-0.33165
5355.65000,-0.47017,2.81221,-0.29289
5355.70000,-0.47000,2.81216,-0.25180
5355.75000,-0.46990,2.81221,-0.22341
5355.80000,-0.46975,2.81223,-0.21093
5355.85000,-0.46980,2.81225,-0.20060
5355.90000,-0.46857,2.81192,-0.20987
5355.95000,-0.46429,2.81092,-0.23395
5356.00000,-0.45817,2.80933,-0.26735
5356.05000,-0.45007,2.80694,-0.30446
5356.10000,-0.44099,2.80388,-0.34539
5356.15000,-0.43172,2.80063,-0.38124
5356.20000,-0.42249,2.79736,-0.40105
5356.25000,-0.41399,2.79391,-0.39599
5356.30000,-0.40657,2.79085,-0.38472
5356.35000,-0.40015,2.78831,-0.36826
5356.40000,-0.39546,2.78656,-0.34372
5356.45000,-0.39323,2.78580,-0.30823
5356.50000,-0.39294,2.78571,-0.26440
5356.55000,-0.39277,2.78567,-0.21999
5356.60000,-0.39260,2.78563,-0.17572
5356.65000,-0.39259,2.78574,-0.14354
5356.70000,-0.39277,2.78574,-0.13739
5356.75000,-0.39156,2.78549,-0.14376
5356.80000,-0.38781,2.78482,-0.16267
5356.85000,-0.38121,2.78358,-0.19620
5356.90000,-0.37328,2.78184,-0.23693
5356.95000,-0.36454,2.77953,-0.27952
5357.00000,-0.35594,2.77708,-0.31206
5357.05000,-0.34706,2.77431,-0.32701
5357.10000,-0.33777,2.77112,-0.32398
5357.15000,-0.32853,2.76806,-0.31488
5357.20000,-0.31976,2.76526,-0.30203
5357.25000,-0.31137,2.76272,-0.28605
5357.30000,-0.30329,2.76042,-0.26740
5357.35000,-0.29550,2.75836,-0.24627
5357.40000,-0.28795,2.75655,-0.22294
5357.45000,-0.28061,2.75498,-0.19767
5357.50000,-0.27447,2.75395,-0.16631
5357.55000,-0.27295,2.75382,-0.12051
5357.60000,-0.27280,2.75380,-0.06991
5357.65000,-0.27265,2.75380,-0.01948
5357.70000,-0.27258,2.75379,0.01868
5357.75000,-0.27260,2.75385,0.03257
5357.80000,-0.26960,2.75399,0.02422
5357.85000,-0.26344,2.75407,-0.00007
5357.90000,-0.25566,2.75393,-0.03285
5357.95000,-0.24677,2.75347,-0.07043
5358.00000,-0.23775,2.75266,-0.10790
5358.05000,-0.22873,2.75152,-0.14400
5358.10000,-0.21977,2.75005,-0.18098
5358.15000,-0.21082,2.74838,-0.21179
5358.20000,-0.20148,2.74626,-0.21953
5358.25000,-0.19291,2.74460,-0.20007
5358.30000,-0.18748,2.74362,-0.16806
5358.35000,-0.18425,2.74313,-0.12633
5358.40000,-0.18328,2.74303,-0.07511
5358.45000,-0.18316,2.74302,-0.02043
5358.50000,-0.18304,2.74302,0.03403
5358.55000,-0.18290,2.74305,0.08118
5358.60000,-0.18281,2.74306,0.11294
5358.65000,-0.18286,2.74296,0.13484
5358.70000,-0.18310,2.74293,0.14601
5358.75000,-0.18212,2.74324,0.14415
5358.80000,-0.17800,2.74401,0.12570
5358.85000,-0.17166,2.74490,0.09634
5358.90000,-0.16336,2.74564,0.05770
5358.95000,-0.15441,2.74597,0.01613
5359.00000,-0.14544,2.74593,-0.02487
5359.05000,-0.13646,2.74552,-0.06524
5359.10000,-0.12753,2.74475,-0.10684
5359.15000,-0.11862,2.74361,-0.14718
5359.20000,-0.10970,2.74227,-0.18120
5359.25000,-0.10053,2.74064,-0.19857
5359.30000,-0.09103,2.73865,-0.20015
5359.35000,-0.08152,2.73663,-0.19647
5359.40000,-0.07211,2.73478,-0.18293
5359.45000,-0.06361,2.73330,-0.16382
5359.50000,-0.05621,2.73217,-0.13948
5359.55000,-0.04994,2.73139,-0.10993
5359.60000,-0.04486,2.73093,-0.07523
5359.65000,-0.04124,2.73073,-0.03456
5359.70000,-0.03994,2.73071,0.01520
5359.75000,-0.03978,2.73073,0.06070
5359.80000,-0.03960,2.73080,0.08985
5359.85000,-0.03934,2.73098,0.11033
5359.90000,-0.03899,2.73126,0.12321
5359.95000,-0.03859,2.73158,0.12837
5360.00000,-0.03751,2.73193,0.12738
5360.05000,-0.03531,2.73235,0.12094
5360.10000,-0.03182,2.73290,0.10903
5360.15000,-0.02697,2.73362,0.09129
5360.20000,-0.02044,2.73448,0.06544
5360.25000,-0.01139,2.73489,0.02541
5360.30000,-0.00141,2.73494,-0.01666
5360.35000,0.00858,2.73455,-0.05981
5360.40000,0.01851,2.73374,-0.10496
5360.45000,0.02788,2.73253,-0.15463
5360.50000,0.03658,2.73093,-0.20983
5360.55000,0.04549,2.72876,-0.26616
5360.60000,0.05457,2.72601,-0.32299
5360.65000,0.06369,2.72266,-0.38012
5360.70000,0.07278,2.71873,-0.43735
5360.75000,0.08172,2.71423,-0.49431
5360.80000,0.09035,2.70926,-0.55019
5360.85000,0.09868,2.70381,-0.60542
5360.90000,0.10671,2.69792,-0.65992
5360.95000,0.11440,2.69160,-0.71373
5361.00000,0.12175,2.68488,-0.76697
5361.05000,0.12873,2.67778,-0.81905
5361.10000,0.13533,2.67033,-0.87068
5361.15000,0.14154,2.66256,-0.92191
5361.20000,0.14695,2.65522,-0.95805
5361.25000,0.15237,2.64777,-0.96813
5361.30000,0.15687,2.64133,-0.95051
5361.35000,0.16039,2.63657,-0.91556
5361.40000,0.16228,2.63420,-0.86840
5361.45000,0.16255,2.63389,-0.81043
5361.50000,0.16263,2.63381,-0.75107
5361.55000,0.16271,2.63374,-0.69167
5361.60000,0.16284,2.63366,-0.64372
5361.65000,0.16312,2.63351,-0.62481
5361.70000,0.16357,2.63327,-0.63172
5361.75000,0.16625,2.63121,-0.65659
5361.80000,0.17129,2.62718,-0.69147
5361.85000,0.17732,2.62199,-0.73173
5361.90000,0.18389,2.61581,-0.77560
5361.95000,0.19071,2.60881,-0.82185
5362.00000,0.19735,2.60133,-0.86833
5362.05000,0.20366,2.59383,-0.90493
5362.10000,0.20969,2.58637,-0.91264
5362.15000,0.21286,2.58236,-0.88204
5362.20000,0.21477,2.58014,-0.83137
5362.25000,0.21540,2.57947,-0.77116
5362.30000,0.21549,2.57939,-0.70757
5362.35000,0.21558,2.57932,-0.64391
5362.40000,0.21569,2.57926,-0.59201
5362.45000,0.21579,2.57931,-0.56950
5362.50000,0.21635,2.57903,-0.57744
5362.55000,0.22016,2.57644,-0.60355
5362.60000,0.22558,2.57256,-0.63719
5362.65000,0.23182,2.56774,-0.67718
5362.70000,0.23852,2.56210,-0.72141
5362.75000,0.24550,2.55566,-0.76718
5362.80000,0.25252,2.54887,-0.80373
5362.85000,0.25967,2.54191,-0.81919
5362.90000,0.26703,2.53459,-0.81595
5362.95000,0.27145,2.53002,-0.77681
5363.00000,0.27288,2.52867,-0.71852
5363.05000,0.27310,2.52849,-0.65438
5363.10000,0.27320,2.52842,-0.59093
5363.15000,0.27332,2.52837,-0.53885
5363.20000,0.27302,2.52878,-0.51519
5363.25000,0.27288,2.52886,-0.51674
5363.30000,0.27582,2.52710,-0.53693
5363.35000,0.28113,2.52379,-0.57052
5363.40000,0.28743,2.51957,-0.61086
5363.45000,0.29433,2.51450,-0.65554
5363.50000,0.30123,2.50894,-0.70066
5363.55000,0.30789,2.50307,-0.74553
5363.60000,0.31440,2.49704,-0.78316
5363.65000,0.32129,2.49056,-0.79796
5363.70000,0.32825,2.48379,-0.78792
5363.75000,0.33181,2.48028,-0.75513
5363.80000,0.33235,2.47979,-0.70475
5363.85000,0.33248,2.47969,-0.65167
5363.90000,0.33260,2.47960,-0.59875
5363.95000,0.33273,2.47952,-0.54600
5364.00000,0.33286,2.47944,-0.49345
5364.05000,0.33287,2.47953,-0.45259
5364.10000,0.33242,2.47999,-0.43565
5364.15000,0.33394,2.47922,-0.44302
5364.20000,0.33852,2.47696,-0.46878
5364.25000,0.34478,2.47365,-0.50365
5364.30000,0.35157,2.46972,-0.54579
5364.35000,0.35889,2.46504,-0.59163
5364.40000,0.36610,2.45995,-0.63824
5364.45000,0.37241,2.45501,-0.69025
5364.50000,0.37794,2.45018,-0.74876
5364.55000,0.38343,2.44474,-0.80884
5364.60000,0.38948,2.43802,-0.86623
5364.65000,0.39529,2.43078,-0.92421
5364.70000,0.40056,2.42363,-0.96976
5364.75000,0.40540,2.41648,-0.98178
5364.80000,0.40965,2.41011,-0.96623
5364.85000,0.41232,2.40594,-0.94356
5364.90000,0.41429,2.40264,-0.94016
5364.95000,0.41600,2.39965,-0.94956
5365.00000,0.41753,2.39686,-0.97074
5365.05000,0.41904,2.39421,-1.00506
5365.10000,0.42124,2.39057,-1.04983
5365.15000,0.42416,2.38516,-1.10343
5365.20000,0.42720,2.37869,-1.16026
5365.25000,0.42999,2.37172,-1.21950
5365.30000,0.43256,2.36400,-1.27914
5365.35000,0.43484,2.35585,-1.32294
5365.40000,0.43677,2.34747,-1.33443
5365.45000,0.43874,2.33910,-1.32783
5365.50000,0.44081,2.33088,-1.30010
5365.55000,0.44196,2.32608,-1.24841
5365.60000,0.44224,2.32519,-1.18571
5365.65000,0.44230,2.32506,-1.12386
5365.70000,0.44237,2.32492,-1.06217
5365.75000,0.44246,2.32480,-1.01059
5365.80000,0.44227,2.32503,-0.98416
5365.85000,0.44181,2.32568,-0.99070
5365.90000,0.44277,2.32437,-1.01668
5365.95000,0.44473,2.32107,-1.05349
5366.00000,0.44741,2.31611,-1.09892
5366.05000,0.45036,2.30996,-1.14979
5366.10000,0.45323,2.30304,-1.20401
5366.15000,0.45591,2.29544,-1.26032
5366.20000,0.45827,2.28728,-1.31779
5366.25000,0.46016,2.27895,-1.37601
5366.30000,0.46159,2.27049,-1.43246
5366.35000,0.46260,2.26178,-1.47374
5366.40000,0.46342,2.25264,-1.49061
5366.45000,0.46417,2.24332,-1.49422
5366.50000,0.46493,2.23395,-1.48767
5366.55000,0.46572,2.22458,-1.46055
5366.60000,0.46650,2.21764,-1.41725
5366.65000,0.46692,2.21404,-1.36075
5366.70000,0.46699,2.21370,-1.29988
5366.75000,0.46704,2.21354,-1.23875
5366.80000,0.46713,2.21336,-1.18692
5366.85000,0.46726,2.21320,-1.15537
5366.90000,0.46738,2.21310,-1.15627
5366.95000,0.46879,2.21001,-1.18153
5367.00000,0.47080,2.20483,-1.21784
5367.05000,0.47306,2.19827,-1.26035
5367.10000,0.47530,2.19070,-1.30737
5367.15000,0.47732,2.18236,-1.35732
5367.20000,0.47888,2.17402,-1.39034
5367.25000,0.47986,2.16782,-1.41224
5367.30000,0.48059,2.16325,-1.43117
5367.35000,0.48139,2.15819,-1.42724
5367.40000,0.48205,2.15310,-1.39506
5367.45000,0.48260,2.14987,-1.33929
5367.50000,0.48270,2.14949,-1.27892
5367.55000,0.48275,2.14931,-1.21902
5367.60000,0.48285,2.14913,-1.16887
5367.65000,0.48307,2.14888,-1.13909
5367.70000,0.48333,2.14862,-1.13856
5367.75000,0.48479,2.14585,-1.15875
5367.80000,0.48710,2.14031,-1.19342
5367.85000,0.48965,2.13348,-1.23455
5367.90000,0.49244,2.12491,-1.27735
5367.95000,0.49512,2.11528,-1.32002
5368.00000,0.49740,2.10554,-1.36277
5368.05000,0.49925,2.09571,-1.40527
5368.10000,0.50052,2.08737,-1.42623
5368.15000,0.50148,2.08037,-1.41834
5368.20000,0.50242,2.07445,-1.38826
5368.25000,0.50323,2.07049,-1.34596
5368.30000,0.50356,2.06914,-1.29299
5368.35000,0.50362,2.06895,-1.23525
5368.40000,0.50371,2.06876,-1.18847
5368.45000,0.50396,2.06847,-1.16061
5368.50000,0.50433,2.06801,-1.15923
5368.55000,0.50528,2.06582,-1.17126
5368.60000,0.50683,2.06209,-1.18994
5368.65000,0.50909,2.05625,-1.21700
5368.70000,0.51191,2.04820,-1.25371
5368.75000,0.51455,2.03947,-1.29848
5368.80000,0.51672,2.03090,-1.34519
5368.85000,0.51845,2.02233,-1.37557
5368.90000,0.52003,2.01400,-1.37620
5368.95000,0.52098,2.00948,-1.34297
5369.00000,0.52147,2.00756,-1.29416
5369.05000,0.52155,2.00729,-1.23844
5369.10000,0.52162,2.00710,-1.18248
5369.15000,0.52172,2.00692,-1.13787
5369.20000,0.52183,2.00676,-1.10522
5369.25000,0.52175,2.00684,-1.09222
5369.30000,0.52161,2.00700,-1.08241
5369.35000,0.52140,2.00722,-1.07478
5369.40000,0.52115,2.00750,-1.06990
5369.45000,0.52088,2.00781,-1.06925
5369.50000,0.52105,2.00752,-1.07626
5369.55000,0.52195,2.00584,-1.09014
5369.60000,0.52367,2.00247,-1.11166
5369.65000,0.52634,1.99688,-1.14278
5369.70000,0.52980,1.98890,-1.18412
5369.75000,0.53332,1.97964,-1.22973
5369.80000,0.53644,1.97016,-1.27534
5369.85000,0.53898,1.96124,-1.30640
5369.90000,0.54144,1.95205,-1.31256
5369.95000,0.54338,1.94432,-1.29503
5370.00000,0.54420,1.94086,-1.25665
5370.05000,0.54430,1.94057,-1.20786
5370.10000,0.54439,1.94033,-1.15891
5370.15000,0.54451,1.94009,-1.11011
5370.20000,0.54465,1.93986,-1.07228
5370.25000,0.54473,1.93973,-1.04976
5370.30000,0.54464,1.93983,-1.04456
5370.35000,0.54472,1.93968,-1.04958
5370.40000,0.54559,1.93815,-1.06193
5370.45000,0.54743,1.93479,-1.08282
5370.50000,0.55021,1.92937,-1.11248
5370.55000,0.55378,1.92179,-1.15162
5370.60000,0.55716,1.91364,-1.19994
5370.65000,0.56011,1.90540,-1.24999
5370.70000,0.56277,1.89715,-1.28465
5370.75000,0.56514,1.88872,-1.29072
5370.80000,0.56733,1.88094,-1.27693
5370.85000,0.56829,1.87673,-1.24108
5370.90000,0.56844,1.87626,-1.19480
5370.95000,0.56857,1.87595,-1.14791
5371.00000,0.56872,1.87564,-1.10102
5371.05000,0.56888,1.87533,-1.05413
5371.10000,0.56908,1.87503,-1.01706
5371.15000,0.56920,1.87488,-1.00532
5371.20000,0.57060,1.87277,-1.02094
5371.25000,0.57327,1.86825,-1.05093
5371.30000,0.57656,1.86225,-1.08846
5371.35000,0.58013,1.85506,-1.13118
5371.40000,0.58371,1.84696,-1.17691
5371.45000,0.58698,1.83859,-1.20569
5371.50000,0.59006,1.83030,-1.20832
5371.55000,0.59300,1.82257,-1.19079
5371.60000,0.59506,1.81746,-1.15746
5371.65000,0.59555,1.81609,-1.11193
5371.70000,0.59572,1.81577,-1.06431
5371.75000,0.59590,1.81546,-1.01681
5371.80000,0.59610,1.81515,-0.96943
5371.85000,0.59621,1.81498,-0.93449
5371.90000,0.59621,1.81498,-0.92902
5371.95000,0.59820,1.81229,-0.94558
5372.00000,0.60152,1.80758,-0.97415
5372.05000,0.60552,1.80145,-1.01064
5372.10000,0.60987,1.79420,-1.05233
5372.15000,0.61411,1.78637,-1.09613
5372.20000,0.61802,1.77840,-1.12394
5372.25000,0.62167,1.77073,-1.12406
5372.30000,0.62470,1.76438,-1.09887
5372.35000,0.62595,1.76155,-1.05525
5372.40000,0.62617,1.76120,-1.00498
5372.45000,0.62637,1.76089,-0.95495
5372.50000,0.62657,1.76063,-0.90525
5372.55000,0.62669,1.76049,-0.86807
5372.60000,0.62674,1.76046,-0.85898
5372.65000,0.62893,1.75791,-0.87400
5372.70000,0.63259,1.75341,-0.90137
5372.75000,0.63709,1.74752,-0.93642
5372.80000,0.64203,1.74051,-0.97669
5372.85000,0.64688,1.73299,-1.01853
5372.90000,0.65140,1.72540,-1.04418
5372.95000,0.65547,1.71832,-1.04022
5373.00000,0.65882,1.71272,-1.00944
5373.05000,0.66086,1.70957,-0.95913
5373.10000,0.66113,1.70918,-0.90291
5373.15000,0.66129,1.70899,-0.84607
5373.20000,0.66147,1.70881,-0.79991
5373.25000,0.66146,1.70891,-0.77841
5373.30000,0.66249,1.70791,-0.78296
5373.35000,0.66619,1.70414,-0.80710
5373.40000,0.67097,1.69898,-0.84012
5373.45000,0.67641,1.69267,-0.87887
5373.50000,0.68197,1.68566,-0.92038
5373.55000,0.68725,1.67842,-0.96187
5373.60000,0.69246,1.67089,-0.99147
5373.65000,0.69798,1.66295,-0.99675
5373.70000,0.70236,1.65625,-0.97274
5373.75000,0.70519,1.65208,-0.92607
5373.80000,0.70624,1.65073,-0.86841
5373.85000,0.70640,1.65055,-0.80373
5373.90000,0.70658,1.65040,-0.75003
5373.95000,0.70694,1.65011,-0.70909
5374.00000,0.70744,1.64970,-0.67860
5374.05000,0.70806,1.64922,-0.65848
5374.10000,0.70896,1.64853,-0.65810
5374.15000,0.71250,1.64574,-0.67899
5374.20000,0.71878,1.64047,-0.71539
5374.25000,0.72595,1.63398,-0.75454
5374.30000,0.73291,1.62716,-0.79438
5374.35000,0.73950,1.62016,-0.83451
5374.40000,0.74607,1.61263,-0.87326
5374.45000,0.75230,1.60502,-0.90034
5374.50000,0.75775,1.59813,-0.89731
5374.55000,0.76070,1.59454,-0.86080
5374.60000,0.76264,1.59239,-0.80663
5374.65000,0.76345,1.59158,-0.74302
5374.70000,0.76362,1.59143,-0.67478
5374.75000,0.76380,1.59132,-0.61886
5374.80000,0.76403,1.59124,-0.58814
5374.85000,0.76491,1.59071,-0.58764
5374.90000,0.76901,1.58788,-0.60912
5374.95000,0.77490,1.58362,-0.63920
5375.00000,0.78196,1.57818,-0.67447
5375.05000,0.78927,1.57209,-0.71412
5375.10000,0.79614,1.56585,-0.75503
5375.15000,0.80319,1.55893,-0.79366
5375.20000,0.80984,1.55186,-0.83342
5375.25000,0.81593,1.54504,-0.86034
5375.30000,0.82193,1.53822,-0.86184
5375.35000,0.82600,1.53356,-0.83145
5375.40000,0.82823,1.53124,-0.77755
5375.45000,0.82961,1.52995,-0.71217
5375.50000,0.82998,1.52965,-0.64101
5375.55000,0.83018,1.52953,-0.58167
5375.60000,0.83029,1.52957,-0.54776
5375.65000,0.83010,1.52991,-0.53869
5375.70000,0.83136,1.52913,-0.54306
5375.75000,0.83621,1.52602,-0.56767
5375.80000,0.84318,1.52140,-0.60118
5375.85000,0.85115,1.51572,-0.63814
5375.90000,0.85898,1.50966,-0.67605
5375.95000,0.86650,1.50335,-0.71437
5376.00000,0.87386,1.49671,-0.75228
5376.05000,0.88047,1.49041,-0.77790
5376.10000,0.88694,1.48420,-0.79015
5376.15000,0.89362,1.47772,-0.78679
5376.20000,0.90033,1.47118,-0.76662
5376.25000,0.90655,1.46539,-0.72663
5376.30000,0.91079,1.46179,-0.67242
5376.35000,0.91255,1.46046,-0.60441
5376.40000,0.91280,1.46030,-0.52867
5376.45000,0.91302,1.46020,-0.46487
5376.50000,0.91288,1.46053,-0.42681
5376.55000,0.91300,1.46056,-0.41868
5376.60000,0.91568,1.45933,-0.42702
5376.65000,0.92170,1.45647,-0.45383
5376.70000,0.92906,1.45273,-0.48863
5376.75000,0.93695,1.44833,-0.52645
5376.80000,0.94469,1.44364,-0.56410
5376.85000,0.95224,1.43865,-0.60188
5376.90000,0.95959,1.43339,-0.63990
5376.95000,0.96690,1.42793,-0.66990
5377.00000,0.97453,1.42210,-0.68118
5377.05000,0.98265,1.41566,-0.66884
5377.10000,0.99088,1.40921,-0.64436
5377.15000,0.99808,1.40400,-0.60407
5377.20000,1.00334,1.40056,-0.54999
5377.25000,1.00604,1.39900,-0.48298
5377.30000,1.00656,1.39875,-0.40580
5377.35000,1.00680,1.39867,-0.33893
5377.40000,1.00647,1.39918,-0.29842
5377.45000,1.00642,1.39917,-0.28609
5377.50000,1.00904,1.39834,-0.28996
5377.55000,1.01482,1.39651,-0.31036
5377.60000,1.02280,1.39380,-0.34278
5377.65000,1.03134,1.39058,-0.37797
5377.70000,1.03976,1.38707,-0.41270
5377.75000,1.04806,1.38326,-0.44748
5377.80000,1.05621,1.37917,-0.48274
5377.85000,1.06421,1.37480,-0.51818
5377.90000,1.07216,1.37023,-0.54654
5377.95000,1.08042,1.36530,-0.55607
5378.00000,1.08902,1.36000,-0.55036
5378.05000,1.09778,1.35450,-0.53365
5378.10000,1.10632,1.34955,-0.49824
5378.15000,1.11303,1.34609,-0.44834
5378.20000,1.11711,1.34426,-0.38556
5378.25000,1.11837,1.34379,-0.31036
5378.30000,1.11878,1.34369,-0.24310
5378.35000,1.11900,1.34381,-0.19961
5378.40000,1.11939,1.34373,-0.18587
5378.45000,1.12253,1.34305,-0.18799
5378.50000,1.12851,1.34177,-0.20432
5378.55000,1.13711,1.33984,-0.23438
5378.60000,1.14628,1.33750,-0.26527
5378.65000,1.15530,1.33488,-0.29610
5378.70000,1.16420,1.33200,-0.32748
5378.75000,1.17292,1.32887,-0.35957
5378.80000,1.18148,1.32548,-0.39202
5378.85000,1.18982,1.32202,-0.41414
5378.90000,1.19820,1.31844,-0.41538
5378.95000,1.20656,1.31485,-0.40404
5379.00000,1.21490,1.31133,-0.37391
5379.05000,1.22201,1.30871,-0.32749
5379.10000,1.22669,1.30726,-0.26791
5379.15000,1.22849,1.30681,-0.19611
5379.20000,1.22905,1.30674,-0.13003
5379.25000,1.22939,1.30683,-0.08647
5379.30000,1.22936,1.30674,-0.06590
5379.35000,1.23118,1.30650,-0.06054
5379.40000,1.23595,1.30611,-0.06948
5379.45000,1.24355,1.30541,-0.09371
5379.50000,1.25324,1.30436,-0.12358
5379.55000,1.26289,1.30301,-0.15308
5379.60000,1.27204,1.30145,-0.18428
5379.65000,1.28107,1.29960,-0.21599
5379.70000,1.29002,1.29746,-0.24806
5379.75000,1.29890,1.29504,-0.28030
5379.80000,1.30763,1.29263,-0.30394
5379.85000,1.31642,1.29013,-0.30896
5379.90000,1.32513,1.28767,-0.29994
5379.95000,1.33371,1.28533,-0.28226
5380.00000,1.34227,1.28298,-0.24763
5380.05000,1.34936,1.28135,-0.19902
5380.10000,1.35394,1.28056,-0.13958
5380.15000,1.35587,1.28034,-0.06939
5380.20000,1.35637,1.28033,-0.00253
5380.25000,1.35682,1.28029,0.05164
5380.30000,1.35705,1.28002,0.10047
5380.35000,1.35666,1.27982,0.13355
5380.40000,1.35768,1.28026,0.14166
5380.45000,1.36334,1.28125,0.12541
5380.50000,1.37203,1.28221,0.09380
5380.55000,1.38118,1.28292,0.06085
5380.60000,1.39037,1.28333,0.02831
5380.65000,1.39957,1.28344,-0.00397
5380.70000,1.40878,1.28325,-0.03622
5380.75000,1.41795,1.28277,-0.06859
5380.80000,1.42710,1.28199,-0.10132
5380.85000,1.43622,1.28091,-0.13415
5380.90000,1.44543,1.27957,-0.15788
5380.95000,1.45478,1.27805,-0.16638
5381.00000,1.46411,1.27653,-0.16494
5381.05000,1.47353,1.27488,-0.15026
5381.10000,1.48324,1.27333,-0.12149
5381.15000,1.49226,1.27255,-0.07523
5381.20000,1.49968,1.27220,-0.01687
5381.25000,1.50718,1.27230,0.04225
5381.30000,1.51515,1.27287,0.10229
5381.35000,1.52226,1.27382,0.16734
5381.40000,1.52804,1.27470,0.22895
5381.45000,1.53393,1.27571,0.27599
5381.50000,1.54028,1.27725,0.29409
5381.55000,1.54672,1.27893,0.29430
5381.60000,1.55309,1.28070,0.27957
5381.65000,1.56146,1.28307,0.24830
5381.70000,1.57037,1.28517,0.21480
5381.75000,1.57929,1.28695,0.17882
5381.80000,1.58827,1.28841,0.14302
5381.85000,1.59604,1.28937,0.10592
5381.90000,1.60275,1.28994,0.08128
5381.95000,1.60971,1.29044,0.08004
5382.00000,1.61696,1.29104,0.09823
5382.05000,1.62291,1.29169,0.13773
5382.10000,1.62940,1.29275,0.18559
5382.15000,1.63644,1.29427,0.23752
5382.20000,1.64284,1.29600,0.29675
5382.25000,1.64798,1.29747,0.35249
5382.30000,1.65318,1.29903,0.39548
5382.35000,1.65842,1.30068,0.41915
5382.40000,1.66372,1.30243,0.42782
5382.45000,1.66916,1.30443,0.42512
5382.50000,1.67614,1.30776,0.39989
5382.55000,1.68490,1.31131,0.36663
5382.60000,1.69428,1.31474,0.33444
5382.65000,1.70378,1.31787,0.30230
5382.70000,1.71169,1.32014,0.26766
5382.75000,1.71720,1.32149,0.22915
5382.80000,1.72121,1.32234,0.20394
5382.85000,1.72546,1.32330,0.20458
5382.90000,1.72969,1.32418,0.23252
5382.95000,1.73543,1.32565,0.26955
5383.00000,1.74251,1.32777,0.31186
5383.05000,1.74964,1.33026,0.36126
5383.10000,1.75524,1.33252,0.41821
5383.15000,1.75878,1.33418,0.45551
5383.20000,1.76162,1.33558,0.46488
5383.25000,1.76449,1.33701,0.46443
5383.30000,1.76836,1.33895,0.45713
5383.35000,1.77358,1.34149,0.44325
5383.40000,1.78039,1.34466,0.42247
5383.45000,1.78880,1.34832,0.39259
5383.50000,1.79799,1.35196,0.36116
5383.55000,1.80591,1.35458,0.33017
5383.60000,1.80961,1.35581,0.31267
5383.65000,1.81301,1.35689,0.32608
5383.70000,1.81774,1.35856,0.35415
5383.75000,1.82419,1.36107,0.38972
5383.80000,1.83094,1.36399,0.43461
5383.85000,1.83744,1.36705,0.46494
5383.90000,1.84354,1.36978,0.47089
5383.95000,1.84957,1.37247,0.46690
5384.00000,1.85550,1.37515,0.45212
5384.05000,1.86251,1.37844,0.42490
5384.10000,1.87089,1.38206,0.39053
5384.15000,1.87915,1.38529,0.35573
5384.20000,1.88743,1.38825,0.33576
5384.25000,1.89558,1.39114,0.33956
5384.30000,1.90242,1.39365,0.36726
5384.35000,1.91032,1.39686,0.40435
5384.40000,1.91893,1.40074,0.44470
5384.45000,1.92658,1.40404,0.48718
5384.50000,1.93035,1.40601,0.51683
5384.55000,1.93321,1.40747,0.51844
5384.60000,1.93667,1.40943,0.51002
5384.65000,1.94122,1.41195,0.49551
5384.70000,1.94720,1.41510,0.47296
5384.75000,1.95483,1.41887,0.44130
5384.80000,1.96315,1.42262,0.40642
5384.85000,1.97166,1.42614,0.38546
5384.90000,1.98046,1.42980,0.38610
5384.95000,1.98873,1.43314,0.40892
5385.00000,1.99443,1.43562,0.45252
5385.05000,1.99644,1.43655,0.50523
5385.10000,1.99673,1.43672,0.56463
5385.15000,1.99698,1.43689,0.61398
5385.20000,1.99690,1.43681,0.64324
5385.25000,1.99795,1.43763,0.64858
5385.30000,2.00079,1.43977,0.64166
5385.35000,2.00468,1.44264,0.62820
5385.40000,2.00999,1.44642,0.60628
5385.45000,2.01687,1.45105,0.57517
5385.50000,2.02461,1.45587,0.54001
5385.55000,2.03251,1.46042,0.50441
5385.60000,2.04056,1.46468,0.46869
5385.65000,2.04850,1.46854,0.44920
5385.70000,2.05635,1.47228,0.45483
5385.75000,2.06280,1.47548,0.48562
5385.80000,2.06667,1.47748,0.53479
5385.85000,2.06731,1.47778,0.59068
5385.90000,2.06757,1.47797,0.64736
5385.95000,2.06783,1.47819,0.69368
5386.00000,2.06791,1.47830,0.71807
5386.05000,2.06968,1.47989,0.71608
5386.10000,2.07438,1.48391,0.69493
5386.15000,2.08053,1.48888,0.66510
5386.20000,2.08770,1.49431,0.62999
5386.25000,2.09516,1.49954,0.59433
5386.30000,2.10279,1.50450,0.55846
5386.35000,2.11022,1.50902,0.53895
5386.40000,2.11747,1.51333,0.54565
5386.45000,2.12301,1.51669,0.57879
5386.50000,2.12508,1.51805,0.62994
5386.55000,2.12542,1.51830,0.68509
5386.60000,2.12566,1.51852,0.73990
5386.65000,2.12592,1.51878,0.78488
5386.70000,2.12613,1.51905,0.81132
5386.75000,2.12772,1.52077,0.80899
5386.80000,2.13207,1.52524,0.78741
5386.85000,2.13774,1.53078,0.75728
5386.90000,2.14439,1.53683,0.72193
5386.95000,2.15184,1.54316,0.68843
5387.00000,2.15966,1.54939,0.65569
5387.05000,2.16769,1.55536,0.62272
5387.10000,2.17546,1.56085,0.60140
5387.15000,2.18170,1.56514,0.61211
5387.20000,2.18507,1.56758,0.64844
5387.25000,2.18630,1.56854,0.69653
5387.30000,2.18654,1.56876,0.74952
5387.35000,2.18678,1.56899,0.80232
5387.40000,2.18704,1.56929,0.84388
5387.45000,2.18733,1.56970,0.85868
5387.50000,2.18830,1.57085,0.85912
5387.55000,2.19136,1.57439,0.84503
5387.60000,2.19663,1.58015,0.81509
5387.65000,2.20346,1.58716,0.78239
5387.70000,2.21067,1.59409,0.74874
5387.75000,2.21811,1.60077,0.71498
5387.80000,2.22577,1.60720,0.68106
5387.85000,2.23311,1.61301,0.66071
5387.90000,2.24008,1.61844,0.66672
5387.95000,2.24358,1.62127,0.70059
5388.00000,2.24482,1.62236,0.74652
5388.05000,2.24506,1.62259,0.79775
5388.10000,2.24528,1.62283,0.84883
5388.15000,2.24550,1.62311,0.88854
5388.20000,2.24553,1.62328,0.90584
5388.25000,2.24688,1.62499,0.90268
5388.30000,2.25081,1.62984,0.88097
5388.35000,2.25641,1.63643,0.85196
5388.40000,2.26304,1.64376,0.81849
5388.45000,2.26999,1.65094,0.78410
5388.50000,2.27719,1.65788,0.74994
5388.55000,2.28440,1.66457,0.72324
5388.60000,2.29180,1.67139,0.71748
5388.65000,2.29786,1.67677,0.73744
5388.70000,2.29979,1.67851,0.78073
5388.75000,2.30002,1.67875,0.83121
5388.80000,2.30024,1.67900,0.88158
5388.85000,2.30044,1.67927,0.93166
5388.90000,2.30060,1.67953,0.97036
5388.95000,2.30078,1.67987,0.98156
5389.00000,2.30234,1.68218,0.97548
5389.05000,2.30570,1.68701,0.95371
5389.10000,2.31041,1.69343,0.92151
5389.15000,2.31596,1.70047,0.88434
5389.20000,2.32184,1.70737,0.84707
5389.25000,2.32797,1.71405,0.80978
5389.30000,2.33426,1.72064,0.77952
5389.35000,2.34091,1.72753,0.76722
5389.40000,2.34754,1.73413,0.77974
5389.45000,2.35214,1.73878,0.80512
5389.50000,2.35461,1.74143,0.84260
5389.55000,2.35517,1.74208,0.89125
5389.60000,2.35538,1.74234,0.94197
5389.65000,2.35557,1.74262,0.99243
5389.70000,2.35555,1.74274,1.02998
5389.75000,2.35578,1.74316,1.03795
5389.80000,2.35761,1.74621,1.02989
5389.85000,2.36112,1.75190,1.00619
5389.90000,2.36568,1.75885,0.97426
5389.95000,2.37093,1.76629,0.93882
5390.00000,2.37645,1.77355,0.90340
5390.05000,2.38212,1.78073,0.87459
5390.10000,2.38813,1.78819,0.86325
5390.15000,2.39466,1.79610,0.87099
5390.20000,2.40102,1.80376,0.88600
5390.25000,2.40669,1.81084,0.90628
5390.30000,2.41094,1.81641,0.93279
5390.35000,2.41315,1.81949,0.97081
5390.40000,2.41370,1.82031,1.02017
5390.45000,2.41386,1.82060,1.07200
5390.50000,2.41402,1.82090,1.12352
5390.55000,2.41412,1.82119,1.16421
5390.60000,2.41399,1.82124,1.18358
5390.65000,2.41478,1.82309,1.18633
5390.70000,2.41664,1.82754,1.17481
5390.75000,2.41981,1.83479,1.14753
5390.80000,2.42369,1.84303,1.11406
5390.85000,2.42787,1.85119,1.08059
5390.90000,2.43231,1.85919,1.04679
5390.95000,2.43702,1.86703,1.01270
5391.00000,2.44200,1.87470,0.97832
5391.05000,2.44715,1.88231,0.95090
5391.10000,2.45265,1.89023,0.94130
5391.15000,2.45839,1.89831,0.94764
5391.20000,2.46327,1.90521,0.96569
5391.25000,2.46633,1.90976,0.99613
5391.30000,2.46758,1.91177,1.03924
5391.35000,2.46776,1.91209,1.09035
5391.40000,2.46791,1.91239,1.14140
5391.45000,2.46803,1.91271,1.18110
5391.50000,2.46820,1.91318,1.19806
5391.55000,2.46935,1.91594,1.19617
5391.60000,2.47203,1.92241,1.17646
5391.65000,2.47550,1.93037,1.14766
5391.70000,2.47947,1.93880,1.11531
5391.75000,2.48378,1.94722,1.08354
5391.80000,2.48820,1.95552,1.06065
5391.85000,2.49267,1.96384,1.05193
5391.90000,2.49732,1.97227,1.05980
5391.95000,2.50157,1.97997,1.07587
5392.00000,2.50498,1.98648,1.09832
5392.05000,2.50757,1.99171,1.12719
5392.10000,2.50933,1.99560,1.16251
5392.15000,2.51033,1.99806,1.20433
5392.20000,2.51061,1.99931,1.23970
5392.25000,2.51104,2.00086,1.25175
5392.30000,2.51254,2.00507,1.24488
5392.35000,2.51514,2.01237,1.22439
5392.40000,2.51842,2.02107,1.19627
5392.45000,2.52199,2.02973,1.16595
5392.50000,2.52582,2.03827,1.13571
5392.55000,2.52968,2.04659,1.11588
5392.60000,2.53349,2.05485,1.10437
5392.65000,2.53729,2.06309,1.09531
5392.70000,2.54109,2.07132,1.08849
5392.75000,2.54502,2.07965,1.09101
5392.80000,2.54898,2.08797,1.10418
5392.85000,2.55268,2.09553,1.12527
5392.90000,2.55537,2.10136,1.15480
5392.95000,2.55675,2.10463,1.19600
5393.00000,2.55704,2.10543,1.24788
5393.05000,2.55714,2.10575,1.30160
5393.10000,2.55723,2.10608,1.35488
5393.15000,2.55718,2.10632,1.39779
5393.20000,2.55721,2.10664,1.41784
5393.25000,2.55766,2.10905,1.42455
5393.30000,2.55842,2.11375,1.41940
5393.35000,2.55976,2.12146,1.39850
5393.40000,2.56149,2.13058,1.37002
5393.45000,2.56347,2.13964,1.34156
5393.50000,2.56571,2.14865,1.31310
5393.55000,2.56820,2.15758,1.28469
5393.60000,2.57094,2.16642,1.25520
5393.65000,2.57392,2.17531,1.23598
5393.70000,2.57719,2.18446,1.23188
5393.75000,2.58072,2.19389,1.23891
5393.80000,2.58397,2.20343,1.25291
5393.85000,2.58679,2.21228,1.27197
5393.90000,2.58918,2.22038,1.29579
5393.95000,2.59096,2.22732,1.32405
5394.00000,2.59198,2.23168,1.35940
5394.05000,2.59235,2.23354,1.40497
5394.10000,2.59227,2.23392,1.44516
5394.15000,2.59240,2.23461,1.46255
5394.20000,2.59289,2.23774,1.46513
5394.25000,2.59355,2.24323,1.45542
5394.30000,2.59466,2.25151,1.43197
5394.35000,2.59608,2.26069,1.40360
5394.40000,2.59775,2.26983,1.37521
5394.45000,2.59969,2.27890,1.34633
5394.50000,2.60189,2.28793,1.31806
5394.55000,2.60425,2.29696,1.29512
5394.60000,2.60696,2.30629,1.28863
5394.65000,2.60993,2.31593,1.29529
5394.70000,2.61225,2.32437,1.31171
5394.75000,2.61376,2.33036,1.33884
5394.80000,2.61452,2.33381,1.37673
5394.85000,2.61470,2.33477,1.42480
5394.90000,2.61474,2.33511,1.47521
5394.95000,2.61475,2.33545,1.51634
5395.00000,2.61481,2.33591,1.53678
5395.05000,2.61501,2.33845,1.54106
5395.10000,2.61527,2.34364,1.53334
5395.15000,2.61569,2.35139,1.51106
5395.20000,2.61641,2.36090,1.48263
5395.25000,2.61739,2.37032,1.45354
5395.30000,2.61866,2.37999,1.42528
5395.35000,2.62021,2.38952,1.39629
5395.40000,2.62186,2.39873,1.37626
5395.45000,2.62347,2.40788,1.36267
5395.50000,2.62505,2.41701,1.35068
5395.55000,2.62664,2.42614,1.34043
5395.60000,2.62823,2.43526,1.33227
5395.65000,2.62983,2.44438,1.32658
5395.70000,2.63143,2.45350,1.32370
5395.75000,2.63304,2.46262,1.32567
5395.80000,2.63468,2.47163,1.34005
5395.85000,2.63624,2.47917,1.36413
5395.90000,2.63731,2.48469,1.39695
5395.95000,2.63777,2.48760,1.44048
5396.00000,2.63784,2.48822,1.49310
5396.05000,2.63784,2.48856,1.53763
5396.10000,2.63789,2.48889,1.56306
5396.15000,2.63789,2.49089,1.57493
5396.20000,2.63785,2.49395,1.57942
5396.25000,2.63779,2.49773,1.58005
5396.30000,2.63771,2.50247,1.57656
5396.35000,2.63769,2.50818,1.56729
5396.40000,2.63780,2.51609,1.54794
5396.45000,2.63815,2.52535,1.52023
5396.50000,2.63877,2.53482,1.49270
5396.55000,2.63964,2.54416,1.46353
5396.60000,2.64079,2.55366,1.43633
5396.65000,2.64202,2.56276,1.42050
5396.70000,2.64336,2.57192,1.41440
5396.75000,2.64424,2.57828,1.41054
5396.80000,2.64455,2.58128,1.39015
5396.85000,2.64530,2.58502,1.35301
5396.90000,2.64660,2.59032,1.30866
5396.95000,2.64849,2.59674,1.25955
5397.00000,2.65097,2.60381,1.20687
5397.05000,2.65406,2.61129,1.15180
5397.10000,2.65777,2.61902,1.09531
5397.15000,2.66203,2.62673,1.03734
5397.20000,2.66687,2.63440,0.97880
5397.25000,2.67228,2.64195,0.91989
5397.30000,2.67823,2.64931,0.86089
5397.35000,2.68466,2.65636,0.80161
5397.40000,2.69156,2.66308,0.74226
5397.45000,2.69886,2.66938,0.68269
5397.50000,2.70656,2.67526,0.62310
5397.55000,2.71472,2.68077,0.56398
5397.60000,2.72317,2.68577,0.50464
5397.65000,2.73204,2.69033,0.44586
5397.70000,2.74115,2.69436,0.38697
5397.75000,2.75051,2.69786,0.32905
5397.80000,2.76005,2.70081,0.27094
5397.85000,2.76976,2.70321,0.21342
5397.90000,2.77959,2.70505,0.15690
5397.95000,2.78950,2.70633,0.10070
5398.00000,2.79947,2.70706,0.04511
5398.05000,2.80947,2.70724,-0.00928
5398.10000,2.81909,2.70716,-0.05689
5398.15000,2.82849,2.70724,-0.09534
5398.20000,2.83806,2.70712,-0.12087
5398.25000,2.84574,2.70675,-0.13053
5398.30000,2.84838,2.70638,-0.15381
5398.35000,2.85020,2.70607,-0.19876
5398.40000,2.85146,2.70578,-0.25910
5398.45000,2.85232,2.70552,-0.33035
5398.50000,2.85291,2.70529,-0.40937
5398.55000,2.85330,2.70510,-0.49390
5398.60000,2.85360,2.70493,-0.58200
5398.65000,2.85388,2.70472,-0.66990
5398.70000,2.85415,2.70449,-0.75701
5398.75000,2.85439,2.70424,-0.84328
5398.80000,2.85461,2.70396,-0.92870
5398.85000,2.85481,2.70367,-1.01325
5398.90000,2.85499,2.70337,-1.09692
5398.95000,2.85513,2.70305,-1.17967
5399.00000,2.85525,2.70272,-1.26150
5399.05000,2.85535,2.70238,-1.34238
5399.10000,2.85541,2.70204,-1.42231
5399.15000,2.85545,2.70169,-1.50127
5399.20000,2.85546,2.70133,-1.57924
5399.25000,2.85544,2.70098,-1.65621
5399.30000,2.85540,2.70063,-1.73217
5399.35000,2.85533,2.70029,-1.80710
5399.40000,2.85524,2.69995,-1.88100
5399.45000,2.85512,2.69962,-1.95384
5399.50000,2.85497,2.69930,-2.02562
5399.55000,2.85481,2.69899,-2.09634
5399.60000,2.85462,2.69869,-2.16598
5399.65000,2.85441,2.69841,-2.23453
5399.70000,2.85419,2.69814,-2.30199
5399.75000,2.85395,2.69788,-2.36836
5399.80000,2.85369,2.69765,-2.43362
5399.85000,2.85341,2.69743,-2.49777
5399.90000,2.85312,2.69723,-2.56081
5399.95000,2.85282,2.69704,-2.62274
5400.00000,2.85251,2.69688,-2.68354
5400.05000,2.85219,2.69673,-2.74322
5400.10000,2.85187,2.69660,-2.80178
5400.15000,2.85153,2.69650,-2.85921
5400.20000,2.85119,2.69641,-2.91552
5400.25000,2.84854,2.69589,-2.96877
5400.30000,2.84099,2.69475,-3.01378
5400.35000,2.83235,2.69385,-3.06159
5400.40000,2.82296,2.69333,-3.11136
5400.45000,2.81302,2.69328,3.12099
5400.50000,2.80373,2.69363,3.08125
5400.55000,2.79702,2.69402,3.05504
5400.60000,2.79271,2.69437,3.01132
5400.65000,2.78987,2.69481,2.95167
5400.70000,2.78789,2.69526,2.88099
5400.75000,2.78653,2.69567,2.80238
5400.80000,2.78544,2.69607,2.73238
5400.85000,2.78438,2.69649,2.68375
5400.90000,2.78225,2.69767,2.66445
5400.95000,2.77657,2.70080,2.66138
5401.00000,2.76950,2.70448,2.66603
5401.05000,2.76170,2.70846,2.67716
5401.10000,2.75372,2.71238,2.69178
5401.15000,2.74589,2.71606,2.71064
5401.20000,2.73783,2.71966,2.73172
5401.25000,2.72981,2.72304,2.75513
5401.30000,2.72159,2.72626,2.78021
5401.35000,2.71309,2.72934,2.80807
5401.40000,2.70448,2.73219,2.83670
5401.45000,2.69570,2.73480,2.86811
5401.50000,2.68684,2.73713,2.90161
5401.55000,2.67797,2.73913,2.93755
5401.60000,2.66866,2.74092,2.97378
5401.65000,2.65888,2.74239,3.01138
5401.70000,2.64929,2.74346,3.05090
5401.75000,2.63945,2.74415,3.09122
5401.80000,2.62969,2.74445,3.13380
5401.85000,2.61976,2.74432,-3.10658
5401.90000,2.60949,2.74374,-3.06141
5401.95000,2.59951,2.74272,-3.01572
5402.00000,2.58963,2.74123,-2.96922
5402.05000,2.57982,2.73929,-2.92267
5402.10000,2.57011,2.73689,-2.87569
5402.15000,2.56053,2.73404,-2.82865
5402.20000,2.55109,2.73073,-2.78154
5402.25000,2.54182,2.72699,-2.73447
5402.30000,2.53273,2.72282,-2.68723
5402.35000,2.52386,2.71822,-2.64016
5402.40000,2.51520,2.71321,-2.59300
5402.45000,2.50680,2.70779,-2.54592
5402.50000,2.49865,2.70199,-2.49881
5402.55000,2.49079,2.69581,-2.45191
5402.60000,2.48323,2.68927,-2.40517
5402.65000,2.47598,2.68238,-2.35844
5402.70000,2.46906,2.67516,-2.31176
5402.75000,2.46249,2.66763,-2.26547
5402.80000,2.45626,2.65980,-2.21912
5402.85000,2.45041,2.65169,-2.17280
5402.90000,2.44494,2.64332,-2.12629
5402.95000,2.43987,2.63471,-2.07963
5403.00000,2.43520,2.62586,-2.03310
5403.05000,2.43095,2.61681,-1.98631
5403.10000,2.42713,2.60757,-1.93952
5403.15000,2.42375,2.59816,-1.89275
5403.20000,2.42081,2.58861,-1.84576
5403.25000,2.41832,2.57892,-1.79878
5403.30000,2.41629,2.56913,-1.75157
5403.35000,2.41473,2.55926,-1.70441
5403.40000,2.41363,2.54932,-1.65703
5403.45000,2.41300,2.53934,-1.60971
5403.50000,2.41285,2.52934,-1.56240
5403.55000,2.41315,2.52000,-1.51234
5403.60000,2.41388,2.51134,-1.45971
5403.65000,2.41507,2.50275,-1.40697
5403.70000,2.41671,2.49422,-1.35438
5403.75000,2.41880,2.48579,-1.30185
5403.80000,2.42109,2.47745,-1.25572
5403.85000,2.42345,2.46907,-1.22718
5403.90000,2.42567,2.46096,-1.22435
5403.95000,2.42752,2.45454,-1.23662
5404.00000,2.42816,2.45205,-1.26588
5404.05000,2.42818,2.45193,-1.30558
5404.10000,2.42826,2.45161,-1.34480
5404.15000,2.42833,2.45129,-1.38399
5404.20000,2.42838,2.45097,-1.42319
5404.25000,2.42843,2.45064,-1.46236
5404.30000,2.42846,2.45031,-1.50151
5404.35000,2.42843,2.44972,-1.52754
5404.40000,2.42852,2.44823,-1.52917
5404.45000,2.42876,2.44497,-1.51311
5404.50000,2.42924,2.43853,-1.48459
5404.55000,2.43009,2.43039,-1.44909
5404.60000,2.43140,2.42121,-1.40950
5404.65000,2.43295,2.41162,-1.37478
5404.70000,2.43454,2.40204,-1.35471
5404.75000,2.43594,2.39304,-1.35612
5404.80000,2.43701,2.38544,-1.36704
5404.85000,2.43788,2.37878,-1.38275
5404.90000,2.43855,2.37311,-1.40316
5404.95000,2.43902,2.36845,-1.42822
5405.00000,2.43931,2.36490,-1.45820
5405.05000,2.43944,2.36344,-1.49674
5405.10000,2.43946,2.36311,-1.53994
5405.15000,2.43947,2.36278,-1.58309
5405.20000,2.43941,2.36247,-1.62197
5405.25000,2.43900,2.36182,-1.64607
5405.30000,2.43831,2.36059,-1.64895
5405.35000,2.43753,2.35769,-1.63871
5405.40000,2.43705,2.35069,-1.61224
5405.45000,2.43683,2.34162,-1.57742
5405.50000,2.43696,2.33167,-1.53936
5405.55000,2.43746,2.32169,-1.50124
5405.60000,2.43805,2.31182,-1.46798
5405.65000,2.43840,2.30223,-1.44389
5405.70000,2.43833,2.29309,-1.43753
5405.75000,2.43800,2.28424,-1.44312
5405.80000,2.43750,2.27590,-1.45484
5405.85000,2.43682,2.26853,-1.47122
5405.90000,2.43622,2.26216,-1.49221
5405.95000,2.43583,2.25680,-1.51775
5406.00000,2.43566,2.25250,-1.54788
5406.05000,2.43564,2.24984,-1.58476
5406.10000,2.43563,2.24910,-1.62932
5406.15000,2.43560,2.24877,-1.67545
5406.20000,2.43556,2.24844,-1.72133
5406.25000,2.43545,2.24806,-1.76079
5406.30000,2.43510,2.24747,-1.78836
5406.35000,2.43455,2.24672,-1.80475
5406.40000,2.43387,2.24584,-1.81254
5406.45000,2.43298,2.24456,-1.81304
5406.50000,2.43167,2.24147,-1.80520
5406.55000,2.42974,2.23563,-1.78581
5406.60000,2.42762,2.22733,-1.75646
5406.65000,2.42595,2.21748,-1.72102
5406.70000,2.42463,2.20756,-1.68571
5406.75000,2.42366,2.19761,-1.65026
5406.80000,2.42308,2.18912,-1.63485
5406.85000,2.42278,2.18218,-1.64434
5406.90000,2.42255,2.17791,-1.66938
5406.95000,2.42232,2.17582,-1.70356
5407.00000,2.42226,2.17542,-1.74459
5407.05000,2.42219,2.17509,-1.78590
5407.10000,2.42212,2.17477,-1.82701
5407.15000,2.42195,2.17439,-1.85654
5407.20000,2.42138,2.17349,-1.86207
5407.25000,2.42005,2.16956,-1.84970
5407.30000,2.41826,2.16295,-1.82336
5407.35000,2.41637,2.15509,-1.78891
5407.40000,2.41447,2.14586,-1.75198
5407.45000,2.41283,2.13575,-1.71482
5407.50000,2.41171,2.12685,-1.68993
5407.55000,2.41080,2.11811,-1.68815
5407.60000,2.41023,2.11113,-1.70186
5407.65000,2.41022,2.10760,-1.72996
5407.70000,2.41010,2.10634,-1.76753
5407.75000,2.41003,2.10601,-1.80892
5407.80000,2.40995,2.10569,-1.85018
5407.85000,2.40985,2.10538,-1.89122
5407.90000,2.40979,2.10512,-1.92591
5407.95000,2.40956,2.10471,-1.94198
5408.00000,2.40827,2.10182,-1.93433
5408.05000,2.40585,2.09545,-1.91119
5408.10000,2.40311,2.08734,-1.88088
5408.15000,2.40029,2.07799,-1.84673
5408.20000,2.39777,2.06843,-1.81198
5408.25000,2.39567,2.05905,-1.78930
5408.30000,2.39400,2.05029,-1.79119
5408.35000,2.39264,2.04402,-1.80655
5408.40000,2.39210,2.04137,-1.83684
5408.45000,2.39208,2.04126,-1.87774
5408.50000,2.39200,2.04106,-1.91830
5408.55000,2.39188,2.04075,-1.95816
5408.60000,2.39180,2.04050,-1.99104
5408.65000,2.39143,2.03987,-2.00140
5408.70000,2.39025,2.03742,-1.99485
5408.75000,2.38867,2.03388,-1.98228
5408.80000,2.38664,2.02914,-1.96314
5408.85000,2.38410,2.02279,-1.93532
5408.90000,2.38116,2.01468,-1.89855
5408.95000,2.37842,2.00608,-1.85972
5409.00000,2.37603,1.99747,-1.83611
5409.05000,2.37411,1.98976,-1.84098
5409.10000,2.37300,1.98541,-1.86205
5409.15000,2.37278,1.98455,-1.89797
5409.20000,2.37266,1.98424,-1.93639
5409.25000,2.37254,1.98393,-1.97467
5409.30000,2.37240,1.98363,-2.01275
5409.35000,2.37224,1.98334,-2.03968
5409.40000,2.37128,1.98170,-2.04066
5409.45000,2.36888,1.97691,-2.02387
5409.50000,2.36593,1.97066,-1.99625
5409.55000,2.36258,1.96293,-1.96141
5409.60000,2.35899,1.95376,-1.92657
5409.65000,2.35585,1.94490,-1.90585
5409.70000,2.35333,1.93733,-1.91038
5409.75000,2.35186,1.93300,-1.93071
5409.80000,2.35146,1.93198,-1.96519
5409.85000,2.35132,1.93167,-2.00292
5409.90000,2.35118,1.93137,-2.04051
5409.95000,2.35102,1.93108,-2.07790
5410.00000,2.35084,1.93080,-2.10570
5410.05000,2.34995,1.92946,-2.10957
5410.10000,2.34773,1.92572,-2.09766
5410.15000,2.34473,1.92048,-2.07911
5410.20000,2.34082,1.91325,-2.05188
5410.25000,2.33637,1.90438,-2.01776
5410.30000,2.33233,1.89560,-1.99841
5410.35000,2.32885,1.88790,-2.00048
5410.40000,2.32617,1.88211,-2.01223
5410.45000,2.32465,1.87893,-2.03587
5410.50000,2.32435,1.87834,-2.07112
5410.55000,2.32418,1.87806,-2.10775
5410.60000,2.32401,1.87778,-2.14420
5410.65000,2.32381,1.87751,-2.17140
5410.70000,2.32288,1.87629,-2.17574
5410.75000,2.32053,1.87287,-2.16507
5410.80000,2.31728,1.86800,-2.14740
5410.85000,2.31303,1.86129,-2.12144
5410.90000,2.30800,1.85279,-2.08776
5410.95000,2.30343,1.84446,-2.06905
5411.00000,2.29954,1.83725,-2.07123
5411.05000,2.29641,1.83158,-2.08148
5411.10000,2.29411,1.82754,-2.09955
5411.15000,2.29302,1.82571,-2.12795
5411.20000,2.29283,1.82543,-2.16356
5411.25000,2.29264,1.82516,-2.19919
5411.30000,2.29244,1.82489,-2.23459
5411.35000,2.29222,1.82464,-2.26071
5411.40000,2.29156,1.82392,-2.26750
5411.45000,2.28972,1.82171,-2.26229
5411.50000,2.28688,1.81825,-2.25040
5411.55000,2.28291,1.81325,-2.23084
5411.60000,2.27762,1.80624,-2.20151
5411.65000,2.27187,1.79806,-2.16713
5411.70000,2.26660,1.79009,-2.14817
5411.75000,2.26253,1.78383,-2.15175
5411.80000,2.25997,1.77995,-2.16764
5411.85000,2.25964,1.77949,-2.20010
5411.90000,2.25945,1.77922,-2.23375
5411.95000,2.25924,1.77897,-2.26722
5412.00000,2.25902,1.77872,-2.30050
5412.05000,2.25879,1.77848,-2.32424
5412.10000,2.25816,1.77787,-2.33002
5412.15000,2.25486,1.77440,-2.31663
5412.20000,2.24972,1.76870,-2.29153
5412.25000,2.24365,1.76158,-2.25986
5412.30000,2.23743,1.75375,-2.22570
5412.35000,2.23149,1.74594,-2.20330
5412.40000,2.22631,1.73887,-2.20031
5412.45000,2.22250,1.73367,-2.20802
5412.50000,2.22062,1.73116,-2.22933
5412.55000,2.21908,1.72926,-2.26207
5412.60000,2.21790,1.72768,-2.29926
5412.65000,2.21824,1.72807,-2.33576
5412.70000,2.21676,1.72662,-2.37203
5412.75000,2.21326,1.72325,-2.39791
5412.80000,2.20926,1.71946,-2.39772
5412.85000,2.20514,1.71559,-2.38065
5412.90000,2.20009,1.71066,-2.35433
5412.95000,2.19401,1.70435,-2.31961
5413.00000,2.18837,1.69805,-2.27917
5413.05000,2.18352,1.69235,-2.24200
5413.10000,2.17899,1.68690,-2.23116
5413.15000,2.17467,1.68160,-2.24048
5413.20000,2.17070,1.67668,-2.27070
5413.25000,2.16687,1.67235,-2.31757
5413.30000,2.16190,1.66725,-2.36744
5413.35000,2.15546,1.66126,-2.41676
5413.40000,2.14818,1.65514,-2.46754
5413.45000,2.14026,1.64914,-2.51944
5413.50000,2.13234,1.64368,-2.55878
5413.55000,2.12441,1.63855,-2.56900
5413.60000,2.11681,1.63363,-2.55559
5413.65000,2.10920,1.62846,-2.52832
5413.70000,2.10159,1.62293,-2.49655
5413.75000,2.09437,1.61731,-2.46305
5413.80000,2.08725,1.61155,-2.43849
5413.85000,2.08033,1.60590,-2.43910
5413.90000,2.07434,1.60099,-2.46361
5413.95000,2.06882,1.59669,-2.50301
5414.00000,2.06293,1.59253,-2.55050
5414.05000,2.05614,1.58822,-2.60131
5414.10000,2.04863,1.58398,-2.65394
5414.15000,2.04072,1.57986,-2.69105
5414.20000,2.03261,1.57601,-2.69798
5414.25000,2.02453,1.57216,-2.68300
5414.30000,2.01571,1.56765,-2.65551
5414.35000,2.00626,1.56247,-2.62453
5414.40000,1.99698,1.55701,-2.59379
5414.45000,1.98834,1.55190,-2.57523
5414.50000,1.98021,1.54723,-2.57701
5414.55000,1.97228,1.54272,-2.58873
5414.60000,1.96451,1.53835,-2.61295
5414.65000,1.95690,1.53411,-2.65167
5414.70000,1.94995,1.53042,-2.69796
5414.75000,1.94739,1.52970,-2.73664
5414.80000,1.94787,1.52990,-2.77187
5414.85000,1.94838,1.53009,-2.80646
5414.90000,1.94840,1.52997,-2.82441
5414.95000,1.94573,1.52904,-2.82585
5415.00000,1.93920,1.52683,-2.81139
5415.05000,1.93047,1.52372,-2.78726
5415.10000,1.92053,1.51988,-2.75762
5415.15000,1.91062,1.51570,-2.72756
5415.20000,1.90092,1.51156,-2.70525
5415.25000,1.89232,1.50790,-2.69670
5415.30000,1.88653,1.50522,-2.70206
5415.35000,1.88320,1.50377,-2.71891
5415.40000,1.88290,1.50368,-2.74916
5415.45000,1.88338,1.50390,-2.78277
5415.50000,1.88380,1.50404,-2.81579
5415.55000,1.88420,1.50416,-2.84839
5415.60000,1.88468,1.50431,-2.88077
5415.65000,1.88472,1.50426,-2.89640
5415.70000,1.88195,1.50348,-2.89713
5415.75000,1.87560,1.50175,-2.88356
5415.80000,1.86699,1.49932,-2.86037
5415.85000,1.85715,1.49634,-2.83164
5415.90000,1.84765,1.49315,-2.80406
5415.95000,1.83832,1.48994,-2.78011
5416.00000,1.83033,1.48720,-2.77327
5416.05000,1.82499,1.48533,-2.77929
5416.10000,1.82253,1.48456,-2.79798
5416.15000,1.82151,1.48423,-2.82295
5416.20000,1.82158,1.48426,-2.85231
5416.25000,1.82202,1.48438,-2.88281
5416.30000,1.82245,1.48449,-2.91296
5416.35000,1.82286,1.48457,-2.94262
5416.40000,1.82328,1.48465,-2.97230
5416.45000,1.82308,1.48454,-2.98810
5416.50000,1.82005,1.48390,-2.98741
5416.55000,1.81402,1.48276,-2.97472
5416.60000,1.80500,1.48112,-2.94987
5416.65000,1.79460,1.47894,-2.91907
5416.70000,1.78412,1.47640,-2.88774
5416.75000,1.77415,1.47396,-2.86420
5416.80000,1.76545,1.47175,-2.85271
5416.85000,1.75909,1.46997,-2.85272
5416.90000,1.75542,1.46916,-2.86452
5416.95000,1.75551,1.46925,-2.89198
5417.00000,1.75592,1.46934,-2.92089
5417.05000,1.75632,1.46942,-2.94947
5417.10000,1.75666,1.46947,-2.97772
5417.15000,1.75689,1.46948,-3.00609
5417.20000,1.75725,1.46951,-3.03348
5417.25000,1.75755,1.46953,-3.06049
5417.30000,1.75746,1.46950,-3.07513
5417.35000,1.75476,1.46917,-3.07586
5417.40000,1.74945,1.46860,-3.06525
5417.45000,1.74088,1.46782,-3.04196
5417.50000,1.73040,1.46662,-3.01078
5417.55000,1.71972,1.46505,-2.97870
5417.60000,1.70952,1.46343,-2.95313
5417.65000,1.70084,1.46192,-2.93926
5417.70000,1.69380,1.46053,-2.93355
5417.75000,1.68764,1.45931,-2.93249
5417.80000,1.68238,1.45837,-2.93629
5417.85000,1.67951,1.45804,-2.95031
5417.90000,1.67742,1.45786,-2.96774
5417.95000,1.67538,1.45768,-2.98545
5418.00000,1.67332,1.45750,-3.00317
5418.05000,1.67126,1.45732,-3.02091
5418.10000,1.66920,1.45712,-3.03866
5418.15000,1.66713,1.45693,-3.05642
5418.20000,1.66505,1.45673,-3.07420
5418.25000,1.66346,1.45663,-3.09352
5418.30000,1.66369,1.45663,-3.11923
5418.35000,1.66377,1.45663,3.13666
5418.40000,1.66376,1.45664,3.10909
5418.45000,1.66320,1.45668,3.09525
5418.50000,1.66004,1.45691,3.09607
5418.55000,1.65327,1.45720,3.11133
5418.60000,1.64418,1.45736,3.13607
5418.65000,1.63495,1.45727,-3.11654
5418.70000,1.62567,1.45698,-3.09196
5418.75000,1.61783,1.45689,-3.08137
5418.80000,1.61456,1.45689,-3.09056
5418.85000,1.61446,1.45689,-3.11318
5418.90000,1.61475,1.45689,-3.13715
5418.95000,1.61500,1.45690,3.12244
5419.00000,1.61525,1.45689,3.09920
5419.05000,1.61550,1.45689,3.07627
5419.10000,1.61573,1.45688,3.05359
5419.15000,1.61528,1.45697,3.04444
5419.20000,1.61169,1.45745,3.04795
5419.25000,1.60496,1.45811,3.06393
5419.30000,1.59592,1.45871,3.08991
5419.35000,1.58553,1.45909,3.12074
5419.40000,1.57566,1.45916,-3.13940
5419.45000,1.56860,1.45914,-3.13026
5419.50000,1.56467,1.45914,-3.13477
5419.55000,1.56200,1.45914,3.13855
5419.60000,1.56164,1.45914,3.11966
5419.65000,1.56188,1.45914,3.09824
5419.70000,1.56212,1.45912,3.07688
5419.75000,1.56235,1.45911,3.05580
5419.80000,1.56257,1.45908,3.03502
5419.85000,1.56279,1.45905,3.01455
5419.90000,1.56231,1.45917,3.00648
5419.95000,1.55967,1.45973,3.00751
5420.00000,1.55511,1.46067,3.01589
5420.05000,1.54886,1.46194,3.03129
5420.10000,1.53988,1.46297,3.05772
5420.15000,1.53124,1.46358,3.07361
5420.20000,1.52573,1.46370,3.07856
5420.25000,1.52365,1.46369,3.06965
5420.30000,1.52313,1.46370,3.05430
5420.35000,1.52313,1.46370,3.03681
5420.40000,1.52327,1.46369,3.01900
5420.45000,1.52342,1.46367,3.00134
5420.50000,1.52357,1.46365,2.98387
5420.55000,1.52371,1.46363,2.96670
5420.60000,1.52376,1.46369,2.95315
5420.65000,1.52316,1.46400,2.94714
5420.70000,1.52144,1.46454,2.94635
5420.75000,1.51844,1.46529,2.95131
5420.80000,1.51422,1.46618,2.96166
5420.85000,1.50836,1.46727,2.97892
5420.90000,1.50059,1.46862,3.00408
5420.95000,1.49085,1.46984,3.03710
5421.00000,1.48240,1.47057,3.05633
5421.05000,1.47706,1.47063,3.06460
5421.10000,1.47321,1.47054,3.06667
5421.15000,1.47182,1.47055,3.05876
5421.20000,1.47152,1.47057,3.04624
5421.25000,1.47123,1.47060,3.03364
5421.30000,1.47094,1.47063,3.02113
5421.35000,1.47066,1.47066,3.00869
5421.40000,1.47039,1.47070,2.99633
5421.45000,1.47012,1.47074,2.98405
5421.50000,1.46985,1.47079,2.97185
5421.55000,1.46958,1.47083,2.95978
5421.60000,1.46782,1.47163,2.94743
5421.65000,1.45958,1.47349,2.93570
5421.70000,1.44991,1.47550,2.92788
5421.75000,1.44027,1.47752,2.92908
5421.80000,1.43155,1.47927,2.93273
5421.85000,1.42233,1.48128,2.92367
5421.90000,1.41286,1.48345,2.91214
5421.95000,1.40341,1.48573,2.90062
5422.00000,1.39400,1.48812,2.88920
5422.05000,1.38461,1.49062,2.87788
5422.10000,1.37524,1.49322,2.86666
5422.15000,1.36590,1.49593,2.85555
5422.20000,1.35659,1.49875,2.84455
5422.25000,1.34731,1.50166,2.83367
5422.30000,1.33805,1.50468,2.82290
5422.35000,1.32883,1.50780,2.81226
5422.40000,1.31964,1.51101,2.80173
5422.45000,1.31048,1.51433,2.79133
5422.50000,1.30135,1.51773,2.78105
5422.55000,1.29225,1.52124,2.77090
5422.60000,1.28351,1.52454,2.77301
5422.65000,1.27670,1.52701,2.77908
5422.70000,1.26804,1.53035,2.77251
5422.75000,1.25890,1.53395,2.76297
5422.80000,1.24973,1.53766,2.75375
5422.85000,1.24050,1.54147,2.74434
5422.90000,1.23150,1.54530,2.73501
5422.95000,1.22254,1.54920,2.72580
5423.00000,1.21361,1.55319,2.71673
5423.05000,1.20472,1.55726,2.70779
5423.10000,1.19586,1.56141,2.69899
5423.15000,1.18703,1.56564,2.69032
5423.20000,1.17824,1.56995,2.68180
5423.25000,1.16948,1.57433,2.67341
5423.30000,1.16075,1.57879,2.66517
5423.35000,1.15206,1.58331,2.65707
5423.40000,1.14340,1.58791,2.64912
5423.45000,1.13478,1.59258,2.64131
5423.50000,1.12619,1.59731,2.63365
5423.55000,1.11763,1.60212,2.62614
5423.60000,1.10911,1.60698,2.61877
5423.65000,1.10062,1.61191,2.61156
5423.70000,1.09216,1.61691,2.60449
5423.75000,1.08373,1.62196,2.59757
5423.80000,1.07534,1.62708,2.59080
5423.85000,1.06697,1.63225,2.58417
5423.90000,1.05864,1.63748,2.57787
5423.95000,1.05032,1.64277,2.57166
5424.00000,1.04203,1.64812,2.56558
5424.05000,1.03377,1.65352,2.55964
5424.10000,1.02553,1.65897,2.55386
5424.15000,1.01733,1.66447,2.54823
5424.20000,1.00916,1.67002,2.54277
5424.25000,1.00100,1.67561,2.53743
5424.30000,0.99288,1.68125,2.53223
5424.35000,0.98478,1.68693,2.52718
5424.40000,0.97672,1.69265,2.52230
5424.45000,0.96867,1.69842,2.51753
5424.50000,0.96065,1.70422,2.51301
5424.55000,0.95266,1.71006,2.50862
5424.60000,0.94470,1.71593,2.50435
5424.65000,0.93675,1.72184,2.50025
5424.70000,0.92883,1.72778,2.49623
5424.75000,0.92092,1.73376,2.49235
5424.80000,0.91304,1.73977,2.48867
5424.85000,0.90518,1.74580,2.48515
5424.90000,0.89734,1.75187,2.48174
5424.95000,0.88952,1.75796,2.47849
5425.00000,0.88170,1.76409,2.47530
5425.05000,0.87390,1.77025,2.47226
5425.10000,0.86610,1.77643,2.46937
5425.15000,0.85833,1.78264,2.46670
5425.20000,0.85055,1.78889,2.46417
5425.25000,0.84277,1.79516,2.46183
5425.30000,0.83500,1.80145,2.45969
5425.35000,0.82725,1.80775,2.45784
5425.40000,0.81951,1.81408,2.45614
5425.45000,0.81178,1.82041,2.45480
5425.50000,0.80405,1.82675,2.45388
5425.55000,0.79633,1.83309,2.45334
5425.60000,0.78861,1.83945,2.45333
5425.65000,0.78088,1.84579,2.45409
5425.70000,0.77315,1.85213,2.45612
5425.75000,0.76546,1.85839,2.46027
5425.80000,0.75777,1.86462,2.46454
5425.85000,0.75241,1.86869,2.46864
5425.90000,0.75040,1.87014,2.48993
5425.95000,0.74891,1.87116,2.53008
5426.00000,0.74831,1.87157,2.58833
5426.05000,0.74823,1.87161,2.65148
5426.10000,0.74813,1.87166,2.71549
5426.15000,0.74801,1.87171,2.77988
5426.20000,0.74787,1.87176,2.84451
5426.25000,0.74770,1.87181,2.90924
5426.30000,0.74751,1.87185,2.97398
5426.35000,0.74728,1.87188,3.03863
5426.40000,0.74703,1.87189,3.10313
5426.45000,0.74675,1.87190,-3.11576
5426.50000,0.74644,1.87188,-3.05173
5426.55000,0.74609,1.87183,-2.98801
5426.60000,0.74571,1.87176,-2.92463
5426.65000,0.74529,1.87166,-2.86164
5426.70000,0.74484,1.87151,-2.79907
5426.75000,0.74436,1.87132,-2.73694
5426.80000,0.74384,1.87108,-2.67530
5426.85000,0.74330,1.87078,-2.61415
5426.90000,0.74272,1.87042,-2.55354
5426.95000,0.74212,1.86999,-2.49348
5427.00000,0.74149,1.86948,-2.43398
5427.05000,0.74083,1.86889,-2.37509
5427.10000,0.74016,1.86821,-2.31680
5427.15000,0.73948,1.86742,-2.25915
5427.20000,0.73878,1.86652,-2.20215
5427.25000,0.73809,1.86552,-2.14585
5427.30000,0.73743,1.86443,-2.09025
5427.35000,0.73681,1.86328,-2.03538
5427.40000,0.73625,1.86208,-1.98123
5427.45000,0.73576,1.86085,-1.92781
5427.50000,0.73533,1.85960,-1.87514
5427.55000,0.73495,1.85830,-1.82322
5427.60000,0.73464,1.85694,-1.77211
5427.65000,0.73439,1.85551,-1.72181
5427.70000,0.73419,1.85399,-1.67235
5427.75000,0.73407,1.85238,-1.62373
5427.80000,0.73402,1.85067,-1.57597
5427.85000,0.73405,1.84887,-1.52904
5427.90000,0.73418,1.84698,-1.48297
5427.95000,0.73439,1.84501,-1.43775
5428.00000,0.73472,1.84296,-1.39339
5428.05000,0.73514,1.84085,-1.34987
5428.10000,0.73569,1.83866,-1.30721
5428.15000,0.73635,1.83640,-1.26542
5428.20000,0.73713,1.83408,-1.22450
5428.25000,0.73905,1.82944,-1.18624
5428.30000,0.74252,1.82135,-1.15055
5428.35000,0.74668,1.81244,-1.11126
5428.40000,0.75126,1.80364,-1.07286
5428.45000,0.75575,1.79576,-1.03267
5428.50000,0.76052,1.78812,-0.99317
5428.55000,0.76560,1.78064,-0.95476
5428.60000,0.77086,1.77324,-0.92413
5428.65000,0.77651,1.76569,-0.92034
5428.70000,0.78252,1.75777,-0.92370
5428.75000,0.78851,1.74982,-0.92700
5428.80000,0.79447,1.74186,-0.93044
5428.85000,0.80039,1.73388,-0.93439
5428.90000,0.80630,1.72586,-0.93873
5428.95000,0.81200,1.71808,-0.93184
5429.00000,0.81769,1.71058,-0.90703
5429.05000,0.82386,1.70288,-0.87869
5429.10000,0.82988,1.69583,-0.84962
5429.15000,0.83596,1.68896,-0.83362
5429.20000,0.84230,1.68195,-0.83932
5429.25000,0.84883,1.67461,-0.84729
5429.30000,0.85532,1.66722,-0.85512
5429.35000,0.86173,1.65984,-0.85311
5429.40000,0.86826,1.65248,-0.83312
5429.45000,0.87549,1.64472,-0.80836
5429.50000,0.88260,1.63742,-0.78492
5429.55000,0.88937,1.63081,-0.76156
5429.60000,0.89636,1.62416,-0.74742
5429.65000,0.90359,1.61734,-0.75220
5429.70000,0.91064,1.61065,-0.76391
5429.75000,0.91761,1.60389,-0.77570
5429.80000,0.92462,1.59700,-0.78074
5429.85000,0.93165,1.59006,-0.77565
5429.90000,0.93880,1.58310,-0.75984
5429.95000,0.94609,1.57628,-0.74294
5430.00000,0.95350,1.56959,-0.72657
5430.05000,0.96102,1.56302,-0.71074
5430.10000,0.96863,1.55657,-0.69549
5430.15000,0.97635,1.55023,-0.68078
5430.20000,0.98415,1.54400,-0.66667
5430.25000,0.99204,1.53788,-0.65312
5430.30000,1.00000,1.53187,-0.64020
5430.35000,1.00805,1.52596,-0.62789
5430.40000,1.01616,1.52014,-0.61625
5430.45000,1.02431,1.51436,-0.60463
5430.50000,1.02741,1.51279,-0.59454
5430.55000,1.02780,1.51253,-0.58475
5430.60000,1.02815,1.51229,-0.57561
5430.65000,1.02849,1.51207,-0.56696
5430.70000,1.03014,1.51089,-0.55903
5430.75000,1.03491,1.50790,-0.55907
5430.80000,1.04251,1.50306,-0.57415
5430.85000,1.05044,1.49781,-0.59415
5430.90000,1.05768,1.49293,-0.61332
5430.95000,1.06117,1.49061,-0.62628
5431.00000,1.06192,1.49010,-0.62540
5431.05000,1.06210,1.48996,-0.62217
5431.10000,1.06228,1.48984,-0.61931
5431.15000,1.06246,1.48971,-0.61683
5431.20000,1.06264,1.48958,-0.61471
5431.25000,1.06282,1.48946,-0.61294
5431.30000,1.06299,1.48934,-0.61154
5431.35000,1.06317,1.48921,-0.61050
5431.40000,1.06334,1.48909,-0.60981
5431.45000,1.06351,1.48898,-0.60947
5431.50000,1.06368,1.48886,-0.60948
5431.55000,1.06384,1.48874,-0.60984
5431.60000,1.06401,1.48863,-0.61055
5431.65000,1.06417,1.48851,-0.61159
5431.70000,1.06433,1.48840,-0.61297
5431.75000,1.06449,1.48829,-0.61469
5431.80000,1.06465,1.48818,-0.61674
5431.85000,1.06480,1.48807,-0.61912
5431.90000,1.06495,1.48796,-0.62182
5431.95000,1.06510,1.48785,-0.62515
5432.00000,1.06523,1.48776,-0.62988
5432.05000,1.06534,1.48768,-0.63663
5432.10000,1.06543,1.48761,-0.64567
5432.15000,1.06551,1.48755,-0.65687
5432.20000,1.06559,1.48749,-0.67060
5432.25000,1.06565,1.48744,-0.68746
5432.30000,1.06571,1.48740,-0.70865
5432.35000,1.06576,1.48735,-0.73593
5432.40000,1.06581,1.48731,-0.77126
5432.45000,1.06586,1.48726,-0.81417
5432.50000,1.06591,1.48721,-0.86252
5432.55000,1.06596,1.48714,-0.91461
5432.60000,1.06602,1.48706,-0.96919
5432.65000,1.06608,1.48696,-1.02548
5432.70000,1.06615,1.48685,-1.08302
5432.75000,1.06621,1.48673,-1.14142
5432.80000,1.06626,1.48659,-1.20043
5432.85000,1.06632,1.48644,-1.25986
5432.90000,1.06636,1.48628,-1.31954
5432.95000,1.06640,1.48611,-1.37936
5433.00000,1.06643,1.48593,-1.43925
5433.05000,1.06645,1.48574,-1.49910
5433.10000,1.06646,1.48555,-1.55886
5433.15000,1.06645,1.48534,-1.61845
5433.20000,1.06644,1.48514,-1.67784
5433.25000,1.06641,1.48493,-1.73699
5433.30000,1.06637,1.48472,-1.79585
5433.35000,1.06631,1.48451,-1.85439
5433.40000,1.06624,1.48430,-1.91258
5433.45000,1.06616,1.48409,-1.97039
5433.50000,1.06607,1.48388,-2.02778
5433.55000,1.06596,1.48368,-2.08471
5433.60000,1.06584,1.48348,-2.14115
5433.65000,1.06571,1.48329,-2.19708
5433.70000,1.06557,1.48311,-2.25247
5433.75000,1.06542,1.48293,-2.30730
5433.80000,1.06526,1.48276,-2.36157
5433.85000,1.06509,1.48260,-2.41527
5433.90000,1.06491,1.48245,-2.46839
5433.95000,1.06472,1.48231,-2.52093
5434.00000,1.06453,1.48218,-2.57288
5434.05000,1.06433,1.48206,-2.62424
5434.10000,1.06412,1.48195,-2.67500
5434.15000,1.06390,1.48184,-2.72517
5434.20000,1.06368,1.48175,-2.77473
5434.25000,1.06345,1.48167,-2.82365
5434.30000,1.06321,1.48160,-2.87195
5434.35000,1.06297,1.48154,-2.91959
5434.40000,1.06273,1.48149,-2.96657
5434.45000,1.06248,1.48145,-3.01289
5434.50000,1.06223,1.48143,-3.05852
5434.55000,1.06198,1.48141,-3.10347
5434.60000,1.06173,1.48141,3.13547
5434.65000,1.06148,1.48141,3.09192
5434.70000,1.06123,1.48143,3.04907
5434.75000,1.06097,1.48146,3.00692
5434.80000,1.06072,1.48150,2.96549
5434.85000,1.06047,1.48155,2.92477
5434.90000,1.06023,1.48161,2.88477
5434.95000,1.05998,1.48168,2.84549
5435.00000,1.05808,1.48255,2.80671
5435.05000,1.05096,1.48521,2.77193
5435.10000,1.04198,1.48888,2.73561
5435.15000,1.03368,1.49266,2.69580
5435.20000,1.02563,1.49672,2.65618
5435.25000,1.01773,1.50110,2.61747
5435.30000,1.00998,1.50580,2.57964
5435.35000,1.00239,1.51080,2.54275
5435.40000,0.99497,1.51608,2.50672
5435.45000,0.98773,1.52163,2.47163
5435.50000,0.98067,1.52745,2.43742
5435.55000,0.97378,1.53352,2.40413
5435.60000,0.96725,1.53954,2.38654
5435.65000,0.96051,1.54585,2.39026
5435.70000,0.95332,1.55252,2.39775
5435.75000,0.94607,1.55914,2.40523
5435.80000,0.93878,1.56569,2.41316
5435.85000,0.93206,1.57171,2.40793
5435.90000,0.92579,1.57749,2.38492
5435.95000,0.91912,1.58398,2.35734
5436.00000,0.91262,1.59067,2.33040
5436.05000,0.90666,1.59701,2.32003
5436.10000,0.90058,1.60351,2.32698
5436.15000,0.89390,1.61051,2.33833
5436.20000,0.88712,1.61746,2.35009
5436.25000,0.88026,1.62432,2.36204
5436.30000,0.87327,1.63122,2.36450
5436.35000,0.86690,1.63760,2.34588
5436.40000,0.86036,1.64442,2.32371
5436.45000,0.85397,1.65140,2.30217
5436.50000,0.84771,1.65852,2.28132
5436.55000,0.84159,1.66578,2.26114
5436.60000,0.83561,1.67317,2.24163
5436.65000,0.82975,1.68069,2.22278
5436.70000,0.82384,1.68846,2.21408
5436.75000,0.81785,1.69638,2.22597
5436.80000,0.81162,1.70437,2.24099
5436.85000,0.80513,1.71243,2.25693
5436.90000,0.79932,1.71957,2.25889
5436.95000,0.79365,1.72655,2.24677
5437.00000,0.78768,1.73410,2.23174
5437.05000,0.78182,1.74175,2.21721
5437.10000,0.77606,1.74949,2.20327
5437.15000,0.77040,1.75733,2.18991
5437.20000,0.76483,1.76525,2.17712
5437.25000,0.75935,1.77320,2.17593
5437.30000,0.75449,1.78038,2.17865
5437.35000,0.74933,1.78785,2.17097
5437.40000,0.74388,1.79591,2.16032
5437.45000,0.73850,1.80404,2.15014
5437.50000,0.73316,1.81220,2.13995
5437.55000,0.73127,1.81679,2.13166
5437.60000,0.73121,1.81700,2.12361
5437.65000,0.72980,1.81915,2.11867
5437.70000,0.72616,1.82506,2.12613
5437.75000,0.72119,1.83293,2.14377
5437.80000,0.71584,1.84137,2.16476
5437.85000,0.71273,1.84640,2.18128
5437.90000,0.71183,1.84776,2.18161
5437.95000,0.71060,1.84905,2.17675
5438.00000,0.70669,1.85302,2.17285
5438.05000,0.70127,1.85948,2.16786
5438.10000,0.69574,1.86766,2.16224
5438.15000,0.69024,1.87585,2.15661
5438.20000,0.68633,1.88243,2.15186
5438.25000,0.68627,1.88316,2.14725
5438.30000,0.68624,1.88320,2.14292
5438.35000,0.68622,1.88324,2.13888
5438.40000,0.68620,1.88327,2.13513
5438.45000,0.68616,1.88334,2.13176
5438.50000,0.68613,1.88338,2.12844
5438.55000,0.68606,1.88348,2.12515
5438.60000,0.68600,1.88359,2.12188
5438.65000,0.68594,1.88369,2.11863
5438.70000,0.68589,1.88376,2.11644
5438.75000,0.68585,1.88384,2.11452
5438.80000,0.68579,1.88393,2.11272
5438.85000,0.68573,1.88404,2.11115
5438.90000,0.68566,1.88414,2.10958
5438.95000,0.68560,1.88424,2.10840
5439.00000,0.68555,1.88433,2.10762
5439.05000,0.68549,1.88443,2.10700
5439.10000,0.68544,1.88452,2.10656
5439.15000,0.68538,1.88462,2.10630
5439.20000,0.68533,1.88471,2.10620
5439.25000,0.68527,1.88480,2.10622
5439.30000,0.68523,1.88488,2.10636
5439.35000,0.68518,1.88496,2.10659
5439.40000,0.68513,1.88503,2.10686
5439.45000,0.68509,1.88510,2.10713
5439.50000,0.68424,1.88611,2.10776
5439.55000,0.67983,1.89160,2.10941
5439.60000,0.67471,1.90019,2.10919
5439.65000,0.66960,1.90875,2.10775
5439.70000,0.66462,1.91718,2.10059
5439.75000,0.66005,1.92520,2.08279
5439.80000,0.65618,1.93237,2.05080
5439.85000,0.65380,1.93719,2.00359
5439.90000,0.65267,1.93980,1.94534
5439.95000,0.65250,1.94026,1.87735
5440.00000,0.65244,1.94043,1.82011
5440.05000,0.65165,1.94144,1.79542
5440.10000,0.65062,1.94390,1.79351
5440.15000,0.64909,1.94975,1.80726
5440.20000,0.64693,1.95826,1.83152
5440.25000,0.64418,1.96819,1.86243
5440.30000,0.64124,1.97755,1.89362
5440.35000,0.63818,1.98623,1.92553
5440.40000,0.63485,1.99480,1.95777
5440.45000,0.63125,2.00323,1.99091
5440.50000,0.62737,2.01155,2.02382
5440.55000,0.62332,2.01982,2.05071
5440.60000,0.61920,2.02811,2.05932
5440.65000,0.61530,2.03592,2.04099
5440.70000,0.61252,2.04171,1.99976
5440.75000,0.61083,2.04565,1.94457
5440.80000,0.61029,2.04712,1.87812
5440.85000,0.61007,2.04793,1.80871
5440.90000,0.60991,2.04874,1.74914
5440.95000,0.60930,2.05005,1.71157
5441.00000,0.60797,2.05213,1.69292
5441.05000,0.60652,2.05519,1.69200
5441.10000,0.60523,2.06146,1.70826
5441.15000,0.60377,2.07089,1.73789
5441.20000,0.60196,2.08069,1.76923
5441.25000,0.59983,2.09046,1.80040
5441.30000,0.59740,2.10016,1.83189
5441.35000,0.59467,2.10978,1.86409
5441.40000,0.59162,2.11931,1.89665
5441.45000,0.58826,2.12873,1.92963
5441.50000,0.58474,2.13808,1.95431
5441.55000,0.58110,2.14750,1.96100
5441.60000,0.57746,2.15688,1.95223
5441.65000,0.57377,2.16627,1.93250
5441.70000,0.57069,2.17489,1.89382
5441.75000,0.56874,2.18132,1.83910
5441.80000,0.56714,2.18790,1.77963
5441.85000,0.56576,2.19556,1.72046
5441.90000,0.56493,2.20250,1.65592
5441.95000,0.56464,2.20861,1.59875
5442.00000,0.56462,2.21521,1.57076
5442.05000,0.56463,2.22244,1.56323
5442.10000,0.56464,2.22970,1.55962
5442.15000,0.56463,2.23696,1.55803
5442.20000,0.56465,2.24421,1.56158
5442.25000,0.56468,2.25156,1.57476
5442.30000,0.56452,2.25893,1.61707
5442.35000,0.56397,2.26640,1.67035
5442.40000,0.56301,2.27388,1.72787
5442.45000,0.56192,2.28136,1.77924
5442.50000,0.56099,2.28866,1.82044
5442.55000,0.56012,2.29587,1.84860
5442.60000,0.55945,2.30284,1.86149
5442.65000,0.55883,2.30976,1.87276
5442.70000,0.55825,2.31663,1.88259
5442.75000,0.55772,2.32345,1.89129
5442.80000,0.55723,2.33023,1.89653
5442.85000,0.55654,2.33679,1.87274
5442.90000,0.55522,2.34149,1.81336
5442.95000,0.55403,2.34706,1.75137
5443.00000,0.55311,2.35320,1.68731
5443.05000,0.55256,2.35977,1.62187
5443.10000,0.55245,2.36633,1.55438
5443.15000,0.55279,2.37308,1.48623
5443.20000,0.55360,2.37982,1.41720
5443.25000,0.55486,2.38645,1.34732
5443.30000,0.55661,2.39307,1.27734
5443.35000,0.55884,2.39959,1.20713
5443.40000,0.56151,2.40594,1.13669
5443.45000,0.56461,2.41204,1.06589
5443.50000,0.56811,2.41788,0.99488
5443.55000,0.57197,2.42338,0.92342
5443.60000,0.57602,2.42835,0.85072
5443.65000,0.58044,2.43303,0.77808
5443.70000,0.58519,2.43738,0.70540
5443.75000,0.59026,2.44139,0.63274
5443.80000,0.59557,2.44500,0.55994
5443.85000,0.60113,2.44821,0.48710
5443.90000,0.60689,2.45099,0.41416
5443.95000,0.61282,2.45334,0.34113
5444.00000,0.61888,2.45524,0.26802
5444.05000,0.62504,2.45669,0.19481
5444.10000,0.63132,2.45770,0.12170
5444.15000,0.63761,2.45823,0.04840
5444.20000,0.64386,2.45830,-0.02513
5444.25000,0.65009,2.45792,-0.09868
5444.30000,0.65626,2.45707,-0.17230
5444.35000,0.66237,2.45578,-0.24584
5444.40000,0.66839,2.45403,-0.31932
5444.45000,0.67426,2.45184,-0.39282
5444.50000,0.67974,2.44933,-0.46720
5444.55000,0.68487,2.44649,-0.54218
5444.60000,0.68964,2.44337,-0.61783
5444.65000,0.69407,2.43996,-0.69388
5444.70000,0.69824,2.43622,-0.76993
5444.75000,0.70216,2.43211,-0.84567
5444.80000,0.70584,2.42762,-0.92100
5444.85000,0.70915,2.42291,-0.99646
5444.90000,0.71209,2.41796,-1.07195
5444.95000,0.71466,2.41279,-1.14736
5445.00000,0.71684,2.40744,-1.22278
5445.05000,0.71860,2.40195,-1.29823
5445.10000,0.71994,2.39633,-1.37365
5445.15000,0.72085,2.39062,-1.44905
5445.20000,0.72134,2.38486,-1.52441
5445.25000,0.72139,2.37904,-1.59967
5445.30000,0.72100,2.37321,-1.67482
5445.35000,0.72017,2.36741,-1.74990
5445.40000,0.71924,2.36177,-1.81438
5445.45000,0.71842,2.35643,-1.86196
5445.50000,0.71712,2.35243,-1.89725
5445.55000,0.71574,2.34862,-1.93051
5445.60000,0.71426,2.34496,-1.96228
5445.65000,0.71268,2.34135,-1.99223
5445.70000,0.71098,2.33773,-2.02011
5445.75000,0.70927,2.33437,-2.04745
5445.80000,0.70741,2.33090,-2.07255
5445.85000,0.70551,2.32757,-2.09658
5445.90000,0.70365,2.32445,-2.12004
5445.95000,0.70155,2.32113,-2.14140
5446.00000,0.69946,2.31792,-2.16162
5446.05000,0.69729,2.31480,-2.18081
5446.10000,0.69506,2.31171,-2.19887
5446.15000,0.69275,2.30863,-2.21526
5446.20000,0.69041,2.30557,-2.23026
5446.25000,0.68783,2.30231,-2.24417
5446.30000,0.68548,2.29940,-2.25735
5446.35000,0.68299,2.29641,-2.26936
5446.40000,0.68045,2.29342,-2.28000
5446.45000,0.67778,2.29028,-2.28961
5446.50000,0.67513,2.28728,-2.29788
5446.55000,0.67243,2.28427,-2.30506
5446.60000,0.66966,2.28122,-2.31119
5446.65000,0.66682,2.27813,-2.31632
5446.70000,0.66398,2.27506,-2.32011
5446.75000,0.66112,2.27198,-2.32379
5446.80000,0.65825,2.26893,-2.32595
5446.85000,0.65534,2.26584,-2.32730
5446.90000,0.65240,2.26273,-2.32767
5446.95000,0.64944,2.25959,-2.32720
5447.00000,0.64652,2.25648,-2.32604
5447.05000,0.64352,2.25329,-2.32377
5447.10000,0.64051,2.25007,-2.32086
5447.15000,0.63756,2.24689,-2.31686
5447.20000,0.63460,2.24368,-2.31208
5447.25000,0.63166,2.24044,-2.30655
5447.30000,0.62870,2.23716,-2.30040
5447.35000,0.62564,2.23371,-2.29380
5447.40000,0.62259,2.23023,-2.28619
5447.45000,0.61957,2.22673,-2.27782
5447.50000,0.61663,2.22325,-2.26909
5447.55000,0.61373,2.21976,-2.25961
5447.60000,0.61068,2.21603,-2.24956
5447.65000,0.60761,2.21217,-2.23881
5447.70000,0.60461,2.20833,-2.22804
5447.75000,0.60166,2.20446,-2.21596
5447.80000,0.59875,2.20055,-2.20371
5447.85000,0.59572,2.19636,-2.19042
5447.90000,0.59271,2.19207,-2.17663
5447.95000,0.58987,2.18791,-2.16292
5448.00000,0.58716,2.18382,-2.14892
5448.05000,0.58444,2.17958,-2.13423
5448.10000,0.58179,2.17532,-2.11989
5448.15000,0.57906,2.17078,-2.10400
5448.20000,0.57653,2.16639,-2.08809
5448.25000,0.57404,2.16191,-2.07081
5448.30000,0.57161,2.15739,-2.05449
5448.35000,0.56929,2.15287,-2.03727
5448.40000,0.56704,2.14828,-2.01991
5448.45000,0.56487,2.14367,-2.00247
5448.50000,0.56280,2.13905,-1.98488
5448.55000,0.56080,2.13439,-1.96674
5448.60000,0.55894,2.12976,-1.94843
5448.65000,0.55714,2.12508,-1.92990
5448.70000,0.55551,2.12053,-1.91089
5448.75000,0.55393,2.11593,-1.89209
5448.80000,0.55244,2.11129,-1.87294
5448.85000,0.55110,2.10681,-1.85398
5448.90000,0.54985,2.10231,-1.83440
5448.95000,0.54868,2.09778,-1.81470
5449.00000,0.54763,2.09338,-1.79523
5449.05000,0.54669,2.08899,-1.77538
5449.10000,0.54585,2.08468,-1.75564
5449.15000,0.54512,2.08043,-1.73563
5449.20000,0.54445,2.07618,-1.71557
5449.25000,0.54391,2.07203,-1.69540
5449.30000,0.54346,2.06817,-1.67557
5449.35000,0.54310,2.06424,-1.65592
5449.40000,0.54281,2.06033,-1.63603
5449.45000,0.54261,2.05653,-1.61591
5449.50000,0.54249,2.05290,-1.59542
5449.55000,0.54244,2.04941,-1.57493
5449.60000,0.54245,2.04583,-1.55468
5449.65000,0.54254,2.04233,-1.53474
5449.70000,0.54268,2.03890,-1.51486
5449.75000,0.54287,2.03574,-1.49553
5449.80000,0.54313,2.03275,-1.47696
5449.85000,0.54342,2.02974,-1.45837
5449.90000,0.54378,2.02666,-1.43895
5449.95000,0.54418,2.02379,-1.42021
5450.00000,0.54457,2.02121,-1.40173
5450.05000,0.54503,2.01861,-1.38309
5450.10000,0.54552,2.01598,-1.36436
5450.15000,0.54606,2.01343,-1.34571
5450.20000,0.54663,2.01090,-1.32715
5450.25000,0.54724,2.00845,-1.30892
5450.30000,0.54789,2.00594,-1.29046
5450.35000,0.54853,2.00367,-1.27258
5450.40000,0.54923,2.00142,-1.25478
5450.45000,0.54990,1.99932,-1.23713
5450.50000,0.55057,1.99738,-1.21908
5450.55000,0.55129,1.99564,-1.20716
5450.60000,0.55220,1.99369,-1.20568
5450.65000,0.55404,1.98922,-1.21800
5450.70000,0.55653,1.98225,-1.24106
5450.75000,0.55947,1.97325,-1.27228
5450.80000,0.56202,1.96437,-1.29352
5450.85000,0.56367,1.95819,-1.29925
5450.90000,0.56437,1.95540,-1.29008
5450.95000,0.56478,1.95397,-1.27519
5451.00000,0.56524,1.95242,-1.25909
5451.05000,0.56573,1.95086,-1.24297
5451.10000,0.56625,1.94931,-1.22698
5451.15000,0.56679,1.94778,-1.21111
5451.20000,0.56734,1.94629,-1.19538
5451.25000,0.56791,1.94482,-1.17978
5451.30000,0.56849,1.94339,-1.16435
5451.35000,0.56915,1.94188,-1.16391
5451.40000,0.57096,1.93767,-1.17856
5451.45000,0.57366,1.93101,-1.20186
5451.50000,0.57624,1.92402,-1.21646
5451.55000,0.57794,1.91918,-1.21934
5451.60000,0.57846,1.91766,-1.20853
5451.65000,0.57887,1.91653,-1.19411
5451.70000,0.57931,1.91540,-1.17960
5451.75000,0.57975,1.91431,-1.16529
5451.80000,0.58020,1.91322,-1.15116
5451.85000,0.58066,1.91216,-1.13719
5451.90000,0.58111,1.91116,-1.12341
5451.95000,0.58172,1.90991,-1.12406
5452.00000,0.58368,1.90575,-1.13880
5452.05000,0.58650,1.89949,-1.16113
5452.10000,0.58992,1.89130,-1.19148
5452.15000,0.59279,1.88358,-1.21271
5452.20000,0.59452,1.87863,-1.22208
5452.25000,0.59497,1.87725,-1.21628
5452.30000,0.59506,1.87701,-1.20590
5452.35000,0.59519,1.87663,-1.19508
5452.40000,0.59533,1.87628,-1.18471
5452.45000,0.59674,1.87432,-1.17438
5452.50000,0.60039,1.86770,-1.16480
5452.55000,0.60436,1.85851,-1.15955
5452.60000,0.60822,1.84960,-1.16257
5452.65000,0.61154,1.84175,-1.17639
5452.70000,0.61405,1.83554,-1.20263
5452.75000,0.61536,1.83195,-1.24468
5452.80000,0.61570,1.83087,-1.29890
5452.85000,0.61572,1.83079,-1.35802
5452.90000,0.61574,1.83070,-1.41733
5452.95000,0.61575,1.83061,-1.47661
5453.00000,0.61576,1.83050,-1.53583
5453.05000,0.61576,1.83039,-1.59492
5453.10000,0.61575,1.83028,-1.65384
5453.15000,0.61574,1.83016,-1.71253
5453.20000,0.61572,1.83004,-1.77097
5453.25000,0.61569,1.82992,-1.82911
5453.30000,0.61565,1.82979,-1.88693
5453.35000,0.61561,1.82967,-1.94439
5453.40000,0.61556,1.82955,-2.00148
5453.45000,0.61549,1.82942,-2.05817
5453.50000,0.61543,1.82930,-2.11444
5453.55000,0.61535,1.82919,-2.17027
5453.60000,0.61527,1.82907,-2.22564
5453.65000,0.61518,1.82897,-2.28054
5453.70000,0.61509,1.82886,-2.33496
5453.75000,0.61499,1.82876,-2.38889
5453.80000,0.61488,1.82867,-2.44230
5453.85000,0.61477,1.82858,-2.49515
5453.90000,0.61466,1.82850,-2.54743
5453.95000,0.61455,1.82843,-2.59912
5454.00000,0.61443,1.82836,-2.65019
5454.05000,0.61431,1.82830,-2.70063
5454.10000,0.61477,1.82853,-2.75292
5454.15000,0.61538,1.82877,-2.80504
5454.20000,0.61569,1.82888,-2.85522
5454.25000,0.61592,1.82896,-2.90439
5454.30000,0.61586,1.82895,-2.95165
5454.35000,0.61572,1.82893,-2.99794
5454.40000,0.61559,1.82891,-3.04355
5454.45000,0.61545,1.82890,-3.08848
5454.50000,0.61531,1.82889,-3.13272
5454.55000,0.61517,1.82890,3.10692
5454.60000,0.61504,1.82890,3.06407
5454.65000,0.61490,1.82892,3.02193
5454.70000,0.61477,1.82894,2.98049
5454.75000,0.61463,1.82896,2.93976
5454.80000,0.61450,1.82899,2.89975
5454.85000,0.61437,1.82903,2.86045
5454.90000,0.61424,1.82907,2.82188
5454.95000,0.61236,1.83002,2.78377
5455.00000,0.60542,1.83279,2.74914
5455.05000,0.59703,1.83645,2.71144
5455.10000,0.58874,1.84044,2.67261
5455.15000,0.58075,1.84468,2.63371
5455.20000,0.57294,1.84923,2.59544
5455.25000,0.56529,1.85409,2.55793
5455.30000,0.55779,1.85924,2.52119
5455.35000,0.55049,1.86466,2.48503
5455.40000,0.54337,1.87035,2.44936
5455.45000,0.53646,1.87629,2.41397
5455.50000,0.52977,1.88247,2.37830
5455.55000,0.52335,1.88884,2.34076
5455.60000,0.51767,1.89472,2.30355
5455.65000,0.51569,1.89702,2.25823
5455.70000,0.51457,1.89846,2.19655
5455.75000,0.51385,1.89952,2.12433
5455.80000,0.51342,1.90029,2.04464
5455.85000,0.51315,1.90086,1.95963
5455.90000,0.51300,1.90127,1.87084
5455.95000,0.51292,1.90157,1.77937
5456.00000,0.51290,1.90171,1.68626
5456.05000,0.51289,1.90174,1.59307
5456.10000,0.51290,1.90179,1.50986
5456.15000,0.51291,1.90181,1.44556
5456.20000,0.51293,1.90179,1.39802
5456.25000,0.51372,1.90370,1.37186
5456.30000,0.51538,1.90999,1.36528
5456.35000,0.51736,1.91958,1.37443
5456.40000,0.51923,1.92930,1.38463
5456.45000,0.52101,1.93905,1.39496
5456.50000,0.52268,1.94880,1.40571
5456.55000,0.52425,1.95859,1.41758
5456.60000,0.52569,1.96829,1.42956
5456.65000,0.52701,1.97801,1.44216
5456.70000,0.52819,1.98763,1.45521
5456.75000,0.52924,1.99724,1.46877
5456.80000,0.53016,2.00684,1.48300
5456.85000,0.53093,2.01645,1.49734
5456.90000,0.53157,2.02606,1.51209
5456.95000,0.53205,2.03565,1.52798
5457.00000,0.53239,2.04527,1.54297
5457.05000,0.53258,2.05486,1.55910
5457.10000,0.53262,2.06449,1.57511
5457.15000,0.53249,2.07478,1.59143
5457.20000,0.53221,2.08488,1.60730
5457.25000,0.53174,2.09522,1.62501
5457.30000,0.53109,2.10561,1.64335
5457.35000,0.53026,2.11596,1.66202
5457.40000,0.52921,2.12638,1.68162
5457.45000,0.52795,2.13681,1.70214
5457.50000,0.52650,2.14716,1.72226
5457.55000,0.52520,2.15676,1.73058
5457.60000,0.52417,2.16599,1.72489
5457.65000,0.52329,2.17507,1.71159
5457.70000,0.52253,2.18401,1.69027
5457.75000,0.52176,2.19292,1.65376
5457.80000,0.52153,2.19933,1.61010
5457.85000,0.52143,2.20487,1.58634
5457.90000,0.52135,2.21114,1.58438
5457.95000,0.52118,2.21806,1.59684
5458.00000,0.52081,2.22733,1.62107
5458.05000,0.52015,2.23750,1.65165
5458.10000,0.51918,2.24741,1.68493
5458.15000,0.51788,2.25718,1.72325
5458.20000,0.51617,2.26691,1.76745
5458.25000,0.51414,2.27594,1.81758
5458.30000,0.51168,2.28470,1.87168
5458.35000,0.50869,2.29347,1.92754
5458.40000,0.50528,2.30186,1.98587
5458.45000,0.50137,2.31006,2.04532
5458.50000,0.49691,2.31815,2.10506
5458.55000,0.49213,2.32569,2.16655
5458.60000,0.48690,2.33290,2.22857
5458.65000,0.48163,2.33976,2.28084
5458.70000,0.47711,2.34562,2.32015
5458.75000,0.47354,2.34928,2.36630
5458.80000,0.46981,2.35291,2.40636
5458.85000,0.46647,2.35607,2.41899
5458.90000,0.46362,2.35870,2.42394
5458.95000,0.46210,2.36001,2.42304
5459.00000,0.46109,2.36090,2.39485
5459.05000,0.45971,2.36225,2.34975
5459.10000,0.45738,2.36474,2.29701
5459.15000,0.45425,2.36847,2.24050
5459.20000,0.45093,2.37295,2.18013
5459.25000,0.44746,2.37827,2.11806
5459.30000,0.44416,2.38410,2.05409
5459.35000,0.44112,2.39038,1.98890
5459.40000,0.43839,2.39711,1.92319
5459.45000,0.43610,2.40404,1.85647
5459.50000,0.43426,2.41120,1.78934
5459.55000,0.43291,2.41842,1.72144
5459.60000,0.43208,2.42555,1.65257
5459.65000,0.43173,2.43294,1.58419
5459.70000,0.43188,2.44013,1.51488
5459.75000,0.43253,2.44728,1.44535
5459.80000,0.43369,2.45442,1.37589
5459.85000,0.43527,2.46116,1.30525
5459.90000,0.43708,2.46701,1.23151
5459.95000,0.43932,2.47265,1.15750
5460.00000,0.44200,2.47821,1.08378
5460.05000,0.44524,2.48382,1.01119
5460.10000,0.44904,2.48942,0.93966
5460.15000,0.45332,2.49486,0.86870
5460.20000,0.45802,2.50004,0.79803
5460.25000,0.46309,2.50488,0.72745
5460.30000,0.46844,2.50931,0.65661
5460.35000,0.47401,2.51330,0.58541
5460.40000,0.47979,2.51683,0.51394
5460.45000,0.48561,2.51985,0.44165
5460.50000,0.49145,2.52236,0.36862
5460.55000,0.49720,2.52433,0.29451
5460.60000,0.50290,2.52583,0.21968
5460.65000,0.50851,2.52686,0.14411
5460.70000,0.51399,2.52745,0.06777
5460.75000,0.51941,2.52760,-0.00896
5460.80000,0.52468,2.52735,-0.08621
5460.85000,0.52984,2.52670,-0.16379
5460.90000,0.53484,2.52567,-0.24176
5460.95000,0.53975,2.52426,-0.31974
5461.00000,0.54450,2.52247,-0.39785
5461.05000,0.54910,2.52033,-0.47598
5461.10000,0.55347,2.51785,-0.55430
5461.15000,0.55741,2.51519,-0.63364
5461.20000,0.56098,2.51234,-0.71372
5461.25000,0.56418,2.50933,-0.79445
5461.30000,0.56717,2.50603,-0.87502
5461.35000,0.56993,2.50244,-0.95532
5461.40000,0.57248,2.49851,-1.03500
5461.45000,0.57475,2.49432,-1.11442
5461.50000,0.57673,2.48984,-1.19331
5461.55000,0.57836,2.48521,-1.27217
5461.60000,0.57962,2.48044,-1.35091
5461.65000,0.58051,2.47557,-1.42958
5461.70000,0.58102,2.47061,-1.50813
5461.75000,0.58114,2.46557,-1.58643
5461.80000,0.58086,2.46051,-1.66466
5461.85000,0.58019,2.45549,-1.74286
5461.90000,0.57912,2.45050,-1.82095
5461.95000,0.57795,2.44638,-1.87175
5462.00000,0.57738,2.44455,-1.90283
5462.05000,0.57690,2.44323,-1.93339
5462.10000,0.57640,2.44203,-1.96234
5462.15000,0.57584,2.44076,-1.98922
5462.20000,0.57513,2.43933,-2.01364
5462.25000,0.57461,2.43828,-2.03787
5462.30000,0.57403,2.43720,-2.06030
5462.35000,0.57350,2.43627,-2.08169
5462.40000,0.57306,2.43551,-2.10255
5462.45000,0.57257,2.43473,-2.12177
5462.50000,0.57216,2.43410,-2.13998
5462.55000,0.57174,2.43348,-2.15715
5462.60000,0.57127,2.43280,-2.17397
5462.65000,0.57083,2.43216,-2.18929
5462.70000,0.57053,2.43175,-2.20278
5462.75000,0.57025,2.43137,-2.21500
5462.80000,0.56999,2.43102,-2.22607
5462.85000,0.56965,2.43059,-2.23525
5462.90000,0.56937,2.43024,-2.24404
5462.95000,0.56913,2.42993,-2.25164
5463.00000,0.56887,2.42961,-2.25842
5463.05000,0.56864,2.42934,-2.26407
5463.10000,0.56844,2.42910,-2.26838
5463.15000,0.56824,2.42886,-2.27169
5463.20000,0.56807,2.42865,-2.27397
5463.25000,0.56789,2.42844,-2.27560
5463.30000,0.56773,2.42826,-2.27584
5463.35000,0.56759,2.42810,-2.27510
5463.40000,0.56748,2.42796,-2.27335
5463.45000,0.56737,2.42783,-2.27069
5463.50000,0.56727,2.42771,-2.26705
5463.55000,0.56720,2.42762,-2.26234
5463.60000,0.56714,2.42755,-2.25671
5463.65000,0.56709,2.42749,-2.25060
5463.70000,0.56704,2.42742,-2.24372
5463.75000,0.56698,2.42735,-2.23659
5463.80000,0.56692,2.42726,-2.22845
5463.85000,0.56699,2.42733,-2.23380
5463.90000,0.56731,2.42769,-2.26717
5463.95000,0.56737,2.42778,-2.31886
5464.00000,0.56737,2.42778,-2.38249
5464.05000,0.56734,2.42775,-2.44684
5464.10000,0.56729,2.42771,-2.51029
5464.15000,0.56724,2.42768,-2.57278
5464.20000,0.56718,2.42764,-2.63432
5464.25000,0.56711,2.42760,-2.69490
5464.30000,0.56704,2.42757,-2.75451
5464.35000,0.56696,2.42754,-2.81316
5464.40000,0.56687,2.42751,-2.87083
5464.45000,0.56678,2.42749,-2.92753
5464.50000,0.56668,2.42747,-2.98325
5464.55000,0.56658,2.42746,-3.03799
5464.60000,0.56647,2.42745,-3.09175
5464.65000,0.56637,2.42745,3.13866
5464.70000,0.56626,2.42745,3.08688
5464.75000,0.56615,2.42746,3.03611
5464.80000,0.56394,2.42793,2.98698
5464.85000,0.55728,2.42914,2.94252
5464.90000,0.54954,2.43089,2.89489
5464.95000,0.54119,2.43322,2.84471
5465.00000,0.53286,2.43600,2.79367
5465.05000,0.52468,2.43920,2.74325
5465.10000,0.51667,2.44281,2.69356
5465.15000,0.50882,2.44682,2.64448
5465.20000,0.50118,2.45121,2.59573
5465.25000,0.49375,2.45598,2.54711
5465.30000,0.48657,2.46109,2.49828
5465.35000,0.47963,2.46656,2.44902
5465.40000,0.47294,2.47241,2.39922
5465.45000,0.46596,2.47913,2.35131
5465.50000,0.45919,2.48632,2.30210
5465.55000,0.45268,2.49367,2.26009
5465.60000,0.44602,2.50126,2.23763
5465.65000,0.43976,2.50907,2.23215
5465.70000,0.43366,2.51694,2.22799
5465.75000,0.42760,2.52481,2.22439
5465.80000,0.42155,2.53273,2.22128
5465.85000,0.41554,2.54065,2.21870
5465.90000,0.40952,2.54862,2.21718
5465.95000,0.40350,2.55660,2.21625
5466.00000,0.39749,2.56459,2.21613
5466.05000,0.39145,2.57261,2.21660
5466.10000,0.38542,2.58061,2.21772
5466.15000,0.37936,2.58861,2.21961
5466.20000,0.37345,2.59646,2.21238
5466.25000,0.36910,2.60249,2.18262
5466.30000,0.36621,2.60685,2.15538
5466.35000,0.36326,2.61133,2.15648
5466.40000,0.35896,2.61772,2.17234
5466.45000,0.35327,2.62579,2.19671
5466.50000,0.34729,2.63388,2.22580
5466.55000,0.34156,2.64110,2.25730
5466.60000,0.33560,2.64814,2.28836
5466.65000,0.32944,2.65498,2.32008
5466.70000,0.32307,2.66161,2.35202
5466.75000,0.31648,2.66804,2.38388
5466.80000,0.30970,2.67426,2.41604
5466.85000,0.30274,2.68023,2.44871
5466.90000,0.29557,2.68599,2.48121
5466.95000,0.28823,2.69150,2.51371
5467.00000,0.28071,2.69677,2.54652
5467.05000,0.27303,2.70179,2.57934
5467.10000,0.26518,2.70656,2.61202
5467.15000,0.25719,2.71106,2.64535
5467.20000,0.24906,2.71529,2.67860
5467.25000,0.24080,2.71924,2.71253
5467.30000,0.23241,2.72291,2.74619
5467.35000,0.22390,2.72629,2.77995
5467.40000,0.21530,2.72937,2.81439
5467.45000,0.20612,2.73234,2.84697
5467.50000,0.19660,2.73506,2.87835
5467.55000,0.18693,2.73751,2.90909
5467.60000,0.17721,2.73964,2.94059
5467.65000,0.16740,2.74148,2.97203
5467.70000,0.15753,2.74301,3.00383
5467.75000,0.14762,2.74422,3.03583
5467.80000,0.13767,2.74511,3.06840
5467.85000,0.12822,2.74564,3.10375
5467.90000,0.11916,2.74581,3.14106
5467.95000,0.11011,2.74564,-3.10431
5468.00000,0.10108,2.74513,-3.06606
5468.05000,0.09243,2.74431,-3.02309
5468.10000,0.08591,2.74339,-2.97254
5468.15000,0.08168,2.74255,-2.91260
5468.20000,0.07958,2.74199,-2.84377
5468.25000,0.07774,2.74136,-2.77395
5468.30000,0.07594,2.74059,-2.70440
5468.35000,0.07423,2.73972,-2.63514
5468.40000,0.07265,2.73877,-2.56614
5468.45000,0.07119,2.73775,-2.49744
5468.50000,0.06985,2.73668,-2.42906
5468.55000,0.06861,2.73553,-2.36108
5468.60000,0.06745,2.73430,-2.29354
5468.65000,0.06638,2.73300,-2.22646
5468.70000,0.06540,2.73163,-2.15987
5468.75000,0.06452,2.73021,-2.09378
5468.80000,0.06373,2.72874,-2.02823
5468.85000,0.06304,2.72722,-1.96321
5468.90000,0.06246,2.72568,-1.89876
5468.95000,0.06198,2.72411,-1.83489
5469.00000,0.06161,2.72253,-1.77162
5469.05000,0.06134,2.72094,-1.70896
5469.10000,0.06117,2.71939,-1.64689
5469.15000,0.06110,2.71791,-1.58540
5469.20000,0.06113,2.71651,-1.52448
5469.25000,0.06123,2.71518,-1.46416
5469.30000,0.06140,2.71391,-1.40449
5469.35000,0.06165,2.71267,-1.34549
5469.40000,0.06196,2.71148,-1.28718
5469.45000,0.06234,2.71031,-1.22959
5469.50000,0.06277,2.70918,-1.17272
5469.55000,0.06327,2.70809,-1.11659
5469.60000,0.06381,2.70705,-1.06120
5469.65000,0.06441,2.70604,-1.00657
5469.70000,0.06505,2.70509,-0.95269
5469.75000,0.06573,2.70418,-0.89958
5469.80000,0.06645,2.70332,-0.84724
5469.85000,0.06719,2.70253,-0.79563
5469.90000,0.06791,2.70183,-0.74470
5469.95000,0.06860,2.70123,-0.69446
5470.00000,0.06927,2.70070,-0.64490
5470.05000,0.06991,2.70024,-0.59602
5470.10000,0.07052,2.69985,-0.54781
5470.15000,0.07101,2.69960,-0.51153
5470.20000,0.07331,2.69832,-0.49311
5470.25000,0.07861,2.69547,-0.49232
5470.30000,0.08610,2.69139,-0.50501
5470.35000,0.09441,2.68669,-0.52297
5470.40000,0.10263,2.68185,-0.54105
5470.45000,0.11076,2.67687,-0.55937
5470.50000,0.11878,2.67174,-0.57804
5470.55000,0.12670,2.66646,-0.59683
5470.60000,0.13453,2.66103,-0.61607
5470.65000,0.14225,2.65545,-0.63555
5470.70000,0.14983,2.64974,-0.65522
5470.75000,0.15732,2.64387,-0.67475
5470.80000,0.16467,2.63786,-0.69469
5470.85000,0.17191,2.63170,-0.71463
5470.90000,0.17904,2.62540,-0.73457
5470.95000,0.18602,2.61895,-0.75497
5471.00000,0.19288,2.61237,-0.77503
5471.05000,0.19961,2.60564,-0.79528
5471.10000,0.20619,2.59879,-0.81568
5471.15000,0.21251,2.59203,-0.82387
5471.20000,0.21880,2.58530,-0.81042
5471.25000,0.22348,2.58032,-0.79000
5471.30000,0.22769,2.57586,-0.78659
5471.35000,0.23180,2.57156,-0.80229
5471.40000,0.23504,2.56811,-0.83495
5471.45000,0.23622,2.56677,-0.87953
5471.50000,0.23628,2.56669,-0.93066
5471.55000,0.23634,2.56661,-0.98168
5471.60000,0.23640,2.56651,-1.03257
5471.65000,0.23645,2.56642,-1.08338
5471.70000,0.23650,2.56632,-1.13410
5471.75000,0.23655,2.56622,-1.18476
5471.80000,0.23658,2.56612,-1.23536
5471.85000,0.23662,2.56601,-1.28587
5471.90000,0.23665,2.56590,-1.33628
5471.95000,0.23667,2.56579,-1.38657
5472.00000,0.23665,2.56578,-1.43700
5472.05000,0.23667,2.56567,-1.48698
5472.10000,0.23667,2.56555,-1.53678
5472.15000,0.23667,2.56544,-1.58637
5472.20000,0.23667,2.56533,-1.63575
5472.25000,0.23666,2.56522,-1.68490
5472.30000,0.23664,2.56511,-1.73380
5472.35000,0.23662,2.56499,-1.78243
5472.40000,0.23660,2.56489,-1.83079
5472.45000,0.23656,2.56478,-1.87885
5472.50000,0.23653,2.56467,-1.92661
5472.55000,0.23649,2.56457,-1.97404
5472.60000,0.23644,2.56446,-2.02114
5472.65000,0.23639,2.56436,-2.06790
5472.70000,0.23633,2.56426,-2.11429
5472.75000,0.23627,2.56417,-2.16032
5472.80000,0.23621,2.56408,-2.20596
5472.85000,0.23614,2.56399,-2.25120
5472.90000,0.23606,2.56390,-2.29605
5472.95000,0.23599,2.56382,-2.34047
5473.00000,0.23591,2.56374,-2.38448
5473.05000,0.23582,2.56366,-2.42805
5473.10000,0.23574,2.56359,-2.47118
5473.15000,0.23565,2.56352,-2.51386
5473.20000,0.23556,2.56346,-2.55608
5473.25000,0.23546,2.56340,-2.59783
5473.30000,0.23537,2.56334,-2.63911
5473.35000,0.23527,2.56329,-2.67991
5473.40000,0.23517,2.56325,-2.72023
5473.45000,0.23506,2.56320,-2.76005
5473.50000,0.23496,2.56316,-2.79937
5473.55000,0.23486,2.56313,-2.83818
5473.60000,0.23475,2.56310,-2.87649
5473.65000,0.23464,2.56307,-2.91428
5473.70000,0.23454,2.56305,-2.95156
5473.75000,0.23443,2.56303,-2.98831
5473.80000,0.23432,2.56301,-3.02453
5473.85000,0.23421,2.56300,-3.06022
5473.90000,0.23410,2.56300,-3.09538
5473.95000,0.23400,2.56299,-3.12999
5474.00000,0.23389,2.56299,3.11911
5474.05000,0.23378,2.56300,3.08558
5474.10000,0.23367,2.56301,3.05260
5474.15000,0.23161,2.56343,3.01981
5474.20000,0.22409,2.56451,2.98910
5474.25000,0.21517,2.56604,2.95458
5474.30000,0.20624,2.56790,2.91942
5474.35000,0.19740,2.57006,2.88361
5474.40000,0.18864,2.57233,2.84799
5474.45000,0.18513,2.57246,2.81191
5474.50000,0.18533,2.57239,2.77128
5474.55000,0.18641,2.57196,2.72216
5474.60000,0.18758,2.57142,2.66789
5474.65000,0.18884,2.57075,2.60846
5474.70000,0.19016,2.56994,2.54371
5474.75000,0.19153,2.56896,2.47393
5474.80000,0.19286,2.56786,2.40274
5474.85000,0.19359,2.56718,2.33623
5474.90000,0.19356,2.56722,2.27563
5474.95000,0.19353,2.56726,2.21638
5475.00000,0.19350,2.56730,2.15622
5475.05000,0.19347,2.56734,2.09397
5475.10000,0.19345,2.56739,2.02884
5475.15000,0.19342,2.56745,1.96123
5475.20000,0.19339,2.56753,1.89190
5475.25000,0.19337,2.56763,1.83297
5475.30000,0.19311,2.56804,1.79265
5475.35000,0.19197,2.57019,1.77924
5475.40000,0.19028,2.57619,1.77820
5475.45000,0.18800,2.58433,1.79197
5475.50000,0.18573,2.59341,1.81970
5475.55000,0.18311,2.60303,1.85290
5475.60000,0.18017,2.61257,1.88901
5475.65000,0.17687,2.62197,1.92737
5475.70000,0.17321,2.63127,1.96494
5475.75000,0.16919,2.64042,2.00374
5475.80000,0.16482,2.64942,2.04245
5475.85000,0.16011,2.65823,2.08131
5475.90000,0.15505,2.66687,2.12133
5475.95000,0.14965,2.67528,2.16125
5476.00000,0.14392,2.68348,2.20099
5476.05000,0.13786,2.69144,2.24059
5476.10000,0.13150,2.69915,2.28036
5476.15000,0.12484,2.70661,2.32001
5476.20000,0.11788,2.71379,2.35979
5476.25000,0.11065,2.72069,2.39970
5476.30000,0.10314,2.72730,2.43939
5476.35000,0.09538,2.73361,2.47921
5476.40000,0.08738,2.73960,2.51923
5476.45000,0.07914,2.74526,2.55915
5476.50000,0.07068,2.75059,2.60006
5476.55000,0.06205,2.75554,2.64297
5476.60000,0.05319,2.76011,2.68726
5476.65000,0.04415,2.76427,2.73260
5476.70000,0.03490,2.76803,2.77905
5476.75000,0.02558,2.77131,2.82795
5476.80000,0.01600,2.77415,2.87791
5476.85000,0.00642,2.77647,2.92974
5476.90000,-0.00308,2.77825,2.98445
5476.95000,-0.01233,2.77944,3.04195
5477.00000,-0.02093,2.78004,3.10325
5477.05000,-0.02868,2.78009,-3.11453
5477.10000,-0.03645,2.77962,-3.04858
5477.15000,-0.04430,2.77863,-2.98268
5477.20000,-0.05219,2.77710,-2.91690
5477.25000,-0.06007,2.77502,-2.85134
5477.30000,-0.06788,2.77241,-2.78594
5477.35000,-0.07560,2.76925,-2.72083
5477.40000,-0.08320,2.76555,-2.65607
5477.45000,-0.09064,2.76131,-2.59167
5477.50000,-0.09788,2.75655,-2.52766
5477.55000,-0.10489,2.75126,-2.46405
5477.60000,-0.11164,2.74547,-2.40086
5477.65000,-0.11809,2.73919,-2.33809
5477.70000,-0.12422,2.73243,-2.27579
5477.75000,-0.12998,2.72521,-2.21388
5477.80000,-0.13534,2.71757,-2.15240
5477.85000,-0.14028,2.70954,-2.09126
5477.90000,-0.14476,2.70115,-2.03048
5477.95000,-0.14875,2.69242,-1.97000
5478.00000,-0.15200,2.68401,-1.90740
5478.05000,-0.15474,2.67530,-1.84518
5478.10000,-0.15697,2.66631,-1.78344
5478.15000,-0.15867,2.65708,-1.72220
5478.20000,-0.15982,2.64762,-1.66147
5478.25000,-0.16041,2.63798,-1.60126
5478.30000,-0.16041,2.62818,-1.54158
5478.35000,-0.15983,2.61825,-1.48245
5478.40000,-0.15866,2.60833,-1.42420
5478.45000,-0.15691,2.59848,-1.36707
5478.50000,-0.15468,2.58904,-1.30989
5478.55000,-0.15220,2.58071,-1.24986
5478.60000,-0.14897,2.57190,-1.19377
5478.65000,-0.14555,2.56394,-1.13593
5478.70000,-0.14172,2.55627,-1.07881
5478.75000,-0.13745,2.54881,-1.02296
5478.80000,-0.13275,2.54156,-0.96836
5478.85000,-0.12765,2.53456,-0.91499
5478.90000,-0.12223,2.52788,-0.86339
5478.95000,-0.11673,2.52176,-0.81341
5479.00000,-0.11106,2.51605,-0.76591
5479.05000,-0.10429,2.50985,-0.72016
5479.10000,-0.09747,2.50414,-0.67289
5479.15000,-0.09044,2.49880,-0.62632
5479.20000,-0.08315,2.49377,-0.58084
5479.25000,-0.07561,2.48906,-0.53643
5479.30000,-0.06785,2.48467,-0.49307
5479.35000,-0.05989,2.48061,-0.45075
5479.40000,-0.05174,2.47687,-0.40944
5479.45000,-0.04342,2.47346,-0.36912
5479.50000,-0.03436,2.47011,-0.33191
5479.55000,-0.02509,2.46707,-0.29263
5479.60000,-0.01510,2.46431,-0.25535
5479.65000,-0.00528,2.46192,-0.22086
5479.70000,0.00467,2.45987,-0.18741
5479.75000,0.01452,2.45817,-0.15565
5479.80000,0.02448,2.45677,-0.12436
5479.85000,0.03400,2.45574,-0.09238
5479.90000,0.04316,2.45504,-0.05987
5479.95000,0.05236,2.45463,-0.02819
5480.00000,0.06159,2.45452,0.00263
5480.05000,0.07084,2.45468,0.03261
5480.10000,0.08010,2.45512,0.06175
5480.15000,0.08923,2.45567,0.09047
5480.20000,0.09328,2.45585,0.11893
5480.25000,0.09518,2.45607,0.14540
5480.30000,0.09699,2.45633,0.17131
5480.35000,0.09859,2.45661,0.19566
5480.40000,0.10019,2.45691,0.22060
5480.45000,0.10164,2.45721,0.24373
5480.50000,0.10297,2.45755,0.26661
5480.55000,0.10457,2.45799,0.28797
5480.60000,0.10612,2.45842,0.30882
5480.65000,0.10763,2.45889,0.32896
5480.70000,0.10904,2.45936,0.34786
5480.75000,0.11054,2.45989,0.36635
5480.80000,0.11198,2.46043,0.38420
5480.85000,0.11327,2.46094,0.40065
5480.90000,0.11454,2.46147,0.41671
5480.95000,0.11572,2.46198,0.43159
5481.00000,0.11706,2.46264,0.43210
5481.05000,0.12108,2.46448,0.41700
5481.10000,0.12633,2.46678,0.40669
5481.15000,0.12935,2.46803,0.40959
5481.20000,0.13066,2.46864,0.40740
5481.25000,0.13465,2.47035,0.38950
5481.30000,0.14051,2.47266,0.36103
5481.35000,0.14776,2.47526,0.32520
5481.40000,0.15617,2.47791,0.28482
5481.45000,0.16546,2.48042,0.24510
5481.50000,0.17520,2.48266,0.20648
5481.55000,0.18503,2.48452,0.16798
5481.60000,0.19491,2.48600,0.12923
5481.65000,0.20485,2.48709,0.09014
5481.70000,0.21483,2.48780,0.05113
5481.75000,0.22482,2.48811,0.01230
5481.80000,0.23482,2.48804,-0.02664
5481.85000,0.24481,2.48758,-0.06582
5481.90000,0.25477,2.48673,-0.10468
5481.95000,0.26470,2.48549,-0.14319
5482.00000,0.27456,2.48387,-0.18192
5482.05000,0.28436,2.48187,-0.22041
5482.10000,0.29407,2.47950,-0.25867
5482.15000,0.30369,2.47676,-0.29691
5482.20000,0.31251,2.47386,-0.33709
5482.25000,0.32107,2.47066,-0.37778
5482.30000,0.32953,2.46707,-0.41815
5482.35000,0.33780,2.46318,-0.45831
5482.40000,0.34589,2.45898,-0.49836
5482.45000,0.35427,2.45421,-0.53574
5482.50000,0.36220,2.44929,-0.57369
5482.55000,0.36984,2.44414,-0.61517
5482.60000,0.37650,2.43921,-0.66568
5482.65000,0.38319,2.43365,-0.71905
5482.70000,0.38976,2.42757,-0.77452
5482.75000,0.39626,2.42084,-0.83066
5482.80000,0.40252,2.41359,-0.88746
5482.85000,0.40857,2.40571,-0.94399
5482.90000,0.41415,2.39751,-1.00134
5482.95000,0.41930,2.38894,-1.05798
5483.00000,0.42396,2.38010,-1.11350
5483.05000,0.42812,2.37102,-1.16942
5483.10000,0.43177,2.36171,-1.22397
5483.15000,0.43426,2.35366,-1.27731
5483.20000,0.43496,2.35110,-1.33590
5483.25000,0.43511,2.35041,-1.40182
5483.30000,0.43512,2.35032,-1.46983
5483.35000,0.43513,2.35022,-1.53735
5483.40000,0.43513,2.35012,-1.60431
5483.45000,0.43512,2.35002,-1.67069
5483.50000,0.43511,2.34993,-1.73649
5483.55000,0.43509,2.34983,-1.80169
5483.60000,0.43506,2.34974,-1.86626
5483.65000,0.43503,2.34964,-1.93020
5483.70000,0.43500,2.34955,-1.99348
5483.75000,0.43495,2.34946,-2.05610
5483.80000,0.43490,2.34938,-2.11803
5483.85000,0.43485,2.34930,-2.17927
5483.90000,0.43479,2.34922,-2.23981
5483.95000,0.43473,2.34914,-2.29963
5484.00000,0.43466,2.34907,-2.35872
5484.05000,0.43459,2.34901,-2.41707
5484.10000,0.43452,2.34894,-2.47467
5484.15000,0.43444,2.34889,-2.53152
5484.20000,0.43436,2.34883,-2.58758
5484.25000,0.43427,2.34878,-2.64283
5484.30000,0.43418,2.34873,-2.69724
5484.35000,0.43408,2.34869,-2.75080
5484.40000,0.43398,2.34865,-2.80351
5484.45000,0.43387,2.34862,-2.85536
5484.50000,0.43376,2.34859,-2.90636
5484.55000,0.43365,2.34857,-2.95652
5484.60000,0.43354,2.34855,-3.00586
5484.65000,0.43342,2.34853,-3.05437
5484.70000,0.43331,2.34853,-3.10206
5484.75000,0.43319,2.34853,3.13426
5484.80000,0.43307,2.34853,3.08823
5484.85000,0.43296,2.34854,3.04303
5484.90000,0.43284,2.34855,2.99867
5484.95000,0.43073,2.34916,2.95508
5485.00000,0.42374,2.35067,2.91601
5485.05000,0.41567,2.35273,2.87274
5485.10000,0.40673,2.35541,2.82901
5485.15000,0.39830,2.35836,2.78426
5485.20000,0.38988,2.36174,2.74084
5485.25000,0.38172,2.36542,2.69767
5485.30000,0.37363,2.36949,2.65564
5485.35000,0.36569,2.37391,2.61446
5485.40000,0.35791,2.37866,2.57409
5485.45000,0.35008,2.38388,2.53549
5485.50000,0.34248,2.38937,2.49767
5485.55000,0.33483,2.39534,2.46158
5485.60000,0.32716,2.40176,2.42727
5485.65000,0.31972,2.40844,2.39352
5485.70000,0.31250,2.41536,2.36029
5485.75000,0.30552,2.42252,2.32751
5485.80000,0.29878,2.42990,2.29500
5485.85000,0.29227,2.43750,2.26254
5485.90000,0.28602,2.44530,2.22969
5485.95000,0.28003,2.45331,2.19598
5486.00000,0.27476,2.46093,2.15809
5486.05000,0.26982,2.46871,2.11792
5486.10000,0.26483,2.47728,2.07786
5486.15000,0.26048,2.48558,2.03274
5486.20000,0.25678,2.49328,2.00060
5486.25000,0.25307,2.50129,1.99605
5486.30000,0.24897,2.51027,2.00326
5486.35000,0.24483,2.51915,2.01101
5486.40000,0.24062,2.52801,2.01862
5486.45000,0.23627,2.53697,2.02666
5486.50000,0.23192,2.54573,2.03533
5486.55000,0.22748,2.55450,2.04480
5486.60000,0.22298,2.56317,2.05420
5486.65000,0.21831,2.57198,2.06428
5486.70000,0.21349,2.58088,2.07448
5486.75000,0.20874,2.58937,2.09309
5486.80000,0.20376,2.59792,2.10642
5486.85000,0.19903,2.60576,2.12631
5486.90000,0.19422,2.61325,2.15907
5486.95000,0.18890,2.62092,2.19669
5487.00000,0.18348,2.62812,2.23598
5487.05000,0.17777,2.63510,2.27527
5487.10000,0.17179,2.64187,2.31414
5487.15000,0.16556,2.64839,2.35317
5487.20000,0.15907,2.65467,2.39171
5487.25000,0.15234,2.66070,2.43040
5487.30000,0.14538,2.66647,2.46874
5487.35000,0.13821,2.67196,2.50752
5487.40000,0.13082,2.67717,2.54594
5487.45000,0.12324,2.68210,2.58402
5487.50000,0.11548,2.68674,2.62237
5487.55000,0.10754,2.69108,2.66030
5487.60000,0.09944,2.69512,2.69831
5487.65000,0.09119,2.69884,2.73617
5487.70000,0.08280,2.70226,2.77390
5487.75000,0.07430,2.70535,2.81199
5487.80000,0.06567,2.70812,2.84944
5487.85000,0.05695,2.71056,2.88717
5487.90000,0.04814,2.71268,2.92468
5487.95000,0.03923,2.71447,2.96133
5488.00000,0.03027,2.71593,2.99816
5488.05000,0.02126,2.71707,3.03471
5488.10000,0.01222,2.71787,3.07167
5488.15000,0.00328,2.71827,3.09571
5488.20000,-0.00551,2.71854,3.09762
5488.25000,-0.01418,2.71870,3.07959
5488.30000,-0.02075,2.71870,3.03993
5488.35000,-0.02533,2.71891,2.98867
5488.40000,-0.02751,2.71926,2.92688
5488.45000,-0.02772,2.71931,2.85680
5488.50000,-0.02784,2.71937,2.79724
5488.55000,-0.02804,2.71957,2.75922
5488.60000,-0.02856,2.72009,2.74796
5488.65000,-0.03091,2.72111,2.75306
5488.70000,-0.03428,2.72248,2.76436
5488.75000,-0.03886,2.72426,2.78176
5488.80000,-0.04493,2.72647,2.80719
5488.85000,-0.05282,2.72908,2.84171
5488.90000,-0.06152,2.73159,2.87983
5488.95000,-0.07031,2.73377,2.91776
5489.00000,-0.07916,2.73560,2.95605
5489.05000,-0.08807,2.73710,2.99447
5489.10000,-0.09696,2.73825,3.01879
5489.15000,-0.10557,2.73897,3.01788
5489.20000,-0.11391,2.73943,2.99634
5489.25000,-0.12158,2.74001,2.95938
5489.30000,-0.12745,2.74089,2.90999
5489.35000,-0.13063,2.74172,2.84925
5489.40000,-0.13130,2.74194,2.77812
5489.45000,-0.13169,2.74212,2.71796
5489.50000,-0.13205,2.74230,2.67532
5489.55000,-0.13227,2.74238,2.64314
5489.60000,-0.13232,2.74231,2.62101
5489.65000,-0.13223,2.74213,2.60873
5489.70000,-0.13221,2.74210,2.60482
5489.75000,-0.13516,2.74392,2.61642
5489.80000,-0.14108,2.74726,2.64178
5489.85000,-0.14919,2.75152,2.67654
5489.90000,-0.15821,2.75584,2.71396
5489.95000,-0.16738,2.75981,2.75131
5490.00000,-0.17670,2.76345,2.78829
5490.05000,-0.18615,2.76673,2.82554
5490.10000,-0.19571,2.76966,2.86299
5490.15000,-0.20537,2.77223,2.90094
5490.20000,-0.21476,2.77423,2.92553
5490.25000,-0.22320,2.77523,2.92533
5490.30000,-0.22998,2.77537,2.89940
5490.35000,-0.23420,2.77598,2.85097
5490.40000,-0.23654,2.77671,2.78923
5490.45000,-0.23763,2.77715,2.72211
5490.50000,-0.23867,2.77762,2.66662
5490.55000,-0.23977,2.77821,2.62717
5490.60000,-0.24099,2.77894,2.59784
5490.65000,-0.24229,2.77977,2.57877
5490.70000,-0.24371,2.78076,2.56967
5490.75000,-0.24531,2.78195,2.56999
5490.80000,-0.24822,2.78390,2.58515
5490.85000,-0.25420,2.78755,2.61503
5490.90000,-0.26209,2.79197,2.65515
5490.95000,-0.27009,2.79598,2.70426
5491.00000,-0.27740,2.79917,2.76007
5491.05000,-0.28407,2.80161,2.82235
5491.10000,-0.29055,2.80358,2.87447
5491.15000,-0.29644,2.80488,2.89745
5491.20000,-0.30120,2.80498,2.89337
5491.25000,-0.30512,2.80525,2.86044
5491.30000,-0.30912,2.80652,2.81257
5491.35000,-0.31492,2.80867,2.76230
5491.40000,-0.32146,2.81148,2.70875
5491.45000,-0.32843,2.81494,2.65283
5491.50000,-0.33562,2.81903,2.59540
5491.55000,-0.34221,2.82332,2.53408
5491.60000,-0.34811,2.82771,2.46916
5491.65000,-0.35343,2.83225,2.40164
5491.70000,-0.35830,2.83701,2.33252
5491.75000,-0.36287,2.84184,2.27283
5491.80000,-0.36622,2.84567,2.22468
5491.85000,-0.36804,2.84816,2.17125
5491.90000,-0.37023,2.85158,2.11194
5491.95000,-0.37268,2.85597,2.04961
5492.00000,-0.37508,2.86100,1.98471
5492.05000,-0.37726,2.86643,1.91760
5492.10000,-0.37916,2.87233,1.84944
5492.15000,-0.38071,2.87855,1.78045
5492.20000,-0.38186,2.88504,1.71102
5492.25000,-0.38255,2.89165,1.64097
5492.30000,-0.38278,2.89813,1.56978
5492.35000,-0.38254,2.90462,1.49819
5492.40000,-0.38182,2.91117,1.42666
5492.45000,-0.38063,2.91774,1.35527
5492.50000,-0.37895,2.92429,1.28403
5492.55000,-0.37678,2.93079,1.21308
5492.60000,-0.37413,2.93718,1.14229
5492.65000,-0.37098,2.94346,1.07187
5492.70000,-0.36735,2.94960,1.00182
5492.75000,-0.36327,2.95552,0.93199
5492.80000,-0.35870,2.96125,0.86264
5492.85000,-0.35368,2.96671,0.79366
5492.90000,-0.34819,2.97192,0.72522
5492.95000,-0.34228,2.97681,0.65721
5493.00000,-0.33599,2.98133,0.58947
5493.05000,-0.32937,2.98544,0.52194
5493.10000,-0.32239,2.98915,0.45484
5493.15000,-0.31515,2.99239,0.38786
5493.20000,-0.30768,2.99516,0.32101
5493.25000,-0.30002,2.99742,0.25425
5493.30000,-0.29222,2.99917,0.18754
5493.35000,-0.28429,3.00040,0.12091
5493.40000,-0.27631,3.00111,0.05429
5493.45000,-0.26826,3.00127,-0.01222
5493.50000,-0.26021,3.00091,-0.07866
5493.55000,-0.25217,3.00000,-0.14500
5493.60000,-0.24416,2.99856,-0.21118
5493.65000,-0.23615,2.99657,-0.27686
5493.70000,-0.22805,2.99398,-0.34165
5493.75000,-0.22001,2.99082,-0.40591
5493.80000,-0.21197,2.98706,-0.46924
5493.85000,-0.20389,2.98264,-0.53129
5493.90000,-0.19583,2.97756,-0.59215
5493.95000,-0.18790,2.97188,-0.65207
5494.00000,-0.18038,2.96617,-0.70239
5494.05000,-0.17317,2.96004,-0.73706
5494.10000,-0.16587,2.95321,-0.76719
5494.15000,-0.15877,2.94617,-0.79637
5494.20000,-0.15188,2.93892,-0.82469
5494.25000,-0.14520,2.93149,-0.85214
5494.30000,-0.13872,2.92387,-0.87873
5494.35000,-0.13244,2.91609,-0.90447
5494.40000,-0.12635,2.90816,-0.92938
5494.45000,-0.12047,2.90007,-0.95346
5494.50000,-0.11477,2.89185,-0.97671
5494.55000,-0.10927,2.88351,-0.99914
5494.60000,-0.10395,2.87504,-1.02074
5494.65000,-0.09903,2.86681,-1.04313
5494.70000,-0.09432,2.85852,-1.06489
5494.75000,-0.08977,2.85010,-1.08577
5494.80000,-0.08538,2.84158,-1.10593
5494.85000,-0.08108,2.83283,-1.12453
5494.90000,-0.07696,2.82405,-1.14215
5494.95000,-0.07299,2.81519,-1.15923
5495.00000,-0.06906,2.80603,-1.17502
5495.05000,-0.06537,2.79703,-1.19007
5495.10000,-0.06178,2.78791,-1.20429
5495.15000,-0.05832,2.77874,-1.21762
5495.20000,-0.05498,2.76957,-1.23047
5495.25000,-0.05178,2.76037,-1.24245
5495.30000,-0.04865,2.75103,-1.25322
5495.35000,-0.04566,2.74175,-1.26336
5495.40000,-0.04276,2.73242,-1.27264
5495.45000,-0.03994,2.72305,-1.28108
5495.50000,-0.03719,2.71363,-1.28866
5495.55000,-0.03450,2.70418,-1.29544
5495.60000,-0.03186,2.69469,-1.30138
5495.65000,-0.02927,2.68517,-1.30655
5495.70000,-0.02672,2.67561,-1.31092
5495.75000,-0.02421,2.66603,-1.31455
5495.80000,-0.02172,2.65642,-1.31742
5495.85000,-0.01925,2.64678,-1.31959
5495.90000,-0.01680,2.63713,-1.32103
5495.95000,-0.01435,2.62745,-1.32181
5496.00000,-0.01189,2.61777,-1.32195
5496.05000,-0.00943,2.60809,-1.32146
5496.10000,-0.00707,2.59882,-1.32041
5496.15000,-0.00481,2.58998,-1.31875
5496.20000,-0.00263,2.58155,-1.31644
5496.25000,-0.00054,2.57353,-1.31356
5496.30000,0.00148,2.56591,-1.31021
5496.35000,0.00343,2.55865,-1.30649
5496.40000,0.00532,2.55171,-1.30211
5496.45000,0.00715,2.54511,-1.29742
5496.50000,0.00895,2.53875,-1.29216
5496.55000,0.01070,2.53268,-1.28646
5496.60000,0.01239,2.52691,-1.28037
5496.65000,0.01401,2.52152,-1.27389
5496.70000,0.01557,2.51649,-1.26692
5496.75000,0.01706,2.51175,-1.25941
5496.80000,0.01849,2.50731,-1.25147
5496.85000,0.01987,2.50318,-1.24309
5496.90000,0.02119,2.49930,-1.23432
5496.95000,0.02247,2.49568,-1.22511
5497.00000,0.02369,2.49229,-1.21547
5497.05000,0.02488,2.48912,-1.20544
5497.10000,0.02602,2.48615,-1.19500
5497.15000,0.02712,2.48340,-1.18423
5497.20000,0.02819,2.48078,-1.17311
5497.25000,0.02927,2.47825,-1.16162
5497.30000,0.03035,2.47578,-1.14990
5497.35000,0.03145,2.47336,-1.13779
5497.40000,0.03254,2.47102,-1.12556
5497.45000,0.03359,2.46883,-1.11302
5497.50000,0.03461,2.46679,-1.10011
5497.55000,0.03559,2.46488,-1.08696
5497.60000,0.03653,2.46312,-1.07349
5497.65000,0.03744,2.46146,-1.05972
5497.70000,0.03832,2.45992,-1.04564
5497.75000,0.03915,2.45848,-1.03129
5497.80000,0.03997,2.45712,-1.01666
5497.85000,0.04078,2.45584,-1.00177
5497.90000,0.04158,2.45460,-0.98671
5497.95000,0.04240,2.45338,-0.97153
5498.00000,0.04323,2.45218,-0.95624
5498.05000,0.04407,2.45101,-0.94085
5498.10000,0.04492,2.44987,-0.92537
5498.15000,0.04576,2.44877,-0.90975
5498.20000,0.04658,2.44773,-0.89394
5498.25000,0.04737,2.44676,-0.87789
5498.30000,0.04813,2.44586,-0.86161
5498.35000,0.04887,2.44502,-0.84507
5498.40000,0.04957,2.44423,-0.82825
5498.45000,0.05026,2.44350,-0.81117
5498.50000,0.05093,2.44281,-0.79380
5498.55000,0.05158,2.44216,-0.77612
5498.60000,0.05201,2.44174,-0.75921
5498.65000,0.05230,2.44147,-0.74268
5498.70000,0.05257,2.44122,-0.72593
5498.75000,0.05284,2.44099,-0.70903
5498.80000,0.05310,2.44077,-0.69204
5498.85000,0.05336,2.44055,-0.67496
5498.90000,0.05362,2.44035,-0.65780
5498.95000,0.05387,2.44017,-0.64051
5499.00000,0.05410,2.43999,-0.62302
5499.05000,0.05432,2.43984,-0.60525
5499.10000,0.05453,2.43970,-0.58709
5499.15000,0.05472,2.43958,-0.56839
5499.20000,0.05488,2.43947,-0.54895
5499.25000,0.05503,2.43938,-0.52861
5499.30000,0.05516,2.43931,-0.50715
5499.35000,0.05527,2.43925,-0.48431
5499.40000,0.05537,2.43920,-0.45974
5499.45000,0.05546,2.43916,-0.43299
5499.50000,0.05553,2.43913,-0.40342
5499.55000,0.05560,2.43910,-0.37045
5499.60000,0.05566,2.43908,-0.33345
5499.65000,0.05571,2.43906,-0.29201
5499.70000,0.05576,2.43904,-0.24594
5499.75000,0.05582,2.43903,-0.19746
5499.80000,0.05587,2.43902,-0.14800
5499.85000,0.05592,2.43902,-0.09802
5499.90000,0.05598,2.43901,-0.04778
5499.95000,0.05603,2.43901,0.00293
5500.00000,0.05609,2.43901,0.05502
5500.05000,0.05615,2.43902,0.10958
5500.10000,0.05621,2.43903,0.16674
5500.15000,0.05627,2.43904,0.22600
5500.20000,0.05634,2.43906,0.28684
5500.25000,0.05641,2.43908,0.34889
5500.30000,0.05648,2.43911,0.41176
5500.35000,0.05656,2.43914,0.47513
5500.40000,0.05663,2.43919,0.53878
5500.45000,0.05671,2.43924,0.60260
5500.50000,0.05678,2.43929,0.66641
5500.55000,0.05686,2.43935,0.73012
5500.60000,0.05693,2.43942,0.79362
5500.65000,0.05700,2.43950,0.85684
5500.70000,0.05707,2.43958,0.91971
5500.75000,0.05713,2.43967,0.98217
5500.80000,0.05719,2.43976,1.04421
5500.85000,0.05724,2.43986,1.10577
5500.90000,0.05729,2.43996,1.16679
5500.95000,0.05733,2.44006,1.22724
5501.00000,0.05736,2.44017,1.28707
5501.05000,0.05739,2.44029,1.34624
5501.10000,0.05741,2.44040,1.40470
5501.15000,0.05743,2.44052,1.46246
5501.20000,0.05744,2.44063,1.51948
5501.25000,0.05744,2.44075,1.57576
5501.30000,0.05744,2.44087,1.63128
5501.35000,0.05743,2.44099,1.68602
5501.40000,0.05741,2.44111,1.73998
5501.45000,0.05739,2.44122,1.79315
5501.50000,0.05736,2.44134,1.84550
5501.55000,0.05732,2.44145,1.89704
5501.60000,0.05728,2.44157,1.94775
5501.65000,0.05724,2.44168,1.99762
5501.70000,0.05718,2.44178,2.04666
5501.75000,0.05713,2.44189,2.09484
5501.80000,0.05706,2.44199,2.14218
5501.85000,0.05700,2.44209,2.18865
5501.90000,0.05692,2.44219,2.23427
5501.95000,0.05685,2.44228,2.27901
5502.00000,0.05521,2.44404,2.32225
5502.05000,0.04987,2.44954,2.35942
5502.10000,0.04315,2.45596,2.39883
5502.15000,0.03565,2.46258,2.44019
5502.20000,0.02789,2.46888,2.48065
5502.25000,0.01987,2.47486,2.52010
5502.30000,0.01163,2.48052,2.55852
5502.35000,0.00319,2.48587,2.59586
5502.40000,-0.00545,2.49091,2.63206
5502.45000,-0.01426,2.49563,2.66706
5502.50000,-0.02323,2.50005,2.70080
5502.55000,-0.03234,2.50416,2.73317
5502.60000,-0.04158,2.50799,2.76403
5502.65000,-0.05092,2.51154,2.79326
5502.70000,-0.06036,2.51482,2.82066
5502.75000,-0.06986,2.51798,2.84801
5502.80000,-0.07487,2.51850,2.87197
5502.85000,-0.07552,2.51866,2.89459
5502.90000,-0.07607,2.51881,2.91464
5502.95000,-0.07655,2.51891,2.93308
5503.00000,-0.07701,2.51901,2.95018
5503.05000,-0.07744,2.51908,2.96587
5503.10000,-0.07784,2.51916,2.98006
5503.15000,-0.07820,2.51922,2.99279
5503.20000,-0.07854,2.51927,3.00413
5503.25000,-0.07882,2.51930,3.01331
5503.30000,-0.07894,2.51931,3.01954
5503.35000,-0.07903,2.51933,3.02114
5503.40000,-0.07904,2.51933,3.01876
5503.45000,-0.07897,2.51932,3.01132
5503.50000,-0.07875,2.51930,2.99917
5503.55000,-0.07844,2.51927,2.98232
5503.60000,-0.07803,2.51921,2.96130
5503.65000,-0.07754,2.51912,2.93679
5503.70000,-0.07696,2.51901,2.90896
5503.75000,-0.07633,2.51886,2.87881
5503.80000,-0.07567,2.51868,2.84655
5503.85000,-0.07506,2.51851,2.81270
5503.90000,-0.07450,2.51831,2.77699
5503.95000,-0.07464,2.51837,2.74267
5504.00000,-0.07435,2.51824,2.70520
5504.05000,-0.07453,2.51833,2.66839
5504.10000,-0.07472,2.51843,2.63061
5504.15000,-0.07494,2.51856,2.59189
5504.20000,-0.07517,2.51871,2.55241
5504.25000,-0.07542,2.51888,2.51234
5504.30000,-0.07567,2.51907,2.47207
5504.35000,-0.07591,2.51927,2.43167
5504.40000,-0.07614,2.51947,2.39115
5504.45000,-0.07637,2.51970,2.35043
5504.50000,-0.07660,2.51994,2.30932
5504.55000,-0.07685,2.52022,2.26777
5504.60000,-0.07710,2.52054,2.22581
5504.65000,-0.07737,2.52091,2.18350
5504.70000,-0.07765,2.52132,2.14092
5504.75000,-0.07793,2.52178,2.09810
5504.80000,-0.07822,2.52230,2.05510
5504.85000,-0.07851,2.52288,2.01196
5504.90000,-0.07879,2.52353,1.96872
5504.95000,-0.07908,2.52424,1.92544
5505.00000,-0.07934,2.52500,1.88219
5505.05000,-0.07958,2.52580,1.83905
5505.10000,-0.07978,2.52662,1.79605
5505.15000,-0.07996,2.52746,1.75321
5505.20000,-0.08010,2.52833,1.71055
5505.25000,-0.08020,2.52921,1.66806
5505.30000,-0.08028,2.53015,1.62566
5505.35000,-0.08031,2.53116,1.58334
5505.40000,-0.08030,2.53225,1.54113
5505.45000,-0.08024,2.53340,1.49905
5505.50000,-0.08013,2.53464,1.45713
5505.55000,-0.07995,2.53596,1.41538
5505.60000,-0.07970,2.53735,1.37383
5505.65000,-0.07937,2.53883,1.33250
5505.70000,-0.07896,2.54040,1.29142
5505.75000,-0.07845,2.54203,1.25063
5505.80000,-0.07786,2.54371,1.21015
5505.85000,-0.07741,2.54486,1.16760
5505.90000,-0.07689,2.54597,1.12472
5505.95000,-0.07607,2.54757,1.08404
5506.00000,-0.07500,2.54950,1.04497
5506.05000,-0.07384,2.55141,1.00634
5506.10000,-0.07260,2.55329,0.96814
5506.15000,-0.07128,2.55513,0.93039
5506.20000,-0.06990,2.55692,0.89308
5506.25000,-0.06842,2.55869,0.85619
5506.30000,-0.06683,2.56046,0.81968
5506.35000,-0.06510,2.56223,0.78355
5506.40000,-0.06323,2.56403,0.74779
5506.45000,-0.06121,2.56585,0.71241
5506.50000,-0.05902,2.56767,0.67741
5506.55000,-0.05666,2.56950,0.64282
5506.60000,-0.05412,2.57134,0.60865
5506.65000,-0.05177,2.57288,0.57313
5506.70000,-0.04968,2.57418,0.53609
5506.75000,-0.04750,2.57542,0.49972
5506.80000,-0.04527,2.57658,0.46423
5506.85000,-0.04299,2.57767,0.42941
5506.90000,-0.04067,2.57867,0.39504
5506.95000,-0.03833,2.57959,0.36128
5507.00000,-0.03591,2.58046,0.32837
5507.05000,-0.03063,2.58221,0.29790
5507.10000,-0.02204,2.58471,0.26711
5507.15000,-0.01312,2.58700,0.23558
5507.20000,-0.00412,2.58901,0.20460
5507.25000,0.00496,2.59075,0.17421
5507.30000,0.01409,2.59222,0.14440
5507.35000,0.02328,2.59342,0.11518
5507.40000,0.03244,2.59432,0.08091
5507.45000,0.03999,2.59478,0.04728
5507.50000,0.04920,2.59509,0.01932
5507.55000,0.05734,2.59511,-0.01797
5507.60000,0.06403,2.59484,-0.06869
5507.65000,0.06995,2.59425,-0.12836
5507.70000,0.07641,2.59321,-0.19013
5507.75000,0.08298,2.59200,-0.24486
5507.80000,0.08881,2.59055,-0.29243
5507.85000,0.09347,2.58911,-0.33628
5507.90000,0.09900,2.58708,-0.37703
5507.95000,0.10357,2.58527,-0.42065
5508.00000,0.11046,2.58196,-0.45093
5508.05000,0.11739,2.57851,-0.48575
5508.10000,0.12278,2.57564,-0.52373
5508.15000,0.12987,2.57140,-0.55011
5508.20000,0.13746,2.56687,-0.57138
5508.25000,0.14030,2.56530,-0.59126
5508.30000,0.14222,2.56398,-0.61205
5508.35000,0.14402,2.56270,-0.63168
5508.40000,0.14574,2.56140,-0.65014
5508.45000,0.14751,2.56004,-0.66833
5508.50000,0.14926,2.55864,-0.68585
5508.55000,0.15095,2.55723,-0.70243
5508.60000,0.15272,2.55572,-0.71879
5508.65000,0.15449,2.55414,-0.73439
5508.70000,0.15624,2.55254,-0.74946
5508.75000,0.15807,2.55081,-0.76411
5508.80000,0.15995,2.54898,-0.77870
5508.85000,0.16182,2.54711,-0.79233
5508.90000,0.16372,2.54515,-0.80541
5508.95000,0.16566,2.54311,-0.81799
5509.00000,0.16766,2.54095,-0.83037
5509.05000,0.16966,2.53874,-0.84217
5509.10000,0.17163,2.53651,-0.85330
5509.15000,0.17359,2.53423,-0.86421
5509.20000,0.17548,2.53199,-0.87428
5509.25000,0.17734,2.52974,-0.88372
5509.30000,0.17918,2.52748,-0.89266
5509.35000,0.18099,2.52522,-0.90130
5509.40000,0.18278,2.52294,-0.90946
5509.45000,0.18454,2.52065,-0.91725
5509.50000,0.18630,2.51833,-0.92471
5509.55000,0.18806,2.51598,-0.93182
5509.60000,0.18984,2.51357,-0.93860
5509.65000,0.19162,2.51112,-0.94506
5509.70000,0.19342,2.50861,-0.95119
5509.75000,0.19525,2.50603,-0.95702
5509.80000,0.19711,2.50338,-0.96255
5509.85000,0.19901,2.50064,-0.96777
5509.90000,0.20094,2.49782,-0.97269
5509.95000,0.20291,2.49491,-0.97732
5510.00000,0.20494,2.49189,-0.98165
5510.05000,0.20701,2.48878,-0.98568
5510.10000,0.20914,2.48556,-0.98943
5510.15000,0.21133,2.48221,-0.99288
5510.20000,0.21358,2.47874,-0.99607
5510.25000,0.21592,2.47513,-0.99900
5510.30000,0.21833,2.47136,-1.00169
5510.35000,0.22082,2.46747,-1.00414
5510.40000,0.22333,2.46350,-1.00633
5510.45000,0.22586,2.45951,-1.00828
5510.50000,0.22838,2.45550,-1.00998
5510.55000,0.23090,2.45149,-1.01146
5510.60000,0.23341,2.44747,-1.01270
5510.65000,0.23591,2.44346,-1.01370
5510.70000,0.23839,2.43947,-1.01447
5510.75000,0.24086,2.43550,-1.01499
5510.80000,0.24331,2.43155,-1.01528
5510.85000,0.24574,2.42763,-1.01535
5510.90000,0.24816,2.42374,-1.01523
5510.95000,0.25060,2.41981,-1.01497
5511.00000,0.25308,2.41581,-1.01460
5511.05000,0.25563,2.41172,-1.01411
5511.10000,0.25824,2.40753,-1.01352
5511.15000,0.26092,2.40323,-1.01283
5511.20000,0.26367,2.39883,-1.01204
5511.25000,0.26647,2.39435,-1.01114
5511.30000,0.26934,2.38979,-1.01018
5511.35000,0.27226,2.38513,-1.00910
5511.40000,0.27526,2.38038,-1.00791
5511.45000,0.27833,2.37551,-1.00662
5511.50000,0.28149,2.37053,-1.00522
5511.55000,0.28473,2.36543,-1.00374
5511.60000,0.28805,2.36023,-1.00217
5511.65000,0.29138,2.35502,-1.00051
5511.70000,0.29473,2.34982,-0.99878
5511.75000,0.29807,2.34464,-0.99698
5511.80000,0.30141,2.33948,-0.99511
5511.85000,0.30471,2.33440,-0.99316
5511.90000,0.30798,2.32940,-0.99113
5511.95000,0.31124,2.32444,-0.98902
5512.00000,0.31451,2.31947,-0.98685
5512.05000,0.31784,2.31445,-0.98461
5512.10000,0.32122,2.30937,-0.98232
5512.15000,0.32466,2.30422,-0.97989
5512.20000,0.32815,2.29903,-0.97736
5512.25000,0.33166,2.29385,-0.97473
5512.30000,0.33514,2.28873,-0.97190
5512.35000,0.33862,2.28365,-0.96899
5512.40000,0.34212,2.27857,-0.96599
5512.45000,0.34566,2.27347,-0.96293
5512.50000,0.34923,2.26835,-0.95980
5512.55000,0.35284,2.26322,-0.95661
5512.60000,0.35646,2.25810,-0.95338
5512.65000,0.36156,2.25127,-0.94987
5512.70000,0.36737,2.24316,-0.94658
5512.75000,0.37318,2.23513,-0.94332
5512.80000,0.37902,2.22711,-0.94011
5512.85000,0.38488,2.21911,-0.93694
5512.90000,0.39076,2.21113,-0.93383
5512.95000,0.39668,2.20316,-0.93076
5513.00000,0.40261,2.19521,-0.92774
5513.05000,0.40857,2.18728,-0.92477
5513.10000,0.41456,2.17937,-0.92185
5513.15000,0.42018,2.17187,-0.92989
5513.20000,0.42394,2.16658,-0.96309
5513.25000,0.42809,2.16033,-1.00375
5513.30000,0.43288,2.15246,-1.04464
5513.35000,0.43693,2.14509,-1.08681
5513.40000,0.44028,2.13840,-1.11080
5513.45000,0.44257,2.13353,-1.12606
5513.50000,0.44520,2.12789,-1.15504
5513.55000,0.44781,2.12163,-1.17259
5513.60000,0.45018,2.11597,-1.17168
5513.65000,0.45241,2.11069,-1.16824
5513.70000,0.45467,2.10541,-1.16468
5513.75000,0.45692,2.10018,-1.16126
5513.80000,0.45919,2.09498,-1.15771
5513.85000,0.46147,2.08980,-1.15405
5513.90000,0.46375,2.08467,-1.15036
5513.95000,0.46563,2.08037,-1.16132
5514.00000,0.46740,2.07622,-1.17206
5514.05000,0.46914,2.07201,-1.18296
5514.10000,0.47097,2.06771,-1.19415
5514.15000,0.47274,2.06323,-1.20184
5514.20000,0.47458,2.05867,-1.20915
5514.25000,0.47676,2.05301,-1.20620
5514.30000,0.47878,2.04741,-1.21024
5514.35000,0.48065,2.04199,-1.22381
5514.40000,0.48299,2.03587,-1.23463
5514.45000,0.48517,2.02964,-1.23227
5514.50000,0.48736,2.02345,-1.22943
5514.55000,0.48933,2.01761,-1.23482
5514.60000,0.49131,2.01172,-1.23811
5514.65000,0.49344,2.00559,-1.23535
5514.70000,0.49559,1.99945,-1.23286
5514.75000,0.49774,1.99336,-1.23039
5514.80000,0.49990,1.98728,-1.22793
5514.85000,0.50194,1.98136,-1.23145
5514.90000,0.50399,1.97547,-1.23474
5514.95000,0.50602,1.96967,-1.23255
5515.00000,0.50803,1.96397,-1.23055
5515.05000,0.51003,1.95834,-1.22854
5515.10000,0.51201,1.95278,-1.22647
5515.15000,0.51399,1.94722,-1.22443
5515.20000,0.51692,1.93973,-1.22239
5515.25000,0.52035,1.93083,-1.22043
5515.30000,0.52381,1.92190,-1.21836
5515.35000,0.52728,1.91293,-1.21621
5515.40000,0.53076,1.90394,-1.21398
5515.45000,0.53426,1.89492,-1.21168
5515.50000,0.53776,1.88588,-1.20930
5515.55000,0.54127,1.87680,-1.20684
5515.60000,0.54479,1.86769,-1.20429
5515.65000,0.54835,1.85848,-1.20202
5515.70000,0.55197,1.84912,-1.20059
5515.75000,0.55561,1.83977,-1.19924
5515.80000,0.55926,1.83042,-1.19797
5515.85000,0.56293,1.82107,-1.19682
5515.90000,0.56660,1.81173,-1.19574
5515.95000,0.57027,1.80241,-1.19471
5516.00000,0.57395,1.79310,-1.19380
5516.05000,0.57764,1.78380,-1.19304
5516.10000,0.58134,1.77450,-1.19228
5516.15000,0.58503,1.76521,-1.19156
5516.20000,0.58874,1.75592,-1.19102
5516.25000,0.59245,1.74662,-1.19059
5516.30000,0.59617,1.73733,-1.19023
5516.35000,0.59989,1.72804,-1.19000
5516.40000,0.60361,1.71876,-1.18986
5516.45000,0.60732,1.70948,-1.18982
5516.50000,0.61104,1.70019,-1.18985
5516.55000,0.61476,1.69091,-1.18999
5516.60000,0.61848,1.68162,-1.19024
5516.65000,0.62220,1.67232,-1.19060
5516.70000,0.62591,1.66303,-1.19103
5516.75000,0.62962,1.65373,-1.19152
5516.80000,0.63332,1.64442,-1.19207
5516.85000,0.63702,1.63512,-1.19269
5516.90000,0.64072,1.62581,-1.19338
5516.95000,0.64441,1.61649,-1.19414
5517.00000,0.64809,1.60717,-1.19499
5517.05000,0.65176,1.59784,-1.19594
5517.10000,0.65543,1.58851,-1.19704
5517.15000,0.65909,1.57917,-1.19830
5517.20000,0.66273,1.56982,-1.19974
5517.25000,0.66636,1.56047,-1.20134
5517.30000,0.66997,1.55113,-1.20304
5517.35000,0.67356,1.54181,-1.20476
5517.40000,0.67712,1.53250,-1.20684
5517.45000,0.68065,1.52319,-1.20902
5517.50000,0.68417,1.51387,-1.21139
5517.55000,0.68767,1.50453,-1.21372
5517.60000,0.69114,1.49521,-1.21617
5517.65000,0.69458,1.48589,-1.21876
5517.70000,0.69799,1.47656,-1.22136
5517.75000,0.70138,1.46722,-1.22410
5517.80000,0.70474,1.45787,-1.22683
5517.85000,0.70806,1.44851,-1.22964
5517.90000,0.71137,1.43914,-1.23243
5517.95000,0.71465,1.42978,-1.23532
5518.00000,0.71790,1.42039,-1.23828
5518.05000,0.72113,1.41100,-1.24128
5518.10000,0.72433,1.40160,-1.24431
5518.15000,0.72751,1.39219,-1.24741
5518.20000,0.73064,1.38277,-1.25065
5518.25000,0.73375,1.37335,-1.25410
5518.30000,0.73682,1.36392,-1.25777
5518.35000,0.73986,1.35448,-1.26173
5518.40000,0.74285,1.34504,-1.26599
5518.45000,0.74580,1.33560,-1.27068
5518.50000,0.74869,1.32615,-1.27583
5518.55000,0.75154,1.31669,-1.28132
5518.60000,0.75433,1.30722,-1.28714
5518.65000,0.75706,1.29773,-1.29318
5518.70000,0.75974,1.28824,-1.29940
5518.75000,0.76235,1.27873,-1.30580
5518.80000,0.76491,1.26921,-1.31225
5518.85000,0.76740,1.25967,-1.31875
5518.90000,0.76982,1.25013,-1.32526
5518.95000,0.77219,1.24057,-1.33181
5519.00000,0.77449,1.23100,-1.33856
5519.05000,0.77670,1.22143,-1.34587
5519.10000,0.77885,1.21186,-1.35401
5519.15000,0.78092,1.20229,-1.36339
5519.20000,0.78288,1.19275,-1.37402
5519.25000,0.78472,1.18323,-1.38634
5519.30000,0.78652,1.17372,-1.39849
5519.35000,0.78684,1.16875,-1.40910
5519.40000,0.78684,1.16836,-1.42702
5519.45000,0.78682,1.16867,-1.44756
5519.50000,0.78681,1.16888,-1.46628
5519.55000,0.78681,1.16903,-1.48275
5519.60000,0.78718,1.16738,-1.50017
5519.65000,0.78778,1.16065,-1.51688
5519.70000,0.78826,1.15083,-1.52790
5519.75000,0.78864,1.14105,-1.53796
5519.80000,0.78891,1.13123,-1.54834
5519.85000,0.78909,1.12137,-1.55882
5519.90000,0.78916,1.11158,-1.56928
5519.95000,0.78913,1.10176,-1.58004
5520.00000,0.78898,1.09197,-1.59082
5520.05000,0.78872,1.08222,-1.60318
5520.10000,0.78834,1.07251,-1.61719
5520.15000,0.78781,1.06290,-1.63377
5520.20000,0.78725,1.05325,-1.65067
5520.25000,0.78710,1.04937,-1.66651
5520.30000,0.78710,1.04931,-1.69199
5520.35000,0.78709,1.04921,-1.71941
5520.40000,0.78707,1.04909,-1.74533
5520.45000,0.78705,1.04897,-1.76907
5520.50000,0.78702,1.04885,-1.79022
5520.55000,0.78706,1.04899,-1.80958
5520.60000,0.78623,1.04719,-1.83006
5520.65000,0.78383,1.03905,-1.84601
5520.70000,0.78113,1.02972,-1.85829
5520.75000,0.77832,1.02042,-1.87024
5520.80000,0.77539,1.01118,-1.88211
5520.85000,0.77236,1.00196,-1.89380
5520.90000,0.76918,0.99265,-1.90561
5520.95000,0.76591,0.98345,-1.91882
5521.00000,0.76248,0.97422,-1.93312
5521.05000,0.75895,0.96514,-1.94883
5521.10000,0.75525,0.95606,-1.96509
5521.15000,0.75147,0.94724,-1.98278
5521.20000,0.74753,0.93850,-2.00069
5521.25000,0.74341,0.92972,-2.01783
5521.30000,0.73918,0.92113,-2.03505
5521.35000,0.73480,0.91260,-2.05175
5521.40000,0.73027,0.90413,-2.06763
5521.45000,0.72560,0.89570,-2.08261
5521.50000,0.72081,0.88735,-2.09745
5521.55000,0.71590,0.87909,-2.11315
5521.60000,0.71082,0.87084,-2.12985
5521.65000,0.70564,0.86273,-2.14875
5521.70000,0.70039,0.85478,-2.16728
5521.75000,0.69906,0.85136,-2.18857
5521.80000,0.69899,0.85126,-2.21332
5521.85000,0.69891,0.85116,-2.23898
5521.90000,0.69882,0.85105,-2.26415
5521.95000,0.69874,0.85095,-2.28887
5522.00000,0.69865,0.85085,-2.31317
5522.05000,0.69856,0.85075,-2.33707
5522.10000,0.69846,0.85066,-2.36055
5522.15000,0.69837,0.85057,-2.38364
5522.20000,0.69827,0.85048,-2.40632
5522.25000,0.69817,0.85039,-2.42861
5522.30000,0.69633,0.84864,-2.45045
5522.35000,0.68980,0.84336,-2.47148
5522.40000,0.68233,0.83759,-2.49556
5522.45000,0.67486,0.83204,-2.51895
5522.50000,0.67346,0.83122,-2.54447
5522.55000,0.67323,0.83108,-2.57170
5522.60000,0.67285,0.83081,-2.59920
5522.65000,0.67246,0.83053,-2.62671
5522.70000,0.67207,0.83025,-2.65424
5522.75000,0.67167,0.82996,-2.68178
5522.80000,0.66957,0.82864,-2.70829
5522.85000,0.66209,0.82524,-2.73235
5522.90000,0.65343,0.82162,-2.75874
5522.95000,0.64444,0.81814,-2.78455
5523.00000,0.63537,0.81490,-2.81080
5523.05000,0.62588,0.81177,-2.83596
5523.10000,0.61634,0.80876,-2.86114
5523.15000,0.61194,0.80844,-2.88443
5523.20000,0.61202,0.80849,-2.91150
5523.25000,0.61035,0.80779,-2.93854
5523.30000,0.60281,0.80622,-2.96403
5523.35000,0.59349,0.80467,-2.99107
5523.40000,0.58420,0.80337,-3.01887
5523.45000,0.57455,0.80218,-3.04422
5523.50000,0.56951,0.80203,-3.06774
5523.55000,0.56914,0.80203,-3.09617
5523.60000,0.56899,0.80202,-3.12661
5523.65000,0.56882,0.80202,3.12521
5523.70000,0.56865,0.80203,3.09311
5523.75000,0.56847,0.80204,3.06046
5523.80000,0.56829,0.80206,3.02738
5523.85000,0.56811,0.80208,2.99402
5523.90000,0.56791,0.80211,2.96048
5523.95000,0.56772,0.80215,2.92684
5524.00000,0.56752,0.80220,2.89320
5524.05000,0.56731,0.80226,2.85961
5524.10000,0.56711,0.80232,2.82614
5524.15000,0.56690,0.80239,2.79284
5524.20000,0.56669,0.80247,2.75976
5524.25000,0.56648,0.80256,2.72692
5524.30000,0.56628,0.80265,2.69438
5524.35000,0.56607,0.80276,2.66216
5524.40000,0.56586,0.80287,2.63030
5524.45000,0.56565,0.80299,2.59882
5524.50000,0.56425,0.80409,2.56562
5524.55000,0.55796,0.80836,2.53531
5524.60000,0.55055,0.81368,2.50206
5524.65000,0.54328,0.81928,2.46913
5524.70000,0.53619,0.82512,2.43699
5524.75000,0.52927,0.83119,2.40535
5524.80000,0.52254,0.83748,2.37452
5524.85000,0.51598,0.84400,2.34430
5524.90000,0.50961,0.85072,2.31481
5524.95000,0.50343,0.85764,2.28613
5525.00000,0.49742,0.86474,2.25828
5525.05000,0.49160,0.87203,2.23129
5525.10000,0.48597,0.87948,2.20512
5525.15000,0.48051,0.88710,2.17981
5525.20000,0.47524,0.89486,2.15532
5525.25000,0.47014,0.90277,2.13156
5525.30000,0.46522,0.91080,2.10849
5525.35000,0.46046,0.91898,2.08599
5525.40000,0.45587,0.92728,2.06419
5525.45000,0.45147,0.93567,2.04309
5525.50000,0.44723,0.94417,2.02271
5525.55000,0.44315,0.95277,2.00301
5525.60000,0.43923,0.96147,1.98390
5525.65000,0.43547,0.97024,1.96551
5525.70000,0.43186,0.97912,1.94787
5525.75000,0.42841,0.98805,1.93097
5525.80000,0.42510,0.99705,1.91478
5525.85000,0.42193,1.00613,1.89931
5525.90000,0.41889,1.01527,1.88456
5525.95000,0.41591,1.02443,1.86982
5526.00000,0.41532,1.02923,1.85780
5526.05000,0.41527,1.02945,1.84612
5526.10000,0.41527,1.02942,1.83412
5526.15000,0.41528,1.02939,1.82247
5526.20000,0.41528,1.02935,1.81094
5526.25000,0.41529,1.02931,1.79985
5526.30000,0.41529,1.02929,1.78937
5526.35000,0.41528,1.02929,1.77915
5526.40000,0.41527,1.02930,1.76943
5526.45000,0.41527,1.02934,1.75991
5526.50000,0.41526,1.02940,1.75100
5526.55000,0.41524,1.02945,1.74233
5526.60000,0.41523,1.02951,1.73418
5526.65000,0.41521,1.02958,1.72651
5526.70000,0.41521,1.02963,1.71921
5526.75000,0.41520,1.02970,1.71227
5526.80000,0.41519,1.02976,1.70585
5526.85000,0.41517,1.02984,1.69985
5526.90000,0.41517,1.02993,1.69419
5526.95000,0.41518,1.03001,1.68897
5527.00000,0.41516,1.03015,1.68417
5527.05000,0.41514,1.03030,1.67940
5527.10000,0.41513,1.03044,1.67463
5527.15000,0.41511,1.03058,1.67076
5527.20000,0.41510,1.03073,1.66781
5527.25000,0.41508,1.03089,1.66518
5527.30000,0.41507,1.03106,1.66291
5527.35000,0.41505,1.03122,1.66094
5527.40000,0.41503,1.03140,1.65933
5527.45000,0.41502,1.03158,1.65805
5527.50000,0.41500,1.03177,1.65708
5527.55000,0.41499,1.03196,1.65640
5527.60000,0.41497,1.03217,1.65599
5527.65000,0.41495,1.03238,1.65585
5527.70000,0.41493,1.03260,1.65598
5527.75000,0.41491,1.03283,1.65640
5527.80000,0.41489,1.03306,1.65711
5527.85000,0.41487,1.03330,1.65811
5527.90000,0.41485,1.03355,1.65940
5527.95000,0.41483,1.03380,1.66096
5528.00000,0.41480,1.03406,1.66280
5528.05000,0.41478,1.03433,1.66491
5528.10000,0.41475,1.03461,1.66727
5528.15000,0.41472,1.03489,1.66988
5528.20000,0.41469,1.03517,1.67273
5528.25000,0.41466,1.03546,1.67581
5528.30000,0.41463,1.03576,1.67913
5528.35000,0.41460,1.03606,1.68264
5528.40000,0.41456,1.03637,1.68631
5528.45000,0.41453,1.03668,1.69011
5528.50000,0.41449,1.03699,1.69403
5528.55000,0.41445,1.03731,1.69806
5528.60000,0.41441,1.03763,1.70220
5528.65000,0.41436,1.03796,1.70648
5528.70000,0.41432,1.03828,1.71090
5528.75000,0.41427,1.03862,1.71546
5528.80000,0.41422,1.03895,1.72016
5528.85000,0.41417,1.03929,1.72503
5528.90000,0.41412,1.03963,1.73004
5528.95000,0.41406,1.03998,1.73521
5529.00000,0.41400,1.04033,1.74051
5529.05000,0.41395,1.04062,1.74573
5529.10000,0.41390,1.04091,1.75100
5529.15000,0.41386,1.04116,1.75625
5529.20000,0.41380,1.04147,1.76192
5529.25000,0.41374,1.04178,1.76756
5529.30000,0.41368,1.04209,1.77322
5529.35000,0.41362,1.04240,1.77891
5529.40000,0.41355,1.04273,1.78467
5529.45000,0.41348,1.04305,1.79046
5529.50000,0.41342,1.04334,1.79633
5529.55000,0.41336,1.04360,1.80198
5529.60000,0.41331,1.04382,1.80744
5529.65000,0.41325,1.04404,1.81293
5529.70000,0.41320,1.04427,1.81848
5529.75000,0.41314,1.04449,1.82409
5529.80000,0.41308,1.04471,1.82975
5529.85000,0.41302,1.04493,1.83546
5529.90000,0.41202,1.04679,1.84156
5529.95000,0.40941,1.05317,1.84743
5530.00000,0.40665,1.06279,1.85335
5530.05000,0.40384,1.07237,1.85909
5530.10000,0.40097,1.08194,1.86494
5530.15000,0.39804,1.09149,1.87088
5530.20000,0.39506,1.10102,1.87691
5530.25000,0.39202,1.11053,1.88302
5530.30000,0.38892,1.12002,1.88922
5530.35000,0.38576,1.12949,1.89549
5530.40000,0.38255,1.13895,1.90185
5530.45000,0.37927,1.14838,1.90831
5530.50000,0.37593,1.15779,1.91486
5530.55000,0.37253,1.16719,1.92159
5530.60000,0.36906,1.17655,1.92840
5530.65000,0.36553,1.18589,1.93538
5530.70000,0.36194,1.19521,1.94253
5530.75000,0.35827,1.20450,1.94988
5530.80000,0.35454,1.21376,1.95744
5530.85000,0.35074,1.22299,1.96522
5530.90000,0.34686,1.23220,1.97324
5530.95000,0.34291,1.24137,1.98154
5531.00000,0.33888,1.25051,1.99013
5531.05000,0.33478,1.25961,1.99894
5531.10000,0.33056,1.26874,2.00819
5531.15000,0.32625,1.27785,2.01767
5531.20000,0.32185,1.28693,2.02719
5531.25000,0.31735,1.29601,2.03701
5531.30000,0.31272,1.30512,2.04730
5531.35000,0.30798,1.31420,2.05777
5531.40000,0.30316,1.32321,2.06830
5531.45000,0.29822,1.33220,2.07919
5531.50000,0.29321,1.34109,2.09057
5531.55000,0.28805,1.35000,2.10287
5531.60000,0.28298,1.35865,2.11520
5531.65000,0.28190,1.36212,2.12888
5531.70000,0.28165,1.36253,2.14498
5531.75000,0.28138,1.36294,2.16133
5531.80000,0.28111,1.36334,2.17702
5531.85000,0.28085,1.36371,2.19200
5531.90000,0.28058,1.36407,2.20613
5531.95000,0.27909,1.36576,2.21956
5532.00000,0.27347,1.37279,2.23166
5532.05000,0.26712,1.38086,2.24261
5532.10000,0.26074,1.38880,2.25383
5532.15000,0.25426,1.39668,2.26494
5532.20000,0.24767,1.40451,2.27644
5532.25000,0.24102,1.41223,2.28811
5532.30000,0.23429,1.41985,2.30029
5532.35000,0.22743,1.42744,2.31278
5532.40000,0.22054,1.43487,2.32598
5532.45000,0.21363,1.44211,2.34002
5532.50000,0.20686,1.44912,2.35409
5532.55000,0.20458,1.45153,2.36842
5532.60000,0.20427,1.45184,2.39249
5532.65000,0.20424,1.45186,2.41640
5532.70000,0.20421,1.45189,2.43882
5532.75000,0.20417,1.45192,2.45965
5532.80000,0.20414,1.45195,2.47900
5532.85000,0.20410,1.45198,2.49687
5532.90000,0.20406,1.45201,2.51323
5532.95000,0.20252,1.45345,2.52900
5533.00000,0.19562,1.45855,2.54308
5533.05000,0.18760,1.46393,2.55683
5533.10000,0.17950,1.46920,2.57284
5533.15000,0.17142,1.47437,2.58938
5533.20000,0.16823,1.47562,2.60601
5533.25000,0.16820,1.47564,2.63087
5533.30000,0.16816,1.47566,2.65293
5533.35000,0.16647,1.47696,2.67370
5533.40000,0.15899,1.48103,2.69005
5533.45000,0.15007,1.48529,2.70304
5533.50000,0.14101,1.48946,2.71700
5533.55000,0.13191,1.49348,2.73421
5533.60000,0.12274,1.49745,2.75175
5533.65000,0.11946,1.49813,2.77392
5533.70000,0.11927,1.49820,2.81223
5533.75000,0.11924,1.49821,2.85283
5533.80000,0.11921,1.49822,2.89241
5533.85000,0.11919,1.49823,2.93149
5533.90000,0.11916,1.49823,2.97080
5533.95000,0.11913,1.49824,3.01100
5534.00000,0.11910,1.49824,3.05278
5534.05000,0.11907,1.49824,3.09666
5534.10000,0.11904,1.49824,-3.14017
5534.15000,0.11901,1.49824,-3.09171
5534.20000,0.11897,1.49824,-3.04097
5534.25000,0.11893,1.49823,-2.98833
5534.30000,0.11888,1.49822,-2.93471
5534.35000,0.11883,1.49821,-2.88069
5534.40000,0.11878,1.49820,-2.82660
5534.45000,0.11873,1.49818,-2.77266
5534.50000,0.11868,1.49816,-2.71895
5534.55000,0.11862,1.49813,-2.66543
5534.60000,0.11857,1.49810,-2.61212
5534.65000,0.11851,1.49806,-2.55900
5534.70000,0.11845,1.49802,-2.50611
5534.75000,0.11839,1.49797,-2.45347
5534.80000,0.11833,1.49792,-2.40110
5534.85000,0.11826,1.49786,-2.34906
5534.90000,0.11820,1.49779,-2.29741
5534.95000,0.11814,1.49772,-2.24619
5535.00000,0.11808,1.49763,-2.19546
5535.05000,0.11801,1.49754,-2.14524
5535.10000,0.11795,1.49745,-2.09558
5535.15000,0.11790,1.49734,-2.04651
5535.20000,0.11784,1.49723,-1.99807
5535.25000,0.11779,1.49711,-1.95027
5535.30000,0.11775,1.49699,-1.90315
5535.35000,0.11770,1.49686,-1.85672
5535.40000,0.11767,1.49672,-1.81101
5535.45000,0.11764,1.49658,-1.76604
5535.50000,0.11761,1.49644,-1.72181
5535.55000,0.11759,1.49629,-1.67834
5535.60000,0.11758,1.49614,-1.63566
5535.65000,0.11757,1.49599,-1.59376
5535.70000,0.11757,1.49584,-1.55266
5535.75000,0.11758,1.49568,-1.51237
5535.80000,0.11793,1.49347,-1.47279
5535.85000,0.11887,1.48570,-1.43879
5535.90000,0.12029,1.47626,-1.40208
5535.95000,0.12212,1.46648,-1.36559
5536.00000,0.12429,1.45647,-1.32935
5536.05000,0.12662,1.44755,-1.29500
5536.10000,0.12935,1.43852,-1.26452
5536.15000,0.13235,1.42919,-1.23412
5536.20000,0.13373,1.42341,-1.20560
5536.25000,0.13437,1.42058,-1.19230
5536.30000,0.13516,1.41847,-1.19195
5536.35000,0.13534,1.41788,-1.20454
5536.40000,0.13533,1.41791,-1.22188
5536.45000,0.13528,1.41804,-1.23929
5536.50000,0.13533,1.41790,-1.25674
5536.55000,0.13532,1.41796,-1.27325
5536.60000,0.13531,1.41799,-1.28985
5536.65000,0.13533,1.41809,-1.30593
5536.70000,0.13534,1.41812,-1.32118
5536.75000,0.13533,1.41822,-1.33506
5536.80000,0.13532,1.41843,-1.34843
5536.85000,0.13532,1.41847,-1.35987
5536.90000,0.13533,1.41855,-1.37032
5536.95000,0.13534,1.41853,-1.37979
5537.00000,0.13537,1.41845,-1.38798
5537.05000,0.13539,1.41835,-1.39470
5537.10000,0.13541,1.41828,-1.40019
5537.15000,0.13543,1.41822,-1.40486
5537.20000,0.13544,1.41816,-1.40871
5537.25000,0.13545,1.41808,-1.41143
5537.30000,0.13547,1.41802,-1.41323
5537.35000,0.13548,1.41796,-1.41410
5537.40000,0.13549,1.41788,-1.41400
5537.45000,0.13550,1.41780,-1.41306
5537.50000,0.13551,1.41774,-1.41118
5537.55000,0.13552,1.41772,-1.40850
5537.60000,0.13552,1.41770,-1.40509
5537.65000,0.13552,1.41769,-1.40101
5537.70000,0.13552,1.41769,-1.39634
5537.75000,0.13552,1.41769,-1.39115
5537.80000,0.13552,1.41770,-1.38550
5537.85000,0.13619,1.41646,-1.37933
5537.90000,0.13806,1.41015,-1.37330
5537.95000,0.14004,1.40051,-1.36718
5538.00000,0.14208,1.39077,-1.36181
5538.05000,0.14405,1.38127,-1.35799
5538.10000,0.14453,1.37565,-1.35214
5538.15000,0.14453,1.37509,-1.35032
5538.20000,0.14456,1.37497,-1.35115
5538.25000,0.14459,1.37483,-1.35118
5538.30000,0.14463,1.37468,-1.35056
5538.35000,0.14467,1.37452,-1.34969
5538.40000,0.14470,1.37436,-1.34881
5538.45000,0.14474,1.37419,-1.34813
5538.50000,0.14478,1.37402,-1.34774
5538.55000,0.14482,1.37385,-1.34765
5538.60000,0.14486,1.37369,-1.34779
5538.65000,0.14490,1.37352,-1.34809
5538.70000,0.14494,1.37335,-1.34842
5538.75000,0.14498,1.37317,-1.34871
5538.80000,0.14503,1.37298,-1.34889
5538.85000,0.14507,1.37278,-1.34893
5538.90000,0.14512,1.37256,-1.34888
5538.95000,0.14518,1.37234,-1.34866
5539.00000,0.14523,1.37210,-1.34831
5539.05000,0.14621,1.37016,-1.34740
5539.10000,0.14837,1.36239,-1.34690
5539.15000,0.15059,1.35264,-1.34646
5539.20000,0.15282,1.34289,-1.34673
5539.25000,0.15503,1.33312,-1.34713
5539.30000,0.15543,1.32723,-1.34699
5539.35000,0.15550,1.32644,-1.34935
5539.40000,0.15555,1.32623,-1.35360
5539.45000,0.15560,1.32602,-1.35751
5539.50000,0.15565,1.32578,-1.36103
5539.55000,0.15571,1.32553,-1.36446
5539.60000,0.15576,1.32530,-1.36795
5539.65000,0.15581,1.32505,-1.37164
5539.70000,0.15587,1.32480,-1.37545
5539.75000,0.15592,1.32455,-1.37942
5539.80000,0.15597,1.32430,-1.38345
5539.85000,0.15604,1.32395,-1.38777
5539.90000,0.15611,1.32356,-1.39220
5539.95000,0.15618,1.32317,-1.39670
5540.00000,0.15625,1.32276,-1.40123
5540.05000,0.15632,1.32234,-1.40577
5540.10000,0.15639,1.32190,-1.41030
5540.15000,0.15704,1.31963,-1.41432
5540.20000,0.15852,1.31125,-1.41828
5540.25000,0.16002,1.30140,-1.42272
5540.30000,0.16147,1.29159,-1.42702
5540.35000,0.16180,1.28613,-1.42973
5540.40000,0.16184,1.28562,-1.43543
5540.45000,0.16188,1.28537,-1.44209
5540.50000,0.16191,1.28508,-1.44844
5540.55000,0.16196,1.28474,-1.45430
5540.60000,0.16250,1.28264,-1.45959
5540.65000,0.16355,1.27508,-1.46461
5540.70000,0.16456,1.26526,-1.46980
5540.75000,0.16552,1.25544,-1.47521
5540.80000,0.16641,1.24562,-1.48112
5540.85000,0.16725,1.23582,-1.48767
5540.90000,0.16804,1.22591,-1.49449
5540.95000,0.16878,1.21605,-1.50153
5541.00000,0.16941,1.20638,-1.50845
5541.05000,0.16941,1.20171,-1.51518
5541.10000,0.16940,1.20018,-1.52280
5541.15000,0.16941,1.19971,-1.53379
5541.20000,0.16942,1.19955,-1.54590
5541.25000,0.16942,1.19938,-1.55742
5541.30000,0.16943,1.19912,-1.56784
5541.35000,0.16942,1.19883,-1.57749
5541.40000,0.16936,1.19750,-1.58744
5541.45000,0.16915,1.19185,-1.59777
5541.50000,0.16884,1.18241,-1.60681
5541.55000,0.16844,1.17247,-1.61441
5541.60000,0.16797,1.16253,-1.62239
5541.65000,0.16742,1.15267,-1.63118
5541.70000,0.16678,1.14294,-1.64139
5541.75000,0.16605,1.13336,-1.65125
5541.80000,0.16599,1.13014,-1.66319
5541.85000,0.16597,1.12993,-1.67676
5541.90000,0.16595,1.12972,-1.69086
5541.95000,0.16592,1.12950,-1.70475
5542.00000,0.16589,1.12929,-1.71810
5542.05000,0.16586,1.12906,-1.73075
5542.10000,0.16582,1.12881,-1.74260
5542.15000,0.16514,1.12709,-1.75458
5542.20000,0.16337,1.12113,-1.76622
5542.25000,0.16143,1.11182,-1.77705
5542.30000,0.15938,1.10231,-1.78777
5542.35000,0.15724,1.09283,-1.79896
5542.40000,0.15499,1.08339,-1.81061
5542.45000,0.15263,1.07400,-1.82294
5542.50000,0.15014,1.06465,-1.83623
5542.55000,0.14759,1.05547,-1.84913
5542.60000,0.14715,1.05248,-1.86504
5542.65000,0.14719,1.05264,-1.88369
5542.70000,0.14721,1.05275,-1.90251
5542.75000,0.14725,1.05293,-1.92168
5542.80000,0.14727,1.05304,-1.94021
5542.85000,0.14730,1.05314,-1.95776
5542.90000,0.14738,1.05337,-1.97500
5542.95000,0.14613,1.05178,-1.99262
5543.00000,0.14245,1.04516,-2.00857
5543.05000,0.13829,1.03645,-2.02244
5543.10000,0.13401,1.02777,-2.03670
5543.15000,0.12962,1.01921,-2.05192
5543.20000,0.12510,1.01072,-2.06782
5543.25000,0.12045,1.00231,-2.08485
5543.30000,0.11570,0.99394,-2.10167
5543.35000,0.11485,0.99102,-2.12029
5543.40000,0.11496,0.99121,-2.14320
5543.45000,0.11491,0.99111,-2.16847
5543.50000,0.11481,0.99098,-2.19192
5543.55000,0.11484,0.99106,-2.21516
5543.60000,0.11501,0.99126,-2.23791
5543.65000,0.11510,0.99141,-2.25839
5543.70000,0.11510,0.99142,-2.27764
5543.75000,0.11327,0.98941,-2.29825
5543.80000,0.10740,0.98298,-2.31566
5543.85000,0.10076,0.97587,-2.33242
5543.90000,0.09405,0.96896,-2.34961
5543.95000,0.08727,0.96220,-2.36754
5544.00000,0.08040,0.95560,-2.38625
5544.05000,0.07341,0.94915,-2.40599
5544.10000,0.06624,0.94269,-2.42560
5544.15000,0.05949,0.93666,-2.44517
5544.20000,0.05847,0.93591,-2.46647
5544.25000,0.05875,0.93613,-2.49185
5544.30000,0.05902,0.93634,-2.51584
5544.35000,0.05933,0.93658,-2.53815
5544.40000,0.05761,0.93520,-2.56019
5544.45000,0.05059,0.93060,-2.57915
5544.50000,0.04244,0.92557,-2.59572
5544.55000,0.03420,0.92066,-2.61191
5544.60000,0.02587,0.91587,-2.62785
5544.65000,0.01746,0.91121,-2.64324
5544.70000,0.00895,0.90666,-2.65817
5544.75000,0.00038,0.90224,-2.67253
5544.80000,-0.00828,0.89793,-2.68634
5544.85000,-0.01700,0.89373,-2.69960
5544.90000,-0.02579,0.88964,-2.71227
5544.95000,-0.03464,0.88565,-2.72484
5545.00000,-0.04350,0.88180,-2.73830
5545.05000,-0.05239,0.87808,-2.75303
5545.10000,-0.06129,0.87452,-2.76924
5545.15000,-0.07022,0.87113,-2.78689
5545.20000,-0.07918,0.86791,-2.80608
5545.25000,-0.08816,0.86488,-2.82669
5545.30000,-0.09719,0.86205,-2.84836
5545.35000,-0.10625,0.85942,-2.87113
5545.40000,-0.11534,0.85702,-2.89477
5545.45000,-0.12447,0.85471,-2.91845
5545.50000,-0.13146,0.85378,-2.93544
5545.55000,-0.13685,0.85198,-2.94831
5545.60000,-0.14231,0.85184,-2.96074
5545.65000,-0.14943,0.85033,-2.97032
5545.70000,-0.15944,0.84851,-2.98533
5545.75000,-0.16900,0.84708,-3.00620
5545.80000,-0.17839,0.84591,-3.02802
5545.85000,-0.18782,0.84493,-3.04868
5545.90000,-0.19730,0.84414,-3.06834
5545.95000,-0.20680,0.84354,-3.08760
5546.00000,-0.21631,0.84312,-3.10689
5546.05000,-0.22582,0.84288,-3.12674
5546.10000,-0.23531,0.84283,3.13592
5546.15000,-0.24478,0.84298,3.11468
5546.20000,-0.25423,0.84335,3.09282
5546.25000,-0.26365,0.84391,3.07027
5546.30000,-0.27304,0.84469,3.04715
5546.35000,-0.28240,0.84571,3.02348
5546.40000,-0.29173,0.84693,2.99930
5546.45000,-0.30101,0.84838,2.97476
5546.50000,-0.31025,0.85005,2.94993
5546.55000,-0.31944,0.85196,2.92483
5546.60000,-0.32858,0.85409,2.89954
5546.65000,-0.33765,0.85646,2.87412
5546.70000,-0.34666,0.85905,2.84862
5546.75000,-0.35560,0.86188,2.82309
5546.80000,-0.36447,0.86493,2.79759
5546.85000,-0.37326,0.86821,2.77216
5546.90000,-0.38196,0.87171,2.74684
5546.95000,-0.39058,0.87543,2.72170
5547.00000,-0.39910,0.87936,2.69675
5547.05000,-0.40753,0.88351,2.67204
5547.10000,-0.41586,0.88787,2.64761
5547.15000,-0.42409,0.89243,2.62350
5547.20000,-0.43222,0.89720,2.59975
5547.25000,-0.44024,0.90216,2.57637
5547.30000,-0.44815,0.90731,2.55340
5547.35000,-0.45596,0.91264,2.53090
5547.40000,-0.46365,0.91816,2.50887
5547.45000,-0.47122,0.92383,2.48737
5547.50000,-0.47868,0.92968,2.46648
5547.55000,-0.48603,0.93568,2.44606
5547.60000,-0.49326,0.94185,2.42624
5547.65000,-0.50039,0.94816,2.40702
5547.70000,-0.50740,0.95462,2.38843
5547.75000,-0.51431,0.96121,2.37049
5547.80000,-0.52112,0.96794,2.35321
5547.85000,-0.52787,0.97485,2.33647
5547.90000,-0.53450,0.98187,2.32023
5547.95000,-0.54099,0.98896,2.30410
5548.00000,-0.54739,0.99618,2.28825
5548.05000,-0.55374,1.00358,2.27266
5548.10000,-0.55996,1.01105,2.25693
5548.15000,-0.56606,1.01863,2.24132
5548.20000,-0.57213,1.02641,2.22628
5548.25000,-0.57797,1.03414,2.21051
5548.30000,-0.58376,1.04205,2.19520
5548.35000,-0.58941,1.05000,2.17983
5548.40000,-0.59490,1.05801,2.16429
5548.45000,-0.60030,1.06614,2.14919
5548.50000,-0.60560,1.07438,2.13427
5548.55000,-0.61079,1.08275,2.11983
5548.60000,-0.61580,1.09108,2.10525
5548.65000,-0.62071,1.09951,2.09071
5548.70000,-0.62551,1.10802,2.07672
5548.75000,-0.63012,1.11651,2.06289
5548.80000,-0.63462,1.12506,2.04943
5548.85000,-0.63901,1.13369,2.03641
5548.90000,-0.64329,1.14238,2.02388
5548.95000,-0.64747,1.15113,2.01185
5549.00000,-0.65155,1.15994,2.00036
5549.05000,-0.65555,1.16882,1.98945
5549.10000,-0.65945,1.17775,1.97918
5549.15000,-0.66327,1.18673,1.96956
5549.20000,-0.66701,1.19576,1.96064
5549.25000,-0.67073,1.20492,1.95287
5549.30000,-0.67441,1.21417,1.94608
5549.35000,-0.67802,1.22343,1.93995
5549.40000,-0.68144,1.23241,1.93354
5549.45000,-0.68243,1.23670,1.92743
5549.50000,-0.68251,1.23701,1.92365
5549.55000,-0.68255,1.23712,1.92028
5549.60000,-0.68259,1.23723,1.91696
5549.65000,-0.68264,1.23736,1.91383
5549.70000,-0.68269,1.23749,1.91056
5549.75000,-0.68273,1.23762,1.90706
5549.80000,-0.68278,1.23775,1.90331
5549.85000,-0.68373,1.23901,1.90032
5549.90000,-0.68685,1.24595,1.89689
5549.95000,-0.69000,1.25534,1.89208
5550.00000,-0.69308,1.26472,1.88726
5550.05000,-0.69613,1.27414,1.88313
5550.10000,-0.69907,1.28332,1.87992
5550.15000,-0.69987,1.28853,1.87740
5550.20000,-0.69995,1.28881,1.87496
5550.25000,-0.69999,1.28892,1.87375
5550.30000,-0.70003,1.28903,1.87234
5550.35000,-0.70006,1.28914,1.87068
5550.40000,-0.70008,1.28924,1.86895
5550.45000,-0.70009,1.28933,1.86718
5550.50000,-0.70011,1.28943,1.86549
5550.55000,-0.70114,1.29075,1.86473
5550.60000,-0.70395,1.29681,1.86381
5550.65000,-0.70675,1.30601,1.86198
5550.70000,-0.70731,1.31095,1.86092
5550.75000,-0.70735,1.31128,1.86213
5550.80000,-0.70739,1.31142,1.86507
5550.85000,-0.70743,1.31154,1.86841
5550.90000,-0.70746,1.31165,1.87228
5550.95000,-0.70750,1.31176,1.87685
5551.00000,-0.70754,1.31189,1.88222
5551.05000,-0.70758,1.31200,1.88854
5551.10000,-0.70761,1.31211,1.89591
5551.15000,-0.70765,1.31221,1.90429
5551.20000,-0.70769,1.31232,1.91384
5551.25000,-0.70772,1.31242,1.92464
5551.30000,-0.70777,1.31254,1.93657
5551.35000,-0.70784,1.31274,1.94979
5551.40000,-0.70798,1.31310,1.96469
5551.45000,-0.70802,1.31321,1.97938
5551.50000,-0.70807,1.31332,1.99493
5551.55000,-0.70812,1.31342,2.01110
5551.60000,-0.70817,1.31353,2.02740
5551.65000,-0.70822,1.31363,2.04370
5551.70000,-0.70845,1.31407,2.06154
5551.75000,-0.70872,1.31457,2.07964
5551.80000,-0.70899,1.31506,2.09781
5551.85000,-0.70927,1.31555,2.11600
5551.90000,-0.70957,1.31604,2.13460
5551.95000,-0.70988,1.31653,2.15377
5552.00000,-0.71021,1.31702,2.17377
5552.05000,-0.71056,1.31753,2.19477
5552.10000,-0.71095,1.31806,2.21706
5552.15000,-0.71137,1.31861,2.24070
5552.20000,-0.71183,1.31918,2.26566
5552.25000,-0.71232,1.31976,2.29174
5552.30000,-0.71284,1.32034,2.31854
5552.35000,-0.71339,1.32092,2.34555
5552.40000,-0.71394,1.32150,2.37243
5552.45000,-0.71451,1.32204,2.39920
5552.50000,-0.71509,1.32256,2.42584
5552.55000,-0.71569,1.32308,2.45224
5552.60000,-0.71627,1.32355,2.47842
5552.65000,-0.71689,1.32403,2.50471
5552.70000,-0.71752,1.32448,2.53131
5552.75000,-0.71816,1.32492,2.55851
5552.80000,-0.71885,1.32536,2.58633
5552.85000,-0.71955,1.32579,2.61501
5552.90000,-0.72031,1.32623,2.64453
5552.95000,-0.72112,1.32665,2.67507
5553.00000,-0.72194,1.32705,2.70624
5553.05000,-0.72280,1.32744,2.73742
5553.10000,-0.72366,1.32779,2.76829
5553.15000,-0.72450,1.32810,2.79903
5553.20000,-0.72537,1.32840,2.82932
5553.25000,-0.72626,1.32868,2.85931
5553.30000,-0.72709,1.32891,2.88872
5553.35000,-0.72792,1.32910,2.91788
5553.40000,-0.72877,1.32928,2.94649
5553.45000,-0.72959,1.32944,2.97492
5553.50000,-0.73032,1.32954,3.00332
5553.55000,-0.73113,1.32962,3.03176
5553.60000,-0.73197,1.32969,3.06054
5553.65000,-0.73278,1.32973,3.08956
5553.70000,-0.73360,1.32975,3.11866
5553.75000,-0.73424,1.32975,-3.13612
5553.80000,-0.73461,1.32975,-3.10857
5553.85000,-0.73531,1.32972,-3.07955
5553.90000,-0.73620,1.32965,-3.05006
5553.95000,-0.73700,1.32960,-3.02140
5554.00000,-0.73771,1.32955,-2.99309
5554.05000,-0.73837,1.32950,-2.96519
5554.10000,-0.73900,1.32943,-2.93790
5554.15000,-0.73969,1.32931,-2.91137
5554.20000,-0.74010,1.32925,-2.88569
5554.25000,-0.74236,1.32830,-2.86009
5554.30000,-0.75028,1.32576,-2.83731
5554.35000,-0.75970,1.32270,-2.81326
5554.40000,-0.76908,1.31939,-2.79256
5554.45000,-0.77862,1.31582,-2.77222
5554.50000,-0.78784,1.31214,-2.75409
5554.55000,-0.79674,1.30842,-2.73763
5554.60000,-0.80574,1.30450,-2.72320
5554.65000,-0.81471,1.30042,-2.71122
5554.70000,-0.82363,1.29629,-2.70159
5554.75000,-0.83256,1.29205,-2.69229
5554.80000,-0.83766,1.29058,-2.68207
5554.85000,-0.83849,1.29058,-2.68068
5554.90000,-0.83861,1.29052,-2.68460
5554.95000,-0.83869,1.29048,-2.68920
5555.00000,-0.83878,1.29043,-2.69387
5555.05000,-0.83887,1.29038,-2.69906
5555.10000,-0.83894,1.29035,-2.70472
5555.15000,-0.83903,1.29030,-2.71078
5555.20000,-0.83912,1.29026,-2.71711
5555.25000,-0.83918,1.29022,-2.72361
5555.30000,-0.83921,1.29020,-2.73012
5555.35000,-0.83931,1.29016,-2.73626
5555.40000,-0.83932,1.29014,-2.74224
5555.45000,-0.83942,1.29010,-2.74813
5555.50000,-0.83950,1.29006,-2.75418
5555.55000,-0.83956,1.29003,-2.76042
5555.60000,-0.83965,1.28999,-2.76689
5555.65000,-0.83973,1.28996,-2.77355
5555.70000,-0.83977,1.28994,-2.78040
5555.75000,-0.83986,1.28990,-2.78752
5555.80000,-0.83988,1.28989,-2.79484
5555.85000,-0.83997,1.28985,-2.80250
5555.90000,-0.83996,1.28985,-2.81055
5555.95000,-0.83996,1.28983,-2.81892
5556.00000,-0.84000,1.28981,-2.82814
5556.05000,-0.84009,1.28979,-2.83753
5556.10000,-0.84015,1.28976,-2.84732
5556.15000,-0.84047,1.28967,-2.85743
5556.20000,-0.84078,1.28958,-2.86752
5556.25000,-0.84110,1.28949,-2.87777
5556.30000,-0.84143,1.28940,-2.88817
5556.35000,-0.84175,1.28932,-2.89873
5556.40000,-0.84209,1.28924,-2.90943
5556.45000,-0.84242,1.28916,-2.92025
5556.50000,-0.84276,1.28909,-2.93117
5556.55000,-0.84311,1.28902,-2.94219
5556.60000,-0.84346,1.28895,-2.95337
5556.65000,-0.84382,1.28888,-2.96498
5556.70000,-0.84419,1.28882,-2.97729
5556.75000,-0.84459,1.28875,-2.99039
5556.80000,-0.84482,1.28872,-3.00373
5556.85000,-0.84477,1.28871,-3.01724
5556.90000,-0.84464,1.28872,-3.03169
5556.95000,-0.84473,1.28872,-3.04542
5557.00000,-0.84482,1.28871,-3.05919
5557.05000,-0.84492,1.28870,-3.07299
5557.10000,-0.84501,1.28870,-3.08687
5557.15000,-0.84511,1.28869,-3.10072
5557.20000,-0.84520,1.28869,-3.11451
5557.25000,-0.84529,1.28869,-3.12822
5557.30000,-0.84539,1.28869,3.14135
5557.35000,-0.84548,1.28869,3.12784
5557.40000,-0.84558,1.28869,3.11437
5557.45000,-0.84567,1.28869,3.10049
5557.50000,-0.84569,1.28869,3.08611
5557.55000,-0.84564,1.28869,3.07020
5557.60000,-0.84572,1.28870,3.05400
5557.65000,-0.84578,1.28870,3.03712
5557.70000,-0.84586,1.28871,3.02004
5557.75000,-0.84593,1.28872,3.00248
5557.80000,-0.84597,1.28872,2.98481
5557.85000,-0.84603,1.28873,2.96737
5557.90000,-0.84610,1.28874,2.95010
5557.95000,-0.84589,1.28871,2.93190
5558.00000,-0.84575,1.28869,2.91407
5558.05000,-0.84581,1.28871,2.89726
5558.10000,-0.84587,1.28872,2.88049
5558.15000,-0.84594,1.28874,2.86357
5558.20000,-0.84600,1.28876,2.84659
5558.25000,-0.84607,1.28878,2.82941
5558.30000,-0.84613,1.28880,2.81188
5558.35000,-0.84620,1.28882,2.79404
5558.40000,-0.84625,1.28884,2.77585
5558.45000,-0.84631,1.28887,2.75749
5558.50000,-0.84638,1.28890,2.73909
5558.55000,-0.84645,1.28893,2.72071
5558.60000,-0.84631,1.28886,2.70162
5558.65000,-0.84593,1.28868,2.68158
5558.70000,-0.84554,1.28850,2.66173
5558.75000,-0.84516,1.28832,2.64212
5558.80000,-0.84481,1.28814,2.62275
5558.85000,-0.84447,1.28794,2.60356
5558.90000,-0.84411,1.28773,2.58456
5558.95000,-0.84581,1.28927,2.56543
5559.00000,-0.85290,1.29406,2.54828
5559.05000,-0.86077,1.29947,2.52995
5559.10000,-0.86856,1.30504,2.51305
5559.15000,-0.87629,1.31075,2.49783
5559.20000,-0.88399,1.31660,2.48468
5559.25000,-0.89165,1.32257,2.47389
5559.30000,-0.89932,1.32867,2.46575
5559.35000,-0.90699,1.33486,2.46056
5559.40000,-0.91470,1.34113,2.45857
5559.45000,-0.92243,1.34742,2.45689
5559.50000,-0.92993,1.35348,2.45517
5559.55000,-0.93367,1.35592,2.45306
5559.60000,-0.93532,1.35718,2.45589
5559.65000,-0.93615,1.35786,2.46445
5559.70000,-0.93640,1.35805,2.47817
5559.75000,-0.93650,1.35813,2.49275
5559.80000,-0.93658,1.35820,2.50765
5559.85000,-0.93663,1.35824,2.52270
5559.90000,-0.93668,1.35827,2.53796
5559.95000,-0.93673,1.35830,2.55339
5560.00000,-0.93678,1.35834,2.56908
5560.05000,-0.93683,1.35837,2.58506
5560.10000,-0.93688,1.35840,2.60129
5560.15000,-0.93694,1.35843,2.61768
5560.20000,-0.93699,1.35846,2.63464
5560.25000,-0.93704,1.35849,2.65242
5560.30000,-0.93710,1.35852,2.67106
5560.35000,-0.93715,1.35855,2.69032
5560.40000,-0.93721,1.35857,2.70992
5560.45000,-0.93727,1.35860,2.72996
5560.50000,-0.93733,1.35863,2.75038
5560.55000,-0.93739,1.35865,2.77118
5560.60000,-0.93746,1.35867,2.79254
5560.65000,-0.93752,1.35870,2.81446
5560.70000,-0.93759,1.35872,2.83687
5560.75000,-0.93765,1.35874,2.85971
5560.80000,-0.93772,1.35876,2.88255
5560.85000,-0.93779,1.35878,2.90531
5560.90000,-0.93786,1.35879,2.92830
5560.95000,-0.93794,1.35881,2.95206
5561.00000,-0.93801,1.35882,2.97668
5561.05000,-0.93809,1.35883,3.00196
5561.10000,-0.93818,1.35884,3.02775
5561.15000,-0.93827,1.35885,3.05421
5561.20000,-0.93836,1.35886,3.08125
5561.25000,-0.93846,1.35886,3.10882
5561.30000,-0.93856,1.35887,3.13655
5561.35000,-0.93866,1.35887,-3.11905
5561.40000,-0.93876,1.35886,-3.09157
5561.45000,-0.93886,1.35886,-3.06422
5561.50000,-0.93896,1.35885,-3.03701
5561.55000,-0.93906,1.35883,-3.00999
5561.60000,-0.93916,1.35882,-2.98314
5561.65000,-0.93926,1.35880,-2.95653
5561.70000,-0.93936,1.35878,-2.93016
5561.75000,-0.93946,1.35876,-2.90376
5561.80000,-0.93956,1.35873,-2.87702
5561.85000,-0.93967,1.35870,-2.84974
5561.90000,-0.93979,1.35866,-2.82181
5561.95000,-0.93992,1.35862,-2.79324
5562.00000,-0.94006,1.35856,-2.76408
5562.05000,-0.94022,1.35850,-2.73446
5562.10000,-0.94039,1.35843,-2.70459
5562.15000,-0.94056,1.35834,-2.67463
5562.20000,-0.94075,1.35824,-2.64459
5562.25000,-0.94094,1.35814,-2.61457
5562.30000,-0.94113,1.35802,-2.58471
5562.35000,-0.94132,1.35790,-2.55516
5562.40000,-0.94151,1.35777,-2.52592
5562.45000,-0.94169,1.35764,-2.49697
5562.50000,-0.94187,1.35750,-2.46829
5562.55000,-0.94251,1.35699,-2.43769
5562.60000,-0.94321,1.35639,-2.40674
5562.65000,-0.94391,1.35575,-2.37587
5562.70000,-0.94455,1.35512,-2.34557
5562.75000,-0.94515,1.35450,-2.31536
5562.80000,-0.94573,1.35386,-2.28563
5562.85000,-0.94632,1.35317,-2.25597
5562.90000,-0.94689,1.35245,-2.22655
5562.95000,-0.94728,1.35193,-2.19573
5563.00000,-0.94773,1.35127,-2.16584
5563.05000,-0.94957,1.34875,-2.13775
5563.10000,-0.95419,1.34130,-2.11228
5563.15000,-0.95934,1.33248,-2.08550
5563.20000,-0.96409,1.32386,-2.05819
5563.25000,-0.96853,1.31522,-2.03183
5563.30000,-0.97257,1.30681,-2.00540
5563.35000,-0.97640,1.29827,-1.97944
5563.40000,-0.98001,1.28964,-1.95389
5563.45000,-0.98340,1.28091,-1.92866
5563.50000,-0.98658,1.27208,-1.90368
5563.55000,-0.98953,1.26318,-1.87887
5563.60000,-0.99226,1.25421,-1.85414
5563.65000,-0.99477,1.24517,-1.82940
5563.70000,-0.99706,1.23607,-1.80447
5563.75000,-0.99911,1.22694,-1.77904
5563.80000,-1.00092,1.21777,-1.75269
5563.85000,-1.00247,1.20861,-1.72456
5563.90000,-1.00387,1.19946,-1.69642
5563.95000,-1.00393,1.19616,-1.66865
5564.00000,-1.00395,1.19591,-1.62717
5564.05000,-1.00396,1.19589,-1.58358
5564.10000,-1.00396,1.19586,-1.54554
5564.15000,-1.00394,1.19551,-1.51136
5564.20000,-1.00363,1.19383,-1.47800
5564.25000,-1.00269,1.18662,-1.44722
5564.30000,-1.00136,1.17712,-1.42108
5564.35000,-0.99979,1.16757,-1.39559
5564.40000,-0.99804,1.15841,-1.36839
5564.45000,-0.99595,1.14883,-1.34102
5564.50000,-0.99361,1.13950,-1.31133
5564.55000,-0.99133,1.13064,-1.28042
5564.60000,-0.99071,1.12707,-1.24222
5564.65000,-0.99030,1.12593,-1.18665
5564.70000,-0.99008,1.12542,-1.11990
5564.75000,-0.99007,1.12540,-1.04957
5564.80000,-0.99006,1.12538,-0.98003
5564.85000,-0.99004,1.12536,-0.91195
5564.90000,-0.99003,1.12534,-0.84536
5564.95000,-0.99002,1.12533,-0.78029
5565.00000,-0.99000,1.12531,-0.71677
5565.05000,-0.98998,1.12530,-0.65481
5565.10000,-0.98997,1.12529,-0.59443
5565.15000,-0.98995,1.12528,-0.53563
5565.20000,-0.98993,1.12527,-0.47840
5565.25000,-0.98992,1.12526,-0.42273
5565.30000,-0.98990,1.12525,-0.36859
5565.35000,-0.98988,1.12525,-0.31594
5565.40000,-0.98986,1.12524,-0.26472
5565.45000,-0.98985,1.12524,-0.21489
5565.50000,-0.98983,1.12524,-0.16638
5565.55000,-0.98981,1.12523,-0.11912
5565.60000,-0.98980,1.12523,-0.07303
5565.65000,-0.98978,1.12523,-0.02805
5565.70000,-0.98976,1.12523,0.01591
5565.75000,-0.98799,1.12539,0.05954
5565.80000,-0.98193,1.12593,0.10191
5565.85000,-0.97256,1.12709,0.14184
5565.90000,-0.96260,1.12872,0.18319
5565.95000,-0.95281,1.13074,0.22288
5566.00000,-0.94307,1.13312,0.25893
5566.05000,-0.93336,1.13582,0.28769
5566.10000,-0.92369,1.13869,0.31442
5566.15000,-0.91681,1.14042,0.33640
5566.20000,-0.91186,1.14170,0.35029
5566.25000,-0.90691,1.14298,0.36151
5566.30000,-0.90347,1.14380,0.37257
5566.35000,-0.90193,1.14440,0.40273
5566.40000,-0.90093,1.14485,0.45288
5566.45000,-0.90058,1.14503,0.51681
5566.50000,-0.90056,1.14505,0.58124
5566.55000,-0.90053,1.14506,0.64358
5566.60000,-0.90050,1.14509,0.70413
5566.65000,-0.90046,1.14512,0.76313
5566.70000,-0.90042,1.14517,0.82070
5566.75000,-0.90038,1.14522,0.87697
5566.80000,-0.90033,1.14528,0.93216
5566.85000,-0.90028,1.14534,0.98644
5566.90000,-0.90023,1.14542,1.03988
5566.95000,-0.90019,1.14551,1.09248
5567.00000,-0.90014,1.14560,1.14420
5567.05000,-0.90010,1.14571,1.19503
5567.10000,-0.90006,1.14582,1.24495
5567.15000,-0.90002,1.14594,1.29397
5567.20000,-0.89920,1.14804,1.34117
5567.25000,-0.89763,1.15510,1.38269
5567.30000,-0.89614,1.16396,1.42548
5567.35000,-0.89490,1.17396,1.47162
5567.40000,-0.89416,1.18368,1.51815
5567.45000,-0.89391,1.19252,1.56660
5567.50000,-0.89408,1.20132,1.61427
5567.55000,-0.89469,1.21032,1.66070
5567.60000,-0.89585,1.22045,1.70470
5567.65000,-0.89757,1.23142,1.74904
5567.70000,-0.89977,1.24228,1.79237
5567.75000,-0.90212,1.25230,1.83417
5567.80000,-0.90463,1.26091,1.87543
5567.85000,-0.90750,1.26943,1.91577
5567.90000,-0.91072,1.27785,1.95517
5567.95000,-0.91427,1.28616,1.99361
5568.00000,-0.91814,1.29435,2.03111
5568.05000,-0.92232,1.30241,2.06766
5568.10000,-0.92681,1.31034,2.10330
5568.15000,-0.93158,1.31813,2.13803
5568.20000,-0.93648,1.32584,2.17275
5568.25000,-0.93748,1.32867,2.20623
5568.30000,-0.93768,1.32895,2.23619
5568.35000,-0.93775,1.32903,2.26413
5568.40000,-0.93785,1.32916,2.29143
5568.45000,-0.93796,1.32929,2.31878
5568.50000,-0.93812,1.32947,2.34557
5568.55000,-0.93827,1.32964,2.37042
5568.60000,-0.93826,1.32966,2.39480
5568.65000,-0.93824,1.32965,2.41897
5568.70000,-0.93827,1.32968,2.44232
5568.75000,-0.93858,1.32995,2.46555
5568.80000,-0.93880,1.33011,2.48741
5568.85000,-0.93881,1.33013,2.50793
5568.90000,-0.93890,1.33019,2.52889
5568.95000,-0.93908,1.33032,2.54840
5569.00000,-0.93930,1.33047,2.56695
5569.05000,-0.93956,1.33063,2.58514
5569.10000,-0.93964,1.33066,2.60267
5569.15000,-0.93982,1.33074,2.61933
5569.20000,-0.93997,1.33080,2.63563
5569.25000,-0.94002,1.33083,2.65133
5569.30000,-0.94020,1.33092,2.66600
5569.35000,-0.94039,1.33101,2.67995
5569.40000,-0.94052,1.33105,2.69380
5569.45000,-0.94046,1.33099,2.70753
5569.50000,-0.94055,1.33104,2.71982
5569.55000,-0.94077,1.33112,2.73154
5569.60000,-0.94094,1.33119,2.74235
5569.65000,-0.94107,1.33123,2.75228
5569.70000,-0.94114,1.33126,2.76127
5569.75000,-0.94132,1.33132,2.76998
5569.80000,-0.94141,1.33135,2.77792
5569.85000,-0.94151,1.33139,2.78530
5569.90000,-0.94165,1.33144,2.79238
5569.95000,-0.94177,1.33148,2.79850
5570.00000,-0.94195,1.33153,2.80409
5570.05000,-0.94205,1.33156,2.80899
5570.10000,-0.94215,1.33159,2.81381
5570.15000,-0.94227,1.33163,2.81798
5570.20000,-0.94235,1.33166,2.82202
5570.25000,-0.94239,1.33167,2.82489
5570.30000,-0.94253,1.33171,2.82711
5570.35000,-0.94266,1.33175,2.82878
5570.40000,-0.94280,1.33180,2.82993
5570.45000,-0.94293,1.33184,2.83055
5570.50000,-0.94306,1.33188,2.83065
5570.55000,-0.94319,1.33192,2.83026
5570.60000,-0.94330,1.33196,2.82933
5570.65000,-0.94341,1.33200,2.82779
5570.70000,-0.94350,1.33203,2.82560
5570.75000,-0.94365,1.33208,2.82276
5570.80000,-0.94379,1.33213,2.81926
5570.85000,-0.94396,1.33219,2.81534
5570.90000,-0.94414,1.33224,2.81089
5570.95000,-0.94424,1.33228,2.80580
5571.00000,-0.94443,1.33235,2.80017
5571.05000,-0.94449,1.33238,2.79395
5571.10000,-0.94466,1.33245,2.78731
5571.15000,-0.94479,1.33250,2.78031
5571.20000,-0.94480,1.33251,2.77275
5571.25000,-0.94491,1.33256,2.76507
5571.30000,-0.94506,1.33263,2.75704
5571.35000,-0.94533,1.33274,2.74868
5571.40000,-0.94557,1.33284,2.73998
5571.45000,-0.94576,1.33292,2.73141
5571.50000,-0.94596,1.33301,2.72246
5571.55000,-0.94610,1.33309,2.71343
5571.60000,-0.94631,1.33318,2.70410
5571.65000,-0.94646,1.33325,2.69476
5571.70000,-0.94668,1.33336,2.68486
5571.75000,-0.94675,1.33342,2.67466
5571.80000,-0.94689,1.33349,2.66453
5571.85000,-0.94705,1.33358,2.65419
5571.90000,-0.94712,1.33363,2.64370
5571.95000,-0.94745,1.33382,2.63271
5572.00000,-0.94754,1.33387,2.62212
5572.05000,-0.94755,1.33389,2.61112
5572.10000,-0.94791,1.33411,2.59970
5572.15000,-0.94828,1.33433,2.58815
5572.20000,-0.94865,1.33457,2.57647
5572.25000,-0.94902,1.33481,2.56467
5572.30000,-0.94939,1.33505,2.55277
5572.35000,-0.94976,1.33530,2.54077
5572.40000,-0.95013,1.33556,2.52869
5572.45000,-0.95050,1.33582,2.51652
5572.50000,-0.95086,1.33608,2.50429
5572.55000,-0.95123,1.33636,2.49199
5572.60000,-0.95159,1.33663,2.47965
5572.65000,-0.95195,1.33692,2.46725
5572.70000,-0.95230,1.33720,2.45482
5572.75000,-0.95265,1.33749,2.44236
5572.80000,-0.95300,1.33779,2.42988
5572.85000,-0.95335,1.33809,2.41738
5572.90000,-0.95369,1.33840,2.40488
5572.95000,-0.95403,1.33871,2.39237
5573.00000,-0.95436,1.33902,2.37987
5573.05000,-0.95469,1.33934,2.36739
5573.10000,-0.95501,1.33966,2.35492
5573.15000,-0.95533,1.33999,2.34248
5573.20000,-0.95565,1.34032,2.33008
5573.25000,-0.95596,1.34065,2.31771
5573.30000,-0.95627,1.34098,2.30538
5573.35000,-0.95657,1.34132,2.29310
5573.40000,-0.95686,1.34166,2.28088
5573.45000,-0.95716,1.34200,2.26872
5573.50000,-0.95744,1.34235,2.25662
5573.55000,-0.95772,1.34269,2.24459
5573.60000,-0.95800,1.34304,2.23263
5573.65000,-0.95827,1.34339,2.22076
5573.70000,-0.95853,1.34374,2.20896
5573.75000,-0.95879,1.34409,2.19726
5573.80000,-0.95904,1.34445,2.18564
5573.85000,-0.95929,1.34480,2.17416
5573.90000,-0.95953,1.34515,2.16285
5573.95000,-0.96150,1.34761,2.15296
5574.00000,-0.96660,1.35524,2.14370
5574.05000,-0.97187,1.36352,2.13327
5574.10000,-0.97710,1.37191,2.12372
5574.15000,-0.98219,1.38026,2.11441
5574.20000,-0.98720,1.38865,2.10572
5574.25000,-0.99215,1.39712,2.09790
5574.30000,-0.99705,1.40563,2.09102
5574.35000,-1.00196,1.41428,2.08557
5574.40000,-1.00686,1.42300,2.08147
5574.45000,-1.01173,1.43171,2.07882
5574.50000,-1.01657,1.44043,2.07778
5574.55000,-1.02143,1.44917,2.07859
5574.60000,-1.02631,1.45790,2.08167
5574.65000,-1.03123,1.46662,2.08705
5574.70000,-1.03616,1.47534,2.09258
5574.75000,-1.03972,1.48267,2.09869
5574.80000,-1.03994,1.48400,2.10907
5574.85000,-1.03999,1.48409,2.12168
5574.90000,-1.04004,1.48417,2.13470
5574.95000,-1.04009,1.48425,2.14820
5575.00000,-1.04014,1.48432,2.16250
5575.05000,-1.04019,1.48440,2.17770
5575.10000,-1.04025,1.48448,2.19380
5575.15000,-1.04030,1.48455,2.21087
5575.20000,-1.04036,1.48463,2.22894
5575.25000,-1.04042,1.48470,2.24803
5575.30000,-1.04048,1.48477,2.26818
5575.35000,-1.04054,1.48485,2.28939
5575.40000,-1.04061,1.48492,2.31167
5575.45000,-1.04067,1.48499,2.33493
5575.50000,-1.04074,1.48506,2.35883
5575.55000,-1.04082,1.48514,2.38303
5575.60000,-1.04089,1.48521,2.40721
5575.65000,-1.04097,1.48527,2.43125
5575.70000,-1.04105,1.48534,2.45514
5575.75000,-1.04113,1.48540,2.47888
5575.80000,-1.04121,1.48546,2.50268
5575.85000,-1.04129,1.48552,2.52662
5575.90000,-1.04138,1.48558,2.55078
5575.95000,-1.04146,1.48564,2.57521
5576.00000,-1.04155,1.48569,2.59994
5576.05000,-1.04178,1.48583,2.62563
5576.10000,-1.04239,1.48617,2.65345
5576.15000,-1.04309,1.48653,2.68209
5576.20000,-1.04379,1.48688,2.71075
5576.25000,-1.04454,1.48721,2.73959
5576.30000,-1.04529,1.48752,2.76856
5576.35000,-1.04607,1.48783,2.79801
5576.40000,-1.04684,1.48809,2.82778
5576.45000,-1.04761,1.48832,2.85799
5576.50000,-1.04844,1.48857,2.88829
5576.55000,-1.04929,1.48879,2.91892
5576.60000,-1.05017,1.48897,2.95012
5576.65000,-1.05107,1.48913,2.98189
5576.70000,-1.05198,1.48926,3.01386
5576.75000,-1.05290,1.48936,3.04592
5576.80000,-1.05383,1.48944,3.07809
5576.85000,-1.05472,1.48947,3.10972
5576.90000,-1.05559,1.48948,3.14118
5576.95000,-1.05644,1.48947,-3.11103
5577.00000,-1.05731,1.48945,-3.07985
5577.05000,-1.05817,1.48940,-3.04885
5577.10000,-1.05902,1.48934,-3.01780
5577.15000,-1.05987,1.48924,-2.98654
5577.20000,-1.06073,1.48912,-2.95515
5577.25000,-1.06159,1.48898,-2.92362
5577.30000,-1.06245,1.48880,-2.89212
5577.35000,-1.06328,1.48860,-2.86096
5577.40000,-1.06410,1.48837,-2.83042
5577.45000,-1.06475,1.48822,-2.80079
5577.50000,-1.06548,1.48797,-2.77095
5577.55000,-1.06623,1.48767,-2.74192
5577.60000,-1.06641,1.48765,-2.71307
5577.65000,-1.06889,1.48621,-2.68531
5577.70000,-1.07643,1.48222,-2.66083
5577.75000,-1.08579,1.47717,-2.63279
5577.80000,-1.09504,1.47185,-2.60542
5577.85000,-1.10362,1.46664,-2.58035
5577.90000,-1.11182,1.46135,-2.55668
5577.95000,-1.11992,1.45585,-2.53478
5578.00000,-1.12789,1.45020,-2.51498
5578.05000,-1.13610,1.44414,-2.49777
5578.10000,-1.14408,1.43806,-2.48436
5578.15000,-1.15225,1.43177,-2.47141
5578.20000,-1.15552,1.42957,-2.46102
5578.25000,-1.15636,1.42895,-2.46231
5578.30000,-1.15654,1.42880,-2.47129
5578.35000,-1.15660,1.42876,-2.48017
5578.40000,-1.15669,1.42869,-2.48707
5578.45000,-1.15676,1.42863,-2.49168
5578.50000,-1.15681,1.42859,-2.49424
5578.55000,-1.15687,1.42855,-2.49511
5578.60000,-1.15687,1.42854,-2.49348
5578.65000,-1.15682,1.42859,-2.48888
5578.70000,-1.15799,1.42747,-2.48366
5578.75000,-1.16378,1.42234,-2.47628
5578.80000,-1.17148,1.41623,-2.46352
5578.85000,-1.17897,1.41011,-2.45054
5578.90000,-1.18655,1.40377,-2.43855
5578.95000,-1.19410,1.39730,-2.42728
5579.00000,-1.20142,1.39089,-2.41633
5579.05000,-1.20867,1.38440,-2.40573
5579.10000,-1.21585,1.37782,-2.39525
5579.15000,-1.22297,1.37117,-2.38479
5579.20000,-1.23001,1.36445,-2.37428
5579.25000,-1.23698,1.35765,-2.36372
5579.30000,-1.24388,1.35079,-2.35313
5579.35000,-1.25085,1.34370,-2.34289
5579.40000,-1.25772,1.33658,-2.33361
5579.45000,-1.26461,1.32931,-2.32576
5579.50000,-1.27158,1.32193,-2.31810
5579.55000,-1.27431,1.31909,-2.31357
5579.60000,-1.27451,1.31889,-2.32627
5579.65000,-1.27429,1.31913,-2.34767
5579.70000,-1.27420,1.31922,-2.36841
5579.75000,-1.27423,1.31920,-2.38793
5579.80000,-1.27425,1.31918,-2.40637
5579.85000,-1.27428,1.31916,-2.42303
5579.90000,-1.27419,1.31924,-2.43614
5579.95000,-1.27417,1.31926,-2.44247
5580.00000,-1.27597,1.31753,-2.44790
5580.05000,-1.28161,1.31261,-2.44995
5580.10000,-1.28931,1.30619,-2.44122
5580.15000,-1.29690,1.29973,-2.43236
5580.20000,-1.30448,1.29318,-2.42528
5580.25000,-1.31206,1.28655,-2.42134
5580.30000,-1.31965,1.27989,-2.41783
5580.35000,-1.32558,1.27486,-2.41407
5580.40000,-1.32892,1.27195,-2.41882
5580.45000,-1.33154,1.26966,-2.43950
5580.50000,-1.33234,1.26900,-2.47358
5580.55000,-1.33237,1.26898,-2.51305
5580.60000,-1.33240,1.26896,-2.55005
5580.65000,-1.33243,1.26894,-2.58153
5580.70000,-1.33245,1.26894,-2.60386
5580.75000,-1.33239,1.26897,-2.61301
5580.80000,-1.33378,1.26776,-2.61855
5580.85000,-1.33851,1.26432,-2.62192
5580.90000,-1.34655,1.25968,-2.61428
5580.95000,-1.35519,1.25465,-2.60358
5581.00000,-1.36003,1.25311,-2.59116
5581.05000,-1.36047,1.25297,-2.57888
5581.10000,-1.36187,1.25167,-2.56603
5581.15000,-1.36851,1.24680,-2.55387
5581.20000,-1.37690,1.24115,-2.54237
5581.25000,-1.38527,1.23537,-2.53266
5581.30000,-1.39354,1.22957,-2.52743
5581.35000,-1.40178,1.22379,-2.52284
5581.40000,-1.40579,1.22141,-2.52969
5581.45000,-1.40686,1.22073,-2.56232
5581.50000,-1.40687,1.22072,-2.59656
5581.55000,-1.40847,1.21976,-2.62662
5581.60000,-1.41177,1.21782,-2.64361
5581.65000,-1.41493,1.21611,-2.64265
5581.70000,-1.41625,1.21541,-2.62838
5581.75000,-1.41674,1.21514,-2.60777
5581.80000,-1.41726,1.21482,-2.58665
5581.85000,-1.41779,1.21450,-2.56554
5581.90000,-1.41831,1.21415,-2.54458
5581.95000,-1.41883,1.21380,-2.52376
5582.00000,-1.41933,1.21343,-2.50300
5582.05000,-1.41983,1.21306,-2.48241
5582.10000,-1.42031,1.21268,-2.46194
5582.15000,-1.42078,1.21230,-2.44160
5582.20000,-1.42126,1.21191,-2.42145
5582.25000,-1.42172,1.21151,-2.40139
5582.30000,-1.42218,1.21109,-2.38132
5582.35000,-1.42265,1.21065,-2.36125
5582.40000,-1.42310,1.21020,-2.34124
5582.45000,-1.42358,1.20970,-2.32115
5582.50000,-1.42407,1.20916,-2.30119
5582.55000,-1.42456,1.20861,-2.28146
5582.60000,-1.42505,1.20802,-2.26202
5582.65000,-1.42554,1.20742,-2.24296
5582.70000,-1.42603,1.20679,-2.22428
5582.75000,-1.42652,1.20615,-2.20589
5582.80000,-1.42698,1.20550,-2.18776
5582.85000,-1.42880,1.20339,-2.17151
5582.90000,-1.43409,1.19577,-2.15639
5582.95000,-1.43974,1.18710,-2.13911
5583.00000,-1.44525,1.17831,-2.12170
5583.05000,-1.45057,1.16949,-2.10429
5583.10000,-1.45576,1.16053,-2.08635
5583.15000,-1.46084,1.15138,-2.06754
5583.20000,-1.46574,1.14212,-2.04845
5583.25000,-1.47047,1.13276,-2.02923
5583.30000,-1.47502,1.12332,-2.00998
5583.35000,-1.47938,1.11379,-1.99080
5583.40000,-1.48356,1.10418,-1.97178
5583.45000,-1.48748,1.09469,-1.95382
5583.50000,-1.49114,1.08539,-1.93697
5583.55000,-1.49464,1.07602,-1.92008
5583.60000,-1.49799,1.06658,-1.90259
5583.65000,-1.50117,1.05708,-1.88414
5583.70000,-1.50426,1.04756,-1.86574
5583.75000,-1.50488,1.04306,-1.84787
5583.80000,-1.50504,1.04251,-1.81922
5583.85000,-1.50504,1.04250,-1.79021
5583.90000,-1.50505,1.04245,-1.76315
5583.95000,-1.50506,1.04240,-1.73889
5584.00000,-1.50507,1.04235,-1.71719
5584.05000,-1.50558,1.04014,-1.69565
5584.10000,-1.50662,1.03161,-1.67686
5584.15000,-1.50760,1.02166,-1.65995
5584.20000,-1.50841,1.01169,-1.64329
5584.25000,-1.50905,1.00171,-1.62667
5584.30000,-1.50952,0.99172,-1.61008
5584.35000,-1.50983,0.98173,-1.59341
5584.40000,-1.50997,0.97173,-1.57631
5584.45000,-1.50993,0.96173,-1.55746
5584.50000,-1.50980,0.95173,-1.53848
5584.55000,-1.50976,0.94699,-1.51903
5584.60000,-1.50971,0.94502,-1.48644
5584.65000,-1.50965,0.94388,-1.43857
5584.70000,-1.50964,0.94385,-1.38532
5584.75000,-1.50964,0.94382,-1.33326
5584.80000,-1.50963,0.94380,-1.28395
5584.85000,-1.50962,0.94377,-1.23680
5584.90000,-1.50961,0.94374,-1.19161
5584.95000,-1.50960,0.94372,-1.14832
5585.00000,-1.50959,0.94369,-1.10695
5585.05000,-1.50957,0.94367,-1.06755
5585.10000,-1.50956,0.94365,-1.03014
5585.15000,-1.50955,0.94362,-0.99471
5585.20000,-1.50953,0.94360,-0.96125
5585.25000,-1.50909,0.94299,-0.92695
5585.30000,-1.50861,0.94235,-0.89431
5585.35000,-1.50664,0.94018,-0.86324
5585.40000,-1.50082,0.93370,-0.83671
5585.45000,-1.49389,0.92622,-0.80822
5585.50000,-1.48710,0.91905,-0.77874
5585.55000,-1.48456,0.91648,-0.74309
5585.60000,-1.48430,0.91625,-0.69263
5585.65000,-1.48428,0.91623,-0.63992
5585.70000,-1.48426,0.91621,-0.58944
5585.75000,-1.48424,0.91620,-0.54155
5585.80000,-1.48421,0.91619,-0.49643
5585.85000,-1.48419,0.91617,-0.45408
5585.90000,-1.48417,0.91616,-0.41445
5585.95000,-1.48415,0.91616,-0.37752
5586.00000,-1.48231,0.91507,-0.34215
5586.05000,-1.47472,0.91236,-0.31136
5586.10000,-1.46511,0.90942,-0.27923
5586.15000,-1.45552,0.90683,-0.24658
5586.20000,-1.44591,0.90459,-0.21286
5586.25000,-1.43612,0.90265,-0.17955
5586.30000,-1.42667,0.90108,-0.14496
5586.35000,-1.41747,0.89988,-0.11080
5586.40000,-1.40783,0.89895,-0.08071
5586.45000,-1.39852,0.89833,-0.05288
5586.50000,-1.38912,0.89794,-0.02963
5586.55000,-1.37968,0.89766,-0.00698
5586.60000,-1.37447,0.89765,0.01472
5586.65000,-1.37318,0.89765,0.02829
5586.70000,-1.37307,0.89765,0.03395
5586.75000,-1.37304,0.89765,0.03917
5586.80000,-1.37300,0.89765,0.04585
5586.85000,-1.37299,0.89765,0.05494
5586.90000,-1.37290,0.89765,0.06788
5586.95000,-1.37149,0.89794,0.08236
5587.00000,-1.36414,0.89868,0.09899
5587.05000,-1.35492,0.89971,0.12474
5587.10000,-1.34516,0.90108,0.15638
5587.15000,-1.33547,0.90267,0.18752
5587.20000,-1.33175,0.90288,0.22174
5587.25000,-1.33139,0.90294,0.26049
5587.30000,-1.33136,0.90295,0.30057
5587.35000,-1.33133,0.90296,0.34219
5587.40000,-1.33129,0.90298,0.38456
5587.45000,-1.33125,0.90299,0.42723
5587.50000,-1.33120,0.90302,0.46991
5587.55000,-1.33114,0.90305,0.51240
5587.60000,-1.33109,0.90308,0.55461
5587.65000,-1.33102,0.90313,0.59642
5587.70000,-1.33095,0.90317,0.63778
5587.75000,-1.33088,0.90323,0.67862
5587.80000,-1.33081,0.90329,0.71891
5587.85000,-1.33073,0.90336,0.75862
5587.90000,-1.33059,0.90349,0.79794
5587.95000,-1.33045,0.90362,0.83671
5588.00000,-1.33037,0.90371,0.87452
5588.05000,-1.32879,0.90558,0.91126
5588.10000,-1.32367,0.91239,0.94370
5588.15000,-1.31808,0.92038,0.97932
5588.20000,-1.31315,0.92803,1.01774
5588.25000,-1.30853,0.93583,1.05532
5588.30000,-1.30391,0.94428,1.09107
5588.35000,-1.29952,0.95304,1.12428
5588.40000,-1.29567,0.96142,1.15771
5588.45000,-1.29212,0.96990,1.18986
5588.50000,-1.28882,0.97852,1.22046
5588.55000,-1.28553,0.98783,1.24844
5588.60000,-1.28252,0.99718,1.27622
5588.65000,-1.27968,1.00695,1.30116
5588.70000,-1.27716,1.01653,1.32381
5588.75000,-1.27485,1.02567,1.34698
5588.80000,-1.27451,1.02993,1.36702
5588.85000,-1.27445,1.03031,1.38481
5588.90000,-1.27439,1.03078,1.40321
5588.95000,-1.27433,1.03131,1.42246
5589.00000,-1.27429,1.03163,1.44116
5589.05000,-1.27426,1.03198,1.46101
5589.10000,-1.27422,1.03254,1.48118
5589.15000,-1.27391,1.03523,1.50097
5589.20000,-1.27337,1.04344,1.52003
5589.25000,-1.27295,1.05346,1.53842
5589.30000,-1.27263,1.06345,1.55651
5589.35000,-1.27263,1.06858,1.57383
5589.40000,-1.27263,1.06906,1.59068
5589.45000,-1.27263,1.06909,1.60735
5589.50000,-1.27265,1.06938,1.62357
5589.55000,-1.27266,1.06958,1.63926
5589.60000,-1.27267,1.06972,1.65560
5589.65000,-1.27270,1.07014,1.67194
5589.70000,-1.27271,1.07026,1.68762
5589.75000,-1.27271,1.07031,1.70331
5589.80000,-1.27274,1.07053,1.71809
5589.85000,-1.27275,1.07066,1.73298
5589.90000,-1.27278,1.07084,1.74687
5589.95000,-1.27281,1.07105,1.76063
5590.00000,-1.27284,1.07121,1.77413
5590.05000,-1.27292,1.07165,1.78821
5590.10000,-1.27298,1.07208,1.80208
5590.15000,-1.27308,1.07248,1.81554
5590.20000,-1.27321,1.07298,1.82908
5590.25000,-1.27330,1.07340,1.84196
5590.30000,-1.27335,1.07358,1.85355
5590.35000,-1.27340,1.07375,1.86471
5590.40000,-1.27346,1.07392,1.87547
5590.45000,-1.27351,1.07410,1.88588
5590.50000,-1.27357,1.07427,1.89592
5590.55000,-1.27363,1.07445,1.90556
5590.60000,-1.27369,1.07462,1.91476
5590.65000,-1.27376,1.07480,1.92352
5590.70000,-1.27382,1.07498,1.93187
5590.75000,-1.27389,1.07515,1.93986
5590.80000,-1.27396,1.07533,1.94754
5590.85000,-1.27403,1.07550,1.95491
5590.90000,-1.27410,1.07568,1.96196
5590.95000,-1.27417,1.07586,1.96869
5591.00000,-1.27425,1.07603,1.97510
5591.05000,-1.27432,1.07621,1.98117
5591.10000,-1.27440,1.07639,1.98692
5591.15000,-1.27448,1.07656,1.99233
5591.20000,-1.27456,1.07674,1.99739
5591.25000,-1.27464,1.07691,2.00210
5591.30000,-1.27472,1.07709,2.00645
5591.35000,-1.27480,1.07726,2.01044
5591.40000,-1.27489,1.07744,2.01409
5591.45000,-1.27497,1.07761,2.01743
5591.50000,-1.27505,1.07779,2.02046
5591.55000,-1.27514,1.07796,2.02320
5591.60000,-1.27522,1.07813,2.02564
5591.65000,-1.27531,1.07831,2.02780
5591.70000,-1.27539,1.07848,2.02968
5591.75000,-1.27548,1.07865,2.03127
5591.80000,-1.27556,1.07882,2.03259
5591.85000,-1.27565,1.07899,2.03363
5591.90000,-1.27573,1.07916,2.03441
5591.95000,-1.27582,1.07933,2.03490
5592.00000,-1.27590,1.07950,2.03513
5592.05000,-1.27599,1.07967,2.03507
5592.10000,-1.27607,1.07984,2.03475
5592.15000,-1.27616,1.08001,2.03416
5592.20000,-1.27624,1.08018,2.03333
5592.25000,-1.27632,1.08035,2.03225
5592.30000,-1.27641,1.08052,2.03094
5592.35000,-1.27649,1.08069,2.02940
5592.40000,-1.27658,1.08086,2.02764
5592.45000,-1.27666,1.08103,2.02565
5592.50000,-1.27674,1.08120,2.02345
5592.55000,-1.27682,1.08137,2.02103
5592.60000,-1.27691,1.08154,2.01841
5592.65000,-1.27699,1.08171,2.01558
5592.70000,-1.27707,1.08188,2.01255
5592.75000,-1.27715,1.08205,2.00933
5592.80000,-1.27723,1.08222,2.00591
5592.85000,-1.27731,1.08239,2.00232
5592.90000,-1.27739,1.08257,1.99856
5592.95000,-1.27747,1.08274,1.99462
5593.00000,-1.27754,1.08291,1.99053
5593.05000,-1.27762,1.08308,1.98628
5593.10000,-1.27770,1.08326,1.98187
5593.15000,-1.27777,1.08343,1.97732
5593.20000,-1.27785,1.08360,1.97263
5593.25000,-1.27792,1.08378,1.96780
5593.30000,-1.27799,1.08395,1.96283
5593.35000,-1.27806,1.08413,1.95774
5593.40000,-1.27814,1.08430,1.95252
5593.45000,-1.27821,1.08448,1.94719
5593.50000,-1.27827,1.08465,1.94175
5593.55000,-1.27834,1.08483,1.93620
5593.60000,-1.27841,1.08501,1.93054
5593.65000,-1.27845,1.08513,1.92459
5593.70000,-1.27845,1.08516,1.91812
5593.75000,-1.27844,1.08519,1.91156
5593.80000,-1.27844,1.08522,1.90493
5593.85000,-1.27843,1.08525,1.89824
5593.90000,-1.27842,1.08527,1.89146
5593.95000,-1.27842,1.08529,1.88464
5594.00000,-1.27841,1.08532,1.87776
5594.05000,-1.27840,1.08534,1.87083
5594.10000,-1.27839,1.08536,1.86386
5594.15000,-1.27838,1.08538,1.85686
5594.20000,-1.27837,1.08539,1.84983
5594.25000,-1.27836,1.08541,1.84277
5594.30000,-1.27835,1.08543,1.83568
5594.35000,-1.27834,1.08544,1.82858
5594.40000,-1.27833,1.08546,1.82144
5594.45000,-1.27930,1.08755,1.81450
5594.50000,-1.28158,1.09578,1.80819
5594.55000,-1.28389,1.10545,1.80129
5594.60000,-1.28615,1.11517,1.79439
5594.65000,-1.28835,1.12498,1.78731
5594.70000,-1.29047,1.13477,1.78022
5594.75000,-1.29256,1.14474,1.77301
5594.80000,-1.29457,1.15467,1.76594
5594.85000,-1.29646,1.16435,1.75905
5594.90000,-1.29827,1.17402,1.75215
5594.95000,-1.30002,1.18370,1.74535
5595.00000,-1.30171,1.19340,1.73866
5595.05000,-1.30334,1.20313,1.73216
5595.10000,-1.30490,1.21287,1.72588
5595.15000,-1.30644,1.22286,1.71974
5595.20000,-1.30789,1.23275,1.71360
5595.25000,-1.30928,1.24255,1.70875
5595.30000,-1.31063,1.25240,1.70479
5595.35000,-1.31196,1.26228,1.70237
5595.40000,-1.31326,1.27218,1.70146
5595.45000,-1.31457,1.28210,1.70263
5595.50000,-1.31590,1.29206,1.70648
5595.55000,-1.31730,1.30207,1.71428
5595.60000,-1.31869,1.31181,1.72352
5595.65000,-1.31932,1.31993,1.73379
5595.70000,-1.31981,1.32390,1.75510
5595.75000,-1.31998,1.32507,1.79589
5595.80000,-1.32011,1.32560,1.84485
5595.85000,-1.32012,1.32567,1.89497
5595.90000,-1.32015,1.32574,1.94724
5595.95000,-1.32019,1.32584,2.00110
5596.00000,-1.32024,1.32594,2.05601
5596.05000,-1.32031,1.32606,2.11151
5596.10000,-1.32039,1.32619,2.16713
5596.15000,-1.32048,1.32632,2.22253
5596.20000,-1.32058,1.32643,2.27759
5596.25000,-1.32068,1.32655,2.33230
5596.30000,-1.32079,1.32666,2.38666
5596.35000,-1.32091,1.32677,2.44063
5596.40000,-1.32104,1.32687,2.49420
5596.45000,-1.32117,1.32696,2.54736
5596.50000,-1.32131,1.32705,2.60010
5596.55000,-1.32145,1.32713,2.65238
5596.60000,-1.32160,1.32721,2.70429
5596.65000,-1.32177,1.32728,2.75612
5596.70000,-1.32196,1.32735,2.80795
5596.75000,-1.32217,1.32742,2.85976
5596.80000,-1.32242,1.32748,2.91149
5596.85000,-1.32271,1.32754,2.96306
5596.90000,-1.32303,1.32759,3.01437
5596.95000,-1.32339,1.32763,3.06535
5597.00000,-1.32378,1.32765,3.11594
5597.05000,-1.32420,1.32765,-3.11712
5597.10000,-1.32463,1.32763,-3.06756
5597.15000,-1.32506,1.32758,-3.01861
5597.20000,-1.32550,1.32752,-2.97028
5597.25000,-1.32593,1.32743,-2.92259
5597.30000,-1.32635,1.32733,-2.87553
5597.35000,-1.32678,1.32720,-2.82910
5597.40000,-1.32720,1.32705,-2.78330
5597.45000,-1.32763,1.32688,-2.73809
5597.50000,-1.32807,1.32668,-2.69342
5597.55000,-1.32854,1.32644,-2.64926
5597.60000,-1.32903,1.32617,-2.60560
5597.65000,-1.32956,1.32584,-2.56247
5597.70000,-1.33011,1.32546,-2.51988
5597.75000,-1.33069,1.32502,-2.47787
5597.80000,-1.33129,1.32454,-2.43647
5597.85000,-1.33188,1.32401,-2.39574
5597.90000,-1.33245,1.32346,-2.35571
5597.95000,-1.33300,1.32289,-2.31639
5598.00000,-1.33353,1.32229,-2.27777
5598.05000,-1.33567,1.31976,-2.24072
5598.10000,-1.34091,1.31298,-2.20828
5598.15000,-1.34660,1.30500,-2.17254
5598.20000,-1.35211,1.29666,-2.13673
5598.25000,-1.35732,1.28816,-2.10158
5598.30000,-1.36223,1.27948,-2.06709
5598.35000,-1.36685,1.27063,-2.03328
5598.40000,-1.37117,1.26163,-2.00005
5598.45000,-1.37520,1.25249,-1.96749
5598.50000,-1.37892,1.24323,-1.93563
5598.55000,-1.38235,1.23386,-1.90446
5598.60000,-1.38550,1.22426,-1.87355
5598.65000,-1.38834,1.21467,-1.84381
5598.70000,-1.39089,1.20501,-1.81480
5598.75000,-1.39317,1.19527,-1.78657
5598.80000,-1.39518,1.18547,-1.75914
5598.85000,-1.39692,1.17563,-1.73251
5598.90000,-1.39840,1.16574,-1.70670
5598.95000,-1.39963,1.15582,-1.68172
5599.00000,-1.40062,1.14587,-1.65756
5599.05000,-1.40137,1.13589,-1.63413
5599.10000,-1.40189,1.12591,-1.61130
5599.15000,-1.40218,1.11591,-1.58899
5599.20000,-1.40225,1.10591,-1.56718
5599.25000,-1.40211,1.09591,-1.54591
5599.30000,-1.40176,1.08592,-1.52514
5599.35000,-1.40120,1.07594,-1.50489
5599.40000,-1.40044,1.06597,-1.48517
5599.45000,-1.39959,1.05600,-1.46544
5599.50000,-1.39946,1.05008,-1.44551
5599.55000,-1.39941,1.04942,-1.42697
5599.60000,-1.39937,1.04903,-1.40888
5599.65000,-1.39930,1.04848,-1.39080
5599.70000,-1.39922,1.04795,-1.37343
5599.75000,-1.39913,1.04744,-1.35674
5599.80000,-1.39904,1.04695,-1.34068
5599.85000,-1.39895,1.04646,-1.32510
5599.90000,-1.39884,1.04598,-1.30980
5599.95000,-1.39872,1.04548,-1.29464
5600.00000,-1.39860,1.04498,-1.27963
5600.05000,-1.39846,1.04446,-1.26481
5600.10000,-1.39830,1.04392,-1.25026
5600.15000,-1.39814,1.04337,-1.23605
5600.20000,-1.39796,1.04281,-1.22219
5600.25000,-1.39777,1.04225,-1.20880
5600.30000,-1.39757,1.04170,-1.19597
5600.35000,-1.39738,1.04116,-1.18375
5600.40000,-1.39727,1.04086,-1.17298
5600.45000,-1.39710,1.04045,-1.16234
5600.50000,-1.39696,1.04011,-1.15242
5600.55000,-1.39685,1.03987,-1.14342
5600.60000,-1.39674,1.03963,-1.13488
5600.65000,-1.39663,1.03939,-1.12671
5600.70000,-1.39647,1.03905,-1.11849
5600.75000,-1.39633,1.03877,-1.11088
5600.80000,-1.39616,1.03842,-1.10333
5600.85000,-1.39596,1.03803,-1.09591
5600.90000,-1.39572,1.03757,-1.08856
5600.95000,-1.39549,1.03713,-1.08164
5601.00000,-1.39522,1.03663,-1.07484
5601.05000,-1.39493,1.03610,-1.06815
5601.10000,-1.39466,1.03560,-1.06213
5601.15000,-1.39437,1.03508,-1.05628
5601.20000,-1.39407,1.03456,-1.05089
5601.25000,-1.39378,1.03404,-1.04569
5601.30000,-1.39349,1.03354,-1.04116
5601.35000,-1.39319,1.03303,-1.03693
5601.40000,-1.39289,1.03252,-1.03300
5601.45000,-1.39259,1.03202,-1.02939
5601.50000,-1.39230,1.03153,-1.02614
5601.55000,-1.39198,1.03101,-1.02302
5601.60000,-1.39166,1.03048,-1.02010
5601.65000,-1.39132,1.02994,-1.01735
5601.70000,-1.39098,1.02938,-1.01480
5601.75000,-1.39062,1.02880,-1.01251
5601.80000,-1.39023,1.02819,-1.01041
5601.85000,-1.38984,1.02757,-1.00839
5601.90000,-1.38945,1.02694,-1.00662
5601.95000,-1.38905,1.02631,-1.00502
5602.00000,-1.38863,1.02566,-1.00363
5602.05000,-1.38821,1.02499,-1.00246
5602.10000,-1.38778,1.02433,-1.00144
5602.15000,-1.38736,1.02366,-1.00073
5602.20000,-1.38694,1.02301,-1.00028
5602.25000,-1.38652,1.02235,-1.00019
5602.30000,-1.38611,1.02171,-1.00034
5602.35000,-1.38570,1.02107,-1.00075
5602.40000,-1.38529,1.02041,-1.00133
5602.45000,-1.38488,1.01977,-1.00199
5602.50000,-1.38446,1.01911,-1.00275
5602.55000,-1.38403,1.01843,-1.00352
5602.60000,-1.38359,1.01775,-1.00428
5602.65000,-1.38316,1.01707,-1.00505
5602.70000,-1.38272,1.01639,-1.00582
5602.75000,-1.38230,1.01573,-1.00675
5602.80000,-1.38187,1.01506,-1.00778
5602.85000,-1.38145,1.01438,-1.00881
5602.90000,-1.38101,1.01369,-1.00983
5602.95000,-1.38058,1.01300,-1.01085
5603.00000,-1.38015,1.01230,-1.01185
5603.05000,-1.37971,1.01161,-1.01289
5603.10000,-1.37928,1.01092,-1.01402
5603.15000,-1.37885,1.01022,-1.01520
5603.20000,-1.37842,1.00953,-1.01646
5603.25000,-1.37799,1.00883,-1.01776
5603.30000,-1.37755,1.00812,-1.01911
5603.35000,-1.37711,1.00741,-1.02048
5603.40000,-1.37666,1.00667,-1.02188
5603.45000,-1.37620,1.00592,-1.02329
5603.50000,-1.37573,1.00514,-1.02473
5603.55000,-1.37524,1.00434,-1.02619
5603.60000,-1.37367,1.00234,-1.02720
5603.65000,-1.36900,0.99702,-1.02697
5603.70000,-1.36401,0.99123,-1.02686
5603.75000,-1.35902,0.98544,-1.02676
5603.80000,-1.35402,0.97965,-1.02664
5603.85000,-1.34902,0.97386,-1.02652
5603.90000,-1.34402,0.96806,-1.02639
5603.95000,-1.33902,0.96227,-1.02626
5604.00000,-1.33401,0.95647,-1.02612
5604.05000,-1.32901,0.95066,-1.02597
5604.10000,-1.32400,0.94486,-1.02581
5604.15000,-1.31899,0.93906,-1.02564
5604.20000,-1.31397,0.93325,-1.02547
5604.25000,-1.30896,0.92744,-1.02528
5604.30000,-1.30395,0.92162,-1.02510
5604.35000,-1.29894,0.91581,-1.02492
5604.40000,-1.29393,0.91000,-1.02473
5604.45000,-1.28892,0.90418,-1.02455
5604.50000,-1.28391,0.89836,-1.02436
5604.55000,-1.27891,0.89254,-1.02417
5604.60000,-1.27390,0.88672,-1.02398
5604.65000,-1.26890,0.88090,-1.02379
5604.70000,-1.26390,0.87508,-1.02360
5604.75000,-1.25890,0.86925,-1.02340
5604.80000,-1.25390,0.86343,-1.02321
5604.85000,-1.24890,0.85760,-1.02301
5604.90000,-1.24378,0.84973,-1.02529
5604.95000,-1.23863,0.84122,-1.02842
5605.00000,-1.23351,0.83270,-1.03155
5605.05000,-1.22843,0.82418,-1.03470
5605.10000,-1.22335,0.81562,-1.03792
5605.15000,-1.21830,0.80703,-1.04104
5605.20000,-1.21329,0.79845,-1.04410
5605.25000,-1.20829,0.78983,-1.04708
5605.30000,-1.20330,0.78119,-1.04999
5605.35000,-1.19833,0.77250,-1.05289
5605.40000,-1.19339,0.76383,-1.05575
5605.45000,-1.18847,0.75509,-1.05857
5605.50000,-1.18356,0.74634,-1.06111
5605.55000,-1.17868,0.73761,-1.06345
5605.60000,-1.17380,0.72882,-1.06582
5605.65000,-1.16896,0.72004,-1.06797
5605.70000,-1.16415,0.71129,-1.06979
5605.75000,-1.15936,0.70252,-1.07130
5605.80000,-1.15457,0.69374,-1.07239
5605.85000,-1.14979,0.68496,-1.07310
5605.90000,-1.14502,0.67618,-1.07350
5605.95000,-1.14025,0.66738,-1.07346
5606.00000,-1.13547,0.65860,-1.07293
5606.05000,-1.13069,0.64981,-1.07160
5606.10000,-1.12591,0.64107,-1.06904
5606.15000,-1.12110,0.63235,-1.06506
5606.20000,-1.11623,0.62360,-1.05760
5606.25000,-1.11150,0.61503,-1.04871
5606.30000,-1.11051,0.61224,-1.03634
5606.35000,-1.11033,0.61190,-1.00514
5606.40000,-1.10998,0.61134,-0.96441
5606.45000,-1.10995,0.61130,-0.92231
5606.50000,-1.10991,0.61125,-0.87709
5606.55000,-1.10987,0.61120,-0.82937
5606.60000,-1.10982,0.61115,-0.77960
5606.65000,-1.10977,0.61110,-0.72817
5606.70000,-1.10970,0.61105,-0.67543
5606.75000,-1.10963,0.61100,-0.62170
5606.80000,-1.10955,0.61094,-0.56725
5606.85000,-1.10946,0.61088,-0.51227
5606.90000,-1.10935,0.61083,-0.45696
5606.95000,-1.10924,0.61078,-0.40146
5607.00000,-1.10912,0.61073,-0.34590
5607.05000,-1.10899,0.61069,-0.29036
5607.10000,-1.10884,0.61065,-0.23492
5607.15000,-1.10869,0.61062,-0.17966
5607.20000,-1.10854,0.61059,-0.12465
5607.25000,-1.10837,0.61058,-0.06994
5607.30000,-1.10820,0.61057,-0.01557
5607.35000,-1.10802,0.61057,0.03841
5607.40000,-1.10784,0.61058,0.09197
5607.45000,-1.10766,0.61061,0.14509
5607.50000,-1.10747,0.61064,0.19773
5607.55000,-1.10728,0.61068,0.24988
5607.60000,-1.10709,0.61074,0.30149
5607.65000,-1.10690,0.61080,0.35256
5607.70000,-1.10671,0.61087,0.40308
5607.75000,-1.10653,0.61096,0.45303
5607.80000,-1.10634,0.61106,0.50239
5607.85000,-1.10616,0.61116,0.55115
5607.90000,-1.10598,0.61128,0.59928
5607.95000,-1.10581,0.61140,0.64679
5608.00000,-1.10564,0.61154,0.69366
5608.05000,-1.10547,0.61168,0.73988
5608.10000,-1.10531,0.61183,0.78544
5608.15000,-1.10516,0.61199,0.83034
5608.20000,-1.10501,0.61216,0.87456
5608.25000,-1.10487,0.61234,0.91810
5608.30000,-1.10474,0.61252,0.96095
5608.35000,-1.10461,0.61271,1.00310
5608.40000,-1.10450,0.61290,1.04453
5608.45000,-1.10439,0.61310,1.08526
5608.50000,-1.10429,0.61330,1.12526
5608.55000,-1.10419,0.61350,1.16455
5608.60000,-1.10411,0.61371,1.20313
5608.65000,-1.10313,0.61557,1.24046
5608.70000,-1.10081,0.62245,1.27492
5608.75000,-1.09815,0.63178,1.31054
5608.80000,-1.09574,0.64155,1.34673
5608.85000,-1.09369,0.65134,1.38188
5608.90000,-1.09198,0.66119,1.41632
5608.95000,-1.09061,0.67110,1.45006
5609.00000,-1.08957,0.68104,1.48309
5609.05000,-1.08885,0.69101,1.51542
5609.10000,-1.08846,0.70100,1.54705
5609.15000,-1.08838,0.71100,1.57796
5609.20000,-1.08860,0.72100,1.60816
5609.25000,-1.08912,0.73098,1.63764
5609.30000,-1.08993,0.74095,1.66639
5609.35000,-1.09103,0.75089,1.69443
5609.40000,-1.09240,0.76085,1.72195
5609.45000,-1.09404,0.77071,1.74859
5609.50000,-1.09593,0.78053,1.77451
5609.55000,-1.09808,0.79029,1.79971
5609.60000,-1.10048,0.80007,1.82446
5609.65000,-1.10312,0.80977,1.84849
5609.70000,-1.10616,0.81995,1.87417
5609.75000,-1.10932,0.82974,1.89768
5609.80000,-1.11267,0.83931,1.91982
5609.85000,-1.11621,0.84875,1.94101
5609.90000,-1.11983,0.85807,1.96192
5609.95000,-1.12042,0.86212,1.98298
5610.00000,-1.12054,0.86243,2.00250
5610.05000,-1.12061,0.86257,2.02075
5610.10000,-1.12068,0.86272,2.03827
5610.15000,-1.12076,0.86287,2.05516
5610.20000,-1.12084,0.86302,2.07143
5610.25000,-1.12092,0.86316,2.08708
5610.30000,-1.12100,0.86331,2.10211
5610.35000,-1.12109,0.86345,2.11653
5610.40000,-1.12118,0.86360,2.13036
5610.45000,-1.12127,0.86374,2.14358
5610.50000,-1.12137,0.86389,2.15621
5610.55000,-1.12147,0.86403,2.16825
5610.60000,-1.12157,0.86418,2.17971
5610.65000,-1.12167,0.86433,2.19060
5610.70000,-1.12178,0.86449,2.20093
5610.75000,-1.12190,0.86464,2.21071
5610.80000,-1.12201,0.86479,2.21995
5610.85000,-1.12212,0.86494,2.22866
5610.90000,-1.12224,0.86508,2.23684
5610.95000,-1.12235,0.86523,2.24451
5611.00000,-1.12247,0.86538,2.25167
5611.05000,-1.12259,0.86552,2.25833
5611.10000,-1.12271,0.86567,2.26449
5611.15000,-1.12284,0.86582,2.27015
5611.20000,-1.12296,0.86597,2.27533
5611.25000,-1.12309,0.86612,2.28003
5611.30000,-1.12322,0.86627,2.28433
5611.35000,-1.12337,0.86644,2.28832
5611.40000,-1.12351,0.86660,2.29195
5611.45000,-1.12366,0.86677,2.29501
5611.50000,-1.12379,0.86693,2.29773
5611.55000,-1.12395,0.86711,2.29999
5611.60000,-1.12408,0.86726,2.30174
5611.65000,-1.12422,0.86740,2.30303
5611.70000,-1.12436,0.86756,2.30392
5611.75000,-1.12449,0.86772,2.30440
5611.80000,-1.12462,0.86788,2.30446
5611.85000,-1.12474,0.86804,2.30410
5611.90000,-1.12485,0.86819,2.30334
5611.95000,-1.12497,0.86833,2.30219
5612.00000,-1.12507,0.86847,2.30067
5612.05000,-1.12517,0.86860,2.29879
5612.10000,-1.12525,0.86873,2.29656
5612.15000,-1.12534,0.86885,2.29398
5612.20000,-1.12542,0.86897,2.29106
5612.25000,-1.12549,0.86907,2.28782
5612.30000,-1.12556,0.86918,2.28426
5612.35000,-1.12562,0.86927,2.28039
5612.40000,-1.12568,0.86936,2.27621
5612.45000,-1.12573,0.86945,2.27174
5612.50000,-1.12578,0.86953,2.26698
5612.55000,-1.12582,0.86961,2.26194
5612.60000,-1.12586,0.86969,2.25664
5612.65000,-1.12590,0.86976,2.25108
5612.70000,-1.12593,0.86982,2.24529
5612.75000,-1.12596,0.86988,2.23926
5612.80000,-1.12598,0.86994,2.23301
5612.85000,-1.12600,0.87000,2.22655
5612.90000,-1.12602,0.87005,2.21987
5612.95000,-1.12604,0.87009,2.21302
5613.00000,-1.12604,0.87013,2.20596
5613.05000,-1.12606,0.87017,2.19873
5613.10000,-1.12606,0.87021,2.19131
5613.15000,-1.12606,0.87024,2.18374
5613.20000,-1.12607,0.87027,2.17601
5613.25000,-1.12607,0.87030,2.16811
5613.30000,-1.12606,0.87032,2.16007
5613.35000,-1.12606,0.87034,2.15189
5613.40000,-1.12605,0.87037,2.14360
5613.45000,-1.12604,0.87038,2.13519
5613.50000,-1.12603,0.87040,2.12667
5613.55000,-1.12602,0.87041,2.11805
5613.60000,-1.12601,0.87042,2.10935
5613.65000,-1.12600,0.87043,2.10054
5613.70000,-1.12598,0.87044,2.09166
5613.75000,-1.12597,0.87044,2.08270
5613.80000,-1.12595,0.87045,2.07368
5613.85000,-1.12594,0.87045,2.06458
5613.90000,-1.12592,0.87045,2.05542
5613.95000,-1.12590,0.87045,2.04620
5614.00000,-1.12588,0.87045,2.03694
5614.05000,-1.12587,0.87045,2.02764
5614.10000,-1.12585,0.87045,2.01831
5614.15000,-1.12583,0.87044,2.00894
5614.20000,-1.12581,0.87044,1.99955
5614.25000,-1.12579,0.87043,1.99014
5614.30000,-1.12577,0.87043,1.98072
5614.35000,-1.12575,0.87042,1.97129
5614.40000,-1.12573,0.87042,1.96185
5614.45000,-1.12572,0.87041,1.95243
5614.50000,-1.12570,0.87041,1.94301
5614.55000,-1.12568,0.87040,1.93361
5614.60000,-1.12566,0.87040,1.92422
5614.65000,-1.12564,0.87039,1.91485
5614.70000,-1.12562,0.87039,1.90551
5614.75000,-1.12561,0.87039,1.89620
5614.80000,-1.12559,0.87038,1.88692
5614.85000,-1.12684,0.87206,1.87820
5614.90000,-1.12969,0.87697,1.86997
5614.95000,-1.13255,0.88603,1.86101
5615.00000,-1.13533,0.89550,1.85216
5615.05000,-1.13801,0.90496,1.84311
5615.10000,-1.14061,0.91443,1.83398
5615.15000,-1.14314,0.92399,1.82519
5615.20000,-1.14558,0.93359,1.81641
5615.25000,-1.14797,0.94328,1.80795
5615.30000,-1.15028,0.95301,1.79954
5615.35000,-1.15250,0.96276,1.79109
5615.40000,-1.15465,0.97252,1.78259
5615.45000,-1.15671,0.98231,1.77403
5615.50000,-1.15868,0.99211,1.76541
5615.55000,-1.16055,1.00177,1.75622
5615.60000,-1.16230,1.01140,1.74658
5615.65000,-1.16394,1.02101,1.73674
5615.70000,-1.16549,1.03064,1.72679
5615.75000,-1.16695,1.04029,1.71671
5615.80000,-1.16830,1.04994,1.70648
5615.85000,-1.16956,1.05960,1.69605
5615.90000,-1.17071,1.06927,1.68542
5615.95000,-1.17176,1.07894,1.67452
5616.00000,-1.17270,1.08862,1.66334
5616.05000,-1.17353,1.09830,1.65183
5616.10000,-1.17424,1.10798,1.63998
5616.15000,-1.17484,1.11766,1.62773
5616.20000,-1.17532,1.12734,1.61497
5616.25000,-1.17567,1.13700,1.60153
5616.30000,-1.17591,1.14689,1.58787
5616.35000,-1.17609,1.15659,1.57350
5616.40000,-1.17611,1.16135,1.55954
5616.45000,-1.17610,1.16158,1.54493
5616.50000,-1.17609,1.16179,1.52813
5616.55000,-1.17608,1.16212,1.51136
5616.60000,-1.17608,1.16202,1.49502
5616.65000,-1.17607,1.16200,1.47882
5616.70000,-1.17609,1.16175,1.46207
5616.75000,-1.17612,1.16148,1.44546
5616.80000,-1.17615,1.16122,1.42892
5616.85000,-1.17559,1.16320,1.41203
5616.90000,-1.17409,1.17145,1.39630
5616.95000,-1.17231,1.18093,1.37986
5617.00000,-1.17039,1.19048,1.36342
5617.05000,-1.17017,1.19523,1.34696
5617.10000,-1.17016,1.19528,1.32733
5617.15000,-1.17010,1.19544,1.30574
5617.20000,-1.17009,1.19539,1.28380
5617.25000,-1.17010,1.19528,1.26212
5617.30000,-1.17006,1.19539,1.24090
5617.35000,-1.17004,1.19541,1.21992
5617.40000,-1.17003,1.19536,1.19893
5617.45000,-1.16998,1.19550,1.17892
5617.50000,-1.16992,1.19564,1.15919
5617.55000,-1.16994,1.19557,1.13875
5617.60000,-1.16994,1.19554,1.11837
5617.65000,-1.16988,1.19566,1.09846
5617.70000,-1.16982,1.19577,1.07853
5617.75000,-1.16976,1.19589,1.05865
5617.80000,-1.16969,1.19600,1.03858
5617.85000,-1.16963,1.19611,1.01804
5617.90000,-1.16955,1.19624,0.99685
5617.95000,-1.16946,1.19637,0.97507
5618.00000,-1.16938,1.19649,0.95313
5618.05000,-1.16929,1.19661,0.93123
5618.10000,-1.16920,1.19672,0.90955
5618.15000,-1.16910,1.19684,0.88819
5618.20000,-1.16900,1.19695,0.86707
5618.25000,-1.16734,1.19868,0.84540
5618.30000,-1.16166,1.20494,0.82514
5618.35000,-1.15492,1.21207,0.80347
5618.40000,-1.14798,1.21928,0.78251
5618.45000,-1.14545,1.22204,0.76206
5618.50000,-1.14543,1.22204,0.73830
5618.55000,-1.14532,1.22214,0.71466
5618.60000,-1.14521,1.22223,0.69126
5618.65000,-1.14510,1.22232,0.66831
5618.70000,-1.14325,1.22396,0.64611
5618.75000,-1.13624,1.22918,0.62574
5618.80000,-1.12842,1.23468,0.60222
5618.85000,-1.12057,1.23993,0.57829
5618.90000,-1.11257,1.24500,0.55445
5618.95000,-1.10443,1.24989,0.53052
5619.00000,-1.09587,1.25476,0.50766
5619.05000,-1.08751,1.25929,0.48363
5619.10000,-1.07884,1.26370,0.46043
5619.15000,-1.07010,1.26790,0.43789
5619.20000,-1.06118,1.27194,0.41652
5619.25000,-1.05216,1.27582,0.39609
5619.30000,-1.04303,1.27954,0.37678
5619.35000,-1.03392,1.28304,0.35772
5619.40000,-1.02471,1.28637,0.33946
5619.45000,-1.01533,1.28959,0.32221
5619.50000,-1.00582,1.29268,0.30554
5619.55000,-0.99648,1.29554,0.28803
5619.60000,-0.98728,1.29817,0.26950
5619.65000,-0.97805,1.30062,0.25142
5619.70000,-0.96864,1.30297,0.23513
5619.75000,-0.95904,1.30523,0.22084
5619.80000,-0.94942,1.30734,0.20929
5619.85000,-0.93971,1.30937,0.20092
5619.90000,-0.93027,1.31134,0.19239
5619.95000,-0.92750,1.31159,0.18914
5620.00000,-0.92746,1.31160,0.19244
5620.05000,-0.92750,1.31159,0.19831
5620.10000,-0.92741,1.31160,0.20495
5620.15000,-0.92732,1.31161,0.21184
5620.20000,-0.92715,1.31163,0.21930
5620.25000,-0.92704,1.31164,0.22618
5620.30000,-0.92708,1.31163,0.23256
5620.35000,-0.92704,1.31164,0.23832
5620.40000,-0.92695,1.31166,0.24265
5620.45000,-0.92693,1.31166,0.24599
5620.50000,-0.92687,1.31168,0.24695
5620.55000,-0.92676,1.31171,0.24585
5620.60000,-0.92529,1.31271,0.24564
5620.65000,-0.91833,1.31503,0.24337
5620.70000,-0.90876,1.31739,0.23569
5620.75000,-0.89924,1.31964,0.22597
5620.80000,-0.88967,1.32180,0.21536
5620.85000,-0.88004,1.32386,0.20492
5620.90000,-0.87043,1.32582,0.19513
5620.95000,-0.86077,1.32771,0.18632
5621.00000,-0.85101,1.32951,0.17913
5621.05000,-0.84123,1.33126,0.17431
5621.10000,-0.83141,1.33298,0.17119
5621.15000,-0.82161,1.33466,0.16778
5621.20000,-0.81187,1.33629,0.16303
5621.25000,-0.80216,1.33785,0.15558
5621.30000,-0.79261,1.33930,0.14370
5621.35000,-0.78307,1.34066,0.12735
5621.40000,-0.77353,1.34180,0.09766
5621.45000,-0.76487,1.34248,0.05469
5621.50000,-0.75795,1.34268,0.00043
5621.55000,-0.75346,1.34261,-0.06338
5621.60000,-0.75164,1.34245,-0.13766
5621.65000,-0.75145,1.34242,-0.21775
5621.70000,-0.75140,1.34240,-0.29727
5621.75000,-0.75134,1.34238,-0.37476
5621.80000,-0.75129,1.34236,-0.45063
5621.85000,-0.75124,1.34233,-0.52560
5621.90000,-0.75118,1.34230,-0.59967
5621.95000,-0.75113,1.34226,-0.67298
5622.00000,-0.75108,1.34222,-0.74557
5622.05000,-0.75103,1.34217,-0.81727
5622.10000,-0.75099,1.34212,-0.88739
5622.15000,-0.75095,1.34207,-0.95513
5622.20000,-0.75092,1.34202,-1.02007
5622.25000,-0.75089,1.34196,-1.08213
5622.30000,-0.75086,1.34191,-1.14154
5622.35000,-0.75084,1.34185,-1.19894
5622.40000,-0.75082,1.34180,-1.25567
5622.45000,-0.75080,1.34174,-1.31175
5622.50000,-0.75079,1.34167,-1.36731
5622.55000,-0.75077,1.34161,-1.42224
5622.60000,-0.75077,1.34153,-1.47656
5622.65000,-0.75076,1.34146,-1.53036
5622.70000,-0.75076,1.34138,-1.58306
5622.75000,-0.75076,1.34130,-1.63461
5622.80000,-0.75077,1.34122,-1.68481
5622.85000,-0.75078,1.34114,-1.73295
5622.90000,-0.75066,1.34175,-1.78131
5622.95000,-0.75127,1.34045,-1.82841
5623.00000,-0.75331,1.33371,-1.86941
5623.05000,-0.75607,1.32536,-1.91169
5623.10000,-0.75924,1.31695,-1.95221
5623.15000,-0.76277,1.30865,-1.99099
5623.20000,-0.76661,1.30045,-2.02861
5623.25000,-0.77078,1.29236,-2.06436
5623.30000,-0.77526,1.28434,-2.09675
5623.35000,-0.77988,1.27637,-2.12868
5623.40000,-0.78234,1.27148,-2.15086
5623.45000,-0.78440,1.26780,-2.15320
5623.50000,-0.78669,1.26400,-2.14091
5623.55000,-0.78760,1.26249,-2.11179
5623.60000,-0.78797,1.26184,-2.08209
5623.65000,-0.78825,1.26134,-2.05787
5623.70000,-0.78846,1.26091,-2.03857
5623.75000,-0.78863,1.26057,-2.02279
5623.80000,-0.78880,1.26022,-2.00904
5623.85000,-0.78898,1.25987,-1.99652
5623.90000,-0.78914,1.25950,-1.98420
5623.95000,-0.78930,1.25913,-1.97154
5624.00000,-0.78946,1.25875,-1.95832
5624.05000,-0.78962,1.25834,-1.94420
5624.10000,-0.78978,1.25793,-1.92945
5624.15000,-0.78993,1.25751,-1.91390
5624.20000,-0.79010,1.25706,-1.89766
5624.25000,-0.79027,1.25657,-1.88120
5624.30000,-0.79040,1.25612,-1.86493
5624.35000,-0.79055,1.25562,-1.84919
5624.40000,-0.79068,1.25513,-1.83409
5624.45000,-0.79081,1.25464,-1.81947
5624.50000,-0.79093,1.25415,-1.80511
5624.55000,-0.79101,1.25370,-1.79073
5624.60000,-0.79110,1.25326,-1.77667
5624.65000,-0.79118,1.25282,-1.76268
5624.70000,-0.79126,1.25241,-1.74874
5624.75000,-0.79135,1.25187,-1.73534
5624.80000,-0.79141,1.25142,-1.72153
5624.85000,-0.79148,1.25090,-1.70733
5624.90000,-0.79152,1.25039,-1.69263
5624.95000,-0.79156,1.24993,-1.67671
5625.00000,-0.79159,1.24950,-1.66145
5625.05000,-0.79162,1.24904,-1.64567
5625.10000,-0.79165,1.24845,-1.62978
5625.15000,-0.79167,1.24810,-1.61278
5625.20000,-0.79168,1.24770,-1.59673
5625.25000,-0.79168,1.24728,-1.58188
5625.30000,-0.79169,1.24664,-1.56686
5625.35000,-0.79168,1.24606,-1.55284
5625.40000,-0.79167,1.24536,-1.53872
5625.45000,-0.79165,1.24469,-1.52525
5625.50000,-0.79163,1.24401,-1.51190
5625.55000,-0.79161,1.24373,-1.49836
5625.60000,-0.79160,1.24359,-1.48485
5625.65000,-0.79159,1.24345,-1.47141
5625.70000,-0.79157,1.24331,-1.45807
5625.75000,-0.79156,1.24316,-1.44486
5625.80000,-0.79154,1.24301,-1.43181
5625.85000,-0.79151,1.24285,-1.41895
5625.90000,-0.79148,1.24267,-1.40644
5625.95000,-0.79145,1.24247,-1.39436
5626.00000,-0.79140,1.24222,-1.38266
5626.05000,-0.79135,1.24194,-1.37125
5626.10000,-0.79128,1.24162,-1.36005
5626.15000,-0.79120,1.24126,-1.34901
5626.20000,-0.79111,1.24086,-1.33814
5626.25000,-0.79100,1.24042,-1.32742
5626.30000,-0.79088,1.23995,-1.31681
5626.35000,-0.79076,1.23947,-1.30627
5626.40000,-0.79062,1.23899,-1.29576
5626.45000,-0.79048,1.23851,-1.28530
5626.50000,-0.79034,1.23803,-1.27488
5626.55000,-0.79019,1.23755,-1.26453
5626.60000,-0.79004,1.23707,-1.25425
5626.65000,-0.78988,1.23659,-1.24404
5626.70000,-0.78971,1.23610,-1.23395
5626.75000,-0.78953,1.23559,-1.22404
5626.80000,-0.78824,1.23338,-1.21386
5626.85000,-0.78492,1.22501,-1.20508
5626.90000,-0.78138,1.21590,-1.19589
5626.95000,-0.77776,1.20682,-1.18686
5627.00000,-0.77406,1.19777,-1.17802
5627.05000,-0.77028,1.18875,-1.16932
5627.10000,-0.76638,1.17967,-1.16087
5627.15000,-0.76245,1.17071,-1.15226
5627.20000,-0.75843,1.16179,-1.14363
5627.25000,-0.75434,1.15290,-1.13498
5627.30000,-0.75017,1.14405,-1.12628
5627.35000,-0.74593,1.13524,-1.11750
5627.40000,-0.74161,1.12647,-1.10861
5627.45000,-0.73713,1.11758,-1.10001
5627.50000,-0.73255,1.10866,-1.09109
5627.55000,-0.72788,1.09975,-1.08261
5627.60000,-0.72313,1.09089,-1.07396
5627.65000,-0.71833,1.08211,-1.06570
5627.70000,-0.71346,1.07339,-1.05786
5627.75000,-0.70851,1.06468,-1.04943
5627.80000,-0.70345,1.05594,-1.04024
5627.85000,-0.69829,1.04722,-1.03041
5627.90000,-0.69299,1.03847,-1.01924
5627.95000,-0.68753,1.02971,-1.00622
5628.00000,-0.68201,1.02097,-0.99304
5628.05000,-0.68026,1.01634,-0.97822
5628.10000,-0.67987,1.01557,-0.95518
5628.15000,-0.67944,1.01496,-0.92695
5628.20000,-0.67895,1.01432,-0.89776
5628.25000,-0.67846,1.01371,-0.86830
5628.30000,-0.67793,1.01309,-0.83866
5628.35000,-0.67741,1.01252,-0.80942
5628.40000,-0.67687,1.01196,-0.78140
5628.45000,-0.67636,1.01146,-0.75488
5628.50000,-0.67587,1.01100,-0.73031
5628.55000,-0.67544,1.01062,-0.70754
5628.60000,-0.67501,1.01025,-0.68661
5628.65000,-0.67459,1.00993,-0.66665
5628.70000,-0.67417,1.00961,-0.64694
5628.75000,-0.67374,1.00929,-0.62720
5628.80000,-0.67333,1.00901,-0.60719
5628.85000,-0.67291,1.00873,-0.58674
5628.90000,-0.67258,1.00851,-0.56552
5628.95000,-0.67225,1.00829,-0.54429
5629.00000,-0.67192,1.00807,-0.52305
5629.05000,-0.67158,1.00785,-0.50181
5629.10000,-0.67124,1.00762,-0.48056
5629.15000,-0.66884,1.00615,-0.46028
5629.20000,-0.66069,1.00212,-0.44224
5629.25000,-0.65141,0.99773,-0.42081
5629.30000,-0.64633,0.99645,-0.40080
5629.35000,-0.64545,0.99618,-0.37090
5629.40000,-0.64461,0.99587,-0.33778
5629.45000,-0.64382,0.99562,-0.30543
5629.50000,-0.64309,0.99543,-0.27489
5629.55000,-0.64240,0.99526,-0.24650
5629.60000,-0.64187,0.99515,-0.22054
5629.65000,-0.64143,0.99506,-0.19679
5629.70000,-0.63898,0.99436,-0.17429
5629.75000,-0.63059,0.99291,-0.15436
5629.80000,-0.62123,0.99155,-0.13265
5629.85000,-0.61185,0.99030,-0.11091
5629.90000,-0.60706,0.99024,-0.09081
5629.95000,-0.60619,0.99021,-0.06205
5630.00000,-0.60578,0.99020,-0.02915
5630.05000,-0.60561,0.99019,0.00277
5630.10000,-0.60497,0.99021,0.03639
5630.15000,-0.60405,0.99026,0.07060
5630.20000,-0.60315,0.99033,0.10372
5630.25000,-0.60237,0.99039,0.13527
5630.30000,-0.60165,0.99047,0.16497
5630.35000,-0.60153,0.99046,0.19137
5630.40000,-0.59921,0.99120,0.21841
5630.45000,-0.59083,0.99326,0.24050
5630.50000,-0.58155,0.99566,0.26227
5630.55000,-0.57213,0.99833,0.28544
5630.60000,-0.56255,1.00122,0.30913
5630.65000,-0.55298,1.00436,0.33432
5630.70000,-0.54362,1.00772,0.36154
5630.75000,-0.53422,1.01137,0.38858
5630.80000,-0.52529,1.01502,0.41573
5630.85000,-0.51781,1.01727,0.44374
5630.90000,-0.51622,1.01741,0.47328
5630.95000,-0.51623,1.01742,0.50479
5631.00000,-0.51438,1.01892,0.53275
5631.05000,-0.50690,1.02355,0.55585
5631.10000,-0.49868,1.02878,0.57939
5631.15000,-0.49082,1.03404,0.60103
5631.20000,-0.48300,1.03950,0.61912
5631.25000,-0.47519,1.04515,0.63337
5631.30000,-0.46729,1.05102,0.64397
5631.35000,-0.45953,1.05687,0.65439
5631.40000,-0.45700,1.05845,0.66377
5631.45000,-0.45694,1.05850,0.66587
5631.50000,-0.45687,1.05855,0.66692
5631.55000,-0.45680,1.05860,0.66794
5631.60000,-0.45673,1.05866,0.66896
5631.65000,-0.45671,1.05868,0.66795
5631.70000,-0.45670,1.05869,0.66569
5631.75000,-0.45671,1.05869,0.66180
5631.80000,-0.45669,1.05870,0.65583
5631.85000,-0.45673,1.05867,0.64822
5631.90000,-0.45678,1.05864,0.63810
5631.95000,-0.45689,1.05856,0.62656
5632.00000,-0.45693,1.05854,0.61447
5632.05000,-0.45700,1.05849,0.60174
5632.10000,-0.45706,1.05845,0.58703
5632.15000,-0.45716,1.05839,0.57216
5632.20000,-0.45721,1.05837,0.55741
5632.25000,-0.45731,1.05832,0.54171
5632.30000,-0.45763,1.05814,0.52511
5632.35000,-0.45796,1.05796,0.50817
5632.40000,-0.45829,1.05778,0.49105
5632.45000,-0.45864,1.05760,0.47370
5632.50000,-0.45899,1.05743,0.45608
5632.55000,-0.45936,1.05726,0.43819
5632.60000,-0.45973,1.05709,0.41994
5632.65000,-0.46012,1.05692,0.40141
5632.70000,-0.46051,1.05677,0.38297
5632.75000,-0.46070,1.05671,0.36564
5632.80000,-0.46075,1.05672,0.34927
5632.85000,-0.46102,1.05664,0.33301
5632.90000,-0.46135,1.05654,0.31781
5632.95000,-0.46140,1.05654,0.30486
5633.00000,-0.46148,1.05653,0.29394
5633.05000,-0.46143,1.05654,0.28527
5633.10000,-0.46148,1.05653,0.27753
5633.15000,-0.46152,1.05653,0.27126
5633.20000,-0.45976,1.05755,0.26586
5633.25000,-0.45275,1.06001,0.26175
5633.30000,-0.44315,1.06259,0.26131
5633.35000,-0.43347,1.06520,0.26666
5633.40000,-0.42404,1.06772,0.27324
5633.45000,-0.41949,1.06837,0.28527
5633.50000,-0.41896,1.06850,0.31395
5633.55000,-0.41892,1.06851,0.34722
5633.60000,-0.41888,1.06852,0.38205
5633.65000,-0.41884,1.06854,0.41775
5633.70000,-0.41879,1.06857,0.45403
5633.75000,-0.41873,1.06860,0.49068
5633.80000,-0.41867,1.06863,0.52755
5633.85000,-0.41860,1.06867,0.56450
5633.90000,-0.41853,1.06872,0.60145
5633.95000,-0.41845,1.06877,0.63833
5634.00000,-0.41838,1.06883,0.67510
5634.05000,-0.41829,1.06890,0.71171
5634.10000,-0.41792,1.06921,0.74954
5634.15000,-0.41756,1.06954,0.78809
5634.20000,-0.41754,1.06954,0.82650
5634.25000,-0.41680,1.07037,0.86601
5634.30000,-0.41610,1.07123,0.90520
5634.35000,-0.41549,1.07203,0.94360
5634.40000,-0.41492,1.07285,0.98156
5634.45000,-0.41436,1.07372,1.01920
5634.50000,-0.41387,1.07456,1.05664
5634.55000,-0.41343,1.07537,1.09296
5634.60000,-0.41303,1.07619,1.12962
5634.65000,-0.41261,1.07711,1.16531
5634.70000,-0.41223,1.07804,1.20032
5634.75000,-0.41190,1.07895,1.23494
5634.80000,-0.41160,1.07988,1.26914
5634.85000,-0.41134,1.08078,1.30247
5634.90000,-0.41112,1.08168,1.33553
5634.95000,-0.41093,1.08259,1.36800
5635.00000,-0.41077,1.08348,1.39972
5635.05000,-0.41063,1.08441,1.43094
5635.10000,-0.41051,1.08533,1.46153
5635.15000,-0.41041,1.08623,1.49151
5635.20000,-0.41016,1.08870,1.52129
5635.25000,-0.40983,1.09681,1.54934
5635.30000,-0.40975,1.10749,1.57755
5635.35000,-0.40997,1.11818,1.60520
5635.40000,-0.41048,1.12884,1.63212
5635.45000,-0.41121,1.13893,1.65667
5635.50000,-0.41217,1.14881,1.68006
5635.55000,-0.41336,1.15878,1.70264
5635.60000,-0.41480,1.16880,1.72444
5635.65000,-0.41640,1.17838,1.74632
5635.70000,-0.41822,1.18805,1.76683
5635.75000,-0.42016,1.19736,1.78661
5635.80000,-0.42236,1.20700,1.80339
5635.85000,-0.42474,1.21677,1.81769
5635.90000,-0.42724,1.22652,1.82869
5635.95000,-0.42987,1.23627,1.83928
5636.00000,-0.43024,1.24085,1.84451
5636.05000,-0.43037,1.24145,1.82618
5636.10000,-0.43065,1.24215,1.79872
5636.15000,-0.43073,1.24252,1.76382
5636.20000,-0.43073,1.24257,1.72604
5636.25000,-0.43074,1.24261,1.68725
5636.30000,-0.43074,1.24266,1.64779
5636.35000,-0.43075,1.24271,1.60770
5636.40000,-0.43075,1.24276,1.56701
5636.45000,-0.43075,1.24281,1.52580
5636.50000,-0.43074,1.24287,1.48409
5636.55000,-0.43074,1.24292,1.44194
5636.60000,-0.43073,1.24298,1.39938
5636.65000,-0.43071,1.24304,1.35648
5636.70000,-0.43070,1.24311,1.31324
5636.75000,-0.43068,1.24317,1.26974
5636.80000,-0.43066,1.24324,1.22599
5636.85000,-0.43063,1.24331,1.18203
5636.90000,-0.43060,1.24337,1.13790
5636.95000,-0.43057,1.24344,1.09362
5637.00000,-0.43053,1.24351,1.04924
5637.05000,-0.43049,1.24358,1.00477
5637.10000,-0.43044,1.24366,0.96025
5637.15000,-0.43039,1.24373,0.91570
5637.20000,-0.43033,1.24380,0.87116
5637.25000,-0.43027,1.24387,0.82665
5637.30000,-0.43021,1.24393,0.78219
5637.35000,-0.43013,1.24400,0.73782
5637.40000,-0.43006,1.24407,0.69355
5637.45000,-0.42998,1.24413,0.64941
5637.50000,-0.42989,1.24419,0.60542
5637.55000,-0.42980,1.24425,0.56160
5637.60000,-0.42971,1.24431,0.51797
5637.65000,-0.42961,1.24436,0.47454
5637.70000,-0.42950,1.24442,0.43134
5637.75000,-0.42939,1.24446,0.38840
5637.80000,-0.42928,1.24451,0.34572
5637.85000,-0.42916,1.24455,0.30332
5637.90000,-0.42903,1.24458,0.26122
5637.95000,-0.42891,1.24461,0.21943
5638.00000,-0.42877,1.24464,0.17797
5638.05000,-0.42864,1.24466,0.13685
5638.10000,-0.42850,1.24468,0.09607
5638.15000,-0.42836,1.24469,0.05566
5638.20000,-0.42821,1.24470,0.01561
5638.25000,-0.42806,1.24469,-0.02404
5638.30000,-0.42791,1.24469,-0.06331
5638.35000,-0.42776,1.24468,-0.10217
5638.40000,-0.42760,1.24466,-0.14064
5638.45000,-0.42744,1.24463,-0.17868
5638.50000,-0.42729,1.24460,-0.21629
5638.55000,-0.42713,1.24456,-0.25346
5638.60000,-0.42697,1.24452,-0.29018
5638.65000,-0.42681,1.24447,-0.32644
5638.70000,-0.42666,1.24441,-0.36225
5638.75000,-0.42650,1.24435,-0.39758
5638.80000,-0.42635,1.24428,-0.43244
5638.85000,-0.42619,1.24421,-0.46681
5638.90000,-0.42604,1.24413,-0.50069
5638.95000,-0.42589,1.24404,-0.53408
5639.00000,-0.42574,1.24395,-0.56696
5639.05000,-0.42560,1.24385,-0.59931
5639.10000,-0.42545,1.24375,-0.63116
5639.15000,-0.42362,1.24218,-0.66276
5639.20000,-0.41742,1.23718,-0.69142
5639.25000,-0.41007,1.23089,-0.72232
5639.30000,-0.40296,1.22442,-0.75331
5639.35000,-0.39617,1.21784,-0.78392
5639.40000,-0.38921,1.21070,-0.81140
5639.45000,-0.38242,1.20336,-0.83733
5639.50000,-0.37581,1.19586,-0.86126
5639.55000,-0.36967,1.18852,-0.88333
5639.60000,-0.36388,1.18144,-0.90485
5639.65000,-0.36085,1.17741,-0.92055
5639.70000,-0.35976,1.17608,-0.90856
5639.75000,-0.35969,1.17599,-0.87580
5639.80000,-0.35967,1.17597,-0.84068
5639.85000,-0.35965,1.17595,-0.80530
5639.90000,-0.35963,1.17593,-0.76949
5639.95000,-0.35961,1.17591,-0.73322
5640.00000,-0.35959,1.17590,-0.69645
5640.05000,-0.35957,1.17588,-0.65939
5640.10000,-0.35955,1.17586,-0.62213
5640.15000,-0.35953,1.17585,-0.58465
5640.20000,-0.35951,1.17584,-0.54698
5640.25000,-0.35949,1.17583,-0.50916
5640.30000,-0.35947,1.17581,-0.47121
5640.35000,-0.35945,1.17580,-0.43317
5640.40000,-0.35943,1.17579,-0.39505
5640.45000,-0.35940,1.17579,-0.35677
5640.50000,-0.35939,1.17578,-0.31804
5640.55000,-0.35937,1.17578,-0.27877
5640.60000,-0.35935,1.17577,-0.23892
5640.65000,-0.35934,1.17577,-0.19853
5640.70000,-0.35932,1.17576,-0.15789
5640.75000,-0.35930,1.17576,-0.11724
5640.80000,-0.35928,1.17576,-0.07657
5640.85000,-0.35926,1.17576,-0.03591
5640.90000,-0.35925,1.17576,0.00490
5640.95000,-0.35923,1.17576,0.04646
5641.00000,-0.35921,1.17576,0.08906
5641.05000,-0.35920,1.17576,0.13274
5641.10000,-0.35919,1.17576,0.17654
5641.15000,-0.35917,1.17577,0.22093
5641.20000,-0.35916,1.17577,0.26660
5641.25000,-0.35915,1.17577,0.31331
5641.30000,-0.35914,1.17578,0.36072
5641.35000,-0.35913,1.17578,0.40851
5641.40000,-0.35912,1.17578,0.45641
5641.45000,-0.35911,1.17579,0.50468
5641.50000,-0.35910,1.17580,0.55334
5641.55000,-0.35909,1.17580,0.60237
5641.60000,-0.35908,1.17581,0.65174
5641.65000,-0.35907,1.17581,0.70102
5641.70000,-0.35906,1.17582,0.74943
5641.75000,-0.35905,1.17583,0.79744
5641.80000,-0.35904,1.17584,0.84620
5641.85000,-0.35903,1.17586,0.89620
5641.90000,-0.35901,1.17588,0.94775
5641.95000,-0.35900,1.17590,1.00108
5642.00000,-0.35898,1.17593,1.05694
5642.05000,-0.35897,1.17595,1.11635
5642.10000,-0.35896,1.17598,1.17962
5642.15000,-0.35895,1.17601,1.24614
5642.20000,-0.35894,1.17604,1.31438
5642.25000,-0.35893,1.17607,1.38247
5642.30000,-0.35893,1.17610,1.45041
5642.35000,-0.35892,1.17614,1.51824
5642.40000,-0.35892,1.17617,1.58588
5642.45000,-0.35892,1.17620,1.65319
5642.50000,-0.35893,1.17624,1.72007
5642.55000,-0.35894,1.17627,1.78628
5642.60000,-0.35895,1.17631,1.85128
5642.65000,-0.35896,1.17635,1.91391
5642.70000,-0.35898,1.17639,1.97411
5642.75000,-0.35900,1.17644,2.03240
5642.80000,-0.35902,1.17648,2.08958
5642.85000,-0.35905,1.17653,2.14674
5642.90000,-0.35908,1.17658,2.20431
5642.95000,-0.35912,1.17662,2.26216
5643.00000,-0.35916,1.17667,2.32003
5643.05000,-0.35920,1.17671,2.37718
5643.10000,-0.35925,1.17675,2.43361
5643.15000,-0.35929,1.17679,2.48923
5643.20000,-0.35934,1.17683,2.54406
5643.25000,-0.35940,1.17686,2.59800
5643.30000,-0.35945,1.17689,2.65098
5643.35000,-0.35951,1.17692,2.70309
5643.40000,-0.35958,1.17695,2.75442
5643.45000,-0.35965,1.17698,2.80520
5643.50000,-0.35973,1.17700,2.85563
5643.55000,-0.35981,1.17703,2.90531
5643.60000,-0.35990,1.17705,2.95447
5643.65000,-0.36000,1.17706,3.00374
5643.70000,-0.36011,1.17707,3.05331
5643.75000,-0.36022,1.17708,3.10293
5643.80000,-0.36033,1.17708,-3.13097
5643.85000,-0.36044,1.17708,-3.08246
5643.90000,-0.36056,1.17707,-3.03485
5643.95000,-0.36255,1.17656,-2.98821
5644.00000,-0.37010,1.17519,-2.94890
5644.05000,-0.37917,1.17323,-2.90772
5644.10000,-0.38886,1.17070,-2.86570
5644.15000,-0.39842,1.16780,-2.82637
5644.20000,-0.40786,1.16453,-2.78966
5644.25000,-0.41718,1.16093,-2.75589
5644.30000,-0.42645,1.15700,-2.72428
5644.35000,-0.43560,1.15295,-2.69313
5644.40000,-0.44022,1.15208,-2.66256
5644.45000,-0.44065,1.15186,-2.63674
5644.50000,-0.44104,1.15167,-2.61133
5644.55000,-0.44150,1.15141,-2.58498
5644.60000,-0.44159,1.15135,-2.56035
5644.65000,-0.44167,1.15129,-2.53628
5644.70000,-0.44176,1.15123,-2.51299
5644.75000,-0.44184,1.15117,-2.49059
5644.80000,-0.44192,1.15111,-2.46907
5644.85000,-0.44201,1.15104,-2.44851
5644.90000,-0.44209,1.15097,-2.42906
5644.95000,-0.44216,1.15090,-2.41065
5645.00000,-0.44224,1.15083,-2.39323
5645.05000,-0.44232,1.15075,-2.37662
5645.10000,-0.44241,1.15067,-2.36070
5645.15000,-0.44249,1.15059,-2.34526
5645.20000,-0.44258,1.15050,-2.33008
5645.25000,-0.44266,1.15041,-2.31503
5645.30000,-0.44275,1.15031,-2.30001
5645.35000,-0.44284,1.15021,-2.28502
5645.40000,-0.44293,1.15011,-2.27044
5645.45000,-0.44301,1.15000,-2.25652
5645.50000,-0.44310,1.14990,-2.24332
5645.55000,-0.44318,1.14979,-2.23094
5645.60000,-0.44327,1.14968,-2.21944
5645.65000,-0.44335,1.14957,-2.20888
5645.70000,-0.44343,1.14946,-2.19920
5645.75000,-0.44352,1.14934,-2.19032
5645.80000,-0.44368,1.14912,-2.18147
5645.85000,-0.44376,1.14900,-2.17370
5645.90000,-0.44391,1.14879,-2.16603
5645.95000,-0.44409,1.14853,-2.15837
5646.00000,-0.44426,1.14827,-2.15094
5646.05000,-0.44441,1.14803,-2.14390
5646.10000,-0.44455,1.14780,-2.13723
5646.15000,-0.44471,1.14756,-2.13069
5646.20000,-0.44483,1.14735,-2.12448
5646.25000,-0.44497,1.14712,-2.11869
5646.30000,-0.44509,1.14692,-2.11361
5646.35000,-0.44522,1.14671,-2.10929
5646.40000,-0.44531,1.14656,-2.10544
5646.45000,-0.44540,1.14641,-2.10223
5646.50000,-0.44548,1.14626,-2.09923
5646.55000,-0.44558,1.14609,-2.09758
5646.60000,-0.44567,1.14593,-2.09658
5646.65000,-0.44576,1.14578,-2.09645
5646.70000,-0.44585,1.14562,-2.09708
5646.75000,-0.44592,1.14550,-2.09853
5646.80000,-0.44599,1.14538,-2.10000
5646.85000,-0.44606,1.14526,-2.10147
5646.90000,-0.44613,1.14514,-2.10295
5646.95000,-0.44621,1.14502,-2.10443
5647.00000,-0.44628,1.14490,-2.10610
5647.05000,-0.44636,1.14478,-2.11025
5647.10000,-0.44641,1.14470,-2.11464
5647.15000,-0.44651,1.14455,-2.11938
5647.20000,-0.44660,1.14439,-2.12414
5647.25000,-0.44670,1.14423,-2.12832
5647.30000,-0.44678,1.14411,-2.13185
5647.35000,-0.44688,1.14397,-2.13495
5647.40000,-0.44699,1.14379,-2.13766
5647.45000,-0.44711,1.14360,-2.14004
5647.50000,-0.44724,1.14340,-2.14147
5647.55000,-0.44737,1.14320,-2.14254
5647.60000,-0.44752,1.14296,-2.14315
5647.65000,-0.44769,1.14271,-2.14336
5647.70000,-0.44786,1.14245,-2.14346
5647.75000,-0.44803,1.14218,-2.14360
5647.80000,-0.44820,1.14191,-2.14396
5647.85000,-0.44837,1.14165,-2.14468
5647.90000,-0.44855,1.14137,-2.14552
5647.95000,-0.44871,1.14112,-2.14682
5648.00000,-0.44888,1.14087,-2.14839
5648.05000,-0.44904,1.14062,-2.15037
5648.10000,-0.44919,1.14039,-2.15258
5648.15000,-0.44936,1.14014,-2.15494
5648.20000,-0.44952,1.13989,-2.15741
5648.25000,-0.44969,1.13964,-2.15992
5648.30000,-0.44987,1.13937,-2.16234
5648.35000,-0.45006,1.13909,-2.16452
5648.40000,-0.45026,1.13879,-2.16652
5648.45000,-0.45049,1.13846,-2.16840
5648.50000,-0.45072,1.13812,-2.17028
5648.55000,-0.45095,1.13778,-2.17215
5648.60000,-0.45117,1.13744,-2.17402
5648.65000,-0.45140,1.13711,-2.17588
5648.70000,-0.45165,1.13675,-2.17742
5648.75000,-0.45191,1.13637,-2.17893
5648.80000,-0.45218,1.13599,-2.18067
5648.85000,-0.45245,1.13561,-2.18262
5648.90000,-0.45271,1.13524,-2.18472
5648.95000,-0.45297,1.13487,-2.18706
5649.00000,-0.45323,1.13450,-2.18944
5649.05000,-0.45353,1.13408,-2.19181
5649.10000,-0.45380,1.13371,-2.19439
5649.15000,-0.45410,1.13330,-2.19693
5649.20000,-0.45442,1.13285,-2.19925
5649.25000,-0.45623,1.13089,-2.20213
5649.30000,-0.46169,1.12446,-2.20528
5649.35000,-0.46760,1.11645,-2.20744
5649.40000,-0.47352,1.10847,-2.20996
5649.45000,-0.47946,1.10052,-2.21306
5649.50000,-0.48540,1.09256,-2.21602
5649.55000,-0.49003,1.08592,-2.21918
5649.60000,-0.49042,1.08498,-2.22432
5649.65000,-0.49061,1.08473,-2.23034
5649.70000,-0.49081,1.08448,-2.23661
5649.75000,-0.49100,1.08425,-2.24298
5649.80000,-0.49118,1.08401,-2.24943
5649.85000,-0.49137,1.08378,-2.25597
5649.90000,-0.49156,1.08355,-2.26252
5649.95000,-0.49177,1.08330,-2.26892
5650.00000,-0.49199,1.08304,-2.27515
5650.05000,-0.49223,1.08276,-2.28114
5650.10000,-0.49431,1.08058,-2.28736
5650.15000,-0.50022,1.07435,-2.29377
5650.20000,-0.50677,1.06697,-2.29950
5650.25000,-0.51335,1.05964,-2.30576
5650.30000,-0.51997,1.05232,-2.31206
5650.35000,-0.52546,1.04612,-2.31834
5650.40000,-0.52629,1.04496,-2.32603
5650.45000,-0.52639,1.04486,-2.33590
5650.50000,-0.52648,1.04477,-2.34590
5650.55000,-0.52657,1.04468,-2.35589
5650.60000,-0.52667,1.04459,-2.36597
5650.65000,-0.52678,1.04448,-2.37582
5650.70000,-0.52691,1.04436,-2.38538
5650.75000,-0.52706,1.04422,-2.39460
5650.80000,-0.52840,1.04290,-2.40374
5650.85000,-0.53278,1.03855,-2.41289
5650.90000,-0.53961,1.03225,-2.42157
5650.95000,-0.54700,1.02583,-2.43015
5651.00000,-0.55442,1.01949,-2.43947
5651.05000,-0.56188,1.01318,-2.44881
5651.10000,-0.56778,1.00842,-2.45748
5651.15000,-0.56937,1.00766,-2.46634
5651.20000,-0.56945,1.00760,-2.47949
5651.25000,-0.56944,1.00762,-2.49312
5651.30000,-0.56942,1.00763,-2.50668
5651.35000,-0.56941,1.00765,-2.52009
5651.40000,-0.56942,1.00764,-2.53343
5651.45000,-0.56945,1.00762,-2.54650
5651.50000,-0.56948,1.00760,-2.55905
5651.55000,-0.57097,1.00627,-2.57104
5651.60000,-0.57718,1.00146,-2.58227
5651.65000,-0.58545,0.99635,-2.59364
5651.70000,-0.59375,0.99135,-2.60563
5651.75000,-0.60210,0.98646,-2.61868
5651.80000,-0.61048,0.98162,-2.63159
5651.85000,-0.61406,0.98052,-2.64310
5651.90000,-0.61401,0.98057,-2.66021
5651.95000,-0.61385,0.98065,-2.67807
5652.00000,-0.61370,0.98072,-2.69569
5652.05000,-0.61355,0.98079,-2.71308
5652.10000,-0.61341,0.98085,-2.73016
5652.15000,-0.61328,0.98090,-2.74684
5652.20000,-0.61317,0.98094,-2.76304
5652.25000,-0.61311,0.98096,-2.77871
5652.30000,-0.61533,0.97968,-2.79371
5652.35000,-0.62337,0.97660,-2.80719
5652.40000,-0.63251,0.97349,-2.82122
5652.45000,-0.64169,0.97052,-2.83586
5652.50000,-0.65096,0.96767,-2.85177
5652.55000,-0.66019,0.96499,-2.86818
5652.60000,-0.66930,0.96246,-2.88417
5652.65000,-0.67442,0.96195,-2.89997
5652.70000,-0.67446,0.96198,-2.91926
5652.75000,-0.67420,0.96202,-2.94042
5652.80000,-0.67395,0.96206,-2.96121
5652.85000,-0.67391,0.96205,-2.98262
5652.90000,-0.67414,0.96201,-3.00541
5652.95000,-0.67424,0.96200,-3.02724
5653.00000,-0.67407,0.96199,-3.04692
5653.05000,-0.67407,0.96198,-3.06717
5653.10000,-0.67610,0.96172,-3.08746
5653.15000,-0.68373,0.96132,-3.10736
5653.20000,-0.69328,0.96108,-3.12595
5653.25000,-0.70281,0.96102,3.13779
5653.30000,-0.71222,0.96100,3.11781
5653.35000,-0.71579,0.96110,3.09953
5653.40000,-0.71560,0.96109,3.07815
5653.45000,-0.71545,0.96109,3.05551
5653.50000,-0.71522,0.96108,3.03348
5653.55000,-0.71497,0.96107,3.01234
5653.60000,-0.71624,0.96162,2.99125
5653.65000,-0.72399,0.96305,2.97174
5653.70000,-0.73334,0.96475,2.95198
5653.75000,-0.74264,0.96664,2.93139
5653.80000,-0.75188,0.96871,2.90976
5653.85000,-0.76111,0.97089,2.88794
5653.90000,-0.76503,0.97115,2.86578
5653.95000,-0.76466,0.97105,2.84144
5654.00000,-0.76427,0.97092,2.81671
5654.05000,-0.76393,0.97081,2.79264
5654.10000,-0.76361,0.97071,2.76898
5654.15000,-0.76327,0.97058,2.74544
5654.20000,-0.76446,0.97161,2.72123
5654.25000,-0.77044,0.97503,2.69852
5654.30000,-0.77893,0.97918,2.67632
5654.35000,-0.78732,0.98351,2.65396
5654.40000,-0.79559,0.98802,2.63110
5654.45000,-0.80375,0.99271,2.60786
5654.50000,-0.81180,0.99760,2.58414
5654.55000,-0.81971,1.00266,2.56007
5654.60000,-0.82749,1.00792,2.53571
5654.65000,-0.83514,1.01336,2.51109
5654.70000,-0.84265,1.01898,2.48625
5654.75000,-0.85001,1.02478,2.46124
5654.80000,-0.85722,1.03077,2.43599
5654.85000,-0.86426,1.03693,2.41047
5654.90000,-0.87115,1.04327,2.38469
5654.95000,-0.87786,1.04978,2.35867
5655.00000,-0.88440,1.05645,2.33250
5655.05000,-0.89076,1.06330,2.30626
5655.10000,-0.89693,1.07031,2.28003
5655.15000,-0.90293,1.07748,2.25385
5655.20000,-0.90873,1.08481,2.22781
5655.25000,-0.91435,1.09229,2.20197
5655.30000,-0.91978,1.09992,2.17637
5655.35000,-0.92501,1.10768,2.15105
5655.40000,-0.93005,1.11559,2.12602
5655.45000,-0.93490,1.12362,2.10129
5655.50000,-0.93955,1.13178,2.07690
5655.55000,-0.94401,1.14005,2.05282
5655.60000,-0.94827,1.14843,2.02930
5655.65000,-0.95233,1.15692,2.00619
5655.70000,-0.95621,1.16552,1.98329
5655.75000,-0.95990,1.17420,1.96067
5655.80000,-0.96339,1.18298,1.93844
5655.85000,-0.96670,1.19184,1.91678
5655.90000,-0.96982,1.20079,1.89566
5655.95000,-0.97276,1.20982,1.87489
5656.00000,-0.97551,1.21892,1.85464
5656.05000,-0.97808,1.22808,1.83485
5656.10000,-0.98048,1.23731,1.81557
5656.15000,-0.98271,1.24659,1.79680
5656.20000,-0.98476,1.25592,1.77857
5656.25000,-0.98665,1.26529,1.76091
5656.30000,-0.98838,1.27469,1.74385
5656.35000,-0.98995,1.28415,1.72726
5656.40000,-0.99137,1.29364,1.71121
5656.45000,-0.99264,1.30317,1.69573
5656.50000,-0.99377,1.31273,1.68082
5656.55000,-0.99476,1.32231,1.66647
5656.60000,-0.99561,1.33193,1.65267
5656.65000,-0.99634,1.34159,1.63947
5656.70000,-0.99695,1.35127,1.62678
5656.75000,-0.99744,1.36096,1.61474
5656.80000,-0.99781,1.37067,1.60335
5656.85000,-0.99807,1.38039,1.59252
5656.90000,-0.99824,1.39014,1.58227
5656.95000,-0.99830,1.39989,1.57267
5657.00000,-0.99828,1.40966,1.56365
5657.05000,-0.99815,1.41945,1.55528
5657.10000,-0.99796,1.42926,1.54756
5657.15000,-0.99769,1.43917,1.54080
5657.20000,-0.99742,1.44880,1.53348
5657.25000,-0.99735,1.45219,1.52693
5657.30000,-0.99734,1.45226,1.52171
5657.35000,-0.99734,1.45240,1.51732
5657.40000,-0.99733,1.45257,1.51370
5657.45000,-0.99732,1.45277,1.51014
5657.50000,-0.99731,1.45296,1.50658
5657.55000,-0.99730,1.45316,1.50303
5657.60000,-0.99729,1.45336,1.49947
5657.65000,-0.99728,1.45355,1.49592
5657.70000,-0.99727,1.45375,1.49237
5657.75000,-0.99726,1.45394,1.48882
5657.80000,-0.99726,1.45414,1.48527
5657.85000,-0.99725,1.45433,1.48173
5657.90000,-0.99724,1.45452,1.47818
5657.95000,-0.99724,1.45472,1.47464
5658.00000,-0.99723,1.45491,1.47110
5658.05000,-0.99723,1.45510,1.46761
5658.10000,-0.99722,1.45529,1.46414
5658.15000,-0.99722,1.45548,1.46067
5658.20000,-0.99721,1.45567,1.45721
5658.25000,-0.99721,1.45586,1.45375
5658.30000,-0.99721,1.45605,1.45031
5658.35000,-0.99720,1.45624,1.44732
5658.40000,-0.99720,1.45643,1.44512
5658.45000,-0.99719,1.45662,1.44334
5658.50000,-0.99719,1.45681,1.44184
5658.55000,-0.99718,1.45700,1.44035
5658.60000,-0.99717,1.45719,1.43887
5658.65000,-0.99717,1.45738,1.43738
5658.70000,-0.99716,1.45756,1.43590
5658.75000,-0.99716,1.45775,1.43441
5658.80000,-0.99715,1.45794,1.43293
5658.85000,-0.99714,1.45813,1.43145
5658.90000,-0.99714,1.45832,1.42997
5658.95000,-0.99713,1.45850,1.42849
5659.00000,-0.99713,1.45869,1.42702
5659.05000,-0.99713,1.45888,1.42554
5659.10000,-0.99712,1.45906,1.42407
5659.15000,-0.99712,1.45925,1.42259
5659.20000,-0.99711,1.45944,1.42112
5659.25000,-0.99711,1.45962,1.41965
5659.30000,-0.99711,1.45981,1.41818
5659.35000,-0.99710,1.45999,1.41671
5659.40000,-0.99710,1.46018,1.41523
5659.45000,-0.99710,1.46037,1.41376
5659.50000,-0.99709,1.46055,1.41230
5659.55000,-0.99709,1.46074,1.41083
5659.60000,-0.99709,1.46092,1.40936
5659.65000,-0.99709,1.46111,1.40789
5659.70000,-0.99708,1.46129,1.40643
5659.75000,-0.99708,1.46147,1.40496
5659.80000,-0.99708,1.46166,1.40350
5659.85000,-0.99708,1.46184,1.40204
5659.90000,-0.99708,1.46203,1.40059
5659.95000,-0.99708,1.46221,1.39917
5660.00000,-0.99707,1.46239,1.39785
5660.05000,-0.99698,1.46268,1.40404
5660.10000,-0.99695,1.46290,1.42107
5660.15000,-0.99693,1.46305,1.43832
5660.20000,-0.99691,1.46320,1.45522
5660.25000,-0.99689,1.46335,1.47179
5660.30000,-0.99688,1.46350,1.48803
5660.35000,-0.99687,1.46365,1.50399
5660.40000,-0.99686,1.46380,1.51970
5660.45000,-0.99685,1.46395,1.53514
5660.50000,-0.99685,1.46410,1.55036
5660.55000,-0.99685,1.46425,1.56542
5660.60000,-0.99685,1.46440,1.58028
5660.65000,-0.99685,1.46455,1.59496
5660.70000,-0.99700,1.46637,1.60970
5660.75000,-0.99743,1.47494,1.62356
5660.80000,-0.99803,1.48493,1.63758
5660.85000,-0.99876,1.49490,1.65179
5660.90000,-0.99964,1.50486,1.66627
5660.95000,-1.00067,1.51481,1.68106
5661.00000,-1.00185,1.52474,1.69620
5661.05000,-1.00318,1.53465,1.71171
5661.10000,-1.00466,1.54454,1.72762
5661.15000,-1.00622,1.55442,1.74353
5661.20000,-1.00643,1.56004,1.75996
5661.25000,-1.00655,1.56104,1.77812
5661.30000,-1.00667,1.56166,1.79786
5661.35000,-1.00680,1.56228,1.81770
5661.40000,-1.00696,1.56289,1.83765
5661.45000,-1.00713,1.56349,1.85760
5661.50000,-1.00731,1.56409,1.87759
5661.55000,-1.00749,1.56468,1.89770
5661.60000,-1.00769,1.56530,1.91797
5661.65000,-1.00791,1.56590,1.93845
5661.70000,-1.00814,1.56651,1.95900
5661.75000,-1.00839,1.56711,1.97965
5661.80000,-1.00864,1.56769,2.00062
5661.85000,-1.01002,1.56997,2.02126
5661.90000,-1.01413,1.57799,2.03959
5661.95000,-1.01895,1.58730,2.05961
5662.00000,-1.02395,1.59650,2.07944
5662.05000,-1.02912,1.60558,2.09895
5662.10000,-1.03446,1.61456,2.11821
5662.15000,-1.03994,1.62342,2.13700
5662.20000,-1.04558,1.63214,2.15526
5662.25000,-1.05140,1.64078,2.17347
5662.30000,-1.05735,1.64928,2.19141
5662.35000,-1.06330,1.65747,2.20808
5662.40000,-1.06936,1.66553,2.22423
5662.45000,-1.07549,1.67341,2.23942
5662.50000,-1.08187,1.68137,2.25493
5662.55000,-1.08847,1.68934,2.27038
5662.60000,-1.09521,1.69722,2.28535
5662.65000,-1.10189,1.70484,2.29860
5662.70000,-1.10858,1.71225,2.31071
5662.75000,-1.11536,1.71959,2.32247
5662.80000,-1.12221,1.72684,2.33387
5662.85000,-1.12916,1.73402,2.34497
5662.90000,-1.13618,1.74111,2.35584
5662.95000,-1.14327,1.74814,2.36598
5663.00000,-1.15043,1.75509,2.37520
5663.05000,-1.15765,1.76198,2.38355
5663.10000,-1.16493,1.76882,2.39136
5663.15000,-1.17226,1.77559,2.39876
5663.20000,-1.17964,1.78232,2.40573
5663.25000,-1.18706,1.78899,2.41222
5663.30000,-1.19455,1.79564,2.41850
5663.35000,-1.20206,1.80224,2.42407
5663.40000,-1.20960,1.80878,2.42905
5663.45000,-1.21715,1.81528,2.43361
5663.50000,-1.22475,1.82175,2.43775
5663.55000,-1.23237,1.82820,2.44114
5663.60000,-1.23998,1.83460,2.44378
5663.65000,-1.24761,1.84099,2.44556
5663.70000,-1.25526,1.84738,2.44730
5663.75000,-1.26207,1.85293,2.44881
5663.80000,-1.26469,1.85451,2.44931
5663.85000,-1.26476,1.85456,2.44761
5663.90000,-1.26481,1.85461,2.44597
5663.95000,-1.26487,1.85465,2.44434
5664.00000,-1.26493,1.85470,2.44270
5664.05000,-1.26498,1.85475,2.44107
5664.10000,-1.26504,1.85479,2.43943
5664.15000,-1.26510,1.85485,2.43783
5664.20000,-1.26516,1.85490,2.43625
5664.25000,-1.26523,1.85495,2.43475
5664.30000,-1.26527,1.85499,2.43302
5664.35000,-1.26534,1.85505,2.43142
5664.40000,-1.26704,1.85668,2.42955
5664.45000,-1.27387,1.86279,2.42814
5664.50000,-1.28143,1.86934,2.42749
5664.55000,-1.28898,1.87589,2.42615
5664.60000,-1.29651,1.88245,2.42380
5664.65000,-1.30403,1.88901,2.42123
5664.70000,-1.30722,1.89142,2.41796
5664.75000,-1.30718,1.89142,2.41320
5664.80000,-1.30717,1.89141,2.40704
5664.85000,-1.30720,1.89144,2.40211
5664.90000,-1.30884,1.89308,2.39715
5664.95000,-1.31509,1.89907,2.39255
5665.00000,-1.32221,1.90567,2.38887
5665.05000,-1.32927,1.91222,2.38519
5665.10000,-1.33220,1.91479,2.38009
5665.15000,-1.33223,1.91483,2.36396
5665.20000,-1.33246,1.91505,2.34335
5665.25000,-1.33225,1.91484,2.32067
5665.30000,-1.33197,1.91454,2.29426
5665.35000,-1.33176,1.91433,2.26545
5665.40000,-1.33170,1.91424,2.23321
5665.45000,-1.33149,1.91398,2.19794
5665.50000,-1.33142,1.91391,2.16261
5665.55000,-1.33142,1.91394,2.12781
5665.60000,-1.33144,1.91398,2.09295
5665.65000,-1.33140,1.91394,2.05797
5665.70000,-1.33132,1.91380,2.02254
5665.75000,-1.33118,1.91352,1.98604
5665.80000,-1.33120,1.91356,1.94990
5665.85000,-1.33122,1.91361,1.91135
5665.90000,-1.33124,1.91367,1.86987
5665.95000,-1.33126,1.91373,1.82591
5666.00000,-1.33128,1.91381,1.78020
5666.05000,-1.33129,1.91390,1.73319
5666.10000,-1.33131,1.91400,1.68520
5666.15000,-1.33132,1.91412,1.63676
5666.20000,-1.33132,1.91425,1.58820
5666.25000,-1.33132,1.91439,1.53976
5666.30000,-1.33131,1.91452,1.49163
5666.35000,-1.33130,1.91466,1.44387
5666.40000,-1.33128,1.91479,1.39651
5666.45000,-1.33125,1.91493,1.34951
5666.50000,-1.33122,1.91506,1.30252
5666.55000,-1.33118,1.91519,1.25514
5666.60000,-1.33113,1.91533,1.20711
5666.65000,-1.33107,1.91548,1.15837
5666.70000,-1.33099,1.91564,1.10925
5666.75000,-1.33090,1.91582,1.05984
5666.80000,-1.33079,1.91600,1.01024
5666.85000,-1.33066,1.91620,0.96059
5666.90000,-1.33050,1.91642,0.91119
5666.95000,-1.33031,1.91665,0.86232
5667.00000,-1.33009,1.91689,0.81402
5667.05000,-1.32984,1.91715,0.76629
5667.10000,-1.32956,1.91740,0.71910
5667.15000,-1.32927,1.91765,0.67248
5667.20000,-1.32896,1.91788,0.62645
5667.25000,-1.32864,1.91810,0.58100
5667.30000,-1.32831,1.91831,0.53612
5667.35000,-1.32797,1.91850,0.49183
5667.40000,-1.32761,1.91868,0.44808
5667.45000,-1.32725,1.91884,0.40469
5667.50000,-1.32688,1.91899,0.36160
5667.55000,-1.32650,1.91913,0.31875
5667.60000,-1.32610,1.91925,0.27599
5667.65000,-1.32567,1.91936,0.23330
5667.70000,-1.32520,1.91946,0.19076
5667.75000,-1.32469,1.91955,0.14844
5667.80000,-1.32413,1.91962,0.10645
5667.85000,-1.32405,1.91962,0.06310
5667.90000,-1.32437,1.91962,0.01867
5667.95000,-1.32473,1.91961,-0.02527
5668.00000,-1.32491,1.91960,-0.06766
5668.05000,-1.32507,1.91961,-0.10951
5668.10000,-1.32340,1.91917,-0.15143
5668.15000,-1.31599,1.91784,-0.18746
5668.20000,-1.30722,1.91600,-0.22590
5668.25000,-1.29845,1.91380,-0.26420
5668.30000,-1.28976,1.91127,-0.30217
5668.35000,-1.28117,1.90842,-0.33993
5668.40000,-1.27269,1.90523,-0.37761
5668.45000,-1.26433,1.90174,-0.41538
5668.50000,-1.25612,1.89793,-0.45339
5668.55000,-1.24808,1.89381,-0.49183
5668.60000,-1.24021,1.88940,-0.53078
5668.65000,-1.23252,1.88468,-0.57020
5668.70000,-1.22504,1.87967,-0.61004
5668.75000,-1.21778,1.87437,-0.65036
5668.80000,-1.21075,1.86880,-0.69133
5668.85000,-1.20398,1.86295,-0.73316
5668.90000,-1.19749,1.85684,-0.77606
5668.95000,-1.19130,1.85077,-0.81834
5669.00000,-1.18937,1.84889,-0.85964
5669.05000,-1.18892,1.84834,-0.89996
5669.10000,-1.18702,1.84587,-0.93880
5669.15000,-1.18264,1.83964,-0.97545
5669.20000,-1.17775,1.83208,-1.01518
5669.25000,-1.17311,1.82425,-1.05605
5669.30000,-1.16886,1.81635,-1.09779
5669.35000,-1.16495,1.80830,-1.13977
5669.40000,-1.16138,1.80009,-1.18168
5669.45000,-1.15816,1.79173,-1.22313
5669.50000,-1.15527,1.78322,-1.26388
5669.55000,-1.15272,1.77459,-1.30387
5669.60000,-1.15052,1.76585,-1.34318
5669.65000,-1.14865,1.75701,-1.38178
5669.70000,-1.14712,1.74809,-1.41962
5669.75000,-1.14591,1.73909,-1.45641
5669.80000,-1.14504,1.73003,-1.49222
5669.85000,-1.14447,1.72089,-1.52617
5669.90000,-1.14421,1.71169,-1.55805
5669.95000,-1.14423,1.70244,-1.58769
5670.00000,-1.14451,1.69313,-1.61507
5670.05000,-1.14492,1.68382,-1.64229
5670.10000,-1.14503,1.67948,-1.66888
5670.15000,-1.14510,1.67868,-1.69229
5670.20000,-1.14518,1.67826,-1.71217
5670.25000,-1.14526,1.67778,-1.73084
5670.30000,-1.14539,1.67712,-1.74793
5670.35000,-1.14554,1.67637,-1.76289
5670.40000,-1.14572,1.67552,-1.77686
5670.45000,-1.14594,1.67462,-1.78977
5670.50000,-1.14620,1.67348,-1.80182
5670.55000,-1.14649,1.67234,-1.81185
5670.60000,-1.14680,1.67115,-1.82059
5670.65000,-1.14714,1.66986,-1.82848
5670.70000,-1.14754,1.66839,-1.83610
5670.75000,-1.14792,1.66701,-1.84268
5670.80000,-1.14835,1.66551,-1.84907
5670.85000,-1.14879,1.66398,-1.85474
5670.90000,-1.14925,1.66241,-1.85976
5670.95000,-1.14974,1.66081,-1.86422
5671.00000,-1.15026,1.65910,-1.86755
5671.05000,-1.15083,1.65725,-1.86977
5671.10000,-1.15145,1.65526,-1.87104
5671.15000,-1.15209,1.65317,-1.87137
5671.20000,-1.15277,1.65100,-1.87097
5671.25000,-1.15346,1.64876,-1.86983
5671.30000,-1.15416,1.64647,-1.86799
5671.35000,-1.15487,1.64413,-1.86560
5671.40000,-1.15561,1.64169,-1.86264
5671.45000,-1.15634,1.63923,-1.85933
5671.50000,-1.15708,1.63672,-1.85558
5671.55000,-1.15782,1.63416,-1.85156
5671.60000,-1.15856,1.63157,-1.84718
5671.65000,-1.15929,1.62898,-1.84237
5671.70000,-1.16003,1.62631,-1.83705
5671.75000,-1.16076,1.62362,-1.83143
5671.80000,-1.16150,1.62078,-1.82529
5671.85000,-1.16226,1.61783,-1.81832
5671.90000,-1.16302,1.61477,-1.81112
5671.95000,-1.16380,1.61153,-1.80344
5672.00000,-1.16460,1.60811,-1.79535
5672.05000,-1.16541,1.60449,-1.78679
5672.10000,-1.16623,1.60068,-1.77768
5672.15000,-1.16705,1.59669,-1.76831
5672.20000,-1.16786,1.59253,-1.75875
5672.25000,-1.16864,1.58826,-1.74912
5672.30000,-1.16944,1.58373,-1.73908
5672.35000,-1.17020,1.57907,-1.72862
5672.40000,-1.17094,1.57430,-1.71817
5672.45000,-1.17163,1.56950,-1.70765
5672.50000,-1.17227,1.56465,-1.69684
5672.55000,-1.17287,1.55975,-1.68578
5672.60000,-1.17341,1.55484,-1.67476
5672.65000,-1.17390,1.54989,-1.66353
5672.70000,-1.17433,1.54493,-1.65218
5672.75000,-1.17471,1.53990,-1.64076
5672.80000,-1.17504,1.53479,-1.62928
5672.85000,-1.17531,1.52955,-1.61774
5672.90000,-1.17554,1.52418,-1.60620
5672.95000,-1.17570,1.51864,-1.59466
5673.00000,-1.17580,1.51298,-1.58309
5673.05000,-1.17584,1.50720,-1.57160
5673.10000,-1.17581,1.50132,-1.56014
5673.15000,-1.17572,1.49536,-1.54867
5673.20000,-1.17555,1.48937,-1.53730
5673.25000,-1.17533,1.48345,-1.52624
5673.30000,-1.17503,1.47751,-1.51507
5673.35000,-1.17467,1.47159,-1.50384
5673.40000,-1.17425,1.46574,-1.49281
5673.45000,-1.17377,1.46001,-1.48206
5673.50000,-1.17325,1.45441,-1.47155
5673.55000,-1.17268,1.44902,-1.46176
5673.60000,-1.17206,1.44358,-1.45190
5673.65000,-1.17138,1.43806,-1.44196
5673.70000,-1.17062,1.43245,-1.43189
5673.75000,-1.16981,1.42682,-1.42216
5673.80000,-1.16889,1.42094,-1.41167
5673.85000,-1.16790,1.41498,-1.40133
5673.90000,-1.16689,1.40926,-1.39217
5673.95000,-1.16585,1.40363,-1.38319
5674.00000,-1.16477,1.39803,-1.37410
5674.05000,-1.16365,1.39254,-1.36540
5674.10000,-1.16250,1.38714,-1.35688
5674.15000,-1.16133,1.38183,-1.34858
5674.20000,-1.16011,1.37655,-1.34015
5674.25000,-1.15886,1.37133,-1.33177
5674.30000,-1.15690,1.36356,-1.32418
5674.35000,-1.15441,1.35388,-1.31615
5674.40000,-1.15185,1.34418,-1.30833
5674.45000,-1.14922,1.33455,-1.30092
5674.50000,-1.14652,1.32494,-1.29372
5674.55000,-1.14376,1.31534,-1.28672
5674.60000,-1.14092,1.30577,-1.27991
5674.65000,-1.13803,1.29621,-1.27330
5674.70000,-1.13507,1.28668,-1.26688
5674.75000,-1.13205,1.27716,-1.26067
5674.80000,-1.12897,1.26766,-1.25467
5674.85000,-1.12584,1.25818,-1.24887
5674.90000,-1.12265,1.24872,-1.24327
5674.95000,-1.11941,1.23927,-1.23781
5675.00000,-1.11612,1.22984,-1.23247
5675.05000,-1.11278,1.22043,-1.22722
5675.10000,-1.10937,1.21098,-1.22175
5675.15000,-1.10592,1.20157,-1.21649
5675.20000,-1.10241,1.19215,-1.21114
5675.25000,-1.09886,1.18277,-1.20550
5675.30000,-1.09524,1.17336,-1.19997
5675.35000,-1.09155,1.16395,-1.19446
5675.40000,-1.08784,1.15460,-1.18889
5675.45000,-1.08406,1.14525,-1.18369
5675.50000,-1.08022,1.13591,-1.17859
5675.55000,-1.07636,1.12662,-1.17330
5675.60000,-1.07244,1.11734,-1.16827
5675.65000,-1.06848,1.10811,-1.16319
5675.70000,-1.06446,1.09884,-1.15861
5675.75000,-1.06039,1.08957,-1.15405
5675.80000,-1.05629,1.08035,-1.14955
5675.85000,-1.05215,1.07116,-1.14511
5675.90000,-1.04798,1.06201,-1.14073
5675.95000,-1.04379,1.05289,-1.13640
5676.00000,-1.03956,1.04382,-1.13214
5676.05000,-1.03530,1.03479,-1.12794
5676.10000,-1.03102,1.02579,-1.12380
5676.15000,-1.02672,1.01684,-1.11973
5676.20000,-1.02238,1.00792,-1.11574
5676.25000,-1.01803,0.99905,-1.11180
5676.30000,-1.01361,0.99015,-1.10840
5676.35000,-1.00913,0.98117,-1.10594
5676.40000,-1.00463,0.97223,-1.10359
5676.45000,-1.00011,0.96329,-1.10116
5676.50000,-0.99557,0.95437,-1.09876
5676.55000,-0.99102,0.94547,-1.09640
5676.60000,-0.98644,0.93658,-1.09408
5676.65000,-0.98184,0.92771,-1.09192
5676.70000,-0.97722,0.91883,-1.09000
5676.75000,-0.97259,0.90998,-1.08805
5676.80000,-0.96794,0.90112,-1.08606
5676.85000,-0.96327,0.89227,-1.08412
5676.90000,-0.95858,0.88343,-1.08215
5676.95000,-0.95388,0.87460,-1.08021
5677.00000,-0.94915,0.86577,-1.07829
5677.05000,-0.94441,0.85696,-1.07644
5677.10000,-0.93965,0.84816,-1.07455
5677.15000,-0.93488,0.83936,-1.07251
5677.20000,-0.93008,0.83057,-1.07037
5677.25000,-0.92527,0.82180,-1.06817
5677.30000,-0.92044,0.81303,-1.06585
5677.35000,-0.91559,0.80429,-1.06330
5677.40000,-0.91072,0.79556,-1.06053
5677.45000,-0.90583,0.78685,-1.05753
5677.50000,-0.90090,0.77815,-1.05424
5677.55000,-0.89595,0.76946,-1.05067
5677.60000,-0.89096,0.76078,-1.04665
5677.65000,-0.88592,0.75212,-1.04226
5677.70000,-0.88085,0.74349,-1.03740
5677.75000,-0.87574,0.73487,-1.03202
5677.80000,-0.87058,0.72631,-1.02629
5677.85000,-0.86535,0.71773,-1.01972
5677.90000,-0.86009,0.70923,-1.01259
5677.95000,-0.85471,0.70068,-1.00425
5678.00000,-0.84928,0.69222,-0.99524
5678.05000,-0.84380,0.68387,-0.98547
5678.10000,-0.83818,0.67549,-0.97400
5678.15000,-0.83258,0.66723,-0.96293
5678.20000,-0.82905,0.66113,-0.95132
5678.25000,-0.82869,0.66050,-0.93486
5678.30000,-0.82850,0.66024,-0.91539
5678.35000,-0.82820,0.65985,-0.89554
5678.40000,-0.82795,0.65954,-0.87636
5678.45000,-0.82755,0.65906,-0.85634
5678.50000,-0.82714,0.65859,-0.83644
5678.55000,-0.82671,0.65813,-0.81646
5678.60000,-0.82628,0.65767,-0.79632
5678.65000,-0.82583,0.65722,-0.77595
5678.70000,-0.82536,0.65676,-0.75521
5678.75000,-0.82486,0.65631,-0.73404
5678.80000,-0.82436,0.65585,-0.71223
5678.85000,-0.82383,0.65539,-0.68975
5678.90000,-0.82328,0.65492,-0.66639
5678.95000,-0.82268,0.65446,-0.64218
5679.00000,-0.82207,0.65401,-0.61663
5679.05000,-0.82142,0.65355,-0.58977
5679.10000,-0.82072,0.65309,-0.56151
5679.15000,-0.81998,0.65264,-0.53159
5679.20000,-0.81920,0.65219,-0.49974
5679.25000,-0.81835,0.65175,-0.46600
5679.30000,-0.81745,0.65131,-0.43028
5679.35000,-0.81652,0.65091,-0.39272
5679.40000,-0.81549,0.65050,-0.35318
5679.45000,-0.81476,0.65025,-0.31313
5679.50000,-0.81461,0.65020,-0.27383
5679.55000,-0.81449,0.65017,-0.23316
5679.60000,-0.81435,0.65014,-0.19128
5679.65000,-0.81422,0.65012,-0.14831
5679.70000,-0.81407,0.65010,-0.10437
5679.75000,-0.81392,0.65009,-0.05961
5679.80000,-0.81377,0.65008,-0.01416
5679.85000,-0.81361,0.65008,0.03187
5679.90000,-0.81344,0.65009,0.07835
5679.95000,-0.81327,0.65011,0.12519
5680.00000,-0.81310,0.65014,0.17227
5680.05000,-0.81292,0.65017,0.21952
5680.10000,-0.81274,0.65022,0.26685
5680.15000,-0.81256,0.65027,0.31418
5680.20000,-0.81238,0.65033,0.36145
5680.25000,-0.81220,0.65041,0.40860
5680.30000,-0.81201,0.65049,0.45556
5680.35000,-0.81183,0.65059,0.50230
5680.40000,-0.81165,0.65069,0.54877
5680.45000,-0.81148,0.65081,0.59492
5680.50000,-0.81130,0.65093,0.64071
5680.55000,-0.81113,0.65106,0.68612
5680.60000,-0.81096,0.65121,0.73112
5680.65000,-0.81080,0.65136,0.77566
5680.70000,-0.81065,0.65152,0.81974
5680.75000,-0.81050,0.65168,0.86333
5680.80000,-0.81035,0.65186,0.90640
5680.85000,-0.81022,0.65204,0.94894
5680.90000,-0.81009,0.65223,0.99086
5680.95000,-0.80997,0.65242,1.03212
5681.00000,-0.80985,0.65262,1.07271
5681.05000,-0.80975,0.65283,1.11263
5681.10000,-0.80965,0.65303,1.15187
5681.15000,-0.80956,0.65324,1.19043
5681.20000,-0.80948,0.65346,1.22832
5681.25000,-0.80941,0.65367,1.26552
5681.30000,-0.80854,0.65553,1.30151
5681.35000,-0.80664,0.66249,1.33496
5681.40000,-0.80452,0.67204,1.36932
5681.45000,-0.80269,0.68187,1.40382
5681.50000,-0.80119,0.69175,1.43758
5681.55000,-0.80003,0.70168,1.47057
5681.60000,-0.79919,0.71165,1.50278
5681.65000,-0.79866,0.72163,1.53419
5681.70000,-0.79845,0.73163,1.56478
5681.75000,-0.79854,0.74162,1.59457
5681.80000,-0.79892,0.75162,1.62353
5681.85000,-0.79959,0.76160,1.65201
5681.90000,-0.80055,0.77172,1.67974
5681.95000,-0.80172,0.78135,1.70718
5682.00000,-0.80311,0.79055,1.73502
5682.05000,-0.80476,0.79973,1.76170
5682.10000,-0.80674,0.80946,1.78632
5682.15000,-0.80906,0.81961,1.80998
5682.20000,-0.81164,0.82969,1.83357
5682.25000,-0.81448,0.83984,1.85508
5682.30000,-0.81743,0.84990,1.87673
5682.35000,-0.81929,0.85873,1.89927
5682.40000,-0.81950,0.86110,1.91766
5682.45000,-0.81964,0.86149,1.93178
5682.50000,-0.81976,0.86185,1.94467
5682.55000,-0.81990,0.86222,1.95708
5682.60000,-0.82003,0.86256,1.96853
5682.65000,-0.82012,0.86275,1.97861
5682.70000,-0.82019,0.86292,1.98801
5682.75000,-0.82027,0.86310,1.99681
5682.80000,-0.82038,0.86336,2.00551
5682.85000,-0.82045,0.86350,2.01314
5682.90000,-0.82052,0.86364,2.02023
5682.95000,-0.82058,0.86378,2.02679
5683.00000,-0.82068,0.86398,2.03305
5683.05000,-0.82079,0.86421,2.03902
5683.10000,-0.82086,0.86435,2.04410
5683.15000,-0.82096,0.86454,2.04878
5683.20000,-0.82104,0.86471,2.05287
5683.25000,-0.82113,0.86488,2.05652
5683.30000,-0.82122,0.86506,2.05985
5683.35000,-0.82130,0.86521,2.06256
5683.40000,-0.82138,0.86535,2.06472
5683.45000,-0.82145,0.86548,2.06645
5683.50000,-0.82152,0.86562,2.06775
5683.55000,-0.82160,0.86575,2.06863
5683.60000,-0.82167,0.86589,2.06911
5683.65000,-0.82175,0.86603,2.06919
5683.70000,-0.82182,0.86616,2.06889
5683.75000,-0.82189,0.86630,2.06820
5683.80000,-0.82197,0.86644,2.06715
5683.85000,-0.82204,0.86657,2.06573
5683.90000,-0.82211,0.86671,2.06396
5683.95000,-0.82219,0.86684,2.06185
5684.00000,-0.82226,0.86698,2.05940
5684.05000,-0.82233,0.86712,2.05662
5684.10000,-0.82241,0.86725,2.05353
5684.15000,-0.82248,0.86739,2.05012
5684.20000,-0.82255,0.86753,2.04642
5684.25000,-0.82262,0.86767,2.04242
5684.30000,-0.82269,0.86780,2.03813
5684.35000,-0.82276,0.86794,2.03357
5684.40000,-0.82283,0.86808,2.02875
5684.45000,-0.82289,0.86822,2.02366
5684.50000,-0.82296,0.86836,2.01832
5684.55000,-0.82303,0.86850,2.01274
5684.60000,-0.82309,0.86864,2.00693
5684.65000,-0.82316,0.86878,2.00088
5684.70000,-0.82322,0.86892,1.99462
5684.75000,-0.82329,0.86906,1.98815
5684.80000,-0.82335,0.86920,1.98147
5684.85000,-0.82337,0.86926,1.97399
5684.90000,-0.82339,0.86929,1.96652
5684.95000,-0.82340,0.86930,1.95875
5685.00000,-0.82341,0.86930,1.95169
5685.05000,-0.82345,0.86938,1.94574
5685.10000,-0.82348,0.86946,1.94037
5685.15000,-0.82351,0.86955,1.93564
5685.20000,-0.82354,0.86962,1.93127
5685.25000,-0.82359,0.86973,1.92739
5685.30000,-0.82366,0.86992,1.92306
5685.35000,-0.82370,0.87002,1.91940
5685.40000,-0.82375,0.87014,1.91605
5685.45000,-0.82381,0.87026,1.91271
5685.50000,-0.82387,0.87039,1.90939
5685.55000,-0.82393,0.87051,1.90606
5685.60000,-0.82526,0.87276,1.90351
5685.65000,-0.82838,0.88066,1.90116
5685.70000,-0.83160,0.89008,1.89890
5685.75000,-0.83482,0.89956,1.89644
5685.80000,-0.83800,0.90899,1.89395
5685.85000,-0.84115,0.91843,1.89132
5685.90000,-0.84427,0.92787,1.88850
5685.95000,-0.84737,0.93731,1.88553
5686.00000,-0.85044,0.94676,1.88242
5686.05000,-0.85348,0.95622,1.87914
5686.10000,-0.85648,0.96569,1.87573
5686.15000,-0.85945,0.97516,1.87217
5686.20000,-0.86239,0.98464,1.86844
5686.25000,-0.86529,0.99413,1.86452
5686.30000,-0.86815,1.00362,1.86042
5686.35000,-0.87097,1.01312,1.85612
5686.40000,-0.87374,1.02263,1.85161
5686.45000,-0.87648,1.03215,1.84690
5686.50000,-0.87916,1.04167,1.84197
5686.55000,-0.88179,1.05120,1.83681
5686.60000,-0.88439,1.06082,1.83141
5686.65000,-0.88694,1.07043,1.82579
5686.70000,-0.88942,1.08001,1.81988
5686.75000,-0.89186,1.08974,1.81379
5686.80000,-0.89423,1.09941,1.80734
5686.85000,-0.89649,1.10898,1.80024
5686.90000,-0.89864,1.11828,1.79397
5686.95000,-0.89919,1.12393,1.78833
5687.00000,-0.89925,1.12450,1.78082
5687.05000,-0.89929,1.12467,1.77291
5687.10000,-0.89932,1.12483,1.76499
5687.15000,-0.89935,1.12499,1.75707
5687.20000,-0.89938,1.12515,1.74914
5687.25000,-0.90009,1.12681,1.74170
5687.30000,-0.90173,1.13170,1.73463
5687.35000,-0.90330,1.13970,1.72623
5687.40000,-0.90474,1.14924,1.71776
5687.45000,-0.90505,1.15265,1.70846
5687.50000,-0.90507,1.15279,1.69891
5687.55000,-0.90509,1.15295,1.68963
5687.60000,-0.90556,1.15489,1.68056
5687.65000,-0.90656,1.16182,1.67187
5687.70000,-0.90752,1.17167,1.66352
5687.75000,-0.90841,1.18163,1.65524
5687.80000,-0.90919,1.19147,1.64577
5687.85000,-0.90986,1.20119,1.63513
5687.90000,-0.91050,1.21077,1.62410
5687.95000,-0.91052,1.21441,1.61486
5688.00000,-0.91053,1.21457,1.60221
5688.05000,-0.91053,1.21465,1.58899
5688.10000,-0.91053,1.21476,1.57596
5688.15000,-0.91053,1.21486,1.56311
5688.20000,-0.91053,1.21497,1.55062
5688.25000,-0.91053,1.21507,1.53889
5688.30000,-0.91036,1.21686,1.52712
5688.35000,-0.90989,1.22261,1.51507
5688.40000,-0.90930,1.23087,1.50309
5688.45000,-0.90858,1.24062,1.49347
5688.50000,-0.90777,1.25058,1.48498
5688.55000,-0.90688,1.26034,1.47589
5688.60000,-0.90590,1.27005,1.46648
5688.65000,-0.90484,1.27975,1.45679
5688.70000,-0.90368,1.28943,1.44678
5688.75000,-0.90243,1.29907,1.43607
5688.80000,-0.90106,1.30868,1.42414
5688.85000,-0.89957,1.31822,1.41090
5688.90000,-0.89800,1.32762,1.39803
5688.95000,-0.89782,1.33061,1.38212
5689.00000,-0.89786,1.33036,1.36336
5689.05000,-0.89785,1.33040,1.34576
5689.10000,-0.89784,1.33045,1.33015
5689.15000,-0.89710,1.33169,1.31433
5689.20000,-0.89479,1.33707,1.29945
5689.25000,-0.89206,1.34609,1.29009
5689.30000,-0.88929,1.35562,1.28520
5689.35000,-0.88647,1.36518,1.28368
5689.40000,-0.88366,1.37476,1.28626
5689.45000,-0.88093,1.38426,1.28916
5689.50000,-0.88030,1.38945,1.29280
5689.55000,-0.88017,1.39130,1.31027
5689.60000,-0.88001,1.39227,1.33814
5689.65000,-0.87984,1.39303,1.36887
5689.70000,-0.87970,1.39378,1.40002
5689.75000,-0.87958,1.39459,1.43213
5689.80000,-0.87948,1.39540,1.46377
5689.85000,-0.87940,1.39618,1.49390
5689.90000,-0.87935,1.39688,1.52113
5689.95000,-0.87933,1.39745,1.54547
5690.00000,-0.87932,1.39801,1.56750
5690.05000,-0.87932,1.39856,1.58801
5690.10000,-0.87933,1.39907,1.60774
5690.15000,-0.87935,1.39958,1.62711
5690.20000,-0.87938,1.40009,1.64618
5690.25000,-0.87942,1.40061,1.66505
5690.30000,-0.87947,1.40115,1.68390
5690.35000,-0.87953,1.40169,1.70291
5690.40000,-0.87960,1.40223,1.72223
5690.45000,-0.87967,1.40278,1.74175
5690.50000,-0.87976,1.40334,1.76150
5690.55000,-0.87986,1.40390,1.78144
5690.60000,-0.87998,1.40445,1.80162
5690.65000,-0.88011,1.40501,1.82194
5690.70000,-0.88025,1.40557,1.84252
5690.75000,-0.88041,1.40614,1.86331
5690.80000,-0.88058,1.40671,1.88433
5690.85000,-0.88076,1.40728,1.90532
5690.90000,-0.88095,1.40784,1.92619
5690.95000,-0.88115,1.40838,1.94701
5691.00000,-0.88136,1.40893,1.96768
5691.05000,-0.88159,1.40948,1.98821
5691.10000,-0.88182,1.41001,2.00850
5691.15000,-0.88207,1.41054,2.02852
5691.20000,-0.88232,1.41107,2.04826
5691.25000,-0.88257,1.41159,2.06781
5691.30000,-0.88284,1.41210,2.08725
5691.35000,-0.88312,1.41261,2.10667
5691.40000,-0.88341,1.41312,2.12618
5691.45000,-0.88371,1.41363,2.14584
5691.50000,-0.88404,1.41413,2.16580
5691.55000,-0.88438,1.41462,2.18602
5691.60000,-0.88473,1.41511,2.20660
5691.65000,-0.88509,1.41560,2.22753
5691.70000,-0.88536,1.41595,2.24760
5691.75000,-0.88555,1.41619,2.26702
5691.80000,-0.88703,1.41767,2.28665
5691.85000,-0.89200,1.42266,2.30746
5691.90000,-0.89871,1.42991,2.32580
5691.95000,-0.90563,1.43713,2.34357
5692.00000,-0.91266,1.44422,2.36124
5692.05000,-0.91982,1.45118,2.37869
5692.10000,-0.92710,1.45802,2.39581
5692.15000,-0.93449,1.46473,2.41251
5692.20000,-0.94199,1.47132,2.42877
5692.25000,-0.94959,1.47779,2.44455
5692.30000,-0.95730,1.48413,2.45984
5692.35000,-0.96510,1.49037,2.47457
5692.40000,-0.97298,1.49648,2.48868
5692.45000,-0.98096,1.50249,2.50205
5692.50000,-0.98900,1.50840,2.51448
5692.55000,-0.99714,1.51422,2.52602
5692.60000,-1.00535,1.51996,2.53652
5692.65000,-1.01361,1.52561,2.54588
5692.70000,-1.02195,1.53121,2.55422
5692.75000,-1.03029,1.53673,2.56074
5692.80000,-1.03870,1.54222,2.56566
5692.85000,-1.04711,1.54767,2.56813
5692.90000,-1.05555,1.55312,2.57036
5692.95000,-1.06367,1.55825,2.57240
5693.00000,-1.06682,1.55948,2.57139
5693.05000,-1.06696,1.55957,2.56155
5693.10000,-1.06703,1.55962,2.55115
5693.15000,-1.06708,1.55966,2.54057
5693.20000,-1.06713,1.55970,2.53137
5693.25000,-1.06717,1.55972,2.52275
5693.30000,-1.06723,1.55977,2.51495
5693.35000,-1.06731,1.55983,2.50745
5693.40000,-1.06738,1.55988,2.50004
5693.45000,-1.06746,1.55994,2.49250
5693.50000,-1.06753,1.55999,2.48482
5693.55000,-1.06760,1.56005,2.47703
5693.60000,-1.06767,1.56011,2.46911
5693.65000,-1.06775,1.56016,2.46100
5693.70000,-1.06782,1.56022,2.45251
5693.75000,-1.06785,1.56025,2.44370
5693.80000,-1.06788,1.56028,2.43474
5693.85000,-1.06794,1.56034,2.42583
5693.90000,-1.06798,1.56038,2.41664
5693.95000,-1.06799,1.56040,2.40711
5694.00000,-1.06788,1.56032,2.39703
5694.05000,-1.06776,1.56023,2.38685
5694.10000,-1.06765,1.56015,2.37652
5694.15000,-1.06754,1.56006,2.36596
5694.20000,-1.06742,1.55997,2.35512
5694.25000,-1.06730,1.55987,2.34410
5694.30000,-1.06718,1.55977,2.33308
5694.35000,-1.06706,1.55967,2.32209
5694.40000,-1.06694,1.55957,2.31127
5694.45000,-1.06684,1.55948,2.30069
5694.50000,-1.06673,1.55939,2.29039
5694.55000,-1.06664,1.55930,2.28035
5694.60000,-1.06655,1.55922,2.27053
5694.65000,-1.06646,1.55913,2.26063
5694.70000,-1.06636,1.55905,2.25049
5694.75000,-1.06627,1.55896,2.24018
5694.80000,-1.06618,1.55886,2.22957
5694.85000,-1.06608,1.55876,2.21869
5694.90000,-1.06598,1.55866,2.20756
5694.95000,-1.06588,1.55855,2.19626
5695.00000,-1.06578,1.55843,2.18481
5695.05000,-1.06568,1.55831,2.17329
5695.10000,-1.06558,1.55820,2.16180
5695.15000,-1.06548,1.55808,2.15041
5695.20000,-1.06695,1.55960,2.14010
5695.25000,-1.07193,1.56671,2.13054
5695.30000,-1.07712,1.57507,2.12001
5695.35000,-1.08231,1.58361,2.10920
5695.40000,-1.08732,1.59207,2.09882
5695.45000,-1.09227,1.60062,2.08846
5695.50000,-1.09711,1.60921,2.07827
5695.55000,-1.10183,1.61778,2.06790
5695.60000,-1.10644,1.62637,2.05770
5695.65000,-1.11097,1.63501,2.04769
5695.70000,-1.11541,1.64370,2.03771
5695.75000,-1.11976,1.65243,2.02772
5695.80000,-1.12402,1.66120,2.01773
5695.85000,-1.12820,1.67001,2.00780
5695.90000,-1.13228,1.67887,1.99793
5695.95000,-1.13628,1.68777,1.98817
5696.00000,-1.14020,1.69671,1.97850
5696.05000,-1.14403,1.70568,1.96892
5696.10000,-1.14777,1.71470,1.95943
5696.15000,-1.15143,1.72375,1.95001
5696.20000,-1.15501,1.73284,1.94062
5696.25000,-1.15850,1.74196,1.93123
5696.30000,-1.16190,1.75111,1.92180
5696.35000,-1.16522,1.76029,1.91235
5696.40000,-1.16845,1.76950,1.90287
5696.45000,-1.17159,1.77875,1.89337
5696.50000,-1.17464,1.78802,1.88385
5696.55000,-1.17761,1.79732,1.87442
5696.60000,-1.18048,1.80665,1.86506
5696.65000,-1.18327,1.81602,1.85589
5696.70000,-1.18598,1.82541,1.84695
5696.75000,-1.18861,1.83483,1.83826
5696.80000,-1.19116,1.84428,1.82983
5696.85000,-1.19363,1.85376,1.82167
5696.90000,-1.19602,1.86327,1.81377
5696.95000,-1.19835,1.87279,1.80613
5697.00000,-1.20060,1.88234,1.79872
5697.05000,-1.20278,1.89192,1.79144
5697.10000,-1.20490,1.90150,1.78425
5697.15000,-1.20694,1.91111,1.77712
5697.20000,-1.20892,1.92073,1.77008
5697.25000,-1.21084,1.93037,1.76308
5697.30000,-1.21269,1.94005,1.75631
5697.35000,-1.21448,1.94974,1.75036
5697.40000,-1.21621,1.95945,1.74534
5697.45000,-1.21790,1.96920,1.74149
5697.50000,-1.21957,1.97900,1.73902
5697.55000,-1.22124,1.98886,1.73793
5697.60000,-1.22291,1.99872,1.73827
5697.65000,-1.22458,2.00858,1.73980
5697.70000,-1.22628,2.01848,1.74305
5697.75000,-1.22802,2.02838,1.74777
5697.80000,-1.22977,2.03822,1.75282
5697.85000,-1.23016,2.04436,1.75874
5697.90000,-1.23024,2.04495,1.76520
5697.95000,-1.23027,2.04517,1.77444
5698.00000,-1.23031,2.04546,1.78438
5698.05000,-1.23037,2.04577,1.79511
5698.10000,-1.23042,2.04605,1.80616
5698.15000,-1.23049,2.04639,1.81780
5698.20000,-1.23057,2.04671,1.83006
5698.25000,-1.23064,2.04702,1.84319
5698.30000,-1.23072,2.04737,1.85687
5698.35000,-1.23080,2.04771,1.87062
5698.40000,-1.23091,2.04808,1.88468
5698.45000,-1.23101,2.04842,1.89935
5698.50000,-1.23110,2.04872,1.91526
5698.55000,-1.23120,2.04905,1.93149
5698.60000,-1.23135,2.04948,1.94829
5698.65000,-1.23154,2.04998,1.96533
5698.70000,-1.23173,2.05046,1.98308
5698.75000,-1.23190,2.05088,2.00070
5698.80000,-1.23205,2.05122,2.01841
5698.85000,-1.23222,2.05162,2.03693
5698.90000,-1.23244,2.05207,2.05609
5698.95000,-1.23262,2.05243,2.07519
5699.00000,-1.23287,2.05291,2.09528
5699.05000,-1.23313,2.05337,2.11575
5699.10000,-1.23334,2.05373,2.13611
5699.15000,-1.23346,2.05393,2.15603
5699.20000,-1.23370,2.05431,2.17696
5699.25000,-1.23390,2.05460,2.19773
5699.30000,-1.23399,2.05472,2.21774
5699.35000,-1.23408,2.05484,2.23789
5699.40000,-1.23418,2.05496,2.25829
5699.45000,-1.23428,2.05508,2.27904
5699.50000,-1.23438,2.05520,2.30014
5699.55000,-1.23449,2.05532,2.32164
5699.60000,-1.23461,2.05544,2.34356
5699.65000,-1.23473,2.05556,2.36592
5699.70000,-1.23486,2.05568,2.38874
5699.75000,-1.23499,2.05581,2.41202
5699.80000,-1.23514,2.05594,2.43575
5699.85000,-1.23530,2.05607,2.45992
5699.90000,-1.23546,2.05620,2.48454
5699.95000,-1.23564,2.05633,2.50958
5700.00000,-1.23584,2.05647,2.53501
5700.05000,-1.23605,2.05661,2.56083
5700.10000,-1.23627,2.05676,2.58700
5700.15000,-1.23651,2.05690,2.61349
5700.20000,-1.23678,2.05705,2.64027
5700.25000,-1.23706,2.05720,2.66731
5700.30000,-1.23737,2.05736,2.69458
5700.35000,-1.23770,2.05751,2.72204
5700.40000,-1.23807,2.05767,2.74966
5700.45000,-1.23846,2.05782,2.77738
5700.50000,-1.23888,2.05798,2.80508
5700.55000,-1.23933,2.05813,2.83276
5700.60000,-1.23981,2.05827,2.86044
5700.65000,-1.24033,2.05841,2.88813
5700.70000,-1.24099,2.05860,2.91626
5700.75000,-1.24162,2.05873,2.94407
5700.80000,-1.24234,2.05887,2.97185
5700.85000,-1.24304,2.05898,2.99925
5700.90000,-1.24378,2.05907,3.02646
5700.95000,-1.24460,2.05915,3.05354
5701.00000,-1.24547,2.05923,3.08044
5701.05000,-1.24645,2.05928,3.10729
5701.10000,-1.24759,2.05930,3.13453
5701.15000,-1.24840,2.05930,-3.12312
5701.20000,-1.24921,2.05927,-3.09801
5701.25000,-1.25002,2.05922,-3.07328
5701.30000,-1.25294,2.05883,-3.04857
5701.35000,-1.26084,2.05789,-3.02417
5701.40000,-1.27105,2.05658,-2.99914
5701.45000,-1.28131,2.05501,-2.97427
5701.50000,-1.29121,2.05321,-2.95105
5701.55000,-1.30147,2.05110,-2.92653
5701.60000,-1.31182,2.04871,-2.90178
5701.65000,-1.32205,2.04609,-2.87778
5701.70000,-1.33225,2.04321,-2.85403
5701.75000,-1.34236,2.04009,-2.83081
5701.80000,-1.35233,2.03678,-2.80842
5701.85000,-1.36217,2.03328,-2.78690
5701.90000,-1.37191,2.02957,-2.76609
5701.95000,-1.38142,2.02574,-2.74662
5702.00000,-1.39067,2.02178,-2.72871
5702.05000,-1.40007,2.01758,-2.71056
5702.10000,-1.40912,2.01333,-2.69436
5702.15000,-1.41809,2.00894,-2.67910
5702.20000,-1.42721,2.00431,-2.66359
5702.25000,-1.43638,1.99948,-2.64819
5702.30000,-1.44526,1.99463,-2.63447
5702.35000,-1.45396,1.98972,-2.62187
5702.40000,-1.46259,1.98471,-2.60984
5702.45000,-1.47117,1.97960,-2.59826
5702.50000,-1.47968,1.97439,-2.58714
5702.55000,-1.48814,1.96909,-2.57644
5702.60000,-1.49654,1.96370,-2.56618
5702.65000,-1.50489,1.95822,-2.55637
5702.70000,-1.51319,1.95267,-2.54713
5702.75000,-1.52143,1.94704,-2.53869
5702.80000,-1.52963,1.94135,-2.53138
5702.85000,-1.53783,1.93563,-2.52412
5702.90000,-1.54136,1.93408,-2.51701
5702.95000,-1.54146,1.93401,-2.51477
5703.00000,-1.54155,1.93395,-2.51357
5703.05000,-1.54164,1.93388,-2.51214
5703.10000,-1.54173,1.93382,-2.50999
5703.15000,-1.54182,1.93374,-2.50693
5703.20000,-1.54193,1.93367,-2.50295
5703.25000,-1.54204,1.93359,-2.49805
5703.30000,-1.54374,1.93202,-2.49281
5703.35000,-1.55101,1.92633,-2.48730
5703.40000,-1.55897,1.92018,-2.48027
5703.45000,-1.56684,1.91402,-2.47401
5703.50000,-1.57468,1.90781,-2.46848
5703.55000,-1.58247,1.90156,-2.46385
5703.60000,-1.59028,1.89530,-2.45936
5703.65000,-1.59361,1.89333,-2.45501
5703.70000,-1.59372,1.89331,-2.45300
5703.75000,-1.59544,1.89167,-2.45082
5703.80000,-1.60159,1.88653,-2.44192
5703.85000,-1.60832,1.88090,-2.42837
5703.90000,-1.61164,1.87804,-2.40583
5703.95000,-1.61355,1.87625,-2.36630
5704.00000,-1.61381,1.87599,-2.31420
5704.05000,-1.61385,1.87595,-2.26100
5704.10000,-1.61389,1.87589,-2.20854
5704.15000,-1.61394,1.87582,-2.15641
5704.20000,-1.61399,1.87575,-2.10431
5704.25000,-1.61403,1.87567,-2.05254
5704.30000,-1.61407,1.87559,-2.00129
5704.35000,-1.61411,1.87550,-1.95045
5704.40000,-1.61414,1.87541,-1.90006
5704.45000,-1.61417,1.87530,-1.85006
5704.50000,-1.61421,1.87517,-1.80057
5704.55000,-1.61424,1.87503,-1.75189
5704.60000,-1.61426,1.87487,-1.70423
5704.65000,-1.61428,1.87468,-1.65753
5704.70000,-1.61430,1.87448,-1.61180
5704.75000,-1.61430,1.87425,-1.56705
5704.80000,-1.61429,1.87400,-1.52327
5704.85000,-1.61427,1.87372,-1.48026
5704.90000,-1.61424,1.87341,-1.43766
5704.95000,-1.61419,1.87307,-1.39533
5705.00000,-1.61412,1.87271,-1.35331
5705.05000,-1.61402,1.87233,-1.31164
5705.10000,-1.61391,1.87193,-1.27039
5705.15000,-1.61378,1.87154,-1.22970
5705.20000,-1.61363,1.87114,-1.18958
5705.25000,-1.61346,1.87074,-1.14999
5705.30000,-1.61326,1.87033,-1.11076
5705.35000,-1.61304,1.86990,-1.07182
5705.40000,-1.61278,1.86944,-1.03315
5705.45000,-1.61247,1.86895,-0.99477
5705.50000,-1.61212,1.86843,-0.95674
5705.55000,-1.61172,1.86788,-0.91909
5705.60000,-1.61126,1.86730,-0.88191
5705.65000,-1.60928,1.86512,-0.84539
5705.70000,-1.60435,1.85977,-0.80944
5705.75000,-1.59808,1.85343,-0.77098
5705.80000,-1.59146,1.84725,-0.73316
5705.85000,-1.58460,1.84129,-0.69669
5705.90000,-1.57751,1.83556,-0.66151
5705.95000,-1.57019,1.83006,-0.62762
5706.00000,-1.56226,1.82449,-0.59652
5706.05000,-1.55424,1.81920,-0.56643
5706.10000,-1.54598,1.81411,-0.53841
5706.15000,-1.53763,1.80926,-0.51264
5706.20000,-1.52904,1.80454,-0.48944
5706.25000,-1.52036,1.80006,-0.46749
5706.30000,-1.51193,1.79579,-0.44527
5706.35000,-1.50801,1.79482,-0.42695
5706.40000,-1.50722,1.79450,-0.41341
5706.45000,-1.50650,1.79418,-0.40225
5706.50000,-1.50572,1.79387,-0.39258
5706.55000,-1.50495,1.79356,-0.38421
5706.60000,-1.50411,1.79324,-0.37693
5706.65000,-1.50323,1.79290,-0.36994
5706.70000,-1.50229,1.79252,-0.36326
5706.75000,-1.50126,1.79215,-0.35641
5706.80000,-1.50023,1.79177,-0.35017
5706.85000,-1.49907,1.79137,-0.34393
5706.90000,-1.49795,1.79098,-0.33808
5706.95000,-1.49666,1.79055,-0.33197
5707.00000,-1.49537,1.79011,-0.32607
5707.05000,-1.49405,1.78967,-0.31995
5707.10000,-1.49258,1.78920,-0.31369
5707.15000,-1.49099,1.78870,-0.30748
5707.20000,-1.48951,1.78824,-0.30147
5707.25000,-1.48778,1.78771,-0.29595
5707.30000,-1.48597,1.78717,-0.29113
5707.35000,-1.48413,1.78663,-0.28727
5707.40000,-1.48225,1.78607,-0.28460
5707.45000,-1.48035,1.78552,-0.28328
5707.50000,-1.47840,1.78495,-0.28321
5707.55000,-1.47643,1.78438,-0.28426
5707.60000,-1.47443,1.78379,-0.28585
5707.65000,-1.47239,1.78319,-0.28790
5707.70000,-1.47031,1.78257,-0.29045
5707.75000,-1.46817,1.78192,-0.29313
5707.80000,-1.46592,1.78124,-0.29623
5707.85000,-1.46364,1.78054,-0.29923
5707.90000,-1.46123,1.77979,-0.30259
5707.95000,-1.45875,1.77901,-0.30613
5708.00000,-1.45620,1.77819,-0.31018
5708.05000,-1.45356,1.77732,-0.31511
5708.10000,-1.45090,1.77644,-0.32139
5708.15000,-1.44821,1.77553,-0.32898
5708.20000,-1.44549,1.77458,-0.33788
5708.25000,-1.44276,1.77360,-0.34818
5708.30000,-1.43993,1.77255,-0.35981
5708.35000,-1.43696,1.77140,-0.37319
5708.40000,-1.43201,1.76930,-0.38797
5708.45000,-1.42620,1.76708,-0.40516
5708.50000,-1.42056,1.76459,-0.42012
5708.55000,-1.41392,1.76181,-0.43890
5708.60000,-1.40813,1.75914,-0.45641
5708.65000,-1.40229,1.75646,-0.47564
5708.70000,-1.39678,1.75357,-0.49213
5708.75000,-1.38914,1.74936,-0.51588
5708.80000,-1.38200,1.74533,-0.54135
5708.85000,-1.37827,1.74318,-0.56014
5708.90000,-1.37498,1.74108,-0.57891
5708.95000,-1.37172,1.73890,-0.59777
5709.00000,-1.36848,1.73664,-0.61697
5709.05000,-1.36523,1.73428,-0.63652
5709.10000,-1.36200,1.73184,-0.65642
5709.15000,-1.35879,1.72931,-0.67651
5709.20000,-1.35560,1.72670,-0.69679
5709.25000,-1.35240,1.72395,-0.71700
5709.30000,-1.34924,1.72114,-0.73729
5709.35000,-1.34610,1.71822,-0.75751
5709.40000,-1.34297,1.71520,-0.77760
5709.45000,-1.33986,1.71207,-0.79763
5709.50000,-1.33678,1.70885,-0.81757
5709.55000,-1.33374,1.70552,-0.83730
5709.60000,-1.33072,1.70211,-0.85671
5709.65000,-1.32774,1.69860,-0.87584
5709.70000,-1.32480,1.69500,-0.89449
5709.75000,-1.32190,1.69132,-0.91266
5709.80000,-1.31905,1.68755,-0.93033
5709.85000,-1.31625,1.68373,-0.94750
5709.90000,-1.31349,1.67983,-0.96412
5709.95000,-1.31079,1.67587,-0.98001
5710.00000,-1.30814,1.67184,-0.99525
5710.05000,-1.30552,1.66775,-1.00975
5710.10000,-1.30296,1.66360,-1.02333
5710.15000,-1.30042,1.65938,-1.03622
5710.20000,-1.29646,1.65260,-1.04803
5710.25000,-1.29165,1.64415,-1.05917
5710.30000,-1.28692,1.63562,-1.06958
5710.35000,-1.28227,1.62703,-1.07925
5710.40000,-1.27769,1.61838,-1.08827
5710.45000,-1.27316,1.60966,-1.09670
5710.50000,-1.26870,1.60088,-1.10490
5710.55000,-1.26432,1.59209,-1.11263
5710.60000,-1.26000,1.58326,-1.12008
5710.65000,-1.25573,1.57439,-1.12724
5710.70000,-1.25153,1.56547,-1.13389
5710.75000,-1.24737,1.55651,-1.13999
5710.80000,-1.24325,1.54749,-1.14552
5710.85000,-1.23917,1.53844,-1.15036
5710.90000,-1.23513,1.52936,-1.15421
5710.95000,-1.23110,1.52024,-1.15713
5711.00000,-1.22710,1.51110,-1.15920
5711.05000,-1.22311,1.50195,-1.16024
5711.10000,-1.21912,1.49278,-1.16059
5711.15000,-1.21514,1.48362,-1.16023
5711.20000,-1.21115,1.47446,-1.15978
5711.25000,-1.20714,1.46529,-1.15851
5711.30000,-1.20311,1.45611,-1.15699
5711.35000,-1.19908,1.44695,-1.15499
5711.40000,-1.19503,1.43779,-1.15290
5711.45000,-1.19095,1.42864,-1.15085
5711.50000,-1.18685,1.41948,-1.14847
5711.55000,-1.18273,1.41035,-1.14580
5711.60000,-1.17859,1.40122,-1.14302
5711.65000,-1.17442,1.39210,-1.14007
5711.70000,-1.17022,1.38300,-1.13697
5711.75000,-1.16600,1.37392,-1.13384
5711.80000,-1.16173,1.36482,-1.13067
5711.85000,-1.15746,1.35578,-1.12760
5711.90000,-1.15315,1.34675,-1.12443
5711.95000,-1.14881,1.33771,-1.12101
5712.00000,-1.14443,1.32868,-1.11745
5712.05000,-1.14002,1.31969,-1.11386
5712.10000,-1.13559,1.31072,-1.11028
5712.15000,-1.13113,1.30176,-1.10658
5712.20000,-1.12663,1.29282,-1.10274
5712.25000,-1.12210,1.28390,-1.09874
5712.30000,-1.11753,1.27500,-1.09454
5712.35000,-1.11293,1.26612,-1.09015
5712.40000,-1.10829,1.25727,-1.08559
5712.45000,-1.10359,1.24841,-1.08060
5712.50000,-1.09885,1.23959,-1.07531
5712.55000,-1.09406,1.23078,-1.06970
5712.60000,-1.08922,1.22200,-1.06379
5712.65000,-1.08433,1.21326,-1.05771
5712.70000,-1.07938,1.20454,-1.05138
5712.75000,-1.07437,1.19583,-1.04495
5712.80000,-1.06932,1.18720,-1.03858
5712.85000,-1.06418,1.17853,-1.03173
5712.90000,-1.05898,1.16990,-1.02485
5712.95000,-1.05371,1.16128,-1.01778
5713.00000,-1.04836,1.15269,-1.01044
5713.05000,-1.04291,1.14407,-1.00238
5713.10000,-1.03738,1.13549,-0.99379
5713.15000,-1.03179,1.12698,-0.98465
5713.20000,-1.02610,1.11848,-0.97469
5713.25000,-1.02030,1.11002,-0.96373
5713.30000,-1.01446,1.10159,-0.95286
5713.35000,-1.01276,1.09788,-0.94089
5713.40000,-1.01241,1.09741,-0.92607
5713.45000,-1.01205,1.09694,-0.91080
5713.50000,-1.01171,1.09650,-0.89612
5713.55000,-1.01135,1.09605,-0.88165
5713.60000,-1.01098,1.09561,-0.86753
5713.65000,-1.01061,1.09518,-0.85372
5713.70000,-1.01024,1.09476,-0.84021
5713.75000,-1.00850,1.09292,-0.82756
5713.80000,-1.00222,1.08625,-0.81546
5713.85000,-0.99509,1.07878,-0.80223
5713.90000,-0.98791,1.07134,-0.78900
5713.95000,-0.98461,1.06782,-0.77659
5714.00000,-0.98405,1.06728,-0.75883
5714.05000,-0.98360,1.06685,-0.73927
5714.10000,-0.98315,1.06644,-0.72001
5714.15000,-0.98268,1.06601,-0.70105
5714.20000,-0.98220,1.06560,-0.68233
5714.25000,-0.98171,1.06522,-0.66388
5714.30000,-0.98123,1.06484,-0.64571
5714.35000,-0.98073,1.06448,-0.62777
5714.40000,-0.98024,1.06413,-0.61007
5714.45000,-0.97975,1.06378,-0.59257
5714.50000,-0.97925,1.06346,-0.57528
5714.55000,-0.97758,1.06200,-0.55958
5714.60000,-0.97025,1.05707,-0.54498
5714.65000,-0.96147,1.05184,-0.52855
5714.70000,-0.95249,1.04658,-0.51133
5714.75000,-0.94855,1.04532,-0.49567
5714.80000,-0.94791,1.04498,-0.47024
5714.85000,-0.94747,1.04476,-0.44408
5714.90000,-0.94736,1.04471,-0.41936
5714.95000,-0.94724,1.04466,-0.39459
5715.00000,-0.94713,1.04462,-0.36985
5715.05000,-0.94701,1.04457,-0.34514
5715.10000,-0.94690,1.04453,-0.32045
5715.15000,-0.94678,1.04449,-0.29580
5715.20000,-0.94666,1.04446,-0.27105
5715.25000,-0.94654,1.04443,-0.24579
5715.30000,-0.94642,1.04440,-0.21969
5715.35000,-0.94630,1.04437,-0.19271
5715.40000,-0.94618,1.04435,-0.16471
5715.45000,-0.94605,1.04433,-0.13565
5715.50000,-0.94593,1.04432,-0.10620
5715.55000,-0.94581,1.04431,-0.07695
5715.60000,-0.94568,1.04430,-0.04791
5715.65000,-0.94556,1.04429,-0.01909
5715.70000,-0.94543,1.04429,0.00950
5715.75000,-0.94530,1.04430,0.03784
5715.80000,-0.94518,1.04430,0.06593
5715.85000,-0.94505,1.04431,0.09375
5715.90000,-0.94492,1.04433,0.12130
5715.95000,-0.94480,1.04434,0.14857
5716.00000,-0.94467,1.04437,0.17554
5716.05000,-0.94455,1.04439,0.20221
5716.10000,-0.94442,1.04442,0.22857
5716.15000,-0.94430,1.04445,0.25463
5716.20000,-0.94417,1.04448,0.28037
5716.25000,-0.94405,1.04452,0.30580
5716.30000,-0.94393,1.04456,0.33100
5716.35000,-0.94190,1.04566,0.35589
5716.40000,-0.93389,1.04883,0.37814
5716.45000,-0.92493,1.05251,0.40436
5716.50000,-0.91628,1.05620,0.43157
5716.55000,-0.91260,1.05670,0.46025
5716.60000,-0.91184,1.05707,0.49331
5716.65000,-0.91171,1.05714,0.52532
5716.70000,-0.91159,1.05721,0.55828
5716.75000,-0.91147,1.05729,0.59204
5716.80000,-0.91135,1.05738,0.62642
5716.85000,-0.91122,1.05747,0.66124
5716.90000,-0.91110,1.05757,0.69639
5716.95000,-0.91098,1.05768,0.73175
5717.00000,-0.91086,1.05779,0.76721
5717.05000,-0.91074,1.05791,0.80269
5717.10000,-0.91062,1.05803,0.83812
5717.15000,-0.91051,1.05816,0.87344
5717.20000,-0.91040,1.05830,0.90859
5717.25000,-0.91029,1.05844,0.94353
5717.30000,-0.91018,1.05859,0.97820
5717.35000,-0.90992,1.05897,1.01379
5717.40000,-0.90961,1.05945,1.04941
5717.45000,-0.90912,1.06030,1.08614
5717.50000,-0.90884,1.06081,1.12094
5717.55000,-0.90849,1.06158,1.15657
5717.60000,-0.90811,1.06251,1.19243
5717.65000,-0.90702,1.06477,1.22652
5717.70000,-0.90452,1.07124,1.25871
5717.75000,-0.90159,1.08070,1.29051
5717.80000,-0.89901,1.09031,1.32343
5717.85000,-0.89674,1.09985,1.35601
5717.90000,-0.89476,1.10976,1.38604
5717.95000,-0.89306,1.11969,1.41545
5718.00000,-0.89167,1.12967,1.44575
5718.05000,-0.89058,1.13978,1.47630
5718.10000,-0.88979,1.14960,1.50426
5718.15000,-0.88930,1.15886,1.53319
5718.20000,-0.88908,1.16815,1.56147
5718.25000,-0.88913,1.17746,1.58903
5718.30000,-0.88942,1.18679,1.61584
5718.35000,-0.88996,1.19612,1.64187
5718.40000,-0.89075,1.20546,1.66708
5718.45000,-0.89176,1.21479,1.69144
5718.50000,-0.89301,1.22412,1.71494
5718.55000,-0.89447,1.23344,1.73760
5718.60000,-0.89614,1.24274,1.75948
5718.65000,-0.89802,1.25203,1.78058
5718.70000,-0.90009,1.26129,1.80094
5718.75000,-0.90235,1.27053,1.82059
5718.80000,-0.90479,1.27973,1.83955
5718.85000,-0.90741,1.28891,1.85783
5718.90000,-0.91019,1.29806,1.87542
5718.95000,-0.91314,1.30717,1.89233
5719.00000,-0.91625,1.31624,1.90854
5719.05000,-0.91951,1.32529,1.92406
5719.10000,-0.92283,1.33431,1.93958
5719.15000,-0.92346,1.33892,1.95510
5719.20000,-0.92353,1.33922,1.96843
5719.25000,-0.92363,1.33948,1.98072
5719.30000,-0.92373,1.33977,1.99313
5719.35000,-0.92384,1.34002,2.00470
5719.40000,-0.92395,1.34029,2.01609
5719.45000,-0.92409,1.34059,2.02731
5719.50000,-0.92421,1.34085,2.03736
5719.55000,-0.92432,1.34112,2.04749
5719.60000,-0.92441,1.34130,2.05661
5719.65000,-0.92454,1.34157,2.06622
5719.70000,-0.92464,1.34177,2.07526
5719.75000,-0.92471,1.34190,2.08362
5719.80000,-0.92482,1.34210,2.09189
5719.85000,-0.92493,1.34231,2.10014
5719.90000,-0.92500,1.34241,2.10791
5719.95000,-0.92510,1.34258,2.11519
5720.00000,-0.92518,1.34271,2.12253
5720.05000,-0.92524,1.34281,2.12911
5720.10000,-0.92534,1.34297,2.13559
5720.15000,-0.92546,1.34316,2.14128
5720.20000,-0.92559,1.34337,2.14657
5720.25000,-0.92569,1.34353,2.15177
5720.30000,-0.92578,1.34367,2.15626
5720.35000,-0.92588,1.34382,2.16040
5720.40000,-0.92597,1.34395,2.16449
5720.45000,-0.92606,1.34409,2.16797
5720.50000,-0.92618,1.34427,2.17110
5720.55000,-0.92631,1.34446,2.17403
5720.60000,-0.92641,1.34460,2.17660
5720.65000,-0.92653,1.34477,2.17884
5720.70000,-0.92662,1.34490,2.18090
5720.75000,-0.92672,1.34505,2.18253
5720.80000,-0.92682,1.34520,2.18391
5720.85000,-0.92693,1.34536,2.18499
5720.90000,-0.92702,1.34548,2.18575
5720.95000,-0.92712,1.34562,2.18619
5721.00000,-0.92722,1.34576,2.18633
5721.05000,-0.92732,1.34591,2.18617
5721.10000,-0.92743,1.34606,2.18572
5721.15000,-0.92754,1.34622,2.18500
5721.20000,-0.92765,1.34638,2.18400
5721.25000,-0.92777,1.34655,2.18276
5721.30000,-0.92790,1.34672,2.18130
5721.35000,-0.92802,1.34690,2.17961
5721.40000,-0.92815,1.34709,2.17770
5721.45000,-0.92828,1.34728,2.17556
5721.50000,-0.92841,1.34747,2.17321
5721.55000,-0.92855,1.34767,2.17065
5721.60000,-0.92869,1.34787,2.16788
5721.65000,-0.92883,1.34808,2.16489
5721.70000,-0.92897,1.34829,2.16170
5721.75000,-0.92912,1.34851,2.15830
5721.80000,-0.92926,1.34873,2.15472
5721.85000,-0.92941,1.34896,2.15096
5721.90000,-0.92956,1.34919,2.14702
5721.95000,-0.92971,1.34942,2.14292
5722.00000,-0.92987,1.34966,2.13866
5722.05000,-0.93002,1.34990,2.13426
5722.10000,-0.93017,1.35014,2.12972
5722.15000,-0.93033,1.35039,2.12506
5722.20000,-0.93048,1.35064,2.12028
5722.25000,-0.93064,1.35089,2.11539
5722.30000,-0.93079,1.35115,2.11038
5722.35000,-0.93095,1.35141,2.10526
5722.40000,-0.93110,1.35167,2.10003
5722.45000,-0.93126,1.35194,2.09469
5722.50000,-0.93141,1.35221,2.08925
5722.55000,-0.93157,1.35248,2.08371
5722.60000,-0.93172,1.35276,2.07808
5722.65000,-0.93187,1.35303,2.07237
5722.70000,-0.93203,1.35331,2.06660
5722.75000,-0.93218,1.35359,2.06077
5722.80000,-0.93233,1.35388,2.05489
5722.85000,-0.93247,1.35416,2.04897
5722.90000,-0.93262,1.35445,2.04300
5722.95000,-0.93277,1.35473,2.03699
5723.00000,-0.93291,1.35502,2.03092
5723.05000,-0.93305,1.35531,2.02480
5723.10000,-0.93320,1.35561,2.01864
5723.15000,-0.93334,1.35590,2.01243
5723.20000,-0.93465,1.35771,2.00696
5723.25000,-0.93865,1.36530,2.00160
5723.30000,-0.94274,1.37426,1.99532
5723.35000,-0.94678,1.38328,1.98909
5723.40000,-0.95077,1.39232,1.98283
5723.45000,-0.95468,1.40136,1.97665
5723.50000,-0.95855,1.41043,1.97037
5723.55000,-0.96236,1.41953,1.96412
5723.60000,-0.96611,1.42863,1.95796
5723.65000,-0.96980,1.43776,1.95192
5723.70000,-0.97343,1.44692,1.94585
5723.75000,-0.97702,1.45609,1.93989
5723.80000,-0.98054,1.46530,1.93401
5723.85000,-0.98401,1.47452,1.92832
5723.90000,-0.98744,1.48378,1.92298
5723.95000,-0.99083,1.49306,1.91810
5724.00000,-0.99418,1.50238,1.91351
5724.05000,-0.99749,1.51172,1.90959
5724.10000,-1.00077,1.52109,1.90619
5724.15000,-1.00403,1.53047,1.90347
5724.20000,-1.00727,1.53987,1.90136
5724.25000,-1.01049,1.54930,1.89993
5724.30000,-1.01372,1.55875,1.89925
5724.35000,-1.01693,1.56822,1.89959
5724.40000,-1.02019,1.57772,1.90150
5724.45000,-1.02349,1.58730,1.90571
5724.50000,-1.02686,1.59689,1.91385
5724.55000,-1.03020,1.60635,1.92287
5724.60000,-1.03076,1.61034,1.93464
5724.65000,-1.03104,1.61116,1.96163
5724.70000,-1.03136,1.61194,1.99556
5724.75000,-1.03155,1.61237,2.03131
5724.80000,-1.03159,1.61245,2.06754
5724.85000,-1.03164,1.61253,2.10477
5724.90000,-1.03169,1.61261,2.14218
5724.95000,-1.03174,1.61268,2.17939
5725.00000,-1.03179,1.61276,2.21645
5725.05000,-1.03185,1.61283,2.25348
5725.10000,-1.03191,1.61291,2.29093
5725.15000,-1.03198,1.61298,2.32926
5725.20000,-1.03206,1.61306,2.36889
5725.25000,-1.03214,1.61314,2.40975
5725.30000,-1.03224,1.61322,2.45164
5725.35000,-1.03235,1.61331,2.49444
5725.40000,-1.03247,1.61339,2.53801
5725.45000,-1.03261,1.61349,2.58225
5725.50000,-1.03276,1.61358,2.62703
5725.55000,-1.03294,1.61367,2.67222
5725.60000,-1.03313,1.61376,2.71760
5725.65000,-1.03333,1.61385,2.76281
5725.70000,-1.03353,1.61392,2.80764
5725.75000,-1.03374,1.61399,2.85205
5725.80000,-1.03395,1.61405,2.89602
5725.85000,-1.03417,1.61410,2.93960
5725.90000,-1.03439,1.61414,2.98283
5725.95000,-1.03462,1.61417,3.02583
5726.00000,-1.03486,1.61419,3.06874
5726.05000,-1.03512,1.61421,3.11165
5726.10000,-1.03539,1.61421,-3.12863
5726.15000,-1.03567,1.61420,-3.08576
5726.20000,-1.03598,1.61417,-3.04298
5726.25000,-1.03630,1.61414,-3.00034
5726.30000,-1.03664,1.61408,-2.95783
5726.35000,-1.03700,1.61400,-2.91545
5726.40000,-1.03739,1.61391,-2.87326
5726.45000,-1.03779,1.61379,-2.83137
5726.50000,-1.03820,1.61365,-2.78990
5726.55000,-1.03861,1.61349,-2.74888
5726.60000,-1.03903,1.61330,-2.70831
5726.65000,-1.03945,1.61310,-2.66815
5726.70000,-1.04039,1.61260,-2.62607
5726.75000,-1.04169,1.61181,-2.58269
5726.80000,-1.04253,1.61128,-2.54208
5726.85000,-1.04312,1.61086,-2.50323
5726.90000,-1.04389,1.61029,-2.46391
5726.95000,-1.04457,1.60975,-2.42571
5727.00000,-1.04519,1.60919,-2.38829
5727.05000,-1.04586,1.60855,-2.35125
5727.10000,-1.04659,1.60781,-2.31442
5727.15000,-1.04743,1.60688,-2.27765
5727.20000,-1.04850,1.60560,-2.23996
5727.25000,-1.05063,1.60285,-2.20231
5727.30000,-1.05499,1.59664,-2.16657
5727.35000,-1.05994,1.58904,-2.12976
5727.40000,-1.06463,1.58125,-2.09370
5727.45000,-1.06904,1.57327,-2.05856
5727.50000,-1.07319,1.56512,-2.02434
5727.55000,-1.07707,1.55681,-1.99102
5727.60000,-1.08068,1.54836,-1.95862
5727.65000,-1.08403,1.53978,-1.92714
5727.70000,-1.08712,1.53108,-1.89657
5727.75000,-1.08995,1.52227,-1.86688
5727.80000,-1.09253,1.51336,-1.83800
5727.85000,-1.09485,1.50436,-1.80988
5727.90000,-1.09693,1.49528,-1.78247
5727.95000,-1.09877,1.48613,-1.75575
5728.00000,-1.10037,1.47692,-1.72969
5728.05000,-1.10173,1.46766,-1.70430
5728.10000,-1.10287,1.45834,-1.67956
5728.15000,-1.10377,1.44899,-1.65548
5728.20000,-1.10446,1.43960,-1.63207
5728.25000,-1.10493,1.43018,-1.60931
5728.30000,-1.10519,1.42074,-1.58722
5728.35000,-1.10524,1.41127,-1.56580
5728.40000,-1.10510,1.40179,-1.54508
5728.45000,-1.10476,1.39230,-1.52514
5728.50000,-1.10422,1.38250,-1.50684
5728.55000,-1.10358,1.37239,-1.48862
5728.60000,-1.10344,1.36678,-1.47061
5728.65000,-1.10341,1.36597,-1.45386
5728.70000,-1.10337,1.36568,-1.43925
5728.75000,-1.10337,1.36565,-1.42419
5728.80000,-1.10338,1.36570,-1.40971
5728.85000,-1.10339,1.36573,-1.39579
5728.90000,-1.10339,1.36574,-1.38232
5728.95000,-1.10338,1.36572,-1.36922
5729.00000,-1.10337,1.36567,-1.35649
5729.05000,-1.10335,1.36558,-1.34416
5729.10000,-1.10332,1.36545,-1.33213
5729.15000,-1.10327,1.36527,-1.32040
5729.20000,-1.10321,1.36503,-1.30899
5729.25000,-1.10313,1.36474,-1.29795
5729.30000,-1.10303,1.36439,-1.28731
5729.35000,-1.10291,1.36399,-1.27711
5729.40000,-1.10278,1.36356,-1.26739
5729.45000,-1.10264,1.36312,-1.25820
5729.50000,-1.10249,1.36267,-1.24953
5729.55000,-1.10233,1.36220,-1.24137
5729.60000,-1.10217,1.36171,-1.23370
5729.65000,-1.10199,1.36122,-1.22650
5729.70000,-1.10173,1.36050,-1.21976
5729.75000,-1.10145,1.35973,-1.21348
5729.80000,-1.10115,1.35894,-1.20731
5729.85000,-1.10085,1.35813,-1.20142
5729.90000,-1.10051,1.35723,-1.19585
5729.95000,-1.10016,1.35632,-1.19021
5730.00000,-1.09976,1.35533,-1.18470
5730.05000,-1.09932,1.35426,-1.17959
5730.10000,-1.09887,1.35315,-1.17485
5730.15000,-1.09837,1.35196,-1.17062
5730.20000,-1.09786,1.35075,-1.16687
5730.25000,-1.09733,1.34952,-1.16350
5730.30000,-1.09681,1.34832,-1.16049
5730.35000,-1.09628,1.34712,-1.15789
5730.40000,-1.09575,1.34591,-1.15569
5730.45000,-1.09522,1.34470,-1.15388
5730.50000,-1.09468,1.34347,-1.15227
5730.55000,-1.09412,1.34223,-1.15087
5730.60000,-1.09354,1.34093,-1.14983
5730.65000,-1.09293,1.33957,-1.14894
5730.70000,-1.09228,1.33812,-1.14824
5730.75000,-1.09160,1.33661,-1.14771
5730.80000,-1.09089,1.33502,-1.14741
5730.85000,-1.09014,1.33336,-1.14730
5730.90000,-1.08938,1.33167,-1.14740
5730.95000,-1.08861,1.32996,-1.14775
5731.00000,-1.08785,1.32827,-1.14823
5731.05000,-1.08708,1.32656,-1.14903
5731.10000,-1.08632,1.32487,-1.15005
5731.15000,-1.08556,1.32315,-1.15133
5731.20000,-1.08478,1.32141,-1.15289
5731.25000,-1.08400,1.31964,-1.15458
5731.30000,-1.08319,1.31781,-1.15636
5731.35000,-1.08235,1.31590,-1.15820
5731.40000,-1.08148,1.31390,-1.16007
5731.45000,-1.08057,1.31180,-1.16198
5731.50000,-1.07962,1.30961,-1.16394
5731.55000,-1.07863,1.30732,-1.16596
5731.60000,-1.07763,1.30496,-1.16804
5731.65000,-1.07660,1.30254,-1.17021
5731.70000,-1.07557,1.30011,-1.17250
5731.75000,-1.07456,1.29769,-1.17492
5731.80000,-1.07355,1.29527,-1.17747
5731.85000,-1.07255,1.29286,-1.18013
5731.90000,-1.07157,1.29045,-1.18289
5731.95000,-1.07059,1.28805,-1.18574
5732.00000,-1.06961,1.28563,-1.18864
5732.05000,-1.06864,1.28320,-1.19156
5732.10000,-1.06766,1.28074,-1.19444
5732.15000,-1.06667,1.27822,-1.19728
5732.20000,-1.06566,1.27564,-1.20004
5732.25000,-1.06464,1.27300,-1.20273
5732.30000,-1.06360,1.27030,-1.20534
5732.35000,-1.06128,1.26566,-1.20737
5732.40000,-1.05776,1.25668,-1.20962
5732.45000,-1.05424,1.24734,-1.21199
5732.50000,-1.05075,1.23801,-1.21433
5732.55000,-1.04727,1.22866,-1.21675
5732.60000,-1.04382,1.21928,-1.21926
5732.65000,-1.04039,1.20988,-1.22172
5732.70000,-1.03698,1.20048,-1.22408
5732.75000,-1.03359,1.19107,-1.22630
5732.80000,-1.03022,1.18166,-1.22833
5732.85000,-1.02687,1.17223,-1.23016
5732.90000,-1.02354,1.16281,-1.23179
5732.95000,-1.02022,1.15337,-1.23326
5733.00000,-1.01692,1.14394,-1.23454
5733.05000,-1.01362,1.13449,-1.23565
5733.10000,-1.01034,1.12506,-1.23652
5733.15000,-1.00707,1.11563,-1.23728
5733.20000,-1.00380,1.10619,-1.23799
5733.25000,-1.00053,1.09672,-1.23872
5733.30000,-0.99728,1.08727,-1.23931
5733.35000,-0.99403,1.07783,-1.23995
5733.40000,-0.99079,1.06839,-1.24054
5733.45000,-0.98755,1.05894,-1.24100
5733.50000,-0.98431,1.04948,-1.24126
5733.55000,-0.98108,1.04002,-1.24132
5733.60000,-0.97784,1.03056,-1.24111
5733.65000,-0.97460,1.02110,-1.24064
5733.70000,-0.97136,1.01164,-1.23990
5733.75000,-0.96810,1.00219,-1.23888
5733.80000,-0.96484,0.99273,-1.23756
5733.85000,-0.96156,0.98329,-1.23591
5733.90000,-0.95826,0.97384,-1.23390
5733.95000,-0.95495,0.96441,-1.23151
5734.00000,-0.95161,0.95499,-1.22872
5734.05000,-0.94824,0.94557,-1.22552
5734.10000,-0.94483,0.93617,-1.22186
5734.15000,-0.94139,0.92676,-1.21753
5734.20000,-0.93789,0.91734,-1.21224
5734.25000,-0.93435,0.90799,-1.20607
5734.30000,-0.93074,0.89863,-1.19827
5734.35000,-0.92704,0.88928,-1.18787
5734.40000,-0.92330,0.88000,-1.17753
5734.45000,-0.92153,0.87356,-1.16532
5734.50000,-0.92131,0.87296,-1.13615
5734.55000,-0.92129,0.87292,-1.09527
5734.60000,-0.92127,0.87288,-1.05211
5734.65000,-0.92124,0.87284,-1.00886
5734.70000,-0.92121,0.87280,-0.96572
5734.75000,-0.92118,0.87276,-0.92291
5734.80000,-0.92115,0.87272,-0.88054
5734.85000,-0.92112,0.87268,-0.83864
5734.90000,-0.92108,0.87264,-0.79701
5734.95000,-0.92104,0.87260,-0.75575
5735.00000,-0.92100,0.87256,-0.71497
5735.05000,-0.92096,0.87253,-0.67489
5735.10000,-0.92091,0.87249,-0.63584
5735.15000,-0.92087,0.87246,-0.59813
5735.20000,-0.92082,0.87243,-0.56215
5735.25000,-0.92077,0.87240,-0.52824
5735.30000,-0.92072,0.87237,-0.49676
5735.35000,-0.92030,0.87215,-0.46644
5735.40000,-0.91960,0.87180,-0.43797
5735.45000,-0.91721,0.87049,-0.41114
5735.50000,-0.90882,0.86682,-0.38930
5735.55000,-0.89908,0.86294,-0.36945
5735.60000,-0.88929,0.85927,-0.34936
5735.65000,-0.87946,0.85580,-0.32886
5735.70000,-0.86948,0.85251,-0.30772
5735.75000,-0.85941,0.84943,-0.28657
5735.80000,-0.84929,0.84656,-0.26580
5735.85000,-0.83913,0.84391,-0.24566
5735.90000,-0.82905,0.84149,-0.22697
5735.95000,-0.81892,0.83925,-0.20922
5736.00000,-0.80873,0.83718,-0.19239
5736.05000,-0.79860,0.83529,-0.17724
5736.10000,-0.78863,0.83357,-0.16412
5736.15000,-0.77853,0.83197,-0.15120
5736.20000,-0.76864,0.83052,-0.13969
5736.25000,-0.75844,0.82915,-0.12744
5736.30000,-0.74848,0.82794,-0.11698
5736.35000,-0.73848,0.82681,-0.10693
5736.40000,-0.72849,0.82579,-0.09762
5736.45000,-0.71855,0.82486,-0.08914
5736.50000,-0.70860,0.82402,-0.08123
5736.55000,-0.69865,0.82324,-0.07379
5736.60000,-0.68869,0.82255,-0.06681
5736.65000,-0.67873,0.82191,-0.06019
5736.70000,-0.66876,0.82135,-0.05389
5736.75000,-0.65879,0.82084,-0.04782
5736.80000,-0.64881,0.82040,-0.04194
5736.85000,-0.63884,0.82001,-0.03613
5736.90000,-0.62886,0.81968,-0.03067
5736.95000,-0.61887,0.81940,-0.02527
5737.00000,-0.60889,0.81918,-0.01968
5737.05000,-0.59889,0.81901,-0.01378
5737.10000,-0.58884,0.81891,-0.00730
5737.15000,-0.57885,0.81887,-0.00058
5737.20000,-0.56886,0.81890,0.00673
5737.25000,-0.55881,0.81901,0.01505
5737.30000,-0.54883,0.81921,0.02388
5737.35000,-0.53871,0.81950,0.03443
5737.40000,-0.52875,0.81990,0.04622
5737.45000,-0.51894,0.82042,0.05933
5737.50000,-0.50931,0.82106,0.07323
5737.55000,-0.49966,0.82183,0.08604
5737.60000,-0.48977,0.82273,0.09692
5737.65000,-0.47968,0.82376,0.10692
5737.70000,-0.46973,0.82487,0.11664
5737.75000,-0.45977,0.82607,0.12593
5737.80000,-0.44978,0.82737,0.13396
5737.85000,-0.43981,0.82874,0.14133
5737.90000,-0.42985,0.83019,0.14811
5737.95000,-0.41989,0.83170,0.15456
5738.00000,-0.40994,0.83328,0.16094
5738.05000,-0.39999,0.83492,0.16698
5738.10000,-0.38996,0.83663,0.17283
5738.15000,-0.38005,0.83839,0.17995
5738.20000,-0.37010,0.84023,0.18891
5738.25000,-0.36020,0.84216,0.20041
5738.30000,-0.35029,0.84424,0.21498
5738.35000,-0.34034,0.84648,0.23169
5738.40000,-0.33031,0.84893,0.25075
5738.45000,-0.32016,0.85164,0.27246
5738.50000,-0.31006,0.85448,0.29457
5738.55000,-0.30152,0.85599,0.31808
5738.60000,-0.29845,0.85621,0.34358
5738.65000,-0.29772,0.85646,0.37356
5738.70000,-0.29710,0.85668,0.40406
5738.75000,-0.29636,0.85700,0.43585
5738.80000,-0.29562,0.85733,0.46830
5738.85000,-0.29504,0.85759,0.50122
5738.90000,-0.29434,0.85796,0.53571
5738.95000,-0.29394,0.85818,0.56942
5739.00000,-0.29322,0.85866,0.60545
5739.05000,-0.29237,0.85925,0.64307
5739.10000,-0.29153,0.85988,0.68163
5739.15000,-0.29081,0.86047,0.72023
5739.20000,-0.29004,0.86114,0.76006
5739.25000,-0.28994,0.86125,0.79667
5739.30000,-0.28985,0.86134,0.83344
5739.35000,-0.28977,0.86143,0.87049
5739.40000,-0.28968,0.86154,0.90770
5739.45000,-0.28960,0.86165,0.94498
5739.50000,-0.28951,0.86177,0.98224
5739.55000,-0.28943,0.86190,1.01939
5739.60000,-0.28935,0.86204,1.05640
5739.65000,-0.28927,0.86218,1.09319
5739.70000,-0.28920,0.86233,1.12974
5739.75000,-0.28913,0.86248,1.16600
5739.80000,-0.28907,0.86264,1.20193
5739.85000,-0.28900,0.86281,1.23751
5739.90000,-0.28895,0.86298,1.27271
5739.95000,-0.28890,0.86315,1.30751
5740.00000,-0.28885,0.86333,1.34189
5740.05000,-0.28881,0.86352,1.37583
5740.10000,-0.28878,0.86370,1.40931
5740.15000,-0.28875,0.86389,1.44234
5740.20000,-0.28873,0.86408,1.47488
5740.25000,-0.28872,0.86428,1.50692
5740.30000,-0.28854,0.86637,1.53858
5740.35000,-0.28840,0.87345,1.56980
5740.40000,-0.28854,0.88336,1.60002
5740.45000,-0.28898,0.89335,1.62997
5740.50000,-0.28972,0.90332,1.65935
5740.55000,-0.29075,0.91327,1.68814
5740.60000,-0.29206,0.92318,1.71634
5740.65000,-0.29365,0.93306,1.74395
5740.70000,-0.29550,0.94288,1.77093
5740.75000,-0.29762,0.95265,1.79727
5740.80000,-0.29999,0.96236,1.82298
5740.85000,-0.30260,0.97201,1.84806
5740.90000,-0.30546,0.98160,1.87247
5740.95000,-0.30863,0.99138,1.89735
5741.00000,-0.31218,1.00142,1.92296
5741.05000,-0.31590,1.01129,1.94724
5741.10000,-0.31986,1.02102,1.97034
5741.15000,-0.32404,1.03067,1.99231
5741.20000,-0.32840,1.04021,2.01290
5741.25000,-0.33293,1.04957,2.03188
5741.30000,-0.33762,1.05882,2.04865
5741.35000,-0.34239,1.06805,2.06517
5741.40000,-0.34417,1.07369,2.08187
5741.45000,-0.34425,1.07503,2.09087
5741.50000,-0.34421,1.07526,2.09327
5741.55000,-0.34426,1.07535,2.09642
5741.60000,-0.34433,1.07549,2.10205
5741.65000,-0.34444,1.07568,2.10950
5741.70000,-0.34457,1.07590,2.11815
5741.75000,-0.34472,1.07613,2.12724
5741.80000,-0.34486,1.07636,2.13617
5741.85000,-0.34500,1.07658,2.14460
5741.90000,-0.34513,1.07679,2.15256
5741.95000,-0.34525,1.07697,2.15991
5742.00000,-0.34537,1.07714,2.16709
5742.05000,-0.34551,1.07736,2.17459
5742.10000,-0.34565,1.07757,2.18286
5742.15000,-0.34582,1.07782,2.19170
5742.20000,-0.34599,1.07806,2.20096
5742.25000,-0.34618,1.07831,2.21044
5742.30000,-0.34636,1.07856,2.21993
5742.35000,-0.34655,1.07880,2.22911
5742.40000,-0.34672,1.07902,2.23787
5742.45000,-0.34689,1.07923,2.24616
5742.50000,-0.34705,1.07944,2.25393
5742.55000,-0.34723,1.07967,2.26127
5742.60000,-0.34739,1.07986,2.26822
5742.65000,-0.34753,1.08005,2.27480
5742.70000,-0.34768,1.08022,2.28130
5742.75000,-0.34782,1.08040,2.28779
5742.80000,-0.34797,1.08058,2.29426
5742.85000,-0.34813,1.08077,2.30066
5742.90000,-0.34829,1.08095,2.30691
5742.95000,-0.34845,1.08112,2.31294
5743.00000,-0.34860,1.08130,2.31872
5743.05000,-0.34876,1.08147,2.32405
5743.10000,-0.34888,1.08160,2.32890
5743.15000,-0.34900,1.08173,2.33345
5743.20000,-0.34910,1.08183,2.33759
5743.25000,-0.34919,1.08192,2.34139
5743.30000,-0.34926,1.08200,2.34477
5743.35000,-0.34933,1.08208,2.34797
5743.40000,-0.34941,1.08216,2.35101
5743.45000,-0.34950,1.08224,2.35388
5743.50000,-0.34958,1.08233,2.35659
5743.55000,-0.34967,1.08241,2.35911
5743.60000,-0.34976,1.08251,2.36142
5743.65000,-0.34985,1.08260,2.36349
5743.70000,-0.34995,1.08269,2.36531
5743.75000,-0.35004,1.08278,2.36687
5743.80000,-0.35013,1.08287,2.36818
5743.85000,-0.35023,1.08296,2.36926
5743.90000,-0.35032,1.08305,2.37010
5743.95000,-0.35042,1.08315,2.37072
5744.00000,-0.35052,1.08324,2.37114
5744.05000,-0.35062,1.08334,2.37138
5744.10000,-0.35072,1.08344,2.37144
5744.15000,-0.35082,1.08354,2.37132
5744.20000,-0.35093,1.08364,2.37102
5744.25000,-0.35104,1.08375,2.37053
5744.30000,-0.35115,1.08386,2.36985
5744.35000,-0.35126,1.08396,2.36898
5744.40000,-0.35137,1.08407,2.36791
5744.45000,-0.35148,1.08418,2.36666
5744.50000,-0.35159,1.08429,2.36522
5744.55000,-0.35170,1.08439,2.36361
5744.60000,-0.35181,1.08450,2.36182
5744.65000,-0.35192,1.08461,2.35987
5744.70000,-0.35203,1.08472,2.35776
5744.75000,-0.35214,1.08484,2.35550
5744.80000,-0.35226,1.08495,2.35309
5744.85000,-0.35238,1.08507,2.35054
5744.90000,-0.35249,1.08519,2.34785
5744.95000,-0.35261,1.08531,2.34502
5745.00000,-0.35273,1.08543,2.34206
5745.05000,-0.35285,1.08556,2.33896
5745.10000,-0.35297,1.08568,2.33574
5745.15000,-0.35309,1.08581,2.33239
5745.20000,-0.35321,1.08593,2.32892
5745.25000,-0.35333,1.08606,2.32534
5745.30000,-0.35345,1.08619,2.32164
5745.35000,-0.35357,1.08632,2.31784
5745.40000,-0.35369,1.08644,2.31393
5745.45000,-0.35378,1.08654,2.30980
5745.50000,-0.35384,1.08661,2.30544
5745.55000,-0.35389,1.08666,2.30112
5745.60000,-0.35395,1.08673,2.29652
5745.65000,-0.35399,1.08679,2.29182
5745.70000,-0.35554,1.08833,2.28722
5745.75000,-0.36074,1.09353,2.28304
5745.80000,-0.36717,1.10089,2.27799
5745.85000,-0.37356,1.10842,2.27278
5745.90000,-0.37990,1.11598,2.26754
5745.95000,-0.38620,1.12358,2.26224
5746.00000,-0.39246,1.13121,2.25692
5746.05000,-0.39868,1.13887,2.25157
5746.10000,-0.40486,1.14657,2.24622
5746.15000,-0.41100,1.15430,2.24090
5746.20000,-0.41710,1.16206,2.23561
5746.25000,-0.42316,1.16986,2.23039
5746.30000,-0.42917,1.17768,2.22527
5746.35000,-0.43516,1.18555,2.22032
5746.40000,-0.44110,1.19344,2.21554
5746.45000,-0.44702,1.20137,2.21100
5746.50000,-0.45290,1.20933,2.20677
5746.55000,-0.45875,1.21732,2.20294
5746.60000,-0.46463,1.22538,2.19951
5746.65000,-0.47052,1.23350,2.19675
5746.70000,-0.47638,1.24161,2.19463
5746.75000,-0.48221,1.24972,2.19366
5746.80000,-0.48804,1.25784,2.19408
5746.85000,-0.49388,1.26594,2.19665
5746.90000,-0.49971,1.27395,2.20290
5746.95000,-0.50560,1.28193,2.21403
5747.00000,-0.51134,1.28950,2.22502
5747.05000,-0.51320,1.29199,2.24565
5747.10000,-0.51360,1.29252,2.28329
5747.15000,-0.51374,1.29269,2.32387
5747.20000,-0.51377,1.29272,2.36406
5747.25000,-0.51380,1.29275,2.40413
5747.30000,-0.51383,1.29278,2.44398
5747.35000,-0.51387,1.29281,2.48366
5747.40000,-0.51391,1.29284,2.52329
5747.45000,-0.51395,1.29286,2.56308
5747.50000,-0.51399,1.29289,2.60328
5747.55000,-0.51403,1.29292,2.64414
5747.60000,-0.51409,1.29294,2.68585
5747.65000,-0.51414,1.29297,2.72829
5747.70000,-0.51420,1.29299,2.77146
5747.75000,-0.51427,1.29302,2.81527
5747.80000,-0.51434,1.29304,2.85915
5747.85000,-0.51441,1.29306,2.90278
5747.90000,-0.51448,1.29307,2.94610
5747.95000,-0.51456,1.29309,2.98911
5748.00000,-0.51464,1.29310,3.03174
5748.05000,-0.51472,1.29311,3.07399
5748.10000,-0.51480,1.29311,3.11582
5748.15000,-0.51488,1.29311,-3.12598
5748.20000,-0.51496,1.29311,-3.08505
5748.25000,-0.51504,1.29310,-3.04456
5748.30000,-0.51512,1.29309,-3.00450
5748.35000,-0.51521,1.29308,-2.96480
5748.40000,-0.51529,1.29306,-2.92539
5748.45000,-0.51538,1.29304,-2.88615
5748.50000,-0.51548,1.29301,-2.84700
5748.55000,-0.51558,1.29298,-2.80795
5748.60000,-0.51568,1.29294,-2.76899
5748.65000,-0.51579,1.29290,-2.73012
5748.70000,-0.51591,1.29284,-2.69143
5748.75000,-0.51603,1.29278,-2.65297
5748.80000,-0.51615,1.29271,-2.61485
5748.85000,-0.51628,1.29264,-2.57727
5748.90000,-0.51640,1.29256,-2.54026
5748.95000,-0.51652,1.29247,-2.50382
5749.00000,-0.51663,1.29239,-2.46796
5749.05000,-0.51674,1.29229,-2.43269
5749.10000,-0.51685,1.29220,-2.39802
5749.15000,-0.51696,1.29210,-2.36396
5749.20000,-0.51706,1.29199,-2.33052
5749.25000,-0.51716,1.29189,-2.29770
5749.30000,-0.51886,1.28997,-2.26588
5749.35000,-0.52378,1.28388,-2.23643
5749.40000,-0.52980,1.27597,-2.20608
5749.45000,-0.53562,1.26784,-2.17733
5749.50000,-0.54121,1.25955,-2.15110
5749.55000,-0.54659,1.25113,-2.12784
5749.60000,-0.55181,1.24254,-2.10711
5749.65000,-0.55684,1.23392,-2.09072
5749.70000,-0.56182,1.22523,-2.07460
5749.75000,-0.56343,1.22067,-2.06168
5749.80000,-0.56352,1.22048,-2.05813
5749.85000,-0.56355,1.22043,-2.05752
5749.90000,-0.56359,1.22035,-2.05625
5749.95000,-0.56363,1.22027,-2.05496
5750.00000,-0.56367,1.22019,-2.05366
5750.05000,-0.56370,1.22013,-2.05253
5750.10000,-0.56373,1.22007,-2.05187
5750.15000,-0.56376,1.22002,-2.05167
5750.20000,-0.56379,1.21996,-2.05192
5750.25000,-0.56382,1.21990,-2.05260
5750.30000,-0.56385,1.21985,-2.05369
5750.35000,-0.56388,1.21979,-2.05524
5750.40000,-0.56391,1.21974,-2.05724
5750.45000,-0.56394,1.21968,-2.05983
5750.50000,-0.56397,1.21962,-2.06319
5750.55000,-0.56401,1.21955,-2.06732
5750.60000,-0.56404,1.21949,-2.07234
5750.65000,-0.56408,1.21941,-2.07828
5750.70000,-0.56411,1.21935,-2.08524
5750.75000,-0.56415,1.21929,-2.09319
5750.80000,-0.56418,1.21923,-2.10193
5750.85000,-0.56422,1.21917,-2.11126
5750.90000,-0.56426,1.21911,-2.12093
5750.95000,-0.56430,1.21904,-2.13074
5751.00000,-0.56434,1.21898,-2.14049
5751.05000,-0.56438,1.21891,-2.15019
5751.10000,-0.56442,1.21885,-2.15986
5751.15000,-0.56447,1.21878,-2.16942
5751.20000,-0.56451,1.21872,-2.17908
5751.25000,-0.56456,1.21865,-2.18896
5751.30000,-0.56461,1.21858,-2.19906
5751.35000,-0.56466,1.21852,-2.20940
5751.40000,-0.56470,1.21845,-2.21995
5751.45000,-0.56475,1.21839,-2.23072
5751.50000,-0.56480,1.21833,-2.24170
5751.55000,-0.56485,1.21826,-2.25284
5751.60000,-0.56491,1.21820,-2.26418
5751.65000,-0.56496,1.21814,-2.27593
5751.70000,-0.56501,1.21808,-2.28830
5751.75000,-0.56507,1.21801,-2.30129
5751.80000,-0.56512,1.21795,-2.31475
5751.85000,-0.56518,1.21789,-2.32851
5751.90000,-0.56524,1.21783,-2.34239
5751.95000,-0.56530,1.21777,-2.35638
5752.00000,-0.56536,1.21771,-2.37046
5752.05000,-0.56542,1.21765,-2.38454
5752.10000,-0.56549,1.21758,-2.39861
5752.15000,-0.56556,1.21752,-2.41277
5752.20000,-0.56562,1.21746,-2.42700
5752.25000,-0.56569,1.21741,-2.44130
5752.30000,-0.56576,1.21735,-2.45567
5752.35000,-0.56583,1.21729,-2.47010
5752.40000,-0.56590,1.21724,-2.48458
5752.45000,-0.56597,1.21718,-2.49906
5752.50000,-0.56604,1.21713,-2.51372
5752.55000,-0.56612,1.21708,-2.52881
5752.60000,-0.56619,1.21703,-2.54451
5752.65000,-0.56627,1.21698,-2.56085
5752.70000,-0.56634,1.21693,-2.57779
5752.75000,-0.56642,1.21688,-2.59515
5752.80000,-0.56650,1.21683,-2.61279
5752.85000,-0.56658,1.21678,-2.63064
5752.90000,-0.56667,1.21674,-2.64856
5752.95000,-0.56675,1.21669,-2.66642
5753.00000,-0.56684,1.21665,-2.68421
5753.05000,-0.56692,1.21661,-2.70204
5753.10000,-0.56701,1.21657,-2.71991
5753.15000,-0.56710,1.21653,-2.73774
5753.20000,-0.56719,1.21649,-2.75549
5753.25000,-0.56728,1.21646,-2.77317
5753.30000,-0.56737,1.21642,-2.79077
5753.35000,-0.56746,1.21639,-2.80831
5753.40000,-0.56740,1.21641,-2.82641
5753.45000,-0.56749,1.21638,-2.84426
5753.50000,-0.56758,1.21635,-2.86270
5753.55000,-0.56768,1.21633,-2.88186
5753.60000,-0.56777,1.21630,-2.90170
5753.65000,-0.56787,1.21628,-2.92208
5753.70000,-0.56797,1.21626,-2.94287
5753.75000,-0.56807,1.21624,-2.96395
5753.80000,-0.56780,1.21629,-2.98679
5753.85000,-0.56731,1.21635,-3.01052
5753.90000,-0.56684,1.21642,-3.03448
5753.95000,-0.56635,1.21648,-3.05835
5754.00000,-0.56588,1.21652,-3.08196
5754.05000,-0.56542,1.21655,-3.10527
5754.10000,-0.56496,1.21658,-3.12819
5754.15000,-0.56453,1.21658,3.13236
5754.20000,-0.56408,1.21657,3.11013
5754.25000,-0.56364,1.21655,3.08824
5754.30000,-0.56321,1.21652,3.06656
5754.35000,-0.56278,1.21648,3.04504
5754.40000,-0.56235,1.21643,3.02356
5754.45000,-0.56192,1.21637,3.00203
5754.50000,-0.56150,1.21631,2.98035
5754.55000,-0.56107,1.21623,2.95841
5754.60000,-0.56063,1.21615,2.93617
5754.65000,-0.56020,1.21605,2.91371
5754.70000,-0.55976,1.21594,2.89119
5754.75000,-0.55933,1.21583,2.86873
5754.80000,-0.55891,1.21570,2.84645
5754.85000,-0.56059,1.21663,2.82374
5754.90000,-0.56822,1.21939,2.80355
5754.95000,-0.57716,1.22264,2.78259
5755.00000,-0.58606,1.22610,2.76204
5755.05000,-0.59491,1.22974,2.74209
5755.10000,-0.60368,1.23354,2.72311
5755.15000,-0.61238,1.23750,2.70497
5755.20000,-0.62103,1.24163,2.68766
5755.25000,-0.62965,1.24593,2.67120
5755.30000,-0.63824,1.25038,2.65567
5755.35000,-0.64673,1.25495,2.64138
5755.40000,-0.65519,1.25965,2.62739
5755.45000,-0.66357,1.26446,2.61392
5755.50000,-0.67189,1.26938,2.60087
5755.55000,-0.68017,1.27442,2.58825
5755.60000,-0.68838,1.27957,2.57609
5755.65000,-0.69655,1.28482,2.56436
5755.70000,-0.70466,1.29017,2.55315
5755.75000,-0.71273,1.29561,2.54252
5755.80000,-0.72076,1.30115,2.53254
5755.85000,-0.72874,1.30678,2.52331
5755.90000,-0.73670,1.31248,2.51493
5755.95000,-0.74462,1.31828,2.50742
5756.00000,-0.75251,1.32414,2.50073
5756.05000,-0.76037,1.33006,2.49478
5756.10000,-0.76822,1.33605,2.48961
5756.15000,-0.77606,1.34208,2.48507
5756.20000,-0.78388,1.34815,2.48105
5756.25000,-0.79168,1.35426,2.47744
5756.30000,-0.79947,1.36040,2.47427
5756.35000,-0.80726,1.36657,2.47150
5756.40000,-0.81503,1.37277,2.46912
5756.45000,-0.82280,1.37899,2.46705
5756.50000,-0.83056,1.38522,2.46530
5756.55000,-0.83832,1.39148,2.46382
5756.60000,-0.84607,1.39774,2.46251
5756.65000,-0.85382,1.40402,2.46133
5756.70000,-0.86156,1.41031,2.46034
5756.75000,-0.86930,1.41661,2.45958
5756.80000,-0.87705,1.42292,2.45913
5756.85000,-0.88479,1.42923,2.45899
5756.90000,-0.89255,1.43555,2.45914
5756.95000,-0.90031,1.44187,2.45951
5757.00000,-0.90777,1.44799,2.45957
5757.05000,-0.91097,1.45006,2.45810
5757.10000,-0.91255,1.45142,2.45724
5757.15000,-0.91910,1.45708,2.45686
5757.20000,-0.92672,1.46327,2.45752
5757.25000,-0.92995,1.46535,2.45804
5757.30000,-0.93006,1.46543,2.45982
5757.35000,-0.93149,1.46677,2.46132
5757.40000,-0.93819,1.47259,2.46272
5757.45000,-0.94597,1.47885,2.46455
5757.50000,-0.95376,1.48510,2.46645
5757.55000,-0.96156,1.49134,2.46841
5757.60000,-0.96942,1.49759,2.47067
5757.65000,-0.97729,1.50381,2.47375
5757.70000,-0.98521,1.51006,2.47684
5757.75000,-0.99218,1.51536,2.47957
5757.80000,-0.99530,1.51745,2.49155
5757.85000,-0.99785,1.51931,2.52036
5757.90000,-1.00020,1.52094,2.56996
5757.95000,-1.00100,1.52144,2.63536
5758.00000,-1.00109,1.52148,2.70513
5758.05000,-1.00120,1.52153,2.77491
5758.10000,-1.00133,1.52157,2.84453
5758.15000,-1.00149,1.52162,2.91414
5758.20000,-1.00168,1.52165,2.98375
5758.25000,-1.00190,1.52168,3.05328
5758.30000,-1.00215,1.52169,3.12253
5758.35000,-1.00243,1.52169,-3.09171
5758.40000,-1.00273,1.52166,-3.02304
5758.45000,-1.00303,1.52162,-2.95465
5758.50000,-1.00333,1.52155,-2.88657
5758.55000,-1.00362,1.52146,-2.81888
5758.60000,-1.00391,1.52135,-2.75163
5758.65000,-1.00420,1.52122,-2.68488
5758.70000,-1.00447,1.52108,-2.61865
5758.75000,-1.00474,1.52091,-2.55294
5758.80000,-1.00500,1.52072,-2.48783
5758.85000,-1.00527,1.52051,-2.42343
5758.90000,-1.00554,1.52025,-2.35974
5758.95000,-1.00582,1.51995,-2.29668
5759.00000,-1.00611,1.51960,-2.23427
5759.05000,-1.00641,1.51919,-2.17248
5759.10000,-1.00671,1.51873,-2.11132
5759.15000,-1.00698,1.51824,-2.05077
5759.20000,-1.00724,1.51770,-1.99089
5759.25000,-1.00748,1.51712,-1.93167
5759.30000,-1.00769,1.51652,-1.87309
5759.35000,-1.00786,1.51591,-1.81515
5759.40000,-1.00800,1.51529,-1.75786
5759.45000,-1.00810,1.51465,-1.70123
5759.50000,-1.00816,1.51402,-1.64528
5759.55000,-1.00819,1.51338,-1.59010
5759.60000,-1.00819,1.51271,-1.53579
5759.65000,-1.00814,1.51200,-1.48239
5759.70000,-1.00806,1.51125,-1.42993
5759.75000,-1.00792,1.51045,-1.37839
5759.80000,-1.00773,1.50960,-1.32778
5759.85000,-1.00748,1.50869,-1.27810
5759.90000,-1.00717,1.50773,-1.22934
5759.95000,-1.00678,1.50671,-1.18152
5760.00000,-1.00631,1.50566,-1.13462
5760.05000,-1.00578,1.50459,-1.08860
5760.10000,-1.00520,1.50353,-1.04342
5760.15000,-1.00457,1.50250,-0.99908
5760.20000,-1.00390,1.50150,-0.95558
5760.25000,-1.00140,1.49834,-0.91489
5760.30000,-0.99623,1.49188,-0.87834
5760.35000,-0.98993,1.48457,-0.83870
5760.40000,-0.98309,1.47727,-0.79847
5760.45000,-0.97598,1.47024,-0.75914
5760.50000,-0.96859,1.46350,-0.72077
5760.55000,-0.96096,1.45705,-0.68337
5760.60000,-0.95309,1.45087,-0.64691
5760.65000,-0.94501,1.44499,-0.61138
5760.70000,-0.93673,1.43939,-0.57679
5760.75000,-0.92826,1.43408,-0.54313
5760.80000,-0.91961,1.42906,-0.51040
5760.85000,-0.91081,1.42431,-0.47856
5760.90000,-0.90187,1.41985,-0.44760
5760.95000,-0.89279,1.41565,-0.41749
5761.00000,-0.88359,1.41173,-0.38828
5761.05000,-0.87428,1.40808,-0.35998
5761.10000,-0.86488,1.40469,-0.33264
5761.15000,-0.85539,1.40155,-0.30618
5761.20000,-0.84583,1.39866,-0.28108
5761.25000,-0.83623,1.39589,-0.25603
5761.30000,-0.83145,1.39552,-0.23381
5761.35000,-0.83077,1.39536,-0.21122
5761.40000,-0.83032,1.39527,-0.19080
5761.45000,-0.82983,1.39518,-0.17111
5761.50000,-0.82930,1.39510,-0.15208
5761.55000,-0.82872,1.39502,-0.13372
5761.60000,-0.82810,1.39494,-0.11601
5761.65000,-0.82741,1.39486,-0.09902
5761.70000,-0.82656,1.39479,-0.08232
5761.75000,-0.82562,1.39472,-0.06606
5761.80000,-0.82457,1.39466,-0.05034
5761.85000,-0.82369,1.39462,-0.03612
5761.90000,-0.82279,1.39460,-0.02261
5761.95000,-0.82189,1.39458,-0.00980
5762.00000,-0.82099,1.39458,0.00233
5762.05000,-0.82009,1.39459,0.01379
5762.10000,-0.81917,1.39460,0.02467
5762.15000,-0.81825,1.39463,0.03487
5762.20000,-0.81733,1.39467,0.04450
5762.25000,-0.81641,1.39472,0.05340
5762.30000,-0.81539,1.39477,0.06210
5762.35000,-0.81428,1.39483,0.07047
5762.40000,-0.81330,1.39491,0.07772
5762.45000,-0.81230,1.39498,0.08417
5762.50000,-0.81133,1.39507,0.08979
5762.55000,-0.81025,1.39517,0.09508
5762.60000,-0.80910,1.39528,0.09975
5762.65000,-0.80788,1.39540,0.10400
5762.70000,-0.80662,1.39554,0.10740
5762.75000,-0.80528,1.39568,0.11041
5762.80000,-0.80388,1.39584,0.11285
5762.85000,-0.80244,1.39600,0.11463
5762.90000,-0.80091,1.39618,0.11594
5762.95000,-0.79930,1.39637,0.11673
5763.00000,-0.79759,1.39657,0.11696
5763.05000,-0.79583,1.39678,0.11683
5763.10000,-0.79400,1.39700,0.11612
5763.15000,-0.79214,1.39721,0.11495
5763.20000,-0.79027,1.39743,0.11329
5763.25000,-0.78842,1.39762,0.11112
5763.30000,-0.78656,1.39783,0.10870
5763.35000,-0.78474,1.39803,0.10567
5763.40000,-0.78293,1.39821,0.10226
5763.45000,-0.78110,1.39839,0.09842
5763.50000,-0.77928,1.39855,0.09405
5763.55000,-0.77741,1.39871,0.08929
5763.60000,-0.77551,1.39888,0.08401
5763.65000,-0.77351,1.39904,0.07840
5763.70000,-0.77143,1.39920,0.07233
5763.75000,-0.76934,1.39935,0.06580
5763.80000,-0.76716,1.39948,0.05872
5763.85000,-0.76489,1.39961,0.05151
5763.90000,-0.76260,1.39971,0.04379
5763.95000,-0.76029,1.39981,0.03567
5764.00000,-0.75798,1.39988,0.02730
5764.05000,-0.75568,1.39993,0.01886
5764.10000,-0.75339,1.39997,0.00996
5764.15000,-0.75113,1.39998,0.00097
5764.20000,-0.74888,1.39997,-0.00832
5764.25000,-0.74661,1.39994,-0.01783
5764.30000,-0.74428,1.39989,-0.02755
5764.35000,-0.74193,1.39981,-0.03771
5764.40000,-0.73944,1.39971,-0.04827
5764.45000,-0.73700,1.39957,-0.05896
5764.50000,-0.73438,1.39940,-0.07010
5764.55000,-0.73179,1.39919,-0.08140
5764.60000,-0.72917,1.39895,-0.09288
5764.65000,-0.72657,1.39869,-0.10445
5764.70000,-0.72398,1.39839,-0.11615
5764.75000,-0.72141,1.39807,-0.12795
5764.80000,-0.71887,1.39772,-0.13986
5764.85000,-0.71625,1.39733,-0.15197
5764.90000,-0.71369,1.39691,-0.16436
5764.95000,-0.71116,1.39647,-0.17674
5765.00000,-0.70861,1.39598,-0.18949
5765.05000,-0.70611,1.39547,-0.20220
5765.10000,-0.70358,1.39492,-0.21508
5765.15000,-0.70093,1.39432,-0.22782
5765.20000,-0.69826,1.39368,-0.24147
5765.25000,-0.69562,1.39300,-0.25499
5765.30000,-0.69288,1.39225,-0.26868
5765.35000,-0.69004,1.39144,-0.28324
5765.40000,-0.68726,1.39060,-0.29737
5765.45000,-0.68453,1.38973,-0.31150
5765.50000,-0.68174,1.38879,-0.32614
5765.55000,-0.67899,1.38783,-0.34104
5765.60000,-0.67629,1.38683,-0.35511
5765.65000,-0.67358,1.38579,-0.36910
5765.70000,-0.67104,1.38477,-0.38299
5765.75000,-0.66855,1.38373,-0.39734
5765.80000,-0.66611,1.38265,-0.41169
5765.85000,-0.66372,1.38157,-0.42609
5765.90000,-0.66133,1.38044,-0.44047
5765.95000,-0.65897,1.37927,-0.45497
5766.00000,-0.65665,1.37810,-0.46955
5766.05000,-0.65429,1.37687,-0.48416
5766.10000,-0.65197,1.37562,-0.49867
5766.15000,-0.64965,1.37432,-0.51350
5766.20000,-0.64738,1.37301,-0.52802
5766.25000,-0.64516,1.37169,-0.54275
5766.30000,-0.64301,1.37037,-0.55753
5766.35000,-0.64092,1.36906,-0.57237
5766.40000,-0.63888,1.36772,-0.58724
5766.45000,-0.63689,1.36638,-0.60209
5766.50000,-0.63494,1.36502,-0.61693
5766.55000,-0.63303,1.36365,-0.63173
5766.60000,-0.63117,1.36227,-0.64646
5766.65000,-0.62935,1.36088,-0.66115
5766.70000,-0.62759,1.35949,-0.67580
5766.75000,-0.62586,1.35809,-0.69046
5766.80000,-0.62418,1.35668,-0.70513
5766.85000,-0.62253,1.35526,-0.71978
5766.90000,-0.62091,1.35382,-0.73441
5766.95000,-0.61711,1.35029,-0.74834
5767.00000,-0.61017,1.34376,-0.76241
5767.05000,-0.60325,1.33706,-0.77684
5767.10000,-0.59642,1.33025,-0.79123
5767.15000,-0.58970,1.32334,-0.80561
5767.20000,-0.58307,1.31634,-0.81998
5767.25000,-0.57654,1.30925,-0.83437
5767.30000,-0.57012,1.30206,-0.84875
5767.35000,-0.56380,1.29478,-0.86312
5767.40000,-0.55759,1.28741,-0.87747
5767.45000,-0.55148,1.27996,-0.89178
5767.50000,-0.54548,1.27241,-0.90600
5767.55000,-0.53958,1.26478,-0.92014
5767.60000,-0.53379,1.25706,-0.93419
5767.65000,-0.52811,1.24926,-0.94814
5767.70000,-0.52254,1.24138,-0.96197
5767.75000,-0.51707,1.23342,-0.97564
5767.80000,-0.51170,1.22539,-0.98913
5767.85000,-0.50645,1.21728,-1.00247
5767.90000,-0.50131,1.20909,-1.01568
5767.95000,-0.49626,1.20084,-1.02887
5768.00000,-0.49133,1.19252,-1.04203
5768.05000,-0.48651,1.18414,-1.05514
5768.10000,-0.48179,1.17569,-1.06817
5768.15000,-0.47718,1.16717,-1.08113
5768.20000,-0.47268,1.15858,-1.09390
5768.25000,-0.46828,1.14995,-1.10637
5768.30000,-0.46398,1.14124,-1.11849
5768.35000,-0.45977,1.13246,-1.13029
5768.40000,-0.45566,1.12364,-1.14158
5768.45000,-0.45164,1.11475,-1.15217
5768.50000,-0.44772,1.10582,-1.16221
5768.55000,-0.44385,1.09678,-1.17078
5768.60000,-0.44000,1.08764,-1.17374
5768.65000,-0.43634,1.07885,-1.16408
5768.70000,-0.43321,1.07160,-1.13123
5768.75000,-0.43119,1.06735,-1.07797
5768.80000,-0.43035,1.06580,-1.01744
5768.85000,-0.42997,1.06518,-0.95113
5768.90000,-0.42991,1.06510,-0.88683
5768.95000,-0.42984,1.06502,-0.82273
5769.00000,-0.42976,1.06493,-0.75882
5769.05000,-0.42967,1.06485,-0.69512
5769.10000,-0.42957,1.06478,-0.63164
5769.15000,-0.42946,1.06471,-0.56840
5769.20000,-0.42935,1.06464,-0.50543
5769.25000,-0.42923,1.06458,-0.44278
5769.30000,-0.42910,1.06452,-0.38047
5769.35000,-0.42896,1.06447,-0.31854
5769.40000,-0.42882,1.06443,-0.25701
5769.45000,-0.42867,1.06439,-0.19590
5769.50000,-0.42852,1.06437,-0.13523
5769.55000,-0.42836,1.06435,-0.07502
5769.60000,-0.42820,1.06435,-0.01528
5769.65000,-0.42804,1.06435,0.04397
5769.70000,-0.42788,1.06436,0.10271
5769.75000,-0.42771,1.06438,0.16092
5769.80000,-0.42755,1.06441,0.21859
5769.85000,-0.42738,1.06446,0.27570
5769.90000,-0.42722,1.06451,0.33224
5769.95000,-0.42706,1.06457,0.38820
5770.00000,-0.42690,1.06464,0.44356
5770.05000,-0.42674,1.06472,0.49831
5770.10000,-0.42659,1.06481,0.55242
5770.15000,-0.42644,1.06490,0.60590
5770.20000,-0.42630,1.06501,0.65873
5770.25000,-0.42617,1.06512,0.71089
5770.30000,-0.42604,1.06523,0.76236
5770.35000,-0.42591,1.06536,0.81315
5770.40000,-0.42579,1.06549,0.86324
5770.45000,-0.42568,1.06563,0.91262
5770.50000,-0.42558,1.06577,0.96129
5770.55000,-0.42548,1.06591,1.00926
5770.60000,-0.42540,1.06606,1.05654
5770.65000,-0.42531,1.06621,1.10313
5770.70000,-0.42524,1.06636,1.14901
5770.75000,-0.42518,1.06652,1.19416
5770.80000,-0.42493,1.06708,1.24031
5770.85000,-0.42453,1.06834,1.28874
5770.90000,-0.42442,1.06868,1.33242
5770.95000,-0.42425,1.06947,1.37706
5771.00000,-0.42406,1.07058,1.42235
5771.05000,-0.42394,1.07160,1.46629
5771.10000,-0.42386,1.07260,1.50942
5771.15000,-0.42372,1.07504,1.55049
5771.20000,-0.42371,1.08254,1.58641
5771.25000,-0.42401,1.09162,1.62521
5771.30000,-0.42468,1.10058,1.66561
5771.35000,-0.42571,1.10954,1.70505
5771.40000,-0.42710,1.11847,1.74348
5771.45000,-0.42882,1.12737,1.78083
5771.50000,-0.43088,1.13622,1.81708
5771.55000,-0.43325,1.14503,1.85216
5771.60000,-0.43594,1.15377,1.88601
5771.65000,-0.43893,1.16246,1.91851
5771.70000,-0.44221,1.17108,1.94951
5771.75000,-0.44576,1.17964,1.97877
5771.80000,-0.44957,1.18814,2.00588
5771.85000,-0.45350,1.19661,2.03282
5771.90000,-0.45460,1.20098,2.05835
5771.95000,-0.45470,1.20120,2.07079
5772.00000,-0.45472,1.20123,2.07442
5772.05000,-0.45473,1.20125,2.07439
5772.10000,-0.45473,1.20126,2.07164
5772.15000,-0.45475,1.20129,2.06601
5772.20000,-0.45476,1.20129,2.05796
5772.25000,-0.45477,1.20129,2.04700
5772.30000,-0.45474,1.20120,2.03292
5772.35000,-0.45468,1.20108,2.01683
5772.40000,-0.45474,1.20118,1.99819
5772.45000,-0.45475,1.20122,1.97786
5772.50000,-0.45490,1.20155,1.95397
5772.55000,-0.45490,1.20157,1.92957
5772.60000,-0.45492,1.20162,1.90188
5772.65000,-0.45497,1.20168,1.87259
5772.70000,-0.45501,1.20178,1.84125
5772.75000,-0.45495,1.20163,1.80900
5772.80000,-0.45492,1.20153,1.77545
5772.85000,-0.45491,1.20151,1.74108
5772.90000,-0.45491,1.20154,1.70597
5772.95000,-0.45492,1.20158,1.66982
5773.00000,-0.45492,1.20162,1.63270
5773.05000,-0.45492,1.20166,1.59468
5773.10000,-0.45492,1.20170,1.55587
5773.15000,-0.45492,1.20174,1.51635
5773.20000,-0.45492,1.20179,1.47617
5773.25000,-0.45491,1.20184,1.43541
5773.30000,-0.45490,1.20189,1.39415
5773.35000,-0.45489,1.20194,1.35246
5773.40000,-0.45488,1.20199,1.31040
5773.45000,-0.45487,1.20204,1.26802
5773.50000,-0.45485,1.20209,1.22533
5773.55000,-0.45483,1.20215,1.18240
5773.60000,-0.45480,1.20221,1.13925
5773.65000,-0.45478,1.20226,1.09593
5773.70000,-0.45475,1.20232,1.05253
5773.75000,-0.45471,1.20237,1.00904
5773.80000,-0.45467,1.20243,0.96554
5773.85000,-0.45463,1.20248,0.92202
5773.90000,-0.45459,1.20254,0.87851
5773.95000,-0.45455,1.20259,0.83507
5774.00000,-0.45450,1.20265,0.79170
5774.05000,-0.45444,1.20270,0.74843
5774.10000,-0.45439,1.20275,0.70529
5774.15000,-0.45433,1.20279,0.66228
5774.20000,-0.45427,1.20284,0.61943
5774.25000,-0.45420,1.20288,0.57677
5774.30000,-0.45414,1.20292,0.53430
5774.35000,-0.45407,1.20296,0.49209
5774.40000,-0.45400,1.20300,0.45016
5774.45000,-0.45392,1.20303,0.40853
5774.50000,-0.45385,1.20306,0.36721
5774.55000,-0.45377,1.20309,0.32620
5774.60000,-0.45369,1.20312,0.28553
5774.65000,-0.45361,1.20314,0.24522
5774.70000,-0.45353,1.20316,0.20526
5774.75000,-0.45345,1.20317,0.16567
5774.80000,-0.45337,1.20318,0.12646
5774.85000,-0.45328,1.20319,0.08762
5774.90000,-0.45320,1.20320,0.04919
5774.95000,-0.45311,1.20320,0.01120
5775.00000,-0.45303,1.20320,-0.02641
5775.05000,-0.45294,1.20320,-0.06377
5775.10000,-0.45285,1.20319,-0.10106
5775.15000,-0.45277,1.20318,-0.13832
5775.20000,-0.45268,1.20316,-0.17544
5775.25000,-0.45259,1.20315,-0.21218
5775.30000,-0.45250,1.20313,-0.24846
5775.35000,-0.45242,1.20310,-0.28425
5775.40000,-0.45233,1.20308,-0.31954
5775.45000,-0.45224,1.20305,-0.35435
5775.50000,-0.45235,1.20307,-0.38949
5775.55000,-0.45280,1.20319,-0.42563
5775.60000,-0.45283,1.20319,-0.45967
5775.65000,-0.45319,1.20336,-0.49517
5775.70000,-0.45380,1.20366,-0.53173
5775.75000,-0.45438,1.20398,-0.56827
5775.80000,-0.45469,1.20414,-0.60326
5775.85000,-0.45503,1.20436,-0.63822
5775.90000,-0.45521,1.20447,-0.67176
5775.95000,-0.45535,1.20457,-0.70472
5776.00000,-0.45322,1.20254,-0.73537
5776.05000,-0.44744,1.19714,-0.76388
5776.10000,-0.44068,1.19046,-0.79534
5776.15000,-0.43421,1.18361,-0.82704
5776.20000,-0.42771,1.17630,-0.85640
5776.25000,-0.42138,1.16879,-0.88398
5776.30000,-0.41536,1.16123,-0.90883
5776.35000,-0.40928,1.15340,-0.93280
5776.40000,-0.40466,1.14710,-0.94593
5776.45000,-0.40136,1.14256,-0.92929
5776.50000,-0.39940,1.14000,-0.89774
5776.55000,-0.39902,1.13954,-0.85434
5776.60000,-0.39899,1.13950,-0.80797
5776.65000,-0.39895,1.13946,-0.76095
5776.70000,-0.39890,1.13942,-0.71327
5776.75000,-0.39885,1.13938,-0.66515
5776.80000,-0.39880,1.13934,-0.61673
5776.85000,-0.39874,1.13930,-0.56802
5776.90000,-0.39867,1.13926,-0.51907
5776.95000,-0.39861,1.13922,-0.46988
5777.00000,-0.39853,1.13919,-0.42042
5777.05000,-0.39845,1.13916,-0.37053
5777.10000,-0.39838,1.13913,-0.32012
5777.15000,-0.39830,1.13910,-0.26920
5777.20000,-0.39822,1.13908,-0.21776
5777.25000,-0.39814,1.13907,-0.16613
5777.30000,-0.39806,1.13906,-0.11458
5777.35000,-0.39798,1.13905,-0.06312
5777.40000,-0.39790,1.13905,-0.01172
5777.45000,-0.39782,1.13905,0.03956
5777.50000,-0.39774,1.13905,0.09068
5777.55000,-0.39766,1.13906,0.14164
5777.60000,-0.39758,1.13908,0.19256
5777.65000,-0.39750,1.13910,0.24364
5777.70000,-0.39741,1.13912,0.29504
5777.75000,-0.39733,1.13915,0.34682
5777.80000,-0.39724,1.13918,0.39899
5777.85000,-0.39716,1.13922,0.45124
5777.90000,-0.39708,1.13926,0.50315
5777.95000,-0.39700,1.13931,0.55471
5778.00000,-0.39692,1.13936,0.60591
5778.05000,-0.39685,1.13941,0.65674
5778.10000,-0.39678,1.13947,0.70719
5778.15000,-0.39671,1.13953,0.75756
5778.20000,-0.39664,1.13960,0.80808
5778.25000,-0.39658,1.13966,0.85883
5778.30000,-0.39652,1.13973,0.90953
5778.35000,-0.39647,1.13981,0.96006
5778.40000,-0.39641,1.13989,1.01037
5778.45000,-0.39636,1.13998,1.06037
5778.50000,-0.39632,1.14007,1.10981
5778.55000,-0.39627,1.14016,1.15870
5778.60000,-0.39623,1.14026,1.20706
5778.65000,-0.39620,1.14035,1.25489
5778.70000,-0.39617,1.14045,1.30232
5778.75000,-0.39614,1.14055,1.34960
5778.80000,-0.39612,1.14065,1.39695
5778.85000,-0.39611,1.14075,1.44458
5778.90000,-0.39610,1.14085,1.49258
5778.95000,-0.39609,1.14096,1.54097
5779.00000,-0.39609,1.14106,1.58979
5779.05000,-0.39610,1.14116,1.63891
5779.10000,-0.39611,1.14127,1.68761
5779.15000,-0.39612,1.14137,1.73556
5779.20000,-0.39614,1.14148,1.78277
5779.25000,-0.39617,1.14158,1.82920
5779.30000,-0.39620,1.14169,1.87494
5779.35000,-0.39623,1.14179,1.92028
5779.40000,-0.39627,1.14190,1.96545
5779.45000,-0.39632,1.14200,2.01043
5779.50000,-0.39637,1.14210,2.05530
5779.55000,-0.39642,1.14220,2.10034
5779.60000,-0.39655,1.14240,2.14628
5779.65000,-0.39669,1.14262,2.19291
5779.70000,-0.39676,1.14271,2.23954
5779.75000,-0.39684,1.14280,2.28680
5779.80000,-0.39692,1.14289,2.33455
5779.85000,-0.39700,1.14298,2.38225
5779.90000,-0.39720,1.14317,2.42991
5779.95000,-0.39739,1.14333,2.47658
5780.00000,-0.39769,1.14358,2.52280
5780.05000,-0.39783,1.14369,2.56750
5780.10000,-0.39796,1.14378,2.61120
5780.15000,-0.39808,1.14384,2.65376
5780.20000,-0.39819,1.14390,2.69550
5780.25000,-0.40029,1.14508,2.73561
5780.30000,-0.40730,1.14812,2.77098
5780.35000,-0.41531,1.15107,2.81213
5780.40000,-0.42477,1.15411,2.85312
5780.45000,-0.43441,1.15677,2.89394
5780.50000,-0.44415,1.15902,2.93447
5780.55000,-0.45398,1.16088,2.97460
5780.60000,-0.46387,1.16234,3.01422
5780.65000,-0.47381,1.16342,3.05286
5780.70000,-0.48377,1.16412,3.09012
5780.75000,-0.49345,1.16444,3.12677
5780.80000,-0.50253,1.16441,-3.11923
5780.85000,-0.51206,1.16403,-3.08615
5780.90000,-0.52194,1.16333,-3.05651
5780.95000,-0.53176,1.16236,-3.02881
5781.00000,-0.54183,1.16111,-3.00237
5781.05000,-0.55205,1.15973,-2.97650
5781.10000,-0.55680,1.15951,-2.95181
5781.15000,-0.55718,1.15945,-2.93313
5781.20000,-0.55743,1.15941,-2.91587
5781.25000,-0.55794,1.15931,-2.89814
5781.30000,-0.55846,1.15920,-2.88087
5781.35000,-0.55897,1.15908,-2.86397
5781.40000,-0.55946,1.15896,-2.84748
5781.45000,-0.55998,1.15880,-2.83112
5781.50000,-0.56048,1.15863,-2.81519
5781.55000,-0.56092,1.15850,-2.80025
5781.60000,-0.56113,1.15843,-2.78715
5781.65000,-0.56135,1.15836,-2.77460
5781.70000,-0.56151,1.15830,-2.76313
5781.75000,-0.56177,1.15820,-2.75180
5781.80000,-0.56190,1.15815,-2.74171
5781.85000,-0.56204,1.15809,-2.73220
5781.90000,-0.56219,1.15802,-2.72367
5781.95000,-0.56247,1.15792,-2.71539
5782.00000,-0.56260,1.15786,-2.70857
5782.05000,-0.56273,1.15780,-2.70256
5782.10000,-0.56287,1.15773,-2.69729
5782.15000,-0.56307,1.15765,-2.69221
5782.20000,-0.56321,1.15758,-2.68809
5782.25000,-0.56335,1.15751,-2.68449
5782.30000,-0.56351,1.15743,-2.68107
5782.35000,-0.56365,1.15736,-2.67837
5782.40000,-0.56379,1.15729,-2.67586
5782.45000,-0.56393,1.15722,-2.67337
5782.50000,-0.56407,1.15715,-2.67115
5782.55000,-0.56422,1.15707,-2.66905
5782.60000,-0.56438,1.15699,-2.66671
5782.65000,-0.56453,1.15691,-2.66410
5782.70000,-0.56469,1.15683,-2.66113
5782.75000,-0.56486,1.15674,-2.65781
5782.80000,-0.56505,1.15664,-2.65412
5782.85000,-0.56523,1.15655,-2.65064
5782.90000,-0.56539,1.15646,-2.64755
5782.95000,-0.56557,1.15637,-2.64459
5783.00000,-0.56573,1.15628,-2.64218
5783.05000,-0.56590,1.15618,-2.63982
5783.10000,-0.56606,1.15610,-2.63787
5783.15000,-0.56622,1.15601,-2.63585
5783.20000,-0.56637,1.15592,-2.63369
5783.25000,-0.56654,1.15583,-2.63118
5783.30000,-0.56673,1.15572,-2.62847
5783.35000,-0.56695,1.15560,-2.62484
5783.40000,-0.56713,1.15550,-2.62082
5783.45000,-0.56731,1.15539,-2.61618
5783.50000,-0.56756,1.15525,-2.61058
5783.55000,-0.56781,1.15510,-2.60439
5783.60000,-0.56806,1.15496,-2.59771
5783.65000,-0.57011,1.15322,-2.58968
5783.70000,-0.57800,1.14822,-2.58291
5783.75000,-0.58655,1.14283,-2.57519
5783.80000,-0.59502,1.13745,-2.56784
5783.85000,-0.59757,1.13640,-2.56150
5783.90000,-0.59778,1.13627,-2.55974
5783.95000,-0.59800,1.13613,-2.55874
5784.00000,-0.59825,1.13597,-2.55779
5784.05000,-0.59849,1.13581,-2.55685
5784.10000,-0.59873,1.13565,-2.55590
5784.15000,-0.59895,1.13550,-2.55500
5784.20000,-0.59917,1.13535,-2.55371
5784.25000,-0.59941,1.13519,-2.55194
5784.30000,-0.59968,1.13503,-2.54967
5784.35000,-0.59996,1.13485,-2.54693
5784.40000,-0.60025,1.13466,-2.54379
5784.45000,-0.60054,1.13446,-2.54042
5784.50000,-0.60249,1.13264,-2.53600
5784.55000,-0.60969,1.12725,-2.53275
5784.60000,-0.61790,1.12154,-2.52989
5784.65000,-0.62206,1.11966,-2.52634
5784.70000,-0.62258,1.11953,-2.52642
5784.75000,-0.62276,1.11941,-2.52816
5784.80000,-0.62293,1.11929,-2.52998
5784.85000,-0.62311,1.11916,-2.53181
5784.90000,-0.62328,1.11904,-2.53365
5784.95000,-0.62347,1.11891,-2.53513
5785.00000,-0.62368,1.11878,-2.53634
5785.05000,-0.62390,1.11864,-2.53708
5785.10000,-0.62414,1.11849,-2.53724
5785.15000,-0.62438,1.11831,-2.53695
5785.20000,-0.62584,1.11702,-2.53538
5785.25000,-0.63205,1.11196,-2.53333
5785.30000,-0.64027,1.10623,-2.53232
5785.35000,-0.64847,1.10051,-2.53220
5785.40000,-0.65669,1.09477,-2.53207
5785.45000,-0.66489,1.08905,-2.53194
5785.50000,-0.67152,1.08490,-2.53115
5785.55000,-0.67318,1.08427,-2.53328
5785.60000,-0.67324,1.08422,-2.54119
5785.65000,-0.67341,1.08411,-2.55002
5785.70000,-0.67358,1.08399,-2.55853
5785.75000,-0.67375,1.08388,-2.56674
5785.80000,-0.67392,1.08377,-2.57451
5785.85000,-0.67402,1.08371,-2.58122
5785.90000,-0.67413,1.08364,-2.58748
5785.95000,-0.67425,1.08357,-2.59302
5786.00000,-0.67438,1.08349,-2.59803
5786.05000,-0.67453,1.08340,-2.60231
5786.10000,-0.67587,1.08216,-2.60580
5786.15000,-0.68235,1.07742,-2.60870
5786.20000,-0.69091,1.07239,-2.61241
5786.25000,-0.69949,1.06739,-2.61722
5786.30000,-0.70807,1.06240,-2.62192
5786.35000,-0.71224,1.06113,-2.62459
5786.40000,-0.71232,1.06112,-2.63324
5786.45000,-0.71231,1.06112,-2.64242
5786.50000,-0.71243,1.06105,-2.65152
5786.55000,-0.71256,1.06098,-2.66030
5786.60000,-0.71268,1.06092,-2.66809
5786.65000,-0.71388,1.05982,-2.67498
5786.70000,-0.72085,1.05555,-2.68057
5786.75000,-0.72973,1.05116,-2.68541
5786.80000,-0.73863,1.04681,-2.69110
5786.85000,-0.74750,1.04255,-2.69771
5786.90000,-0.75627,1.03838,-2.70484
5786.95000,-0.76141,1.03713,-2.71016
5787.00000,-0.76192,1.03710,-2.71855
5787.05000,-0.76194,1.03710,-2.72824
5787.10000,-0.76386,1.03550,-2.73610
5787.15000,-0.77169,1.03180,-2.74259
5787.20000,-0.78084,1.02797,-2.74781
5787.25000,-0.79004,1.02418,-2.75275
5787.30000,-0.79923,1.02043,-2.75587
5787.35000,-0.80846,1.01668,-2.75683
5787.40000,-0.81777,1.01290,-2.75329
5787.45000,-0.82714,1.00903,-2.74346
5787.50000,-0.83623,1.00524,-2.73238
5787.55000,-0.84204,1.00311,-2.71810
5787.60000,-0.84466,1.00197,-2.68523
5787.65000,-0.84496,1.00182,-2.63516
5787.70000,-0.84498,1.00181,-2.58328
5787.75000,-0.84499,1.00180,-2.53389
5787.80000,-0.84501,1.00179,-2.48763
5787.85000,-0.84503,1.00177,-2.44425
5787.90000,-0.84506,1.00175,-2.40335
5787.95000,-0.84508,1.00172,-2.36447
5788.00000,-0.84523,1.00159,-2.32649
5788.05000,-0.84539,1.00144,-2.28948
5788.10000,-0.84557,1.00127,-2.25309
5788.15000,-0.84571,1.00110,-2.21723
5788.20000,-0.84573,1.00108,-2.18223
5788.25000,-0.84581,1.00099,-2.14745
5788.30000,-0.84583,1.00095,-2.11319
5788.35000,-0.84586,1.00090,-2.07947
5788.40000,-0.84589,1.00085,-2.04629
5788.45000,-0.84591,1.00079,-2.01386
5788.50000,-0.84594,1.00074,-1.98232
5788.55000,-0.84596,1.00068,-1.95166
5788.60000,-0.84599,1.00062,-1.92182
5788.65000,-0.84601,1.00055,-1.89275
5788.70000,-0.84603,1.00048,-1.86439
5788.75000,-0.84606,1.00040,-1.83668
5788.80000,-0.84608,1.00032,-1.80959
5788.85000,-0.84610,1.00023,-1.78310
5788.90000,-0.84611,1.00015,-1.75714
5788.95000,-0.84613,1.00006,-1.73164
5789.00000,-0.84614,0.99997,-1.70659
5789.05000,-0.84656,0.99798,-1.68219
5789.10000,-0.84738,0.99170,-1.65808
5789.15000,-0.84814,0.98197,-1.63394
5789.20000,-0.84865,0.97199,-1.61079
5789.25000,-0.84891,0.96255,-1.58628
5789.30000,-0.84895,0.95313,-1.56306
5789.35000,-0.84878,0.94359,-1.54447
5789.40000,-0.84843,0.93393,-1.53231
5789.45000,-0.84822,0.92428,-1.53516
5789.50000,-0.84821,0.91673,-1.55647
5789.55000,-0.84821,0.91172,-1.58992
5789.60000,-0.84823,0.90876,-1.63266
5789.65000,-0.84827,0.90798,-1.68472
5789.70000,-0.84828,0.90791,-1.74002
5789.75000,-0.84830,0.90784,-1.79540
5789.80000,-0.84831,0.90777,-1.85072
5789.85000,-0.84834,0.90770,-1.90597
5789.90000,-0.84836,0.90764,-1.96112
5789.95000,-0.84839,0.90757,-2.01617
5790.00000,-0.84842,0.90751,-2.07104
5790.05000,-0.84846,0.90745,-2.12558
5790.10000,-0.84850,0.90739,-2.17947
5790.15000,-0.84854,0.90733,-2.23262
5790.20000,-0.84859,0.90727,-2.28503
5790.25000,-0.84864,0.90722,-2.33671
5790.30000,-0.84869,0.90717,-2.38774
5790.35000,-0.84875,0.90712,-2.43821
5790.40000,-0.84880,0.90707,-2.48819
5790.45000,-0.84887,0.90703,-2.53782
5790.50000,-0.84893,0.90698,-2.58722
5790.55000,-0.84899,0.90695,-2.63647
5790.60000,-0.84906,0.90691,-2.68562
5790.65000,-0.84913,0.90688,-2.73473
5790.70000,-0.84920,0.90685,-2.78383
5790.75000,-0.84927,0.90683,-2.83289
5790.80000,-0.84935,0.90680,-2.88186
5790.85000,-0.84943,0.90679,-2.93073
5790.90000,-0.84951,0.90677,-2.97951
5790.95000,-0.84959,0.90676,-3.02822
5791.00000,-0.84967,0.90675,-3.07690
5791.05000,-0.84976,0.90675,-3.12562
5791.10000,-0.84985,0.90675,3.10905
5791.15000,-0.84993,0.90675,3.06105
5791.20000,-0.85002,0.90676,3.01357
5791.25000,-0.85010,0.90678,2.96664
5791.30000,-0.85019,0.90679,2.92033
5791.35000,-0.85027,0.90682,2.87466
5791.40000,-0.85036,0.90684,2.82967
5791.45000,-0.85045,0.90687,2.78539
5791.50000,-0.85053,0.90691,2.74182
5791.55000,-0.85062,0.90694,2.69894
5791.60000,-0.85071,0.90699,2.65673
5791.65000,-0.85079,0.90704,2.61514
5791.70000,-0.85088,0.90709,2.57399
5791.75000,-0.85096,0.90714,2.53294
5791.80000,-0.85104,0.90720,2.49187
5791.85000,-0.85112,0.90726,2.45085
5791.90000,-0.85120,0.90733,2.40993
5791.95000,-0.85127,0.90740,2.36926
5792.00000,-0.85135,0.90748,2.32892
5792.05000,-0.85142,0.90756,2.28899
5792.10000,-0.85150,0.90765,2.24950
5792.15000,-0.85157,0.90774,2.21047
5792.20000,-0.85164,0.90784,2.17193
5792.25000,-0.85171,0.90794,2.13400
5792.30000,-0.85177,0.90805,2.09674
5792.35000,-0.85183,0.90815,2.06014
5792.40000,-0.85189,0.90826,2.02421
5792.45000,-0.85312,0.91028,1.98965
5792.50000,-0.85610,0.91723,1.95723
5792.55000,-0.85931,0.92555,1.92050
5792.60000,-0.86242,0.93459,1.88531
5792.65000,-0.86536,0.94415,1.85260
5792.70000,-0.86798,0.95380,1.82073
5792.75000,-0.87030,0.96352,1.78961
5792.80000,-0.87233,0.97332,1.75938
5792.85000,-0.87406,0.98316,1.73003
5792.90000,-0.87550,0.99306,1.70131
5792.95000,-0.87666,1.00299,1.67304
5793.00000,-0.87754,1.01295,1.64497
5793.05000,-0.87814,1.02293,1.61647
5793.10000,-0.87848,1.03249,1.58846
5793.15000,-0.87850,1.03734,1.55412
5793.20000,-0.87840,1.04119,1.50398
5793.25000,-0.87819,1.04372,1.43944
5793.30000,-0.87799,1.04488,1.36297
5793.35000,-0.87780,1.04567,1.28019
5793.40000,-0.87761,1.04620,1.19299
5793.45000,-0.87745,1.04657,1.10266
5793.50000,-0.87731,1.04681,1.01009
5793.55000,-0.87719,1.04698,0.91594
5793.60000,-0.87710,1.04709,0.82066
5793.65000,-0.87702,1.04716,0.72458
5793.70000,-0.87696,1.04721,0.62792
5793.75000,-0.87692,1.04724,0.53087
5793.80000,-0.87688,1.04727,0.43353
5793.85000,-0.87684,1.04728,0.33598
5793.90000,-0.87679,1.04728,0.25005
5793.95000,-0.87630,1.04765,0.18903
5794.00000,-0.87498,1.04876,0.15033
5794.05000,-0.87364,1.04944,0.12818
5794.10000,-0.87240,1.04955,0.12406
5794.15000,-0.87220,1.04957,0.12905
5794.20000,-0.87213,1.04958,0.13505
5794.25000,-0.87206,1.04959,0.14116
5794.30000,-0.87193,1.04961,0.14624
5794.35000,-0.87190,1.04961,0.15129
5794.40000,-0.87186,1.04962,0.15601
5794.45000,-0.87182,1.04963,0.16036
5794.50000,-0.87178,1.04963,0.16431
5794.55000,-0.87173,1.04964,0.16822
5794.60000,-0.87168,1.04965,0.17222
5794.65000,-0.87161,1.04966,0.17645
5794.70000,-0.87154,1.04967,0.18105
5794.75000,-0.87147,1.04969,0.18607
5794.80000,-0.87139,1.04970,0.19158
5794.85000,-0.87130,1.04972,0.19763
5794.90000,-0.87122,1.04974,0.20422
5794.95000,-0.87114,1.04976,0.21137
5795.00000,-0.87105,1.04977,0.21907
5795.05000,-0.87097,1.04979,0.22732
5795.10000,-0.87088,1.04981,0.23610
5795.15000,-0.87079,1.04984,0.24542
5795.20000,-0.87069,1.04986,0.25527
5795.25000,-0.87059,1.04989,0.26564
5795.30000,-0.87048,1.04992,0.27653
5795.35000,-0.87037,1.04995,0.28792
5795.40000,-0.87025,1.04999,0.29980
5795.45000,-0.87014,1.05002,0.31216
5795.50000,-0.87002,1.05006,0.32498
5795.55000,-0.86973,1.05016,0.33708
5795.60000,-0.86936,1.05029,0.34934
5795.65000,-0.86899,1.05041,0.36214
5795.70000,-0.86860,1.05055,0.37514
5795.75000,-0.86819,1.05071,0.38861
5795.80000,-0.86776,1.05089,0.40201
5795.85000,-0.86732,1.05108,0.41575
5795.90000,-0.86690,1.05126,0.42986
5795.95000,-0.86647,1.05145,0.44424
5796.00000,-0.86606,1.05163,0.45885
5796.05000,-0.86562,1.05184,0.47384
5796.10000,-0.86519,1.05205,0.48906
5796.15000,-0.86475,1.05227,0.50467
5796.20000,-0.86427,1.05253,0.52038
5796.25000,-0.86383,1.05278,0.53606
5796.30000,-0.86337,1.05306,0.55213
5796.35000,-0.86303,1.05326,0.56772
5796.40000,-0.86275,1.05344,0.58325
5796.45000,-0.86254,1.05358,0.59859
5796.50000,-0.86221,1.05381,0.61457
5796.55000,-0.86190,1.05402,0.63056
5796.60000,-0.86177,1.05412,0.64597
5796.65000,-0.86163,1.05422,0.66147
5796.70000,-0.86150,1.05432,0.67706
5796.75000,-0.86137,1.05443,0.69273
5796.80000,-0.86124,1.05454,0.70848
5796.85000,-0.86111,1.05466,0.72431
5796.90000,-0.86098,1.05477,0.74022
5796.95000,-0.86085,1.05489,0.75620
5797.00000,-0.86072,1.05501,0.77225
5797.05000,-0.86060,1.05514,0.78835
5797.10000,-0.86047,1.05527,0.80448
5797.15000,-0.86035,1.05540,0.82063
5797.20000,-0.86023,1.05553,0.83679
5797.25000,-0.86011,1.05566,0.85293
5797.30000,-0.85999,1.05580,0.86905
5797.35000,-0.85988,1.05594,0.88514
5797.40000,-0.85976,1.05608,0.90118
5797.45000,-0.85965,1.05622,0.91717
5797.50000,-0.85954,1.05637,0.93310
5797.55000,-0.85943,1.05652,0.94897
5797.60000,-0.85933,1.05667,0.96477
5797.65000,-0.85922,1.05682,0.98050
5797.70000,-0.85912,1.05697,0.99615
5797.75000,-0.85902,1.05713,1.01172
5797.80000,-0.85892,1.05729,1.02721
5797.85000,-0.85883,1.05745,1.04262
5797.90000,-0.85873,1.05762,1.05793
5797.95000,-0.85864,1.05778,1.07315
5798.00000,-0.85855,1.05795,1.08828
5798.05000,-0.85847,1.05812,1.10330
5798.10000,-0.85838,1.05829,1.11822
5798.15000,-0.85830,1.05846,1.13304
5798.20000,-0.85822,1.05864,1.14774
5798.25000,-0.85814,1.05881,1.16234
5798.30000,-0.85807,1.05899,1.17682
5798.35000,-0.85799,1.05917,1.19118
5798.40000,-0.85792,1.05935,1.20544
5798.45000,-0.85786,1.05953,1.21959
5798.50000,-0.85779,1.05971,1.23362
5798.55000,-0.85773,1.05989,1.24753
5798.60000,-0.85767,1.06007,1.26132
5798.65000,-0.85761,1.06026,1.27498
5798.70000,-0.85756,1.06044,1.28852
5798.75000,-0.85657,1.06196,1.30113
5798.80000,-0.85411,1.06959,1.31253
5798.85000,-0.85162,1.07928,1.32577
5798.90000,-0.84925,1.08899,1.33899
5798.95000,-0.84702,1.09874,1.35219
5799.00000,-0.84492,1.10852,1.36540
5799.05000,-0.84294,1.11832,1.37864
5799.10000,-0.84110,1.12815,1.39193
5799.15000,-0.83938,1.13800,1.40532
5799.20000,-0.83778,1.14805,1.41953
5799.25000,-0.83634,1.15795,1.43332
5799.30000,-0.83504,1.16787,1.44741
5799.35000,-0.83388,1.17780,1.46189
5799.40000,-0.83287,1.18775,1.47716
5799.45000,-0.83194,1.19771,1.49244
5799.50000,-0.83182,1.20332,1.50648
5799.55000,-0.83178,1.20436,1.52699
5799.60000,-0.83174,1.20507,1.55288
5799.65000,-0.83174,1.20583,1.58135
5799.70000,-0.83175,1.20665,1.61305
5799.75000,-0.83179,1.20759,1.64894
5799.80000,-0.83186,1.20859,1.68966
5799.85000,-0.83189,1.20873,1.73252
5799.90000,-0.83190,1.20881,1.78060
5799.95000,-0.83192,1.20886,1.83319
5800.00000,-0.83193,1.20892,1.88926
5800.05000,-0.83196,1.20898,1.94801
5800.10000,-0.83199,1.20905,2.00872
5800.15000,-0.83203,1.20913,2.07087
5800.20000,-0.83207,1.20921,2.13400
5800.25000,-0.83213,1.20929,2.19776
5800.30000,-0.83220,1.20938,2.26188
5800.35000,-0.83227,1.20946,2.32616
5800.40000,-0.83236,1.20955,2.39045
5800.45000,-0.83246,1.20963,2.45478
5800.50000,-0.83256,1.20972,2.51908
5800.55000,-0.83268,1.20979,2.58331
5800.60000,-0.83281,1.20987,2.64740
5800.65000,-0.83294,1.20994,2.71139
5800.70000,-0.83309,1.21000,2.77520
5800.75000,-0.83325,1.21005,2.83882
5800.80000,-0.83342,1.21010,2.90221
5800.85000,-0.83360,1.21014,2.96534
5800.90000,-0.83379,1.21017,3.02818
5800.95000,-0.83399,1.21018,3.09070
5801.00000,-0.83420,1.21019,-3.13033
5801.05000,-0.83441,1.21018,-3.06854
5801.10000,-0.83463,1.21015,-3.00716
5801.15000,-0.83486,1.21011,-2.94621
5801.20000,-0.83510,1.21006,-2.88570
5801.25000,-0.83534,1.20999,-2.82567
5801.30000,-0.83559,1.20990,-2.76613
5801.35000,-0.83583,1.20979,-2.70710
5801.40000,-0.83608,1.20967,-2.64861
5801.45000,-0.83634,1.20952,-2.59066
5801.50000,-0.83659,1.20936,-2.53329
5801.55000,-0.83684,1.20917,-2.47649
5801.60000,-0.83709,1.20896,-2.42028
5801.65000,-0.83734,1.20873,-2.36468
5801.70000,-0.83758,1.20848,-2.30968
5801.75000,-0.83782,1.20821,-2.25532
5801.80000,-0.83805,1.20791,-2.20160
5801.85000,-0.83827,1.20759,-2.14853
5801.90000,-0.83848,1.20724,-2.09614
5801.95000,-0.83868,1.20687,-2.04443
5802.00000,-0.83887,1.20648,-1.99341
5802.05000,-0.83905,1.20606,-1.94309
5802.10000,-0.83921,1.20562,-1.89348
5802.15000,-0.83935,1.20515,-1.84459
5802.20000,-0.83948,1.20466,-1.79642
5802.25000,-0.84022,1.20231,-1.74978
5802.30000,-0.84151,1.19487,-1.70917
5802.35000,-0.84258,1.18583,-1.66668
5802.40000,-0.84331,1.17596,-1.62174
5802.45000,-0.84359,1.16597,-1.57703
5802.50000,-0.84344,1.15597,-1.53312
5802.55000,-0.84284,1.14599,-1.49007
5802.60000,-0.84183,1.13604,-1.44791
5802.65000,-0.84040,1.12615,-1.40664
5802.70000,-0.83857,1.11634,-1.36610
5802.75000,-0.83634,1.10660,-1.32626
5802.80000,-0.83373,1.09695,-1.28708
5802.85000,-0.83075,1.08740,-1.24840
5802.90000,-0.82740,1.07798,-1.21015
5802.95000,-0.82369,1.06869,-1.17226
5803.00000,-0.81964,1.05955,-1.13462
5803.05000,-0.81524,1.05057,-1.09709
5803.10000,-0.81052,1.04176,-1.05948
5803.15000,-0.80546,1.03314,-1.02152
5803.20000,-0.80009,1.02473,-0.98260
5803.25000,-0.79420,1.01625,-0.94017
5803.30000,-0.78828,1.00850,-0.89458
5803.35000,-0.78316,1.00199,-0.84713
5803.40000,-0.78018,0.99875,-0.78674
5803.45000,-0.77835,0.99702,-0.71755
5803.50000,-0.77698,0.99591,-0.64001
5803.55000,-0.77600,0.99523,-0.55665
5803.60000,-0.77565,0.99503,-0.47065
5803.65000,-0.77561,0.99501,-0.38479
5803.70000,-0.77557,0.99500,-0.30093
5803.75000,-0.77553,0.99499,-0.21943
5803.80000,-0.77550,0.99498,-0.14033
5803.85000,-0.77546,0.99498,-0.06362
5803.90000,-0.77542,0.99498,0.01073
5803.95000,-0.77538,0.99498,0.08273
5804.00000,-0.77534,0.99498,0.15239
5804.05000,-0.77530,0.99499,0.22002
5804.10000,-0.77526,0.99500,0.28609
5804.15000,-0.77523,0.99501,0.35090
5804.20000,-0.77519,0.99503,0.41453
5804.25000,-0.77516,0.99504,0.47699
5804.30000,-0.77513,0.99506,0.53819
5804.35000,-0.77510,0.99508,0.59861
5804.40000,-0.77334,0.99647,0.65577
5804.45000,-0.76786,1.00089,0.70407
5804.50000,-0.76188,1.00623,0.75433
5804.55000,-0.75552,1.01253,0.80580
5804.60000,-0.74891,1.01978,0.85738
5804.65000,-0.74255,1.02747,0.90559
5804.70000,-0.73637,1.03534,0.95324
5804.75000,-0.73524,1.03702,0.99347
5804.80000,-0.73520,1.03708,1.02284
5804.85000,-0.73520,1.03708,1.05135
5804.90000,-0.73510,1.03723,1.08121
5804.95000,-0.73508,1.03726,1.11141
5805.00000,-0.73506,1.03729,1.14230
5805.05000,-0.73505,1.03733,1.17377
5805.10000,-0.73503,1.03736,1.20491
5805.15000,-0.73502,1.03740,1.23497
5805.20000,-0.73501,1.03744,1.26397
5805.25000,-0.73500,1.03747,1.29195
5805.30000,-0.73499,1.03751,1.31892
5805.35000,-0.73498,1.03755,1.34493
5805.40000,-0.73497,1.03759,1.37046
5805.45000,-0.73496,1.03762,1.39697
5805.50000,-0.73496,1.03766,1.42541
5805.55000,-0.73495,1.03771,1.45680
5805.60000,-0.73495,1.03775,1.49065
5805.65000,-0.73494,1.03780,1.52619
5805.70000,-0.73487,1.03984,1.56147
5805.75000,-0.73493,1.04751,1.59301
5805.80000,-0.73531,1.05702,1.62815
5805.85000,-0.73587,1.06701,1.66518
5805.90000,-0.73598,1.07052,1.70121
5805.95000,-0.73608,1.07132,1.73186
5806.00000,-0.73620,1.07207,1.76118
5806.05000,-0.73634,1.07280,1.79010
5806.10000,-0.73649,1.07348,1.81749
5806.15000,-0.73665,1.07413,1.84334
5806.20000,-0.73682,1.07474,1.86759
5806.25000,-0.73699,1.07532,1.89051
5806.30000,-0.73719,1.07589,1.91329
5806.35000,-0.73740,1.07650,1.93730
5806.40000,-0.73764,1.07715,1.96345
5806.45000,-0.73792,1.07784,1.99108
5806.50000,-0.73823,1.07853,2.01947
5806.55000,-0.73857,1.07922,2.04836
5806.60000,-0.73893,1.07990,2.07724
5806.65000,-0.73931,1.08058,2.10596
5806.70000,-0.73973,1.08127,2.13420
5806.75000,-0.74013,1.08190,2.16196
5806.80000,-0.74056,1.08253,2.18884
5806.85000,-0.74098,1.08311,2.21474
5806.90000,-0.74138,1.08365,2.23915
5806.95000,-0.74181,1.08418,2.26235
5807.00000,-0.74220,1.08464,2.28434
5807.05000,-0.74258,1.08509,2.30505
5807.10000,-0.74296,1.08551,2.32482
5807.15000,-0.74332,1.08589,2.34377
5807.20000,-0.74368,1.08626,2.36227
5807.25000,-0.74406,1.08663,2.38016
5807.30000,-0.74445,1.08700,2.39759
5807.35000,-0.74484,1.08735,2.41467
5807.40000,-0.74524,1.08770,2.43146
5807.45000,-0.74564,1.08804,2.44779
5807.50000,-0.74598,1.08831,2.46340
5807.55000,-0.74633,1.08859,2.47834
5807.60000,-0.74659,1.08878,2.49280
5807.65000,-0.74689,1.08901,2.50623
5807.70000,-0.74721,1.08923,2.51899
5807.75000,-0.74750,1.08943,2.53086
5807.80000,-0.74774,1.08960,2.54161
5807.85000,-0.74796,1.08975,2.55170
5807.90000,-0.74827,1.08995,2.56168
5807.95000,-0.74858,1.09015,2.57102
5808.00000,-0.74889,1.09034,2.57979
5808.05000,-0.74908,1.09045,2.58781
5808.10000,-0.74934,1.09061,2.59522
5808.15000,-0.74954,1.09072,2.60178
5808.20000,-0.74970,1.09082,2.60797
5808.25000,-0.74986,1.09090,2.61347
5808.30000,-0.75004,1.09100,2.61872
5808.35000,-0.75021,1.09110,2.62322
5808.40000,-0.75035,1.09116,2.62733
5808.45000,-0.75052,1.09126,2.63076
5808.50000,-0.75067,1.09134,2.63386
5808.55000,-0.75083,1.09143,2.63634
5808.60000,-0.75098,1.09151,2.63823
5808.65000,-0.75115,1.09160,2.63966
5808.70000,-0.75129,1.09168,2.64063
5808.75000,-0.75144,1.09176,2.64109
5808.80000,-0.75158,1.09184,2.64110
5808.85000,-0.75172,1.09191,2.64069
5808.90000,-0.75186,1.09199,2.63984
5808.95000,-0.75196,1.09205,2.63883
5809.00000,-0.75210,1.09213,2.63712
5809.05000,-0.75223,1.09220,2.63497
5809.10000,-0.75236,1.09227,2.63259
5809.15000,-0.75244,1.09233,2.62975
5809.20000,-0.75256,1.09239,2.62668
5809.25000,-0.75266,1.09245,2.62320
5809.30000,-0.75275,1.09251,2.61930
5809.35000,-0.75288,1.09258,2.61513
5809.40000,-0.75300,1.09266,2.61044
5809.45000,-0.75313,1.09274,2.60549
5809.50000,-0.75326,1.09283,2.60010
5809.55000,-0.75337,1.09289,2.59447
5809.60000,-0.75343,1.09293,2.58860
5809.65000,-0.75355,1.09300,2.58234
5809.70000,-0.75367,1.09308,2.57598
5809.75000,-0.75375,1.09314,2.56932
5809.80000,-0.75399,1.09329,2.56248
5809.85000,-0.75403,1.09333,2.55533
5809.90000,-0.75411,1.09339,2.54796
5809.95000,-0.75430,1.09352,2.54037
5810.00000,-0.75438,1.09357,2.53263
5810.05000,-0.75447,1.09364,2.52496
5810.10000,-0.75448,1.09366,2.51691
5810.15000,-0.75460,1.09374,2.50859
5810.20000,-0.75476,1.09387,2.50021
5810.25000,-0.75476,1.09388,2.49157
5810.30000,-0.75480,1.09391,2.48286
5810.35000,-0.75496,1.09404,2.47335
5810.40000,-0.75499,1.09408,2.46471
5810.45000,-0.75497,1.09405,2.45581
5810.50000,-0.75493,1.09402,2.44669
5810.55000,-0.75489,1.09399,2.43745
5810.60000,-0.75486,1.09395,2.42814
5810.65000,-0.75481,1.09391,2.41859
5810.70000,-0.75475,1.09386,2.40892
5810.75000,-0.75470,1.09381,2.39921
5810.80000,-0.75464,1.09375,2.38947
5810.85000,-0.75459,1.09370,2.37971
5810.90000,-0.75453,1.09364,2.36991
5810.95000,-0.75448,1.09359,2.36009
5811.00000,-0.75443,1.09353,2.35022
5811.05000,-0.75437,1.09347,2.34032
5811.10000,-0.75432,1.09341,2.33041
5811.15000,-0.75427,1.09335,2.32047
5811.20000,-0.75422,1.09329,2.31051
5811.25000,-0.75416,1.09323,2.30050
5811.30000,-0.75411,1.09317,2.29049
5811.35000,-0.75406,1.09311,2.28049
5811.40000,-0.75401,1.09304,2.27050
5811.45000,-0.75396,1.09298,2.26054
5811.50000,-0.75391,1.09291,2.25061
5811.55000,-0.75386,1.09285,2.24073
5811.60000,-0.75381,1.09279,2.23090
5811.65000,-0.75377,1.09273,2.22112
5811.70000,-0.75373,1.09267,2.21138
5811.75000,-0.75369,1.09261,2.20169
5811.80000,-0.75364,1.09255,2.19205
5811.85000,-0.75361,1.09249,2.18247
5811.90000,-0.75357,1.09243,2.17294
5811.95000,-0.75353,1.09238,2.16345
5812.00000,-0.75350,1.09232,2.15401
5812.05000,-0.75347,1.09227,2.14459
5812.10000,-0.75488,1.09367,2.13556
5812.15000,-0.75932,1.09819,2.12756
5812.20000,-0.76444,1.10592,2.11836
5812.25000,-0.76949,1.11430,2.10918
5812.30000,-0.77447,1.12272,2.10010
5812.35000,-0.77938,1.13120,2.09117
5812.40000,-0.78420,1.13970,2.08246
5812.45000,-0.78896,1.14825,2.07394
5812.50000,-0.79364,1.15685,2.06561
5812.55000,-0.79826,1.16549,2.05756
5812.60000,-0.80281,1.17417,2.04977
5812.65000,-0.80730,1.18290,2.04233
5812.70000,-0.81171,1.19167,2.03530
5812.75000,-0.81609,1.20050,2.02884
5812.80000,-0.82044,1.20939,2.02306
5812.85000,-0.82475,1.21833,2.01806
5812.90000,-0.82900,1.22727,2.01365
5812.95000,-0.83321,1.23624,2.01016
5813.00000,-0.83742,1.24524,2.00773
5813.05000,-0.84163,1.25429,2.00663
5813.10000,-0.84585,1.26335,2.00683
5813.15000,-0.85009,1.27243,2.00852
5813.20000,-0.85436,1.28151,2.01195
5813.25000,-0.85865,1.29055,2.01762
5813.30000,-0.86289,1.29941,2.02362
5813.35000,-0.86370,1.30325,2.03190
5813.40000,-0.86375,1.30335,2.04721
5813.45000,-0.86376,1.30339,2.06468
5813.50000,-0.86376,1.30341,2.08208
5813.55000,-0.86376,1.30343,2.09945
5813.60000,-0.86375,1.30345,2.11676
5813.65000,-0.86375,1.30347,2.13378
5813.70000,-0.86380,1.30355,2.15041
5813.75000,-0.86398,1.30385,2.16779
5813.80000,-0.86407,1.30401,2.18397
5813.85000,-0.86411,1.30406,2.19965
5813.90000,-0.86415,1.30411,2.21523
5813.95000,-0.86418,1.30416,2.23064
5814.00000,-0.86422,1.30421,2.24588
5814.05000,-0.86426,1.30426,2.26096
5814.10000,-0.86431,1.30431,2.27589
5814.15000,-0.86435,1.30436,2.29069
5814.20000,-0.86439,1.30441,2.30527
5814.25000,-0.86444,1.30446,2.31943
5814.30000,-0.86449,1.30451,2.33295
5814.35000,-0.86580,1.30584,2.34643
5814.40000,-0.87215,1.31221,2.35825
5814.45000,-0.87928,1.31923,2.37030
5814.50000,-0.88645,1.32620,2.38235
5814.55000,-0.88989,1.32945,2.39382
5814.60000,-0.89012,1.32962,2.41232
5814.65000,-0.89016,1.32966,2.43263
5814.70000,-0.89021,1.32970,2.45276
5814.75000,-0.89026,1.32974,2.47265
5814.80000,-0.89031,1.32978,2.49234
5814.85000,-0.89036,1.32982,2.51178
5814.90000,-0.89042,1.32985,2.53096
5814.95000,-0.89047,1.32989,2.54984
5815.00000,-0.89053,1.32993,2.56813
5815.05000,-0.89058,1.32996,2.58544
5815.10000,-0.89197,1.33119,2.60208
5815.15000,-0.89915,1.33586,2.61646
5815.20000,-0.90783,1.34080,2.63117
5815.25000,-0.91658,1.34561,2.64680
5815.30000,-0.92541,1.35028,2.66332
5815.35000,-0.93444,1.35487,2.68139
5815.40000,-0.94334,1.35928,2.69867
5815.45000,-0.94702,1.36012,2.71432
5815.50000,-0.94754,1.36036,2.73612
5815.55000,-0.94809,1.36059,2.75779
5815.60000,-0.94863,1.36080,2.77903
5815.65000,-0.95121,1.36204,2.79891
5815.70000,-0.95983,1.36513,2.81627
5815.75000,-0.96971,1.36836,2.83587
5815.80000,-0.97969,1.37140,2.85566
5815.85000,-0.98973,1.37425,2.87575
5815.90000,-0.99987,1.37690,2.89645
5815.95000,-1.01012,1.37935,2.91765
5816.00000,-1.02040,1.38158,2.93868
5816.05000,-1.03071,1.38359,2.95890
5816.10000,-1.04096,1.38537,2.97732
5816.15000,-1.05113,1.38696,2.99396
5816.20000,-1.06127,1.38839,3.00890
5816.25000,-1.07140,1.38967,3.02178
5816.30000,-1.08149,1.39082,3.03245
5816.35000,-1.09160,1.39188,3.04131
5816.40000,-1.10160,1.39285,3.04788
5816.45000,-1.11156,1.39376,3.05253
5816.50000,-1.12157,1.39463,3.05600
5816.55000,-1.13159,1.39546,3.05944
5816.60000,-1.14012,1.39590,3.06256
5816.65000,-1.14207,1.39592,3.06417
5816.70000,-1.14221,1.39592,3.05942
5816.75000,-1.14217,1.39592,3.05304
5816.80000,-1.14216,1.39592,3.04640
5816.85000,-1.14216,1.39592,3.04007
5816.90000,-1.14212,1.39592,3.03402
5816.95000,-1.14205,1.39592,3.02841
5817.00000,-1.14205,1.39592,3.02530
5817.05000,-1.14205,1.39592,3.02325
5817.10000,-1.14398,1.39642,3.02183
5817.15000,-1.15139,1.39757,3.02188
5817.20000,-1.16132,1.39872,3.02898
5817.25000,-1.17104,1.39977,3.03981
5817.30000,-1.18106,1.40072,3.05292
5817.35000,-1.19084,1.40151,3.06814
5817.40000,-1.20036,1.40212,3.08664
5817.45000,-1.20988,1.40265,3.10548
5817.50000,-1.21472,1.40270,3.12342
5817.55000,-1.21560,1.40270,-3.14002
5817.60000,-1.21595,1.40269,-3.11635
5817.65000,-1.21602,1.40269,-3.09298
5817.70000,-1.21636,1.40268,-3.06724
5817.75000,-1.21696,1.40265,-3.04142
5817.80000,-1.21765,1.40259,-3.01605
5817.85000,-1.21834,1.40252,-2.99113
5817.90000,-1.21901,1.40243,-2.96680
5817.95000,-1.21967,1.40233,-2.94291
5818.00000,-1.22031,1.40221,-2.91937
5818.05000,-1.22095,1.40209,-2.89607
5818.10000,-1.22158,1.40194,-2.87272
5818.15000,-1.22223,1.40178,-2.84895
5818.20000,-1.22281,1.40161,-2.82460
5818.25000,-1.22291,1.40158,-2.80150
5818.30000,-1.22300,1.40155,-2.77753
5818.35000,-1.22312,1.40150,-2.75277
5818.40000,-1.22324,1.40145,-2.72749
5818.45000,-1.22338,1.40139,-2.70192
5818.50000,-1.22352,1.40132,-2.67655
5818.55000,-1.22366,1.40125,-2.65155
5818.60000,-1.22379,1.40117,-2.62696
5818.65000,-1.22392,1.40110,-2.60278
5818.70000,-1.22405,1.40102,-2.57897
5818.75000,-1.22418,1.40093,-2.55549
5818.80000,-1.22611,1.39934,-2.53212
5818.85000,-1.23284,1.39434,-2.51067
5818.90000,-1.24085,1.38835,-2.48745
5818.95000,-1.24871,1.38218,-2.46464
5819.00000,-1.25644,1.37583,-2.44230
5819.05000,-1.26402,1.36931,-2.42049
5819.10000,-1.27149,1.36260,-2.39909
5819.15000,-1.27889,1.35569,-2.37798
5819.20000,-1.28604,1.34870,-2.35790
5819.25000,-1.29319,1.34145,-2.33781
5819.30000,-1.30032,1.33391,-2.31813
5819.35000,-1.30720,1.32636,-2.29974
5819.40000,-1.31402,1.31860,-2.28485
5819.45000,-1.32063,1.31089,-2.27426
5819.50000,-1.32718,1.30314,-2.26415
5819.55000,-1.32966,1.30021,-2.25890
5819.60000,-1.32969,1.30016,-2.27226
5819.65000,-1.32939,1.30052,-2.29303
5819.70000,-1.32911,1.30084,-2.31185
5819.75000,-1.32893,1.30105,-2.32435
5819.80000,-1.32890,1.30107,-2.33017
5819.85000,-1.32894,1.30103,-2.32867
5819.90000,-1.33025,1.29972,-2.32658
5819.95000,-1.33521,1.29462,-2.32304
5820.00000,-1.34215,1.28712,-2.31166
5820.05000,-1.34895,1.27961,-2.30148
5820.10000,-1.35568,1.27206,-2.29568
5820.15000,-1.36241,1.26447,-2.29049
5820.20000,-1.36760,1.25842,-2.28570
5820.25000,-1.36914,1.25667,-2.29684
5820.30000,-1.36868,1.25717,-2.32832
5820.35000,-1.36816,1.25772,-2.36106
5820.40000,-1.36771,1.25816,-2.38900
5820.45000,-1.36745,1.25839,-2.41128
5820.50000,-1.36742,1.25842,-2.42493
5820.55000,-1.36749,1.25836,-2.43545
5820.60000,-1.36896,1.25690,-2.44278
5820.65000,-1.37388,1.25251,-2.44800
5820.70000,-1.38131,1.24629,-2.43979
5820.75000,-1.38906,1.23967,-2.43060
5820.80000,-1.39668,1.23307,-2.42396
5820.85000,-1.40412,1.22657,-2.42209
5820.90000,-1.41138,1.22021,-2.42094
5820.95000,-1.41643,1.21592,-2.42083
5821.00000,-1.41733,1.21522,-2.44409
5821.05000,-1.41676,1.21568,-2.47775
5821.10000,-1.41619,1.21611,-2.50776
5821.15000,-1.41584,1.21635,-2.52919
5821.20000,-1.41556,1.21654,-2.54524
5821.25000,-1.41733,1.21508,-2.55895
5821.30000,-1.42412,1.21059,-2.56366
5821.35000,-1.43249,1.20511,-2.55856
5821.40000,-1.44086,1.19956,-2.55433
5821.45000,-1.44918,1.19401,-2.55284
5821.50000,-1.45747,1.18849,-2.55583
5821.55000,-1.46574,1.18303,-2.55950
5821.60000,-1.46903,1.18127,-2.57026
5821.65000,-1.46899,1.18137,-2.60171
5821.70000,-1.46856,1.18162,-2.63860
5821.75000,-1.46784,1.18200,-2.67471
5821.80000,-1.46730,1.18223,-2.70621
5821.85000,-1.46684,1.18244,-2.72678
5821.90000,-1.46812,1.18133,-2.74349
5821.95000,-1.47383,1.17868,-2.75559
5822.00000,-1.48218,1.17524,-2.75404
5822.05000,-1.49156,1.17138,-2.74538
5822.10000,-1.50091,1.16743,-2.73604
5822.15000,-1.51021,1.16339,-2.72680
5822.20000,-1.51944,1.15929,-2.71905
5822.25000,-1.52863,1.15513,-2.71368
5822.30000,-1.53763,1.15103,-2.71349
5822.35000,-1.54664,1.14698,-2.71832
5822.40000,-1.55552,1.14306,-2.72668
5822.45000,-1.56043,1.14149,-2.73739
5822.50000,-1.56388,1.14019,-2.75784
5822.55000,-1.56450,1.13994,-2.79080
5822.60000,-1.56453,1.13993,-2.82302
5822.65000,-1.56436,1.13995,-2.84788
5822.70000,-1.56515,1.13906,-2.86974
5822.75000,-1.56981,1.13729,-2.88746
5822.80000,-1.57588,1.13545,-2.90040
5822.85000,-1.58071,1.13429,-2.90992
5822.90000,-1.58307,1.13379,-2.90842
5822.95000,-1.58401,1.13359,-2.89749
5823.00000,-1.58447,1.13348,-2.88214
5823.05000,-1.58498,1.13334,-2.86565
5823.10000,-1.58552,1.13318,-2.84843
5823.15000,-1.58593,1.13305,-2.83142
5823.20000,-1.58621,1.13296,-2.81455
5823.25000,-1.58667,1.13281,-2.79709
5823.30000,-1.58718,1.13264,-2.77953
5823.35000,-1.58735,1.13257,-2.76327
5823.40000,-1.58774,1.13241,-2.74629
5823.45000,-1.58814,1.13225,-2.72925
5823.50000,-1.58860,1.13205,-2.71200
5823.55000,-1.58908,1.13183,-2.69464
5823.60000,-1.58946,1.13165,-2.67776
5823.65000,-1.58996,1.13142,-2.66023
5823.70000,-1.59037,1.13121,-2.64296
5823.75000,-1.59094,1.13091,-2.62462
5823.80000,-1.59150,1.13061,-2.60642
5823.85000,-1.59177,1.13044,-2.58937
5823.90000,-1.59221,1.13017,-2.57156
5823.95000,-1.59282,1.12979,-2.55285
5824.00000,-1.59319,1.12954,-2.53546
5824.05000,-1.59368,1.12921,-2.51762
5824.10000,-1.59439,1.12871,-2.49868
5824.15000,-1.59497,1.12828,-2.48053
5824.20000,-1.59548,1.12789,-2.46298
5824.25000,-1.59592,1.12753,-2.44590
5824.30000,-1.59638,1.12714,-2.42888
5824.35000,-1.59680,1.12677,-2.41210
5824.40000,-1.59722,1.12639,-2.39550
5824.45000,-1.59766,1.12598,-2.37895
5824.50000,-1.59809,1.12557,-2.36262
5824.55000,-1.59852,1.12514,-2.34636
5824.60000,-1.59895,1.12469,-2.33000
5824.65000,-1.59942,1.12419,-2.31327
5824.70000,-1.60012,1.12342,-2.29552
5824.75000,-1.60088,1.12257,-2.27762
5824.80000,-1.60329,1.11983,-2.26085
5824.85000,-1.60903,1.11278,-2.24555
5824.90000,-1.61494,1.10526,-2.22792
5824.95000,-1.62071,1.09764,-2.21042
5825.00000,-1.62636,1.08991,-2.19312
5825.05000,-1.63187,1.08209,-2.17608
5825.10000,-1.63726,1.07416,-2.15933
5825.15000,-1.64251,1.06614,-2.14291
5825.20000,-1.64764,1.05803,-2.12680
5825.25000,-1.65265,1.04984,-2.11101
5825.30000,-1.65765,1.04136,-2.09644
5825.35000,-1.66261,1.03267,-2.08274
5825.40000,-1.66745,1.02392,-2.06927
5825.45000,-1.67217,1.01511,-2.05594
5825.50000,-1.67676,1.00624,-2.04282
5825.55000,-1.68126,0.99728,-2.02958
5825.60000,-1.68565,0.98826,-2.01615
5825.65000,-1.68999,0.97899,-2.00198
5825.70000,-1.69420,0.96968,-1.98785
5825.75000,-1.69833,0.96018,-1.97309
5825.80000,-1.70231,0.95063,-1.95832
5825.85000,-1.70616,0.94101,-1.94342
5825.90000,-1.70985,0.93134,-1.92833
5825.95000,-1.71338,0.92169,-1.91345
5826.00000,-1.71679,0.91192,-1.89802
5826.05000,-1.72004,0.90207,-1.88204
5826.10000,-1.72315,0.89214,-1.86538
5826.15000,-1.72608,0.88217,-1.84804
5826.20000,-1.72884,0.87210,-1.82947
5826.25000,-1.73137,0.86204,-1.80943
5826.30000,-1.73376,0.85222,-1.79060
5826.35000,-1.73415,0.84643,-1.77340
5826.40000,-1.73434,0.84491,-1.74217
5826.45000,-1.73437,0.84475,-1.70760
5826.50000,-1.73437,0.84472,-1.67649
5826.55000,-1.73437,0.84469,-1.64792
5826.60000,-1.73438,0.84465,-1.62028
5826.65000,-1.73438,0.84461,-1.59303
5826.70000,-1.73438,0.84457,-1.56616
5826.75000,-1.73438,0.84453,-1.53965
5826.80000,-1.73438,0.84449,-1.51349
5826.85000,-1.73437,0.84445,-1.48749
5826.90000,-1.73437,0.84441,-1.46136
5826.95000,-1.73436,0.84438,-1.43508
5827.00000,-1.73436,0.84434,-1.40870
5827.05000,-1.73435,0.84430,-1.38265
5827.10000,-1.73434,0.84425,-1.35695
5827.15000,-1.73433,0.84421,-1.33150
5827.20000,-1.73432,0.84416,-1.30644
5827.25000,-1.73347,0.84249,-1.28146
5827.30000,-1.73086,0.83561,-1.25758
5827.35000,-1.72764,0.82603,-1.23267
5827.40000,-1.72437,0.81666,-1.20842
5827.45000,-1.72370,0.81314,-1.17976
5827.50000,-1.72356,0.81270,-1.13664
5827.55000,-1.72354,0.81265,-1.08939
5827.60000,-1.72352,0.81261,-1.04406
5827.65000,-1.72349,0.81257,-1.00072
5827.70000,-1.72346,0.81253,-0.95919
5827.75000,-1.72343,0.81249,-0.91915
5827.80000,-1.72340,0.81244,-0.88022
5827.85000,-1.72336,0.81240,-0.84193
5827.90000,-1.72333,0.81236,-0.80393
5827.95000,-1.72329,0.81233,-0.76626
5828.00000,-1.72325,0.81229,-0.72886
5828.05000,-1.72321,0.81225,-0.69167
5828.10000,-1.72316,0.81222,-0.65454
5828.15000,-1.72312,0.81219,-0.61737
5828.20000,-1.72307,0.81215,-0.58006
5828.25000,-1.72303,0.81212,-0.54197
5828.30000,-1.72297,0.81209,-0.50203
5828.35000,-1.72292,0.81207,-0.46045
5828.40000,-1.72286,0.81204,-0.41767
5828.45000,-1.72280,0.81201,-0.37404
5828.50000,-1.72273,0.81199,-0.32983
5828.55000,-1.72266,0.81196,-0.28530
5828.60000,-1.72258,0.81194,-0.24062
5828.65000,-1.72250,0.81193,-0.19598
5828.70000,-1.72242,0.81191,-0.15151
5828.75000,-1.72233,0.81190,-0.10734
5828.80000,-1.72225,0.81189,-0.06361
5828.85000,-1.72216,0.81189,-0.02045
5828.90000,-1.72206,0.81189,0.02192
5828.95000,-1.72197,0.81189,0.06350
5829.00000,-1.72188,0.81190,0.10438
5829.05000,-1.72179,0.81191,0.14469
5829.10000,-1.72169,0.81193,0.18443
5829.15000,-1.72160,0.81195,0.22368
5829.20000,-1.72151,0.81197,0.26248
5829.25000,-1.72141,0.81200,0.30078
5829.30000,-1.71957,0.81295,0.33869
5829.35000,-1.71252,0.81580,0.37221
5829.40000,-1.70356,0.81949,0.40748
5829.45000,-1.69445,0.82361,0.44269
5829.50000,-1.68549,0.82804,0.47636
5829.55000,-1.67668,0.83276,0.50856
5829.60000,-1.66803,0.83777,0.53948
5829.65000,-1.65952,0.84303,0.56947
5829.70000,-1.65118,0.84854,0.59877
5829.75000,-1.64291,0.85436,0.62776
5829.80000,-1.63489,0.86034,0.65524
5829.85000,-1.62705,0.86654,0.68158
5829.90000,-1.61936,0.87293,0.70664
5829.95000,-1.61183,0.87951,0.73016
5830.00000,-1.60446,0.88626,0.75180
5830.05000,-1.59715,0.89310,0.77338
5830.10000,-1.59359,0.89622,0.79422
5830.15000,-1.59335,0.89647,0.81046
5830.20000,-1.59310,0.89672,0.82537
5830.25000,-1.59303,0.89679,0.83888
5830.30000,-1.59296,0.89687,0.85186
5830.35000,-1.59289,0.89695,0.86419
5830.40000,-1.59282,0.89703,0.87567
5830.45000,-1.59275,0.89711,0.88612
5830.50000,-1.59269,0.89720,0.89533
5830.55000,-1.59262,0.89728,0.90313
5830.60000,-1.59255,0.89737,0.90934
5830.65000,-1.59248,0.89746,0.91395
5830.70000,-1.59241,0.89755,0.91710
5830.75000,-1.59233,0.89765,0.91869
5830.80000,-1.59226,0.89775,0.91860
5830.85000,-1.59218,0.89785,0.91673
5830.90000,-1.59211,0.89795,0.91302
5830.95000,-1.59202,0.89806,0.90743
5831.00000,-1.59193,0.89817,0.89994
5831.05000,-1.59184,0.89829,0.89057
5831.10000,-1.59174,0.89841,0.87939
5831.15000,-1.59163,0.89854,0.86650
5831.20000,-1.59151,0.89868,0.85203
5831.25000,-1.59139,0.89882,0.83610
5831.30000,-1.59125,0.89897,0.81883
5831.35000,-1.59110,0.89913,0.80035
5831.40000,-1.59093,0.89929,0.78077
5831.45000,-1.59076,0.89946,0.76020
5831.50000,-1.59057,0.89964,0.73874
5831.55000,-1.59038,0.89981,0.71654
5831.60000,-1.59016,0.89999,0.69355
5831.65000,-1.58994,0.90018,0.66992
5831.70000,-1.58969,0.90037,0.64570
5831.75000,-1.58970,0.90035,0.61972
5831.80000,-1.58999,0.90013,0.59183
5831.85000,-1.59029,0.89992,0.56351
5831.90000,-1.59060,0.89971,0.53488
5831.95000,-1.59091,0.89952,0.50598
5832.00000,-1.59122,0.89933,0.47684
5832.05000,-1.59155,0.89915,0.44751
5832.10000,-1.59187,0.89899,0.41803
5832.15000,-1.59220,0.89883,0.38842
5832.20000,-1.59253,0.89868,0.35872
5832.25000,-1.59287,0.89855,0.32895
5832.30000,-1.59321,0.89842,0.29914
5832.35000,-1.59355,0.89831,0.26932
5832.40000,-1.59389,0.89820,0.23950
5832.45000,-1.59423,0.89811,0.20971
5832.50000,-1.59454,0.89805,0.18001
5832.55000,-1.59438,0.89809,0.15171
5832.60000,-1.59462,0.89808,0.12247
5832.65000,-1.59458,0.89811,0.09318
5832.70000,-1.59413,0.89822,0.06376
5832.75000,-1.59423,0.89823,0.03345
5832.80000,-1.59436,0.89823,0.00335
5832.85000,-1.59465,0.89823,-0.02670
5832.90000,-1.59493,0.89823,-0.05696
5832.95000,-1.59521,0.89824,-0.08747
5833.00000,-1.59549,0.89826,-0.11816
5833.05000,-1.59578,0.89829,-0.14902
5833.10000,-1.59607,0.89832,-0.17993
5833.15000,-1.59635,0.89835,-0.21079
5833.20000,-1.59662,0.89840,-0.24167
5833.25000,-1.59688,0.89845,-0.27259
5833.30000,-1.59714,0.89850,-0.30354
5833.35000,-1.59739,0.89857,-0.33451
5833.40000,-1.59763,0.89864,-0.36547
5833.45000,-1.59786,0.89872,-0.39645
5833.50000,-1.59810,0.89880,-0.42715
5833.55000,-1.59834,0.89891,-0.45780
5833.60000,-1.59856,0.89901,-0.48839
5833.65000,-1.59878,0.89913,-0.51885
5833.70000,-1.59898,0.89924,-0.54913
5833.75000,-1.59917,0.89935,-0.57905
5833.80000,-1.59936,0.89947,-0.60884
5833.85000,-1.59953,0.89958,-0.63841
5833.90000,-1.59970,0.89970,-0.66781
5833.95000,-1.59986,0.89982,-0.69707
5834.00000,-1.60001,0.89994,-0.72623
5834.05000,-1.60014,0.90006,-0.75524
5834.10000,-1.60030,0.90020,-0.78396
5834.15000,-1.60046,0.90033,-0.81252
5834.20000,-1.60057,0.90045,-0.84092
5834.25000,-1.60070,0.90059,-0.86907
5834.30000,-1.60082,0.90074,-0.89692
5834.35000,-1.60093,0.90088,-0.92449
5834.40000,-1.60104,0.90102,-0.95182
5834.45000,-1.60114,0.90115,-0.97868
5834.50000,-1.60122,0.90127,-1.00506
5834.55000,-1.60125,0.90131,-1.03082
5834.60000,-1.60104,0.90095,-1.05439
5834.65000,-1.59945,0.89874,-1.07654
5834.70000,-1.59544,0.89126,-1.09841
5834.75000,-1.59127,0.88285,-1.12296
5834.80000,-1.58730,0.87433,-1.14678
5834.85000,-1.58352,0.86569,-1.16968
5834.90000,-1.57992,0.85695,-1.19154
5834.95000,-1.57650,0.84810,-1.21221
5835.00000,-1.57325,0.83916,-1.23151
5835.05000,-1.57015,0.83012,-1.24913
5835.10000,-1.56718,0.82097,-1.26469
5835.15000,-1.56432,0.81171,-1.27758
5835.20000,-1.56154,0.80234,-1.28654
5835.25000,-1.55891,0.79308,-1.29485
5835.30000,-1.55829,0.78821,-1.30150
5835.35000,-1.55824,0.78759,-1.29016
5835.40000,-1.55808,0.78705,-1.26962
5835.45000,-1.55791,0.78649,-1.24761
5835.50000,-1.55771,0.78590,-1.22432
5835.55000,-1.55749,0.78528,-1.19958
5835.60000,-1.55723,0.78462,-1.17288
5835.65000,-1.55692,0.78391,-1.14343
5835.70000,-1.55657,0.78314,-1.11111
5835.75000,-1.55615,0.78232,-1.07598
5835.80000,-1.55569,0.78150,-1.03854
5835.85000,-1.55521,0.78072,-0.99959
5835.90000,-1.55491,0.78026,-0.96050
5835.95000,-1.55486,0.78020,-0.92213
5836.00000,-1.55481,0.78013,-0.88294
5836.05000,-1.55476,0.78007,-0.84330
5836.10000,-1.55470,0.78001,-0.80369
5836.15000,-1.55464,0.77995,-0.76411
5836.20000,-1.55458,0.77989,-0.72459
5836.25000,-1.55451,0.77983,-0.68513
5836.30000,-1.55445,0.77978,-0.64576
5836.35000,-1.55438,0.77973,-0.60640
5836.40000,-1.55430,0.77968,-0.56669
5836.45000,-1.55422,0.77963,-0.52671
5836.50000,-1.55414,0.77959,-0.48637
5836.55000,-1.55405,0.77954,-0.44558
5836.60000,-1.55396,0.77950,-0.40435
5836.65000,-1.55386,0.77946,-0.36272
5836.70000,-1.55375,0.77942,-0.32084
5836.75000,-1.55364,0.77939,-0.27877
5836.80000,-1.55352,0.77935,-0.23658
5836.85000,-1.55339,0.77933,-0.19439
5836.90000,-1.55326,0.77930,-0.15226
5836.95000,-1.55313,0.77929,-0.11036
5837.00000,-1.55300,0.77928,-0.06877
5837.05000,-1.55287,0.77927,-0.02753
5837.10000,-1.55273,0.77927,0.01337
5837.15000,-1.55260,0.77927,0.05390
5837.20000,-1.55247,0.77928,0.09405
5837.25000,-1.55234,0.77930,0.13385
5837.30000,-1.55220,0.77932,0.17338
5837.35000,-1.55207,0.77934,0.21267
5837.40000,-1.55193,0.77938,0.25172
5837.45000,-1.55179,0.77942,0.29056
5837.50000,-1.55165,0.77946,0.32916
5837.55000,-1.55150,0.77951,0.36745
5837.60000,-1.55136,0.77957,0.40538
5837.65000,-1.55122,0.77964,0.44293
5837.70000,-1.55108,0.77971,0.48005
5837.75000,-1.55094,0.77978,0.51671
5837.80000,-1.55081,0.77986,0.55290
5837.85000,-1.55067,0.77995,0.58861
5837.90000,-1.55054,0.78004,0.62386
5837.95000,-1.55032,0.78018,0.65897
5838.00000,-1.54965,0.78071,0.69618
5838.05000,-1.54899,0.78126,0.73304
5838.10000,-1.54835,0.78185,0.76962
5838.15000,-1.54781,0.78238,0.80519
5838.20000,-1.54710,0.78314,0.84113
5838.25000,-1.54654,0.78377,0.87576
5838.30000,-1.54624,0.78413,0.90821
5838.35000,-1.54582,0.78466,0.94093
5838.40000,-1.54523,0.78547,0.97444
5838.45000,-1.54364,0.78784,1.00647
5838.50000,-1.53907,0.79515,1.03314
5838.55000,-1.53417,0.80364,1.06367
5838.60000,-1.52970,0.81195,1.09402
5838.65000,-1.52559,0.82023,1.12431
5838.70000,-1.52171,0.82864,1.15392
5838.75000,-1.51808,0.83717,1.18282
5838.80000,-1.51469,0.84582,1.21107
5838.85000,-1.51153,0.85458,1.23866
5838.90000,-1.50861,0.86344,1.26557
5838.95000,-1.50592,0.87239,1.29172
5839.00000,-1.50345,0.88142,1.31706
5839.05000,-1.50120,0.89054,1.34151
5839.10000,-1.49917,0.89973,1.36499
5839.15000,-1.49735,0.90899,1.38741
5839.20000,-1.49572,0.91831,1.40857
5839.25000,-1.49421,0.92817,1.42768
5839.30000,-1.49287,0.93823,1.44446
5839.35000,-1.49163,0.94810,1.46044
5839.40000,-1.49149,0.95336,1.47443
5839.45000,-1.49144,0.95435,1.47793
5839.50000,-1.49144,0.95437,1.47297
5839.55000,-1.49144,0.95431,1.47589
5839.60000,-1.49146,0.95421,1.48452
5839.65000,-1.49145,0.95430,1.49646
5839.70000,-1.49117,0.95620,1.50851
5839.75000,-1.49064,0.96322,1.52075
5839.80000,-1.49023,0.97286,1.53485
5839.85000,-1.48994,0.98254,1.54736
5839.90000,-1.48971,0.99224,1.55980
5839.95000,-1.48967,0.99867,1.56836
5840.00000,-1.48968,1.00290,1.56258
5840.05000,-1.48967,1.00655,1.53269
5840.10000,-1.48965,1.00753,1.49440
5840.15000,-1.48948,1.00834,1.47519
5840.20000,-1.48940,1.00912,1.47338
5840.25000,-1.48945,1.00938,1.44969
5840.30000,-1.48949,1.00913,1.40268
5840.35000,-1.48950,1.00911,1.36036
5840.40000,-1.48909,1.00975,1.33024
5840.45000,-1.48774,1.01388,1.31592
5840.50000,-1.48552,1.02183,1.31919
5840.55000,-1.48307,1.03159,1.32764
5840.60000,-1.48075,1.04120,1.32732
5840.65000,-1.47885,1.04923,1.30417
5840.70000,-1.47746,1.05407,1.26400
5840.75000,-1.47664,1.05651,1.21285
5840.80000,-1.47652,1.05680,1.15219
5840.85000,-1.47649,1.05687,1.09041
5840.90000,-1.47644,1.05695,1.02867
5840.95000,-1.47641,1.05701,0.96692
5841.00000,-1.47637,1.05705,0.90508
5841.05000,-1.47635,1.05708,0.84297
5841.10000,-1.47633,1.05710,0.78020
5841.15000,-1.47632,1.05711,0.71612
5841.20000,-1.47631,1.05711,0.65074
5841.25000,-1.47631,1.05712,0.58512
5841.30000,-1.47630,1.05712,0.51932
5841.35000,-1.47629,1.05713,0.45331
5841.40000,-1.47629,1.05713,0.38691
5841.45000,-1.47628,1.05713,0.31995
5841.50000,-1.47628,1.05713,0.25272
5841.55000,-1.47627,1.05713,0.18411
5841.60000,-1.47625,1.05713,0.12525
5841.65000,-1.47535,1.05768,0.09203
5841.70000,-1.47368,1.05814,0.08312
5841.75000,-1.47165,1.05848,0.08679
5841.80000,-1.46961,1.05863,0.10240
5841.85000,-1.46891,1.05869,0.12644
5841.90000,-1.46827,1.05877,0.15126
5841.95000,-1.46761,1.05886,0.17609
5842.00000,-1.46696,1.05897,0.20094
5842.05000,-1.46632,1.05909,0.22570
5842.10000,-1.46569,1.05924,0.25061
5842.15000,-1.46506,1.05940,0.27546
5842.20000,-1.46443,1.05958,0.29993
5842.25000,-1.46381,1.05977,0.32432
5842.30000,-1.46320,1.05997,0.34850
5842.35000,-1.46259,1.06020,0.37242
5842.40000,-1.46198,1.06043,0.39616
5842.45000,-1.46135,1.06068,0.41978
5842.50000,-1.46074,1.06095,0.44329
5842.55000,-1.46013,1.06123,0.46670
5842.60000,-1.45955,1.06152,0.49002
5842.65000,-1.45898,1.06183,0.51323
5842.70000,-1.45841,1.06215,0.53631
5842.75000,-1.45785,1.06248,0.55926
5842.80000,-1.45731,1.06282,0.58207
5842.85000,-1.45677,1.06318,0.60458
5842.90000,-1.45624,1.06354,0.62692
5842.95000,-1.45572,1.06392,0.64906
5843.00000,-1.45522,1.06430,0.67101
5843.05000,-1.45473,1.06469,0.69271
5843.10000,-1.45425,1.06509,0.71414
5843.15000,-1.45378,1.06550,0.73531
5843.20000,-1.45333,1.06591,0.75625
5843.25000,-1.45289,1.06634,0.77689
5843.30000,-1.45246,1.06677,0.79731
5843.35000,-1.45203,1.06721,0.81745
5843.40000,-1.45163,1.06765,0.83742
5843.45000,-1.45122,1.06809,0.85710
5843.50000,-1.45081,1.06854,0.87655
5843.55000,-1.45043,1.06898,0.89578
5843.60000,-1.45006,1.06943,0.91479
5843.65000,-1.44970,1.06988,0.93356
5843.70000,-1.44934,1.07034,0.95207
5843.75000,-1.44901,1.07081,0.97028
5843.80000,-1.44876,1.07117,0.98780
5843.85000,-1.44848,1.07160,1.00536
5843.90000,-1.44671,1.07365,1.02205
5843.95000,-1.44187,1.08149,1.03710
5844.00000,-1.43665,1.09052,1.05418
5844.05000,-1.43157,1.09963,1.07121
5844.10000,-1.42666,1.10882,1.08818
5844.15000,-1.42190,1.11810,1.10516
5844.20000,-1.41730,1.12745,1.12223
5844.25000,-1.41302,1.13653,1.13782
5844.30000,-1.40889,1.14564,1.15370
5844.35000,-1.40492,1.15482,1.17019
5844.40000,-1.40110,1.16406,1.18731
5844.45000,-1.39735,1.17334,1.20446
5844.50000,-1.39671,1.17815,1.21965
5844.55000,-1.39670,1.17853,1.24045
5844.60000,-1.39669,1.17855,1.26364
5844.65000,-1.39669,1.17857,1.28571
5844.70000,-1.39668,1.17859,1.30736
5844.75000,-1.39667,1.17861,1.32856
5844.80000,-1.39667,1.17864,1.34933
5844.85000,-1.39666,1.17866,1.36955
5844.90000,-1.39666,1.17869,1.38934
5844.95000,-1.39604,1.18035,1.40831
5845.00000,-1.39464,1.18866,1.42589
5845.05000,-1.39330,1.19857,1.44572
5845.10000,-1.39214,1.20836,1.46522
5845.15000,-1.39195,1.21252,1.49126
5845.20000,-1.39181,1.21478,1.53298
5845.25000,-1.39179,1.21558,1.58689
5845.30000,-1.39179,1.21559,1.63942
5845.35000,-1.39179,1.21560,1.68821
5845.40000,-1.39180,1.21561,1.73526
5845.45000,-1.39180,1.21563,1.78048
5845.50000,-1.39180,1.21564,1.82410
5845.55000,-1.39180,1.21565,1.86603
5845.60000,-1.39181,1.21566,1.90614
5845.65000,-1.39186,1.21583,1.94446
5845.70000,-1.39207,1.21637,1.97620
5845.75000,-1.39342,1.21839,2.00735
5845.80000,-1.39730,1.22554,2.03237
5845.85000,-1.40184,1.23446,2.05062
5845.90000,-1.40669,1.24354,2.07345
5845.95000,-1.41094,1.25178,2.09878
5846.00000,-1.41320,1.25596,2.13786
5846.05000,-1.41479,1.25837,2.19611
5846.10000,-1.41505,1.25871,2.25955
5846.15000,-1.41507,1.25873,2.32187
5846.20000,-1.41508,1.25875,2.37815
5846.25000,-1.41510,1.25875,2.42705
5846.30000,-1.41511,1.25876,2.47197
5846.35000,-1.41512,1.25877,2.51522
5846.40000,-1.41513,1.25878,2.55682
5846.45000,-1.41514,1.25878,2.59710
5846.50000,-1.41515,1.25879,2.63554
5846.55000,-1.41516,1.25879,2.67240
5846.60000,-1.41548,1.25897,2.70885
5846.65000,-1.41754,1.26014,2.74498
5846.70000,-1.42526,1.26346,2.76867
5846.75000,-1.43461,1.26712,2.78548
5846.80000,-1.43915,1.26836,2.79737
5846.85000,-1.43987,1.26849,2.79682
5846.90000,-1.43989,1.26850,2.79115
5846.95000,-1.43991,1.26852,2.78457
5847.00000,-1.44004,1.26856,2.77799
5847.05000,-1.44017,1.26860,2.76989
5847.10000,-1.44018,1.26861,2.76026
5847.15000,-1.44035,1.26867,2.74982
5847.20000,-1.44029,1.26866,2.73796
5847.25000,-1.44042,1.26874,2.72495
5847.30000,-1.44045,1.26876,2.71175
5847.35000,-1.44029,1.26869,2.69732
5847.40000,-1.44015,1.26864,2.68244
5847.45000,-1.44009,1.26863,2.66667
5847.50000,-1.43985,1.26850,2.65041
5847.55000,-1.43957,1.26835,2.63365
5847.60000,-1.43928,1.26818,2.61629
5847.65000,-1.43899,1.26801,2.59836
5847.70000,-1.43870,1.26783,2.57994
5847.75000,-1.43841,1.26764,2.56114
5847.80000,-1.43811,1.26744,2.54205
5847.85000,-1.43782,1.26724,2.52274
5847.90000,-1.43753,1.26702,2.50327
5847.95000,-1.43724,1.26680,2.48364
5848.00000,-1.43695,1.26657,2.46387
5848.05000,-1.43667,1.26634,2.44388
5848.10000,-1.43638,1.26609,2.42359
5848.15000,-1.43610,1.26584,2.40297
5848.20000,-1.43581,1.26557,2.38204
5848.25000,-1.43553,1.26529,2.36090
5848.30000,-1.43525,1.26500,2.33958
5848.35000,-1.43497,1.26470,2.31808
5848.40000,-1.43470,1.26440,2.29643
5848.45000,-1.43443,1.26408,2.27463
5848.50000,-1.43416,1.26376,2.25276
5848.55000,-1.43391,1.26343,2.23089
5848.60000,-1.43366,1.26310,2.20907
5848.65000,-1.43342,1.26276,2.18731
5848.70000,-1.43319,1.26242,2.16562
5848.75000,-1.43296,1.26208,2.14401
5848.80000,-1.43275,1.26174,2.12250
5848.85000,-1.43255,1.26140,2.10107
5848.90000,-1.43235,1.26105,2.07968
5848.95000,-1.43217,1.26070,2.05838
5849.00000,-1.43199,1.26035,2.03719
5849.05000,-1.43182,1.25999,2.01612
5849.10000,-1.43165,1.25964,1.99510
5849.15000,-1.43150,1.25928,1.97403
5849.20000,-1.43135,1.25891,1.95281
5849.25000,-1.43120,1.25854,1.93131
5849.30000,-1.43107,1.25815,1.90949
5849.35000,-1.43093,1.25775,1.88733
5849.40000,-1.43081,1.25735,1.86481
5849.45000,-1.43069,1.25692,1.84190
5849.50000,-1.43057,1.25649,1.81855
5849.55000,-1.43047,1.25605,1.79472
5849.60000,-1.43037,1.25558,1.77037
5849.65000,-1.43028,1.25511,1.74545
5849.70000,-1.43020,1.25461,1.71994
5849.75000,-1.43014,1.25410,1.69386
5849.80000,-1.43008,1.25358,1.66721
5849.85000,-1.43004,1.25304,1.63999
5849.90000,-1.43001,1.25248,1.61215
5849.95000,-1.43000,1.25191,1.58370
5850.00000,-1.43000,1.25133,1.55481
5850.05000,-1.43002,1.25074,1.52569
5850.10000,-1.43005,1.25016,1.49655
5850.15000,-1.43011,1.24958,1.46759
5850.20000,-1.43018,1.24902,1.43902
5850.25000,-1.43018,1.24894,1.41293
5850.30000,-1.43015,1.24908,1.38819
5850.35000,-1.43013,1.24923,1.36380
5850.40000,-1.43009,1.24937,1.33969
5850.45000,-1.43006,1.24952,1.31585
5850.50000,-1.43002,1.24966,1.29226
5850.55000,-1.42998,1.24980,1.26890
5850.60000,-1.42993,1.24994,1.24580
5850.65000,-1.42988,1.25008,1.22297
5850.70000,-1.42983,1.25022,1.20040
5850.75000,-1.42977,1.25036,1.17813
5850.80000,-1.42972,1.25049,1.15614
5850.85000,-1.42965,1.25063,1.13436
5850.90000,-1.42959,1.25076,1.11269
5850.95000,-1.42952,1.25090,1.09089
5851.00000,-1.42945,1.25103,1.06877
5851.05000,-1.42938,1.25116,1.04604
5851.10000,-1.42930,1.25129,1.02246
5851.15000,-1.42922,1.25142,0.99786
5851.20000,-1.42913,1.25155,0.97221
5851.25000,-1.42904,1.25169,0.94552
5851.30000,-1.42894,1.25182,0.91803
5851.35000,-1.42883,1.25196,0.89014
5851.40000,-1.42872,1.25209,0.86215
5851.45000,-1.42861,1.25222,0.83436
5851.50000,-1.42849,1.25235,0.80695
5851.55000,-1.42836,1.25247,0.77990
5851.60000,-1.42824,1.25259,0.75323
5851.65000,-1.42811,1.25271,0.72694
5851.70000,-1.42798,1.25282,0.70066
5851.75000,-1.42784,1.25294,0.67395
5851.80000,-1.42769,1.25305,0.64655
5851.85000,-1.42754,1.25317,0.61835
5851.90000,-1.42737,1.25328,0.58935
5851.95000,-1.42720,1.25339,0.55962
5852.00000,-1.42701,1.25351,0.52918
5852.05000,-1.42681,1.25362,0.49802
5852.10000,-1.42659,1.25374,0.46630
5852.15000,-1.42635,1.25385,0.43410
5852.20000,-1.42611,1.25396,0.40162
5852.25000,-1.42585,1.25406,0.36915
5852.30000,-1.42558,1.25416,0.33700
5852.35000,-1.42532,1.25425,0.30532
5852.40000,-1.42504,1.25433,0.27414
5852.45000,-1.42477,1.25440,0.24343
5852.50000,-1.42450,1.25447,0.21322
5852.55000,-1.42422,1.25452,0.18343
5852.60000,-1.42393,1.25457,0.15376
5852.65000,-1.42364,1.25461,0.12399
5852.70000,-1.42351,1.25463,0.09341
5852.75000,-1.42395,1.25461,0.06022
5852.80000,-1.42445,1.25459,0.02667
5852.85000,-1.42470,1.25460,-0.00607
5852.90000,-1.42494,1.25460,-0.03890
5852.95000,-1.42530,1.25459,-0.07258
5853.00000,-1.42565,1.25460,-0.10613
5853.05000,-1.42409,1.25416,-0.13983
5853.10000,-1.41633,1.25290,-0.16922
5853.15000,-1.40731,1.25121,-0.20138
5853.20000,-1.39830,1.24922,-0.23251
5853.25000,-1.38933,1.24696,-0.26231
5853.30000,-1.38040,1.24442,-0.29070
5853.35000,-1.37150,1.24163,-0.31761
5853.40000,-1.36264,1.23859,-0.34295
5853.45000,-1.35382,1.23532,-0.36675
5853.50000,-1.34505,1.23184,-0.38915
5853.55000,-1.33632,1.22815,-0.41028
5853.60000,-1.32765,1.22428,-0.43021
5853.65000,-1.31902,1.22022,-0.44895
5853.70000,-1.31045,1.21600,-0.46649
5853.75000,-1.30192,1.21161,-0.48284
5853.80000,-1.29343,1.20708,-0.49795
5853.85000,-1.28497,1.20248,-0.51303
5853.90000,-1.28139,1.20148,-0.52736
5853.95000,-1.28117,1.20144,-0.53637
5854.00000,-1.28104,1.20136,-0.54366
5854.05000,-1.28090,1.20127,-0.55025
5854.10000,-1.28075,1.20117,-0.55635
5854.15000,-1.28060,1.20108,-0.56196
5854.20000,-1.28045,1.20099,-0.56719
5854.25000,-1.28030,1.20089,-0.57218
5854.30000,-1.28016,1.20080,-0.57702
5854.35000,-1.28001,1.20070,-0.58189
5854.40000,-1.27985,1.20060,-0.58699
5854.45000,-1.27972,1.20051,-0.59261
5854.50000,-1.27966,1.20046,-0.59913
5854.55000,-1.27965,1.20043,-0.60645
5854.60000,-1.27957,1.20036,-0.61384
5854.65000,-1.27951,1.20031,-0.62167
5854.70000,-1.27948,1.20028,-0.62928
5854.75000,-1.27946,1.20024,-0.63647
5854.80000,-1.27943,1.20020,-0.64320
5854.85000,-1.27939,1.20015,-0.64951
5854.90000,-1.27935,1.20009,-0.65539
5854.95000,-1.27930,1.20003,-0.66094
5855.00000,-1.27924,1.19996,-0.66624
5855.05000,-1.27915,1.19989,-0.67125
5855.10000,-1.27908,1.19983,-0.67631
5855.15000,-1.27899,1.19975,-0.68170
5855.20000,-1.27890,1.19967,-0.68736
5855.25000,-1.27883,1.19961,-0.69339
5855.30000,-1.27877,1.19955,-0.69971
5855.35000,-1.27687,1.19769,-0.70662
5855.40000,-1.27084,1.19191,-0.71385
5855.45000,-1.26365,1.18546,-0.72006
5855.50000,-1.26059,1.18314,-0.72675
5855.55000,-1.26041,1.18298,-0.72848
5855.60000,-1.26026,1.18285,-0.72921
5855.65000,-1.26011,1.18272,-0.73000
5855.70000,-1.25997,1.18258,-0.73104
5855.75000,-1.25984,1.18245,-0.73247
5855.80000,-1.25972,1.18232,-0.73434
5855.85000,-1.25960,1.18219,-0.73676
5855.90000,-1.25949,1.18206,-0.73979
5855.95000,-1.25814,1.18069,-0.74284
5856.00000,-1.25374,1.17628,-0.74629
5856.05000,-1.24709,1.16982,-0.75027
5856.10000,-1.23984,1.16303,-0.75467
5856.15000,-1.23259,1.15619,-0.75853
5856.20000,-1.22538,1.14933,-0.76153
5856.25000,-1.21809,1.14238,-0.76425
5856.30000,-1.21477,1.13939,-0.76691
5856.35000,-1.21455,1.13918,-0.76504
5856.40000,-1.21441,1.13905,-0.76184
5856.45000,-1.21427,1.13893,-0.75843
5856.50000,-1.21410,1.13875,-0.75477
5856.55000,-1.21393,1.13859,-0.75150
5856.60000,-1.21378,1.13846,-0.74893
5856.65000,-1.21363,1.13832,-0.74667
5856.70000,-1.21347,1.13816,-0.74450
5856.75000,-1.21329,1.13800,-0.74238
5856.80000,-1.21313,1.13785,-0.74057
5856.85000,-1.21296,1.13770,-0.73931
5856.90000,-1.21171,1.13651,-0.73814
5856.95000,-1.20811,1.13298,-0.73719
5857.00000,-1.20220,1.12717,-0.73649
5857.05000,-1.19479,1.12046,-0.73559
5857.10000,-1.18737,1.11375,-0.73467
5857.15000,-1.17996,1.10705,-0.73375
5857.20000,-1.17449,1.10228,-0.73310
5857.25000,-1.17116,1.09966,-0.73270
5857.30000,-1.17000,1.09869,-0.72772
5857.35000,-1.16988,1.09858,-0.71627
5857.40000,-1.16976,1.09848,-0.70431
5857.45000,-1.16964,1.09838,-0.69231
5857.50000,-1.16952,1.09828,-0.68024
5857.55000,-1.16940,1.09818,-0.66799
5857.60000,-1.16928,1.09809,-0.65557
5857.65000,-1.16916,1.09799,-0.64327
5857.70000,-1.16903,1.09790,-0.63156
5857.75000,-1.16890,1.09780,-0.62094
5857.80000,-1.16876,1.09770,-0.61173
5857.85000,-1.16861,1.09760,-0.60391
5857.90000,-1.16845,1.09750,-0.59756
5857.95000,-1.16694,1.09613,-0.59178
5858.00000,-1.16039,1.09081,-0.58773
5858.05000,-1.15204,1.08528,-0.58496
5858.10000,-1.14367,1.07975,-0.58192
5858.15000,-1.13530,1.07426,-0.57875
5858.20000,-1.12690,1.06879,-0.57517
5858.25000,-1.11849,1.06337,-0.57125
5858.30000,-1.11006,1.05798,-0.56687
5858.35000,-1.10163,1.05264,-0.56093
5858.40000,-1.09312,1.04734,-0.55352
5858.45000,-1.08478,1.04217,-0.54577
5858.50000,-1.08210,1.04104,-0.53701
5858.55000,-1.08195,1.04095,-0.52195
5858.60000,-1.08174,1.04083,-0.50584
5858.65000,-1.08162,1.04077,-0.49011
5858.70000,-1.08150,1.04070,-0.47427
5858.75000,-1.08138,1.04064,-0.45868
5858.80000,-1.08125,1.04058,-0.44385
5858.85000,-1.08112,1.04052,-0.43028
5858.90000,-1.08098,1.04046,-0.41834
5858.95000,-1.07882,1.03903,-0.40753
5859.00000,-1.07038,1.03527,-0.39861
5859.05000,-1.06103,1.03138,-0.39074
5859.10000,-1.05172,1.02759,-0.38277
5859.15000,-1.04233,1.02387,-0.37431
5859.20000,-1.03289,1.02022,-0.36545
5859.25000,-1.02337,1.01663,-0.35619
5859.30000,-1.01390,1.01317,-0.34618
5859.35000,-1.00426,1.00976,-0.33433
5859.40000,-0.99506,1.00658,-0.32128
5859.45000,-0.98718,1.00461,-0.30897
5859.50000,-0.98534,1.00452,-0.29339
5859.55000,-0.98470,1.00434,-0.27119
5859.60000,-0.98405,1.00417,-0.24876
5859.65000,-0.98342,1.00402,-0.22662
5859.70000,-0.98282,1.00390,-0.20556
5859.75000,-0.98227,1.00378,-0.18611
5859.80000,-0.98174,1.00369,-0.16888
5859.85000,-0.97892,1.00302,-0.15237
5859.90000,-0.96994,1.00163,-0.13818
5859.95000,-0.95981,1.00028,-0.12694
5860.00000,-0.94977,0.99906,-0.11642
5860.05000,-0.93967,0.99793,-0.10586
5860.10000,-0.92960,0.99692,-0.09541
5860.15000,-0.91957,0.99601,-0.08490
5860.20000,-0.90948,0.99522,-0.07269
5860.25000,-0.89931,0.99455,-0.05917
5860.30000,-0.88908,0.99403,-0.04321
5860.35000,-0.87887,0.99365,-0.02759
5860.40000,-0.87406,0.99355,-0.01113
5860.45000,-0.87322,0.99355,0.01036
5860.50000,-0.87252,0.99356,0.03428
5860.55000,-0.87188,0.99358,0.05823
5860.60000,-0.87119,0.99361,0.08197
5860.65000,-0.87056,0.99366,0.10557
5860.70000,-0.86991,0.99372,0.12872
5860.75000,-0.86930,0.99377,0.15136
5860.80000,-0.86879,0.99384,0.17258
5860.85000,-0.86832,0.99390,0.19295
5860.90000,-0.86616,0.99469,0.21260
5860.95000,-0.85747,0.99670,0.22913
5861.00000,-0.84776,0.99903,0.24439
5861.05000,-0.83780,1.00159,0.25849
5861.10000,-0.82802,1.00422,0.27117
5861.15000,-0.81813,1.00703,0.28283
5861.20000,-0.80849,1.00987,0.29228
5861.25000,-0.79898,1.01277,0.30043
5861.30000,-0.78956,1.01572,0.30702
5861.35000,-0.78014,1.01873,0.31206
5861.40000,-0.77069,1.02180,0.31531
5861.45000,-0.76118,1.02491,0.31721
5861.50000,-0.75169,1.02804,0.31817
5861.55000,-0.74219,1.03116,0.31841
5861.60000,-0.73269,1.03430,0.31833
5861.65000,-0.72319,1.03743,0.31829
5861.70000,-0.71370,1.04056,0.31884
5861.75000,-0.70424,1.04369,0.32041
5861.80000,-0.69482,1.04683,0.32301
5861.85000,-0.68543,1.04999,0.32662
5861.90000,-0.67608,1.05318,0.33131
5861.95000,-0.66676,1.05642,0.33699
5862.00000,-0.65736,1.05973,0.34376
5862.05000,-0.64814,1.06307,0.35129
5862.10000,-0.63895,1.06648,0.35936
5862.15000,-0.62962,1.07003,0.36777
5862.20000,-0.62041,1.07361,0.37584
5862.25000,-0.61121,1.07728,0.38303
5862.30000,-0.60196,1.08104,0.38908
5862.35000,-0.59272,1.08484,0.39285
5862.40000,-0.58349,1.08868,0.39462
5862.45000,-0.57427,1.09252,0.39427
5862.50000,-0.56503,1.09637,0.39382
5862.55000,-0.55608,1.09992,0.39359
5862.60000,-0.55155,1.10034,0.39387
5862.65000,-0.55022,1.10032,0.39050
5862.70000,-0.55020,1.10032,0.38655
5862.75000,-0.55020,1.10033,0.38290
5862.80000,-0.55018,1.10034,0.37905
5862.85000,-0.55019,1.10034,0.37465
5862.90000,-0.55020,1.10033,0.36915
5862.95000,-0.55021,1.10033,0.36179
5863.00000,-0.55030,1.10031,0.35285
5863.05000,-0.55043,1.10026,0.34160
5863.10000,-0.55059,1.10020,0.32845
5863.15000,-0.55083,1.10012,0.31358
5863.20000,-0.55111,1.10001,0.29736
5863.25000,-0.55139,1.09993,0.28039
5863.30000,-0.55169,1.09984,0.26299
5863.35000,-0.55200,1.09977,0.24558
5863.40000,-0.55231,1.09970,0.22817
5863.45000,-0.55261,1.09963,0.21077
5863.50000,-0.55292,1.09957,0.19340
5863.55000,-0.55323,1.09951,0.17587
5863.60000,-0.55355,1.09946,0.15791
5863.65000,-0.55388,1.09941,0.13935
5863.70000,-0.55422,1.09937,0.12015
5863.75000,-0.55456,1.09934,0.10030
5863.80000,-0.55492,1.09931,0.07985
5863.85000,-0.55482,1.09932,0.06077
5863.90000,-0.55464,1.09933,0.04146
5863.95000,-0.55446,1.09933,0.02176
5864.00000,-0.55426,1.09933,0.00183
5864.05000,-0.55406,1.09933,-0.01809
5864.10000,-0.55387,1.09933,-0.03783
5864.15000,-0.55367,1.09932,-0.05732
5864.20000,-0.55347,1.09930,-0.07653
5864.25000,-0.55328,1.09929,-0.09547
5864.30000,-0.55308,1.09927,-0.11429
5864.35000,-0.55287,1.09924,-0.13311
5864.40000,-0.55266,1.09921,-0.15198
5864.45000,-0.55245,1.09918,-0.17098
5864.50000,-0.55223,1.09914,-0.19010
5864.55000,-0.55200,1.09909,-0.20934
5864.60000,-0.55176,1.09904,-0.22872
5864.65000,-0.55152,1.09898,-0.24819
5864.70000,-0.55127,1.09891,-0.26760
5864.75000,-0.55102,1.09884,-0.28679
5864.80000,-0.55078,1.09877,-0.30570
5864.85000,-0.55053,1.09869,-0.32433
5864.90000,-0.55029,1.09860,-0.34269
5864.95000,-0.55005,1.09852,-0.36078
5865.00000,-0.54982,1.09843,-0.37872
5865.05000,-0.54958,1.09833,-0.39658
5865.10000,-0.54935,1.09823,-0.41442
5865.15000,-0.54911,1.09812,-0.43228
5865.20000,-0.54887,1.09801,-0.45015
5865.25000,-0.54863,1.09789,-0.46806
5865.30000,-0.54839,1.09777,-0.48600
5865.35000,-0.54814,1.09763,-0.50397
5865.40000,-0.54648,1.09628,-0.52237
5865.45000,-0.53933,1.09178,-0.53970
5865.50000,-0.53085,1.08659,-0.55739
5865.55000,-0.52250,1.08128,-0.57446
5865.60000,-0.51450,1.07599,-0.59162
5865.65000,-0.50634,1.07040,-0.60653
5865.70000,-0.49844,1.06484,-0.62088
5865.75000,-0.49057,1.05911,-0.63328
5865.80000,-0.48275,1.05331,-0.64356
5865.85000,-0.47490,1.04736,-0.65073
5865.90000,-0.46701,1.04132,-0.65399
5865.95000,-0.45901,1.03520,-0.65690
5866.00000,-0.45586,1.03324,-0.65717
5866.05000,-0.45560,1.03307,-0.64060
5866.10000,-0.45546,1.03295,-0.61938
5866.15000,-0.45542,1.03293,-0.59874
5866.20000,-0.45539,1.03290,-0.57879
5866.25000,-0.45535,1.03288,-0.56013
5866.30000,-0.45531,1.03285,-0.54335
5866.35000,-0.45527,1.03283,-0.52902
5866.40000,-0.45511,1.03275,-0.51691
5866.45000,-0.45502,1.03269,-0.50868
5866.50000,-0.45495,1.03266,-0.50399
5866.55000,-0.45303,1.03098,-0.50048
5866.60000,-0.44584,1.02662,-0.49979
5866.65000,-0.43717,1.02184,-0.50412
5866.70000,-0.42852,1.01703,-0.50781
5866.75000,-0.41983,1.01217,-0.51035
5866.80000,-0.41111,1.00728,-0.51184
5866.85000,-0.40239,1.00238,-0.51234
5866.90000,-0.39368,0.99748,-0.51214
5866.95000,-0.38496,0.99258,-0.51135
5867.00000,-0.37623,0.98769,-0.51034
5867.05000,-0.36749,0.98280,-0.50915
5867.10000,-0.35874,0.97792,-0.50814
5867.15000,-0.35000,0.97306,-0.50690
5867.20000,-0.34124,0.96821,-0.50570
5867.25000,-0.33251,0.96337,-0.50466
5867.30000,-0.32375,0.95854,-0.50396
5867.35000,-0.31499,0.95370,-0.50359
5867.40000,-0.30623,0.94888,-0.50348
5867.45000,-0.29747,0.94405,-0.50352
5867.50000,-0.28871,0.93923,-0.50359
5867.55000,-0.27994,0.93439,-0.50347
5867.60000,-0.27118,0.92957,-0.50317
5867.65000,-0.26241,0.92475,-0.50173
5867.70000,-0.25360,0.91993,-0.49899
5867.75000,-0.24477,0.91514,-0.49473
5867.80000,-0.23586,0.91038,-0.48859
5867.85000,-0.22701,0.90569,-0.48278
5867.90000,-0.22255,0.90419,-0.47718
5867.95000,-0.22225,0.90413,-0.46415
5868.00000,-0.22214,0.90408,-0.44989
5868.05000,-0.22204,0.90403,-0.43963
5868.10000,-0.22019,0.90252,-0.43094
5868.15000,-0.21267,0.89856,-0.42521
5868.20000,-0.20351,0.89443,-0.42176
5868.25000,-0.19431,0.89034,-0.41607
5868.30000,-0.18504,0.88621,-0.41028
5868.35000,-0.18172,0.88587,-0.40441
5868.40000,-0.18125,0.88572,-0.38553
5868.45000,-0.18080,0.88555,-0.36549
5868.50000,-0.18034,0.88539,-0.34681
5868.55000,-0.17992,0.88525,-0.32892
5868.60000,-0.17971,0.88520,-0.31075
5868.65000,-0.17932,0.88511,-0.29334
5868.70000,-0.17908,0.88504,-0.27707
5868.75000,-0.17874,0.88496,-0.26029
5868.80000,-0.17837,0.88489,-0.24292
5868.85000,-0.17804,0.88481,-0.22513
5868.90000,-0.17757,0.88473,-0.20650
5868.95000,-0.17717,0.88467,-0.18705
5869.00000,-0.17680,0.88462,-0.16663
5869.05000,-0.17636,0.88457,-0.14513
5869.10000,-0.17578,0.88450,-0.12161
5869.15000,-0.17513,0.88445,-0.09637
5869.20000,-0.17472,0.88443,-0.07134
5869.25000,-0.17456,0.88442,-0.04622
5869.30000,-0.17392,0.88442,-0.01844
5869.35000,-0.17351,0.88442,0.00919
5869.40000,-0.17284,0.88442,0.03918
5869.45000,-0.17249,0.88445,0.06865
5869.50000,-0.17195,0.88448,0.09985
5869.55000,-0.17143,0.88449,0.13206
5869.60000,-0.17101,0.88453,0.16439
5869.65000,-0.17037,0.88463,0.19840
5869.70000,-0.16975,0.88470,0.23304
5869.75000,-0.16907,0.88484,0.26876
5869.80000,-0.16808,0.88511,0.30627
5869.85000,-0.16707,0.88542,0.34447
5869.90000,-0.16607,0.88578,0.38329
5869.95000,-0.16507,0.88617,0.42260
5870.00000,-0.16408,0.88662,0.46242
5870.05000,-0.16309,0.88711,0.50264
5870.10000,-0.16211,0.88764,0.54322
5870.15000,-0.16114,0.88823,0.58415
5870.20000,-0.16017,0.88887,0.62535
5870.25000,-0.15923,0.88956,0.66669
5870.30000,-0.15831,0.89029,0.70810
5870.35000,-0.15743,0.89105,0.74948
5870.40000,-0.15658,0.89185,0.79074
5870.45000,-0.15577,0.89268,0.83194
5870.50000,-0.15499,0.89355,0.87297
5870.55000,-0.15423,0.89446,0.91391
5870.60000,-0.15352,0.89539,0.95461
5870.65000,-0.15285,0.89635,0.99504
5870.70000,-0.15222,0.89734,1.03517
5870.75000,-0.15163,0.89835,1.07497
5870.80000,-0.15108,0.89937,1.11439
5870.85000,-0.15058,0.90041,1.15343
5870.90000,-0.15012,0.90145,1.19203
5870.95000,-0.14971,0.90251,1.23021
5871.00000,-0.14934,0.90358,1.26792
5871.05000,-0.14901,0.90464,1.30514
5871.10000,-0.14872,0.90571,1.34185
5871.15000,-0.14848,0.90678,1.37807
5871.20000,-0.14828,0.90784,1.41373
5871.25000,-0.14819,0.90850,1.44727
5871.30000,-0.14817,0.90869,1.47845
5871.35000,-0.14816,0.90888,1.50916
5871.40000,-0.14798,0.91061,1.53949
5871.45000,-0.14785,0.91779,1.56896
5871.50000,-0.14797,0.92772,1.59804
5871.55000,-0.14839,0.93771,1.62686
5871.60000,-0.14909,0.94768,1.65508
5871.65000,-0.15007,0.95763,1.68265
5871.70000,-0.15132,0.96755,1.70959
5871.75000,-0.15283,0.97743,1.73588
5871.80000,-0.15460,0.98728,1.76145
5871.85000,-0.15662,0.99707,1.78630
5871.90000,-0.15895,1.00712,1.81169
5871.95000,-0.16159,1.01737,1.83741
5872.00000,-0.16447,1.02752,1.86215
5872.05000,-0.16758,1.03753,1.88569
5872.10000,-0.17082,1.04718,1.90689
5872.15000,-0.17427,1.05677,1.92719
5872.20000,-0.17784,1.06610,1.94551
5872.25000,-0.18157,1.07535,1.96245
5872.30000,-0.18548,1.08463,1.97853
5872.35000,-0.18953,1.09382,1.99293
5872.40000,-0.19353,1.10279,2.00748
5872.45000,-0.19427,1.10647,2.02047
5872.50000,-0.19434,1.10663,2.02892
5872.55000,-0.19438,1.10671,2.03606
5872.60000,-0.19442,1.10680,2.04304
5872.65000,-0.19447,1.10688,2.04982
5872.70000,-0.19451,1.10697,2.05637
5872.75000,-0.19456,1.10705,2.06267
5872.80000,-0.19460,1.10714,2.06873
5872.85000,-0.19465,1.10722,2.07454
5872.90000,-0.19470,1.10731,2.08044
5872.95000,-0.19475,1.10739,2.08717
5873.00000,-0.19480,1.10749,2.09498
5873.05000,-0.19485,1.10758,2.10367
5873.10000,-0.19491,1.10768,2.11306
5873.15000,-0.19618,1.10911,2.12295
5873.20000,-0.20101,1.11582,2.13289
5873.25000,-0.20638,1.12424,2.14338
5873.30000,-0.21183,1.13261,2.15355
5873.35000,-0.21737,1.14092,2.16344
5873.40000,-0.22299,1.14917,2.17308
5873.45000,-0.22869,1.15737,2.18253
5873.50000,-0.23446,1.16551,2.19186
5873.55000,-0.24031,1.17361,2.20064
5873.60000,-0.24618,1.18169,2.20941
5873.65000,-0.24814,1.18555,2.21824
5873.70000,-0.24823,1.18573,2.22299
5873.75000,-0.24828,1.18581,2.22622
5873.80000,-0.24834,1.18591,2.22963
5873.85000,-0.24840,1.18601,2.23320
5873.90000,-0.24846,1.18612,2.23719
5873.95000,-0.24854,1.18625,2.24188
5874.00000,-0.24862,1.18638,2.24759
5874.05000,-0.25004,1.18787,2.25347
5874.10000,-0.25562,1.19427,2.26024
5874.15000,-0.26204,1.20196,2.27257
5874.20000,-0.26812,1.20904,2.28974
5874.25000,-0.27357,1.21511,2.31850
5874.30000,-0.27817,1.21987,2.36384
5874.35000,-0.28138,1.22288,2.42519
5874.40000,-0.28293,1.22414,2.49962
5874.45000,-0.28355,1.22457,2.57901
5874.50000,-0.28363,1.22462,2.66047
5874.55000,-0.28369,1.22465,2.74113
5874.60000,-0.28376,1.22468,2.82071
5874.65000,-0.28383,1.22470,2.89847
5874.70000,-0.28389,1.22471,2.97246
5874.75000,-0.28395,1.22472,3.04180
5874.80000,-0.28401,1.22472,3.10610
5874.85000,-0.28407,1.22472,-3.11558
5874.90000,-0.28412,1.22472,-3.05529
5874.95000,-0.28418,1.22471,-2.99616
5875.00000,-0.28425,1.22470,-2.93820
5875.05000,-0.28431,1.22468,-2.88139
5875.10000,-0.28437,1.22467,-2.82563
5875.15000,-0.28443,1.22464,-2.77089
5875.20000,-0.28450,1.22462,-2.71719
5875.25000,-0.28456,1.22459,-2.66523
5875.30000,-0.28462,1.22455,-2.61621
5875.35000,-0.28469,1.22451,-2.56997
5875.40000,-0.28476,1.22446,-2.52604
5875.45000,-0.28660,1.22296,-2.48359
5875.50000,-0.29289,1.21794,-2.44844
5875.55000,-0.29993,1.21189,-2.40972
5875.60000,-0.30707,1.20522,-2.37037
5875.65000,-0.31407,1.19817,-2.33356
5875.70000,-0.32066,1.19103,-2.29853
5875.75000,-0.32698,1.18371,-2.26702
5875.80000,-0.33286,1.17648,-2.23849
5875.85000,-0.33863,1.16917,-2.21066
5875.90000,-0.34068,1.16627,-2.18769
5875.95000,-0.34086,1.16600,-2.17803
5876.00000,-0.34088,1.16597,-2.17172
5876.05000,-0.34093,1.16590,-2.16544
5876.10000,-0.34096,1.16585,-2.15865
5876.15000,-0.34096,1.16586,-2.15126
5876.20000,-0.34089,1.16596,-2.14257
5876.25000,-0.34095,1.16586,-2.13339
5876.30000,-0.34106,1.16568,-2.12334
5876.35000,-0.34113,1.16555,-2.11313
5876.40000,-0.34108,1.16565,-2.10255
5876.45000,-0.34100,1.16578,-2.09245
5876.50000,-0.34094,1.16589,-2.08262
5876.55000,-0.34088,1.16599,-2.07319
5876.60000,-0.34094,1.16586,-2.06441
5876.65000,-0.34099,1.16576,-2.05675
5876.70000,-0.34103,1.16568,-2.05020
5876.75000,-0.34111,1.16553,-2.04460
5876.80000,-0.34118,1.16539,-2.03983
5876.85000,-0.34124,1.16526,-2.03549
5876.90000,-0.34131,1.16511,-2.03196
5876.95000,-0.34139,1.16493,-2.02855
5877.00000,-0.34148,1.16474,-2.02514
5877.05000,-0.34156,1.16455,-2.02162
5877.10000,-0.34165,1.16435,-2.01791
5877.15000,-0.34175,1.16413,-2.01395
5877.20000,-0.34185,1.16390,-2.00967
5877.25000,-0.34196,1.16366,-2.00510
5877.30000,-0.34207,1.16341,-2.00018
5877.35000,-0.34219,1.16313,-1.99487
5877.40000,-0.34231,1.16284,-1.98930
5877.45000,-0.34243,1.16255,-1.98369
5877.50000,-0.34255,1.16225,-1.97832
5877.55000,-0.34267,1.16197,-1.97343
5877.60000,-0.34277,1.16169,-1.96909
5877.65000,-0.34288,1.16143,-1.96528
5877.70000,-0.34297,1.16118,-1.96200
5877.75000,-0.34306,1.16095,-1.95928
5877.80000,-0.34315,1.16072,-1.95705
5877.85000,-0.34323,1.16051,-1.95528
5877.90000,-0.34331,1.16030,-1.95399
5877.95000,-0.34339,1.16011,-1.95310
5878.00000,-0.34347,1.15991,-1.95254
5878.05000,-0.34355,1.15971,-1.95220
5878.10000,-0.34363,1.15950,-1.95201
5878.15000,-0.34372,1.15929,-1.95190
5878.20000,-0.34380,1.15907,-1.95183
5878.25000,-0.34389,1.15885,-1.95179
5878.30000,-0.34399,1.15862,-1.95181
5878.35000,-0.34408,1.15838,-1.95192
5878.40000,-0.34418,1.15814,-1.95214
5878.45000,-0.34428,1.15789,-1.95260
5878.50000,-0.34438,1.15765,-1.95339
5878.55000,-0.34447,1.15741,-1.95455
5878.60000,-0.34457,1.15718,-1.95602
5878.65000,-0.34466,1.15696,-1.95790
5878.70000,-0.34476,1.15675,-1.96012
5878.75000,-0.34485,1.15655,-1.96271
5878.80000,-0.34494,1.15635,-1.96565
5878.85000,-0.34505,1.15609,-1.96882
5878.90000,-0.34514,1.15590,-1.97230
5878.95000,-0.34523,1.15571,-1.97599
5879.00000,-0.34532,1.15552,-1.97986
5879.05000,-0.34542,1.15533,-1.98387
5879.10000,-0.34551,1.15513,-1.98805
5879.15000,-0.34560,1.15494,-1.99243
5879.20000,-0.34570,1.15476,-1.99707
5879.25000,-0.34579,1.15458,-2.00196
5879.30000,-0.34588,1.15440,-2.00708
5879.35000,-0.34600,1.15414,-2.01237
5879.40000,-0.34619,1.15374,-2.01788
5879.45000,-0.34639,1.15333,-2.02350
5879.50000,-0.34659,1.15292,-2.02918
5879.55000,-0.34680,1.15250,-2.03484
5879.60000,-0.34702,1.15207,-2.04037
5879.65000,-0.34724,1.15164,-2.04578
5879.70000,-0.34747,1.15120,-2.05111
5879.75000,-0.34770,1.15075,-2.05640
5879.80000,-0.34794,1.15030,-2.06158
5879.85000,-0.34819,1.14984,-2.06658
5879.90000,-0.34844,1.14937,-2.07136
5879.95000,-0.34871,1.14889,-2.07591
5880.00000,-0.34898,1.14839,-2.08026
5880.05000,-0.34927,1.14788,-2.08441
5880.10000,-0.34956,1.14737,-2.08851
5880.15000,-0.34986,1.14684,-2.09260
5880.20000,-0.35017,1.14631,-2.09668
5880.25000,-0.35165,1.14447,-2.10131
5880.30000,-0.35647,1.13739,-2.10590
5880.35000,-0.36155,1.12886,-2.11006
5880.40000,-0.36662,1.12040,-2.11444
5880.45000,-0.37027,1.11339,-2.11955
5880.50000,-0.37053,1.11210,-2.12571
5880.55000,-0.37077,1.11173,-2.13280
5880.60000,-0.37100,1.11135,-2.13974
5880.65000,-0.37122,1.11100,-2.14674
5880.70000,-0.37154,1.11052,-2.15409
5880.75000,-0.37187,1.11002,-2.16148
5880.80000,-0.37221,1.10952,-2.16896
5880.85000,-0.37255,1.10902,-2.17656
5880.90000,-0.37289,1.10853,-2.18423
5880.95000,-0.37324,1.10804,-2.19192
5881.00000,-0.37360,1.10755,-2.19953
5881.05000,-0.37528,1.10563,-2.20739
5881.10000,-0.38086,1.09841,-2.21445
5881.15000,-0.38684,1.09051,-2.22130
5881.20000,-0.39287,1.08266,-2.22868
5881.25000,-0.39896,1.07485,-2.23625
5881.30000,-0.40506,1.06715,-2.24456
5881.35000,-0.41102,1.05973,-2.25212
5881.40000,-0.41293,1.05678,-2.26133
5881.45000,-0.41305,1.05667,-2.27167
5881.50000,-0.41313,1.05660,-2.28216
5881.55000,-0.41321,1.05653,-2.29256
5881.60000,-0.41330,1.05646,-2.30289
5881.65000,-0.41339,1.05639,-2.31314
5881.70000,-0.41348,1.05631,-2.32331
5881.75000,-0.41506,1.05470,-2.33432
5881.80000,-0.42001,1.04973,-2.34592
5881.85000,-0.42688,1.04279,-2.35602
5881.90000,-0.43381,1.03595,-2.36657
5881.95000,-0.44076,1.02913,-2.37724
5882.00000,-0.44266,1.02735,-2.38751
5882.05000,-0.44290,1.02714,-2.39927
5882.10000,-0.44308,1.02698,-2.41087
5882.15000,-0.44567,1.02461,-2.42167
5882.20000,-0.45264,1.01855,-2.43149
5882.25000,-0.46005,1.01225,-2.44202
5882.30000,-0.46752,1.00603,-2.45298
5882.35000,-0.47506,0.99990,-2.46458
5882.40000,-0.48264,0.99388,-2.47733
5882.45000,-0.49026,0.98791,-2.49014
5882.50000,-0.49409,0.98562,-2.50166
5882.55000,-0.49421,0.98565,-2.51748
5882.60000,-0.49441,0.98551,-2.53381
5882.65000,-0.49461,0.98537,-2.54994
5882.70000,-0.49482,0.98524,-2.56601
5882.75000,-0.49503,0.98510,-2.58196
5882.80000,-0.49524,0.98497,-2.59757
5882.85000,-0.49546,0.98484,-2.61267
5882.90000,-0.49569,0.98471,-2.62713
5882.95000,-0.49739,0.98325,-2.64077
5883.00000,-0.50420,0.97882,-2.65369
5883.05000,-0.51277,0.97434,-2.66751
5883.10000,-0.52139,0.97000,-2.68168
5883.15000,-0.53006,0.96578,-2.69650
5883.20000,-0.53879,0.96170,-2.71175
5883.25000,-0.54756,0.95776,-2.72745
5883.30000,-0.55639,0.95396,-2.74369
5883.35000,-0.56498,0.95035,-2.75978
5883.40000,-0.56953,0.94927,-2.77374
5883.45000,-0.56952,0.94934,-2.79258
5883.50000,-0.56928,0.94942,-2.81316
5883.55000,-0.56903,0.94949,-2.83349
5883.60000,-0.56878,0.94957,-2.85346
5883.65000,-0.56853,0.94966,-2.87307
5883.70000,-0.56829,0.94974,-2.89234
5883.75000,-0.56806,0.94981,-2.91116
5883.80000,-0.57012,0.94906,-2.92863
5883.85000,-0.57840,0.94724,-2.94511
5883.90000,-0.58782,0.94544,-2.96200
5883.95000,-0.59727,0.94380,-2.97933
5884.00000,-0.60672,0.94233,-2.99732
5884.05000,-0.61619,0.94104,-3.01600
5884.10000,-0.62564,0.93993,-3.03514
5884.15000,-0.63510,0.93901,-3.05480
5884.20000,-0.64457,0.93828,-3.07506
5884.25000,-0.65409,0.93761,-3.09521
5884.30000,-0.65962,0.93752,-3.11452
5884.35000,-0.65973,0.93753,-3.13643
5884.40000,-0.65936,0.93753,3.12320
5884.45000,-0.65906,0.93753,3.09920
5884.50000,-0.65882,0.93753,3.07642
5884.55000,-0.65851,0.93752,3.05352
5884.60000,-0.65821,0.93751,3.03103
5884.65000,-0.65978,0.93804,3.00819
5884.70000,-0.66792,0.93931,2.98787
5884.75000,-0.67727,0.94086,2.96705
5884.80000,-0.68657,0.94260,2.94570
5884.85000,-0.69582,0.94454,2.92360
5884.90000,-0.70501,0.94669,2.90106
5884.95000,-0.71413,0.94904,2.87813
5885.00000,-0.72320,0.95160,2.85491
5885.05000,-0.73220,0.95437,2.83146
5885.10000,-0.74112,0.95734,2.80772
5885.15000,-0.74996,0.96053,2.78362
5885.20000,-0.75877,0.96382,2.75952
5885.25000,-0.76246,0.96420,2.73556
5885.30000,-0.76222,0.96406,2.71042
5885.35000,-0.76201,0.96396,2.68567
5885.40000,-0.76184,0.96387,2.66139
5885.45000,-0.76314,0.96499,2.63680
5885.50000,-0.77008,0.96911,2.61434
5885.55000,-0.77815,0.97393,2.59033
5885.60000,-0.78609,0.97895,2.56605
5885.65000,-0.79390,0.98415,2.54150
5885.70000,-0.80158,0.98955,2.51673
5885.75000,-0.80911,0.99513,2.49185
5885.80000,-0.81651,1.00089,2.46694
5885.85000,-0.82376,1.00684,2.44208
5885.90000,-0.83086,1.01297,2.41733
5885.95000,-0.83781,1.01927,2.39274
5886.00000,-0.84461,1.02575,2.36834
5886.05000,-0.85126,1.03239,2.34410
5886.10000,-0.85774,1.03920,2.32008
5886.15000,-0.86406,1.04616,2.29628
5886.20000,-0.87022,1.05327,2.27267
5886.25000,-0.87622,1.06053,2.24925
5886.30000,-0.88204,1.06793,2.22605
5886.35000,-0.88770,1.07547,2.20309
5886.40000,-0.89319,1.08315,2.18040
5886.45000,-0.89851,1.09095,2.15800
5886.50000,-0.90365,1.09887,2.13592
5886.55000,-0.90864,1.10691,2.11410
5886.60000,-0.91346,1.11508,2.09261
5886.65000,-0.91810,1.12335,2.07152
5886.70000,-0.92257,1.13172,2.05081
5886.75000,-0.92688,1.14020,2.03051
5886.80000,-0.93103,1.14877,2.01063
5886.85000,-0.93501,1.15744,1.99114
5886.90000,-0.93882,1.16618,1.97220
5886.95000,-0.94245,1.17500,1.95376
5887.00000,-0.94595,1.18391,1.93574
5887.05000,-0.94928,1.19287,1.91834
5887.10000,-0.95247,1.20191,1.90136
5887.15000,-0.95551,1.21100,1.88494
5887.20000,-0.95840,1.22016,1.86908
5887.25000,-0.96116,1.22938,1.85367
5887.30000,-0.96378,1.23866,1.83881
5887.35000,-0.96627,1.24799,1.82450
5887.40000,-0.96864,1.25737,1.81075
5887.45000,-0.97087,1.26677,1.79767
5887.50000,-0.97299,1.27622,1.78517
5887.55000,-0.97500,1.28572,1.77320
5887.60000,-0.97690,1.29526,1.76179
5887.65000,-0.97870,1.30482,1.75100
5887.70000,-0.98039,1.31441,1.74078
5887.75000,-0.98200,1.32404,1.73119
5887.80000,-0.98352,1.33371,1.72214
5887.85000,-0.98496,1.34340,1.71372
5887.90000,-0.98633,1.35313,1.70589
5887.95000,-0.98762,1.36288,1.69858
5888.00000,-0.98884,1.37266,1.69192
5888.05000,-0.98994,1.38235,1.68609
5888.10000,-0.99022,1.38715,1.68034
5888.15000,-0.99024,1.38729,1.67577
5888.20000,-0.99026,1.38746,1.67204
5888.25000,-0.99026,1.38758,1.66875
5888.30000,-0.99025,1.38769,1.66629
5888.35000,-0.99025,1.38783,1.66472
5888.40000,-0.99025,1.38799,1.66397
5888.45000,-0.99027,1.38819,1.66396
5888.50000,-0.99029,1.38840,1.66466
5888.55000,-0.99031,1.38860,1.66538
5888.60000,-0.99033,1.38880,1.66715
5888.65000,-0.99035,1.38900,1.66938
5888.70000,-0.99037,1.38919,1.67197
5888.75000,-0.99039,1.38937,1.67481
5888.80000,-0.99041,1.38955,1.67787
5888.85000,-0.99043,1.38973,1.68106
5888.90000,-0.99045,1.38990,1.68432
5888.95000,-0.99047,1.39008,1.68758
5889.00000,-0.99049,1.39025,1.69079
5889.05000,-0.99051,1.39042,1.69393
5889.10000,-0.99053,1.39059,1.69696
5889.15000,-0.99055,1.39076,1.69987
5889.20000,-0.99057,1.39093,1.70264
5889.25000,-0.99059,1.39109,1.70528
5889.30000,-0.99062,1.39126,1.70776
5889.35000,-0.99064,1.39142,1.71009
5889.40000,-0.99066,1.39158,1.71224
5889.45000,-0.99069,1.39174,1.71422
5889.50000,-0.99071,1.39190,1.71605
5889.55000,-0.99073,1.39206,1.71774
5889.60000,-0.99129,1.39366,1.71976
5889.65000,-0.99276,1.39945,1.72188
5889.70000,-0.99427,1.40899,1.72316
5889.75000,-0.99579,1.41888,1.72414
5889.80000,-0.99732,1.42876,1.72528
5889.85000,-0.99887,1.43864,1.72667
5889.90000,-1.00043,1.44852,1.72828
5889.95000,-1.00201,1.45840,1.73019
5890.00000,-1.00361,1.46828,1.73252
5890.05000,-1.00523,1.47822,1.73541
5890.10000,-1.00689,1.48816,1.73881
5890.15000,-1.00845,1.49773,1.74182
5890.20000,-1.00886,1.50325,1.74474
5890.25000,-1.00890,1.50357,1.74906
5890.30000,-1.00893,1.50373,1.75346
5890.35000,-1.00962,1.50558,1.75810
5890.40000,-1.01143,1.51408,1.76226
5890.45000,-1.01335,1.52390,1.76594
5890.50000,-1.01531,1.53370,1.76926
5890.55000,-1.01729,1.54349,1.77265
5890.60000,-1.01931,1.55326,1.77610
5890.65000,-1.02136,1.56303,1.77960
5890.70000,-1.02345,1.57276,1.78348
5890.75000,-1.02557,1.58248,1.78769
5890.80000,-1.02772,1.59213,1.79228
5890.85000,-1.02991,1.60176,1.79708
5890.90000,-1.03215,1.61138,1.80201
5890.95000,-1.03444,1.62099,1.80709
5891.00000,-1.03677,1.63058,1.81240
5891.05000,-1.03916,1.64015,1.81787
5891.10000,-1.04160,1.64970,1.82347
5891.15000,-1.04409,1.65926,1.82914
5891.20000,-1.04669,1.66899,1.83509
5891.25000,-1.04934,1.67871,1.84149
5891.30000,-1.05205,1.68841,1.84814
5891.35000,-1.05482,1.69804,1.85557
5891.40000,-1.05767,1.70770,1.86318
5891.45000,-1.06060,1.71733,1.87082
5891.50000,-1.06360,1.72693,1.87946
5891.55000,-1.06672,1.73659,1.88805
5891.60000,-1.06985,1.74613,1.89634
5891.65000,-1.07057,1.75095,1.90691
5891.70000,-1.07065,1.75137,1.91771
5891.75000,-1.07078,1.75172,1.92921
5891.80000,-1.07093,1.75213,1.94147
5891.85000,-1.07105,1.75244,1.95472
5891.90000,-1.07119,1.75280,1.96882
5891.95000,-1.07132,1.75315,1.98382
5892.00000,-1.07143,1.75338,2.00056
5892.05000,-1.07157,1.75369,2.01711
5892.10000,-1.07165,1.75386,2.03517
5892.15000,-1.07173,1.75402,2.05336
5892.20000,-1.07181,1.75418,2.07157
5892.25000,-1.07189,1.75433,2.08978
5892.30000,-1.07197,1.75449,2.10797
5892.35000,-1.07205,1.75464,2.12615
5892.40000,-1.07213,1.75480,2.14433
5892.45000,-1.07220,1.75494,2.16249
5892.50000,-1.07227,1.75509,2.18061
5892.55000,-1.07234,1.75523,2.19871
5892.60000,-1.07240,1.75538,2.21681
5892.65000,-1.07247,1.75551,2.23489
5892.70000,-1.07415,1.75725,2.25317
5892.75000,-1.07981,1.76377,2.26861
5892.80000,-1.08643,1.77156,2.28296
5892.85000,-1.09308,1.77916,2.29784
5892.90000,-1.09974,1.78652,2.31243
5892.95000,-1.10660,1.79391,2.32668
5893.00000,-1.11336,1.80099,2.34050
5893.05000,-1.12013,1.80788,2.35415
5893.10000,-1.12700,1.81468,2.36724
5893.15000,-1.13397,1.82142,2.37941
5893.20000,-1.14104,1.82809,2.39059
5893.25000,-1.14820,1.83471,2.40077
5893.30000,-1.15544,1.84127,2.40992
5893.35000,-1.16282,1.84784,2.41781
5893.40000,-1.17032,1.85443,2.42475
5893.45000,-1.17782,1.86092,2.43022
5893.50000,-1.18540,1.86743,2.43467
5893.55000,-1.19301,1.87391,2.43788
5893.60000,-1.20063,1.88036,2.43990
5893.65000,-1.20826,1.88680,2.44114
5893.70000,-1.21591,1.89324,2.44153
5893.75000,-1.22355,1.89968,2.44131
5893.80000,-1.23120,1.90613,2.44080
5893.85000,-1.23886,1.91259,2.44022
5893.90000,-1.24647,1.91903,2.43887
5893.95000,-1.25405,1.92549,2.43709
5894.00000,-1.26161,1.93195,2.43496
5894.05000,-1.26916,1.93843,2.43245
5894.10000,-1.27667,1.94492,2.42954
5894.15000,-1.28416,1.95143,2.42623
5894.20000,-1.29162,1.95796,2.42248
5894.25000,-1.29904,1.96451,2.41830
5894.30000,-1.30643,1.97108,2.41368
5894.35000,-1.31377,1.97768,2.40860
5894.40000,-1.32107,1.98431,2.40305
5894.45000,-1.32833,1.99098,2.39700
5894.50000,-1.33551,1.99756,2.39072
5894.55000,-1.33764,1.99939,2.38531
5894.60000,-1.33770,1.99945,2.37836
5894.65000,-1.33776,1.99950,2.37160
5894.70000,-1.33898,2.00072,2.36483
5894.75000,-1.34296,2.00469,2.35774
5894.80000,-1.34926,2.01101,2.35085
5894.85000,-1.35619,2.01806,2.34501
5894.90000,-1.36306,2.02514,2.33845
5894.95000,-1.36984,2.03224,2.33090
5895.00000,-1.37647,2.03929,2.32372
5895.05000,-1.37845,2.04151,2.31468
5895.10000,-1.37844,2.04151,2.30387
5895.15000,-1.37849,2.04156,2.29325
5895.20000,-1.37853,2.04161,2.28341
5895.25000,-1.37858,2.04166,2.27476
5895.30000,-1.37980,2.04293,2.26637
5895.35000,-1.38422,2.04745,2.25840
5895.40000,-1.39043,2.05501,2.25300
5895.45000,-1.39661,2.06270,2.24767
5895.50000,-1.40276,2.07041,2.24150
5895.55000,-1.40882,2.07811,2.23421
5895.60000,-1.41481,2.08584,2.22519
5895.65000,-1.42076,2.09360,2.21611
5895.70000,-1.42314,2.09756,2.20795
5895.75000,-1.42291,2.09752,2.19027
5895.80000,-1.42258,2.09707,2.16665
5895.85000,-1.42225,2.09660,2.14284
5895.90000,-1.42206,2.09632,2.12271
5895.95000,-1.42189,2.09604,2.10875
5896.00000,-1.42313,2.09718,2.09604
5896.05000,-1.42763,2.10344,2.08442
5896.10000,-1.43239,2.11187,2.07238
5896.15000,-1.43356,2.11597,2.05564
5896.20000,-1.43414,2.11727,2.01788
5896.25000,-1.43430,2.11755,1.98625
5896.30000,-1.43472,2.11830,1.98946
5896.35000,-1.43482,2.11843,1.99709
5896.40000,-1.43495,2.11858,1.99902
5896.45000,-1.43558,2.11979,2.02702
5896.50000,-1.43661,2.12216,2.05425
5896.55000,-1.43738,2.12374,2.06893
5896.60000,-1.43873,2.12610,2.10334
5896.65000,-1.44097,2.12974,2.14555
5896.70000,-1.44419,2.13446,2.19329
5896.75000,-1.44830,2.13987,2.24508
5896.80000,-1.45317,2.14564,2.29973
5896.85000,-1.45877,2.15156,2.35613
5896.90000,-1.46500,2.15744,2.41374
5896.95000,-1.47180,2.16315,2.47222
5897.00000,-1.47911,2.16859,2.53115
5897.05000,-1.48692,2.17372,2.59023
5897.10000,-1.49514,2.17845,2.64945
5897.15000,-1.50373,2.18273,2.70872
5897.20000,-1.51266,2.18653,2.76792
5897.25000,-1.52186,2.18983,2.82706
5897.30000,-1.53132,2.19260,2.88609
5897.35000,-1.54058,2.19478,2.92816
5897.40000,-1.54882,2.19600,2.93869
5897.45000,-1.55572,2.19672,2.92277
5897.50000,-1.56075,2.19794,2.88287
5897.55000,-1.56706,2.19977,2.83716
5897.60000,-1.57430,2.20224,2.78778
5897.65000,-1.58207,2.20535,2.73571
5897.70000,-1.58978,2.20892,2.68031
5897.75000,-1.59728,2.21292,2.62222
5897.80000,-1.60493,2.21760,2.56392
5897.85000,-1.61232,2.22273,2.50444
5897.90000,-1.61953,2.22841,2.44470
5897.95000,-1.62688,2.23494,2.38671
5898.00000,-1.63373,2.24178,2.32771
5898.05000,-1.64025,2.24910,2.26885
5898.10000,-1.64629,2.25676,2.20963
5898.15000,-1.65181,2.26466,2.14979
5898.20000,-1.65691,2.27301,2.09038
5898.25000,-1.66132,2.28128,2.02935
5898.30000,-1.66539,2.29020,1.96986
5898.35000,-1.66875,2.29890,1.90858
5898.40000,-1.67157,2.30780,1.84725
5898.45000,-1.67367,2.31621,1.78342
5898.50000,-1.67500,2.32347,1.71473
5898.55000,-1.67574,2.33026,1.64383
5898.60000,-1.67600,2.33723,1.57334
5898.65000,-1.67578,2.34411,1.50247
5898.70000,-1.67505,2.35104,1.43188
5898.75000,-1.67380,2.35816,1.36222
5898.80000,-1.67210,2.36501,1.29189
5898.85000,-1.66989,2.37182,1.22192
5898.90000,-1.66718,2.37852,1.15224
5898.95000,-1.66398,2.38510,1.08286
5899.00000,-1.66028,2.39151,1.01379
5899.05000,-1.65612,2.39771,0.94498
5899.10000,-1.65136,2.40384,0.87729
5899.15000,-1.64621,2.40963,0.80959
5899.20000,-1.64061,2.41512,0.74223
5899.25000,-1.63452,2.42034,0.67557
5899.30000,-1.62806,2.42517,0.60910
5899.35000,-1.62114,2.42967,0.54332
5899.40000,-1.61392,2.43371,0.47769
5899.45000,-1.60636,2.43732,0.41241
5899.50000,-1.59845,2.44048,0.34769
5899.55000,-1.59023,2.44316,0.28347
5899.60000,-1.58181,2.44532,0.21948
5899.65000,-1.57314,2.44697,0.15598
5899.70000,-1.56417,2.44809,0.09327
5899.75000,-1.55536,2.44865,0.04175
5899.80000,-1.54629,2.44887,0.00593
5899.85000,-1.53715,2.44876,-0.02799
5899.90000,-1.52797,2.44836,-0.06054
5899.95000,-1.51877,2.44766,-0.09139
5900.00000,-1.50958,2.44682,-0.12219
5900.05000,-1.50546,2.44670,-0.15207
5900.10000,-1.50463,2.44669,-0.16742
5900.15000,-1.50420,2.44658,-0.16323
5900.20000,-1.50353,2.44651,-0.13300
5900.25000,-1.50326,2.44657,-0.10436
5900.30000,-1.50359,2.44718,-0.09284
5900.35000,-1.50449,2.44781,-0.10542
5900.40000,-1.50560,2.44818,-0.14332
5900.45000,-1.50616,2.44834,-0.19933
5900.50000,-1.50542,2.44816,-0.26830
5900.55000,-1.50344,2.44749,-0.33977
5900.60000,-1.50025,2.44623,-0.41164
5900.65000,-1.49662,2.44448,-0.48494
5900.70000,-1.49271,2.44223,-0.55904
5900.75000,-1.48950,2.44005,-0.63729
5900.80000,-1.48739,2.43835,-0.72128
5900.85000,-1.48602,2.43705,-0.80933
5900.90000,-1.48515,2.43606,-0.90028
5900.95000,-1.48450,2.43515,-0.99253
5901.00000,-1.48380,2.43396,-1.08424
5901.05000,-1.48310,2.43248,-1.17528
5901.10000,-1.48245,2.43070,-1.26555
5901.15000,-1.48190,2.42862,-1.35493
5901.20000,-1.48148,2.42621,-1.44334
5901.25000,-1.48125,2.42349,-1.53069
5901.30000,-1.48126,2.42047,-1.61695
5901.35000,-1.48155,2.41720,-1.70196
5901.40000,-1.48215,2.41380,-1.78554
5901.45000,-1.48304,2.41040,-1.86762
5901.50000,-1.48421,2.40704,-1.94816
5901.55000,-1.48566,2.40378,-2.02716
5901.60000,-1.48736,2.40063,-2.10461
5901.65000,-1.48929,2.39762,-2.18051
5901.70000,-1.49144,2.39478,-2.25486
5901.75000,-1.49378,2.39212,-2.32766
5901.80000,-1.49630,2.38963,-2.39889
5901.85000,-1.49899,2.38733,-2.46854
5901.90000,-1.50385,2.38374,-2.53108
5901.95000,-1.51054,2.37935,-2.58972
5902.00000,-1.51790,2.37511,-2.64883
5902.05000,-1.52586,2.37114,-2.70807
5902.10000,-1.53435,2.36751,-2.76718
5902.15000,-1.54332,2.36428,-2.82598
5902.20000,-1.55271,2.36152,-2.88435
5902.25000,-1.56245,2.35926,-2.94204
5902.30000,-1.57230,2.35755,-2.99826
5902.35000,-1.58223,2.35640,-3.05298
5902.40000,-1.59221,2.35578,-3.10617
5902.45000,-1.60220,2.35568,3.12534
5902.50000,-1.61136,2.35587,3.07424
5902.55000,-1.61426,2.35603,3.02434
5902.60000,-1.61611,2.35629,2.97735
5902.65000,-1.61797,2.35665,2.93184
5902.70000,-1.62212,2.35772,2.89047
5902.75000,-1.63014,2.35993,2.86245
5902.80000,-1.63919,2.36263,2.84024
5902.85000,-1.64820,2.36554,2.81893
5902.90000,-1.65717,2.36864,2.79862
5902.95000,-1.66611,2.37193,2.77951
5903.00000,-1.67500,2.37539,2.76141
5903.05000,-1.68386,2.37901,2.74450
5903.10000,-1.69268,2.38280,2.72864
5903.15000,-1.70148,2.38673,2.71403
5903.20000,-1.71024,2.39079,2.70043
5903.25000,-1.71897,2.39498,2.68785
5903.30000,-1.72768,2.39929,2.67624
5903.35000,-1.73636,2.40370,2.66571
5903.40000,-1.74501,2.40822,2.65619
5903.45000,-1.75364,2.41282,2.64751
5903.50000,-1.76231,2.41751,2.64347
5903.55000,-1.77102,2.42227,2.64060
5903.60000,-1.77974,2.42706,2.63883
5903.65000,-1.78847,2.43186,2.63753
5903.70000,-1.79726,2.43670,2.63934
5903.75000,-1.80607,2.44153,2.64157
5903.80000,-1.81490,2.44634,2.64512
5903.85000,-1.82375,2.45111,2.64910
5903.90000,-1.83268,2.45587,2.65551
5903.95000,-1.84171,2.46062,2.66221
5904.00000,-1.85069,2.46525,2.67146
5904.05000,-1.85979,2.46981,2.68148
5904.10000,-1.86900,2.47431,2.69165
5904.15000,-1.87825,2.47869,2.70580
5904.20000,-1.88742,2.48286,2.72273
5904.25000,-1.89650,2.48682,2.74395
5904.30000,-1.90574,2.49056,2.76865
5904.35000,-1.91478,2.49396,2.79789
5904.40000,-1.92406,2.49717,2.82828
5904.45000,-1.93351,2.50008,2.85791
5904.50000,-1.94313,2.50273,2.88679
5904.55000,-1.95277,2.50508,2.91641
5904.60000,-1.96253,2.50716,2.94625
5904.65000,-1.97213,2.50891,2.97764
5904.70000,-1.98130,2.51027,3.01116
5904.75000,-1.99039,2.51130,3.04539
5904.80000,-1.99949,2.51202,3.07990
5904.85000,-2.00862,2.51243,3.11465
5904.90000,-2.01774,2.51251,-3.13350
5904.95000,-2.02686,2.51228,-3.09843
5905.00000,-2.03595,2.51172,-3.06297
5905.05000,-2.04503,2.51085,-3.02772
5905.10000,-2.05406,2.50965,-2.99216
5905.15000,-2.06305,2.50814,-2.95696
5905.20000,-2.07198,2.50630,-2.92149
5905.25000,-2.08084,2.50416,-2.88618
5905.30000,-2.08961,2.50170,-2.85052
5905.35000,-2.09829,2.49893,-2.81499
5905.40000,-2.10687,2.49585,-2.77938
5905.45000,-2.11536,2.49247,-2.74504
5905.50000,-2.12308,2.48906,-2.70152
5905.55000,-2.12878,2.48626,-2.64353
5905.60000,-2.13337,2.48358,-2.58210
5905.65000,-2.13771,2.48067,-2.52074
5905.70000,-2.14176,2.47759,-2.45952
5905.75000,-2.14551,2.47434,-2.39847
5905.80000,-2.14897,2.47097,-2.33759
5905.85000,-2.15212,2.46750,-2.27691
5905.90000,-2.15496,2.46395,-2.21643
5905.95000,-2.15750,2.46036,-2.15618
5906.00000,-2.15975,2.45674,-2.09617
5906.05000,-2.16171,2.45311,-2.03641
5906.10000,-2.16339,2.44951,-1.97691
5906.15000,-2.16480,2.44593,-1.91770
5906.20000,-2.16596,2.44241,-1.85878
5906.25000,-2.16688,2.43894,-1.80016
5906.30000,-2.16757,2.43553,-1.74189
5906.35000,-2.16806,2.43212,-1.68403
5906.40000,-2.16835,2.42871,-1.62661
5906.45000,-2.16844,2.42530,-1.56965
5906.50000,-2.16834,2.42192,-1.51316
5906.55000,-2.16805,2.41858,-1.45716
5906.60000,-2.16759,2.41529,-1.40166
5906.65000,-2.16694,2.41207,-1.34668
5906.70000,-2.16614,2.40892,-1.29223
5906.75000,-2.16517,2.40586,-1.23833
5906.80000,-2.16406,2.40290,-1.18498
5906.85000,-2.16282,2.40005,-1.13221
5906.90000,-2.16144,2.39731,-1.08001
5906.95000,-2.15995,2.39469,-1.02841
5907.00000,-2.15836,2.39219,-0.97741
5907.05000,-2.15667,2.38982,-0.92701
5907.10000,-2.15490,2.38758,-0.87723
5907.15000,-2.15306,2.38547,-0.82808
5907.20000,-2.15116,2.38349,-0.77956
5907.25000,-2.14920,2.38164,-0.73167
5907.30000,-2.14719,2.37993,-0.68443
5907.35000,-2.14516,2.37834,-0.63784
5907.40000,-2.14309,2.37689,-0.59191
5907.45000,-2.14101,2.37555,-0.54663
5907.50000,-2.13891,2.37434,-0.50202
5907.55000,-2.13679,2.37321,-0.45807
5907.60000,-2.13469,2.37223,-0.41480
5907.65000,-2.13259,2.37137,-0.37220
5907.70000,-2.13051,2.37060,-0.33028
5907.75000,-2.12845,2.36994,-0.28904
5907.80000,-2.12619,2.36928,-0.25965
5907.85000,-2.12128,2.36795,-0.24544
5907.90000,-2.11350,2.36593,-0.24673
5907.95000,-2.10408,2.36350,-0.25724
5908.00000,-2.09469,2.36098,-0.26830
5908.05000,-2.08532,2.35835,-0.27891
5908.10000,-2.07600,2.35562,-0.29011
5908.15000,-2.06672,2.35279,-0.30172
5908.20000,-2.05748,2.34985,-0.31388
5908.25000,-2.04825,2.34680,-0.32122
5908.30000,-2.03958,2.34398,-0.31823
5908.35000,-2.03234,2.34164,-0.30869
5908.40000,-2.02621,2.33974,-0.29456
5908.45000,-2.02123,2.33828,-0.27578
5908.50000,-2.01743,2.33726,-0.25235
5908.55000,-2.01484,2.33664,-0.22426
5908.60000,-2.01349,2.33636,-0.19155
5908.65000,-2.01225,2.33612,-0.16711
5908.70000,-2.00822,2.33539,-0.15704
5908.75000,-2.00123,2.33419,-0.16029
5908.80000,-1.99189,2.33259,-0.17457
5908.85000,-1.98246,2.33083,-0.19120
5908.90000,-1.97306,2.32891,-0.20771
5908.95000,-1.96370,2.32683,-0.22444
5909.00000,-1.95450,2.32475,-0.23270
5909.05000,-1.94655,2.32299,-0.23202
5909.10000,-1.94097,2.32172,-0.22176
5909.15000,-1.93663,2.32079,-0.20636
5909.20000,-1.93353,2.32018,-0.18595
5909.25000,-1.93170,2.31987,-0.16057
5909.30000,-1.93103,2.31978,-0.13087
5909.35000,-1.93054,2.31973,-0.10084
5909.40000,-1.92973,2.31961,-0.07906
5909.45000,-1.92610,2.31926,-0.07073
5909.50000,-1.91996,2.31876,-0.07396
5909.55000,-1.91111,2.31800,-0.08964
5909.60000,-1.90166,2.31703,-0.11052
5909.65000,-1.89225,2.31587,-0.13139
5909.70000,-1.88286,2.31451,-0.15212
5909.75000,-1.87368,2.31310,-0.16471
5909.80000,-1.86560,2.31190,-0.16807
5909.85000,-1.85969,2.31108,-0.16171
5909.90000,-1.85490,2.31035,-0.15005
5909.95000,-1.85126,2.30984,-0.13346
5910.00000,-1.84876,2.30954,-0.11202
5910.05000,-1.84741,2.30943,-0.08582
5910.10000,-1.84708,2.30941,-0.05553
5910.15000,-1.84692,2.30940,-0.02458
5910.20000,-1.84661,2.30940,-0.00328
5910.25000,-1.84415,2.30941,0.00662
5910.30000,-1.84095,2.30946,0.01209
5910.35000,-1.83708,2.30953,0.01422
5910.40000,-1.83250,2.30961,0.01270
5910.45000,-1.82722,2.30969,0.00692
5910.50000,-1.82082,2.30971,-0.00479
5910.55000,-1.81224,2.30956,-0.02770
5910.60000,-1.80291,2.30918,-0.05424
5910.65000,-1.79359,2.30855,-0.08079
5910.70000,-1.78420,2.30769,-0.10060
5910.75000,-1.77523,2.30679,-0.10774
5910.80000,-1.76802,2.30608,-0.10285
5910.85000,-1.76157,2.30545,-0.09154
5910.90000,-1.75557,2.30495,-0.07538
5910.95000,-1.75000,2.30459,-0.05438
5911.00000,-1.74513,2.30441,-0.02844
5911.05000,-1.74193,2.30437,0.00378
5911.10000,-1.74015,2.30437,0.04608
5911.15000,-1.73974,2.30439,0.09976
5911.20000,-1.73971,2.30439,0.14771
5911.25000,-1.74001,2.30427,0.17963
5911.30000,-1.73958,2.30457,0.19529
5911.35000,-1.73673,2.30535,0.19722
5911.40000,-1.73227,2.30625,0.19018
5911.45000,-1.72676,2.30729,0.17750
5911.50000,-1.72012,2.30845,0.15887
5911.55000,-1.71216,2.30965,0.13383
5911.60000,-1.70304,2.31074,0.10319
5911.65000,-1.69386,2.31155,0.07245
5911.70000,-1.68464,2.31208,0.04212
5911.75000,-1.67705,2.31227,0.00720
5911.80000,-1.67226,2.31222,-0.03606
5911.85000,-1.66988,2.31209,-0.08862
5911.90000,-1.66927,2.31202,-0.14825
5911.95000,-1.66873,2.31192,-0.20809
5912.00000,-1.66815,2.31178,-0.26754
5912.05000,-1.66754,2.31159,-0.32663
5912.10000,-1.66690,2.31135,-0.38540
5912.15000,-1.66626,2.31107,-0.44385
5912.20000,-1.66562,2.31074,-0.50198
5912.25000,-1.66498,2.31036,-0.55975
5912.30000,-1.66432,2.30993,-0.61705
5912.35000,-1.66364,2.30941,-0.67385
5912.40000,-1.66293,2.30881,-0.73012
5912.45000,-1.66220,2.30812,-0.78586
5912.50000,-1.66146,2.30734,-0.84106
5912.55000,-1.66072,2.30646,-0.89571
5912.60000,-1.65996,2.30546,-0.94980
5912.65000,-1.65921,2.30435,-1.00333
5912.70000,-1.65847,2.30311,-1.05627
5912.75000,-1.65775,2.30175,-1.10864
5912.80000,-1.65706,2.30027,-1.16040
5912.85000,-1.65641,2.29866,-1.21155
5912.90000,-1.65580,2.29693,-1.26207
5912.95000,-1.65526,2.29507,-1.31197
5913.00000,-1.65479,2.29311,-1.36124
5913.05000,-1.65442,2.29108,-1.40990
5913.10000,-1.65413,2.28903,-1.45796
5913.15000,-1.65395,2.28697,-1.50541
5913.20000,-1.65386,2.28490,-1.55220
5913.25000,-1.65387,2.28280,-1.59833
5913.30000,-1.65398,2.28068,-1.64375
5913.35000,-1.65419,2.27850,-1.68843
5913.40000,-1.65451,2.27622,-1.73237
5913.45000,-1.65494,2.27386,-1.77556
5913.50000,-1.65551,2.27141,-1.81800
5913.55000,-1.65621,2.26887,-1.85969
5913.60000,-1.65705,2.26624,-1.90063
5913.65000,-1.65804,2.26352,-1.94083
5913.70000,-1.65920,2.26071,-1.98030
5913.75000,-1.66053,2.25780,-2.01903
5913.80000,-1.66204,2.25481,-2.05703
5913.85000,-1.66372,2.25176,-2.09429
5913.90000,-1.66560,2.24865,-2.13081
5913.95000,-1.66762,2.24555,-2.16661
5914.00000,-1.66979,2.24247,-2.20169
5914.05000,-1.67363,2.23742,-2.23463
5914.10000,-1.67912,2.23065,-2.27027
5914.15000,-1.68510,2.22381,-2.30689
5914.20000,-1.69133,2.21717,-2.34265
5914.25000,-1.69781,2.21074,-2.37751
5914.30000,-1.70452,2.20452,-2.41149
5914.35000,-1.71145,2.19852,-2.44459
5914.40000,-1.71860,2.19273,-2.47687
5914.45000,-1.72594,2.18716,-2.50833
5914.50000,-1.73346,2.18182,-2.53898
5914.55000,-1.74116,2.17669,-2.56883
5914.60000,-1.74903,2.17177,-2.59790
5914.65000,-1.75705,2.16708,-2.62618
5914.70000,-1.76521,2.16260,-2.65360
5914.75000,-1.77352,2.15833,-2.68012
5914.80000,-1.78195,2.15427,-2.70571
5914.85000,-1.79050,2.15041,-2.73033
5914.90000,-1.79919,2.14676,-2.75394
5914.95000,-1.80796,2.14330,-2.77664
5915.00000,-1.81684,2.14002,-2.79816
5915.05000,-1.82580,2.13692,-2.81859
5915.10000,-1.83504,2.13393,-2.83695
5915.15000,-1.84434,2.13112,-2.85341
5915.20000,-1.84800,2.13049,-2.86856
5915.25000,-1.84960,2.13006,-2.88194
5915.30000,-1.85124,2.12963,-2.89402
5915.35000,-1.85276,2.12926,-2.90575
5915.40000,-1.85433,2.12888,-2.91649
5915.45000,-1.85576,2.12856,-2.92694
5915.50000,-1.85722,2.12824,-2.93648
5915.55000,-1.85874,2.12794,-2.94495
5915.60000,-1.86025,2.12764,-2.95251
5915.65000,-1.86174,2.12736,-2.95928
5915.70000,-1.86319,2.12710,-2.96532
5915.75000,-1.86459,2.12686,-2.97059
5915.80000,-1.86596,2.12662,-2.97516
5915.85000,-1.86727,2.12640,-2.97897
5915.90000,-1.86855,2.12620,-2.98160
5915.95000,-1.86982,2.12599,-2.98338
5916.00000,-1.87108,2.12579,-2.98458
5916.05000,-1.87229,2.12560,-2.98539
5916.10000,-1.87349,2.12541,-2.98578
5916.15000,-1.87466,2.12523,-2.98566
5916.20000,-1.87580,2.12505,-2.98489
5916.25000,-1.87692,2.12487,-2.98342
5916.30000,-1.87801,2.12470,-2.98118
5916.35000,-1.87907,2.12452,-2.97813
5916.40000,-1.88010,2.12435,-2.97429
5916.45000,-1.88111,2.12418,-2.96965
5916.50000,-1.88208,2.12401,-2.96415
5916.55000,-1.88301,2.12384,-2.95741
5916.60000,-1.88387,2.12367,-2.94871
5916.65000,-1.88466,2.12351,-2.93765
5916.70000,-1.88541,2.12335,-2.92368
5916.75000,-1.88622,2.12319,-2.90634
5916.80000,-1.88697,2.12300,-2.88603
5916.85000,-1.88755,2.12284,-2.86391
5916.90000,-1.88810,2.12268,-2.84005
5916.95000,-1.88861,2.12251,-2.81456
5917.00000,-1.88909,2.12234,-2.78746
5917.05000,-1.88955,2.12217,-2.75880
5917.10000,-1.88997,2.12199,-2.72905
5917.15000,-1.89038,2.12180,-2.69850
5917.20000,-1.89077,2.12161,-2.66712
5917.25000,-1.89115,2.12141,-2.63488
5917.30000,-1.89151,2.12120,-2.60125
5917.35000,-1.89186,2.12098,-2.56583
5917.40000,-1.89221,2.12075,-2.52882
5917.45000,-1.89254,2.12050,-2.49039
5917.50000,-1.89286,2.12024,-2.45060
5917.55000,-1.89319,2.11997,-2.40947
5917.60000,-1.89350,2.11967,-2.36732
5917.65000,-1.89380,2.11936,-2.32432
5917.70000,-1.89409,2.11904,-2.28052
5917.75000,-1.89438,2.11869,-2.23598
5917.80000,-1.89465,2.11833,-2.19088
5917.85000,-1.89490,2.11795,-2.14526
5917.90000,-1.89514,2.11756,-2.09924
5917.95000,-1.89536,2.11718,-2.05292
5918.00000,-1.89555,2.11680,-2.00644
5918.05000,-1.89571,2.11643,-1.95986
5918.10000,-1.89584,2.11607,-1.91316
5918.15000,-1.89596,2.11572,-1.86629
5918.20000,-1.89606,2.11538,-1.81925
5918.25000,-1.89613,2.11504,-1.77218
5918.30000,-1.89619,2.11470,-1.72513
5918.35000,-1.89624,2.11436,-1.67806
5918.40000,-1.89627,2.11402,-1.63095
5918.45000,-1.89628,2.11368,-1.58381
5918.50000,-1.89628,2.11336,-1.53664
5918.55000,-1.89626,2.11304,-1.48946
5918.60000,-1.89622,2.11273,-1.44227
5918.65000,-1.89618,2.11243,-1.39507
5918.70000,-1.89612,2.11214,-1.34790
5918.75000,-1.89605,2.11185,-1.30077
5918.80000,-1.89597,2.11158,-1.25377
5918.85000,-1.89587,2.11132,-1.20695
5918.90000,-1.89577,2.11106,-1.16032
5918.95000,-1.89565,2.11082,-1.11391
5919.00000,-1.89553,2.11058,-1.06777
5919.05000,-1.89540,2.11035,-1.02199
5919.10000,-1.89525,2.11012,-0.97661
5919.15000,-1.89510,2.10990,-0.93160
5919.20000,-1.89493,2.10969,-0.88694
5919.25000,-1.89476,2.10949,-0.84260
5919.30000,-1.89458,2.10930,-0.79858
5919.35000,-1.89440,2.10912,-0.75487
5919.40000,-1.89421,2.10895,-0.71151
5919.45000,-1.89402,2.10879,-0.66851
5919.50000,-1.89382,2.10864,-0.62589
5919.55000,-1.89362,2.10851,-0.58368
5919.60000,-1.89342,2.10838,-0.54190
5919.65000,-1.89321,2.10826,-0.50058
5919.70000,-1.89300,2.10815,-0.45974
5919.75000,-1.89279,2.10805,-0.41940
5919.80000,-1.89258,2.10796,-0.37960
5919.85000,-1.89236,2.10788,-0.34035
5919.90000,-1.89213,2.10780,-0.30167
5919.95000,-1.89191,2.10774,-0.26361
5920.00000,-1.89168,2.10768,-0.22617
5920.05000,-1.89144,2.10763,-0.18937
5920.10000,-1.89120,2.10759,-0.15321
5920.15000,-1.88917,2.10714,-0.11796
5920.20000,-1.88222,2.10644,-0.08336
5920.25000,-1.87252,2.10580,-0.04929
5920.30000,-1.86252,2.10548,-0.01505
5920.35000,-1.85252,2.10550,0.01923
5920.40000,-1.84253,2.10586,0.05357
5920.45000,-1.83255,2.10657,0.08797
5920.50000,-1.82261,2.10762,0.12242
5920.55000,-1.81271,2.10901,0.15692
5920.60000,-1.80286,2.11074,0.19146
5920.65000,-1.79308,2.11282,0.22600
5920.70000,-1.78337,2.11523,0.26056
5920.75000,-1.77376,2.11797,0.29502
5920.80000,-1.76424,2.12104,0.32932
5920.85000,-1.75483,2.12443,0.36314
5920.90000,-1.74555,2.12814,0.39623
5920.95000,-1.73638,2.13214,0.42861
5921.00000,-1.72736,2.13644,0.46020
5921.05000,-1.71847,2.14102,0.49104
5921.10000,-1.70972,2.14587,0.52110
5921.15000,-1.70112,2.15097,0.55036
5921.20000,-1.69268,2.15632,0.57884
5921.25000,-1.68438,2.16191,0.60651
5921.30000,-1.67624,2.16771,0.63332
5921.35000,-1.66828,2.17355,0.65410
5921.40000,-1.66053,2.17923,0.65579
5921.45000,-1.65306,2.18468,0.63973
5921.50000,-1.64548,2.19018,0.61534
5921.55000,-1.63774,2.19550,0.59096
5921.60000,-1.62988,2.20064,0.56665
5921.65000,-1.62190,2.20559,0.54222
5921.70000,-1.61380,2.21033,0.51745
5921.75000,-1.60559,2.21486,0.49261
5921.80000,-1.59708,2.21930,0.46877
5921.85000,-1.58811,2.22372,0.44622
5921.90000,-1.57904,2.22793,0.42363
5921.95000,-1.56988,2.23194,0.40119
5922.00000,-1.56063,2.23574,0.37852
5922.05000,-1.55129,2.23933,0.35583
5922.10000,-1.54188,2.24271,0.33316
5922.15000,-1.53239,2.24587,0.31028
5922.20000,-1.52284,2.24881,0.28746
5922.25000,-1.51322,2.25154,0.26467
5922.30000,-1.50354,2.25404,0.24191
5922.35000,-1.49573,2.25574,0.21355
5922.40000,-1.49204,2.25642,0.17057
5922.45000,-1.49089,2.25660,0.11686
5922.50000,-1.49075,2.25661,0.05951
5922.55000,-1.49060,2.25661,0.00327
5922.60000,-1.49047,2.25661,-0.05127
5922.65000,-1.49035,2.25660,-0.10371
5922.70000,-1.49024,2.25659,-0.15354
5922.75000,-1.49013,2.25657,-0.20007
5922.80000,-1.49003,2.25654,-0.24258
5922.85000,-1.49053,2.25668,-0.28350
5922.90000,-1.49100,2.25682,-0.32174
5922.95000,-1.49132,2.25691,-0.35698
5923.00000,-1.49155,2.25700,-0.39022
5923.05000,-1.49211,2.25723,-0.42286
5923.10000,-1.49263,2.25746,-0.45346
5923.15000,-1.49307,2.25767,-0.48194
5923.20000,-1.49348,2.25788,-0.50858
5923.25000,-1.49381,2.25806,-0.53327
5923.30000,-1.49405,2.25820,-0.55663
5923.35000,-1.49421,2.25830,-0.57841
5923.40000,-1.49435,2.25839,-0.59875
5923.45000,-1.49444,2.25844,-0.61811
5923.50000,-1.49442,2.25843,-0.63657
5923.55000,-1.49441,2.25842,-0.65399
5923.60000,-1.49257,2.25669,-0.67061
5923.65000,-1.48558,2.25104,-0.68524
5923.70000,-1.47820,2.24491,-0.70204
5923.75000,-1.47112,2.23893,-0.71881
5923.80000,-1.46908,2.23729,-0.73832
5923.85000,-1.46916,2.23734,-0.76852
5923.90000,-1.46927,2.23744,-0.80031
5923.95000,-1.46933,2.23750,-0.83149
5924.00000,-1.46935,2.23752,-0.86159
5924.05000,-1.46928,2.23743,-0.89020
5924.10000,-1.46921,2.23731,-0.91774
5924.15000,-1.46907,2.23711,-0.94430
5924.20000,-1.46890,2.23685,-0.96975
5924.25000,-1.46868,2.23651,-0.99405
5924.30000,-1.46841,2.23607,-1.01766
5924.35000,-1.46811,2.23555,-1.04023
5924.40000,-1.46775,2.23492,-1.06207
5924.45000,-1.46586,2.23227,-1.08240
5924.50000,-1.46169,2.22512,-1.10208
5924.55000,-1.45751,2.21665,-1.12381
5924.60000,-1.45363,2.20845,-1.14511
5924.65000,-1.45294,2.20536,-1.16708
5924.70000,-1.45249,2.20427,-1.19363
5924.75000,-1.45206,2.20311,-1.22080
5924.80000,-1.45162,2.20184,-1.24824
5924.85000,-1.45118,2.20044,-1.27578
5924.90000,-1.45074,2.19894,-1.30278
5924.95000,-1.45032,2.19731,-1.32927
5925.00000,-1.44990,2.19553,-1.35472
5925.05000,-1.44884,2.19188,-1.37944
5925.10000,-1.44722,2.18343,-1.40267
5925.15000,-1.44574,2.17409,-1.42411
5925.20000,-1.44444,2.16467,-1.44399
5925.25000,-1.44332,2.15520,-1.46216
5925.30000,-1.44236,2.14566,-1.47871
5925.35000,-1.44155,2.13608,-1.49374
5925.40000,-1.44088,2.12645,-1.50767
5925.45000,-1.44033,2.11679,-1.52051
5925.50000,-1.43990,2.10709,-1.53246
5925.55000,-1.43957,2.09738,-1.54410
5925.60000,-1.43937,2.08767,-1.55591
5925.65000,-1.43928,2.07795,-1.56771
5925.70000,-1.43931,2.06823,-1.57960
5925.75000,-1.43945,2.05849,-1.59153
5925.80000,-1.43971,2.04868,-1.60352
5925.85000,-1.44010,2.03887,-1.61523
5925.90000,-1.44059,2.02906,-1.62663
5925.95000,-1.44120,2.01921,-1.63759
5926.00000,-1.44190,2.00940,-1.64757
5926.05000,-1.44270,1.99962,-1.65698
5926.10000,-1.44360,1.98978,-1.66609
5926.15000,-1.44459,1.98001,-1.67446
5926.20000,-1.44565,1.97023,-1.68228
5926.25000,-1.44678,1.96045,-1.68973
5926.30000,-1.44799,1.95064,-1.69676
5926.35000,-1.44927,1.94086,-1.70319
5926.40000,-1.45061,1.93106,-1.70909
5926.45000,-1.45200,1.92125,-1.71442
5926.50000,-1.45345,1.91145,-1.71900
5926.55000,-1.45493,1.90164,-1.72293
5926.60000,-1.45646,1.89181,-1.72619
5926.65000,-1.45783,1.88252,-1.72930
5926.70000,-1.45873,1.87655,-1.73135
5926.75000,-1.45966,1.87082,-1.73195
5926.80000,-1.46062,1.86495,-1.73178
5926.85000,-1.46160,1.85886,-1.73070
5926.90000,-1.46260,1.85259,-1.72884
5926.95000,-1.46363,1.84613,-1.72623
5927.00000,-1.46466,1.83946,-1.72286
5927.05000,-1.46570,1.83257,-1.71869
5927.10000,-1.46674,1.82551,-1.71396
5927.15000,-1.46776,1.81823,-1.70861
5927.20000,-1.46877,1.81078,-1.70267
5927.25000,-1.46975,1.80324,-1.69625
5927.30000,-1.47067,1.79569,-1.68958
5927.35000,-1.47155,1.78810,-1.68248
5927.40000,-1.47237,1.78050,-1.67493
5927.45000,-1.47314,1.77284,-1.66704
5927.50000,-1.47386,1.76511,-1.65870
5927.55000,-1.47451,1.75732,-1.65003
5927.60000,-1.47509,1.74957,-1.64132
5927.65000,-1.47560,1.74182,-1.63209
5927.70000,-1.47603,1.73424,-1.62285
5927.75000,-1.47638,1.72679,-1.61348
5927.80000,-1.47666,1.71936,-1.60387
5927.85000,-1.47687,1.71185,-1.59388
5927.90000,-1.47701,1.70431,-1.58381
5927.95000,-1.47707,1.69665,-1.57356
5928.00000,-1.47705,1.68885,-1.56291
5928.05000,-1.47694,1.68098,-1.55222
5928.10000,-1.47675,1.67297,-1.54135
5928.15000,-1.47647,1.66484,-1.53034
5928.20000,-1.47609,1.65672,-1.51924
5928.25000,-1.47563,1.64865,-1.50810
5928.30000,-1.47508,1.64059,-1.49679
5928.35000,-1.47444,1.63259,-1.48551
5928.40000,-1.47372,1.62459,-1.47397
5928.45000,-1.47289,1.61665,-1.46255
5928.50000,-1.47198,1.60869,-1.45097
5928.55000,-1.47099,1.60078,-1.43916
5928.60000,-1.46993,1.59311,-1.42709
5928.65000,-1.46880,1.58555,-1.41507
5928.70000,-1.46759,1.57802,-1.40308
5928.75000,-1.46627,1.57049,-1.39113
5928.80000,-1.46489,1.56297,-1.37928
5928.85000,-1.46339,1.55541,-1.36737
5928.90000,-1.46179,1.54785,-1.35566
5928.95000,-1.46008,1.54023,-1.34397
5929.00000,-1.45828,1.53257,-1.33246
5929.05000,-1.45637,1.52490,-1.32091
5929.10000,-1.45439,1.51731,-1.30960
5929.15000,-1.45184,1.50812,-1.29829
5929.20000,-1.44903,1.49827,-1.28707
5929.25000,-1.44614,1.48851,-1.27594
5929.30000,-1.44314,1.47881,-1.26503
5929.35000,-1.44005,1.46915,-1.25466
5929.40000,-1.43686,1.45952,-1.24424
5929.45000,-1.43357,1.44993,-1.23389
5929.50000,-1.43023,1.44053,-1.22389
5929.55000,-1.42677,1.43105,-1.21480
5929.60000,-1.42325,1.42168,-1.20590
5929.65000,-1.41961,1.41227,-1.19710
5929.70000,-1.41590,1.40290,-1.18891
5929.75000,-1.41213,1.39356,-1.18043
5929.80000,-1.40829,1.38433,-1.17217
5929.85000,-1.40445,1.37531,-1.16433
5929.90000,-1.40052,1.36628,-1.15687
5929.95000,-1.39653,1.35726,-1.14953
5930.00000,-1.39243,1.34817,-1.14246
5930.05000,-1.38827,1.33914,-1.13587
5930.10000,-1.38404,1.33009,-1.13002
5930.15000,-1.37975,1.32108,-1.12435
5930.20000,-1.37541,1.31208,-1.11882
5930.25000,-1.37102,1.30311,-1.11343
5930.30000,-1.36659,1.29417,-1.10817
5930.35000,-1.36211,1.28524,-1.10304
5930.40000,-1.35758,1.27634,-1.09805
5930.45000,-1.35301,1.26746,-1.09327
5930.50000,-1.34840,1.25861,-1.08869
5930.55000,-1.34375,1.24977,-1.08434
5930.60000,-1.33906,1.24096,-1.08016
5930.65000,-1.33434,1.23216,-1.07619
5930.70000,-1.32958,1.22338,-1.07226
5930.75000,-1.32481,1.21466,-1.06829
5930.80000,-1.32000,1.20594,-1.06453
5930.85000,-1.31514,1.19722,-1.06098
5930.90000,-1.31025,1.18851,-1.05763
5930.95000,-1.30533,1.17981,-1.05443
5931.00000,-1.30038,1.17113,-1.05128
5931.05000,-1.29540,1.16246,-1.04814
5931.10000,-1.29038,1.15378,-1.04506
5931.15000,-1.28532,1.14507,-1.04180
5931.20000,-1.28022,1.13639,-1.03857
5931.25000,-1.27510,1.12772,-1.03530
5931.30000,-1.26996,1.11908,-1.03219
5931.35000,-1.26478,1.11044,-1.02917
5931.40000,-1.25957,1.10182,-1.02627
5931.45000,-1.25436,1.09321,-1.02354
5931.50000,-1.24912,1.08461,-1.02094
5931.55000,-1.24386,1.07604,-1.01842
5931.60000,-1.23857,1.06748,-1.01604
5931.65000,-1.23325,1.05892,-1.01367
5931.70000,-1.22792,1.05037,-1.01132
5931.75000,-1.22256,1.04184,-1.00892
5931.80000,-1.21717,1.03330,-1.00638
5931.85000,-1.21176,1.02477,-1.00351
5931.90000,-1.20632,1.01627,-1.00035
5931.95000,-1.20085,1.00777,-0.99681
5932.00000,-1.19535,0.99929,-0.99298
5932.05000,-1.18982,0.99084,-0.98896
5932.10000,-1.18426,0.98239,-0.98465
5932.15000,-1.17865,0.97398,-0.98008
5932.20000,-1.17300,0.96559,-0.97516
5932.25000,-1.16729,0.95722,-0.96988
5932.30000,-1.16159,0.94891,-0.96430
5932.35000,-1.15578,0.94060,-0.95811
5932.40000,-1.15000,0.93242,-0.95194
5932.45000,-1.14414,0.92425,-0.94476
5932.50000,-1.13819,0.91609,-0.93607
5932.55000,-1.13218,0.90800,-0.92569
5932.60000,-1.12611,0.90004,-0.91323
5932.65000,-1.12000,0.89212,-0.90047
5932.70000,-1.11819,0.88894,-0.88599
5932.75000,-1.11803,0.88875,-0.86255
5932.80000,-1.11797,0.88868,-0.83693
5932.85000,-1.11791,0.88862,-0.81179
5932.90000,-1.11785,0.88855,-0.78728
5932.95000,-1.11778,0.88849,-0.76356
5933.00000,-1.11772,0.88843,-0.74076
5933.05000,-1.11765,0.88837,-0.71904
5933.10000,-1.11759,0.88831,-0.69853
5933.15000,-1.11752,0.88826,-0.67917
5933.20000,-1.11745,0.88820,-0.66101
5933.25000,-1.11738,0.88815,-0.64376
5933.30000,-1.11598,0.88684,-0.62698
5933.35000,-1.10996,0.88180,-0.61107
5933.40000,-1.10169,0.87611,-0.59384
5933.45000,-1.09340,0.87051,-0.57679
5933.50000,-1.08912,0.86844,-0.56069
5933.55000,-1.08825,0.86803,-0.53406
5933.60000,-1.08819,0.86798,-0.50176
5933.65000,-1.08816,0.86797,-0.46922
5933.70000,-1.08814,0.86796,-0.43677
5933.75000,-1.08811,0.86795,-0.40435
5933.80000,-1.08808,0.86794,-0.37192
5933.85000,-1.08805,0.86793,-0.33947
5933.90000,-1.08802,0.86792,-0.30710
5933.95000,-1.08798,0.86792,-0.27496
5934.00000,-1.08795,0.86791,-0.24322
5934.05000,-1.08787,0.86789,-0.21209
5934.10000,-1.08781,0.86788,-0.18155
5934.15000,-1.08774,0.86787,-0.15144
5934.20000,-1.08768,0.86786,-0.12165
5934.25000,-1.08761,0.86785,-0.09222
5934.30000,-1.08755,0.86785,-0.06312
5934.35000,-1.08748,0.86784,-0.03440
5934.40000,-1.08741,0.86784,-0.00607
5934.45000,-1.08735,0.86784,0.02205
5934.50000,-1.08728,0.86784,0.05011
5934.55000,-1.08722,0.86785,0.07826
5934.60000,-1.08715,0.86785,0.10665
5934.65000,-1.08709,0.86786,0.13538
5934.70000,-1.08702,0.86787,0.16450
5934.75000,-1.08696,0.86788,0.19382
5934.80000,-1.08689,0.86790,0.22310
5934.85000,-1.08683,0.86791,0.25234
5934.90000,-1.08677,0.86793,0.28150
5934.95000,-1.08671,0.86795,0.31044
5935.00000,-1.08616,0.86814,0.34104
5935.05000,-1.08536,0.86843,0.37237
5935.10000,-1.08460,0.86874,0.40309
5935.15000,-1.08215,0.87018,0.43361
5935.20000,-1.07520,0.87380,0.46161
5935.25000,-1.06623,0.87839,0.48846
5935.30000,-1.05749,0.88315,0.51442
5935.35000,-1.04928,0.88792,0.53995
5935.40000,-1.04100,0.89302,0.56463
5935.45000,-1.03263,0.89845,0.58899
5935.50000,-1.02411,0.90429,0.61035
5935.55000,-1.01562,0.91033,0.62920
5935.60000,-1.00730,0.91650,0.64545
5935.65000,-0.99923,0.92265,0.65873
5935.70000,-0.99147,0.92867,0.67209
5935.75000,-0.98785,0.93103,0.68528
5935.80000,-0.98777,0.93109,0.68601
5935.85000,-0.98775,0.93111,0.68473
5935.90000,-0.98773,0.93112,0.68317
5935.95000,-0.98772,0.93114,0.68142
5936.00000,-0.98770,0.93115,0.67957
5936.05000,-0.98770,0.93116,0.67728
5936.10000,-0.98769,0.93117,0.67495
5936.15000,-0.98765,0.93120,0.67516
5936.20000,-0.98758,0.93126,0.67766
5936.25000,-0.98745,0.93136,0.68246
5936.30000,-0.98732,0.93147,0.68931
5936.35000,-0.98538,0.93338,0.69657
5936.40000,-0.97843,0.93931,0.70416
5936.45000,-0.97073,0.94590,0.71384
5936.50000,-0.96318,0.95244,0.72272
5936.55000,-0.96020,0.95464,0.72971
5936.60000,-0.96026,0.95457,0.72181
5936.65000,-0.96039,0.95445,0.71122
5936.70000,-0.96054,0.95432,0.70079
5936.75000,-0.96065,0.95422,0.69231
5936.80000,-0.96070,0.95419,0.68660
5936.85000,-0.96070,0.95419,0.68470
5936.90000,-0.96061,0.95426,0.68685
5936.95000,-0.95931,0.95545,0.69037
5937.00000,-0.95367,0.96063,0.69560
5937.05000,-0.94594,0.96714,0.70592
5937.10000,-0.93826,0.97375,0.71441
5937.15000,-0.93071,0.98030,0.71779
5937.20000,-0.92311,0.98691,0.72044
5937.25000,-0.91959,0.98967,0.71985
5937.30000,-0.91875,0.99034,0.70553
5937.35000,-0.91870,0.99039,0.68433
5937.40000,-0.91867,0.99041,0.66328
5937.45000,-0.91864,0.99044,0.64450
5937.50000,-0.91861,0.99045,0.62924
5937.55000,-0.91874,0.99036,0.61866
5937.60000,-0.91878,0.99033,0.61455
5937.65000,-0.91770,0.99134,0.61141
5937.70000,-0.91261,0.99543,0.61072
5937.75000,-0.90470,1.00103,0.62076
5937.80000,-0.89655,1.00692,0.63125
5937.85000,-0.88850,1.01283,0.63666
5937.90000,-0.88046,1.01877,0.64135
5937.95000,-0.87594,1.02174,0.64360
5938.00000,-0.87376,1.02322,0.63312
5938.05000,-0.87275,1.02395,0.61267
5938.10000,-0.87270,1.02398,0.58685
5938.15000,-0.87268,1.02399,0.56293
5938.20000,-0.87266,1.02400,0.54422
5938.25000,-0.87264,1.02401,0.53404
5938.30000,-0.87133,1.02515,0.52889
5938.35000,-0.86908,1.02696,0.52929
5938.40000,-0.86826,1.02741,0.54685
5938.45000,-0.86780,1.02768,0.57124
5938.50000,-0.86767,1.02776,0.59618
5938.55000,-0.86764,1.02778,0.62153
5938.60000,-0.86761,1.02780,0.64707
5938.65000,-0.86759,1.02783,0.67258
5938.70000,-0.86756,1.02785,0.69806
5938.75000,-0.86753,1.02788,0.72354
5938.80000,-0.86749,1.02790,0.74903
5938.85000,-0.86746,1.02793,0.77462
5938.90000,-0.86743,1.02797,0.80077
5938.95000,-0.86739,1.02801,0.82741
5939.00000,-0.86735,1.02806,0.85434
5939.05000,-0.86730,1.02811,0.88141
5939.10000,-0.86725,1.02817,0.90850
5939.15000,-0.86720,1.02824,0.93554
5939.20000,-0.86715,1.02831,0.96247
5939.25000,-0.86710,1.02839,0.98917
5939.30000,-0.86705,1.02847,1.01562
5939.35000,-0.86700,1.02855,1.04178
5939.40000,-0.86695,1.02863,1.06766
5939.45000,-0.86691,1.02871,1.09325
5939.50000,-0.86687,1.02879,1.11854
5939.55000,-0.86683,1.02888,1.14352
5939.60000,-0.86679,1.02897,1.16825
5939.65000,-0.86675,1.02907,1.19272
5939.70000,-0.86671,1.02917,1.21694
5939.75000,-0.86667,1.02928,1.24088
5939.80000,-0.86663,1.02940,1.26452
5939.85000,-0.86659,1.02952,1.28786
5939.90000,-0.86656,1.02964,1.31088
5939.95000,-0.86653,1.02977,1.33356
5940.00000,-0.86567,1.03191,1.35506
5940.05000,-0.86384,1.04021,1.37520
5940.10000,-0.86211,1.04954,1.39894
5940.15000,-0.86061,1.05882,1.42290
5940.20000,-0.85934,1.06814,1.44671
5940.25000,-0.85828,1.07749,1.47039
5940.30000,-0.85745,1.08686,1.49398
5940.35000,-0.85684,1.09625,1.51752
5940.40000,-0.85645,1.10565,1.54107
5940.45000,-0.85628,1.11506,1.56469
5940.50000,-0.85633,1.12447,1.58844
5940.55000,-0.85662,1.13456,1.61082
5940.60000,-0.85714,1.14471,1.63338
5940.65000,-0.85792,1.15504,1.65736
5940.70000,-0.85892,1.16537,1.68264
5940.75000,-0.86007,1.17552,1.70771
5940.80000,-0.86029,1.18073,1.73346
5940.85000,-0.86043,1.18222,1.76969
5940.90000,-0.86060,1.18307,1.81373
5940.95000,-0.86064,1.18319,1.85530
5941.00000,-0.86083,1.18371,1.89426
5941.05000,-0.86112,1.18456,1.92981
5941.10000,-0.86142,1.18533,1.96171
5941.15000,-0.86284,1.18780,1.99185
5941.20000,-0.86637,1.19481,2.01902
5941.25000,-0.87076,1.20373,2.04380
5941.30000,-0.87525,1.21230,2.06974
5941.35000,-0.87982,1.22041,2.09718
5941.40000,-0.88516,1.22929,2.12567
5941.45000,-0.89031,1.23743,2.15593
5941.50000,-0.89541,1.24514,2.18617
5941.55000,-0.89647,1.24741,2.21826
5941.60000,-0.89650,1.24745,2.25136
5941.65000,-0.89654,1.24749,2.28325
5941.70000,-0.89657,1.24753,2.31308
5941.75000,-0.89819,1.24919,2.34250
5941.80000,-0.90382,1.25480,2.36945
5941.85000,-0.91055,1.26117,2.39868
5941.90000,-0.91743,1.26730,2.42978
5941.95000,-0.92439,1.27330,2.46092
5942.00000,-0.92594,1.27435,2.49168
5942.05000,-0.92598,1.27438,2.52679
5942.10000,-0.92603,1.27441,2.56153
5942.15000,-0.92607,1.27444,2.59474
5942.20000,-0.92612,1.27447,2.62627
5942.25000,-0.92803,1.27591,2.65652
5942.30000,-0.93485,1.27952,2.68485
5942.35000,-0.94320,1.28347,2.71534
5942.40000,-0.95166,1.28715,2.74627
5942.45000,-0.96022,1.29057,2.77737
5942.50000,-0.96890,1.29372,2.80826
5942.55000,-0.97766,1.29661,2.83900
5942.60000,-0.98653,1.29923,2.86912
5942.65000,-0.99549,1.30159,2.89831
5942.70000,-1.00455,1.30371,2.92637
5942.75000,-1.01369,1.30558,2.95304
5942.80000,-1.02370,1.30735,2.97751
5942.85000,-1.03355,1.30887,2.99940
5942.90000,-1.04352,1.31019,3.01885
5942.95000,-1.05382,1.31136,3.03657
5943.00000,-1.06414,1.31241,3.05394
5943.05000,-1.07064,1.31263,3.06998
5943.10000,-1.07165,1.31262,3.07983
5943.15000,-1.07181,1.31263,3.08443
5943.20000,-1.07192,1.31263,3.08785
5943.25000,-1.07204,1.31264,3.09136
5943.30000,-1.07215,1.31264,3.09487
5943.35000,-1.07226,1.31265,3.09837
5943.40000,-1.07237,1.31265,3.10187
5943.45000,-1.07248,1.31266,3.10538
5943.50000,-1.07259,1.31266,3.10888
5943.55000,-1.07270,1.31266,3.11237
5943.60000,-1.07280,1.31266,3.11587
5943.65000,-1.07291,1.31267,3.11937
5943.70000,-1.07302,1.31267,3.12286
5943.75000,-1.07313,1.31267,3.12636
5943.80000,-1.07323,1.31267,3.12985
5943.85000,-1.07334,1.31267,3.13334
5943.90000,-1.07344,1.31267,3.13683
5943.95000,-1.07352,1.31267,3.13931
5944.00000,-1.07354,1.31267,3.13693
5944.05000,-1.07357,1.31267,3.13399
5944.10000,-1.07357,1.31267,3.13077
5944.15000,-1.07358,1.31267,3.12723
5944.20000,-1.07359,1.31267,3.12352
5944.25000,-1.07361,1.31267,3.11966
5944.30000,-1.07366,1.31267,3.11548
5944.35000,-1.07371,1.31268,3.11130
5944.40000,-1.07376,1.31268,3.10712
5944.45000,-1.07382,1.31268,3.10294
5944.50000,-1.07387,1.31268,3.09876
5944.55000,-1.07390,1.31268,3.09488
5944.60000,-1.07390,1.31268,3.09162
5944.65000,-1.07390,1.31268,3.08872
5944.70000,-1.07396,1.31268,3.08539
5944.75000,-1.07402,1.31268,3.08205
5944.80000,-1.07408,1.31269,3.07870
5944.85000,-1.07415,1.31269,3.07533
5944.90000,-1.07421,1.31269,3.07195
5944.95000,-1.07418,1.31270,3.06659
5945.00000,-1.07418,1.31270,3.06113
5945.05000,-1.07418,1.31270,3.05568
5945.10000,-1.07418,1.31270,3.05023
5945.15000,-1.07418,1.31270,3.04477
5945.20000,-1.07418,1.31271,3.03930
5945.25000,-1.07418,1.31271,3.03354
5945.30000,-1.07411,1.31271,3.02663
5945.35000,-1.07404,1.31270,3.01987
5945.40000,-1.07398,1.31269,3.01339
5945.45000,-1.07394,1.31269,3.00698
5945.50000,-1.07391,1.31269,3.00095
5945.55000,-1.07386,1.31268,2.99497
5945.60000,-1.07380,1.31268,2.98870
5945.65000,-1.07375,1.31268,2.98243
5945.70000,-1.07370,1.31267,2.97616
5945.75000,-1.07365,1.31267,2.96988
5945.80000,-1.07360,1.31267,2.96361
5945.85000,-1.07350,1.31265,2.95561
5945.90000,-1.07339,1.31264,2.94715
5945.95000,-1.07330,1.31262,2.93838
5946.00000,-1.07318,1.31260,2.92944
5946.05000,-1.07305,1.31257,2.91997
5946.10000,-1.07290,1.31254,2.91032
5946.15000,-1.07278,1.31252,2.90030
5946.20000,-1.07263,1.31249,2.89035
5946.25000,-1.07248,1.31245,2.88026
5946.30000,-1.07233,1.31241,2.87017
5946.35000,-1.07217,1.31237,2.86005
5946.40000,-1.07202,1.31233,2.84991
5946.45000,-1.07187,1.31229,2.83960
5946.50000,-1.07171,1.31225,2.82916
5946.55000,-1.07156,1.31221,2.81844
5946.60000,-1.07140,1.31216,2.80749
5946.65000,-1.07124,1.31210,2.79614
5946.70000,-1.07107,1.31204,2.78431
5946.75000,-1.07093,1.31199,2.77228
5946.80000,-1.07089,1.31198,2.76039
5946.85000,-1.07088,1.31198,2.74843
5946.90000,-1.07074,1.31194,2.73568
5946.95000,-1.07058,1.31188,2.72258
5947.00000,-1.07062,1.31190,2.71029
5947.05000,-1.07055,1.31187,2.69720
5947.10000,-1.07034,1.31180,2.68326
5947.15000,-1.07013,1.31171,2.66915
5947.20000,-1.06992,1.31162,2.65500
5947.25000,-1.06972,1.31153,2.64080
5947.30000,-1.06951,1.31144,2.62654
5947.35000,-1.06931,1.31134,2.61214
5947.40000,-1.06910,1.31124,2.59754
5947.45000,-1.06889,1.31113,2.58273
5947.50000,-1.06868,1.31102,2.56772
5947.55000,-1.06847,1.31090,2.55254
5947.60000,-1.06826,1.31078,2.53719
5947.65000,-1.06805,1.31065,2.52170
5947.70000,-1.06784,1.31052,2.50607
5947.75000,-1.06763,1.31038,2.49028
5947.80000,-1.06742,1.31024,2.47431
5947.85000,-1.06721,1.31009,2.45821
5947.90000,-1.06700,1.30994,2.44200
5947.95000,-1.06679,1.30979,2.42571
5948.00000,-1.06658,1.30963,2.40936
5948.05000,-1.06638,1.30947,2.39294
5948.10000,-1.06618,1.30930,2.37648
5948.15000,-1.06598,1.30913,2.35998
5948.20000,-1.06579,1.30896,2.34343
5948.25000,-1.06560,1.30879,2.32688
5948.30000,-1.06541,1.30861,2.31032
5948.35000,-1.06654,1.30967,2.29317
5948.40000,-1.07035,1.31341,2.27575
5948.45000,-1.07626,1.31985,2.25873
5948.50000,-1.08255,1.32762,2.24358
5948.55000,-1.08872,1.33549,2.22821
5948.60000,-1.09477,1.34346,2.21260
5948.65000,-1.10069,1.35151,2.19676
5948.70000,-1.10649,1.35966,2.18067
5948.75000,-1.11215,1.36791,2.16437
5948.80000,-1.11767,1.37624,2.14788
5948.85000,-1.12297,1.38453,2.13061
5948.90000,-1.12796,1.39266,2.11214
5948.95000,-1.13280,1.40088,2.09364
5949.00000,-1.13748,1.40918,2.07497
5949.05000,-1.14201,1.41757,2.05629
5949.10000,-1.14638,1.42605,2.03769
5949.15000,-1.15061,1.43461,2.01915
5949.20000,-1.15468,1.44327,2.00074
5949.25000,-1.15860,1.45200,1.98259
5949.30000,-1.16236,1.46081,1.96460
5949.35000,-1.16598,1.46972,1.94666
5949.40000,-1.16944,1.47870,1.92894
5949.45000,-1.17274,1.48772,1.91174
5949.50000,-1.17590,1.49682,1.89485
5949.55000,-1.17890,1.50596,1.87836
5949.60000,-1.18176,1.51522,1.86196
5949.65000,-1.18446,1.52446,1.84629
5949.70000,-1.18700,1.53374,1.83103
5949.75000,-1.18941,1.54306,1.81633
5949.80000,-1.19168,1.55243,1.80212
5949.85000,-1.19383,1.56186,1.78832
5949.90000,-1.19586,1.57132,1.77501
5949.95000,-1.19776,1.58082,1.76223
5950.00000,-1.19955,1.59035,1.75004
5950.05000,-1.20122,1.59991,1.73849
5950.10000,-1.20279,1.60951,1.72765
5950.15000,-1.20427,1.61915,1.71745
5950.20000,-1.20565,1.62881,1.70797
5950.25000,-1.20694,1.63851,1.69921
5950.30000,-1.20816,1.64825,1.69123
5950.35000,-1.20931,1.65802,1.68407
5950.40000,-1.21039,1.66780,1.67778
5950.45000,-1.21142,1.67762,1.67240
5950.50000,-1.21240,1.68745,1.66787
5950.55000,-1.21334,1.69734,1.66434
5950.60000,-1.21426,1.70722,1.66163
5950.65000,-1.21515,1.71714,1.65971
5950.70000,-1.21603,1.72708,1.65854
5950.75000,-1.21691,1.73703,1.65818
5950.80000,-1.21778,1.74700,1.65789
5950.85000,-1.21831,1.75646,1.65799
5950.90000,-1.21832,1.76294,1.65868
5950.95000,-1.21834,1.76612,1.65939
5951.00000,-1.21836,1.76668,1.66161
5951.05000,-1.21838,1.76688,1.66532
5951.10000,-1.21840,1.76708,1.66917
5951.15000,-1.21842,1.76729,1.67311
5951.20000,-1.21844,1.76750,1.67714
5951.25000,-1.21846,1.76771,1.68122
5951.30000,-1.21849,1.76792,1.68538
5951.35000,-1.21851,1.76813,1.68962
5951.40000,-1.21854,1.76834,1.69350
5951.45000,-1.21856,1.76853,1.69678
5951.50000,-1.21904,1.76973,1.70034
5951.55000,-1.22033,1.77552,1.70373
5951.60000,-1.22166,1.78527,1.70531
5951.65000,-1.22301,1.79520,1.70629
5951.70000,-1.22437,1.80514,1.70735
5951.75000,-1.22573,1.81506,1.70824
5951.80000,-1.22710,1.82499,1.70911
5951.85000,-1.22849,1.83493,1.70999
5951.90000,-1.22989,1.84487,1.71101
5951.95000,-1.23130,1.85478,1.71247
5952.00000,-1.23273,1.86470,1.71443
5952.05000,-1.23417,1.87460,1.71674
5952.10000,-1.23564,1.88451,1.71970
5952.15000,-1.23715,1.89441,1.72299
5952.20000,-1.23868,1.90431,1.72627
5952.25000,-1.24025,1.91419,1.72917
5952.30000,-1.24184,1.92406,1.73151
5952.35000,-1.24345,1.93394,1.73323
5952.40000,-1.24507,1.94381,1.73439
5952.45000,-1.24670,1.95367,1.73497
5952.50000,-1.24834,1.96353,1.73513
5952.55000,-1.24997,1.97340,1.73501
5952.60000,-1.25161,1.98328,1.73454
5952.65000,-1.25324,1.99317,1.73381
5952.70000,-1.25486,2.00305,1.73305
5952.75000,-1.25648,2.01294,1.73234
5952.80000,-1.25808,2.02283,1.73165
5952.85000,-1.25968,2.03272,1.73088
5952.90000,-1.26128,2.04261,1.72999
5952.95000,-1.26286,2.05251,1.72895
5953.00000,-1.26444,2.06242,1.72779
5953.05000,-1.26600,2.07233,1.72655
5953.10000,-1.26755,2.08224,1.72525
5953.15000,-1.26909,2.09215,1.72392
5953.20000,-1.27061,2.10207,1.72260
5953.25000,-1.27212,2.11199,1.72126
5953.30000,-1.27362,2.12189,1.71993
5953.35000,-1.27509,2.13176,1.71843
5953.40000,-1.27655,2.14163,1.71666
5953.45000,-1.27800,2.15150,1.71450
5953.50000,-1.27913,2.15976,1.69657
5953.55000,-1.27989,2.16643,1.66206
5953.60000,-1.28031,2.17259,1.61399
5953.65000,-1.28040,2.17856,1.55770
5953.70000,-1.28011,2.18529,1.49894
5953.75000,-1.27937,2.19254,1.43853
5953.80000,-1.27812,2.20014,1.37702
5953.85000,-1.27633,2.20794,1.31480
5953.90000,-1.27400,2.21583,1.25216
5953.95000,-1.27111,2.22374,1.18933
5954.00000,-1.26765,2.23165,1.12664
5954.05000,-1.26364,2.23944,1.06400
5954.10000,-1.25908,2.24707,1.00151
5954.15000,-1.25399,2.25451,0.93934
5954.20000,-1.24836,2.26173,0.87751
5954.25000,-1.24224,2.26864,0.81586
5954.30000,-1.23560,2.27527,0.75475
5954.35000,-1.22848,2.28158,0.69409
5954.40000,-1.22161,2.28709,0.65076
5954.45000,-1.21683,2.29061,0.62055
5954.50000,-1.21291,2.29335,0.59560
5954.55000,-1.21002,2.29529,0.59675
5954.60000,-1.20965,2.29552,0.61324
5954.65000,-1.20941,2.29568,0.63267
5954.70000,-1.20902,2.29595,0.65309
5954.75000,-1.20866,2.29620,0.67357
5954.80000,-1.20833,2.29645,0.69463
5954.85000,-1.20823,2.29657,0.69807
5954.90000,-1.20814,2.29664,0.69972
5954.95000,-1.20805,2.29680,0.70337
5955.00000,-1.20798,2.29684,0.70409
5955.05000,-1.20776,2.29705,0.71080
5955.10000,-1.20770,2.29709,0.71154
5955.15000,-1.20752,2.29723,0.73185
5955.20000,-1.20710,2.29761,0.75425
5955.25000,-1.20666,2.29802,0.77696
5955.30000,-1.20644,2.29830,0.78517
5955.35000,-1.20604,2.29874,0.76323
5955.40000,-1.20374,2.30084,0.72929
5955.45000,-1.19956,2.30442,0.68918
5955.50000,-1.19471,2.30835,0.65874
5955.55000,-1.19032,2.31179,0.65581
5955.60000,-1.18829,2.31326,0.67212
5955.65000,-1.18778,2.31367,0.69914
5955.70000,-1.18720,2.31415,0.72766
5955.75000,-1.18689,2.31447,0.74071
5955.80000,-1.18635,2.31502,0.72382
5955.85000,-1.18500,2.31619,0.71243
5955.90000,-1.18387,2.31712,0.70635
5955.95000,-1.18204,2.31862,0.67972
5956.00000,-1.17898,2.32106,0.66316
5956.05000,-1.17664,2.32284,0.65682
5956.10000,-1.17459,2.32441,0.64975
5956.15000,-1.17340,2.32528,0.64480
5956.20000,-1.17269,2.32581,0.64098
5956.25000,-1.17180,2.32648,0.66746
5956.30000,-1.17113,2.32701,0.70473
5956.35000,-1.17095,2.32719,0.73237
5956.40000,-1.17087,2.32734,0.73560
5956.45000,-1.16994,2.32820,0.73196
5956.50000,-1.16913,2.32892,0.73362
5956.55000,-1.16823,2.32976,0.71698
5956.60000,-1.16498,2.33250,0.68328
5956.65000,-1.16007,2.33634,0.64300
5956.70000,-1.15456,2.34040,0.61302
5956.75000,-1.15095,2.34284,0.59442
5956.80000,-1.14818,2.34466,0.57830
5956.85000,-1.14533,2.34645,0.59091
5956.90000,-1.14354,2.34765,0.63145
5956.95000,-1.14312,2.34796,0.67527
5957.00000,-1.14270,2.34829,0.71954
5957.05000,-1.14227,2.34867,0.76424
5957.10000,-1.14188,2.34907,0.78974
5957.15000,-1.14179,2.34923,0.78626
5957.20000,-1.14034,2.35066,0.75969
5957.25000,-1.13726,2.35347,0.72232
5957.30000,-1.13288,2.35716,0.67825
5957.35000,-1.12747,2.36130,0.62933
5957.40000,-1.12155,2.36554,0.59448
5957.45000,-1.11524,2.36979,0.59010
5957.50000,-1.10975,2.37347,0.61101
5957.55000,-1.10748,2.37506,0.65289
5957.60000,-1.10677,2.37563,0.70222
5957.65000,-1.10607,2.37625,0.75191
5957.70000,-1.10545,2.37686,0.79051
5957.75000,-1.10512,2.37725,0.80213
5957.80000,-1.10482,2.37764,0.79397
5957.85000,-1.10313,2.37935,0.76789
5957.90000,-1.09929,2.38291,0.72744
5957.95000,-1.09433,2.38712,0.68092
5958.00000,-1.08838,2.39170,0.63061
5958.05000,-1.08208,2.39614,0.59727
5958.10000,-1.07577,2.40039,0.59405
5958.15000,-1.07074,2.40379,0.61971
5958.20000,-1.06606,2.40726,0.66003
5958.25000,-1.06026,2.41195,0.70388
5958.30000,-1.05400,2.41748,0.75139
5958.35000,-1.04745,2.42388,0.80192
5958.40000,-1.04141,2.43044,0.85578
5958.45000,-1.03605,2.43698,0.91306
5958.50000,-1.03097,2.44398,0.97166
5958.55000,-1.02623,2.45137,1.03119
5958.60000,-1.02176,2.45939,1.09027
5958.65000,-1.01778,2.46760,1.15036
5958.70000,-1.01424,2.47622,1.21036
5958.75000,-1.01130,2.48479,1.27176
5958.80000,-1.00903,2.49308,1.33523
5958.85000,-1.00731,2.50141,1.39927
5958.90000,-1.00618,2.50950,1.46475
5958.95000,-1.00560,2.51748,1.53105
5959.00000,-1.00555,2.52543,1.59761
5959.05000,-1.00601,2.53297,1.66577
5959.10000,-1.00698,2.54043,1.73410
5959.15000,-1.00831,2.54708,1.80527
5959.20000,-1.00973,2.55339,1.86732
5959.25000,-1.01118,2.55969,1.91391
5959.30000,-1.01242,2.56470,1.93777
5959.35000,-1.01341,2.56722,1.97579
5959.40000,-1.01431,2.56917,2.02871
5959.45000,-1.01589,2.57214,2.08771
5959.50000,-1.01824,2.57598,2.14993
5959.55000,-1.02125,2.58028,2.21463
5959.60000,-1.02488,2.58478,2.28104
5959.65000,-1.02906,2.58933,2.34856
5959.70000,-1.03379,2.59381,2.41668
5959.75000,-1.03900,2.59812,2.48511
5959.80000,-1.04464,2.60216,2.55381
5959.85000,-1.05066,2.60588,2.62262
5959.90000,-1.05716,2.60930,2.69084
5959.95000,-1.06391,2.61229,2.75919
5960.00000,-1.07110,2.61490,2.82682
5960.05000,-1.07852,2.61704,2.89425
5960.10000,-1.08623,2.61871,2.96118
5960.15000,-1.09411,2.61988,3.02787
5960.20000,-1.10213,2.62053,3.09427
5960.25000,-1.11031,2.62064,-3.12295
5960.30000,-1.11866,2.62021,-3.05768
5960.35000,-1.12714,2.61922,-2.99307
5960.40000,-1.13561,2.61767,-2.92874
5960.45000,-1.14413,2.61555,-2.86508
5960.50000,-1.15267,2.61283,-2.80208
5960.55000,-1.16117,2.60952,-2.73970
5960.60000,-1.16954,2.60565,-2.67777
5960.65000,-1.17755,2.60133,-2.61536
5960.70000,-1.18520,2.59696,-2.56301
5960.75000,-1.19247,2.59240,-2.52736
5960.80000,-1.19983,2.58706,-2.49838
5960.85000,-1.20688,2.58163,-2.47061
5960.90000,-1.21368,2.57607,-2.44355
5960.95000,-1.22028,2.57039,-2.41718
5961.00000,-1.22667,2.56459,-2.39149
5961.05000,-1.23286,2.55867,-2.36647
5961.10000,-1.23886,2.55264,-2.34211
5961.15000,-1.24468,2.54651,-2.31839
5961.20000,-1.25040,2.54021,-2.29495
5961.25000,-1.25622,2.53349,-2.27062
5961.30000,-1.26195,2.52654,-2.24664
5961.35000,-1.26756,2.51937,-2.22300
5961.40000,-1.27295,2.51215,-2.20053
5961.45000,-1.27816,2.50486,-2.17883
5961.50000,-1.28312,2.49759,-2.15784
5961.55000,-1.28790,2.49024,-2.13711
5961.60000,-1.29241,2.48299,-2.11755
5961.65000,-1.29675,2.47573,-2.09879
5961.70000,-1.30090,2.46847,-2.08075
5961.75000,-1.30496,2.46105,-2.06262
5961.80000,-1.30888,2.45357,-2.04497
5961.85000,-1.31254,2.44630,-2.02907
5961.90000,-1.31599,2.43917,-2.01433
5961.95000,-1.31938,2.43190,-1.99979
5962.00000,-1.32267,2.42458,-1.98571
5962.05000,-1.32592,2.41704,-1.97147
5962.10000,-1.32907,2.40948,-1.95802
5962.15000,-1.33205,2.40204,-1.94558
5962.20000,-1.33488,2.39471,-1.93382
5962.25000,-1.33760,2.38741,-1.92235
5962.30000,-1.34024,2.38007,-1.91103
5962.35000,-1.34278,2.37276,-1.90003
5962.40000,-1.34520,2.36557,-1.88991
5962.45000,-1.34754,2.35836,-1.87992
5962.50000,-1.34978,2.35122,-1.87051
5962.55000,-1.35194,2.34409,-1.86141
5962.60000,-1.35403,2.33697,-1.85237
5962.65000,-1.35604,2.32990,-1.84366
5962.70000,-1.35796,2.32292,-1.83557
5962.75000,-1.35982,2.31596,-1.82778
5962.80000,-1.36162,2.30899,-1.82030
5962.85000,-1.36337,2.30199,-1.81311
5962.90000,-1.36508,2.29494,-1.80580
5962.95000,-1.36675,2.28786,-1.79861
5963.00000,-1.36835,2.28081,-1.79186
5963.05000,-1.36990,2.27380,-1.78523
5963.10000,-1.37137,2.26694,-1.77911
5963.15000,-1.37280,2.26005,-1.77376
5963.20000,-1.37419,2.25320,-1.76868
5963.25000,-1.37553,2.24640,-1.76384
5963.30000,-1.37684,2.23964,-1.75922
5963.35000,-1.37809,2.23296,-1.75436
5963.40000,-1.37932,2.22626,-1.74947
5963.45000,-1.38051,2.21955,-1.74496
5963.50000,-1.38166,2.21284,-1.74066
5963.55000,-1.38279,2.20615,-1.73659
5963.60000,-1.38389,2.19946,-1.73276
5963.65000,-1.38495,2.19290,-1.72916
5963.70000,-1.38600,2.18627,-1.72599
5963.75000,-1.38703,2.17960,-1.72314
5963.80000,-1.38804,2.17292,-1.72030
5963.85000,-1.38903,2.16629,-1.71743
5963.90000,-1.38999,2.15972,-1.71484
5963.95000,-1.39092,2.15327,-1.71256
5964.00000,-1.39183,2.14689,-1.71061
5964.05000,-1.39272,2.14053,-1.70896
5964.10000,-1.39360,2.13415,-1.70760
5964.15000,-1.39448,2.12775,-1.70654
5964.20000,-1.39535,2.12130,-1.70576
5964.25000,-1.39624,2.11479,-1.70527
5964.30000,-1.39712,2.10823,-1.70506
5964.35000,-1.39801,2.10164,-1.70512
5964.40000,-1.39890,2.09508,-1.70544
5964.45000,-1.39979,2.08855,-1.70602
5964.50000,-1.40067,2.08207,-1.70683
5964.55000,-1.40156,2.07563,-1.70789
5964.60000,-1.40244,2.06928,-1.70918
5964.65000,-1.40331,2.06301,-1.71071
5964.70000,-1.40420,2.05679,-1.71246
5964.75000,-1.40509,2.05058,-1.71440
5964.80000,-1.40599,2.04437,-1.71652
5964.85000,-1.40690,2.03820,-1.71882
5964.90000,-1.40782,2.03209,-1.72131
5964.95000,-1.40875,2.02602,-1.72398
5965.00000,-1.40970,2.01994,-1.72682
5965.05000,-1.41067,2.01382,-1.72983
5965.10000,-1.41167,2.00765,-1.73300
5965.15000,-1.41269,2.00149,-1.73634
5965.20000,-1.41372,1.99538,-1.73984
5965.25000,-1.41476,1.98939,-1.74324
5965.30000,-1.41579,1.98349,-1.74662
5965.35000,-1.41686,1.97759,-1.75013
5965.40000,-1.41796,1.97167,-1.75377
5965.45000,-1.41908,1.96571,-1.75742
5965.50000,-1.42022,1.95974,-1.76116
5965.55000,-1.42137,1.95384,-1.76514
5965.60000,-1.42254,1.94795,-1.76906
5965.65000,-1.42374,1.94206,-1.77313
5965.70000,-1.42497,1.93614,-1.77730
5965.75000,-1.42624,1.93016,-1.78147
5965.80000,-1.42754,1.92416,-1.78575
5965.85000,-1.42885,1.91822,-1.79014
5965.90000,-1.43018,1.91233,-1.79466
5965.95000,-1.43153,1.90648,-1.79922
5966.00000,-1.43289,1.90068,-1.80383
5966.05000,-1.43427,1.89497,-1.80853
5966.10000,-1.43563,1.88940,-1.81331
5966.15000,-1.43700,1.88396,-1.81816
5966.20000,-1.43836,1.87862,-1.82312
5966.25000,-1.43973,1.87338,-1.82826
5966.30000,-1.44110,1.86822,-1.83349
5966.35000,-1.44248,1.86315,-1.83878
5966.40000,-1.44386,1.85817,-1.84417
5966.45000,-1.44525,1.85327,-1.84967
5966.50000,-1.44665,1.84846,-1.85527
5966.55000,-1.44805,1.84373,-1.86096
5966.60000,-1.44945,1.83909,-1.86669
5966.65000,-1.45087,1.83451,-1.87249
5966.70000,-1.45228,1.83003,-1.87832
5966.75000,-1.45368,1.82566,-1.88425
5966.80000,-1.45509,1.82137,-1.89026
5966.85000,-1.45649,1.81720,-1.89622
5966.90000,-1.45788,1.81315,-1.90228
5966.95000,-1.45925,1.80921,-1.90843
5967.00000,-1.46172,1.80268,-1.91456
5967.05000,-1.46509,1.79338,-1.92113
5967.10000,-1.46852,1.78416,-1.92809
5967.15000,-1.47200,1.77497,-1.93512
5967.20000,-1.47555,1.76581,-1.94222
5967.25000,-1.47916,1.75668,-1.94936
5967.30000,-1.48284,1.74757,-1.95654
5967.35000,-1.48659,1.73849,-1.96376
5967.40000,-1.49040,1.72944,-1.97102
5967.45000,-1.49427,1.72042,-1.97831
5967.50000,-1.49822,1.71142,-1.98562
5967.55000,-1.50222,1.70246,-1.99298
5967.60000,-1.50629,1.69353,-2.00036
5967.65000,-1.51043,1.68462,-2.00777
5967.70000,-1.51464,1.67575,-2.01523
5967.75000,-1.51890,1.66691,-2.02271
5967.80000,-1.52324,1.65811,-2.03024
5967.85000,-1.52764,1.64934,-2.03785
5967.90000,-1.53211,1.64060,-2.04551
5967.95000,-1.53664,1.63190,-2.05326
5968.00000,-1.54124,1.62324,-2.06110
5968.05000,-1.54591,1.61461,-2.06909
5968.10000,-1.55072,1.60588,-2.07716
5968.15000,-1.55565,1.59706,-2.08563
5968.20000,-1.56059,1.58843,-2.09409
5968.25000,-1.56559,1.57988,-2.10332
5968.30000,-1.57067,1.57136,-2.11269
5968.35000,-1.57579,1.56296,-2.12327
5968.40000,-1.58095,1.55470,-2.13486
5968.45000,-1.58619,1.54646,-2.14640
5968.50000,-1.59043,1.53922,-2.15834
5968.55000,-1.59081,1.53786,-2.17519
5968.60000,-1.59080,1.53786,-2.19920
5968.65000,-1.59082,1.53784,-2.22612
5968.70000,-1.59086,1.53779,-2.25451
5968.75000,-1.59089,1.53775,-2.28378
5968.80000,-1.59093,1.53771,-2.31356
5968.85000,-1.59096,1.53767,-2.34358
5968.90000,-1.59100,1.53764,-2.37366
5968.95000,-1.59104,1.53760,-2.40368
5969.00000,-1.59108,1.53756,-2.43358
5969.05000,-1.59112,1.53753,-2.46330
5969.10000,-1.59116,1.53750,-2.49279
5969.15000,-1.59120,1.53747,-2.52204
5969.20000,-1.59125,1.53744,-2.55095
5969.25000,-1.59129,1.53741,-2.57931
5969.30000,-1.59133,1.53738,-2.60679
5969.35000,-1.59138,1.53736,-2.63341
5969.40000,-1.59142,1.53733,-2.65925
5969.45000,-1.59147,1.53731,-2.68443
5969.50000,-1.59151,1.53729,-2.70908
5969.55000,-1.59155,1.53727,-2.73335
5969.60000,-1.59159,1.53725,-2.75741
5969.65000,-1.59164,1.53724,-2.78133
5969.70000,-1.59168,1.53722,-2.80512
5969.75000,-1.59172,1.53721,-2.82868
5969.80000,-1.59176,1.53720,-2.85176
5969.85000,-1.59180,1.53719,-2.87429
5969.90000,-1.59184,1.53718,-2.89629
5969.95000,-1.59188,1.53717,-2.91773
5970.00000,-1.59351,1.53647,-2.93838
5970.05000,-1.60083,1.53476,-2.95818
5970.10000,-1.61022,1.53313,-2.98123
5970.15000,-1.61947,1.53165,-3.00388
5970.20000,-1.62266,1.53149,-3.02843
5970.25000,-1.62303,1.53149,-3.06362
5970.30000,-1.62307,1.53149,-3.10099
5970.35000,-1.62311,1.53149,-3.13679
5970.40000,-1.62314,1.53149,3.11263
5970.45000,-1.62318,1.53149,3.08126
5970.50000,-1.62321,1.53149,3.05250
5970.55000,-1.62325,1.53149,3.02669
5970.60000,-1.62499,1.53198,3.00126
5970.65000,-1.63194,1.53328,2.97713
5970.70000,-1.64136,1.53493,2.95868
5970.75000,-1.65074,1.53676,2.94094
5970.80000,-1.66005,1.53876,2.92186
5970.85000,-1.66929,1.54093,2.90038
5970.90000,-1.67844,1.54330,2.87566
5970.95000,-1.68750,1.54588,2.85111
5971.00000,-1.69078,1.54618,2.82282
5971.05000,-1.69055,1.54611,2.79005
5971.10000,-1.69059,1.54612,2.75732
5971.15000,-1.69062,1.54613,2.72548
5971.20000,-1.69065,1.54615,2.69438
5971.25000,-1.69022,1.54594,2.66172
5971.30000,-1.68963,1.54564,2.62902
5971.35000,-1.68963,1.54576,2.59683
5971.40000,-1.68912,1.54546,2.56631
5971.45000,-1.69019,1.54647,2.53514
5971.50000,-1.69673,1.55119,2.50865
5971.55000,-1.70414,1.55679,2.48043
5971.60000,-1.71141,1.56261,2.45283
5971.65000,-1.71853,1.56863,2.42606
5971.70000,-1.72552,1.57486,2.40038
5971.75000,-1.73237,1.58128,2.37607
5971.80000,-1.73909,1.58790,2.35337
5971.85000,-1.74571,1.59469,2.33256
5971.90000,-1.75222,1.60165,2.31387
5971.95000,-1.75866,1.60879,2.29737
5972.00000,-1.76502,1.61605,2.28363
5972.05000,-1.77142,1.62338,2.26955
5972.10000,-1.77347,1.62578,2.25863
5972.15000,-1.77343,1.62576,2.25295
5972.20000,-1.77341,1.62573,2.24879
5972.25000,-1.77340,1.62571,2.24539
5972.30000,-1.77341,1.62573,2.24277
5972.35000,-1.77342,1.62574,2.24076
5972.40000,-1.77343,1.62576,2.23933
5972.45000,-1.77345,1.62578,2.23863
5972.50000,-1.77348,1.62581,2.23847
5972.55000,-1.77350,1.62585,2.23896
5972.60000,-1.77352,1.62587,2.23957
5972.65000,-1.77357,1.62593,2.24151
5972.70000,-1.77359,1.62596,2.24475
5972.75000,-1.77364,1.62604,2.24925
5972.80000,-1.77370,1.62611,2.25565
5972.85000,-1.77369,1.62609,2.26572
5972.90000,-1.77386,1.62632,2.27907
5972.95000,-1.77397,1.62646,2.29375
5973.00000,-1.77416,1.62668,2.30994
5973.05000,-1.77443,1.62696,2.32665
5973.10000,-1.77476,1.62731,2.34326
5973.15000,-1.77510,1.62765,2.35984
5973.20000,-1.77544,1.62798,2.37637
5973.25000,-1.77578,1.62830,2.39282
5973.30000,-1.77613,1.62861,2.40929
5973.35000,-1.77626,1.62874,2.42555
5973.40000,-1.77647,1.62893,2.44234
5973.45000,-1.77683,1.62922,2.46131
5973.50000,-1.77719,1.62950,2.48187
5973.55000,-1.77742,1.62968,2.50211
5973.60000,-1.77768,1.62986,2.52273
5973.65000,-1.77770,1.62989,2.54316
5973.70000,-1.77782,1.62997,2.56337
5973.75000,-1.77790,1.63002,2.58452
5973.80000,-1.77817,1.63019,2.60548
5973.85000,-1.77826,1.63025,2.62584
5973.90000,-1.77856,1.63040,2.64720
5973.95000,-1.77875,1.63048,2.66807
5974.00000,-1.77906,1.63060,2.68984
5974.05000,-1.77943,1.63073,2.71246
5974.10000,-1.77958,1.63078,2.73452
5974.15000,-1.77979,1.63088,2.75666
5974.20000,-1.77994,1.63093,2.77943
5974.25000,-1.78033,1.63105,2.80385
5974.30000,-1.78064,1.63113,2.82840
5974.35000,-1.78085,1.63118,2.85260
5974.40000,-1.78103,1.63122,2.87652
5974.45000,-1.78142,1.63133,2.90105
5974.50000,-1.78165,1.63137,2.92474
5974.55000,-1.78203,1.63142,2.94933
5974.60000,-1.78266,1.63151,2.97468
5974.65000,-1.78292,1.63150,2.99953
5974.70000,-1.78302,1.63150,3.02411
5974.75000,-1.78334,1.63152,3.04760
5974.80000,-1.78336,1.63152,3.07093
5974.85000,-1.78358,1.63153,3.09355
5974.90000,-1.78374,1.63154,3.11633
5974.95000,-1.78413,1.63154,3.14007
5975.00000,-1.78444,1.63154,-3.11971
5975.05000,-1.78495,1.63152,-3.09594
5975.10000,-1.78571,1.63149,-3.07132
5975.15000,-1.78608,1.63147,-3.04765
5975.20000,-1.78683,1.63141,-3.02347
5975.25000,-1.78753,1.63135,-2.99891
5975.30000,-1.78831,1.63126,-2.97500
5975.35000,-1.78915,1.63114,-2.95122
5975.40000,-1.78998,1.63099,-2.92787
5975.45000,-1.79055,1.63088,-2.90571
5975.50000,-1.79135,1.63069,-2.88272
5975.55000,-1.79218,1.63048,-2.86016
5975.60000,-1.79295,1.63027,-2.83767
5975.65000,-1.79332,1.63015,-2.81732
5975.70000,-1.79370,1.63002,-2.79724
5975.75000,-1.79410,1.62987,-2.77732
5975.80000,-1.79452,1.62971,-2.75758
5975.85000,-1.79496,1.62953,-2.73806
5975.90000,-1.79538,1.62934,-2.71880
5975.95000,-1.79791,1.62780,-2.69987
5976.00000,-1.80580,1.62385,-2.68185
5976.05000,-1.81501,1.61921,-2.66131
5976.10000,-1.82408,1.61439,-2.64141
5976.15000,-1.83317,1.60931,-2.62202
5976.20000,-1.84220,1.60404,-2.60344
5976.25000,-1.85112,1.59861,-2.58550
5976.30000,-1.85993,1.59302,-2.56815
5976.35000,-1.86842,1.58744,-2.55073
5976.40000,-1.87695,1.58162,-2.53433
5976.45000,-1.88527,1.57574,-2.51782
5976.50000,-1.89347,1.56976,-2.50165
5976.55000,-1.90144,1.56372,-2.48537
5976.60000,-1.90945,1.55748,-2.47108
5976.65000,-1.91741,1.55109,-2.45852
5976.70000,-1.92527,1.54464,-2.44674
5976.75000,-1.93296,1.53816,-2.43590
5976.80000,-1.94055,1.53164,-2.42724
5976.85000,-1.94808,1.52507,-2.42160
5976.90000,-1.95557,1.51853,-2.41567
5976.95000,-1.95897,1.51592,-2.41093
5977.00000,-1.95938,1.51559,-2.41603
5977.05000,-1.95939,1.51558,-2.42299
5977.10000,-1.95942,1.51555,-2.42599
5977.15000,-1.95947,1.51551,-2.42493
5977.20000,-1.96102,1.51399,-2.42342
5977.25000,-1.96754,1.50802,-2.42013
5977.30000,-1.97500,1.50143,-2.41594
5977.35000,-1.98248,1.49478,-2.41416
5977.40000,-1.98998,1.48813,-2.41264
5977.45000,-1.99273,1.48589,-2.41430
5977.50000,-1.99279,1.48588,-2.43289
5977.55000,-1.99247,1.48615,-2.45851
5977.60000,-1.99239,1.48619,-2.48054
5977.65000,-1.99223,1.48631,-2.49526
5977.70000,-1.99215,1.48636,-2.50361
5977.75000,-1.99342,1.48511,-2.51058
5977.80000,-1.99995,1.47998,-2.51347
5977.85000,-2.00804,1.47408,-2.51056
5977.90000,-2.01614,1.46815,-2.50787
5977.95000,-2.02419,1.46223,-2.50747
5978.00000,-2.03216,1.45638,-2.50683
5978.05000,-2.03599,1.45411,-2.50829
5978.10000,-2.03660,1.45383,-2.52550
5978.15000,-2.03741,1.45332,-2.55323
5978.20000,-2.03770,1.45313,-2.58185
5978.25000,-2.03720,1.45343,-2.60823
5978.30000,-2.03706,1.45352,-2.62600
5978.35000,-2.03700,1.45355,-2.63535
5978.40000,-2.03897,1.45184,-2.64260
5978.45000,-2.04636,1.44747,-2.64535
5978.50000,-2.05516,1.44270,-2.64332
5978.55000,-2.06395,1.43791,-2.64233
5978.60000,-2.07272,1.43313,-2.64340
5978.65000,-2.08144,1.42841,-2.64878
5978.70000,-2.09011,1.42373,-2.65493
5978.75000,-2.09441,1.42192,-2.66431
5978.80000,-2.09603,1.42111,-2.69182
5978.85000,-2.09617,1.42104,-2.72972
5978.90000,-2.09620,1.42103,-2.76373
5978.95000,-2.09624,1.42102,-2.78930
5979.00000,-2.09629,1.42100,-2.80304
5979.05000,-2.09751,1.41987,-2.81380
5979.10000,-2.10272,1.41727,-2.82244
5979.15000,-2.11174,1.41427,-2.82241
5979.20000,-2.12123,1.41111,-2.81963
5979.25000,-2.13074,1.40793,-2.81708
5979.30000,-2.14020,1.40474,-2.81603
5979.35000,-2.14964,1.40156,-2.81802
5979.40000,-2.15905,1.39844,-2.82522
5979.45000,-2.16852,1.39536,-2.83310
5979.50000,-2.17415,1.39475,-2.84196
5979.55000,-2.17873,1.39423,-2.85922
5979.60000,-2.18267,1.39374,-2.88482
5979.65000,-2.18426,1.39345,-2.91810
5979.70000,-2.18432,1.39345,-2.95250
5979.75000,-2.18435,1.39344,-2.97808
5979.80000,-2.18586,1.39288,-2.99907
5979.85000,-2.19272,1.39173,-3.01290
5979.90000,-2.20244,1.39045,-3.01323
5979.95000,-2.21239,1.38916,-3.01109
5980.00000,-2.22232,1.38784,-3.00888
5980.05000,-2.23225,1.38650,-3.00670
5980.10000,-2.24217,1.38514,-3.00465
5980.15000,-2.25209,1.38377,-3.00349
5980.20000,-2.26197,1.38240,-3.00470
5980.25000,-2.27177,1.38108,-3.01088
5980.30000,-2.28144,1.37984,-3.01751
5980.35000,-2.28668,1.37979,-3.02778
5980.40000,-2.29058,1.37992,-3.04616
5980.45000,-2.29412,1.38004,-3.07222
5980.50000,-2.29525,1.38010,-3.10535
5980.55000,-2.29528,1.38010,-3.13712
5980.60000,-2.29524,1.38010,3.12301
5980.65000,-2.29708,1.38022,3.10636
5980.70000,-2.30429,1.38058,3.09588
5980.75000,-2.31326,1.38100,3.09417
5980.80000,-2.31815,1.38106,3.09160
5980.85000,-2.31867,1.38107,3.09574
5980.90000,-2.31858,1.38106,3.10348
5980.95000,-2.31846,1.38106,3.11257
5981.00000,-2.31835,1.38106,3.12271
5981.05000,-2.31824,1.38106,3.13360
5981.10000,-2.31813,1.38106,-3.13823
5981.15000,-2.31803,1.38106,-3.12666
5981.20000,-2.31792,1.38106,-3.11500
5981.25000,-2.31782,1.38106,-3.10326
5981.30000,-2.31771,1.38107,-3.09140
5981.35000,-2.31761,1.38107,-3.07939
5981.40000,-2.31766,1.38107,-3.06752
5981.45000,-2.31792,1.38105,-3.05608
5981.50000,-2.31831,1.38102,-3.04358
5981.55000,-2.31860,1.38099,-3.03142
5981.60000,-2.31892,1.38095,-3.01893
5981.65000,-2.31929,1.38090,-3.00614
5981.70000,-2.31969,1.38085,-2.99312
5981.75000,-2.32014,1.38078,-2.97988
5981.80000,-2.32063,1.38069,-2.96646
5981.85000,-2.32116,1.38060,-2.95292
5981.90000,-2.32170,1.38049,-2.93932
5981.95000,-2.32225,1.38037,-2.92571
5982.00000,-2.32280,1.38025,-2.91212
5982.05000,-2.32336,1.38011,-2.89856
5982.10000,-2.32391,1.37997,-2.88502
5982.15000,-2.32447,1.37982,-2.87148
5982.20000,-2.32504,1.37966,-2.85787
5982.25000,-2.32565,1.37948,-2.84415
5982.30000,-2.32630,1.37927,-2.83030
5982.35000,-2.32700,1.37904,-2.81634
5982.40000,-2.32774,1.37879,-2.80229
5982.45000,-2.32854,1.37850,-2.78816
5982.50000,-2.32938,1.37818,-2.77396
5982.55000,-2.33026,1.37784,-2.75971
5982.60000,-2.33117,1.37746,-2.74547
5982.65000,-2.33210,1.37707,-2.73126
5982.70000,-2.33303,1.37665,-2.71713
5982.75000,-2.33395,1.37623,-2.70309
5982.80000,-2.33486,1.37580,-2.68915
5982.85000,-2.33576,1.37535,-2.67531
5982.90000,-2.33666,1.37489,-2.66157
5982.95000,-2.33755,1.37442,-2.64792
5983.00000,-2.33842,1.37394,-2.63437
5983.05000,-2.33929,1.37345,-2.62091
5983.10000,-2.34174,1.37158,-2.60700
5983.15000,-2.34962,1.36668,-2.59430
5983.20000,-2.35811,1.36143,-2.58118
5983.25000,-2.36653,1.35606,-2.56807
5983.30000,-2.37488,1.35059,-2.55498
5983.35000,-2.38316,1.34501,-2.54191
5983.40000,-2.39137,1.33932,-2.52885
5983.45000,-2.39959,1.33346,-2.51520
5983.50000,-2.40777,1.32748,-2.50119
5983.55000,-2.41593,1.32133,-2.48652
5983.60000,-2.42402,1.31503,-2.47204
5983.65000,-2.43206,1.30857,-2.45740
5983.70000,-2.44004,1.30196,-2.44288
5983.75000,-2.44793,1.29524,-2.42842
5983.80000,-2.45571,1.28840,-2.41403
5983.85000,-2.46340,1.28146,-2.39967
5983.90000,-2.47098,1.27441,-2.38536
5983.95000,-2.47846,1.26725,-2.37108
5984.00000,-2.48584,1.25998,-2.35681
5984.05000,-2.49311,1.25261,-2.34258
5984.10000,-2.50027,1.24515,-2.32839
5984.15000,-2.50733,1.23758,-2.31425
5984.20000,-2.51428,1.22991,-2.30012
5984.25000,-2.52112,1.22214,-2.28594
5984.30000,-2.52784,1.21428,-2.27162
5984.35000,-2.53419,1.20665,-2.25761
5984.40000,-2.54051,1.19883,-2.24382
5984.45000,-2.54655,1.19114,-2.22833
5984.50000,-2.55233,1.18352,-2.21087
5984.55000,-2.55804,1.17585,-2.19332
5984.60000,-2.55973,1.17253,-2.17653
5984.65000,-2.55976,1.17217,-2.15055
5984.70000,-2.55960,1.17245,-2.11995
5984.75000,-2.55966,1.17236,-2.09292
5984.80000,-2.55978,1.17218,-2.06827
5984.85000,-2.55994,1.17190,-2.04481
5984.90000,-2.56015,1.17148,-2.02239
5984.95000,-2.56153,1.16898,-2.00033
5985.00000,-2.56511,1.16106,-1.98176
5985.05000,-2.56883,1.15231,-1.96221
5985.10000,-2.57235,1.14351,-1.94127
5985.15000,-2.57578,1.13468,-1.92027
5985.20000,-2.57637,1.13015,-1.90145
5985.25000,-2.57640,1.12986,-1.87569
5985.30000,-2.57641,1.12983,-1.85032
5985.35000,-2.57644,1.12974,-1.82813
5985.40000,-2.57739,1.12822,-1.80696
5985.45000,-2.57942,1.12209,-1.78716
5985.50000,-2.58147,1.11230,-1.76802
5985.55000,-2.58328,1.10277,-1.74703
5985.60000,-2.58495,1.09346,-1.72515
5985.65000,-2.58513,1.08868,-1.70469
5985.70000,-2.58517,1.08804,-1.67006
5985.75000,-2.58518,1.08799,-1.63010
5985.80000,-2.58518,1.08794,-1.59214
5985.85000,-2.58518,1.08788,-1.55839
5985.90000,-2.58518,1.08782,-1.52963
5985.95000,-2.58494,1.08580,-1.50177
5986.00000,-2.58416,1.07720,-1.47881
5986.05000,-2.58317,1.06725,-1.46063
5986.10000,-2.58193,1.05692,-1.44157
5986.15000,-2.58054,1.04699,-1.42311
5986.20000,-2.57899,1.03726,-1.40268
5986.25000,-2.57725,1.02755,-1.38119
5986.30000,-2.57526,1.01786,-1.35842
5986.35000,-2.57306,1.00815,-1.33405
5986.40000,-2.57074,0.99817,-1.30857
5986.45000,-2.57043,0.99323,-1.28124
5986.50000,-2.57036,0.99286,-1.24258
5986.55000,-2.57034,0.99281,-1.19972
5986.60000,-2.57031,0.99275,-1.15687
5986.65000,-2.57029,0.99269,-1.11528
5986.70000,-2.57004,0.99222,-1.07474
5986.75000,-2.56958,0.99140,-1.03657
5986.80000,-2.56912,0.99065,-1.00314
5986.85000,-2.56725,0.98837,-0.96996
5986.90000,-2.56213,0.98128,-0.94337
5986.95000,-2.55613,0.97319,-0.92285
5987.00000,-2.54981,0.96500,-0.90494
5987.05000,-2.54338,0.95693,-0.88805
5987.10000,-2.53683,0.94900,-0.87169
5987.15000,-2.53017,0.94119,-0.85552
5987.20000,-2.52368,0.93383,-0.83732
5987.25000,-2.51677,0.92629,-0.81684
5987.30000,-2.51022,0.91948,-0.79329
5987.35000,-2.50358,0.91291,-0.76705
5987.40000,-2.49681,0.90656,-0.73883
5987.45000,-2.48987,0.90042,-0.70941
5987.50000,-2.48274,0.89448,-0.68041
5987.55000,-2.47543,0.88873,-0.65295
5987.60000,-2.46767,0.88292,-0.62822
5987.65000,-2.45952,0.87713,-0.60697
5987.70000,-2.45131,0.87153,-0.58693
5987.75000,-2.44292,0.86606,-0.56985
5987.80000,-2.43447,0.86075,-0.55414
5987.85000,-2.42601,0.85560,-0.53792
5987.90000,-2.41766,0.85071,-0.52097
5987.95000,-2.40929,0.84601,-0.50281
5988.00000,-2.40091,0.84151,-0.48314
5988.05000,-2.39247,0.83719,-0.46227
5988.10000,-2.38397,0.83307,-0.44051
5988.15000,-2.37537,0.82913,-0.41855
5988.20000,-2.36669,0.82538,-0.39675
5988.25000,-2.35792,0.82182,-0.37552
5988.30000,-2.34906,0.81843,-0.35524
5988.35000,-2.34010,0.81520,-0.33613
5988.40000,-2.33106,0.81213,-0.31830
5988.45000,-2.32177,0.80915,-0.30135
5988.50000,-2.31243,0.80632,-0.28582
5988.55000,-2.30310,0.80366,-0.27083
5988.60000,-2.29341,0.80105,-0.25689
5988.65000,-2.28365,0.79857,-0.24316
5988.70000,-2.27394,0.79622,-0.23152
5988.75000,-2.26420,0.79399,-0.21982
5988.80000,-2.25434,0.79185,-0.20584
5988.85000,-2.24425,0.78983,-0.19179
5988.90000,-2.23407,0.78794,-0.17734
5988.95000,-2.22386,0.78619,-0.16274
5989.00000,-2.21362,0.78459,-0.14799
5989.05000,-2.20336,0.78315,-0.13314
5989.10000,-2.19307,0.78186,-0.11828
5989.15000,-2.18277,0.78072,-0.10354
5989.20000,-2.17246,0.77973,-0.08900
5989.25000,-2.16214,0.77889,-0.07463
5989.30000,-2.15181,0.77819,-0.06021
5989.35000,-2.14146,0.77765,-0.04561
5989.40000,-2.13110,0.77726,-0.03076
5989.45000,-2.12072,0.77702,-0.01560
5989.50000,-2.11034,0.77694,-0.00017
5989.55000,-2.09995,0.77702,0.01542
5989.60000,-2.08956,0.77726,0.03114
5989.65000,-2.07917,0.77767,0.04694
5989.70000,-2.06879,0.77824,0.06278
5989.75000,-2.05842,0.77897,0.07869
5989.80000,-2.04806,0.77987,0.09467
5989.85000,-2.03771,0.78094,0.11071
5989.90000,-2.02738,0.78217,0.12681
5989.95000,-2.01708,0.78357,0.14293
5990.00000,-2.00719,0.78506,0.15760
5990.05000,-1.99730,0.78671,0.17279
5990.10000,-1.98746,0.78851,0.18859
5990.15000,-1.97765,0.79046,0.20507
5990.20000,-1.96785,0.79259,0.22209
5990.25000,-1.95813,0.79487,0.23931
5990.30000,-1.94845,0.79732,0.25681
5990.35000,-1.93882,0.79995,0.27453
5990.40000,-1.92923,0.80274,0.29244
5990.45000,-1.91970,0.80570,0.31054
5990.50000,-1.91022,0.80884,0.32888
5990.55000,-1.90080,0.81216,0.34745
5990.60000,-1.89145,0.81564,0.36625
5990.65000,-1.88216,0.81931,0.38524
5990.70000,-1.87294,0.82315,0.40438
5990.75000,-1.86380,0.82717,0.42362
5990.80000,-1.85474,0.83136,0.44285
5990.85000,-1.84576,0.83572,0.46181
5990.90000,-1.83665,0.84036,0.48130
5990.95000,-1.82771,0.84511,0.49999
5991.00000,-1.81868,0.85014,0.51886
5991.05000,-1.80965,0.85538,0.53776
5991.10000,-1.80073,0.86079,0.55640
5991.15000,-1.79196,0.86633,0.57495
5991.20000,-1.78323,0.87209,0.59413
5991.25000,-1.77462,0.87802,0.61368
5991.30000,-1.76613,0.88411,0.63343
5991.35000,-1.75778,0.89036,0.65327
5991.40000,-1.74954,0.89678,0.67324
5991.45000,-1.74140,0.90341,0.69346
5991.50000,-1.73339,0.91021,0.71357
5991.55000,-1.72570,0.91697,0.73215
5991.60000,-1.71818,0.92384,0.74992
5991.65000,-1.71089,0.93074,0.76636
5991.70000,-1.70373,0.93774,0.78191
5991.75000,-1.69667,0.94485,0.79680
5991.80000,-1.68973,0.95205,0.81097
5991.85000,-1.68291,0.95934,0.82453
5991.90000,-1.67618,0.96672,0.83797
5991.95000,-1.66955,0.97418,0.85162
5992.00000,-1.66303,0.98174,0.86556
5992.05000,-1.65661,0.98940,0.87975
5992.10000,-1.65030,0.99714,0.89410
5992.15000,-1.64411,1.00497,0.90854
5992.20000,-1.63802,1.01289,0.92298
5992.25000,-1.63206,1.02089,0.93731
5992.30000,-1.62621,1.02898,0.95121
5992.35000,-1.62047,1.03715,0.96443
5992.40000,-1.61483,1.04539,0.97687
5992.45000,-1.60929,1.05369,0.98856
5992.50000,-1.60385,1.06206,0.99947
5992.55000,-1.59850,1.07049,1.00965
5992.60000,-1.59323,1.07897,1.01907
5992.65000,-1.58803,1.08749,1.02782
5992.70000,-1.58291,1.09606,1.03603
5992.75000,-1.57786,1.10467,1.04413
5992.80000,-1.57288,1.11333,1.05234
5992.85000,-1.56797,1.12202,1.06085
5992.90000,-1.56314,1.13076,1.06965
5992.95000,-1.55838,1.13954,1.07866
5993.00000,-1.55370,1.14837,1.08786
5993.05000,-1.54911,1.15723,1.09717
5993.10000,-1.54460,1.16614,1.10644
5993.15000,-1.54009,1.17526,1.11635
5993.20000,-1.53570,1.18436,1.12543
5993.25000,-1.53140,1.19347,1.13468
5993.30000,-1.52720,1.20260,1.14265
5993.35000,-1.52305,1.21179,1.14930
5993.40000,-1.51894,1.22095,1.15608
5993.45000,-1.51792,1.22571,1.15992
5993.50000,-1.51785,1.22601,1.16374
5993.55000,-1.51779,1.22616,1.16744
5993.60000,-1.51774,1.22627,1.17216
5993.65000,-1.51613,1.22845,1.17527
5993.70000,-1.51249,1.23643,1.18045
5993.75000,-1.50869,1.24577,1.18803
5993.80000,-1.50497,1.25512,1.19627
5993.85000,-1.50134,1.26449,1.20401
5993.90000,-1.49773,1.27397,1.21152
5993.95000,-1.49423,1.28339,1.21806
5994.00000,-1.49079,1.29280,1.22289
5994.05000,-1.48738,1.30221,1.22774
5994.10000,-1.48517,1.31039,1.23140
5994.15000,-1.48484,1.31237,1.22521
5994.20000,-1.48494,1.31207,1.19876
5994.25000,-1.48508,1.31173,1.15246
5994.30000,-1.48506,1.31176,1.09826
5994.35000,-1.48503,1.31181,1.03932
5994.40000,-1.48500,1.31186,0.97760
5994.45000,-1.48496,1.31191,0.91422
5994.50000,-1.48492,1.31196,0.84962
5994.55000,-1.48487,1.31201,0.78408
5994.60000,-1.48483,1.31206,0.71794
5994.65000,-1.48477,1.31210,0.65157
5994.70000,-1.48472,1.31214,0.58535
5994.75000,-1.48466,1.31217,0.51940
5994.80000,-1.48460,1.31221,0.45367
5994.85000,-1.48453,1.31224,0.38809
5994.90000,-1.48444,1.31227,0.32280
5994.95000,-1.48434,1.31230,0.25780
5995.00000,-1.48422,1.31233,0.19315
5995.05000,-1.48406,1.31235,0.12897
5995.10000,-1.48388,1.31237,0.06534
5995.15000,-1.48367,1.31238,0.00227
5995.20000,-1.48343,1.31237,-0.06018
5995.25000,-1.48315,1.31234,-0.12199
5995.30000,-1.48284,1.31230,-0.18315
5995.35000,-1.48252,1.31223,-0.24370
5995.40000,-1.48219,1.31213,-0.30367
5995.45000,-1.48186,1.31202,-0.36309
5995.50000,-1.48154,1.31189,-0.42199
5995.55000,-1.48122,1.31173,-0.48036
5995.60000,-1.48091,1.31156,-0.53819
5995.65000,-1.48061,1.31137,-0.59541
5995.70000,-1.48030,1.31114,-0.65194
5995.75000,-1.47997,1.31088,-0.70771
5995.80000,-1.47964,1.31057,-0.76268
5995.85000,-1.47928,1.31022,-0.81683
5995.90000,-1.47892,1.30981,-0.87017
5995.95000,-1.47854,1.30934,-0.92268
5996.00000,-1.47816,1.30881,-0.97440
5996.05000,-1.47779,1.30822,-1.02532
5996.10000,-1.47758,1.30780,-1.07649
5996.15000,-1.47730,1.30721,-1.12620
5996.20000,-1.47716,1.30678,-1.17598
5996.25000,-1.47692,1.30612,-1.22403
5996.30000,-1.47671,1.30545,-1.27135
5996.35000,-1.47654,1.30477,-1.31796
5996.40000,-1.47639,1.30406,-1.36378
5996.45000,-1.47626,1.30331,-1.40880
5996.50000,-1.47621,1.30286,-1.45423
5996.55000,-1.47612,1.30199,-1.49742
5996.60000,-1.47607,1.30106,-1.53968
5996.65000,-1.47606,1.30005,-1.58106
5996.70000,-1.47610,1.29897,-1.62156
5996.75000,-1.47618,1.29782,-1.66119
5996.80000,-1.47668,1.29450,-1.69990
5996.85000,-1.47783,1.28678,-1.73653
5996.90000,-1.47947,1.27807,-1.77712
5996.95000,-1.48149,1.26930,-1.81733
5997.00000,-1.48386,1.26061,-1.85639
5997.05000,-1.48658,1.25198,-1.89465
5997.10000,-1.48962,1.24344,-1.93198
5997.15000,-1.49299,1.23500,-1.96840
5997.20000,-1.49666,1.22666,-2.00390
5997.25000,-1.50064,1.21844,-2.03850
5997.30000,-1.50491,1.21034,-2.07218
5997.35000,-1.50945,1.20236,-2.10488
5997.40000,-1.51426,1.19451,-2.13656
5997.45000,-1.51933,1.18679,-2.16724
5997.50000,-1.52464,1.17921,-2.19694
5997.55000,-1.53019,1.17177,-2.22567
5997.60000,-1.53596,1.16447,-2.25345
5997.65000,-1.54194,1.15731,-2.28029
5997.70000,-1.54812,1.15030,-2.30625
5997.75000,-1.55450,1.14343,-2.33138
5997.80000,-1.56105,1.13670,-2.35573
5997.85000,-1.56778,1.13013,-2.37936
5997.90000,-1.57459,1.12362,-2.40297
5997.95000,-1.57633,1.12210,-2.42520
5998.00000,-1.57634,1.12208,-2.44728
5998.05000,-1.57632,1.12208,-2.46828
5998.10000,-1.57631,1.12209,-2.48834
5998.15000,-1.57638,1.12203,-2.50766
5998.20000,-1.57644,1.12198,-2.52584
5998.25000,-1.57666,1.12183,-2.54349
5998.30000,-1.57700,1.12159,-2.56132
5998.35000,-1.57734,1.12136,-2.57714
5998.40000,-1.57774,1.12111,-2.59194
5998.45000,-1.57822,1.12082,-2.60577
5998.50000,-1.57874,1.12051,-2.61862
5998.55000,-1.57941,1.12012,-2.63104
5998.60000,-1.58014,1.11971,-2.64314
5998.65000,-1.58080,1.11936,-2.65359
5998.70000,-1.58145,1.11900,-2.66322
5998.75000,-1.58212,1.11862,-2.67287
5998.80000,-1.58281,1.11826,-2.68198
5998.85000,-1.58355,1.11790,-2.68982
5998.90000,-1.58437,1.11750,-2.69717
5998.95000,-1.58519,1.11711,-2.70347
5999.00000,-1.58603,1.11672,-2.70893
5999.05000,-1.58693,1.11631,-2.71367
5999.10000,-1.58789,1.11587,-2.71770
5999.15000,-1.58895,1.11540,-2.72106
5999.20000,-1.59001,1.11492,-2.72356
5999.25000,-1.59114,1.11442,-2.72540
5999.30000,-1.59230,1.11391,-2.72686
5999.35000,-1.59352,1.11337,-2.72733
5999.40000,-1.59476,1.11283,-2.72719
5999.45000,-1.59601,1.11228,-2.72652
5999.50000,-1.59725,1.11173,-2.72533
5999.55000,-1.59848,1.11119,-2.72364
5999.60000,-1.59972,1.11064,-2.72147
5999.65000,-1.60095,1.11008,-2.71880
5999.70000,-1.60219,1.10952,-2.71564
5999.75000,-1.60344,1.10896,-2.71195
5999.80000,-1.60470,1.10837,-2.70767
5999.85000,-1.60599,1.10777,-2.70279
5999.90000,-1.60730,1.10715,-2.69732
5999.95000,-1.60865,1.10651,-2.69128
6000.00000,-1.61002,1.10583,-2.68470
6000.05000,-1.61143,1.10513,-2.67759
6000.10000,-1.61287,1.10441,-2.66998
6000.15000,-1.61433,1.10366,-2.66189
6000.20000,-1.61580,1.10288,-2.65333
6000.25000,-1.61728,1.10209,-2.64434
6000.30000,-1.61878,1.10127,-2.63492
6000.35000,-1.62027,1.10043,-2.62516
6000.40000,-1.62176,1.09957,-2.61512
6000.45000,-1.62323,1.09871,-2.60484
6000.50000,-1.62469,1.09783,-2.59433
6000.55000,-1.62612,1.09695,-2.58359
6000.60000,-1.62754,1.09605,-2.57262
6000.65000,-1.62893,1.09515,-2.56144
6000.70000,-1.63031,1.09424,-2.55004
6000.75000,-1.63166,1.09332,-2.53844
6000.80000,-1.63298,1.09239,-2.52664
6000.85000,-1.63429,1.09146,-2.51461
6000.90000,-1.63558,1.09051,-2.50229
6000.95000,-1.63687,1.08954,-2.48963
6001.00000,-1.63815,1.08855,-2.47666
6001.05000,-1.63943,1.08753,-2.46340
6001.10000,-1.64072,1.08648,-2.44986
6001.15000,-1.64200,1.08541,-2.43605
6001.20000,-1.64328,1.08430,-2.42198
6001.25000,-1.64455,1.08317,-2.40766
6001.30000,-1.64583,1.08200,-2.39312
6001.35000,-1.64709,1.08081,-2.37841
6001.40000,-1.64833,1.07961,-2.36359
6001.45000,-1.64955,1.07839,-2.34872
6001.50000,-1.65074,1.07716,-2.33384
6001.55000,-1.65190,1.07593,-2.31895
6001.60000,-1.65303,1.07470,-2.30406
6001.65000,-1.65412,1.07346,-2.28919
6001.70000,-1.65519,1.07223,-2.27432
6001.75000,-1.65622,1.07099,-2.25945
6001.80000,-1.65722,1.06976,-2.24450
6001.85000,-1.65818,1.06854,-2.22940
6001.90000,-1.65912,1.06731,-2.21415
6001.95000,-1.66004,1.06606,-2.19893
6002.00000,-1.66094,1.06480,-2.18398
6002.05000,-1.66181,1.06352,-2.16921
6002.10000,-1.66272,1.06217,-2.15472
6002.15000,-1.66362,1.06078,-2.14024
6002.20000,-1.66447,1.05940,-2.12548
6002.25000,-1.66525,1.05812,-2.11254
6002.30000,-1.66598,1.05688,-2.10010
6002.35000,-1.66668,1.05566,-2.08768
6002.40000,-1.66736,1.05444,-2.07527
6002.45000,-1.66801,1.05324,-2.06285
6002.50000,-1.66864,1.05204,-2.05042
6002.55000,-1.66924,1.05086,-2.03794
6002.60000,-1.66982,1.04970,-2.02537
6002.65000,-1.67036,1.04855,-2.01268
6002.70000,-1.67089,1.04742,-1.99986
6002.75000,-1.67139,1.04631,-1.98692
6002.80000,-1.67186,1.04520,-1.97384
6002.85000,-1.67232,1.04410,-1.96066
6002.90000,-1.67276,1.04301,-1.94737
6002.95000,-1.67318,1.04192,-1.93400
6003.00000,-1.67358,1.04084,-1.92059
6003.05000,-1.67396,1.03976,-1.90718
6003.10000,-1.67432,1.03870,-1.89383
6003.15000,-1.67466,1.03764,-1.88053
6003.20000,-1.67499,1.03660,-1.86731
6003.25000,-1.67529,1.03557,-1.85414
6003.30000,-1.67661,1.03221,-1.84127
6003.35000,-1.67909,1.02335,-1.82854
6003.40000,-1.68157,1.01368,-1.81552
6003.45000,-1.68392,1.00398,-1.80244
6003.50000,-1.68615,0.99425,-1.78923
6003.55000,-1.68824,0.98449,-1.77577
6003.60000,-1.69020,0.97470,-1.76196
6003.65000,-1.69202,0.96488,-1.74768
6003.70000,-1.69375,0.95524,-1.73291
6003.75000,-1.69386,0.95131,-1.72019
6003.80000,-1.69391,0.95093,-1.70349
6003.85000,-1.69395,0.95065,-1.68604
6003.90000,-1.69398,0.95021,-1.66802
6003.95000,-1.69402,0.94957,-1.64919
6004.00000,-1.69404,0.94908,-1.63082
6004.05000,-1.69405,0.94878,-1.61226
6004.10000,-1.69406,0.94845,-1.59452
6004.15000,-1.69407,0.94778,-1.57589
6004.20000,-1.69407,0.94753,-1.55758
6004.25000,-1.69405,0.94694,-1.53904
6004.30000,-1.69405,0.94672,-1.52140
6004.35000,-1.69401,0.94605,-1.50214
6004.40000,-1.69396,0.94530,-1.48222
6004.45000,-1.69392,0.94477,-1.46273
6004.50000,-1.69387,0.94410,-1.44214
6004.55000,-1.69380,0.94342,-1.42145
6004.60000,-1.69377,0.94299,-1.40128
6004.65000,-1.69372,0.94255,-1.38100
6004.70000,-1.69292,0.93975,-1.36081
6004.75000,-1.69097,0.93158,-1.34187
6004.80000,-1.68850,0.92141,-1.32155
6004.85000,-1.68591,0.91127,-1.30092
6004.90000,-1.68448,0.90261,-1.27923
6004.95000,-1.68431,0.90028,-1.25591
6005.00000,-1.68408,0.89957,-1.22921
6005.05000,-1.68384,0.89885,-1.20309
6005.10000,-1.68358,0.89816,-1.17797
6005.15000,-1.68330,0.89747,-1.15359
6005.20000,-1.68302,0.89685,-1.13031
6005.25000,-1.68169,0.89489,-1.10633
6005.30000,-1.67748,0.88738,-1.08575
6005.35000,-1.67274,0.87863,-1.06484
6005.40000,-1.66770,0.86972,-1.04334
6005.45000,-1.66248,0.86100,-1.02041
6005.50000,-1.65695,0.85216,-0.99793
6005.55000,-1.65142,0.84382,-0.97293
6005.60000,-1.64606,0.83591,-0.94876
6005.65000,-1.64462,0.83242,-0.92391
6005.70000,-1.64411,0.83176,-0.89678
6005.75000,-1.64370,0.83126,-0.87004
6005.80000,-1.64194,0.82932,-0.84274
6005.85000,-1.63609,0.82295,-0.81920
6005.90000,-1.62955,0.81610,-0.79756
6005.95000,-1.62289,0.80943,-0.77493
6006.00000,-1.61609,0.80293,-0.75094
6006.05000,-1.60878,0.79627,-0.72543
6006.10000,-1.60088,0.78924,-0.69983
6006.15000,-1.59801,0.78705,-0.67507
6006.20000,-1.59742,0.78659,-0.64369
6006.25000,-1.59688,0.78618,-0.61273
6006.30000,-1.59630,0.78580,-0.58210
6006.35000,-1.59590,0.78553,-0.55395
6006.40000,-1.59525,0.78515,-0.52547
6006.45000,-1.59312,0.78377,-0.49807
6006.50000,-1.58596,0.77976,-0.47328
6006.55000,-1.57705,0.77535,-0.44891
6006.60000,-1.56824,0.77111,-0.42464
6006.65000,-1.56403,0.77055,-0.40256
6006.70000,-1.56339,0.77031,-0.37100
6006.75000,-1.56252,0.76997,-0.33781
6006.80000,-1.56165,0.76967,-0.30523
6006.85000,-1.56078,0.76940,-0.27316
6006.90000,-1.55992,0.76916,-0.24160
6006.95000,-1.55906,0.76895,-0.21051
6007.00000,-1.55821,0.76877,-0.18013
6007.05000,-1.55617,0.76826,-0.15036
6007.10000,-1.54885,0.76719,-0.12194
6007.15000,-1.53905,0.76611,-0.09674
6007.20000,-1.52973,0.76533,-0.06974
6007.25000,-1.52043,0.76481,-0.04242
6007.30000,-1.51111,0.76454,-0.01519
6007.35000,-1.50179,0.76453,0.01183
6007.40000,-1.49246,0.76476,0.03849
6007.45000,-1.48312,0.76524,0.06464
6007.50000,-1.47379,0.76597,0.09015
6007.55000,-1.46446,0.76693,0.11487
6007.60000,-1.45513,0.76812,0.13862
6007.65000,-1.44580,0.76953,0.16125
6007.70000,-1.43647,0.77115,0.18258
6007.75000,-1.42715,0.77297,0.20246
6007.80000,-1.41782,0.77497,0.22074
6007.85000,-1.40807,0.77721,0.23714
6007.90000,-1.39815,0.77966,0.25219
6007.95000,-1.38849,0.78222,0.26653
6008.00000,-1.37867,0.78496,0.27922
6008.05000,-1.36892,0.78782,0.29091
6008.10000,-1.36357,0.78846,0.30582
6008.15000,-1.36331,0.78850,0.31652
6008.20000,-1.36319,0.78854,0.32688
6008.25000,-1.36308,0.78857,0.33724
6008.30000,-1.36297,0.78861,0.34759
6008.35000,-1.36286,0.78864,0.35793
6008.40000,-1.36275,0.78868,0.36822
6008.45000,-1.36264,0.78871,0.37850
6008.50000,-1.36253,0.78874,0.38877
6008.55000,-1.36242,0.78877,0.39903
6008.60000,-1.36232,0.78881,0.40929
6008.65000,-1.36221,0.78883,0.41901
6008.70000,-1.36212,0.78887,0.42386
6008.75000,-1.36204,0.78890,0.42426
6008.80000,-1.36197,0.78893,0.42304
6008.85000,-1.36189,0.78897,0.42093
6008.90000,-1.36182,0.78900,0.41833
6008.95000,-1.36174,0.78903,0.41537
6009.00000,-1.36167,0.78907,0.41208
6009.05000,-1.36159,0.78910,0.40861
6009.10000,-1.36152,0.78913,0.40545
6009.15000,-1.36145,0.78916,0.40284
6009.20000,-1.36138,0.78919,0.40089
6009.25000,-1.36132,0.78922,0.39953
6009.30000,-1.36125,0.78924,0.39874
6009.35000,-1.36119,0.78927,0.39845
6009.40000,-1.36113,0.78929,0.39863
6009.45000,-1.36107,0.78932,0.39915
6009.50000,-1.36102,0.78934,0.40003
6009.55000,-1.36096,0.78937,0.40123
6009.60000,-1.36091,0.78939,0.40227
6009.65000,-1.36085,0.78941,0.40308
6009.70000,-1.36079,0.78944,0.40372
6009.75000,-1.36074,0.78946,0.40445
6009.80000,-1.36067,0.78949,0.40577
6009.85000,-1.35927,0.79083,0.40815
6009.90000,-1.35354,0.79458,0.41202
6009.95000,-1.34443,0.79862,0.41841
6010.00000,-1.33526,0.80273,0.42423
6010.05000,-1.32605,0.80691,0.42879
6010.10000,-1.31693,0.81109,0.43153
6010.15000,-1.30784,0.81528,0.43264
6010.20000,-1.29875,0.81947,0.43344
6010.25000,-1.29007,0.82328,0.43455
6010.30000,-1.28534,0.82406,0.43624
6010.35000,-1.28333,0.82441,0.43349
6010.40000,-1.28346,0.82436,0.42368
6010.45000,-1.28347,0.82435,0.41316
6010.50000,-1.28344,0.82437,0.40225
6010.55000,-1.28353,0.82433,0.39296
6010.60000,-1.28347,0.82436,0.38414
6010.65000,-1.28347,0.82436,0.37753
6010.70000,-1.28162,0.82579,0.37170
6010.75000,-1.27383,0.82912,0.36951
6010.80000,-1.26451,0.83275,0.37366
6010.85000,-1.25521,0.83642,0.37844
6010.90000,-1.24592,0.84014,0.38317
6010.95000,-1.23666,0.84390,0.38740
6011.00000,-1.22736,0.84771,0.39053
6011.05000,-1.21810,0.85152,0.39176
6011.10000,-1.20890,0.85532,0.39040
6011.15000,-1.19969,0.85909,0.38873
6011.20000,-1.19477,0.85985,0.38730
6011.25000,-1.19456,0.85982,0.37653
6011.30000,-1.19482,0.85972,0.36355
6011.35000,-1.19507,0.85963,0.35078
6011.40000,-1.19531,0.85955,0.33907
6011.45000,-1.19547,0.85950,0.33007
6011.50000,-1.19395,0.86068,0.32192
6011.55000,-1.18717,0.86346,0.31629
6011.60000,-1.17778,0.86658,0.32009
6011.65000,-1.16823,0.86979,0.32657
6011.70000,-1.15868,0.87305,0.33427
6011.75000,-1.14911,0.87642,0.34279
6011.80000,-1.13967,0.87982,0.35117
6011.85000,-1.13021,0.88332,0.35758
6011.90000,-1.12082,0.88684,0.36073
6011.95000,-1.11148,0.89036,0.36031
6012.00000,-1.10216,0.89385,0.35628
6012.05000,-1.09288,0.89728,0.35136
6012.10000,-1.08506,0.89941,0.34727
6012.15000,-1.08304,0.89912,0.33991
6012.20000,-1.08306,0.89909,0.32732
6012.25000,-1.08305,0.89909,0.31845
6012.30000,-1.08183,0.90006,0.31130
6012.35000,-1.07664,0.90256,0.30673
6012.40000,-1.06758,0.90553,0.31159
6012.45000,-1.05802,0.90865,0.32031
6012.50000,-1.04841,0.91187,0.32975
6012.55000,-1.03890,0.91517,0.33725
6012.60000,-1.02942,0.91850,0.34199
6012.65000,-1.02001,0.92186,0.34347
6012.70000,-1.01063,0.92520,0.34138
6012.75000,-1.00124,0.92850,0.33599
6012.80000,-0.99191,0.93170,0.33062
6012.85000,-0.98336,0.93414,0.32591
6012.90000,-0.97739,0.93557,0.32160
6012.95000,-0.96816,0.93866,0.31709
6013.00000,-0.95869,0.94176,0.31723
6013.05000,-0.94920,0.94490,0.32020
6013.10000,-0.93971,0.94807,0.32528
6013.15000,-0.93026,0.95129,0.33081
6013.20000,-0.92078,0.95457,0.33463
6013.25000,-0.91135,0.95785,0.33627
6013.30000,-0.90192,0.96115,0.33583
6013.35000,-0.89253,0.96440,0.33290
6013.40000,-0.88319,0.96759,0.32739
6013.45000,-0.87386,0.97071,0.32081
6013.50000,-0.86448,0.97379,0.31515
6013.55000,-0.85503,0.97686,0.31153
6013.60000,-0.84553,0.97991,0.31093
6013.65000,-0.83601,0.98298,0.31435
6013.70000,-0.82653,0.98609,0.32124
6013.75000,-0.81705,0.98923,0.32872
6013.80000,-0.81208,0.98985,0.33740
6013.85000,-0.81172,0.98994,0.35012
6013.90000,-0.81152,0.99003,0.36404
6013.95000,-0.81131,0.99010,0.37834
6014.00000,-0.81096,0.99024,0.39372
6014.05000,-0.81064,0.99037,0.40940
6014.10000,-0.81030,0.99051,0.42512
6014.15000,-0.80991,0.99069,0.44188
6014.20000,-0.80947,0.99089,0.46048
6014.25000,-0.80899,0.99111,0.48049
6014.30000,-0.80848,0.99137,0.50180
6014.35000,-0.80795,0.99167,0.52486
6014.40000,-0.80739,0.99200,0.54957
6014.45000,-0.80686,0.99233,0.57579
6014.50000,-0.80625,0.99273,0.60338
6014.55000,-0.80564,0.99316,0.63174
6014.60000,-0.80503,0.99362,0.66036
6014.65000,-0.80444,0.99408,0.68900
6014.70000,-0.80386,0.99457,0.71740
6014.75000,-0.80330,0.99507,0.74554
6014.80000,-0.80275,0.99559,0.77327
6014.85000,-0.80222,0.99611,0.80083
6014.90000,-0.80170,0.99664,0.82796
6014.95000,-0.80121,0.99718,0.85483
6015.00000,-0.80073,0.99773,0.88165
6015.05000,-0.80025,0.99830,0.90847
6015.10000,-0.79979,0.99888,0.93540
6015.15000,-0.79934,0.99948,0.96247
6015.20000,-0.79891,1.00010,0.98967
6015.25000,-0.79850,1.00072,1.01682
6015.30000,-0.79810,1.00137,1.04378
6015.35000,-0.79771,1.00202,1.07047
6015.40000,-0.79736,1.00266,1.09683
6015.45000,-0.79704,1.00332,1.12280
6015.50000,-0.79673,1.00397,1.14821
6015.55000,-0.79644,1.00463,1.17322
6015.60000,-0.79617,1.00529,1.19779
6015.65000,-0.79591,1.00595,1.22192
6015.70000,-0.79568,1.00660,1.24569
6015.75000,-0.79452,1.00925,1.26801
6015.80000,-0.79185,1.01777,1.28865
6015.85000,-0.78902,1.02797,1.31201
6015.90000,-0.78643,1.03823,1.33510
6015.95000,-0.78408,1.04853,1.35778
6016.00000,-0.78200,1.05872,1.37922
6016.05000,-0.78012,1.06899,1.40003
6016.10000,-0.77851,1.07893,1.41803
6016.15000,-0.77707,1.08886,1.43355
6016.20000,-0.77575,1.09868,1.44134
6016.25000,-0.77462,1.10812,1.44057
6016.30000,-0.77377,1.11587,1.42534
6016.35000,-0.77321,1.11937,1.38827
6016.40000,-0.77303,1.12027,1.33915
6016.45000,-0.77302,1.12032,1.28604
6016.50000,-0.77301,1.12036,1.23289
6016.55000,-0.77300,1.12038,1.17994
6016.60000,-0.77299,1.12040,1.12726
6016.65000,-0.77298,1.12042,1.07487
6016.70000,-0.77297,1.12043,1.02262
6016.75000,-0.77297,1.12044,0.97050
6016.80000,-0.77296,1.12045,0.91854
6016.85000,-0.77295,1.12047,0.86678
6016.90000,-0.77294,1.12048,0.81522
6016.95000,-0.77293,1.12049,0.76391
6017.00000,-0.77292,1.12050,0.71289
6017.05000,-0.77291,1.12050,0.66326
6017.10000,-0.77305,1.12039,0.62253
6017.15000,-0.77332,1.12020,0.60516
6017.20000,-0.77297,1.12049,0.61642
6017.25000,-0.77252,1.12081,0.64002
6017.30000,-0.77204,1.12116,0.66412
6017.35000,-0.77156,1.12154,0.68848
6017.40000,-0.77109,1.12194,0.71273
6017.45000,-0.77060,1.12237,0.73697
6017.50000,-0.77013,1.12282,0.76114
6017.55000,-0.76967,1.12327,0.78523
6017.60000,-0.76922,1.12373,0.80924
6017.65000,-0.76879,1.12420,0.83316
6017.70000,-0.76836,1.12468,0.85698
6017.75000,-0.76795,1.12517,0.88068
6017.80000,-0.76756,1.12567,0.90425
6017.85000,-0.76718,1.12615,0.92750
6017.90000,-0.76679,1.12666,0.95054
6017.95000,-0.76644,1.12714,0.97322
6018.00000,-0.76608,1.12767,0.99577
6018.05000,-0.76574,1.12820,1.01836
6018.10000,-0.76541,1.12875,1.04068
6018.15000,-0.76509,1.12931,1.06274
6018.20000,-0.76478,1.12985,1.08465
6018.25000,-0.76449,1.13041,1.10639
6018.30000,-0.76420,1.13096,1.12792
6018.35000,-0.76393,1.13151,1.14924
6018.40000,-0.76367,1.13211,1.17034
6018.45000,-0.76344,1.13264,1.19126
6018.50000,-0.76322,1.13319,1.21192
6018.55000,-0.76309,1.13355,1.23151
6018.60000,-0.76300,1.13390,1.25062
6018.65000,-0.76295,1.13405,1.26878
6018.70000,-0.76292,1.13414,1.28643
6018.75000,-0.76289,1.13424,1.30384
6018.80000,-0.76286,1.13435,1.32101
6018.85000,-0.76283,1.13447,1.33795
6018.90000,-0.76281,1.13458,1.35468
6018.95000,-0.76278,1.13470,1.37122
6019.00000,-0.76206,1.13688,1.38681
6019.05000,-0.76044,1.14526,1.40163
6019.10000,-0.75883,1.15513,1.41759
6019.15000,-0.75739,1.16503,1.43355
6019.20000,-0.75610,1.17494,1.44950
6019.25000,-0.75497,1.18488,1.46550
6019.30000,-0.75400,1.19483,1.48158
6019.35000,-0.75319,1.20480,1.49784
6019.40000,-0.75254,1.21478,1.51438
6019.45000,-0.75206,1.22477,1.53140
6019.50000,-0.75176,1.23480,1.54940
6019.55000,-0.75154,1.24480,1.56724
6019.60000,-0.75155,1.25028,1.58447
6019.65000,-0.75155,1.25079,1.60860
6019.70000,-0.75155,1.25082,1.63749
6019.75000,-0.75156,1.25085,1.66613
6019.80000,-0.75156,1.25087,1.69436
6019.85000,-0.75156,1.25090,1.72193
6019.90000,-0.75157,1.25093,1.74811
6019.95000,-0.75157,1.25096,1.77260
6020.00000,-0.75158,1.25100,1.79562
6020.05000,-0.75159,1.25103,1.81772
6020.10000,-0.75160,1.25107,1.83912
6020.15000,-0.75245,1.25278,1.86040
6020.20000,-0.75506,1.25960,1.87998
6020.25000,-0.75820,1.26907,1.90089
6020.30000,-0.76142,1.27851,1.92180
6020.35000,-0.76215,1.28245,1.94835
6020.40000,-0.76236,1.28326,1.99501
6020.45000,-0.76241,1.28336,2.05387
6020.50000,-0.76243,1.28338,2.11341
6020.55000,-0.76244,1.28341,2.17245
6020.60000,-0.76246,1.28343,2.23090
6020.65000,-0.76248,1.28346,2.28844
6020.70000,-0.76250,1.28348,2.34393
6020.75000,-0.76252,1.28350,2.39607
6020.80000,-0.76254,1.28352,2.44452
6020.85000,-0.76256,1.28353,2.48936
6020.90000,-0.76259,1.28355,2.53095
6020.95000,-0.76261,1.28356,2.56953
6021.00000,-0.76310,1.28387,2.60817
6021.05000,-0.76394,1.28435,2.64757
6021.10000,-0.76484,1.28482,2.68686
6021.15000,-0.76575,1.28525,2.72608
6021.20000,-0.76673,1.28569,2.76536
6021.25000,-0.76761,1.28604,2.80445
6021.30000,-0.76855,1.28635,2.84288
6021.35000,-0.76944,1.28661,2.87962
6021.40000,-0.77157,1.28735,2.91575
6021.45000,-0.77868,1.28910,2.94875
6021.50000,-0.78883,1.29090,2.98046
6021.55000,-0.79805,1.29223,3.01435
6021.60000,-0.80710,1.29323,3.04990
6021.65000,-0.81618,1.29390,3.08568
6021.70000,-0.82529,1.29424,3.12111
6021.75000,-0.83442,1.29427,-3.12742
6021.80000,-0.84358,1.29399,-3.09402
6021.85000,-0.85277,1.29341,-3.06234
6021.90000,-0.86199,1.29254,-3.03287
6021.95000,-0.87124,1.29140,-3.00612
6022.00000,-0.88055,1.29002,-2.98257
6022.05000,-0.89023,1.28837,-2.96358
6022.10000,-0.89966,1.28670,-2.94422
6022.15000,-0.90504,1.28640,-2.92533
6022.20000,-0.90680,1.28623,-2.91077
6022.25000,-0.90691,1.28621,-2.90475
6022.30000,-0.90697,1.28620,-2.89929
6022.35000,-0.90701,1.28619,-2.89451
6022.40000,-0.90706,1.28617,-2.89105
6022.45000,-0.90711,1.28616,-2.88829
6022.50000,-0.90717,1.28614,-2.88554
6022.55000,-0.90722,1.28613,-2.88444
6022.60000,-0.90727,1.28612,-2.88433
6022.65000,-0.90730,1.28612,-2.88499
6022.70000,-0.90732,1.28613,-2.88618
6022.75000,-0.90733,1.28614,-2.88750
6022.80000,-0.90735,1.28615,-2.88860
6022.85000,-0.90738,1.28615,-2.88943
6022.90000,-0.90741,1.28616,-2.89009
6022.95000,-0.90744,1.28616,-2.89050
6023.00000,-0.90749,1.28617,-2.89058
6023.05000,-0.90753,1.28617,-2.89037
6023.10000,-0.90758,1.28617,-2.89021
6023.15000,-0.90763,1.28617,-2.89032
6023.20000,-0.90766,1.28617,-2.89081
6023.25000,-0.90769,1.28618,-2.89165
6023.30000,-0.90772,1.28619,-2.89283
6023.35000,-0.90773,1.28620,-2.89435
6023.40000,-0.90773,1.28621,-2.89621
6023.45000,-0.90773,1.28622,-2.89840
6023.50000,-0.90772,1.28624,-2.90090
6023.55000,-0.90770,1.28626,-2.90373
6023.60000,-0.90767,1.28628,-2.90690
6023.65000,-0.90764,1.28630,-2.91034
6023.70000,-0.90760,1.28633,-2.91414
6023.75000,-0.90755,1.28635,-2.91822
6023.80000,-0.90749,1.28638,-2.92267
6023.85000,-0.90743,1.28640,-2.92743
6023.90000,-0.90735,1.28643,-2.93257
6023.95000,-0.90727,1.28646,-2.93808
6024.00000,-0.90718,1.28650,-2.94402
6024.05000,-0.90708,1.28653,-2.95035
6024.10000,-0.90697,1.28657,-2.95709
6024.15000,-0.90685,1.28660,-2.96412
6024.20000,-0.90672,1.28664,-2.97136
6024.25000,-0.90660,1.28667,-2.97879
6024.30000,-0.90646,1.28671,-2.98643
6024.35000,-0.90632,1.28674,-2.99426
6024.40000,-0.90618,1.28677,-3.00226
6024.45000,-0.90604,1.28681,-3.01041
6024.50000,-0.90589,1.28684,-3.01869
6024.55000,-0.90574,1.28687,-3.02699
6024.60000,-0.90558,1.28690,-3.03546
6024.65000,-0.90543,1.28693,-3.04399
6024.70000,-0.90527,1.28696,-3.05254
6024.75000,-0.90511,1.28698,-3.06113
6024.80000,-0.90495,1.28701,-3.06962
6024.85000,-0.90480,1.28703,-3.07785
6024.90000,-0.90467,1.28705,-3.08557
6024.95000,-0.90454,1.28707,-3.09266
6025.00000,-0.90444,1.28709,-3.09893
6025.05000,-0.90436,1.28711,-3.10419
6025.10000,-0.90558,1.28697,-3.10892
6025.15000,-0.91013,1.28667,-3.11363
6025.20000,-0.91819,1.28642,-3.11856
6025.25000,-0.92816,1.28621,-3.12286
6025.30000,-0.93806,1.28603,-3.12749
6025.35000,-0.94739,1.28593,-3.13197
6025.40000,-0.95285,1.28593,-3.13640
6025.45000,-0.95441,1.28593,3.14044
6025.50000,-0.95448,1.28593,3.12821
6025.55000,-0.95454,1.28593,3.11566
6025.60000,-0.95460,1.28593,3.10302
6025.65000,-0.95466,1.28593,3.09016
6025.70000,-0.95472,1.28594,3.07698
6025.75000,-0.95478,1.28594,3.06360
6025.80000,-0.95484,1.28595,3.05017
6025.85000,-0.95491,1.28595,3.03685
6025.90000,-0.95498,1.28596,3.02371
6025.95000,-0.95505,1.28597,3.01080
6026.00000,-0.95511,1.28598,2.99827
6026.05000,-0.95518,1.28599,2.98610
6026.10000,-0.95525,1.28600,2.97416
6026.15000,-0.95532,1.28601,2.96237
6026.20000,-0.95539,1.28603,2.95061
6026.25000,-0.95546,1.28604,2.93884
6026.30000,-0.95554,1.28606,2.92707
6026.35000,-0.95561,1.28607,2.91536
6026.40000,-0.95568,1.28609,2.90370
6026.45000,-0.95575,1.28611,2.89208
6026.50000,-0.95582,1.28612,2.88050
6026.55000,-0.95589,1.28614,2.86902
6026.60000,-0.95596,1.28616,2.85764
6026.65000,-0.95603,1.28618,2.84603
6026.70000,-0.95610,1.28621,2.83386
6026.75000,-0.95617,1.28623,2.82104
6026.80000,-0.95625,1.28626,2.80765
6026.85000,-0.95632,1.28628,2.79383
6026.90000,-0.95640,1.28631,2.77973
6026.95000,-0.95647,1.28634,2.76546
6027.00000,-0.95655,1.28637,2.75108
6027.05000,-0.95663,1.28640,2.73666
6027.10000,-0.95670,1.28644,2.72225
6027.15000,-0.95678,1.28647,2.70780
6027.20000,-0.95686,1.28651,2.69329
6027.25000,-0.95694,1.28655,2.67871
6027.30000,-0.95702,1.28659,2.66405
6027.35000,-0.95710,1.28663,2.64934
6027.40000,-0.95718,1.28667,2.63464
6027.45000,-0.95726,1.28672,2.62001
6027.50000,-0.95904,1.28817,2.60514
6027.55000,-0.96609,1.29276,2.59057
6027.60000,-0.97424,1.29785,2.57508
6027.65000,-0.98233,1.30308,2.56008
6027.70000,-0.99039,1.30847,2.54534
6027.75000,-0.99831,1.31394,2.53002
6027.80000,-1.00623,1.31959,2.51482
6027.85000,-1.01404,1.32535,2.49923
6027.90000,-1.02169,1.33118,2.48301
6027.95000,-1.02924,1.33714,2.46663
6028.00000,-1.03669,1.34321,2.45018
6028.05000,-1.04401,1.34939,2.43345
6028.10000,-1.05122,1.35570,2.41658
6028.15000,-1.05833,1.36212,2.39960
6028.20000,-1.06532,1.36866,2.38251
6028.25000,-1.07220,1.37532,2.36533
6028.30000,-1.07896,1.38210,2.34806
6028.35000,-1.08560,1.38899,2.33071
6028.40000,-1.09211,1.39599,2.31330
6028.45000,-1.09851,1.40310,2.29584
6028.50000,-1.10478,1.41033,2.27833
6028.55000,-1.11092,1.41766,2.26079
6028.60000,-1.11693,1.42510,2.24323
6028.65000,-1.12282,1.43265,2.22585
6028.70000,-1.12857,1.44030,2.20886
6028.75000,-1.13421,1.44806,2.19249
6028.80000,-1.13973,1.45592,2.17691
6028.85000,-1.14529,1.46408,2.16308
6028.90000,-1.15077,1.47234,2.15027
6028.95000,-1.15613,1.48066,2.13804
6029.00000,-1.16140,1.48904,2.12660
6029.05000,-1.16647,1.49730,2.11433
6029.10000,-1.17155,1.50583,2.10270
6029.15000,-1.17653,1.51442,2.09062
6029.20000,-1.18145,1.52313,2.07837
6029.25000,-1.18625,1.53190,2.06574
6029.30000,-1.19095,1.54073,2.05279
6029.35000,-1.19552,1.54962,2.03960
6029.40000,-1.19983,1.55831,2.02490
6029.45000,-1.20400,1.56701,2.00984
6029.50000,-1.20803,1.57577,1.99461
6029.55000,-1.21193,1.58458,1.97930
6029.60000,-1.21573,1.59354,1.96449
6029.65000,-1.21938,1.60253,1.94974
6029.70000,-1.22293,1.61164,1.93545
6029.75000,-1.22641,1.62095,1.92197
6029.80000,-1.22966,1.63003,1.90743
6029.85000,-1.23278,1.63916,1.89320
6029.90000,-1.23578,1.64833,1.87931
6029.95000,-1.23865,1.65756,1.86589
6030.00000,-1.24140,1.66684,1.85289
6030.05000,-1.24405,1.67617,1.84030
6030.10000,-1.24658,1.68555,1.82831
6030.15000,-1.24900,1.69496,1.81689
6030.20000,-1.25132,1.70441,1.80599
6030.25000,-1.25354,1.71389,1.79568
6030.30000,-1.25568,1.72342,1.78649
6030.35000,-1.25773,1.73298,1.77784
6030.40000,-1.25972,1.74259,1.76983
6030.45000,-1.26163,1.75224,1.76238
6030.50000,-1.26348,1.76192,1.75544
6030.55000,-1.26526,1.77165,1.74858
6030.60000,-1.26698,1.78139,1.74220
6030.65000,-1.26865,1.79114,1.73627
6030.70000,-1.27026,1.80092,1.73102
6030.75000,-1.27182,1.81073,1.72638
6030.80000,-1.27335,1.82054,1.72225
6030.85000,-1.27484,1.83037,1.71872
6030.90000,-1.27629,1.84021,1.71587
6030.95000,-1.27772,1.85009,1.71397
6031.00000,-1.27914,1.85997,1.71286
6031.05000,-1.28055,1.86987,1.71232
6031.10000,-1.28196,1.87976,1.71210
6031.15000,-1.28337,1.88967,1.71122
6031.20000,-1.28475,1.89953,1.70885
6031.25000,-1.28609,1.90934,1.70386
6031.30000,-1.28736,1.91904,1.69540
6031.35000,-1.28851,1.92866,1.68298
6031.40000,-1.28950,1.93814,1.66611
6031.45000,-1.29034,1.94761,1.64934
6031.50000,-1.29048,1.95146,1.63146
6031.55000,-1.29046,1.95097,1.60489
6031.60000,-1.29045,1.95032,1.57681
6031.65000,-1.29045,1.94970,1.54883
6031.70000,-1.29047,1.94906,1.52123
6031.75000,-1.29051,1.94839,1.49250
6031.80000,-1.29056,1.94766,1.46124
6031.85000,-1.29067,1.94685,1.42648
6031.90000,-1.29078,1.94615,1.38872
6031.95000,-1.29090,1.94556,1.34875
6032.00000,-1.29103,1.94506,1.30752
6032.05000,-1.29109,1.94481,1.26615
6032.10000,-1.29105,1.94492,1.22543
6032.15000,-1.29100,1.94505,1.18423
6032.20000,-1.29094,1.94520,1.14263
6032.25000,-1.29086,1.94536,1.10072
6032.30000,-1.29076,1.94554,1.05861
6032.35000,-1.29065,1.94574,1.01638
6032.40000,-1.29051,1.94596,0.97416
6032.45000,-1.29035,1.94618,0.93215
6032.50000,-1.29017,1.94640,0.89050
6032.55000,-1.28999,1.94663,0.84935
6032.60000,-1.28979,1.94684,0.80872
6032.65000,-1.28959,1.94705,0.76860
6032.70000,-1.28937,1.94724,0.72898
6032.75000,-1.28915,1.94743,0.68987
6032.80000,-1.28892,1.94762,0.65117
6032.85000,-1.28867,1.94780,0.61268
6032.90000,-1.28840,1.94798,0.57430
6032.95000,-1.28809,1.94817,0.53611
6033.00000,-1.28775,1.94837,0.49815
6033.05000,-1.28738,1.94856,0.46045
6033.10000,-1.28696,1.94876,0.42303
6033.15000,-1.28650,1.94895,0.38590
6033.20000,-1.28600,1.94915,0.34906
6033.25000,-1.28546,1.94933,0.31254
6033.30000,-1.28486,1.94951,0.27635
6033.35000,-1.28422,1.94968,0.24050
6033.40000,-1.28352,1.94984,0.20498
6033.45000,-1.28276,1.94999,0.16979
6033.50000,-1.28195,1.95011,0.13502
6033.55000,-1.28112,1.95021,0.10073
6033.60000,-1.28026,1.95028,0.06699
6033.65000,-1.27743,1.95049,0.03367
6033.70000,-1.26973,1.95063,0.00138
6033.75000,-1.26067,1.95048,-0.03376
6033.80000,-1.25153,1.94999,-0.06842
6033.85000,-1.24237,1.94920,-0.10216
6033.90000,-1.23324,1.94809,-0.13533
6033.95000,-1.22414,1.94669,-0.16784
6034.00000,-1.21509,1.94500,-0.19983
6034.05000,-1.20607,1.94302,-0.23121
6034.10000,-1.19711,1.94076,-0.26203
6034.15000,-1.18822,1.93823,-0.29232
6034.20000,-1.17939,1.93543,-0.32215
6034.25000,-1.17054,1.93233,-0.35097
6034.30000,-1.16169,1.92893,-0.37895
6034.35000,-1.15295,1.92530,-0.40657
6034.40000,-1.14446,1.92148,-0.43445
6034.45000,-1.13607,1.91743,-0.46194
6034.50000,-1.12778,1.91314,-0.48901
6034.55000,-1.11961,1.90863,-0.51570
6034.60000,-1.11154,1.90390,-0.54209
6034.65000,-1.10361,1.89896,-0.56831
6034.70000,-1.09580,1.89381,-0.59451
6034.75000,-1.08814,1.88846,-0.62090
6034.80000,-1.08063,1.88292,-0.64767
6034.85000,-1.07328,1.87718,-0.67504
6034.90000,-1.06611,1.87125,-0.70317
6034.95000,-1.05906,1.86508,-0.73176
6035.00000,-1.05219,1.85872,-0.76117
6035.05000,-1.04549,1.85213,-0.79131
6035.10000,-1.03857,1.84492,-0.82008
6035.15000,-1.03186,1.83751,-0.84968
6035.20000,-1.02537,1.82990,-0.88021
6035.25000,-1.01912,1.82209,-0.91151
6035.30000,-1.01313,1.81410,-0.94339
6035.35000,-1.00739,1.80591,-0.97565
6035.40000,-1.00192,1.79754,-1.00806
6035.45000,-0.99672,1.78899,-1.04038
6035.50000,-0.99180,1.78029,-1.07240
6035.55000,-0.98716,1.77143,-1.10390
6035.60000,-0.98280,1.76243,-1.13471
6035.65000,-0.97871,1.75331,-1.16465
6035.70000,-0.97518,1.74474,-1.19633
6035.75000,-0.97194,1.73611,-1.22709
6035.80000,-0.96895,1.72734,-1.25627
6035.85000,-0.96618,1.71844,-1.28367
6035.90000,-0.96365,1.70944,-1.30920
6035.95000,-0.96132,1.70032,-1.33257
6036.00000,-0.95918,1.69110,-1.35390
6036.05000,-0.95722,1.68179,-1.37315
6036.10000,-0.95533,1.67246,-1.39213
6036.15000,-0.95499,1.66885,-1.40851
6036.20000,-0.95498,1.66872,-1.42324
6036.25000,-0.95497,1.66868,-1.43731
6036.30000,-0.95497,1.66869,-1.45083
6036.35000,-0.95495,1.66865,-1.46316
6036.40000,-0.95493,1.66840,-1.47391
6036.45000,-0.95490,1.66803,-1.48420
6036.50000,-0.95487,1.66770,-1.49369
6036.55000,-0.95484,1.66727,-1.50064
6036.60000,-0.95481,1.66683,-1.50711
6036.65000,-0.95478,1.66640,-1.51228
6036.70000,-0.95475,1.66587,-1.51655
6036.75000,-0.95473,1.66532,-1.52003
6036.80000,-0.95470,1.66465,-1.52270
6036.85000,-0.95466,1.66389,-1.52444
6036.90000,-0.95462,1.66306,-1.52547
6036.95000,-0.95459,1.66219,-1.52650
6037.00000,-0.95455,1.66126,-1.52691
6037.05000,-0.95450,1.66018,-1.52630
6037.10000,-0.95444,1.65899,-1.52508
6037.15000,-0.95438,1.65771,-1.52342
6037.20000,-0.95432,1.65637,-1.52125
6037.25000,-0.95425,1.65500,-1.51880
6037.30000,-0.95417,1.65360,-1.51607
6037.35000,-0.95409,1.65218,-1.51297
6037.40000,-0.95401,1.65077,-1.50952
6037.45000,-0.95391,1.64931,-1.50561
6037.50000,-0.95382,1.64788,-1.50160
6037.55000,-0.95371,1.64640,-1.49720
6037.60000,-0.95360,1.64488,-1.49256
6037.65000,-0.95347,1.64330,-1.48769
6037.70000,-0.95333,1.64164,-1.48275
6037.75000,-0.95318,1.63987,-1.47748
6037.80000,-0.95301,1.63801,-1.47201
6037.85000,-0.95282,1.63605,-1.46621
6037.90000,-0.95260,1.63399,-1.46024
6037.95000,-0.95235,1.63180,-1.45415
6038.00000,-0.95207,1.62950,-1.44790
6038.05000,-0.95176,1.62705,-1.44148
6038.10000,-0.95142,1.62445,-1.43492
6038.15000,-0.95104,1.62171,-1.42813
6038.20000,-0.95062,1.61883,-1.42141
6038.25000,-0.95016,1.61583,-1.41467
6038.30000,-0.94966,1.61275,-1.40783
6038.35000,-0.94914,1.60963,-1.40086
6038.40000,-0.94859,1.60649,-1.39388
6038.45000,-0.94802,1.60336,-1.38688
6038.50000,-0.94743,1.60027,-1.37992
6038.55000,-0.94683,1.59719,-1.37283
6038.60000,-0.94620,1.59410,-1.36558
6038.65000,-0.94554,1.59099,-1.35826
6038.70000,-0.94486,1.58789,-1.35116
6038.75000,-0.94413,1.58466,-1.34370
6038.80000,-0.94335,1.58133,-1.33616
6038.85000,-0.94252,1.57790,-1.32859
6038.90000,-0.94163,1.57435,-1.32099
6038.95000,-0.94068,1.57070,-1.31328
6039.00000,-0.93969,1.56694,-1.30562
6039.05000,-0.93863,1.56307,-1.29797
6039.10000,-0.93750,1.55905,-1.29030
6039.15000,-0.93630,1.55492,-1.28270
6039.20000,-0.93503,1.55066,-1.27520
6039.25000,-0.93369,1.54630,-1.26780
6039.30000,-0.93231,1.54190,-1.26047
6039.35000,-0.93089,1.53752,-1.25314
6039.40000,-0.92944,1.53316,-1.24595
6039.45000,-0.92797,1.52883,-1.23879
6039.50000,-0.92647,1.52454,-1.23166
6039.55000,-0.92497,1.52030,-1.22453
6039.60000,-0.92346,1.51610,-1.21746
6039.65000,-0.92191,1.51195,-1.21043
6039.70000,-0.92034,1.50783,-1.20348
6039.75000,-0.91876,1.50374,-1.19656
6039.80000,-0.91718,1.49976,-1.19005
6039.85000,-0.91438,1.49338,-1.18380
6039.90000,-0.91052,1.48399,-1.17738
6039.95000,-0.90660,1.47462,-1.17106
6040.00000,-0.90264,1.46530,-1.16496
6040.05000,-0.89861,1.45600,-1.15911
6040.10000,-0.89454,1.44673,-1.15347
6040.15000,-0.89044,1.43753,-1.14831
6040.20000,-0.88629,1.42836,-1.14326
6040.25000,-0.88209,1.41920,-1.13837
6040.30000,-0.87786,1.41009,-1.13371
6040.35000,-0.87360,1.40102,-1.12926
6040.40000,-0.86929,1.39196,-1.12493
6040.45000,-0.86496,1.38294,-1.12082
6040.50000,-0.86058,1.37392,-1.11681
6040.55000,-0.85617,1.36493,-1.11294
6040.60000,-0.85173,1.35595,-1.10922
6040.65000,-0.84726,1.34699,-1.10565
6040.70000,-0.84274,1.33804,-1.10219
6040.75000,-0.83820,1.32911,-1.09892
6040.80000,-0.83364,1.32019,-1.09576
6040.85000,-0.82905,1.31131,-1.09275
6040.90000,-0.82443,1.30242,-1.08973
6040.95000,-0.81979,1.29357,-1.08679
6041.00000,-0.81512,1.28472,-1.08379
6041.05000,-0.81043,1.27589,-1.08101
6041.10000,-0.80573,1.26709,-1.07808
6041.15000,-0.80099,1.25830,-1.07516
6041.20000,-0.79621,1.24949,-1.07214
6041.25000,-0.79141,1.24069,-1.06893
6041.30000,-0.78658,1.23190,-1.06574
6041.35000,-0.78173,1.22315,-1.06280
6041.40000,-0.77687,1.21446,-1.05986
6041.45000,-0.77201,1.20581,-1.05696
6041.50000,-0.76710,1.19713,-1.05433
6041.55000,-0.76212,1.18840,-1.05164
6041.60000,-0.75713,1.17968,-1.04900
6041.65000,-0.75213,1.17101,-1.04639
6041.70000,-0.74714,1.16240,-1.04390
6041.75000,-0.74209,1.15374,-1.04142
6041.80000,-0.73702,1.14511,-1.03865
6041.85000,-0.73195,1.13651,-1.03575
6041.90000,-0.72683,1.12790,-1.03289
6041.95000,-0.72168,1.11929,-1.03018
6042.00000,-0.71650,1.11069,-1.02753
6042.05000,-0.71130,1.10210,-1.02493
6042.10000,-0.70608,1.09352,-1.02223
6042.15000,-0.70084,1.08496,-1.01948
6042.20000,-0.69558,1.07643,-1.01677
6042.25000,-0.69029,1.06791,-1.01389
6042.30000,-0.68499,1.05942,-1.01079
6042.35000,-0.67966,1.05096,-1.00762
6042.40000,-0.67431,1.04251,-1.00438
6042.45000,-0.66893,1.03408,-1.00106
6042.50000,-0.66352,1.02567,-0.99768
6042.55000,-0.65809,1.01728,-0.99423
6042.60000,-0.65262,1.00891,-0.99072
6042.65000,-0.64713,1.00055,-0.98715
6042.70000,-0.64160,0.99222,-0.98350
6042.75000,-0.63602,0.98385,-0.98015
6042.80000,-0.63038,0.97549,-0.97666
6042.85000,-0.62473,0.96715,-0.97296
6042.90000,-0.61904,0.95882,-0.96919
6042.95000,-0.61330,0.95050,-0.96515
6043.00000,-0.60754,0.94222,-0.96098
6043.05000,-0.60175,0.93396,-0.95665
6043.10000,-0.59594,0.92575,-0.95225
6043.15000,-0.59009,0.91757,-0.94773
6043.20000,-0.58422,0.90944,-0.94312
6043.25000,-0.57831,0.90133,-0.93833
6043.30000,-0.57236,0.89325,-0.93325
6043.35000,-0.56638,0.88521,-0.92795
6043.40000,-0.56036,0.87722,-0.92235
6043.45000,-0.55426,0.86922,-0.91618
6043.50000,-0.54815,0.86130,-0.90981
6043.55000,-0.54198,0.85343,-0.90283
6043.60000,-0.53576,0.84561,-0.89543
6043.65000,-0.52945,0.83779,-0.88711
6043.70000,-0.52311,0.83007,-0.87804
6043.75000,-0.51660,0.82231,-0.86730
6043.80000,-0.51009,0.81472,-0.85575
6043.85000,-0.50353,0.80716,-0.84411
6043.90000,-0.50138,0.80446,-0.83107
6043.95000,-0.50130,0.80437,-0.81358
6044.00000,-0.50123,0.80429,-0.79656
6044.05000,-0.50108,0.80413,-0.78104
6044.10000,-0.50101,0.80406,-0.76709
6044.15000,-0.49895,0.80209,-0.75377
6044.20000,-0.49213,0.79574,-0.74353
6044.25000,-0.48473,0.78901,-0.73297
6044.30000,-0.47725,0.78236,-0.72074
6044.35000,-0.46973,0.77575,-0.70853
6044.40000,-0.46732,0.77393,-0.69589
6044.45000,-0.46714,0.77377,-0.67585
6044.50000,-0.46668,0.77340,-0.65419
6044.55000,-0.46622,0.77304,-0.63368
6044.60000,-0.46601,0.77288,-0.61541
6044.65000,-0.46571,0.77267,-0.59727
6044.70000,-0.46556,0.77257,-0.58050
6044.75000,-0.46528,0.77238,-0.56352
6044.80000,-0.46362,0.77087,-0.54819
6044.85000,-0.45760,0.76615,-0.53387
6044.90000,-0.44886,0.76105,-0.51730
6044.95000,-0.43983,0.75595,-0.50001
6045.00000,-0.43652,0.75478,-0.48087
6045.05000,-0.43643,0.75473,-0.45374
6045.10000,-0.43634,0.75469,-0.42477
6045.15000,-0.43625,0.75464,-0.39580
6045.20000,-0.43615,0.75461,-0.36664
6045.25000,-0.43605,0.75457,-0.33721
6045.30000,-0.43596,0.75454,-0.30741
6045.35000,-0.43585,0.75451,-0.27717
6045.40000,-0.43575,0.75448,-0.24642
6045.45000,-0.43565,0.75445,-0.21510
6045.50000,-0.43554,0.75443,-0.18315
6045.55000,-0.43543,0.75442,-0.15054
6045.60000,-0.43532,0.75440,-0.11722
6045.65000,-0.43521,0.75439,-0.08318
6045.70000,-0.43510,0.75438,-0.04840
6045.75000,-0.43498,0.75438,-0.01287
6045.80000,-0.43487,0.75438,0.02339
6045.85000,-0.43475,0.75438,0.06037
6045.90000,-0.43462,0.75439,0.09804
6045.95000,-0.43450,0.75441,0.13636
6046.00000,-0.43438,0.75443,0.17530
6046.05000,-0.43425,0.75445,0.21480
6046.10000,-0.43412,0.75448,0.25483
6046.15000,-0.43399,0.75452,0.29531
6046.20000,-0.43375,0.75461,0.33654
6046.25000,-0.43343,0.75475,0.37851
6046.30000,-0.43316,0.75487,0.42061
6046.35000,-0.43289,0.75500,0.46293
6046.40000,-0.43227,0.75531,0.50701
6046.45000,-0.43213,0.75539,0.54914
6046.50000,-0.43199,0.75548,0.59133
6046.55000,-0.43186,0.75557,0.63354
6046.60000,-0.43172,0.75568,0.67574
6046.65000,-0.43159,0.75579,0.71789
6046.70000,-0.43146,0.75591,0.75994
6046.75000,-0.43133,0.75604,0.80187
6046.80000,-0.43120,0.75617,0.84365
6046.85000,-0.43108,0.75631,0.88522
6046.90000,-0.43096,0.75646,0.92658
6046.95000,-0.43085,0.75662,0.96768
6047.00000,-0.43074,0.75679,1.00849
6047.05000,-0.43064,0.75696,1.04879
6047.10000,-0.43054,0.75713,1.08847
6047.15000,-0.43045,0.75731,1.12751
6047.20000,-0.43037,0.75749,1.16592
6047.25000,-0.43030,0.75767,1.20369
6047.30000,-0.43023,0.75786,1.24083
6047.35000,-0.43017,0.75805,1.27733
6047.40000,-0.43012,0.75824,1.31318
6047.45000,-0.42928,0.76034,1.34763
6047.50000,-0.42753,0.76823,1.37774
6047.55000,-0.42588,0.77749,1.41233
6047.60000,-0.42447,0.78735,1.44552
6047.65000,-0.42345,0.79677,1.47989
6047.70000,-0.42278,0.80587,1.51474
6047.75000,-0.42242,0.81502,1.54851
6047.80000,-0.42236,0.82420,1.58113
6047.85000,-0.42261,0.83341,1.61255
6047.90000,-0.42313,0.84264,1.64267
6047.95000,-0.42393,0.85188,1.67151
6048.00000,-0.42499,0.86113,1.69894
6048.05000,-0.42631,0.87039,1.72493
6048.10000,-0.42786,0.87965,1.74937
6048.15000,-0.42965,0.88891,1.77220
6048.20000,-0.43179,0.89894,1.79415
6048.25000,-0.43396,0.90891,1.81658
6048.30000,-0.43434,0.91508,1.83846
6048.35000,-0.43444,0.91636,1.85553
6048.40000,-0.43454,0.91675,1.87051
6048.45000,-0.43465,0.91711,1.88637
6048.50000,-0.43474,0.91745,1.90310
6048.55000,-0.43488,0.91791,1.91949
6048.60000,-0.43505,0.91838,1.93624
6048.65000,-0.43522,0.91884,1.95277
6048.70000,-0.43536,0.91926,1.97032
6048.75000,-0.43548,0.91966,1.98814
6048.80000,-0.43560,0.92005,2.00595
6048.85000,-0.43574,0.92043,2.02376
6048.90000,-0.43589,0.92080,2.04155
6048.95000,-0.43605,0.92117,2.05923
6049.00000,-0.43631,0.92167,2.07527
6049.05000,-0.43657,0.92214,2.09097
6049.10000,-0.43684,0.92261,2.10645
6049.15000,-0.43709,0.92303,2.12192
6049.20000,-0.43736,0.92347,2.13660
6049.25000,-0.43764,0.92392,2.15124
6049.30000,-0.43792,0.92437,2.16587
6049.35000,-0.43820,0.92477,2.17947
6049.40000,-0.43846,0.92517,2.19250
6049.45000,-0.43876,0.92557,2.20517
6049.50000,-0.43903,0.92594,2.21732
6049.55000,-0.43930,0.92631,2.22900
6049.60000,-0.43958,0.92667,2.24038
6049.65000,-0.43986,0.92702,2.25136
6049.70000,-0.44014,0.92736,2.26172
6049.75000,-0.44040,0.92769,2.27163
6049.80000,-0.44067,0.92800,2.28110
6049.85000,-0.44092,0.92831,2.29010
6049.90000,-0.44118,0.92860,2.29862
6049.95000,-0.44143,0.92889,2.30670
6050.00000,-0.44169,0.92917,2.31431
6050.05000,-0.44194,0.92944,2.32145
6050.10000,-0.44218,0.92970,2.32813
6050.15000,-0.44242,0.92995,2.33434
6050.20000,-0.44265,0.93019,2.34009
6050.25000,-0.44287,0.93041,2.34537
6050.30000,-0.44308,0.93063,2.35020
6050.35000,-0.44329,0.93084,2.35458
6050.40000,-0.44349,0.93104,2.35855
6050.45000,-0.44369,0.93124,2.36211
6050.50000,-0.44387,0.93142,2.36529
6050.55000,-0.44406,0.93160,2.36809
6050.60000,-0.44423,0.93177,2.37053
6050.65000,-0.44440,0.93194,2.37261
6050.70000,-0.44456,0.93209,2.37436
6050.75000,-0.44472,0.93224,2.37577
6050.80000,-0.44487,0.93239,2.37687
6050.85000,-0.44502,0.93253,2.37765
6050.90000,-0.44516,0.93266,2.37811
6050.95000,-0.44529,0.93279,2.37824
6051.00000,-0.44542,0.93291,2.37804
6051.05000,-0.44554,0.93303,2.37753
6051.10000,-0.44565,0.93314,2.37670
6051.15000,-0.44576,0.93324,2.37557
6051.20000,-0.44587,0.93334,2.37415
6051.25000,-0.44597,0.93344,2.37244
6051.30000,-0.44606,0.93353,2.37045
6051.35000,-0.44615,0.93362,2.36820
6051.40000,-0.44623,0.93370,2.36568
6051.45000,-0.44631,0.93378,2.36291
6051.50000,-0.44639,0.93385,2.35989
6051.55000,-0.44646,0.93392,2.35663
6051.60000,-0.44652,0.93399,2.35314
6051.65000,-0.44659,0.93405,2.34943
6051.70000,-0.44664,0.93411,2.34550
6051.75000,-0.44670,0.93416,2.34136
6051.80000,-0.44675,0.93421,2.33702
6051.85000,-0.44679,0.93426,2.33249
6051.90000,-0.44683,0.93431,2.32777
6051.95000,-0.44687,0.93435,2.32287
6052.00000,-0.44691,0.93439,2.31780
6052.05000,-0.44694,0.93442,2.31256
6052.10000,-0.44697,0.93445,2.30716
6052.15000,-0.44700,0.93448,2.30161
6052.20000,-0.44702,0.93451,2.29592
6052.25000,-0.44704,0.93454,2.29008
6052.30000,-0.44706,0.93456,2.28412
6052.35000,-0.44708,0.93458,2.27802
6052.40000,-0.44710,0.93460,2.27181
6052.45000,-0.44711,0.93461,2.26548
6052.50000,-0.44712,0.93463,2.25904
6052.55000,-0.44713,0.93464,2.25251
6052.60000,-0.44714,0.93465,2.24587
6052.65000,-0.44715,0.93466,2.23915
6052.70000,-0.44715,0.93466,2.23234
6052.75000,-0.44715,0.93467,2.22545
6052.80000,-0.44716,0.93467,2.21849
6052.85000,-0.44716,0.93467,2.21147
6052.90000,-0.44716,0.93468,2.20437
6052.95000,-0.44716,0.93468,2.19723
6053.00000,-0.44716,0.93467,2.19003
6053.05000,-0.44716,0.93467,2.18278
6053.10000,-0.44715,0.93467,2.17550
6053.15000,-0.44718,0.93470,2.16806
6053.20000,-0.44719,0.93472,2.16065
6053.25000,-0.44721,0.93474,2.15321
6053.30000,-0.44722,0.93475,2.14578
6053.35000,-0.44723,0.93476,2.13849
6053.40000,-0.44723,0.93476,2.13109
6053.45000,-0.44847,0.93619,2.12423
6053.50000,-0.45321,0.94256,2.11765
6053.55000,-0.45830,0.95098,2.11008
6053.60000,-0.46331,0.95942,2.10217
6053.65000,-0.46824,0.96789,2.09381
6053.70000,-0.47305,0.97627,2.08590
6053.75000,-0.47430,0.97994,2.07847
6053.80000,-0.47432,0.97999,2.06876
6053.85000,-0.47435,0.98004,2.05769
6053.90000,-0.47441,0.98017,2.04610
6053.95000,-0.47448,0.98029,2.03455
6054.00000,-0.47454,0.98042,2.02306
6054.05000,-0.47460,0.98055,2.01164
6054.10000,-0.47615,0.98270,2.00153
6054.15000,-0.48000,0.99061,1.99198
6054.20000,-0.48396,0.99956,1.98155
6054.25000,-0.48779,1.00832,1.97101
6054.30000,-0.48878,1.01338,1.96289
6054.35000,-0.48875,1.01349,1.95003
6054.40000,-0.48877,1.01349,1.93420
6054.45000,-0.48881,1.01357,1.91804
6054.50000,-0.48886,1.01365,1.90187
6054.55000,-0.48891,1.01373,1.88569
6054.60000,-0.48890,1.01366,1.87051
6054.65000,-0.48894,1.01378,1.85449
6054.70000,-0.48897,1.01390,1.83849
6054.75000,-0.48897,1.01383,1.82357
6054.80000,-0.48897,1.01374,1.80830
6054.85000,-0.48897,1.01365,1.79290
6054.90000,-0.48898,1.01357,1.77750
6054.95000,-0.48899,1.01349,1.76210
6055.00000,-0.48902,1.01342,1.74499
6055.05000,-0.48904,1.01334,1.72784
6055.10000,-0.48905,1.01332,1.70885
6055.15000,-0.48906,1.01333,1.68965
6055.20000,-0.48907,1.01335,1.67045
6055.25000,-0.48909,1.01336,1.65124
6055.30000,-0.48911,1.01338,1.63203
6055.35000,-0.48913,1.01340,1.61281
6055.40000,-0.48913,1.01339,1.59262
6055.45000,-0.48913,1.01338,1.57211
6055.50000,-0.48913,1.01338,1.55160
6055.55000,-0.48914,1.01334,1.53225
6055.60000,-0.48913,1.01333,1.51317
6055.65000,-0.48886,1.01461,1.49413
6055.70000,-0.48809,1.02284,1.47686
6055.75000,-0.48720,1.03237,1.45950
6055.80000,-0.48706,1.03742,1.44190
6055.85000,-0.48711,1.03743,1.41735
6055.90000,-0.48721,1.03675,1.38672
6055.95000,-0.48733,1.03606,1.35382
6056.00000,-0.48749,1.03532,1.31935
6056.05000,-0.48769,1.03456,1.28321
6056.10000,-0.48790,1.03387,1.24629
6056.15000,-0.48809,1.03333,1.20901
6056.20000,-0.48811,1.03328,1.17326
6056.25000,-0.48807,1.03335,1.13828
6056.30000,-0.48804,1.03343,1.10368
6056.35000,-0.48800,1.03351,1.06942
6056.40000,-0.48795,1.03358,1.03551
6056.45000,-0.48791,1.03366,1.00197
6056.50000,-0.48786,1.03373,0.96883
6056.55000,-0.48781,1.03380,0.93597
6056.60000,-0.48776,1.03387,0.90307
6056.65000,-0.48770,1.03394,0.86988
6056.70000,-0.48764,1.03400,0.83625
6056.75000,-0.48758,1.03407,0.80187
6056.80000,-0.48751,1.03414,0.76665
6056.85000,-0.48744,1.03421,0.73055
6056.90000,-0.48736,1.03427,0.69348
6056.95000,-0.48727,1.03434,0.65536
6057.00000,-0.48718,1.03442,0.61619
6057.05000,-0.48707,1.03449,0.57598
6057.10000,-0.48695,1.03456,0.53478
6057.15000,-0.48681,1.03464,0.49271
6057.20000,-0.48666,1.03472,0.44986
6057.25000,-0.48648,1.03480,0.40637
6057.30000,-0.48628,1.03488,0.36235
6057.35000,-0.48606,1.03496,0.31794
6057.40000,-0.48580,1.03504,0.27326
6057.45000,-0.48551,1.03511,0.22840
6057.50000,-0.48518,1.03518,0.18348
6057.55000,-0.48482,1.03524,0.13859
6057.60000,-0.48441,1.03529,0.09390
6057.65000,-0.48397,1.03532,0.04951
6057.70000,-0.48349,1.03533,0.00545
6057.75000,-0.48298,1.03532,-0.03823
6057.80000,-0.48242,1.03529,-0.08149
6057.85000,-0.48183,1.03523,-0.12428
6057.90000,-0.48119,1.03513,-0.16658
6057.95000,-0.48051,1.03500,-0.20834
6058.00000,-0.47979,1.03484,-0.24954
6058.05000,-0.47903,1.03463,-0.29014
6058.10000,-0.47823,1.03437,-0.33013
6058.15000,-0.47739,1.03406,-0.36946
6058.20000,-0.47653,1.03371,-0.40813
6058.25000,-0.47564,1.03330,-0.44611
6058.30000,-0.47472,1.03284,-0.48338
6058.35000,-0.47378,1.03233,-0.51993
6058.40000,-0.47077,1.03035,-0.55508
6058.45000,-0.46409,1.02605,-0.58881
6058.50000,-0.45672,1.02092,-0.62644
6058.55000,-0.44947,1.01547,-0.66346
6058.60000,-0.44241,1.00974,-0.69938
6058.65000,-0.43552,1.00374,-0.73419
6058.70000,-0.42883,0.99749,-0.76785
6058.75000,-0.42233,0.99101,-0.80034
6058.80000,-0.41601,0.98429,-0.83161
6058.85000,-0.40989,0.97736,-0.86163
6058.90000,-0.40395,0.97023,-0.89035
6058.95000,-0.39818,0.96291,-0.91776
6059.00000,-0.39260,0.95541,-0.94380
6059.05000,-0.38719,0.94775,-0.96843
6059.10000,-0.38194,0.93993,-0.99147
6059.15000,-0.37685,0.93195,-1.01291
6059.20000,-0.37183,0.92392,-1.03433
6059.25000,-0.37043,0.92020,-1.05280
6059.30000,-0.37034,0.92004,-1.06745
6059.35000,-0.37026,0.91989,-1.08020
6059.40000,-0.37017,0.91973,-1.09180
6059.45000,-0.37010,0.91958,-1.10209
6059.50000,-0.37001,0.91941,-1.11100
6059.55000,-0.36997,0.91933,-1.11876
6059.60000,-0.36990,0.91917,-1.12490
6059.65000,-0.36982,0.91901,-1.12998
6059.70000,-0.36976,0.91888,-1.13421
6059.75000,-0.36970,0.91874,-1.13719
6059.80000,-0.36963,0.91860,-1.13905
6059.85000,-0.36956,0.91845,-1.13971
6059.90000,-0.36948,0.91827,-1.13910
6059.95000,-0.36940,0.91809,-1.13728
6060.00000,-0.36931,0.91790,-1.13417
6060.05000,-0.36924,0.91776,-1.12996
6060.10000,-0.36918,0.91762,-1.12443
6060.15000,-0.36911,0.91748,-1.11759
6060.20000,-0.36905,0.91736,-1.10941
6060.25000,-0.36899,0.91723,-1.09989
6060.30000,-0.36892,0.91711,-1.08899
6060.35000,-0.36886,0.91700,-1.07672
6060.40000,-0.36880,0.91688,-1.06306
6060.45000,-0.36874,0.91678,-1.04802
6060.50000,-0.36868,0.91667,-1.03161
6060.55000,-0.36862,0.91657,-1.01383
6060.60000,-0.36855,0.91647,-0.99470
6060.65000,-0.36849,0.91637,-0.97426
6060.70000,-0.36843,0.91628,-0.95253
6060.75000,-0.36836,0.91619,-0.92955
6060.80000,-0.36829,0.91610,-0.90535
6060.85000,-0.36822,0.91601,-0.87995
6060.90000,-0.36815,0.91593,-0.85342
6060.95000,-0.36808,0.91585,-0.82582
6061.00000,-0.36800,0.91577,-0.79721
6061.05000,-0.36792,0.91569,-0.76761
6061.10000,-0.36784,0.91561,-0.73705
6061.15000,-0.36776,0.91554,-0.70560
6061.20000,-0.36767,0.91547,-0.67332
6061.25000,-0.36758,0.91540,-0.64034
6061.30000,-0.36749,0.91533,-0.60673
6061.35000,-0.36739,0.91527,-0.57257
6061.40000,-0.36729,0.91521,-0.53791
6061.45000,-0.36719,0.91515,-0.50283
6061.50000,-0.36709,0.91509,-0.46737
6061.55000,-0.36698,0.91504,-0.43160
6061.60000,-0.36688,0.91500,-0.39556
6061.65000,-0.36676,0.91495,-0.35930
6061.70000,-0.36665,0.91491,-0.32288
6061.75000,-0.36654,0.91488,-0.28633
6061.80000,-0.36642,0.91484,-0.24967
6061.85000,-0.36630,0.91482,-0.21296
6061.90000,-0.36618,0.91479,-0.17622
6061.95000,-0.36606,0.91477,-0.13947
6062.00000,-0.36594,0.91476,-0.10275
6062.05000,-0.36582,0.91475,-0.06609
6062.10000,-0.36570,0.91474,-0.02951
6062.15000,-0.36557,0.91474,0.00695
6062.20000,-0.36545,0.91474,0.04329
6062.25000,-0.36532,0.91475,0.07947
6062.30000,-0.36520,0.91476,0.11548
6062.35000,-0.36508,0.91478,0.15131
6062.40000,-0.36495,0.91480,0.18693
6062.45000,-0.36483,0.91483,0.22233
6062.50000,-0.36471,0.91486,0.25747
6062.55000,-0.36459,0.91489,0.29237
6062.60000,-0.36447,0.91493,0.32702
6062.65000,-0.36423,0.91503,0.36231
6062.70000,-0.36383,0.91520,0.39963
6062.75000,-0.36315,0.91549,0.43952
6062.80000,-0.36261,0.91578,0.47959
6062.85000,-0.36224,0.91598,0.51964
6062.90000,-0.36170,0.91631,0.56114
6062.95000,-0.36124,0.91661,0.60274
6063.00000,-0.36103,0.91676,0.64348
6063.05000,-0.36090,0.91686,0.68403
6063.10000,-0.36077,0.91697,0.72466
6063.15000,-0.36064,0.91709,0.76529
6063.20000,-0.36051,0.91722,0.80587
6063.25000,-0.36039,0.91736,0.84632
6063.30000,-0.36027,0.91750,0.88661
6063.35000,-0.36015,0.91765,0.92648
6063.40000,-0.36004,0.91780,0.96584
6063.45000,-0.35994,0.91795,1.00466
6063.50000,-0.35984,0.91811,1.04293
6063.55000,-0.35975,0.91827,1.08066
6063.60000,-0.35967,0.91844,1.11783
6063.65000,-0.35959,0.91861,1.15443
6063.70000,-0.35952,0.91878,1.19048
6063.75000,-0.35945,0.91895,1.22595
6063.80000,-0.35939,0.91913,1.26093
6063.85000,-0.35934,0.91931,1.29560
6063.90000,-0.35929,0.91949,1.32996
6063.95000,-0.35925,0.91968,1.36396
6064.00000,-0.35921,0.91987,1.39759
6064.05000,-0.35918,0.92007,1.43081
6064.10000,-0.35915,0.92026,1.46362
6064.15000,-0.35914,0.92046,1.49598
6064.20000,-0.35896,0.92266,1.52769
6064.25000,-0.35872,0.93079,1.55581
6064.30000,-0.35872,0.94070,1.58643
6064.35000,-0.35903,0.95070,1.61697
6064.40000,-0.35964,0.96068,1.64704
6064.45000,-0.36055,0.97064,1.67663
6064.50000,-0.36175,0.98056,1.70575
6064.55000,-0.36324,0.99045,1.73442
6064.60000,-0.36501,1.00030,1.76265
6064.65000,-0.36705,1.01008,1.79043
6064.70000,-0.36936,1.01981,1.81780
6064.75000,-0.37194,1.02947,1.84478
6064.80000,-0.37477,1.03906,1.87138
6064.85000,-0.37786,1.04858,1.89765
6064.90000,-0.38119,1.05800,1.92361
6064.95000,-0.38477,1.06734,1.94933
6065.00000,-0.38858,1.07659,1.97478
6065.05000,-0.39263,1.08573,2.00002
6065.10000,-0.39690,1.09477,2.02510
6065.15000,-0.40140,1.10370,2.05003
6065.20000,-0.40612,1.11252,2.07490
6065.25000,-0.41106,1.12121,2.09984
6065.30000,-0.41622,1.12978,2.12497
6065.35000,-0.42159,1.13822,2.15032
6065.40000,-0.42717,1.14651,2.17592
6065.45000,-0.43296,1.15466,2.20181
6065.50000,-0.43897,1.16266,2.22808
6065.55000,-0.44518,1.17049,2.25474
6065.60000,-0.45161,1.17815,2.28209
6065.65000,-0.45824,1.18564,2.31041
6065.70000,-0.46509,1.19292,2.33985
6065.75000,-0.47215,1.20000,2.37040
6065.80000,-0.47943,1.20686,2.40204
6065.85000,-0.48692,1.21347,2.43474
6065.90000,-0.49463,1.21984,2.46846
6065.95000,-0.50239,1.22601,2.50196
6066.00000,-0.50419,1.22709,2.53803
6066.05000,-0.50469,1.22743,2.57792
6066.10000,-0.50491,1.22760,2.61677
6066.15000,-0.50522,1.22779,2.65631
6066.20000,-0.50526,1.22781,2.69479
6066.25000,-0.50558,1.22797,2.73430
6066.30000,-0.50568,1.22802,2.77295
6066.35000,-0.50579,1.22806,2.81179
6066.40000,-0.50591,1.22809,2.85041
6066.45000,-0.50603,1.22813,2.88837
6066.50000,-0.50615,1.22815,2.92550
6066.55000,-0.50825,1.22887,2.96133
6066.60000,-0.51574,1.23017,2.99378
6066.65000,-0.52543,1.23145,3.02797
6066.70000,-0.53539,1.23241,3.06192
6066.75000,-0.54536,1.23304,3.09463
6066.80000,-0.55536,1.23335,3.12599
6066.85000,-0.56535,1.23336,-3.12736
6066.90000,-0.57534,1.23308,-3.09926
6066.95000,-0.58531,1.23252,-3.07331
6067.00000,-0.59528,1.23172,-3.04909
6067.05000,-0.60524,1.23068,-3.02674
6067.10000,-0.61521,1.22944,-3.00619
6067.15000,-0.62513,1.22809,-2.98611
6067.20000,-0.63028,1.22773,-2.96622
6067.25000,-0.63067,1.22770,-2.95017
6067.30000,-0.63113,1.22761,-2.93532
6067.35000,-0.63160,1.22752,-2.92044
6067.40000,-0.63207,1.22742,-2.90558
6067.45000,-0.63253,1.22731,-2.89087
6067.50000,-0.63297,1.22719,-2.87675
6067.55000,-0.63339,1.22708,-2.86347
6067.60000,-0.63379,1.22697,-2.85107
6067.65000,-0.63418,1.22686,-2.83953
6067.70000,-0.63455,1.22674,-2.82889
6067.75000,-0.63488,1.22663,-2.81893
6067.80000,-0.63519,1.22653,-2.80992
6067.85000,-0.63549,1.22643,-2.80161
6067.90000,-0.63576,1.22634,-2.79409
6067.95000,-0.63603,1.22625,-2.78694
6068.00000,-0.63629,1.22616,-2.78030
6068.05000,-0.63655,1.22606,-2.77411
6068.10000,-0.63680,1.22597,-2.76824
6068.15000,-0.63704,1.22588,-2.76270
6068.20000,-0.63727,1.22580,-2.75761
6068.25000,-0.63750,1.22571,-2.75290
6068.30000,-0.63772,1.22563,-2.74852
6068.35000,-0.63795,1.22555,-2.74458
6068.40000,-0.63810,1.22549,-2.74115
6068.45000,-0.63829,1.22541,-2.73824
6068.50000,-0.63846,1.22533,-2.73592
6068.55000,-0.63861,1.22527,-2.73420
6068.60000,-0.63876,1.22520,-2.73299
6068.65000,-0.63892,1.22513,-2.73211
6068.70000,-0.63905,1.22508,-2.73195
6068.75000,-0.63918,1.22501,-2.73216
6068.80000,-0.63929,1.22497,-2.73342
6068.85000,-0.63938,1.22493,-2.73563
6068.90000,-0.63947,1.22488,-2.73878
6068.95000,-0.63951,1.22487,-2.74269
6069.00000,-0.63954,1.22486,-2.74731
6069.05000,-0.63955,1.22485,-2.75250
6069.10000,-0.63955,1.22485,-2.75818
6069.15000,-0.63954,1.22486,-2.76426
6069.20000,-0.63952,1.22486,-2.77067
6069.25000,-0.63950,1.22487,-2.77735
6069.30000,-0.63947,1.22488,-2.78432
6069.35000,-0.63944,1.22489,-2.79149
6069.40000,-0.63941,1.22491,-2.79878
6069.45000,-0.63938,1.22492,-2.80607
6069.50000,-0.63935,1.22493,-2.81325
6069.55000,-0.63933,1.22493,-2.82019
6069.60000,-0.63932,1.22494,-2.82677
6069.65000,-0.63933,1.22493,-2.83286
6069.70000,-0.63935,1.22493,-2.83838
6069.75000,-0.63939,1.22492,-2.84322
6069.80000,-0.63945,1.22491,-2.84737
6069.85000,-0.63955,1.22489,-2.85079
6069.90000,-0.63968,1.22485,-2.85418
6069.95000,-0.63981,1.22481,-2.85723
6070.00000,-0.63991,1.22478,-2.85972
6070.05000,-0.64003,1.22475,-2.86212
6070.10000,-0.64015,1.22472,-2.86443
6070.15000,-0.64027,1.22470,-2.86702
6070.20000,-0.64038,1.22467,-2.86978
6070.25000,-0.64050,1.22464,-2.87261
6070.30000,-0.64061,1.22462,-2.87578
6070.35000,-0.64071,1.22461,-2.87915
6070.40000,-0.64082,1.22459,-2.88255
6070.45000,-0.64094,1.22456,-2.88583
6070.50000,-0.64106,1.22453,-2.88903
6070.55000,-0.64119,1.22450,-2.89222
6070.60000,-0.64285,1.22346,-2.89461
6070.65000,-0.64769,1.22108,-2.89621
6070.70000,-0.65698,1.21868,-2.89772
6070.75000,-0.66665,1.21628,-2.89921
6070.80000,-0.67630,1.21391,-2.90165
6070.85000,-0.68595,1.21154,-2.90412
6070.90000,-0.69417,1.21031,-2.90538
6070.95000,-0.69724,1.21038,-2.90773
6071.00000,-0.69824,1.21053,-2.91242
6071.05000,-0.69828,1.21055,-2.92081
6071.10000,-0.69826,1.21055,-2.92965
6071.15000,-0.69826,1.21055,-2.93830
6071.20000,-0.69827,1.21055,-2.94676
6071.25000,-0.69827,1.21055,-2.95484
6071.30000,-0.69830,1.21054,-2.96212
6071.35000,-0.69833,1.21054,-2.96870
6071.40000,-0.70032,1.20989,-2.97511
6071.45000,-0.70711,1.20833,-2.98072
6071.50000,-0.71682,1.20677,-2.98550
6071.55000,-0.72657,1.20526,-2.99106
6071.60000,-0.73632,1.20378,-2.99673
6071.65000,-0.74127,1.20357,-3.00123
6071.70000,-0.74160,1.20358,-3.01075
6071.75000,-0.74149,1.20361,-3.02278
6071.80000,-0.74137,1.20364,-3.03484
6071.85000,-0.74129,1.20365,-3.04667
6071.90000,-0.74117,1.20368,-3.05861
6071.95000,-0.74106,1.20370,-3.07048
6072.00000,-0.74099,1.20372,-3.08193
6072.05000,-0.74089,1.20374,-3.09326
6072.10000,-0.74081,1.20376,-3.10413
6072.15000,-0.74078,1.20376,-3.11440
6072.20000,-0.74210,1.20367,-3.12460
6072.25000,-0.74761,1.20356,-3.13509
6072.30000,-0.75685,1.20355,3.13848
6072.35000,-0.76664,1.20362,3.13002
6072.40000,-0.77642,1.20378,3.12095
6072.45000,-0.78617,1.20402,3.11119
6072.50000,-0.79592,1.20437,3.10068
6072.55000,-0.80550,1.20483,3.09050
6072.60000,-0.80862,1.20483,3.07863
6072.65000,-0.80857,1.20484,3.06560
6072.70000,-0.80857,1.20484,3.05221
6072.75000,-0.80854,1.20484,3.03941
6072.80000,-0.80849,1.20484,3.02696
6072.85000,-0.81027,1.20534,3.01428
6072.90000,-0.81745,1.20659,3.00198
6072.95000,-0.82705,1.20800,2.98987
6073.00000,-0.83660,1.20944,2.97727
6073.05000,-0.84059,1.20963,2.96435
6073.10000,-0.84054,1.20962,2.94868
6073.15000,-0.84031,1.20957,2.93228
6073.20000,-0.84010,1.20952,2.91616
6073.25000,-0.83996,1.20951,2.90041
6073.30000,-0.83987,1.20949,2.88478
6073.35000,-0.83990,1.20950,2.86913
6073.40000,-0.84183,1.21056,2.85350
6073.45000,-0.84919,1.21326,2.83935
6073.50000,-0.85845,1.21621,2.82628
6073.55000,-0.86766,1.21928,2.81296
6073.60000,-0.87682,1.22248,2.79916
6073.65000,-0.88591,1.22579,2.78494
6073.70000,-0.89494,1.22923,2.77027
6073.75000,-0.90389,1.23280,2.75513
6073.80000,-0.91278,1.23649,2.73919
6073.85000,-0.92162,1.24027,2.72329
6073.90000,-0.92872,1.24240,2.70632
6073.95000,-0.92969,1.24232,2.68783
6074.00000,-0.92941,1.24218,2.66842
6074.05000,-0.92914,1.24203,2.64914
6074.10000,-0.92888,1.24189,2.63019
6074.15000,-0.92863,1.24174,2.61148
6074.20000,-0.92838,1.24159,2.59298
6074.25000,-0.92814,1.24144,2.57474
6074.30000,-0.93007,1.24293,2.55609
6074.35000,-0.93740,1.24790,2.54014
6074.40000,-0.94525,1.25338,2.52276
6074.45000,-0.95299,1.25900,2.50494
6074.50000,-0.96062,1.26475,2.48669
6074.55000,-0.96814,1.27064,2.46808
6074.60000,-0.97554,1.27666,2.44916
6074.65000,-0.98281,1.28281,2.42995
6074.70000,-0.98996,1.28910,2.41040
6074.75000,-0.99698,1.29553,2.39055
6074.80000,-1.00373,1.30183,2.37090
6074.85000,-1.00655,1.30426,2.35195
6074.90000,-1.00640,1.30411,2.33232
6074.95000,-1.00753,1.30532,2.31262
6075.00000,-1.01314,1.31154,2.29400
6075.05000,-1.01936,1.31872,2.27435
6075.10000,-1.02543,1.32602,2.25465
6075.15000,-1.03135,1.33344,2.23489
6075.20000,-1.03713,1.34098,2.21512
6075.25000,-1.04276,1.34862,2.19536
6075.30000,-1.04824,1.35638,2.17565
6075.35000,-1.05356,1.36425,2.15598
6075.40000,-1.05873,1.37222,2.13638
6075.45000,-1.06374,1.38029,2.11686
6075.50000,-1.06861,1.38848,2.09734
6075.55000,-1.07332,1.39676,2.07793
6075.60000,-1.07786,1.40514,2.05866
6075.65000,-1.08226,1.41361,2.03955
6075.70000,-1.08649,1.42216,2.02064
6075.75000,-1.09056,1.43080,2.00194
6075.80000,-1.09447,1.43951,1.98347
6075.85000,-1.09823,1.44830,1.96525
6075.90000,-1.10183,1.45717,1.94736
6075.95000,-1.10528,1.46610,1.92970
6076.00000,-1.10857,1.47510,1.91233
6076.05000,-1.11173,1.48421,1.89486
6076.10000,-1.11473,1.49334,1.87797
6076.15000,-1.11758,1.50256,1.86109
6076.20000,-1.12028,1.51188,1.84441
6076.25000,-1.12281,1.52114,1.82830
6076.30000,-1.12521,1.53048,1.81260
6076.35000,-1.12746,1.53985,1.79715
6076.40000,-1.12960,1.54932,1.78225
6076.45000,-1.13158,1.55885,1.76778
6076.50000,-1.13340,1.56832,1.75345
6076.55000,-1.13509,1.57782,1.73951
6076.60000,-1.13666,1.58737,1.72620
6076.65000,-1.13813,1.59703,1.71394
6076.70000,-1.13949,1.60684,1.70312
6076.75000,-1.14074,1.61666,1.69336
6076.80000,-1.14192,1.62648,1.68447
6076.85000,-1.14299,1.63626,1.67632
6076.90000,-1.14398,1.64603,1.66911
6076.95000,-1.14490,1.65583,1.66299
6077.00000,-1.14577,1.66566,1.65791
6077.05000,-1.14662,1.67561,1.65429
6077.10000,-1.14746,1.68563,1.65072
6077.15000,-1.14768,1.69170,1.64767
6077.20000,-1.14766,1.69244,1.64665
6077.25000,-1.14767,1.69260,1.64680
6077.30000,-1.14769,1.69277,1.64697
6077.35000,-1.14770,1.69294,1.64713
6077.40000,-1.14771,1.69311,1.64729
6077.45000,-1.14773,1.69328,1.64760
6077.50000,-1.14774,1.69345,1.65053
6077.55000,-1.14775,1.69364,1.65391
6077.60000,-1.14777,1.69378,1.65753
6077.65000,-1.14778,1.69392,1.66136
6077.70000,-1.14779,1.69406,1.66535
6077.75000,-1.14781,1.69421,1.66943
6077.80000,-1.14782,1.69435,1.67354
6077.85000,-1.14784,1.69449,1.67762
6077.90000,-1.14785,1.69463,1.68163
6077.95000,-1.14787,1.69477,1.68551
6078.00000,-1.14788,1.69491,1.68921
6078.05000,-1.14790,1.69505,1.69269
6078.10000,-1.14792,1.69519,1.69613
6078.15000,-1.14794,1.69532,1.69972
6078.20000,-1.14795,1.69546,1.70344
6078.25000,-1.14797,1.69560,1.70727
6078.30000,-1.14799,1.69574,1.71123
6078.35000,-1.14801,1.69587,1.71530
6078.40000,-1.14803,1.69601,1.71949
6078.45000,-1.14805,1.69615,1.72381
6078.50000,-1.14807,1.69628,1.72826
6078.55000,-1.14810,1.69642,1.73282
6078.60000,-1.14812,1.69656,1.73750
6078.65000,-1.14814,1.69669,1.74229
6078.70000,-1.14817,1.69683,1.74717
6078.75000,-1.14819,1.69697,1.75214
6078.80000,-1.14822,1.69710,1.75720
6078.85000,-1.14824,1.69724,1.76209
6078.90000,-1.14898,1.69889,1.76727
6078.95000,-1.15089,1.70657,1.77139
6079.00000,-1.15290,1.71638,1.77447
6079.05000,-1.15495,1.72619,1.77735
6079.10000,-1.15701,1.73599,1.78017
6079.15000,-1.15911,1.74580,1.78292
6079.20000,-1.16123,1.75559,1.78561
6079.25000,-1.16338,1.76538,1.78803
6079.30000,-1.16555,1.77516,1.79002
6079.35000,-1.16774,1.78493,1.79162
6079.40000,-1.16994,1.79470,1.79275
6079.45000,-1.17215,1.80446,1.79367
6079.50000,-1.17437,1.81422,1.79410
6079.55000,-1.17658,1.82397,1.79434
6079.60000,-1.17880,1.83373,1.79437
6079.65000,-1.18101,1.84348,1.79430
6079.70000,-1.18323,1.85323,1.79412
6079.75000,-1.18544,1.86299,1.79392
6079.80000,-1.18765,1.87275,1.79366
6079.85000,-1.18985,1.88250,1.79351
6079.90000,-1.19206,1.89226,1.79348
6079.95000,-1.19425,1.90201,1.79362
6080.00000,-1.19645,1.91178,1.79397
6080.05000,-1.19867,1.92155,1.79472
6080.10000,-1.20091,1.93134,1.79575
6080.15000,-1.20315,1.94113,1.79721
6080.20000,-1.20542,1.95094,1.79889
6080.25000,-1.20773,1.96079,1.80066
6080.30000,-1.21004,1.97062,1.80384
6080.35000,-1.21240,1.98047,1.80728
6080.40000,-1.21479,1.99031,1.81205
6080.45000,-1.21725,2.00018,1.81726
6080.50000,-1.21974,2.00999,1.82355
6080.55000,-1.22229,2.01972,1.83133
6080.60000,-1.22493,2.02948,1.84006
6080.65000,-1.22755,2.03915,1.84888
6080.70000,-1.22807,2.04473,1.85845
6080.75000,-1.22814,2.04541,1.86990
6080.80000,-1.22826,2.04582,1.88324
6080.85000,-1.22839,2.04625,1.89799
6080.90000,-1.22854,2.04669,1.91389
6080.95000,-1.22867,2.04712,1.92992
6081.00000,-1.22884,2.04755,1.94589
6081.05000,-1.22901,2.04803,1.96149
6081.10000,-1.22920,2.04850,1.97692
6081.15000,-1.22937,2.04892,1.99240
6081.20000,-1.22956,2.04934,2.00784
6081.25000,-1.22975,2.04977,2.02296
6081.30000,-1.22995,2.05018,2.03793
6081.35000,-1.23015,2.05059,2.05279
6081.40000,-1.23036,2.05100,2.06752
6081.45000,-1.23057,2.05140,2.08205
6081.50000,-1.23079,2.05179,2.09638
6081.55000,-1.23101,2.05218,2.11057
6081.60000,-1.23119,2.05248,2.12499
6081.65000,-1.23125,2.05259,2.13914
6081.70000,-1.23132,2.05269,2.15382
6081.75000,-1.23140,2.05280,2.16887
6081.80000,-1.23147,2.05291,2.18391
6081.85000,-1.23155,2.05302,2.19877
6081.90000,-1.23163,2.05312,2.21346
6081.95000,-1.23171,2.05323,2.22797
6082.00000,-1.23179,2.05333,2.24230
6082.05000,-1.23330,2.05493,2.25687
6082.10000,-1.23892,2.06141,2.27111
6082.15000,-1.24551,2.06914,2.28539
6082.20000,-1.25218,2.07673,2.29859
6082.25000,-1.25888,2.08416,2.31077
6082.30000,-1.26565,2.09149,2.32218
6082.35000,-1.27251,2.09875,2.33331
6082.40000,-1.27945,2.10593,2.34413
6082.45000,-1.28646,2.11304,2.35419
6082.50000,-1.29340,2.11994,2.36431
6082.55000,-1.30039,2.12676,2.37346
6082.60000,-1.30747,2.13354,2.38131
6082.65000,-1.31468,2.14036,2.38719
6082.70000,-1.32198,2.14719,2.39206
6082.75000,-1.32928,2.15396,2.39667
6082.80000,-1.33660,2.16067,2.40074
6082.85000,-1.34381,2.16728,2.40928
6082.90000,-1.35083,2.17372,2.42885
6082.95000,-1.35781,2.17980,2.46373
6083.00000,-1.36347,2.18418,2.49646
6083.05000,-1.36810,2.18759,2.52209
6083.10000,-1.37224,2.19041,2.56457
6083.15000,-1.37739,2.19359,2.61353
6083.20000,-1.38360,2.19699,2.66604
6083.25000,-1.39065,2.20038,2.72090
6083.30000,-1.39838,2.20358,2.77735
6083.35000,-1.40666,2.20647,2.83485
6083.40000,-1.41541,2.20896,2.89289
6083.45000,-1.42455,2.21100,2.95121
6083.50000,-1.43400,2.21254,3.00959
6083.55000,-1.44371,2.21354,3.06790
6083.60000,-1.45309,2.21392,3.11598
6083.65000,-1.46159,2.21397,3.14043
6083.70000,-1.46853,2.21397,-3.13666
6083.75000,-1.47344,2.21397,3.13966
6083.80000,-1.47678,2.21397,3.12360
6083.85000,-1.47826,2.21396,3.09681
6083.90000,-1.47771,2.21392,3.06016
6083.95000,-1.47684,2.21385,3.02059
6084.00000,-1.47602,2.21375,2.98088
6084.05000,-1.47512,2.21361,2.94026
6084.10000,-1.47423,2.21343,2.89961
6084.15000,-1.47335,2.21322,2.85943
6084.20000,-1.47283,2.21314,2.83533
6084.25000,-1.47273,2.21349,2.83887
6084.30000,-1.47435,2.21434,2.86157
6084.35000,-1.47867,2.21563,2.89576
6084.40000,-1.48427,2.21704,2.93731
6084.45000,-1.48977,2.21804,2.96851
6084.50000,-1.49448,2.21820,2.97350
6084.55000,-1.49794,2.21849,2.97238
6084.60000,-1.50096,2.21904,2.98761
6084.65000,-1.50565,2.21978,3.02001
6084.70000,-1.51214,2.22047,3.05901
6084.75000,-1.51898,2.22085,3.08988
6084.80000,-1.52522,2.22089,3.09848
6084.85000,-1.53109,2.22078,3.08683
6084.90000,-1.53635,2.22076,3.05072
6084.95000,-1.54004,2.22087,3.00315
6085.00000,-1.54155,2.22108,2.94606
6085.05000,-1.54194,2.22117,2.88404
6085.10000,-1.54236,2.22132,2.83156
6085.15000,-1.54313,2.22188,2.80312
6085.20000,-1.54425,2.22225,2.79443
6085.25000,-1.54499,2.22248,2.78904
6085.30000,-1.54695,2.22318,2.80854
6085.35000,-1.55143,2.22464,2.83928
6085.40000,-1.55764,2.22649,2.87632
6085.45000,-1.56501,2.22835,2.91810
6085.50000,-1.57341,2.23005,2.96344
6085.55000,-1.58252,2.23148,3.01153
6085.60000,-1.59209,2.23247,3.06164
6085.65000,-1.60171,2.23298,3.10157
6085.70000,-1.60922,2.23315,3.13059
6085.75000,-1.61474,2.23312,-3.10775
6085.80000,-1.61861,2.23288,-3.05059
6085.85000,-1.62323,2.23231,-2.98915
6085.90000,-1.62850,2.23133,-2.92507
6085.95000,-1.63422,2.22987,-2.85926
6086.00000,-1.64017,2.22792,-2.79212
6086.05000,-1.64624,2.22547,-2.72423
6086.10000,-1.65233,2.22252,-2.65587
6086.15000,-1.65836,2.21906,-2.58726
6086.20000,-1.66424,2.21514,-2.51846
6086.25000,-1.66993,2.21074,-2.44967
6086.30000,-1.67537,2.20591,-2.38090
6086.35000,-1.68053,2.20065,-2.31227
6086.40000,-1.68538,2.19497,-2.24384
6086.45000,-1.68988,2.18891,-2.17563
6086.50000,-1.69401,2.18248,-2.10767
6086.55000,-1.69773,2.17572,-2.04000
6086.60000,-1.70102,2.16866,-1.97254
6086.65000,-1.70385,2.16132,-1.90536
6086.70000,-1.70620,2.15373,-1.83845
6086.75000,-1.70806,2.14592,-1.77189
6086.80000,-1.70921,2.13911,-1.70112
6086.85000,-1.70981,2.13283,-1.62805
6086.90000,-1.70994,2.12638,-1.55547
6086.95000,-1.70960,2.11979,-1.48335
6087.00000,-1.70879,2.11324,-1.41209
6087.05000,-1.70753,2.10680,-1.34182
6087.10000,-1.70584,2.10054,-1.27255
6087.15000,-1.70376,2.09452,-1.20430
6087.20000,-1.70133,2.08876,-1.13708
6087.25000,-1.69858,2.08331,-1.07088
6087.30000,-1.69558,2.07821,-1.00570
6087.35000,-1.69235,2.07346,-0.94155
6087.40000,-1.68894,2.06907,-0.87843
6087.45000,-1.68540,2.06506,-0.81634
6087.50000,-1.68176,2.06142,-0.75528
6087.55000,-1.67806,2.05813,-0.69526
6087.60000,-1.67433,2.05520,-0.63628
6087.65000,-1.67059,2.05260,-0.57833
6087.70000,-1.66687,2.05033,-0.52142
6087.75000,-1.66320,2.04835,-0.46555
6087.80000,-1.65958,2.04665,-0.41072
6087.85000,-1.65344,2.04418,-0.36146
6087.90000,-1.64521,2.04129,-0.31375
6087.95000,-1.63616,2.03860,-0.26410
6088.00000,-1.62648,2.03624,-0.21339
6088.05000,-1.61666,2.03437,-0.16350
6088.10000,-1.60676,2.03298,-0.11464
6088.15000,-1.59680,2.03208,-0.06680
6088.20000,-1.58682,2.03165,-0.01998
6088.25000,-1.57682,2.03167,0.02582
6088.30000,-1.56683,2.03216,0.07062
6088.35000,-1.55688,2.03308,0.11440
6088.40000,-1.54697,2.03443,0.15717
6088.45000,-1.53713,2.03621,0.19886
6088.50000,-1.52737,2.03838,0.23952
6088.55000,-1.51772,2.04094,0.27924
6088.60000,-1.50817,2.04388,0.31793
6088.65000,-1.49874,2.04718,0.35551
6088.70000,-1.48943,2.05083,0.39197
6088.75000,-1.48025,2.05458,0.42815
6088.80000,-1.47675,2.05503,0.46363
6088.85000,-1.47645,2.05517,0.49538
6088.90000,-1.47624,2.05529,0.52501
6088.95000,-1.47607,2.05540,0.55245
6089.00000,-1.47593,2.05548,0.57724
6089.05000,-1.47566,2.05565,0.59962
6089.10000,-1.47563,2.05565,0.61965
6089.15000,-1.47545,2.05575,0.63714
6089.20000,-1.47514,2.05597,0.65324
6089.25000,-1.47512,2.05598,0.66755
6089.30000,-1.47509,2.05601,0.68048
6089.35000,-1.47497,2.05608,0.69105
6089.40000,-1.47492,2.05612,0.69905
6089.45000,-1.47491,2.05613,0.70294
6089.50000,-1.47484,2.05620,0.70143
6089.55000,-1.47484,2.05619,0.69060
6089.60000,-1.47480,2.05628,0.67181
6089.65000,-1.47464,2.05644,0.64378
6089.70000,-1.47452,2.05652,0.60985
6089.75000,-1.47438,2.05662,0.57302
6089.80000,-1.47422,2.05672,0.53516
6089.85000,-1.47405,2.05682,0.49670
6089.90000,-1.47387,2.05691,0.45769
6089.95000,-1.47369,2.05699,0.41816
6090.00000,-1.47351,2.05707,0.37813
6090.05000,-1.47331,2.05714,0.33773
6090.10000,-1.47312,2.05721,0.29697
6090.15000,-1.47291,2.05726,0.25574
6090.20000,-1.47269,2.05732,0.21385
6090.25000,-1.47243,2.05737,0.17107
6090.30000,-1.47214,2.05741,0.12750
6090.35000,-1.47181,2.05745,0.08329
6090.40000,-1.47143,2.05747,0.03857
6090.45000,-1.47101,2.05748,-0.00657
6090.50000,-1.47055,2.05746,-0.05200
6090.55000,-1.47007,2.05743,-0.09765
6090.60000,-1.46957,2.05737,-0.14344
6090.65000,-1.46907,2.05728,-0.18936
6090.70000,-1.46857,2.05718,-0.23537
6090.75000,-1.46807,2.05704,-0.28147
6090.80000,-1.46756,2.05688,-0.32764
6090.85000,-1.46706,2.05670,-0.37387
6090.90000,-1.46655,2.05649,-0.42015
6090.95000,-1.46603,2.05624,-0.46644
6091.00000,-1.46550,2.05596,-0.51272
6091.05000,-1.46496,2.05563,-0.55895
6091.10000,-1.46438,2.05526,-0.60509
6091.15000,-1.46379,2.05482,-0.65112
6091.20000,-1.46317,2.05433,-0.69703
6091.25000,-1.46254,2.05378,-0.74280
6091.30000,-1.46193,2.05319,-0.78846
6091.35000,-1.46133,2.05256,-0.83400
6091.40000,-1.46075,2.05189,-0.87940
6091.45000,-1.46020,2.05120,-0.92464
6091.50000,-1.45968,2.05047,-0.96970
6091.55000,-1.45918,2.04971,-1.01457
6091.60000,-1.45872,2.04892,-1.05924
6091.65000,-1.45828,2.04810,-1.10361
6091.70000,-1.45787,2.04723,-1.14760
6091.75000,-1.45748,2.04631,-1.19119
6091.80000,-1.45711,2.04533,-1.23434
6091.85000,-1.45677,2.04429,-1.27700
6091.90000,-1.45646,2.04319,-1.31917
6091.95000,-1.45619,2.04202,-1.36085
6092.00000,-1.45596,2.04081,-1.40207
6092.05000,-1.45577,2.03957,-1.44285
6092.10000,-1.45564,2.03832,-1.48322
6092.15000,-1.45555,2.03707,-1.52315
6092.20000,-1.45552,2.03581,-1.56265
6092.25000,-1.45553,2.03456,-1.60169
6092.30000,-1.45559,2.03330,-1.64027
6092.35000,-1.45570,2.03205,-1.67838
6092.40000,-1.45587,2.03079,-1.71592
6092.45000,-1.45608,2.02951,-1.75288
6092.50000,-1.45634,2.02821,-1.78920
6092.55000,-1.45666,2.02688,-1.82487
6092.60000,-1.45704,2.02553,-1.85987
6092.65000,-1.45748,2.02414,-1.89421
6092.70000,-1.45797,2.02274,-1.92793
6092.75000,-1.45852,2.02134,-1.96107
6092.80000,-1.45911,2.01997,-1.99370
6092.85000,-1.45975,2.01862,-2.02580
6092.90000,-1.46042,2.01730,-2.05737
6092.95000,-1.46112,2.01601,-2.08842
6093.00000,-1.46186,2.01476,-2.11897
6093.05000,-1.46263,2.01354,-2.14899
6093.10000,-1.46488,2.01049,-2.17855
6093.15000,-1.47015,2.00312,-2.20519
6093.20000,-1.47584,1.99567,-2.23587
6093.25000,-1.48171,1.98843,-2.26623
6093.30000,-1.48806,1.98105,-2.29414
6093.35000,-1.49478,1.97364,-2.32030
6093.40000,-1.50168,1.96640,-2.34577
6093.45000,-1.50877,1.95935,-2.37060
6093.50000,-1.51602,1.95247,-2.39478
6093.55000,-1.52344,1.94576,-2.41836
6093.60000,-1.53101,1.93923,-2.44136
6093.65000,-1.53873,1.93287,-2.46385
6093.70000,-1.54659,1.92669,-2.48591
6093.75000,-1.55458,1.92068,-2.50756
6093.80000,-1.56270,1.91484,-2.52881
6093.85000,-1.57094,1.90918,-2.54965
6093.90000,-1.57929,1.90368,-2.57011
6093.95000,-1.58776,1.89836,-2.59013
6094.00000,-1.59633,1.89320,-2.60967
6094.05000,-1.60485,1.88831,-2.62951
6094.10000,-1.61330,1.88366,-2.64959
6094.15000,-1.62182,1.87922,-2.66918
6094.20000,-1.63033,1.87498,-2.68871
6094.25000,-1.63895,1.87091,-2.70770
6094.30000,-1.64764,1.86699,-2.72620
6094.35000,-1.65642,1.86323,-2.74415
6094.40000,-1.66528,1.85962,-2.76160
6094.45000,-1.67421,1.85615,-2.77851
6094.50000,-1.68320,1.85284,-2.79492
6094.55000,-1.69226,1.84966,-2.81079
6094.60000,-1.70139,1.84662,-2.82617
6094.65000,-1.71057,1.84371,-2.84104
6094.70000,-1.71980,1.84094,-2.85541
6094.75000,-1.72908,1.83829,-2.86929
6094.80000,-1.73841,1.83577,-2.88270
6094.85000,-1.74778,1.83337,-2.89564
6094.90000,-1.75720,1.83108,-2.90815
6094.95000,-1.76665,1.82891,-2.92025
6095.00000,-1.77613,1.82684,-2.93204
6095.05000,-1.78564,1.82487,-2.94366
6095.10000,-1.79518,1.82302,-2.95512
6095.15000,-1.80473,1.82127,-2.96652
6095.20000,-1.81431,1.81963,-2.97795
6095.25000,-1.82390,1.81811,-2.98949
6095.30000,-1.83350,1.81669,-3.00126
6095.35000,-1.84311,1.81539,-3.01341
6095.40000,-1.85272,1.81422,-3.02614
6095.45000,-1.86232,1.81317,-3.03975
6095.50000,-1.87191,1.81226,-3.05487
6095.55000,-1.88146,1.81151,-3.07217
6095.60000,-1.89087,1.81096,-3.09331
6095.65000,-1.89997,1.81064,-3.12097
6095.70000,-1.90860,1.81051,3.13339
6095.75000,-1.91229,1.81055,3.09766
6095.80000,-1.91473,1.81066,3.04837
6095.85000,-1.91538,1.81073,2.98780
6095.90000,-1.91541,1.81074,2.92367
6095.95000,-1.91544,1.81075,2.85980
6096.00000,-1.91548,1.81076,2.79655
6096.05000,-1.91551,1.81077,2.73389
6096.10000,-1.91554,1.81078,2.67184
6096.15000,-1.91556,1.81080,2.61041
6096.20000,-1.91559,1.81082,2.54960
6096.25000,-1.91562,1.81084,2.48942
6096.30000,-1.91565,1.81086,2.42989
6096.35000,-1.91567,1.81088,2.37101
6096.40000,-1.91569,1.81090,2.31279
6096.45000,-1.91572,1.81093,2.25524
6096.50000,-1.91574,1.81096,2.19837
6096.55000,-1.91575,1.81098,2.14219
6096.60000,-1.91577,1.81101,2.08670
6096.65000,-1.91579,1.81104,2.03188
6096.70000,-1.91580,1.81108,1.97741
6096.75000,-1.91582,1.81111,1.92241
6096.80000,-1.91583,1.81116,1.86620
6096.85000,-1.91585,1.81121,1.80889
6096.90000,-1.91586,1.81128,1.75100
6096.95000,-1.91587,1.81136,1.69286
6097.00000,-1.91588,1.81144,1.63468
6097.05000,-1.91588,1.81154,1.57660
6097.10000,-1.91588,1.81164,1.51869
6097.15000,-1.91587,1.81175,1.46105
6097.20000,-1.91586,1.81187,1.40376
6097.25000,-1.91583,1.81199,1.34680
6097.30000,-1.91580,1.81212,1.29018
6097.35000,-1.91576,1.81225,1.23390
6097.40000,-1.91571,1.81239,1.17793
6097.45000,-1.91564,1.81252,1.12226
6097.50000,-1.91557,1.81266,1.06689
6097.55000,-1.91549,1.81280,1.01180
6097.60000,-1.91539,1.81295,0.95698
6097.65000,-1.91529,1.81309,0.90240
6097.70000,-1.91517,1.81323,0.84806
6097.75000,-1.91504,1.81337,0.79394
6097.80000,-1.91489,1.81351,0.74003
6097.85000,-1.91473,1.81365,0.68630
6097.90000,-1.91456,1.81378,0.63277
6097.95000,-1.91437,1.81391,0.57944
6098.00000,-1.91417,1.81404,0.52631
6098.05000,-1.91394,1.81416,0.47340
6098.10000,-1.91370,1.81428,0.42072
6098.15000,-1.91344,1.81438,0.36828
6098.20000,-1.91316,1.81448,0.31610
6098.25000,-1.91285,1.81458,0.26421
6098.30000,-1.91253,1.81465,0.21263
6098.35000,-1.91011,1.81520,0.16278
6098.40000,-1.90335,1.81617,0.11735
6098.45000,-1.89461,1.81700,0.07176
6098.50000,-1.88507,1.81745,0.02384
6098.55000,-1.87507,1.81745,-0.02498
6098.60000,-1.86509,1.81696,-0.07288
6098.65000,-1.85514,1.81600,-0.11975
6098.70000,-1.84524,1.81457,-0.16557
6098.75000,-1.83542,1.81271,-0.21032
6098.80000,-1.82569,1.81041,-0.25400
6098.85000,-1.81607,1.80769,-0.29659
6098.90000,-1.80657,1.80457,-0.33810
6098.95000,-1.79720,1.80106,-0.37851
6099.00000,-1.78799,1.79719,-0.41776
6099.05000,-1.77893,1.79296,-0.45566
6099.10000,-1.77026,1.78851,-0.49284
6099.15000,-1.76220,1.78398,-0.53027
6099.20000,-1.75450,1.77944,-0.56768
6099.25000,-1.75117,1.77829,-0.60381
6099.30000,-1.75122,1.77831,-0.63489
6099.35000,-1.75116,1.77826,-0.66465
6099.40000,-1.75091,1.77806,-0.69344
6099.45000,-1.75065,1.77783,-0.72203
6099.50000,-1.75038,1.77759,-0.75038
6099.55000,-1.75010,1.77732,-0.77845
6099.60000,-1.74980,1.77702,-0.80621
6099.65000,-1.74950,1.77670,-0.83362
6099.70000,-1.74919,1.77634,-0.86065
6099.75000,-1.74886,1.77595,-0.88729
6099.80000,-1.74851,1.77552,-0.91353
6099.85000,-1.74816,1.77505,-0.93930
6099.90000,-1.74780,1.77454,-0.96450
6099.95000,-1.74744,1.77400,-0.98902
6100.00000,-1.74708,1.77345,-1.01273
6100.05000,-1.74674,1.77290,-1.03559
6100.10000,-1.74642,1.77233,-1.05759
6100.15000,-1.74611,1.77176,-1.07875
6100.20000,-1.74580,1.77118,-1.09918
6100.25000,-1.74552,1.77059,-1.11910
6100.30000,-1.74524,1.76999,-1.13883
6100.35000,-1.74498,1.76939,-1.15804
6100.40000,-1.74470,1.76874,-1.17684
6100.45000,-1.74438,1.76794,-1.19484
6100.50000,-1.74405,1.76708,-1.21225
6100.55000,-1.74371,1.76616,-1.22915
6100.60000,-1.74342,1.76528,-1.24602
6100.65000,-1.74315,1.76445,-1.26300
6100.70000,-1.74285,1.76349,-1.27912
6100.75000,-1.74254,1.76242,-1.29450
6100.80000,-1.74223,1.76127,-1.30938
6100.85000,-1.74193,1.76013,-1.32407
6100.90000,-1.74162,1.75888,-1.33800
6100.95000,-1.74131,1.75751,-1.35100
6101.00000,-1.74101,1.75614,-1.36342
6101.05000,-1.74069,1.75460,-1.37463
6101.10000,-1.74041,1.75320,-1.38590
6101.15000,-1.74014,1.75166,-1.39611
6101.20000,-1.73988,1.75020,-1.40573
6101.25000,-1.73968,1.74888,-1.41531
6101.30000,-1.73949,1.74755,-1.42428
6101.35000,-1.73931,1.74618,-1.43264
6101.40000,-1.73913,1.74474,-1.44046
6101.45000,-1.73892,1.74315,-1.44746
6101.50000,-1.73871,1.74144,-1.45416
6101.55000,-1.73850,1.73963,-1.46027
6101.60000,-1.73829,1.73773,-1.46607
6101.65000,-1.73808,1.73572,-1.47144
6101.70000,-1.73787,1.73360,-1.47657
6101.75000,-1.73766,1.73138,-1.48121
6101.80000,-1.73745,1.72904,-1.48544
6101.85000,-1.73725,1.72661,-1.48938
6101.90000,-1.73705,1.72412,-1.49291
6101.95000,-1.73685,1.72151,-1.49590
6102.00000,-1.73665,1.71889,-1.49856
6102.05000,-1.73646,1.71622,-1.50070
6102.10000,-1.73627,1.71357,-1.50245
6102.15000,-1.73609,1.71090,-1.50380
6102.20000,-1.73591,1.70823,-1.50480
6102.25000,-1.73573,1.70556,-1.50545
6102.30000,-1.73556,1.70288,-1.50568
6102.35000,-1.73538,1.70019,-1.50555
6102.40000,-1.73520,1.69749,-1.50509
6102.45000,-1.73502,1.69477,-1.50435
6102.50000,-1.73483,1.69198,-1.50339
6102.55000,-1.73464,1.68911,-1.50223
6102.60000,-1.73443,1.68614,-1.50088
6102.65000,-1.73421,1.68307,-1.49938
6102.70000,-1.73398,1.67988,-1.49772
6102.75000,-1.73374,1.67661,-1.49590
6102.80000,-1.73348,1.67325,-1.49386
6102.85000,-1.73321,1.66977,-1.49168
6102.90000,-1.73293,1.66621,-1.48934
6102.95000,-1.73263,1.66261,-1.48681
6103.00000,-1.73232,1.65901,-1.48405
6103.05000,-1.73200,1.65542,-1.48109
6103.10000,-1.73168,1.65185,-1.47793
6103.15000,-1.73134,1.64830,-1.47457
6103.20000,-1.73099,1.64476,-1.47105
6103.25000,-1.73063,1.64124,-1.46735
6103.30000,-1.73026,1.63774,-1.46350
6103.35000,-1.72988,1.63425,-1.45951
6103.40000,-1.72948,1.63079,-1.45539
6103.45000,-1.72908,1.62734,-1.45119
6103.50000,-1.72865,1.62386,-1.44698
6103.55000,-1.72820,1.62032,-1.44279
6103.60000,-1.72773,1.61672,-1.43864
6103.65000,-1.72724,1.61305,-1.43451
6103.70000,-1.72672,1.60931,-1.43041
6103.75000,-1.72617,1.60551,-1.42634
6103.80000,-1.72560,1.60164,-1.42229
6103.85000,-1.72500,1.59770,-1.41829
6103.90000,-1.72438,1.59370,-1.41433
6103.95000,-1.72374,1.58969,-1.41039
6104.00000,-1.72309,1.58570,-1.40643
6104.05000,-1.72242,1.58176,-1.40244
6104.10000,-1.72175,1.57787,-1.39845
6104.15000,-1.72108,1.57402,-1.39444
6104.20000,-1.72039,1.57021,-1.39042
6104.25000,-1.71970,1.56646,-1.38638
6104.30000,-1.71900,1.56278,-1.38235
6104.35000,-1.71830,1.55913,-1.37836
6104.40000,-1.71759,1.55550,-1.37446
6104.45000,-1.71686,1.55188,-1.37067
6104.50000,-1.71612,1.54826,-1.36700
6104.55000,-1.71536,1.54461,-1.36340
6104.60000,-1.71458,1.54094,-1.35985
6104.65000,-1.71378,1.53723,-1.35634
6104.70000,-1.71295,1.53346,-1.35286
6104.75000,-1.71210,1.52964,-1.34942
6104.80000,-1.71048,1.52337,-1.34583
6104.85000,-1.70824,1.51406,-1.34240
6104.90000,-1.70595,1.50429,-1.33917
6104.95000,-1.70364,1.49456,-1.33546
6105.00000,-1.70128,1.48482,-1.33203
6105.05000,-1.69890,1.47508,-1.32861
6105.10000,-1.69647,1.46533,-1.32533
6105.15000,-1.69402,1.45559,-1.32184
6105.20000,-1.69152,1.44584,-1.31853
6105.25000,-1.68900,1.43610,-1.31497
6105.30000,-1.68644,1.42637,-1.31163
6105.35000,-1.68383,1.41660,-1.30803
6105.40000,-1.68119,1.40684,-1.30441
6105.45000,-1.67852,1.39707,-1.30076
6105.50000,-1.67580,1.38730,-1.29708
6105.55000,-1.67304,1.37754,-1.29338
6105.60000,-1.67024,1.36778,-1.28967
6105.65000,-1.66741,1.35802,-1.28594
6105.70000,-1.66454,1.34828,-1.28221
6105.75000,-1.66164,1.33854,-1.27848
6105.80000,-1.65869,1.32881,-1.27474
6105.85000,-1.65571,1.31908,-1.27097
6105.90000,-1.65269,1.30935,-1.26715
6105.95000,-1.64964,1.29968,-1.26308
6106.00000,-1.64657,1.29005,-1.25872
6106.05000,-1.64345,1.28043,-1.25426
6106.10000,-1.64028,1.27084,-1.24979
6106.15000,-1.63707,1.26126,-1.24527
6106.20000,-1.63383,1.25171,-1.24068
6106.25000,-1.63054,1.24218,-1.23605
6106.30000,-1.62721,1.23269,-1.23133
6106.35000,-1.62384,1.22322,-1.22654
6106.40000,-1.62045,1.21380,-1.22190
6106.45000,-1.61700,1.20442,-1.21718
6106.50000,-1.61351,1.19503,-1.21212
6106.55000,-1.60998,1.18569,-1.20700
6106.60000,-1.60640,1.17636,-1.20155
6106.65000,-1.60276,1.16706,-1.19572
6106.70000,-1.59908,1.15778,-1.18947
6106.75000,-1.59533,1.14853,-1.18273
6106.80000,-1.59150,1.13926,-1.17533
6106.85000,-1.58762,1.13006,-1.16737
6106.90000,-1.58365,1.12087,-1.15886
6106.95000,-1.57974,1.11186,-1.14977
6107.00000,-1.57913,1.10882,-1.14090
6107.05000,-1.57896,1.10845,-1.13111
6107.10000,-1.57757,1.10664,-1.12079
6107.15000,-1.57339,1.09884,-1.11215
6107.20000,-1.56882,1.08969,-1.10306
6107.25000,-1.56417,1.08058,-1.09390
6107.30000,-1.55943,1.07151,-1.08465
6107.35000,-1.55460,1.06249,-1.07532
6107.40000,-1.54969,1.05351,-1.06583
6107.45000,-1.54482,1.04477,-1.05603
6107.50000,-1.53983,1.03607,-1.04496
6107.55000,-1.53469,1.02719,-1.03360
6107.60000,-1.53300,1.02226,-1.02060
6107.65000,-1.53280,1.02176,-1.00571
6107.70000,-1.53264,1.02148,-0.98973
6107.75000,-1.53232,1.02100,-0.97309
6107.80000,-1.53207,1.02061,-0.95765
6107.85000,-1.53184,1.02026,-0.94357
6107.90000,-1.53032,1.01858,-0.92977
6107.95000,-1.52494,1.01194,-0.91713
6108.00000,-1.51877,1.00396,-0.90623
6108.05000,-1.51257,0.99614,-0.89634
6108.10000,-1.50641,0.98852,-0.88545
6108.15000,-1.50023,0.98104,-0.87372
6108.20000,-1.49385,0.97353,-0.86010
6108.25000,-1.48713,0.96582,-0.84529
6108.30000,-1.48032,0.95823,-0.83095
6108.35000,-1.47859,0.95625,-0.81269
6108.40000,-1.47821,0.95585,-0.79059
6108.45000,-1.47779,0.95543,-0.76743
6108.50000,-1.47730,0.95497,-0.74553
6108.55000,-1.47686,0.95458,-0.72472
6108.60000,-1.47645,0.95423,-0.70544
6108.65000,-1.47602,0.95387,-0.68818
6108.70000,-1.47434,0.95223,-0.67161
6108.75000,-1.46767,0.94666,-0.65660
6108.80000,-1.45964,0.94056,-0.64404
6108.85000,-1.45149,0.93451,-0.63210
6108.90000,-1.44320,0.92851,-0.61994
6108.95000,-1.43486,0.92266,-0.60597
6109.00000,-1.42629,0.91682,-0.59062
6109.05000,-1.41759,0.91111,-0.57269
6109.10000,-1.40893,0.90559,-0.55508
6109.15000,-1.40539,0.90431,-0.53661
6109.20000,-1.40493,0.90406,-0.51004
6109.25000,-1.40424,0.90369,-0.48310
6109.30000,-1.40367,0.90341,-0.45626
6109.35000,-1.40312,0.90316,-0.43099
6109.40000,-1.40255,0.90292,-0.40797
6109.45000,-1.40212,0.90275,-0.38663
6109.50000,-1.39989,0.90141,-0.36712
6109.55000,-1.39185,0.89819,-0.35065
6109.60000,-1.38222,0.89475,-0.33619
6109.65000,-1.37241,0.89141,-0.32166
6109.70000,-1.36255,0.88821,-0.30687
6109.75000,-1.35304,0.88528,-0.29223
6109.80000,-1.34332,0.88245,-0.27591
6109.85000,-1.33373,0.87983,-0.25816
6109.90000,-1.32400,0.87739,-0.23782
6109.95000,-1.31419,0.87499,-0.21763
6110.00000,-1.30943,0.87482,-0.20082
6110.05000,-1.30896,0.87480,-0.17606
6110.10000,-1.30893,0.87482,-0.15041
6110.15000,-1.30876,0.87479,-0.12557
6110.20000,-1.30836,0.87475,-0.10080
6110.25000,-1.30791,0.87473,-0.07694
6110.30000,-1.30670,0.87447,-0.05491
6110.35000,-1.30007,0.87407,-0.03272
6110.40000,-1.29028,0.87384,-0.01406
6110.45000,-1.28044,0.87378,0.00300
6110.50000,-1.27085,0.87389,0.01931
6110.55000,-1.26125,0.87415,0.03537
6110.60000,-1.25168,0.87457,0.05202
6110.65000,-1.24214,0.87515,0.06986
6110.70000,-1.23264,0.87591,0.08880
6110.75000,-1.22319,0.87684,0.10882
6110.80000,-1.21378,0.87797,0.12990
6110.85000,-1.20442,0.87930,0.15151
6110.90000,-1.19508,0.88083,0.17298
6110.95000,-1.18576,0.88256,0.19387
6111.00000,-1.17639,0.88450,0.21410
6111.05000,-1.16709,0.88662,0.23277
6111.10000,-1.15780,0.88890,0.24998
6111.15000,-1.14828,0.89142,0.26490
6111.20000,-1.13868,0.89409,0.28004
6111.25000,-1.12909,0.89691,0.29280
6111.30000,-1.11948,0.89985,0.30248
6111.35000,-1.10986,0.90288,0.30938
6111.40000,-1.10052,0.90589,0.31622
6111.45000,-1.09543,0.90628,0.32405
6111.50000,-1.09414,0.90622,0.32816
6111.55000,-1.09400,0.90627,0.32958
6111.60000,-1.09387,0.90631,0.33047
6111.65000,-1.09374,0.90635,0.33083
6111.70000,-1.09363,0.90639,0.33069
6111.75000,-1.09351,0.90643,0.33018
6111.80000,-1.09340,0.90646,0.32920
6111.85000,-1.09329,0.90650,0.32726
6111.90000,-1.09317,0.90654,0.32411
6111.95000,-1.09305,0.90659,0.32068
6112.00000,-1.09298,0.90661,0.31485
6112.05000,-1.09300,0.90661,0.30824
6112.10000,-1.09302,0.90660,0.30152
6112.15000,-1.09303,0.90660,0.29231
6112.20000,-1.09307,0.90660,0.28113
6112.25000,-1.09295,0.90665,0.26811
6112.30000,-1.09281,0.90670,0.25496
6112.35000,-1.09267,0.90675,0.24180
6112.40000,-1.09252,0.90681,0.22864
6112.45000,-1.09252,0.90682,0.21476
6112.50000,-1.09240,0.90686,0.19987
6112.55000,-1.09228,0.90690,0.18497
6112.60000,-1.09222,0.90692,0.16911
6112.65000,-1.09205,0.90696,0.15245
6112.70000,-1.09187,0.90699,0.13578
6112.75000,-1.09168,0.90703,0.11910
6112.80000,-1.09150,0.90707,0.10241
6112.85000,-1.09131,0.90712,0.08572
6112.90000,-1.09111,0.90717,0.06901
6112.95000,-1.09096,0.90720,0.05137
6113.00000,-1.09115,0.90720,0.03229
6113.05000,-1.09130,0.90720,0.01237
6113.10000,-1.09147,0.90720,-0.00746
6113.15000,-1.09168,0.90720,-0.02791
6113.20000,-1.09186,0.90720,-0.04894
6113.25000,-1.09177,0.90719,-0.06927
6113.30000,-1.09194,0.90720,-0.09104
6113.35000,-1.09188,0.90718,-0.11292
6113.40000,-1.09183,0.90718,-0.13478
6113.45000,-1.09197,0.90720,-0.15757
6113.50000,-1.09173,0.90714,-0.17904
6113.55000,-1.09125,0.90705,-0.19986
6113.60000,-1.09073,0.90694,-0.22081
6113.65000,-1.09019,0.90681,-0.24186
6113.70000,-1.08961,0.90666,-0.26298
6113.75000,-1.08899,0.90649,-0.28413
6113.80000,-1.08833,0.90629,-0.30527
6113.85000,-1.08764,0.90606,-0.32637
6113.90000,-1.08691,0.90581,-0.34739
6113.95000,-1.08615,0.90552,-0.36831
6114.00000,-1.08535,0.90521,-0.38909
6114.05000,-1.08452,0.90486,-0.40972
6114.10000,-1.08366,0.90447,-0.43017
6114.15000,-1.08278,0.90405,-0.45041
6114.20000,-1.08187,0.90360,-0.47043
6114.25000,-1.08093,0.90312,-0.49022
6114.30000,-1.07998,0.90260,-0.50975
6114.35000,-1.07902,0.90205,-0.52901
6114.40000,-1.07805,0.90147,-0.54800
6114.45000,-1.07707,0.90086,-0.56669
6114.50000,-1.07609,0.90022,-0.58509
6114.55000,-1.07511,0.89956,-0.60317
6114.60000,-1.07413,0.89887,-0.62094
6114.65000,-1.07317,0.89817,-0.63840
6114.70000,-1.07221,0.89745,-0.65554
6114.75000,-1.06954,0.89511,-0.67298
6114.80000,-1.06312,0.88951,-0.69057
6114.85000,-1.05564,0.88321,-0.70722
6114.90000,-1.04842,0.87692,-0.72406
6114.95000,-1.04129,0.87049,-0.74016
6115.00000,-1.03425,0.86394,-0.75539
6115.05000,-1.02729,0.85727,-0.76978
6115.10000,-1.02041,0.85049,-0.78322
6115.15000,-1.01360,0.84360,-0.79569
6115.20000,-1.00686,0.83661,-0.80708
6115.25000,-1.00017,0.82954,-0.81733
6115.30000,-0.99352,0.82237,-0.82624
6115.35000,-0.98685,0.81507,-0.83352
6115.40000,-0.98023,0.80773,-0.83917
6115.45000,-0.97362,0.80034,-0.84293
6115.50000,-0.96700,0.79289,-0.84417
6115.55000,-0.96036,0.78543,-0.84524
6115.60000,-0.95512,0.77935,-0.84599
6115.65000,-0.95355,0.77743,-0.84424
6115.70000,-0.95309,0.77692,-0.83032
6115.75000,-0.95283,0.77663,-0.81243
6115.80000,-0.95240,0.77617,-0.79098
6115.85000,-0.95211,0.77589,-0.76840
6115.90000,-0.95196,0.77573,-0.74420
6115.95000,-0.95175,0.77554,-0.71771
6116.00000,-0.95149,0.77529,-0.68869
6116.05000,-0.95138,0.77521,-0.65850
6116.10000,-0.95127,0.77512,-0.62652
6116.15000,-0.95115,0.77504,-0.59291
6116.20000,-0.95103,0.77496,-0.55786
6116.25000,-0.95090,0.77488,-0.52150
6116.30000,-0.95077,0.77481,-0.48407
6116.35000,-0.95062,0.77474,-0.44559
6116.40000,-0.95048,0.77467,-0.40702
6116.45000,-0.95033,0.77461,-0.36857
6116.50000,-0.95018,0.77455,-0.33025
6116.55000,-0.95002,0.77451,-0.29206
6116.60000,-0.94987,0.77446,-0.25402
6116.65000,-0.94971,0.77442,-0.21615
6116.70000,-0.94955,0.77439,-0.17845
6116.75000,-0.94939,0.77437,-0.14094
6116.80000,-0.94923,0.77435,-0.10363
6116.85000,-0.94907,0.77433,-0.06654
6116.90000,-0.94891,0.77433,-0.02967
6116.95000,-0.94875,0.77432,0.00695
6117.00000,-0.94859,0.77433,0.04333
6117.05000,-0.94842,0.77434,0.07945
6117.10000,-0.94826,0.77435,0.11530
6117.15000,-0.94810,0.77438,0.15086
6117.20000,-0.94794,0.77440,0.18613
6117.25000,-0.94778,0.77444,0.22111
6117.30000,-0.94762,0.77447,0.25577
6117.35000,-0.94746,0.77452,0.29011
6117.40000,-0.94731,0.77457,0.32412
6117.45000,-0.94715,0.77462,0.35802
6117.50000,-0.94700,0.77468,0.39227
6117.55000,-0.94684,0.77475,0.42697
6117.60000,-0.94669,0.77483,0.46205
6117.65000,-0.94653,0.77491,0.49741
6117.70000,-0.94637,0.77500,0.53295
6117.75000,-0.94621,0.77509,0.56858
6117.80000,-0.94606,0.77520,0.60422
6117.85000,-0.94591,0.77531,0.63982
6117.90000,-0.94575,0.77542,0.67531
6117.95000,-0.94561,0.77555,0.71066
6118.00000,-0.94546,0.77568,0.74581
6118.05000,-0.94532,0.77581,0.78074
6118.10000,-0.94518,0.77596,0.81542
6118.15000,-0.94504,0.77610,0.84981
6118.20000,-0.94491,0.77626,0.88382
6118.25000,-0.94479,0.77642,0.91741
6118.30000,-0.94467,0.77658,0.95054
6118.35000,-0.94455,0.77674,0.98319
6118.40000,-0.94446,0.77689,1.01542
6118.45000,-0.94426,0.77720,1.04800
6118.50000,-0.94392,0.77775,1.08098
6118.55000,-0.94359,0.77839,1.11377
6118.60000,-0.94359,0.77844,1.14440
6118.65000,-0.94233,0.78043,1.17421
6118.70000,-0.93936,0.78769,1.20174
6118.75000,-0.93618,0.79631,1.23314
6118.80000,-0.93326,0.80506,1.26399
6118.85000,-0.93060,0.81392,1.29398
6118.90000,-0.92819,0.82287,1.32311
6118.95000,-0.92604,0.83191,1.35135
6119.00000,-0.92414,0.84103,1.37870
6119.05000,-0.92248,0.85022,1.40511
6119.10000,-0.92105,0.85948,1.43053
6119.15000,-0.91985,0.86879,1.45495
6119.20000,-0.91888,0.87815,1.47831
6119.25000,-0.91811,0.88756,1.50053
6119.30000,-0.91753,0.89739,1.52295
6119.35000,-0.91716,0.90749,1.54368
6119.40000,-0.91698,0.91773,1.56287
6119.45000,-0.91699,0.92780,1.58130
6119.50000,-0.91717,0.93785,1.59796
6119.55000,-0.91745,0.94786,1.61364
6119.60000,-0.91761,0.95725,1.62939
6119.65000,-0.91762,0.96143,1.64460
6119.70000,-0.91764,0.96186,1.65261
6119.75000,-0.91765,0.96204,1.65791
6119.80000,-0.91767,0.96224,1.66242
6119.85000,-0.91768,0.96243,1.66724
6119.90000,-0.91770,0.96261,1.67206
6119.95000,-0.91772,0.96279,1.67688
6120.00000,-0.91773,0.96297,1.68170
6120.05000,-0.91775,0.96315,1.68652
6120.10000,-0.91776,0.96333,1.69133
6120.15000,-0.91777,0.96350,1.69615
6120.20000,-0.91779,0.96368,1.70096
6120.25000,-0.91780,0.96386,1.70577
6120.30000,-0.91781,0.96404,1.71058
6120.35000,-0.91783,0.96418,1.71424
6120.40000,-0.91784,0.96427,1.71186
6120.45000,-0.91786,0.96435,1.70887
6120.50000,-0.91787,0.96447,1.70527
6120.55000,-0.91788,0.96457,1.70149
6120.60000,-0.91789,0.96468,1.69713
6120.65000,-0.91790,0.96480,1.69251
6120.70000,-0.91791,0.96492,1.68788
6120.75000,-0.91792,0.96504,1.68325
6120.80000,-0.91794,0.96517,1.67862
6120.85000,-0.91795,0.96529,1.67399
6120.90000,-0.91796,0.96541,1.66935
6120.95000,-0.91798,0.96554,1.66472
6121.00000,-0.91799,0.96567,1.66008
6121.05000,-0.91801,0.96579,1.65544
6121.10000,-0.91803,0.96592,1.65080
6121.15000,-0.91804,0.96605,1.64616
6121.20000,-0.91806,0.96617,1.64151
6121.25000,-0.91808,0.96630,1.63687
6121.30000,-0.91809,0.96643,1.63222
6121.35000,-0.91811,0.96656,1.62757
6121.40000,-0.91813,0.96669,1.62292
6121.45000,-0.91815,0.96682,1.61827
6121.50000,-0.91817,0.96695,1.61362
6121.55000,-0.91819,0.96709,1.60896
6121.60000,-0.91822,0.96722,1.60431
6121.65000,-0.91824,0.96735,1.59965
6121.70000,-0.91826,0.96749,1.59499
6121.75000,-0.91828,0.96762,1.59033
6121.80000,-0.91831,0.96775,1.58567
6121.85000,-0.91831,0.96783,1.57773
6121.90000,-0.91831,0.96772,1.56429
6121.95000,-0.91831,0.96753,1.54952
6122.00000,-0.91831,0.96733,1.53440
6122.05000,-0.91832,0.96709,1.51886
6122.10000,-0.91833,0.96684,1.50286
6122.15000,-0.91834,0.96660,1.48652
6122.20000,-0.91836,0.96634,1.47020
6122.25000,-0.91838,0.96608,1.45385
6122.30000,-0.91841,0.96582,1.43754
6122.35000,-0.91844,0.96556,1.42122
6122.40000,-0.91847,0.96530,1.40477
6122.45000,-0.91851,0.96504,1.38836
6122.50000,-0.91855,0.96477,1.37205
6122.55000,-0.91861,0.96451,1.35558
6122.60000,-0.91866,0.96422,1.33868
6122.65000,-0.91873,0.96393,1.32106
6122.70000,-0.91881,0.96361,1.30269
6122.75000,-0.91890,0.96326,1.28316
6122.80000,-0.91901,0.96290,1.26293
6122.85000,-0.91913,0.96251,1.24202
6122.90000,-0.91927,0.96212,1.22079
6122.95000,-0.91941,0.96172,1.19931
6123.00000,-0.91956,0.96132,1.17737
6123.05000,-0.91973,0.96092,1.15509
6123.10000,-0.91991,0.96051,1.13248
6123.15000,-0.92007,0.96017,1.10943
6123.20000,-0.92016,0.95998,1.08682
6123.25000,-0.92011,0.96009,1.06499
6123.30000,-0.92005,0.96020,1.04265
6123.35000,-0.91998,0.96030,1.01970
6123.40000,-0.91992,0.96041,0.99617
6123.45000,-0.91985,0.96052,0.97207
6123.50000,-0.91977,0.96062,0.94742
6123.55000,-0.91969,0.96073,0.92224
6123.60000,-0.91961,0.96083,0.89658
6123.65000,-0.91953,0.96093,0.87047
6123.70000,-0.91944,0.96104,0.84397
6123.75000,-0.91934,0.96114,0.81711
6123.80000,-0.91924,0.96124,0.78996
6123.85000,-0.91914,0.96134,0.76257
6123.90000,-0.91903,0.96144,0.73500
6123.95000,-0.91892,0.96154,0.70729
6124.00000,-0.91881,0.96164,0.67950
6124.05000,-0.91869,0.96173,0.65169
6124.10000,-0.91856,0.96183,0.62390
6124.15000,-0.91843,0.96192,0.59619
6124.20000,-0.91830,0.96200,0.56861
6124.25000,-0.91817,0.96209,0.54119
6124.30000,-0.91803,0.96217,0.51399
6124.35000,-0.91789,0.96224,0.48704
6124.40000,-0.91774,0.96232,0.46039
6124.45000,-0.91760,0.96239,0.43406
6124.50000,-0.91745,0.96245,0.40809
6124.55000,-0.91730,0.96252,0.38252
6124.60000,-0.91715,0.96257,0.35750
6124.65000,-0.91700,0.96263,0.33324
6124.70000,-0.91685,0.96268,0.30990
6124.75000,-0.91477,0.96374,0.28778
6124.80000,-0.90783,0.96618,0.26695
6124.85000,-0.89867,0.96857,0.24538
6124.90000,-0.88941,0.97080,0.22635
6124.95000,-0.87985,0.97292,0.21103
6125.00000,-0.87030,0.97490,0.19891
6125.05000,-0.86067,0.97681,0.19063
6125.10000,-0.85120,0.97862,0.18306
6125.15000,-0.84279,0.97960,0.17622
6125.20000,-0.84068,0.97969,0.17352
6125.25000,-0.84052,0.97971,0.17998
6125.30000,-0.84029,0.97973,0.18902
6125.35000,-0.84016,0.97975,0.19930
6125.40000,-0.84010,0.97975,0.21212
6125.45000,-0.83989,0.97979,0.22591
6125.50000,-0.83958,0.97986,0.24043
6125.55000,-0.83926,0.97992,0.25644
6125.60000,-0.83904,0.97997,0.27269
6125.65000,-0.83867,0.98006,0.29033
6125.70000,-0.83842,0.98010,0.30916
6125.75000,-0.83786,0.98026,0.32907
6125.80000,-0.83738,0.98039,0.34898
6125.85000,-0.83678,0.98059,0.37021
6125.90000,-0.83632,0.98075,0.39121
6125.95000,-0.83598,0.98087,0.41174
6126.00000,-0.83585,0.98092,0.43153
6126.05000,-0.83543,0.98109,0.45240
6126.10000,-0.83502,0.98128,0.47334
6126.15000,-0.83462,0.98146,0.49428
6126.20000,-0.83443,0.98157,0.51446
6126.25000,-0.83427,0.98166,0.53482
6126.30000,-0.83411,0.98175,0.55550
6126.35000,-0.83396,0.98185,0.57648
6126.40000,-0.83380,0.98195,0.59770
6126.45000,-0.83364,0.98206,0.61911
6126.50000,-0.83349,0.98218,0.64070
6126.55000,-0.83334,0.98229,0.66242
6126.60000,-0.83318,0.98241,0.68425
6126.65000,-0.83303,0.98254,0.70616
6126.70000,-0.83288,0.98267,0.72812
6126.75000,-0.83274,0.98280,0.75011
6126.80000,-0.83259,0.98294,0.77212
6126.85000,-0.83245,0.98308,0.79413
6126.90000,-0.83231,0.98323,0.81610
6126.95000,-0.83218,0.98337,0.83804
6127.00000,-0.83204,0.98353,0.85993
6127.05000,-0.83175,0.98387,0.88272
6127.10000,-0.83125,0.98448,0.90683
6127.15000,-0.83077,0.98511,0.93087
6127.20000,-0.83031,0.98575,0.95474
6127.25000,-0.82986,0.98639,0.97842
6127.30000,-0.82943,0.98704,1.00190
6127.35000,-0.82901,0.98770,1.02507
6127.40000,-0.82860,0.98836,1.04803
6127.45000,-0.82822,0.98902,1.07072
6127.50000,-0.82785,0.98970,1.09320
6127.55000,-0.82750,0.99037,1.11543
6127.60000,-0.82717,0.99105,1.13741
6127.65000,-0.82685,0.99173,1.15913
6127.70000,-0.82657,0.99237,1.18061
6127.75000,-0.82631,0.99304,1.20180
6127.80000,-0.82607,0.99368,1.22269
6127.85000,-0.82584,0.99431,1.24323
6127.90000,-0.82565,0.99491,1.26334
6127.95000,-0.82545,0.99555,1.28339
6128.00000,-0.82526,0.99621,1.30323
6128.05000,-0.82422,0.99870,1.32166
6128.10000,-0.82197,1.00743,1.33863
6128.15000,-0.81966,1.01765,1.35775
6128.20000,-0.81754,1.02791,1.37669
6128.25000,-0.81562,1.03820,1.39541
6128.30000,-0.81389,1.04852,1.41392
6128.35000,-0.81235,1.05887,1.43221
6128.40000,-0.81100,1.06923,1.45028
6128.45000,-0.80984,1.07962,1.46814
6128.50000,-0.80886,1.09001,1.48578
6128.55000,-0.80806,1.10042,1.50321
6128.60000,-0.80745,1.11083,1.52046
6128.65000,-0.80701,1.12125,1.53752
6128.70000,-0.80676,1.13140,1.55324
6128.75000,-0.80666,1.14140,1.56821
6128.80000,-0.80671,1.15140,1.58309
6128.85000,-0.80690,1.16140,1.59792
6128.90000,-0.80725,1.17139,1.61271
6128.95000,-0.80774,1.18138,1.62750
6129.00000,-0.80838,1.19136,1.64229
6129.05000,-0.80917,1.20133,1.65712
6129.10000,-0.81011,1.21128,1.67201
6129.15000,-0.81119,1.22122,1.68699
6129.20000,-0.81243,1.23115,1.70215
6129.25000,-0.81381,1.24105,1.71752
6129.30000,-0.81535,1.25093,1.73317
6129.35000,-0.81705,1.26079,1.74919
6129.40000,-0.81890,1.27061,1.76563
6129.45000,-0.82092,1.28041,1.78242
6129.50000,-0.82311,1.29016,1.79956
6129.55000,-0.82543,1.29983,1.81764
6129.60000,-0.82804,1.30988,1.83726
6129.65000,-0.83091,1.31999,1.85743
6129.70000,-0.83398,1.33004,1.87789
6129.75000,-0.83727,1.34003,1.89867
6129.80000,-0.84076,1.34996,1.91983
6129.85000,-0.84437,1.35966,1.94135
6129.90000,-0.84809,1.36898,1.96349
6129.95000,-0.85199,1.37820,1.98532
6130.00000,-0.85612,1.38726,2.00901
6130.05000,-0.86043,1.39628,2.03255
6130.10000,-0.86491,1.40509,2.05646
6130.15000,-0.86944,1.41340,2.08147
6130.20000,-0.87402,1.42159,2.10639
6130.25000,-0.87501,1.42525,2.13209
6130.30000,-0.87541,1.42586,2.15906
6130.35000,-0.87585,1.42652,2.18660
6130.40000,-0.87629,1.42713,2.21413
6130.45000,-0.87675,1.42773,2.24132
6130.50000,-0.87723,1.42832,2.26837
6130.55000,-0.87772,1.42892,2.29520
6130.60000,-0.87973,1.43099,2.32055
6130.65000,-0.88602,1.43757,2.34268
6130.70000,-0.89354,1.44509,2.36886
6130.75000,-0.90127,1.45243,2.39523
6130.80000,-0.90919,1.45956,2.42154
6130.85000,-0.91728,1.46648,2.44763
6130.90000,-0.92555,1.47318,2.47341
6130.95000,-0.93328,1.47913,2.49799
6131.00000,-0.94086,1.48467,2.52254
6131.05000,-0.94858,1.49004,2.54647
6131.10000,-0.95644,1.49522,2.56977
6131.15000,-0.96443,1.50024,2.59244
6131.20000,-0.97254,1.50508,2.61447
6131.25000,-0.98077,1.50976,2.63584
6131.30000,-0.98911,1.51426,2.65649
6131.35000,-0.99757,1.51861,2.67626
6131.40000,-1.00612,1.52281,2.69487
6131.45000,-1.01502,1.52699,2.71131
6131.50000,-1.02399,1.53102,2.72679
6131.55000,-1.03285,1.53485,2.74106
6131.60000,-1.04184,1.53860,2.75352
6131.65000,-1.05113,1.54234,2.76357
6131.70000,-1.06030,1.54593,2.77283
6131.75000,-1.06930,1.54935,2.78239
6131.80000,-1.07808,1.55257,2.79177
6131.85000,-1.08395,1.55322,2.79862
6131.90000,-1.08567,1.55337,2.80293
6131.95000,-1.08579,1.55341,2.80356
6132.00000,-1.08589,1.55344,2.80332
6132.05000,-1.08600,1.55348,2.80273
6132.10000,-1.08610,1.55351,2.80181
6132.15000,-1.08620,1.55355,2.80062
6132.20000,-1.08630,1.55358,2.79921
6132.25000,-1.08639,1.55362,2.79752
6132.30000,-1.08649,1.55365,2.79556
6132.35000,-1.08660,1.55369,2.79326
6132.40000,-1.08669,1.55373,2.79075
6132.45000,-1.08682,1.55378,2.78806
6132.50000,-1.08693,1.55382,2.78506
6132.55000,-1.08706,1.55387,2.78184
6132.60000,-1.08720,1.55391,2.77837
6132.65000,-1.08732,1.55397,2.77419
6132.70000,-1.08749,1.55404,2.76946
6132.75000,-1.08763,1.55409,2.76417
6132.80000,-1.08776,1.55414,2.75842
6132.85000,-1.08780,1.55417,2.75189
6132.90000,-1.08791,1.55422,2.74505
6132.95000,-1.08804,1.55428,2.73777
6133.00000,-1.08810,1.55432,2.72993
6133.05000,-1.08817,1.55436,2.72197
6133.10000,-1.08835,1.55446,2.71344
6133.15000,-1.08849,1.55452,2.70483
6133.20000,-1.08861,1.55459,2.69599
6133.25000,-1.08874,1.55466,2.68667
6133.30000,-1.08886,1.55473,2.67744
6133.35000,-1.08904,1.55482,2.66802
6133.40000,-1.08921,1.55491,2.65826
6133.45000,-1.08935,1.55500,2.64846
6133.50000,-1.08944,1.55506,2.63833
6133.55000,-1.08942,1.55506,2.62779
6133.60000,-1.08955,1.55515,2.61638
6133.65000,-1.08973,1.55526,2.60482
6133.70000,-1.08986,1.55535,2.59301
6133.75000,-1.08996,1.55542,2.58082
6133.80000,-1.09009,1.55551,2.56801
6133.85000,-1.09022,1.55560,2.55516
6133.90000,-1.09033,1.55569,2.54133
6133.95000,-1.09040,1.55573,2.52750
6134.00000,-1.09060,1.55587,2.51343
6134.05000,-1.09070,1.55595,2.49862
6134.10000,-1.09085,1.55606,2.48444
6134.15000,-1.09126,1.55638,2.46939
6134.20000,-1.09166,1.55670,2.45422
6134.25000,-1.09205,1.55703,2.43893
6134.30000,-1.09245,1.55737,2.42360
6134.35000,-1.09283,1.55771,2.40827
6134.40000,-1.09322,1.55806,2.39295
6134.45000,-1.09359,1.55842,2.37769
6134.50000,-1.09396,1.55878,2.36250
6134.55000,-1.09433,1.55914,2.34739
6134.60000,-1.09468,1.55951,2.33236
6134.65000,-1.09503,1.55988,2.31742
6134.70000,-1.09537,1.56026,2.30257
6134.75000,-1.09571,1.56063,2.28783
6134.80000,-1.09604,1.56102,2.27320
6134.85000,-1.09636,1.56140,2.25869
6134.90000,-1.09667,1.56178,2.24430
6134.95000,-1.09697,1.56217,2.23004
6135.00000,-1.09727,1.56256,2.21590
6135.05000,-1.09756,1.56295,2.20191
6135.10000,-1.09784,1.56334,2.18806
6135.15000,-1.09812,1.56373,2.17436
6135.20000,-1.09838,1.56412,2.16081
6135.25000,-1.10035,1.56638,2.14875
6135.30000,-1.10536,1.57392,2.13747
6135.35000,-1.11051,1.58216,2.12437
6135.40000,-1.11557,1.59047,2.11132
6135.45000,-1.12051,1.59884,2.09832
6135.50000,-1.12535,1.60729,2.08546
6135.55000,-1.13015,1.61592,2.07327
6135.60000,-1.13490,1.62467,2.06157
6135.65000,-1.13955,1.63351,2.05015
6135.70000,-1.14409,1.64236,2.03863
6135.75000,-1.14841,1.65107,2.02633
6135.80000,-1.15260,1.65981,2.01401
6135.85000,-1.15670,1.66860,2.00188
6135.90000,-1.16069,1.67745,1.98995
6135.95000,-1.16459,1.68636,1.97820
6136.00000,-1.16837,1.69530,1.96660
6136.05000,-1.17205,1.70429,1.95520
6136.10000,-1.17563,1.71333,1.94401
6136.15000,-1.17912,1.72241,1.93305
6136.20000,-1.18250,1.73154,1.92232
6136.25000,-1.18580,1.74071,1.91182
6136.30000,-1.18899,1.74991,1.90157
6136.35000,-1.19211,1.75916,1.89158
6136.40000,-1.19512,1.76843,1.88184
6136.45000,-1.19805,1.77775,1.87238
6136.50000,-1.20090,1.78710,1.86320
6136.55000,-1.20367,1.79648,1.85449
6136.60000,-1.20638,1.80592,1.84673
6136.65000,-1.20904,1.81542,1.84024
6136.70000,-1.21165,1.82498,1.83497
6136.75000,-1.21422,1.83456,1.83052
6136.80000,-1.21676,1.84416,1.82724
6136.85000,-1.21928,1.85380,1.82527
6136.90000,-1.22179,1.86347,1.82457
6136.95000,-1.22430,1.87315,1.82516
6137.00000,-1.22683,1.88285,1.82703
6137.05000,-1.22938,1.89254,1.83028
6137.10000,-1.23188,1.90202,1.83374
6137.15000,-1.23234,1.90616,1.83811
6137.20000,-1.23238,1.90629,1.84535
6137.25000,-1.23243,1.90648,1.85283
6137.30000,-1.23249,1.90671,1.86136
6137.35000,-1.23256,1.90690,1.87038
6137.40000,-1.23264,1.90714,1.87959
6137.45000,-1.23271,1.90738,1.88961
6137.50000,-1.23276,1.90754,1.90036
6137.55000,-1.23282,1.90770,1.91111
6137.60000,-1.23288,1.90787,1.92187
6137.65000,-1.23294,1.90804,1.93264
6137.70000,-1.23301,1.90821,1.94341
6137.75000,-1.23307,1.90839,1.95419
6137.80000,-1.23314,1.90857,1.96498
6137.85000,-1.23321,1.90875,1.97577
6137.90000,-1.23329,1.90893,1.98658
6137.95000,-1.23336,1.90911,1.99738
6138.00000,-1.23344,1.90930,2.00820
6138.05000,-1.23352,1.90949,2.01902
6138.10000,-1.23360,1.90968,2.02985
6138.15000,-1.23368,1.90987,2.04069
6138.20000,-1.23377,1.91006,2.05153
6138.25000,-1.23386,1.91026,2.06238
6138.30000,-1.23400,1.91053,2.07669
6138.35000,-1.23428,1.91104,2.09656
6138.40000,-1.23459,1.91158,2.11774
6138.45000,-1.23495,1.91216,2.13986
6138.50000,-1.23532,1.91273,2.16313
6138.55000,-1.23573,1.91334,2.18710
6138.60000,-1.23616,1.91394,2.21199
6138.65000,-1.23665,1.91459,2.23774
6138.70000,-1.23717,1.91523,2.26461
6138.75000,-1.23772,1.91590,2.29231
6138.80000,-1.23830,1.91655,2.32085
6138.85000,-1.23892,1.91720,2.35015
6138.90000,-1.23958,1.91786,2.38007
6138.95000,-1.24030,1.91853,2.41083
6139.00000,-1.24105,1.91918,2.44216
6139.05000,-1.24185,1.91984,2.47400
6139.10000,-1.24270,1.92049,2.50625
6139.15000,-1.24358,1.92112,2.53874
6139.20000,-1.24438,1.92166,2.57092
6139.25000,-1.24474,1.92188,2.60099
6139.30000,-1.24505,1.92206,2.63073
6139.35000,-1.24537,1.92224,2.66039
6139.40000,-1.24571,1.92241,2.68985
6139.45000,-1.24604,1.92257,2.71903
6139.50000,-1.24639,1.92271,2.74795
6139.55000,-1.24673,1.92285,2.77658
6139.60000,-1.24708,1.92298,2.80493
6139.65000,-1.24744,1.92310,2.83301
6139.70000,-1.24780,1.92321,2.86089
6139.75000,-1.24817,1.92331,2.88865
6139.80000,-1.24856,1.92340,2.91634
6139.85000,-1.24897,1.92349,2.94402
6139.90000,-1.24940,1.92357,2.97176
6139.95000,-1.24987,1.92365,2.99954
6140.00000,-1.25036,1.92371,3.02734
6140.05000,-1.25089,1.92376,3.05509
6140.10000,-1.25144,1.92380,3.08267
6140.15000,-1.25201,1.92383,3.11001
6140.20000,-1.25257,1.92384,3.13705
6140.25000,-1.25313,1.92383,-3.11945
6140.30000,-1.25370,1.92381,-3.09310
6140.35000,-1.25426,1.92378,-3.06708
6140.40000,-1.25482,1.92373,-3.04130
6140.45000,-1.25540,1.92366,-3.01570
6140.50000,-1.25600,1.92358,-2.99024
6140.55000,-1.25662,1.92348,-2.96490
6140.60000,-1.25728,1.92335,-2.93967
6140.65000,-1.25963,1.92247,-2.91449
6140.70000,-1.26808,1.92035,-2.89199
6140.75000,-1.27773,1.91776,-2.86742
6140.80000,-1.28733,1.91493,-2.84320
6140.85000,-1.29685,1.91188,-2.81943
6140.90000,-1.30630,1.90860,-2.79611
6140.95000,-1.31567,1.90511,-2.77320
6141.00000,-1.32495,1.90140,-2.75060
6141.05000,-1.33415,1.89749,-2.72822
6141.10000,-1.34327,1.89337,-2.70591
6141.15000,-1.35229,1.88905,-2.68350
6141.20000,-1.36120,1.88452,-2.66077
6141.25000,-1.37001,1.87980,-2.63755
6141.30000,-1.37871,1.87486,-2.61364
6141.35000,-1.38766,1.86950,-2.58728
6141.40000,-1.39615,1.86410,-2.56143
6141.45000,-1.40443,1.85851,-2.53430
6141.50000,-1.41260,1.85284,-2.50728
6141.55000,-1.41537,1.85168,-2.47698
6141.60000,-1.41600,1.85119,-2.43710
6141.65000,-1.41613,1.85108,-2.39673
6141.70000,-1.41625,1.85096,-2.35470
6141.75000,-1.41638,1.85082,-2.31059
6141.80000,-1.41651,1.85067,-2.26452
6141.85000,-1.41665,1.85050,-2.21665
6141.90000,-1.41679,1.85030,-2.16717
6141.95000,-1.41694,1.85007,-2.11648
6142.00000,-1.41708,1.84982,-2.06544
6142.05000,-1.41722,1.84954,-2.01492
6142.10000,-1.41736,1.84924,-1.96544
6142.15000,-1.41747,1.84894,-1.91740
6142.20000,-1.41758,1.84862,-1.87099
6142.25000,-1.41768,1.84829,-1.82633
6142.30000,-1.41783,1.84778,-1.78244
6142.35000,-1.41793,1.84726,-1.73923
6142.40000,-1.41800,1.84682,-1.69629
6142.45000,-1.41806,1.84635,-1.65285
6142.50000,-1.41808,1.84591,-1.60919
6142.55000,-1.41809,1.84544,-1.56507
6142.60000,-1.41808,1.84493,-1.52066
6142.65000,-1.41804,1.84438,-1.47630
6142.70000,-1.41797,1.84378,-1.43219
6142.75000,-1.41786,1.84313,-1.38848
6142.80000,-1.41772,1.84244,-1.34527
6142.85000,-1.41753,1.84169,-1.30260
6142.90000,-1.41729,1.84090,-1.26044
6142.95000,-1.41700,1.84004,-1.21877
6143.00000,-1.41665,1.83915,-1.17757
6143.05000,-1.41625,1.83823,-1.13671
6143.10000,-1.41579,1.83729,-1.09633
6143.15000,-1.41529,1.83636,-1.05659
6143.20000,-1.41341,1.83344,-1.01838
6143.25000,-1.40889,1.82640,-0.98349
6143.30000,-1.40343,1.81847,-0.94664
6143.35000,-1.39800,1.81124,-0.90667
6143.40000,-1.39223,1.80414,-0.86842
6143.45000,-1.38624,1.79733,-0.83120
6143.50000,-1.37999,1.79071,-0.79546
6143.55000,-1.37348,1.78430,-0.76117
6143.60000,-1.36673,1.77808,-0.72834
6143.65000,-1.35976,1.77205,-0.69700
6143.70000,-1.35258,1.76622,-0.66722
6143.75000,-1.34520,1.76057,-0.63904
6143.80000,-1.33763,1.75510,-0.61250
6143.85000,-1.32989,1.74980,-0.58763
6143.90000,-1.32211,1.74463,-0.56294
6143.95000,-1.31945,1.74348,-0.54193
6144.00000,-1.31821,1.74275,-0.52141
6144.05000,-1.31701,1.74208,-0.50082
6144.10000,-1.31570,1.74141,-0.48117
6144.15000,-1.31438,1.74074,-0.46227
6144.20000,-1.31311,1.74013,-0.44424
6144.25000,-1.31185,1.73955,-0.42692
6144.30000,-1.31064,1.73902,-0.41025
6144.35000,-1.30945,1.73851,-0.39491
6144.40000,-1.30815,1.73799,-0.38066
6144.45000,-1.30690,1.73752,-0.36663
6144.50000,-1.30565,1.73705,-0.35329
6144.55000,-1.30434,1.73659,-0.33990
6144.60000,-1.30289,1.73609,-0.32795
6144.65000,-1.30142,1.73561,-0.31664
6144.70000,-1.29990,1.73512,-0.30552
6144.75000,-1.29830,1.73463,-0.29527
6144.80000,-1.29661,1.73413,-0.28586
6144.85000,-1.29497,1.73366,-0.27646
6144.90000,-1.29334,1.73320,-0.26735
6144.95000,-1.29168,1.73275,-0.25876
6145.00000,-1.28998,1.73230,-0.25136
6145.05000,-1.28829,1.73187,-0.24412
6145.10000,-1.28656,1.73145,-0.23876
6145.15000,-1.28484,1.73104,-0.23431
6145.20000,-1.28315,1.73064,-0.22962
6145.25000,-1.28145,1.73025,-0.22597
6145.30000,-1.27969,1.72985,-0.22400
6145.35000,-1.27793,1.72945,-0.22238
6145.40000,-1.27606,1.72903,-0.22156
6145.45000,-1.27411,1.72859,-0.22174
6145.50000,-1.27209,1.72813,-0.22269
6145.55000,-1.26998,1.72765,-0.22448
6145.60000,-1.26780,1.72715,-0.22707
6145.65000,-1.26549,1.72661,-0.23046
6145.70000,-1.26305,1.72603,-0.23451
6145.75000,-1.26054,1.72542,-0.23883
6145.80000,-1.25791,1.72477,-0.24336
6145.85000,-1.25515,1.72407,-0.24842
6145.90000,-1.25226,1.72332,-0.25392
6145.95000,-1.24923,1.72252,-0.25964
6146.00000,-1.24610,1.72167,-0.26542
6146.05000,-1.24289,1.72079,-0.27083
6146.10000,-1.23952,1.71984,-0.27631
6146.15000,-1.23605,1.71884,-0.28177
6146.20000,-1.23244,1.71778,-0.28731
6146.25000,-1.22865,1.71664,-0.29324
6146.30000,-1.22472,1.71545,-0.29881
6146.35000,-1.22062,1.71417,-0.30470
6146.40000,-1.21638,1.71282,-0.31073
6146.45000,-1.21200,1.71138,-0.31690
6146.50000,-1.20753,1.70989,-0.32363
6146.55000,-1.20299,1.70834,-0.33184
6146.60000,-1.19849,1.70676,-0.34044
6146.65000,-1.19388,1.70510,-0.35049
6146.70000,-1.18928,1.70339,-0.36109
6146.75000,-1.18473,1.70163,-0.37182
6146.80000,-1.18004,1.69977,-0.38331
6146.85000,-1.17527,1.69780,-0.39500
6146.90000,-1.17038,1.69573,-0.40700
6146.95000,-1.16540,1.69354,-0.41907
6147.00000,-1.16035,1.69123,-0.43079
6147.05000,-1.15529,1.68887,-0.44224
6147.10000,-1.15008,1.68635,-0.45385
6147.15000,-1.14479,1.68373,-0.46544
6147.20000,-1.13940,1.68097,-0.47736
6147.25000,-1.13404,1.67816,-0.48940
6147.30000,-1.12869,1.67527,-0.50193
6147.35000,-1.12329,1.67225,-0.51516
6147.40000,-1.11785,1.66911,-0.52884
6147.45000,-1.11238,1.66586,-0.54294
6147.50000,-1.10685,1.66245,-0.55754
6147.55000,-1.10129,1.65892,-0.57266
6147.60000,-1.09567,1.65522,-0.58792
6147.65000,-1.09008,1.65143,-0.60338
6147.70000,-1.08456,1.64754,-0.61947
6147.75000,-1.07900,1.64351,-0.63571
6147.80000,-1.07326,1.63919,-0.65123
6147.85000,-1.06749,1.63471,-0.66666
6147.90000,-1.06173,1.63009,-0.68222
6147.95000,-1.05591,1.62527,-0.69761
6148.00000,-1.05015,1.62035,-0.71322
6148.05000,-1.04443,1.61531,-0.72879
6148.10000,-1.03880,1.61018,-0.74443
6148.15000,-1.03327,1.60498,-0.76013
6148.20000,-1.02781,1.59968,-0.77588
6148.25000,-1.02240,1.59428,-0.79159
6148.30000,-1.01703,1.58873,-0.80713
6148.35000,-1.01168,1.58305,-0.82252
6148.40000,-1.00634,1.57720,-0.83766
6148.45000,-1.00080,1.57096,-0.85127
6148.50000,-0.99531,1.56461,-0.86465
6148.55000,-0.98993,1.55822,-0.87794
6148.60000,-0.98467,1.55180,-0.89115
6148.65000,-0.97957,1.54539,-0.90451
6148.70000,-0.97471,1.53909,-0.91867
6148.75000,-0.96998,1.53278,-0.93284
6148.80000,-0.96527,1.52634,-0.94628
6148.85000,-0.96076,1.51996,-0.96006
6148.90000,-0.95631,1.51352,-0.97360
6148.95000,-0.95198,1.50705,-0.98681
6149.00000,-0.94781,1.50064,-1.00034
6149.05000,-0.94277,1.49284,-1.01361
6149.10000,-0.93766,1.48449,-1.02699
6149.15000,-0.93273,1.47618,-1.04075
6149.20000,-0.92791,1.46781,-1.05444
6149.25000,-0.92321,1.45937,-1.06807
6149.30000,-0.91863,1.45086,-1.08163
6149.35000,-0.91416,1.44229,-1.09513
6149.40000,-0.90980,1.43366,-1.10855
6149.45000,-0.90556,1.42498,-1.12191
6149.50000,-0.90143,1.41623,-1.13517
6149.55000,-0.89742,1.40743,-1.14834
6149.60000,-0.89353,1.39857,-1.16141
6149.65000,-0.88975,1.38967,-1.17436
6149.70000,-0.88608,1.38071,-1.18718
6149.75000,-0.88252,1.37170,-1.19980
6149.80000,-0.87895,1.36237,-1.21227
6149.85000,-0.87557,1.35320,-1.22444
6149.90000,-0.87229,1.34396,-1.23651
6149.95000,-0.86914,1.33474,-1.24836
6150.00000,-0.86611,1.32551,-1.25985
6150.05000,-0.86319,1.31624,-1.27110
6150.10000,-0.86037,1.30694,-1.28213
6150.15000,-0.85766,1.29760,-1.29302
6150.20000,-0.85503,1.28822,-1.30368
6150.25000,-0.85251,1.27881,-1.31403
6150.30000,-0.85008,1.26937,-1.32409
6150.35000,-0.84775,1.25990,-1.33376
6150.40000,-0.84550,1.25040,-1.34300
6150.45000,-0.84333,1.24086,-1.35184
6150.50000,-0.84124,1.23128,-1.36041
6150.55000,-0.83923,1.22168,-1.36861
6150.60000,-0.83729,1.21205,-1.37644
6150.65000,-0.83543,1.20239,-1.38377
6150.70000,-0.83363,1.19272,-1.39069
6150.75000,-0.83189,1.18301,-1.39692
6150.80000,-0.83021,1.17328,-1.40259
6150.85000,-0.82858,1.16353,-1.40722
6150.90000,-0.82698,1.15375,-1.41071
6150.95000,-0.82542,1.14392,-1.41245
6151.00000,-0.82384,1.13405,-1.41116
6151.05000,-0.82224,1.12413,-1.40960
6151.10000,-0.82114,1.11619,-1.40682
6151.15000,-0.82044,1.11135,-1.38493
6151.20000,-0.81977,1.10792,-1.34373
6151.25000,-0.81937,1.10635,-1.28948
6151.30000,-0.81935,1.10628,-1.22763
6151.35000,-0.81933,1.10622,-1.16553
6151.40000,-0.81930,1.10617,-1.10364
6151.45000,-0.81927,1.10611,-1.04195
6151.50000,-0.81924,1.10606,-0.98048
6151.55000,-0.81920,1.10601,-0.91927
6151.60000,-0.81916,1.10596,-0.85806
6151.65000,-0.81912,1.10591,-0.79669
6151.70000,-0.81907,1.10587,-0.73504
6151.75000,-0.81902,1.10582,-0.67309
6151.80000,-0.81896,1.10578,-0.61089
6151.85000,-0.81889,1.10573,-0.54859
6151.90000,-0.81881,1.10569,-0.48636
6151.95000,-0.81872,1.10565,-0.42431
6152.00000,-0.81862,1.10560,-0.36251
6152.05000,-0.81851,1.10557,-0.30101
6152.10000,-0.81839,1.10553,-0.23986
6152.15000,-0.81826,1.10551,-0.17908
6152.20000,-0.81813,1.10549,-0.11868
6152.25000,-0.81799,1.10547,-0.05869
6152.30000,-0.81785,1.10547,0.00084
6152.35000,-0.81770,1.10547,0.05991
6152.40000,-0.81756,1.10549,0.11852
6152.45000,-0.81741,1.10551,0.17664
6152.50000,-0.81726,1.10554,0.23423
6152.55000,-0.81712,1.10558,0.29127
6152.60000,-0.81697,1.10563,0.34774
6152.65000,-0.81683,1.10568,0.40361
6152.70000,-0.81669,1.10575,0.45888
6152.75000,-0.81656,1.10582,0.51352
6152.80000,-0.81642,1.10590,0.56751
6152.85000,-0.81630,1.10599,0.62085
6152.90000,-0.81617,1.10608,0.67352
6152.95000,-0.81605,1.10618,0.72552
6153.00000,-0.81594,1.10629,0.77682
6153.05000,-0.81583,1.10640,0.82743
6153.10000,-0.81573,1.10652,0.87732
6153.15000,-0.81563,1.10664,0.92650
6153.20000,-0.81554,1.10676,0.97496
6153.25000,-0.81546,1.10689,1.02269
6153.30000,-0.81538,1.10703,1.06969
6153.35000,-0.81531,1.10717,1.11595
6153.40000,-0.81524,1.10730,1.16147
6153.45000,-0.81519,1.10745,1.20625
6153.50000,-0.81514,1.10759,1.25029
6153.55000,-0.81509,1.10773,1.29358
6153.60000,-0.81505,1.10787,1.33614
6153.65000,-0.81502,1.10802,1.37799
6153.70000,-0.81447,1.11004,1.41876
6153.75000,-0.81340,1.11758,1.45498
6153.80000,-0.81248,1.12703,1.49283
6153.85000,-0.81190,1.13701,1.53224
6153.90000,-0.81171,1.14701,1.57128
6153.95000,-0.81191,1.15701,1.60998
6154.00000,-0.81249,1.16699,1.64845
6154.05000,-0.81346,1.17694,1.68685
6154.10000,-0.81481,1.18685,1.72542
6154.15000,-0.81654,1.19670,1.76454
6154.20000,-0.81867,1.20653,1.80497
6154.25000,-0.82119,1.21623,1.84757
6154.30000,-0.82365,1.22560,1.88993
6154.35000,-0.82430,1.22889,1.93667
6154.40000,-0.82454,1.22947,1.99642
6154.45000,-0.82464,1.22967,2.06579
6154.50000,-0.82465,1.22970,2.13602
6154.55000,-0.82467,1.22973,2.20573
6154.60000,-0.82469,1.22976,2.27471
6154.65000,-0.82472,1.22978,2.34293
6154.70000,-0.82474,1.22980,2.41023
6154.75000,-0.82477,1.22983,2.47659
6154.80000,-0.82480,1.22985,2.54215
6154.85000,-0.82483,1.22987,2.60690
6154.90000,-0.82486,1.22988,2.67066
6154.95000,-0.82489,1.22990,2.73324
6155.00000,-0.82492,1.22991,2.79449
6155.05000,-0.82495,1.22992,2.85493
6155.10000,-0.82499,1.22993,2.91454
6155.15000,-0.82502,1.22994,2.97334
6155.20000,-0.82506,1.22994,3.03130
6155.25000,-0.82509,1.22994,3.08843
6155.30000,-0.82513,1.22995,-3.13848
6155.35000,-0.82516,1.22994,-3.08307
6155.40000,-0.82520,1.22994,-3.02853
6155.45000,-0.82524,1.22994,-2.97488
6155.50000,-0.82730,1.22930,-2.92291
6155.55000,-0.83458,1.22740,-2.87734
6155.60000,-0.84264,1.22500,-2.82953
6155.65000,-0.85216,1.22171,-2.77824
6155.70000,-0.86141,1.21795,-2.72687
6155.75000,-0.87046,1.21370,-2.67638
6155.80000,-0.87928,1.20899,-2.62735
6155.85000,-0.88785,1.20393,-2.58156
6155.90000,-0.89585,1.19871,-2.54084
6155.95000,-0.90326,1.19364,-2.49920
6156.00000,-0.90639,1.19187,-2.46607
6156.05000,-0.90670,1.19164,-2.45052
6156.10000,-0.90691,1.19148,-2.43895
6156.15000,-0.90705,1.19136,-2.42872
6156.20000,-0.90694,1.19147,-2.41902
6156.25000,-0.90682,1.19158,-2.40932
6156.30000,-0.90685,1.19154,-2.40070
6156.35000,-0.90689,1.19152,-2.39298
6156.40000,-0.90698,1.19144,-2.38406
6156.45000,-0.90704,1.19138,-2.37229
6156.50000,-0.90708,1.19136,-2.35567
6156.55000,-0.90712,1.19132,-2.33065
6156.60000,-0.90872,1.18960,-2.30530
6156.65000,-0.91380,1.18385,-2.27990
6156.70000,-0.91989,1.17654,-2.24934
6156.75000,-0.92618,1.16875,-2.21696
6156.80000,-0.92923,1.16474,-2.18932
6156.85000,-0.92991,1.16374,-2.18209
6156.90000,-0.92993,1.16371,-2.18574
6156.95000,-0.92994,1.16371,-2.19113
6157.00000,-0.92996,1.16368,-2.19657
6157.05000,-0.92998,1.16365,-2.20198
6157.10000,-0.93000,1.16362,-2.20639
6157.15000,-0.93003,1.16359,-2.20724
6157.20000,-0.93005,1.16355,-2.20121
6157.25000,-0.93008,1.16355,-2.18685
6157.30000,-0.93010,1.16353,-2.16552
6157.35000,-0.93152,1.16185,-2.14415
6157.40000,-0.93586,1.15533,-2.12223
6157.45000,-0.94067,1.14729,-2.09764
6157.50000,-0.94540,1.13917,-2.07312
6157.55000,-0.94767,1.13466,-2.05709
6157.60000,-0.94813,1.13365,-2.06314
6157.65000,-0.94805,1.13383,-2.08087
6157.70000,-0.94803,1.13386,-2.09909
6157.75000,-0.94806,1.13381,-2.11649
6157.80000,-0.94798,1.13393,-2.13289
6157.85000,-0.94794,1.13401,-2.14301
6157.90000,-0.94796,1.13397,-2.14413
6157.95000,-0.94796,1.13397,-2.13468
6158.00000,-0.94966,1.13180,-2.12304
6158.05000,-0.95381,1.12514,-2.10887
6158.10000,-0.95858,1.11697,-2.08903
6158.15000,-0.96329,1.10871,-2.06903
6158.20000,-0.96554,1.10415,-2.05652
6158.25000,-0.96616,1.10268,-2.06523
6158.30000,-0.96617,1.10266,-2.08894
6158.35000,-0.96619,1.10263,-2.11421
6158.40000,-0.96608,1.10281,-2.13944
6158.45000,-0.96585,1.10323,-2.16285
6158.50000,-0.96574,1.10340,-2.17928
6158.55000,-0.96571,1.10345,-2.18589
6158.60000,-0.96685,1.10216,-2.18777
6158.65000,-0.97113,1.09632,-2.18134
6158.70000,-0.97623,1.08890,-2.16278
6158.75000,-0.98145,1.08097,-2.14255
6158.80000,-0.98673,1.07263,-2.12822
6158.85000,-0.99213,1.06395,-2.11359
6158.90000,-0.99482,1.05919,-2.10873
6158.95000,-0.99630,1.05665,-2.12458
6159.00000,-0.99639,1.05649,-2.15769
6159.05000,-0.99590,1.05720,-2.19689
6159.10000,-0.99533,1.05796,-2.23621
6159.15000,-0.99476,1.05865,-2.27378
6159.20000,-0.99428,1.05924,-2.30849
6159.25000,-0.99427,1.05927,-2.33899
6159.30000,-0.99449,1.05905,-2.36355
6159.35000,-0.99448,1.05905,-2.37559
6159.40000,-0.99626,1.05726,-2.38310
6159.45000,-1.00173,1.05207,-2.38153
6159.50000,-1.00848,1.04557,-2.36713
6159.55000,-1.01554,1.03857,-2.35472
6159.60000,-1.02245,1.03175,-2.34292
6159.65000,-1.02549,1.02875,-2.34754
6159.70000,-1.02586,1.02840,-2.37743
6159.75000,-1.02576,1.02850,-2.41393
6159.80000,-1.02579,1.02848,-2.44909
6159.85000,-1.02576,1.02851,-2.48104
6159.90000,-1.02584,1.02847,-2.50503
6159.95000,-1.02745,1.02704,-2.52613
6160.00000,-1.03286,1.02320,-2.53192
6160.05000,-1.03868,1.01931,-2.52790
6160.10000,-1.03965,1.01867,-2.51634
6160.15000,-1.04161,1.01701,-2.49909
6160.20000,-1.04834,1.01174,-2.48455
6160.25000,-1.05639,1.00548,-2.47515
6160.30000,-1.06420,0.99939,-2.46653
6160.35000,-1.06779,0.99685,-2.47057
6160.40000,-1.06923,0.99577,-2.49932
6160.45000,-1.06933,0.99570,-2.53819
6160.50000,-1.06936,0.99569,-2.57771
6160.55000,-1.06938,0.99567,-2.61512
6160.60000,-1.06939,0.99567,-2.64638
6160.65000,-1.06942,0.99567,-2.66713
6160.70000,-1.06948,0.99569,-2.67446
6160.75000,-1.06955,0.99572,-2.66925
6160.80000,-1.06962,0.99573,-2.65154
6160.85000,-1.06967,0.99571,-2.62951
6160.90000,-1.06972,0.99568,-2.60708
6160.95000,-1.06977,0.99564,-2.58471
6161.00000,-1.06982,0.99561,-2.56243
6161.05000,-1.06987,0.99558,-2.54024
6161.10000,-1.06993,0.99554,-2.51815
6161.15000,-1.06998,0.99550,-2.49613
6161.20000,-1.07006,0.99544,-2.47395
6161.25000,-1.07057,0.99503,-2.44949
6161.30000,-1.07096,0.99473,-2.42515
6161.35000,-1.07140,0.99435,-2.40021
6161.40000,-1.07185,0.99394,-2.37496
6161.45000,-1.07239,0.99341,-2.34904
6161.50000,-1.07280,0.99300,-2.32357
6161.55000,-1.07308,0.99269,-2.29823
6161.60000,-1.07330,0.99245,-2.27321
6161.65000,-1.07361,0.99210,-2.24849
6161.70000,-1.07395,0.99168,-2.22391
6161.75000,-1.07422,0.99129,-2.19807
6161.80000,-1.07457,0.99081,-2.17373
6161.85000,-1.07495,0.99023,-2.14859
6161.90000,-1.07530,0.98965,-2.12396
6161.95000,-1.07565,0.98907,-2.09965
6162.00000,-1.07595,0.98851,-2.07540
6162.05000,-1.07627,0.98790,-2.05207
6162.10000,-1.07654,0.98734,-2.02867
6162.15000,-1.07687,0.98664,-2.00533
6162.20000,-1.07719,0.98591,-1.98208
6162.25000,-1.07750,0.98517,-1.95895
6162.30000,-1.07774,0.98455,-1.93652
6162.35000,-1.07801,0.98381,-1.91380
6162.40000,-1.07824,0.98309,-1.89139
6162.45000,-1.07848,0.98230,-1.86900
6162.50000,-1.07957,0.98039,-1.84649
6162.55000,-1.08197,0.97280,-1.82520
6162.60000,-1.08446,0.96270,-1.80368
6162.65000,-1.08677,0.95243,-1.78220
6162.70000,-1.08886,0.94212,-1.76094
6162.75000,-1.09073,0.93177,-1.73984
6162.80000,-1.09238,0.92138,-1.71880
6162.85000,-1.09381,0.91096,-1.69769
6162.90000,-1.09502,0.90051,-1.67628
6162.95000,-1.09595,0.89064,-1.65476
6163.00000,-1.09663,0.88124,-1.63136
6163.05000,-1.09720,0.87184,-1.60783
6163.10000,-1.09721,0.86763,-1.58501
6163.15000,-1.09721,0.86656,-1.54959
6163.20000,-1.09721,0.86649,-1.50649
6163.25000,-1.09717,0.86609,-1.46606
6163.30000,-1.09717,0.86545,-1.42877
6163.35000,-1.09707,0.86465,-1.39421
6163.40000,-1.09694,0.86387,-1.36148
6163.45000,-1.09681,0.86316,-1.33038
6163.50000,-1.09665,0.86243,-1.29978
6163.55000,-1.09649,0.86174,-1.26960
6163.60000,-1.09629,0.86103,-1.23926
6163.65000,-1.09608,0.86035,-1.20911
6163.70000,-1.09584,0.85968,-1.17896
6163.75000,-1.09558,0.85900,-1.14893
6163.80000,-1.09528,0.85831,-1.11902
6163.85000,-1.09499,0.85768,-1.08965
6163.90000,-1.09363,0.85548,-1.06131
6163.95000,-1.08926,0.84806,-1.03721
6164.00000,-1.08432,0.83994,-1.00987
6164.05000,-1.07947,0.83216,-0.98218
6164.10000,-1.07830,0.82962,-0.95033
6164.15000,-1.07808,0.82931,-0.90459
6164.20000,-1.07806,0.82927,-0.85731
6164.25000,-1.07803,0.82924,-0.81093
6164.30000,-1.07800,0.82922,-0.76515
6164.35000,-1.07797,0.82919,-0.71993
6164.40000,-1.07794,0.82916,-0.67526
6164.45000,-1.07791,0.82914,-0.63118
6164.50000,-1.07788,0.82912,-0.58808
6164.55000,-1.07784,0.82909,-0.54583
6164.60000,-1.07781,0.82907,-0.50419
6164.65000,-1.07777,0.82905,-0.46310
6164.70000,-1.07773,0.82903,-0.42285
6164.75000,-1.07769,0.82902,-0.38363
6164.80000,-1.07764,0.82900,-0.34558
6164.85000,-1.07760,0.82898,-0.30871
6164.90000,-1.07755,0.82897,-0.27292
6164.95000,-1.07750,0.82896,-0.23821
6165.00000,-1.07527,0.82820,-0.20494
6165.05000,-1.06762,0.82666,-0.17475
6165.10000,-1.05797,0.82511,-0.14164
6165.15000,-1.04819,0.82381,-0.10813
6165.20000,-1.04401,0.82375,-0.07428
6165.25000,-1.04369,0.82374,-0.03300
6165.30000,-1.04363,0.82374,0.00798
6165.35000,-1.04357,0.82374,0.04846
6165.40000,-1.04351,0.82374,0.08889
6165.45000,-1.04345,0.82375,0.12967
6165.50000,-1.04339,0.82376,0.17092
6165.55000,-1.04332,0.82377,0.21253
6165.60000,-1.04325,0.82379,0.25425
6165.65000,-1.04318,0.82381,0.29588
6165.70000,-1.04311,0.82383,0.33731
6165.75000,-1.04304,0.82386,0.37849
6165.80000,-1.04296,0.82389,0.41942
6165.85000,-1.04289,0.82392,0.46005
6165.90000,-1.04281,0.82396,0.50037
6165.95000,-1.04274,0.82401,0.54031
6166.00000,-1.04267,0.82405,0.57979
6166.05000,-1.04086,0.82549,0.61846
6166.10000,-1.03451,0.83021,0.65154
6166.15000,-1.02682,0.83627,0.68772
6166.20000,-1.01921,0.84275,0.72347
6166.25000,-1.01183,0.84950,0.75745
6166.30000,-1.00468,0.85648,0.78947
6166.35000,-0.99775,0.86368,0.81944
6166.40000,-0.99103,0.87108,0.84747
6166.45000,-0.98451,0.87867,0.87415
6166.50000,-0.97819,0.88642,0.90011
6166.55000,-0.97208,0.89433,0.92542
6166.60000,-0.96616,0.90239,0.94994
6166.65000,-0.96044,0.91059,0.97359
6166.70000,-0.95491,0.91892,0.99617
6166.75000,-0.94957,0.92737,1.01757
6166.80000,-0.94431,0.93588,1.03894
6166.85000,-0.94283,0.94018,1.05751
6166.90000,-0.94268,0.94047,1.07443
6166.95000,-0.94262,0.94056,1.08937
6167.00000,-0.94254,0.94070,1.10442
6167.05000,-0.94250,0.94078,1.11915
6167.10000,-0.94246,0.94086,1.13347
6167.15000,-0.94242,0.94094,1.14756
6167.20000,-0.94239,0.94102,1.16217
6167.25000,-0.94235,0.94110,1.17759
6167.30000,-0.94232,0.94119,1.19409
6167.35000,-0.94229,0.94127,1.21192
6167.40000,-0.94105,0.94324,1.22853
6167.45000,-0.93828,0.95030,1.24607
6167.50000,-0.93538,0.95925,1.26915
6167.55000,-0.93251,0.96881,1.29036
6167.60000,-0.92979,0.97865,1.30988
6167.65000,-0.92712,0.98857,1.32920
6167.70000,-0.92638,0.99483,1.34617
6167.75000,-0.92633,0.99574,1.35806
6167.80000,-0.92627,0.99603,1.36686
6167.85000,-0.92620,0.99632,1.37509
6167.90000,-0.92613,0.99663,1.38401
6167.95000,-0.92606,0.99697,1.39415
6168.00000,-0.92599,0.99735,1.40572
6168.05000,-0.92590,0.99777,1.41877
6168.10000,-0.92584,0.99822,1.43303
6168.15000,-0.92579,0.99869,1.44830
6168.20000,-0.92532,1.00128,1.46337
6168.25000,-0.92438,1.00952,1.47852
6168.30000,-0.92353,1.01975,1.49491
6168.35000,-0.92283,1.03003,1.51077
6168.40000,-0.92221,1.04021,1.52573
6168.45000,-0.92218,1.04608,1.53941
6168.50000,-0.92217,1.04678,1.55081
6168.55000,-0.92216,1.04711,1.55962
6168.60000,-0.92216,1.04745,1.56833
6168.65000,-0.92216,1.04778,1.57718
6168.70000,-0.92217,1.04812,1.58607
6168.75000,-0.92217,1.04846,1.59512
6168.80000,-0.92218,1.04881,1.60469
6168.85000,-0.92219,1.04917,1.61496
6168.90000,-0.92221,1.04953,1.62617
6168.95000,-0.92223,1.04994,1.63724
6169.00000,-0.92256,1.05126,1.64862
6169.05000,-0.92336,1.05842,1.66015
6169.10000,-0.92432,1.06848,1.67234
6169.15000,-0.92541,1.07853,1.68487
6169.20000,-0.92656,1.08873,1.69693
6169.25000,-0.92678,1.09402,1.70884
6169.30000,-0.92682,1.09451,1.71813
6169.35000,-0.92687,1.09482,1.72621
6169.40000,-0.92692,1.09514,1.73443
6169.45000,-0.92697,1.09548,1.74249
6169.50000,-0.92702,1.09579,1.75044
6169.55000,-0.92708,1.09611,1.75812
6169.60000,-0.92713,1.09643,1.76575
6169.65000,-0.92719,1.09672,1.77324
6169.70000,-0.92724,1.09702,1.78031
6169.75000,-0.92730,1.09732,1.78697
6169.80000,-0.92736,1.09761,1.79313
6169.85000,-0.92743,1.09789,1.79900
6169.90000,-0.92748,1.09813,1.80452
6169.95000,-0.92755,1.09839,1.80932
6170.00000,-0.92760,1.09859,1.81376
6170.05000,-0.92765,1.09881,1.81756
6170.10000,-0.92770,1.09904,1.82113
6170.15000,-0.92775,1.09923,1.82356
6170.20000,-0.92780,1.09941,1.82536
6170.25000,-0.92785,1.09961,1.82724
6170.30000,-0.92790,1.09980,1.82912
6170.35000,-0.92795,1.10000,1.83099
6170.40000,-0.92800,1.10020,1.83286
6170.45000,-0.92805,1.10039,1.83473
6170.50000,-0.92810,1.10059,1.83659
6170.55000,-0.92815,1.10078,1.83846
6170.60000,-0.92820,1.10098,1.84032
6170.65000,-0.92825,1.10117,1.84217
6170.70000,-0.92830,1.10136,1.84400
6170.75000,-0.92832,1.10147,1.84285
6170.80000,-0.92832,1.10145,1.83583
6170.85000,-0.92831,1.10143,1.82782
6170.90000,-0.92830,1.10138,1.81956
6170.95000,-0.92829,1.10133,1.81056
6171.00000,-0.92828,1.10128,1.80094
6171.05000,-0.92825,1.10119,1.79101
6171.10000,-0.92823,1.10108,1.78071
6171.15000,-0.92821,1.10100,1.76986
6171.20000,-0.92818,1.10086,1.75875
6171.25000,-0.92816,1.10073,1.74736
6171.30000,-0.92813,1.10057,1.73570
6171.35000,-0.92810,1.10040,1.72362
6171.40000,-0.92807,1.10022,1.71123
6171.45000,-0.92805,1.10008,1.69849
6171.50000,-0.92802,1.09989,1.68536
6171.55000,-0.92800,1.09969,1.67206
6171.60000,-0.92798,1.09948,1.65837
6171.65000,-0.92796,1.09927,1.64453
6171.70000,-0.92795,1.09905,1.63051
6171.75000,-0.92794,1.09882,1.61626
6171.80000,-0.92793,1.09857,1.60121
6171.85000,-0.92792,1.09829,1.58488
6171.90000,-0.92792,1.09798,1.56747
6171.95000,-0.92792,1.09763,1.54861
6172.00000,-0.92793,1.09723,1.52798
6172.05000,-0.92795,1.09679,1.50510
6172.10000,-0.92798,1.09632,1.48043
6172.15000,-0.92803,1.09579,1.45374
6172.20000,-0.92810,1.09521,1.42465
6172.25000,-0.92819,1.09458,1.39358
6172.30000,-0.92830,1.09390,1.36050
6172.35000,-0.92845,1.09321,1.32553
6172.40000,-0.92855,1.09281,1.29024
6172.45000,-0.92865,1.09245,1.25357
6172.50000,-0.92859,1.09261,1.21734
6172.55000,-0.92853,1.09278,1.17973
6172.60000,-0.92845,1.09295,1.14078
6172.65000,-0.92836,1.09314,1.10060
6172.70000,-0.92826,1.09334,1.05935
6172.75000,-0.92813,1.09354,1.01716
6172.80000,-0.92799,1.09376,0.97428
6172.85000,-0.92784,1.09398,0.93103
6172.90000,-0.92767,1.09420,0.88763
6172.95000,-0.92748,1.09442,0.84431
6173.00000,-0.92729,1.09463,0.80123
6173.05000,-0.92708,1.09483,0.75839
6173.10000,-0.92686,1.09503,0.71578
6173.15000,-0.92664,1.09522,0.67326
6173.20000,-0.92639,1.09540,0.63063
6173.25000,-0.92613,1.09558,0.58785
6173.30000,-0.92586,1.09576,0.54496
6173.35000,-0.92556,1.09593,0.50198
6173.40000,-0.92525,1.09609,0.45893
6173.45000,-0.92491,1.09625,0.41584
6173.50000,-0.92456,1.09640,0.37274
6173.55000,-0.92419,1.09653,0.32965
6173.60000,-0.92379,1.09666,0.28658
6173.65000,-0.92337,1.09677,0.24357
6173.70000,-0.92294,1.09687,0.20064
6173.75000,-0.92247,1.09696,0.15781
6173.80000,-0.92199,1.09702,0.11509
6173.85000,-0.92148,1.09707,0.07256
6173.90000,-0.92096,1.09710,0.03033
6173.95000,-0.92044,1.09710,-0.01148
6174.00000,-0.91991,1.09708,-0.05281
6174.05000,-0.91938,1.09705,-0.09364
6174.10000,-0.91886,1.09699,-0.13395
6174.15000,-0.91833,1.09690,-0.17377
6174.20000,-0.91781,1.09680,-0.21319
6174.25000,-0.91728,1.09668,-0.25229
6174.30000,-0.91675,1.09653,-0.29107
6174.35000,-0.91622,1.09636,-0.32951
6174.40000,-0.91568,1.09616,-0.36762
6174.45000,-0.91514,1.09594,-0.40540
6174.50000,-0.91461,1.09570,-0.44283
6174.55000,-0.91407,1.09543,-0.47992
6174.60000,-0.91353,1.09514,-0.51666
6174.65000,-0.91298,1.09482,-0.55303
6174.70000,-0.91300,1.09482,-0.59141
6174.75000,-0.91249,1.09446,-0.62665
6174.80000,-0.91198,1.09408,-0.66122
6174.85000,-0.90968,1.09212,-0.69467
6174.90000,-0.90365,1.08693,-0.72625
6174.95000,-0.89700,1.08081,-0.76211
6175.00000,-0.89051,1.07440,-0.79732
6175.05000,-0.88424,1.06774,-0.83141
6175.10000,-0.87817,1.06086,-0.86438
6175.15000,-0.87230,1.05377,-0.89622
6175.20000,-0.86665,1.04647,-0.92690
6175.25000,-0.86120,1.03898,-0.95641
6175.30000,-0.85595,1.03132,-0.98457
6175.35000,-0.85090,1.02348,-1.01153
6175.40000,-0.84604,1.01549,-1.03708
6175.45000,-0.84136,1.00735,-1.06098
6175.50000,-0.83685,0.99906,-1.08312
6175.55000,-0.83248,0.99063,-1.10326
6175.60000,-0.82817,0.98213,-1.12331
6175.65000,-0.82710,0.97828,-1.13912
6175.70000,-0.82716,0.97838,-1.14790
6175.75000,-0.82718,0.97841,-1.15359
6175.80000,-0.82719,0.97844,-1.15876
6175.85000,-0.82720,0.97846,-1.16324
6175.90000,-0.82721,0.97848,-1.16725
6175.95000,-0.82721,0.97848,-1.17056
6176.00000,-0.82719,0.97842,-1.17349
6176.05000,-0.82716,0.97836,-1.17641
6176.10000,-0.82713,0.97829,-1.17933
6176.15000,-0.82711,0.97824,-1.18185
6176.20000,-0.82710,0.97822,-1.18393
6176.25000,-0.82709,0.97819,-1.18567
6176.30000,-0.82708,0.97815,-1.18710
6176.35000,-0.82706,0.97811,-1.18798
6176.40000,-0.82703,0.97805,-1.18828
6176.45000,-0.82701,0.97798,-1.18809
6176.50000,-0.82697,0.97790,-1.18731
6176.55000,-0.82693,0.97781,-1.18588
6176.60000,-0.82690,0.97772,-1.18441
6176.65000,-0.82685,0.97758,-1.18098
6176.70000,-0.82679,0.97743,-1.17619
6176.75000,-0.82671,0.97725,-1.17034
6176.80000,-0.82663,0.97705,-1.16369
6176.85000,-0.82655,0.97685,-1.15598
6176.90000,-0.82644,0.97660,-1.14739
6176.95000,-0.82634,0.97637,-1.13823
6177.00000,-0.82622,0.97610,-1.12832
6177.05000,-0.82609,0.97583,-1.11781
6177.10000,-0.82595,0.97554,-1.10667
6177.15000,-0.82580,0.97524,-1.09479
6177.20000,-0.82564,0.97493,-1.08212
6177.25000,-0.82546,0.97460,-1.06866
6177.30000,-0.82528,0.97426,-1.05443
6177.35000,-0.82510,0.97393,-1.03928
6177.40000,-0.82496,0.97369,-1.02283
6177.45000,-0.82474,0.97331,-1.00279
6177.50000,-0.82445,0.97286,-0.97932
6177.55000,-0.82431,0.97266,-0.95456
6177.60000,-0.82414,0.97242,-0.92640
6177.65000,-0.82412,0.97239,-0.89708
6177.70000,-0.82409,0.97235,-0.86586
6177.75000,-0.82406,0.97232,-0.83350
6177.80000,-0.82403,0.97229,-0.80062
6177.85000,-0.82400,0.97226,-0.76748
6177.90000,-0.82397,0.97223,-0.73404
6177.95000,-0.82394,0.97220,-0.70028
6178.00000,-0.82390,0.97217,-0.66620
6178.05000,-0.82387,0.97215,-0.63204
6178.10000,-0.82383,0.97212,-0.59690
6178.15000,-0.82379,0.97210,-0.56005
6178.20000,-0.82375,0.97207,-0.52134
6178.25000,-0.82370,0.97204,-0.48095
6178.30000,-0.82365,0.97202,-0.43921
6178.35000,-0.82360,0.97200,-0.39644
6178.40000,-0.82354,0.97197,-0.35290
6178.45000,-0.82348,0.97195,-0.30885
6178.50000,-0.82341,0.97193,-0.26459
6178.55000,-0.82334,0.97192,-0.22041
6178.60000,-0.82328,0.97190,-0.17641
6178.65000,-0.82321,0.97189,-0.13258
6178.70000,-0.82314,0.97188,-0.08895
6178.75000,-0.82307,0.97188,-0.04551
6178.80000,-0.82300,0.97188,-0.00238
6178.85000,-0.82293,0.97188,0.04072
6178.90000,-0.82285,0.97188,0.08406
6178.95000,-0.82277,0.97189,0.12768
6179.00000,-0.82269,0.97190,0.17146
6179.05000,-0.82261,0.97192,0.21525
6179.10000,-0.82252,0.97194,0.25907
6179.15000,-0.82243,0.97197,0.30279
6179.20000,-0.82234,0.97200,0.34624
6179.25000,-0.82225,0.97203,0.38931
6179.30000,-0.82216,0.97207,0.43196
6179.35000,-0.82208,0.97211,0.47419
6179.40000,-0.82176,0.97229,0.51697
6179.45000,-0.82128,0.97256,0.56005
6179.50000,-0.82106,0.97270,0.60145
6179.55000,-0.82037,0.97318,0.64463
6179.60000,-0.81995,0.97350,0.68636
6179.65000,-0.81974,0.97367,0.72672
6179.70000,-0.81931,0.97404,0.76801
6179.75000,-0.81856,0.97477,0.81092
6179.80000,-0.81784,0.97555,0.85346
6179.85000,-0.81727,0.97624,0.89498
6179.90000,-0.81656,0.97717,0.93707
6179.95000,-0.81590,0.97811,0.97850
6180.00000,-0.81530,0.97902,1.01892
6180.05000,-0.81475,0.97994,1.05864
6180.10000,-0.81424,0.98089,1.09760
6180.15000,-0.81380,0.98178,1.13577
6180.20000,-0.81340,0.98268,1.17318
6180.25000,-0.81300,0.98365,1.21035
6180.30000,-0.81263,0.98462,1.24697
6180.35000,-0.81232,0.98559,1.28306
6180.40000,-0.81127,0.98836,1.31640
6180.45000,-0.80922,0.99610,1.34626
6180.50000,-0.80719,1.00565,1.37803
6180.55000,-0.80541,1.01580,1.41031
6180.60000,-0.80396,1.02581,1.44057
6180.65000,-0.80280,1.03573,1.46965
6180.70000,-0.80197,1.04541,1.49905
6180.75000,-0.80144,1.05464,1.52945
6180.80000,-0.80120,1.06390,1.55879
6180.85000,-0.80122,1.07320,1.58685
6180.90000,-0.80149,1.08253,1.61325
6180.95000,-0.80200,1.09192,1.63716
6181.00000,-0.80273,1.10140,1.65633
6181.05000,-0.80354,1.11091,1.67451
6181.10000,-0.80366,1.11739,1.68598
6181.15000,-0.80358,1.12244,1.67561
6181.20000,-0.80357,1.12424,1.64171
6181.25000,-0.80358,1.12439,1.59880
6181.30000,-0.80358,1.12440,1.55702
6181.35000,-0.80358,1.12440,1.52200
6181.40000,-0.80358,1.12399,1.50617
6181.45000,-0.80358,1.12406,1.51152
6181.50000,-0.80338,1.12569,1.52186
6181.55000,-0.80297,1.13210,1.53226
6181.60000,-0.80257,1.14165,1.54327
6181.65000,-0.80251,1.14790,1.54818
6181.70000,-0.80250,1.15285,1.52940
6181.75000,-0.80250,1.15689,1.49204
6181.80000,-0.80241,1.15894,1.44454
6181.85000,-0.80238,1.15915,1.38904
6181.90000,-0.80237,1.15919,1.33235
6181.95000,-0.80236,1.15922,1.27503
6182.00000,-0.80236,1.15924,1.21628
6182.05000,-0.80234,1.15924,1.16703
6182.10000,-0.80236,1.15917,1.13324
6182.15000,-0.80233,1.15909,1.11655
6182.20000,-0.80246,1.15882,1.11798
6182.25000,-0.80264,1.15847,1.12291
6182.30000,-0.80282,1.15813,1.12785
6182.35000,-0.80286,1.15798,1.14684
6182.40000,-0.80280,1.15811,1.17394
6182.45000,-0.80278,1.15817,1.20106
6182.50000,-0.80271,1.15838,1.22790
6182.55000,-0.80269,1.15847,1.25407
6182.60000,-0.80265,1.15856,1.27984
6182.65000,-0.80263,1.15862,1.30458
6182.70000,-0.80262,1.15872,1.32863
6182.75000,-0.80254,1.15912,1.35286
6182.80000,-0.80252,1.15934,1.37559
6182.85000,-0.80249,1.15956,1.39777
6182.90000,-0.80186,1.16146,1.41933
6182.95000,-0.80059,1.16850,1.44010
6183.00000,-0.79942,1.17814,1.46246
6183.05000,-0.79845,1.18810,1.48315
6183.10000,-0.79770,1.19781,1.50593
6183.15000,-0.79710,1.20759,1.53121
6183.20000,-0.79701,1.21202,1.55886
6183.25000,-0.79700,1.21402,1.59928
6183.30000,-0.79701,1.21570,1.65563
6183.35000,-0.79706,1.21636,1.72600
6183.40000,-0.79708,1.21646,1.80280
6183.45000,-0.79709,1.21647,1.87016
6183.50000,-0.79712,1.21648,1.92248
6183.55000,-0.79798,1.21789,1.96239
6183.60000,-0.80068,1.22362,1.99785
6183.65000,-0.80451,1.23173,2.02309
6183.70000,-0.80918,1.24106,2.04645
6183.75000,-0.81395,1.25006,2.07171
6183.80000,-0.81891,1.25909,2.09737
6183.85000,-0.82065,1.26278,2.12824
6183.90000,-0.82138,1.26393,2.17780
6183.95000,-0.82143,1.26400,2.22504
6184.00000,-0.82145,1.26401,2.26469
6184.05000,-0.82185,1.26447,2.29927
6184.10000,-0.82365,1.26644,2.33113
6184.15000,-0.82923,1.27211,2.35915
6184.20000,-0.83594,1.27861,2.38529
6184.25000,-0.84269,1.28480,2.41625
6184.30000,-0.84910,1.29043,2.44803
6184.35000,-0.85117,1.29201,2.48799
6184.40000,-0.85155,1.29229,2.54147
6184.45000,-0.85158,1.29231,2.59683
6184.50000,-0.85160,1.29233,2.65038
6184.55000,-0.85163,1.29234,2.70229
6184.60000,-0.85165,1.29235,2.75161
6184.65000,-0.85168,1.29236,2.79884
6184.70000,-0.85170,1.29237,2.84432
6184.75000,-0.85173,1.29238,2.88837
6184.80000,-0.85176,1.29238,2.93111
6184.85000,-0.85178,1.29239,2.97274
6184.90000,-0.85181,1.29239,3.01325
6184.95000,-0.85183,1.29239,3.05204
6185.00000,-0.85186,1.29239,3.08967
6185.05000,-0.85381,1.29249,3.12680
6185.10000,-0.86108,1.29247,-3.12245
6185.15000,-0.87091,1.29211,-3.08871
6185.20000,-0.88088,1.29142,-3.05729
6185.25000,-0.89085,1.29044,-3.02964
6185.30000,-0.90078,1.28921,-3.00553
6185.35000,-0.91068,1.28776,-2.98523
6185.40000,-0.92056,1.28620,-2.96548
6185.45000,-0.92671,1.28595,-2.94614
6185.50000,-0.92750,1.28595,-2.93493
6185.55000,-0.92758,1.28594,-2.92814
6185.60000,-0.92764,1.28593,-2.92206
6185.65000,-0.92767,1.28592,-2.91742
6185.70000,-0.92770,1.28591,-2.91421
6185.75000,-0.92774,1.28590,-2.91235
6185.80000,-0.92779,1.28589,-2.91173
6185.85000,-0.92782,1.28588,-2.91187
6185.90000,-0.92786,1.28587,-2.91259
6185.95000,-0.92790,1.28586,-2.91395
6186.00000,-0.92794,1.28586,-2.91594
6186.05000,-0.92798,1.28585,-2.91851
6186.10000,-0.92802,1.28584,-2.92158
6186.15000,-0.92807,1.28583,-2.92511
6186.20000,-0.92811,1.28582,-2.92913
6186.25000,-0.92815,1.28581,-2.93366
6186.30000,-0.92820,1.28580,-2.93863
6186.35000,-0.92824,1.28579,-2.94400
6186.40000,-0.92829,1.28578,-2.94976
6186.45000,-0.92833,1.28577,-2.95590
6186.50000,-0.92837,1.28576,-2.96241
6186.55000,-0.92842,1.28576,-2.96930
6186.60000,-0.92846,1.28575,-2.97656
6186.65000,-0.92851,1.28574,-2.98417
6186.70000,-0.92855,1.28573,-2.99210
6186.75000,-0.92860,1.28573,-3.00036
6186.80000,-0.92864,1.28572,-3.00893
6186.85000,-0.92869,1.28572,-3.01780
6186.90000,-0.92873,1.28571,-3.02696
6186.95000,-0.92878,1.28571,-3.03640
6187.00000,-0.92883,1.28570,-3.04613
6187.05000,-0.92887,1.28570,-3.05613
6187.10000,-0.92892,1.28569,-3.06641
6187.15000,-0.92896,1.28569,-3.07693
6187.20000,-0.92901,1.28569,-3.08766
6187.25000,-0.92906,1.28568,-3.09867
6187.30000,-0.92910,1.28568,-3.11002
6187.35000,-0.92915,1.28568,-3.12166
6187.40000,-0.92920,1.28568,-3.13347
6187.45000,-0.92925,1.28568,3.13780
6187.50000,-0.92930,1.28568,3.12593
6187.55000,-0.92935,1.28568,3.11414
6187.60000,-0.92940,1.28568,3.10241
6187.65000,-0.92945,1.28569,3.09070
6187.70000,-0.92951,1.28569,3.07895
6187.75000,-0.92956,1.28569,3.06706
6187.80000,-0.92961,1.28570,3.05504
6187.85000,-0.92966,1.28570,3.04286
6187.90000,-0.92972,1.28571,3.03060
6187.95000,-0.92977,1.28571,3.01822
6188.00000,-0.92982,1.28572,3.00579
6188.05000,-0.92987,1.28573,2.99340
6188.10000,-0.92993,1.28574,2.98114
6188.15000,-0.92998,1.28574,2.96901
6188.20000,-0.93003,1.28575,2.95705
6188.25000,-0.93008,1.28576,2.94507
6188.30000,-0.93014,1.28577,2.93300
6188.35000,-0.93019,1.28579,2.92088
6188.40000,-0.93024,1.28580,2.90872
6188.45000,-0.93029,1.28581,2.89649
6188.50000,-0.93035,1.28582,2.88433
6188.55000,-0.93040,1.28584,2.87219
6188.60000,-0.93045,1.28585,2.86017
6188.65000,-0.93050,1.28587,2.84842
6188.70000,-0.93056,1.28588,2.83716
6188.75000,-0.93060,1.28590,2.82645
6188.80000,-0.93056,1.28589,2.81608
6188.85000,-0.93042,1.28585,2.80594
6188.90000,-0.93240,1.28697,2.79560
6188.95000,-0.94066,1.29017,2.78717
6189.00000,-0.94989,1.29363,2.77927
6189.05000,-0.95905,1.29714,2.77197
6189.10000,-0.96826,1.30075,2.76580
6189.15000,-0.97751,1.30442,2.76069
6189.20000,-0.98673,1.30814,2.75611
6189.25000,-0.99597,1.31192,2.75226
6189.30000,-1.00522,1.31573,2.74922
6189.35000,-1.01445,1.31956,2.74709
6189.40000,-1.02368,1.32341,2.74573
6189.45000,-1.03291,1.32727,2.74509
6189.50000,-1.04213,1.33113,2.74513
6189.55000,-1.05136,1.33499,2.74576
6189.60000,-1.06058,1.33883,2.74698
6189.65000,-1.06980,1.34266,2.74878
6189.70000,-1.07899,1.34646,2.75108
6189.75000,-1.08819,1.35023,2.75354
6189.80000,-1.09738,1.35397,2.75636
6189.85000,-1.10658,1.35769,2.75945
6189.90000,-1.11579,1.36137,2.76275
6189.95000,-1.12501,1.36503,2.76608
6190.00000,-1.13425,1.36865,2.76932
6190.05000,-1.14350,1.37224,2.77238
6190.10000,-1.15277,1.37582,2.77475
6190.15000,-1.16211,1.37940,2.77627
6190.20000,-1.17146,1.38296,2.77733
6190.25000,-1.18079,1.38652,2.77764
6190.30000,-1.19013,1.39008,2.77727
6190.35000,-1.19947,1.39364,2.77626
6190.40000,-1.20879,1.39722,2.77433
6190.45000,-1.21807,1.40080,2.77166
6190.50000,-1.22731,1.40441,2.76829
6190.55000,-1.23652,1.40805,2.76386
6190.60000,-1.24567,1.41173,2.75843
6190.65000,-1.25479,1.41544,2.75205
6190.70000,-1.26385,1.41920,2.74455
6190.75000,-1.27285,1.42302,2.73587
6190.80000,-1.28178,1.42691,2.72568
6190.85000,-1.29070,1.43084,2.71542
6190.90000,-1.29543,1.43180,2.70357
6190.95000,-1.29536,1.43172,2.68750
6191.00000,-1.29497,1.43153,2.66775
6191.05000,-1.29456,1.43132,2.64724
6191.10000,-1.29417,1.43111,2.62635
6191.15000,-1.29375,1.43087,2.60541
6191.20000,-1.29334,1.43062,2.58431
6191.25000,-1.29293,1.43037,2.56334
6191.30000,-1.29286,1.43033,2.54411
6191.35000,-1.29249,1.43008,2.52354
6191.40000,-1.29232,1.42996,2.50419
6191.45000,-1.29220,1.42988,2.48503
6191.50000,-1.29225,1.42992,2.46684
6191.55000,-1.29197,1.42970,2.44693
6191.60000,-1.29201,1.42973,2.42798
6191.65000,-1.29205,1.42977,2.40835
6191.70000,-1.29209,1.42980,2.38809
6191.75000,-1.29213,1.42984,2.36730
6191.80000,-1.29218,1.42989,2.34598
6191.85000,-1.29222,1.42993,2.32450
6191.90000,-1.29226,1.42998,2.30300
6191.95000,-1.29230,1.43003,2.28136
6192.00000,-1.29234,1.43007,2.25979
6192.05000,-1.29238,1.43012,2.23840
6192.10000,-1.29242,1.43017,2.21723
6192.15000,-1.29245,1.43022,2.19614
6192.20000,-1.29249,1.43027,2.17477
6192.25000,-1.29253,1.43033,2.15300
6192.30000,-1.29257,1.43038,2.13091
6192.35000,-1.29260,1.43045,2.10862
6192.40000,-1.29264,1.43051,2.08631
6192.45000,-1.29268,1.43057,2.06399
6192.50000,-1.29271,1.43064,2.04172
6192.55000,-1.29274,1.43070,2.01961
6192.60000,-1.29277,1.43077,1.99770
6192.65000,-1.29280,1.43084,1.97605
6192.70000,-1.29283,1.43091,1.95464
6192.75000,-1.29286,1.43098,1.93350
6192.80000,-1.29289,1.43105,1.91257
6192.85000,-1.29291,1.43112,1.89167
6192.90000,-1.29294,1.43120,1.87043
6192.95000,-1.29296,1.43127,1.84870
6193.00000,-1.29298,1.43135,1.82686
6193.05000,-1.29300,1.43144,1.80502
6193.10000,-1.29302,1.43153,1.78319
6193.15000,-1.29304,1.43162,1.76141
6193.20000,-1.29306,1.43171,1.73954
6193.25000,-1.29307,1.43180,1.71743
6193.30000,-1.29360,1.43377,1.69605
6193.35000,-1.29457,1.44155,1.67467
6193.40000,-1.29546,1.45120,1.65165
6193.45000,-1.29616,1.46117,1.63031
6193.50000,-1.29665,1.47116,1.60931
6193.55000,-1.29693,1.48116,1.58849
6193.60000,-1.29700,1.49104,1.56700
6193.65000,-1.29685,1.50063,1.54346
6193.70000,-1.29647,1.51045,1.52025
6193.75000,-1.29587,1.51984,1.49525
6193.80000,-1.29505,1.52916,1.46953
6193.85000,-1.29398,1.53846,1.44341
6193.90000,-1.29268,1.54770,1.41676
6193.95000,-1.29113,1.55689,1.38973
6194.00000,-1.28947,1.56588,1.36329
6194.05000,-1.28864,1.57341,1.33649
6194.10000,-1.28864,1.57444,1.31013
6194.15000,-1.28855,1.57444,1.28212
6194.20000,-1.28855,1.57446,1.25411
6194.25000,-1.28855,1.57449,1.22564
6194.30000,-1.28853,1.57453,1.19775
6194.35000,-1.28851,1.57458,1.16946
6194.40000,-1.28849,1.57463,1.13994
6194.45000,-1.28846,1.57468,1.10886
6194.50000,-1.28843,1.57474,1.07655
6194.55000,-1.28840,1.57480,1.04383
6194.60000,-1.28837,1.57485,1.01135
6194.65000,-1.28833,1.57491,0.97911
6194.70000,-1.28830,1.57496,0.94724
6194.75000,-1.28825,1.57502,0.91608
6194.80000,-1.28821,1.57507,0.88587
6194.85000,-1.28816,1.57514,0.85670
6194.90000,-1.28644,1.57696,0.82793
6194.95000,-1.28075,1.58299,0.80198
6195.00000,-1.27373,1.59005,0.77355
6195.05000,-1.26657,1.59704,0.74497
6195.10000,-1.26498,1.59853,0.71668
6195.15000,-1.26490,1.59859,0.68601
6195.20000,-1.26480,1.59867,0.65491
6195.25000,-1.26470,1.59875,0.62363
6195.30000,-1.26458,1.59883,0.59254
6195.35000,-1.26472,1.59872,0.56066
6195.40000,-1.26262,1.60024,0.53126
6195.45000,-1.25533,1.60444,0.50500
6195.50000,-1.24653,1.60914,0.47660
6195.55000,-1.23758,1.61361,0.44898
6195.60000,-1.22852,1.61783,0.42239
6195.65000,-1.21979,1.62161,0.39500
6195.70000,-1.21074,1.62524,0.36949
6195.75000,-1.20166,1.62862,0.34421
6195.80000,-1.19220,1.63188,0.32001
6195.85000,-1.18267,1.63491,0.29486
6195.90000,-1.17341,1.63758,0.26667
6195.95000,-1.16372,1.64008,0.23851
6196.00000,-1.15426,1.64221,0.20825
6196.05000,-1.14495,1.64402,0.17603
6196.10000,-1.13518,1.64560,0.14397
6196.15000,-1.12532,1.64699,0.11240
6196.20000,-1.12061,1.64699,0.08269
6196.25000,-1.11834,1.64699,0.05138
6196.30000,-1.11767,1.64699,0.01723
6196.35000,-1.11775,1.64699,-0.01721
6196.40000,-1.11634,1.64681,-0.05353
6196.45000,-1.10914,1.64624,-0.08607
6196.50000,-1.10002,1.64529,-0.11881
6196.55000,-1.09093,1.64406,-0.15191
6196.60000,-1.08194,1.64252,-0.18637
6196.65000,-1.07299,1.64084,-0.22105
6196.70000,-1.06921,1.64049,-0.25798
6196.75000,-1.06914,1.64051,-0.31089
6196.80000,-1.06975,1.64074,-0.37852
6196.85000,-1.06985,1.64077,-0.44933
6196.90000,-1.06983,1.64076,-0.51851
6196.95000,-1.06981,1.64075,-0.58706
6197.00000,-1.06979,1.64073,-0.65326
6197.05000,-1.06977,1.64071,-0.71401
6197.10000,-1.06975,1.64069,-0.76709
6197.15000,-1.06972,1.64066,-0.81213
6197.20000,-1.06803,1.63873,-0.85392
6197.25000,-1.06274,1.63244,-0.88913
6197.30000,-1.05713,1.62527,-0.92462
6197.35000,-1.05179,1.61792,-0.96074
6197.40000,-1.04676,1.61042,-0.99860
6197.45000,-1.04206,1.60279,-1.03873
6197.50000,-1.03773,1.59506,-1.08190
6197.55000,-1.03390,1.58758,-1.12458
6197.60000,-1.03335,1.58597,-1.17040
6197.65000,-1.03329,1.58583,-1.22774
6197.70000,-1.03329,1.58581,-1.28130
6197.75000,-1.03265,1.58375,-1.33179
6197.80000,-1.03104,1.57709,-1.37212
6197.85000,-1.02940,1.56882,-1.40415
6197.90000,-1.02913,1.56422,-1.43437
6197.95000,-1.02919,1.56392,-1.45126
6198.00000,-1.02921,1.56414,-1.46172
6198.05000,-1.02925,1.56431,-1.47122
6198.10000,-1.02928,1.56448,-1.48000
6198.15000,-1.02929,1.56459,-1.48744
6198.20000,-1.02930,1.56469,-1.49373
6198.25000,-1.02930,1.56474,-1.49893
6198.30000,-1.02931,1.56476,-1.50274
6198.35000,-1.02931,1.56476,-1.50535
6198.40000,-1.02930,1.56473,-1.50702
6198.45000,-1.02930,1.56469,-1.50814
6198.50000,-1.02930,1.56462,-1.50924
6198.55000,-1.02929,1.56453,-1.51029
6198.60000,-1.02928,1.56445,-1.51133
6198.65000,-1.02927,1.56436,-1.51237
6198.70000,-1.02926,1.56427,-1.51341
6198.75000,-1.02926,1.56419,-1.51445
6198.80000,-1.02925,1.56410,-1.51548
6198.85000,-1.02924,1.56402,-1.51652
6198.90000,-1.02923,1.56380,-1.51524
6198.95000,-1.02921,1.56355,-1.51366
6199.00000,-1.02919,1.56330,-1.51207
6199.05000,-1.02916,1.56305,-1.51048
6199.10000,-1.02914,1.56280,-1.50888
6199.15000,-1.02911,1.56254,-1.50729
6199.20000,-1.02909,1.56229,-1.50569
6199.25000,-1.02906,1.56203,-1.50408
6199.30000,-1.02903,1.56178,-1.50248
6199.35000,-1.02901,1.56152,-1.50087
6199.40000,-1.02898,1.56126,-1.49927
6199.45000,-1.02895,1.56100,-1.49766
6199.50000,-1.02892,1.56074,-1.49604
6199.55000,-1.02888,1.56048,-1.49443
6199.60000,-1.02885,1.56022,-1.49281
6199.65000,-1.02882,1.55996,-1.49118
6199.70000,-1.02878,1.55969,-1.48956
6199.75000,-1.02875,1.55943,-1.48793
6199.80000,-1.02871,1.55916,-1.48630
6199.85000,-1.02867,1.55889,-1.48466
6199.90000,-1.02863,1.55862,-1.48302
6199.95000,-1.02859,1.55835,-1.48138
6200.00000,-1.02855,1.55808,-1.47973
6200.05000,-1.02850,1.55781,-1.47808
6200.10000,-1.02846,1.55753,-1.47643
6200.15000,-1.02839,1.55723,-1.47398
6200.20000,-1.02828,1.55654,-1.46229
6200.25000,-1.02819,1.55572,-1.44766
6200.30000,-1.02807,1.55486,-1.43310
6200.35000,-1.02795,1.55397,-1.41871
6200.40000,-1.02780,1.55304,-1.40447
6200.45000,-1.02763,1.55209,-1.39037
6200.50000,-1.02744,1.55110,-1.37633
6200.55000,-1.02724,1.55009,-1.36228
6200.60000,-1.02701,1.54906,-1.34827
6200.65000,-1.02676,1.54799,-1.33433
6200.70000,-1.02649,1.54689,-1.32047
6200.75000,-1.02619,1.54574,-1.30671
6200.80000,-1.02586,1.54455,-1.29307
6200.85000,-1.02550,1.54332,-1.27955
6200.90000,-1.02511,1.54206,-1.26611
6200.95000,-1.02470,1.54078,-1.25272
6201.00000,-1.02427,1.53950,-1.23933
6201.05000,-1.02382,1.53824,-1.22595
6201.10000,-1.02336,1.53698,-1.21259
6201.15000,-1.02289,1.53574,-1.19928
6201.20000,-1.02240,1.53450,-1.18602
6201.25000,-1.02189,1.53328,-1.17281
6201.30000,-1.02137,1.53206,-1.15965
6201.35000,-1.02084,1.53086,-1.14655
6201.40000,-1.02029,1.52966,-1.13357
6201.45000,-1.01971,1.52844,-1.12077
6201.50000,-1.01910,1.52719,-1.10821
6201.55000,-1.01844,1.52590,-1.09589
6201.60000,-1.01784,1.52475,-1.08466
6201.65000,-1.01720,1.52355,-1.07373
6201.70000,-1.01647,1.52220,-1.06273
6201.75000,-1.01569,1.52080,-1.05187
6201.80000,-1.01483,1.51931,-1.04113
6201.85000,-1.01400,1.51789,-1.03112
6201.90000,-1.01306,1.51633,-1.02115
6201.95000,-1.01199,1.51458,-1.01074
6202.00000,-1.00920,1.51043,-1.00133
6202.05000,-1.00382,1.50210,-0.99219
6202.10000,-0.99830,1.49372,-0.98278
6202.15000,-0.99271,1.48542,-0.97362
6202.20000,-0.98705,1.47718,-0.96460
6202.25000,-0.98132,1.46899,-0.95580
6202.30000,-0.97553,1.46086,-0.94714
6202.35000,-0.96966,1.45279,-0.93856
6202.40000,-0.96372,1.44476,-0.93006
6202.45000,-0.95772,1.43678,-0.92162
6202.50000,-0.95165,1.42885,-0.91329
6202.55000,-0.94551,1.42098,-0.90511
6202.60000,-0.93931,1.41315,-0.89712
6202.65000,-0.93305,1.40537,-0.88935
6202.70000,-0.92673,1.39764,-0.88179
6202.75000,-0.92035,1.38996,-0.87445
6202.80000,-0.91392,1.38232,-0.86731
6202.85000,-0.90743,1.37473,-0.86038
6202.90000,-0.90089,1.36719,-0.85366
6202.95000,-0.89430,1.35968,-0.84715
6203.00000,-0.88767,1.35222,-0.84084
6203.05000,-0.88099,1.34481,-0.83470
6203.10000,-0.87426,1.33743,-0.82868
6203.15000,-0.86749,1.33009,-0.82274
6203.20000,-0.86067,1.32279,-0.81687
6203.25000,-0.85379,1.31551,-0.81076
6203.30000,-0.84684,1.30824,-0.80425
6203.35000,-0.83988,1.30105,-0.79819
6203.40000,-0.83286,1.29390,-0.79128
6203.45000,-0.82577,1.28678,-0.78462
6203.50000,-0.81865,1.27971,-0.77784
6203.55000,-0.81145,1.27267,-0.77145
6203.60000,-0.80424,1.26569,-0.76543
6203.65000,-0.79696,1.25874,-0.75931
6203.70000,-0.78966,1.25185,-0.75323
6203.75000,-0.78229,1.24498,-0.74740
6203.80000,-0.77491,1.23818,-0.74188
6203.85000,-0.76747,1.23141,-0.73658
6203.90000,-0.75997,1.22464,-0.73144
6203.95000,-0.75247,1.21795,-0.72649
6204.00000,-0.74489,1.21124,-0.72167
6204.05000,-0.73728,1.20457,-0.71681
6204.10000,-0.72964,1.19794,-0.71201
6204.15000,-0.72196,1.19134,-0.70731
6204.20000,-0.71425,1.18478,-0.70264
6204.25000,-0.70653,1.17827,-0.69787
6204.30000,-0.69878,1.17180,-0.69305
6204.35000,-0.69103,1.16540,-0.68771
6204.40000,-0.68318,1.15900,-0.68155
6204.45000,-0.67536,1.15271,-0.67364
6204.50000,-0.66747,1.14647,-0.66466
6204.55000,-0.65941,1.14022,-0.65372
6204.60000,-0.65146,1.13421,-0.64015
6204.65000,-0.64325,1.12808,-0.62646
6204.70000,-0.63922,1.12584,-0.61422
6204.75000,-0.63874,1.12555,-0.58951
6204.80000,-0.63869,1.12551,-0.56476
6204.85000,-0.63863,1.12548,-0.54234
6204.90000,-0.63859,1.12545,-0.52217
6204.95000,-0.63856,1.12544,-0.50275
6205.00000,-0.63837,1.12534,-0.48619
6205.05000,-0.63655,1.12371,-0.47183
6205.10000,-0.62892,1.11952,-0.45975
6205.15000,-0.61995,1.11514,-0.44878
6205.20000,-0.61087,1.11084,-0.43693
6205.25000,-0.60193,1.10673,-0.42263
6205.30000,-0.59302,1.10273,-0.40826
6205.35000,-0.58952,1.10214,-0.39363
6205.40000,-0.58942,1.10210,-0.36835
6205.45000,-0.58935,1.10207,-0.34156
6205.50000,-0.58928,1.10205,-0.31603
6205.55000,-0.58898,1.10195,-0.29152
6205.60000,-0.58853,1.10183,-0.26867
6205.65000,-0.58807,1.10173,-0.24795
6205.70000,-0.58581,1.10085,-0.22807
6205.75000,-0.57823,1.09896,-0.21068
6205.80000,-0.56877,1.09701,-0.19698
6205.85000,-0.55928,1.09518,-0.18347
6205.90000,-0.54980,1.09349,-0.16900
6205.95000,-0.54033,1.09195,-0.15266
6206.00000,-0.53083,1.09058,-0.13368
6206.05000,-0.52140,1.08931,-0.11406
6206.10000,-0.51669,1.08920,-0.09586
6206.15000,-0.51574,1.08916,-0.06690
6206.20000,-0.51534,1.08913,-0.03516
6206.25000,-0.51529,1.08912,-0.00504
6206.30000,-0.51523,1.08912,0.02450
6206.35000,-0.51518,1.08913,0.05310
6206.40000,-0.51496,1.08914,0.08085
6206.45000,-0.51468,1.08916,0.10752
6206.50000,-0.51411,1.08921,0.13282
6206.55000,-0.51188,1.08974,0.15783
6206.60000,-0.50479,1.09116,0.18149
6206.65000,-0.49513,1.09304,0.19905
6206.70000,-0.48508,1.09513,0.21294
6206.75000,-0.47502,1.09738,0.22567
6206.80000,-0.46498,1.09975,0.23844
6206.85000,-0.45515,1.10220,0.25200
6206.90000,-0.44523,1.10481,0.26707
6206.95000,-0.43540,1.10758,0.28482
6207.00000,-0.42550,1.11058,0.30492
6207.05000,-0.41569,1.11376,0.32772
6207.10000,-0.40582,1.11708,0.35130
6207.15000,-0.40140,1.11743,0.37647
6207.20000,-0.40059,1.11773,0.40901
6207.25000,-0.39979,1.11808,0.44485
6207.30000,-0.39901,1.11846,0.47990
6207.35000,-0.39830,1.11883,0.51344
6207.40000,-0.39765,1.11920,0.54477
6207.45000,-0.39710,1.11953,0.57220
6207.50000,-0.39502,1.12119,0.59815
6207.55000,-0.38776,1.12636,0.61637
6207.60000,-0.37957,1.13214,0.63089
6207.65000,-0.37496,1.13503,0.64054
6207.70000,-0.37302,1.13629,0.63545
6207.75000,-0.37322,1.13612,0.61478
6207.80000,-0.37365,1.13582,0.59116
6207.85000,-0.37412,1.13552,0.56718
6207.90000,-0.37460,1.13522,0.54301
6207.95000,-0.37508,1.13494,0.51873
6208.00000,-0.37557,1.13467,0.49437
6208.05000,-0.37607,1.13441,0.46989
6208.10000,-0.37657,1.13417,0.44542
6208.15000,-0.37708,1.13394,0.42109
6208.20000,-0.37759,1.13372,0.39695
6208.25000,-0.37809,1.13352,0.37295
6208.30000,-0.37861,1.13333,0.34884
6208.35000,-0.37912,1.13315,0.32447
6208.40000,-0.37965,1.13298,0.29976
6208.45000,-0.38019,1.13282,0.27469
6208.50000,-0.38074,1.13268,0.24919
6208.55000,-0.38129,1.13255,0.22347
6208.60000,-0.38184,1.13243,0.19776
6208.65000,-0.38239,1.13233,0.17215
6208.70000,-0.38293,1.13224,0.14667
6208.75000,-0.38347,1.13217,0.12137
6208.80000,-0.38400,1.13212,0.09630
6208.85000,-0.38452,1.13208,0.07151
6208.90000,-0.38502,1.13205,0.04696
6208.95000,-0.38551,1.13203,0.02268
6209.00000,-0.38598,1.13203,-0.00139
6209.05000,-0.38644,1.13204,-0.02531
6209.10000,-0.38687,1.13206,-0.04915
6209.15000,-0.38728,1.13207,-0.07286
6209.20000,-0.38768,1.13210,-0.09646
6209.25000,-0.38806,1.13214,-0.11999
6209.30000,-0.38841,1.13218,-0.14362
6209.35000,-0.38872,1.13221,-0.16726
6209.40000,-0.38901,1.13225,-0.19082
6209.45000,-0.38924,1.13228,-0.21411
6209.50000,-0.38943,1.13231,-0.23736
6209.55000,-0.38959,1.13234,-0.26058
6209.60000,-0.38957,1.13233,-0.28294
6209.65000,-0.38929,1.13224,-0.30438
6209.70000,-0.38889,1.13211,-0.32535
6209.75000,-0.38860,1.13200,-0.34682
6209.80000,-0.38836,1.13190,-0.36832
6209.85000,-0.38796,1.13173,-0.38922
6209.90000,-0.38754,1.13153,-0.41004
6209.95000,-0.38726,1.13141,-0.43161
6210.00000,-0.38669,1.13114,-0.45177
6210.05000,-0.38618,1.13087,-0.47216
6210.10000,-0.38556,1.13054,-0.49192
6210.15000,-0.38487,1.13014,-0.51137
6210.20000,-0.38405,1.12967,-0.52999
6210.25000,-0.38309,1.12909,-0.54785
6210.30000,-0.38197,1.12839,-0.56489
6210.35000,-0.37845,1.12592,-0.58111
6210.40000,-0.37081,1.12078,-0.59740
6210.45000,-0.36295,1.11534,-0.61504
6210.50000,-0.35518,1.10975,-0.63215
6210.55000,-0.34749,1.10402,-0.64866
6210.60000,-0.33989,1.09816,-0.66457
6210.65000,-0.33236,1.09217,-0.67988
6210.70000,-0.32492,1.08606,-0.69457
6210.75000,-0.31755,1.07983,-0.70865
6210.80000,-0.31025,1.07349,-0.72207
6210.85000,-0.30302,1.06703,-0.73487
6210.90000,-0.29583,1.06047,-0.74709
6210.95000,-0.28870,1.05380,-0.75853
6211.00000,-0.28163,1.04704,-0.76930
6211.05000,-0.27463,1.04019,-0.77923
6211.10000,-0.26763,1.03322,-0.78832
6211.15000,-0.26069,1.02619,-0.79627
6211.20000,-0.25380,1.01910,-0.80312
6211.25000,-0.24692,1.01194,-0.80866
6211.30000,-0.24006,1.00473,-0.81256
6211.35000,-0.23321,0.99748,-0.81456
6211.40000,-0.22636,0.99022,-0.81611
6211.45000,-0.21952,0.98297,-0.81765
6211.50000,-0.21570,0.97877,-0.81887
6211.55000,-0.21431,0.97728,-0.81394
6211.60000,-0.21333,0.97628,-0.80145
6211.65000,-0.21299,0.97594,-0.78056
6211.70000,-0.21258,0.97556,-0.75776
6211.75000,-0.21216,0.97516,-0.73324
6211.80000,-0.21165,0.97471,-0.70705
6211.85000,-0.21116,0.97431,-0.67943
6211.90000,-0.21056,0.97383,-0.64948
6211.95000,-0.20992,0.97336,-0.61742
6212.00000,-0.20920,0.97287,-0.58360
6212.05000,-0.20843,0.97238,-0.54811
6212.10000,-0.20758,0.97187,-0.51045
6212.15000,-0.20669,0.97140,-0.47120
6212.20000,-0.20619,0.97112,-0.43215
6212.25000,-0.20540,0.97076,-0.39059
6212.30000,-0.20435,0.97036,-0.34682
6212.35000,-0.20389,0.97020,-0.30457
6212.40000,-0.20379,0.97016,-0.26270
6212.45000,-0.20367,0.97014,-0.21995
6212.50000,-0.20355,0.97011,-0.17653
6212.55000,-0.20343,0.97009,-0.13253
6212.60000,-0.20331,0.97008,-0.08803
6212.65000,-0.20318,0.97007,-0.04313
6212.70000,-0.20304,0.97007,0.00212
6212.75000,-0.20291,0.97007,0.04763
6212.80000,-0.20277,0.97008,0.09336
6212.85000,-0.20262,0.97010,0.13924
6212.90000,-0.20248,0.97012,0.18523
6212.95000,-0.20233,0.97015,0.23126
6213.00000,-0.20219,0.97019,0.27731
6213.05000,-0.20204,0.97024,0.32332
6213.10000,-0.20189,0.97029,0.36925
6213.15000,-0.20174,0.97035,0.41507
6213.20000,-0.20159,0.97042,0.46075
6213.25000,-0.20145,0.97050,0.50624
6213.30000,-0.20130,0.97058,0.55153
6213.35000,-0.20116,0.97068,0.59659
6213.40000,-0.20102,0.97077,0.64140
6213.45000,-0.20088,0.97088,0.68592
6213.50000,-0.20075,0.97100,0.73014
6213.55000,-0.20062,0.97112,0.77404
6213.60000,-0.20050,0.97124,0.81759
6213.65000,-0.20038,0.97138,0.86078
6213.70000,-0.20026,0.97152,0.90359
6213.75000,-0.20015,0.97166,0.94601
6213.80000,-0.20005,0.97181,0.98801
6213.85000,-0.19995,0.97197,1.02958
6213.90000,-0.19986,0.97213,1.07071
6213.95000,-0.19977,0.97230,1.11137
6214.00000,-0.19969,0.97247,1.15157
6214.05000,-0.19962,0.97264,1.19129
6214.10000,-0.19955,0.97282,1.23051
6214.15000,-0.19949,0.97300,1.26922
6214.20000,-0.19944,0.97318,1.30742
6214.25000,-0.19939,0.97337,1.34510
6214.30000,-0.19935,0.97356,1.38223
6214.35000,-0.19932,0.97375,1.41883
6214.40000,-0.19929,0.97394,1.45487
6214.45000,-0.19927,0.97413,1.49035
6214.50000,-0.19926,0.97432,1.52527
6214.55000,-0.19924,0.97511,1.56170
6214.60000,-0.19930,0.97797,1.59902
6214.65000,-0.19969,0.98616,1.63269
6214.70000,-0.20047,0.99618,1.66600
6214.75000,-0.20156,1.00597,1.69948
6214.80000,-0.20298,1.01566,1.73268
6214.85000,-0.20470,1.02531,1.76774
6214.90000,-0.20664,1.03428,1.80069
6214.95000,-0.20888,1.04320,1.83274
6215.00000,-0.21141,1.05206,1.86393
6215.05000,-0.21421,1.06087,1.89426
6215.10000,-0.21729,1.06961,1.92369
6215.15000,-0.22062,1.07827,1.95221
6215.20000,-0.22420,1.08687,1.97980
6215.25000,-0.22803,1.09538,2.00644
6215.30000,-0.23209,1.10381,2.03208
6215.35000,-0.23637,1.11216,2.05666
6215.40000,-0.24086,1.12044,2.08008
6215.45000,-0.24555,1.12863,2.10232
6215.50000,-0.25044,1.13675,2.12327
6215.55000,-0.25551,1.14479,2.14280
6215.60000,-0.26066,1.15280,2.16229
6215.65000,-0.26201,1.15615,2.18103
6215.70000,-0.26212,1.15633,2.19489
6215.75000,-0.26221,1.15647,2.20683
6215.80000,-0.26230,1.15661,2.21905
6215.85000,-0.26246,1.15683,2.23216
6215.90000,-0.26259,1.15703,2.24662
6215.95000,-0.26262,1.15709,2.26153
6216.00000,-0.26276,1.15728,2.27686
6216.05000,-0.26481,1.15949,2.29096
6216.10000,-0.27073,1.16610,2.30454
6216.15000,-0.27721,1.17317,2.32128
6216.20000,-0.28380,1.18012,2.33805
6216.25000,-0.29051,1.18695,2.35494
6216.30000,-0.29732,1.19367,2.37221
6216.35000,-0.30424,1.20025,2.39012
6216.40000,-0.31139,1.20681,2.40792
6216.45000,-0.31870,1.21327,2.42648
6216.50000,-0.32640,1.21983,2.44619
6216.55000,-0.33380,1.22587,2.47097
6216.60000,-0.34060,1.23115,2.49618
6216.65000,-0.34329,1.23301,2.53197
6216.70000,-0.34493,1.23411,2.58614
6216.75000,-0.34565,1.23453,2.65285
6216.80000,-0.34569,1.23455,2.72325
6216.85000,-0.34573,1.23457,2.79323
6216.90000,-0.34577,1.23458,2.86210
6216.95000,-0.34581,1.23459,2.93008
6217.00000,-0.34585,1.23460,2.99738
6217.05000,-0.34589,1.23460,3.06382
6217.10000,-0.34593,1.23460,3.12948
6217.15000,-0.34598,1.23460,-3.08913
6217.20000,-0.34602,1.23460,-3.02580
6217.25000,-0.34606,1.23459,-2.96380
6217.30000,-0.34610,1.23458,-2.90328
6217.35000,-0.34614,1.23457,-2.84424
6217.40000,-0.34618,1.23456,-2.78665
6217.45000,-0.34622,1.23454,-2.73048
6217.50000,-0.34626,1.23452,-2.67567
6217.55000,-0.34630,1.23450,-2.62219
6217.60000,-0.34634,1.23448,-2.56998
6217.65000,-0.34639,1.23445,-2.51903
6217.70000,-0.34643,1.23441,-2.46930
6217.75000,-0.34647,1.23438,-2.42079
6217.80000,-0.34652,1.23434,-2.37352
6217.85000,-0.34656,1.23430,-2.32751
6217.90000,-0.34805,1.23262,-2.28272
6217.95000,-0.35223,1.22755,-2.24065
6218.00000,-0.35790,1.22009,-2.20057
6218.05000,-0.36364,1.21190,-2.16074
6218.10000,-0.36904,1.20352,-2.12655
6218.15000,-0.37434,1.19502,-2.09293
6218.20000,-0.37652,1.19097,-2.06979
6218.25000,-0.37706,1.18985,-2.06550
6218.30000,-0.37708,1.18981,-2.06959
6218.35000,-0.37711,1.18977,-2.07379
6218.40000,-0.37714,1.18972,-2.07748
6218.45000,-0.37717,1.18966,-2.08074
6218.50000,-0.37720,1.18960,-2.08354
6218.55000,-0.37724,1.18953,-2.08579
6218.60000,-0.37727,1.18947,-2.08736
6218.65000,-0.37731,1.18940,-2.08830
6218.70000,-0.37736,1.18932,-2.08860
6218.75000,-0.37740,1.18925,-2.08813
6218.80000,-0.37745,1.18916,-2.08703
6218.85000,-0.37750,1.18908,-2.08583
6218.90000,-0.37755,1.18899,-2.08514
6218.95000,-0.37760,1.18890,-2.08500
6219.00000,-0.37765,1.18881,-2.08532
6219.05000,-0.37770,1.18872,-2.08599
6219.10000,-0.37775,1.18863,-2.08649
6219.15000,-0.37781,1.18853,-2.08647
6219.20000,-0.37786,1.18843,-2.08572
6219.25000,-0.37792,1.18833,-2.08425
6219.30000,-0.37798,1.18822,-2.08207
6219.35000,-0.37804,1.18811,-2.07920
6219.40000,-0.37811,1.18799,-2.07564
6219.45000,-0.37818,1.18787,-2.07147
6219.50000,-0.37825,1.18774,-2.06692
6219.55000,-0.37832,1.18760,-2.06226
6219.60000,-0.37839,1.18747,-2.05783
6219.65000,-0.37846,1.18733,-2.05388
6219.70000,-0.37854,1.18719,-2.05040
6219.75000,-0.37861,1.18705,-2.04744
6219.80000,-0.37868,1.18691,-2.04502
6219.85000,-0.37875,1.18678,-2.04297
6219.90000,-0.37882,1.18663,-2.04106
6219.95000,-0.37890,1.18649,-2.03909
6220.00000,-0.37897,1.18634,-2.03693
6220.05000,-0.37905,1.18618,-2.03453
6220.10000,-0.37914,1.18601,-2.03186
6220.15000,-0.37922,1.18583,-2.02895
6220.20000,-0.37931,1.18565,-2.02581
6220.25000,-0.37941,1.18546,-2.02257
6220.30000,-0.37950,1.18526,-2.01938
6220.35000,-0.37960,1.18506,-2.01645
6220.40000,-0.37970,1.18486,-2.01391
6220.45000,-0.37979,1.18466,-2.01177
6220.50000,-0.37989,1.18445,-2.01002
6220.55000,-0.37998,1.18425,-2.00864
6220.60000,-0.38007,1.18405,-2.00761
6220.65000,-0.38017,1.18385,-2.00691
6220.70000,-0.38026,1.18364,-2.00650
6220.75000,-0.38036,1.18343,-2.00629
6220.80000,-0.38046,1.18322,-2.00623
6220.85000,-0.38056,1.18300,-2.00625
6220.90000,-0.38067,1.18277,-2.00633
6220.95000,-0.38078,1.18254,-2.00641
6221.00000,-0.38089,1.18229,-2.00652
6221.05000,-0.38101,1.18204,-2.00665
6221.10000,-0.38113,1.18179,-2.00685
6221.15000,-0.38125,1.18153,-2.00724
6221.20000,-0.38137,1.18126,-2.00790
6221.25000,-0.38149,1.18100,-2.00885
6221.30000,-0.38162,1.18074,-2.01008
6221.35000,-0.38174,1.18048,-2.01159
6221.40000,-0.38186,1.18022,-2.01338
6221.45000,-0.38198,1.17997,-2.01545
6221.50000,-0.38211,1.17971,-2.01782
6221.55000,-0.38223,1.17945,-2.02052
6221.60000,-0.38235,1.17919,-2.02354
6221.65000,-0.38248,1.17893,-2.02685
6221.70000,-0.38261,1.17867,-2.03041
6221.75000,-0.38274,1.17841,-2.03415
6221.80000,-0.38288,1.17814,-2.03805
6221.85000,-0.38302,1.17786,-2.04208
6221.90000,-0.38316,1.17758,-2.04623
6221.95000,-0.38331,1.17730,-2.05051
6222.00000,-0.38346,1.17701,-2.05496
6222.05000,-0.38361,1.17673,-2.05961
6222.10000,-0.38376,1.17644,-2.06443
6222.15000,-0.38391,1.17616,-2.06944
6222.20000,-0.38407,1.17588,-2.07463
6222.25000,-0.38422,1.17560,-2.08001
6222.30000,-0.38438,1.17533,-2.08556
6222.35000,-0.38453,1.17505,-2.09134
6222.40000,-0.38469,1.17478,-2.09734
6222.45000,-0.38485,1.17451,-2.10357
6222.50000,-0.38501,1.17423,-2.10997
6222.55000,-0.38518,1.17396,-2.11650
6222.60000,-0.38535,1.17368,-2.12311
6222.65000,-0.38552,1.17339,-2.12972
6222.70000,-0.38571,1.17310,-2.13629
6222.75000,-0.38590,1.17281,-2.14277
6222.80000,-0.38610,1.17250,-2.14910
6222.85000,-0.38631,1.17218,-2.15525
6222.90000,-0.38653,1.17185,-2.16117
6222.95000,-0.38676,1.17150,-2.16685
6223.00000,-0.38816,1.16986,-2.17284
6223.05000,-0.39343,1.16303,-2.17867
6223.10000,-0.39913,1.15487,-2.18386
6223.15000,-0.40491,1.14672,-2.18948
6223.20000,-0.41071,1.13864,-2.19556
6223.25000,-0.41657,1.13057,-2.20220
6223.30000,-0.42225,1.12273,-2.20953
6223.35000,-0.42335,1.12082,-2.21597
6223.40000,-0.42364,1.12045,-2.22557
6223.45000,-0.42401,1.11997,-2.23569
6223.50000,-0.42438,1.11949,-2.24582
6223.55000,-0.42476,1.11903,-2.25598
6223.60000,-0.42514,1.11856,-2.26619
6223.65000,-0.42553,1.11810,-2.27646
6223.70000,-0.42592,1.11765,-2.28680
6223.75000,-0.42632,1.11720,-2.29711
6223.80000,-0.42672,1.11675,-2.30730
6223.85000,-0.42712,1.11631,-2.31724
6223.90000,-0.42945,1.11389,-2.32673
6223.95000,-0.43591,1.10710,-2.33540
6224.00000,-0.44278,1.10000,-2.34397
6224.05000,-0.44973,1.09295,-2.35338
6224.10000,-0.45684,1.08587,-2.36284
6224.15000,-0.46393,1.07893,-2.37332
6224.20000,-0.47114,1.07201,-2.38334
6224.25000,-0.47367,1.06970,-2.39284
6224.30000,-0.47385,1.06953,-2.40710
6224.35000,-0.47401,1.06940,-2.42182
6224.40000,-0.47412,1.06931,-2.43608
6224.45000,-0.47435,1.06911,-2.45076
6224.50000,-0.47444,1.06905,-2.46514
6224.55000,-0.47472,1.06884,-2.47973
6224.60000,-0.47495,1.06867,-2.49399
6224.65000,-0.47499,1.06864,-2.50771
6224.70000,-0.47672,1.06703,-2.51981
6224.75000,-0.48395,1.06171,-2.53111
6224.80000,-0.49202,1.05612,-2.54295
6224.85000,-0.50016,1.05062,-2.55530
6224.90000,-0.50835,1.04526,-2.56800
6224.95000,-0.51649,1.04007,-2.58216
6225.00000,-0.52453,1.03506,-2.59585
6225.05000,-0.53123,1.03138,-2.60884
6225.10000,-0.53250,1.03105,-2.62464
6225.15000,-0.53244,1.03110,-2.64403
6225.20000,-0.53229,1.03119,-2.66391
6225.25000,-0.53223,1.03123,-2.68301
6225.30000,-0.53234,1.03117,-2.70060
6225.35000,-0.53255,1.03108,-2.71691
6225.40000,-0.53277,1.03098,-2.73230
6225.45000,-0.53411,1.02995,-2.74694
6225.50000,-0.53890,1.02649,-2.76053
6225.55000,-0.54809,1.02289,-2.77376
6225.60000,-0.55737,1.01939,-2.78662
6225.65000,-0.56660,1.01603,-2.80015
6225.70000,-0.57585,1.01282,-2.81419
6225.75000,-0.58514,1.00975,-2.82884
6225.80000,-0.59454,1.00680,-2.84429
6225.85000,-0.60379,1.00406,-2.86160
6225.90000,-0.61307,1.00138,-2.87922
6225.95000,-0.61766,1.00102,-2.89625
6226.00000,-0.61785,1.00100,-2.91686
6226.05000,-0.61804,1.00096,-2.93802
6226.10000,-0.61823,1.00092,-2.95893
6226.15000,-0.61843,1.00088,-2.97962
6226.20000,-0.61862,1.00085,-2.99992
6226.25000,-0.61882,1.00083,-3.01963
6226.30000,-0.61902,1.00081,-3.03856
6226.35000,-0.62080,1.00043,-3.05713
6226.40000,-0.62710,0.99975,-3.07546
6226.45000,-0.63685,0.99919,-3.09252
6226.50000,-0.64668,0.99879,-3.10935
6226.55000,-0.65624,0.99858,-3.12760
6226.60000,-0.66577,0.99855,3.13684
6226.65000,-0.67530,0.99869,3.11771
6226.70000,-0.68480,0.99903,3.09802
6226.75000,-0.69449,0.99955,3.07826
6226.80000,-0.70420,1.00026,3.05760
6226.85000,-0.71362,1.00104,3.03621
6226.90000,-0.71762,1.00118,3.01551
6226.95000,-0.71733,1.00116,2.99094
6227.00000,-0.71688,1.00110,2.96543
6227.05000,-0.71645,1.00104,2.94036
6227.10000,-0.71603,1.00097,2.91579
6227.15000,-0.71562,1.00089,2.89176
6227.20000,-0.71709,1.00177,2.86851
6227.25000,-0.72477,1.00422,2.84770
6227.30000,-0.73381,1.00708,2.82579
6227.35000,-0.74276,1.01011,2.80357
6227.40000,-0.75163,1.01334,2.78114
6227.45000,-0.76042,1.01676,2.75856
6227.50000,-0.76913,1.02038,2.73594
6227.55000,-0.77776,1.02420,2.71333
6227.60000,-0.78630,1.02821,2.69074
6227.65000,-0.79474,1.03241,2.66803
6227.70000,-0.80308,1.03680,2.64501
6227.75000,-0.81130,1.04138,2.62163
6227.80000,-0.81941,1.04615,2.59789
6227.85000,-0.82740,1.05110,2.57383
6227.90000,-0.83526,1.05624,2.54952
6227.95000,-0.84298,1.06157,2.52496
6228.00000,-0.85057,1.06709,2.50023
6228.05000,-0.85802,1.07279,2.47535
6228.10000,-0.86532,1.07867,2.45031
6228.15000,-0.87246,1.08473,2.42516
6228.20000,-0.87945,1.09097,2.39994
6228.25000,-0.88628,1.09738,2.37471
6228.30000,-0.89295,1.10396,2.34956
6228.35000,-0.89945,1.11072,2.32460
6228.40000,-0.90579,1.11764,2.29994
6228.45000,-0.91196,1.12471,2.27553
6228.50000,-0.91796,1.13195,2.25141
6228.55000,-0.92379,1.13932,2.22756
6228.60000,-0.92945,1.14684,2.20398
6228.65000,-0.93493,1.15450,2.18067
6228.70000,-0.94024,1.16229,2.15762
6228.75000,-0.94537,1.17020,2.13486
6228.80000,-0.95033,1.17823,2.11243
6228.85000,-0.95511,1.18638,2.09033
6228.90000,-0.95971,1.19464,2.06859
6228.95000,-0.96414,1.20300,2.04723
6229.00000,-0.96840,1.21147,2.02626
6229.05000,-0.97249,1.22003,2.00572
6229.10000,-0.97640,1.22868,1.98559
6229.15000,-0.98014,1.23741,1.96590
6229.20000,-0.98372,1.24623,1.94668
6229.25000,-0.98714,1.25513,1.92792
6229.30000,-0.99039,1.26410,1.90967
6229.35000,-0.99349,1.27314,1.89191
6229.40000,-0.99643,1.28224,1.87466
6229.45000,-0.99922,1.29141,1.85791
6229.50000,-1.00185,1.30064,1.84172
6229.55000,-1.00437,1.30994,1.82598
6229.60000,-1.00674,1.31929,1.81077
6229.65000,-1.00898,1.32870,1.79597
6229.70000,-1.01108,1.33819,1.78170
6229.75000,-1.01306,1.34771,1.76794
6229.80000,-1.01491,1.35726,1.75498
6229.85000,-1.01664,1.36683,1.74268
6229.90000,-1.01825,1.37644,1.73102
6229.95000,-1.01976,1.38607,1.71996
6230.00000,-1.02117,1.39576,1.70949
6230.05000,-1.02248,1.40543,1.69965
6230.10000,-1.02370,1.41513,1.69043
6230.15000,-1.02483,1.42486,1.68199
6230.20000,-1.02589,1.43464,1.67403
6230.25000,-1.02687,1.44441,1.66679
6230.30000,-1.02780,1.45420,1.65962
6230.35000,-1.02828,1.46246,1.65288
6230.40000,-1.02831,1.46494,1.64642
6230.45000,-1.02831,1.46522,1.64111
6230.50000,-1.02831,1.46529,1.63685
6230.55000,-1.02832,1.46539,1.63301
6230.60000,-1.02833,1.46551,1.62961
6230.65000,-1.02833,1.46562,1.62653
6230.70000,-1.02834,1.46574,1.62394
6230.75000,-1.02835,1.46587,1.62199
6230.80000,-1.02835,1.46604,1.62104
6230.85000,-1.02836,1.46621,1.62107
6230.90000,-1.02837,1.46638,1.62205
6230.95000,-1.02838,1.46655,1.62389
6231.00000,-1.02839,1.46672,1.62652
6231.05000,-1.02840,1.46689,1.62986
6231.10000,-1.02841,1.46707,1.63380
6231.15000,-1.02842,1.46724,1.63827
6231.20000,-1.02843,1.46741,1.64316
6231.25000,-1.02845,1.46758,1.64838
6231.30000,-1.02846,1.46775,1.65384
6231.35000,-1.02847,1.46792,1.65945
6231.40000,-1.02849,1.46809,1.66511
6231.45000,-1.02851,1.46826,1.67075
6231.50000,-1.02852,1.46842,1.67627
6231.55000,-1.02854,1.46859,1.68160
6231.60000,-1.02856,1.46875,1.68667
6231.65000,-1.02858,1.46891,1.69141
6231.70000,-1.02860,1.46907,1.69581
6231.75000,-1.02862,1.46923,1.69983
6231.80000,-1.02864,1.46939,1.70346
6231.85000,-1.02866,1.46954,1.70669
6231.90000,-1.02868,1.46970,1.70952
6231.95000,-1.02870,1.46985,1.71195
6232.00000,-1.02931,1.47183,1.71490
6232.05000,-1.03072,1.47849,1.71753
6232.10000,-1.03220,1.48823,1.71899
6232.15000,-1.03368,1.49813,1.71997
6232.20000,-1.03517,1.50804,1.72099
6232.25000,-1.03668,1.51794,1.72206
6232.30000,-1.03819,1.52783,1.72304
6232.35000,-1.03972,1.53773,1.72416
6232.40000,-1.04125,1.54762,1.72529
6232.45000,-1.04280,1.55752,1.72654
6232.50000,-1.04437,1.56742,1.72783
6232.55000,-1.04595,1.57731,1.72917
6232.60000,-1.04754,1.58721,1.73057
6232.65000,-1.04914,1.59710,1.73207
6232.70000,-1.05075,1.60699,1.73368
6232.75000,-1.05239,1.61687,1.73548
6232.80000,-1.05404,1.62675,1.73749
6232.85000,-1.05571,1.63661,1.73974
6232.90000,-1.05740,1.64647,1.74231
6232.95000,-1.05913,1.65632,1.74516
6233.00000,-1.06088,1.66618,1.74842
6233.05000,-1.06267,1.67603,1.75208
6233.10000,-1.06449,1.68587,1.75623
6233.15000,-1.06636,1.69570,1.76078
6233.20000,-1.06827,1.70551,1.76581
6233.25000,-1.07020,1.71532,1.77080
6233.30000,-1.07051,1.72132,1.77670
6233.35000,-1.07056,1.72222,1.78311
6233.40000,-1.07060,1.72241,1.79131
6233.45000,-1.07063,1.72253,1.79969
6233.50000,-1.07066,1.72266,1.80864
6233.55000,-1.07069,1.72279,1.81815
6233.60000,-1.07072,1.72291,1.82826
6233.65000,-1.07076,1.72304,1.83901
6233.70000,-1.07080,1.72317,1.85047
6233.75000,-1.07083,1.72330,1.86264
6233.80000,-1.07087,1.72343,1.87542
6233.85000,-1.07091,1.72356,1.88843
6233.90000,-1.07096,1.72369,1.90141
6233.95000,-1.07100,1.72381,1.91436
6234.00000,-1.07105,1.72394,1.92728
6234.05000,-1.07110,1.72407,1.94017
6234.10000,-1.07115,1.72419,1.95302
6234.15000,-1.07120,1.72432,1.96582
6234.20000,-1.07125,1.72445,1.97858
6234.25000,-1.07131,1.72457,1.99128
6234.30000,-1.07136,1.72469,2.00412
6234.35000,-1.07142,1.72482,2.01731
6234.40000,-1.07148,1.72494,2.03101
6234.45000,-1.07154,1.72506,2.04530
6234.50000,-1.07161,1.72519,2.06020
6234.55000,-1.07168,1.72531,2.07548
6234.60000,-1.07175,1.72544,2.09086
6234.65000,-1.07182,1.72556,2.10617
6234.70000,-1.07189,1.72568,2.12136
6234.75000,-1.07197,1.72580,2.13644
6234.80000,-1.07204,1.72592,2.15140
6234.85000,-1.07212,1.72604,2.16624
6234.90000,-1.07220,1.72616,2.18095
6234.95000,-1.07228,1.72627,2.19553
6235.00000,-1.07249,1.72655,2.21069
6235.05000,-1.07281,1.72698,2.22654
6235.10000,-1.07314,1.72740,2.24239
6235.15000,-1.07348,1.72782,2.25836
6235.20000,-1.07382,1.72825,2.27451
6235.25000,-1.07417,1.72867,2.29097
6235.30000,-1.07454,1.72908,2.30793
6235.35000,-1.07493,1.72950,2.32514
6235.40000,-1.07532,1.72991,2.34240
6235.45000,-1.07763,1.73222,2.35896
6235.50000,-1.08439,1.73885,2.37332
6235.55000,-1.09189,1.74599,2.38949
6235.60000,-1.09947,1.75299,2.40480
6235.65000,-1.10716,1.75988,2.41923
6235.70000,-1.11495,1.76665,2.43273
6235.75000,-1.12279,1.77329,2.44506
6235.80000,-1.13071,1.77984,2.45635
6235.85000,-1.13868,1.78629,2.46667
6235.90000,-1.14669,1.79265,2.47606
6235.95000,-1.15475,1.79893,2.48480
6236.00000,-1.16284,1.80512,2.49279
6236.05000,-1.17096,1.81123,2.49981
6236.10000,-1.17911,1.81729,2.50626
6236.15000,-1.18728,1.82329,2.51118
6236.20000,-1.19541,1.82920,2.51464
6236.25000,-1.20358,1.83510,2.51740
6236.30000,-1.21172,1.84096,2.51863
6236.35000,-1.21985,1.84679,2.51908
6236.40000,-1.22796,1.85262,2.51878
6236.45000,-1.23605,1.85844,2.51758
6236.50000,-1.24412,1.86426,2.51553
6236.55000,-1.25216,1.87009,2.51261
6236.60000,-1.26019,1.87593,2.50968
6236.65000,-1.26757,1.88112,2.50658
6236.70000,-1.27184,1.88320,2.50234
6236.75000,-1.27424,1.88343,2.49743
6236.80000,-1.27660,1.88361,2.49250
6236.85000,-1.27723,1.88367,2.48621
6236.90000,-1.27717,1.88362,2.47889
6236.95000,-1.27711,1.88358,2.47168
6237.00000,-1.27704,1.88353,2.46500
6237.05000,-1.27700,1.88349,2.45892
6237.10000,-1.27695,1.88348,2.45340
6237.15000,-1.27877,1.88524,2.44792
6237.20000,-1.28509,1.89103,2.44272
6237.25000,-1.29270,1.89744,2.43992
6237.30000,-1.30030,1.90388,2.43770
6237.35000,-1.30788,1.91033,2.43567
6237.40000,-1.31545,1.91680,2.43352
6237.45000,-1.32301,1.92329,2.43107
6237.50000,-1.33057,1.92981,2.42816
6237.55000,-1.33811,1.93637,2.42415
6237.60000,-1.34559,1.94292,2.41922
6237.65000,-1.35301,1.94950,2.41320
6237.70000,-1.36028,1.95602,2.40762
6237.75000,-1.36339,1.95846,2.40055
6237.80000,-1.36356,1.95863,2.39113
6237.85000,-1.36380,1.95886,2.38117
6237.90000,-1.36404,1.95909,2.37119
6237.95000,-1.36428,1.95932,2.36141
6238.00000,-1.36450,1.95954,2.35240
6238.05000,-1.36602,1.96106,2.34360
6238.10000,-1.37236,1.96761,2.33602
6238.15000,-1.37920,1.97476,2.32835
6238.20000,-1.38597,1.98198,2.31988
6238.25000,-1.39264,1.98920,2.31140
6238.30000,-1.39595,1.99304,2.30239
6238.35000,-1.39607,1.99320,2.29026
6238.40000,-1.39603,1.99315,2.27745
6238.45000,-1.39587,1.99297,2.26419
6238.50000,-1.39572,1.99277,2.25076
6238.55000,-1.39557,1.99257,2.23727
6238.60000,-1.39553,1.99253,2.22497
6238.65000,-1.39558,1.99259,2.21294
6238.70000,-1.39553,1.99252,2.19998
6238.75000,-1.39548,1.99245,2.18821
6238.80000,-1.39712,1.99416,2.17694
6238.85000,-1.40234,2.00125,2.16646
6238.90000,-1.40779,2.00937,2.15543
6238.95000,-1.41315,2.01756,2.14365
6239.00000,-1.41842,2.02577,2.13188
6239.05000,-1.41930,2.02830,2.11925
6239.10000,-1.41929,2.02827,2.10336
6239.15000,-1.41930,2.02827,2.08666
6239.20000,-1.41925,2.02818,2.06854
6239.25000,-1.41918,2.02803,2.04923
6239.30000,-1.41931,2.02829,2.02870
6239.35000,-1.41921,2.02807,2.00689
6239.40000,-1.41914,2.02793,1.98467
6239.45000,-1.41917,2.02798,1.96192
6239.50000,-1.41902,2.02761,1.93879
6239.55000,-1.41895,2.02738,1.91699
6239.60000,-1.41880,2.02695,1.89512
6239.65000,-1.41866,2.02649,1.87345
6239.70000,-1.41852,2.02603,1.85145
6239.75000,-1.41841,2.02564,1.82863
6239.80000,-1.41839,2.02554,1.80519
6239.85000,-1.41841,2.02560,1.78034
6239.90000,-1.41837,2.02542,1.75251
6239.95000,-1.41836,2.02535,1.72290
6240.00000,-1.41837,2.02542,1.69167
6240.05000,-1.41838,2.02549,1.65860
6240.10000,-1.41839,2.02557,1.62438
6240.15000,-1.41839,2.02565,1.58967
6240.20000,-1.41839,2.02573,1.55518
6240.25000,-1.41839,2.02581,1.52100
6240.30000,-1.41838,2.02589,1.48715
6240.35000,-1.41837,2.02596,1.45369
6240.40000,-1.41836,2.02604,1.42011
6240.45000,-1.41835,2.02612,1.38593
6240.50000,-1.41833,2.02621,1.35071
6240.55000,-1.41831,2.02630,1.31410
6240.60000,-1.41828,2.02640,1.27629
6240.65000,-1.41825,2.02651,1.23744
6240.70000,-1.41820,2.02663,1.19767
6240.75000,-1.41815,2.02675,1.15709
6240.80000,-1.41809,2.02688,1.11606
6240.85000,-1.41802,2.02701,1.07499
6240.90000,-1.41795,2.02715,1.03417
6240.95000,-1.41786,2.02728,0.99381
6241.00000,-1.41777,2.02741,0.95391
6241.05000,-1.41768,2.02754,0.91447
6241.10000,-1.41758,2.02767,0.87523
6241.15000,-1.41746,2.02780,0.83602
6241.20000,-1.41733,2.02794,0.79666
6241.25000,-1.41718,2.02809,0.75714
6241.30000,-1.41700,2.02825,0.71744
6241.35000,-1.41681,2.02841,0.67757
6241.40000,-1.41659,2.02858,0.63756
6241.45000,-1.41635,2.02875,0.59743
6241.50000,-1.41609,2.02892,0.55726
6241.55000,-1.41579,2.02910,0.51711
6241.60000,-1.41547,2.02927,0.47712
6241.65000,-1.41511,2.02945,0.43746
6241.70000,-1.41470,2.02963,0.39833
6241.75000,-1.41426,2.02981,0.35977
6241.80000,-1.41378,2.02997,0.32177
6241.85000,-1.41329,2.03013,0.28434
6241.90000,-1.41279,2.03027,0.24751
6241.95000,-1.41228,2.03038,0.21125
6242.00000,-1.41176,2.03049,0.17557
6242.05000,-1.41123,2.03057,0.14046
6242.10000,-1.41070,2.03064,0.10592
6242.15000,-1.40834,2.03099,0.07203
6242.20000,-1.40085,2.03143,0.03926
6242.25000,-1.39174,2.03163,0.00358
6242.30000,-1.38178,2.03150,-0.02960
6242.35000,-1.37179,2.03104,-0.06264
6242.40000,-1.36182,2.03024,-0.09609
6242.45000,-1.35189,2.02911,-0.13037
6242.50000,-1.34208,2.02785,-0.16432
6242.55000,-1.33878,2.02773,-0.19931
6242.60000,-1.33850,2.02767,-0.23918
6242.65000,-1.33806,2.02755,-0.27857
6242.70000,-1.33758,2.02740,-0.31653
6242.75000,-1.33705,2.02722,-0.35288
6242.80000,-1.33468,2.02606,-0.38849
6242.85000,-1.32715,2.02278,-0.41990
6242.90000,-1.31874,2.01884,-0.45463
6242.95000,-1.31062,2.01468,-0.49066
6243.00000,-1.30266,2.01022,-0.52731
6243.05000,-1.29467,2.00537,-0.56396
6243.10000,-1.28677,2.00015,-0.60139
6243.15000,-1.27934,1.99481,-0.64154
6243.20000,-1.27239,1.98956,-0.68239
6243.25000,-1.27094,1.98864,-0.72463
6243.30000,-1.27055,1.98827,-0.76847
6243.35000,-1.27014,1.98785,-0.81192
6243.40000,-1.26971,1.98738,-0.85465
6243.45000,-1.26927,1.98685,-0.89673
6243.50000,-1.26882,1.98626,-0.93820
6243.55000,-1.26836,1.98560,-0.97902
6243.60000,-1.26789,1.98487,-1.01907
6243.65000,-1.26624,1.98239,-1.05803
6243.70000,-1.26275,1.97600,-1.09527
6243.75000,-1.25858,1.96751,-1.13304
6243.80000,-1.25451,1.95838,-1.16948
6243.85000,-1.25077,1.94910,-1.20587
6243.90000,-1.24737,1.93970,-1.24228
6243.95000,-1.24432,1.93018,-1.27853
6244.00000,-1.24161,1.92055,-1.31449
6244.05000,-1.23925,1.91083,-1.35007
6244.10000,-1.23723,1.90104,-1.38499
6244.15000,-1.23555,1.89118,-1.41896
6244.20000,-1.23421,1.88128,-1.45174
6244.25000,-1.23321,1.87161,-1.48414
6244.30000,-1.23251,1.86186,-1.51458
6244.35000,-1.23210,1.85200,-1.54313
6244.40000,-1.23197,1.84238,-1.57114
6244.45000,-1.23210,1.83241,-1.59654
6244.50000,-1.23247,1.82292,-1.62241
6244.55000,-1.23309,1.81357,-1.64776
6244.60000,-1.23381,1.80454,-1.67208
6244.65000,-1.23439,1.79583,-1.69642
6244.70000,-1.23453,1.79326,-1.71893
6244.75000,-1.23470,1.79231,-1.73883
6244.80000,-1.23491,1.79124,-1.75841
6244.85000,-1.23513,1.79016,-1.77607
6244.90000,-1.23533,1.78933,-1.79359
6244.95000,-1.23562,1.78815,-1.80986
6245.00000,-1.23594,1.78695,-1.82468
6245.05000,-1.23625,1.78581,-1.83796
6245.10000,-1.23662,1.78456,-1.84995
6245.15000,-1.23701,1.78324,-1.86077
6245.20000,-1.23744,1.78186,-1.87046
6245.25000,-1.23792,1.78032,-1.87876
6245.30000,-1.23843,1.77878,-1.88684
6245.35000,-1.23900,1.77706,-1.89333
6245.40000,-1.23962,1.77521,-1.89896
6245.45000,-1.24029,1.77325,-1.90365
6245.50000,-1.24101,1.77123,-1.90753
6245.55000,-1.24178,1.76906,-1.91032
6245.60000,-1.24262,1.76670,-1.91177
6245.65000,-1.24352,1.76417,-1.91219
6245.70000,-1.24448,1.76148,-1.91167
6245.75000,-1.24549,1.75863,-1.91019
6245.80000,-1.24656,1.75556,-1.90777
6245.85000,-1.24771,1.75228,-1.90453
6245.90000,-1.24890,1.74880,-1.90067
6245.95000,-1.25014,1.74515,-1.89627
6246.00000,-1.25139,1.74139,-1.89147
6246.05000,-1.25267,1.73753,-1.88628
6246.10000,-1.25395,1.73357,-1.88073
6246.15000,-1.25524,1.72951,-1.87475
6246.20000,-1.25655,1.72529,-1.86826
6246.25000,-1.25788,1.72087,-1.86122
6246.30000,-1.25924,1.71627,-1.85386
6246.35000,-1.26063,1.71141,-1.84588
6246.40000,-1.26205,1.70628,-1.83735
6246.45000,-1.26348,1.70094,-1.82867
6246.50000,-1.26494,1.69531,-1.81951
6246.55000,-1.26641,1.68939,-1.80992
6246.60000,-1.26789,1.68315,-1.79988
6246.65000,-1.26938,1.67666,-1.78961
6246.70000,-1.27083,1.66993,-1.77926
6246.75000,-1.27226,1.66303,-1.76873
6246.80000,-1.27366,1.65582,-1.75743
6246.85000,-1.27500,1.64843,-1.74606
6246.90000,-1.27628,1.64096,-1.73521
6246.95000,-1.27750,1.63334,-1.72437
6247.00000,-1.27867,1.62549,-1.71312
6247.05000,-1.27977,1.61746,-1.70149
6247.10000,-1.28076,1.60951,-1.69031
6247.15000,-1.28168,1.60153,-1.67916
6247.20000,-1.28250,1.59358,-1.66807
6247.25000,-1.28324,1.58550,-1.65662
6247.30000,-1.28391,1.57712,-1.64427
6247.35000,-1.28448,1.56866,-1.63204
6247.40000,-1.28495,1.56009,-1.61983
6247.45000,-1.28533,1.55147,-1.60782
6247.50000,-1.28560,1.54268,-1.59580
6247.55000,-1.28577,1.53385,-1.58385
6247.60000,-1.28583,1.52505,-1.57199
6247.65000,-1.28579,1.51635,-1.56025
6247.70000,-1.28565,1.50771,-1.54860
6247.75000,-1.28542,1.49913,-1.53702
6247.80000,-1.28509,1.49066,-1.52569
6247.85000,-1.28467,1.48234,-1.51452
6247.90000,-1.28416,1.47419,-1.50351
6247.95000,-1.28359,1.46624,-1.49283
6248.00000,-1.28293,1.45838,-1.48213
6248.05000,-1.28219,1.45057,-1.47159
6248.10000,-1.28138,1.44280,-1.46125
6248.15000,-1.28049,1.43505,-1.45110
6248.20000,-1.27953,1.42734,-1.44123
6248.25000,-1.27849,1.41960,-1.43153
6248.30000,-1.27736,1.41183,-1.42201
6248.35000,-1.27617,1.40411,-1.41293
6248.40000,-1.27491,1.39640,-1.40390
6248.45000,-1.27361,1.38883,-1.39506
6248.50000,-1.27227,1.38146,-1.38679
6248.55000,-1.27090,1.37422,-1.37863
6248.60000,-1.26907,1.36530,-1.37011
6248.65000,-1.26702,1.35542,-1.36224
6248.70000,-1.26491,1.34561,-1.35471
6248.75000,-1.26273,1.33584,-1.34729
6248.80000,-1.26050,1.32617,-1.33992
6248.85000,-1.25817,1.31641,-1.33279
6248.90000,-1.25580,1.30675,-1.32621
6248.95000,-1.25335,1.29708,-1.32022
6249.00000,-1.25084,1.28741,-1.31441
6249.05000,-1.24828,1.27776,-1.30882
6249.10000,-1.24567,1.26812,-1.30344
6249.15000,-1.24300,1.25850,-1.29830
6249.20000,-1.24029,1.24889,-1.29338
6249.25000,-1.23753,1.23929,-1.28867
6249.30000,-1.23473,1.22971,-1.28418
6249.35000,-1.23188,1.22014,-1.27984
6249.40000,-1.22899,1.21058,-1.27561
6249.45000,-1.22607,1.20103,-1.27146
6249.50000,-1.22310,1.19149,-1.26744
6249.55000,-1.22010,1.18197,-1.26354
6249.60000,-1.21706,1.17246,-1.25979
6249.65000,-1.21398,1.16296,-1.25619
6249.70000,-1.21087,1.15347,-1.25274
6249.75000,-1.20773,1.14399,-1.24944
6249.80000,-1.20456,1.13452,-1.24629
6249.85000,-1.20136,1.12506,-1.24327
6249.90000,-1.19813,1.11561,-1.24038
6249.95000,-1.19488,1.10618,-1.23749
6250.00000,-1.19161,1.09675,-1.23423
6250.05000,-1.18829,1.08731,-1.23116
6250.10000,-1.18494,1.07786,-1.22795
6250.15000,-1.18156,1.06842,-1.22494
6250.20000,-1.17814,1.05898,-1.22211
6250.25000,-1.17471,1.04956,-1.21933
6250.30000,-1.17122,1.04010,-1.21662
6250.35000,-1.16772,1.03066,-1.21395
6250.40000,-1.16419,1.02122,-1.21130
6250.45000,-1.16064,1.01180,-1.20866
6250.50000,-1.15707,1.00239,-1.20602
6250.55000,-1.15347,0.99298,-1.20338
6250.60000,-1.14984,0.98358,-1.20073
6250.65000,-1.14618,0.97419,-1.19807
6250.70000,-1.14250,0.96480,-1.19539
6250.75000,-1.13879,0.95541,-1.19270
6250.80000,-1.13505,0.94603,-1.18999
6250.85000,-1.13129,0.93665,-1.18725
6250.90000,-1.12749,0.92727,-1.18449
6250.95000,-1.12366,0.91788,-1.18168
6251.00000,-1.11981,0.90850,-1.17885
6251.05000,-1.11591,0.89910,-1.17597
6251.10000,-1.11199,0.88971,-1.17304
6251.15000,-1.10805,0.88037,-1.16981
6251.20000,-1.10410,0.87109,-1.16630
6251.25000,-1.10012,0.86183,-1.16264
6251.30000,-1.09609,0.85258,-1.15879
6251.35000,-1.09203,0.84333,-1.15469
6251.40000,-1.08794,0.83413,-1.15052
6251.45000,-1.08381,0.82493,-1.14608
6251.50000,-1.07965,0.81577,-1.14147
6251.55000,-1.07547,0.80669,-1.13681
6251.60000,-1.07124,0.79763,-1.13180
6251.65000,-1.06695,0.78856,-1.12630
6251.70000,-1.06262,0.77953,-1.12043
6251.75000,-1.05823,0.77054,-1.11403
6251.80000,-1.05377,0.76152,-1.10667
6251.85000,-1.04924,0.75256,-1.09834
6251.90000,-1.04464,0.74367,-1.08919
6251.95000,-1.03993,0.73475,-1.07828
6252.00000,-1.03512,0.72574,-1.06685
6252.05000,-1.03405,0.72170,-1.05312
6252.10000,-1.03389,0.72142,-1.03527
6252.15000,-1.03381,0.72128,-1.01577
6252.20000,-1.03373,0.72115,-0.99519
6252.25000,-1.03365,0.72103,-0.97345
6252.30000,-1.03356,0.72091,-0.95038
6252.35000,-1.03348,0.72080,-0.92579
6252.40000,-1.03340,0.72070,-0.89951
6252.45000,-1.03332,0.72060,-0.87148
6252.50000,-1.03324,0.72051,-0.84292
6252.55000,-1.03316,0.72042,-0.81466
6252.60000,-1.03307,0.72033,-0.78685
6252.65000,-1.03298,0.72024,-0.75949
6252.70000,-1.03289,0.72015,-0.73263
6252.75000,-1.03279,0.72007,-0.70624
6252.80000,-1.03270,0.71999,-0.67994
6252.85000,-1.03260,0.71991,-0.65374
6252.90000,-1.03250,0.71984,-0.62765
6252.95000,-1.03240,0.71977,-0.60168
6253.00000,-1.03229,0.71970,-0.57582
6253.05000,-1.03219,0.71963,-0.55010
6253.10000,-1.03208,0.71957,-0.52450
6253.15000,-1.03197,0.71951,-0.49903
6253.20000,-1.03186,0.71945,-0.47370
6253.25000,-1.03175,0.71939,-0.44743
6253.30000,-1.03165,0.71934,-0.41823
6253.35000,-1.03154,0.71930,-0.38571
6253.40000,-1.03143,0.71926,-0.34984
6253.45000,-1.03132,0.71922,-0.31095
6253.50000,-1.03120,0.71918,-0.26953
6253.55000,-1.03108,0.71915,-0.22608
6253.60000,-1.03095,0.71912,-0.18128
6253.65000,-1.03081,0.71910,-0.13567
6253.70000,-1.03066,0.71909,-0.08919
6253.75000,-1.03051,0.71908,-0.04195
6253.80000,-1.03035,0.71907,0.00582
6253.85000,-1.03019,0.71908,0.05395
6253.90000,-1.03002,0.71909,0.10230
6253.95000,-1.02985,0.71911,0.15075
6254.00000,-1.02967,0.71915,0.19921
6254.05000,-1.02949,0.71919,0.24760
6254.10000,-1.02931,0.71924,0.29583
6254.15000,-1.02912,0.71930,0.34385
6254.20000,-1.02894,0.71937,0.39160
6254.25000,-1.02876,0.71945,0.43905
6254.30000,-1.02857,0.71954,0.48617
6254.35000,-1.02832,0.71968,0.53318
6254.40000,-1.02795,0.71991,0.58038
6254.45000,-1.02750,0.72020,0.62744
6254.50000,-1.02708,0.72051,0.67403
6254.55000,-1.02692,0.72065,0.71887
6254.60000,-1.02676,0.72080,0.76316
6254.65000,-1.02660,0.72095,0.80690
6254.70000,-1.02645,0.72112,0.85009
6254.75000,-1.02631,0.72129,0.89269
6254.80000,-1.02617,0.72147,0.93471
6254.85000,-1.02604,0.72165,0.97612
6254.90000,-1.02592,0.72184,1.01691
6254.95000,-1.02580,0.72204,1.05707
6255.00000,-1.02569,0.72224,1.09660
6255.05000,-1.02559,0.72245,1.13547
6255.10000,-1.02550,0.72266,1.17370
6255.15000,-1.02541,0.72287,1.21127
6255.20000,-1.02444,0.72481,1.24755
6255.25000,-1.02214,0.73201,1.28090
6255.30000,-1.01952,0.74137,1.31580
6255.35000,-1.01717,0.75109,1.35078
6255.40000,-1.01516,0.76089,1.38509
6255.45000,-1.01348,0.77074,1.41871
6255.50000,-1.01212,0.78065,1.45164
6255.55000,-1.01110,0.79060,1.48388
6255.60000,-1.01038,0.80057,1.51541
6255.65000,-1.01002,0.81004,1.54831
6255.70000,-1.00996,0.81920,1.58170
6255.75000,-1.01021,0.82838,1.61424
6255.80000,-1.01076,0.83757,1.64589
6255.85000,-1.01159,0.84677,1.67666
6255.90000,-1.01271,0.85595,1.70654
6255.95000,-1.01410,0.86512,1.73552
6256.00000,-1.01575,0.87427,1.76362
6256.05000,-1.01766,0.88339,1.79082
6256.10000,-1.01982,0.89248,1.81713
6256.15000,-1.02222,0.90153,1.84255
6256.20000,-1.02505,0.91129,1.86662
6256.25000,-1.02804,0.92085,1.89118
6256.30000,-1.03138,0.93059,1.91425
6256.35000,-1.03493,0.94026,1.93671
6256.40000,-1.03869,0.94991,1.95799
6256.45000,-1.03945,0.95349,1.98117
6256.50000,-1.03966,0.95400,2.00023
6256.55000,-1.03989,0.95451,2.01827
6256.60000,-1.04010,0.95494,2.03600
6256.65000,-1.04030,0.95533,2.05298
6256.70000,-1.04048,0.95566,2.07046
6256.75000,-1.04065,0.95598,2.08793
6256.80000,-1.04082,0.95630,2.10539
6256.85000,-1.04094,0.95650,2.12123
6256.90000,-1.04105,0.95668,2.13664
6256.95000,-1.04116,0.95685,2.15203
6257.00000,-1.04126,0.95703,2.16740
6257.05000,-1.04136,0.95719,2.18277
6257.10000,-1.04145,0.95736,2.19812
6257.15000,-1.04155,0.95752,2.21347
6257.20000,-1.04164,0.95768,2.22879
6257.25000,-1.04172,0.95783,2.24410
6257.30000,-1.04181,0.95798,2.25940
6257.35000,-1.04189,0.95813,2.27469
6257.40000,-1.04196,0.95828,2.28996
6257.45000,-1.04203,0.95842,2.30522
6257.50000,-1.04210,0.95855,2.32047
6257.55000,-1.04217,0.95869,2.33569
6257.60000,-1.04223,0.95882,2.35091
6257.65000,-1.04229,0.95895,2.36611
6257.70000,-1.04234,0.95907,2.38130
6257.75000,-1.04239,0.95919,2.39647
6257.80000,-1.04244,0.95930,2.41162
6257.85000,-1.04249,0.95942,2.42677
6257.90000,-1.04252,0.95952,2.44189
6257.95000,-1.04240,0.95944,2.44915
6258.00000,-1.04251,0.95954,2.44612
6258.05000,-1.04263,0.95964,2.44256
6258.10000,-1.04274,0.95973,2.43865
6258.15000,-1.04285,0.95983,2.43438
6258.20000,-1.04296,0.95992,2.42963
6258.25000,-1.04305,0.96000,2.42454
6258.30000,-1.04312,0.96007,2.41935
6258.35000,-1.04319,0.96014,2.41373
6258.40000,-1.04326,0.96020,2.40796
6258.45000,-1.04332,0.96026,2.40185
6258.50000,-1.04339,0.96032,2.39531
6258.55000,-1.04344,0.96037,2.38861
6258.60000,-1.04353,0.96044,2.38144
6258.65000,-1.04364,0.96054,2.37385
6258.70000,-1.04379,0.96069,2.36552
6258.75000,-1.04394,0.96084,2.35697
6258.80000,-1.04409,0.96099,2.34823
6258.85000,-1.04424,0.96114,2.33929
6258.90000,-1.04439,0.96129,2.33018
6258.95000,-1.04453,0.96145,2.32089
6259.00000,-1.04468,0.96160,2.31143
6259.05000,-1.04482,0.96176,2.30182
6259.10000,-1.04496,0.96192,2.29206
6259.15000,-1.04510,0.96208,2.28215
6259.20000,-1.04523,0.96224,2.27209
6259.25000,-1.04537,0.96240,2.26190
6259.30000,-1.04550,0.96256,2.25158
6259.35000,-1.04564,0.96273,2.24115
6259.40000,-1.04577,0.96290,2.23060
6259.45000,-1.04590,0.96306,2.21996
6259.50000,-1.04602,0.96323,2.20924
6259.55000,-1.04615,0.96340,2.19845
6259.60000,-1.04627,0.96357,2.18761
6259.65000,-1.04639,0.96375,2.17672
6259.70000,-1.04651,0.96392,2.16580
6259.75000,-1.04663,0.96410,2.15484
6259.80000,-1.04675,0.96427,2.14386
6259.85000,-1.04686,0.96445,2.13286
6259.90000,-1.04697,0.96463,2.12184
6259.95000,-1.04708,0.96481,2.11082
6260.00000,-1.04719,0.96499,2.09979
6260.05000,-1.04729,0.96517,2.08877
6260.10000,-1.04739,0.96535,2.07776
6260.15000,-1.04749,0.96554,2.06676
6260.20000,-1.04759,0.96572,2.05578
6260.25000,-1.04769,0.96590,2.04484
6260.30000,-1.04778,0.96609,2.03393
6260.35000,-1.04787,0.96627,2.02307
6260.40000,-1.04796,0.96646,2.01226
6260.45000,-1.04804,0.96664,2.00152
6260.50000,-1.04813,0.96682,1.99082
6260.55000,-1.04821,0.96701,1.98019
6260.60000,-1.04829,0.96720,1.96962
6260.65000,-1.04837,0.96738,1.95911
6260.70000,-1.04844,0.96757,1.94868
6260.75000,-1.04852,0.96776,1.93831
6260.80000,-1.04859,0.96795,1.92803
6260.85000,-1.04990,0.97021,1.91907
6260.90000,-1.05310,0.97798,1.91070
6260.95000,-1.05633,0.98728,1.90144
6261.00000,-1.05949,0.99661,1.89216
6261.05000,-1.06256,1.00595,1.88304
6261.10000,-1.06554,1.01530,1.87415
6261.15000,-1.06844,1.02469,1.86524
6261.20000,-1.07125,1.03410,1.85658
6261.25000,-1.07398,1.04353,1.84818
6261.30000,-1.07663,1.05296,1.83979
6261.35000,-1.07920,1.06241,1.83153
6261.40000,-1.08170,1.07190,1.82338
6261.45000,-1.08411,1.08140,1.81541
6261.50000,-1.08645,1.09093,1.80767
6261.55000,-1.08872,1.10049,1.80012
6261.60000,-1.09093,1.11009,1.79281
6261.65000,-1.09306,1.11970,1.78591
6261.70000,-1.09513,1.12933,1.77951
6261.75000,-1.09715,1.13897,1.77384
6261.80000,-1.09912,1.14867,1.76938
6261.85000,-1.10107,1.15841,1.76676
6261.90000,-1.10298,1.16815,1.76730
6261.95000,-1.10493,1.17795,1.76875
6262.00000,-1.10604,1.18478,1.77488
6262.05000,-1.10670,1.18846,1.80313
6262.10000,-1.10702,1.18982,1.84738
6262.15000,-1.10704,1.18987,1.89897
6262.20000,-1.10706,1.18992,1.95108
6262.25000,-1.10708,1.18998,2.00300
6262.30000,-1.10711,1.19003,2.05510
6262.35000,-1.10714,1.19009,2.10821
6262.40000,-1.10718,1.19015,2.16248
6262.45000,-1.10723,1.19022,2.21796
6262.50000,-1.10729,1.19031,2.27441
6262.55000,-1.10738,1.19040,2.33165
6262.60000,-1.10749,1.19051,2.38933
6262.65000,-1.10762,1.19063,2.44721
6262.70000,-1.10777,1.19075,2.50506
6262.75000,-1.10794,1.19086,2.56267
6262.80000,-1.10812,1.19097,2.61988
6262.85000,-1.10831,1.19107,2.67665
6262.90000,-1.10850,1.19116,2.73297
6262.95000,-1.10870,1.19124,2.78881
6263.00000,-1.10891,1.19131,2.84417
6263.05000,-1.10912,1.19137,2.89904
6263.10000,-1.10933,1.19142,2.95350
6263.15000,-1.10957,1.19146,3.00768
6263.20000,-1.10983,1.19148,3.06162
6263.25000,-1.11011,1.19150,3.11532
6263.30000,-1.11043,1.19150,-3.11442
6263.35000,-1.11078,1.19148,-3.06127
6263.40000,-1.11117,1.19144,-3.00847
6263.45000,-1.11159,1.19137,-2.95604
6263.50000,-1.11205,1.19127,-2.90403
6263.55000,-1.11255,1.19114,-2.85249
6263.60000,-1.11306,1.19097,-2.80149
6263.65000,-1.11357,1.19077,-2.75112
6263.70000,-1.11408,1.19055,-2.70139
6263.75000,-1.11457,1.19030,-2.65236
6263.80000,-1.11506,1.19003,-2.60401
6263.85000,-1.11553,1.18973,-2.55633
6263.90000,-1.11600,1.18940,-2.50927
6263.95000,-1.11647,1.18904,-2.46278
6264.00000,-1.11695,1.18864,-2.41685
6264.05000,-1.11744,1.18818,-2.37146
6264.10000,-1.11794,1.18768,-2.32661
6264.15000,-1.11845,1.18711,-2.28233
6264.20000,-1.11897,1.18648,-2.23861
6264.25000,-1.11949,1.18578,-2.19548
6264.30000,-1.12001,1.18503,-2.15295
6264.35000,-1.12053,1.18421,-2.11105
6264.40000,-1.12102,1.18335,-2.06982
6264.45000,-1.12148,1.18247,-2.02931
6264.50000,-1.12190,1.18157,-1.98955
6264.55000,-1.12332,1.17844,-1.95180
6264.60000,-1.12627,1.17072,-1.91800
6264.65000,-1.12943,1.16145,-1.88116
6264.70000,-1.13231,1.15188,-1.84417
6264.75000,-1.13483,1.14220,-1.80784
6264.80000,-1.13701,1.13244,-1.77215
6264.85000,-1.13883,1.12261,-1.73708
6264.90000,-1.14032,1.11272,-1.70262
6264.95000,-1.14146,1.10279,-1.66875
6265.00000,-1.14227,1.09283,-1.63549
6265.05000,-1.14276,1.08284,-1.60283
6265.10000,-1.14292,1.07284,-1.57078
6265.15000,-1.14276,1.06285,-1.53939
6265.20000,-1.14229,1.05286,-1.50869
6265.25000,-1.14152,1.04289,-1.47869
6265.30000,-1.14046,1.03295,-1.44937
6265.35000,-1.13910,1.02304,-1.42069
6265.40000,-1.13747,1.01318,-1.39262
6265.45000,-1.13556,1.00336,-1.36506
6265.50000,-1.13339,0.99360,-1.33791
6265.55000,-1.13095,0.98390,-1.31113
6265.60000,-1.12823,0.97412,-1.28412
6265.65000,-1.12527,0.96454,-1.25785
6265.70000,-1.12207,0.95506,-1.23196
6265.75000,-1.11862,0.94568,-1.20628
6265.80000,-1.11494,0.93638,-1.18072
6265.85000,-1.11102,0.92718,-1.15518
6265.90000,-1.10686,0.91808,-1.12950
6265.95000,-1.10248,0.90910,-1.10331
6266.00000,-1.09785,0.90024,-1.07579
6266.05000,-1.09294,0.89146,-1.04493
6266.10000,-1.08795,0.88320,-1.00779
6266.15000,-1.08350,0.87604,-0.96729
6266.20000,-1.08124,0.87289,-0.91286
6266.25000,-1.07958,0.87086,-0.84592
6266.30000,-1.07863,0.86986,-0.77166
6266.35000,-1.07848,0.86972,-0.69388
6266.40000,-1.07845,0.86970,-0.61759
6266.45000,-1.07842,0.86968,-0.54453
6266.50000,-1.07839,0.86966,-0.47528
6266.55000,-1.07836,0.86965,-0.41032
6266.60000,-1.07833,0.86964,-0.35030
6266.65000,-1.07830,0.86963,-0.29557
6266.70000,-1.07827,0.86962,-0.24585
6266.75000,-1.07608,0.86890,-0.19879
6266.80000,-1.06860,0.86749,-0.15925
6266.85000,-1.05965,0.86625,-0.11713
6266.90000,-1.05072,0.86530,-0.07412
6266.95000,-1.04820,0.86525,-0.02950
6267.00000,-1.04803,0.86525,0.02171
6267.05000,-1.04800,0.86525,0.07196
6267.10000,-1.04619,0.86559,0.12163
6267.15000,-1.04035,0.86661,0.16884
6267.20000,-1.03080,0.86843,0.21225
6267.25000,-1.02203,0.87051,0.25653
6267.30000,-1.01342,0.87295,0.29788
6267.35000,-1.00482,0.87576,0.33550
6267.40000,-0.99624,0.87875,0.37260
6267.45000,-0.99333,0.87937,0.40609
6267.50000,-0.99314,0.87945,0.43634
6267.55000,-0.99256,0.87973,0.46321
6267.60000,-0.99206,0.87998,0.48904
6267.65000,-0.99152,0.88027,0.51341
6267.70000,-0.99103,0.88054,0.53662
6267.75000,-0.99063,0.88079,0.55907
6267.80000,-0.99024,0.88103,0.58021
6267.85000,-0.99000,0.88118,0.60106
6267.90000,-0.98960,0.88146,0.62095
6267.95000,-0.98920,0.88174,0.64109
6268.00000,-0.98885,0.88200,0.66152
6268.05000,-0.98842,0.88234,0.68161
6268.10000,-0.98808,0.88261,0.70083
6268.15000,-0.98780,0.88286,0.72072
6268.20000,-0.98761,0.88304,0.74125
6268.25000,-0.98726,0.88335,0.76033
6268.30000,-0.98695,0.88365,0.77974
6268.35000,-0.98670,0.88390,0.80003
6268.40000,-0.98657,0.88404,0.82139
6268.45000,-0.98643,0.88418,0.84274
6268.50000,-0.98630,0.88432,0.86408
6268.55000,-0.98617,0.88445,0.88542
6268.60000,-0.98597,0.88470,0.90327
6268.65000,-0.98575,0.88500,0.91958
6268.70000,-0.98553,0.88531,0.93500
6268.75000,-0.98536,0.88553,0.94921
6268.80000,-0.98517,0.88582,0.96325
6268.85000,-0.98499,0.88608,0.97708
6268.90000,-0.98486,0.88631,0.99132
6268.95000,-0.98476,0.88652,1.00594
6269.00000,-0.98461,0.88676,1.02038
6269.05000,-0.98443,0.88708,1.03662
6269.10000,-0.98424,0.88743,1.05423
6269.15000,-0.98409,0.88775,1.07368
6269.20000,-0.98388,0.88814,1.09332
6269.25000,-0.98366,0.88857,1.11389
6269.30000,-0.98234,0.89007,1.13347
6269.35000,-0.97871,0.89524,1.15324
6269.40000,-0.97468,0.90449,1.17468
6269.45000,-0.97093,0.91371,1.19413
6269.50000,-0.96728,0.92297,1.21291
6269.55000,-0.96658,0.92739,1.22802
6269.60000,-0.96652,0.92765,1.23896
6269.65000,-0.96646,0.92788,1.24880
6269.70000,-0.96642,0.92800,1.25841
6269.75000,-0.96638,0.92815,1.26830
6269.80000,-0.96634,0.92835,1.27768
6269.85000,-0.96628,0.92859,1.28641
6269.90000,-0.96624,0.92875,1.29454
6269.95000,-0.96620,0.92889,1.30218
6270.00000,-0.96616,0.92904,1.31024
6270.05000,-0.96612,0.92922,1.31879
6270.10000,-0.96608,0.92941,1.32823
6270.15000,-0.96607,0.92947,1.33881
6270.20000,-0.96603,0.92964,1.35097
6270.25000,-0.96598,0.92985,1.36420
6270.30000,-0.96591,0.93017,1.37866
6270.35000,-0.96514,0.93247,1.39222
6270.40000,-0.96357,0.94038,1.40522
6270.45000,-0.96203,0.94999,1.41996
6270.50000,-0.96052,0.95982,1.43387
6270.55000,-0.96024,0.96545,1.44573
6270.60000,-0.96021,0.96582,1.45377
6270.65000,-0.96020,0.96594,1.45886
6270.70000,-0.96020,0.96592,1.46369
6270.75000,-0.96020,0.96590,1.46828
6270.80000,-0.96020,0.96587,1.47320
6270.85000,-0.96020,0.96593,1.47918
6270.90000,-0.96019,0.96608,1.48629
6270.95000,-0.96018,0.96627,1.49488
6271.00000,-0.96017,0.96639,1.50442
6271.05000,-0.95993,0.96812,1.51420
6271.10000,-0.95944,0.97542,1.52411
6271.15000,-0.95904,0.98522,1.53604
6271.20000,-0.95875,0.99493,1.54749
6271.25000,-0.95853,1.00465,1.55892
6271.30000,-0.95852,1.01006,1.56981
6271.35000,-0.95851,1.01046,1.57757
6271.40000,-0.95851,1.01056,1.58335
6271.45000,-0.95851,1.01052,1.58940
6271.50000,-0.95851,1.01049,1.59554
6271.55000,-0.95850,1.01045,1.60189
6271.60000,-0.95850,1.01041,1.60855
6271.65000,-0.95850,1.01036,1.61559
6271.70000,-0.95850,1.01030,1.62316
6271.75000,-0.95874,1.01190,1.63092
6271.80000,-0.95934,1.02026,1.63882
6271.85000,-0.96006,1.03022,1.64634
6271.90000,-0.96085,1.04017,1.65321
6271.95000,-0.96167,1.05014,1.66007
6272.00000,-0.96181,1.05617,1.66737
6272.05000,-0.96184,1.05693,1.67281
6272.10000,-0.96185,1.05709,1.67708
6272.15000,-0.96187,1.05723,1.68131
6272.20000,-0.96188,1.05739,1.68550
6272.25000,-0.96189,1.05750,1.68976
6272.30000,-0.96190,1.05753,1.69409
6272.35000,-0.96190,1.05757,1.69832
6272.40000,-0.96191,1.05761,1.70240
6272.45000,-0.96192,1.05766,1.70627
6272.50000,-0.96192,1.05771,1.70983
6272.55000,-0.96193,1.05778,1.71307
6272.60000,-0.96194,1.05785,1.71593
6272.65000,-0.96196,1.05794,1.71840
6272.70000,-0.96197,1.05803,1.72047
6272.75000,-0.96199,1.05813,1.72210
6272.80000,-0.96200,1.05825,1.72326
6272.85000,-0.96202,1.05838,1.72391
6272.90000,-0.96204,1.05852,1.72402
6272.95000,-0.96207,1.05867,1.72354
6273.00000,-0.96209,1.05884,1.72244
6273.05000,-0.96212,1.05902,1.72067
6273.10000,-0.96215,1.05922,1.71820
6273.15000,-0.96218,1.05944,1.71497
6273.20000,-0.96221,1.05958,1.71109
6273.25000,-0.96222,1.05965,1.70635
6273.30000,-0.96224,1.05971,1.70068
6273.35000,-0.96226,1.05984,1.69425
6273.40000,-0.96228,1.05999,1.68683
6273.45000,-0.96230,1.06016,1.67843
6273.50000,-0.96232,1.06035,1.66923
6273.55000,-0.96234,1.06049,1.65905
6273.60000,-0.96236,1.06069,1.64749
6273.65000,-0.96238,1.06083,1.63511
6273.70000,-0.96239,1.06094,1.62216
6273.75000,-0.96240,1.06114,1.60773
6273.80000,-0.96241,1.06137,1.59261
6273.85000,-0.96241,1.06164,1.57695
6273.90000,-0.96241,1.06206,1.55951
6273.95000,-0.96240,1.06265,1.54101
6274.00000,-0.96237,1.06326,1.52161
6274.05000,-0.96235,1.06342,1.50164
6274.10000,-0.96237,1.06314,1.48052
6274.15000,-0.96242,1.06272,1.45845
6274.20000,-0.96247,1.06229,1.43585
6274.25000,-0.96253,1.06185,1.41281
6274.30000,-0.96261,1.06140,1.38941
6274.35000,-0.96269,1.06095,1.36567
6274.40000,-0.96279,1.06049,1.34164
6274.45000,-0.96291,1.06003,1.31736
6274.50000,-0.96303,1.05957,1.29286
6274.55000,-0.96317,1.05911,1.26817
6274.60000,-0.96305,1.05936,1.24271
6274.65000,-0.96297,1.05966,1.21686
6274.70000,-0.96292,1.05975,1.18995
6274.75000,-0.96291,1.05982,1.16132
6274.80000,-0.96295,1.05961,1.13017
6274.85000,-0.96302,1.05943,1.09727
6274.90000,-0.96305,1.05936,1.06340
6274.95000,-0.96318,1.05910,1.02726
6275.00000,-0.96310,1.05922,0.99141
6275.05000,-0.96299,1.05939,0.95455
6275.10000,-0.96286,1.05956,0.91660
6275.15000,-0.96272,1.05974,0.87769
6275.20000,-0.96256,1.05993,0.83793
6275.25000,-0.96238,1.06012,0.79746
6275.30000,-0.96218,1.06032,0.75645
6275.35000,-0.96196,1.06051,0.71504
6275.40000,-0.96172,1.06071,0.67352
6275.45000,-0.96147,1.06090,0.63210
6275.50000,-0.96121,1.06109,0.59093
6275.55000,-0.96094,1.06126,0.55003
6275.60000,-0.96066,1.06142,0.50922
6275.65000,-0.96036,1.06158,0.46844
6275.70000,-0.96005,1.06173,0.42766
6275.75000,-0.95972,1.06187,0.38685
6275.80000,-0.95938,1.06201,0.34598
6275.85000,-0.95901,1.06213,0.30505
6275.90000,-0.95863,1.06224,0.26412
6275.95000,-0.95823,1.06234,0.22320
6276.00000,-0.95780,1.06243,0.18231
6276.05000,-0.95736,1.06250,0.14148
6276.10000,-0.95689,1.06256,0.10072
6276.15000,-0.95641,1.06260,0.06006
6276.20000,-0.95591,1.06262,0.01958
6276.25000,-0.95539,1.06262,-0.02059
6276.30000,-0.95488,1.06259,-0.06037
6276.35000,-0.95435,1.06255,-0.09970
6276.40000,-0.95383,1.06249,-0.13857
6276.45000,-0.95331,1.06241,-0.17699
6276.50000,-0.95279,1.06230,-0.21508
6276.55000,-0.95226,1.06218,-0.25290
6276.60000,-0.95173,1.06203,-0.29044
6276.65000,-0.95119,1.06186,-0.32770
6276.70000,-0.95114,1.06184,-0.36667
6276.75000,-0.95060,1.06162,-0.40335
6276.80000,-0.95005,1.06137,-0.43970
6276.85000,-0.94949,1.06110,-0.47575
6276.90000,-0.94893,1.06080,-0.51149
6276.95000,-0.94837,1.06047,-0.54688
6277.00000,-0.94782,1.06012,-0.58180
6277.05000,-0.94729,1.05975,-0.61615
6277.10000,-0.94676,1.05937,-0.64989
6277.15000,-0.94446,1.05742,-0.68255
6277.20000,-0.93836,1.05229,-0.71352
6277.25000,-0.93161,1.04624,-0.74870
6277.30000,-0.92503,1.03991,-0.78314
6277.35000,-0.91865,1.03334,-0.81685
6277.40000,-0.91248,1.02654,-0.84962
6277.45000,-0.90651,1.01953,-0.88140
6277.50000,-0.90075,1.01232,-0.91217
6277.55000,-0.89520,1.00492,-0.94188
6277.60000,-0.88984,0.99733,-0.97048
6277.65000,-0.88469,0.98958,-0.99792
6277.70000,-0.87973,0.98166,-1.02410
6277.75000,-0.87495,0.97359,-1.04892
6277.80000,-0.87035,0.96537,-1.07205
6277.85000,-0.86591,0.95701,-1.09316
6277.90000,-0.86160,0.94849,-1.11173
6277.95000,-0.85750,0.94020,-1.12997
6278.00000,-0.85645,0.93663,-1.14391
6278.05000,-0.85644,0.93660,-1.15027
6278.10000,-0.85641,0.93655,-1.15346
6278.15000,-0.85640,0.93652,-1.15548
6278.20000,-0.85638,0.93647,-1.15664
6278.25000,-0.85635,0.93641,-1.15709
6278.30000,-0.85632,0.93634,-1.15686
6278.35000,-0.85629,0.93626,-1.15607
6278.40000,-0.85625,0.93618,-1.15484
6278.45000,-0.85621,0.93610,-1.15342
6278.50000,-0.85617,0.93601,-1.15171
6278.55000,-0.85614,0.93592,-1.14956
6278.60000,-0.85609,0.93582,-1.14704
6278.65000,-0.85604,0.93570,-1.14389
6278.70000,-0.85599,0.93559,-1.14010
6278.75000,-0.85593,0.93546,-1.13585
6278.80000,-0.85589,0.93536,-1.13166
6278.85000,-0.85584,0.93527,-1.12747
6278.90000,-0.85580,0.93517,-1.12327
6278.95000,-0.85569,0.93495,-1.11522
6279.00000,-0.85559,0.93473,-1.10421
6279.05000,-0.85544,0.93442,-1.09085
6279.10000,-0.85524,0.93404,-1.07497
6279.15000,-0.85503,0.93365,-1.05646
6279.20000,-0.85479,0.93322,-1.03532
6279.25000,-0.85449,0.93272,-1.01221
6279.30000,-0.85416,0.93219,-0.98725
6279.35000,-0.85380,0.93166,-0.96087
6279.40000,-0.85341,0.93109,-0.93356
6279.45000,-0.85298,0.93053,-0.90540
6279.50000,-0.85251,0.92994,-0.87643
6279.55000,-0.85205,0.92940,-0.84621
6279.60000,-0.85157,0.92888,-0.81464
6279.65000,-0.85100,0.92828,-0.77995
6279.70000,-0.85034,0.92765,-0.74278
6279.75000,-0.84959,0.92698,-0.70345
6279.80000,-0.84879,0.92631,-0.66229
6279.85000,-0.84795,0.92567,-0.61984
6279.90000,-0.84711,0.92508,-0.57667
6279.95000,-0.84681,0.92487,-0.53574
6280.00000,-0.84656,0.92470,-0.49519
6280.05000,-0.84637,0.92458,-0.45483
6280.10000,-0.84598,0.92437,-0.41353
6280.15000,-0.84545,0.92413,-0.37180
6280.20000,-0.84480,0.92387,-0.32944
6280.25000,-0.84456,0.92378,-0.28838
6280.30000,-0.84448,0.92376,-0.24731
6280.35000,-0.84441,0.92374,-0.20559
6280.40000,-0.84432,0.92373,-0.16337
6280.45000,-0.84423,0.92371,-0.12078
6280.50000,-0.84414,0.92370,-0.07795
6280.55000,-0.84405,0.92370,-0.03503
6280.60000,-0.84395,0.92370,0.00783
6280.65000,-0.84386,0.92370,0.05052
6280.70000,-0.84376,0.92371,0.09291
6280.75000,-0.84367,0.92372,0.13499
6280.80000,-0.84357,0.92373,0.17676
6280.85000,-0.84348,0.92375,0.21819
6280.90000,-0.84338,0.92378,0.25929
6280.95000,-0.84329,0.92380,0.30003
6281.00000,-0.84319,0.92383,0.34052
6281.05000,-0.84310,0.92387,0.38092
6281.10000,-0.84300,0.92391,0.42125
6281.15000,-0.84291,0.92396,0.46151
6281.20000,-0.84281,0.92401,0.50166
6281.25000,-0.84271,0.92407,0.54164
6281.30000,-0.84261,0.92413,0.58142
6281.35000,-0.84251,0.92420,0.62094
6281.40000,-0.84241,0.92427,0.66010
6281.45000,-0.84231,0.92435,0.69880
6281.50000,-0.84222,0.92443,0.73705
6281.55000,-0.84213,0.92451,0.77483
6281.60000,-0.84204,0.92460,0.81212
6281.65000,-0.84196,0.92469,0.84893
6281.70000,-0.84188,0.92479,0.88524
6281.75000,-0.84180,0.92489,0.92106
6281.80000,-0.84173,0.92499,0.95638
6281.85000,-0.84166,0.92509,0.99124
6281.90000,-0.84159,0.92519,1.02565
6281.95000,-0.84153,0.92531,1.05964
6282.00000,-0.84146,0.92542,1.09323
6282.05000,-0.84140,0.92554,1.12643
6282.10000,-0.84135,0.92567,1.15925
6282.15000,-0.84129,0.92580,1.19165
6282.20000,-0.84124,0.92593,1.22360
6282.25000,-0.84120,0.92606,1.25505
6282.30000,-0.84021,0.92786,1.28523
6282.35000,-0.83789,0.93543,1.31282
6282.40000,-0.83547,0.94519,1.34299
6282.45000,-0.83331,0.95532,1.37389
6282.50000,-0.83149,0.96515,1.40255
6282.55000,-0.82995,0.97503,1.43046
6282.60000,-0.82868,0.98496,1.45762
6282.65000,-0.82768,0.99491,1.48403
6282.70000,-0.82694,1.00488,1.50967
6282.75000,-0.82646,1.01486,1.53455
6282.80000,-0.82622,1.02486,1.55871
6282.85000,-0.82621,1.03486,1.58216
6282.90000,-0.82644,1.04485,1.60484
6282.95000,-0.82689,1.05485,1.62653
6283.00000,-0.82755,1.06482,1.64633
6283.05000,-0.82839,1.07482,1.66295
6283.10000,-0.82931,1.08480,1.67907
6283.15000,-0.82926,1.09162,1.68854
6283.20000,-0.82877,1.09787,1.68489
6283.25000,-0.82811,1.10394,1.67357
6283.30000,-0.82753,1.10970,1.64881
6283.35000,-0.82729,1.11369,1.61234
6283.40000,-0.82726,1.11546,1.56596
6283.45000,-0.82725,1.11564,1.51263
6283.50000,-0.82725,1.11574,1.45863
6283.55000,-0.82723,1.11583,1.40454
6283.60000,-0.82722,1.11592,1.35038
6283.65000,-0.82720,1.11599,1.29616
6283.70000,-0.82718,1.11605,1.24190
6283.75000,-0.82716,1.11610,1.18758
6283.80000,-0.82715,1.11613,1.13322
6283.85000,-0.82713,1.11616,1.07880
6283.90000,-0.82712,1.11618,1.02434
6283.95000,-0.82711,1.11620,0.96990
6284.00000,-0.82710,1.11621,0.91550
6284.05000,-0.82709,1.11622,0.86120
6284.10000,-0.82708,1.11623,0.80705
6284.15000,-0.82707,1.11624,0.75308
6284.20000,-0.82706,1.11625,0.69931
6284.25000,-0.82705,1.11626,0.64578
6284.30000,-0.82705,1.11626,0.59249
6284.35000,-0.82704,1.11627,0.53949
6284.40000,-0.82703,1.11627,0.48679
6284.45000,-0.82702,1.11627,0.43447
6284.50000,-0.82702,1.11628,0.38262
6284.55000,-0.82690,1.11635,0.34453
6284.60000,-0.82603,1.11702,0.33980
6284.65000,-0.82574,1.11710,0.36266
6284.70000,-0.82517,1.11729,0.38950
6284.75000,-0.82478,1.11742,0.41595
6284.80000,-0.82469,1.11742,0.44188
6284.85000,-0.82426,1.11762,0.46845
6284.90000,-0.82384,1.11780,0.49477
6284.95000,-0.82382,1.11777,0.52087
6285.00000,-0.82338,1.11799,0.54746
6285.05000,-0.82302,1.11816,0.57380
6285.10000,-0.82265,1.11836,0.59971
6285.15000,-0.82240,1.11847,0.62596
6285.20000,-0.82194,1.11879,0.65189
6285.25000,-0.82170,1.11893,0.67759
6285.30000,-0.82117,1.11938,0.70372
6285.35000,-0.82079,1.11967,0.72893
6285.40000,-0.82051,1.11990,0.75391
6285.45000,-0.82001,1.12038,0.77942
6285.50000,-0.81978,1.12061,0.80328
6285.55000,-0.81934,1.12106,0.82827
6285.60000,-0.81894,1.12151,0.85284
6285.65000,-0.81848,1.12204,0.87776
6285.70000,-0.81803,1.12259,0.90243
6285.75000,-0.81761,1.12314,0.92691
6285.80000,-0.81720,1.12370,0.95121
6285.85000,-0.81678,1.12427,0.97520
6285.90000,-0.81638,1.12487,0.99897
6285.95000,-0.81601,1.12546,1.02230
6286.00000,-0.81567,1.12603,1.04568
6286.05000,-0.81532,1.12664,1.06880
6286.10000,-0.81501,1.12722,1.09170
6286.15000,-0.81471,1.12780,1.11438
6286.20000,-0.81443,1.12839,1.13672
6286.25000,-0.81417,1.12897,1.15885
6286.30000,-0.81392,1.12955,1.18066
6286.35000,-0.81367,1.13015,1.20219
6286.40000,-0.81348,1.13067,1.22324
6286.45000,-0.81327,1.13124,1.24431
6286.50000,-0.81309,1.13179,1.26497
6286.55000,-0.81293,1.13233,1.28511
6286.60000,-0.81277,1.13287,1.30500
6286.65000,-0.81262,1.13344,1.32476
6286.70000,-0.81247,1.13400,1.34422
6286.75000,-0.81159,1.13634,1.36226
6286.80000,-0.80972,1.14445,1.37901
6286.85000,-0.80783,1.15469,1.39724
6286.90000,-0.80613,1.16498,1.41544
6286.95000,-0.80460,1.17533,1.43368
6287.00000,-0.80327,1.18570,1.45181
6287.05000,-0.80212,1.19609,1.46984
6287.10000,-0.80116,1.20649,1.48784
6287.15000,-0.80039,1.21692,1.50585
6287.20000,-0.79981,1.22735,1.52396
6287.25000,-0.79941,1.23781,1.54230
6287.30000,-0.79922,1.24821,1.56093
6287.35000,-0.79921,1.25844,1.57963
6287.40000,-0.79939,1.26845,1.59843
6287.45000,-0.79967,1.27845,1.61725
6287.50000,-0.79973,1.28343,1.63604
6287.55000,-0.79976,1.28476,1.66682
6287.60000,-0.79981,1.28548,1.71357
6287.65000,-0.79982,1.28550,1.76952
6287.70000,-0.79982,1.28552,1.82652
6287.75000,-0.79983,1.28554,1.88273
6287.80000,-0.79983,1.28555,1.93683
6287.85000,-0.79984,1.28557,1.98757
6287.90000,-0.79985,1.28559,2.03480
6287.95000,-0.79986,1.28560,2.07863
6288.00000,-0.79987,1.28562,2.11985
6288.05000,-0.79988,1.28563,2.15949
6288.10000,-0.79989,1.28565,2.19804
6288.15000,-0.79990,1.28566,2.23576
6288.20000,-0.79991,1.28568,2.27293
6288.25000,-0.79992,1.28569,2.30972
6288.30000,-0.79993,1.28570,2.34684
6288.35000,-0.79995,1.28572,2.38455
6288.40000,-0.79996,1.28573,2.42253
6288.45000,-0.79997,1.28574,2.46078
6288.50000,-0.79998,1.28575,2.49918
6288.55000,-0.79999,1.28576,2.53797
6288.60000,-0.80001,1.28576,2.57784
6288.65000,-0.80002,1.28577,2.61949
6288.70000,-0.80003,1.28578,2.66357
6288.75000,-0.80004,1.28578,2.71084
6288.80000,-0.80005,1.28579,2.76203
6288.85000,-0.80006,1.28579,2.81757
6288.90000,-0.80007,1.28579,2.87601
6288.95000,-0.80008,1.28579,2.93510
6289.00000,-0.80009,1.28580,2.99402
6289.05000,-0.80010,1.28580,3.05254
6289.10000,-0.80012,1.28580,3.11057
6289.15000,-0.80013,1.28580,-3.11392
6289.20000,-0.80014,1.28580,-3.05354
6289.25000,-0.80015,1.28580,-2.99219
6289.30000,-0.80017,1.28579,-2.92963
6289.35000,-0.80018,1.28579,-2.86536
6289.40000,-0.80020,1.28578,-2.79934
6289.45000,-0.80022,1.28578,-2.73257
6289.50000,-0.80024,1.28577,-2.66587
6289.55000,-0.80026,1.28576,-2.59952
6289.60000,-0.80028,1.28575,-2.53401
6289.65000,-0.80030,1.28573,-2.46930
6289.70000,-0.80031,1.28571,-2.40497
6289.75000,-0.80033,1.28570,-2.34087
6289.80000,-0.80035,1.28567,-2.27702
6289.85000,-0.80037,1.28565,-2.21374
6289.90000,-0.80039,1.28563,-2.15109
6289.95000,-0.80041,1.28560,-2.08886
6290.00000,-0.80042,1.28557,-2.02674
6290.05000,-0.80044,1.28553,-1.96454
6290.10000,-0.80045,1.28549,-1.90237
6290.15000,-0.80047,1.28545,-1.84058
6290.20000,-0.80048,1.28540,-1.77961
6290.25000,-0.80049,1.28534,-1.71988
6290.30000,-0.80050,1.28528,-1.66152
6290.35000,-0.80050,1.28522,-1.60458
6290.40000,-0.80050,1.28516,-1.54908
6290.45000,-0.80050,1.28510,-1.49510
6290.50000,-0.80049,1.28503,-1.44263
6290.55000,-0.80006,1.28312,-1.39131
6290.60000,-0.79849,1.27619,-1.34734
6290.65000,-0.79631,1.26749,-1.30289
6290.70000,-0.79358,1.25839,-1.25540
6290.75000,-0.79086,1.24944,-1.20705
6290.80000,-0.79000,1.24623,-1.15287
6290.85000,-0.78964,1.24548,-1.08903
6290.90000,-0.78935,1.24498,-1.01529
6290.95000,-0.78912,1.24464,-0.93451
6291.00000,-0.78901,1.24450,-0.84923
6291.05000,-0.78900,1.24449,-0.76376
6291.10000,-0.78899,1.24447,-0.67942
6291.15000,-0.78897,1.24446,-0.59651
6291.20000,-0.78896,1.24446,-0.51509
6291.25000,-0.78895,1.24445,-0.43482
6291.30000,-0.78893,1.24444,-0.35629
6291.35000,-0.78892,1.24444,-0.27953
6291.40000,-0.78891,1.24444,-0.20436
6291.45000,-0.78890,1.24443,-0.13083
6291.50000,-0.78888,1.24443,-0.05902
6291.55000,-0.78887,1.24443,0.01132
6291.60000,-0.78886,1.24443,0.08025
6291.65000,-0.78885,1.24443,0.14769
6291.70000,-0.78884,1.24444,0.21359
6291.75000,-0.78883,1.24444,0.27800
6291.80000,-0.78882,1.24444,0.34116
6291.85000,-0.78709,1.24537,0.40173
6291.90000,-0.78064,1.24841,0.45209
6291.95000,-0.77321,1.25225,0.50332
6292.00000,-0.76584,1.25621,0.55503
6292.05000,-0.76272,1.25742,0.58896
6292.10000,-0.76219,1.25761,0.59116
6292.15000,-0.76232,1.25750,0.58293
6292.20000,-0.76257,1.25732,0.56876
6292.25000,-0.76293,1.25707,0.54966
6292.30000,-0.76302,1.25701,0.52843
6292.35000,-0.76299,1.25703,0.50529
6292.40000,-0.76296,1.25705,0.48034
6292.45000,-0.76293,1.25707,0.45401
6292.50000,-0.76289,1.25709,0.42657
6292.55000,-0.76284,1.25711,0.39824
6292.60000,-0.76279,1.25713,0.36910
6292.65000,-0.76274,1.25714,0.33877
6292.70000,-0.76268,1.25716,0.30708
6292.75000,-0.76263,1.25718,0.27409
6292.80000,-0.76257,1.25719,0.23988
6292.85000,-0.76251,1.25721,0.20454
6292.90000,-0.76245,1.25722,0.16817
6292.95000,-0.76239,1.25723,0.13082
6293.00000,-0.76233,1.25724,0.09258
6293.05000,-0.76227,1.25724,0.05354
6293.10000,-0.76220,1.25724,0.01380
6293.15000,-0.76214,1.25724,-0.02682
6293.20000,-0.76208,1.25724,-0.06850
6293.25000,-0.76201,1.25723,-0.11130
6293.30000,-0.76194,1.25722,-0.15503
6293.35000,-0.76188,1.25721,-0.19955
6293.40000,-0.76181,1.25720,-0.24461
6293.45000,-0.76174,1.25718,-0.29023
6293.50000,-0.76168,1.25716,-0.33645
6293.55000,-0.76161,1.25713,-0.38317
6293.60000,-0.76155,1.25710,-0.43025
6293.65000,-0.76148,1.25707,-0.47768
6293.70000,-0.76142,1.25704,-0.52543
6293.75000,-0.76136,1.25700,-0.57360
6293.80000,-0.76130,1.25696,-0.62237
6293.85000,-0.76124,1.25691,-0.67173
6293.90000,-0.76118,1.25686,-0.72162
6293.95000,-0.76112,1.25681,-0.77176
6294.00000,-0.76107,1.25676,-0.82207
6294.05000,-0.76102,1.25670,-0.87243
6294.10000,-0.76097,1.25664,-0.92272
6294.15000,-0.76092,1.25657,-0.97310
6294.20000,-0.76088,1.25650,-1.02374
6294.25000,-0.76083,1.25643,-1.07457
6294.30000,-0.76080,1.25636,-1.12546
6294.35000,-0.76076,1.25628,-1.17625
6294.40000,-0.76073,1.25621,-1.22689
6294.45000,-0.76071,1.25613,-1.27736
6294.50000,-0.76069,1.25605,-1.32757
6294.55000,-0.76067,1.25597,-1.37775
6294.60000,-0.76065,1.25589,-1.42826
6294.65000,-0.76065,1.25580,-1.47936
6294.70000,-0.76064,1.25572,-1.53124
6294.75000,-0.76064,1.25564,-1.58379
6294.80000,-0.76064,1.25555,-1.63682
6294.85000,-0.76065,1.25547,-1.69016
6294.90000,-0.76066,1.25538,-1.74371
6294.95000,-0.76068,1.25530,-1.79736
6295.00000,-0.76070,1.25521,-1.85104
6295.05000,-0.76073,1.25512,-1.90473
6295.10000,-0.76076,1.25504,-1.95851
6295.15000,-0.76080,1.25496,-2.01237
6295.20000,-0.76084,1.25487,-2.06628
6295.25000,-0.76089,1.25479,-2.12020
6295.30000,-0.76094,1.25471,-2.17400
6295.35000,-0.76099,1.25464,-2.22750
6295.40000,-0.76105,1.25456,-2.28049
6295.45000,-0.76112,1.25449,-2.33296
6295.50000,-0.76118,1.25443,-2.38491
6295.55000,-0.76125,1.25436,-2.43639
6295.60000,-0.76133,1.25430,-2.48738
6295.65000,-0.76140,1.25425,-2.53800
6295.70000,-0.76148,1.25420,-2.58846
6295.75000,-0.76157,1.25415,-2.63910
6295.80000,-0.76165,1.25410,-2.69011
6295.85000,-0.76174,1.25406,-2.74165
6295.90000,-0.76184,1.25403,-2.79370
6295.95000,-0.76194,1.25399,-2.84610
6296.00000,-0.76204,1.25396,-2.89869
6296.05000,-0.76215,1.25394,-2.95135
6296.10000,-0.76226,1.25392,-3.00395
6296.15000,-0.76237,1.25391,-3.05639
6296.20000,-0.76248,1.25390,-3.10858
6296.25000,-0.76260,1.25390,3.12272
6296.30000,-0.76272,1.25391,3.07117
6296.35000,-0.76284,1.25392,3.01996
6296.40000,-0.76296,1.25394,2.96912
6296.45000,-0.76308,1.25396,2.91865
6296.50000,-0.76320,1.25399,2.86860
6296.55000,-0.76332,1.25403,2.81910
6296.60000,-0.76344,1.25407,2.77033
6296.65000,-0.76356,1.25412,2.72229
6296.70000,-0.76367,1.25418,2.67501
6296.75000,-0.76378,1.25424,2.62848
6296.80000,-0.76389,1.25430,2.58271
6296.85000,-0.76400,1.25437,2.53770
6296.90000,-0.76411,1.25445,2.49348
6296.95000,-0.76421,1.25453,2.45003
6297.00000,-0.76595,1.25610,2.40779
6297.05000,-0.77153,1.26134,2.37070
6297.10000,-0.77814,1.26802,2.33129
6297.15000,-0.78478,1.27531,2.29078
6297.20000,-0.79080,1.28248,2.24927
6297.25000,-0.79646,1.28980,2.20839
6297.30000,-0.80166,1.29712,2.16766
6297.35000,-0.80658,1.30467,2.12834
6297.40000,-0.81122,1.31244,2.09057
6297.45000,-0.81560,1.32042,2.05444
6297.50000,-0.81971,1.32858,2.02005
6297.55000,-0.82356,1.33692,1.98759
6297.60000,-0.82718,1.34543,1.95717
6297.65000,-0.83056,1.35408,1.92915
6297.70000,-0.83383,1.36279,1.90117
6297.75000,-0.83443,1.36684,1.87712
6297.80000,-0.83446,1.36707,1.85747
6297.85000,-0.83447,1.36703,1.83895
6297.90000,-0.83443,1.36680,1.82134
6297.95000,-0.83436,1.36652,1.80488
6298.00000,-0.83431,1.36627,1.78928
6298.05000,-0.83430,1.36614,1.77502
6298.10000,-0.83432,1.36624,1.76128
6298.15000,-0.83433,1.36628,1.74883
6298.20000,-0.83435,1.36634,1.73697
6298.25000,-0.83436,1.36632,1.72580
6298.30000,-0.83436,1.36620,1.71490
6298.35000,-0.83435,1.36608,1.70491
6298.40000,-0.83434,1.36599,1.69587
6298.45000,-0.83437,1.36620,1.68810
6298.50000,-0.83441,1.36650,1.68024
6298.55000,-0.83444,1.36676,1.67295
6298.60000,-0.83446,1.36687,1.66774
6298.65000,-0.83448,1.36701,1.66328
6298.70000,-0.83449,1.36713,1.65949
6298.75000,-0.83450,1.36726,1.65627
6298.80000,-0.83451,1.36733,1.65356
6298.85000,-0.83452,1.36742,1.65134
6298.90000,-0.83453,1.36752,1.64952
6298.95000,-0.83454,1.36763,1.64812
6299.00000,-0.83455,1.36774,1.64721
6299.05000,-0.83456,1.36788,1.64685
6299.10000,-0.83457,1.36801,1.64711
6299.15000,-0.83458,1.36816,1.64805
6299.20000,-0.83459,1.36831,1.64971
6299.25000,-0.83461,1.36850,1.65211
6299.30000,-0.83462,1.36866,1.65519
6299.35000,-0.83463,1.36882,1.65867
6299.40000,-0.83464,1.36899,1.66278
6299.45000,-0.83465,1.36908,1.66731
6299.50000,-0.83466,1.36924,1.67208
6299.55000,-0.83468,1.36950,1.67749
6299.60000,-0.83470,1.36977,1.68331
6299.65000,-0.83472,1.37005,1.68954
6299.70000,-0.83474,1.37034,1.69612
6299.75000,-0.83476,1.37063,1.70279
6299.80000,-0.83479,1.37092,1.70936
6299.85000,-0.83481,1.37109,1.71575
6299.90000,-0.83483,1.37127,1.72206
6299.95000,-0.83486,1.37148,1.72826
6300.00000,-0.83488,1.37166,1.73487
6300.05000,-0.83491,1.37187,1.74126
6300.10000,-0.83491,1.37189,1.74774
6300.15000,-0.83493,1.37201,1.75414
6300.20000,-0.83496,1.37225,1.76108
6300.25000,-0.83500,1.37242,1.76864
6300.30000,-0.83504,1.37267,1.77571
6300.35000,-0.83507,1.37289,1.78307
6300.40000,-0.83511,1.37311,1.79031
6300.45000,-0.83515,1.37330,1.79776
6300.50000,-0.83519,1.37350,1.80545
6300.55000,-0.83524,1.37374,1.81332
6300.60000,-0.83530,1.37400,1.82129
6300.65000,-0.83533,1.37414,1.82899
6300.70000,-0.83539,1.37437,1.83623
6300.75000,-0.83547,1.37466,1.84311
6300.80000,-0.83552,1.37487,1.84934
6300.85000,-0.83558,1.37509,1.85526
6300.90000,-0.83562,1.37525,1.86148
6300.95000,-0.83566,1.37540,1.86752
6301.00000,-0.83571,1.37559,1.87314
6301.05000,-0.83577,1.37580,1.87834
6301.10000,-0.83582,1.37599,1.88383
6301.15000,-0.83587,1.37616,1.88958
6301.20000,-0.83594,1.37638,1.89528
6301.25000,-0.83601,1.37658,1.90139
6301.30000,-0.83607,1.37676,1.90821
6301.35000,-0.83614,1.37695,1.91517
6301.40000,-0.83621,1.37714,1.92295
6301.45000,-0.83627,1.37732,1.93136
6301.50000,-0.83634,1.37751,1.93998
6301.55000,-0.83642,1.37772,1.95007
6301.60000,-0.83648,1.37787,1.96129
6301.65000,-0.83654,1.37802,1.97304
6301.70000,-0.83661,1.37816,1.98512
6301.75000,-0.83667,1.37831,1.99740
6301.80000,-0.83674,1.37846,2.00976
6301.85000,-0.83681,1.37861,2.02213
6301.90000,-0.83689,1.37875,2.03451
6301.95000,-0.83696,1.37890,2.04691
6302.00000,-0.83703,1.37904,2.05930
6302.05000,-0.83711,1.37919,2.07170
6302.10000,-0.83719,1.37933,2.08409
6302.15000,-0.83727,1.37947,2.09646
6302.20000,-0.83736,1.37961,2.10882
6302.25000,-0.83744,1.37975,2.12116
6302.30000,-0.83753,1.37989,2.13346
6302.35000,-0.83762,1.38003,2.14573
6302.40000,-0.83771,1.38017,2.15796
6302.45000,-0.83780,1.38030,2.17014
6302.50000,-0.83789,1.38044,2.18226
6302.55000,-0.83799,1.38057,2.19433
6302.60000,-0.83808,1.38071,2.20633
6302.65000,-0.83818,1.38084,2.21827
6302.70000,-0.83828,1.38097,2.23012
6302.75000,-0.83838,1.38110,2.24190
6302.80000,-0.83986,1.38270,2.25349
6302.85000,-0.84554,1.38908,2.26514
6302.90000,-0.85215,1.39692,2.27549
6302.95000,-0.85882,1.40469,2.28556
6303.00000,-0.86557,1.41239,2.29540
6303.05000,-0.87231,1.41993,2.30515
6303.10000,-0.87917,1.42746,2.31455
6303.15000,-0.88612,1.43496,2.32346
6303.20000,-0.89307,1.44231,2.33194
6303.25000,-0.90000,1.44953,2.34044
6303.30000,-0.90705,1.45675,2.34837
6303.35000,-0.91412,1.46388,2.35571
6303.40000,-0.92123,1.47095,2.36242
6303.45000,-0.92835,1.47794,2.36900
6303.50000,-0.93554,1.48491,2.37485
6303.55000,-0.94279,1.49186,2.37969
6303.60000,-0.95005,1.49875,2.38401
6303.65000,-0.95732,1.50561,2.38785
6303.70000,-0.96462,1.51244,2.39064
6303.75000,-0.97196,1.51928,2.39284
6303.80000,-0.97930,1.52609,2.39434
6303.85000,-0.98664,1.53288,2.39512
6303.90000,-0.99399,1.53967,2.39530
6303.95000,-1.00133,1.54646,2.39478
6304.00000,-1.00866,1.55326,2.39376
6304.05000,-1.01599,1.56007,2.39209
6304.10000,-1.02330,1.56689,2.38987
6304.15000,-1.03058,1.57371,2.38712
6304.20000,-1.03785,1.58057,2.38380
6304.25000,-1.04503,1.58741,2.37987
6304.30000,-1.05216,1.59426,2.37541
6304.35000,-1.05925,1.60115,2.37049
6304.40000,-1.06630,1.60805,2.36514
6304.45000,-1.07331,1.61500,2.35939
6304.50000,-1.08026,1.62197,2.35326
6304.55000,-1.08716,1.62899,2.34679
6304.60000,-1.09402,1.63604,2.33999
6304.65000,-1.10081,1.64313,2.33291
6304.70000,-1.10756,1.65027,2.32557
6304.75000,-1.11424,1.65746,2.31803
6304.80000,-1.12087,1.66469,2.31027
6304.85000,-1.12743,1.67197,2.30236
6304.90000,-1.13394,1.67930,2.29431
6304.95000,-1.14039,1.68668,2.28615
6305.00000,-1.14677,1.69411,2.27788
6305.05000,-1.15309,1.70160,2.26944
6305.10000,-1.15934,1.70913,2.26085
6305.15000,-1.16552,1.71671,2.25206
6305.20000,-1.17163,1.72434,2.24308
6305.25000,-1.17767,1.73202,2.23387
6305.30000,-1.18363,1.73976,2.22441
6305.35000,-1.18953,1.74754,2.21478
6305.40000,-1.19539,1.75544,2.20523
6305.45000,-1.20113,1.76332,2.19519
6305.50000,-1.20679,1.77126,2.18502
6305.55000,-1.21237,1.77925,2.17484
6305.60000,-1.21786,1.78730,2.16472
6305.65000,-1.22328,1.79541,2.15476
6305.70000,-1.22862,1.80357,2.14499
6305.75000,-1.23390,1.81182,2.13535
6305.80000,-1.23911,1.82013,2.12584
6305.85000,-1.24426,1.82848,2.11678
6305.90000,-1.24931,1.83687,2.10852
6305.95000,-1.25430,1.84532,2.10038
6306.00000,-1.25928,1.85388,2.09232
6306.05000,-1.26416,1.86244,2.08505
6306.10000,-1.26899,1.87104,2.07862
6306.15000,-1.27378,1.87970,2.07340
6306.20000,-1.27855,1.88841,2.06969
6306.25000,-1.28332,1.89717,2.06789
6306.30000,-1.28809,1.90596,2.06831
6306.35000,-1.29289,1.91478,2.07152
6306.40000,-1.29773,1.92357,2.07780
6306.45000,-1.30248,1.93214,2.08422
6306.50000,-1.30723,1.94070,2.09065
6306.55000,-1.30900,1.94553,2.09927
6306.60000,-1.30946,1.94635,2.11634
6306.65000,-1.30976,1.94685,2.13928
6306.70000,-1.31009,1.94736,2.16529
6306.75000,-1.31049,1.94795,2.19300
6306.80000,-1.31094,1.94858,2.22181
6306.85000,-1.31141,1.94919,2.25121
6306.90000,-1.31187,1.94975,2.28083
6306.95000,-1.31233,1.95029,2.30997
6307.00000,-1.31285,1.95085,2.33892
6307.05000,-1.31333,1.95135,2.36777
6307.10000,-1.31384,1.95184,2.39687
6307.15000,-1.31431,1.95228,2.42555
6307.20000,-1.31482,1.95270,2.45553
6307.25000,-1.31538,1.95314,2.48664
6307.30000,-1.31599,1.95360,2.51928
6307.35000,-1.31679,1.95415,2.55523
6307.40000,-1.31757,1.95466,2.59356
6307.45000,-1.31812,1.95499,2.63313
6307.50000,-1.31820,1.95504,2.67241
6307.55000,-1.31829,1.95508,2.71244
6307.60000,-1.31841,1.95513,2.75235
6307.65000,-1.31854,1.95518,2.79153
6307.70000,-1.31869,1.95524,2.82961
6307.75000,-1.31886,1.95529,2.86675
6307.80000,-1.31905,1.95534,2.90329
6307.85000,-1.31924,1.95538,2.93973
6307.90000,-1.31943,1.95541,2.97645
6307.95000,-1.31961,1.95544,3.01403
6308.00000,-1.31980,1.95546,3.05318
6308.05000,-1.31997,1.95547,3.09432
6308.10000,-1.32015,1.95548,3.13774
6308.15000,-1.32033,1.95547,-3.09947
6308.20000,-1.32050,1.95546,-3.05067
6308.25000,-1.32069,1.95544,-2.99912
6308.30000,-1.32088,1.95541,-2.94597
6308.35000,-1.32109,1.95536,-2.89256
6308.40000,-1.32131,1.95530,-2.84014
6308.45000,-1.32154,1.95522,-2.78983
6308.50000,-1.32178,1.95512,-2.74200
6308.55000,-1.32204,1.95501,-2.69662
6308.60000,-1.32231,1.95487,-2.65347
6308.65000,-1.32259,1.95471,-2.61187
6308.70000,-1.32290,1.95453,-2.57077
6308.75000,-1.32322,1.95431,-2.52953
6308.80000,-1.32355,1.95407,-2.48771
6308.85000,-1.32388,1.95381,-2.44474
6308.90000,-1.32420,1.95352,-2.40018
6308.95000,-1.32453,1.95321,-2.35403
6309.00000,-1.32486,1.95286,-2.30632
6309.05000,-1.32519,1.95248,-2.25713
6309.10000,-1.32552,1.95205,-2.20652
6309.15000,-1.32585,1.95157,-2.15458
6309.20000,-1.32619,1.95103,-2.10154
6309.25000,-1.32653,1.95041,-2.04770
6309.30000,-1.32686,1.94973,-1.99390
6309.35000,-1.32716,1.94900,-1.94081
6309.40000,-1.32744,1.94823,-1.88890
6309.45000,-1.32768,1.94744,-1.83849
6309.50000,-1.32788,1.94662,-1.78962
6309.55000,-1.32805,1.94577,-1.74236
6309.60000,-1.32820,1.94489,-1.69664
6309.65000,-1.32835,1.94349,-1.65045
6309.70000,-1.32842,1.94237,-1.60665
6309.75000,-1.32844,1.94138,-1.56420
6309.80000,-1.32840,1.94004,-1.52077
6309.85000,-1.32832,1.93886,-1.47835
6309.90000,-1.32813,1.93702,-1.43321
6309.95000,-1.32783,1.93491,-1.38711
6310.00000,-1.32741,1.93298,-1.34169
6310.05000,-1.32680,1.93065,-1.29495
6310.10000,-1.32613,1.92835,-1.24901
6310.15000,-1.32542,1.92626,-1.20492
6310.20000,-1.32374,1.92260,-1.16482
6310.25000,-1.32019,1.91491,-1.12886
6310.30000,-1.31587,1.90615,-1.08964
6310.35000,-1.31139,1.89775,-1.04848
6310.40000,-1.30675,1.89004,-1.00870
6310.45000,-1.30178,1.88248,-0.97075
6310.50000,-1.29652,1.87507,-0.93458
6310.55000,-1.29096,1.86781,-0.90008
6310.60000,-1.28514,1.86072,-0.86731
6310.65000,-1.27907,1.85377,-0.83634
6310.70000,-1.27276,1.84699,-0.80722
6310.75000,-1.26623,1.84034,-0.78002
6310.80000,-1.25969,1.83387,-0.75334
6310.85000,-1.25782,1.83208,-0.72879
6310.90000,-1.25667,1.83105,-0.70776
6310.95000,-1.25549,1.83006,-0.68756
6311.00000,-1.25427,1.82907,-0.66790
6311.05000,-1.25305,1.82815,-0.64841
6311.10000,-1.25161,1.82708,-0.62920
6311.15000,-1.25018,1.82607,-0.60995
6311.20000,-1.24871,1.82506,-0.59173
6311.25000,-1.24722,1.82408,-0.57402
6311.30000,-1.24556,1.82304,-0.55651
6311.35000,-1.24375,1.82194,-0.53934
6311.40000,-1.24206,1.82095,-0.52368
6311.45000,-1.24009,1.81984,-0.50779
6311.50000,-1.23836,1.81890,-0.49331
6311.55000,-1.23671,1.81802,-0.48021
6311.60000,-1.23480,1.81704,-0.46715
6311.65000,-1.23304,1.81617,-0.45511
6311.70000,-1.23124,1.81530,-0.44375
6311.75000,-1.22929,1.81439,-0.43302
6311.80000,-1.22722,1.81346,-0.42265
6311.85000,-1.22509,1.81252,-0.41297
6311.90000,-1.22293,1.81159,-0.40375
6311.95000,-1.22077,1.81068,-0.39567
6312.00000,-1.21851,1.80975,-0.38754
6312.05000,-1.21619,1.80880,-0.37932
6312.10000,-1.21379,1.80785,-0.37155
6312.15000,-1.21119,1.80686,-0.36447
6312.20000,-1.20847,1.80583,-0.35770
6312.25000,-1.20572,1.80482,-0.35080
6312.30000,-1.20291,1.80381,-0.34361
6312.35000,-1.19989,1.80274,-0.33699
6312.40000,-1.19677,1.80166,-0.33001
6312.45000,-1.19348,1.80055,-0.32338
6312.50000,-1.19012,1.79944,-0.31698
6312.55000,-1.18669,1.79832,-0.31125
6312.60000,-1.18322,1.79722,-0.30570
6312.65000,-1.17965,1.79610,-0.30082
6312.70000,-1.17592,1.79496,-0.29662
6312.75000,-1.17219,1.79382,-0.29299
6312.80000,-1.16838,1.79267,-0.29016
6312.85000,-1.16452,1.79152,-0.28871
6312.90000,-1.16065,1.79037,-0.28824
6312.95000,-1.15680,1.78923,-0.28878
6313.00000,-1.15295,1.78808,-0.29009
6313.05000,-1.14906,1.78691,-0.29195
6313.10000,-1.14511,1.78572,-0.29416
6313.15000,-1.14110,1.78450,-0.29677
6313.20000,-1.13695,1.78322,-0.29973
6313.25000,-1.13270,1.78190,-0.30276
6313.30000,-1.12831,1.78051,-0.30631
6313.35000,-1.12378,1.77907,-0.30994
6313.40000,-1.11911,1.77757,-0.31404
6313.45000,-1.11436,1.77601,-0.31912
6313.50000,-1.10958,1.77441,-0.32501
6313.55000,-1.10478,1.77277,-0.33206
6313.60000,-1.09997,1.77109,-0.34008
6313.65000,-1.09514,1.76936,-0.34897
6313.70000,-1.09018,1.76753,-0.35918
6313.75000,-1.08527,1.76566,-0.36975
6313.80000,-1.08033,1.76370,-0.38078
6313.85000,-1.07543,1.76171,-0.39211
6313.90000,-1.07054,1.75965,-0.40391
6313.95000,-1.06563,1.75752,-0.41629
6314.00000,-1.06072,1.75531,-0.42906
6314.05000,-1.05584,1.75303,-0.44226
6314.10000,-1.05097,1.75068,-0.45589
6314.15000,-1.04609,1.74825,-0.47003
6314.20000,-1.04118,1.74570,-0.48486
6314.25000,-1.03625,1.74305,-0.50023
6314.30000,-1.03141,1.74035,-0.51583
6314.35000,-1.02662,1.73759,-0.53174
6314.40000,-1.02189,1.73475,-0.54802
6314.45000,-1.01723,1.73185,-0.56468
6314.50000,-1.01260,1.72886,-0.58171
6314.55000,-1.00799,1.72577,-0.59911
6314.60000,-1.00345,1.72261,-0.61678
6314.65000,-0.99898,1.71938,-0.63464
6314.70000,-0.99459,1.71607,-0.65281
6314.75000,-0.99027,1.71271,-0.67126
6314.80000,-0.98604,1.70927,-0.68988
6314.85000,-0.98185,1.70575,-0.70866
6314.90000,-0.97769,1.70212,-0.72767
6314.95000,-0.97355,1.69836,-0.74685
6315.00000,-0.96946,1.69449,-0.76620
6315.05000,-0.96545,1.69056,-0.78561
6315.10000,-0.96156,1.68658,-0.80515
6315.15000,-0.95779,1.68258,-0.82461
6315.20000,-0.95410,1.67851,-0.84412
6315.25000,-0.95046,1.67433,-0.86368
6315.30000,-0.94687,1.67005,-0.88325
6315.35000,-0.94332,1.66564,-0.90279
6315.40000,-0.93984,1.66114,-0.92234
6315.45000,-0.93646,1.65658,-0.94194
6315.50000,-0.93317,1.65197,-0.96163
6315.55000,-0.92997,1.64728,-0.98136
6315.60000,-0.92684,1.64248,-1.00108
6315.65000,-0.92376,1.63757,-1.02076
6315.70000,-0.92075,1.63255,-1.04049
6315.75000,-0.91785,1.62749,-1.06011
6315.80000,-0.91506,1.62239,-1.07968
6315.85000,-0.91235,1.61722,-1.09908
6315.90000,-0.90974,1.61197,-1.11829
6315.95000,-0.90722,1.60666,-1.13727
6316.00000,-0.90479,1.60128,-1.15599
6316.05000,-0.90246,1.59586,-1.17447
6316.10000,-0.90024,1.59042,-1.19256
6316.15000,-0.89815,1.58504,-1.21061
6316.20000,-0.89618,1.57968,-1.22850
6316.25000,-0.89434,1.57436,-1.24602
6316.30000,-0.89260,1.56908,-1.26322
6316.35000,-0.89093,1.56370,-1.28051
6316.40000,-0.88863,1.55586,-1.29644
6316.45000,-0.88608,1.54655,-1.31273
6316.50000,-0.88368,1.53719,-1.32863
6316.55000,-0.88144,1.52784,-1.34411
6316.60000,-0.87934,1.51845,-1.35929
6316.65000,-0.87738,1.50902,-1.37416
6316.70000,-0.87554,1.49952,-1.38854
6316.75000,-0.87384,1.48995,-1.40287
6316.80000,-0.87227,1.48038,-1.41665
6316.85000,-0.87083,1.47078,-1.43008
6316.90000,-0.86952,1.46114,-1.44315
6316.95000,-0.86833,1.45147,-1.45580
6317.00000,-0.86727,1.44181,-1.46808
6317.05000,-0.86632,1.43209,-1.47983
6317.10000,-0.86548,1.42230,-1.49092
6317.15000,-0.86474,1.41246,-1.50160
6317.20000,-0.86411,1.40259,-1.51173
6317.25000,-0.86357,1.39267,-1.52140
6317.30000,-0.86313,1.38278,-1.53101
6317.35000,-0.86278,1.37289,-1.54044
6317.40000,-0.86252,1.36299,-1.54952
6317.45000,-0.86235,1.35303,-1.55813
6317.50000,-0.86227,1.34303,-1.56633
6317.55000,-0.86226,1.33303,-1.57430
6317.60000,-0.86234,1.32303,-1.58204
6317.65000,-0.86250,1.31320,-1.59020
6317.70000,-0.86274,1.30340,-1.59828
6317.75000,-0.86306,1.29360,-1.60603
6317.80000,-0.86345,1.28380,-1.61347
6317.85000,-0.86392,1.27398,-1.62055
6317.90000,-0.86446,1.26417,-1.62728
6317.95000,-0.86506,1.25434,-1.63367
6318.00000,-0.86572,1.24452,-1.63976
6318.05000,-0.86644,1.23469,-1.64556
6318.10000,-0.86722,1.22486,-1.65116
6318.15000,-0.86805,1.21503,-1.65655
6318.20000,-0.86894,1.20520,-1.66175
6318.25000,-0.86987,1.19537,-1.66674
6318.30000,-0.87086,1.18553,-1.67154
6318.35000,-0.87189,1.17570,-1.67615
6318.40000,-0.87296,1.16587,-1.68056
6318.45000,-0.87408,1.15604,-1.68473
6318.50000,-0.87524,1.14620,-1.68864
6318.55000,-0.87644,1.13637,-1.69223
6318.60000,-0.87766,1.12648,-1.69544
6318.65000,-0.87892,1.11662,-1.69838
6318.70000,-0.88020,1.10671,-1.70113
6318.75000,-0.88151,1.09683,-1.70353
6318.80000,-0.88284,1.08695,-1.70569
6318.85000,-0.88419,1.07706,-1.70770
6318.90000,-0.88556,1.06718,-1.70954
6318.95000,-0.88696,1.05727,-1.71118
6319.00000,-0.88836,1.04737,-1.71275
6319.05000,-0.88978,1.03749,-1.71407
6319.10000,-0.89121,1.02761,-1.71523
6319.15000,-0.89266,1.01773,-1.71619
6319.20000,-0.89411,1.00784,-1.71679
6319.25000,-0.89557,0.99795,-1.71702
6319.30000,-0.89702,0.98805,-1.71683
6319.35000,-0.89847,0.97816,-1.71631
6319.40000,-0.89992,0.96826,-1.71530
6319.45000,-0.90135,0.95834,-1.71374
6319.50000,-0.90277,0.94840,-1.71160
6319.55000,-0.90416,0.93847,-1.70843
6319.60000,-0.90552,0.92849,-1.70447
6319.65000,-0.90687,0.91850,-1.70053
6319.70000,-0.90754,0.90966,-1.69746
6319.75000,-0.90758,0.90639,-1.69298
6319.80000,-0.90765,0.90550,-1.67020
6319.85000,-0.90772,0.90452,-1.62915
6319.90000,-0.90774,0.90407,-1.58464
6319.95000,-0.90773,0.90387,-1.53968
6320.00000,-0.90772,0.90366,-1.49684
6320.05000,-0.90769,0.90283,-1.45621
6320.10000,-0.90762,0.90208,-1.42170
6320.15000,-0.90754,0.90143,-1.39332
6320.20000,-0.90752,0.90122,-1.36693
6320.25000,-0.90749,0.90106,-1.34553
6320.30000,-0.90744,0.90080,-1.32865
6320.35000,-0.90741,0.90050,-1.31345
6320.40000,-0.90736,0.90028,-1.29933
6320.45000,-0.90734,0.90019,-1.28476
6320.50000,-0.90728,0.89993,-1.27022
6320.55000,-0.90723,0.89970,-1.25589
6320.60000,-0.90718,0.89950,-1.24173
6320.65000,-0.90602,0.89725,-1.22653
6320.70000,-0.90280,0.88879,-1.21343
6320.75000,-0.89923,0.87928,-1.19842
6320.80000,-0.89863,0.87537,-1.18156
6320.85000,-0.89837,0.87478,-1.14723
6320.90000,-0.89834,0.87472,-1.10585
6320.95000,-0.89833,0.87470,-1.06782
6321.00000,-0.89831,0.87467,-1.03402
6321.05000,-0.89810,0.87431,-1.00237
6321.10000,-0.89781,0.87383,-0.97328
6321.15000,-0.89760,0.87350,-0.94661
6321.20000,-0.89726,0.87300,-0.92017
6321.25000,-0.89688,0.87249,-0.89362
6321.30000,-0.89683,0.87243,-0.86907
6321.35000,-0.89681,0.87240,-0.84433
6321.40000,-0.89678,0.87237,-0.81981
6321.45000,-0.89676,0.87234,-0.79549
6321.50000,-0.89673,0.87232,-0.77193
6321.55000,-0.89670,0.87229,-0.74914
6321.60000,-0.89667,0.87227,-0.72629
6321.65000,-0.89664,0.87224,-0.70328
6321.70000,-0.89661,0.87221,-0.68039
6321.75000,-0.89658,0.87219,-0.65792
6321.80000,-0.89654,0.87216,-0.63611
6321.85000,-0.89650,0.87213,-0.61495
6321.90000,-0.89497,0.87073,-0.59443
6321.95000,-0.88798,0.86590,-0.57544
6322.00000,-0.87991,0.86066,-0.55314
6322.05000,-0.87689,0.85948,-0.53072
6322.10000,-0.87665,0.85939,-0.49667
6322.15000,-0.87661,0.85937,-0.45966
6322.20000,-0.87656,0.85935,-0.42298
6322.25000,-0.87652,0.85933,-0.38666
6322.30000,-0.87647,0.85931,-0.35067
6322.35000,-0.87642,0.85929,-0.31517
6322.40000,-0.87637,0.85928,-0.27990
6322.45000,-0.87633,0.85926,-0.24439
6322.50000,-0.87627,0.85925,-0.20805
6322.55000,-0.87622,0.85924,-0.17103
6322.60000,-0.87616,0.85923,-0.13360
6322.65000,-0.87610,0.85923,-0.09601
6322.70000,-0.87604,0.85922,-0.05847
6322.75000,-0.87598,0.85922,-0.02101
6322.80000,-0.87592,0.85922,0.01649
6322.85000,-0.87585,0.85922,0.05413
6322.90000,-0.87578,0.85923,0.09193
6322.95000,-0.87571,0.85923,0.12982
6323.00000,-0.87564,0.85925,0.16752
6323.05000,-0.87557,0.85926,0.20487
6323.10000,-0.87549,0.85927,0.24176
6323.15000,-0.87542,0.85929,0.27813
6323.20000,-0.87535,0.85932,0.31399
6323.25000,-0.87528,0.85934,0.34934
6323.30000,-0.87521,0.85937,0.38431
6323.35000,-0.87515,0.85940,0.41923
6323.40000,-0.87508,0.85943,0.45428
6323.45000,-0.87441,0.85976,0.49229
6323.50000,-0.87354,0.86023,0.53180
6323.55000,-0.87278,0.86069,0.57110
6323.60000,-0.87207,0.86116,0.61025
6323.65000,-0.87139,0.86164,0.64933
6323.70000,-0.87067,0.86219,0.68838
6323.75000,-0.87027,0.86253,0.72586
6323.80000,-0.86972,0.86302,0.76403
6323.85000,-0.86931,0.86341,0.80101
6323.90000,-0.86901,0.86372,0.83707
6323.95000,-0.86877,0.86397,0.87243
6324.00000,-0.86721,0.86571,0.90645
6324.05000,-0.86245,0.87186,0.93694
6324.10000,-0.85727,0.87918,0.97222
6324.15000,-0.85225,0.88681,1.00676
6324.20000,-0.84748,0.89464,1.03970
6324.25000,-0.84294,0.90266,1.07132
6324.30000,-0.83864,0.91083,1.10180
6324.35000,-0.83457,0.91915,1.13118
6324.40000,-0.83074,0.92762,1.15936
6324.45000,-0.82712,0.93622,1.18622
6324.50000,-0.82372,0.94494,1.21165
6324.55000,-0.82031,0.95436,1.23462
6324.60000,-0.81713,0.96378,1.25488
6324.65000,-0.81415,0.97318,1.27348
6324.70000,-0.81135,0.98252,1.29237
6324.75000,-0.81090,0.98682,1.30751
6324.80000,-0.81087,0.98705,1.31643
6324.85000,-0.81083,0.98722,1.32255
6324.90000,-0.81080,0.98736,1.32801
6324.95000,-0.81078,0.98748,1.33329
6325.00000,-0.81076,0.98758,1.33863
6325.05000,-0.81074,0.98768,1.34447
6325.10000,-0.81072,0.98780,1.35154
6325.15000,-0.81070,0.98792,1.36079
6325.20000,-0.81066,0.98808,1.37207
6325.25000,-0.81061,0.98836,1.38531
6325.30000,-0.80989,0.99090,1.39768
6325.35000,-0.80836,0.99929,1.41016
6325.40000,-0.80683,1.00924,1.42488
6325.45000,-0.80547,1.01893,1.43866
6325.50000,-0.80418,1.02866,1.45229
6325.55000,-0.80358,1.03668,1.46484
6325.60000,-0.80353,1.03955,1.47640
6325.65000,-0.80352,1.03997,1.47930
6325.70000,-0.80352,1.04007,1.47932
6325.75000,-0.80351,1.04015,1.47876
6325.80000,-0.80350,1.04024,1.47805
6325.85000,-0.80350,1.04033,1.47735
6325.90000,-0.80349,1.04042,1.47679
6325.95000,-0.80348,1.04052,1.47686
6326.00000,-0.80348,1.04063,1.47856
6326.05000,-0.80346,1.04078,1.48244
6326.10000,-0.80346,1.04085,1.48800
6326.15000,-0.80345,1.04101,1.49536
6326.20000,-0.80314,1.04244,1.50277
6326.25000,-0.80252,1.04849,1.51029
6326.30000,-0.80198,1.05835,1.52034
6326.35000,-0.80152,1.06833,1.52910
6326.40000,-0.80114,1.07845,1.53722
6326.45000,-0.80086,1.08849,1.54505
6326.50000,-0.80076,1.09280,1.55349
6326.55000,-0.80076,1.09327,1.55719
6326.60000,-0.80076,1.09353,1.55677
6326.65000,-0.80076,1.09359,1.55520
6326.70000,-0.80076,1.09368,1.55364
6326.75000,-0.80075,1.09378,1.55211
6326.80000,-0.80075,1.09388,1.55129
6326.85000,-0.80075,1.09399,1.55131
6326.90000,-0.80075,1.09412,1.55247
6326.95000,-0.80075,1.09429,1.55518
6327.00000,-0.80075,1.09449,1.55926
6327.05000,-0.80071,1.09599,1.56318
6327.10000,-0.80065,1.10293,1.56721
6327.15000,-0.80065,1.11296,1.57321
6327.20000,-0.80070,1.12304,1.57888
6327.25000,-0.80080,1.13311,1.58338
6327.30000,-0.80093,1.14324,1.58773
6327.35000,-0.80104,1.15328,1.59213
6327.40000,-0.80105,1.16025,1.59653
6327.45000,-0.80106,1.16473,1.60076
6327.50000,-0.80106,1.16518,1.59863
6327.55000,-0.80106,1.16520,1.59495
6327.60000,-0.80106,1.16524,1.59224
6327.65000,-0.80106,1.16532,1.59068
6327.70000,-0.80106,1.16542,1.59015
6327.75000,-0.80106,1.16555,1.59058
6327.80000,-0.80115,1.16681,1.59101
6327.85000,-0.80135,1.17084,1.59153
6327.90000,-0.80157,1.17506,1.59208
6327.95000,-0.80179,1.18021,1.59264
6328.00000,-0.80201,1.18608,1.59322
6328.05000,-0.80224,1.19373,1.59378
6328.10000,-0.80246,1.20216,1.59436
6328.15000,-0.80270,1.21060,1.59495
6328.20000,-0.80282,1.21780,1.59569
6328.25000,-0.80283,1.21930,1.59462
6328.30000,-0.80283,1.21929,1.58953
6328.35000,-0.80281,1.21926,1.58345
6328.40000,-0.80280,1.21923,1.57708
6328.45000,-0.80280,1.21918,1.57028
6328.50000,-0.80280,1.21911,1.56303
6328.55000,-0.80280,1.21903,1.55503
6328.60000,-0.80280,1.21896,1.54628
6328.65000,-0.80280,1.21883,1.53656
6328.70000,-0.80280,1.21871,1.52581
6328.75000,-0.80281,1.21852,1.51389
6328.80000,-0.80281,1.21832,1.50094
6328.85000,-0.80283,1.21808,1.48658
6328.90000,-0.80285,1.21782,1.47098
6328.95000,-0.80288,1.21752,1.45393
6329.00000,-0.80291,1.21719,1.43550
6329.05000,-0.80296,1.21683,1.41562
6329.10000,-0.80302,1.21644,1.39426
6329.15000,-0.80309,1.21602,1.37128
6329.20000,-0.80319,1.21556,1.34686
6329.25000,-0.80330,1.21507,1.32096
6329.30000,-0.80339,1.21467,1.29404
6329.35000,-0.80353,1.21414,1.26525
6329.40000,-0.80354,1.21410,1.23733
6329.45000,-0.80348,1.21427,1.20919
6329.50000,-0.80341,1.21445,1.18005
6329.55000,-0.80333,1.21463,1.14997
6329.60000,-0.80324,1.21482,1.11907
6329.65000,-0.80314,1.21502,1.08748
6329.70000,-0.80303,1.21522,1.05525
6329.75000,-0.80291,1.21543,1.02247
6329.80000,-0.80278,1.21564,0.98923
6329.85000,-0.80263,1.21586,0.95562
6329.90000,-0.80246,1.21609,0.92169
6329.95000,-0.80250,1.21603,0.88622
6330.00000,-0.80230,1.21626,0.85153
6330.05000,-0.80208,1.21651,0.81619
6330.10000,-0.80183,1.21677,0.78023
6330.15000,-0.80154,1.21704,0.74373
6330.20000,-0.80122,1.21732,0.70679
6330.25000,-0.80087,1.21761,0.66950
6330.30000,-0.80048,1.21791,0.63194
6330.35000,-0.80004,1.21821,0.59418
6330.40000,-0.79957,1.21852,0.55627
6330.45000,-0.79906,1.21882,0.51827
6330.50000,-0.79852,1.21912,0.48022
6330.55000,-0.79793,1.21941,0.44218
6330.60000,-0.79731,1.21969,0.40416
6330.65000,-0.79665,1.21996,0.36622
6330.70000,-0.79597,1.22021,0.32838
6330.75000,-0.79525,1.22044,0.29067
6330.80000,-0.79451,1.22064,0.25310
6330.85000,-0.79374,1.22083,0.21571
6330.90000,-0.79296,1.22098,0.17850
6330.95000,-0.79215,1.22111,0.14150
6331.00000,-0.79132,1.22122,0.10471
6331.05000,-0.79047,1.22129,0.06814
6331.10000,-0.78961,1.22133,0.03181
6331.15000,-0.78873,1.22134,-0.00428
6331.20000,-0.78783,1.22132,-0.04012
6331.25000,-0.78692,1.22127,-0.07571
6331.30000,-0.78599,1.22119,-0.11102
6331.35000,-0.78505,1.22106,-0.14606
6331.40000,-0.78410,1.22091,-0.18082
6331.45000,-0.78314,1.22071,-0.21529
6331.50000,-0.78217,1.22048,-0.24947
6331.55000,-0.78119,1.22022,-0.28335
6331.60000,-0.78019,1.21991,-0.31691
6331.65000,-0.77919,1.21956,-0.35017
6331.70000,-0.77819,1.21917,-0.38311
6331.75000,-0.77717,1.21875,-0.41572
6331.80000,-0.77615,1.21828,-0.44801
6331.85000,-0.77513,1.21776,-0.47996
6331.90000,-0.77410,1.21721,-0.51158
6331.95000,-0.77307,1.21661,-0.54286
6332.00000,-0.76984,1.21442,-0.57279
6332.05000,-0.76296,1.20984,-0.60243
6332.10000,-0.75551,1.20453,-0.63580
6332.15000,-0.74822,1.19896,-0.66873
6332.20000,-0.74110,1.19314,-0.70095
6332.25000,-0.73415,1.18709,-0.73240
6332.30000,-0.72738,1.18081,-0.76300
6332.35000,-0.72079,1.17432,-0.79269
6332.40000,-0.71437,1.16761,-0.82148
6332.45000,-0.70813,1.16072,-0.84941
6332.50000,-0.70207,1.15363,-0.87650
6332.55000,-0.69619,1.14638,-0.90280
6332.60000,-0.69048,1.13895,-0.92828
6332.65000,-0.68495,1.13137,-0.95293
6332.70000,-0.67960,1.12364,-0.97677
6332.75000,-0.67441,1.11577,-0.99979
6332.80000,-0.66939,1.10777,-1.02190
6332.85000,-0.66454,1.09964,-1.04321
6332.90000,-0.65984,1.09139,-1.06349
6332.95000,-0.65529,1.08303,-1.08314
6333.00000,-0.65090,1.07456,-1.10157
6333.05000,-0.64664,1.06598,-1.11898
6333.10000,-0.64251,1.05731,-1.13494
6333.15000,-0.63854,1.04876,-1.15042
6333.20000,-0.63779,1.04500,-1.16339
6333.25000,-0.63774,1.04491,-1.17245
6333.30000,-0.63769,1.04481,-1.18029
6333.35000,-0.63768,1.04478,-1.18750
6333.40000,-0.63761,1.04464,-1.19386
6333.45000,-0.63762,1.04465,-1.20019
6333.50000,-0.63762,1.04467,-1.20653
6333.55000,-0.63762,1.04468,-1.21286
6333.60000,-0.63763,1.04469,-1.21920
6333.65000,-0.63763,1.04470,-1.22554
6333.70000,-0.63760,1.04463,-1.23068
6333.75000,-0.63757,1.04458,-1.23565
6333.80000,-0.63754,1.04451,-1.24074
6333.85000,-0.63749,1.04436,-1.24566
6333.90000,-0.63744,1.04419,-1.25065
6333.95000,-0.63740,1.04408,-1.25520
6334.00000,-0.63737,1.04403,-1.25930
6334.05000,-0.63735,1.04397,-1.26293
6334.10000,-0.63731,1.04387,-1.26603
6334.15000,-0.63728,1.04378,-1.26886
6334.20000,-0.63725,1.04366,-1.27127
6334.25000,-0.63722,1.04356,-1.27311
6334.30000,-0.63719,1.04346,-1.27443
6334.35000,-0.63716,1.04337,-1.27531
6334.40000,-0.63713,1.04327,-1.27586
6334.45000,-0.63710,1.04317,-1.27613
6334.50000,-0.63708,1.04308,-1.27630
6334.55000,-0.63705,1.04299,-1.27625
6334.60000,-0.63702,1.04289,-1.27606
6334.65000,-0.63699,1.04280,-1.27580
6334.70000,-0.63697,1.04271,-1.27502
6334.75000,-0.63694,1.04262,-1.27397
6334.80000,-0.63691,1.04252,-1.27257
6334.85000,-0.63688,1.04242,-1.27077
6334.90000,-0.63685,1.04232,-1.26876
6334.95000,-0.63682,1.04222,-1.26617
6335.00000,-0.63680,1.04213,-1.26302
6335.05000,-0.63677,1.04203,-1.25914
6335.10000,-0.63677,1.04201,-1.25465
6335.15000,-0.63676,1.04198,-1.24933
6335.20000,-0.63674,1.04191,-1.24297
6335.25000,-0.63672,1.04186,-1.23594
6335.30000,-0.63668,1.04171,-1.22814
6335.35000,-0.63666,1.04159,-1.21917
6335.40000,-0.63661,1.04140,-1.20948
6335.45000,-0.63657,1.04125,-1.19961
6335.50000,-0.63655,1.04115,-1.18886
6335.55000,-0.63647,1.04095,-1.17765
6335.60000,-0.63641,1.04084,-1.16654
6335.65000,-0.63635,1.04068,-1.15454
6335.70000,-0.63628,1.04047,-1.14180
6335.75000,-0.63621,1.04030,-1.12820
6335.80000,-0.63618,1.04023,-1.11233
6335.85000,-0.63613,1.04007,-1.09336
6335.90000,-0.63595,1.03967,-1.06949
6335.95000,-0.63594,1.03951,-1.04208
6336.00000,-0.63588,1.03943,-1.01141
6336.05000,-0.63586,1.03939,-0.97774
6336.10000,-0.63584,1.03937,-0.94186
6336.15000,-0.63583,1.03934,-0.90523
6336.20000,-0.63581,1.03932,-0.86822
6336.25000,-0.63579,1.03930,-0.83072
6336.30000,-0.63577,1.03928,-0.79297
6336.35000,-0.63575,1.03926,-0.75512
6336.40000,-0.63572,1.03924,-0.71579
6336.45000,-0.63570,1.03922,-0.67354
6336.50000,-0.63567,1.03920,-0.62819
6336.55000,-0.63564,1.03917,-0.58018
6336.60000,-0.63560,1.03915,-0.53024
6336.65000,-0.63556,1.03913,-0.47891
6336.70000,-0.63551,1.03910,-0.42677
6336.75000,-0.63546,1.03908,-0.37437
6336.80000,-0.63541,1.03906,-0.32209
6336.85000,-0.63536,1.03905,-0.27004
6336.90000,-0.63530,1.03903,-0.21821
6336.95000,-0.63525,1.03902,-0.16668
6337.00000,-0.63519,1.03902,-0.11547
6337.05000,-0.63513,1.03901,-0.06448
6337.10000,-0.63507,1.03901,-0.01343
6337.15000,-0.63501,1.03901,0.03784
6337.20000,-0.63494,1.03901,0.08908
6337.25000,-0.63487,1.03902,0.14031
6337.30000,-0.63479,1.03903,0.19158
6337.35000,-0.63471,1.03905,0.24283
6337.40000,-0.63463,1.03908,0.29398
6337.45000,-0.63454,1.03910,0.34494
6337.50000,-0.63445,1.03914,0.39557
6337.55000,-0.63436,1.03918,0.44575
6337.60000,-0.63428,1.03922,0.49538
6337.65000,-0.63419,1.03927,0.54444
6337.70000,-0.63411,1.03932,0.59293
6337.75000,-0.63403,1.03938,0.64084
6337.80000,-0.63396,1.03944,0.68816
6337.85000,-0.63388,1.03950,0.73490
6337.90000,-0.63381,1.03957,0.78112
6337.95000,-0.63374,1.03964,0.82689
6338.00000,-0.63367,1.03972,0.87222
6338.05000,-0.63360,1.03981,0.91710
6338.10000,-0.63353,1.03991,0.96150
6338.15000,-0.63346,1.04001,1.00540
6338.20000,-0.63340,1.04011,1.04873
6338.25000,-0.63334,1.04022,1.09146
6338.30000,-0.63328,1.04034,1.13352
6338.35000,-0.63323,1.04045,1.17492
6338.40000,-0.63318,1.04057,1.21565
6338.45000,-0.63314,1.04069,1.25571
6338.50000,-0.63311,1.04081,1.29509
6338.55000,-0.63307,1.04093,1.33379
6338.60000,-0.63305,1.04106,1.37181
6338.65000,-0.63302,1.04118,1.40918
6338.70000,-0.63251,1.04321,1.44563
6338.75000,-0.63162,1.05075,1.47859
6338.80000,-0.63092,1.06011,1.51435
6338.85000,-0.63055,1.06951,1.55169
6338.90000,-0.63054,1.07887,1.58853
6338.95000,-0.63091,1.08837,1.62537
6339.00000,-0.63161,1.09836,1.65906
6339.05000,-0.63264,1.10808,1.69222
6339.10000,-0.63397,1.11771,1.72590
6339.15000,-0.63554,1.12674,1.75999
6339.20000,-0.63754,1.13625,1.79199
6339.25000,-0.63988,1.14589,1.82301
6339.30000,-0.64239,1.15532,1.85479
6339.35000,-0.64511,1.16413,1.88623
6339.40000,-0.64811,1.17284,1.91751
6339.45000,-0.65138,1.18146,1.94897
6339.50000,-0.65491,1.18995,1.98111
6339.55000,-0.65869,1.19826,2.01523
6339.60000,-0.66216,1.20590,2.04930
6339.65000,-0.66351,1.20874,2.09522
6339.70000,-0.66436,1.21015,2.15505
6339.75000,-0.66500,1.21105,2.22582
6339.80000,-0.66549,1.21164,2.30449
6339.85000,-0.66587,1.21203,2.38877
6339.90000,-0.66613,1.21226,2.47692
6339.95000,-0.66616,1.21228,2.56588
6340.00000,-0.66619,1.21230,2.65307
6340.05000,-0.66621,1.21231,2.73678
6340.10000,-0.66623,1.21231,2.81318
6340.15000,-0.66626,1.21230,2.87710
6340.20000,-0.66633,1.21227,2.92098
6340.25000,-0.66639,1.21225,2.94738
6340.30000,-0.66641,1.21225,2.96724
6340.35000,-0.66644,1.21226,2.98554
6340.40000,-0.66646,1.21226,3.00289
6340.45000,-0.66649,1.21226,3.01925
6340.50000,-0.66652,1.21227,3.03470
6340.55000,-0.66654,1.21227,3.04931
6340.60000,-0.66657,1.21227,3.06280
6340.65000,-0.66661,1.21227,3.07468
6340.70000,-0.66665,1.21228,3.08510
6340.75000,-0.66670,1.21228,3.09422
6340.80000,-0.66675,1.21228,3.10222
6340.85000,-0.66681,1.21228,3.10915
6340.90000,-0.66688,1.21228,3.11516
6340.95000,-0.66695,1.21229,3.12039
6341.00000,-0.66702,1.21229,3.12480
6341.05000,-0.66710,1.21229,3.12845
6341.10000,-0.66719,1.21229,3.13138
6341.15000,-0.66727,1.21229,3.13374
6341.20000,-0.66739,1.21229,3.13550
6341.25000,-0.66748,1.21229,3.13663
6341.30000,-0.66758,1.21229,3.13705
6341.35000,-0.66767,1.21229,3.13682
6341.40000,-0.66776,1.21229,3.13604
6341.45000,-0.66786,1.21229,3.13470
6341.50000,-0.66796,1.21229,3.13281
6341.55000,-0.66806,1.21229,3.13039
6341.60000,-0.66816,1.21229,3.12746
6341.65000,-0.66825,1.21229,3.12400
6341.70000,-0.66835,1.21230,3.12005
6341.75000,-0.66845,1.21230,3.11561
6341.80000,-0.66855,1.21230,3.11070
6341.85000,-0.66865,1.21230,3.10532
6341.90000,-0.66875,1.21231,3.09949
6341.95000,-0.66885,1.21231,3.09323
6342.00000,-0.66895,1.21232,3.08653
6342.05000,-0.66906,1.21232,3.07941
6342.10000,-0.66916,1.21233,3.07189
6342.15000,-0.66926,1.21234,3.06400
6342.20000,-0.66937,1.21235,3.05576
6342.25000,-0.66947,1.21236,3.04720
6342.30000,-0.66958,1.21237,3.03833
6342.35000,-0.66968,1.21238,3.02916
6342.40000,-0.66979,1.21239,3.01971
6342.45000,-0.66989,1.21240,3.00997
6342.50000,-0.67000,1.21242,2.99995
6342.55000,-0.67010,1.21243,2.98964
6342.60000,-0.67018,1.21245,2.97898
6342.65000,-0.67009,1.21244,2.96742
6342.70000,-0.66997,1.21242,2.95549
6342.75000,-0.66977,1.21239,2.94313
6342.80000,-0.66957,1.21235,2.93054
6342.85000,-0.66936,1.21231,2.91771
6342.90000,-0.66914,1.21226,2.90476
6342.95000,-0.66892,1.21221,2.89166
6343.00000,-0.66870,1.21216,2.87842
6343.05000,-0.66848,1.21210,2.86490
6343.10000,-0.66826,1.21203,2.85131
6343.15000,-0.66803,1.21196,2.83764
6343.20000,-0.66780,1.21189,2.82388
6343.25000,-0.66758,1.21181,2.81001
6343.30000,-0.66735,1.21172,2.79602
6343.35000,-0.66711,1.21164,2.78192
6343.40000,-0.66688,1.21154,2.76772
6343.45000,-0.66665,1.21145,2.75341
6343.50000,-0.66642,1.21135,2.73903
6343.55000,-0.66618,1.21125,2.72459
6343.60000,-0.66595,1.21114,2.71010
6343.65000,-0.66572,1.21103,2.69559
6343.70000,-0.66549,1.21091,2.68113
6343.75000,-0.66527,1.21080,2.66677
6343.80000,-0.66505,1.21068,2.65258
6343.85000,-0.66483,1.21056,2.63858
6343.90000,-0.66462,1.21044,2.62479
6343.95000,-0.66441,1.21032,2.61121
6344.00000,-0.66421,1.21020,2.59784
6344.05000,-0.66402,1.21008,2.58470
6344.10000,-0.66383,1.20995,2.57179
6344.15000,-0.66365,1.20983,2.55905
6344.20000,-0.66347,1.20971,2.54636
6344.25000,-0.66329,1.20958,2.53369
6344.30000,-0.66311,1.20946,2.52105
6344.35000,-0.66294,1.20933,2.50845
6344.40000,-0.66277,1.20920,2.49589
6344.45000,-0.66260,1.20907,2.48335
6344.50000,-0.66244,1.20893,2.47087
6344.55000,-0.66228,1.20880,2.45851
6344.60000,-0.66212,1.20867,2.44634
6344.65000,-0.66197,1.20854,2.43444
6344.70000,-0.66183,1.20842,2.42292
6344.75000,-0.66179,1.20838,2.41151
6344.80000,-0.66380,1.21034,2.39947
6344.85000,-0.67052,1.21660,2.38957
6344.90000,-0.67768,1.22335,2.38049
6344.95000,-0.68479,1.23017,2.37342
6345.00000,-0.69189,1.23707,2.36874
6345.05000,-0.69904,1.24406,2.36629
6345.10000,-0.70618,1.25106,2.36684
6345.15000,-0.71338,1.25807,2.37106
6345.20000,-0.72063,1.26506,2.37966
6345.25000,-0.72776,1.27183,2.38913
6345.30000,-0.72991,1.27375,2.40221
6345.35000,-0.73035,1.27415,2.42523
6345.40000,-0.73056,1.27430,2.45000
6345.45000,-0.73066,1.27439,2.47423
6345.50000,-0.73102,1.27467,2.49897
6345.55000,-0.73124,1.27483,2.52452
6345.60000,-0.73182,1.27523,2.55100
6345.65000,-0.73243,1.27562,2.57757
6345.70000,-0.73306,1.27601,2.60461
6345.75000,-0.73339,1.27622,2.63110
6345.80000,-0.73381,1.27645,2.65852
6345.85000,-0.73409,1.27659,2.68564
6345.90000,-0.73444,1.27677,2.71311
6345.95000,-0.73466,1.27686,2.73995
6346.00000,-0.73532,1.27714,2.76828
6346.05000,-0.73586,1.27735,2.79593
6346.10000,-0.73593,1.27737,2.82137
6346.15000,-0.73600,1.27740,2.84653
6346.20000,-0.73607,1.27742,2.87145
6346.25000,-0.73614,1.27744,2.89615
6346.30000,-0.73622,1.27745,2.92052
6346.35000,-0.73629,1.27747,2.94461
6346.40000,-0.73636,1.27748,2.96853
6346.45000,-0.73644,1.27749,2.99246
6346.50000,-0.73652,1.27751,3.01647
6346.55000,-0.73660,1.27752,3.04060
6346.60000,-0.73669,1.27752,3.06494
6346.65000,-0.73678,1.27753,3.08920
6346.70000,-0.73687,1.27753,3.11325
6346.75000,-0.73696,1.27753,3.13700
6346.80000,-0.73705,1.27753,-3.12270
6346.85000,-0.73713,1.27753,-3.09950
6346.90000,-0.73722,1.27753,-3.07659
6346.95000,-0.73731,1.27752,-3.05398
6347.00000,-0.73740,1.27751,-3.03164
6347.05000,-0.73749,1.27750,-3.00969
6347.10000,-0.73758,1.27749,-2.98825
6347.15000,-0.73973,1.27683,-2.96694
6347.20000,-0.74836,1.27516,-2.94814
6347.25000,-0.75826,1.27313,-2.92816
6347.30000,-0.76802,1.27093,-2.91040
6347.35000,-0.77772,1.26856,-2.89493
6347.40000,-0.78745,1.26605,-2.88141
6347.45000,-0.79713,1.26342,-2.87077
6347.50000,-0.80680,1.26071,-2.86289
6347.55000,-0.81646,1.25792,-2.85839
6347.60000,-0.82601,1.25512,-2.85395
6347.65000,-0.83112,1.25452,-2.84818
6347.70000,-0.83232,1.25443,-2.84707
6347.75000,-0.83351,1.25434,-2.84643
6347.80000,-0.83464,1.25425,-2.84810
6347.85000,-0.83499,1.25420,-2.85607
6347.90000,-0.83505,1.25420,-2.86603
6347.95000,-0.83500,1.25421,-2.87732
6348.00000,-0.83484,1.25425,-2.88948
6348.05000,-0.83482,1.25424,-2.90122
6348.10000,-0.83473,1.25425,-2.91344
6348.15000,-0.83447,1.25431,-2.92682
6348.20000,-0.83419,1.25437,-2.94050
6348.25000,-0.83392,1.25442,-2.95429
6348.30000,-0.83364,1.25447,-2.96808
6348.35000,-0.83336,1.25451,-2.98184
6348.40000,-0.83308,1.25456,-2.99556
6348.45000,-0.83280,1.25459,-3.00915
6348.50000,-0.83252,1.25463,-3.02260
6348.55000,-0.83223,1.25466,-3.03621
6348.60000,-0.83193,1.25468,-3.05043
6348.65000,-0.83214,1.25467,-3.06512
6348.70000,-0.83232,1.25465,-3.08048
6348.75000,-0.83228,1.25466,-3.09656
6348.80000,-0.83219,1.25466,-3.11414
6348.85000,-0.83227,1.25465,-3.13216
6348.90000,-0.83194,1.25465,3.13123
6348.95000,-0.83187,1.25465,3.11063
6349.00000,-0.83184,1.25466,3.08995
6349.05000,-0.83195,1.25466,3.06890
6349.10000,-0.83154,1.25462,3.04621
6349.15000,-0.83099,1.25456,3.02228
6349.20000,-0.83045,1.25449,2.99815
6349.25000,-0.82990,1.25440,2.97398
6349.30000,-0.82936,1.25430,2.94990
6349.35000,-0.82883,1.25419,2.92604
6349.40000,-0.82830,1.25407,2.90242
6349.45000,-0.82779,1.25394,2.87902
6349.50000,-0.82728,1.25380,2.85578
6349.55000,-0.82678,1.25365,2.83273
6349.60000,-0.82628,1.25348,2.80979
6349.65000,-0.82579,1.25331,2.78685
6349.70000,-0.82530,1.25312,2.76340
6349.75000,-0.82532,1.25320,2.73986
6349.80000,-0.82548,1.25326,2.71520
6349.85000,-0.82549,1.25328,2.68997
6349.90000,-0.82555,1.25331,2.66315
6349.95000,-0.82566,1.25335,2.63508
6350.00000,-0.82559,1.25334,2.60610
6350.05000,-0.82545,1.25330,2.57574
6350.10000,-0.82516,1.25318,2.54406
6350.15000,-0.82501,1.25310,2.51315
6350.20000,-0.82477,1.25295,2.48202
6350.25000,-0.82450,1.25277,2.45065
6350.30000,-0.82431,1.25262,2.41899
6350.35000,-0.82380,1.25219,2.38519
6350.40000,-0.82329,1.25172,2.35090
6350.45000,-0.82278,1.25122,2.31575
6350.50000,-0.82227,1.25066,2.27942
6350.55000,-0.82176,1.25008,2.24184
6350.60000,-0.82160,1.24987,2.20512
6350.65000,-0.82163,1.24992,2.16853
6350.70000,-0.82167,1.24997,2.13073
6350.75000,-0.82170,1.25002,2.09175
6350.80000,-0.82173,1.25008,2.05215
6350.85000,-0.82175,1.25013,2.01281
6350.90000,-0.82178,1.25018,1.97384
6350.95000,-0.82180,1.25024,1.93530
6351.00000,-0.82182,1.25030,1.89723
6351.05000,-0.82184,1.25036,1.85968
6351.10000,-0.82186,1.25043,1.82270
6351.15000,-0.82188,1.25050,1.78563
6351.20000,-0.82189,1.25057,1.74740
6351.25000,-0.82190,1.25064,1.70738
6351.30000,-0.82191,1.25071,1.66523
6351.35000,-0.82192,1.25079,1.62078
6351.40000,-0.82192,1.25087,1.57397
6351.45000,-0.82192,1.25096,1.52496
6351.50000,-0.82191,1.25105,1.47505
6351.55000,-0.82190,1.25115,1.42513
6351.60000,-0.82188,1.25124,1.37582
6351.65000,-0.82186,1.25133,1.32710
6351.70000,-0.82184,1.25143,1.27894
6351.75000,-0.82181,1.25152,1.23137
6351.80000,-0.82177,1.25161,1.18415
6351.85000,-0.82173,1.25169,1.13648
6351.90000,-0.82169,1.25179,1.08740
6351.95000,-0.82164,1.25188,1.03667
6352.00000,-0.82157,1.25198,0.98430
6352.05000,-0.82150,1.25209,0.93054
6352.10000,-0.82140,1.25221,0.87574
6352.15000,-0.82130,1.25233,0.82022
6352.20000,-0.82117,1.25246,0.76422
6352.25000,-0.82102,1.25260,0.70795
6352.30000,-0.82085,1.25274,0.65155
6352.35000,-0.82065,1.25288,0.59514
6352.40000,-0.82042,1.25302,0.53881
6352.45000,-0.82016,1.25317,0.48266
6352.50000,-0.81987,1.25331,0.42676
6352.55000,-0.81955,1.25344,0.37117
6352.60000,-0.81919,1.25357,0.31594
6352.65000,-0.81880,1.25369,0.26113
6352.70000,-0.81836,1.25379,0.20678
6352.75000,-0.81789,1.25388,0.15294
6352.80000,-0.81738,1.25394,0.09973
6352.85000,-0.81687,1.25398,0.04727
6352.90000,-0.81634,1.25399,-0.00436
6352.95000,-0.81582,1.25398,-0.05515
6353.00000,-0.81530,1.25393,-0.10510
6353.05000,-0.81478,1.25387,-0.15420
6353.10000,-0.81426,1.25377,-0.20245
6353.15000,-0.81375,1.25365,-0.24984
6353.20000,-0.81324,1.25351,-0.29637
6353.25000,-0.81274,1.25335,-0.34204
6353.30000,-0.81060,1.25237,-0.38697
6353.35000,-0.80411,1.24953,-0.42818
6353.40000,-0.79574,1.24550,-0.46951
6353.45000,-0.78777,1.24123,-0.51595
6353.50000,-0.78010,1.23663,-0.56215
6353.55000,-0.77267,1.23171,-0.60763
6353.60000,-0.76549,1.22648,-0.65230
6353.65000,-0.75853,1.22092,-0.69595
6353.70000,-0.75180,1.21504,-0.73856
6353.75000,-0.74530,1.20888,-0.78011
6353.80000,-0.73904,1.20243,-0.82066
6353.85000,-0.73303,1.19572,-0.86016
6353.90000,-0.72727,1.18876,-0.89864
6353.95000,-0.72176,1.18156,-0.93603
6354.00000,-0.71650,1.17414,-0.97214
6354.05000,-0.71148,1.16651,-1.00671
6354.10000,-0.70671,1.15868,-1.03969
6354.15000,-0.70216,1.15066,-1.07089
6354.20000,-0.69774,1.14256,-1.10206
6354.25000,-0.69684,1.13917,-1.12927
6354.30000,-0.69689,1.13931,-1.15458
6354.35000,-0.69700,1.13960,-1.17989
6354.40000,-0.69714,1.13997,-1.20523
6354.45000,-0.69727,1.14032,-1.23030
6354.50000,-0.69732,1.14054,-1.25476
6354.55000,-0.69737,1.14070,-1.27849
6354.60000,-0.69745,1.14097,-1.30276
6354.65000,-0.69750,1.14116,-1.32684
6354.70000,-0.69751,1.14125,-1.35038
6354.75000,-0.69752,1.14137,-1.37309
6354.80000,-0.69753,1.14150,-1.39516
6354.85000,-0.69754,1.14163,-1.41644
6354.90000,-0.69754,1.14169,-1.43679
6354.95000,-0.69752,1.14165,-1.45646
6355.00000,-0.69752,1.14172,-1.47524
6355.05000,-0.69752,1.14177,-1.49321
6355.10000,-0.69751,1.14179,-1.51041
6355.15000,-0.69750,1.14174,-1.52688
6355.20000,-0.69749,1.14160,-1.54282
6355.25000,-0.69748,1.14135,-1.55922
6355.30000,-0.69748,1.14108,-1.57566
6355.35000,-0.69748,1.14070,-1.59141
6355.40000,-0.69749,1.14044,-1.60549
6355.45000,-0.69751,1.13999,-1.61999
6355.50000,-0.69754,1.13956,-1.63417
6355.55000,-0.69756,1.13931,-1.64666
6355.60000,-0.69759,1.13888,-1.65934
6355.65000,-0.69764,1.13847,-1.67135
6355.70000,-0.69768,1.13805,-1.68310
6355.75000,-0.69773,1.13768,-1.69374
6355.80000,-0.69779,1.13727,-1.70382
6355.85000,-0.69785,1.13679,-1.71397
6355.90000,-0.69792,1.13631,-1.72312
6355.95000,-0.69800,1.13577,-1.73196
6356.00000,-0.69809,1.13529,-1.73959
6356.05000,-0.69817,1.13481,-1.74651
6356.10000,-0.69826,1.13432,-1.75280
6356.15000,-0.69835,1.13387,-1.75806
6356.20000,-0.69846,1.13331,-1.76310
6356.25000,-0.69856,1.13280,-1.76734
6356.30000,-0.69866,1.13229,-1.77122
6356.35000,-0.69876,1.13181,-1.77457
6356.40000,-0.69887,1.13133,-1.77756
6356.45000,-0.69898,1.13081,-1.78029
6356.50000,-0.69909,1.13031,-1.78253
6356.55000,-0.69920,1.12979,-1.78460
6356.60000,-0.69932,1.12926,-1.78650
6356.65000,-0.69944,1.12869,-1.78818
6356.70000,-0.69957,1.12811,-1.78936
6356.75000,-0.69971,1.12751,-1.79042
6356.80000,-0.69985,1.12689,-1.79127
6356.85000,-0.69999,1.12624,-1.79191
6356.90000,-0.70014,1.12556,-1.79235
6356.95000,-0.70031,1.12483,-1.79257
6357.00000,-0.70048,1.12407,-1.79264
6357.05000,-0.70066,1.12327,-1.79251
6357.10000,-0.70085,1.12241,-1.79218
6357.15000,-0.70106,1.12150,-1.79170
6357.20000,-0.70128,1.12053,-1.79099
6357.25000,-0.70152,1.11948,-1.79010
6357.30000,-0.70177,1.11836,-1.78900
6357.35000,-0.70203,1.11715,-1.78773
6357.40000,-0.70231,1.11588,-1.78620
6357.45000,-0.70260,1.11454,-1.78437
6357.50000,-0.70292,1.11310,-1.78237
6357.55000,-0.70325,1.11157,-1.78013
6357.60000,-0.70359,1.10996,-1.77769
6357.65000,-0.70395,1.10825,-1.77484
6357.70000,-0.70430,1.10651,-1.77172
6357.75000,-0.70467,1.10469,-1.76833
6357.80000,-0.70505,1.10278,-1.76467
6357.85000,-0.70544,1.10078,-1.76074
6357.90000,-0.70584,1.09870,-1.75655
6357.95000,-0.70624,1.09652,-1.75208
6358.00000,-0.70665,1.09425,-1.74734
6358.05000,-0.70707,1.09189,-1.74232
6358.10000,-0.70748,1.08943,-1.73703
6358.15000,-0.70790,1.08689,-1.73146
6358.20000,-0.70832,1.08426,-1.72561
6358.25000,-0.70874,1.08155,-1.71948
6358.30000,-0.70915,1.07876,-1.71308
6358.35000,-0.70955,1.07590,-1.70639
6358.40000,-0.70993,1.07298,-1.69943
6358.45000,-0.71031,1.07001,-1.69220
6358.50000,-0.71067,1.06699,-1.68469
6358.55000,-0.71100,1.06394,-1.67692
6358.60000,-0.71132,1.06086,-1.66889
6358.65000,-0.71161,1.05776,-1.66061
6358.70000,-0.71188,1.05466,-1.65209
6358.75000,-0.71212,1.05156,-1.64332
6358.80000,-0.71233,1.04840,-1.63475
6358.85000,-0.71252,1.04529,-1.62626
6358.90000,-0.71268,1.04214,-1.61780
6358.95000,-0.71281,1.03908,-1.60950
6359.00000,-0.71291,1.03603,-1.60080
6359.05000,-0.71299,1.03298,-1.59149
6359.10000,-0.71304,1.03006,-1.58238
6359.15000,-0.71306,1.02704,-1.57266
6359.20000,-0.71305,1.02421,-1.56330
6359.25000,-0.71302,1.02142,-1.55334
6359.30000,-0.71296,1.01881,-1.54317
6359.35000,-0.71288,1.01635,-1.53371
6359.40000,-0.71278,1.01386,-1.52333
6359.45000,-0.71265,1.01135,-1.51239
6359.50000,-0.71250,1.00905,-1.50157
6359.55000,-0.71233,1.00674,-1.49016
6359.60000,-0.71216,1.00462,-1.47858
6359.65000,-0.71197,1.00263,-1.46714
6359.70000,-0.71177,1.00073,-1.45517
6359.75000,-0.71156,0.99893,-1.44300
6359.80000,-0.71134,0.99728,-1.43108
6359.85000,-0.71110,0.99557,-1.41926
6359.90000,-0.71086,0.99407,-1.40763
6359.95000,-0.71062,0.99268,-1.39572
6360.00000,-0.71037,0.99124,-1.38386
6360.05000,-0.71010,0.98971,-1.37127
6360.10000,-0.70983,0.98837,-1.35883
6360.15000,-0.70954,0.98699,-1.34571
6360.20000,-0.70930,0.98585,-1.33261
6360.25000,-0.70905,0.98481,-1.32010
6360.30000,-0.70881,0.98387,-1.30713
6360.35000,-0.70852,0.98277,-1.29375
6360.40000,-0.70824,0.98167,-1.28014
6360.45000,-0.70799,0.98084,-1.26708
6360.50000,-0.70775,0.98009,-1.25384
6360.55000,-0.70749,0.97926,-1.23998
6360.60000,-0.70726,0.97856,-1.22613
6360.65000,-0.70706,0.97798,-1.21200
6360.70000,-0.70676,0.97712,-1.19725
6360.75000,-0.70650,0.97639,-1.18277
6360.80000,-0.70622,0.97566,-1.16800
6360.85000,-0.70597,0.97503,-1.15360
6360.90000,-0.70571,0.97440,-1.13893
6360.95000,-0.70540,0.97370,-1.12393
6361.00000,-0.70509,0.97303,-1.10864
6361.05000,-0.70495,0.97270,-1.09340
6361.10000,-0.70471,0.97224,-1.07767
6361.15000,-0.70441,0.97166,-1.06166
6361.20000,-0.70418,0.97122,-1.04616
6361.25000,-0.70394,0.97080,-1.03046
6361.30000,-0.70371,0.97040,-1.01452
6361.35000,-0.70358,0.97017,-0.99798
6361.40000,-0.70325,0.96965,-0.98099
6361.45000,-0.70302,0.96928,-0.96322
6361.50000,-0.70266,0.96878,-0.94527
6361.55000,-0.70239,0.96841,-0.92769
6361.60000,-0.70225,0.96823,-0.90976
6361.65000,-0.70198,0.96786,-0.89122
6361.70000,-0.70175,0.96756,-0.87164
6361.75000,-0.70143,0.96717,-0.85231
6361.80000,-0.70130,0.96701,-0.83301
6361.85000,-0.70152,0.96723,-0.81248
6361.90000,-0.70175,0.96747,-0.79151
6361.95000,-0.70199,0.96772,-0.77030
6362.00000,-0.70225,0.96796,-0.74882
6362.05000,-0.70237,0.96807,-0.72745
6362.10000,-0.70201,0.96775,-0.70515
6362.15000,-0.70174,0.96751,-0.68311
6362.20000,-0.70137,0.96719,-0.66112
6362.25000,-0.70121,0.96708,-0.63819
6362.30000,-0.70106,0.96696,-0.61678
6362.35000,-0.70070,0.96670,-0.59487
6362.40000,-0.70044,0.96653,-0.57299
6362.45000,-0.70056,0.96661,-0.55029
6362.50000,-0.70007,0.96630,-0.52722
6362.55000,-0.69942,0.96594,-0.50350
6362.60000,-0.69876,0.96559,-0.47961
6362.65000,-0.69817,0.96530,-0.45584
6362.70000,-0.69759,0.96504,-0.43194
6362.75000,-0.69706,0.96481,-0.40822
6362.80000,-0.69660,0.96463,-0.38418
6362.85000,-0.69603,0.96441,-0.36032
6362.90000,-0.69534,0.96416,-0.33495
6362.95000,-0.69457,0.96390,-0.30659
6363.00000,-0.69383,0.96369,-0.27537
6363.05000,-0.69323,0.96353,-0.24120
6363.10000,-0.69254,0.96337,-0.20326
6363.15000,-0.69243,0.96335,-0.16474
6363.20000,-0.69231,0.96333,-0.12374
6363.25000,-0.69219,0.96332,-0.08073
6363.30000,-0.69207,0.96331,-0.03612
6363.35000,-0.69194,0.96331,0.00978
6363.40000,-0.69180,0.96331,0.05671
6363.45000,-0.69166,0.96333,0.10432
6363.50000,-0.69152,0.96334,0.15221
6363.55000,-0.69137,0.96337,0.20020
6363.60000,-0.69123,0.96340,0.24822
6363.65000,-0.69108,0.96345,0.29635
6363.70000,-0.69093,0.96350,0.34458
6363.75000,-0.69078,0.96355,0.39263
6363.80000,-0.69063,0.96362,0.44056
6363.85000,-0.69048,0.96370,0.48837
6363.90000,-0.69033,0.96378,0.53604
6363.95000,-0.69018,0.96387,0.58348
6364.00000,-0.69003,0.96397,0.63058
6364.05000,-0.68989,0.96408,0.67720
6364.10000,-0.68975,0.96420,0.72322
6364.15000,-0.68962,0.96432,0.76861
6364.20000,-0.68950,0.96445,0.81337
6364.25000,-0.68938,0.96458,0.85763
6364.30000,-0.68926,0.96472,0.90145
6364.35000,-0.68915,0.96487,0.94486
6364.40000,-0.68904,0.96502,0.98783
6364.45000,-0.68894,0.96518,1.03033
6364.50000,-0.68885,0.96535,1.07233
6364.55000,-0.68876,0.96552,1.11382
6364.60000,-0.68868,0.96569,1.15475
6364.65000,-0.68860,0.96587,1.19508
6364.70000,-0.68853,0.96605,1.23475
6364.75000,-0.68847,0.96624,1.27373
6364.80000,-0.68842,0.96643,1.31201
6364.85000,-0.68837,0.96662,1.34959
6364.90000,-0.68772,0.96867,1.38600
6364.95000,-0.68645,0.97599,1.41998
6365.00000,-0.68522,0.98510,1.45688
6365.05000,-0.68432,0.99428,1.49510
6365.10000,-0.68377,1.00351,1.53246
6365.15000,-0.68358,1.01272,1.56927
6365.20000,-0.68374,1.02180,1.60595
6365.25000,-0.68422,1.03089,1.64186
6365.30000,-0.68503,1.03997,1.67696
6365.35000,-0.68615,1.04905,1.71129
6365.40000,-0.68759,1.05809,1.74482
6365.45000,-0.68932,1.06711,1.77755
6365.50000,-0.69136,1.07608,1.80947
6365.55000,-0.69367,1.08501,1.84060
6365.60000,-0.69627,1.09387,1.87093
6365.65000,-0.69914,1.10268,1.90046
6365.70000,-0.70227,1.11142,1.92920
6365.75000,-0.70566,1.12008,1.95715
6365.80000,-0.70929,1.12867,1.98431
6365.85000,-0.71315,1.13717,2.01067
6365.90000,-0.71725,1.14559,2.03619
6365.95000,-0.72156,1.15392,2.06086
6366.00000,-0.72608,1.16216,2.08468
6366.05000,-0.73081,1.17032,2.10764
6366.10000,-0.73573,1.17838,2.12969
6366.15000,-0.74074,1.18640,2.15173
6366.20000,-0.74202,1.18985,2.17335
6366.25000,-0.74236,1.19035,2.19271
6366.30000,-0.74267,1.19079,2.21125
6366.35000,-0.74292,1.19114,2.22907
6366.40000,-0.74317,1.19147,2.24619
6366.45000,-0.74346,1.19183,2.26238
6366.50000,-0.74376,1.19219,2.27822
6366.55000,-0.74399,1.19247,2.29320
6366.60000,-0.74425,1.19278,2.30785
6366.65000,-0.74435,1.19290,2.32154
6366.70000,-0.74464,1.19320,2.33535
6366.75000,-0.74480,1.19337,2.34872
6366.80000,-0.74501,1.19358,2.36120
6366.85000,-0.74514,1.19371,2.37255
6366.90000,-0.74536,1.19392,2.38404
6366.95000,-0.74558,1.19413,2.39545
6367.00000,-0.74590,1.19442,2.40641
6367.05000,-0.74621,1.19469,2.41688
6367.10000,-0.74643,1.19488,2.42650
6367.15000,-0.74664,1.19506,2.43567
6367.20000,-0.74691,1.19528,2.44452
6367.25000,-0.74710,1.19544,2.45252
6367.30000,-0.74727,1.19558,2.46015
6367.35000,-0.74739,1.19567,2.46725
6367.40000,-0.74738,1.19567,2.47377
6367.45000,-0.74739,1.19567,2.47976
6367.50000,-0.74741,1.19569,2.48523
6367.55000,-0.74743,1.19571,2.49020
6367.60000,-0.74747,1.19573,2.49468
6367.65000,-0.74751,1.19577,2.49866
6367.70000,-0.74757,1.19581,2.50216
6367.75000,-0.74763,1.19586,2.50519
6367.80000,-0.74771,1.19591,2.50775
6367.85000,-0.74779,1.19597,2.50985
6367.90000,-0.74788,1.19604,2.51151
6367.95000,-0.74798,1.19611,2.51274
6368.00000,-0.74809,1.19619,2.51355
6368.05000,-0.74821,1.19628,2.51395
6368.10000,-0.74833,1.19636,2.51399
6368.15000,-0.74846,1.19646,2.51370
6368.20000,-0.74860,1.19656,2.51312
6368.25000,-0.74874,1.19666,2.51226
6368.30000,-0.74889,1.19677,2.51113
6368.35000,-0.74904,1.19688,2.50974
6368.40000,-0.74920,1.19700,2.50807
6368.45000,-0.74937,1.19712,2.50615
6368.50000,-0.74953,1.19724,2.50397
6368.55000,-0.74971,1.19737,2.50155
6368.60000,-0.74989,1.19751,2.49886
6368.65000,-0.75007,1.19764,2.49591
6368.70000,-0.75026,1.19779,2.49267
6368.75000,-0.75045,1.19793,2.48913
6368.80000,-0.75065,1.19809,2.48530
6368.85000,-0.75086,1.19825,2.48115
6368.90000,-0.75107,1.19841,2.47668
6368.95000,-0.75129,1.19858,2.47192
6369.00000,-0.75151,1.19876,2.46688
6369.05000,-0.75173,1.19894,2.46157
6369.10000,-0.75196,1.19913,2.45600
6369.15000,-0.75220,1.19932,2.45021
6369.20000,-0.75243,1.19951,2.44419
6369.25000,-0.75267,1.19971,2.43797
6369.30000,-0.75291,1.19992,2.43157
6369.35000,-0.75315,1.20013,2.42503
6369.40000,-0.75339,1.20034,2.41836
6369.45000,-0.75364,1.20056,2.41156
6369.50000,-0.75388,1.20078,2.40465
6369.55000,-0.75412,1.20100,2.39764
6369.60000,-0.75437,1.20122,2.39054
6369.65000,-0.75461,1.20145,2.38335
6369.70000,-0.75485,1.20168,2.37608
6369.75000,-0.75509,1.20192,2.36873
6369.80000,-0.75533,1.20215,2.36130
6369.85000,-0.75557,1.20239,2.35378
6369.90000,-0.75582,1.20264,2.34617
6369.95000,-0.75606,1.20288,2.33848
6370.00000,-0.75629,1.20313,2.33071
6370.05000,-0.75653,1.20338,2.32285
6370.10000,-0.75677,1.20364,2.31491
6370.15000,-0.75701,1.20390,2.30689
6370.20000,-0.75724,1.20416,2.29880
6370.25000,-0.75748,1.20443,2.29064
6370.30000,-0.75771,1.20470,2.28242
6370.35000,-0.75795,1.20497,2.27414
6370.40000,-0.75818,1.20524,2.26582
6370.45000,-0.75841,1.20552,2.25747
6370.50000,-0.75863,1.20579,2.24907
6370.55000,-0.75862,1.20579,2.24080
6370.60000,-0.75863,1.20580,2.23262
6370.65000,-0.75862,1.20579,2.22422
6370.70000,-0.75859,1.20576,2.21593
6370.75000,-0.75854,1.20572,2.20754
6370.80000,-0.75849,1.20567,2.19914
6370.85000,-0.75844,1.20563,2.19075
6370.90000,-0.75841,1.20561,2.18232
6370.95000,-0.75840,1.20560,2.17384
6371.00000,-0.76035,1.20784,2.16640
6371.05000,-0.76552,1.21533,2.15887
6371.10000,-0.77091,1.22351,2.15055
6371.15000,-0.77624,1.23173,2.14243
6371.20000,-0.78150,1.24000,2.13454
6371.25000,-0.78670,1.24832,2.12695
6371.30000,-0.79184,1.25669,2.11974
6371.35000,-0.79694,1.26510,2.11303
6371.40000,-0.80197,1.27356,2.10690
6371.45000,-0.80700,1.28208,2.10167
6371.50000,-0.81202,1.29068,2.09743
6371.55000,-0.81701,1.29929,2.09458
6371.60000,-0.82199,1.30794,2.09333
6371.65000,-0.82698,1.31659,2.09466
6371.70000,-0.83201,1.32525,2.10003
6371.75000,-0.83704,1.33388,2.10557
6371.80000,-0.83850,1.33716,2.11733
6371.85000,-0.83864,1.33745,2.15004
6371.90000,-0.83868,1.33750,2.19115
6371.95000,-0.83869,1.33754,2.23575
6372.00000,-0.83874,1.33760,2.28273
6372.05000,-0.83881,1.33768,2.33162
6372.10000,-0.83889,1.33776,2.38195
6372.15000,-0.83899,1.33785,2.43329
6372.20000,-0.83911,1.33795,2.48524
6372.25000,-0.83924,1.33804,2.53735
6372.30000,-0.83939,1.33814,2.58951
6372.35000,-0.83955,1.33823,2.64154
6372.40000,-0.83972,1.33832,2.69325
6372.45000,-0.83989,1.33840,2.74461
6372.50000,-0.84007,1.33847,2.79560
6372.55000,-0.84025,1.33853,2.84627
6372.60000,-0.84044,1.33858,2.89668
6372.65000,-0.84065,1.33862,2.94711
6372.70000,-0.84088,1.33866,2.99760
6372.75000,-0.84113,1.33869,3.04801
6372.80000,-0.84141,1.33871,3.09835
6372.85000,-0.84172,1.33872,-3.13460
6372.90000,-0.84206,1.33871,-3.08454
6372.95000,-0.84243,1.33868,-3.03475
6373.00000,-0.84281,1.33863,-2.98538
6373.05000,-0.84320,1.33856,-2.93652
6373.10000,-0.84367,1.33843,-2.88793
6373.15000,-0.84417,1.33828,-2.83976
6373.20000,-0.84564,1.33777,-2.78798
6373.25000,-0.84665,1.33738,-2.73867
6373.30000,-0.84729,1.33709,-2.69174
6373.35000,-0.84764,1.33691,-2.64649
6373.40000,-0.84799,1.33671,-2.60185
6373.45000,-0.84834,1.33649,-2.55768
6373.50000,-0.84869,1.33624,-2.51394
6373.55000,-0.84906,1.33596,-2.47060
6373.60000,-0.84945,1.33564,-2.42766
6373.65000,-0.84985,1.33528,-2.38513
6373.70000,-0.85026,1.33487,-2.34303
6373.75000,-0.85070,1.33441,-2.30139
6373.80000,-0.85115,1.33388,-2.26023
6373.85000,-0.85160,1.33330,-2.21959
6373.90000,-0.85206,1.33268,-2.17954
6373.95000,-0.85249,1.33204,-2.14014
6374.00000,-0.85289,1.33137,-2.10140
6374.05000,-0.85328,1.33069,-2.06332
6374.10000,-0.85363,1.33000,-2.02591
6374.15000,-0.85396,1.32929,-1.98917
6374.20000,-0.85551,1.32645,-1.95412
6374.25000,-0.85850,1.31872,-1.92283
6374.30000,-0.86174,1.30941,-1.88855
6374.35000,-0.86470,1.29986,-1.85445
6374.40000,-0.86734,1.29021,-1.82106
6374.45000,-0.86966,1.28048,-1.78834
6374.50000,-0.87166,1.27069,-1.75624
6374.55000,-0.87335,1.26083,-1.72474
6374.60000,-0.87473,1.25093,-1.69384
6374.65000,-0.87580,1.24099,-1.66353
6374.70000,-0.87658,1.23102,-1.63383
6374.75000,-0.87707,1.22103,-1.60476
6374.80000,-0.87726,1.21103,-1.57636
6374.85000,-0.87718,1.20103,-1.54870
6374.90000,-0.87682,1.19104,-1.52181
6374.95000,-0.87620,1.18106,-1.49573
6375.00000,-0.87533,1.17110,-1.47042
6375.05000,-0.87419,1.16084,-1.44463
6375.10000,-0.87271,1.15030,-1.41837
6375.15000,-0.87096,1.13981,-1.39305
6375.20000,-0.86915,1.13029,-1.36882
6375.25000,-0.86700,1.12034,-1.34545
6375.30000,-0.86454,1.11009,-1.32285
6375.35000,-0.86185,1.09992,-1.30079
6375.40000,-0.85893,1.08979,-1.27927
6375.45000,-0.85587,1.07983,-1.25875
6375.50000,-0.85266,1.06982,-1.23830
6375.55000,-0.85196,1.06396,-1.21808
6375.60000,-0.85180,1.06322,-1.19969
6375.65000,-0.85163,1.06276,-1.18264
6375.70000,-0.85146,1.06232,-1.16636
6375.75000,-0.85129,1.06193,-1.15073
6375.80000,-0.85112,1.06153,-1.13578
6375.85000,-0.85095,1.06114,-1.12160
6375.90000,-0.85079,1.06080,-1.10802
6375.95000,-0.85062,1.06048,-1.09509
6376.00000,-0.85045,1.06015,-1.08221
6376.05000,-0.85027,1.05982,-1.06940
6376.10000,-0.85009,1.05948,-1.05669
6376.15000,-0.84990,1.05914,-1.04384
6376.20000,-0.84968,1.05877,-1.03098
6376.25000,-0.84946,1.05839,-1.01819
6376.30000,-0.84922,1.05801,-1.00551
6376.35000,-0.84897,1.05761,-0.99311
6376.40000,-0.84871,1.05721,-0.98098
6376.45000,-0.84845,1.05682,-0.96927
6376.50000,-0.84820,1.05645,-0.95816
6376.55000,-0.84795,1.05610,-0.94752
6376.60000,-0.84770,1.05574,-0.93741
6376.65000,-0.84745,1.05540,-0.92792
6376.70000,-0.84720,1.05507,-0.91892
6376.75000,-0.84697,1.05477,-0.91042
6376.80000,-0.84673,1.05445,-0.90242
6376.85000,-0.84649,1.05414,-0.89456
6376.90000,-0.84623,1.05383,-0.88701
6376.95000,-0.84597,1.05351,-0.87969
6377.00000,-0.84570,1.05318,-0.87260
6377.05000,-0.84542,1.05285,-0.86576
6377.10000,-0.84513,1.05251,-0.85919
6377.15000,-0.84483,1.05217,-0.85291
6377.20000,-0.84453,1.05182,-0.84697
6377.25000,-0.84423,1.05149,-0.84144
6377.30000,-0.84394,1.05116,-0.83633
6377.35000,-0.84365,1.05084,-0.83163
6377.40000,-0.84337,1.05053,-0.82735
6377.45000,-0.84309,1.05024,-0.82346
6377.50000,-0.84282,1.04994,-0.81995
6377.55000,-0.84255,1.04966,-0.81674
6377.60000,-0.84228,1.04937,-0.81374
6377.65000,-0.84200,1.04908,-0.81089
6377.70000,-0.84172,1.04878,-0.80819
6377.75000,-0.84142,1.04847,-0.80564
6377.80000,-0.84112,1.04815,-0.80323
6377.85000,-0.84080,1.04783,-0.80097
6377.90000,-0.84048,1.04749,-0.79887
6377.95000,-0.84015,1.04715,-0.79693
6378.00000,-0.83981,1.04681,-0.79515
6378.05000,-0.83946,1.04645,-0.79357
6378.10000,-0.83912,1.04610,-0.79224
6378.15000,-0.83878,1.04576,-0.79121
6378.20000,-0.83844,1.04542,-0.79046
6378.25000,-0.83811,1.04509,-0.78999
6378.30000,-0.83779,1.04477,-0.78979
6378.35000,-0.83747,1.04444,-0.78982
6378.40000,-0.83715,1.04412,-0.78999
6378.45000,-0.83683,1.04380,-0.79024
6378.50000,-0.83651,1.04347,-0.79050
6378.55000,-0.83617,1.04313,-0.79082
6378.60000,-0.83584,1.04279,-0.79124
6378.65000,-0.83549,1.04243,-0.79176
6378.70000,-0.83514,1.04208,-0.79225
6378.75000,-0.83478,1.04172,-0.79269
6378.80000,-0.83442,1.04135,-0.79320
6378.85000,-0.83406,1.04099,-0.79378
6378.90000,-0.83370,1.04062,-0.79450
6378.95000,-0.83334,1.04026,-0.79540
6379.00000,-0.83299,1.03990,-0.79649
6379.05000,-0.83265,1.03955,-0.79776
6379.10000,-0.83231,1.03920,-0.79915
6379.15000,-0.83197,1.03885,-0.80077
6379.20000,-0.83164,1.03850,-0.80246
6379.25000,-0.83133,1.03815,-0.80422
6379.30000,-0.83101,1.03779,-0.80591
6379.35000,-0.83068,1.03744,-0.80748
6379.40000,-0.83034,1.03709,-0.80890
6379.45000,-0.83000,1.03674,-0.81017
6379.50000,-0.82880,1.03551,-0.81149
6379.55000,-0.82532,1.03201,-0.81273
6379.60000,-0.81972,1.02638,-0.81388
6379.65000,-0.81287,1.01916,-0.81470
6379.70000,-0.80601,1.01188,-0.81508
6379.75000,-0.79914,1.00459,-0.81544
6379.80000,-0.79228,0.99731,-0.81518
6379.85000,-0.78542,0.99003,-0.81443
6379.90000,-0.77855,0.98277,-0.81320
6379.95000,-0.77169,0.97552,-0.81127
6380.00000,-0.76481,0.96830,-0.80858
6380.05000,-0.75792,0.96112,-0.80478
6380.10000,-0.75101,0.95397,-0.79920
6380.15000,-0.74403,0.94683,-0.79058
6380.20000,-0.73698,0.93979,-0.77778
6380.25000,-0.73010,0.93301,-0.76433
6380.30000,-0.72756,0.93063,-0.74754
6380.35000,-0.72746,0.93053,-0.71563
6380.40000,-0.72741,0.93049,-0.67928
6380.45000,-0.72736,0.93046,-0.64243
6380.50000,-0.72731,0.93042,-0.60561
6380.55000,-0.72726,0.93039,-0.56903
6380.60000,-0.72721,0.93035,-0.53268
6380.65000,-0.72716,0.93032,-0.49655
6380.70000,-0.72710,0.93029,-0.46060
6380.75000,-0.72704,0.93027,-0.42477
6380.80000,-0.72699,0.93024,-0.38874
6380.85000,-0.72693,0.93022,-0.35200
6380.90000,-0.72687,0.93020,-0.31406
6380.95000,-0.72680,0.93018,-0.27449
6381.00000,-0.72673,0.93016,-0.23349
6381.05000,-0.72665,0.93014,-0.19144
6381.10000,-0.72658,0.93013,-0.14864
6381.15000,-0.72649,0.93012,-0.10540
6381.20000,-0.72641,0.93011,-0.06177
6381.25000,-0.72632,0.93011,-0.01786
6381.30000,-0.72623,0.93011,0.02607
6381.35000,-0.72614,0.93011,0.06994
6381.40000,-0.72604,0.93012,0.11357
6381.45000,-0.72595,0.93014,0.15674
6381.50000,-0.72586,0.93015,0.19943
6381.55000,-0.72577,0.93017,0.24164
6381.60000,-0.72568,0.93020,0.28343
6381.65000,-0.72559,0.93023,0.32485
6381.70000,-0.72549,0.93026,0.36609
6381.75000,-0.72540,0.93030,0.40737
6381.80000,-0.72531,0.93034,0.44893
6381.85000,-0.72521,0.93039,0.49081
6381.90000,-0.72512,0.93044,0.53288
6381.95000,-0.72502,0.93050,0.57500
6382.00000,-0.72492,0.93057,0.61706
6382.05000,-0.72482,0.93065,0.65898
6382.10000,-0.72472,0.93073,0.70063
6382.15000,-0.72462,0.93081,0.74187
6382.20000,-0.72452,0.93090,0.78260
6382.25000,-0.72443,0.93100,0.82273
6382.30000,-0.72435,0.93109,0.86223
6382.35000,-0.72426,0.93120,0.90111
6382.40000,-0.72418,0.93130,0.93940
6382.45000,-0.72411,0.93141,0.97715
6382.50000,-0.72403,0.93152,1.01438
6382.55000,-0.72396,0.93164,1.05116
6382.60000,-0.72390,0.93176,1.08764
6382.65000,-0.72383,0.93188,1.12389
6382.70000,-0.72377,0.93202,1.15990
6382.75000,-0.72266,0.93388,1.19462
6382.80000,-0.71989,0.94058,1.22672
6382.85000,-0.71695,0.94926,1.26271
6382.90000,-0.71417,0.95856,1.29809
6382.95000,-0.71168,0.96808,1.33207
6383.00000,-0.70949,0.97775,1.36525
6383.05000,-0.70767,0.98726,1.39776
6383.10000,-0.70613,0.99682,1.42938
6383.15000,-0.70496,1.00597,1.46120
6383.20000,-0.70410,1.01516,1.49158
6383.25000,-0.70350,1.02442,1.52024
6383.30000,-0.70315,1.03374,1.54702
6383.35000,-0.70305,1.04312,1.57176
6383.40000,-0.70316,1.05255,1.59424
6383.45000,-0.70338,1.06200,1.61649
6383.50000,-0.70344,1.06673,1.63824
6383.55000,-0.70345,1.06708,1.65276
6383.60000,-0.70347,1.06733,1.66528
6383.65000,-0.70348,1.06758,1.67843
6383.70000,-0.70350,1.06780,1.69250
6383.75000,-0.70353,1.06809,1.70808
6383.80000,-0.70356,1.06836,1.72430
6383.85000,-0.70359,1.06867,1.74248
6383.90000,-0.70433,1.07052,1.75961
6383.95000,-0.70611,1.07657,1.77670
6384.00000,-0.70826,1.08642,1.79538
6384.05000,-0.71050,1.09619,1.81386
6384.10000,-0.71106,1.10265,1.83452
6384.15000,-0.71114,1.10342,1.84968
6384.20000,-0.71118,1.10357,1.86291
6384.25000,-0.71122,1.10370,1.87586
6384.30000,-0.71126,1.10384,1.88829
6384.35000,-0.71134,1.10412,1.89929
6384.40000,-0.71142,1.10438,1.90994
6384.45000,-0.71150,1.10464,1.92050
6384.50000,-0.71156,1.10479,1.93183
6384.55000,-0.71164,1.10503,1.94297
6384.60000,-0.71174,1.10528,1.95437
6384.65000,-0.71181,1.10548,1.96659
6384.70000,-0.71190,1.10572,1.97883
6384.75000,-0.71201,1.10596,1.99117
6384.80000,-0.71207,1.10610,2.00406
6384.85000,-0.71217,1.10632,2.01638
6384.90000,-0.71228,1.10656,2.02830
6384.95000,-0.71236,1.10671,2.04072
6385.00000,-0.71243,1.10686,2.05312
6385.05000,-0.71250,1.10701,2.06552
6385.10000,-0.71256,1.10716,2.07791
6385.15000,-0.71263,1.10731,2.09029
6385.20000,-0.71269,1.10745,2.10267
6385.25000,-0.71275,1.10759,2.11503
6385.30000,-0.71281,1.10773,2.12739
6385.35000,-0.71287,1.10787,2.13974
6385.40000,-0.71292,1.10790,2.14862
6385.45000,-0.71297,1.10792,2.15727
6385.50000,-0.71303,1.10794,2.16590
6385.55000,-0.71308,1.10796,2.17413
6385.60000,-0.71321,1.10815,2.17894
6385.65000,-0.71333,1.10832,2.18332
6385.70000,-0.71343,1.10847,2.18781
6385.75000,-0.71353,1.10862,2.19230
6385.80000,-0.71363,1.10876,2.19679
6385.85000,-0.71373,1.10891,2.20128
6385.90000,-0.71383,1.10905,2.20576
6385.95000,-0.71393,1.10920,2.21024
6386.00000,-0.71403,1.10934,2.21472
6386.05000,-0.71412,1.10948,2.21919
6386.10000,-0.71422,1.10962,2.22366
6386.15000,-0.71431,1.10975,2.22765
6386.20000,-0.71438,1.10985,2.22561
6386.25000,-0.71447,1.10996,2.22271
6386.30000,-0.71453,1.11004,2.21935
6386.35000,-0.71458,1.11011,2.21604
6386.40000,-0.71466,1.11022,2.21127
6386.45000,-0.71477,1.11036,2.20623
6386.50000,-0.71483,1.11044,2.20066
6386.55000,-0.71487,1.11048,2.19431
6386.60000,-0.71492,1.11056,2.18742
6386.65000,-0.71503,1.11070,2.18001
6386.70000,-0.71513,1.11085,2.17259
6386.75000,-0.71524,1.11099,2.16517
6386.80000,-0.71534,1.11114,2.15774
6386.85000,-0.71533,1.11110,2.14876
6386.90000,-0.71528,1.11103,2.13937
6386.95000,-0.71524,1.11095,2.12964
6387.00000,-0.71519,1.11086,2.11960
6387.05000,-0.71514,1.11076,2.10927
6387.10000,-0.71508,1.11066,2.09869
6387.15000,-0.71502,1.11055,2.08787
6387.20000,-0.71496,1.11043,2.07683
6387.25000,-0.71490,1.11031,2.06560
6387.30000,-0.71484,1.11019,2.05419
6387.35000,-0.71478,1.11005,2.04237
6387.40000,-0.71474,1.10996,2.02956
6387.45000,-0.71476,1.10999,2.01513
6387.50000,-0.71471,1.10989,1.99988
6387.55000,-0.71465,1.10975,1.98341
6387.60000,-0.71465,1.10972,1.96479
6387.65000,-0.71461,1.10961,1.94533
6387.70000,-0.71448,1.10926,1.92501
6387.75000,-0.71437,1.10890,1.90349
6387.80000,-0.71425,1.10851,1.88034
6387.85000,-0.71414,1.10811,1.85576
6387.90000,-0.71410,1.10788,1.83016
6387.95000,-0.71397,1.10738,1.80218
6388.00000,-0.71392,1.10713,1.77345
6388.05000,-0.71392,1.10707,1.74372
6388.10000,-0.71390,1.10696,1.71213
6388.15000,-0.71390,1.10686,1.67858
6388.20000,-0.71391,1.10697,1.64370
6388.25000,-0.71391,1.10708,1.60693
6388.30000,-0.71392,1.10720,1.56824
6388.35000,-0.71391,1.10732,1.52769
6388.40000,-0.71391,1.10744,1.48552
6388.45000,-0.71389,1.10757,1.44233
6388.50000,-0.71387,1.10771,1.39873
6388.55000,-0.71385,1.10784,1.35498
6388.60000,-0.71381,1.10798,1.31111
6388.65000,-0.71377,1.10811,1.26710
6388.70000,-0.71373,1.10825,1.22271
6388.75000,-0.71367,1.10838,1.17770
6388.80000,-0.71361,1.10852,1.13210
6388.85000,-0.71354,1.10866,1.08596
6388.90000,-0.71346,1.10881,1.03932
6388.95000,-0.71337,1.10895,0.99221
6389.00000,-0.71328,1.10909,0.94469
6389.05000,-0.71317,1.10924,0.89681
6389.10000,-0.71304,1.10938,0.84858
6389.15000,-0.71291,1.10953,0.80008
6389.20000,-0.71277,1.10967,0.75132
6389.25000,-0.71261,1.10981,0.70236
6389.30000,-0.71243,1.10995,0.65325
6389.35000,-0.71225,1.11009,0.60411
6389.40000,-0.71205,1.11021,0.55524
6389.45000,-0.71185,1.11033,0.50682
6389.50000,-0.71164,1.11044,0.45893
6389.55000,-0.71143,1.11054,0.41157
6389.60000,-0.71121,1.11063,0.36469
6389.65000,-0.71099,1.11071,0.31820
6389.70000,-0.71077,1.11078,0.27200
6389.75000,-0.71054,1.11083,0.22608
6389.80000,-0.71031,1.11088,0.18044
6389.85000,-0.71007,1.11092,0.13508
6389.90000,-0.70983,1.11095,0.09001
6389.95000,-0.70959,1.11096,0.04522
6390.00000,-0.70935,1.11097,0.00071
6390.05000,-0.70910,1.11096,-0.04352
6390.10000,-0.70885,1.11095,-0.08745
6390.15000,-0.70922,1.11098,-0.13345
6390.20000,-0.71000,1.11107,-0.18088
6390.25000,-0.71086,1.11122,-0.22812
6390.30000,-0.71148,1.11138,-0.27365
6390.35000,-0.71233,1.11162,-0.31943
6390.40000,-0.71275,1.11177,-0.36279
6390.45000,-0.71310,1.11193,-0.40512
6390.50000,-0.71356,1.11216,-0.44749
6390.55000,-0.71406,1.11241,-0.48920
6390.60000,-0.71427,1.11252,-0.52909
6390.65000,-0.71450,1.11266,-0.56853
6390.70000,-0.71324,1.11165,-0.60948
6390.75000,-0.70756,1.10750,-0.64569
6390.80000,-0.70063,1.10206,-0.68459
6390.85000,-0.69375,1.09622,-0.72324
6390.90000,-0.68707,1.09009,-0.76039
6390.95000,-0.68057,1.08370,-0.79564
6391.00000,-0.67428,1.07705,-0.82878
6391.05000,-0.66814,1.07016,-0.85927
6391.10000,-0.66216,1.06303,-0.88636
6391.15000,-0.65629,1.05567,-0.90894
6391.20000,-0.65047,1.04822,-0.93099
6391.25000,-0.64791,1.04478,-0.94850
6391.30000,-0.64730,1.04391,-0.94970
6391.35000,-0.64668,1.04303,-0.94312
6391.40000,-0.64631,1.04251,-0.93037
6391.45000,-0.64603,1.04214,-0.91364
6391.50000,-0.64572,1.04175,-0.89486
6391.55000,-0.64538,1.04131,-0.87440
6391.60000,-0.64496,1.04082,-0.85266
6391.65000,-0.64453,1.04031,-0.83084
6391.70000,-0.64410,1.03980,-0.80902
6391.75000,-0.64367,1.03929,-0.78718
6391.80000,-0.64323,1.03878,-0.76535
6391.85000,-0.64280,1.03826,-0.74350
6391.90000,-0.64227,1.03776,-0.71735
6391.95000,-0.64169,1.03727,-0.68852
6392.00000,-0.64107,1.03677,-0.65821
6392.05000,-0.64040,1.03626,-0.62607
6392.10000,-0.63966,1.03575,-0.59213
6392.15000,-0.63888,1.03524,-0.55686
6392.20000,-0.63805,1.03473,-0.52040
6392.25000,-0.63722,1.03428,-0.48319
6392.30000,-0.63637,1.03384,-0.44520
6392.35000,-0.63570,1.03351,-0.40744
6392.40000,-0.63479,1.03315,-0.36821
6392.45000,-0.63377,1.03278,-0.32817
6392.50000,-0.63273,1.03245,-0.28801
6392.55000,-0.63167,1.03216,-0.24781
6392.60000,-0.63061,1.03192,-0.20760
6392.65000,-0.62953,1.03172,-0.16740
6392.70000,-0.62845,1.03156,-0.12725
6392.75000,-0.62736,1.03144,-0.08709
6392.80000,-0.62626,1.03137,-0.04678
6392.85000,-0.62516,1.03134,-0.00630
6392.90000,-0.62404,1.03136,0.03437
6392.95000,-0.62292,1.03142,0.07524
6393.00000,-0.62179,1.03153,0.11628
6393.05000,-0.62067,1.03169,0.15741
6393.10000,-0.61954,1.03189,0.19856
6393.15000,-0.61843,1.03214,0.23966
6393.20000,-0.61795,1.03224,0.27801
6393.25000,-0.61765,1.03231,0.31545
6393.30000,-0.61678,1.03259,0.35488
6393.35000,-0.61665,1.03263,0.39111
6393.40000,-0.61655,1.03268,0.42698
6393.45000,-0.61644,1.03273,0.46264
6393.50000,-0.61634,1.03278,0.49810
6393.55000,-0.61623,1.03284,0.53342
6393.60000,-0.61613,1.03291,0.56860
6393.65000,-0.61603,1.03297,0.60368
6393.70000,-0.61593,1.03305,0.63863
6393.75000,-0.61582,1.03313,0.67345
6393.80000,-0.61572,1.03321,0.70809
6393.85000,-0.61562,1.03330,0.74253
6393.90000,-0.61552,1.03340,0.77674
6393.95000,-0.61542,1.03349,0.81066
6394.00000,-0.61533,1.03360,0.84425
6394.05000,-0.61524,1.03370,0.87750
6394.10000,-0.61515,1.03381,0.91040
6394.15000,-0.61507,1.03392,0.94295
6394.20000,-0.61499,1.03403,0.97514
6394.25000,-0.61491,1.03415,1.00695
6394.30000,-0.61484,1.03427,1.03839
6394.35000,-0.61477,1.03439,1.06949
6394.40000,-0.61470,1.03452,1.10026
6394.45000,-0.61464,1.03465,1.13071
6394.50000,-0.61458,1.03479,1.16084
6394.55000,-0.61452,1.03492,1.19063
6394.60000,-0.61446,1.03507,1.22007
6394.65000,-0.61441,1.03521,1.24914
6394.70000,-0.61437,1.03536,1.27780
6394.75000,-0.61432,1.03551,1.30604
6394.80000,-0.61428,1.03566,1.33385
6394.85000,-0.61425,1.03582,1.36123
6394.90000,-0.61422,1.03597,1.38818
6394.95000,-0.61358,1.03803,1.41419
6395.00000,-0.61230,1.04619,1.43795
6395.05000,-0.61107,1.05643,1.46480
6395.10000,-0.61011,1.06699,1.49257
6395.15000,-0.60942,1.07766,1.52026
6395.20000,-0.60903,1.08834,1.54745
6395.25000,-0.60892,1.09879,1.57319
6395.30000,-0.60907,1.10892,1.59722
6395.35000,-0.60946,1.11945,1.62240
6395.40000,-0.61012,1.12999,1.64719
6395.45000,-0.61103,1.14049,1.67141
6395.50000,-0.61222,1.15102,1.69547
6395.55000,-0.61362,1.16131,1.71796
6395.60000,-0.61521,1.17136,1.73903
6395.65000,-0.61702,1.18137,1.75950
6395.70000,-0.61901,1.19126,1.77894
6395.75000,-0.62117,1.20101,1.79734
6395.80000,-0.62350,1.21072,1.81529
6395.85000,-0.62600,1.22038,1.83321
6395.90000,-0.62869,1.23002,1.85240
6395.95000,-0.63103,1.23912,1.87193
6396.00000,-0.63203,1.24276,1.90421
6396.05000,-0.63270,1.24461,1.95760
6396.10000,-0.63323,1.24580,2.02419
6396.15000,-0.63366,1.24660,2.09988
6396.20000,-0.63400,1.24714,2.18205
6396.25000,-0.63418,1.24738,2.26826
6396.30000,-0.63420,1.24740,2.35491
6396.35000,-0.63423,1.24742,2.44074
6396.40000,-0.63425,1.24744,2.52564
6396.45000,-0.63427,1.24746,2.60898
6396.50000,-0.63429,1.24747,2.68943
6396.55000,-0.63431,1.24747,2.76323
6396.60000,-0.63434,1.24747,2.82448
6396.65000,-0.63610,1.24816,2.87205
6396.70000,-0.63997,1.24910,2.91735
6396.75000,-0.64178,1.24926,2.94101
6396.80000,-0.64204,1.24931,2.95473
6396.85000,-0.64238,1.24937,2.96715
6396.90000,-0.64263,1.24940,2.97800
6396.95000,-0.64273,1.24942,2.98727
6397.00000,-0.64285,1.24944,2.99597
6397.05000,-0.64300,1.24946,3.00368
6397.10000,-0.64314,1.24947,3.01109
6397.15000,-0.64333,1.24949,3.01757
6397.20000,-0.64349,1.24951,3.02335
6397.25000,-0.64365,1.24952,3.02846
6397.30000,-0.64377,1.24953,3.03282
6397.35000,-0.64390,1.24955,3.03650
6397.40000,-0.64402,1.24956,3.03947
6397.45000,-0.64411,1.24956,3.04178
6397.50000,-0.64419,1.24957,3.04330
6397.55000,-0.64426,1.24958,3.04423
6397.60000,-0.64433,1.24958,3.04453
6397.65000,-0.64438,1.24959,3.04428
6397.70000,-0.64443,1.24959,3.04340
6397.75000,-0.64447,1.24960,3.04192
6397.80000,-0.64449,1.24960,3.03989
6397.85000,-0.64450,1.24960,3.03725
6397.90000,-0.64453,1.24961,3.03402
6397.95000,-0.64460,1.24961,3.03051
6398.00000,-0.64466,1.24962,3.02697
6398.05000,-0.64464,1.24962,3.02264
6398.10000,-0.64463,1.24962,3.01811
6398.15000,-0.64460,1.24962,3.01320
6398.20000,-0.64458,1.24962,3.00784
6398.25000,-0.64452,1.24963,3.00225
6398.30000,-0.64445,1.24964,2.99639
6398.35000,-0.64437,1.24964,2.99028
6398.40000,-0.64429,1.24965,2.98382
6398.45000,-0.64425,1.24965,2.97690
6398.50000,-0.64421,1.24965,2.96974
6398.55000,-0.64421,1.24965,2.96270
6398.60000,-0.64413,1.24964,2.95528
6398.65000,-0.64412,1.24964,2.94776
6398.70000,-0.64412,1.24964,2.93997
6398.75000,-0.64400,1.24962,2.93154
6398.80000,-0.64399,1.24962,2.92319
6398.85000,-0.64389,1.24961,2.91447
6398.90000,-0.64381,1.24960,2.90574
6398.95000,-0.64374,1.24960,2.89677
6399.00000,-0.64374,1.24960,2.88805
6399.05000,-0.64375,1.24961,2.87935
6399.10000,-0.64369,1.24960,2.87029
6399.15000,-0.64374,1.24961,2.86155
6399.20000,-0.64379,1.24963,2.85258
6399.25000,-0.64386,1.24964,2.84368
6399.30000,-0.64388,1.24965,2.83469
6399.35000,-0.64397,1.24968,2.82543
6399.40000,-0.64401,1.24970,2.81592
6399.45000,-0.64411,1.24973,2.80655
6399.50000,-0.64415,1.24974,2.79717
6399.55000,-0.64418,1.24975,2.78803
6399.60000,-0.64426,1.24978,2.77923
6399.65000,-0.64432,1.24981,2.77075
6399.70000,-0.64438,1.24983,2.76252
6399.75000,-0.64445,1.24986,2.75464
6399.80000,-0.64450,1.24988,2.74694
6399.85000,-0.64459,1.24991,2.73946
6399.90000,-0.64463,1.24993,2.73207
6399.95000,-0.64470,1.24996,2.72461
6400.00000,-0.64476,1.24999,2.71708
6400.05000,-0.64481,1.25001,2.70950
6400.10000,-0.64489,1.25005,2.70186
6400.15000,-0.64493,1.25007,2.69407
6400.20000,-0.64500,1.25010,2.68627
6400.25000,-0.64506,1.25013,2.67852
6400.30000,-0.64510,1.25015,2.67090
6400.35000,-0.64518,1.25019,2.66361
6400.40000,-0.64522,1.25021,2.65673
6400.45000,-0.64632,1.25120,2.64986
6400.50000,-0.65174,1.25533,2.64223
6400.55000,-0.66044,1.26011,2.63800
6400.60000,-0.66916,1.26493,2.63606
6400.65000,-0.67791,1.26977,2.63721
6400.70000,-0.68672,1.27461,2.64165
6400.75000,-0.69551,1.27938,2.64953
6400.80000,-0.70431,1.28411,2.65796
6400.85000,-0.70903,1.28571,2.66561
6400.90000,-0.70973,1.28601,2.68637
6400.95000,-0.70977,1.28603,2.70824
6401.00000,-0.70981,1.28605,2.73033
6401.05000,-0.70986,1.28607,2.75259
6401.10000,-0.70990,1.28608,2.77518
6401.15000,-0.70994,1.28610,2.79835
6401.20000,-0.70999,1.28612,2.82237
6401.25000,-0.71004,1.28613,2.84745
6401.30000,-0.71010,1.28615,2.87376
6401.35000,-0.71029,1.28620,2.90175
6401.40000,-0.71084,1.28633,2.93207
6401.45000,-0.71164,1.28649,2.96420
6401.50000,-0.71250,1.28664,2.99701
6401.55000,-0.71337,1.28675,3.02988
6401.60000,-0.71425,1.28684,3.06273
6401.65000,-0.71514,1.28689,3.09564
6401.70000,-0.71604,1.28692,3.12873
6401.75000,-0.71694,1.28691,-3.12128
6401.80000,-0.71784,1.28687,-3.08796
6401.85000,-0.71875,1.28681,-3.05447
6401.90000,-0.71963,1.28673,-3.02084
6401.95000,-0.72051,1.28663,-2.98700
6402.00000,-0.72140,1.28649,-2.95300
6402.05000,-0.72227,1.28633,-2.91910
6402.10000,-0.72314,1.28613,-2.88545
6402.15000,-0.72399,1.28591,-2.85224
6402.20000,-0.72482,1.28567,-2.81959
6402.25000,-0.72562,1.28540,-2.78751
6402.30000,-0.72641,1.28511,-2.75604
6402.35000,-0.72717,1.28480,-2.72502
6402.40000,-0.72791,1.28448,-2.69464
6402.45000,-0.72859,1.28415,-2.66472
6402.50000,-0.72925,1.28379,-2.63540
6402.55000,-0.72988,1.28345,-2.60651
6402.60000,-0.73044,1.28311,-2.57810
6402.65000,-0.73101,1.28276,-2.55080
6402.70000,-0.73324,1.28100,-2.52411
6402.75000,-0.73970,1.27607,-2.50018
6402.80000,-0.74716,1.27036,-2.47574
6402.85000,-0.75451,1.26445,-2.45337
6402.90000,-0.76179,1.25834,-2.43357
6402.95000,-0.76911,1.25197,-2.41716
6403.00000,-0.77640,1.24543,-2.40509
6403.05000,-0.78364,1.23889,-2.39384
6403.10000,-0.78630,1.23692,-2.38792
6403.15000,-0.78638,1.23680,-2.39641
6403.20000,-0.78633,1.23684,-2.40950
6403.25000,-0.78613,1.23701,-2.42342
6403.30000,-0.78589,1.23722,-2.43745
6403.35000,-0.78564,1.23742,-2.45141
6403.40000,-0.78540,1.23762,-2.46524
6403.45000,-0.78523,1.23775,-2.47835
6403.50000,-0.78500,1.23792,-2.49085
6403.55000,-0.78480,1.23807,-2.50195
6403.60000,-0.78469,1.23815,-2.51115
6403.65000,-0.78460,1.23822,-2.51874
6403.70000,-0.78467,1.23817,-2.52663
6403.75000,-0.78479,1.23808,-2.53446
6403.80000,-0.78476,1.23810,-2.54327
6403.85000,-0.78464,1.23818,-2.55216
6403.90000,-0.78455,1.23825,-2.56062
6403.95000,-0.78445,1.23831,-2.56866
6404.00000,-0.78435,1.23838,-2.57713
6404.05000,-0.78418,1.23848,-2.58563
6404.10000,-0.78408,1.23854,-2.59203
6404.15000,-0.78559,1.23711,-2.59740
6404.20000,-0.79165,1.23314,-2.59597
6404.25000,-0.79850,1.22927,-2.58721
6404.30000,-0.80282,1.22683,-2.56827
6404.35000,-0.80662,1.22435,-2.53014
6404.40000,-0.80849,1.22298,-2.47725
6404.45000,-0.80858,1.22291,-2.41520
6404.50000,-0.80861,1.22288,-2.35333
6404.55000,-0.80864,1.22284,-2.29255
6404.60000,-0.80868,1.22280,-2.23235
6404.65000,-0.80871,1.22276,-2.17216
6404.70000,-0.80874,1.22271,-2.11192
6404.75000,-0.80877,1.22266,-2.05172
6404.80000,-0.80879,1.22261,-1.99155
6404.85000,-0.80881,1.22256,-1.93145
6404.90000,-0.80883,1.22251,-1.87130
6404.95000,-0.80885,1.22246,-1.81135
6405.00000,-0.80886,1.22240,-1.75223
6405.05000,-0.80887,1.22234,-1.69473
6405.10000,-0.80887,1.22227,-1.63945
6405.15000,-0.80888,1.22219,-1.58637
6405.20000,-0.80888,1.22210,-1.53524
6405.25000,-0.80887,1.22199,-1.48582
6405.30000,-0.80886,1.22188,-1.43792
6405.35000,-0.80884,1.22174,-1.39143
6405.40000,-0.80880,1.22160,-1.34626
6405.45000,-0.80876,1.22143,-1.30228
6405.50000,-0.80871,1.22125,-1.25931
6405.55000,-0.80864,1.22106,-1.21708
6405.60000,-0.80857,1.22086,-1.17538
6405.65000,-0.80848,1.22067,-1.13405
6405.70000,-0.80839,1.22049,-1.09309
6405.75000,-0.80829,1.22031,-1.05258
6405.80000,-0.80819,1.22013,-1.01256
6405.85000,-0.80808,1.21996,-0.97302
6405.90000,-0.80796,1.21980,-0.93391
6405.95000,-0.80784,1.21964,-0.89524
6406.00000,-0.80771,1.21948,-0.85710
6406.05000,-0.80614,1.21780,-0.81957
6406.10000,-0.80121,1.21272,-0.78396
6406.15000,-0.79421,1.20598,-0.74857
6406.20000,-0.78676,1.19931,-0.71238
6406.25000,-0.77907,1.19291,-0.67617
6406.30000,-0.77116,1.18679,-0.64009
6406.35000,-0.76304,1.18097,-0.60415
6406.40000,-0.75471,1.17543,-0.56838
6406.45000,-0.74619,1.17020,-0.53278
6406.50000,-0.73749,1.16528,-0.49734
6406.55000,-0.72861,1.16066,-0.46214
6406.60000,-0.71959,1.15636,-0.42723
6406.65000,-0.71042,1.15238,-0.39268
6406.70000,-0.70111,1.14871,-0.35838
6406.75000,-0.69169,1.14536,-0.32413
6406.80000,-0.68207,1.14230,-0.28930
6406.85000,-0.67244,1.13962,-0.25427
6406.90000,-0.66272,1.13728,-0.21824
6406.95000,-0.65289,1.13528,-0.18049
6407.00000,-0.64307,1.13364,-0.14263
6407.05000,-0.63945,1.13357,-0.10563
6407.10000,-0.63909,1.13356,-0.06017
6407.15000,-0.63906,1.13356,-0.01314
6407.20000,-0.63899,1.13356,0.03327
6407.25000,-0.63891,1.13356,0.07895
6407.30000,-0.63884,1.13357,0.12364
6407.35000,-0.63877,1.13358,0.16704
6407.40000,-0.63689,1.13416,0.20981
6407.45000,-0.62910,1.13607,0.24572
6407.50000,-0.61961,1.13863,0.28218
6407.55000,-0.61006,1.14158,0.31752
6407.60000,-0.60062,1.14486,0.35054
6407.65000,-0.59129,1.14842,0.38045
6407.70000,-0.58205,1.15225,0.40689
6407.75000,-0.57286,1.15620,0.43282
6407.80000,-0.56816,1.15712,0.45747
6407.85000,-0.56762,1.15731,0.47342
6407.90000,-0.56732,1.15746,0.48597
6407.95000,-0.56703,1.15762,0.49681
6408.00000,-0.56676,1.15777,0.50661
6408.05000,-0.56651,1.15791,0.51550
6408.10000,-0.56628,1.15804,0.52354
6408.15000,-0.56607,1.15814,0.53037
6408.20000,-0.56589,1.15824,0.53555
6408.25000,-0.56575,1.15832,0.53915
6408.30000,-0.56563,1.15840,0.54108
6408.35000,-0.56553,1.15844,0.54137
6408.40000,-0.56546,1.15848,0.54006
6408.45000,-0.56541,1.15851,0.53717
6408.50000,-0.56536,1.15851,0.53282
6408.55000,-0.56533,1.15852,0.52731
6408.60000,-0.56533,1.15852,0.52080
6408.65000,-0.56533,1.15852,0.51325
6408.70000,-0.56537,1.15850,0.50480
6408.75000,-0.56543,1.15846,0.49543
6408.80000,-0.56550,1.15842,0.48523
6408.85000,-0.56559,1.15837,0.47430
6408.90000,-0.56570,1.15832,0.46284
6408.95000,-0.56581,1.15827,0.45090
6409.00000,-0.56592,1.15821,0.43848
6409.05000,-0.56604,1.15816,0.42558
6409.10000,-0.56616,1.15810,0.41211
6409.15000,-0.56628,1.15805,0.39804
6409.20000,-0.56641,1.15800,0.38336
6409.25000,-0.56653,1.15795,0.36803
6409.30000,-0.56665,1.15791,0.35207
6409.35000,-0.56677,1.15786,0.33549
6409.40000,-0.56689,1.15782,0.31833
6409.45000,-0.56703,1.15778,0.30062
6409.50000,-0.56717,1.15774,0.28250
6409.55000,-0.56732,1.15770,0.26413
6409.60000,-0.56747,1.15766,0.24558
6409.65000,-0.56762,1.15762,0.22685
6409.70000,-0.56778,1.15758,0.20793
6409.75000,-0.56794,1.15755,0.18879
6409.80000,-0.56809,1.15752,0.16946
6409.85000,-0.56823,1.15750,0.14992
6409.90000,-0.56837,1.15748,0.13022
6409.95000,-0.56850,1.15747,0.11048
6410.00000,-0.56862,1.15746,0.09050
6410.05000,-0.56856,1.15746,0.07090
6410.10000,-0.56835,1.15748,0.05169
6410.15000,-0.56815,1.15749,0.03224
6410.20000,-0.56778,1.15750,0.01311
6410.25000,-0.56736,1.15750,-0.00605
6410.30000,-0.56695,1.15749,-0.02542
6410.35000,-0.56653,1.15748,-0.04495
6410.40000,-0.56611,1.15745,-0.06461
6410.45000,-0.56568,1.15742,-0.08442
6410.50000,-0.56525,1.15738,-0.10437
6410.55000,-0.56480,1.15733,-0.12443
6410.60000,-0.56434,1.15727,-0.14459
6410.65000,-0.56387,1.15719,-0.16481
6410.70000,-0.56339,1.15711,-0.18509
6410.75000,-0.56290,1.15701,-0.20540
6410.80000,-0.56241,1.15691,-0.22571
6410.85000,-0.56193,1.15679,-0.24602
6410.90000,-0.56145,1.15666,-0.26634
6410.95000,-0.56097,1.15653,-0.28668
6411.00000,-0.56050,1.15638,-0.30706
6411.05000,-0.56003,1.15623,-0.32751
6411.10000,-0.55956,1.15607,-0.34802
6411.15000,-0.55910,1.15589,-0.36857
6411.20000,-0.55863,1.15570,-0.38916
6411.25000,-0.55815,1.15550,-0.40976
6411.30000,-0.55768,1.15529,-0.43035
6411.35000,-0.55720,1.15507,-0.45092
6411.40000,-0.55672,1.15483,-0.47143
6411.45000,-0.55625,1.15458,-0.49185
6411.50000,-0.55579,1.15433,-0.51217
6411.55000,-0.55533,1.15406,-0.53243
6411.60000,-0.55501,1.15386,-0.55324
6411.65000,-0.55494,1.15379,-0.57519
6411.70000,-0.55479,1.15366,-0.59735
6411.75000,-0.55438,1.15333,-0.61928
6411.80000,-0.55405,1.15308,-0.64147
6411.85000,-0.55371,1.15279,-0.66370
6411.90000,-0.55353,1.15263,-0.68650
6411.95000,-0.55336,1.15248,-0.70997
6412.00000,-0.55318,1.15232,-0.73351
6412.05000,-0.55297,1.15214,-0.75712
6412.10000,-0.55275,1.15194,-0.78079
6412.15000,-0.55251,1.15172,-0.80452
6412.20000,-0.55225,1.15149,-0.82831
6412.25000,-0.55197,1.15124,-0.85217
6412.30000,-0.55168,1.15097,-0.87608
6412.35000,-0.55137,1.15068,-0.90006
6412.40000,-0.55104,1.15037,-0.92410
6412.45000,-0.55069,1.15005,-0.94820
6412.50000,-0.55033,1.14971,-0.97235
6412.55000,-0.54995,1.14936,-0.99656
6412.60000,-0.54956,1.14899,-1.02082
6412.65000,-0.54915,1.14860,-1.04514
6412.70000,-0.54873,1.14820,-1.06951
6412.75000,-0.54829,1.14778,-1.09393
6412.80000,-0.54787,1.14733,-1.11841
6412.85000,-0.54747,1.14684,-1.14293
6412.90000,-0.54707,1.14633,-1.16751
6412.95000,-0.54668,1.14579,-1.19214
6413.00000,-0.54629,1.14523,-1.21683
6413.05000,-0.54613,1.14486,-1.24000
6413.10000,-0.54586,1.14433,-1.26352
6413.15000,-0.54566,1.14386,-1.28732
6413.20000,-0.54559,1.14363,-1.31099
6413.25000,-0.54559,1.14365,-1.33549
6413.30000,-0.54476,1.14156,-1.35903
6413.35000,-0.54303,1.13353,-1.38124
6413.40000,-0.54134,1.12415,-1.40443
6413.45000,-0.53986,1.11469,-1.42733
6413.50000,-0.53862,1.10536,-1.45088
6413.55000,-0.53760,1.09602,-1.47477
6413.60000,-0.53680,1.08665,-1.49901
6413.65000,-0.53623,1.07729,-1.52377
6413.70000,-0.53576,1.06792,-1.54851
6413.75000,-0.53577,1.06445,-1.57181
6413.80000,-0.53578,1.06417,-1.59752
6413.85000,-0.53579,1.06385,-1.62380
6413.90000,-0.53581,1.06352,-1.65043
6413.95000,-0.53584,1.06320,-1.67734
6414.00000,-0.53588,1.06286,-1.70444
6414.05000,-0.53589,1.06273,-1.73233
6414.10000,-0.53596,1.06238,-1.75915
6414.15000,-0.53603,1.06202,-1.78557
6414.20000,-0.53611,1.06166,-1.81166
6414.25000,-0.53620,1.06131,-1.83739
6414.30000,-0.53718,1.05916,-1.86297
6414.35000,-0.53968,1.05205,-1.88780
6414.40000,-0.54270,1.04325,-1.91538
6414.45000,-0.54596,1.03454,-1.94340
6414.50000,-0.54946,1.02595,-1.97217
6414.55000,-0.55309,1.01740,-2.00095
6414.60000,-0.55342,1.01434,-2.02965
6414.65000,-0.55335,1.01439,-2.05990
6414.70000,-0.55329,1.01451,-2.09067
6414.75000,-0.55342,1.01429,-2.11956
6414.80000,-0.55357,1.01406,-2.14798
6414.85000,-0.55373,1.01382,-2.17588
6414.90000,-0.55534,1.01183,-2.20346
6414.95000,-0.56027,1.00530,-2.22947
6415.00000,-0.56604,0.99807,-2.25912
6415.05000,-0.57202,0.99102,-2.28938
6415.10000,-0.57820,0.98417,-2.32036
6415.15000,-0.58448,0.97741,-2.35136
6415.20000,-0.58592,0.97567,-2.38141
6415.25000,-0.58580,0.97581,-2.41425
6415.30000,-0.58583,0.97580,-2.44643
6415.35000,-0.58555,0.97604,-2.47987
6415.40000,-0.58506,0.97642,-2.51387
6415.45000,-0.58460,0.97674,-2.54699
6415.50000,-0.58610,0.97565,-2.57972
6415.55000,-0.59222,0.97179,-2.60992
6415.60000,-0.60025,0.96723,-2.64026
6415.65000,-0.60842,0.96291,-2.67065
6415.70000,-0.61671,0.95885,-2.70135
6415.75000,-0.62511,0.95505,-2.73263
6415.80000,-0.63360,0.95153,-2.76482
6415.85000,-0.64218,0.94830,-2.79806
6415.90000,-0.65084,0.94537,-2.83244
6415.95000,-0.65949,0.94265,-2.86665
6416.00000,-0.66278,0.94255,-2.89824
6416.05000,-0.66249,0.94263,-2.93522
6416.10000,-0.66179,0.94275,-2.97400
6416.15000,-0.66105,0.94285,-3.01296
6416.20000,-0.66035,0.94291,-3.05116
6416.25000,-0.65963,0.94295,-3.08921
6416.30000,-0.65886,0.94298,-3.12668
6416.35000,-0.65982,0.94302,3.11836
6416.40000,-0.66675,0.94334,3.08402
6416.45000,-0.67584,0.94402,3.04982
6416.50000,-0.68494,0.94502,3.01577
6416.55000,-0.69399,0.94632,2.98184
6416.60000,-0.70301,0.94793,2.94817
6416.65000,-0.71197,0.94984,2.91476
6416.70000,-0.72087,0.95205,2.88152
6416.75000,-0.72969,0.95456,2.84817
6416.80000,-0.73841,0.95735,2.81443
6416.85000,-0.74701,0.96044,2.78017
6416.90000,-0.75549,0.96381,2.74541
6416.95000,-0.76385,0.96748,2.71027
6417.00000,-0.77206,0.97144,2.67483
6417.05000,-0.78012,0.97568,2.63925
6417.10000,-0.78802,0.98021,2.60365
6417.15000,-0.79576,0.98502,2.56821
6417.20000,-0.80334,0.99010,2.53309
6417.25000,-0.81074,0.99545,2.49846
6417.30000,-0.81797,1.00106,2.46452
6417.35000,-0.82502,1.00692,2.43139
6417.40000,-0.83190,1.01303,2.39918
6417.45000,-0.83859,1.01937,2.36794
6417.50000,-0.84510,1.02592,2.33745
6417.55000,-0.85141,1.03268,2.30750
6417.60000,-0.85754,1.03963,2.27800
6417.65000,-0.86346,1.04677,2.24894
6417.70000,-0.86918,1.05408,2.22032
6417.75000,-0.87469,1.06156,2.19219
6417.80000,-0.88001,1.06921,2.16460
6417.85000,-0.88512,1.07700,2.13767
6417.90000,-0.89004,1.08495,2.11147
6417.95000,-0.89476,1.09304,2.08608
6418.00000,-0.89928,1.10127,2.06160
6418.05000,-0.90362,1.10963,2.03798
6418.10000,-0.90778,1.11810,2.01536
6418.15000,-0.91175,1.12668,1.99381
6418.20000,-0.91557,1.13538,1.97360
6418.25000,-0.91922,1.14419,1.95472
6418.30000,-0.92268,1.15275,1.93608
6418.35000,-0.92355,1.15736,1.92069
6418.40000,-0.92352,1.15730,1.90592
6418.45000,-0.92344,1.15707,1.89131
6418.50000,-0.92337,1.15683,1.87625
6418.55000,-0.92329,1.15658,1.86079
6418.60000,-0.92322,1.15633,1.84504
6418.65000,-0.92316,1.15608,1.82916
6418.70000,-0.92309,1.15583,1.81328
6418.75000,-0.92304,1.15558,1.79750
6418.80000,-0.92299,1.15534,1.78191
6418.85000,-0.92294,1.15510,1.76664
6418.90000,-0.92290,1.15488,1.75176
6418.95000,-0.92287,1.15468,1.73748
6419.00000,-0.92284,1.15448,1.72367
6419.05000,-0.92281,1.15430,1.71034
6419.10000,-0.92279,1.15414,1.69751
6419.15000,-0.92277,1.15398,1.68521
6419.20000,-0.92275,1.15384,1.67345
6419.25000,-0.92274,1.15371,1.66223
6419.30000,-0.92273,1.15360,1.65156
6419.35000,-0.92272,1.15350,1.64143
6419.40000,-0.92272,1.15342,1.63185
6419.45000,-0.92271,1.15335,1.62281
6419.50000,-0.92271,1.15329,1.61428
6419.55000,-0.92271,1.15324,1.60626
6419.60000,-0.92271,1.15321,1.59876
6419.65000,-0.92271,1.15319,1.59175
6419.70000,-0.92271,1.15318,1.58522
6419.75000,-0.92271,1.15318,1.57919
6419.80000,-0.92271,1.15320,1.57363
6419.85000,-0.92271,1.15323,1.56854
6419.90000,-0.92271,1.15327,1.56390
6419.95000,-0.92271,1.15332,1.55973
6420.00000,-0.92271,1.15338,1.55603
6420.05000,-0.92271,1.15346,1.55281
6420.10000,-0.92270,1.15355,1.55004
6420.15000,-0.92270,1.15364,1.54775
6420.20000,-0.92270,1.15376,1.54594
6420.25000,-0.92270,1.15388,1.54461
6420.30000,-0.92269,1.15401,1.54377
6420.35000,-0.92269,1.15416,1.54340
6420.40000,-0.92268,1.15432,1.54351
6420.45000,-0.92268,1.15448,1.54400
6420.50000,-0.92267,1.15466,1.54486
6420.55000,-0.92267,1.15485,1.54611
6420.60000,-0.92267,1.15504,1.54771
6420.65000,-0.92266,1.15525,1.54966
6420.70000,-0.92266,1.15546,1.55193
6420.75000,-0.92265,1.15568,1.55451
6420.80000,-0.92265,1.15590,1.55740
6420.85000,-0.92265,1.15614,1.56060
6420.90000,-0.92264,1.15638,1.56409
6420.95000,-0.92264,1.15663,1.56787
6421.00000,-0.92264,1.15689,1.57193
6421.05000,-0.92264,1.15715,1.57627
6421.10000,-0.92265,1.15742,1.58091
6421.15000,-0.92265,1.15770,1.58587
6421.20000,-0.92265,1.15799,1.59117
6421.25000,-0.92266,1.15828,1.59680
6421.30000,-0.92267,1.15859,1.60276
6421.35000,-0.92268,1.15890,1.60905
6421.40000,-0.92269,1.15922,1.61564
6421.45000,-0.92271,1.15954,1.62247
6421.50000,-0.92273,1.15987,1.62951
6421.55000,-0.92275,1.16021,1.63674
6421.60000,-0.92277,1.16054,1.64410
6421.65000,-0.92280,1.16088,1.65143
6421.70000,-0.92283,1.16121,1.65864
6421.75000,-0.92286,1.16154,1.66571
6421.80000,-0.92289,1.16186,1.67262
6421.85000,-0.92292,1.16217,1.67932
6421.90000,-0.92295,1.16248,1.68582
6421.95000,-0.92299,1.16278,1.69213
6422.00000,-0.92303,1.16308,1.69827
6422.05000,-0.92307,1.16338,1.70427
6422.10000,-0.92311,1.16367,1.71014
6422.15000,-0.92315,1.16395,1.71590
6422.20000,-0.92319,1.16424,1.72157
6422.25000,-0.92323,1.16452,1.72718
6422.30000,-0.92328,1.16480,1.73272
6422.35000,-0.92332,1.16507,1.73812
6422.40000,-0.92337,1.16534,1.74338
6422.45000,-0.92407,1.16713,1.74884
6422.50000,-0.92581,1.17441,1.75375
6422.55000,-0.92767,1.18411,1.75861
6422.60000,-0.92957,1.19397,1.76373
6422.65000,-0.93149,1.20379,1.76870
6422.70000,-0.93249,1.21228,1.77442
6422.75000,-0.93255,1.21443,1.78181
6422.80000,-0.93257,1.21454,1.79096
6422.85000,-0.93260,1.21466,1.80040
6422.90000,-0.93263,1.21477,1.80972
6422.95000,-0.93266,1.21489,1.81894
6423.00000,-0.93269,1.21500,1.82807
6423.05000,-0.93272,1.21512,1.83719
6423.10000,-0.93275,1.21523,1.84628
6423.15000,-0.93278,1.21535,1.85534
6423.20000,-0.93282,1.21547,1.86429
6423.25000,-0.93285,1.21558,1.87299
6423.30000,-0.93289,1.21570,1.88134
6423.35000,-0.93387,1.21721,1.89018
6423.40000,-0.93691,1.22442,1.89763
6423.45000,-0.94016,1.23391,1.90464
6423.50000,-0.94346,1.24333,1.91150
6423.55000,-0.94684,1.25274,1.91904
6423.60000,-0.95031,1.26219,1.92744
6423.65000,-0.95385,1.27161,1.93655
6423.70000,-0.95750,1.28101,1.94644
6423.75000,-0.96110,1.29022,1.95662
6423.80000,-0.96184,1.29512,1.96752
6423.85000,-0.96195,1.29561,1.97926
6423.90000,-0.96207,1.29592,1.99120
6423.95000,-0.96335,1.29762,2.00256
6424.00000,-0.96735,1.30574,2.01128
6424.05000,-0.97164,1.31475,2.01909
6424.10000,-0.97600,1.32373,2.02675
6424.15000,-0.98043,1.33267,2.03435
6424.20000,-0.98493,1.34159,2.04190
6424.25000,-0.98950,1.35047,2.04938
6424.30000,-0.99413,1.35931,2.05671
6424.35000,-0.99883,1.36812,2.06382
6424.40000,-1.00358,1.37690,2.07064
6424.45000,-1.00840,1.38565,2.07715
6424.50000,-1.01327,1.39436,2.08331
6424.55000,-1.01819,1.40305,2.08909
6424.60000,-1.02319,1.41175,2.09474
6424.65000,-1.02821,1.42039,2.09989
6424.70000,-1.03329,1.42904,2.10496
6424.75000,-1.03842,1.43768,2.10989
6424.80000,-1.04363,1.44634,2.11479
6424.85000,-1.04887,1.45496,2.11959
6424.90000,-1.05416,1.46358,2.12428
6424.95000,-1.05947,1.47213,2.12878
6425.00000,-1.06483,1.48068,2.13355
6425.05000,-1.07024,1.48920,2.13862
6425.10000,-1.07569,1.49770,2.14400
6425.15000,-1.08116,1.50612,2.14996
6425.20000,-1.08670,1.51455,2.15628
6425.25000,-1.09227,1.52288,2.16373
6425.30000,-1.09793,1.53122,2.17205
6425.35000,-1.10365,1.53948,2.18186
6425.40000,-1.10958,1.54785,2.19270
6425.45000,-1.11559,1.55614,2.20535
6425.50000,-1.12131,1.56392,2.21769
6425.55000,-1.12357,1.56799,2.23149
6425.60000,-1.12379,1.56824,2.25009
6425.65000,-1.12418,1.56871,2.27290
6425.70000,-1.12460,1.56921,2.29745
6425.75000,-1.12510,1.56976,2.32399
6425.80000,-1.12562,1.57031,2.35224
6425.85000,-1.12622,1.57091,2.38277
6425.90000,-1.12684,1.57149,2.41499
6425.95000,-1.12755,1.57211,2.44874
6426.00000,-1.12797,1.57245,2.48239
6426.05000,-1.12830,1.57271,2.51736
6426.10000,-1.12846,1.57284,2.55284
6426.15000,-1.12896,1.57318,2.59085
6426.20000,-1.12912,1.57328,2.62814
6426.25000,-1.12930,1.57337,2.66617
6426.30000,-1.12951,1.57348,2.70484
6426.35000,-1.12974,1.57358,2.74401
6426.40000,-1.13000,1.57368,2.78356
6426.45000,-1.13030,1.57379,2.82340
6426.50000,-1.13063,1.57389,2.86343
6426.55000,-1.13100,1.57399,2.90357
6426.60000,-1.13141,1.57408,2.94374
6426.65000,-1.13186,1.57416,2.98390
6426.70000,-1.13236,1.57423,3.02398
6426.75000,-1.13290,1.57428,3.06394
6426.80000,-1.13349,1.57432,3.10375
6426.85000,-1.13414,1.57433,-3.13982
6426.90000,-1.13484,1.57431,-3.10043
6426.95000,-1.13561,1.57427,-3.06129
6427.00000,-1.13643,1.57418,-3.02241
6427.05000,-1.13732,1.57406,-2.98381
6427.10000,-1.13827,1.57389,-2.94552
6427.15000,-1.13929,1.57366,-2.90756
6427.20000,-1.14039,1.57338,-2.86992
6427.25000,-1.14155,1.57303,-2.83264
6427.30000,-1.14278,1.57262,-2.79572
6427.35000,-1.14409,1.57212,-2.75918
6427.40000,-1.14546,1.57154,-2.72302
6427.45000,-1.14689,1.57087,-2.68725
6427.50000,-1.14839,1.57010,-2.65189
6427.55000,-1.14994,1.56924,-2.61695
6427.60000,-1.15153,1.56828,-2.58243
6427.65000,-1.15317,1.56722,-2.54834
6427.70000,-1.15484,1.56605,-2.51469
6427.75000,-1.15653,1.56478,-2.48148
6427.80000,-1.15824,1.56341,-2.44873
6427.85000,-1.15996,1.56193,-2.41644
6427.90000,-1.16375,1.55845,-2.38608
6427.95000,-1.17024,1.55215,-2.35658
6428.00000,-1.17721,1.54497,-2.32570
6428.05000,-1.18395,1.53759,-2.29532
6428.10000,-1.19047,1.53000,-2.26546
6428.15000,-1.19675,1.52222,-2.23616
6428.20000,-1.20281,1.51427,-2.20741
6428.25000,-1.20864,1.50614,-2.17920
6428.30000,-1.21424,1.49786,-2.15155
6428.35000,-1.21962,1.48943,-2.12444
6428.40000,-1.22482,1.48076,-2.09749
6428.45000,-1.22973,1.47205,-2.07149
6428.50000,-1.23445,1.46318,-2.04586
6428.55000,-1.23892,1.45423,-2.02101
6428.60000,-1.24316,1.44518,-1.99673
6428.65000,-1.24718,1.43602,-1.97303
6428.70000,-1.25099,1.42678,-1.94991
6428.75000,-1.25459,1.41745,-1.92734
6428.80000,-1.25797,1.40804,-1.90538
6428.85000,-1.26116,1.39856,-1.88402
6428.90000,-1.26414,1.38901,-1.86325
6428.95000,-1.26692,1.37941,-1.84307
6429.00000,-1.26952,1.36975,-1.82350
6429.05000,-1.27193,1.36005,-1.80453
6429.10000,-1.27415,1.35030,-1.78620
6429.15000,-1.27620,1.34051,-1.76852
6429.20000,-1.27808,1.33069,-1.75150
6429.25000,-1.27980,1.32084,-1.73516
6429.30000,-1.28136,1.31096,-1.71951
6429.35000,-1.28277,1.30106,-1.70461
6429.40000,-1.28403,1.29114,-1.69049
6429.45000,-1.28523,1.28121,-1.67638
6429.50000,-1.28541,1.27574,-1.66378
6429.55000,-1.28544,1.27517,-1.65187
6429.60000,-1.28546,1.27495,-1.64126
6429.65000,-1.28550,1.27456,-1.63056
6429.70000,-1.28553,1.27408,-1.61997
6429.75000,-1.28557,1.27361,-1.60972
6429.80000,-1.28560,1.27314,-1.59975
6429.85000,-1.28562,1.27266,-1.59012
6429.90000,-1.28564,1.27220,-1.58083
6429.95000,-1.28566,1.27173,-1.57180
6430.00000,-1.28567,1.27126,-1.56308
6430.05000,-1.28568,1.27079,-1.55471
6430.10000,-1.28568,1.27033,-1.54670
6430.15000,-1.28568,1.26987,-1.53907
6430.20000,-1.28568,1.26943,-1.53188
6430.25000,-1.28567,1.26899,-1.52516
6430.30000,-1.28566,1.26857,-1.51885
6430.35000,-1.28566,1.26815,-1.51287
6430.40000,-1.28564,1.26772,-1.50710
6430.45000,-1.28563,1.26728,-1.50144
6430.50000,-1.28561,1.26682,-1.49586
6430.55000,-1.28559,1.26634,-1.49037
6430.60000,-1.28556,1.26584,-1.48500
6430.65000,-1.28553,1.26532,-1.47979
6430.70000,-1.28549,1.26479,-1.47477
6430.75000,-1.28545,1.26425,-1.46996
6430.80000,-1.28541,1.26370,-1.46545
6430.85000,-1.28537,1.26316,-1.46131
6430.90000,-1.28532,1.26263,-1.45754
6430.95000,-1.28528,1.26211,-1.45412
6431.00000,-1.28523,1.26160,-1.45105
6431.05000,-1.28518,1.26109,-1.44828
6431.10000,-1.28513,1.26058,-1.44577
6431.15000,-1.28508,1.26006,-1.44344
6431.20000,-1.28502,1.25951,-1.44125
6431.25000,-1.28496,1.25895,-1.43916
6431.30000,-1.28490,1.25835,-1.43717
6431.35000,-1.28483,1.25772,-1.43533
6431.40000,-1.28475,1.25709,-1.43371
6431.45000,-1.28468,1.25645,-1.43232
6431.50000,-1.28460,1.25581,-1.43116
6431.55000,-1.28452,1.25515,-1.43022
6431.60000,-1.28444,1.25450,-1.42952
6431.65000,-1.28436,1.25385,-1.42908
6431.70000,-1.28428,1.25321,-1.42889
6431.75000,-1.28421,1.25257,-1.42893
6431.80000,-1.28413,1.25193,-1.42919
6431.85000,-1.28405,1.25128,-1.42961
6431.90000,-1.28397,1.25061,-1.43015
6431.95000,-1.28389,1.24991,-1.43077
6432.00000,-1.28379,1.24917,-1.43143
6432.05000,-1.28368,1.24838,-1.43209
6432.10000,-1.28357,1.24752,-1.43276
6432.15000,-1.28344,1.24661,-1.43346
6432.20000,-1.28330,1.24563,-1.43421
6432.25000,-1.28316,1.24458,-1.43501
6432.30000,-1.28301,1.24347,-1.43587
6432.35000,-1.28285,1.24230,-1.43678
6432.40000,-1.28268,1.24106,-1.43774
6432.45000,-1.28251,1.23977,-1.43880
6432.50000,-1.28234,1.23846,-1.43998
6432.55000,-1.28217,1.23716,-1.44130
6432.60000,-1.28200,1.23585,-1.44275
6432.65000,-1.28183,1.23454,-1.44433
6432.70000,-1.28167,1.23323,-1.44604
6432.75000,-1.28150,1.23193,-1.44787
6432.80000,-1.28134,1.23062,-1.44980
6432.85000,-1.28118,1.22930,-1.45181
6432.90000,-1.28102,1.22794,-1.45384
6432.95000,-1.28044,1.22399,-1.45560
6433.00000,-1.27932,1.21454,-1.45756
6433.05000,-1.27821,1.20465,-1.45964
6433.10000,-1.27711,1.19475,-1.46172
6433.15000,-1.27604,1.18486,-1.46371
6433.20000,-1.27498,1.17496,-1.46562
6433.25000,-1.27395,1.16505,-1.46744
6433.30000,-1.27293,1.15515,-1.46928
6433.35000,-1.27192,1.14523,-1.47108
6433.40000,-1.27094,1.13532,-1.47291
6433.45000,-1.26998,1.12541,-1.47480
6433.50000,-1.26903,1.11550,-1.47672
6433.55000,-1.26810,1.10559,-1.47867
6433.60000,-1.26719,1.09564,-1.48059
6433.65000,-1.26630,1.08571,-1.48243
6433.70000,-1.26543,1.07579,-1.48422
6433.75000,-1.26458,1.06587,-1.48585
6433.80000,-1.26374,1.05594,-1.48737
6433.85000,-1.26292,1.04601,-1.48877
6433.90000,-1.26211,1.03606,-1.49011
6433.95000,-1.26131,1.02611,-1.49140
6434.00000,-1.26052,1.01615,-1.49280
6434.05000,-1.25975,1.00618,-1.49423
6434.10000,-1.25899,0.99620,-1.49570
6434.15000,-1.25825,0.98623,-1.49718
6434.20000,-1.25752,0.97626,-1.49867
6434.25000,-1.25681,0.96628,-1.50007
6434.30000,-1.25611,0.95631,-1.50128
6434.35000,-1.25542,0.94633,-1.50226
6434.40000,-1.25474,0.93636,-1.50296
6434.45000,-1.25406,0.92638,-1.50337
6434.50000,-1.25339,0.91640,-1.50348
6434.55000,-1.25271,0.90642,-1.50326
6434.60000,-1.25203,0.89645,-1.50266
6434.65000,-1.25135,0.88647,-1.50166
6434.70000,-1.25065,0.87649,-1.50035
6434.75000,-1.24994,0.86650,-1.49859
6434.80000,-1.24921,0.85648,-1.49624
6434.85000,-1.24845,0.84651,-1.49299
6434.90000,-1.24766,0.83663,-1.48765
6434.95000,-1.24679,0.82682,-1.47750
6435.00000,-1.24605,0.81820,-1.46625
6435.05000,-1.24560,0.81315,-1.44094
6435.10000,-1.24515,0.80993,-1.39442
6435.15000,-1.24485,0.80842,-1.33514
6435.20000,-1.24484,0.80839,-1.27063
6435.25000,-1.24482,0.80835,-1.20803
6435.30000,-1.24481,0.80832,-1.14905
6435.35000,-1.24480,0.80830,-1.09500
6435.40000,-1.24478,0.80828,-1.04727
6435.45000,-1.24477,0.80826,-1.00698
6435.50000,-1.24476,0.80824,-0.97283
6435.55000,-1.24452,0.80787,-0.94425
6435.60000,-1.24273,0.80567,-0.91843
6435.65000,-1.23705,0.79843,-0.89885
6435.70000,-1.23099,0.79095,-0.87952
6435.75000,-1.22492,0.78361,-0.86061
6435.80000,-1.22300,0.78112,-0.83913
6435.85000,-1.22290,0.78102,-0.80337
6435.90000,-1.22288,0.78099,-0.76542
6435.95000,-1.22285,0.78097,-0.72872
6436.00000,-1.22283,0.78095,-0.69250
6436.05000,-1.22280,0.78093,-0.65677
6436.10000,-1.22277,0.78090,-0.62150
6436.15000,-1.22274,0.78089,-0.58668
6436.20000,-1.22271,0.78087,-0.55237
6436.25000,-1.22268,0.78085,-0.51885
6436.30000,-1.22265,0.78083,-0.48605
6436.35000,-1.22262,0.78082,-0.45392
6436.40000,-1.22259,0.78080,-0.42248
6436.45000,-1.22255,0.78078,-0.39198
6436.50000,-1.22251,0.78077,-0.36266
6436.55000,-1.22197,0.78056,-0.33256
6436.60000,-1.21997,0.77955,-0.30423
6436.65000,-1.21175,0.77695,-0.28009
6436.70000,-1.20185,0.77425,-0.25262
6436.75000,-1.19171,0.77165,-0.22476
6436.80000,-1.18363,0.77049,-0.19816
6436.85000,-1.18163,0.77035,-0.16395
6436.90000,-1.18077,0.77024,-0.12465
6436.95000,-1.18035,0.77017,-0.08735
6437.00000,-1.17932,0.77008,-0.04796
6437.05000,-1.17831,0.77005,-0.00856
6437.10000,-1.17738,0.77006,0.03074
6437.15000,-1.17652,0.77007,0.06976
6437.20000,-1.17608,0.77011,0.10746
6437.25000,-1.17602,0.77012,0.14359
6437.30000,-1.17595,0.77013,0.17945
6437.35000,-1.17588,0.77014,0.21499
6437.40000,-1.17581,0.77016,0.25031
6437.45000,-1.17574,0.77018,0.28538
6437.50000,-1.17567,0.77020,0.32006
6437.55000,-1.17560,0.77023,0.35416
6437.60000,-1.17553,0.77025,0.38769
6437.65000,-1.17546,0.77028,0.42065
6437.70000,-1.17349,0.77155,0.45321
6437.75000,-1.16607,0.77535,0.48078
6437.80000,-1.15740,0.78004,0.51237
6437.85000,-1.14876,0.78509,0.54395
6437.90000,-1.14028,0.79039,0.57451
6437.95000,-1.13197,0.79595,0.60416
6438.00000,-1.12383,0.80175,0.63282
6438.05000,-1.11584,0.80777,0.66033
6438.10000,-1.10803,0.81400,0.68655
6438.15000,-1.10039,0.82043,0.71118
6438.20000,-1.09289,0.82704,0.73446
6438.25000,-1.08555,0.83382,0.75603
6438.30000,-1.07825,0.84081,0.77604
6438.35000,-1.07109,0.84795,0.79361
6438.40000,-1.06407,0.85509,0.81053
6438.45000,-1.06073,0.85854,0.82662
6438.50000,-1.06042,0.85885,0.83556
6438.55000,-1.06037,0.85891,0.84145
6438.60000,-1.06032,0.85897,0.84818
6438.65000,-1.06027,0.85902,0.85628
6438.70000,-1.06022,0.85907,0.86610
6438.75000,-1.06018,0.85913,0.87799
6438.80000,-1.05862,0.86076,0.88966
6438.85000,-1.05305,0.86762,0.90176
6438.90000,-1.04691,0.87551,0.91797
6438.95000,-1.04090,0.88350,0.93273
6439.00000,-1.03493,0.89153,0.94743
6439.05000,-1.03277,0.89554,0.96004
6439.10000,-1.03270,0.89565,0.96660
6439.15000,-1.03264,0.89573,0.97074
6439.20000,-1.03257,0.89584,0.97492
6439.25000,-1.03249,0.89595,0.97954
6439.30000,-1.03243,0.89604,0.98446
6439.35000,-1.03238,0.89611,0.99035
6439.40000,-1.03233,0.89618,0.99760
6439.45000,-1.03229,0.89626,1.00660
6439.50000,-1.03104,0.89764,1.01516
6439.55000,-1.02630,0.90488,1.02443
6439.60000,-1.02117,0.91343,1.03792
6439.65000,-1.01612,0.92213,1.05077
6439.70000,-1.01117,0.93088,1.06146
6439.75000,-1.00628,0.93960,1.07164
6439.80000,-1.00509,0.94375,1.07845
6439.85000,-1.00505,0.94385,1.07987
6439.90000,-1.00501,0.94392,1.07927
6439.95000,-1.00498,0.94399,1.07903
6440.00000,-1.00493,0.94408,1.07957
6440.05000,-1.00487,0.94418,1.08141
6440.10000,-1.00479,0.94432,1.08496
6440.15000,-1.00469,0.94452,1.09069
6440.20000,-1.00301,0.94647,1.09620
6440.25000,-0.99873,0.95381,1.10282
6440.30000,-0.99416,0.96296,1.11336
6440.35000,-0.98972,0.97209,1.12255
6440.40000,-0.98532,0.98128,1.13186
6440.45000,-0.98371,0.98645,1.13846
6440.50000,-0.98367,0.98685,1.13879
6440.55000,-0.98366,0.98685,1.13582
6440.60000,-0.98365,0.98686,1.13252
6440.65000,-0.98364,0.98687,1.12921
6440.70000,-0.98363,0.98688,1.12600
6440.75000,-0.98362,0.98690,1.12361
6440.80000,-0.98360,0.98696,1.12281
6440.85000,-0.98355,0.98706,1.12408
6440.90000,-0.98346,0.98721,1.12779
6440.95000,-0.98194,0.98895,1.13074
6441.00000,-0.97797,0.99669,1.13581
6441.05000,-0.97370,1.00598,1.14527
6441.10000,-0.96953,1.01529,1.15382
6441.15000,-0.96545,1.02458,1.16019
6441.20000,-0.96145,1.03385,1.16401
6441.25000,-0.95751,1.04294,1.16790
6441.30000,-0.95659,1.04768,1.16800
6441.35000,-0.95658,1.04784,1.16130
6441.40000,-0.95666,1.04765,1.15062
6441.45000,-0.95675,1.04745,1.13971
6441.50000,-0.95682,1.04729,1.12987
6441.55000,-0.95686,1.04717,1.12216
6441.60000,-0.95688,1.04713,1.11707
6441.65000,-0.95690,1.04710,1.11329
6441.70000,-0.95688,1.04712,1.11125
6441.75000,-0.95571,1.04840,1.10763
6441.80000,-0.95163,1.05464,1.10568
6441.85000,-0.94711,1.06365,1.10891
6441.90000,-0.94258,1.07272,1.11235
6441.95000,-0.93812,1.08176,1.11577
6442.00000,-0.93373,1.09077,1.11800
6442.05000,-0.92935,1.09976,1.11842
6442.10000,-0.92498,1.10876,1.11862
6442.15000,-0.92064,1.11773,1.11880
6442.20000,-0.91907,1.12370,1.11675
6442.25000,-0.91838,1.12571,1.10998
6442.30000,-0.91854,1.12548,1.09010
6442.35000,-0.91874,1.12511,1.06742
6442.40000,-0.91897,1.12471,1.04672
6442.45000,-0.91912,1.12445,1.02850
6442.50000,-0.91913,1.12442,1.01300
6442.55000,-0.91919,1.12435,1.00327
6442.60000,-0.91752,1.12610,0.99379
6442.65000,-0.91247,1.13349,0.98989
6442.70000,-0.90698,1.14188,0.99244
6442.75000,-0.90151,1.15028,0.99515
6442.80000,-0.89609,1.15864,0.99377
6442.85000,-0.89101,1.16664,0.99158
6442.90000,-0.88832,1.17084,0.97611
6442.95000,-0.88665,1.17325,0.93576
6443.00000,-0.88567,1.17451,0.87707
6443.05000,-0.88534,1.17490,0.80853
6443.10000,-0.88531,1.17492,0.73719
6443.15000,-0.88529,1.17495,0.66569
6443.20000,-0.88526,1.17497,0.59430
6443.25000,-0.88523,1.17499,0.52315
6443.30000,-0.88520,1.17500,0.45230
6443.35000,-0.88517,1.17502,0.38180
6443.40000,-0.88513,1.17503,0.31124
6443.45000,-0.88510,1.17504,0.23939
6443.50000,-0.88507,1.17504,0.16577
6443.55000,-0.88504,1.17505,0.09015
6443.60000,-0.88500,1.17505,0.01250
6443.65000,-0.88497,1.17505,-0.06706
6443.70000,-0.88494,1.17505,-0.14795
6443.75000,-0.88490,1.17504,-0.22890
6443.80000,-0.88487,1.17503,-0.30925
6443.85000,-0.88484,1.17502,-0.38904
6443.90000,-0.88481,1.17500,-0.46860
6443.95000,-0.88478,1.17499,-0.55029
6444.00000,-0.88476,1.17497,-0.63502
6444.05000,-0.88474,1.17496,-0.72361
6444.10000,-0.88474,1.17491,-0.79957
6444.15000,-0.88474,1.17481,-0.85314
6444.20000,-0.88449,1.17439,-0.88502
6444.25000,-0.88377,1.17341,-0.88731
6444.30000,-0.88295,1.17228,-0.87153
6444.35000,-0.88241,1.17157,-0.83813
6444.40000,-0.88237,1.17152,-0.79955
6444.45000,-0.88232,1.17147,-0.76120
6444.50000,-0.88226,1.17143,-0.72297
6444.55000,-0.88221,1.17138,-0.68469
6444.60000,-0.88214,1.17132,-0.64653
6444.65000,-0.88207,1.17127,-0.60852
6444.70000,-0.88200,1.17123,-0.57056
6444.75000,-0.88192,1.17118,-0.53249
6444.80000,-0.88183,1.17113,-0.49426
6444.85000,-0.88174,1.17108,-0.45588
6444.90000,-0.88165,1.17104,-0.41735
6444.95000,-0.88155,1.17100,-0.37871
6445.00000,-0.88145,1.17096,-0.34007
6445.05000,-0.88134,1.17092,-0.30149
6445.10000,-0.88124,1.17089,-0.26304
6445.15000,-0.88113,1.17087,-0.22469
6445.20000,-0.88102,1.17084,-0.18644
6445.25000,-0.88091,1.17083,-0.14826
6445.30000,-0.88080,1.17081,-0.10998
6445.35000,-0.88069,1.17080,-0.07144
6445.40000,-0.88058,1.17079,-0.03263
6445.45000,-0.88046,1.17079,0.00644
6445.50000,-0.88035,1.17080,0.04571
6445.55000,-0.88023,1.17080,0.08512
6445.60000,-0.88012,1.17082,0.12460
6445.65000,-0.88000,1.17083,0.16413
6445.70000,-0.87988,1.17086,0.20362
6445.75000,-0.87976,1.17088,0.24294
6445.80000,-0.87965,1.17091,0.28204
6445.85000,-0.87953,1.17095,0.32092
6445.90000,-0.87942,1.17099,0.35955
6445.95000,-0.87931,1.17103,0.39794
6446.00000,-0.87879,1.17129,0.43768
6446.05000,-0.87782,1.17174,0.47923
6446.10000,-0.87709,1.17212,0.51960
6446.15000,-0.87643,1.17250,0.55949
6446.20000,-0.87553,1.17308,0.60056
6446.25000,-0.87465,1.17368,0.64147
6446.30000,-0.87381,1.17427,0.68219
6446.35000,-0.87299,1.17495,0.72279
6446.40000,-0.87220,1.17567,0.76345
6446.45000,-0.87145,1.17641,0.80390
6446.50000,-0.87072,1.17720,0.84401
6446.55000,-0.87029,1.17769,0.88234
6446.60000,-0.86992,1.17812,0.91984
6446.65000,-0.86944,1.17875,0.95790
6446.70000,-0.86929,1.17893,0.99334
6446.75000,-0.86904,1.17932,1.02941
6446.80000,-0.86865,1.17997,1.06638
6446.85000,-0.86817,1.18088,1.10413
6446.90000,-0.86797,1.18125,1.13880
6446.95000,-0.86788,1.18141,1.17218
6447.00000,-0.86783,1.18152,1.20487
6447.05000,-0.86779,1.18164,1.23713
6447.10000,-0.86775,1.18176,1.26894
6447.15000,-0.86771,1.18188,1.30030
6447.20000,-0.86768,1.18200,1.33121
6447.25000,-0.86766,1.18212,1.36164
6447.30000,-0.86763,1.18224,1.39161
6447.35000,-0.86761,1.18237,1.42111
6447.40000,-0.86759,1.18249,1.45014
6447.45000,-0.86758,1.18261,1.47873
6447.50000,-0.86732,1.18481,1.50684
6447.55000,-0.86691,1.19229,1.53434
6447.60000,-0.86669,1.20224,1.56182
6447.65000,-0.86674,1.21224,1.58967
6447.70000,-0.86707,1.22223,1.61813
6447.75000,-0.86769,1.23222,1.64741
6447.80000,-0.86845,1.24219,1.67672
6447.85000,-0.86856,1.24638,1.70615
6447.90000,-0.86857,1.24651,1.73947
6447.95000,-0.86859,1.24659,1.77360
6448.00000,-0.86861,1.24668,1.80721
6448.05000,-0.86863,1.24677,1.84031
6448.10000,-0.86866,1.24685,1.87301
6448.15000,-0.86869,1.24693,1.90533
6448.20000,-0.86872,1.24702,1.93738
6448.25000,-0.86875,1.24710,1.96914
6448.30000,-0.86997,1.24903,2.00058
6448.35000,-0.87350,1.25604,2.02855
6448.40000,-0.87802,1.26485,2.05883
6448.45000,-0.88284,1.27361,2.09073
6448.50000,-0.88775,1.28223,2.12243
6448.55000,-0.88898,1.28621,2.15631
6448.60000,-0.88911,1.28669,2.19484
6448.65000,-0.88916,1.28676,2.23410
6448.70000,-0.88921,1.28682,2.27280
6448.75000,-0.88926,1.28687,2.31081
6448.80000,-0.88931,1.28693,2.34819
6448.85000,-0.88937,1.28699,2.38493
6448.90000,-0.88943,1.28704,2.42095
6448.95000,-0.88949,1.28709,2.45629
6449.00000,-0.88955,1.28714,2.49101
6449.05000,-0.89149,1.28869,2.52462
6449.10000,-0.89849,1.29355,2.55518
6449.15000,-0.90681,1.29887,2.58899
6449.20000,-0.91541,1.30397,2.62422
6449.25000,-0.92403,1.30885,2.65923
6449.30000,-0.92661,1.30961,2.69520
6449.35000,-0.92739,1.30996,2.73425
6449.40000,-0.92950,1.31115,2.76932
6449.45000,-0.93746,1.31423,2.80085
6449.50000,-0.94684,1.31739,2.83417
6449.55000,-0.95660,1.32031,2.86776
6449.60000,-0.96633,1.32288,2.89961
6449.65000,-0.97607,1.32513,2.92988
6449.70000,-0.98587,1.32709,2.95859
6449.75000,-0.99573,1.32878,2.98556
6449.80000,-1.00562,1.33021,3.01052
6449.85000,-1.01570,1.33141,3.03396
6449.90000,-1.02565,1.33238,3.05476
6449.95000,-1.03561,1.33315,3.07330
6450.00000,-1.04560,1.33384,3.09176
6450.05000,-1.05075,1.33392,3.10923
6450.10000,-1.05140,1.33392,3.12244
6450.15000,-1.05152,1.33392,3.13215
6450.20000,-1.05159,1.33392,3.14094
6450.25000,-1.05166,1.33392,-3.13395
6450.30000,-1.05172,1.33392,-3.12623
6450.35000,-1.05179,1.33392,-3.11910
6450.40000,-1.05186,1.33392,-3.11250
6450.45000,-1.05193,1.33392,-3.10632
6450.50000,-1.05200,1.33391,-3.10046
6450.55000,-1.05206,1.33391,-3.09486
6450.60000,-1.05214,1.33391,-3.08961
6450.65000,-1.05221,1.33390,-3.08488
6450.70000,-1.05228,1.33390,-3.08065
6450.75000,-1.05235,1.33389,-3.07691
6450.80000,-1.05242,1.33389,-3.07364
6450.85000,-1.05249,1.33388,-3.07083
6450.90000,-1.05256,1.33388,-3.06845
6450.95000,-1.05264,1.33387,-3.06650
6451.00000,-1.05271,1.33387,-3.06508
6451.05000,-1.05278,1.33386,-3.06421
6451.10000,-1.05285,1.33386,-3.06388
6451.15000,-1.05292,1.33385,-3.06402
6451.20000,-1.05300,1.33385,-3.06455
6451.25000,-1.05307,1.33384,-3.06545
6451.30000,-1.05314,1.33384,-3.06672
6451.35000,-1.05321,1.33383,-3.06837
6451.40000,-1.05328,1.33382,-3.07038
6451.45000,-1.05335,1.33382,-3.07275
6451.50000,-1.05343,1.33381,-3.07548
6451.55000,-1.05350,1.33381,-3.07857
6451.60000,-1.05357,1.33381,-3.08206
6451.65000,-1.05364,1.33380,-3.08604
6451.70000,-1.05372,1.33380,-3.09058
6451.75000,-1.05379,1.33379,-3.09575
6451.80000,-1.05386,1.33379,-3.10155
6451.85000,-1.05393,1.33379,-3.10790
6451.90000,-1.05400,1.33379,-3.11464
6451.95000,-1.05407,1.33378,-3.12168
6452.00000,-1.05414,1.33378,-3.12901
6452.05000,-1.05421,1.33378,-3.13654
6452.10000,-1.05428,1.33378,3.13889
6452.15000,-1.05435,1.33378,3.13093
6452.20000,-1.05442,1.33378,3.12278
6452.25000,-1.05449,1.33379,3.11444
6452.30000,-1.05456,1.33379,3.10593
6452.35000,-1.05463,1.33379,3.09726
6452.40000,-1.05470,1.33379,3.08844
6452.45000,-1.05477,1.33380,3.07940
6452.50000,-1.05484,1.33380,3.07001
6452.55000,-1.05491,1.33381,3.06003
6452.60000,-1.05498,1.33381,3.04936
6452.65000,-1.05505,1.33382,3.03800
6452.70000,-1.05512,1.33383,3.02609
6452.75000,-1.05519,1.33384,3.01377
6452.80000,-1.05526,1.33385,3.00120
6452.85000,-1.05533,1.33386,2.98843
6452.90000,-1.05540,1.33387,2.97558
6452.95000,-1.05547,1.33388,2.96266
6453.00000,-1.05554,1.33389,2.94970
6453.05000,-1.05561,1.33391,2.93669
6453.10000,-1.05568,1.33392,2.92363
6453.15000,-1.05575,1.33394,2.91040
6453.20000,-1.05582,1.33395,2.89688
6453.25000,-1.05588,1.33397,2.88307
6453.30000,-1.05595,1.33399,2.86902
6453.35000,-1.05602,1.33401,2.85482
6453.40000,-1.05609,1.33403,2.84056
6453.45000,-1.05615,1.33405,2.82627
6453.50000,-1.05622,1.33407,2.81204
6453.55000,-1.05628,1.33409,2.79797
6453.60000,-1.05634,1.33412,2.78430
6453.65000,-1.05640,1.33414,2.77098
6453.70000,-1.05646,1.33416,2.75783
6453.75000,-1.05652,1.33419,2.74464
6453.80000,-1.05658,1.33421,2.73148
6453.85000,-1.05664,1.33424,2.71831
6453.90000,-1.05670,1.33427,2.70512
6453.95000,-1.05676,1.33429,2.69200
6454.00000,-1.05681,1.33432,2.67904
6454.05000,-1.05687,1.33435,2.66634
6454.10000,-1.05686,1.33435,2.65385
6454.15000,-1.05673,1.33430,2.64144
6454.20000,-1.05849,1.33583,2.62831
6454.25000,-1.06506,1.34030,2.61691
6454.30000,-1.07349,1.34523,2.60880
6454.35000,-1.08200,1.35028,2.60408
6454.40000,-1.09058,1.35539,2.60361
6454.45000,-1.09919,1.36050,2.60908
6454.50000,-1.10791,1.36561,2.61552
6454.55000,-1.11549,1.36964,2.62146
6454.60000,-1.11839,1.37084,2.63378
6454.65000,-1.11875,1.37099,2.65844
6454.70000,-1.11883,1.37103,2.68627
6454.75000,-1.11892,1.37108,2.71577
6454.80000,-1.11902,1.37112,2.74630
6454.85000,-1.11912,1.37116,2.77715
6454.90000,-1.11923,1.37120,2.80792
6454.95000,-1.11934,1.37124,2.83860
6455.00000,-1.11945,1.37127,2.86916
6455.05000,-1.11956,1.37130,2.89961
6455.10000,-1.11968,1.37132,2.92993
6455.15000,-1.11979,1.37135,2.96010
6455.20000,-1.11991,1.37137,2.99014
6455.25000,-1.12003,1.37138,3.02019
6455.30000,-1.12015,1.37140,3.05056
6455.35000,-1.12029,1.37141,3.08143
6455.40000,-1.12043,1.37141,3.11285
6455.45000,-1.12060,1.37142,-3.13839
6455.50000,-1.12078,1.37141,-3.10595
6455.55000,-1.12098,1.37140,-3.07314
6455.60000,-1.12121,1.37138,-3.04006
6455.65000,-1.12145,1.37135,-3.00683
6455.70000,-1.12171,1.37131,-2.97369
6455.75000,-1.12197,1.37127,-2.94086
6455.80000,-1.12222,1.37121,-2.90833
6455.85000,-1.12248,1.37114,-2.87611
6455.90000,-1.12273,1.37107,-2.84421
6455.95000,-1.12299,1.37099,-2.81261
6456.00000,-1.12324,1.37090,-2.78126
6456.05000,-1.12350,1.37080,-2.75018
6456.10000,-1.12376,1.37068,-2.71940
6456.15000,-1.12401,1.37056,-2.68895
6456.20000,-1.12427,1.37044,-2.65887
6456.25000,-1.12452,1.37030,-2.62916
6456.30000,-1.12476,1.37016,-2.59983
6456.35000,-1.12501,1.37001,-2.57088
6456.40000,-1.12524,1.36985,-2.54232
6456.45000,-1.12548,1.36968,-2.51416
6456.50000,-1.12584,1.36942,-2.48583
6456.55000,-1.12607,1.36924,-2.45821
6456.60000,-1.12632,1.36903,-2.43082
6456.65000,-1.12656,1.36881,-2.40369
6456.70000,-1.12720,1.36822,-2.37477
6456.75000,-1.12795,1.36749,-2.34546
6456.80000,-1.12870,1.36670,-2.31626
6456.85000,-1.13085,1.36430,-2.28926
6456.90000,-1.13690,1.35723,-2.26528
6456.95000,-1.14362,1.34893,-2.23759
6457.00000,-1.15010,1.34046,-2.21059
6457.05000,-1.15580,1.33258,-2.18476
6457.10000,-1.16118,1.32475,-2.15939
6457.15000,-1.16679,1.31614,-2.13570
6457.20000,-1.17228,1.30724,-2.11282
6457.25000,-1.17758,1.29822,-2.09107
6457.30000,-1.18272,1.28903,-2.07007
6457.35000,-1.18753,1.28000,-2.05082
6457.40000,-1.19212,1.27099,-2.03293
6457.45000,-1.19652,1.26197,-2.01607
6457.50000,-1.20076,1.25288,-1.99966
6457.55000,-1.20489,1.24365,-1.98327
6457.60000,-1.20883,1.23445,-1.96797
6457.65000,-1.21263,1.22522,-1.95368
6457.70000,-1.21632,1.21587,-1.94035
6457.75000,-1.21987,1.20653,-1.92916
6457.80000,-1.22338,1.19715,-1.91823
6457.85000,-1.22541,1.18931,-1.90898
6457.90000,-1.22593,1.18705,-1.90660
6457.95000,-1.22587,1.18715,-1.92133
6458.00000,-1.22587,1.18716,-1.94006
6458.05000,-1.22588,1.18714,-1.95838
6458.10000,-1.22589,1.18711,-1.97564
6458.15000,-1.22583,1.18724,-1.99110
6458.20000,-1.22581,1.18729,-2.00195
6458.25000,-1.22583,1.18726,-2.00648
6458.30000,-1.22586,1.18722,-2.00622
6458.35000,-1.22703,1.18588,-2.00493
6458.40000,-1.23036,1.18174,-2.00403
6458.45000,-1.23418,1.17515,-1.99936
6458.50000,-1.23828,1.16636,-1.99139
6458.55000,-1.24234,1.15720,-1.98419
6458.60000,-1.24634,1.14802,-1.97959
6458.65000,-1.25026,1.13884,-1.97486
6458.70000,-1.25146,1.13503,-1.97478
6458.75000,-1.25138,1.13518,-1.99495
6458.80000,-1.25138,1.13519,-2.02363
6458.85000,-1.25135,1.13525,-2.05192
6458.90000,-1.25128,1.13541,-2.07909
6458.95000,-1.25109,1.13578,-2.10162
6459.00000,-1.25111,1.13577,-2.11638
6459.05000,-1.25113,1.13574,-2.12316
6459.10000,-1.25275,1.13401,-2.12827
6459.15000,-1.25692,1.12866,-2.13211
6459.20000,-1.26161,1.12131,-2.13089
6459.25000,-1.26684,1.11292,-2.12479
6459.30000,-1.27206,1.10442,-2.11869
6459.35000,-1.27725,1.09586,-2.11384
6459.40000,-1.28240,1.08732,-2.11231
6459.45000,-1.28757,1.07873,-2.11102
6459.50000,-1.29127,1.07164,-2.11066
6459.55000,-1.29279,1.06900,-2.12980
6459.60000,-1.29293,1.06878,-2.17143
6459.65000,-1.29295,1.06875,-2.21664
6459.70000,-1.29298,1.06872,-2.26034
6459.75000,-1.29300,1.06869,-2.30004
6459.80000,-1.29302,1.06867,-2.33218
6459.85000,-1.29305,1.06866,-2.35277
6459.90000,-1.29469,1.06703,-2.36845
6459.95000,-1.30061,1.06132,-2.37411
6460.00000,-1.30769,1.05446,-2.37014
6460.05000,-1.31483,1.04749,-2.36586
6460.10000,-1.32193,1.04051,-2.36370
6460.15000,-1.32895,1.03361,-2.36853
6460.20000,-1.33575,1.02703,-2.37483
6460.25000,-1.33896,1.02404,-2.39124
6460.30000,-1.33958,1.02348,-2.43239
6460.35000,-1.33961,1.02345,-2.48002
6460.40000,-1.33963,1.02343,-2.52697
6460.45000,-1.33966,1.02341,-2.57104
6460.50000,-1.33968,1.02340,-2.60926
6460.55000,-1.33955,1.02342,-2.63731
6460.60000,-1.34135,1.02206,-2.66093
6460.65000,-1.34786,1.01857,-2.67145
6460.70000,-1.35600,1.01443,-2.67355
6460.75000,-1.35880,1.01371,-2.67224
6460.80000,-1.35889,1.01367,-2.66567
6460.85000,-1.35896,1.01364,-2.65751
6460.90000,-1.35901,1.01361,-2.64936
6460.95000,-1.35909,1.01358,-2.64043
6461.00000,-1.35911,1.01358,-2.63130
6461.05000,-1.35923,1.01353,-2.62205
6461.10000,-1.35932,1.01349,-2.61266
6461.15000,-1.35937,1.01347,-2.60215
6461.20000,-1.35952,1.01340,-2.59014
6461.25000,-1.35962,1.01334,-2.57706
6461.30000,-1.35981,1.01323,-2.56306
6461.35000,-1.35996,1.01314,-2.54825
6461.40000,-1.36020,1.01299,-2.53272
6461.45000,-1.36031,1.01292,-2.51673
6461.50000,-1.36048,1.01281,-2.50042
6461.55000,-1.36067,1.01268,-2.48503
6461.60000,-1.36095,1.01248,-2.46830
6461.65000,-1.36109,1.01238,-2.45226
6461.70000,-1.36129,1.01222,-2.43536
6461.75000,-1.36159,1.01199,-2.41905
6461.80000,-1.36179,1.01182,-2.40296
6461.85000,-1.36196,1.01167,-2.38739
6461.90000,-1.36219,1.01145,-2.37129
6461.95000,-1.36229,1.01135,-2.35548
6462.00000,-1.36217,1.01148,-2.33871
6462.05000,-1.36205,1.01161,-2.32177
6462.10000,-1.36194,1.01172,-2.30468
6462.15000,-1.36185,1.01182,-2.28749
6462.20000,-1.36178,1.01190,-2.27022
6462.25000,-1.36173,1.01196,-2.25291
6462.30000,-1.36170,1.01200,-2.23556
6462.35000,-1.36169,1.01202,-2.21821
6462.40000,-1.36170,1.01201,-2.20086
6462.45000,-1.36171,1.01198,-2.18359
6462.50000,-1.36174,1.01194,-2.16643
6462.55000,-1.36177,1.01190,-2.14945
6462.60000,-1.36181,1.01184,-2.13265
6462.65000,-1.36184,1.01179,-2.11603
6462.70000,-1.36188,1.01172,-2.09958
6462.75000,-1.36193,1.01164,-2.08326
6462.80000,-1.36198,1.01154,-2.06700
6462.85000,-1.36368,1.00925,-2.05236
6462.90000,-1.36780,1.00229,-2.03867
6462.95000,-1.37217,0.99350,-2.02321
6463.00000,-1.37653,0.98434,-2.00711
6463.05000,-1.38085,0.97488,-1.99077
6463.10000,-1.38501,0.96534,-1.97447
6463.15000,-1.38901,0.95575,-1.95822
6463.20000,-1.39286,0.94608,-1.94199
6463.25000,-1.39654,0.93636,-1.92580
6463.30000,-1.40007,0.92659,-1.90967
6463.35000,-1.40344,0.91675,-1.89361
6463.40000,-1.40666,0.90687,-1.87760
6463.45000,-1.40971,0.89694,-1.86159
6463.50000,-1.41260,0.88696,-1.84549
6463.55000,-1.41533,0.87692,-1.82917
6463.60000,-1.41790,0.86683,-1.81243
6463.65000,-1.42024,0.85696,-1.79517
6463.70000,-1.42241,0.84690,-1.77597
6463.75000,-1.42450,0.83680,-1.75627
6463.80000,-1.42542,0.82845,-1.73742
6463.85000,-1.42567,0.82549,-1.71740
6463.90000,-1.42578,0.82333,-1.68918
6463.95000,-1.42586,0.82230,-1.65451
6464.00000,-1.42589,0.82154,-1.61979
6464.05000,-1.42591,0.82084,-1.58709
6464.10000,-1.42591,0.82015,-1.55696
6464.15000,-1.42590,0.81940,-1.52761
6464.20000,-1.42588,0.81867,-1.49896
6464.25000,-1.42583,0.81793,-1.47090
6464.30000,-1.42577,0.81723,-1.44357
6464.35000,-1.42570,0.81654,-1.41708
6464.40000,-1.42561,0.81588,-1.39169
6464.45000,-1.42551,0.81526,-1.36763
6464.50000,-1.42468,0.81268,-1.34402
6464.55000,-1.42264,0.80566,-1.32156
6464.60000,-1.42009,0.79600,-1.30256
6464.65000,-1.41721,0.78594,-1.28164
6464.70000,-1.41423,0.77615,-1.25969
6464.75000,-1.41117,0.76700,-1.23605
6464.80000,-1.40809,0.75813,-1.21133
6464.85000,-1.40772,0.75407,-1.18589
6464.90000,-1.40744,0.75334,-1.15714
6464.95000,-1.40725,0.75287,-1.13190
6465.00000,-1.40588,0.75046,-1.10656
6465.05000,-1.40171,0.74253,-1.08761
6465.10000,-1.39700,0.73365,-1.07102
6465.15000,-1.39222,0.72508,-1.05481
6465.20000,-1.38723,0.71645,-1.03966
6465.25000,-1.38193,0.70758,-1.02411
6465.30000,-1.37647,0.69876,-1.00869
6465.35000,-1.37088,0.69003,-0.99359
6465.40000,-1.36534,0.68163,-0.97986
6465.45000,-1.35980,0.67350,-0.96582
6465.50000,-1.35425,0.66558,-0.95109
6465.55000,-1.34860,0.65778,-0.93652
6465.60000,-1.34283,0.65006,-0.92205
6465.65000,-1.33695,0.64242,-0.90768
6465.70000,-1.33096,0.63486,-0.89339
6465.75000,-1.32486,0.62739,-0.87915
6465.80000,-1.31866,0.62001,-0.86488
6465.85000,-1.31235,0.61271,-0.85050
6465.90000,-1.30594,0.60552,-0.83590
6465.95000,-1.29944,0.59842,-0.82094
6466.00000,-1.29283,0.59144,-0.80557
6466.05000,-1.28613,0.58457,-0.78962
6466.10000,-1.27926,0.57777,-0.77266
6466.15000,-1.27217,0.57098,-0.75419
6466.20000,-1.26496,0.56435,-0.73363
6466.25000,-1.25788,0.55810,-0.71137
6466.30000,-1.25072,0.55208,-0.68622
6466.35000,-1.24347,0.54614,-0.66080
6466.40000,-1.24129,0.54466,-0.63397
6466.45000,-1.24055,0.54414,-0.59798
6466.50000,-1.23983,0.54367,-0.56253
6466.55000,-1.23916,0.54327,-0.52934
6466.60000,-1.23890,0.54314,-0.49590
6466.65000,-1.23834,0.54285,-0.46700
6466.70000,-1.23590,0.54134,-0.44007
6466.75000,-1.22766,0.53752,-0.41689
6466.80000,-1.21810,0.53348,-0.39198
6466.85000,-1.20902,0.52986,-0.36490
6466.90000,-1.20033,0.52654,-0.33688
6466.95000,-1.19665,0.52629,-0.31024
6467.00000,-1.19583,0.52605,-0.27610
6467.05000,-1.19513,0.52589,-0.24358
6467.10000,-1.19444,0.52575,-0.21281
6467.15000,-1.19182,0.52497,-0.18508
6467.20000,-1.18351,0.52345,-0.16013
6467.25000,-1.17427,0.52209,-0.13132
6467.30000,-1.16513,0.52092,-0.10225
6467.35000,-1.16181,0.52089,-0.07338
6467.40000,-1.16140,0.52086,-0.03689
6467.45000,-1.16079,0.52085,0.00262
6467.50000,-1.16075,0.52085,0.04147
6467.55000,-1.16070,0.52086,0.08215
6467.60000,-1.16065,0.52086,0.12443
6467.65000,-1.16060,0.52087,0.16643
6467.70000,-1.16055,0.52088,0.20807
6467.75000,-1.16050,0.52089,0.24922
6467.80000,-1.16045,0.52090,0.28991
6467.85000,-1.16041,0.52092,0.33011
6467.90000,-1.16036,0.52094,0.37061
6467.95000,-1.16030,0.52096,0.41260
6468.00000,-1.16024,0.52099,0.45582
6468.05000,-1.16017,0.52102,0.49985
6468.10000,-1.16009,0.52107,0.54431
6468.15000,-1.16001,0.52112,0.58894
6468.20000,-1.15992,0.52118,0.63353
6468.25000,-1.15983,0.52125,0.67791
6468.30000,-1.15973,0.52133,0.72199
6468.35000,-1.15963,0.52143,0.76569
6468.40000,-1.15953,0.52153,0.80897
6468.45000,-1.15943,0.52164,0.85176
6468.50000,-1.15933,0.52176,0.89403
6468.55000,-1.15923,0.52189,0.93575
6468.60000,-1.15913,0.52203,0.97689
6468.65000,-1.15903,0.52218,1.01743
6468.70000,-1.15894,0.52234,1.05735
6468.75000,-1.15885,0.52251,1.09664
6468.80000,-1.15876,0.52268,1.13528
6468.85000,-1.15868,0.52286,1.17326
6468.90000,-1.15760,0.52481,1.20991
6468.95000,-1.15484,0.53222,1.24224
6469.00000,-1.15182,0.54156,1.27751
6469.05000,-1.14910,0.55118,1.31291
6469.10000,-1.14672,0.56089,1.34761
6469.15000,-1.14468,0.57068,1.38161
6469.20000,-1.14296,0.58053,1.41491
6469.25000,-1.14157,0.59043,1.44751
6469.30000,-1.14050,0.60037,1.47941
6469.35000,-1.13974,0.61034,1.51062
6469.40000,-1.13929,0.62033,1.54112
6469.45000,-1.13915,0.63033,1.57092
6469.50000,-1.13929,0.64033,1.60001
6469.55000,-1.13973,0.65032,1.62839
6469.60000,-1.14044,0.66029,1.65608
6469.65000,-1.14143,0.67024,1.68308
6469.70000,-1.14268,0.68020,1.70947
6469.75000,-1.14421,0.69034,1.73611
6469.80000,-1.14601,0.70041,1.76186
6469.85000,-1.14802,0.71020,1.78604
6469.90000,-1.15027,0.71994,1.80953
6469.95000,-1.15275,0.72963,1.83233
6470.00000,-1.15544,0.73926,1.85445
6470.05000,-1.15834,0.74883,1.87591
6470.10000,-1.16145,0.75833,1.89670
6470.15000,-1.16474,0.76778,1.91683
6470.20000,-1.16813,0.77719,1.93695
6470.25000,-1.16862,0.78151,1.95718
6470.30000,-1.16874,0.78180,1.97592
6470.35000,-1.16880,0.78195,1.99347
6470.40000,-1.16887,0.78211,2.01041
6470.45000,-1.16895,0.78226,2.02674
6470.50000,-1.16903,0.78241,2.04246
6470.55000,-1.16910,0.78257,2.05758
6470.60000,-1.16919,0.78272,2.07210
6470.65000,-1.16927,0.78287,2.08603
6470.70000,-1.16936,0.78302,2.09938
6470.75000,-1.16945,0.78317,2.11215
6470.80000,-1.16954,0.78333,2.12436
6470.85000,-1.16964,0.78348,2.13601
6470.90000,-1.16974,0.78363,2.14712
6470.95000,-1.16984,0.78379,2.15767
6471.00000,-1.16995,0.78395,2.16770
6471.05000,-1.17006,0.78411,2.17718
6471.10000,-1.17017,0.78427,2.18614
6471.15000,-1.17028,0.78443,2.19459
6471.20000,-1.17039,0.78458,2.20252
6471.25000,-1.17051,0.78474,2.20995
6471.30000,-1.17062,0.78489,2.21688
6471.35000,-1.17074,0.78505,2.22333
6471.40000,-1.17086,0.78520,2.22930
6471.45000,-1.17098,0.78536,2.23479
6471.50000,-1.17110,0.78551,2.23982
6471.55000,-1.17123,0.78567,2.24438
6471.60000,-1.17136,0.78583,2.24850
6471.65000,-1.17149,0.78599,2.25217
6471.70000,-1.17162,0.78615,2.25541
6471.75000,-1.17175,0.78631,2.25823
6471.80000,-1.17188,0.78648,2.26063
6471.85000,-1.17202,0.78664,2.26263
6471.90000,-1.17215,0.78680,2.26423
6471.95000,-1.17228,0.78696,2.26543
6472.00000,-1.17241,0.78712,2.26626
6472.05000,-1.17255,0.78728,2.26671
6472.10000,-1.17268,0.78744,2.26679
6472.15000,-1.17282,0.78760,2.26651
6472.20000,-1.17296,0.78776,2.26587
6472.25000,-1.17309,0.78793,2.26489
6472.30000,-1.17323,0.78809,2.26357
6472.35000,-1.17337,0.78826,2.26193
6472.40000,-1.17351,0.78843,2.25997
6472.45000,-1.17364,0.78859,2.25770
6472.50000,-1.17378,0.78876,2.25513
6472.55000,-1.17392,0.78893,2.25227
6472.60000,-1.17405,0.78909,2.24912
6472.65000,-1.17419,0.78926,2.24569
6472.70000,-1.17432,0.78943,2.24200
6472.75000,-1.17446,0.78960,2.23804
6472.80000,-1.17459,0.78977,2.23381
6472.85000,-1.17472,0.78995,2.22934
6472.90000,-1.17486,0.79012,2.22462
6472.95000,-1.17499,0.79030,2.21966
6473.00000,-1.17513,0.79047,2.21448
6473.05000,-1.17526,0.79065,2.20908
6473.10000,-1.17539,0.79083,2.20347
6473.15000,-1.17552,0.79101,2.19766
6473.20000,-1.17565,0.79119,2.19165
6473.25000,-1.17578,0.79137,2.18546
6473.30000,-1.17591,0.79156,2.17909
6473.35000,-1.17604,0.79174,2.17254
6473.40000,-1.17616,0.79192,2.16583
6473.45000,-1.17629,0.79211,2.15895
6473.50000,-1.17641,0.79229,2.15192
6473.55000,-1.17653,0.79248,2.14474
6473.60000,-1.17665,0.79267,2.13742
6473.65000,-1.17677,0.79286,2.12996
6473.70000,-1.17689,0.79305,2.12237
6473.75000,-1.17701,0.79324,2.11465
6473.80000,-1.17713,0.79344,2.10682
6473.85000,-1.17724,0.79363,2.09888
6473.90000,-1.17735,0.79383,2.09085
6473.95000,-1.17747,0.79403,2.08271
6474.00000,-1.17758,0.79422,2.07449
6474.05000,-1.17768,0.79442,2.06618
6474.10000,-1.17779,0.79462,2.05779
6474.15000,-1.17790,0.79482,2.04933
6474.20000,-1.17800,0.79502,2.04080
6474.25000,-1.17810,0.79523,2.03221
6474.30000,-1.17820,0.79543,2.02355
6474.35000,-1.17830,0.79564,2.01484
6474.40000,-1.17840,0.79584,2.00609
6474.45000,-1.17849,0.79605,1.99729
6474.50000,-1.17859,0.79626,1.98846
6474.55000,-1.17868,0.79647,1.97959
6474.60000,-1.17877,0.79667,1.97070
6474.65000,-1.17886,0.79688,1.96179
6474.70000,-1.17894,0.79710,1.95286
6474.75000,-1.17903,0.79731,1.94392
6474.80000,-1.17911,0.79752,1.93497
6474.85000,-1.17919,0.79773,1.92601
6474.90000,-1.17927,0.79795,1.91705
6474.95000,-1.17934,0.79816,1.90809
6475.00000,-1.17942,0.79838,1.89914
6475.05000,-1.17949,0.79860,1.89020
6475.10000,-1.17956,0.79882,1.88128
6475.15000,-1.17963,0.79903,1.87238
6475.20000,-1.18081,0.80103,1.86439
6475.25000,-1.18351,0.80883,1.85606
6475.30000,-1.18620,0.81822,1.84626
6475.35000,-1.18879,0.82762,1.83643
6475.40000,-1.19130,0.83705,1.82663
6475.45000,-1.19370,0.84651,1.81686
6475.50000,-1.19602,0.85599,1.80713
6475.55000,-1.19825,0.86549,1.79744
6475.60000,-1.20039,0.87502,1.78779
6475.65000,-1.20243,0.88456,1.77819
6475.70000,-1.20438,0.89413,1.76864
6475.75000,-1.20624,0.90371,1.75915
6475.80000,-1.20801,0.91332,1.74972
6475.85000,-1.20969,0.92294,1.74035
6475.90000,-1.21128,0.93258,1.73105
6475.95000,-1.21278,0.94224,1.72184
6476.00000,-1.21424,0.95198,1.71254
6476.05000,-1.21560,0.96173,1.70352
6476.10000,-1.21688,0.97159,1.69443
6476.15000,-1.21807,0.98140,1.68545
6476.20000,-1.21916,0.99118,1.67679
6476.25000,-1.22016,1.00091,1.66792
6476.30000,-1.22108,1.01065,1.65915
6476.35000,-1.22190,1.02040,1.65049
6476.40000,-1.22265,1.03016,1.64193
6476.45000,-1.22331,1.03993,1.63349
6476.50000,-1.22388,1.04971,1.62517
6476.55000,-1.22438,1.05949,1.61697
6476.60000,-1.22480,1.06928,1.60890
6476.65000,-1.22513,1.07908,1.60096
6476.70000,-1.22539,1.08888,1.59315
6476.75000,-1.22558,1.09868,1.58549
6476.80000,-1.22569,1.10849,1.57798
6476.85000,-1.22573,1.11831,1.57063
6476.90000,-1.22569,1.12813,1.56343
6476.95000,-1.22559,1.13795,1.55641
6477.00000,-1.22542,1.14778,1.54957
6477.05000,-1.22518,1.15761,1.54306
6477.10000,-1.22487,1.16746,1.53671
6477.15000,-1.22451,1.17731,1.53059
6477.20000,-1.22408,1.18717,1.52464
6477.25000,-1.22360,1.19703,1.51890
6477.30000,-1.22306,1.20690,1.51337
6477.35000,-1.22246,1.21676,1.50816
6477.40000,-1.22182,1.22663,1.50325
6477.45000,-1.22113,1.23650,1.49863
6477.50000,-1.22039,1.24638,1.49435
6477.55000,-1.21962,1.25626,1.49047
6477.60000,-1.21880,1.26615,1.48702
6477.65000,-1.21796,1.27605,1.48405
6477.70000,-1.21708,1.28595,1.48160
6477.75000,-1.21619,1.29587,1.47972
6477.80000,-1.21528,1.30580,1.47855
6477.85000,-1.21436,1.31575,1.47827
6477.90000,-1.21343,1.32572,1.47897
6477.95000,-1.21252,1.33572,1.48094
6478.00000,-1.21163,1.34576,1.48446
6478.05000,-1.21079,1.35580,1.48953
6478.10000,-1.20995,1.36578,1.49546
6478.15000,-1.20991,1.36993,1.50003
6478.20000,-1.20989,1.37032,1.51349
6478.25000,-1.20989,1.37038,1.52877
6478.30000,-1.20989,1.37043,1.54384
6478.35000,-1.20989,1.37049,1.55851
6478.40000,-1.20989,1.37055,1.57278
6478.45000,-1.20989,1.37061,1.58665
6478.50000,-1.20989,1.37066,1.60017
6478.55000,-1.20989,1.37072,1.61359
6478.60000,-1.20989,1.37078,1.62687
6478.65000,-1.20990,1.37084,1.64002
6478.70000,-1.20990,1.37090,1.65301
6478.75000,-1.20991,1.37097,1.66590
6478.80000,-1.20991,1.37103,1.67854
6478.85000,-1.20992,1.37110,1.69074
6478.90000,-1.20993,1.37117,1.70249
6478.95000,-1.20994,1.37124,1.71383
6479.00000,-1.20995,1.37131,1.72484
6479.05000,-1.20996,1.37138,1.73553
6479.10000,-1.21057,1.37294,1.74648
6479.15000,-1.21226,1.38068,1.75650
6479.20000,-1.21417,1.39059,1.76752
6479.25000,-1.21617,1.40062,1.77906
6479.30000,-1.21657,1.40664,1.79173
6479.35000,-1.21666,1.40752,1.81102
6479.40000,-1.21668,1.40762,1.83436
6479.45000,-1.21670,1.40768,1.85700
6479.50000,-1.21671,1.40774,1.87850
6479.55000,-1.21673,1.40780,1.89889
6479.60000,-1.21676,1.40786,1.91829
6479.65000,-1.21678,1.40792,1.93680
6479.70000,-1.21680,1.40799,1.95446
6479.75000,-1.21683,1.40805,1.97133
6479.80000,-1.21686,1.40811,1.98756
6479.85000,-1.21688,1.40817,2.00327
6479.90000,-1.21691,1.40824,2.01859
6479.95000,-1.21798,1.40952,2.03443
6480.00000,-1.22209,1.41668,2.04892
6480.05000,-1.22676,1.42552,2.06389
6480.10000,-1.23149,1.43433,2.07885
6480.15000,-1.23248,1.43787,2.09620
6480.20000,-1.23268,1.43824,2.11924
6480.25000,-1.23278,1.43841,2.14260
6480.30000,-1.23282,1.43847,2.16521
6480.35000,-1.23286,1.43853,2.18772
6480.40000,-1.23290,1.43858,2.20963
6480.45000,-1.23294,1.43864,2.23038
6480.50000,-1.23298,1.43869,2.24941
6480.55000,-1.23434,1.44015,2.26828
6480.60000,-1.24009,1.44680,2.28420
6480.65000,-1.24669,1.45433,2.29779
6480.70000,-1.25339,1.46176,2.31062
6480.75000,-1.26017,1.46910,2.32287
6480.80000,-1.26705,1.47637,2.33467
6480.85000,-1.27405,1.48359,2.34636
6480.90000,-1.28117,1.49078,2.35833
6480.95000,-1.28833,1.49783,2.37049
6481.00000,-1.29558,1.50479,2.38302
6481.05000,-1.30311,1.51183,2.39686
6481.10000,-1.31077,1.51879,2.41112
6481.15000,-1.31854,1.52565,2.42540
6481.20000,-1.32640,1.53239,2.43954
6481.25000,-1.33426,1.53897,2.45210
6481.30000,-1.34217,1.54542,2.46220
6481.35000,-1.35001,1.55171,2.46950
6481.40000,-1.35789,1.55797,2.47191
6481.45000,-1.36578,1.56422,2.47394
6481.50000,-1.37332,1.57012,2.47580
6481.55000,-1.37614,1.57200,2.47479
6481.60000,-1.37639,1.57220,2.46264
6481.65000,-1.37609,1.57195,2.44531
6481.70000,-1.37574,1.57166,2.42588
6481.75000,-1.37537,1.57133,2.40415
6481.80000,-1.37494,1.57093,2.37949
6481.85000,-1.37449,1.57050,2.35210
6481.90000,-1.37401,1.57001,2.32190
6481.95000,-1.37353,1.56948,2.28907
6482.00000,-1.37300,1.56886,2.25421
6482.05000,-1.37248,1.56821,2.21752
6482.10000,-1.37203,1.56760,2.18025
6482.15000,-1.37176,1.56720,2.14354
6482.20000,-1.37163,1.56704,2.10737
6482.25000,-1.37143,1.56672,2.07062
6482.30000,-1.37108,1.56606,2.03255
6482.35000,-1.37071,1.56528,1.99436
6482.40000,-1.37038,1.56451,1.95669
6482.45000,-1.37026,1.56419,1.92143
6482.50000,-1.37014,1.56382,1.88637
6482.55000,-1.37001,1.56343,1.85130
6482.60000,-1.36993,1.56321,1.81644
6482.65000,-1.36986,1.56292,1.78038
6482.70000,-1.36983,1.56286,1.74391
6482.75000,-1.36984,1.56294,1.70685
6482.80000,-1.36985,1.56306,1.66877
6482.85000,-1.36986,1.56320,1.62962
6482.90000,-1.36987,1.56334,1.58942
6482.95000,-1.36987,1.56350,1.54838
6483.00000,-1.36986,1.56367,1.50660
6483.05000,-1.36985,1.56386,1.46421
6483.10000,-1.36982,1.56405,1.42132
6483.15000,-1.36979,1.56425,1.37827
6483.20000,-1.36974,1.56446,1.33539
6483.25000,-1.36969,1.56467,1.29292
6483.30000,-1.36962,1.56488,1.25093
6483.35000,-1.36955,1.56509,1.20940
6483.40000,-1.36947,1.56529,1.16830
6483.45000,-1.36937,1.56549,1.12727
6483.50000,-1.36927,1.56570,1.08605
6483.55000,-1.36915,1.56591,1.04437
6483.60000,-1.36902,1.56614,1.00222
6483.65000,-1.36886,1.56637,0.95973
6483.70000,-1.36869,1.56661,0.91701
6483.75000,-1.36849,1.56686,0.87411
6483.80000,-1.36826,1.56711,0.83113
6483.85000,-1.36801,1.56738,0.78826
6483.90000,-1.36775,1.56763,0.74563
6483.95000,-1.36746,1.56789,0.70342
6484.00000,-1.36716,1.56813,0.66178
6484.05000,-1.36686,1.56836,0.62072
6484.10000,-1.36654,1.56857,0.58026
6484.15000,-1.36621,1.56878,0.54030
6484.20000,-1.36586,1.56898,0.50063
6484.25000,-1.36550,1.56917,0.46112
6484.30000,-1.36510,1.56936,0.42168
6484.35000,-1.36468,1.56954,0.38232
6484.40000,-1.36422,1.56971,0.34305
6484.45000,-1.36373,1.56987,0.30391
6484.50000,-1.36321,1.57003,0.26491
6484.55000,-1.36264,1.57017,0.22607
6484.60000,-1.36204,1.57030,0.18739
6484.65000,-1.36138,1.57041,0.14888
6484.70000,-1.36069,1.57050,0.11059
6484.75000,-1.35995,1.57057,0.07264
6484.80000,-1.35919,1.57061,0.03514
6484.85000,-1.35843,1.57062,-0.00182
6484.90000,-1.35766,1.57060,-0.03815
6484.95000,-1.35689,1.57056,-0.07384
6485.00000,-1.35613,1.57049,-0.10889
6485.05000,-1.35329,1.56997,-0.14347
6485.10000,-1.34555,1.56870,-0.17615
6485.15000,-1.33670,1.56696,-0.21264
6485.20000,-1.32784,1.56488,-0.24858
6485.25000,-1.31903,1.56248,-0.28355
6485.30000,-1.31030,1.55977,-0.31760
6485.35000,-1.30164,1.55677,-0.35085
6485.40000,-1.29306,1.55347,-0.38332
6485.45000,-1.28458,1.54989,-0.41502
6485.50000,-1.27619,1.54604,-0.44596
6485.55000,-1.26791,1.54193,-0.47607
6485.60000,-1.25974,1.53756,-0.50522
6485.65000,-1.25167,1.53294,-0.53331
6485.70000,-1.24370,1.52809,-0.56016
6485.75000,-1.23583,1.52302,-0.58571
6485.80000,-1.22807,1.51773,-0.60992
6485.85000,-1.22040,1.51225,-0.63273
6485.90000,-1.21283,1.50657,-0.65407
6485.95000,-1.20534,1.50071,-0.67402
6486.00000,-1.19791,1.49478,-0.69392
6486.05000,-1.19519,1.49317,-0.71321
6486.10000,-1.19529,1.49325,-0.72914
6486.15000,-1.19537,1.49332,-0.74526
6486.20000,-1.19546,1.49340,-0.76125
6486.25000,-1.19554,1.49348,-0.77733
6486.30000,-1.19562,1.49355,-0.79338
6486.35000,-1.19567,1.49360,-0.80982
6486.40000,-1.19570,1.49363,-0.82623
6486.45000,-1.19573,1.49366,-0.84252
6486.50000,-1.19575,1.49366,-0.85903
6486.55000,-1.19574,1.49363,-0.87562
6486.60000,-1.19384,1.49158,-0.89128
6486.65000,-1.18835,1.48496,-0.90653
6486.70000,-1.18250,1.47736,-0.92280
6486.75000,-1.17670,1.46971,-0.93906
6486.80000,-1.17546,1.46728,-0.95353
6486.85000,-1.17536,1.46714,-0.96831
6486.90000,-1.17525,1.46695,-0.98302
6486.95000,-1.17511,1.46673,-0.99756
6487.00000,-1.17495,1.46647,-1.01192
6487.05000,-1.17476,1.46615,-1.02595
6487.10000,-1.17458,1.46582,-1.03955
6487.15000,-1.17438,1.46547,-1.05255
6487.20000,-1.17418,1.46511,-1.06508
6487.25000,-1.17397,1.46474,-1.07719
6487.30000,-1.17377,1.46435,-1.08884
6487.35000,-1.17355,1.46393,-1.10013
6487.40000,-1.17332,1.46347,-1.11114
6487.45000,-1.17308,1.46297,-1.12189
6487.50000,-1.17281,1.46240,-1.13243
6487.55000,-1.17252,1.46177,-1.14275
6487.60000,-1.17220,1.46106,-1.15283
6487.65000,-1.17185,1.46028,-1.16266
6487.70000,-1.17148,1.45941,-1.17223
6487.75000,-1.17108,1.45845,-1.18153
6487.80000,-1.17066,1.45740,-1.19054
6487.85000,-1.17022,1.45628,-1.19921
6487.90000,-1.16977,1.45513,-1.20750
6487.95000,-1.16934,1.45396,-1.21540
6488.00000,-1.16890,1.45278,-1.22291
6488.05000,-1.16847,1.45158,-1.23005
6488.10000,-1.16805,1.45037,-1.23682
6488.15000,-1.16763,1.44916,-1.24323
6488.20000,-1.16722,1.44794,-1.24927
6488.25000,-1.16681,1.44669,-1.25494
6488.30000,-1.16639,1.44541,-1.26028
6488.35000,-1.16596,1.44406,-1.26533
6488.40000,-1.16552,1.44264,-1.27011
6488.45000,-1.16506,1.44113,-1.27463
6488.50000,-1.16457,1.43954,-1.27890
6488.55000,-1.16407,1.43784,-1.28293
6488.60000,-1.16354,1.43605,-1.28671
6488.65000,-1.16299,1.43415,-1.29026
6488.70000,-1.16241,1.43213,-1.29359
6488.75000,-1.16180,1.42999,-1.29670
6488.80000,-1.16116,1.42770,-1.29960
6488.85000,-1.16050,1.42529,-1.30229
6488.90000,-1.15981,1.42279,-1.30476
6488.95000,-1.15913,1.42026,-1.30697
6489.00000,-1.15844,1.41771,-1.30890
6489.05000,-1.15776,1.41516,-1.31057
6489.10000,-1.15708,1.41261,-1.31198
6489.15000,-1.15641,1.41007,-1.31313
6489.20000,-1.15575,1.40755,-1.31401
6489.25000,-1.15509,1.40503,-1.31465
6489.30000,-1.15442,1.40248,-1.31512
6489.35000,-1.15373,1.39986,-1.31544
6489.40000,-1.15303,1.39715,-1.31566
6489.45000,-1.15230,1.39435,-1.31576
6489.50000,-1.15154,1.39146,-1.31576
6489.55000,-1.15076,1.38845,-1.31565
6489.60000,-1.14995,1.38533,-1.31546
6489.65000,-1.14910,1.38209,-1.31518
6489.70000,-1.14822,1.37872,-1.31482
6489.75000,-1.14731,1.37526,-1.31437
6489.80000,-1.14640,1.37177,-1.31380
6489.85000,-1.14548,1.36829,-1.31309
6489.90000,-1.14456,1.36483,-1.31224
6489.95000,-1.14365,1.36139,-1.31126
6490.00000,-1.14275,1.35798,-1.31015
6490.05000,-1.14184,1.35458,-1.30894
6490.10000,-1.14092,1.35115,-1.30769
6490.15000,-1.13997,1.34765,-1.30643
6490.20000,-1.13901,1.34409,-1.30518
6490.25000,-1.13801,1.34045,-1.30392
6490.30000,-1.13700,1.33674,-1.30266
6490.35000,-1.13509,1.33170,-1.30051
6490.40000,-1.13243,1.32528,-1.29805
6490.45000,-1.12974,1.31726,-1.29624
6490.50000,-1.12702,1.30764,-1.29500
6490.55000,-1.12429,1.29801,-1.29383
6490.60000,-1.12155,1.28839,-1.29269
6490.65000,-1.11880,1.27876,-1.29163
6490.70000,-1.11603,1.26914,-1.29066
6490.75000,-1.11326,1.25953,-1.28973
6490.80000,-1.11048,1.24992,-1.28885
6490.85000,-1.10770,1.24030,-1.28798
6490.90000,-1.10490,1.23069,-1.28704
6490.95000,-1.10209,1.22108,-1.28607
6491.00000,-1.09928,1.21148,-1.28506
6491.05000,-1.09645,1.20187,-1.28399
6491.10000,-1.09362,1.19227,-1.28287
6491.15000,-1.09077,1.18268,-1.28168
6491.20000,-1.08791,1.17310,-1.28048
6491.25000,-1.08505,1.16353,-1.27922
6491.30000,-1.08217,1.15396,-1.27794
6491.35000,-1.07928,1.14439,-1.27673
6491.40000,-1.07637,1.13483,-1.27557
6491.45000,-1.07346,1.12526,-1.27446
6491.50000,-1.07053,1.11570,-1.27341
6491.55000,-1.06759,1.10614,-1.27236
6491.60000,-1.06465,1.09658,-1.27135
6491.65000,-1.06169,1.08703,-1.27031
6491.70000,-1.05874,1.07751,-1.26925
6491.75000,-1.05577,1.06798,-1.26822
6491.80000,-1.05279,1.05846,-1.26723
6491.85000,-1.04980,1.04894,-1.26629
6491.90000,-1.04681,1.03943,-1.26540
6491.95000,-1.04379,1.02988,-1.26456
6492.00000,-1.04077,1.02034,-1.26382
6492.05000,-1.03774,1.01079,-1.26312
6492.10000,-1.03471,1.00126,-1.26241
6492.15000,-1.03167,0.99172,-1.26170
6492.20000,-1.02862,0.98219,-1.26106
6492.25000,-1.02556,0.97265,-1.26049
6492.30000,-1.02250,0.96311,-1.25993
6492.35000,-1.01944,0.95357,-1.25924
6492.40000,-1.01636,0.94403,-1.25854
6492.45000,-1.01327,0.93448,-1.25778
6492.50000,-1.01018,0.92495,-1.25682
6492.55000,-1.00708,0.91541,-1.25574
6492.60000,-1.00396,0.90586,-1.25460
6492.65000,-1.00083,0.89631,-1.25332
6492.70000,-0.99768,0.88677,-1.25191
6492.75000,-0.99452,0.87722,-1.25036
6492.80000,-0.99134,0.86766,-1.24865
6492.85000,-0.98814,0.85809,-1.24688
6492.90000,-0.98491,0.84850,-1.24506
6492.95000,-0.98166,0.83889,-1.24318
6493.00000,-0.97838,0.82927,-1.24125
6493.05000,-0.97508,0.81964,-1.23924
6493.10000,-0.97179,0.81012,-1.23660
6493.15000,-0.96849,0.80061,-1.23378
6493.20000,-0.96515,0.79110,-1.23076
6493.25000,-0.96178,0.78161,-1.22754
6493.30000,-0.95837,0.77212,-1.22412
6493.35000,-0.95492,0.76263,-1.22046
6493.40000,-0.95144,0.75316,-1.21658
6493.45000,-0.94793,0.74371,-1.21236
6493.50000,-0.94438,0.73430,-1.20815
6493.55000,-0.94078,0.72487,-1.20339
6493.60000,-0.93714,0.71548,-1.19815
6493.65000,-0.93345,0.70610,-1.19264
6493.70000,-0.92972,0.69677,-1.18697
6493.75000,-0.92594,0.68748,-1.18074
6493.80000,-0.92211,0.67824,-1.17391
6493.85000,-0.91822,0.66905,-1.16731
6493.90000,-0.91426,0.65988,-1.16010
6493.95000,-0.91024,0.65074,-1.15213
6494.00000,-0.90615,0.64163,-1.14266
6494.05000,-0.90192,0.63233,-1.13260
6494.10000,-0.90114,0.62791,-1.12172
6494.15000,-0.90099,0.62750,-1.10896
6494.20000,-0.90088,0.62728,-1.09576
6494.25000,-0.90074,0.62695,-1.08297
6494.30000,-0.90059,0.62663,-1.07093
6494.35000,-0.90041,0.62626,-1.05922
6494.40000,-0.89881,0.62410,-1.04770
6494.45000,-0.89411,0.61636,-1.03786
6494.50000,-0.88895,0.60768,-1.02722
6494.55000,-0.88369,0.59909,-1.01526
6494.60000,-0.87826,0.59032,-1.00263
6494.65000,-0.87738,0.58732,-0.98852
6494.70000,-0.87722,0.58702,-0.97030
6494.75000,-0.87704,0.58672,-0.95192
6494.80000,-0.87705,0.58672,-0.93357
6494.85000,-0.87699,0.58662,-0.91569
6494.90000,-0.87691,0.58650,-0.89729
6494.95000,-0.87691,0.58652,-0.87901
6495.00000,-0.87692,0.58654,-0.86057
6495.05000,-0.87659,0.58613,-0.84170
6495.10000,-0.87659,0.58613,-0.82318
6495.15000,-0.87639,0.58590,-0.80446
6495.20000,-0.87601,0.58550,-0.78423
6495.25000,-0.87567,0.58515,-0.76413
6495.30000,-0.87541,0.58489,-0.74396
6495.35000,-0.87528,0.58478,-0.72377
6495.40000,-0.87516,0.58467,-0.70281
6495.45000,-0.87503,0.58457,-0.68103
6495.50000,-0.87490,0.58447,-0.65833
6495.55000,-0.87478,0.58437,-0.63462
6495.60000,-0.87466,0.58428,-0.60978
6495.65000,-0.87453,0.58420,-0.58372
6495.70000,-0.87441,0.58412,-0.55635
6495.75000,-0.87428,0.58405,-0.52756
6495.80000,-0.87416,0.58398,-0.49733
6495.85000,-0.87404,0.58391,-0.46681
6495.90000,-0.87391,0.58385,-0.43662
6495.95000,-0.87378,0.58379,-0.40661
6496.00000,-0.87365,0.58374,-0.37680
6496.05000,-0.87352,0.58369,-0.34719
6496.10000,-0.87338,0.58364,-0.31779
6496.15000,-0.87325,0.58360,-0.28860
6496.20000,-0.87311,0.58356,-0.25963
6496.25000,-0.87298,0.58353,-0.23088
6496.30000,-0.87284,0.58350,-0.20235
6496.35000,-0.87270,0.58347,-0.17406
6496.40000,-0.87256,0.58345,-0.14600
6496.45000,-0.87243,0.58343,-0.11818
6496.50000,-0.87229,0.58342,-0.09061
6496.55000,-0.87215,0.58341,-0.06328
6496.60000,-0.87201,0.58340,-0.03620
6496.65000,-0.87187,0.58340,-0.00937
6496.70000,-0.87108,0.58339,0.01966
6496.75000,-0.87023,0.58341,0.04885
6496.80000,-0.86939,0.58346,0.07786
6496.85000,-0.86855,0.58352,0.10666
6496.90000,-0.86773,0.58361,0.13521
6496.95000,-0.86692,0.58372,0.16353
6497.00000,-0.86611,0.58385,0.19158
6497.05000,-0.86530,0.58400,0.22020
6497.10000,-0.86444,0.58419,0.25121
6497.15000,-0.86352,0.58443,0.28487
6497.20000,-0.86256,0.58472,0.32083
6497.25000,-0.86165,0.58504,0.35834
6497.30000,-0.86071,0.58541,0.39739
6497.35000,-0.86011,0.58568,0.43609
6497.40000,-0.85954,0.58596,0.47545
6497.45000,-0.85939,0.58605,0.51367
6497.50000,-0.85924,0.58613,0.55232
6497.55000,-0.85909,0.58623,0.59128
6497.60000,-0.85894,0.58634,0.63042
6497.65000,-0.85879,0.58645,0.66963
6497.70000,-0.85864,0.58658,0.70883
6497.75000,-0.85849,0.58671,0.74794
6497.80000,-0.85834,0.58685,0.78688
6497.85000,-0.85820,0.58700,0.82561
6497.90000,-0.85801,0.58719,0.86430
6497.95000,-0.85782,0.58740,0.90275
6498.00000,-0.85769,0.58757,0.94058
6498.05000,-0.85757,0.58774,0.97800
6498.10000,-0.85745,0.58792,1.01502
6498.15000,-0.85734,0.58811,1.05161
6498.20000,-0.85723,0.58831,1.08774
6498.25000,-0.85713,0.58850,1.12341
6498.30000,-0.85704,0.58871,1.15858
6498.35000,-0.85695,0.58892,1.19325
6498.40000,-0.85685,0.58918,1.22791
6498.45000,-0.85590,0.59137,1.26271
6498.50000,-0.85358,0.59885,1.29392
6498.55000,-0.85108,0.60802,1.32787
6498.60000,-0.84890,0.61748,1.36095
6498.65000,-0.84708,0.62669,1.39458
6498.70000,-0.84554,0.63593,1.42765
6498.75000,-0.84432,0.64532,1.45968
6498.80000,-0.84340,0.65486,1.49044
6498.85000,-0.84275,0.66485,1.52002
6498.90000,-0.84240,0.67453,1.55082
6498.95000,-0.84235,0.68464,1.57940
6499.00000,-0.84257,0.69480,1.60786
6499.05000,-0.84305,0.70419,1.63588
6499.10000,-0.84378,0.71350,1.66260
6499.15000,-0.84476,0.72280,1.68825
6499.20000,-0.84597,0.73211,1.71280
6499.25000,-0.84742,0.74141,1.73619
6499.30000,-0.84907,0.75071,1.75837
6499.35000,-0.85097,0.76014,1.77986
6499.40000,-0.85317,0.77011,1.80011
6499.45000,-0.85556,0.78012,1.81864
6499.50000,-0.85805,0.78991,1.83682
6499.55000,-0.85939,0.79820,1.85568
6499.60000,-0.85950,0.80063,1.87174
6499.65000,-0.85958,0.80086,1.88291
6499.70000,-0.85964,0.80106,1.89429
6499.75000,-0.85970,0.80125,1.90565
6499.80000,-0.85975,0.80144,1.91702
6499.85000,-0.85981,0.80163,1.92838
6499.90000,-0.85986,0.80182,1.93973
6499.95000,-0.85991,0.80200,1.95107
6500.00000,-0.85996,0.80219,1.96237
6500.05000,-0.86001,0.80237,1.97344
6500.10000,-0.86007,0.80253,1.97859
6500.15000,-0.86013,0.80266,1.98193
6500.20000,-0.86020,0.80284,1.98489
6500.25000,-0.86026,0.80296,1.98700
6500.30000,-0.86032,0.80309,1.98807
6500.35000,-0.86037,0.80322,1.98884
6500.40000,-0.86043,0.80335,1.98916
6500.45000,-0.86048,0.80347,1.98928
6500.50000,-0.86053,0.80359,1.98858
6500.55000,-0.86058,0.80370,1.98738
6500.60000,-0.86064,0.80383,1.98564
6500.65000,-0.86069,0.80395,1.98344
6500.70000,-0.86074,0.80407,1.98079
6500.75000,-0.86080,0.80419,1.97770
6500.80000,-0.86085,0.80431,1.97418
6500.85000,-0.86090,0.80444,1.97025
6500.90000,-0.86095,0.80456,1.96593
6500.95000,-0.86100,0.80468,1.96122
6501.00000,-0.86105,0.80480,1.95614
6501.05000,-0.86110,0.80493,1.95071
6501.10000,-0.86115,0.80505,1.94494
6501.15000,-0.86120,0.80517,1.93884
6501.20000,-0.86125,0.80530,1.93242
6501.25000,-0.86129,0.80542,1.92568
6501.30000,-0.86134,0.80554,1.91866
6501.35000,-0.86138,0.80567,1.91135
6501.40000,-0.86142,0.80579,1.90377
6501.45000,-0.86147,0.80591,1.89593
6501.50000,-0.86151,0.80604,1.88783
6501.55000,-0.86155,0.80616,1.87952
6501.60000,-0.86159,0.80629,1.87098
6501.65000,-0.86163,0.80641,1.86221
6501.70000,-0.86166,0.80654,1.85317
6501.75000,-0.86170,0.80666,1.84384
6501.80000,-0.86173,0.80679,1.83423
6501.85000,-0.86177,0.80691,1.82437
6501.90000,-0.86180,0.80703,1.81426
6501.95000,-0.86183,0.80716,1.80392
6502.00000,-0.86186,0.80728,1.79342
6502.05000,-0.86188,0.80740,1.78279
6502.10000,-0.86191,0.80753,1.77204
6502.15000,-0.86193,0.80765,1.76118
6502.20000,-0.86196,0.80778,1.75023
6502.25000,-0.86198,0.80790,1.73917
6502.30000,-0.86200,0.80803,1.72804
6502.35000,-0.86202,0.80815,1.71684
6502.40000,-0.86204,0.80827,1.70558
6502.45000,-0.86205,0.80840,1.69426
6502.50000,-0.86207,0.80852,1.68279
6502.55000,-0.86208,0.80864,1.67107
6502.60000,-0.86209,0.80876,1.65904
6502.65000,-0.86210,0.80888,1.64662
6502.70000,-0.86211,0.80900,1.63371
6502.75000,-0.86212,0.80912,1.62031
6502.80000,-0.86212,0.80910,1.60707
6502.85000,-0.86210,0.80890,1.59437
6502.90000,-0.86208,0.80869,1.58130
6502.95000,-0.86206,0.80846,1.56789
6503.00000,-0.86205,0.80823,1.55396
6503.05000,-0.86205,0.80799,1.53933
6503.10000,-0.86206,0.80772,1.52396
6503.15000,-0.86207,0.80751,1.50776
6503.20000,-0.86209,0.80712,1.48975
6503.25000,-0.86211,0.80674,1.47099
6503.30000,-0.86215,0.80633,1.44917
6503.35000,-0.86219,0.80597,1.42575
6503.40000,-0.86218,0.80603,1.40128
6503.45000,-0.86216,0.80612,1.37420
6503.50000,-0.86214,0.80622,1.34399
6503.55000,-0.86212,0.80631,1.31054
6503.60000,-0.86209,0.80642,1.27398
6503.65000,-0.86205,0.80653,1.23456
6503.70000,-0.86201,0.80666,1.19307
6503.75000,-0.86195,0.80679,1.15009
6503.80000,-0.86188,0.80693,1.10576
6503.85000,-0.86180,0.80708,1.06023
6503.90000,-0.86171,0.80725,1.01368
6503.95000,-0.86159,0.80742,0.96629
6504.00000,-0.86145,0.80761,0.91823
6504.05000,-0.86129,0.80781,0.86965
6504.10000,-0.86111,0.80802,0.82070
6504.15000,-0.86089,0.80824,0.77152
6504.20000,-0.86064,0.80847,0.72222
6504.25000,-0.86036,0.80870,0.67290
6504.30000,-0.86005,0.80894,0.62367
6504.35000,-0.85969,0.80918,0.57462
6504.40000,-0.85931,0.80942,0.52581
6504.45000,-0.85888,0.80965,0.47733
6504.50000,-0.85843,0.80988,0.42923
6504.55000,-0.85794,0.81008,0.38156
6504.60000,-0.85742,0.81028,0.33437
6504.65000,-0.85688,0.81045,0.28770
6504.70000,-0.85632,0.81060,0.24158
6504.75000,-0.85574,0.81073,0.19605
6504.80000,-0.85513,0.81084,0.15117
6504.85000,-0.85451,0.81092,0.10698
6504.90000,-0.85388,0.81097,0.06350
6504.95000,-0.85325,0.81100,0.02079
6505.00000,-0.85261,0.81100,-0.02113
6505.05000,-0.85198,0.81097,-0.06222
6505.10000,-0.85135,0.81092,-0.10246
6505.15000,-0.85075,0.81085,-0.14181
6505.20000,-0.85028,0.81079,-0.18064
6505.25000,-0.85048,0.81080,-0.22115
6505.30000,-0.85073,0.81083,-0.26094
6505.35000,-0.85078,0.81081,-0.29913
6505.40000,-0.85115,0.81091,-0.33707
6505.45000,-0.85151,0.81102,-0.37381
6505.50000,-0.84991,0.81007,-0.41042
6505.55000,-0.84303,0.80686,-0.44277
6505.60000,-0.83481,0.80280,-0.47515
6505.65000,-0.82665,0.79845,-0.50520
6505.70000,-0.81854,0.79381,-0.53242
6505.75000,-0.81050,0.78894,-0.55600
6505.80000,-0.80248,0.78385,-0.57510
6505.85000,-0.79471,0.77881,-0.59355
6505.90000,-0.79114,0.77698,-0.60925
6505.95000,-0.79083,0.77680,-0.61492
6506.00000,-0.79074,0.77673,-0.61640
6506.05000,-0.79064,0.77666,-0.61688
6506.10000,-0.79052,0.77658,-0.61648
6506.15000,-0.79040,0.77649,-0.61521
6506.20000,-0.79029,0.77642,-0.61298
6506.25000,-0.79019,0.77634,-0.60990
6506.30000,-0.79008,0.77626,-0.60600
6506.35000,-0.78997,0.77619,-0.60134
6506.40000,-0.78986,0.77611,-0.59593
6506.45000,-0.78975,0.77604,-0.58981
6506.50000,-0.78963,0.77596,-0.58302
6506.55000,-0.78952,0.77589,-0.57558
6506.60000,-0.78935,0.77578,-0.56805
6506.65000,-0.78917,0.77566,-0.56031
6506.70000,-0.78898,0.77554,-0.55256
6506.75000,-0.78875,0.77539,-0.54301
6506.80000,-0.78842,0.77521,-0.53025
6506.85000,-0.78802,0.77499,-0.51365
6506.90000,-0.78753,0.77472,-0.49432
6506.95000,-0.78698,0.77444,-0.47221
6507.00000,-0.78650,0.77420,-0.44802
6507.05000,-0.78628,0.77406,-0.42318
6507.10000,-0.78593,0.77390,-0.39651
6507.15000,-0.78527,0.77365,-0.36682
6507.20000,-0.78485,0.77347,-0.33717
6507.25000,-0.78452,0.77335,-0.30676
6507.30000,-0.78414,0.77322,-0.27518
6507.35000,-0.78350,0.77303,-0.24195
6507.40000,-0.78284,0.77291,-0.20783
6507.45000,-0.78216,0.77277,-0.17339
6507.50000,-0.78157,0.77271,-0.13867
6507.55000,-0.78133,0.77267,-0.10512
6507.60000,-0.78111,0.77265,-0.07145
6507.65000,-0.78093,0.77264,-0.03761
6507.70000,-0.78074,0.77263,-0.00357
6507.75000,-0.77992,0.77264,0.03310
6507.80000,-0.77936,0.77266,0.06900
6507.85000,-0.77900,0.77267,0.10431
6507.90000,-0.77828,0.77273,0.14097
6507.95000,-0.77804,0.77277,0.17577
6508.00000,-0.77782,0.77282,0.21052
6508.05000,-0.77761,0.77287,0.24522
6508.10000,-0.77741,0.77292,0.27990
6508.15000,-0.77720,0.77299,0.31454
6508.20000,-0.77700,0.77306,0.34913
6508.25000,-0.77680,0.77313,0.38364
6508.30000,-0.77660,0.77322,0.41804
6508.35000,-0.77640,0.77331,0.45232
6508.40000,-0.77620,0.77341,0.48645
6508.45000,-0.77601,0.77352,0.52042
6508.50000,-0.77581,0.77363,0.55421
6508.55000,-0.77563,0.77375,0.58780
6508.60000,-0.77544,0.77388,0.62118
6508.65000,-0.77526,0.77402,0.65433
6508.70000,-0.77508,0.77416,0.68724
6508.75000,-0.77491,0.77430,0.71990
6508.80000,-0.77474,0.77446,0.75230
6508.85000,-0.77458,0.77461,0.78442
6508.90000,-0.77442,0.77478,0.81624
6508.95000,-0.77426,0.77495,0.84777
6509.00000,-0.77411,0.77512,0.87899
6509.05000,-0.77397,0.77530,0.90989
6509.10000,-0.77383,0.77549,0.94046
6509.15000,-0.77370,0.77567,0.97069
6509.20000,-0.77357,0.77587,1.00058
6509.25000,-0.77345,0.77606,1.03011
6509.30000,-0.77333,0.77626,1.05929
6509.35000,-0.77322,0.77646,1.08809
6509.40000,-0.77312,0.77667,1.11653
6509.45000,-0.77302,0.77688,1.14458
6509.50000,-0.77293,0.77709,1.17226
6509.55000,-0.77284,0.77731,1.19954
6509.60000,-0.77276,0.77752,1.22644
6509.65000,-0.77269,0.77774,1.25293
6509.70000,-0.77245,0.77850,1.28114
6509.75000,-0.77219,0.77939,1.30965
6509.80000,-0.77123,0.78216,1.33705
6509.85000,-0.76921,0.79048,1.36265
6509.90000,-0.76715,0.80095,1.38969
6509.95000,-0.76536,0.81146,1.41635
6510.00000,-0.76386,0.82201,1.44252
6510.05000,-0.76266,0.83242,1.46744
6510.10000,-0.76174,0.84251,1.49054
6510.15000,-0.76105,0.85249,1.51266
6510.20000,-0.76058,0.86247,1.53436
6510.25000,-0.76032,0.87247,1.55566
6510.30000,-0.76027,0.88247,1.57656
6510.35000,-0.76043,0.89247,1.59704
6510.40000,-0.76080,0.90249,1.61724
6510.45000,-0.76136,0.91248,1.63689
6510.50000,-0.76212,0.92245,1.65613
6510.55000,-0.76306,0.93240,1.67496
6510.60000,-0.76419,0.94234,1.69337
6510.65000,-0.76551,0.95225,1.71137
6510.70000,-0.76699,0.96214,1.72896
6510.75000,-0.76865,0.97200,1.74616
6510.80000,-0.77048,0.98183,1.76295
6510.85000,-0.77247,0.99163,1.77935
6510.90000,-0.77462,1.00140,1.79537
6510.95000,-0.77692,1.01113,1.81100
6511.00000,-0.77938,1.02083,1.82625
6511.05000,-0.78198,1.03048,1.84114
6511.10000,-0.78472,1.04010,1.85564
6511.15000,-0.78759,1.04966,1.86961
6511.20000,-0.79059,1.05918,1.88316
6511.25000,-0.79373,1.06866,1.89633
6511.30000,-0.79698,1.07810,1.90911
6511.35000,-0.80035,1.08750,1.92151
6511.40000,-0.80384,1.09685,1.93351
6511.45000,-0.80744,1.10617,1.94513
6511.50000,-0.81114,1.11544,1.95637
6511.55000,-0.81495,1.12467,1.96726
6511.60000,-0.81885,1.13386,1.97778
6511.65000,-0.82285,1.14300,1.98799
6511.70000,-0.82697,1.15219,1.99841
6511.75000,-0.83117,1.16127,2.00926
6511.80000,-0.83551,1.17039,2.02043
6511.85000,-0.83994,1.17946,2.03088
6511.90000,-0.84449,1.18854,2.04097
6511.95000,-0.84914,1.19760,2.05055
6512.00000,-0.85385,1.20658,2.05977
6512.05000,-0.85867,1.21555,2.06876
6512.10000,-0.86355,1.22445,2.07710
6512.15000,-0.86846,1.23323,2.08584
6512.20000,-0.87345,1.24197,2.09387
6512.25000,-0.87856,1.25077,2.10142
6512.30000,-0.88368,1.25942,2.10905
6512.35000,-0.88886,1.26804,2.11611
6512.40000,-0.89410,1.27662,2.12269
6512.45000,-0.89941,1.28523,2.12888
6512.50000,-0.90109,1.28990,2.13728
6512.55000,-0.90118,1.29015,2.14253
6512.60000,-0.90129,1.29031,2.14717
6512.65000,-0.90136,1.29041,2.15217
6512.70000,-0.90143,1.29052,2.15717
6512.75000,-0.90150,1.29063,2.16217
6512.80000,-0.90156,1.29074,2.16716
6512.85000,-0.90163,1.29084,2.17215
6512.90000,-0.90170,1.29094,2.17714
6512.95000,-0.90176,1.29105,2.18212
6513.00000,-0.90183,1.29115,2.18711
6513.05000,-0.90189,1.29125,2.19208
6513.10000,-0.90196,1.29136,2.19706
6513.15000,-0.90202,1.29146,2.20204
6513.20000,-0.90208,1.29156,2.20701
6513.25000,-0.90215,1.29166,2.21187
6513.30000,-0.90224,1.29178,2.21364
6513.35000,-0.90232,1.29189,2.21545
6513.40000,-0.90239,1.29199,2.21729
6513.45000,-0.90246,1.29208,2.21912
6513.50000,-0.90253,1.29217,2.22096
6513.55000,-0.90390,1.29357,2.22323
6513.60000,-0.90901,1.29896,2.22618
6513.65000,-0.91511,1.30685,2.22745
6513.70000,-0.92123,1.31478,2.22854
6513.75000,-0.92735,1.32270,2.22987
6513.80000,-0.93350,1.33062,2.23145
6513.85000,-0.93965,1.33853,2.23320
6513.90000,-0.94583,1.34643,2.23548
6513.95000,-0.95203,1.35431,2.23836
6514.00000,-0.95823,1.36215,2.24188
6514.05000,-0.96445,1.36996,2.24569
6514.10000,-0.97070,1.37773,2.25039
6514.15000,-0.97702,1.38551,2.25650
6514.20000,-0.98335,1.39320,2.26324
6514.25000,-0.98965,1.40072,2.27222
6514.30000,-0.99596,1.40812,2.28320
6514.35000,-1.00251,1.41561,2.29584
6514.40000,-1.00930,1.42318,2.31052
6514.45000,-1.01589,1.43028,2.32694
6514.50000,-1.02251,1.43717,2.34496
6514.55000,-1.02923,1.44392,2.36381
6514.60000,-1.03631,1.45076,2.38207
6514.65000,-1.04357,1.45766,2.39975
6514.70000,-1.04643,1.46019,2.41673
6514.75000,-1.04654,1.46030,2.43746
6514.80000,-1.04661,1.46036,2.45917
6514.85000,-1.04707,1.46076,2.48397
6514.90000,-1.04716,1.46082,2.50773
6514.95000,-1.04723,1.46088,2.53249
6515.00000,-1.04731,1.46093,2.55834
6515.05000,-1.04740,1.46098,2.58516
6515.10000,-1.04749,1.46104,2.61229
6515.15000,-1.04757,1.46109,2.63916
6515.20000,-1.04767,1.46114,2.66571
6515.25000,-1.04776,1.46118,2.69192
6515.30000,-1.04785,1.46123,2.71773
6515.35000,-1.04794,1.46127,2.74321
6515.40000,-1.04842,1.46147,2.77010
6515.45000,-1.04884,1.46162,2.79726
6515.50000,-1.04882,1.46163,2.82378
6515.55000,-1.04916,1.46173,2.85130
6515.60000,-1.04940,1.46181,2.87859
6515.65000,-1.04957,1.46185,2.90592
6515.70000,-1.04971,1.46190,2.93335
6515.75000,-1.04986,1.46194,2.96140
6515.80000,-1.05033,1.46202,2.99068
6515.85000,-1.05086,1.46208,3.01972
6515.90000,-1.05147,1.46213,3.04895
6515.95000,-1.05197,1.46216,3.07682
6516.00000,-1.05273,1.46218,3.10542
6516.05000,-1.05319,1.46218,3.13230
6516.10000,-1.05492,1.46214,-3.12511
6516.15000,-1.06157,1.46189,-3.09867
6516.20000,-1.07085,1.46136,-3.07098
6516.25000,-1.08015,1.46058,-3.04428
6516.30000,-1.08946,1.45955,-3.01907
6516.35000,-1.09943,1.45822,-2.99646
6516.40000,-1.10960,1.45665,-2.97424
6516.45000,-1.11940,1.45489,-2.95264
6516.50000,-1.12930,1.45291,-2.93502
6516.55000,-1.13913,1.45079,-2.92170
6516.60000,-1.14889,1.44863,-2.90845
6516.65000,-1.15447,1.44815,-2.89585
6516.70000,-1.15628,1.44823,-2.88909
6516.75000,-1.15634,1.44822,-2.89275
6516.80000,-1.15634,1.44822,-2.89753
6516.85000,-1.15640,1.44820,-2.90268
6516.90000,-1.15646,1.44819,-2.90783
6516.95000,-1.15652,1.44818,-2.91299
6517.00000,-1.15658,1.44816,-2.91815
6517.05000,-1.15663,1.44815,-2.92330
6517.10000,-1.15668,1.44813,-2.92837
6517.15000,-1.15672,1.44814,-2.93339
6517.20000,-1.15679,1.44813,-2.93851
6517.25000,-1.15685,1.44813,-2.94364
6517.30000,-1.15692,1.44813,-2.94876
6517.35000,-1.15699,1.44812,-2.95389
6517.40000,-1.15706,1.44812,-2.95902
6517.45000,-1.15708,1.44812,-2.96348
6517.50000,-1.15709,1.44811,-2.96681
6517.55000,-1.15714,1.44810,-2.96915
6517.60000,-1.15718,1.44809,-2.97046
6517.65000,-1.15725,1.44808,-2.97099
6517.70000,-1.15732,1.44807,-2.97152
6517.75000,-1.15739,1.44806,-2.97204
6517.80000,-1.15746,1.44805,-2.97256
6517.85000,-1.15752,1.44804,-2.97284
6517.90000,-1.15757,1.44803,-2.97316
6517.95000,-1.15762,1.44802,-2.97368
6518.00000,-1.15767,1.44801,-2.97426
6518.05000,-1.15772,1.44800,-2.97468
6518.10000,-1.15959,1.44727,-2.97485
6518.15000,-1.16681,1.44566,-2.97489
6518.20000,-1.17635,1.44401,-2.97441
6518.25000,-1.18616,1.44235,-2.97417
6518.30000,-1.19576,1.44068,-2.97542
6518.35000,-1.19969,1.44055,-2.97428
6518.40000,-1.19968,1.44056,-2.98111
6518.45000,-1.19963,1.44057,-2.98701
6518.50000,-1.19962,1.44057,-2.99046
6518.55000,-1.20110,1.43994,-2.99361
6518.60000,-1.20747,1.43853,-2.99621
6518.65000,-1.21713,1.43710,-2.99788
6518.70000,-1.22701,1.43568,-2.99925
6518.75000,-1.23235,1.43547,-3.00035
6518.80000,-1.23268,1.43550,-3.00670
6518.85000,-1.23260,1.43551,-3.01361
6518.90000,-1.23424,1.43500,-3.02041
6518.95000,-1.24077,1.43388,-3.02569
6519.00000,-1.25041,1.43270,-3.02147
6519.05000,-1.26043,1.43145,-3.01323
6519.10000,-1.27048,1.43012,-3.00349
6519.15000,-1.28049,1.42868,-2.99336
6519.20000,-1.29058,1.42712,-2.98145
6519.25000,-1.30058,1.42544,-2.96878
6519.30000,-1.31045,1.42366,-2.95570
6519.35000,-1.32049,1.42170,-2.94143
6519.40000,-1.33062,1.41957,-2.92725
6519.45000,-1.34047,1.41737,-2.91564
6519.50000,-1.35032,1.41507,-2.90598
6519.55000,-1.36011,1.41269,-2.89936
6519.60000,-1.36988,1.41027,-2.89697
6519.65000,-1.37956,1.40784,-2.89491
6519.70000,-1.38531,1.40728,-2.89173
6519.75000,-1.38757,1.40708,-2.89810
6519.80000,-1.38845,1.40695,-2.91303
6519.85000,-1.38849,1.40694,-2.93098
6519.90000,-1.38842,1.40696,-2.94740
6519.95000,-1.38848,1.40695,-2.95943
6520.00000,-1.38853,1.40694,-2.96652
6520.05000,-1.38990,1.40628,-2.97270
6520.10000,-1.39684,1.40474,-2.97751
6520.15000,-1.40664,1.40309,-2.97676
6520.20000,-1.41648,1.40147,-2.97862
6520.25000,-1.42634,1.39985,-2.98079
6520.30000,-1.43456,1.39897,-2.98273
6520.35000,-1.43732,1.39897,-2.99085
6520.40000,-1.43862,1.39901,-3.00750
6520.45000,-1.43873,1.39901,-3.02857
6520.50000,-1.43860,1.39902,-3.04854
6520.55000,-1.43854,1.39903,-3.06479
6520.60000,-1.43858,1.39902,-3.07752
6520.65000,-1.43995,1.39879,-3.08953
6520.70000,-1.44606,1.39835,-3.10113
6520.75000,-1.45533,1.39798,-3.10521
6520.80000,-1.46533,1.39761,-3.10549
6520.85000,-1.47532,1.39726,-3.10583
6520.90000,-1.48531,1.39691,-3.10712
6520.95000,-1.49521,1.39659,-3.11127
6521.00000,-1.50513,1.39633,-3.11952
6521.05000,-1.51514,1.39611,-3.12817
6521.10000,-1.52302,1.39604,-3.13648
6521.15000,-1.52575,1.39604,3.13454
6521.20000,-1.52795,1.39604,3.11804
6521.25000,-1.52826,1.39604,3.09609
6521.30000,-1.52830,1.39605,3.07598
6521.35000,-1.52834,1.39605,3.06068
6521.40000,-1.53006,1.39641,3.04699
6521.45000,-1.53718,1.39733,3.03825
6521.50000,-1.54672,1.39835,3.03880
6521.55000,-1.55198,1.39845,3.03816
6521.60000,-1.55353,1.39838,3.04093
6521.65000,-1.55392,1.39834,3.04794
6521.70000,-1.55400,1.39835,3.05613
6521.75000,-1.55409,1.39836,3.06429
6521.80000,-1.55420,1.39838,3.07292
6521.85000,-1.55426,1.39838,3.08176
6521.90000,-1.55438,1.39838,3.09207
6521.95000,-1.55448,1.39839,3.10424
6522.00000,-1.55458,1.39839,3.11850
6522.05000,-1.55468,1.39839,3.13468
6522.10000,-1.55481,1.39839,-3.13082
6522.15000,-1.55497,1.39839,-3.11200
6522.20000,-1.55515,1.39838,-3.09242
6522.25000,-1.55536,1.39837,-3.07233
6522.30000,-1.55558,1.39835,-3.05207
6522.35000,-1.55581,1.39833,-3.03177
6522.40000,-1.55605,1.39830,-3.01155
6522.45000,-1.55628,1.39827,-2.99142
6522.50000,-1.55652,1.39823,-2.97140
6522.55000,-1.55675,1.39819,-2.95149
6522.60000,-1.55699,1.39814,-2.93167
6522.65000,-1.55723,1.39809,-2.91191
6522.70000,-1.55748,1.39803,-2.89202
6522.75000,-1.55775,1.39795,-2.87194
6522.80000,-1.55806,1.39787,-2.85167
6522.85000,-1.55839,1.39776,-2.83123
6522.90000,-1.55876,1.39764,-2.81066
6522.95000,-1.55918,1.39749,-2.79001
6523.00000,-1.55963,1.39732,-2.76933
6523.05000,-1.56010,1.39713,-2.74873
6523.10000,-1.56059,1.39692,-2.72826
6523.15000,-1.56108,1.39670,-2.70798
6523.20000,-1.56156,1.39647,-2.68790
6523.25000,-1.56204,1.39623,-2.66801
6523.30000,-1.56252,1.39598,-2.64833
6523.35000,-1.56299,1.39572,-2.62885
6523.40000,-1.56347,1.39545,-2.60953
6523.45000,-1.56397,1.39515,-2.59032
6523.50000,-1.56449,1.39482,-2.57119
6523.55000,-1.56504,1.39446,-2.55212
6523.60000,-1.56564,1.39405,-2.53313
6523.65000,-1.56627,1.39360,-2.51423
6523.70000,-1.56696,1.39309,-2.49545
6523.75000,-1.56771,1.39251,-2.47674
6523.80000,-1.57009,1.39034,-2.45773
6523.85000,-1.57613,1.38481,-2.43813
6523.90000,-1.58370,1.37828,-2.42010
6523.95000,-1.59115,1.37161,-2.40234
6524.00000,-1.59870,1.36460,-2.38372
6524.05000,-1.60619,1.35740,-2.36511
6524.10000,-1.61359,1.35000,-2.34649
6524.15000,-1.62084,1.34247,-2.32826
6524.20000,-1.62795,1.33481,-2.31044
6524.25000,-1.63489,1.32708,-2.29327
6524.30000,-1.64166,1.31928,-2.27671
6524.35000,-1.64829,1.31138,-2.26046
6524.40000,-1.65484,1.30330,-2.24405
6524.45000,-1.66126,1.29511,-2.22782
6524.50000,-1.66755,1.28683,-2.21184
6524.55000,-1.67370,1.27845,-2.19609
6524.60000,-1.67971,1.26997,-2.18058
6524.65000,-1.68559,1.26142,-2.16529
6524.70000,-1.69134,1.25277,-2.15021
6524.75000,-1.69695,1.24405,-2.13536
6524.80000,-1.70244,1.23525,-2.12074
6524.85000,-1.70779,1.22638,-2.10640
6524.90000,-1.71292,1.21759,-2.09302
6524.95000,-1.71793,1.20876,-2.07995
6525.00000,-1.72276,1.19998,-2.06809
6525.05000,-1.72747,1.19118,-2.05677
6525.10000,-1.73208,1.18233,-2.04569
6525.15000,-1.73660,1.17342,-2.03469
6525.20000,-1.74101,1.16447,-2.02369
6525.25000,-1.74533,1.15546,-2.01264
6525.30000,-1.74955,1.14641,-2.00151
6525.35000,-1.75367,1.13731,-1.99030
6525.40000,-1.75768,1.12817,-1.97899
6525.45000,-1.76159,1.11898,-1.96757
6525.50000,-1.76539,1.10975,-1.95603
6525.55000,-1.76909,1.10047,-1.94433
6525.60000,-1.77267,1.09115,-1.93238
6525.65000,-1.77615,1.08179,-1.92003
6525.70000,-1.77951,1.07235,-1.90669
6525.75000,-1.78262,1.06321,-1.89086
6525.80000,-1.78555,1.05412,-1.87275
6525.85000,-1.78827,1.04506,-1.85093
6525.90000,-1.79083,1.03605,-1.82863
6525.95000,-1.79121,1.03204,-1.80300
6526.00000,-1.79134,1.03078,-1.76475
6526.05000,-1.79134,1.03069,-1.72753
6526.10000,-1.79135,1.03060,-1.70150
6526.15000,-1.79179,1.02859,-1.67695
6526.20000,-1.79268,1.02060,-1.65367
6526.25000,-1.79342,1.01050,-1.63661
6526.30000,-1.79399,1.00052,-1.62003
6526.35000,-1.79439,0.99048,-1.60175
6526.40000,-1.79457,0.98104,-1.57930
6526.45000,-1.79464,0.97167,-1.55671
6526.50000,-1.79462,0.96686,-1.53066
6526.55000,-1.79456,0.96389,-1.48685
6526.60000,-1.79452,0.96314,-1.42964
6526.65000,-1.79452,0.96311,-1.36970
6526.70000,-1.79451,0.96308,-1.31109
6526.75000,-1.79450,0.96305,-1.25624
6526.80000,-1.79449,0.96302,-1.20766
6526.85000,-1.79435,0.96271,-1.16638
6526.90000,-1.79401,0.96195,-1.13331
6526.95000,-1.79291,0.96017,-1.10212
6527.00000,-1.78906,0.95333,-1.07575
6527.05000,-1.78410,0.94433,-1.05744
6527.10000,-1.77915,0.93572,-1.04019
6527.15000,-1.77412,0.92733,-1.02333
6527.20000,-1.76879,0.91873,-1.00639
6527.25000,-1.76334,0.91027,-0.98807
6527.30000,-1.75793,0.90225,-0.96949
6527.35000,-1.75243,0.89438,-0.94901
6527.40000,-1.74643,0.88619,-0.92552
6527.45000,-1.74030,0.87824,-0.89824
6527.50000,-1.73480,0.87126,-0.86927
6527.55000,-1.73359,0.86972,-0.83127
6527.60000,-1.73355,0.86967,-0.78523
6527.65000,-1.73352,0.86964,-0.73863
6527.70000,-1.73349,0.86962,-0.69311
6527.75000,-1.73346,0.86959,-0.64855
6527.80000,-1.73342,0.86957,-0.60485
6527.85000,-1.73339,0.86955,-0.56225
6527.90000,-1.73335,0.86952,-0.52162
6527.95000,-1.73332,0.86951,-0.48376
6528.00000,-1.73328,0.86949,-0.44974
6528.05000,-1.73119,0.86830,-0.41750
6528.10000,-1.72354,0.86491,-0.39045
6528.15000,-1.71417,0.86118,-0.36857
6528.20000,-1.70481,0.85767,-0.34928
6528.25000,-1.69538,0.85433,-0.33182
6528.30000,-1.68591,0.85115,-0.31621
6528.35000,-1.67640,0.84803,-0.30067
6528.40000,-1.67152,0.84754,-0.28842
6528.45000,-1.67125,0.84746,-0.27826
6528.50000,-1.67110,0.84742,-0.27139
6528.55000,-1.67099,0.84741,-0.26632
6528.60000,-1.67085,0.84737,-0.26403
6528.65000,-1.67071,0.84733,-0.26242
6528.70000,-1.67056,0.84729,-0.26346
6528.75000,-1.67036,0.84724,-0.26581
6528.80000,-1.67014,0.84718,-0.26826
6528.85000,-1.66992,0.84712,-0.27122
6528.90000,-1.66965,0.84704,-0.27681
6528.95000,-1.66934,0.84695,-0.28329
6529.00000,-1.66899,0.84685,-0.29049
6529.05000,-1.66860,0.84673,-0.29841
6529.10000,-1.66823,0.84661,-0.30696
6529.15000,-1.66778,0.84647,-0.31607
6529.20000,-1.66731,0.84631,-0.32576
6529.25000,-1.66679,0.84613,-0.33600
6529.30000,-1.66635,0.84597,-0.34713
6529.35000,-1.66592,0.84580,-0.35895
6529.40000,-1.66560,0.84566,-0.37201
6529.45000,-1.66527,0.84553,-0.38567
6529.50000,-1.66488,0.84536,-0.39965
6529.55000,-1.66451,0.84520,-0.41419
6529.60000,-1.66406,0.84497,-0.42897
6529.65000,-1.66361,0.84475,-0.44419
6529.70000,-1.66311,0.84447,-0.45965
6529.75000,-1.66261,0.84419,-0.47554
6529.80000,-1.66203,0.84388,-0.49140
6529.85000,-1.66154,0.84362,-0.50815
6529.90000,-1.66097,0.84326,-0.52486
6529.95000,-1.66039,0.84289,-0.54185
6530.00000,-1.65981,0.84250,-0.55907
6530.05000,-1.65922,0.84209,-0.57652
6530.10000,-1.65863,0.84167,-0.59415
6530.15000,-1.65803,0.84122,-0.61196
6530.20000,-1.65744,0.84076,-0.62994
6530.25000,-1.65685,0.84030,-0.64807
6530.30000,-1.65607,0.83968,-0.66536
6530.35000,-1.65551,0.83920,-0.68375
6530.40000,-1.65469,0.83852,-0.70183
6530.45000,-1.65380,0.83774,-0.72067
6530.50000,-1.65264,0.83670,-0.73966
6530.55000,-1.65150,0.83564,-0.75872
6530.60000,-1.65039,0.83457,-0.77784
6530.65000,-1.64932,0.83349,-0.79703
6530.70000,-1.64828,0.83240,-0.81628
6530.75000,-1.64727,0.83131,-0.83557
6530.80000,-1.64630,0.83022,-0.85489
6530.85000,-1.64536,0.82912,-0.87423
6530.90000,-1.64446,0.82802,-0.89359
6530.95000,-1.64360,0.82692,-0.91297
6531.00000,-1.64278,0.82585,-0.93240
6531.05000,-1.64202,0.82480,-0.95185
6531.10000,-1.64131,0.82378,-0.97132
6531.15000,-1.64065,0.82280,-0.99078
6531.20000,-1.64004,0.82184,-1.01021
6531.25000,-1.63947,0.82093,-1.02958
6531.30000,-1.63895,0.82005,-1.04886
6531.35000,-1.63848,0.81920,-1.06804
6531.40000,-1.63804,0.81840,-1.08707
6531.45000,-1.63765,0.81763,-1.10592
6531.50000,-1.63729,0.81690,-1.12455
6531.55000,-1.63697,0.81621,-1.14291
6531.60000,-1.63668,0.81556,-1.16092
6531.65000,-1.63657,0.81529,-1.17805
6531.70000,-1.63657,0.81527,-1.19411
6531.75000,-1.63657,0.81532,-1.20938
6531.80000,-1.63525,0.81380,-1.22399
6531.85000,-1.63212,0.80678,-1.23664
6531.90000,-1.62892,0.79745,-1.24700
6531.95000,-1.62578,0.78802,-1.25049
6532.00000,-1.62323,0.77962,-1.25146
6532.05000,-1.62201,0.77571,-1.23248
6532.10000,-1.62145,0.77411,-1.19027
6532.15000,-1.62140,0.77400,-1.14002
6532.20000,-1.62136,0.77392,-1.08862
6532.25000,-1.62131,0.77383,-1.03681
6532.30000,-1.62125,0.77373,-0.98475
6532.35000,-1.62118,0.77363,-0.93254
6532.40000,-1.62110,0.77352,-0.88029
6532.45000,-1.62100,0.77342,-0.82806
6532.50000,-1.62090,0.77331,-0.77591
6532.55000,-1.62079,0.77320,-0.72389
6532.60000,-1.62066,0.77310,-0.67204
6532.65000,-1.62053,0.77300,-0.62039
6532.70000,-1.62039,0.77290,-0.56898
6532.75000,-1.62024,0.77281,-0.51784
6532.80000,-1.62008,0.77273,-0.46699
6532.85000,-1.61991,0.77265,-0.41646
6532.90000,-1.61974,0.77258,-0.36626
6532.95000,-1.61956,0.77251,-0.31642
6533.00000,-1.61937,0.77246,-0.26696
6533.05000,-1.61918,0.77241,-0.21791
6533.10000,-1.61899,0.77237,-0.16929
6533.15000,-1.61880,0.77235,-0.12112
6533.20000,-1.61860,0.77233,-0.07341
6533.25000,-1.61840,0.77232,-0.02617
6533.30000,-1.61821,0.77232,0.02059
6533.35000,-1.61801,0.77232,0.06687
6533.40000,-1.61781,0.77234,0.11267
6533.45000,-1.61761,0.77237,0.15797
6533.50000,-1.61741,0.77241,0.20276
6533.55000,-1.61721,0.77245,0.24702
6533.60000,-1.61701,0.77251,0.29072
6533.65000,-1.61681,0.77257,0.33385
6533.70000,-1.61661,0.77264,0.37640
6533.75000,-1.61642,0.77273,0.41833
6533.80000,-1.61623,0.77282,0.45965
6533.85000,-1.61604,0.77291,0.50033
6533.90000,-1.61586,0.77302,0.54036
6533.95000,-1.61568,0.77313,0.57974
6534.00000,-1.61551,0.77325,0.61845
6534.05000,-1.61534,0.77337,0.65648
6534.10000,-1.61517,0.77351,0.69383
6534.15000,-1.61501,0.77365,0.73055
6534.20000,-1.61485,0.77379,0.76667
6534.25000,-1.61470,0.77394,0.80220
6534.30000,-1.61455,0.77410,0.83712
6534.35000,-1.61441,0.77427,0.87144
6534.40000,-1.61286,0.77601,0.90518
6534.45000,-1.60836,0.78191,0.93716
6534.50000,-1.60263,0.78997,0.96923
6534.55000,-1.59711,0.79830,1.00110
6534.60000,-1.59184,0.80680,1.03232
6534.65000,-1.58685,0.81546,1.06285
6534.70000,-1.58212,0.82427,1.09269
6534.75000,-1.57765,0.83321,1.12184
6534.80000,-1.57344,0.84228,1.15025
6534.85000,-1.56948,0.85147,1.17792
6534.90000,-1.56578,0.86075,1.20484
6534.95000,-1.56232,0.87014,1.23098
6535.00000,-1.55911,0.87961,1.25633
6535.05000,-1.55613,0.88915,1.28088
6535.10000,-1.55339,0.89877,1.30458
6535.15000,-1.55086,0.90847,1.32749
6535.20000,-1.54856,0.91820,1.34945
6535.25000,-1.54647,0.92797,1.37047
6535.30000,-1.54458,0.93779,1.39054
6535.35000,-1.54288,0.94764,1.40946
6535.40000,-1.54137,0.95751,1.42740
6535.45000,-1.54001,0.96754,1.44478
6535.50000,-1.53867,0.97794,1.46364
6535.55000,-1.53847,0.98239,1.48030
6535.60000,-1.53842,0.98294,1.49518
6535.65000,-1.53837,0.98346,1.50908
6535.70000,-1.53833,0.98397,1.52236
6535.75000,-1.53831,0.98444,1.53517
6535.80000,-1.53830,0.98491,1.54736
6535.85000,-1.53829,0.98535,1.55889
6535.90000,-1.53829,0.98578,1.56981
6535.95000,-1.53829,0.98620,1.58008
6536.00000,-1.53829,0.98661,1.58966
6536.05000,-1.53828,0.98702,1.59852
6536.10000,-1.53829,0.98740,1.60677
6536.15000,-1.53829,0.98777,1.61444
6536.20000,-1.53830,0.98812,1.62151
6536.25000,-1.53831,0.98846,1.62803
6536.30000,-1.53832,0.98879,1.63397
6536.35000,-1.53833,0.98910,1.63935
6536.40000,-1.53835,0.98941,1.64416
6536.45000,-1.53835,0.98970,1.64848
6536.50000,-1.53836,0.98998,1.65231
6536.55000,-1.53837,0.99025,1.65570
6536.60000,-1.53839,0.99050,1.65858
6536.65000,-1.53841,0.99074,1.66100
6536.70000,-1.53844,0.99098,1.66297
6536.75000,-1.53846,0.99120,1.66448
6536.80000,-1.53848,0.99141,1.66555
6536.85000,-1.53850,0.99161,1.66619
6536.90000,-1.53851,0.99181,1.66640
6536.95000,-1.53853,0.99199,1.66619
6537.00000,-1.53855,0.99216,1.66557
6537.05000,-1.53856,0.99232,1.66454
6537.10000,-1.53858,0.99247,1.66312
6537.15000,-1.53859,0.99261,1.66132
6537.20000,-1.53860,0.99275,1.65914
6537.25000,-1.53861,0.99287,1.65662
6537.30000,-1.53862,0.99299,1.65375
6537.35000,-1.53863,0.99309,1.65054
6537.40000,-1.53864,0.99319,1.64701
6537.45000,-1.53865,0.99329,1.64316
6537.50000,-1.53865,0.99337,1.63899
6537.55000,-1.53866,0.99345,1.63451
6537.60000,-1.53866,0.99352,1.62971
6537.65000,-1.53867,0.99358,1.62462
6537.70000,-1.53867,0.99364,1.61925
6537.75000,-1.53867,0.99368,1.61361
6537.80000,-1.53867,0.99373,1.60769
6537.85000,-1.53867,0.99376,1.60152
6537.90000,-1.53867,0.99379,1.59509
6537.95000,-1.53867,0.99381,1.58843
6538.00000,-1.53867,0.99383,1.58156
6538.05000,-1.53867,0.99384,1.57449
6538.10000,-1.53867,0.99385,1.56722
6538.15000,-1.53867,0.99386,1.55976
6538.20000,-1.53867,0.99385,1.55212
6538.25000,-1.53867,0.99385,1.54429
6538.30000,-1.53868,0.99384,1.53627
6538.35000,-1.53868,0.99382,1.52808
6538.40000,-1.53868,0.99380,1.51972
6538.45000,-1.53868,0.99378,1.51124
6538.50000,-1.53868,0.99375,1.50263
6538.55000,-1.53868,0.99373,1.49388
6538.60000,-1.53868,0.99369,1.48501
6538.65000,-1.53869,0.99366,1.47603
6538.70000,-1.53869,0.99362,1.46693
6538.75000,-1.53870,0.99358,1.45772
6538.80000,-1.53870,0.99354,1.44840
6538.85000,-1.53871,0.99349,1.43899
6538.90000,-1.53871,0.99344,1.42953
6538.95000,-1.53872,0.99340,1.42005
6539.00000,-1.53873,0.99335,1.41054
6539.05000,-1.53873,0.99330,1.40101
6539.10000,-1.53874,0.99325,1.39146
6539.15000,-1.53875,0.99320,1.38191
6539.20000,-1.53876,0.99315,1.37235
6539.25000,-1.53877,0.99311,1.36276
6539.30000,-1.53878,0.99306,1.35315
6539.35000,-1.53879,0.99301,1.34353
6539.40000,-1.53881,0.99296,1.33389
6539.45000,-1.53882,0.99290,1.32423
6539.50000,-1.53883,0.99285,1.31449
6539.55000,-1.53885,0.99280,1.30460
6539.60000,-1.53886,0.99274,1.29469
6539.65000,-1.53888,0.99268,1.28478
6539.70000,-1.53890,0.99263,1.27490
6539.75000,-1.53891,0.99257,1.26496
6539.80000,-1.53893,0.99251,1.25488
6539.85000,-1.53895,0.99245,1.24478
6539.90000,-1.53897,0.99239,1.23472
6539.95000,-1.53899,0.99233,1.22471
6540.00000,-1.53769,0.99426,1.21447
6540.05000,-1.53442,1.00059,1.20459
6540.10000,-1.53089,1.00963,1.19443
6540.15000,-1.52726,1.01867,1.18388
6540.20000,-1.52358,1.02769,1.17332
6540.25000,-1.52277,1.03258,1.16170
6540.30000,-1.52275,1.03267,1.15032
6540.35000,-1.52280,1.03255,1.13760
6540.40000,-1.52284,1.03242,1.12495
6540.45000,-1.52288,1.03230,1.11239
6540.50000,-1.52292,1.03218,1.09996
6540.55000,-1.52296,1.03210,1.08752
6540.60000,-1.52139,1.03406,1.07464
6540.65000,-1.51705,1.04093,1.06281
6540.70000,-1.51229,1.04938,1.05078
6540.75000,-1.50742,1.05776,1.03858
6540.80000,-1.50244,1.06608,1.02585
6540.85000,-1.49737,1.07433,1.01254
6540.90000,-1.49219,1.08249,0.99891
6540.95000,-1.48690,1.09058,0.98507
6541.00000,-1.48150,1.09859,0.97103
6541.05000,-1.47600,1.10652,0.95678
6541.10000,-1.47039,1.11437,0.94240
6541.15000,-1.46466,1.12213,0.92786
6541.20000,-1.45883,1.12981,0.91309
6541.25000,-1.45290,1.13744,0.89837
6541.30000,-1.45061,1.14099,0.88302
6541.35000,-1.45070,1.14090,0.86675
6541.40000,-1.45085,1.14072,0.84966
6541.45000,-1.45101,1.14055,0.83261
6541.50000,-1.45117,1.14038,0.81546
6541.55000,-1.45134,1.14020,0.79792
6541.60000,-1.45153,1.14002,0.77985
6541.65000,-1.45172,1.13984,0.76140
6541.70000,-1.45191,1.13966,0.74301
6541.75000,-1.45211,1.13949,0.72472
6541.80000,-1.45231,1.13932,0.70647
6541.85000,-1.45251,1.13915,0.68828
6541.90000,-1.45271,1.13899,0.67013
6541.95000,-1.45127,1.14047,0.65260
6542.00000,-1.44476,1.14564,0.63579
6542.05000,-1.43710,1.15130,0.61763
6542.10000,-1.43374,1.15308,0.60126
6542.15000,-1.43382,1.15303,0.58278
6542.20000,-1.43399,1.15293,0.56332
6542.25000,-1.43423,1.15279,0.54370
6542.30000,-1.43448,1.15265,0.52332
6542.35000,-1.43473,1.15252,0.50209
6542.40000,-1.43496,1.15240,0.47985
6542.45000,-1.43525,1.15226,0.45660
6542.50000,-1.43562,1.15209,0.43298
6542.55000,-1.43599,1.15193,0.40941
6542.60000,-1.43636,1.15178,0.38606
6542.65000,-1.43672,1.15164,0.36292
6542.70000,-1.43709,1.15151,0.34002
6542.75000,-1.43745,1.15139,0.31732
6542.80000,-1.43781,1.15127,0.29469
6542.85000,-1.43816,1.15117,0.27217
6542.90000,-1.43852,1.15108,0.24981
6542.95000,-1.43675,1.15193,0.22847
6543.00000,-1.43271,1.15320,0.20919
6543.05000,-1.43290,1.15317,0.18667
6543.10000,-1.43328,1.15311,0.16282
6543.15000,-1.43356,1.15309,0.13852
6543.20000,-1.43387,1.15306,0.11361
6543.25000,-1.43415,1.15303,0.08805
6543.30000,-1.43463,1.15298,0.06081
6543.35000,-1.43491,1.15297,0.03328
6543.40000,-1.43472,1.15298,0.00661
6543.45000,-1.43449,1.15297,-0.02056
6543.50000,-1.43425,1.15297,-0.04814
6543.55000,-1.43401,1.15295,-0.07572
6543.60000,-1.43376,1.15293,-0.10307
6543.65000,-1.43352,1.15290,-0.13010
6543.70000,-1.43327,1.15287,-0.15686
6543.75000,-1.43302,1.15282,-0.18361
6543.80000,-1.43277,1.15277,-0.21063
6543.85000,-1.43252,1.15272,-0.23810
6543.90000,-1.43227,1.15265,-0.26610
6543.95000,-1.43201,1.15257,-0.29469
6544.00000,-1.43174,1.15249,-0.32387
6544.05000,-1.43147,1.15239,-0.35366
6544.10000,-1.43120,1.15229,-0.38408
6544.15000,-1.43091,1.15217,-0.41511
6544.20000,-1.43061,1.15203,-0.44667
6544.25000,-1.43029,1.15187,-0.47859
6544.30000,-1.42996,1.15169,-0.51052
6544.35000,-1.42962,1.15149,-0.54213
6544.40000,-1.42927,1.15128,-0.57318
6544.45000,-1.42891,1.15104,-0.60363
6544.50000,-1.42855,1.15078,-0.63350
6544.55000,-1.42819,1.15051,-0.66293
6544.60000,-1.42783,1.15021,-0.69218
6544.65000,-1.42746,1.14990,-0.72144
6544.70000,-1.42710,1.14957,-0.75077
6544.75000,-1.42674,1.14922,-0.78018
6544.80000,-1.42637,1.14885,-0.80967
6544.85000,-1.42600,1.14845,-0.83924
6544.90000,-1.42562,1.14802,-0.86886
6544.95000,-1.42525,1.14756,-0.89851
6545.00000,-1.42341,1.14533,-0.92731
6545.05000,-1.41836,1.13843,-0.95365
6545.10000,-1.41304,1.13067,-0.98506
6545.15000,-1.40806,1.12289,-1.01734
6545.20000,-1.40336,1.11497,-1.04929
6545.25000,-1.39890,1.10690,-1.08063
6545.30000,-1.39469,1.09867,-1.11106
6545.35000,-1.39071,1.09031,-1.14067
6545.40000,-1.38698,1.08181,-1.16946
6545.45000,-1.38348,1.07320,-1.19747
6545.50000,-1.38021,1.06447,-1.22461
6545.55000,-1.37717,1.05564,-1.25092
6545.60000,-1.37435,1.04671,-1.27635
6545.65000,-1.37175,1.03770,-1.30098
6545.70000,-1.36937,1.02860,-1.32477
6545.75000,-1.36719,1.01944,-1.34779
6545.80000,-1.36522,1.01020,-1.37000
6545.85000,-1.36344,1.00091,-1.39149
6545.90000,-1.36186,0.99156,-1.41219
6545.95000,-1.36046,0.98216,-1.43223
6546.00000,-1.35925,0.97272,-1.45157
6546.05000,-1.35822,0.96325,-1.47028
6546.10000,-1.35736,0.95373,-1.48831
6546.15000,-1.35667,0.94420,-1.50576
6546.20000,-1.35614,0.93463,-1.52258
6546.25000,-1.35576,0.92505,-1.53883
6546.30000,-1.35554,0.91544,-1.55451
6546.35000,-1.35547,0.90582,-1.56966
6546.40000,-1.35554,0.89618,-1.58424
6546.45000,-1.35575,0.88654,-1.59831
6546.50000,-1.35610,0.87688,-1.61187
6546.55000,-1.35657,0.86722,-1.62493
6546.60000,-1.35717,0.85755,-1.63744
6546.65000,-1.35782,0.84816,-1.64902
6546.70000,-1.35807,0.84229,-1.66076
6546.75000,-1.35807,0.84163,-1.67199
6546.80000,-1.35811,0.84129,-1.68126
6546.85000,-1.35815,0.84093,-1.69054
6546.90000,-1.35820,0.84054,-1.69985
6546.95000,-1.35825,0.84011,-1.70914
6547.00000,-1.35832,0.83967,-1.71837
6547.05000,-1.35839,0.83920,-1.72753
6547.10000,-1.35847,0.83871,-1.73661
6547.15000,-1.35856,0.83819,-1.74558
6547.20000,-1.35865,0.83766,-1.75445
6547.25000,-1.35876,0.83712,-1.76317
6547.30000,-1.35887,0.83656,-1.77173
6547.35000,-1.35899,0.83600,-1.78012
6547.40000,-1.35911,0.83542,-1.78835
6547.45000,-1.35924,0.83484,-1.79638
6547.50000,-1.35938,0.83426,-1.80423
6547.55000,-1.35952,0.83367,-1.81189
6547.60000,-1.35966,0.83309,-1.81934
6547.65000,-1.35982,0.83251,-1.82660
6547.70000,-1.35997,0.83193,-1.83368
6547.75000,-1.36012,0.83135,-1.84060
6547.80000,-1.36028,0.83079,-1.84738
6547.85000,-1.36147,0.82831,-1.85442
6547.90000,-1.36419,0.82080,-1.86081
6547.95000,-1.36706,0.81138,-1.86765
6548.00000,-1.36995,0.80213,-1.87421
6548.05000,-1.37042,0.79870,-1.88378
6548.10000,-1.37053,0.79836,-1.88890
6548.15000,-1.37065,0.79802,-1.89368
6548.20000,-1.37076,0.79769,-1.89843
6548.25000,-1.37086,0.79738,-1.90315
6548.30000,-1.37097,0.79707,-1.90783
6548.35000,-1.37107,0.79678,-1.91248
6548.40000,-1.37117,0.79650,-1.91711
6548.45000,-1.37234,0.79481,-1.92243
6548.50000,-1.37567,0.78809,-1.92742
6548.55000,-1.37916,0.77881,-1.93200
6548.60000,-1.38266,0.76956,-1.93689
6548.65000,-1.38363,0.76403,-1.94337
6548.70000,-1.38363,0.76349,-1.94540
6548.75000,-1.38367,0.76341,-1.94407
6548.80000,-1.38371,0.76331,-1.93932
6548.85000,-1.38374,0.76323,-1.92921
6548.90000,-1.38384,0.76303,-1.91045
6548.95000,-1.38397,0.76283,-1.88092
6549.00000,-1.38414,0.76262,-1.83255
6549.05000,-1.38416,0.76254,-1.76897
6549.10000,-1.38417,0.76249,-1.70337
6549.15000,-1.38418,0.76242,-1.63708
6549.20000,-1.38418,0.76234,-1.57049
6549.25000,-1.38418,0.76225,-1.50402
6549.30000,-1.38417,0.76215,-1.43774
6549.35000,-1.38415,0.76203,-1.37162
6549.40000,-1.38412,0.76192,-1.30561
6549.45000,-1.38408,0.76179,-1.23970
6549.50000,-1.38403,0.76166,-1.17392
6549.55000,-1.38397,0.76153,-1.10835
6549.60000,-1.38389,0.76139,-1.04304
6549.65000,-1.38381,0.76125,-0.97801
6549.70000,-1.38371,0.76112,-0.91331
6549.75000,-1.38360,0.76098,-0.84898
6549.80000,-1.38347,0.76085,-0.78503
6549.85000,-1.38334,0.76072,-0.72149
6549.90000,-1.38319,0.76060,-0.65840
6549.95000,-1.38303,0.76049,-0.59577
6550.00000,-1.38287,0.76038,-0.53361
6550.05000,-1.38269,0.76028,-0.47196
6550.10000,-1.38250,0.76020,-0.41083
6550.15000,-1.38231,0.76012,-0.35023
6550.20000,-1.38211,0.76005,-0.29019
6550.25000,-1.38190,0.76000,-0.23071
6550.30000,-1.38169,0.75996,-0.17182
6550.35000,-1.38148,0.75992,-0.11352
6550.40000,-1.38126,0.75991,-0.05583
6550.45000,-1.38104,0.75990,0.00124
6550.50000,-1.38082,0.75991,0.05767
6550.55000,-1.38059,0.75993,0.11345
6550.60000,-1.38037,0.75996,0.16857
6550.65000,-1.38015,0.76000,0.22302
6550.70000,-1.37993,0.76006,0.27679
6550.75000,-1.37971,0.76013,0.32986
6550.80000,-1.37950,0.76021,0.38224
6550.85000,-1.37929,0.76030,0.43391
6550.90000,-1.37908,0.76040,0.48485
6550.95000,-1.37888,0.76051,0.53508
6551.00000,-1.37868,0.76063,0.58457
6551.05000,-1.37849,0.76077,0.63332
6551.10000,-1.37831,0.76091,0.68134
6551.15000,-1.37813,0.76106,0.72860
6551.20000,-1.37796,0.76122,0.77511
6551.25000,-1.37780,0.76138,0.82087
6551.30000,-1.37765,0.76156,0.86586
6551.35000,-1.37750,0.76174,0.91009
6551.40000,-1.37736,0.76192,0.95355
6551.45000,-1.37723,0.76211,0.99623
6551.50000,-1.37711,0.76231,1.03814
6551.55000,-1.37700,0.76252,1.07928
6551.60000,-1.37582,0.76421,1.11936
6551.65000,-1.37276,0.77027,1.15693
6551.70000,-1.36905,0.77913,1.19419
6551.75000,-1.36555,0.78849,1.23229
6551.80000,-1.36241,0.79799,1.26967
6551.85000,-1.35962,0.80759,1.30630
6551.90000,-1.35718,0.81728,1.34216
6551.95000,-1.35509,0.82706,1.37725
6552.00000,-1.35333,0.83691,1.41159
6552.05000,-1.35191,0.84680,1.44516
6552.10000,-1.35083,0.85674,1.47796
6552.15000,-1.35006,0.86671,1.50999
6552.20000,-1.34961,0.87670,1.54126
6552.25000,-1.34946,0.88670,1.57176
6552.30000,-1.34962,0.89670,1.60149
6552.35000,-1.35008,0.90669,1.63045
6552.40000,-1.35081,0.91666,1.65864
6552.45000,-1.35183,0.92661,1.68605
6552.50000,-1.35311,0.93652,1.71270
6552.55000,-1.35465,0.94640,1.73858
6552.60000,-1.35644,0.95624,1.76369
6552.65000,-1.35848,0.96603,1.78803
6552.70000,-1.36075,0.97577,1.81161
6552.75000,-1.36324,0.98545,1.83440
6552.80000,-1.36584,0.99510,1.85702
6552.85000,-1.36625,1.00002,1.87991
6552.90000,-1.36643,1.00074,1.90212
6552.95000,-1.36666,1.00146,1.92404
6553.00000,-1.36690,1.00215,1.94512
6553.05000,-1.36716,1.00283,1.96541
6553.10000,-1.36741,1.00347,1.98487
6553.15000,-1.36767,1.00410,2.00355
6553.20000,-1.36794,1.00470,2.02141
6553.25000,-1.36820,1.00528,2.03853
6553.30000,-1.36847,1.00584,2.05485
6553.35000,-1.36874,1.00638,2.07043
6553.40000,-1.36900,1.00690,2.08524
6553.45000,-1.36927,1.00739,2.09935
6553.50000,-1.36953,1.00787,2.11271
6553.55000,-1.36979,1.00833,2.12538
6553.60000,-1.37004,1.00877,2.13733
6553.65000,-1.37030,1.00920,2.14862
6553.70000,-1.37054,1.00961,2.15920
6553.75000,-1.37079,1.01000,2.16915
6553.80000,-1.37102,1.01037,2.17842
6553.85000,-1.37126,1.01073,2.18706
6553.90000,-1.37148,1.01108,2.19505
6553.95000,-1.37170,1.01141,2.20245
6554.00000,-1.37191,1.01173,2.20922
6554.05000,-1.37212,1.01203,2.21542
6554.10000,-1.37231,1.01232,2.22102
6554.15000,-1.37250,1.01260,2.22606
6554.20000,-1.37269,1.01286,2.23054
6554.25000,-1.37286,1.01312,2.23448
6554.30000,-1.37303,1.01336,2.23787
6554.35000,-1.37319,1.01359,2.24076
6554.40000,-1.37335,1.01381,2.24311
6554.45000,-1.37350,1.01403,2.24499
6554.50000,-1.37364,1.01423,2.24636
6554.55000,-1.37377,1.01442,2.24728
6554.60000,-1.37390,1.01460,2.24772
6554.65000,-1.37402,1.01478,2.24773
6554.70000,-1.37414,1.01494,2.24728
6554.75000,-1.37425,1.01510,2.24641
6554.80000,-1.37435,1.01526,2.24513
6554.85000,-1.37445,1.01540,2.24345
6554.90000,-1.37454,1.01554,2.24136
6554.95000,-1.37462,1.01567,2.23889
6555.00000,-1.37469,1.01580,2.23603
6555.05000,-1.37477,1.01592,2.23283
6555.10000,-1.37483,1.01602,2.22925
6555.15000,-1.37489,1.01613,2.22534
6555.20000,-1.37494,1.01622,2.22109
6555.25000,-1.37499,1.01632,2.21653
6555.30000,-1.37503,1.01640,2.21164
6555.35000,-1.37507,1.01648,2.20647
6555.40000,-1.37511,1.01655,2.20100
6555.45000,-1.37514,1.01662,2.19526
6555.50000,-1.37516,1.01668,2.18923
6555.55000,-1.37518,1.01674,2.18295
6555.60000,-1.37520,1.01679,2.17641
6555.65000,-1.37521,1.01684,2.16964
6555.70000,-1.37522,1.01688,2.16263
6555.75000,-1.37523,1.01692,2.15540
6555.80000,-1.37523,1.01695,2.14796
6555.85000,-1.37523,1.01698,2.14032
6555.90000,-1.37522,1.01701,2.13247
6555.95000,-1.37522,1.01703,2.12445
6556.00000,-1.37521,1.01704,2.11624
6556.05000,-1.37520,1.01706,2.10787
6556.10000,-1.37519,1.01707,2.09934
6556.15000,-1.37517,1.01707,2.09065
6556.20000,-1.37515,1.01707,2.08182
6556.25000,-1.37514,1.01707,2.07286
6556.30000,-1.37512,1.01707,2.06377
6556.35000,-1.37510,1.01706,2.05455
6556.40000,-1.37507,1.01705,2.04523
6556.45000,-1.37505,1.01704,2.03581
6556.50000,-1.37503,1.01702,2.02629
6556.55000,-1.37500,1.01701,2.01668
6556.60000,-1.37497,1.01699,2.00700
6556.65000,-1.37495,1.01697,1.99723
6556.70000,-1.37492,1.01694,1.98740
6556.75000,-1.37489,1.01692,1.97751
6556.80000,-1.37487,1.01689,1.96757
6556.85000,-1.37484,1.01686,1.95758
6556.90000,-1.37481,1.01683,1.94755
6556.95000,-1.37478,1.01680,1.93749
6557.00000,-1.37475,1.01677,1.92740
6557.05000,-1.37473,1.01674,1.91729
6557.10000,-1.37470,1.01671,1.90717
6557.15000,-1.37467,1.01667,1.89703
6557.20000,-1.37465,1.01664,1.88690
6557.25000,-1.37462,1.01660,1.87676
6557.30000,-1.37459,1.01657,1.86662
6557.35000,-1.37457,1.01653,1.85651
6557.40000,-1.37454,1.01649,1.84641
6557.45000,-1.37452,1.01645,1.83633
6557.50000,-1.37449,1.01642,1.82629
6557.55000,-1.37447,1.01638,1.81627
6557.60000,-1.37445,1.01634,1.80630
6557.65000,-1.37443,1.01631,1.79638
6557.70000,-1.37440,1.01627,1.78651
6557.75000,-1.37438,1.01624,1.77668
6557.80000,-1.37436,1.01620,1.76692
6557.85000,-1.37514,1.01785,1.75741
6557.90000,-1.37688,1.02535,1.74904
6557.95000,-1.37859,1.03516,1.74026
6558.00000,-1.38021,1.04490,1.73109
6558.05000,-1.38174,1.05464,1.72194
6558.10000,-1.38320,1.06450,1.71329
6558.15000,-1.38458,1.07441,1.70487
6558.20000,-1.38586,1.08419,1.69613
6558.25000,-1.38705,1.09393,1.68731
6558.30000,-1.38816,1.10372,1.67883
6558.35000,-1.38919,1.11352,1.67028
6558.40000,-1.39013,1.12334,1.66185
6558.45000,-1.39098,1.13311,1.65342
6558.50000,-1.39176,1.14287,1.64514
6558.55000,-1.39245,1.15265,1.63715
6558.60000,-1.39308,1.16252,1.62972
6558.65000,-1.39363,1.17245,1.62251
6558.70000,-1.39412,1.18235,1.61661
6558.75000,-1.39455,1.19229,1.61271
6558.80000,-1.39497,1.20223,1.61346
6558.85000,-1.39529,1.21169,1.61586
6558.90000,-1.39545,1.21833,1.62914
6558.95000,-1.39571,1.22398,1.66657
6559.00000,-1.39595,1.22732,1.72458
6559.05000,-1.39604,1.22784,1.78806
6559.10000,-1.39608,1.22802,1.85099
6559.15000,-1.39614,1.22822,1.91386
6559.20000,-1.39622,1.22842,1.97656
6559.25000,-1.39631,1.22862,2.03895
6559.30000,-1.39642,1.22881,2.10103
6559.35000,-1.39654,1.22899,2.16276
6559.40000,-1.39667,1.22918,2.22413
6559.45000,-1.39681,1.22936,2.28524
6559.50000,-1.39698,1.22954,2.34618
6559.55000,-1.39718,1.22973,2.40695
6559.60000,-1.39742,1.22993,2.46754
6559.65000,-1.39769,1.23013,2.52790
6559.70000,-1.39800,1.23033,2.58798
6559.75000,-1.39835,1.23054,2.64775
6559.80000,-1.39876,1.23074,2.70716
6559.85000,-1.39921,1.23093,2.76619
6559.90000,-1.39972,1.23112,2.82481
6559.95000,-1.40028,1.23128,2.88299
6560.00000,-1.40089,1.23143,2.94072
6560.05000,-1.40156,1.23154,2.99795
6560.10000,-1.40226,1.23162,3.05463
6560.15000,-1.40297,1.23166,3.11071
6560.20000,-1.40369,1.23167,-3.11703
6560.25000,-1.40441,1.23163,-3.06224
6560.30000,-1.40514,1.23155,-3.00810
6560.35000,-1.40586,1.23143,-2.95462
6560.40000,-1.40658,1.23128,-2.90179
6560.45000,-1.40732,1.23108,-2.84953
6560.50000,-1.40807,1.23083,-2.79781
6560.55000,-1.40885,1.23053,-2.74665
6560.60000,-1.40965,1.23017,-2.69605
6560.65000,-1.41046,1.22975,-2.64604
6560.70000,-1.41129,1.22928,-2.59663
6560.75000,-1.41214,1.22873,-2.54782
6560.80000,-1.41300,1.22812,-2.49963
6560.85000,-1.41388,1.22743,-2.45207
6560.90000,-1.41476,1.22667,-2.40514
6560.95000,-1.41564,1.22584,-2.35885
6561.00000,-1.41650,1.22494,-2.31327
6561.05000,-1.41745,1.22389,-2.26781
6561.10000,-1.41825,1.22290,-2.22365
6561.15000,-1.41899,1.22189,-2.18032
6561.20000,-1.41972,1.22081,-2.13758
6561.25000,-1.42046,1.21964,-2.09533
6561.30000,-1.42119,1.21843,-2.05354
6561.35000,-1.42287,1.21525,-2.01361
6561.40000,-1.42610,1.20828,-1.97587
6561.45000,-1.42936,1.20021,-1.93368
6561.50000,-1.43236,1.19179,-1.89104
6561.55000,-1.43499,1.18324,-1.84917
6561.60000,-1.43728,1.17456,-1.80811
6561.65000,-1.43922,1.16578,-1.76785
6561.70000,-1.44081,1.15691,-1.72838
6561.75000,-1.44205,1.14797,-1.68969
6561.80000,-1.44295,1.13896,-1.65175
6561.85000,-1.44352,1.12991,-1.61461
6561.90000,-1.44375,1.12082,-1.57830
6561.95000,-1.44366,1.11171,-1.54284
6562.00000,-1.44324,1.10259,-1.50822
6562.05000,-1.44252,1.09346,-1.47442
6562.10000,-1.44148,1.08435,-1.44140
6562.15000,-1.44015,1.07525,-1.40913
6562.20000,-1.43853,1.06619,-1.37751
6562.25000,-1.43661,1.05716,-1.34647
6562.30000,-1.43442,1.04819,-1.31589
6562.35000,-1.43196,1.03928,-1.28576
6562.40000,-1.42922,1.03044,-1.25603
6562.45000,-1.42622,1.02167,-1.22668
6562.50000,-1.42297,1.01299,-1.19768
6562.55000,-1.41946,1.00439,-1.16899
6562.60000,-1.41571,0.99590,-1.14053
6562.65000,-1.41152,0.98712,-1.11307
6562.70000,-1.40670,0.97768,-1.08495
6562.75000,-1.40157,0.96829,-1.05646
6562.80000,-1.39652,0.95941,-1.02837
6562.85000,-1.39125,0.95091,-1.00114
6562.90000,-1.38611,0.94314,-0.97095
6562.95000,-1.38041,0.93513,-0.93893
6563.00000,-1.37420,0.92687,-0.90496
6563.05000,-1.36803,0.91930,-0.86677
6563.10000,-1.36267,0.91290,-0.82651
6563.15000,-1.36135,0.91141,-0.78030
6563.20000,-1.36110,0.91117,-0.72271
6563.25000,-1.36106,0.91114,-0.66150
6563.30000,-1.36102,0.91111,-0.60068
6563.35000,-1.36098,0.91108,-0.54061
6563.40000,-1.36093,0.91105,-0.48148
6563.45000,-1.36088,0.91103,-0.42344
6563.50000,-1.36083,0.91101,-0.36668
6563.55000,-1.36078,0.91099,-0.31135
6563.60000,-1.36072,0.91097,-0.25743
6563.65000,-1.36066,0.91096,-0.20461
6563.70000,-1.36061,0.91095,-0.15265
6563.75000,-1.36055,0.91094,-0.10143
6563.80000,-1.36048,0.91094,-0.05086
6563.85000,-1.36042,0.91094,-0.00097
6563.90000,-1.36036,0.91094,0.04821
6563.95000,-1.36029,0.91094,0.09655
6564.00000,-1.36023,0.91095,0.14409
6564.05000,-1.35827,0.91146,0.19072
6564.10000,-1.35096,0.91308,0.23030
6564.15000,-1.34221,0.91533,0.27235
6564.20000,-1.33280,0.91818,0.31723
6564.25000,-1.32337,0.92152,0.36255
6564.30000,-1.31411,0.92527,0.40742
6564.35000,-1.30502,0.92944,0.45163
6564.40000,-1.29587,0.93409,0.49601
6564.45000,-1.28700,0.93910,0.53904
6564.50000,-1.27851,0.94441,0.57979
6564.55000,-1.27026,0.95005,0.61875
6564.60000,-1.26222,0.95599,0.65574
6564.65000,-1.25441,0.96222,0.69062
6564.70000,-1.24651,0.96896,0.72466
6564.75000,-1.23878,0.97600,0.75660
6564.80000,-1.23121,0.98314,0.78810
6564.85000,-1.22790,0.98610,0.81820
6564.90000,-1.22746,0.98658,0.84195
6564.95000,-1.22704,0.98705,0.86472
6565.00000,-1.22663,0.98754,0.88783
6565.05000,-1.22620,0.98808,0.91251
6565.10000,-1.22575,0.98867,0.93937
6565.15000,-1.22528,0.98931,0.96780
6565.20000,-1.22482,0.98999,0.99771
6565.25000,-1.22314,0.99258,1.02588
6565.30000,-1.21867,1.00000,1.05087
6565.35000,-1.21385,1.00870,1.07900
6565.40000,-1.20912,1.01752,1.10734
6565.45000,-1.20790,1.02201,1.13287
6565.50000,-1.20765,1.02258,1.15685
6565.55000,-1.20737,1.02318,1.17973
6565.60000,-1.20713,1.02377,1.20253
6565.65000,-1.20693,1.02432,1.22494
6565.70000,-1.20672,1.02493,1.24703
6565.75000,-1.20655,1.02546,1.26817
6565.80000,-1.20637,1.02604,1.28860
6565.85000,-1.20622,1.02657,1.30786
6565.90000,-1.20607,1.02711,1.32599
6565.95000,-1.20595,1.02762,1.34280
6566.00000,-1.20584,1.02809,1.35809
6566.05000,-1.20576,1.02851,1.37183
6566.10000,-1.20568,1.02889,1.38388
6566.15000,-1.20561,1.02924,1.39408
6566.20000,-1.20555,1.02955,1.40230
6566.25000,-1.20551,1.02981,1.40827
6566.30000,-1.20547,1.03001,1.41193
6566.35000,-1.20544,1.03015,1.41309
6566.40000,-1.20542,1.03023,1.41173
6566.45000,-1.20541,1.03026,1.40784
6566.50000,-1.20541,1.03022,1.40150
6566.55000,-1.20542,1.03013,1.39270
6566.60000,-1.20544,1.02999,1.38163
6566.65000,-1.20548,1.02979,1.36841
6566.70000,-1.20552,1.02957,1.35318
6566.75000,-1.20557,1.02930,1.33618
6566.80000,-1.20564,1.02904,1.31754
6566.85000,-1.20571,1.02873,1.29725
6566.90000,-1.20581,1.02838,1.27545
6566.95000,-1.20591,1.02802,1.25249
6567.00000,-1.20604,1.02764,1.22831
6567.05000,-1.20618,1.02724,1.20311
6567.10000,-1.20633,1.02684,1.17698
6567.15000,-1.20650,1.02643,1.15005
6567.20000,-1.20669,1.02602,1.12236
6567.25000,-1.20689,1.02561,1.09403
6567.30000,-1.20710,1.02519,1.06511
6567.35000,-1.20733,1.02478,1.03569
6567.40000,-1.20757,1.02437,1.00580
6567.45000,-1.20783,1.02397,0.97551
6567.50000,-1.20810,1.02358,0.94488
6567.55000,-1.20839,1.02319,0.91389
6567.60000,-1.20869,1.02281,0.88261
6567.65000,-1.20900,1.02243,0.85114
6567.70000,-1.20931,1.02208,0.81943
6567.75000,-1.20964,1.02173,0.78762
6567.80000,-1.20998,1.02139,0.75555
6567.85000,-1.21030,1.02109,0.72350
6567.90000,-1.21056,1.02086,0.69170
6567.95000,-1.21031,1.02106,0.66257
6568.00000,-1.21005,1.02126,0.63343
6568.05000,-1.20978,1.02145,0.60423
6568.10000,-1.20951,1.02164,0.57498
6568.15000,-1.20923,1.02181,0.54572
6568.20000,-1.20894,1.02198,0.51646
6568.25000,-1.20865,1.02214,0.48719
6568.30000,-1.20834,1.02230,0.45778
6568.35000,-1.20803,1.02244,0.42817
6568.40000,-1.20810,1.02241,0.39667
6568.45000,-1.20807,1.02243,0.36505
6568.50000,-1.20846,1.02227,0.33143
6568.55000,-1.20890,1.02211,0.29732
6568.60000,-1.20934,1.02197,0.26300
6568.65000,-1.20977,1.02185,0.22848
6568.70000,-1.21021,1.02174,0.19381
6568.75000,-1.21064,1.02165,0.15899
6568.80000,-1.21106,1.02158,0.12404
6568.85000,-1.21147,1.02152,0.08898
6568.90000,-1.21188,1.02148,0.05386
6568.95000,-1.21227,1.02145,0.01867
6569.00000,-1.21265,1.02144,-0.01658
6569.05000,-1.21301,1.02144,-0.05185
6569.10000,-1.21336,1.02144,-0.08712
6569.15000,-1.21370,1.02145,-0.12216
6569.20000,-1.21403,1.02147,-0.15689
6569.25000,-1.21435,1.02150,-0.19125
6569.30000,-1.21465,1.02154,-0.22534
6569.35000,-1.21495,1.02159,-0.25918
6569.40000,-1.21523,1.02165,-0.29283
6569.45000,-1.21550,1.02171,-0.32626
6569.50000,-1.21576,1.02178,-0.35957
6569.55000,-1.21601,1.02186,-0.39273
6569.60000,-1.21625,1.02194,-0.42572
6569.65000,-1.21647,1.02202,-0.45850
6569.70000,-1.21668,1.02210,-0.49115
6569.75000,-1.21687,1.02219,-0.52357
6569.80000,-1.21706,1.02228,-0.55571
6569.85000,-1.21723,1.02236,-0.58744
6569.90000,-1.21739,1.02245,-0.61871
6569.95000,-1.21753,1.02253,-0.64951
6570.00000,-1.21767,1.02262,-0.67985
6570.05000,-1.21779,1.02269,-0.70975
6570.10000,-1.21791,1.02277,-0.73925
6570.15000,-1.21801,1.02285,-0.76835
6570.20000,-1.21812,1.02293,-0.79710
6570.25000,-1.21822,1.02301,-0.82550
6570.30000,-1.21831,1.02309,-0.85360
6570.35000,-1.21840,1.02317,-0.88138
6570.40000,-1.21684,1.02131,-0.90900
6570.45000,-1.21185,1.01478,-0.93385
6570.50000,-1.20600,1.00667,-0.95800
6570.55000,-1.20035,0.99843,-0.98163
6570.60000,-1.19520,0.99052,-1.00661
6570.65000,-1.19014,0.98229,-1.03029
6570.70000,-1.18509,0.97366,-1.05182
6570.75000,-1.18022,0.96493,-1.07239
6570.80000,-1.17571,0.95640,-1.09322
6570.85000,-1.17143,0.94791,-1.11338
6570.90000,-1.16727,0.93925,-1.13175
6570.95000,-1.16326,0.93052,-1.14849
6571.00000,-1.15925,0.92143,-1.16176
6571.05000,-1.15543,0.91247,-1.17297
6571.10000,-1.15174,0.90366,-1.18361
6571.15000,-1.14892,0.89574,-1.19362
6571.20000,-1.14810,0.89322,-1.19513
6571.25000,-1.14797,0.89274,-1.17927
6571.30000,-1.14794,0.89264,-1.15801
6571.35000,-1.14778,0.89227,-1.13364
6571.40000,-1.14754,0.89171,-1.10702
6571.45000,-1.14736,0.89130,-1.07983
6571.50000,-1.14734,0.89124,-1.05288
6571.55000,-1.14731,0.89119,-1.02520
6571.60000,-1.14728,0.89115,-0.99713
6571.65000,-1.14725,0.89110,-0.96872
6571.70000,-1.14722,0.89106,-0.94001
6571.75000,-1.14719,0.89101,-0.91105
6571.80000,-1.14715,0.89097,-0.88127
6571.85000,-1.14712,0.89092,-0.84986
6571.90000,-1.14708,0.89088,-0.81658
6571.95000,-1.14703,0.89084,-0.78156
6572.00000,-1.14699,0.89079,-0.74510
6572.05000,-1.14693,0.89075,-0.70743
6572.10000,-1.14688,0.89070,-0.66877
6572.15000,-1.14682,0.89066,-0.62932
6572.20000,-1.14676,0.89061,-0.58923
6572.25000,-1.14669,0.89057,-0.54877
6572.30000,-1.14663,0.89053,-0.50821
6572.35000,-1.14656,0.89050,-0.46770
6572.40000,-1.14649,0.89046,-0.42725
6572.45000,-1.14641,0.89043,-0.38693
6572.50000,-1.14634,0.89040,-0.34679
6572.55000,-1.14626,0.89038,-0.30663
6572.60000,-1.14618,0.89035,-0.26610
6572.65000,-1.14610,0.89033,-0.22509
6572.70000,-1.14601,0.89031,-0.18364
6572.75000,-1.14592,0.89030,-0.14189
6572.80000,-1.14582,0.89029,-0.09995
6572.85000,-1.14572,0.89028,-0.05797
6572.90000,-1.14561,0.89027,-0.01615
6572.95000,-1.14551,0.89027,0.02538
6573.00000,-1.14540,0.89028,0.06661
6573.05000,-1.14530,0.89029,0.10754
6573.10000,-1.14520,0.89030,0.14814
6573.15000,-1.14509,0.89032,0.18853
6573.20000,-1.14499,0.89034,0.22885
6573.25000,-1.14488,0.89037,0.26912
6573.30000,-1.14476,0.89040,0.30931
6573.35000,-1.14465,0.89044,0.34939
6573.40000,-1.14453,0.89049,0.38929
6573.45000,-1.14395,0.89077,0.43077
6573.50000,-1.14291,0.89125,0.47415
6573.55000,-1.14243,0.89150,0.51459
6573.60000,-1.14184,0.89185,0.55476
6573.65000,-1.14109,0.89232,0.59557
6573.70000,-1.14047,0.89275,0.63548
6573.75000,-1.13996,0.89312,0.67434
6573.80000,-1.13929,0.89366,0.71340
6573.85000,-1.13891,0.89398,0.75067
6573.90000,-1.13842,0.89444,0.78804
6573.95000,-1.13767,0.89521,0.82683
6574.00000,-1.13695,0.89601,0.86516
6574.05000,-1.13628,0.89682,0.90297
6574.10000,-1.13565,0.89764,0.94020
6574.15000,-1.13530,0.89812,0.97496
6574.20000,-1.13522,0.89824,1.00734
6574.25000,-1.13514,0.89836,1.03916
6574.30000,-1.13507,0.89849,1.07046
6574.35000,-1.13501,0.89861,1.10123
6574.40000,-1.13363,0.90064,1.13067
6574.45000,-1.13026,0.90791,1.15778
6574.50000,-1.12672,0.91633,1.18984
6574.55000,-1.12344,0.92493,1.22164
6574.60000,-1.12042,0.93364,1.25275
6574.65000,-1.11767,0.94246,1.28318
6574.70000,-1.11517,0.95137,1.31296
6574.75000,-1.11294,0.96037,1.34208
6574.80000,-1.11096,0.96944,1.37043
6574.85000,-1.10924,0.97859,1.39795
6574.90000,-1.10775,0.98781,1.42446
6574.95000,-1.10651,0.99709,1.44982
6575.00000,-1.10546,1.00661,1.47328
6575.05000,-1.10464,1.01602,1.49553
6575.10000,-1.10402,1.02550,1.51521
6575.15000,-1.10355,1.03539,1.52971
6575.20000,-1.10313,1.04537,1.54282
6575.25000,-1.10314,1.05131,1.54810
6575.30000,-1.10317,1.05568,1.53679
6575.35000,-1.10317,1.05839,1.50888
6575.40000,-1.10319,1.05852,1.47001
6575.45000,-1.10321,1.05814,1.43215
6575.50000,-1.10320,1.05810,1.40119
6575.55000,-1.10316,1.05865,1.37717
6575.60000,-1.10314,1.05880,1.35957
6575.65000,-1.10311,1.05874,1.34091
6575.70000,-1.10311,1.05877,1.32354
6575.75000,-1.10319,1.05843,1.30810
6575.80000,-1.10328,1.05811,1.29374
6575.85000,-1.10329,1.05803,1.28339
6575.90000,-1.10328,1.05805,1.27649
6575.95000,-1.10328,1.05804,1.27123
6576.00000,-1.10226,1.05945,1.26566
6576.05000,-1.09968,1.06389,1.26033
6576.10000,-1.09713,1.06907,1.25578
6576.15000,-1.09442,1.07600,1.25768
6576.20000,-1.09143,1.08545,1.27198
6576.25000,-1.08852,1.09518,1.28610
6576.30000,-1.08580,1.10471,1.29832
6576.35000,-1.08341,1.11390,1.30987
6576.40000,-1.08268,1.11875,1.30931
6576.45000,-1.08214,1.12317,1.28700
6576.50000,-1.08152,1.12631,1.24341
6576.55000,-1.08124,1.12710,1.18860
6576.60000,-1.08122,1.12716,1.13028
6576.65000,-1.08119,1.12721,1.07199
6576.70000,-1.08116,1.12727,1.01383
6576.75000,-1.08112,1.12732,0.95583
6576.80000,-1.08109,1.12736,0.89799
6576.85000,-1.08106,1.12740,0.84034
6576.90000,-1.08104,1.12742,0.78289
6576.95000,-1.08102,1.12744,0.72567
6577.00000,-1.08102,1.12744,0.66878
6577.05000,-1.08098,1.12744,0.62411
6577.10000,-1.08085,1.12748,0.59861
6577.15000,-1.08047,1.12770,0.59580
6577.20000,-1.08025,1.12785,0.61371
6577.25000,-1.08024,1.12786,0.63346
6577.30000,-1.08023,1.12786,0.65322
6577.35000,-1.08022,1.12787,0.67294
6577.40000,-1.08021,1.12788,0.69256
6577.45000,-1.08020,1.12789,0.71205
6577.50000,-1.08019,1.12790,0.73134
6577.55000,-1.08017,1.12791,0.75044
6577.60000,-1.08015,1.12793,0.76942
6577.65000,-1.08013,1.12795,0.78833
6577.70000,-1.08010,1.12799,0.80715
6577.75000,-1.08006,1.12802,0.82590
6577.80000,-1.08002,1.12807,0.84456
6577.85000,-1.07998,1.12811,0.86313
6577.90000,-1.07994,1.12816,0.88160
6577.95000,-1.07991,1.12820,0.89996
6578.00000,-1.07987,1.12825,0.91822
6578.05000,-1.07983,1.12830,0.93636
6578.10000,-1.07979,1.12835,0.95438
6578.15000,-1.07976,1.12840,0.97226
6578.20000,-1.07972,1.12846,0.99001
6578.25000,-1.07969,1.12851,1.00763
6578.30000,-1.07954,1.12874,1.02586
6578.35000,-1.07948,1.12883,1.04338
6578.40000,-1.07938,1.12899,1.06148
6578.45000,-1.07939,1.12899,1.07950
6578.50000,-1.07930,1.12918,1.09734
6578.55000,-1.07923,1.12937,1.11500
6578.60000,-1.07910,1.12963,1.13199
6578.65000,-1.07900,1.12986,1.14875
6578.70000,-1.07904,1.12980,1.16575
6578.75000,-1.07894,1.13003,1.18245
6578.80000,-1.07758,1.13220,1.19834
6578.85000,-1.07431,1.13978,1.21294
6578.90000,-1.07082,1.14933,1.22873
6578.95000,-1.06742,1.15917,1.24537
6579.00000,-1.06417,1.16907,1.26200
6579.05000,-1.06109,1.17901,1.27865
6579.10000,-1.05818,1.18902,1.29543
6579.15000,-1.05543,1.19907,1.31246
6579.20000,-1.05289,1.20901,1.32927
6579.25000,-1.05054,1.21911,1.34834
6579.30000,-1.04832,1.22900,1.36739
6579.35000,-1.04797,1.23448,1.38733
6579.40000,-1.04731,1.23911,1.41916
6579.45000,-1.04713,1.24067,1.47635
6579.50000,-1.04708,1.24148,1.54617
6579.55000,-1.04709,1.24197,1.62391
6579.60000,-1.04709,1.24200,1.70253
6579.65000,-1.04709,1.24202,1.77764
6579.70000,-1.04710,1.24204,1.84976
6579.75000,-1.04710,1.24205,1.91906
6579.80000,-1.04711,1.24206,1.98429
6579.85000,-1.04711,1.24207,2.04738
6579.90000,-1.04711,1.24208,2.10909
6579.95000,-1.04712,1.24208,2.16953
6580.00000,-1.04713,1.24209,2.22961
6580.05000,-1.04713,1.24210,2.28643
6580.10000,-1.04714,1.24210,2.33469
6580.15000,-1.04877,1.24369,2.37913
6580.20000,-1.05274,1.24735,2.41530
6580.25000,-1.05743,1.25153,2.44690
6580.30000,-1.05967,1.25346,2.46962
6580.35000,-1.05981,1.25358,2.48348
6580.40000,-1.05984,1.25359,2.49628
6580.45000,-1.05983,1.25359,2.50848
6580.50000,-1.05992,1.25366,2.51957
6580.55000,-1.06002,1.25374,2.52957
6580.60000,-1.06011,1.25381,2.53871
6580.65000,-1.06019,1.25386,2.54694
6580.70000,-1.06023,1.25388,2.55456
6580.75000,-1.06030,1.25393,2.56174
6580.80000,-1.06025,1.25390,2.56895
6580.85000,-1.06025,1.25390,2.57448
6580.90000,-1.06029,1.25392,2.57809
6580.95000,-1.06031,1.25394,2.58018
6581.00000,-1.06034,1.25395,2.58113
6581.05000,-1.06035,1.25396,2.58081
6581.10000,-1.06036,1.25396,2.57900
6581.15000,-1.06035,1.25396,2.57578
6581.20000,-1.06035,1.25396,2.57127
6581.25000,-1.06032,1.25394,2.56582
6581.30000,-1.06031,1.25393,2.55985
6581.35000,-1.06029,1.25392,2.55317
6581.40000,-1.06031,1.25394,2.54625
6581.45000,-1.06035,1.25397,2.53900
6581.50000,-1.06031,1.25395,2.53109
6581.55000,-1.06035,1.25398,2.52335
6581.60000,-1.06037,1.25399,2.51525
6581.65000,-1.06033,1.25396,2.50652
6581.70000,-1.06023,1.25388,2.49734
6581.75000,-1.06006,1.25375,2.48762
6581.80000,-1.05989,1.25362,2.47762
6581.85000,-1.05971,1.25348,2.46719
6581.90000,-1.05952,1.25332,2.45611
6581.95000,-1.05950,1.25332,2.44459
6582.00000,-1.05936,1.25320,2.43177
6582.05000,-1.05934,1.25319,2.41883
6582.10000,-1.05928,1.25315,2.40549
6582.15000,-1.05914,1.25305,2.39188
6582.20000,-1.05912,1.25302,2.37748
6582.25000,-1.05889,1.25279,2.36311
6582.30000,-1.05866,1.25256,2.34862
6582.35000,-1.05844,1.25233,2.33412
6582.40000,-1.05822,1.25209,2.31963
6582.45000,-1.05800,1.25185,2.30510
6582.50000,-1.05779,1.25161,2.29053
6582.55000,-1.05758,1.25136,2.27594
6582.60000,-1.05737,1.25111,2.26124
6582.65000,-1.05717,1.25086,2.24632
6582.70000,-1.05696,1.25059,2.23107
6582.75000,-1.05675,1.25031,2.21537
6582.80000,-1.05662,1.25012,2.19962
6582.85000,-1.05656,1.25003,2.18359
6582.90000,-1.05646,1.24988,2.16675
6582.95000,-1.05636,1.24970,2.15010
6583.00000,-1.05616,1.24938,2.13308
6583.05000,-1.05596,1.24906,2.11614
6583.10000,-1.05578,1.24873,2.09931
6583.15000,-1.05560,1.24841,2.08255
6583.20000,-1.05542,1.24809,2.06591
6583.25000,-1.05526,1.24776,2.04951
6583.30000,-1.05510,1.24745,2.03341
6583.35000,-1.05496,1.24714,2.01753
6583.40000,-1.05482,1.24683,2.00169
6583.45000,-1.05468,1.24652,1.98569
6583.50000,-1.05455,1.24620,1.96931
6583.55000,-1.05442,1.24586,1.95267
6583.60000,-1.05430,1.24553,1.93606
6583.65000,-1.05418,1.24520,1.91962
6583.70000,-1.05407,1.24487,1.90337
6583.75000,-1.05396,1.24454,1.88728
6583.80000,-1.05387,1.24422,1.87137
6583.85000,-1.05378,1.24390,1.85567
6583.90000,-1.05369,1.24358,1.84016
6583.95000,-1.05362,1.24327,1.82484
6584.00000,-1.05354,1.24295,1.80949
6584.05000,-1.05348,1.24263,1.79387
6584.10000,-1.05341,1.24230,1.77792
6584.15000,-1.05335,1.24197,1.76188
6584.20000,-1.05329,1.24163,1.74601
6584.25000,-1.05324,1.24131,1.73037
6584.30000,-1.05320,1.24099,1.71497
6584.35000,-1.05316,1.24067,1.69981
6584.40000,-1.05313,1.24036,1.68490
6584.45000,-1.05354,1.24196,1.66999
6584.50000,-1.05439,1.24925,1.65541
6584.55000,-1.05514,1.25888,1.64093
6584.60000,-1.05582,1.26853,1.62644
6584.65000,-1.05590,1.27445,1.61297
6584.70000,-1.05588,1.27533,1.59072
6584.75000,-1.05588,1.27485,1.55448
6584.80000,-1.05589,1.27448,1.51356
6584.85000,-1.05589,1.27450,1.47476
6584.90000,-1.05588,1.27453,1.43682
6584.95000,-1.05588,1.27455,1.39921
6585.00000,-1.05588,1.27457,1.36174
6585.05000,-1.05587,1.27459,1.32479
6585.10000,-1.05586,1.27462,1.28818
6585.15000,-1.05608,1.27392,1.24988
6585.20000,-1.05636,1.27310,1.21300
6585.25000,-1.05664,1.27237,1.18005
6585.30000,-1.05692,1.27169,1.14980
6585.35000,-1.05720,1.27107,1.12043
6585.40000,-1.05750,1.27046,1.09099
6585.45000,-1.05783,1.26984,1.06096
6585.50000,-1.05819,1.26919,1.02988
6585.55000,-1.05858,1.26854,0.99823
6585.60000,-1.05898,1.26790,0.96652
6585.65000,-1.05940,1.26728,0.93525
6585.70000,-1.05983,1.26671,0.90496
6585.75000,-1.06021,1.26622,0.87618
6585.80000,-1.06063,1.26572,0.84813
6585.85000,-1.06083,1.26548,0.82170
6585.90000,-1.05921,1.26709,0.79554
6585.95000,-1.05360,1.27267,0.77106
6586.00000,-1.04678,1.27915,0.74735
6586.05000,-1.03990,1.28552,0.72375
6586.10000,-1.03796,1.28707,0.69817
6586.15000,-1.03794,1.28708,0.65937
6586.20000,-1.03791,1.28710,0.61806
6586.25000,-1.03788,1.28713,0.57697
6586.30000,-1.03784,1.28715,0.53584
6586.35000,-1.03781,1.28717,0.49462
6586.40000,-1.03776,1.28719,0.45333
6586.45000,-1.03772,1.28721,0.41207
6586.50000,-1.03767,1.28723,0.37109
6586.55000,-1.03762,1.28725,0.33061
6586.60000,-1.03757,1.28727,0.29066
6586.65000,-1.03752,1.28728,0.25126
6586.70000,-1.03746,1.28729,0.21229
6586.75000,-1.03741,1.28730,0.17411
6586.80000,-1.03735,1.28731,0.13694
6586.85000,-1.03729,1.28732,0.10081
6586.90000,-1.03722,1.28733,0.06554
6586.95000,-1.03714,1.28733,0.03087
6587.00000,-1.03706,1.28733,-0.00369
6587.05000,-1.03697,1.28733,-0.03825
6587.10000,-1.03687,1.28732,-0.07282
6587.15000,-1.03676,1.28731,-0.10743
6587.20000,-1.03664,1.28730,-0.14205
6587.25000,-1.03650,1.28728,-0.17659
6587.30000,-1.03636,1.28725,-0.21092
6587.35000,-1.03620,1.28721,-0.24491
6587.40000,-1.03604,1.28717,-0.27842
6587.45000,-1.03403,1.28615,-0.31173
6587.50000,-1.02675,1.28362,-0.34233
6587.55000,-1.01825,1.28040,-0.37665
6587.60000,-1.00979,1.27687,-0.41020
6587.65000,-1.00128,1.27300,-0.44150
6587.70000,-0.99271,1.26878,-0.47042
6587.75000,-0.98445,1.26442,-0.49848
6587.80000,-0.97630,1.25983,-0.52475
6587.85000,-0.96824,1.25502,-0.54910
6587.90000,-0.96019,1.24995,-0.57114
6587.95000,-0.95192,1.24451,-0.58988
6588.00000,-0.94389,1.23903,-0.60724
6588.05000,-0.93581,1.23337,-0.62440
6588.10000,-0.93097,1.23069,-0.64193
6588.15000,-0.93067,1.23065,-0.65299
6588.20000,-0.93064,1.23063,-0.65967
6588.25000,-0.93058,1.23058,-0.66579
6588.30000,-0.93053,1.23054,-0.67153
6588.35000,-0.93047,1.23049,-0.67681
6588.40000,-0.93041,1.23044,-0.68170
6588.45000,-0.93035,1.23040,-0.68615
6588.50000,-0.93029,1.23035,-0.69023
6588.55000,-0.93024,1.23030,-0.69387
6588.60000,-0.93018,1.23025,-0.69714
6588.65000,-0.93012,1.23021,-0.70000
6588.70000,-0.93006,1.23016,-0.70250
6588.75000,-0.93000,1.23011,-0.70459
6588.80000,-0.92995,1.23006,-0.70632
6588.85000,-0.92989,1.23001,-0.70765
6588.90000,-0.92983,1.22996,-0.70863
6588.95000,-0.92977,1.22991,-0.70921
6589.00000,-0.92971,1.22986,-0.70944
6589.05000,-0.92966,1.22981,-0.70929
6589.10000,-0.92960,1.22976,-0.70880
6589.15000,-0.92954,1.22971,-0.70790
6589.20000,-0.92948,1.22966,-0.70667
6589.25000,-0.92942,1.22961,-0.70505
6589.30000,-0.92936,1.22956,-0.70310
6589.35000,-0.92930,1.22951,-0.70077
6589.40000,-0.92925,1.22946,-0.69811
6589.45000,-0.92919,1.22941,-0.69507
6589.50000,-0.92913,1.22937,-0.69172
6589.55000,-0.92907,1.22932,-0.68798
6589.60000,-0.92901,1.22927,-0.68394
6589.65000,-0.92895,1.22922,-0.67954
6589.70000,-0.92889,1.22917,-0.67476
6589.75000,-0.92883,1.22913,-0.66959
6589.80000,-0.92877,1.22908,-0.66409
6589.85000,-0.92871,1.22903,-0.65821
6589.90000,-0.92865,1.22899,-0.65202
6589.95000,-0.92859,1.22894,-0.64547
6590.00000,-0.92853,1.22890,-0.63858
6590.05000,-0.92847,1.22886,-0.63067
6590.10000,-0.92843,1.22882,-0.62132
6590.15000,-0.92827,1.22871,-0.60930
6590.20000,-0.92822,1.22867,-0.59551
6590.25000,-0.92818,1.22864,-0.57950
6590.30000,-0.92816,1.22862,-0.56086
6590.35000,-0.92809,1.22858,-0.53995
6590.40000,-0.92804,1.22855,-0.51685
6590.45000,-0.92798,1.22851,-0.49167
6590.50000,-0.92792,1.22848,-0.46458
6590.55000,-0.92786,1.22846,-0.43572
6590.60000,-0.92780,1.22843,-0.40529
6590.65000,-0.92774,1.22840,-0.37341
6590.70000,-0.92767,1.22838,-0.34023
6590.75000,-0.92761,1.22835,-0.30591
6590.80000,-0.92754,1.22833,-0.27058
6590.85000,-0.92746,1.22832,-0.23437
6590.90000,-0.92739,1.22830,-0.19738
6590.95000,-0.92731,1.22829,-0.15977
6591.00000,-0.92723,1.22827,-0.12182
6591.05000,-0.92715,1.22827,-0.08361
6591.10000,-0.92707,1.22826,-0.04515
6591.15000,-0.92699,1.22826,-0.00646
6591.20000,-0.92691,1.22826,0.03246
6591.25000,-0.92683,1.22826,0.07163
6591.30000,-0.92674,1.22827,0.11109
6591.35000,-0.92666,1.22828,0.15086
6591.40000,-0.92657,1.22830,0.19088
6591.45000,-0.92648,1.22832,0.23111
6591.50000,-0.92639,1.22834,0.27149
6591.55000,-0.92630,1.22837,0.31201
6591.60000,-0.92622,1.22840,0.35263
6591.65000,-0.92613,1.22843,0.39333
6591.70000,-0.92604,1.22847,0.43409
6591.75000,-0.92596,1.22851,0.47490
6591.80000,-0.92587,1.22855,0.51571
6591.85000,-0.92579,1.22860,0.55646
6591.90000,-0.92571,1.22865,0.59703
6591.95000,-0.92564,1.22871,0.63730
6592.00000,-0.92557,1.22876,0.67726
6592.05000,-0.92522,1.22905,0.71828
6592.10000,-0.92515,1.22911,0.75767
6592.15000,-0.92508,1.22918,0.79675
6592.20000,-0.92502,1.22925,0.83553
6592.25000,-0.92495,1.22932,0.87398
6592.30000,-0.92489,1.22940,0.91210
6592.35000,-0.92483,1.22948,0.94990
6592.40000,-0.92478,1.22956,0.98736
6592.45000,-0.92472,1.22964,1.02452
6592.50000,-0.92467,1.22973,1.06135
6592.55000,-0.92463,1.22982,1.09784
6592.60000,-0.92458,1.22991,1.13396
6592.65000,-0.92454,1.23000,1.16969
6592.70000,-0.92451,1.23009,1.20500
6592.75000,-0.92447,1.23018,1.23992
6592.80000,-0.92444,1.23028,1.27443
6592.85000,-0.92442,1.23037,1.30846
6592.90000,-0.92439,1.23047,1.34200
6592.95000,-0.92437,1.23056,1.37507
6593.00000,-0.92435,1.23066,1.40765
6593.05000,-0.92434,1.23076,1.43971
6593.10000,-0.92433,1.23085,1.47130
6593.15000,-0.92432,1.23095,1.50243
6593.20000,-0.92414,1.23291,1.53319
6593.25000,-0.92395,1.24077,1.56128
6593.30000,-0.92400,1.25068,1.59110
6593.35000,-0.92436,1.26067,1.62211
6593.40000,-0.92487,1.27061,1.65299
6593.45000,-0.92493,1.27519,1.68442
6593.50000,-0.92496,1.27553,1.72165
6593.55000,-0.92497,1.27560,1.76179
6593.60000,-0.92498,1.27566,1.80200
6593.65000,-0.92500,1.27572,1.84193
6593.70000,-0.92501,1.27577,1.88148
6593.75000,-0.92503,1.27583,1.92049
6593.80000,-0.92506,1.27589,1.95891
6593.85000,-0.92508,1.27595,1.99672
6593.90000,-0.92511,1.27600,2.03391
6593.95000,-0.92514,1.27606,2.07046
6594.00000,-0.92517,1.27611,2.10636
6594.05000,-0.92520,1.27617,2.14164
6594.10000,-0.92663,1.27800,2.17634
6594.15000,-0.93132,1.28448,2.20675
6594.20000,-0.93707,1.29200,2.24115
6594.25000,-0.94286,1.29932,2.27706
6594.30000,-0.94429,1.30201,2.31435
6594.35000,-0.94434,1.30209,2.35442
6594.40000,-0.94438,1.30213,2.39433
6594.45000,-0.94443,1.30217,2.43298
6594.50000,-0.94448,1.30221,2.47064
6594.55000,-0.94621,1.30363,2.50748
6594.60000,-0.95252,1.30817,2.54010
6594.65000,-0.95982,1.31299,2.57840
6594.70000,-0.96767,1.31778,2.61886
6594.75000,-0.97552,1.32209,2.66044
6594.80000,-0.98355,1.32607,2.70211
6594.85000,-0.99174,1.32971,2.74340
6594.90000,-1.00009,1.33303,2.78396
6594.95000,-1.00859,1.33601,2.82345
6595.00000,-1.01820,1.33900,2.86223
6595.05000,-1.02793,1.34161,2.89668
6595.10000,-1.03764,1.34386,2.92895
6595.15000,-1.04720,1.34578,2.95998
6595.20000,-1.05630,1.34730,2.99100
6595.25000,-1.06549,1.34856,3.01975
6595.30000,-1.07500,1.34961,3.04538
6595.35000,-1.08437,1.35040,3.06921
6595.40000,-1.09376,1.35108,3.09291
6595.45000,-1.09855,1.35112,3.11524
6595.50000,-1.09897,1.35113,3.13190
6595.55000,-1.09903,1.35113,-3.13825
6595.60000,-1.09915,1.35113,-3.12614
6595.65000,-1.09934,1.35112,-3.11469
6595.70000,-1.09955,1.35111,-3.10446
6595.75000,-1.09977,1.35111,-3.09572
6595.80000,-1.09983,1.35111,-3.08897
6595.85000,-1.09988,1.35110,-3.08409
6595.90000,-1.09996,1.35110,-3.08069
6595.95000,-1.10005,1.35109,-3.07896
6596.00000,-1.10014,1.35109,-3.07716
6596.05000,-1.10023,1.35108,-3.07638
6596.10000,-1.10031,1.35108,-3.07819
6596.15000,-1.10045,1.35107,-3.08130
6596.20000,-1.10053,1.35106,-3.08552
6596.25000,-1.10058,1.35105,-3.09079
6596.30000,-1.10069,1.35104,-3.09710
6596.35000,-1.10076,1.35104,-3.10440
6596.40000,-1.10089,1.35103,-3.11252
6596.45000,-1.10093,1.35103,-3.12119
6596.50000,-1.10094,1.35103,-3.13047
6596.55000,-1.10091,1.35102,-3.14028
6596.60000,-1.10075,1.35102,3.13218
6596.65000,-1.10057,1.35102,3.12067
6596.70000,-1.10075,1.35102,3.10856
6596.75000,-1.10070,1.35102,3.09610
6596.80000,-1.10062,1.35102,3.08261
6596.85000,-1.10060,1.35103,3.06793
6596.90000,-1.10052,1.35103,3.05297
6596.95000,-1.10033,1.35103,3.03713
6597.00000,-1.10004,1.35101,3.02058
6597.05000,-1.09974,1.35100,3.00367
6597.10000,-1.09944,1.35097,2.98650
6597.15000,-1.09914,1.35094,2.96906
6597.20000,-1.09883,1.35090,2.95134
6597.25000,-1.09851,1.35086,2.93334
6597.30000,-1.09819,1.35081,2.91489
6597.35000,-1.09795,1.35076,2.89621
6597.40000,-1.09777,1.35072,2.87754
6597.45000,-1.09758,1.35069,2.85844
6597.50000,-1.09770,1.35073,2.84020
6597.55000,-1.09784,1.35077,2.82172
6597.60000,-1.09797,1.35081,2.80294
6597.65000,-1.09811,1.35086,2.78389
6597.70000,-1.09824,1.35091,2.76458
6597.75000,-1.09837,1.35097,2.74504
6597.80000,-1.09851,1.35103,2.72529
6597.85000,-1.09865,1.35109,2.70533
6597.90000,-1.09878,1.35115,2.68520
6597.95000,-1.09891,1.35122,2.66496
6598.00000,-1.09905,1.35129,2.64464
6598.05000,-1.09872,1.35111,2.62236
6598.10000,-1.09836,1.35091,2.59982
6598.15000,-1.09802,1.35070,2.57729
6598.20000,-1.09767,1.35048,2.55486
6598.25000,-1.09732,1.35025,2.53248
6598.30000,-1.09699,1.35001,2.51014
6598.35000,-1.09665,1.34977,2.48778
6598.40000,-1.09634,1.34953,2.46533
6598.45000,-1.09601,1.34928,2.44286
6598.50000,-1.09573,1.34905,2.42042
6598.55000,-1.09544,1.34880,2.39788
6598.60000,-1.09517,1.34854,2.37539
6598.65000,-1.09490,1.34828,2.35298
6598.70000,-1.09463,1.34802,2.33064
6598.75000,-1.09438,1.34775,2.30850
6598.80000,-1.09411,1.34747,2.28652
6598.85000,-1.09385,1.34719,2.26470
6598.90000,-1.09360,1.34691,2.24304
6598.95000,-1.09336,1.34662,2.22158
6599.00000,-1.09313,1.34634,2.20036
6599.05000,-1.09292,1.34605,2.17944
6599.10000,-1.09271,1.34575,2.15886
6599.15000,-1.09252,1.34547,2.13842
6599.20000,-1.09234,1.34517,2.11833
6599.25000,-1.09216,1.34488,2.09847
6599.30000,-1.09199,1.34459,2.07895
6599.35000,-1.09185,1.34432,2.05949
6599.40000,-1.09170,1.34404,2.04054
6599.45000,-1.09156,1.34376,2.02180
6599.50000,-1.09144,1.34351,2.00309
6599.55000,-1.09130,1.34324,1.98469
6599.60000,-1.09117,1.34298,1.96655
6599.65000,-1.09245,1.34485,1.94997
6599.70000,-1.09572,1.35234,1.93432
6599.75000,-1.09905,1.36132,1.91690
6599.80000,-1.10222,1.37037,1.89977
6599.85000,-1.10524,1.37947,1.88298
6599.90000,-1.10812,1.38863,1.86657
6599.95000,-1.11084,1.39785,1.85052
6600.00000,-1.11343,1.40712,1.83484
6600.05000,-1.11587,1.41643,1.81958
6600.10000,-1.11817,1.42579,1.80475
6600.15000,-1.12035,1.43520,1.79039
6600.20000,-1.12239,1.44464,1.77650
6600.25000,-1.12430,1.45411,1.76320
6600.30000,-1.12610,1.46364,1.75027
6600.35000,-1.12779,1.47322,1.73775
6600.40000,-1.12935,1.48283,1.72593
6600.45000,-1.13084,1.49256,1.71416
6600.50000,-1.13219,1.50228,1.70312
6600.55000,-1.13344,1.51196,1.69351
6600.60000,-1.13459,1.52167,1.68468
6600.65000,-1.13568,1.53152,1.67564
6600.70000,-1.13668,1.54135,1.66769
6600.75000,-1.13760,1.55119,1.66059
6600.80000,-1.13846,1.56103,1.65458
6600.85000,-1.13927,1.57093,1.64932
6600.90000,-1.14003,1.58081,1.64536
6600.95000,-1.14075,1.59076,1.64247
6601.00000,-1.14146,1.60073,1.64073
6601.05000,-1.14216,1.61071,1.64018
6601.10000,-1.14285,1.62068,1.64093
6601.15000,-1.14353,1.63048,1.64188
6601.20000,-1.14402,1.63989,1.64304
6601.25000,-1.14404,1.64525,1.64483
6601.30000,-1.14406,1.64925,1.64666
6601.35000,-1.14408,1.65055,1.65035
6601.40000,-1.14409,1.65076,1.65894
6601.45000,-1.14411,1.65095,1.66805
6601.50000,-1.14415,1.65129,1.67744
6601.55000,-1.14419,1.65164,1.68695
6601.60000,-1.14423,1.65199,1.69669
6601.65000,-1.14428,1.65235,1.70689
6601.70000,-1.14432,1.65262,1.71726
6601.75000,-1.14435,1.65296,1.72848
6601.80000,-1.14438,1.65321,1.74038
6601.85000,-1.14440,1.65341,1.75245
6601.90000,-1.14445,1.65379,1.76601
6601.95000,-1.14449,1.65409,1.78028
6602.00000,-1.14453,1.65439,1.79521
6602.05000,-1.14460,1.65474,1.81098
6602.10000,-1.14462,1.65494,1.82735
6602.15000,-1.14471,1.65534,1.84544
6602.20000,-1.14480,1.65574,1.86426
6602.25000,-1.14493,1.65624,1.88448
6602.30000,-1.14493,1.65637,1.90508
6602.35000,-1.14507,1.65681,1.92684
6602.40000,-1.14521,1.65721,1.94950
6602.45000,-1.14542,1.65781,1.97382
6602.50000,-1.14541,1.65792,1.99900
6602.55000,-1.14555,1.65826,2.02456
6602.60000,-1.14571,1.65873,2.05226
6602.65000,-1.14578,1.65896,2.08138
6602.70000,-1.14575,1.65899,2.11122
6602.75000,-1.14597,1.65941,2.14198
6602.80000,-1.14608,1.65962,2.17316
6602.85000,-1.14643,1.66020,2.20622
6602.90000,-1.14677,1.66069,2.23918
6602.95000,-1.14689,1.66090,2.27195
6603.00000,-1.14728,1.66138,2.30618
6603.05000,-1.14750,1.66162,2.33989
6603.10000,-1.14761,1.66174,2.37350
6603.15000,-1.14786,1.66202,2.40863
6603.20000,-1.14803,1.66216,2.44355
6603.25000,-1.14820,1.66230,2.47893
6603.30000,-1.14839,1.66245,2.51472
6603.35000,-1.14860,1.66259,2.55073
6603.40000,-1.14881,1.66273,2.58667
6603.45000,-1.14904,1.66286,2.62234
6603.50000,-1.14926,1.66299,2.65768
6603.55000,-1.14949,1.66310,2.69271
6603.60000,-1.14973,1.66321,2.72752
6603.65000,-1.14997,1.66331,2.76232
6603.70000,-1.15023,1.66341,2.79725
6603.75000,-1.15050,1.66350,2.83234
6603.80000,-1.15078,1.66359,2.86757
6603.85000,-1.15108,1.66366,2.90286
6603.90000,-1.15139,1.66373,2.93816
6603.95000,-1.15171,1.66379,2.97352
6604.00000,-1.15206,1.66385,3.00888
6604.05000,-1.15242,1.66389,3.04412
6604.10000,-1.15278,1.66392,3.07905
6604.15000,-1.15314,1.66393,3.11351
6604.20000,-1.15351,1.66394,-3.13564
6604.25000,-1.15387,1.66393,-3.10204
6604.30000,-1.15423,1.66391,-3.06886
6604.35000,-1.15459,1.66388,-3.03595
6604.40000,-1.15496,1.66383,-3.00327
6604.45000,-1.15532,1.66378,-2.97089
6604.50000,-1.15568,1.66371,-2.93874
6604.55000,-1.15605,1.66362,-2.90678
6604.60000,-1.15642,1.66353,-2.87501
6604.65000,-1.15680,1.66342,-2.84344
6604.70000,-1.15717,1.66330,-2.81209
6604.75000,-1.15756,1.66316,-2.78097
6604.80000,-1.15794,1.66301,-2.75007
6604.85000,-1.15893,1.66258,-2.71690
6604.90000,-1.15993,1.66210,-2.68385
6604.95000,-1.16086,1.66163,-2.65162
6605.00000,-1.16357,1.65990,-2.62035
6605.05000,-1.16991,1.65593,-2.59054
6605.10000,-1.17832,1.65059,-2.56231
6605.15000,-1.18682,1.64486,-2.53384
6605.20000,-1.19495,1.63904,-2.50699
6605.25000,-1.20292,1.63301,-2.48074
6605.30000,-1.21074,1.62677,-2.45503
6605.35000,-1.21839,1.62034,-2.42986
6605.40000,-1.22588,1.61371,-2.40523
6605.45000,-1.23321,1.60691,-2.38115
6605.50000,-1.24037,1.59993,-2.35759
6605.55000,-1.24737,1.59279,-2.33456
6605.60000,-1.25421,1.58549,-2.31204
6605.65000,-1.26088,1.57804,-2.28981
6605.70000,-1.26738,1.57044,-2.26750
6605.75000,-1.27371,1.56270,-2.24447
6605.80000,-1.27984,1.55481,-2.21992
6605.85000,-1.28577,1.54678,-2.19281
6605.90000,-1.29152,1.53873,-2.16581
6605.95000,-1.29312,1.53541,-2.13790
6606.00000,-1.29326,1.53513,-2.09688
6606.05000,-1.29328,1.53510,-2.05475
6606.10000,-1.29330,1.53507,-2.01483
6606.15000,-1.29331,1.53503,-1.97637
6606.20000,-1.29333,1.53500,-1.93864
6606.25000,-1.29334,1.53496,-1.90148
6606.30000,-1.29335,1.53492,-1.86487
6606.35000,-1.29336,1.53489,-1.82879
6606.40000,-1.29337,1.53485,-1.79290
6606.45000,-1.29338,1.53481,-1.75649
6606.50000,-1.29339,1.53476,-1.71928
6606.55000,-1.29340,1.53471,-1.68111
6606.60000,-1.29340,1.53465,-1.64227
6606.65000,-1.29341,1.53458,-1.60332
6606.70000,-1.29341,1.53450,-1.56458
6606.75000,-1.29340,1.53441,-1.52660
6606.80000,-1.29340,1.53431,-1.48943
6606.85000,-1.29339,1.53419,-1.45297
6606.90000,-1.29288,1.53202,-1.41698
6606.95000,-1.29147,1.52439,-1.38498
6607.00000,-1.28949,1.51479,-1.35126
6607.05000,-1.28715,1.50507,-1.31709
6607.10000,-1.28449,1.49546,-1.28377
6607.15000,-1.28124,1.48515,-1.24824
6607.20000,-1.27768,1.47497,-1.21405
6607.25000,-1.27390,1.46513,-1.18196
6607.30000,-1.26981,1.45554,-1.15143
6607.35000,-1.26560,1.44627,-1.12299
6607.40000,-1.26132,1.43764,-1.09787
6607.45000,-1.25667,1.42879,-1.07658
6607.50000,-1.25184,1.42003,-1.05759
6607.55000,-1.24695,1.41132,-1.03901
6607.60000,-1.24603,1.40851,-1.02223
6607.65000,-1.24590,1.40829,-1.00861
6607.70000,-1.24570,1.40797,-0.99534
6607.75000,-1.24558,1.40778,-0.98264
6607.80000,-1.24545,1.40758,-0.96974
6607.85000,-1.24526,1.40728,-0.95617
6607.90000,-1.24513,1.40708,-0.94275
6607.95000,-1.24492,1.40679,-0.92878
6608.00000,-1.24477,1.40658,-0.91556
6608.05000,-1.24452,1.40625,-0.90234
6608.10000,-1.24425,1.40592,-0.89042
6608.15000,-1.24406,1.40568,-0.88076
6608.20000,-1.24393,1.40551,-0.87281
6608.25000,-1.24379,1.40535,-0.86591
6608.30000,-1.24360,1.40513,-0.85943
6608.35000,-1.24339,1.40488,-0.85339
6608.40000,-1.24320,1.40467,-0.84760
6608.45000,-1.24300,1.40445,-0.84199
6608.50000,-1.24287,1.40430,-0.83656
6608.55000,-1.24266,1.40407,-0.83127
6608.60000,-1.24251,1.40390,-0.82600
6608.65000,-1.24232,1.40369,-0.82120
6608.70000,-1.24207,1.40343,-0.81668
6608.75000,-1.24185,1.40320,-0.81276
6608.80000,-1.24159,1.40292,-0.80957
6608.85000,-1.24133,1.40264,-0.80724
6608.90000,-1.24105,1.40235,-0.80569
6608.95000,-1.24072,1.40201,-0.80560
6609.00000,-1.24037,1.40165,-0.80643
6609.05000,-1.24001,1.40127,-0.80811
6609.10000,-1.23963,1.40087,-0.81031
6609.15000,-1.23926,1.40048,-0.81297
6609.20000,-1.23890,1.40010,-0.81611
6609.25000,-1.23853,1.39970,-0.81953
6609.30000,-1.23814,1.39928,-0.82295
6609.35000,-1.23776,1.39887,-0.82684
6609.40000,-1.23738,1.39845,-0.83088
6609.45000,-1.23699,1.39802,-0.83483
6609.50000,-1.23659,1.39757,-0.83879
6609.55000,-1.23618,1.39711,-0.84257
6609.60000,-1.23576,1.39665,-0.84636
6609.65000,-1.23530,1.39613,-0.85084
6609.70000,-1.23485,1.39560,-0.85595
6609.75000,-1.23428,1.39494,-0.86136
6609.80000,-1.23375,1.39431,-0.86755
6609.85000,-1.23321,1.39366,-0.87447
6609.90000,-1.23266,1.39300,-0.88167
6609.95000,-1.23211,1.39231,-0.88909
6610.00000,-1.23151,1.39156,-0.89662
6610.05000,-1.23094,1.39084,-0.90431
6610.10000,-1.23042,1.39015,-0.91256
6610.15000,-1.22988,1.38944,-0.92074
6610.20000,-1.22934,1.38872,-0.92896
6610.25000,-1.22879,1.38796,-0.93721
6610.30000,-1.22821,1.38717,-0.94557
6610.35000,-1.22760,1.38632,-0.95410
6610.40000,-1.22696,1.38540,-0.96270
6610.45000,-1.22627,1.38439,-0.97147
6610.50000,-1.22554,1.38330,-0.98045
6610.55000,-1.22478,1.38216,-0.98981
6610.60000,-1.22396,1.38089,-0.99919
6610.65000,-1.22318,1.37966,-1.00903
6610.70000,-1.22241,1.37842,-1.01900
6610.75000,-1.22162,1.37712,-1.02873
6610.80000,-1.22082,1.37579,-1.03850
6610.85000,-1.22007,1.37448,-1.04849
6610.90000,-1.21934,1.37319,-1.05859
6610.95000,-1.21854,1.37176,-1.06817
6611.00000,-1.21775,1.37031,-1.07772
6611.05000,-1.21697,1.36882,-1.08743
6611.10000,-1.21611,1.36716,-1.09689
6611.15000,-1.21522,1.36540,-1.10645
6611.20000,-1.21431,1.36356,-1.11617
6611.25000,-1.21340,1.36168,-1.12625
6611.30000,-1.21249,1.35974,-1.13657
6611.35000,-1.21157,1.35773,-1.14718
6611.40000,-1.21058,1.35551,-1.15712
6611.45000,-1.20961,1.35325,-1.16709
6611.50000,-1.20868,1.35104,-1.17706
6611.55000,-1.20777,1.34882,-1.18698
6611.60000,-1.20684,1.34648,-1.19653
6611.65000,-1.20597,1.34422,-1.20631
6611.70000,-1.20510,1.34194,-1.21596
6611.75000,-1.20423,1.33955,-1.22528
6611.80000,-1.20341,1.33723,-1.23480
6611.85000,-1.20261,1.33491,-1.24436
6611.90000,-1.20181,1.33250,-1.25372
6611.95000,-1.20102,1.33003,-1.26306
6612.00000,-1.20021,1.32745,-1.27216
6612.05000,-1.19842,1.32296,-1.28063
6612.10000,-1.19567,1.31385,-1.28977
6612.15000,-1.19298,1.30436,-1.29913
6612.20000,-1.19039,1.29487,-1.30845
6612.25000,-1.18784,1.28522,-1.31709
6612.30000,-1.18537,1.27553,-1.32549
6612.35000,-1.18298,1.26582,-1.33376
6612.40000,-1.18073,1.25627,-1.34261
6612.45000,-1.17858,1.24673,-1.35144
6612.50000,-1.17650,1.23717,-1.36008
6612.55000,-1.17451,1.22758,-1.36851
6612.60000,-1.17259,1.21798,-1.37673
6612.65000,-1.17075,1.20835,-1.38474
6612.70000,-1.16899,1.19870,-1.39250
6612.75000,-1.16730,1.18903,-1.40004
6612.80000,-1.16567,1.17935,-1.40732
6612.85000,-1.16413,1.16965,-1.41435
6612.90000,-1.16264,1.15993,-1.42115
6612.95000,-1.16122,1.15019,-1.42772
6613.00000,-1.15986,1.14044,-1.43407
6613.05000,-1.15853,1.13061,-1.44012
6613.10000,-1.15725,1.12075,-1.44603
6613.15000,-1.15603,1.11091,-1.45174
6613.20000,-1.15488,1.10109,-1.45737
6613.25000,-1.15378,1.09128,-1.46288
6613.30000,-1.15273,1.08145,-1.46825
6613.35000,-1.15174,1.07162,-1.47351
6613.40000,-1.15080,1.06178,-1.47865
6613.45000,-1.14991,1.05194,-1.48368
6613.50000,-1.14906,1.04209,-1.48861
6613.55000,-1.14827,1.03223,-1.49345
6613.60000,-1.14753,1.02237,-1.49820
6613.65000,-1.14683,1.01250,-1.50286
6613.70000,-1.14618,1.00257,-1.50763
6613.75000,-1.14557,0.99266,-1.51208
6613.80000,-1.14501,0.98277,-1.51662
6613.85000,-1.14450,0.97287,-1.52100
6613.90000,-1.14402,0.96297,-1.52539
6613.95000,-1.14360,0.95307,-1.52975
6614.00000,-1.14321,0.94318,-1.53398
6614.05000,-1.14287,0.93329,-1.53811
6614.10000,-1.14256,0.92340,-1.54220
6614.15000,-1.14230,0.91350,-1.54620
6614.20000,-1.14207,0.90360,-1.55009
6614.25000,-1.14189,0.89370,-1.55388
6614.30000,-1.14174,0.88379,-1.55752
6614.35000,-1.14162,0.87388,-1.56101
6614.40000,-1.14154,0.86396,-1.56428
6614.45000,-1.14149,0.85404,-1.56726
6614.50000,-1.14147,0.84410,-1.56983
6614.55000,-1.14147,0.83415,-1.57174
6614.60000,-1.14148,0.82416,-1.57242
6614.65000,-1.14149,0.81410,-1.57004
6614.70000,-1.14148,0.80465,-1.56706
6614.75000,-1.14145,0.79614,-1.55541
6614.80000,-1.14133,0.78815,-1.52280
6614.85000,-1.14109,0.78333,-1.47160
6614.90000,-1.14084,0.78124,-1.40953
6614.95000,-1.14080,0.78108,-1.33947
6615.00000,-1.14078,0.78100,-1.26906
6615.05000,-1.14076,0.78093,-1.19895
6615.10000,-1.14073,0.78086,-1.12916
6615.15000,-1.14069,0.78079,-1.05970
6615.20000,-1.14065,0.78072,-0.99060
6615.25000,-1.14061,0.78066,-0.92190
6615.30000,-1.14056,0.78060,-0.85361
6615.35000,-1.14050,0.78054,-0.78576
6615.40000,-1.14045,0.78049,-0.71837
6615.45000,-1.14038,0.78043,-0.65138
6615.50000,-1.14031,0.78038,-0.58471
6615.55000,-1.14024,0.78034,-0.51840
6615.60000,-1.14015,0.78029,-0.45248
6615.65000,-1.14006,0.78025,-0.38702
6615.70000,-1.13996,0.78021,-0.32210
6615.75000,-1.13985,0.78018,-0.25772
6615.80000,-1.13974,0.78016,-0.19391
6615.85000,-1.13962,0.78014,-0.13070
6615.90000,-1.13949,0.78012,-0.06813
6615.95000,-1.13935,0.78012,-0.00623
6616.00000,-1.13920,0.78012,0.05499
6616.05000,-1.13906,0.78014,0.11550
6616.10000,-1.13890,0.78016,0.17528
6616.15000,-1.13874,0.78019,0.23431
6616.20000,-1.13858,0.78023,0.29260
6616.25000,-1.13842,0.78029,0.35013
6616.30000,-1.13826,0.78035,0.40688
6616.35000,-1.13810,0.78043,0.46285
6616.40000,-1.13794,0.78051,0.51802
6616.45000,-1.13778,0.78061,0.57239
6616.50000,-1.13763,0.78072,0.62595
6616.55000,-1.13747,0.78083,0.67870
6616.60000,-1.13732,0.78096,0.73063
6616.65000,-1.13718,0.78110,0.78174
6616.70000,-1.13703,0.78125,0.83202
6616.75000,-1.13690,0.78140,0.88147
6616.80000,-1.13677,0.78157,0.93009
6616.85000,-1.13665,0.78174,0.97787
6616.90000,-1.13654,0.78192,1.02481
6616.95000,-1.13643,0.78210,1.07092
6617.00000,-1.13633,0.78229,1.11618
6617.05000,-1.13624,0.78249,1.16059
6617.10000,-1.13616,0.78269,1.20416
6617.15000,-1.13522,0.78486,1.24604
6617.20000,-1.13286,0.79217,1.28265
6617.25000,-1.13032,0.80130,1.32173
6617.30000,-1.12805,0.81103,1.36213
6617.35000,-1.12617,0.82085,1.40174
6617.40000,-1.12468,0.83074,1.44053
6617.45000,-1.12357,0.84068,1.47850
6617.50000,-1.12284,0.85065,1.51567
6617.55000,-1.12247,0.86064,1.55202
6617.60000,-1.12246,0.87064,1.58756
6617.65000,-1.12280,0.88063,1.62228
6617.70000,-1.12348,0.89061,1.65619
6617.75000,-1.12450,0.90055,1.68927
6617.80000,-1.12584,0.91046,1.72153
6617.85000,-1.12750,0.92033,1.75308
6617.90000,-1.12946,0.93014,1.78367
6617.95000,-1.13172,0.93988,1.81344
6618.00000,-1.13427,0.94956,1.84254
6618.05000,-1.13713,0.95933,1.87141
6618.10000,-1.14022,0.96884,1.89874
6618.15000,-1.14356,0.97827,1.92522
6618.20000,-1.14715,0.98760,1.95092
6618.25000,-1.15086,0.99689,1.97659
6618.30000,-1.15147,1.00160,2.00267
6618.35000,-1.15180,1.00263,2.02835
6618.40000,-1.15214,1.00333,2.05331
6618.45000,-1.15250,1.00402,2.07730
6618.50000,-1.15287,1.00469,2.10033
6618.55000,-1.15323,1.00531,2.12240
6618.60000,-1.15361,1.00592,2.14361
6618.65000,-1.15398,1.00649,2.16399
6618.70000,-1.15433,1.00701,2.18329
6618.75000,-1.15471,1.00755,2.20198
6618.80000,-1.15510,1.00806,2.21986
6618.85000,-1.15548,1.00855,2.23691
6618.90000,-1.15585,1.00902,2.25300
6618.95000,-1.15621,1.00948,2.26824
6619.00000,-1.15657,1.00991,2.28258
6619.05000,-1.15693,1.01032,2.29639
6619.10000,-1.15728,1.01072,2.30935
6619.15000,-1.15763,1.01109,2.32165
6619.20000,-1.15797,1.01145,2.33323
6619.25000,-1.15830,1.01179,2.34395
6619.30000,-1.15862,1.01211,2.35391
6619.35000,-1.15893,1.01242,2.36317
6619.40000,-1.15923,1.01271,2.37174
6619.45000,-1.15952,1.01299,2.37964
6619.50000,-1.15980,1.01326,2.38688
6619.55000,-1.16007,1.01351,2.39347
6619.60000,-1.16033,1.01375,2.39942
6619.65000,-1.16058,1.01398,2.40476
6619.70000,-1.16082,1.01420,2.40949
6619.75000,-1.16105,1.01440,2.41374
6619.80000,-1.16126,1.01459,2.41739
6619.85000,-1.16147,1.01477,2.42045
6619.90000,-1.16166,1.01494,2.42295
6619.95000,-1.16185,1.01510,2.42496
6620.00000,-1.16202,1.01526,2.42637
6620.05000,-1.16220,1.01542,2.42738
6620.10000,-1.16236,1.01556,2.42777
6620.15000,-1.16253,1.01570,2.42764
6620.20000,-1.16267,1.01584,2.42713
6620.25000,-1.16282,1.01596,2.42611
6620.30000,-1.16297,1.01608,2.42498
6620.35000,-1.16311,1.01620,2.42379
6620.40000,-1.16326,1.01633,2.42260
6620.45000,-1.16340,1.01645,2.42141
6620.50000,-1.16355,1.01657,2.42022
6620.55000,-1.16369,1.01669,2.41903
6620.60000,-1.16384,1.01681,2.41784
6620.65000,-1.16394,1.01690,2.41357
6620.70000,-1.16402,1.01697,2.40856
6620.75000,-1.16410,1.01705,2.40318
6620.80000,-1.16415,1.01711,2.39749
6620.85000,-1.16424,1.01720,2.39150
6620.90000,-1.16427,1.01723,2.38532
6620.95000,-1.16432,1.01728,2.37909
6621.00000,-1.16436,1.01731,2.37236
6621.05000,-1.16436,1.01734,2.36515
6621.10000,-1.16440,1.01739,2.35769
6621.15000,-1.16445,1.01744,2.35020
6621.20000,-1.16446,1.01746,2.34213
6621.25000,-1.16448,1.01748,2.33392
6621.30000,-1.16451,1.01751,2.32561
6621.35000,-1.16452,1.01753,2.31695
6621.40000,-1.16452,1.01754,2.30808
6621.45000,-1.16452,1.01755,2.29909
6621.50000,-1.16452,1.01755,2.28991
6621.55000,-1.16450,1.01753,2.28050
6621.60000,-1.16448,1.01753,2.27103
6621.65000,-1.16445,1.01751,2.26127
6621.70000,-1.16441,1.01749,2.25137
6621.75000,-1.16437,1.01747,2.24132
6621.80000,-1.16433,1.01744,2.23115
6621.85000,-1.16428,1.01741,2.22085
6621.90000,-1.16426,1.01740,2.21061
6621.95000,-1.16422,1.01737,2.20009
6622.00000,-1.16420,1.01736,2.18968
6622.05000,-1.16417,1.01733,2.17909
6622.10000,-1.16414,1.01728,2.16827
6622.15000,-1.16410,1.01723,2.15741
6622.20000,-1.16407,1.01717,2.14648
6622.25000,-1.16403,1.01712,2.13549
6622.30000,-1.16399,1.01706,2.12445
6622.35000,-1.16396,1.01700,2.11336
6622.40000,-1.16392,1.01694,2.10223
6622.45000,-1.16388,1.01687,2.09107
6622.50000,-1.16385,1.01681,2.07989
6622.55000,-1.16381,1.01675,2.06868
6622.60000,-1.16378,1.01668,2.05745
6622.65000,-1.16374,1.01662,2.04622
6622.70000,-1.16371,1.01655,2.03498
6622.75000,-1.16368,1.01648,2.02374
6622.80000,-1.16365,1.01642,2.01251
6622.85000,-1.16361,1.01635,2.00130
6622.90000,-1.16358,1.01628,1.99010
6622.95000,-1.16355,1.01622,1.97893
6623.00000,-1.16353,1.01615,1.96778
6623.05000,-1.16350,1.01608,1.95667
6623.10000,-1.16347,1.01602,1.94560
6623.15000,-1.16345,1.01596,1.93458
6623.20000,-1.16342,1.01589,1.92360
6623.25000,-1.16340,1.01583,1.91268
6623.30000,-1.16338,1.01577,1.90181
6623.35000,-1.16336,1.01571,1.89101
6623.40000,-1.16334,1.01565,1.88027
6623.45000,-1.16332,1.01559,1.86961
6623.50000,-1.16443,1.01734,1.85988
6623.55000,-1.16710,1.02239,1.85038
6623.60000,-1.16973,1.03122,1.83972
6623.65000,-1.17226,1.04062,1.82927
6623.70000,-1.17471,1.05005,1.81889
6623.75000,-1.17705,1.05950,1.80856
6623.80000,-1.17930,1.06898,1.79831
6623.85000,-1.18145,1.07849,1.78813
6623.90000,-1.18350,1.08802,1.77803
6623.95000,-1.18546,1.09757,1.76803
6624.00000,-1.18732,1.10714,1.75812
6624.05000,-1.18909,1.11673,1.74831
6624.10000,-1.19077,1.12634,1.73863
6624.15000,-1.19235,1.13598,1.72908
6624.20000,-1.19385,1.14564,1.71961
6624.25000,-1.19526,1.15535,1.71019
6624.30000,-1.19657,1.16503,1.70115
6624.35000,-1.19781,1.17476,1.69239
6624.40000,-1.19896,1.18450,1.68386
6624.45000,-1.20004,1.19427,1.67565
6624.50000,-1.20104,1.20405,1.66777
6624.55000,-1.20196,1.21384,1.66035
6624.60000,-1.20281,1.22368,1.65380
6624.65000,-1.20361,1.23358,1.64879
6624.70000,-1.20438,1.24350,1.64752
6624.75000,-1.20501,1.25289,1.64711
6624.80000,-1.20533,1.25870,1.65713
6624.85000,-1.20560,1.26297,1.69249
6624.90000,-1.20586,1.26504,1.74506
6624.95000,-1.20590,1.26529,1.80606
6625.00000,-1.20593,1.26536,1.86794
6625.05000,-1.20595,1.26544,1.92964
6625.10000,-1.20598,1.26552,1.99120
6625.15000,-1.20602,1.26560,2.05280
6625.20000,-1.20607,1.26569,2.11473
6625.25000,-1.20614,1.26579,2.17698
6625.30000,-1.20622,1.26590,2.23941
6625.35000,-1.20632,1.26602,2.30190
6625.40000,-1.20645,1.26616,2.36436
6625.45000,-1.20661,1.26630,2.42668
6625.50000,-1.20680,1.26646,2.48882
6625.55000,-1.20702,1.26661,2.55070
6625.60000,-1.20728,1.26677,2.61226
6625.65000,-1.20756,1.26693,2.67343
6625.70000,-1.20786,1.26707,2.73415
6625.75000,-1.20817,1.26719,2.79434
6625.80000,-1.20849,1.26730,2.85399
6625.85000,-1.20882,1.26738,2.91308
6625.90000,-1.20915,1.26745,2.97161
6625.95000,-1.20950,1.26750,3.02964
6626.00000,-1.20987,1.26753,3.08721
6626.05000,-1.21027,1.26754,-3.13884
6626.10000,-1.21070,1.26753,-3.08215
6626.15000,-1.21116,1.26749,-3.02594
6626.20000,-1.21166,1.26741,-2.97023
6626.25000,-1.21219,1.26731,-2.91503
6626.30000,-1.21275,1.26716,-2.86037
6626.35000,-1.21335,1.26697,-2.80626
6626.40000,-1.21397,1.26673,-2.75273
6626.45000,-1.21462,1.26645,-2.69977
6626.50000,-1.21530,1.26610,-2.64741
6626.55000,-1.21600,1.26570,-2.59566
6626.60000,-1.21672,1.26524,-2.54451
6626.65000,-1.21745,1.26471,-2.49399
6626.70000,-1.21820,1.26411,-2.44409
6626.75000,-1.21897,1.26345,-2.39488
6626.80000,-1.21979,1.26268,-2.34597
6626.85000,-1.22082,1.26160,-2.29638
6626.90000,-1.22215,1.26002,-2.24524
6626.95000,-1.22281,1.25919,-2.19892
6627.00000,-1.22338,1.25836,-2.15357
6627.05000,-1.22391,1.25751,-2.10903
6627.10000,-1.22441,1.25664,-2.06525
6627.15000,-1.22487,1.25574,-2.02218
6627.20000,-1.22529,1.25481,-1.97977
6627.25000,-1.22569,1.25384,-1.93797
6627.30000,-1.22697,1.25082,-1.89773
6627.35000,-1.22952,1.24299,-1.86252
6627.40000,-1.23207,1.23387,-1.82342
6627.45000,-1.23431,1.22444,-1.78283
6627.50000,-1.23617,1.21500,-1.74270
6627.55000,-1.23766,1.20529,-1.70384
6627.60000,-1.23874,1.19608,-1.66351
6627.65000,-1.23944,1.18695,-1.62336
6627.70000,-1.23977,1.17723,-1.58612
6627.75000,-1.23973,1.16745,-1.54720
6627.80000,-1.23930,1.15675,-1.50877
6627.85000,-1.23852,1.14675,-1.47375
6627.90000,-1.23742,1.13738,-1.43811
6627.95000,-1.23596,1.12744,-1.40251
6628.00000,-1.23428,1.11849,-1.36681
6628.05000,-1.23212,1.10907,-1.33325
6628.10000,-1.22945,1.09879,-1.29972
6628.15000,-1.22650,1.08866,-1.26637
6628.20000,-1.22337,1.07920,-1.23244
6628.25000,-1.22003,1.07011,-1.20054
6628.30000,-1.21657,1.06161,-1.16753
6628.35000,-1.21283,1.05323,-1.13460
6628.40000,-1.20881,1.04498,-1.10171
6628.45000,-1.20453,1.03686,-1.06875
6628.50000,-1.19999,1.02890,-1.03554
6628.55000,-1.19518,1.02110,-1.00190
6628.60000,-1.19013,1.01349,-0.96754
6628.65000,-1.18437,1.00540,-0.93132
6628.70000,-1.17840,0.99758,-0.89519
6628.75000,-1.17206,0.98995,-0.85723
6628.80000,-1.16549,0.98266,-0.81583
6628.85000,-1.15920,0.97595,-0.77460
6628.90000,-1.15718,0.97389,-0.72996
6628.95000,-1.15675,0.97351,-0.67236
6629.00000,-1.15670,0.97348,-0.60936
6629.05000,-1.15666,0.97345,-0.54607
6629.10000,-1.15661,0.97343,-0.48291
6629.15000,-1.15656,0.97340,-0.42001
6629.20000,-1.15651,0.97338,-0.35754
6629.25000,-1.15645,0.97336,-0.29564
6629.30000,-1.15639,0.97334,-0.23443
6629.35000,-1.15633,0.97333,-0.17401
6629.40000,-1.15626,0.97332,-0.11441
6629.45000,-1.15620,0.97332,-0.05557
6629.50000,-1.15613,0.97331,0.00254
6629.55000,-1.15606,0.97332,0.05993
6629.60000,-1.15598,0.97332,0.11662
6629.65000,-1.15591,0.97333,0.17261
6629.70000,-1.15584,0.97335,0.22791
6629.75000,-1.15576,0.97337,0.28254
6629.80000,-1.15569,0.97339,0.33649
6629.85000,-1.15561,0.97342,0.38974
6629.90000,-1.15554,0.97345,0.44226
6629.95000,-1.15546,0.97349,0.49403
6630.00000,-1.15539,0.97353,0.54508
6630.05000,-1.15346,0.97497,0.59394
6630.10000,-1.14740,0.97930,0.63576
6630.15000,-1.14034,0.98475,0.67979
6630.20000,-1.13282,0.99112,0.72576
6630.25000,-1.12549,0.99792,0.77040
6630.30000,-1.11847,1.00502,0.81287
6630.35000,-1.11175,1.01242,0.85384
6630.40000,-1.10533,1.02009,0.89417
6630.45000,-1.09923,1.02801,0.93390
6630.50000,-1.09344,1.03616,0.97293
6630.55000,-1.08797,1.04453,1.01112
6630.60000,-1.08282,1.05310,1.04840
6630.65000,-1.07799,1.06185,1.08464
6630.70000,-1.07348,1.07077,1.11969
6630.75000,-1.06927,1.07984,1.15342
6630.80000,-1.06521,1.08898,1.18713
6630.85000,-1.06475,1.09321,1.21767
6630.90000,-1.06447,1.09400,1.24973
6630.95000,-1.06443,1.09414,1.27851
6631.00000,-1.06440,1.09423,1.30754
6631.05000,-1.06438,1.09432,1.33702
6631.10000,-1.06436,1.09441,1.36681
6631.15000,-1.06434,1.09451,1.39672
6631.20000,-1.06432,1.09461,1.42650
6631.25000,-1.06431,1.09472,1.45602
6631.30000,-1.06430,1.09483,1.48515
6631.35000,-1.06429,1.09494,1.51379
6631.40000,-1.06429,1.09505,1.54189
6631.45000,-1.06429,1.09516,1.56940
6631.50000,-1.06429,1.09527,1.59623
6631.55000,-1.06429,1.09539,1.62230
6631.60000,-1.06430,1.09551,1.64755
6631.65000,-1.06431,1.09562,1.67188
6631.70000,-1.06432,1.09574,1.69525
6631.75000,-1.06434,1.09598,1.71852
6631.80000,-1.06439,1.09644,1.74132
6631.85000,-1.06445,1.09689,1.76300
6631.90000,-1.06447,1.09718,1.78368
6631.95000,-1.06443,1.09719,1.80302
6632.00000,-1.06447,1.09740,1.82076
6632.05000,-1.06454,1.09777,1.83683
6632.10000,-1.06458,1.09806,1.85147
6632.15000,-1.06465,1.09834,1.86427
6632.20000,-1.06476,1.09872,1.87580
6632.25000,-1.06484,1.09900,1.88542
6632.30000,-1.06486,1.09911,1.89296
6632.35000,-1.06491,1.09925,1.89880
6632.40000,-1.06494,1.09935,1.90261
6632.45000,-1.06497,1.09943,1.90468
6632.50000,-1.06500,1.09953,1.90496
6632.55000,-1.06504,1.09963,1.90337
6632.60000,-1.06508,1.09973,1.90006
6632.65000,-1.06513,1.09989,1.89476
6632.70000,-1.06518,1.10003,1.88787
6632.75000,-1.06523,1.10019,1.87933
6632.80000,-1.06524,1.10018,1.86914
6632.85000,-1.06527,1.10029,1.85795
6632.90000,-1.06534,1.10044,1.84467
6632.95000,-1.06533,1.10037,1.82974
6633.00000,-1.06533,1.10033,1.81372
6633.05000,-1.06538,1.10047,1.79625
6633.10000,-1.06545,1.10073,1.77857
6633.15000,-1.06547,1.10070,1.75958
6633.20000,-1.06546,1.10058,1.73930
6633.25000,-1.06554,1.10072,1.71900
6633.30000,-1.06556,1.10084,1.69822
6633.35000,-1.06557,1.10098,1.67668
6633.40000,-1.06558,1.10111,1.65443
6633.45000,-1.06559,1.10125,1.63151
6633.50000,-1.06560,1.10138,1.60797
6633.55000,-1.06560,1.10152,1.58386
6633.60000,-1.06560,1.10166,1.55924
6633.65000,-1.06560,1.10180,1.53414
6633.70000,-1.06559,1.10195,1.50861
6633.75000,-1.06558,1.10209,1.48267
6633.80000,-1.06557,1.10223,1.45638
6633.85000,-1.06555,1.10238,1.42975
6633.90000,-1.06553,1.10252,1.40283
6633.95000,-1.06550,1.10267,1.37564
6634.00000,-1.06547,1.10281,1.34822
6634.05000,-1.06544,1.10295,1.32058
6634.10000,-1.06540,1.10310,1.29275
6634.15000,-1.06535,1.10324,1.26443
6634.20000,-1.06531,1.10339,1.23532
6634.25000,-1.06525,1.10354,1.20522
6634.30000,-1.06519,1.10369,1.17392
6634.35000,-1.06512,1.10385,1.14139
6634.40000,-1.06504,1.10402,1.10771
6634.45000,-1.06495,1.10419,1.07295
6634.50000,-1.06485,1.10436,1.03719
6634.55000,-1.06474,1.10455,1.00051
6634.60000,-1.06461,1.10474,0.96299
6634.65000,-1.06447,1.10493,0.92470
6634.70000,-1.06431,1.10513,0.88576
6634.75000,-1.06414,1.10534,0.84623
6634.80000,-1.06395,1.10555,0.80626
6634.85000,-1.06374,1.10575,0.76607
6634.90000,-1.06352,1.10596,0.72585
6634.95000,-1.06329,1.10615,0.68574
6635.00000,-1.06305,1.10634,0.64577
6635.05000,-1.06280,1.10652,0.60584
6635.10000,-1.06254,1.10669,0.56601
6635.15000,-1.06227,1.10685,0.52618
6635.20000,-1.06199,1.10701,0.48624
6635.25000,-1.06170,1.10716,0.44618
6635.30000,-1.06139,1.10730,0.40601
6635.35000,-1.06107,1.10743,0.36577
6635.40000,-1.06073,1.10755,0.32545
6635.45000,-1.06038,1.10766,0.28508
6635.50000,-1.06001,1.10776,0.24468
6635.55000,-1.05963,1.10785,0.20428
6635.60000,-1.05923,1.10792,0.16388
6635.65000,-1.05882,1.10798,0.12350
6635.70000,-1.05839,1.10803,0.08323
6635.75000,-1.05796,1.10805,0.04326
6635.80000,-1.05752,1.10807,0.00368
6635.85000,-1.05709,1.10806,-0.03547
6635.90000,-1.05666,1.10803,-0.07418
6635.95000,-1.05623,1.10799,-0.11244
6636.00000,-1.05580,1.10794,-0.15032
6636.05000,-1.05537,1.10787,-0.18784
6636.10000,-1.05495,1.10778,-0.22501
6636.15000,-1.05454,1.10767,-0.26186
6636.20000,-1.05412,1.10755,-0.29842
6636.25000,-1.05372,1.10742,-0.33471
6636.30000,-1.05397,1.10750,-0.37346
6636.35000,-1.05371,1.10740,-0.40979
6636.40000,-1.05417,1.10758,-0.44886
6636.45000,-1.05465,1.10780,-0.48785
6636.50000,-1.05511,1.10803,-0.52650
6636.55000,-1.05554,1.10827,-0.56477
6636.60000,-1.05595,1.10852,-0.60255
6636.65000,-1.05632,1.10876,-0.63964
6636.70000,-1.05668,1.10901,-0.67616
6636.75000,-1.05702,1.10927,-0.71203
6636.80000,-1.05734,1.10953,-0.74727
6636.85000,-1.05763,1.10978,-0.78183
6636.90000,-1.05621,1.10829,-0.81620
6636.95000,-1.05050,1.10203,-0.84394
6637.00000,-1.04397,1.09447,-0.87330
6637.05000,-1.03766,1.08671,-0.90197
6637.10000,-1.03157,1.07878,-0.92971
6637.15000,-1.02570,1.07069,-0.95645
6637.20000,-1.02004,1.06245,-0.98208
6637.25000,-1.01459,1.05407,-1.00649
6637.30000,-1.00949,1.04576,-1.03059
6637.35000,-1.00458,1.03733,-1.05296
6637.40000,-0.99986,1.02881,-1.07333
6637.45000,-0.99527,1.02017,-1.09110
6637.50000,-0.99072,1.01142,-1.10871
6637.55000,-0.98987,1.00866,-1.12077
6637.60000,-0.98984,1.00859,-1.12570
6637.65000,-0.98981,1.00854,-1.12573
6637.70000,-0.98979,1.00848,-1.12463
6637.75000,-0.98976,1.00843,-1.12304
6637.80000,-0.98974,1.00838,-1.12062
6637.85000,-0.98971,1.00833,-1.11676
6637.90000,-0.98969,1.00828,-1.11112
6637.95000,-0.98967,1.00823,-1.10356
6638.00000,-0.98965,1.00819,-1.09418
6638.05000,-0.98963,1.00816,-1.08317
6638.10000,-0.98961,1.00813,-1.07057
6638.15000,-0.98959,1.00809,-1.05647
6638.20000,-0.98957,1.00805,-1.04095
6638.25000,-0.98955,1.00801,-1.02417
6638.30000,-0.98952,1.00798,-1.00647
6638.35000,-0.98950,1.00794,-0.98827
6638.40000,-0.98948,1.00790,-0.96970
6638.45000,-0.98945,1.00787,-0.95069
6638.50000,-0.98943,1.00783,-0.93135
6638.55000,-0.98940,1.00780,-0.91162
6638.60000,-0.98937,1.00776,-0.89042
6638.65000,-0.98934,1.00773,-0.86697
6638.70000,-0.98931,1.00770,-0.84080
6638.75000,-0.98928,1.00766,-0.81226
6638.80000,-0.98925,1.00763,-0.78185
6638.85000,-0.98921,1.00759,-0.74962
6638.90000,-0.98917,1.00756,-0.71605
6638.95000,-0.98913,1.00752,-0.68192
6639.00000,-0.98909,1.00749,-0.64768
6639.05000,-0.98905,1.00746,-0.61333
6639.10000,-0.98901,1.00743,-0.57887
6639.15000,-0.98896,1.00740,-0.54420
6639.20000,-0.98891,1.00737,-0.50912
6639.25000,-0.98886,1.00735,-0.47298
6639.30000,-0.98881,1.00732,-0.43555
6639.35000,-0.98875,1.00729,-0.39688
6639.40000,-0.98868,1.00727,-0.35723
6639.45000,-0.98861,1.00724,-0.31683
6639.50000,-0.98854,1.00722,-0.27588
6639.55000,-0.98846,1.00720,-0.23469
6639.60000,-0.98838,1.00718,-0.19352
6639.65000,-0.98830,1.00717,-0.15255
6639.70000,-0.98822,1.00716,-0.11177
6639.75000,-0.98814,1.00715,-0.07122
6639.80000,-0.98806,1.00715,-0.03082
6639.85000,-0.98798,1.00715,0.00944
6639.90000,-0.98789,1.00715,0.04986
6639.95000,-0.98780,1.00715,0.09046
6640.00000,-0.98771,1.00716,0.13126
6640.05000,-0.98761,1.00718,0.17217
6640.10000,-0.98751,1.00720,0.21310
6640.15000,-0.98741,1.00722,0.25390
6640.20000,-0.98730,1.00725,0.29441
6640.25000,-0.98720,1.00729,0.33458
6640.30000,-0.98710,1.00732,0.37437
6640.35000,-0.98700,1.00736,0.41379
6640.40000,-0.98691,1.00741,0.45285
6640.45000,-0.98681,1.00746,0.49153
6640.50000,-0.98671,1.00751,0.52992
6640.55000,-0.98662,1.00757,0.56808
6640.60000,-0.98652,1.00764,0.60603
6640.65000,-0.98642,1.00771,0.64377
6640.70000,-0.98632,1.00779,0.68124
6640.75000,-0.98622,1.00787,0.71840
6640.80000,-0.98613,1.00796,0.75517
6640.85000,-0.98603,1.00805,0.79150
6640.90000,-0.98594,1.00814,0.82737
6640.95000,-0.98586,1.00824,0.86276
6641.00000,-0.98577,1.00834,0.89767
6641.05000,-0.98569,1.00845,0.93209
6641.10000,-0.98561,1.00855,0.96603
6641.15000,-0.98554,1.00866,0.99947
6641.20000,-0.98547,1.00878,1.03244
6641.25000,-0.98540,1.00889,1.06499
6641.30000,-0.98534,1.00902,1.09714
6641.35000,-0.98527,1.00914,1.12886
6641.40000,-0.98521,1.00928,1.16016
6641.45000,-0.98516,1.00942,1.19101
6641.50000,-0.98510,1.00956,1.22137
6641.55000,-0.98402,1.01147,1.25041
6641.60000,-0.98153,1.01889,1.27696
6641.65000,-0.97876,1.02852,1.30580
6641.70000,-0.97628,1.03820,1.33414
6641.75000,-0.97407,1.04795,1.36189
6641.80000,-0.97213,1.05776,1.38906
6641.85000,-0.97045,1.06762,1.41560
6641.90000,-0.96904,1.07753,1.44147
6641.95000,-0.96787,1.08746,1.46685
6642.00000,-0.96696,1.09742,1.49171
6642.05000,-0.96629,1.10739,1.51606
6642.10000,-0.96586,1.11738,1.53991
6642.15000,-0.96567,1.12738,1.56324
6642.20000,-0.96571,1.13738,1.58589
6642.25000,-0.96598,1.14754,1.60854
6642.30000,-0.96649,1.15807,1.63168
6642.35000,-0.96724,1.16854,1.65319
6642.40000,-0.96819,1.17894,1.67124
6642.45000,-0.96925,1.18926,1.68923
6642.50000,-0.96942,1.19805,1.70321
6642.55000,-0.96902,1.20594,1.70059
6642.60000,-0.96844,1.21364,1.68974
6642.65000,-0.96829,1.21918,1.67500
6642.70000,-0.96864,1.22305,1.67768
6642.75000,-0.96885,1.22641,1.70938
6642.80000,-0.96907,1.22850,1.75930
6642.85000,-0.96932,1.22961,1.82433
6642.90000,-0.96949,1.23021,1.89959
6642.95000,-0.96965,1.23062,1.98145
6643.00000,-0.96978,1.23089,2.06800
6643.05000,-0.96989,1.23108,2.15788
6643.10000,-0.96993,1.23113,2.24905
6643.15000,-0.96997,1.23117,2.33924
6643.20000,-0.97000,1.23120,2.42813
6643.25000,-0.97003,1.23122,2.51531
6643.30000,-0.97005,1.23124,2.59989
6643.35000,-0.97006,1.23124,2.67790
6643.40000,-0.97164,1.23195,2.74999
6643.45000,-0.97475,1.23309,2.80827
6643.50000,-0.97611,1.23339,2.83382
6643.55000,-0.97614,1.23341,2.85086
6643.60000,-0.97627,1.23345,2.86591
6643.65000,-0.97636,1.23347,2.87844
6643.70000,-0.97652,1.23345,2.88941
6643.75000,-0.97668,1.23342,2.90032
6643.80000,-0.97679,1.23341,2.90971
6643.85000,-0.97683,1.23342,2.91644
6643.90000,-0.97687,1.23343,2.92226
6643.95000,-0.97691,1.23344,2.92725
6644.00000,-0.97696,1.23345,2.93154
6644.05000,-0.97701,1.23346,2.93515
6644.10000,-0.97705,1.23347,2.93813
6644.15000,-0.97710,1.23348,2.94049
6644.20000,-0.97714,1.23349,2.94228
6644.25000,-0.97719,1.23350,2.94340
6644.30000,-0.97724,1.23351,2.94388
6644.35000,-0.97729,1.23352,2.94373
6644.40000,-0.97734,1.23353,2.94298
6644.45000,-0.97739,1.23354,2.94168
6644.50000,-0.97744,1.23355,2.93984
6644.55000,-0.97750,1.23356,2.93747
6644.60000,-0.97755,1.23357,2.93457
6644.65000,-0.97760,1.23358,2.93119
6644.70000,-0.97765,1.23359,2.92732
6644.75000,-0.97771,1.23360,2.92294
6644.80000,-0.97776,1.23361,2.91804
6644.85000,-0.97782,1.23363,2.91263
6644.90000,-0.97788,1.23364,2.90675
6644.95000,-0.97794,1.23366,2.90044
6645.00000,-0.97801,1.23367,2.89373
6645.05000,-0.97808,1.23369,2.88665
6645.10000,-0.97815,1.23371,2.87921
6645.15000,-0.97822,1.23373,2.87141
6645.20000,-0.97829,1.23375,2.86325
6645.25000,-0.97837,1.23377,2.85476
6645.30000,-0.97844,1.23379,2.84592
6645.35000,-0.97851,1.23382,2.83676
6645.40000,-0.97858,1.23384,2.82729
6645.45000,-0.97866,1.23386,2.81752
6645.50000,-0.97873,1.23389,2.80748
6645.55000,-0.97880,1.23391,2.79718
6645.60000,-0.97887,1.23394,2.78660
6645.65000,-0.97894,1.23397,2.77573
6645.70000,-0.97902,1.23399,2.76456
6645.75000,-0.97909,1.23402,2.75315
6645.80000,-0.97916,1.23406,2.74152
6645.85000,-0.97924,1.23409,2.72966
6645.90000,-0.97931,1.23412,2.71760
6645.95000,-0.97939,1.23415,2.70535
6646.00000,-0.97946,1.23419,2.69293
6646.05000,-0.97953,1.23422,2.68033
6646.10000,-0.97960,1.23426,2.66755
6646.15000,-0.97968,1.23430,2.65457
6646.20000,-0.97975,1.23434,2.64142
6646.25000,-0.97983,1.23438,2.62811
6646.30000,-0.97991,1.23443,2.61467
6646.35000,-0.97999,1.23447,2.60110
6646.40000,-0.98006,1.23452,2.58743
6646.45000,-0.98014,1.23457,2.57366
6646.50000,-0.98022,1.23462,2.55980
6646.55000,-0.98029,1.23467,2.54585
6646.60000,-0.98037,1.23472,2.53184
6646.65000,-0.98044,1.23477,2.51776
6646.70000,-0.98052,1.23483,2.50360
6646.75000,-0.98060,1.23489,2.48937
6646.80000,-0.98067,1.23494,2.47506
6646.85000,-0.98075,1.23501,2.46072
6646.90000,-0.98083,1.23507,2.44635
6646.95000,-0.98090,1.23513,2.43198
6647.00000,-0.98098,1.23520,2.41761
6647.05000,-0.98106,1.23527,2.40324
6647.10000,-0.98113,1.23534,2.38888
6647.15000,-0.98121,1.23541,2.37452
6647.20000,-0.98128,1.23548,2.36017
6647.25000,-0.98135,1.23556,2.34585
6647.30000,-0.98143,1.23563,2.33156
6647.35000,-0.98150,1.23571,2.31732
6647.40000,-0.98157,1.23578,2.30310
6647.45000,-0.98164,1.23586,2.28894
6647.50000,-0.98160,1.23582,2.27436
6647.55000,-0.98159,1.23580,2.25997
6647.60000,-0.98141,1.23558,2.24463
6647.65000,-0.98124,1.23537,2.22927
6647.70000,-0.98108,1.23515,2.21407
6647.75000,-0.98092,1.23494,2.19914
6647.80000,-0.98076,1.23473,2.18418
6647.85000,-0.98061,1.23451,2.16930
6647.90000,-0.98046,1.23429,2.15452
6647.95000,-0.98032,1.23407,2.13988
6648.00000,-0.98019,1.23386,2.12537
6648.05000,-0.98006,1.23365,2.11101
6648.10000,-0.97993,1.23343,2.09679
6648.15000,-0.97981,1.23322,2.08271
6648.20000,-0.97970,1.23301,2.06877
6648.25000,-0.98092,1.23446,2.05562
6648.30000,-0.98510,1.24126,2.04358
6648.35000,-0.98944,1.24990,2.03012
6648.40000,-0.99368,1.25861,2.01715
6648.45000,-0.99782,1.26739,2.00491
6648.50000,-1.00185,1.27623,1.99355
6648.55000,-1.00581,1.28513,1.98322
6648.60000,-1.00968,1.29410,1.97426
6648.65000,-1.01351,1.30317,1.96689
6648.70000,-1.01731,1.31231,1.96179
6648.75000,-1.02111,1.32153,1.96005
6648.80000,-1.02486,1.33068,1.96240
6648.85000,-1.02872,1.33998,1.96586
6648.90000,-1.02986,1.34383,1.97499
6648.95000,-1.03022,1.34476,2.00142
6649.00000,-1.03042,1.34525,2.03448
6649.05000,-1.03078,1.34599,2.06938
6649.10000,-1.03121,1.34678,2.10495
6649.15000,-1.03139,1.34710,2.13877
6649.20000,-1.03141,1.34713,2.17137
6649.25000,-1.03144,1.34717,2.20367
6649.30000,-1.03147,1.34720,2.23557
6649.35000,-1.03149,1.34724,2.26721
6649.40000,-1.03152,1.34727,2.29855
6649.45000,-1.03155,1.34730,2.32948
6649.50000,-1.03158,1.34733,2.36028
6649.55000,-1.03161,1.34736,2.39094
6649.60000,-1.03165,1.34739,2.42105
6649.65000,-1.03168,1.34742,2.45082
6649.70000,-1.03172,1.34745,2.48032
6649.75000,-1.03175,1.34748,2.50953
6649.80000,-1.03179,1.34751,2.53852
6649.85000,-1.03183,1.34753,2.56739
6649.90000,-1.03187,1.34755,2.59579
6649.95000,-1.03190,1.34758,2.62346
6650.00000,-1.03194,1.34760,2.65039
6650.05000,-1.03199,1.34762,2.67681
6650.10000,-1.03203,1.34764,2.70289
6650.15000,-1.03207,1.34766,2.72865
6650.20000,-1.03211,1.34768,2.75431
6650.25000,-1.03216,1.34770,2.77986
6650.30000,-1.03220,1.34771,2.80496
6650.35000,-1.03225,1.34773,2.82979
6650.40000,-1.03230,1.34774,2.85431
6650.45000,-1.03234,1.34776,2.87850
6650.50000,-1.03239,1.34777,2.90230
6650.55000,-1.03244,1.34778,2.92570
6650.60000,-1.03249,1.34779,2.94860
6650.65000,-1.03253,1.34780,2.97099
6650.70000,-1.03258,1.34781,2.99297
6650.75000,-1.03263,1.34781,3.01429
6650.80000,-1.03411,1.34825,3.03495
6650.85000,-1.04235,1.34915,3.05499
6650.90000,-1.05232,1.34992,3.07400
6650.95000,-1.06253,1.35051,3.09211
6651.00000,-1.07259,1.35093,3.10780
6651.05000,-1.08281,1.35120,3.12141
6651.10000,-1.09308,1.35135,3.13300
6651.15000,-1.10325,1.35139,3.14142
6651.20000,-1.11338,1.35137,-3.13649
6651.25000,-1.12351,1.35131,-3.13152
6651.30000,-1.13286,1.35128,-3.12647
6651.35000,-1.13581,1.35128,-3.12380
6651.40000,-1.13576,1.35128,-3.13091
6651.45000,-1.13559,1.35129,-3.13955
6651.50000,-1.13543,1.35129,3.13491
6651.55000,-1.13524,1.35129,3.12603
6651.60000,-1.13505,1.35129,3.11665
6651.65000,-1.13484,1.35128,3.10671
6651.70000,-1.13462,1.35128,3.09638
6651.75000,-1.13440,1.35127,3.08585
6651.80000,-1.13418,1.35126,3.07518
6651.85000,-1.13395,1.35125,3.06435
6651.90000,-1.13373,1.35124,3.05346
6651.95000,-1.13352,1.35124,3.04265
6652.00000,-1.13331,1.35123,3.03193
6652.05000,-1.13310,1.35123,3.02132
6652.10000,-1.13293,1.35121,3.01083
6652.15000,-1.13275,1.35119,3.00058
6652.20000,-1.13256,1.35116,2.99037
6652.25000,-1.13237,1.35113,2.98034
6652.30000,-1.13218,1.35110,2.97036
6652.35000,-1.13199,1.35107,2.96033
6652.40000,-1.13180,1.35103,2.95026
6652.45000,-1.13161,1.35100,2.94014
6652.50000,-1.13142,1.35096,2.93001
6652.55000,-1.13123,1.35091,2.91984
6652.60000,-1.13104,1.35087,2.90962
6652.65000,-1.13085,1.35082,2.89936
6652.70000,-1.13065,1.35078,2.88907
6652.75000,-1.13046,1.35072,2.87858
6652.80000,-1.13024,1.35067,2.86763
6652.85000,-1.13001,1.35061,2.85592
6652.90000,-1.12977,1.35054,2.84357
6652.95000,-1.12952,1.35046,2.83076
6653.00000,-1.12926,1.35039,2.81759
6653.05000,-1.12900,1.35030,2.80395
6653.10000,-1.12874,1.35020,2.79010
6653.15000,-1.12848,1.35010,2.77605
6653.20000,-1.12821,1.34999,2.76178
6653.25000,-1.12794,1.34988,2.74733
6653.30000,-1.12767,1.34976,2.73278
6653.35000,-1.12741,1.34964,2.71822
6653.40000,-1.12715,1.34952,2.70367
6653.45000,-1.12688,1.34939,2.68910
6653.50000,-1.12663,1.34926,2.67458
6653.55000,-1.12637,1.34913,2.66015
6653.60000,-1.12612,1.34900,2.64582
6653.65000,-1.12588,1.34886,2.63156
6653.70000,-1.12563,1.34872,2.61734
6653.75000,-1.12539,1.34857,2.60315
6653.80000,-1.12515,1.34843,2.58906
6653.85000,-1.12492,1.34827,2.57490
6653.90000,-1.12468,1.34812,2.56043
6653.95000,-1.12443,1.34795,2.54529
6654.00000,-1.12416,1.34776,2.52942
6654.05000,-1.12390,1.34757,2.51293
6654.10000,-1.12362,1.34736,2.49598
6654.15000,-1.12335,1.34715,2.47871
6654.20000,-1.12307,1.34693,2.46117
6654.25000,-1.12280,1.34670,2.44343
6654.30000,-1.12253,1.34647,2.42554
6654.35000,-1.12226,1.34623,2.40750
6654.40000,-1.12200,1.34598,2.38927
6654.45000,-1.12173,1.34573,2.37085
6654.50000,-1.12148,1.34547,2.35226
6654.55000,-1.12122,1.34521,2.33352
6654.60000,-1.12097,1.34494,2.31477
6654.65000,-1.12073,1.34466,2.29611
6654.70000,-1.12049,1.34439,2.27767
6654.75000,-1.12027,1.34412,2.25946
6654.80000,-1.12005,1.34385,2.24145
6654.85000,-1.11985,1.34358,2.22363
6654.90000,-1.11964,1.34330,2.20569
6654.95000,-1.11944,1.34302,2.18746
6655.00000,-1.11924,1.34273,2.16888
6655.05000,-1.11905,1.34243,2.15001
6655.10000,-1.11885,1.34212,2.13093
6655.15000,-1.11867,1.34182,2.11171
6655.20000,-1.11849,1.34150,2.09242
6655.25000,-1.11832,1.34119,2.07310
6655.30000,-1.11971,1.34290,2.05438
6655.35000,-1.12378,1.35057,2.03773
6655.40000,-1.12803,1.35919,2.01889
6655.45000,-1.13225,1.36817,2.00097
6655.50000,-1.13618,1.37691,1.98251
6655.55000,-1.13993,1.38570,1.96400
6655.60000,-1.14351,1.39454,1.94559
6655.65000,-1.14701,1.40367,1.92848
6655.70000,-1.15036,1.41285,1.91192
6655.75000,-1.15354,1.42203,1.89578
6655.80000,-1.15656,1.43123,1.88004
6655.85000,-1.15941,1.44043,1.86492
6655.90000,-1.16213,1.44967,1.85054
6655.95000,-1.16472,1.45898,1.83707
6656.00000,-1.16719,1.46834,1.82455
6656.05000,-1.16956,1.47776,1.81310
6656.10000,-1.17184,1.48723,1.80259
6656.15000,-1.17403,1.49676,1.79290
6656.20000,-1.17613,1.50629,1.78310
6656.25000,-1.17812,1.51583,1.77249
6656.30000,-1.17999,1.52534,1.75989
6656.35000,-1.18173,1.53480,1.74466
6656.40000,-1.18330,1.54419,1.72659
6656.45000,-1.18467,1.55356,1.70532
6656.50000,-1.18590,1.56288,1.68450
6656.55000,-1.18607,1.56704,1.66323
6656.60000,-1.18605,1.56686,1.63549
6656.65000,-1.18605,1.56692,1.60748
6656.70000,-1.18606,1.56698,1.57958
6656.75000,-1.18606,1.56705,1.55171
6656.80000,-1.18605,1.56713,1.52394
6656.85000,-1.18605,1.56720,1.49630
6656.90000,-1.18604,1.56729,1.46881
6656.95000,-1.18603,1.56737,1.44152
6657.00000,-1.18602,1.56746,1.41451
6657.05000,-1.18600,1.56755,1.38739
6657.10000,-1.18599,1.56764,1.35957
6657.15000,-1.18596,1.56774,1.33069
6657.20000,-1.18594,1.56784,1.30062
6657.25000,-1.18591,1.56794,1.26960
6657.30000,-1.18587,1.56805,1.23797
6657.35000,-1.18583,1.56815,1.20639
6657.40000,-1.18579,1.56826,1.17514
6657.45000,-1.18574,1.56836,1.14419
6657.50000,-1.18570,1.56847,1.11351
6657.55000,-1.18564,1.56857,1.08322
6657.60000,-1.18559,1.56867,1.05305
6657.65000,-1.18553,1.56878,1.02237
6657.70000,-1.18546,1.56888,0.99083
6657.75000,-1.18539,1.56899,0.95821
6657.80000,-1.18531,1.56910,0.92445
6657.85000,-1.18521,1.56922,0.88972
6657.90000,-1.18512,1.56933,0.85458
6657.95000,-1.18501,1.56945,0.81961
6658.00000,-1.18490,1.56957,0.78496
6658.05000,-1.18478,1.56968,0.75063
6658.10000,-1.18466,1.56978,0.71664
6658.15000,-1.18454,1.56989,0.68306
6658.20000,-1.18441,1.56999,0.64976
6658.25000,-1.18428,1.57009,0.61635
6658.30000,-1.18413,1.57019,0.58258
6658.35000,-1.18397,1.57029,0.54835
6658.40000,-1.18379,1.57040,0.51363
6658.45000,-1.18360,1.57050,0.47848
6658.50000,-1.18339,1.57061,0.44294
6658.55000,-1.18343,1.57056,0.40568
6658.60000,-1.18335,1.57055,0.36891
6658.65000,-1.18320,1.57055,0.33239
6658.70000,-1.18300,1.57059,0.29654
6658.75000,-1.18288,1.57059,0.26088
6658.80000,-1.18329,1.57050,0.22372
6658.85000,-1.18335,1.57048,0.18846
6658.90000,-1.18371,1.57044,0.15260
6658.95000,-1.18216,1.57087,0.11792
6659.00000,-1.17479,1.57167,0.08607
6659.05000,-1.16576,1.57229,0.05152
6659.10000,-1.15663,1.57261,0.01720
6659.15000,-1.14748,1.57261,-0.01664
6659.20000,-1.13833,1.57230,-0.04998
6659.25000,-1.12918,1.57169,-0.08315
6659.30000,-1.12005,1.57078,-0.11601
6659.35000,-1.11094,1.56957,-0.14858
6659.40000,-1.10188,1.56806,-0.18084
6659.45000,-1.09285,1.56626,-0.21259
6659.50000,-1.08387,1.56418,-0.24373
6659.55000,-1.07494,1.56181,-0.27444
6659.60000,-1.06609,1.55917,-0.30509
6659.65000,-1.05734,1.55627,-0.33616
6659.70000,-1.04871,1.55309,-0.36815
6659.75000,-1.04023,1.54966,-0.40173
6659.80000,-1.03194,1.54596,-0.43769
6659.85000,-1.02379,1.54219,-0.47349
6659.90000,-1.02097,1.54193,-0.51192
6659.95000,-1.02092,1.54189,-0.55213
6660.00000,-1.02084,1.54184,-0.59237
6660.05000,-1.02074,1.54177,-0.63145
6660.10000,-1.02064,1.54170,-0.66961
6660.15000,-1.02054,1.54161,-0.70725
6660.20000,-1.02042,1.54151,-0.74466
6660.25000,-1.02031,1.54140,-0.78213
6660.30000,-1.02020,1.54129,-0.81973
6660.35000,-1.02010,1.54117,-0.85742
6660.40000,-1.01999,1.54104,-0.89519
6660.45000,-1.01988,1.54090,-0.93299
6660.50000,-1.01978,1.54076,-0.97079
6660.55000,-1.01968,1.54060,-1.00853
6660.60000,-1.01839,1.53887,-1.04530
6660.65000,-1.01480,1.53248,-1.08000
6660.70000,-1.01081,1.52464,-1.11880
6660.75000,-1.00703,1.51646,-1.15765
6660.80000,-1.00356,1.50811,-1.19590
6660.85000,-1.00040,1.49961,-1.23325
6660.90000,-0.99755,1.49098,-1.26967
6660.95000,-0.99500,1.48224,-1.30545
6661.00000,-0.99277,1.47340,-1.34062
6661.05000,-0.99084,1.46447,-1.37489
6661.10000,-0.98920,1.45544,-1.40806
6661.15000,-0.98786,1.44634,-1.43995
6661.20000,-0.98679,1.43717,-1.47031
6661.25000,-0.98600,1.42794,-1.49905
6661.30000,-0.98545,1.41861,-1.52569
6661.35000,-0.98514,1.40922,-1.54998
6661.40000,-0.98495,1.40003,-1.57387
6661.45000,-0.98491,1.39493,-1.59729
6661.50000,-0.98494,1.39405,-1.61360
6661.55000,-0.98493,1.39418,-1.62351
6661.60000,-0.98492,1.39433,-1.63270
6661.65000,-0.98492,1.39447,-1.64200
6661.70000,-0.98491,1.39457,-1.65107
6661.75000,-0.98491,1.39469,-1.65989
6661.80000,-0.98490,1.39478,-1.66828
6661.85000,-0.98490,1.39487,-1.67605
6661.90000,-0.98490,1.39489,-1.68306
6661.95000,-0.98490,1.39490,-1.68943
6662.00000,-0.98490,1.39488,-1.69479
6662.05000,-0.98491,1.39482,-1.70013
6662.10000,-0.98492,1.39476,-1.70414
6662.15000,-0.98493,1.39467,-1.70731
6662.20000,-0.98495,1.39456,-1.70963
6662.25000,-0.98497,1.39442,-1.71121
6662.30000,-0.98500,1.39424,-1.71204
6662.35000,-0.98502,1.39406,-1.71213
6662.40000,-0.98506,1.39385,-1.71149
6662.45000,-0.98509,1.39362,-1.71027
6662.50000,-0.98513,1.39336,-1.70847
6662.55000,-0.98516,1.39307,-1.70663
6662.60000,-0.98520,1.39278,-1.70433
6662.65000,-0.98526,1.39248,-1.70138
6662.70000,-0.98530,1.39217,-1.69796
6662.75000,-0.98534,1.39185,-1.69426
6662.80000,-0.98539,1.39151,-1.69032
6662.85000,-0.98544,1.39115,-1.68633
6662.90000,-0.98549,1.39079,-1.68232
6662.95000,-0.98554,1.39042,-1.67830
6663.00000,-0.98559,1.39005,-1.67429
6663.05000,-0.98565,1.38969,-1.67026
6663.10000,-0.98571,1.38932,-1.66624
6663.15000,-0.98576,1.38893,-1.66192
6663.20000,-0.98581,1.38841,-1.65491
6663.25000,-0.98586,1.38788,-1.64769
6663.30000,-0.98590,1.38734,-1.64054
6663.35000,-0.98595,1.38680,-1.63338
6663.40000,-0.98600,1.38626,-1.62622
6663.45000,-0.98604,1.38571,-1.61904
6663.50000,-0.98609,1.38516,-1.61185
6663.55000,-0.98612,1.38460,-1.60464
6663.60000,-0.98616,1.38404,-1.59742
6663.65000,-0.98618,1.38347,-1.59018
6663.70000,-0.98621,1.38289,-1.58293
6663.75000,-0.98622,1.38230,-1.57566
6663.80000,-0.98623,1.38171,-1.56837
6663.85000,-0.98623,1.38111,-1.56107
6663.90000,-0.98622,1.38050,-1.55373
6663.95000,-0.98620,1.37985,-1.54556
6664.00000,-0.98618,1.37917,-1.53697
6664.05000,-0.98614,1.37834,-1.52699
6664.10000,-0.98610,1.37738,-1.51590
6664.15000,-0.98604,1.37635,-1.50483
6664.20000,-0.98597,1.37534,-1.49351
6664.25000,-0.98589,1.37431,-1.48218
6664.30000,-0.98580,1.37326,-1.47078
6664.35000,-0.98570,1.37225,-1.45910
6664.40000,-0.98559,1.37133,-1.44688
6664.45000,-0.98547,1.37032,-1.43548
6664.50000,-0.98534,1.36939,-1.42375
6664.55000,-0.98519,1.36840,-1.41280
6664.60000,-0.98502,1.36739,-1.40144
6664.65000,-0.98484,1.36632,-1.39021
6664.70000,-0.98464,1.36522,-1.37934
6664.75000,-0.98443,1.36407,-1.36877
6664.80000,-0.98420,1.36291,-1.35823
6664.85000,-0.98394,1.36171,-1.34787
6664.90000,-0.98368,1.36052,-1.33782
6664.95000,-0.98340,1.35932,-1.32796
6665.00000,-0.98311,1.35813,-1.31829
6665.05000,-0.98280,1.35692,-1.30929
6665.10000,-0.98248,1.35570,-1.30066
6665.15000,-0.98215,1.35458,-1.29218
6665.20000,-0.98076,1.35171,-1.28294
6665.25000,-0.97798,1.34377,-1.27502
6665.30000,-0.97502,1.33420,-1.26847
6665.35000,-0.97200,1.32458,-1.26143
6665.40000,-0.96891,1.31500,-1.25420
6665.45000,-0.96582,1.30569,-1.24679
6665.50000,-0.96261,1.29624,-1.23957
6665.55000,-0.95932,1.28678,-1.23246
6665.60000,-0.95597,1.27737,-1.22553
6665.65000,-0.95255,1.26798,-1.21846
6665.70000,-0.94907,1.25862,-1.21122
6665.75000,-0.94552,1.24929,-1.20383
6665.80000,-0.94190,1.23998,-1.19629
6665.85000,-0.93821,1.23070,-1.18858
6665.90000,-0.93445,1.22146,-1.18066
6665.95000,-0.93061,1.21224,-1.17253
6666.00000,-0.92670,1.20305,-1.16414
6666.05000,-0.92271,1.19389,-1.15546
6666.10000,-0.91864,1.18478,-1.14645
6666.15000,-0.91448,1.17569,-1.13706
6666.20000,-0.91024,1.16665,-1.12722
6666.25000,-0.90596,1.15762,-1.11738
6666.30000,-0.90515,1.15378,-1.10639
6666.35000,-0.90498,1.15344,-1.09472
6666.40000,-0.90484,1.15318,-1.08272
6666.45000,-0.90470,1.15292,-1.07086
6666.50000,-0.90456,1.15266,-1.05914
6666.55000,-0.90441,1.15239,-1.04753
6666.60000,-0.90318,1.15092,-1.03545
6666.65000,-0.89844,1.14418,-1.02370
6666.70000,-0.89314,1.13556,-1.01186
6666.75000,-0.88779,1.12712,-0.99993
6666.80000,-0.88241,1.11871,-0.98801
6666.85000,-0.88105,1.11540,-0.97489
6666.90000,-0.88086,1.11512,-0.95871
6666.95000,-0.88075,1.11497,-0.94250
6667.00000,-0.88064,1.11482,-0.92635
6667.05000,-0.88053,1.11467,-0.91012
6667.10000,-0.88041,1.11452,-0.89375
6667.15000,-0.88029,1.11438,-0.87720
6667.20000,-0.88017,1.11423,-0.86044
6667.25000,-0.88005,1.11409,-0.84349
6667.30000,-0.87974,1.11375,-0.82527
6667.35000,-0.87928,1.11327,-0.80602
6667.40000,-0.87882,1.11279,-0.78646
6667.45000,-0.87835,1.11232,-0.76668
6667.50000,-0.87786,1.11186,-0.74656
6667.55000,-0.87737,1.11141,-0.72619
6667.60000,-0.87686,1.11096,-0.70559
6667.65000,-0.87633,1.11053,-0.68479
6667.70000,-0.87580,1.11010,-0.66380
6667.75000,-0.87526,1.10968,-0.64259
6667.80000,-0.87470,1.10927,-0.62147
6667.85000,-0.87411,1.10885,-0.60010
6667.90000,-0.87354,1.10847,-0.57849
6667.95000,-0.87296,1.10809,-0.55673
6668.00000,-0.87239,1.10774,-0.53509
6668.05000,-0.87180,1.10739,-0.51324
6668.10000,-0.87124,1.10708,-0.49158
6668.15000,-0.87071,1.10680,-0.46992
6668.20000,-0.87018,1.10653,-0.44824
6668.25000,-0.86963,1.10627,-0.42655
6668.30000,-0.86908,1.10601,-0.40481
6668.35000,-0.86843,1.10573,-0.38286
6668.40000,-0.86782,1.10550,-0.36096
6668.45000,-0.86717,1.10524,-0.33904
6668.50000,-0.86459,1.10406,-0.31844
6668.55000,-0.85618,1.10124,-0.29947
6668.60000,-0.84627,1.09824,-0.27816
6668.65000,-0.84134,1.09772,-0.25611
6668.70000,-0.84050,1.09753,-0.22854
6668.75000,-0.83967,1.09735,-0.19845
6668.80000,-0.83879,1.09719,-0.16579
6668.85000,-0.83781,1.09705,-0.12990
6668.90000,-0.83693,1.09698,-0.09185
6668.95000,-0.83648,1.09695,-0.05315
6669.00000,-0.83627,1.09694,-0.01338
6669.05000,-0.83599,1.09694,0.02828
6669.10000,-0.83587,1.09694,0.07068
6669.15000,-0.83575,1.09695,0.11414
6669.20000,-0.83559,1.09698,0.15852
6669.25000,-0.83547,1.09700,0.20347
6669.30000,-0.83533,1.09704,0.24891
6669.35000,-0.83519,1.09708,0.29467
6669.40000,-0.83505,1.09712,0.34058
6669.45000,-0.83491,1.09718,0.38652
6669.50000,-0.83476,1.09724,0.43240
6669.55000,-0.83462,1.09731,0.47815
6669.60000,-0.83448,1.09738,0.52371
6669.65000,-0.83434,1.09747,0.56904
6669.70000,-0.83420,1.09756,0.61409
6669.75000,-0.83407,1.09766,0.65880
6669.80000,-0.83394,1.09777,0.70315
6669.85000,-0.83381,1.09788,0.74711
6669.90000,-0.83368,1.09800,0.79063
6669.95000,-0.83356,1.09813,0.83371
6670.00000,-0.83345,1.09826,0.87631
6670.05000,-0.83334,1.09840,0.91841
6670.10000,-0.83323,1.09854,0.96001
6670.15000,-0.83313,1.09869,1.00107
6670.20000,-0.83304,1.09885,1.04160
6670.25000,-0.83295,1.09901,1.08157
6670.30000,-0.83287,1.09917,1.12098
6670.35000,-0.83279,1.09933,1.15980
6670.40000,-0.83272,1.09950,1.19804
6670.45000,-0.83266,1.09968,1.23568
6670.50000,-0.83260,1.09985,1.27272
6670.55000,-0.83255,1.10003,1.30914
6670.60000,-0.83170,1.10211,1.34425
6670.65000,-0.82997,1.10978,1.37550
6670.70000,-0.82823,1.11941,1.40924
6670.75000,-0.82679,1.12929,1.44315
6670.80000,-0.82569,1.13922,1.47668
6670.85000,-0.82491,1.14919,1.50964
6670.90000,-0.82446,1.15918,1.54201
6670.95000,-0.82434,1.16918,1.57378
6671.00000,-0.82452,1.17917,1.60496
6671.05000,-0.82502,1.18916,1.63555
6671.10000,-0.82581,1.19913,1.66556
6671.15000,-0.82691,1.20907,1.69501
6671.20000,-0.82829,1.21897,1.72387
6671.25000,-0.82995,1.22883,1.75223
6671.30000,-0.83198,1.23912,1.78203
6671.35000,-0.83428,1.24939,1.81153
6671.40000,-0.83680,1.25913,1.83871
6671.45000,-0.83957,1.26874,1.86532
6671.50000,-0.84260,1.27827,1.89164
6671.55000,-0.84588,1.28772,1.91769
6671.60000,-0.84940,1.29708,1.94348
6671.65000,-0.85316,1.30634,1.96902
6671.70000,-0.85715,1.31551,1.99435
6671.75000,-0.86138,1.32457,2.01948
6671.80000,-0.86583,1.33353,2.04445
6671.85000,-0.87050,1.34237,2.06929
6671.90000,-0.87539,1.35109,2.09401
6671.95000,-0.88049,1.35969,2.11866
6672.00000,-0.88581,1.36816,2.14324
6672.05000,-0.89132,1.37650,2.16777
6672.10000,-0.89698,1.38461,2.19266
6672.15000,-0.90253,1.39214,2.21952
6672.20000,-0.90828,1.39951,2.24620
6672.25000,-0.91421,1.40672,2.27256
6672.30000,-0.92034,1.41378,2.29852
6672.35000,-0.92666,1.42069,2.32403
6672.40000,-0.93315,1.42745,2.34902
6672.45000,-0.93983,1.43406,2.37344
6672.50000,-0.94667,1.44051,2.39721
6672.55000,-0.95367,1.44681,2.42033
6672.60000,-0.96083,1.45297,2.44273
6672.65000,-0.96813,1.45897,2.46435
6672.70000,-0.97597,1.46517,2.48425
6672.75000,-0.98433,1.47149,2.50420
6672.80000,-0.99273,1.47767,2.52436
6672.85000,-1.00011,1.48282,2.54419
6672.90000,-1.00188,1.48350,2.56134
6672.95000,-1.00216,1.48367,2.57664
6673.00000,-1.00249,1.48387,2.59153
6673.05000,-1.00284,1.48408,2.60662
6673.10000,-1.00313,1.48424,2.62131
6673.15000,-1.00351,1.48445,2.63603
6673.20000,-1.00389,1.48466,2.65045
6673.25000,-1.00424,1.48484,2.66458
6673.30000,-1.00459,1.48502,2.67815
6673.35000,-1.00493,1.48518,2.69114
6673.40000,-1.00528,1.48535,2.70394
6673.45000,-1.00563,1.48551,2.71692
6673.50000,-1.00599,1.48568,2.72991
6673.55000,-1.00635,1.48585,2.74291
6673.60000,-1.00862,1.48733,2.75570
6673.65000,-1.01587,1.49079,2.76972
6673.70000,-1.02565,1.49450,2.78895
6673.75000,-1.03554,1.49802,2.80885
6673.80000,-1.04549,1.50135,2.82859
6673.85000,-1.05550,1.50448,2.84811
6673.90000,-1.06556,1.50741,2.86741
6673.95000,-1.07551,1.51009,2.88620
6674.00000,-1.08545,1.51258,2.90418
6674.05000,-1.09559,1.51493,2.92227
6674.10000,-1.10580,1.51710,2.94009
6674.15000,-1.11577,1.51904,2.95620
6674.20000,-1.12567,1.52081,2.97068
6674.25000,-1.13571,1.52254,2.98549
6674.30000,-1.14461,1.52345,2.99950
6674.35000,-1.14726,1.52350,3.01029
6674.40000,-1.14736,1.52351,3.01208
6674.45000,-1.14743,1.52351,3.01518
6674.50000,-1.14747,1.52352,3.02171
6674.55000,-1.14761,1.52353,3.03081
6674.60000,-1.14981,1.52398,3.03907
6674.65000,-1.15523,1.52486,3.04743
6674.70000,-1.16301,1.52569,3.05703
6674.75000,-1.17279,1.52647,3.06769
6674.80000,-1.18280,1.52718,3.07860
6674.85000,-1.19175,1.52760,3.08888
6674.90000,-1.19490,1.52763,3.09723
6674.95000,-1.19571,1.52763,3.09555
6675.00000,-1.19566,1.52763,3.08903
6675.05000,-1.19573,1.52764,3.08322
6675.10000,-1.19576,1.52764,3.07876
6675.15000,-1.19579,1.52764,3.07628
6675.20000,-1.19582,1.52765,3.07578
6675.25000,-1.19587,1.52765,3.07759
6675.30000,-1.19593,1.52765,3.08116
6675.35000,-1.19598,1.52765,3.08559
6675.40000,-1.19598,1.52765,3.09010
6675.45000,-1.19606,1.52766,3.09426
6675.50000,-1.19619,1.52766,3.09804
6675.55000,-1.19633,1.52766,3.10151
6675.60000,-1.19646,1.52767,3.10487
6675.65000,-1.19659,1.52767,3.10832
6675.70000,-1.19673,1.52767,3.11200
6675.75000,-1.19687,1.52767,3.11616
6675.80000,-1.19862,1.52778,3.12044
6675.85000,-1.20569,1.52796,3.12485
6675.90000,-1.21565,1.52810,3.13032
6675.95000,-1.22565,1.52819,3.13469
6676.00000,-1.23554,1.52826,3.13899
6676.05000,-1.24134,1.52827,-3.14005
6676.10000,-1.24243,1.52827,-3.13859
6676.15000,-1.24335,1.52827,-3.13818
6676.20000,-1.24342,1.52827,-3.13957
6676.25000,-1.24346,1.52827,-3.13924
6676.30000,-1.24489,1.52825,-3.13870
6676.35000,-1.25063,1.52822,-3.13815
6676.40000,-1.25985,1.52817,-3.13275
6676.45000,-1.26983,1.52804,-3.12347
6676.50000,-1.27960,1.52782,-3.11419
6676.55000,-1.28947,1.52751,-3.10628
6676.60000,-1.29936,1.52713,-3.10055
6676.65000,-1.30929,1.52671,-3.09813
6676.70000,-1.31901,1.52629,-3.09695
6676.75000,-1.32869,1.52586,-3.09578
6676.80000,-1.33473,1.52580,-3.09528
6676.85000,-1.33729,1.52575,-3.10393
6676.90000,-1.33939,1.52570,-3.11798
6676.95000,-1.34080,1.52570,-3.13638
6677.00000,-1.34077,1.52569,3.12496
6677.05000,-1.34028,1.52568,3.10287
6677.10000,-1.34013,1.52568,3.08345
6677.15000,-1.34017,1.52568,3.06652
6677.20000,-1.34016,1.52569,3.05119
6677.25000,-1.34042,1.52571,3.03847
6677.30000,-1.34028,1.52570,3.02977
6677.35000,-1.34215,1.52614,3.02113
6677.40000,-1.34963,1.52728,3.01405
6677.45000,-1.35934,1.52853,3.01734
6677.50000,-1.36915,1.52972,3.02307
6677.55000,-1.37902,1.53087,3.03006
6677.60000,-1.38878,1.53192,3.03903
6677.65000,-1.39861,1.53287,3.04951
6677.70000,-1.40887,1.53375,3.06272
6677.75000,-1.41914,1.53453,3.07653
6677.80000,-1.42448,1.53467,3.09004
6677.85000,-1.42510,1.53470,3.10791
6677.90000,-1.42570,1.53473,3.12977
6677.95000,-1.42621,1.53473,-3.12992
6678.00000,-1.42631,1.53472,-3.10644
6678.05000,-1.42644,1.53472,-3.08193
6678.10000,-1.42658,1.53471,-3.05668
6678.15000,-1.42676,1.53469,-3.03097
6678.20000,-1.42696,1.53467,-3.00500
6678.25000,-1.42719,1.53463,-2.97890
6678.30000,-1.42796,1.53448,-2.95070
6678.35000,-1.42895,1.53427,-2.92170
6678.40000,-1.42966,1.53419,-2.89330
6678.45000,-1.43040,1.53407,-2.86543
6678.50000,-1.43074,1.53401,-2.83830
6678.55000,-1.43142,1.53380,-2.81191
6678.60000,-1.43230,1.53351,-2.78500
6678.65000,-1.43316,1.53320,-2.75835
6678.70000,-1.43399,1.53288,-2.73206
6678.75000,-1.43470,1.53259,-2.70673
6678.80000,-1.43543,1.53230,-2.68118
6678.85000,-1.43590,1.53207,-2.65644
6678.90000,-1.43655,1.53175,-2.63157
6678.95000,-1.43712,1.53145,-2.60677
6679.00000,-1.43743,1.53126,-2.58127
6679.05000,-1.43819,1.53079,-2.55711
6679.10000,-1.43890,1.53034,-2.53314
6679.15000,-1.44132,1.52835,-2.51036
6679.20000,-1.44863,1.52281,-2.48947
6679.25000,-1.45645,1.51670,-2.46541
6679.30000,-1.46404,1.51046,-2.44159
6679.35000,-1.47157,1.50399,-2.41829
6679.40000,-1.47898,1.49728,-2.39404
6679.45000,-1.48623,1.49040,-2.37050
6679.50000,-1.49336,1.48332,-2.34818
6679.55000,-1.50046,1.47596,-2.32751
6679.60000,-1.50736,1.46852,-2.30763
6679.65000,-1.51400,1.46106,-2.28749
6679.70000,-1.52049,1.45346,-2.26893
6679.75000,-1.52695,1.44563,-2.25315
6679.80000,-1.53344,1.43751,-2.23711
6679.85000,-1.53950,1.42968,-2.22181
6679.90000,-1.54540,1.42182,-2.20706
6679.95000,-1.55106,1.41403,-2.19260
6680.00000,-1.55682,1.40589,-2.17916
6680.05000,-1.56256,1.39752,-2.16609
6680.10000,-1.56829,1.38893,-2.15299
6680.15000,-1.57366,1.38068,-2.14115
6680.20000,-1.57888,1.37244,-2.13004
6680.25000,-1.58409,1.36402,-2.12069
6680.30000,-1.58920,1.35562,-2.11289
6680.35000,-1.59430,1.34709,-2.10745
6680.40000,-1.59942,1.33850,-2.10257
6680.45000,-1.60110,1.33379,-2.10065
6680.50000,-1.60116,1.33364,-2.10395
6680.55000,-1.60118,1.33361,-2.10689
6680.60000,-1.60122,1.33355,-2.10699
6680.65000,-1.60127,1.33346,-2.10445
6680.70000,-1.60276,1.33194,-2.10270
6680.75000,-1.60756,1.32482,-2.09920
6680.80000,-1.61258,1.31616,-2.09415
6680.85000,-1.61756,1.30749,-2.08998
6680.90000,-1.62251,1.29880,-2.08744
6680.95000,-1.62745,1.29011,-2.08510
6681.00000,-1.62917,1.28494,-2.08522
6681.05000,-1.62931,1.28451,-2.09387
6681.10000,-1.62934,1.28447,-2.10904
6681.15000,-1.62936,1.28444,-2.12415
6681.20000,-1.62938,1.28442,-2.13719
6681.25000,-1.62944,1.28433,-2.14616
6681.30000,-1.62945,1.28430,-2.15121
6681.35000,-1.62949,1.28425,-2.15289
6681.40000,-1.63017,1.28349,-2.15407
6681.45000,-1.63421,1.27889,-2.15559
6681.50000,-1.63967,1.27086,-2.15235
6681.55000,-1.64516,1.26248,-2.14835
6681.60000,-1.65060,1.25409,-2.14472
6681.65000,-1.65602,1.24568,-2.14180
6681.70000,-1.66142,1.23725,-2.14013
6681.75000,-1.66680,1.22884,-2.14053
6681.80000,-1.67220,1.22041,-2.14127
6681.85000,-1.67689,1.21269,-2.14233
6681.90000,-1.67930,1.20840,-2.14651
6681.95000,-1.68031,1.20685,-2.16935
6682.00000,-1.68033,1.20681,-2.20495
6682.05000,-1.68035,1.20679,-2.23682
6682.10000,-1.68038,1.20676,-2.26021
6682.15000,-1.68041,1.20674,-2.27531
6682.20000,-1.68171,1.20539,-2.28675
6682.25000,-1.68662,1.20007,-2.29649
6682.30000,-1.69322,1.19265,-2.29681
6682.35000,-1.69985,1.18517,-2.29631
6682.40000,-1.70649,1.17769,-2.29608
6682.45000,-1.71312,1.17020,-2.29605
6682.50000,-1.71976,1.16272,-2.29630
6682.55000,-1.72639,1.15526,-2.29758
6682.60000,-1.73302,1.14782,-2.30125
6682.65000,-1.73962,1.14045,-2.30519
6682.70000,-1.74266,1.13697,-2.31244
6682.75000,-1.74317,1.13645,-2.34234
6682.80000,-1.74319,1.13643,-2.38605
6682.85000,-1.74321,1.13641,-2.42898
6682.90000,-1.74324,1.13639,-2.46835
6682.95000,-1.74326,1.13638,-2.50027
6683.00000,-1.74329,1.13637,-2.52153
6683.05000,-1.74449,1.13525,-2.53890
6683.10000,-1.75024,1.13109,-2.55098
6683.15000,-1.75853,1.12552,-2.55006
6683.20000,-1.76678,1.11997,-2.54768
6683.25000,-1.77500,1.11440,-2.54504
6683.30000,-1.78321,1.10881,-2.54212
6683.35000,-1.79139,1.10320,-2.53895
6683.40000,-1.79955,1.09757,-2.53563
6683.45000,-1.80769,1.09191,-2.53223
6683.50000,-1.81581,1.08622,-2.52888
6683.55000,-1.82396,1.08048,-2.52653
6683.60000,-1.83211,1.07472,-2.52702
6683.65000,-1.84005,1.06915,-2.53428
6683.70000,-1.84661,1.06472,-2.54600
6683.75000,-1.84962,1.06280,-2.57705
6683.80000,-1.85125,1.06181,-2.62596
6683.85000,-1.85138,1.06174,-2.68299
6683.90000,-1.85141,1.06173,-2.73987
6683.95000,-1.85143,1.06172,-2.79355
6684.00000,-1.85146,1.06172,-2.83682
6684.05000,-1.85335,1.06105,-2.86440
6684.10000,-1.85655,1.06008,-2.87521
6684.15000,-1.85785,1.05979,-2.87023
6684.20000,-1.85761,1.05986,-2.85796
6684.25000,-1.85779,1.05982,-2.84481
6684.30000,-1.85811,1.05973,-2.83118
6684.35000,-1.85841,1.05965,-2.81689
6684.40000,-1.85865,1.05960,-2.80192
6684.45000,-1.85885,1.05953,-2.78665
6684.50000,-1.85919,1.05943,-2.77106
6684.55000,-1.85941,1.05937,-2.75548
6684.60000,-1.85957,1.05930,-2.73943
6684.65000,-1.85998,1.05915,-2.72249
6684.70000,-1.85999,1.05916,-2.70530
6684.75000,-1.86010,1.05909,-2.68770
6684.80000,-1.86043,1.05895,-2.67056
6684.85000,-1.86061,1.05886,-2.65284
6684.90000,-1.86082,1.05876,-2.63493
6684.95000,-1.86110,1.05863,-2.61734
6685.00000,-1.86122,1.05855,-2.59926
6685.05000,-1.86162,1.05832,-2.58172
6685.10000,-1.86195,1.05814,-2.56443
6685.15000,-1.86236,1.05788,-2.54718
6685.20000,-1.86275,1.05762,-2.52916
6685.25000,-1.86314,1.05734,-2.51148
6685.30000,-1.86361,1.05700,-2.49413
6685.35000,-1.86411,1.05664,-2.47650
6685.40000,-1.86474,1.05615,-2.45847
6685.45000,-1.86536,1.05564,-2.44059
6685.50000,-1.86599,1.05511,-2.42246
6685.55000,-1.86667,1.05452,-2.40442
6685.60000,-1.86720,1.05404,-2.38557
6685.65000,-1.86777,1.05350,-2.36732
6685.70000,-1.86834,1.05293,-2.34901
6685.75000,-1.86898,1.05230,-2.33140
6685.80000,-1.86950,1.05174,-2.31357
6685.85000,-1.87009,1.05110,-2.29609
6685.90000,-1.87056,1.05057,-2.27824
6685.95000,-1.87106,1.04996,-2.25977
6686.00000,-1.87157,1.04933,-2.24268
6686.05000,-1.87203,1.04874,-2.22402
6686.10000,-1.87259,1.04799,-2.20586
6686.15000,-1.87314,1.04724,-2.18800
6686.20000,-1.87368,1.04645,-2.16942
6686.25000,-1.87412,1.04581,-2.15159
6686.30000,-1.87464,1.04498,-2.13350
6686.35000,-1.87519,1.04407,-2.11533
6686.40000,-1.87575,1.04311,-2.09740
6686.45000,-1.87628,1.04215,-2.07951
6686.50000,-1.87681,1.04117,-2.06163
6686.55000,-1.87734,1.04014,-2.04390
6686.60000,-1.87913,1.03730,-2.02792
6686.65000,-1.88331,1.02894,-2.01244
6686.70000,-1.88769,1.01947,-1.99501
6686.75000,-1.89189,1.00993,-1.97738
6686.80000,-1.89593,1.00030,-1.95959
6686.85000,-1.89980,0.99060,-1.94165
6686.90000,-1.90349,0.98083,-1.92356
6686.95000,-1.90700,0.97100,-1.90537
6687.00000,-1.91034,0.96109,-1.88708
6687.05000,-1.91349,0.95113,-1.86874
6687.10000,-1.91646,0.94111,-1.85036
6687.15000,-1.91924,0.93104,-1.83198
6687.20000,-1.92184,0.92092,-1.81364
6687.25000,-1.92425,0.91076,-1.79537
6687.30000,-1.92645,0.90063,-1.77723
6687.35000,-1.92833,0.89126,-1.75936
6687.40000,-1.93004,0.88186,-1.74166
6687.45000,-1.93158,0.87242,-1.72419
6687.50000,-1.93296,0.86295,-1.70697
6687.55000,-1.93418,0.85345,-1.69004
6687.60000,-1.93524,0.84393,-1.67341
6687.65000,-1.93615,0.83438,-1.65710
6687.70000,-1.93690,0.82481,-1.64114
6687.75000,-1.93750,0.81522,-1.62553
6687.80000,-1.93795,0.80561,-1.61023
6687.85000,-1.93826,0.79599,-1.59524
6687.90000,-1.93842,0.78636,-1.58054
6687.95000,-1.93845,0.77672,-1.56613
6688.00000,-1.93833,0.76707,-1.55201
6688.05000,-1.93809,0.75742,-1.53819
6688.10000,-1.93771,0.74777,-1.52462
6688.15000,-1.93720,0.73812,-1.51129
6688.20000,-1.93656,0.72847,-1.49816
6688.25000,-1.93577,0.71844,-1.48524
6688.30000,-1.93488,0.70868,-1.47227
6688.35000,-1.93386,0.69905,-1.45945
6688.40000,-1.93273,0.68944,-1.44661
6688.45000,-1.93147,0.67985,-1.43367
6688.50000,-1.93008,0.67028,-1.42052
6688.55000,-1.92852,0.66038,-1.40694
6688.60000,-1.92676,0.65018,-1.39274
6688.65000,-1.92487,0.64003,-1.37777
6688.70000,-1.92282,0.62992,-1.36129
6688.75000,-1.92056,0.61972,-1.34309
6688.80000,-1.91814,0.60959,-1.32210
6688.85000,-1.91568,0.59960,-1.30079
6688.90000,-1.91545,0.59563,-1.27691
6688.95000,-1.91521,0.59482,-1.23999
6689.00000,-1.91485,0.59380,-1.19751
6689.05000,-1.91445,0.59280,-1.15480
6689.10000,-1.91401,0.59180,-1.11159
6689.15000,-1.91366,0.59111,-1.06898
6689.20000,-1.91363,0.59107,-1.02811
6689.25000,-1.91360,0.59102,-0.98574
6689.30000,-1.91357,0.59097,-0.94193
6689.35000,-1.91354,0.59093,-0.89641
6689.40000,-1.91350,0.59088,-0.84904
6689.45000,-1.91345,0.59084,-0.79981
6689.50000,-1.91341,0.59079,-0.74883
6689.55000,-1.91335,0.59074,-0.69628
6689.60000,-1.91329,0.59069,-0.64243
6689.65000,-1.91322,0.59065,-0.58754
6689.70000,-1.91315,0.59060,-0.53185
6689.75000,-1.91306,0.59055,-0.47561
6689.80000,-1.91296,0.59050,-0.41901
6689.85000,-1.91286,0.59046,-0.36223
6689.90000,-1.91274,0.59042,-0.30543
6689.95000,-1.91261,0.59038,-0.24874
6690.00000,-1.91248,0.59035,-0.19239
6690.05000,-1.91233,0.59033,-0.13652
6690.10000,-1.91218,0.59031,-0.08116
6690.15000,-1.91202,0.59030,-0.02634
6690.20000,-1.91185,0.59030,0.02789
6690.25000,-1.91168,0.59031,0.08150
6690.30000,-1.91150,0.59033,0.13448
6690.35000,-1.91132,0.59036,0.18679
6690.40000,-1.91113,0.59040,0.23842
6690.45000,-1.91094,0.59045,0.28934
6690.50000,-1.91075,0.59052,0.33955
6690.55000,-1.91056,0.59059,0.38903
6690.60000,-1.91037,0.59067,0.43777
6690.65000,-1.91018,0.59077,0.48576
6690.70000,-1.90999,0.59087,0.53298
6690.75000,-1.90981,0.59099,0.57943
6690.80000,-1.90962,0.59111,0.62512
6690.85000,-1.90944,0.59125,0.67002
6690.90000,-1.90927,0.59139,0.71414
6690.95000,-1.90910,0.59155,0.75747
6691.00000,-1.90894,0.59171,0.80001
6691.05000,-1.90726,0.59351,0.84126
6691.10000,-1.90209,0.59952,0.87644
6691.15000,-1.89602,0.60708,0.91541
6691.20000,-1.88997,0.61528,0.95569
6691.25000,-1.88436,0.62356,0.99435
6691.30000,-1.87907,0.63204,1.03214
6691.35000,-1.87410,0.64072,1.06907
6691.40000,-1.86945,0.64957,1.10512
6691.45000,-1.86512,0.65858,1.14027
6691.50000,-1.86110,0.66774,1.17453
6691.55000,-1.85740,0.67703,1.20786
6691.60000,-1.85400,0.68643,1.24026
6691.65000,-1.85090,0.69594,1.27173
6691.70000,-1.84810,0.70554,1.30229
6691.75000,-1.84559,0.71522,1.33193
6691.80000,-1.84337,0.72496,1.36064
6691.85000,-1.84142,0.73477,1.38836
6691.90000,-1.83974,0.74463,1.41507
6691.95000,-1.83831,0.75459,1.44092
6692.00000,-1.83713,0.76452,1.46547
6692.05000,-1.83608,0.77447,1.48998
6692.10000,-1.83594,0.78061,1.51287
6692.15000,-1.83592,0.78130,1.53462
6692.20000,-1.83591,0.78149,1.55443
6692.25000,-1.83590,0.78166,1.57326
6692.30000,-1.83591,0.78183,1.59123
6692.35000,-1.83592,0.78201,1.60839
6692.40000,-1.83593,0.78221,1.62488
6692.45000,-1.83595,0.78245,1.64076
6692.50000,-1.83597,0.78263,1.65601
6692.55000,-1.83600,0.78284,1.67055
6692.60000,-1.83603,0.78311,1.68482
6692.65000,-1.83606,0.78332,1.69817
6692.70000,-1.83609,0.78359,1.71097
6692.75000,-1.83612,0.78379,1.72291
6692.80000,-1.83615,0.78399,1.73421
6692.85000,-1.83619,0.78420,1.74489
6692.90000,-1.83622,0.78440,1.75496
6692.95000,-1.83626,0.78460,1.76441
6693.00000,-1.83630,0.78480,1.77326
6693.05000,-1.83634,0.78500,1.78153
6693.10000,-1.83639,0.78520,1.78922
6693.15000,-1.83643,0.78541,1.79633
6693.20000,-1.83648,0.78561,1.80287
6693.25000,-1.83653,0.78581,1.80886
6693.30000,-1.83658,0.78601,1.81431
6693.35000,-1.83663,0.78621,1.81924
6693.40000,-1.83668,0.78642,1.82366
6693.45000,-1.83673,0.78662,1.82755
6693.50000,-1.83679,0.78682,1.83094
6693.55000,-1.83684,0.78702,1.83384
6693.60000,-1.83690,0.78723,1.83624
6693.65000,-1.83695,0.78743,1.83817
6693.70000,-1.83701,0.78763,1.83961
6693.75000,-1.83706,0.78783,1.84059
6693.80000,-1.83712,0.78804,1.84111
6693.85000,-1.83718,0.78824,1.84117
6693.90000,-1.83723,0.78844,1.84080
6693.95000,-1.83729,0.78864,1.83999
6694.00000,-1.83734,0.78884,1.83875
6694.05000,-1.83740,0.78904,1.83712
6694.10000,-1.83745,0.78925,1.83509
6694.15000,-1.83751,0.78945,1.83267
6694.20000,-1.83756,0.78965,1.82987
6694.25000,-1.83762,0.78986,1.82670
6694.30000,-1.83767,0.79006,1.82316
6694.35000,-1.83772,0.79026,1.81927
6694.40000,-1.83777,0.79047,1.81504
6694.45000,-1.83782,0.79067,1.81046
6694.50000,-1.83787,0.79088,1.80555
6694.55000,-1.83792,0.79108,1.80032
6694.60000,-1.83797,0.79129,1.79478
6694.65000,-1.83801,0.79149,1.78893
6694.70000,-1.83806,0.79170,1.78279
6694.75000,-1.83810,0.79191,1.77636
6694.80000,-1.83815,0.79211,1.76966
6694.85000,-1.83819,0.79232,1.76270
6694.90000,-1.83823,0.79253,1.75549
6694.95000,-1.83826,0.79273,1.74805
6695.00000,-1.83830,0.79294,1.74037
6695.05000,-1.83834,0.79315,1.73247
6695.10000,-1.83837,0.79336,1.72436
6695.15000,-1.83840,0.79356,1.71604
6695.20000,-1.83843,0.79377,1.70752
6695.25000,-1.83846,0.79398,1.69881
6695.30000,-1.83848,0.79419,1.68992
6695.35000,-1.83851,0.79440,1.68086
6695.40000,-1.83853,0.79461,1.67164
6695.45000,-1.83855,0.79482,1.66226
6695.50000,-1.83857,0.79503,1.65273
6695.55000,-1.83858,0.79524,1.64307
6695.60000,-1.83860,0.79545,1.63327
6695.65000,-1.83861,0.79566,1.62335
6695.70000,-1.83862,0.79587,1.61331
6695.75000,-1.83863,0.79608,1.60316
6695.80000,-1.83863,0.79629,1.59291
6695.85000,-1.83864,0.79650,1.58257
6695.90000,-1.83864,0.79671,1.57214
6695.95000,-1.83864,0.79693,1.56162
6696.00000,-1.83864,0.79714,1.55103
6696.05000,-1.83863,0.79735,1.54037
6696.10000,-1.83862,0.79756,1.52965
6696.15000,-1.83861,0.79777,1.51887
6696.20000,-1.83860,0.79798,1.50802
6696.25000,-1.83859,0.79819,1.49711
6696.30000,-1.83857,0.79840,1.48614
6696.35000,-1.83855,0.79861,1.47511
6696.40000,-1.83853,0.79882,1.46403
6696.45000,-1.83851,0.79903,1.45291
6696.50000,-1.83848,0.79923,1.44175
6696.55000,-1.83845,0.79944,1.43055
6696.60000,-1.83842,0.79965,1.41932
6696.65000,-1.83839,0.79986,1.40806
6696.70000,-1.83835,0.80006,1.39678
6696.75000,-1.83832,0.80027,1.38548
6696.80000,-1.83828,0.80048,1.37418
6696.85000,-1.83824,0.80068,1.36287
6696.90000,-1.83819,0.80089,1.35156
6696.95000,-1.83814,0.80109,1.34025
6697.00000,-1.83810,0.80129,1.32896
6697.05000,-1.83804,0.80149,1.31768
6697.10000,-1.83799,0.80170,1.30643
6697.15000,-1.83794,0.80190,1.29520
6697.20000,-1.83788,0.80210,1.28400
6697.25000,-1.83782,0.80230,1.27283
6697.30000,-1.83776,0.80250,1.26170
6697.35000,-1.83769,0.80269,1.25062
6697.40000,-1.83644,0.80493,1.23929
6697.45000,-1.83338,0.81326,1.22838
6697.50000,-1.83004,0.82241,1.21633
6697.55000,-1.82661,0.83146,1.20362
6697.60000,-1.82313,0.84037,1.19140
6697.65000,-1.82225,0.84495,1.17641
6697.70000,-1.82231,0.84482,1.16188
6697.75000,-1.82238,0.84466,1.14704
6697.80000,-1.82245,0.84451,1.13237
6697.85000,-1.82252,0.84437,1.11789
6697.90000,-1.82115,0.84634,1.10284
6697.95000,-1.81701,0.85410,1.08982
6698.00000,-1.81246,0.86264,1.07599
6698.05000,-1.80778,0.87112,1.06172
6698.10000,-1.80300,0.87952,1.04699
6698.15000,-1.79818,0.88787,1.03224
6698.20000,-1.79714,0.89159,1.01697
6698.25000,-1.79704,0.89176,1.00165
6698.30000,-1.79692,0.89195,0.98557
6698.35000,-1.79667,0.89232,0.96951
6698.40000,-1.79460,0.89494,0.95447
6698.45000,-1.78929,0.90228,0.94040
6698.50000,-1.78352,0.91004,0.92474
6698.55000,-1.77763,0.91770,0.90883
6698.60000,-1.77161,0.92528,0.89272
6698.65000,-1.76546,0.93278,0.87648
6698.70000,-1.75914,0.94022,0.86001
6698.75000,-1.75267,0.94762,0.84397
6698.80000,-1.74599,0.95503,0.82754
6698.85000,-1.73923,0.96225,0.81135
6698.90000,-1.73244,0.96928,0.79487
6698.95000,-1.72552,0.97619,0.77822
6699.00000,-1.71851,0.98298,0.76183
6699.05000,-1.71129,0.98975,0.74572
6699.10000,-1.70407,0.99630,0.72938
6699.15000,-1.69682,1.00265,0.71255
6699.20000,-1.68946,1.00889,0.69578
6699.25000,-1.68198,1.01501,0.67913
6699.30000,-1.67441,1.02100,0.66265
6699.35000,-1.66661,1.02698,0.64702
6699.40000,-1.65869,1.03286,0.63191
6699.45000,-1.65077,1.03856,0.61695
6699.50000,-1.64287,1.04406,0.60164
6699.55000,-1.63489,1.04943,0.58638
6699.60000,-1.62682,1.05468,0.57116
6699.65000,-1.61868,1.05981,0.55605
6699.70000,-1.61045,1.06482,0.54137
6699.75000,-1.60214,1.06973,0.52728
6699.80000,-1.59375,1.07452,0.51380
6699.85000,-1.58528,1.07922,0.50118
6699.90000,-1.57673,1.08382,0.48920
6699.95000,-1.56813,1.08832,0.47796
6700.00000,-1.55945,1.09275,0.46760
6700.05000,-1.55071,1.09709,0.45806
6700.10000,-1.54191,1.10136,0.44916
6700.15000,-1.53305,1.10558,0.44097
6700.20000,-1.52415,1.10975,0.43368
6700.25000,-1.51521,1.11385,0.42725
6700.30000,-1.50622,1.11789,0.42146
6700.35000,-1.49720,1.12191,0.41648
6700.40000,-1.48814,1.12590,0.41241
6700.45000,-1.47904,1.12985,0.40917
6700.50000,-1.46991,1.13379,0.40694
6700.55000,-1.46075,1.13773,0.40561
6700.60000,-1.45157,1.14167,0.40480
6700.65000,-1.44238,1.14561,0.40479
6700.70000,-1.43319,1.14956,0.40483
6700.75000,-1.42791,1.15069,0.40744
6700.80000,-1.42734,1.15077,0.40968
6700.85000,-1.42714,1.15086,0.41206
6700.90000,-1.42695,1.15094,0.41423
6700.95000,-1.42675,1.15102,0.41615
6701.00000,-1.42528,1.15217,0.41932
6701.05000,-1.41916,1.15601,0.42270
6701.10000,-1.41003,1.16013,0.42470
6701.15000,-1.40092,1.16426,0.42729
6701.20000,-1.39181,1.16840,0.42989
6701.25000,-1.38420,1.17107,0.43345
6701.30000,-1.38305,1.17117,0.43887
6701.35000,-1.38287,1.17125,0.44433
6701.40000,-1.38274,1.17132,0.45030
6701.45000,-1.38261,1.17138,0.45628
6701.50000,-1.38248,1.17144,0.46227
6701.55000,-1.38234,1.17151,0.46826
6701.60000,-1.38221,1.17158,0.47426
6701.65000,-1.38207,1.17165,0.48027
6701.70000,-1.38193,1.17172,0.48628
6701.75000,-1.38179,1.17180,0.49230
6701.80000,-1.38164,1.17187,0.49832
6701.85000,-1.38150,1.17195,0.50434
6701.90000,-1.38135,1.17203,0.51038
6701.95000,-1.37979,1.17348,0.51724
6702.00000,-1.37338,1.17816,0.52382
6702.05000,-1.36467,1.18324,0.52998
6702.10000,-1.35592,1.18839,0.53602
6702.15000,-1.34720,1.19361,0.54245
6702.20000,-1.33849,1.19890,0.54925
6702.25000,-1.32982,1.20425,0.55653
6702.30000,-1.32132,1.20960,0.56339
6702.35000,-1.31811,1.21108,0.57314
6702.40000,-1.31796,1.21117,0.58243
6702.45000,-1.31781,1.21127,0.59195
6702.50000,-1.31766,1.21137,0.60148
6702.55000,-1.31592,1.21305,0.61175
6702.60000,-1.31004,1.21818,0.62220
6702.65000,-1.30190,1.22406,0.63009
6702.70000,-1.29382,1.22999,0.63775
6702.75000,-1.28577,1.23600,0.64567
6702.80000,-1.27781,1.24204,0.65263
6702.85000,-1.26986,1.24817,0.66075
6702.90000,-1.26206,1.25427,0.66911
6702.95000,-1.25431,1.26045,0.67765
6703.00000,-1.24672,1.26662,0.68648
6703.05000,-1.23917,1.27286,0.69515
6703.10000,-1.23168,1.27916,0.70351
6703.15000,-1.22424,1.28553,0.71168
6703.20000,-1.21684,1.29196,0.71979
6703.25000,-1.20951,1.29845,0.72801
6703.30000,-1.20222,1.30499,0.73630
6703.35000,-1.19499,1.31160,0.74464
6703.40000,-1.18782,1.31826,0.75297
6703.45000,-1.18070,1.32499,0.76123
6703.50000,-1.17364,1.33177,0.76934
6703.55000,-1.16662,1.33862,0.77722
6703.60000,-1.15955,1.34563,0.78403
6703.65000,-1.15251,1.35270,0.78999
6703.70000,-1.14553,1.35978,0.79509
6703.75000,-1.13855,1.36692,0.79880
6703.80000,-1.13158,1.37410,0.80041
6703.85000,-1.12462,1.38125,0.79898
6703.90000,-1.11773,1.38828,0.79234
6703.95000,-1.11076,1.39536,0.78511
6704.00000,-1.10760,1.39843,0.77300
6704.05000,-1.10721,1.39880,0.73840
6704.10000,-1.10717,1.39883,0.69573
6704.15000,-1.10713,1.39887,0.65141
6704.20000,-1.10707,1.39890,0.60605
6704.25000,-1.10701,1.39895,0.55980
6704.30000,-1.10694,1.39899,0.51285
6704.35000,-1.10685,1.39903,0.46537
6704.40000,-1.10676,1.39908,0.41745
6704.45000,-1.10665,1.39912,0.36916
6704.50000,-1.10652,1.39917,0.32067
6704.55000,-1.10638,1.39921,0.27195
6704.60000,-1.10622,1.39925,0.22313
6704.65000,-1.10604,1.39929,0.17421
6704.70000,-1.10584,1.39932,0.12527
6704.75000,-1.10560,1.39934,0.07646
6704.80000,-1.10534,1.39936,0.02787
6704.85000,-1.10506,1.39936,-0.02054
6704.90000,-1.10473,1.39934,-0.06878
6704.95000,-1.10438,1.39931,-0.11680
6705.00000,-1.10400,1.39926,-0.16452
6705.05000,-1.10361,1.39918,-0.21185
6705.10000,-1.10321,1.39909,-0.25875
6705.15000,-1.10282,1.39897,-0.30517
6705.20000,-1.10243,1.39884,-0.35111
6705.25000,-1.10204,1.39869,-0.39652
6705.30000,-1.10166,1.39852,-0.44131
6705.35000,-1.10184,1.39859,-0.48769
6705.40000,-1.10186,1.39859,-0.53299
6705.45000,-1.10202,1.39868,-0.57832
6705.50000,-1.10162,1.39841,-0.62071
6705.55000,-1.10121,1.39810,-0.66253
6705.60000,-1.10108,1.39799,-0.70514
6705.65000,-1.10116,1.39804,-0.74848
6705.70000,-1.10113,1.39801,-0.79090
6705.75000,-1.10129,1.39817,-0.83400
6705.80000,-1.10127,1.39813,-0.87557
6705.85000,-1.10145,1.39834,-0.91807
6705.90000,-1.10158,1.39851,-0.95986
6705.95000,-1.10168,1.39865,-1.00077
6706.00000,-1.10177,1.39880,-1.04112
6706.05000,-1.10182,1.39890,-1.08050
6706.10000,-1.10186,1.39897,-1.11898
6706.15000,-1.10189,1.39904,-1.15671
6706.20000,-1.10086,1.39709,-1.19373
6706.25000,-1.09829,1.39084,-1.22876
6706.30000,-1.09539,1.38222,-1.26377
6706.35000,-1.09277,1.37346,-1.29791
6706.40000,-1.09045,1.36459,-1.33089
6706.45000,-1.08841,1.35563,-1.36298
6706.50000,-1.08665,1.34658,-1.39410
6706.55000,-1.08516,1.33745,-1.42430
6706.60000,-1.08394,1.32827,-1.45359
6706.65000,-1.08299,1.31903,-1.48199
6706.70000,-1.08229,1.30974,-1.50950
6706.75000,-1.08184,1.30042,-1.53611
6706.80000,-1.08164,1.29107,-1.56183
6706.85000,-1.08167,1.28169,-1.58667
6706.90000,-1.08194,1.27229,-1.61059
6706.95000,-1.08242,1.26288,-1.63357
6707.00000,-1.08311,1.25345,-1.65555
6707.05000,-1.08402,1.24402,-1.67648
6707.10000,-1.08511,1.23458,-1.69629
6707.15000,-1.08639,1.22513,-1.71492
6707.20000,-1.08785,1.21568,-1.73229
6707.25000,-1.08939,1.20623,-1.74962
6707.30000,-1.08966,1.20111,-1.76711
6707.35000,-1.08964,1.20071,-1.78173
6707.40000,-1.08963,1.20080,-1.79392
6707.45000,-1.08964,1.20087,-1.80551
6707.50000,-1.08963,1.20090,-1.81648
6707.55000,-1.08964,1.20087,-1.82680
6707.60000,-1.08967,1.20082,-1.83647
6707.65000,-1.08968,1.20076,-1.84541
6707.70000,-1.08971,1.20067,-1.85369
6707.75000,-1.08976,1.20056,-1.86144
6707.80000,-1.08982,1.20040,-1.86861
6707.85000,-1.08990,1.20015,-1.87523
6707.90000,-1.08997,1.19992,-1.88122
6707.95000,-1.09006,1.19965,-1.88685
6708.00000,-1.09017,1.19933,-1.89203
6708.05000,-1.09029,1.19897,-1.89684
6708.10000,-1.09043,1.19857,-1.90122
6708.15000,-1.09058,1.19814,-1.90512
6708.20000,-1.09074,1.19767,-1.90862
6708.25000,-1.09091,1.19718,-1.91174
6708.30000,-1.09110,1.19666,-1.91450
6708.35000,-1.09130,1.19611,-1.91691
6708.40000,-1.09151,1.19552,-1.91901
6708.45000,-1.09173,1.19491,-1.92081
6708.50000,-1.09197,1.19426,-1.92232
6708.55000,-1.09222,1.19358,-1.92357
6708.60000,-1.09248,1.19286,-1.92456
6708.65000,-1.09276,1.19212,-1.92532
6708.70000,-1.09305,1.19134,-1.92585
6708.75000,-1.09335,1.19053,-1.92616
6708.80000,-1.09366,1.18970,-1.92628
6708.85000,-1.09398,1.18883,-1.92620
6708.90000,-1.09431,1.18794,-1.92594
6708.95000,-1.09465,1.18702,-1.92550
6709.00000,-1.09500,1.18608,-1.92489
6709.05000,-1.09535,1.18512,-1.92412
6709.10000,-1.09572,1.18413,-1.92319
6709.15000,-1.09608,1.18313,-1.92210
6709.20000,-1.09646,1.18212,-1.92086
6709.25000,-1.09683,1.18108,-1.91947
6709.30000,-1.09721,1.18005,-1.91796
6709.35000,-1.09759,1.17900,-1.91634
6709.40000,-1.09796,1.17795,-1.91462
6709.45000,-1.09834,1.17690,-1.91283
6709.50000,-1.09871,1.17585,-1.91096
6709.55000,-1.09908,1.17481,-1.90902
6709.60000,-1.09944,1.17377,-1.90702
6709.65000,-1.09980,1.17274,-1.90495
6709.70000,-1.10016,1.17171,-1.90282
6709.75000,-1.10050,1.17070,-1.90063
6709.80000,-1.10085,1.16970,-1.89838
6709.85000,-1.10118,1.16871,-1.89607
6709.90000,-1.10151,1.16773,-1.89371
6709.95000,-1.10183,1.16676,-1.89129
6710.00000,-1.10215,1.16580,-1.88881
6710.05000,-1.10246,1.16486,-1.88627
6710.10000,-1.10276,1.16393,-1.88368
6710.15000,-1.10306,1.16301,-1.88102
6710.20000,-1.10335,1.16211,-1.87830
6710.25000,-1.10363,1.16121,-1.87552
6710.30000,-1.10390,1.16033,-1.87268
6710.35000,-1.10417,1.15947,-1.86978
6710.40000,-1.10443,1.15862,-1.86683
6710.45000,-1.10468,1.15782,-1.86387
6710.50000,-1.10490,1.15706,-1.86094
6710.55000,-1.10511,1.15635,-1.85802
6710.60000,-1.10531,1.15569,-1.85513
6710.65000,-1.10653,1.15351,-1.85310
6710.70000,-1.10926,1.14706,-1.85074
6710.75000,-1.11201,1.13801,-1.84748
6710.80000,-1.11475,1.12833,-1.84445
6710.85000,-1.11745,1.11863,-1.84109
6710.90000,-1.12012,1.10892,-1.83762
6710.95000,-1.12275,1.09923,-1.83383
6711.00000,-1.12520,1.08998,-1.83016
6711.05000,-1.12695,1.08154,-1.82770
6711.10000,-1.12703,1.07852,-1.82378
6711.15000,-1.12709,1.07826,-1.81375
6711.20000,-1.12713,1.07806,-1.80163
6711.25000,-1.12718,1.07782,-1.78829
6711.30000,-1.12720,1.07763,-1.77458
6711.35000,-1.12727,1.07723,-1.75608
6711.40000,-1.12738,1.07666,-1.72760
6711.45000,-1.12738,1.07664,-1.68920
6711.50000,-1.12738,1.07662,-1.63827
6711.55000,-1.12738,1.07660,-1.57778
6711.60000,-1.12738,1.07656,-1.51270
6711.65000,-1.12738,1.07651,-1.44564
6711.70000,-1.12737,1.07646,-1.37754
6711.75000,-1.12735,1.07639,-1.30885
6711.80000,-1.12733,1.07632,-1.23984
6711.85000,-1.12730,1.07624,-1.17081
6711.90000,-1.12727,1.07617,-1.10194
6711.95000,-1.12722,1.07609,-1.03341
6712.00000,-1.12717,1.07601,-0.96530
6712.05000,-1.12712,1.07594,-0.89762
6712.10000,-1.12706,1.07588,-0.83038
6712.15000,-1.12700,1.07581,-0.76347
6712.20000,-1.12692,1.07574,-0.69689
6712.25000,-1.12684,1.07568,-0.63066
6712.30000,-1.12675,1.07561,-0.56486
6712.35000,-1.12664,1.07555,-0.49953
6712.40000,-1.12653,1.07550,-0.43472
6712.45000,-1.12641,1.07545,-0.37049
6712.50000,-1.12629,1.07540,-0.30687
6712.55000,-1.12616,1.07537,-0.24391
6712.60000,-1.12602,1.07534,-0.18164
6712.65000,-1.12588,1.07531,-0.12011
6712.70000,-1.12574,1.07530,-0.05935
6712.75000,-1.12559,1.07530,0.00061
6712.80000,-1.12545,1.07530,0.05974
6712.85000,-1.12531,1.07532,0.11800
6712.90000,-1.12516,1.07534,0.17551
6712.95000,-1.12502,1.07537,0.23235
6713.00000,-1.12488,1.07540,0.28850
6713.05000,-1.12473,1.07545,0.34396
6713.10000,-1.12459,1.07551,0.39871
6713.15000,-1.12444,1.07557,0.45275
6713.20000,-1.12430,1.07565,0.50605
6713.25000,-1.12416,1.07573,0.55861
6713.30000,-1.12402,1.07582,0.61042
6713.35000,-1.12388,1.07592,0.66146
6713.40000,-1.12375,1.07603,0.71173
6713.45000,-1.12363,1.07614,0.76122
6713.50000,-1.12351,1.07627,0.80992
6713.55000,-1.12339,1.07639,0.85782
6713.60000,-1.12328,1.07653,0.90491
6713.65000,-1.12317,1.07667,0.95119
6713.70000,-1.12307,1.07682,0.99665
6713.75000,-1.12298,1.07697,1.04129
6713.80000,-1.12289,1.07712,1.08511
6713.85000,-1.12178,1.07905,1.12760
6713.90000,-1.11859,1.08600,1.16434
6713.95000,-1.11504,1.09470,1.20344
6714.00000,-1.11164,1.10411,1.24411
6714.05000,-1.10862,1.11364,1.28398
6714.10000,-1.10598,1.12328,1.32297
6714.15000,-1.10372,1.13302,1.36109
6714.20000,-1.10182,1.14284,1.39831
6714.25000,-1.10028,1.15272,1.43460
6714.30000,-1.09910,1.16264,1.46996
6714.35000,-1.09827,1.17261,1.50436
6714.40000,-1.09777,1.18259,1.53776
6714.45000,-1.09760,1.19259,1.57016
6714.50000,-1.09775,1.20259,1.60153
6714.55000,-1.09821,1.21257,1.63184
6714.60000,-1.09897,1.22254,1.66104
6714.65000,-1.10001,1.23249,1.68910
6714.70000,-1.10139,1.24287,1.71786
6714.75000,-1.10303,1.25323,1.74544
6714.80000,-1.10482,1.26331,1.77284
6714.85000,-1.10512,1.26941,1.80006
6714.90000,-1.10525,1.27038,1.82375
6714.95000,-1.10540,1.27098,1.84531
6715.00000,-1.10556,1.27156,1.86582
6715.05000,-1.10572,1.27210,1.88547
6715.10000,-1.10590,1.27262,1.90421
6715.15000,-1.10607,1.27311,1.92204
6715.20000,-1.10625,1.27358,1.93889
6715.25000,-1.10643,1.27403,1.95481
6715.30000,-1.10660,1.27445,1.96981
6715.35000,-1.10677,1.27485,1.98392
6715.40000,-1.10694,1.27523,1.99726
6715.45000,-1.10710,1.27559,2.00985
6715.50000,-1.10726,1.27593,2.02168
6715.55000,-1.10742,1.27625,2.03281
6715.60000,-1.10757,1.27656,2.04329
6715.65000,-1.10771,1.27686,2.05308
6715.70000,-1.10784,1.27714,2.06220
6715.75000,-1.10797,1.27741,2.07071
6715.80000,-1.10809,1.27766,2.07857
6715.85000,-1.10821,1.27789,2.08576
6715.90000,-1.10831,1.27811,2.09228
6715.95000,-1.10841,1.27828,2.09797
6716.00000,-1.10850,1.27847,2.10309
6716.05000,-1.10859,1.27864,2.10762
6716.10000,-1.10867,1.27878,2.11133
6716.15000,-1.10875,1.27893,2.11451
6716.20000,-1.10881,1.27906,2.11705
6716.25000,-1.10888,1.27918,2.11899
6716.30000,-1.10894,1.27929,2.12091
6716.35000,-1.10900,1.27939,2.12282
6716.40000,-1.10907,1.27950,2.12473
6716.45000,-1.10913,1.27961,2.12664
6716.50000,-1.10919,1.27972,2.12855
6716.55000,-1.10926,1.27983,2.13046
6716.60000,-1.10932,1.27994,2.13237
6716.65000,-1.10938,1.28004,2.13428
6716.70000,-1.10944,1.28015,2.13619
6716.75000,-1.10951,1.28026,2.13809
6716.80000,-1.10957,1.28037,2.14000
6716.85000,-1.10963,1.28047,2.14191
6716.90000,-1.10969,1.28058,2.14381
6716.95000,-1.10975,1.28069,2.14571
6717.00000,-1.10981,1.28080,2.14762
6717.05000,-1.10984,1.28085,2.14719
6717.10000,-1.10977,1.28076,2.13920
6717.15000,-1.10970,1.28063,2.13062
6717.20000,-1.10962,1.28052,2.12180
6717.25000,-1.10953,1.28040,2.11274
6717.30000,-1.10947,1.28030,2.10367
6717.35000,-1.10939,1.28018,2.09419
6717.40000,-1.10931,1.28003,2.08472
6717.45000,-1.10923,1.27989,2.07497
6717.50000,-1.10915,1.27975,2.06506
6717.55000,-1.10907,1.27960,2.05501
6717.60000,-1.10899,1.27945,2.04480
6717.65000,-1.10891,1.27929,2.03442
6717.70000,-1.10883,1.27913,2.02384
6717.75000,-1.10875,1.27896,2.01302
6717.80000,-1.10867,1.27879,2.00196
6717.85000,-1.10859,1.27861,1.99066
6717.90000,-1.10850,1.27842,1.97915
6717.95000,-1.10842,1.27823,1.96744
6718.00000,-1.10834,1.27803,1.95559
6718.05000,-1.10826,1.27784,1.94368
6718.10000,-1.10819,1.27764,1.93173
6718.15000,-1.10811,1.27744,1.91976
6718.20000,-1.10804,1.27724,1.90779
6718.25000,-1.10798,1.27705,1.89581
6718.30000,-1.10791,1.27685,1.88382
6718.35000,-1.10785,1.27665,1.87184
6718.40000,-1.10779,1.27645,1.85987
6718.45000,-1.10773,1.27625,1.84792
6718.50000,-1.10767,1.27606,1.83601
6718.55000,-1.10762,1.27586,1.82414
6718.60000,-1.10757,1.27567,1.81228
6718.65000,-1.10753,1.27547,1.80040
6718.70000,-1.10748,1.27527,1.78851
6718.75000,-1.10744,1.27507,1.77661
6718.80000,-1.10740,1.27488,1.76471
6718.85000,-1.10736,1.27468,1.75280
6718.90000,-1.10732,1.27447,1.74078
6718.95000,-1.10730,1.27428,1.72826
6719.00000,-1.10726,1.27404,1.71473
6719.05000,-1.10723,1.27379,1.70049
6719.10000,-1.10720,1.27352,1.68562
6719.15000,-1.10717,1.27323,1.67013
6719.20000,-1.10714,1.27293,1.65407
6719.25000,-1.10712,1.27262,1.63749
6719.30000,-1.10711,1.27229,1.62049
6719.35000,-1.10709,1.27196,1.60295
6719.40000,-1.10709,1.27171,1.58451
6719.45000,-1.10709,1.27142,1.56551
6719.50000,-1.10709,1.27108,1.54577
6719.55000,-1.10709,1.27070,1.52570
6719.60000,-1.10710,1.27036,1.50552
6719.65000,-1.10712,1.27001,1.48558
6719.70000,-1.10715,1.26967,1.46581
6719.75000,-1.10719,1.26929,1.44618
6719.80000,-1.10724,1.26892,1.42663
6719.85000,-1.10730,1.26855,1.40722
6719.90000,-1.10737,1.26818,1.38770
6719.95000,-1.10744,1.26780,1.36776
6720.00000,-1.10753,1.26741,1.34727
6720.05000,-1.10756,1.26716,1.32648
6720.10000,-1.10745,1.26745,1.30499
6720.15000,-1.10753,1.26710,1.28227
6720.20000,-1.10764,1.26670,1.25864
6720.25000,-1.10779,1.26625,1.23423
6720.30000,-1.10796,1.26580,1.20982
6720.35000,-1.10801,1.26557,1.18676
6720.40000,-1.10801,1.26550,1.16396
6720.45000,-1.10809,1.26519,1.14113
6720.50000,-1.10821,1.26490,1.11889
6720.55000,-1.10825,1.26469,1.09673
6720.60000,-1.10798,1.26519,1.07455
6720.65000,-1.10797,1.26516,1.05385
6720.70000,-1.10786,1.26541,1.03247
6720.75000,-1.10770,1.26566,1.01125
6720.80000,-1.10761,1.26576,0.98926
6720.85000,-1.10770,1.26557,0.96615
6720.90000,-1.10767,1.26556,0.94251
6720.95000,-1.10755,1.26562,0.91884
6721.00000,-1.10755,1.26561,0.89534
6721.05000,-1.10761,1.26550,0.87269
6721.10000,-1.10771,1.26537,0.84993
6721.15000,-1.10753,1.26555,0.82747
6721.20000,-1.10753,1.26551,0.80426
6721.25000,-1.10733,1.26572,0.78146
6721.30000,-1.10726,1.26577,0.75786
6721.35000,-1.10726,1.26575,0.73390
6721.40000,-1.10729,1.26570,0.70958
6721.45000,-1.10730,1.26568,0.68608
6721.50000,-1.10711,1.26583,0.66356
6721.55000,-1.10676,1.26611,0.64112
6721.60000,-1.10677,1.26611,0.61893
6721.65000,-1.10680,1.26606,0.59670
6721.70000,-1.10701,1.26592,0.57363
6721.75000,-1.10547,1.26728,0.55005
6721.80000,-1.09840,1.27157,0.52896
6721.85000,-1.08994,1.27638,0.50607
6721.90000,-1.08133,1.28101,0.48394
6721.95000,-1.07257,1.28549,0.46295
6722.00000,-1.06378,1.28975,0.44265
6722.05000,-1.05493,1.29383,0.42349
6722.10000,-1.04606,1.29774,0.40548
6722.15000,-1.03697,1.30155,0.38914
6722.20000,-1.02785,1.30521,0.37369
6722.25000,-1.01866,1.30873,0.35921
6722.30000,-1.00942,1.31212,0.34540
6722.35000,-1.00002,1.31543,0.33262
6722.40000,-0.99055,1.31864,0.32083
6722.45000,-0.98126,1.32166,0.30941
6722.50000,-0.97196,1.32456,0.29947
6722.55000,-0.96245,1.32746,0.29192
6722.60000,-0.95294,1.33028,0.28609
6722.65000,-0.94342,1.33308,0.28025
6722.70000,-0.93500,1.33483,0.27551
6722.75000,-0.93233,1.33498,0.27268
6722.80000,-0.93222,1.33500,0.27365
6722.85000,-0.93214,1.33503,0.27449
6722.90000,-0.93207,1.33505,0.27405
6722.95000,-0.93199,1.33507,0.27257
6723.00000,-0.93193,1.33509,0.27077
6723.05000,-0.93187,1.33511,0.26924
6723.10000,-0.93180,1.33513,0.26794
6723.15000,-0.93173,1.33515,0.26686
6723.20000,-0.93166,1.33517,0.26586
6723.25000,-0.93159,1.33519,0.26484
6723.30000,-0.93152,1.33521,0.26385
6723.35000,-0.93145,1.33524,0.26291
6723.40000,-0.93138,1.33525,0.26203
6723.45000,-0.93131,1.33528,0.26119
6723.50000,-0.92984,1.33624,0.26114
6723.55000,-0.92437,1.33875,0.26057
6723.60000,-0.91573,1.34130,0.25906
6723.65000,-0.90607,1.34386,0.25837
6723.70000,-0.89640,1.34642,0.25776
6723.75000,-0.88677,1.34893,0.25724
6723.80000,-0.88065,1.34939,0.25934
6723.85000,-0.87876,1.34965,0.26486
6723.90000,-0.87868,1.34967,0.27787
6723.95000,-0.87865,1.34968,0.29204
6724.00000,-0.87861,1.34969,0.30635
6724.05000,-0.87857,1.34970,0.32073
6724.10000,-0.87853,1.34972,0.33444
6724.15000,-0.87849,1.34973,0.34661
6724.20000,-0.87841,1.34979,0.35771
6724.25000,-0.87833,1.34983,0.36526
6724.30000,-0.87823,1.34986,0.36991
6724.35000,-0.87679,1.35095,0.37501
6724.40000,-0.87074,1.35446,0.37894
6724.45000,-0.86340,1.35816,0.38167
6724.50000,-0.85421,1.36191,0.38471
6724.55000,-0.84485,1.36572,0.38973
6724.60000,-0.83558,1.36950,0.39520
6724.65000,-0.83111,1.37051,0.40862
6724.70000,-0.82931,1.37124,0.42683
6724.75000,-0.82799,1.37169,0.43108
6724.80000,-0.82694,1.37190,0.42387
6724.85000,-0.82603,1.37201,0.40223
6724.90000,-0.82512,1.37218,0.35944
6724.95000,-0.82467,1.37229,0.29761
6725.00000,-0.82464,1.37230,0.23280
6725.05000,-0.82460,1.37230,0.16870
6725.10000,-0.82456,1.37231,0.10568
6725.15000,-0.82452,1.37231,0.04365
6725.20000,-0.82448,1.37231,-0.01738
6725.25000,-0.82443,1.37231,-0.07720
6725.30000,-0.82438,1.37231,-0.13542
6725.35000,-0.82433,1.37230,-0.19230
6725.40000,-0.82428,1.37229,-0.24806
6725.45000,-0.82422,1.37227,-0.30266
6725.50000,-0.82416,1.37225,-0.35637
6725.55000,-0.82410,1.37223,-0.40936
6725.60000,-0.82404,1.37220,-0.46166
6725.65000,-0.82398,1.37216,-0.51321
6725.70000,-0.82391,1.37213,-0.56396
6725.75000,-0.82385,1.37208,-0.61397
6725.80000,-0.82378,1.37203,-0.66325
6725.85000,-0.82372,1.37198,-0.71175
6725.90000,-0.82365,1.37192,-0.75948
6725.95000,-0.82358,1.37185,-0.80605
6726.00000,-0.82351,1.37177,-0.85127
6726.05000,-0.82344,1.37169,-0.89509
6726.10000,-0.82338,1.37161,-0.93789
6726.15000,-0.82332,1.37152,-0.97988
6726.20000,-0.82326,1.37143,-1.02114
6726.25000,-0.82320,1.37133,-1.06157
6726.30000,-0.82315,1.37124,-1.10103
6726.35000,-0.82310,1.37114,-1.13956
6726.40000,-0.82306,1.37103,-1.17692
6726.45000,-0.82195,1.36888,-1.21266
6726.50000,-0.81934,1.36160,-1.24571
6726.55000,-0.81662,1.35304,-1.28257
6726.60000,-0.81420,1.34428,-1.31832
6726.65000,-0.81207,1.33539,-1.35253
6726.70000,-0.81022,1.32638,-1.38486
6726.75000,-0.80865,1.31728,-1.41556
6726.80000,-0.80735,1.30809,-1.44429
6726.85000,-0.80629,1.29881,-1.46997
6726.90000,-0.80534,1.28949,-1.49556
6726.95000,-0.80520,1.28346,-1.51396
6727.00000,-0.80508,1.27915,-1.51499
6727.05000,-0.80501,1.27599,-1.49360
6727.10000,-0.80497,1.27498,-1.46044
6727.15000,-0.80496,1.27494,-1.42726
6727.20000,-0.80496,1.27491,-1.39526
6727.25000,-0.80495,1.27487,-1.36481
6727.30000,-0.80494,1.27483,-1.33503
6727.35000,-0.80493,1.27479,-1.30538
6727.40000,-0.80492,1.27476,-1.27557
6727.45000,-0.80491,1.27472,-1.24572
6727.50000,-0.80490,1.27468,-1.21573
6727.55000,-0.80488,1.27464,-1.18559
6727.60000,-0.80486,1.27460,-1.15532
6727.65000,-0.80485,1.27457,-1.12540
6727.70000,-0.80483,1.27453,-1.09649
6727.75000,-0.80481,1.27449,-1.06833
6727.80000,-0.80479,1.27445,-1.04048
6727.85000,-0.80476,1.27441,-1.01257
6727.90000,-0.80474,1.27438,-0.98457
6727.95000,-0.80471,1.27434,-0.95673
6728.00000,-0.80469,1.27430,-0.92912
6728.05000,-0.80466,1.27427,-0.90192
6728.10000,-0.80463,1.27423,-0.87520
6728.15000,-0.80460,1.27420,-0.84933
6728.20000,-0.80457,1.27416,-0.82412
6728.25000,-0.80454,1.27413,-0.79999
6728.30000,-0.80450,1.27409,-0.77741
6728.35000,-0.80447,1.27406,-0.75632
6728.40000,-0.80443,1.27402,-0.73600
6728.45000,-0.80439,1.27398,-0.71642
6728.50000,-0.80434,1.27395,-0.69796
6728.55000,-0.80430,1.27391,-0.68033
6728.60000,-0.80425,1.27388,-0.66320
6728.65000,-0.80421,1.27384,-0.64632
6728.70000,-0.80416,1.27380,-0.62968
6728.75000,-0.80411,1.27377,-0.61318
6728.80000,-0.80406,1.27373,-0.59673
6728.85000,-0.80401,1.27370,-0.58032
6728.90000,-0.80396,1.27367,-0.56399
6728.95000,-0.80390,1.27363,-0.54837
6729.00000,-0.80385,1.27360,-0.53392
6729.05000,-0.80358,1.27345,-0.51938
6729.10000,-0.80339,1.27335,-0.50647
6729.15000,-0.80326,1.27328,-0.49453
6729.20000,-0.80318,1.27322,-0.48352
6729.25000,-0.80078,1.27150,-0.47278
6729.30000,-0.79271,1.26722,-0.46402
6729.35000,-0.78380,1.26281,-0.45589
6729.40000,-0.77466,1.25838,-0.44700
6729.45000,-0.76559,1.25408,-0.43837
6729.50000,-0.75641,1.24983,-0.42890
6729.55000,-0.74708,1.24562,-0.41914
6729.60000,-0.73786,1.24157,-0.40943
6729.65000,-0.72849,1.23756,-0.39882
6729.70000,-0.71921,1.23370,-0.38857
6729.75000,-0.70972,1.22989,-0.37704
6729.80000,-0.70020,1.22619,-0.36500
6729.85000,-0.69057,1.22252,-0.35272
6729.90000,-0.68153,1.21943,-0.34102
6729.95000,-0.67702,1.21908,-0.32936
6730.00000,-0.67486,1.21878,-0.31444
6730.05000,-0.67410,1.21856,-0.29571
6730.10000,-0.67364,1.21843,-0.27676
6730.15000,-0.67321,1.21831,-0.25890
6730.20000,-0.67280,1.21820,-0.24226
6730.25000,-0.67051,1.21731,-0.22679
6730.30000,-0.66153,1.21521,-0.21357
6730.35000,-0.65148,1.21311,-0.19921
6730.40000,-0.64138,1.21111,-0.18472
6730.45000,-0.63551,1.21085,-0.17053
6730.50000,-0.63059,1.21040,-0.15081
6730.55000,-0.62559,1.20979,-0.12423
6730.60000,-0.62094,1.20928,-0.09255
6730.65000,-0.61763,1.20912,-0.05449
6730.70000,-0.61698,1.20910,-0.00948
6730.75000,-0.61696,1.20910,0.03873
6730.80000,-0.61694,1.20910,0.08671
6730.85000,-0.61692,1.20911,0.13427
6730.90000,-0.61690,1.20911,0.18142
6730.95000,-0.61688,1.20911,0.22818
6731.00000,-0.61686,1.20912,0.27455
6731.05000,-0.61685,1.20912,0.32054
6731.10000,-0.61683,1.20913,0.36617
6731.15000,-0.61681,1.20914,0.41144
6731.20000,-0.61680,1.20914,0.45637
6731.25000,-0.61679,1.20915,0.50096
6731.30000,-0.61677,1.20916,0.54523
6731.35000,-0.61676,1.20917,0.58918
6731.40000,-0.61675,1.20918,0.63281
6731.45000,-0.61673,1.20919,0.67647
6731.50000,-0.61672,1.20920,0.72085
6731.55000,-0.61671,1.20921,0.76602
6731.60000,-0.61669,1.20922,0.81196
6731.65000,-0.61668,1.20924,0.85849
6731.70000,-0.61666,1.20926,0.90546
6731.75000,-0.61665,1.20928,0.95268
6731.80000,-0.61663,1.20930,1.00002
6731.85000,-0.61661,1.20933,1.04742
6731.90000,-0.61660,1.20936,1.09476
6731.95000,-0.61658,1.20939,1.14189
6732.00000,-0.61657,1.20942,1.18843
6732.05000,-0.61655,1.20946,1.23391
6732.10000,-0.61654,1.20951,1.27834
6732.15000,-0.61652,1.20957,1.32185
6732.20000,-0.61651,1.20963,1.36451
6732.25000,-0.61650,1.20969,1.40633
6732.30000,-0.61649,1.20976,1.44725
6732.35000,-0.61648,1.20984,1.48727
6732.40000,-0.61647,1.20992,1.52643
6732.45000,-0.61647,1.21000,1.56477
6732.50000,-0.61647,1.21008,1.60233
6732.55000,-0.61648,1.21017,1.63921
6732.60000,-0.61683,1.21212,1.67573
6732.65000,-0.61786,1.21983,1.70825
6732.70000,-0.61936,1.22946,1.74246
6732.75000,-0.62124,1.23928,1.77806
6732.80000,-0.62348,1.24903,1.81451
6732.85000,-0.62581,1.25865,1.85071
6732.90000,-0.62600,1.26309,1.88858
6732.95000,-0.62605,1.26341,1.93082
6733.00000,-0.62608,1.26347,1.97511
6733.05000,-0.62610,1.26352,2.01866
6733.10000,-0.62613,1.26357,2.06152
6733.15000,-0.62616,1.26363,2.10379
6733.20000,-0.62619,1.26368,2.14555
6733.25000,-0.62623,1.26373,2.18690
6733.30000,-0.62627,1.26379,2.22791
6733.35000,-0.62631,1.26384,2.26866
6733.40000,-0.62635,1.26389,2.30923
6733.45000,-0.62640,1.26394,2.34972
6733.50000,-0.62645,1.26398,2.39021
6733.55000,-0.62826,1.26564,2.42928
6733.60000,-0.63421,1.27071,2.46357
6733.65000,-0.63990,1.27515,2.49934
6733.70000,-0.64114,1.27608,2.54433
6733.75000,-0.64141,1.27626,2.59179
6733.80000,-0.64147,1.27630,2.63830
6733.85000,-0.64153,1.27634,2.68424
6733.90000,-0.64160,1.27637,2.72937
6733.95000,-0.64167,1.27639,2.77367
6734.00000,-0.64174,1.27642,2.81714
6734.05000,-0.64377,1.27724,2.85912
6734.10000,-0.65104,1.27927,2.89568
6734.15000,-0.66007,1.28135,2.93460
6734.20000,-0.66910,1.28307,2.97794
6734.25000,-0.67818,1.28440,3.02035
6734.30000,-0.68739,1.28536,3.06098
6734.35000,-0.69640,1.28591,3.10090
6734.40000,-0.70544,1.28610,3.13920
6734.45000,-0.71452,1.28596,-3.10769
6734.50000,-0.72435,1.28546,-3.07522
6734.55000,-0.73411,1.28466,-3.04562
6734.60000,-0.74348,1.28364,-3.01672
6734.65000,-0.75270,1.28248,-2.98807
6734.70000,-0.75663,1.28227,-2.96060
6734.75000,-0.75705,1.28223,-2.94065
6734.80000,-0.75722,1.28221,-2.92196
6734.85000,-0.75747,1.28219,-2.90441
6734.90000,-0.75787,1.28211,-2.88813
6734.95000,-0.75819,1.28206,-2.87284
6735.00000,-0.75838,1.28201,-2.85891
6735.05000,-0.75862,1.28196,-2.84621
6735.10000,-0.75880,1.28191,-2.83567
6735.15000,-0.75897,1.28188,-2.82592
6735.20000,-0.75918,1.28182,-2.81682
6735.25000,-0.75927,1.28180,-2.80898
6735.30000,-0.75935,1.28177,-2.80181
6735.35000,-0.75946,1.28173,-2.79576
6735.40000,-0.75959,1.28169,-2.79015
6735.45000,-0.75970,1.28165,-2.78575
6735.50000,-0.75982,1.28161,-2.78240
6735.55000,-0.75991,1.28157,-2.77987
6735.60000,-0.76003,1.28153,-2.77812
6735.65000,-0.76013,1.28149,-2.77704
6735.70000,-0.76023,1.28145,-2.77654
6735.75000,-0.76033,1.28142,-2.77657
6735.80000,-0.76042,1.28139,-2.77747
6735.85000,-0.76049,1.28135,-2.77940
6735.90000,-0.76054,1.28134,-2.78276
6735.95000,-0.76063,1.28130,-2.78721
6736.00000,-0.76072,1.28126,-2.79300
6736.05000,-0.76076,1.28124,-2.80005
6736.10000,-0.76081,1.28121,-2.80779
6736.15000,-0.76091,1.28118,-2.81598
6736.20000,-0.76091,1.28118,-2.82559
6736.25000,-0.76077,1.28121,-2.83621
6736.30000,-0.76061,1.28126,-2.84751
6736.35000,-0.76044,1.28130,-2.85944
6736.40000,-0.76026,1.28135,-2.87197
6736.45000,-0.76006,1.28140,-2.88503
6736.50000,-0.75985,1.28145,-2.89866
6736.55000,-0.75963,1.28150,-2.91272
6736.60000,-0.75940,1.28155,-2.92717
6736.65000,-0.75916,1.28160,-2.94198
6736.70000,-0.75891,1.28164,-2.95711
6736.75000,-0.75865,1.28169,-2.97249
6736.80000,-0.75840,1.28173,-2.98803
6736.85000,-0.75813,1.28176,-3.00367
6736.90000,-0.75787,1.28179,-3.01933
6736.95000,-0.75761,1.28182,-3.03497
6737.00000,-0.75734,1.28185,-3.05060
6737.05000,-0.75708,1.28187,-3.06623
6737.10000,-0.75682,1.28188,-3.08180
6737.15000,-0.75656,1.28189,-3.09727
6737.20000,-0.75630,1.28190,-3.11262
6737.25000,-0.75604,1.28191,-3.12782
6737.30000,-0.75579,1.28190,3.14014
6737.35000,-0.75553,1.28190,3.12484
6737.40000,-0.75527,1.28189,3.10944
6737.45000,-0.75501,1.28188,3.09407
6737.50000,-0.75476,1.28186,3.07873
6737.55000,-0.75450,1.28184,3.06347
6737.60000,-0.75425,1.28182,3.04837
6737.65000,-0.75401,1.28179,3.03351
6737.70000,-0.75406,1.28180,3.02021
6737.75000,-0.75419,1.28182,3.00749
6737.80000,-0.75430,1.28183,2.99521
6737.85000,-0.75444,1.28185,2.98337
6737.90000,-0.75452,1.28187,2.97183
6737.95000,-0.75465,1.28189,2.96056
6738.00000,-0.75476,1.28191,2.94970
6738.05000,-0.75485,1.28193,2.93896
6738.10000,-0.75497,1.28196,2.92843
6738.15000,-0.75509,1.28199,2.91788
6738.20000,-0.75522,1.28201,2.90727
6738.25000,-0.75534,1.28204,2.89664
6738.30000,-0.75546,1.28208,2.88601
6738.35000,-0.75559,1.28211,2.87543
6738.40000,-0.75571,1.28214,2.86495
6738.45000,-0.75583,1.28218,2.85467
6738.50000,-0.75596,1.28222,2.84463
6738.55000,-0.75608,1.28225,2.83492
6738.60000,-0.75620,1.28229,2.82559
6738.65000,-0.75633,1.28233,2.81671
6738.70000,-0.75771,1.28330,2.80728
6738.75000,-0.76464,1.28642,2.79850
6738.80000,-0.77388,1.28978,2.79032
6738.85000,-0.78305,1.29320,2.78188
6738.90000,-0.79218,1.29670,2.77280
6738.95000,-0.80126,1.30028,2.76305
6739.00000,-0.81029,1.30395,2.75262
6739.05000,-0.81926,1.30770,2.74158
6739.10000,-0.82806,1.31147,2.73090
6739.15000,-0.83289,1.31257,2.71750
6739.20000,-0.83299,1.31261,2.70547
6739.25000,-0.83310,1.31266,2.69340
6739.30000,-0.83322,1.31272,2.68119
6739.35000,-0.83334,1.31278,2.66884
6739.40000,-0.83345,1.31284,2.65637
6739.45000,-0.83357,1.31290,2.64386
6739.50000,-0.83369,1.31297,2.63136
6739.55000,-0.83381,1.31303,2.61892
6739.60000,-0.83393,1.31310,2.60661
6739.65000,-0.83575,1.31470,2.59375
6739.70000,-0.84280,1.31946,2.58129
6739.75000,-0.85106,1.32472,2.56856
6739.80000,-0.85914,1.33003,2.55518
6739.85000,-0.86714,1.33545,2.54153
6739.90000,-0.87506,1.34097,2.52768
6739.95000,-0.88290,1.34660,2.51364
6740.00000,-0.89066,1.35234,2.49944
6740.05000,-0.89833,1.35818,2.48508
6740.10000,-0.90591,1.36413,2.47056
6740.15000,-0.91340,1.37019,2.45573
6740.20000,-0.92079,1.37635,2.44047
6740.25000,-0.92808,1.38262,2.42479
6740.30000,-0.93525,1.38893,2.40986
6740.35000,-0.93790,1.39102,2.39410
6740.40000,-0.93770,1.39083,2.37722
6740.45000,-0.93750,1.39063,2.36012
6740.50000,-0.93731,1.39043,2.34305
6740.55000,-0.93856,1.39167,2.32567
6740.60000,-0.94434,1.39793,2.30970
6740.65000,-0.95084,1.40518,2.29347
6740.70000,-0.95716,1.41247,2.27665
6740.75000,-0.96336,1.41986,2.25972
6740.80000,-0.96944,1.42737,2.24297
6740.85000,-0.97539,1.43495,2.22644
6740.90000,-0.98119,1.44263,2.21008
6740.95000,-0.98689,1.45040,2.19376
6741.00000,-0.99245,1.45827,2.17763
6741.05000,-0.99791,1.46625,2.16126
6741.10000,-1.00323,1.47432,2.14508
6741.15000,-1.00840,1.48243,2.12923
6741.20000,-1.01343,1.49062,2.11364
6741.25000,-1.01834,1.49889,2.09833
6741.30000,-1.02314,1.50727,2.08341
6741.35000,-1.02782,1.51572,2.06888
6741.40000,-1.03237,1.52423,2.05493
6741.45000,-1.03682,1.53283,2.04140
6741.50000,-1.04115,1.54149,2.02841
6741.55000,-1.04538,1.55022,2.01601
6741.60000,-1.04952,1.55901,2.00413
6741.65000,-1.05355,1.56786,1.99265
6741.70000,-1.05748,1.57675,1.98156
6741.75000,-1.06132,1.58569,1.97082
6741.80000,-1.06506,1.59469,1.96038
6741.85000,-1.06872,1.60372,1.95028
6741.90000,-1.07228,1.61279,1.94055
6741.95000,-1.07577,1.62191,1.93115
6742.00000,-1.07917,1.63107,1.92215
6742.05000,-1.08249,1.64026,1.91347
6742.10000,-1.08575,1.64951,1.90510
6742.15000,-1.08893,1.65878,1.89712
6742.20000,-1.09204,1.66810,1.88951
6742.25000,-1.09509,1.67745,1.88225
6742.30000,-1.09807,1.68683,1.87538
6742.35000,-1.10100,1.69624,1.86893
6742.40000,-1.10387,1.70569,1.86288
6742.45000,-1.10668,1.71514,1.85720
6742.50000,-1.10945,1.72463,1.85188
6742.55000,-1.11218,1.73415,1.84698
6742.60000,-1.11485,1.74368,1.84245
6742.65000,-1.11749,1.75322,1.83842
6742.70000,-1.12010,1.76279,1.83472
6742.75000,-1.12267,1.77239,1.83139
6742.80000,-1.12522,1.78199,1.82850
6742.85000,-1.12776,1.79165,1.82605
6742.90000,-1.13027,1.80129,1.82385
6742.95000,-1.13276,1.81095,1.82209
6743.00000,-1.13523,1.82062,1.82060
6743.05000,-1.13770,1.83031,1.81946
6743.10000,-1.14016,1.83999,1.81868
6743.15000,-1.14261,1.84968,1.81823
6743.20000,-1.14506,1.85939,1.81802
6743.25000,-1.14750,1.86909,1.81811
6743.30000,-1.14995,1.87878,1.81851
6743.35000,-1.15240,1.88846,1.81920
6743.40000,-1.15486,1.89813,1.82013
6743.45000,-1.15733,1.90779,1.82129
6743.50000,-1.15980,1.91744,1.82266
6743.55000,-1.16229,1.92708,1.82450
6743.60000,-1.16480,1.93669,1.82732
6743.65000,-1.16732,1.94630,1.83016
6743.70000,-1.16865,1.95439,1.83390
6743.75000,-1.16870,1.95563,1.83925
6743.80000,-1.16871,1.95566,1.84632
6743.85000,-1.16874,1.95582,1.85446
6743.90000,-1.16879,1.95605,1.86324
6743.95000,-1.16881,1.95610,1.87222
6744.00000,-1.16886,1.95632,1.88252
6744.05000,-1.16889,1.95642,1.89299
6744.10000,-1.16894,1.95661,1.90444
6744.15000,-1.16899,1.95676,1.91647
6744.20000,-1.16898,1.95681,1.92944
6744.25000,-1.16894,1.95676,1.94304
6744.30000,-1.16895,1.95677,1.95697
6744.35000,-1.16893,1.95667,1.97186
6744.40000,-1.16902,1.95691,1.98712
6744.45000,-1.16909,1.95713,2.00236
6744.50000,-1.16906,1.95713,2.01926
6744.55000,-1.16893,1.95687,2.03678
6744.60000,-1.16879,1.95660,2.05491
6744.65000,-1.16890,1.95679,2.07340
6744.70000,-1.16905,1.95710,2.09188
6744.75000,-1.16909,1.95720,2.11066
6744.80000,-1.16921,1.95744,2.13054
6744.85000,-1.16925,1.95745,2.15118
6744.90000,-1.16944,1.95774,2.17151
6744.95000,-1.16953,1.95789,2.19147
6745.00000,-1.16966,1.95810,2.21102
6745.05000,-1.16974,1.95820,2.23136
6745.10000,-1.17001,1.95857,2.25161
6745.15000,-1.17001,1.95858,2.27112
6745.20000,-1.17029,1.95890,2.29071
6745.25000,-1.17075,1.95941,2.31141
6745.30000,-1.17085,1.95953,2.33119
6745.35000,-1.17110,1.95981,2.35133
6745.40000,-1.17129,1.96000,2.37152
6745.45000,-1.17147,1.96015,2.39286
6745.50000,-1.17200,1.96062,2.41432
6745.55000,-1.17254,1.96109,2.43591
6745.60000,-1.17309,1.96155,2.45767
6745.65000,-1.17366,1.96200,2.47964
6745.70000,-1.17408,1.96233,2.50115
6745.75000,-1.17452,1.96267,2.52279
6745.80000,-1.17494,1.96296,2.54473
6745.85000,-1.17550,1.96334,2.56758
6745.90000,-1.17600,1.96365,2.59070
6745.95000,-1.17644,1.96393,2.61366
6746.00000,-1.17696,1.96422,2.63709
6746.05000,-1.17744,1.96450,2.66056
6746.10000,-1.17781,1.96472,2.68384
6746.15000,-1.17838,1.96500,2.70831
6746.20000,-1.17893,1.96525,2.73298
6746.25000,-1.17941,1.96545,2.75762
6746.30000,-1.18019,1.96576,2.78391
6746.35000,-1.18108,1.96609,2.81080
6746.40000,-1.18202,1.96642,2.83809
6746.45000,-1.18300,1.96672,2.86558
6746.50000,-1.18402,1.96700,2.89313
6746.55000,-1.18506,1.96724,2.92093
6746.60000,-1.18616,1.96748,2.94880
6746.65000,-1.18724,1.96767,2.97675
6746.70000,-1.18837,1.96784,3.00478
6746.75000,-1.18956,1.96799,3.03267
6746.80000,-1.19076,1.96810,3.06047
6746.85000,-1.19202,1.96819,3.08823
6746.90000,-1.19329,1.96823,3.11576
6746.95000,-1.19455,1.96825,-3.14025
6747.00000,-1.19581,1.96824,-3.11353
6747.05000,-1.19703,1.96820,-3.08721
6747.10000,-1.19823,1.96812,-3.06116
6747.15000,-1.19942,1.96802,-3.03546
6747.20000,-1.20223,1.96749,-3.00995
6747.25000,-1.21044,1.96615,-2.98557
6747.30000,-1.22090,1.96437,-2.96089
6747.35000,-1.23132,1.96233,-2.93654
6747.40000,-1.24167,1.96005,-2.91236
6747.45000,-1.25197,1.95751,-2.88825
6747.50000,-1.26220,1.95473,-2.86422
6747.55000,-1.27236,1.95171,-2.84020
6747.60000,-1.28245,1.94844,-2.81600
6747.65000,-1.29221,1.94504,-2.79249
6747.70000,-1.30161,1.94151,-2.76943
6747.75000,-1.31087,1.93776,-2.74510
6747.80000,-1.32010,1.93390,-2.72072
6747.85000,-1.32460,1.93317,-2.69367
6747.90000,-1.32494,1.93302,-2.65809
6747.95000,-1.32511,1.93293,-2.61710
6748.00000,-1.32528,1.93283,-2.57299
6748.05000,-1.32545,1.93271,-2.52648
6748.10000,-1.32564,1.93258,-2.47843
6748.15000,-1.32582,1.93243,-2.42998
6748.20000,-1.32600,1.93226,-2.38235
6748.25000,-1.32618,1.93208,-2.33637
6748.30000,-1.32636,1.93189,-2.29261
6748.35000,-1.32654,1.93168,-2.25134
6748.40000,-1.32672,1.93145,-2.21204
6748.45000,-1.32689,1.93120,-2.17384
6748.50000,-1.32707,1.93093,-2.13602
6748.55000,-1.32724,1.93066,-2.09785
6748.60000,-1.32740,1.93036,-2.05894
6748.65000,-1.32756,1.93005,-2.01903
6748.70000,-1.32771,1.92972,-1.97785
6748.75000,-1.32786,1.92936,-1.93520
6748.80000,-1.32800,1.92896,-1.89129
6748.85000,-1.32813,1.92852,-1.84626
6748.90000,-1.32826,1.92803,-1.80027
6748.95000,-1.32837,1.92749,-1.75353
6749.00000,-1.32847,1.92690,-1.70636
6749.05000,-1.32854,1.92624,-1.65909
6749.10000,-1.32859,1.92552,-1.61202
6749.15000,-1.32860,1.92474,-1.56542
6749.20000,-1.32858,1.92390,-1.51945
6749.25000,-1.32851,1.92298,-1.47386
6749.30000,-1.32839,1.92200,-1.42857
6749.35000,-1.32821,1.92094,-1.38358
6749.40000,-1.32797,1.91981,-1.33871
6749.45000,-1.32766,1.91859,-1.29395
6749.50000,-1.32726,1.91730,-1.24938
6749.55000,-1.32665,1.91562,-1.20391
6749.60000,-1.32584,1.91364,-1.15777
6749.65000,-1.32468,1.91117,-1.10990
6749.70000,-1.32356,1.90901,-1.06403
6749.75000,-1.32254,1.90723,-1.02095
6749.80000,-1.32162,1.90576,-0.97954
6749.85000,-1.31938,1.90271,-0.94037
6749.90000,-1.31478,1.89667,-0.90206
6749.95000,-1.30909,1.88976,-0.86199
6750.00000,-1.30308,1.88302,-0.82330
6750.05000,-1.29679,1.87648,-0.78636
6750.10000,-1.29024,1.87014,-0.75115
6750.15000,-1.28344,1.86400,-0.71748
6750.20000,-1.27585,1.85759,-0.68502
6750.25000,-1.26829,1.85162,-0.65268
6750.30000,-1.26019,1.84560,-0.62366
6750.35000,-1.25206,1.83990,-0.59817
6750.40000,-1.24376,1.83440,-0.57446
6750.45000,-1.23540,1.82911,-0.55034
6750.50000,-1.22739,1.82425,-0.52610
6750.55000,-1.22432,1.82301,-0.50538
6750.60000,-1.22283,1.82221,-0.48698
6750.65000,-1.22136,1.82147,-0.46976
6750.70000,-1.22031,1.82094,-0.45320
6750.75000,-1.21899,1.82033,-0.43797
6750.80000,-1.21754,1.81965,-0.42553
6750.85000,-1.21593,1.81896,-0.41331
6750.90000,-1.21434,1.81828,-0.40186
6750.95000,-1.21279,1.81763,-0.39144
6751.00000,-1.21112,1.81696,-0.38137
6751.05000,-1.20946,1.81632,-0.37181
6751.10000,-1.20790,1.81573,-0.36281
6751.15000,-1.20642,1.81517,-0.35408
6751.20000,-1.20486,1.81460,-0.34572
6751.25000,-1.20322,1.81402,-0.33782
6751.30000,-1.20149,1.81342,-0.33042
6751.35000,-1.19967,1.81280,-0.32358
6751.40000,-1.19773,1.81216,-0.31734
6751.45000,-1.19570,1.81149,-0.31169
6751.50000,-1.19355,1.81081,-0.30644
6751.55000,-1.19130,1.81010,-0.30140
6751.60000,-1.18895,1.80938,-0.29652
6751.65000,-1.18650,1.80864,-0.29177
6751.70000,-1.18394,1.80787,-0.28714
6751.75000,-1.18127,1.80709,-0.28265
6751.80000,-1.17848,1.80629,-0.27828
6751.85000,-1.17558,1.80547,-0.27406
6751.90000,-1.17256,1.80462,-0.27002
6751.95000,-1.16940,1.80376,-0.26618
6752.00000,-1.16612,1.80287,-0.26257
6752.05000,-1.16268,1.80195,-0.25920
6752.10000,-1.15908,1.80100,-0.25606
6752.15000,-1.15530,1.80002,-0.25316
6752.20000,-1.15135,1.79900,-0.25054
6752.25000,-1.14720,1.79794,-0.24817
6752.30000,-1.14289,1.79685,-0.24616
6752.35000,-1.13841,1.79573,-0.24451
6752.40000,-1.13381,1.79459,-0.24321
6752.45000,-1.12915,1.79343,-0.24234
6752.50000,-1.12447,1.79228,-0.24202
6752.55000,-1.11977,1.79112,-0.24222
6752.60000,-1.11505,1.78995,-0.24296
6752.65000,-1.11030,1.78877,-0.24423
6752.70000,-1.10557,1.78758,-0.24600
6752.75000,-1.10081,1.78638,-0.24833
6752.80000,-1.09591,1.78513,-0.25124
6752.85000,-1.09099,1.78386,-0.25439
6752.90000,-1.08594,1.78252,-0.25783
6752.95000,-1.08074,1.78112,-0.26133
6753.00000,-1.07540,1.77968,-0.26508
6753.05000,-1.06991,1.77818,-0.26920
6753.10000,-1.06432,1.77662,-0.27320
6753.15000,-1.05867,1.77502,-0.27740
6753.20000,-1.05297,1.77338,-0.28192
6753.25000,-1.04730,1.77172,-0.28688
6753.30000,-1.04167,1.77004,-0.29203
6753.35000,-1.03607,1.76834,-0.29775
6753.40000,-1.03049,1.76661,-0.30378
6753.45000,-1.02496,1.76485,-0.31030
6753.50000,-1.01944,1.76306,-0.31708
6753.55000,-1.01389,1.76121,-0.32439
6753.60000,-1.00827,1.75929,-0.33195
6753.65000,-1.00255,1.75730,-0.33972
6753.70000,-0.99672,1.75520,-0.34776
6753.75000,-0.99078,1.75301,-0.35580
6753.80000,-0.98475,1.75074,-0.36403
6753.85000,-0.97862,1.74838,-0.37218
6753.90000,-0.97239,1.74591,-0.38037
6753.95000,-0.96606,1.74335,-0.38858
6754.00000,-0.95961,1.74068,-0.39685
6754.05000,-0.95309,1.73791,-0.40534
6754.10000,-0.94655,1.73507,-0.41412
6754.15000,-0.94004,1.73218,-0.42327
6754.20000,-0.93356,1.72922,-0.43285
6754.25000,-0.92709,1.72619,-0.44286
6754.30000,-0.92063,1.72309,-0.45329
6754.35000,-0.91419,1.71991,-0.46416
6754.40000,-0.90777,1.71664,-0.47547
6754.45000,-0.90137,1.71330,-0.48720
6754.50000,-0.89501,1.70988,-0.49939
6754.55000,-0.88870,1.70639,-0.51186
6754.60000,-0.88243,1.70282,-0.52453
6754.65000,-0.87616,1.69914,-0.53734
6754.70000,-0.86989,1.69535,-0.55024
6754.75000,-0.86364,1.69145,-0.56312
6754.80000,-0.85742,1.68747,-0.57589
6754.85000,-0.85125,1.68340,-0.58852
6754.90000,-0.84509,1.67924,-0.60100
6754.95000,-0.83894,1.67496,-0.61327
6755.00000,-0.83277,1.67056,-0.62544
6755.05000,-0.82658,1.66604,-0.63746
6755.10000,-0.82038,1.66137,-0.64936
6755.15000,-0.81411,1.65655,-0.66131
6755.20000,-0.80785,1.65161,-0.67290
6755.25000,-0.80154,1.64652,-0.68440
6755.30000,-0.79524,1.64132,-0.69572
6755.35000,-0.78895,1.63602,-0.70696
6755.40000,-0.78272,1.63064,-0.71816
6755.45000,-0.77652,1.62517,-0.72943
6755.50000,-0.77040,1.61965,-0.74068
6755.55000,-0.76339,1.61317,-0.75172
6755.60000,-0.75624,1.60643,-0.76276
6755.65000,-0.74917,1.59961,-0.77358
6755.70000,-0.74220,1.59274,-0.78401
6755.75000,-0.73526,1.58575,-0.79452
6755.80000,-0.72844,1.57875,-0.80458
6755.85000,-0.72171,1.57169,-0.81462
6755.90000,-0.71505,1.56456,-0.82456
6755.95000,-0.70846,1.55737,-0.83440
6756.00000,-0.70194,1.55011,-0.84415
6756.05000,-0.69548,1.54278,-0.85382
6756.10000,-0.68910,1.53540,-0.86341
6756.15000,-0.68279,1.52795,-0.87293
6756.20000,-0.67655,1.52044,-0.88239
6756.25000,-0.67038,1.51287,-0.89178
6756.30000,-0.66428,1.50525,-0.90110
6756.35000,-0.65825,1.49756,-0.91036
6756.40000,-0.65229,1.48982,-0.91953
6756.45000,-0.64640,1.48202,-0.92861
6756.50000,-0.64058,1.47417,-0.93759
6756.55000,-0.63482,1.46627,-0.94646
6756.60000,-0.62914,1.45831,-0.95521
6756.65000,-0.62346,1.45020,-0.96327
6756.70000,-0.61782,1.44202,-0.97110
6756.75000,-0.61225,1.43379,-0.97872
6756.80000,-0.60673,1.42551,-0.98618
6756.85000,-0.60128,1.41721,-0.99355
6756.90000,-0.59590,1.40887,-1.00078
6756.95000,-0.59057,1.40049,-1.00785
6757.00000,-0.58529,1.39205,-1.01469
6757.05000,-0.58007,1.38357,-1.02120
6757.10000,-0.57491,1.37509,-1.02732
6757.15000,-0.56979,1.36657,-1.03302
6757.20000,-0.56478,1.35809,-1.03889
6757.25000,-0.55982,1.34957,-1.04456
6757.30000,-0.55490,1.34102,-1.05003
6757.35000,-0.55003,1.33243,-1.05529
6757.40000,-0.54519,1.32382,-1.06034
6757.45000,-0.54040,1.31518,-1.06515
6757.50000,-0.53564,1.30651,-1.06970
6757.55000,-0.53092,1.29781,-1.07395
6757.60000,-0.52623,1.28909,-1.07784
6757.65000,-0.52153,1.28032,-1.08104
6757.70000,-0.51687,1.27153,-1.08368
6757.75000,-0.51221,1.26271,-1.08523
6757.80000,-0.50754,1.25387,-1.08509
6757.85000,-0.50284,1.24498,-1.08027
6757.90000,-0.49871,1.23670,-1.07412
6757.95000,-0.49657,1.23253,-1.05482
6758.00000,-0.49512,1.23009,-1.01215
6758.05000,-0.49472,1.22947,-0.95641
6758.10000,-0.49469,1.22943,-0.89707
6758.15000,-0.49465,1.22938,-0.83767
6758.20000,-0.49460,1.22933,-0.77842
6758.25000,-0.49455,1.22928,-0.71934
6758.30000,-0.49449,1.22924,-0.66046
6758.35000,-0.49443,1.22919,-0.60181
6758.40000,-0.49436,1.22915,-0.54342
6758.45000,-0.49429,1.22911,-0.48531
6758.50000,-0.49421,1.22907,-0.42750
6758.55000,-0.49413,1.22903,-0.37001
6758.60000,-0.49405,1.22900,-0.31287
6758.65000,-0.49396,1.22898,-0.25609
6758.70000,-0.49386,1.22895,-0.19969
6758.75000,-0.49377,1.22894,-0.14369
6758.80000,-0.49367,1.22893,-0.08810
6758.85000,-0.49357,1.22892,-0.03294
6758.90000,-0.49347,1.22892,0.02179
6758.95000,-0.49337,1.22893,0.07606
6759.00000,-0.49326,1.22894,0.13003
6759.05000,-0.49316,1.22895,0.18396
6759.10000,-0.49305,1.22898,0.23783
6759.15000,-0.49295,1.22900,0.29159
6759.20000,-0.49284,1.22904,0.34521
6759.25000,-0.49274,1.22908,0.39868
6759.30000,-0.49263,1.22913,0.45205
6759.35000,-0.49253,1.22918,0.50527
6759.40000,-0.49243,1.22924,0.55832
6759.45000,-0.49233,1.22931,0.61117
6759.50000,-0.49223,1.22938,0.66382
6759.55000,-0.49214,1.22946,0.71623
6759.60000,-0.49204,1.22954,0.76839
6759.65000,-0.49196,1.22963,0.82028
6759.70000,-0.49187,1.22973,0.87190
6759.75000,-0.49179,1.22983,0.92322
6759.80000,-0.49172,1.22993,0.97424
6759.85000,-0.49165,1.23004,1.02497
6759.90000,-0.49158,1.23015,1.07540
6759.95000,-0.49152,1.23027,1.12549
6760.00000,-0.49147,1.23039,1.17524
6760.05000,-0.49142,1.23051,1.22465
6760.10000,-0.49138,1.23064,1.27366
6760.15000,-0.49135,1.23076,1.32215
6760.20000,-0.49132,1.23089,1.37002
6760.25000,-0.49129,1.23103,1.41724
6760.30000,-0.49128,1.23116,1.46375
6760.35000,-0.49126,1.23130,1.50957
6760.40000,-0.49126,1.23143,1.55470
6760.45000,-0.49126,1.23157,1.59916
6760.50000,-0.49127,1.23171,1.64296
6760.55000,-0.49128,1.23185,1.68611
6760.60000,-0.49130,1.23199,1.72863
6760.65000,-0.49132,1.23212,1.77054
6760.70000,-0.49200,1.23395,1.81203
6760.75000,-0.49369,1.23945,1.85272
6760.80000,-0.49639,1.24806,1.89241
6760.85000,-0.49974,1.25748,1.93282
6760.90000,-0.50347,1.26676,1.97379
6760.95000,-0.50767,1.27608,2.01644
6761.00000,-0.51188,1.28521,2.05858
6761.05000,-0.51239,1.28920,2.10315
6761.10000,-0.51247,1.28938,2.14977
6761.15000,-0.51253,1.28948,2.19803
6761.20000,-0.51260,1.28956,2.24634
6761.25000,-0.51267,1.28965,2.29452
6761.30000,-0.51275,1.28973,2.34262
6761.35000,-0.51283,1.28981,2.39047
6761.40000,-0.51291,1.28989,2.43777
6761.45000,-0.51300,1.28996,2.48426
6761.50000,-0.51309,1.29003,2.52990
6761.55000,-0.51498,1.29134,2.57404
6761.60000,-0.52149,1.29532,2.61186
6761.65000,-0.52959,1.29985,2.65204
6761.70000,-0.53846,1.30434,2.69461
6761.75000,-0.54757,1.30847,2.73715
6761.80000,-0.55684,1.31221,2.77954
6761.85000,-0.56626,1.31555,2.82172
6761.90000,-0.57582,1.31850,2.86366
6761.95000,-0.58549,1.32104,2.90533
6762.00000,-0.59526,1.32318,2.94662
6762.05000,-0.60510,1.32491,2.98738
6762.10000,-0.61501,1.32625,3.02719
6762.15000,-0.62496,1.32720,3.06598
6762.20000,-0.63495,1.32777,3.10387
6762.25000,-0.64494,1.32796,3.14085
6762.30000,-0.65494,1.32778,-3.10637
6762.35000,-0.66497,1.32725,-3.07141
6762.40000,-0.67493,1.32639,-3.03787
6762.45000,-0.68486,1.32520,-3.00632
6762.50000,-0.69475,1.32371,-2.97719
6762.55000,-0.70462,1.32208,-2.94833
6762.60000,-0.71024,1.32181,-2.91989
6762.65000,-0.71097,1.32165,-2.89663
6762.70000,-0.71159,1.32150,-2.87563
6762.75000,-0.71219,1.32134,-2.85571
6762.80000,-0.71276,1.32117,-2.83663
6762.85000,-0.71336,1.32098,-2.81834
6762.90000,-0.71396,1.32079,-2.80009
6762.95000,-0.71451,1.32061,-2.78256
6763.00000,-0.71500,1.32042,-2.76590
6763.05000,-0.71549,1.32022,-2.74966
6763.10000,-0.71597,1.32002,-2.73370
6763.15000,-0.71644,1.31981,-2.71805
6763.20000,-0.71690,1.31960,-2.70291
6763.25000,-0.71733,1.31941,-2.68851
6763.30000,-0.71773,1.31921,-2.67497
6763.35000,-0.71811,1.31902,-2.66240
6763.40000,-0.71847,1.31884,-2.65075
6763.45000,-0.71881,1.31866,-2.63985
6763.50000,-0.71914,1.31848,-2.62988
6763.55000,-0.71945,1.31830,-2.62077
6763.60000,-0.71973,1.31814,-2.61231
6763.65000,-0.72001,1.31798,-2.60436
6763.70000,-0.72028,1.31781,-2.59677
6763.75000,-0.72054,1.31765,-2.58962
6763.80000,-0.72080,1.31750,-2.58287
6763.85000,-0.72104,1.31734,-2.57636
6763.90000,-0.72127,1.31719,-2.57030
6763.95000,-0.72149,1.31705,-2.56495
6764.00000,-0.72170,1.31691,-2.56044
6764.05000,-0.72188,1.31680,-2.55653
6764.10000,-0.72205,1.31668,-2.55317
6764.15000,-0.72220,1.31658,-2.55055
6764.20000,-0.72235,1.31648,-2.54855
6764.25000,-0.72249,1.31639,-2.54741
6764.30000,-0.72260,1.31630,-2.54693
6764.35000,-0.72271,1.31624,-2.54731
6764.40000,-0.72281,1.31617,-2.54828
6764.45000,-0.72292,1.31610,-2.54931
6764.50000,-0.72301,1.31604,-2.55096
6764.55000,-0.72310,1.31599,-2.55337
6764.60000,-0.72318,1.31594,-2.55605
6764.65000,-0.72322,1.31591,-2.55922
6764.70000,-0.72327,1.31588,-2.56240
6764.75000,-0.72332,1.31585,-2.56599
6764.80000,-0.72335,1.31584,-2.57050
6764.85000,-0.72338,1.31582,-2.57534
6764.90000,-0.72342,1.31580,-2.58018
6764.95000,-0.72343,1.31579,-2.58591
6765.00000,-0.72344,1.31578,-2.59188
6765.05000,-0.72345,1.31577,-2.59807
6765.10000,-0.72345,1.31578,-2.60496
6765.15000,-0.72342,1.31579,-2.61278
6765.20000,-0.72337,1.31582,-2.62143
6765.25000,-0.72328,1.31587,-2.63072
6765.30000,-0.72320,1.31592,-2.64073
6765.35000,-0.72313,1.31595,-2.65119
6765.40000,-0.72303,1.31602,-2.66231
6765.45000,-0.72290,1.31608,-2.67394
6765.50000,-0.72278,1.31614,-2.68580
6765.55000,-0.72264,1.31620,-2.69776
6765.60000,-0.72251,1.31626,-2.70971
6765.65000,-0.72238,1.31632,-2.72153
6765.70000,-0.72226,1.31637,-2.73311
6765.75000,-0.72215,1.31641,-2.74434
6765.80000,-0.72205,1.31645,-2.75497
6765.85000,-0.72199,1.31649,-2.76505
6765.90000,-0.72193,1.31652,-2.77452
6765.95000,-0.72189,1.31655,-2.78333
6766.00000,-0.72190,1.31656,-2.79124
6766.05000,-0.72191,1.31657,-2.79841
6766.10000,-0.72194,1.31656,-2.80475
6766.15000,-0.72199,1.31654,-2.81023
6766.20000,-0.72207,1.31652,-2.81484
6766.25000,-0.72218,1.31648,-2.81896
6766.30000,-0.72229,1.31644,-2.82269
6766.35000,-0.72241,1.31641,-2.82637
6766.40000,-0.72253,1.31637,-2.83022
6766.45000,-0.72264,1.31634,-2.83417
6766.50000,-0.72275,1.31630,-2.83825
6766.55000,-0.72285,1.31629,-2.84244
6766.60000,-0.72296,1.31627,-2.84676
6766.65000,-0.72307,1.31625,-2.85105
6766.70000,-0.72317,1.31622,-2.85516
6766.75000,-0.72462,1.31499,-2.85815
6766.80000,-0.72861,1.31230,-2.86087
6766.85000,-0.73738,1.30959,-2.86466
6766.90000,-0.74690,1.30690,-2.86868
6766.95000,-0.75642,1.30427,-2.87361
6767.00000,-0.76595,1.30165,-2.87861
6767.05000,-0.77209,1.30095,-2.88157
6767.10000,-0.77267,1.30091,-2.88778
6767.15000,-0.77274,1.30090,-2.89560
6767.20000,-0.77280,1.30088,-2.90286
6767.25000,-0.77285,1.30087,-2.90975
6767.30000,-0.77294,1.30085,-2.91629
6767.35000,-0.77299,1.30085,-2.92309
6767.40000,-0.77466,1.30002,-2.92959
6767.45000,-0.78127,1.29803,-2.93569
6767.50000,-0.79085,1.29606,-2.94293
6767.55000,-0.80048,1.29412,-2.95014
6767.60000,-0.80823,1.29332,-2.95619
6767.65000,-0.80934,1.29333,-2.96577
6767.70000,-0.80923,1.29335,-2.97868
6767.75000,-0.80910,1.29337,-2.99145
6767.80000,-0.80899,1.29339,-3.00380
6767.85000,-0.80889,1.29340,-3.01567
6767.90000,-0.80881,1.29341,-3.02706
6767.95000,-0.80874,1.29342,-3.03801
6768.00000,-0.80869,1.29342,-3.04835
6768.05000,-0.81008,1.29306,-3.05797
6768.10000,-0.81522,1.29230,-3.06740
6768.15000,-0.82431,1.29163,-3.07680
6768.20000,-0.83406,1.29104,-3.08634
6768.25000,-0.84381,1.29049,-3.09571
6768.30000,-0.84950,1.29039,-3.10415
6768.35000,-0.84991,1.29039,-3.11665
6768.40000,-0.84971,1.29040,-3.13188
6768.45000,-0.84950,1.29040,3.13629
6768.50000,-0.84934,1.29040,3.12152
6768.55000,-0.84921,1.29040,3.10687
6768.60000,-0.84908,1.29040,3.09286
6768.65000,-0.84895,1.29041,3.07961
6768.70000,-0.85049,1.29069,3.06659
6768.75000,-0.85867,1.29144,3.05425
6768.80000,-0.86836,1.29234,3.04300
6768.85000,-0.87801,1.29337,3.03121
6768.90000,-0.88764,1.29450,3.01864
6768.95000,-0.89723,1.29575,3.00517
6769.00000,-0.90680,1.29706,2.99180
6769.05000,-0.91199,1.29728,2.97837
6769.10000,-0.91211,1.29728,2.96144
6769.15000,-0.91195,1.29726,2.94247
6769.20000,-0.91191,1.29727,2.92320
6769.25000,-0.91165,1.29721,2.90504
6769.30000,-0.91139,1.29714,2.88707
6769.35000,-0.91113,1.29707,2.86929
6769.40000,-0.91089,1.29700,2.85172
6769.45000,-0.91065,1.29693,2.83436
6769.50000,-0.91041,1.29685,2.81721
6769.55000,-0.91019,1.29677,2.80022
6769.60000,-0.91213,1.29795,2.78321
6769.65000,-0.91978,1.30115,2.76769
6769.70000,-0.92876,1.30477,2.75058
6769.75000,-0.93775,1.30845,2.73321
6769.80000,-0.94069,1.30888,2.71652
6769.85000,-0.94063,1.30884,2.69617
6769.90000,-0.94039,1.30873,2.67685
6769.95000,-0.94029,1.30869,2.65709
6770.00000,-0.94012,1.30860,2.63832
6770.05000,-0.94155,1.30989,2.61977
6770.10000,-0.94823,1.31427,2.60249
6770.15000,-0.95642,1.31926,2.58511
6770.20000,-0.96450,1.32438,2.56731
6770.25000,-0.97248,1.32965,2.54896
6770.30000,-0.98033,1.33504,2.52998
6770.35000,-0.98806,1.34058,2.51047
6770.40000,-0.99575,1.34619,2.49096
6770.45000,-0.99847,1.34727,2.47096
6770.50000,-0.99825,1.34709,2.45020
6770.55000,-0.99798,1.34686,2.42929
6770.60000,-0.99978,1.34850,2.40803
6770.65000,-1.00563,1.35391,2.38706
6770.70000,-1.01249,1.36049,2.36728
6770.75000,-1.01922,1.36720,2.34738
6770.80000,-1.02581,1.37404,2.32729
6770.85000,-1.03225,1.38101,2.30703
6770.90000,-1.03855,1.38810,2.28665
6770.95000,-1.04470,1.39532,2.26618
6771.00000,-1.05071,1.40267,2.24564
6771.05000,-1.05655,1.41013,2.22507
6771.10000,-1.06225,1.41771,2.20450
6771.15000,-1.06779,1.42542,2.18395
6771.20000,-1.07317,1.43323,2.16345
6771.25000,-1.07838,1.44115,2.14301
6771.30000,-1.08344,1.44918,2.12266
6771.35000,-1.08834,1.45731,2.10242
6771.40000,-1.09307,1.46555,2.08232
6771.45000,-1.09764,1.47388,2.06237
6771.50000,-1.10204,1.48230,2.04259
6771.55000,-1.10628,1.49082,2.02301
6771.60000,-1.11035,1.49942,2.00362
6771.65000,-1.11433,1.50824,1.98513
6771.70000,-1.11827,1.51742,1.96805
6771.75000,-1.12206,1.52668,1.95118
6771.80000,-1.12570,1.53599,1.93449
6771.85000,-1.12916,1.54533,1.91784
6771.90000,-1.13235,1.55441,1.90008
6771.95000,-1.13534,1.56349,1.88237
6772.00000,-1.13819,1.57263,1.86538
6772.05000,-1.14089,1.58184,1.84931
6772.10000,-1.14345,1.59111,1.83417
6772.15000,-1.14588,1.60044,1.82000
6772.20000,-1.14819,1.60983,1.80680
6772.25000,-1.15038,1.61927,1.79461
6772.30000,-1.15247,1.62876,1.78340
6772.35000,-1.15447,1.63830,1.77321
6772.40000,-1.15637,1.64787,1.76400
6772.45000,-1.15822,1.65753,1.75577
6772.50000,-1.16002,1.66729,1.74869
6772.55000,-1.16178,1.67717,1.74259
6772.60000,-1.16346,1.68697,1.73743
6772.65000,-1.16510,1.69684,1.73316
6772.70000,-1.16671,1.70672,1.72969
6772.75000,-1.16831,1.71649,1.72581
6772.80000,-1.16851,1.72134,1.72479
6772.85000,-1.16854,1.72157,1.72358
6772.90000,-1.16856,1.72170,1.72301
6772.95000,-1.16858,1.72184,1.72285
6773.00000,-1.16860,1.72197,1.72317
6773.05000,-1.16862,1.72210,1.72381
6773.10000,-1.16864,1.72222,1.72468
6773.15000,-1.16866,1.72233,1.72571
6773.20000,-1.16868,1.72244,1.72682
6773.25000,-1.16869,1.72255,1.72795
6773.30000,-1.16871,1.72266,1.72903
6773.35000,-1.16873,1.72277,1.72998
6773.40000,-1.16875,1.72288,1.73077
6773.45000,-1.16877,1.72300,1.73131
6773.50000,-1.16879,1.72312,1.73160
6773.55000,-1.16935,1.72437,1.73241
6773.60000,-1.17092,1.73054,1.73333
6773.65000,-1.17253,1.73790,1.73411
6773.70000,-1.17415,1.74669,1.73478
6773.75000,-1.17578,1.75655,1.73560
6773.80000,-1.17743,1.76641,1.73684
6773.85000,-1.17909,1.77627,1.73830
6773.90000,-1.17950,1.78188,1.74145
6773.95000,-1.17991,1.78460,1.74878
6774.00000,-1.18166,1.79237,1.75468
6774.05000,-1.18348,1.80224,1.75616
6774.10000,-1.18533,1.81210,1.75741
6774.15000,-1.18718,1.82195,1.75861
6774.20000,-1.18904,1.83181,1.75970
6774.25000,-1.19091,1.84166,1.76076
6774.30000,-1.19280,1.85150,1.76182
6774.35000,-1.19469,1.86134,1.76296
6774.40000,-1.19662,1.87119,1.76418
6774.45000,-1.19855,1.88103,1.76553
6774.50000,-1.20050,1.89088,1.76710
6774.55000,-1.20247,1.90073,1.76889
6774.60000,-1.20446,1.91059,1.77074
6774.65000,-1.20646,1.92043,1.77284
6774.70000,-1.20850,1.93030,1.77532
6774.75000,-1.21056,1.94018,1.77814
6774.80000,-1.21265,1.95005,1.78140
6774.85000,-1.21478,1.95992,1.78504
6774.90000,-1.21696,1.96984,1.78888
6774.95000,-1.21917,1.97974,1.79363
6775.00000,-1.22142,1.98967,1.79848
6775.05000,-1.22313,1.99904,1.80353
6775.10000,-1.22318,2.00302,1.81077
6775.15000,-1.22326,2.00345,1.81896
6775.20000,-1.22334,2.00379,1.82870
6775.25000,-1.22343,2.00415,1.83950
6775.30000,-1.22353,2.00454,1.85127
6775.35000,-1.22364,2.00495,1.86404
6775.40000,-1.22376,2.00537,1.87735
6775.45000,-1.22389,2.00579,1.89080
6775.50000,-1.22403,2.00621,1.90396
6775.55000,-1.22417,2.00660,1.91677
6775.60000,-1.22432,2.00699,1.92919
6775.65000,-1.22446,2.00736,1.94120
6775.70000,-1.22460,2.00772,1.95277
6775.75000,-1.22474,2.00807,1.96391
6775.80000,-1.22488,2.00840,1.97462
6775.85000,-1.22502,2.00872,1.98502
6775.90000,-1.22516,2.00904,1.99564
6775.95000,-1.22532,2.00938,2.00687
6776.00000,-1.22548,2.00973,2.01909
6776.05000,-1.22566,2.01011,2.03233
6776.10000,-1.22584,2.01051,2.04632
6776.15000,-1.22604,2.01090,2.06051
6776.20000,-1.22625,2.01128,2.07436
6776.25000,-1.22645,2.01165,2.08764
6776.30000,-1.22665,2.01199,2.10012
6776.35000,-1.22833,2.01415,2.11200
6776.40000,-1.23328,2.02203,2.12156
6776.45000,-1.23864,2.03070,2.12929
6776.50000,-1.24397,2.03921,2.13202
6776.55000,-1.24918,2.04752,2.12802
6776.60000,-1.25436,2.05585,2.12210
6776.65000,-1.25700,2.06083,2.11557
6776.70000,-1.25805,2.06273,2.09276
6776.75000,-1.25814,2.06289,2.05784
6776.80000,-1.25817,2.06293,2.02141
6776.85000,-1.25819,2.06298,1.98511
6776.90000,-1.25820,2.06302,1.94890
6776.95000,-1.25822,2.06307,1.91269
6777.00000,-1.25824,2.06311,1.87574
6777.05000,-1.25825,2.06316,1.83779
6777.10000,-1.25827,2.06322,1.79875
6777.15000,-1.25828,2.06328,1.75853
6777.20000,-1.25829,2.06335,1.71714
6777.25000,-1.25830,2.06343,1.67461
6777.30000,-1.25831,2.06352,1.63098
6777.35000,-1.25831,2.06363,1.58612
6777.40000,-1.25831,2.06375,1.54027
6777.45000,-1.25830,2.06390,1.49365
6777.50000,-1.25829,2.06407,1.44644
6777.55000,-1.25826,2.06426,1.39884
6777.60000,-1.25821,2.06448,1.35106
6777.65000,-1.25815,2.06472,1.30328
6777.70000,-1.25807,2.06499,1.25562
6777.75000,-1.25797,2.06529,1.20819
6777.80000,-1.25783,2.06562,1.16105
6777.85000,-1.25766,2.06599,1.11425
6777.90000,-1.25746,2.06638,1.06780
6777.95000,-1.25721,2.06680,1.02168
6778.00000,-1.25692,2.06726,0.97588
6778.05000,-1.25657,2.06774,0.93039
6778.10000,-1.25618,2.06825,0.88523
6778.15000,-1.25574,2.06876,0.84037
6778.20000,-1.25527,2.06926,0.79580
6778.25000,-1.25478,2.06974,0.75150
6778.30000,-1.25427,2.07020,0.70742
6778.35000,-1.25375,2.07063,0.66352
6778.40000,-1.25321,2.07103,0.61975
6778.45000,-1.25265,2.07141,0.57608
6778.50000,-1.25205,2.07178,0.53253
6778.55000,-1.25140,2.07214,0.48922
6778.60000,-1.25068,2.07250,0.44632
6778.65000,-1.24990,2.07286,0.40398
6778.70000,-1.24904,2.07320,0.36232
6778.75000,-1.24810,2.07354,0.32135
6778.80000,-1.24707,2.07386,0.28108
6778.85000,-1.24596,2.07416,0.24149
6778.90000,-1.24475,2.07443,0.20257
6778.95000,-1.24345,2.07467,0.16432
6779.00000,-1.24204,2.07488,0.12674
6779.05000,-1.24053,2.07504,0.08982
6779.10000,-1.23894,2.07515,0.05349
6779.15000,-1.23729,2.07521,0.01764
6779.20000,-1.23562,2.07521,-0.01781
6779.25000,-1.23159,2.07503,-0.05223
6779.30000,-1.22313,2.07445,-0.08459
6779.35000,-1.21344,2.07345,-0.11987
6779.40000,-1.20402,2.07212,-0.15697
6779.45000,-1.19479,2.07048,-0.19492
6779.50000,-1.18557,2.06845,-0.23299
6779.55000,-1.17648,2.06609,-0.27150
6779.60000,-1.16777,2.06381,-0.30946
6779.65000,-1.16464,2.06342,-0.34813
6779.70000,-1.16348,2.06297,-0.38559
6779.75000,-1.16054,2.06152,-0.42238
6779.80000,-1.15327,2.05808,-0.45641
6779.85000,-1.14449,2.05357,-0.49214
6779.90000,-1.13597,2.04915,-0.52791
6779.95000,-1.13317,2.04832,-0.56743
6780.00000,-1.13258,2.04791,-0.61104
6780.05000,-1.13150,2.04712,-0.65201
6780.10000,-1.13038,2.04623,-0.69153
6780.15000,-1.12925,2.04525,-0.73006
6780.20000,-1.12605,2.04225,-0.76618
6780.25000,-1.12038,2.03661,-0.80181
6780.30000,-1.11426,2.03003,-0.84080
6780.35000,-1.10837,2.02319,-0.87966
6780.40000,-1.10275,2.01612,-0.91815
6780.45000,-1.09740,2.00883,-0.95660
6780.50000,-1.09233,2.00134,-0.99492
6780.55000,-1.08755,1.99367,-1.03313
6780.60000,-1.08307,1.98581,-1.07126
6780.65000,-1.07889,1.97779,-1.10934
6780.70000,-1.07501,1.96961,-1.14737
6780.75000,-1.07146,1.96131,-1.18626
6780.80000,-1.06825,1.95290,-1.22603
6780.85000,-1.06538,1.94436,-1.26658
6780.90000,-1.06278,1.93545,-1.30664
6780.95000,-1.06061,1.92667,-1.34804
6781.00000,-1.05870,1.91737,-1.38753
6781.05000,-1.05721,1.90827,-1.42684
6781.10000,-1.05606,1.89919,-1.46506
6781.15000,-1.05527,1.89014,-1.50182
6781.20000,-1.05480,1.88102,-1.53644
6781.25000,-1.05463,1.87185,-1.56896
6781.30000,-1.05475,1.86261,-1.59922
6781.35000,-1.05515,1.85327,-1.62688
6781.40000,-1.05580,1.84394,-1.65247
6781.45000,-1.05653,1.83505,-1.67747
6781.50000,-1.05679,1.83175,-1.70113
6781.55000,-1.05713,1.82933,-1.71992
6781.60000,-1.05752,1.82693,-1.73807
6781.65000,-1.05801,1.82423,-1.75461
6781.70000,-1.05857,1.82143,-1.77021
6781.75000,-1.05920,1.81850,-1.78507
6781.80000,-1.05988,1.81546,-1.79900
6781.85000,-1.06063,1.81237,-1.81193
6781.90000,-1.06141,1.80928,-1.82414
6781.95000,-1.06224,1.80623,-1.83561
6782.00000,-1.06311,1.80314,-1.84620
6782.05000,-1.06405,1.79994,-1.85592
6782.10000,-1.06503,1.79666,-1.86425
6782.15000,-1.06610,1.79323,-1.87136
6782.20000,-1.06724,1.78961,-1.87712
6782.25000,-1.06847,1.78575,-1.88162
6782.30000,-1.06978,1.78171,-1.88527
6782.35000,-1.07118,1.77742,-1.88785
6782.40000,-1.07268,1.77289,-1.88961
6782.45000,-1.07426,1.76812,-1.89047
6782.50000,-1.07592,1.76310,-1.89052
6782.55000,-1.07765,1.75786,-1.88963
6782.60000,-1.07945,1.75239,-1.88779
6782.65000,-1.08131,1.74669,-1.88508
6782.70000,-1.08324,1.74071,-1.88176
6782.75000,-1.08525,1.73442,-1.87753
6782.80000,-1.08728,1.72794,-1.87251
6782.85000,-1.08936,1.72123,-1.86681
6782.90000,-1.09147,1.71424,-1.86053
6782.95000,-1.09360,1.70699,-1.85375
6783.00000,-1.09574,1.69954,-1.84655
6783.05000,-1.09787,1.69192,-1.83902
6783.10000,-1.09998,1.68412,-1.83119
6783.15000,-1.10207,1.67615,-1.82308
6783.20000,-1.10415,1.66792,-1.81528
6783.25000,-1.10621,1.65950,-1.80714
6783.30000,-1.10822,1.65099,-1.79819
6783.35000,-1.11014,1.64248,-1.78939
6783.40000,-1.11198,1.63400,-1.78038
6783.45000,-1.11373,1.62548,-1.77090
6783.50000,-1.11540,1.61700,-1.76150
6783.55000,-1.11696,1.60870,-1.75189
6783.60000,-1.11843,1.60046,-1.74212
6783.65000,-1.11980,1.59229,-1.73229
6783.70000,-1.12109,1.58415,-1.72247
6783.75000,-1.12229,1.57603,-1.71267
6783.80000,-1.12341,1.56790,-1.70293
6783.85000,-1.12445,1.55977,-1.69325
6783.90000,-1.12542,1.55152,-1.68407
6783.95000,-1.12634,1.54315,-1.67515
6784.00000,-1.12718,1.53479,-1.66536
6784.05000,-1.12794,1.52628,-1.65575
6784.10000,-1.12862,1.51775,-1.64624
6784.15000,-1.12922,1.50926,-1.63658
6784.20000,-1.12974,1.50080,-1.62686
6784.25000,-1.13017,1.49233,-1.61725
6784.30000,-1.13053,1.48386,-1.60801
6784.35000,-1.13081,1.47533,-1.59877
6784.40000,-1.13101,1.46680,-1.58971
6784.45000,-1.13114,1.45820,-1.58084
6784.50000,-1.13119,1.44961,-1.57220
6784.55000,-1.13116,1.44110,-1.56408
6784.60000,-1.13107,1.43266,-1.55593
6784.65000,-1.13092,1.42440,-1.54782
6784.70000,-1.13070,1.41632,-1.54010
6784.75000,-1.13043,1.40841,-1.53237
6784.80000,-1.13011,1.40073,-1.52500
6784.85000,-1.12974,1.39320,-1.51799
6784.90000,-1.12932,1.38579,-1.51085
6784.95000,-1.12886,1.37855,-1.50383
6785.00000,-1.12837,1.37148,-1.49706
6785.05000,-1.12784,1.36461,-1.49029
6785.10000,-1.12728,1.35796,-1.48384
6785.15000,-1.12670,1.35149,-1.47758
6785.20000,-1.12609,1.34518,-1.47151
6785.25000,-1.12518,1.33649,-1.46593
6785.30000,-1.12409,1.32642,-1.46035
6785.35000,-1.12295,1.31636,-1.45495
6785.40000,-1.12177,1.30637,-1.44993
6785.45000,-1.12053,1.29637,-1.44509
6785.50000,-1.11925,1.28637,-1.44026
6785.55000,-1.11792,1.27643,-1.43576
6785.60000,-1.11654,1.26650,-1.43128
6785.65000,-1.11513,1.25658,-1.42690
6785.70000,-1.11367,1.24667,-1.42262
6785.75000,-1.11217,1.23679,-1.41864
6785.80000,-1.11064,1.22693,-1.41482
6785.85000,-1.10907,1.21707,-1.41108
6785.90000,-1.10746,1.20721,-1.40747
6785.95000,-1.10582,1.19736,-1.40400
6786.00000,-1.10414,1.18752,-1.40067
6786.05000,-1.10243,1.17768,-1.39748
6786.10000,-1.10069,1.16783,-1.39425
6786.15000,-1.09892,1.15800,-1.39113
6786.20000,-1.09712,1.14816,-1.38815
6786.25000,-1.09529,1.13834,-1.38533
6786.30000,-1.09343,1.12849,-1.38257
6786.35000,-1.09154,1.11867,-1.38004
6786.40000,-1.08963,1.10885,-1.37767
6786.45000,-1.08770,1.09903,-1.37541
6786.50000,-1.08575,1.08921,-1.37329
6786.55000,-1.08376,1.07937,-1.37113
6786.60000,-1.08177,1.06955,-1.36911
6786.65000,-1.07975,1.05977,-1.36725
6786.70000,-1.07772,1.04996,-1.36539
6786.75000,-1.07567,1.04016,-1.36376
6786.80000,-1.07361,1.03035,-1.36216
6786.85000,-1.07153,1.02055,-1.36067
6786.90000,-1.06943,1.01076,-1.35925
6786.95000,-1.06732,1.00097,-1.35790
6787.00000,-1.06520,0.99118,-1.35659
6787.05000,-1.06307,0.98141,-1.35536
6787.10000,-1.06092,0.97163,-1.35419
6787.15000,-1.05876,0.96185,-1.35307
6787.20000,-1.05659,0.95207,-1.35194
6787.25000,-1.05441,0.94229,-1.35093
6787.30000,-1.05222,0.93250,-1.34982
6787.35000,-1.05002,0.92271,-1.34872
6787.40000,-1.04781,0.91293,-1.34762
6787.45000,-1.04558,0.90315,-1.34653
6787.50000,-1.04335,0.89337,-1.34542
6787.55000,-1.04110,0.88358,-1.34431
6787.60000,-1.03884,0.87380,-1.34318
6787.65000,-1.03657,0.86401,-1.34204
6787.70000,-1.03428,0.85421,-1.34087
6787.75000,-1.03198,0.84441,-1.33967
6787.80000,-1.02967,0.83460,-1.33845
6787.85000,-1.02734,0.82478,-1.33719
6787.90000,-1.02500,0.81494,-1.33589
6787.95000,-1.02264,0.80509,-1.33454
6788.00000,-1.02026,0.79523,-1.33314
6788.05000,-1.01786,0.78535,-1.33170
6788.10000,-1.01544,0.77545,-1.33019
6788.15000,-1.01303,0.76564,-1.32819
6788.20000,-1.01060,0.75590,-1.32568
6788.25000,-1.00815,0.74615,-1.32305
6788.30000,-1.00567,0.73639,-1.32022
6788.35000,-1.00316,0.72661,-1.31722
6788.40000,-1.00062,0.71691,-1.31417
6788.45000,-0.99806,0.70720,-1.31088
6788.50000,-0.99546,0.69748,-1.30717
6788.55000,-0.99283,0.68782,-1.30343
6788.60000,-0.99016,0.67815,-1.29920
6788.65000,-0.98745,0.66850,-1.29473
6788.70000,-0.98470,0.65887,-1.28993
6788.75000,-0.98190,0.64925,-1.28482
6788.80000,-0.97904,0.63964,-1.27919
6788.85000,-0.97613,0.63002,-1.27259
6788.90000,-0.97314,0.62041,-1.26541
6788.95000,-0.97008,0.61083,-1.25742
6789.00000,-0.96695,0.60132,-1.24870
6789.05000,-0.96375,0.59187,-1.23900
6789.10000,-0.96057,0.58258,-1.22879
6789.15000,-0.96005,0.57940,-1.21700
6789.20000,-0.95992,0.57901,-1.20046
6789.25000,-0.95986,0.57886,-1.18384
6789.30000,-0.95981,0.57873,-1.16681
6789.35000,-0.95975,0.57859,-1.14929
6789.40000,-0.95969,0.57846,-1.13112
6789.45000,-0.95962,0.57833,-1.11214
6789.50000,-0.95956,0.57821,-1.09220
6789.55000,-0.95950,0.57809,-1.07131
6789.60000,-0.95944,0.57798,-1.05006
6789.65000,-0.95937,0.57786,-1.02890
6789.70000,-0.95930,0.57775,-1.00781
6789.75000,-0.95923,0.57764,-0.98678
6789.80000,-0.95916,0.57753,-0.96582
6789.85000,-0.95908,0.57743,-0.94438
6789.90000,-0.95901,0.57733,-0.92126
6789.95000,-0.95894,0.57724,-0.89590
6790.00000,-0.95887,0.57716,-0.86791
6790.05000,-0.95880,0.57708,-0.83711
6790.10000,-0.95873,0.57700,-0.80335
6790.15000,-0.95866,0.57693,-0.76660
6790.20000,-0.95859,0.57686,-0.72692
6790.25000,-0.95851,0.57679,-0.68452
6790.30000,-0.95842,0.57673,-0.63969
6790.35000,-0.95833,0.57666,-0.59276
6790.40000,-0.95822,0.57660,-0.54403
6790.45000,-0.95811,0.57653,-0.49377
6790.50000,-0.95799,0.57647,-0.44232
6790.55000,-0.95786,0.57641,-0.38991
6790.60000,-0.95772,0.57636,-0.33677
6790.65000,-0.95757,0.57631,-0.28309
6790.70000,-0.95741,0.57627,-0.22904
6790.75000,-0.95724,0.57624,-0.17478
6790.80000,-0.95707,0.57621,-0.12090
6790.85000,-0.95690,0.57619,-0.06754
6790.90000,-0.95673,0.57619,-0.01473
6790.95000,-0.95656,0.57619,0.03752
6791.00000,-0.95638,0.57620,0.08921
6791.05000,-0.95621,0.57622,0.14033
6791.10000,-0.95604,0.57625,0.19085
6791.15000,-0.95587,0.57629,0.24078
6791.20000,-0.95570,0.57633,0.29011
6791.25000,-0.95554,0.57638,0.33881
6791.30000,-0.95538,0.57645,0.38689
6791.35000,-0.95522,0.57652,0.43434
6791.40000,-0.95506,0.57659,0.48113
6791.45000,-0.95491,0.57668,0.52728
6791.50000,-0.95476,0.57677,0.57277
6791.55000,-0.95462,0.57686,0.61759
6791.60000,-0.95448,0.57697,0.66176
6791.65000,-0.95435,0.57708,0.70524
6791.70000,-0.95422,0.57719,0.74805
6791.75000,-0.95409,0.57731,0.79020
6791.80000,-0.95397,0.57744,0.83168
6791.85000,-0.95386,0.57757,0.87247
6791.90000,-0.95375,0.57770,0.91257
6791.95000,-0.95365,0.57784,0.95197
6792.00000,-0.95355,0.57799,0.99067
6792.05000,-0.95346,0.57813,1.02867
6792.10000,-0.95210,0.58012,1.06538
6792.15000,-0.94846,0.58697,1.09828
6792.20000,-0.94420,0.59569,1.13319
6792.25000,-0.94011,0.60482,1.16810
6792.30000,-0.93635,0.61409,1.20179
6792.35000,-0.93288,0.62348,1.23419
6792.40000,-0.92973,0.63297,1.26514
6792.45000,-0.92686,0.64254,1.29455
6792.50000,-0.92427,0.65220,1.32229
6792.55000,-0.92194,0.66191,1.34800
6792.60000,-0.91985,0.67168,1.37190
6792.65000,-0.91799,0.68150,1.39342
6792.70000,-0.91622,0.69135,1.41483
6792.75000,-0.91599,0.69683,1.43348
6792.80000,-0.91593,0.69756,1.44848
6792.85000,-0.91589,0.69796,1.46011
6792.90000,-0.91586,0.69825,1.47051
6792.95000,-0.91583,0.69860,1.48050
6793.00000,-0.91580,0.69894,1.48982
6793.05000,-0.91577,0.69926,1.49840
6793.10000,-0.91575,0.69957,1.50623
6793.15000,-0.91573,0.69986,1.51340
6793.20000,-0.91572,0.70014,1.51991
6793.25000,-0.91571,0.70040,1.52579
6793.30000,-0.91569,0.70064,1.53103
6793.35000,-0.91569,0.70087,1.53568
6793.40000,-0.91568,0.70109,1.53974
6793.45000,-0.91567,0.70129,1.54326
6793.50000,-0.91567,0.70148,1.54623
6793.55000,-0.91566,0.70165,1.54867
6793.60000,-0.91566,0.70182,1.55060
6793.65000,-0.91566,0.70196,1.55203
6793.70000,-0.91566,0.70210,1.55300
6793.75000,-0.91565,0.70223,1.55351
6793.80000,-0.91565,0.70235,1.55358
6793.85000,-0.91565,0.70245,1.55323
6793.90000,-0.91565,0.70255,1.55248
6793.95000,-0.91565,0.70263,1.55133
6794.00000,-0.91564,0.70271,1.54981
6794.05000,-0.91564,0.70277,1.54792
6794.10000,-0.91564,0.70283,1.54570
6794.15000,-0.91564,0.70288,1.54314
6794.20000,-0.91564,0.70293,1.54026
6794.25000,-0.91564,0.70296,1.53709
6794.30000,-0.91564,0.70299,1.53362
6794.35000,-0.91564,0.70301,1.52987
6794.40000,-0.91563,0.70302,1.52586
6794.45000,-0.91563,0.70303,1.52160
6794.50000,-0.91563,0.70303,1.51710
6794.55000,-0.91563,0.70303,1.51237
6794.60000,-0.91564,0.70302,1.50743
6794.65000,-0.91564,0.70301,1.50228
6794.70000,-0.91564,0.70299,1.49694
6794.75000,-0.91564,0.70297,1.49141
6794.80000,-0.91564,0.70294,1.48572
6794.85000,-0.91564,0.70291,1.47985
6794.90000,-0.91565,0.70287,1.47384
6794.95000,-0.91565,0.70283,1.46768
6795.00000,-0.91565,0.70281,1.46208
6795.05000,-0.91564,0.70286,1.45880
6795.10000,-0.91563,0.70298,1.45843
6795.15000,-0.91561,0.70314,1.46034
6795.20000,-0.91509,0.70475,1.46145
6795.25000,-0.91402,0.71142,1.46335
6795.30000,-0.91297,0.72148,1.46951
6795.35000,-0.91197,0.73160,1.47615
6795.40000,-0.91105,0.74171,1.48268
6795.45000,-0.91019,0.75180,1.48894
6795.50000,-0.90939,0.76189,1.49458
6795.55000,-0.90865,0.77199,1.49984
6795.60000,-0.90795,0.78209,1.50475
6795.65000,-0.90731,0.79218,1.50946
6795.70000,-0.90671,0.80225,1.51388
6795.75000,-0.90616,0.81232,1.51800
6795.80000,-0.90564,0.82245,1.52225
6795.85000,-0.90516,0.83257,1.52648
6795.90000,-0.90473,0.84267,1.53064
6795.95000,-0.90434,0.85274,1.53475
6796.00000,-0.90399,0.86280,1.53877
6796.05000,-0.90369,0.87284,1.54244
6796.10000,-0.90342,0.88284,1.54600
6796.15000,-0.90319,0.89284,1.54913
6796.20000,-0.90299,0.90283,1.55182
6796.25000,-0.90281,0.91283,1.55405
6796.30000,-0.90265,0.92283,1.55589
6796.35000,-0.90251,0.93283,1.55737
6796.40000,-0.90238,0.94283,1.55841
6796.45000,-0.90226,0.95283,1.55881
6796.50000,-0.90214,0.96283,1.55826
6796.55000,-0.90201,0.97283,1.55767
6796.60000,-0.90194,0.98204,1.55701
6796.65000,-0.90194,0.98630,1.55632
6796.70000,-0.90193,0.98707,1.55179
6796.75000,-0.90193,0.98716,1.54328
6796.80000,-0.90193,0.98719,1.53408
6796.85000,-0.90193,0.98722,1.52464
6796.90000,-0.90192,0.98731,1.51467
6796.95000,-0.90191,0.98738,1.50483
6797.00000,-0.90190,0.98752,1.49444
6797.05000,-0.90189,0.98762,1.48408
6797.10000,-0.90188,0.98771,1.47376
6797.15000,-0.90186,0.98780,1.46367
6797.20000,-0.90186,0.98773,1.45432
6797.25000,-0.90186,0.98766,1.44513
6797.30000,-0.90186,0.98764,1.43651
6797.35000,-0.90184,0.98773,1.42882
6797.40000,-0.90121,0.98906,1.42024
6797.45000,-0.89972,0.99404,1.41208
6797.50000,-0.89813,1.00360,1.40637
6797.55000,-0.89647,1.01338,1.40041
6797.60000,-0.89480,1.02297,1.39485
6797.65000,-0.89451,1.02763,1.38693
6797.70000,-0.89450,1.02771,1.37666
6797.75000,-0.89451,1.02764,1.36606
6797.80000,-0.89449,1.02769,1.35708
6797.85000,-0.89358,1.02959,1.34716
6797.90000,-0.89140,1.03594,1.33789
6797.95000,-0.88909,1.04553,1.33167
6798.00000,-0.88670,1.05514,1.32485
6798.05000,-0.88427,1.06467,1.31651
6798.10000,-0.88183,1.07414,1.30816
6798.15000,-0.88135,1.07895,1.29871
6798.20000,-0.88136,1.07902,1.28576
6798.25000,-0.88143,1.07879,1.27120
6798.30000,-0.88145,1.07865,1.25792
6798.35000,-0.88147,1.07856,1.24674
6798.40000,-0.88031,1.08005,1.23500
6798.45000,-0.87725,1.08623,1.22558
6798.50000,-0.87391,1.09472,1.21886
6798.55000,-0.87046,1.10404,1.21376
6798.60000,-0.86696,1.11334,1.20822
6798.65000,-0.86341,1.12262,1.20190
6798.70000,-0.85978,1.13191,1.19474
6798.75000,-0.85612,1.14104,1.18608
6798.80000,-0.85239,1.15005,1.17616
6798.85000,-0.84859,1.15901,1.16554
6798.90000,-0.84468,1.16793,1.15481
6798.95000,-0.84069,1.17681,1.14434
6799.00000,-0.83659,1.18566,1.13421
6799.05000,-0.83241,1.19446,1.12412
6799.10000,-0.82814,1.20322,1.11361
6799.15000,-0.82379,1.21191,1.10252
6799.20000,-0.81934,1.22054,1.09061
6799.25000,-0.81475,1.22919,1.07807
6799.30000,-0.81015,1.23782,1.06649
6799.35000,-0.80675,1.24524,1.05408
6799.40000,-0.80666,1.24669,1.03897
6799.45000,-0.80662,1.24676,1.02280
6799.50000,-0.80657,1.24683,1.00740
6799.55000,-0.80653,1.24690,0.99296
6799.60000,-0.80648,1.24697,0.97952
6799.65000,-0.80531,1.24830,0.96590
6799.70000,-0.80031,1.25482,0.95302
6799.75000,-0.79459,1.26275,0.94177
6799.80000,-0.78878,1.27061,0.93042
6799.85000,-0.78288,1.27840,0.91890
6799.90000,-0.77689,1.28612,0.90706
6799.95000,-0.77083,1.29375,0.89448
6800.00000,-0.76465,1.30131,0.88048
6800.05000,-0.75847,1.30878,0.86594
6800.10000,-0.75709,1.31097,0.85075
6800.15000,-0.75717,1.31086,0.82956
6800.20000,-0.75719,1.31083,0.80761
6800.25000,-0.75733,1.31066,0.78550
6800.30000,-0.75754,1.31044,0.76341
6800.35000,-0.75736,1.31061,0.74175
6800.40000,-0.75729,1.31067,0.72077
6800.45000,-0.75725,1.31069,0.70049
6800.50000,-0.75712,1.31079,0.68087
6800.55000,-0.75697,1.31091,0.66148
6800.60000,-0.75710,1.31079,0.64254
6800.65000,-0.75533,1.31229,0.62322
6800.70000,-0.74807,1.31747,0.60808
6800.75000,-0.73998,1.32304,0.59590
6800.80000,-0.73187,1.32849,0.58516
6800.85000,-0.72373,1.33382,0.57410
6800.90000,-0.71566,1.33895,0.55759
6800.95000,-0.70890,1.34295,0.53901
6801.00000,-0.70617,1.34445,0.50268
6801.05000,-0.70448,1.34533,0.44906
6801.10000,-0.70422,1.34545,0.38772
6801.15000,-0.70420,1.34546,0.32597
6801.20000,-0.70417,1.34547,0.26530
6801.25000,-0.70414,1.34547,0.20570
6801.30000,-0.70410,1.34548,0.14693
6801.35000,-0.70406,1.34548,0.08848
6801.40000,-0.70403,1.34549,0.02957
6801.45000,-0.70399,1.34549,-0.02986
6801.50000,-0.70396,1.34548,-0.08979
6801.55000,-0.70393,1.34548,-0.15020
6801.60000,-0.70389,1.34547,-0.21098
6801.65000,-0.70386,1.34547,-0.27205
6801.70000,-0.70383,1.34546,-0.33330
6801.75000,-0.70381,1.34545,-0.39422
6801.80000,-0.70378,1.34544,-0.45411
6801.85000,-0.70375,1.34542,-0.51270
6801.90000,-0.70373,1.34541,-0.56974
6801.95000,-0.70370,1.34539,-0.62512
6802.00000,-0.70368,1.34537,-0.67889
6802.05000,-0.70365,1.34535,-0.73117
6802.10000,-0.70363,1.34532,-0.78278
6802.15000,-0.70360,1.34530,-0.83389
6802.20000,-0.70357,1.34527,-0.88429
6802.25000,-0.70355,1.34523,-0.93382
6802.30000,-0.70352,1.34519,-0.98233
6802.35000,-0.70349,1.34514,-1.02966
6802.40000,-0.70346,1.34509,-1.07606
6802.45000,-0.70342,1.34502,-1.12160
6802.50000,-0.70339,1.34495,-1.16624
6802.55000,-0.70336,1.34487,-1.20992
6802.60000,-0.70332,1.34477,-1.25260
6802.65000,-0.70329,1.34466,-1.29428
6802.70000,-0.70326,1.34453,-1.33495
6802.75000,-0.70265,1.34281,-1.37472
6802.80000,-0.70135,1.33584,-1.41204
6802.85000,-0.70014,1.32721,-1.45266
6802.90000,-0.69927,1.31829,-1.49373
6802.95000,-0.69876,1.30931,-1.53397
6803.00000,-0.69860,1.30029,-1.57336
6803.05000,-0.69880,1.29126,-1.61188
6803.10000,-0.69935,1.28222,-1.64955
6803.15000,-0.70023,1.27319,-1.68643
6803.20000,-0.70144,1.26418,-1.72273
6803.25000,-0.70298,1.25521,-1.75876
6803.30000,-0.70484,1.24630,-1.79488
6803.35000,-0.70702,1.23748,-1.83147
6803.40000,-0.70952,1.22878,-1.86916
6803.45000,-0.71233,1.22026,-1.90909
6803.50000,-0.71542,1.21205,-1.95314
6803.55000,-0.71830,1.20434,-1.99793
6803.60000,-0.71930,1.20177,-2.04856
6803.65000,-0.71987,1.20076,-2.11139
6803.70000,-0.71993,1.20066,-2.17949
6803.75000,-0.71994,1.20064,-2.24039
6803.80000,-0.71997,1.20063,-2.28956
6803.85000,-0.72165,1.19889,-2.33307
6803.90000,-0.72757,1.19295,-2.36663
6803.95000,-0.73469,1.18597,-2.39503
6804.00000,-0.73684,1.18391,-2.42150
6804.05000,-0.73646,1.18426,-2.44822
6804.10000,-0.73645,1.18427,-2.47216
6804.15000,-0.73646,1.18427,-2.49511
6804.20000,-0.73652,1.18423,-2.51700
6804.25000,-0.73653,1.18422,-2.53859
6804.30000,-0.73655,1.18422,-2.55940
6804.35000,-0.73660,1.18420,-2.57929
6804.40000,-0.73664,1.18417,-2.59809
6804.45000,-0.73670,1.18413,-2.61592
6804.50000,-0.73675,1.18411,-2.63237
6804.55000,-0.73678,1.18409,-2.64686
6804.60000,-0.73681,1.18408,-2.65945
6804.65000,-0.73689,1.18404,-2.66990
6804.70000,-0.73698,1.18399,-2.67861
6804.75000,-0.73709,1.18393,-2.68585
6804.80000,-0.73722,1.18387,-2.69181
6804.85000,-0.73738,1.18379,-2.69670
6804.90000,-0.73754,1.18372,-2.70053
6804.95000,-0.73773,1.18363,-2.70354
6805.00000,-0.73792,1.18354,-2.70581
6805.05000,-0.73811,1.18345,-2.70747
6805.10000,-0.73831,1.18336,-2.70857
6805.15000,-0.73850,1.18327,-2.70911
6805.20000,-0.73870,1.18318,-2.70910
6805.25000,-0.73890,1.18309,-2.70856
6805.30000,-0.73910,1.18300,-2.70745
6805.35000,-0.73930,1.18290,-2.70567
6805.40000,-0.73952,1.18280,-2.70312
6805.45000,-0.73976,1.18269,-2.69984
6805.50000,-0.74002,1.18256,-2.69579
6805.55000,-0.74030,1.18243,-2.69103
6805.60000,-0.74061,1.18228,-2.68559
6805.65000,-0.74094,1.18212,-2.67951
6805.70000,-0.74129,1.18194,-2.67286
6805.75000,-0.74165,1.18175,-2.66571
6805.80000,-0.74202,1.18156,-2.65815
6805.85000,-0.74239,1.18136,-2.65022
6805.90000,-0.74276,1.18117,-2.64192
6805.95000,-0.74313,1.18096,-2.63326
6806.00000,-0.74349,1.18076,-2.62427
6806.05000,-0.74386,1.18055,-2.61492
6806.10000,-0.74423,1.18033,-2.60521
6806.15000,-0.74460,1.18010,-2.59505
6806.20000,-0.74500,1.17986,-2.58442
6806.25000,-0.74540,1.17960,-2.57332
6806.30000,-0.74583,1.17933,-2.56176
6806.35000,-0.74628,1.17903,-2.54976
6806.40000,-0.74676,1.17870,-2.53734
6806.45000,-0.74726,1.17836,-2.52451
6806.50000,-0.74777,1.17799,-2.51135
6806.55000,-0.74829,1.17760,-2.49791
6806.60000,-0.74881,1.17721,-2.48428
6806.65000,-0.74932,1.17681,-2.47045
6806.70000,-0.74983,1.17640,-2.45644
6806.75000,-0.75033,1.17598,-2.44225
6806.80000,-0.75083,1.17556,-2.42790
6806.85000,-0.75132,1.17513,-2.41339
6806.90000,-0.75180,1.17469,-2.39869
6806.95000,-0.75229,1.17424,-2.38383
6807.00000,-0.75276,1.17378,-2.36878
6807.05000,-0.75324,1.17330,-2.35350
6807.10000,-0.75373,1.17281,-2.33795
6807.15000,-0.75422,1.17229,-2.32213
6807.20000,-0.75472,1.17175,-2.30603
6807.25000,-0.75523,1.17117,-2.28967
6807.30000,-0.75576,1.17056,-2.27308
6807.35000,-0.75629,1.16992,-2.25627
6807.40000,-0.75682,1.16926,-2.23930
6807.45000,-0.75735,1.16858,-2.22226
6807.50000,-0.75787,1.16789,-2.20520
6807.55000,-0.75837,1.16719,-2.18811
6807.60000,-0.75899,1.16629,-2.17024
6807.65000,-0.75966,1.16530,-2.15181
6807.70000,-0.76038,1.16419,-2.13285
6807.75000,-0.76107,1.16307,-2.11390
6807.80000,-0.76173,1.16195,-2.09492
6807.85000,-0.76238,1.16080,-2.07587
6807.90000,-0.76301,1.15964,-2.05673
6807.95000,-0.76362,1.15845,-2.03747
6808.00000,-0.76424,1.15724,-2.01818
6808.05000,-0.76484,1.15600,-1.99880
6808.10000,-0.76541,1.15472,-1.97937
6808.15000,-0.76597,1.15343,-1.95986
6808.20000,-0.76651,1.15212,-1.94034
6808.25000,-0.76702,1.15078,-1.92079
6808.30000,-0.76751,1.14943,-1.90126
6808.35000,-0.76796,1.14810,-1.88187
6808.40000,-0.76840,1.14675,-1.86259
6808.45000,-0.76881,1.14541,-1.84347
6808.50000,-0.76917,1.14407,-1.82446
6808.55000,-0.76950,1.14274,-1.80559
6808.60000,-0.76980,1.14144,-1.78696
6808.65000,-0.77008,1.14011,-1.76852
6808.70000,-0.77034,1.13877,-1.75012
6808.75000,-0.77057,1.13743,-1.73166
6808.80000,-0.77077,1.13613,-1.71320
6808.85000,-0.77095,1.13479,-1.69474
6808.90000,-0.77112,1.13347,-1.67617
6808.95000,-0.77126,1.13214,-1.65760
6809.00000,-0.77137,1.13083,-1.63907
6809.05000,-0.77145,1.12955,-1.62058
6809.10000,-0.77150,1.12828,-1.60219
6809.15000,-0.77152,1.12702,-1.58382
6809.20000,-0.77153,1.12573,-1.56559
6809.25000,-0.77152,1.12451,-1.54751
6809.30000,-0.77148,1.12330,-1.52961
6809.35000,-0.77124,1.12007,-1.51158
6809.40000,-0.77062,1.11123,-1.49418
6809.45000,-0.76976,1.10090,-1.47699
6809.50000,-0.76872,1.09067,-1.46002
6809.55000,-0.76753,1.08060,-1.44317
6809.60000,-0.76618,1.07065,-1.42661
6809.65000,-0.76466,1.06076,-1.41069
6809.70000,-0.76295,1.05064,-1.39324
6809.75000,-0.76110,1.04079,-1.37650
6809.80000,-0.75909,1.03101,-1.35953
6809.85000,-0.75691,1.02126,-1.34196
6809.90000,-0.75465,1.01153,-1.32436
6809.95000,-0.75422,1.00630,-1.30647
6810.00000,-0.75404,1.00559,-1.28407
6810.05000,-0.75396,1.00530,-1.26231
6810.10000,-0.75391,1.00515,-1.24134
6810.15000,-0.75386,1.00501,-1.22056
6810.20000,-0.75380,1.00486,-1.19999
6810.25000,-0.75375,1.00472,-1.17960
6810.30000,-0.75369,1.00458,-1.15931
6810.35000,-0.75363,1.00444,-1.13895
6810.40000,-0.75356,1.00431,-1.11824
6810.45000,-0.75350,1.00419,-1.09678
6810.50000,-0.75345,1.00408,-1.07439
6810.55000,-0.75339,1.00397,-1.05106
6810.60000,-0.75333,1.00388,-1.02678
6810.65000,-0.75327,1.00378,-1.00156
6810.70000,-0.75321,1.00370,-0.97544
6810.75000,-0.75316,1.00361,-0.94837
6810.80000,-0.75310,1.00353,-0.92037
6810.85000,-0.75304,1.00346,-0.89188
6810.90000,-0.75298,1.00338,-0.86344
6810.95000,-0.75291,1.00331,-0.83529
6811.00000,-0.75285,1.00324,-0.80741
6811.05000,-0.75281,1.00319,-0.77981
6811.10000,-0.75278,1.00316,-0.75236
6811.15000,-0.75288,1.00323,-0.72347
6811.20000,-0.75281,1.00314,-0.69452
6811.25000,-0.75278,1.00312,-0.66357
6811.30000,-0.75274,1.00309,-0.63068
6811.35000,-0.75269,1.00305,-0.59506
6811.40000,-0.75248,1.00287,-0.55596
6811.45000,-0.75242,1.00283,-0.51565
6811.50000,-0.75235,1.00280,-0.47343
6811.55000,-0.75228,1.00276,-0.42960
6811.60000,-0.75220,1.00273,-0.38428
6811.65000,-0.75212,1.00270,-0.33768
6811.70000,-0.75204,1.00267,-0.29024
6811.75000,-0.75195,1.00265,-0.24241
6811.80000,-0.75187,1.00263,-0.19459
6811.85000,-0.75178,1.00261,-0.14720
6811.90000,-0.75169,1.00260,-0.10030
6811.95000,-0.75160,1.00260,-0.05382
6812.00000,-0.75151,1.00259,-0.00771
6812.05000,-0.75142,1.00259,0.03806
6812.10000,-0.75133,1.00260,0.08354
6812.15000,-0.75123,1.00261,0.12890
6812.20000,-0.75114,1.00262,0.17452
6812.25000,-0.75105,1.00264,0.22064
6812.30000,-0.75095,1.00267,0.26740
6812.35000,-0.75085,1.00270,0.31490
6812.40000,-0.75074,1.00274,0.36304
6812.45000,-0.75063,1.00278,0.41158
6812.50000,-0.75052,1.00283,0.46032
6812.55000,-0.75041,1.00289,0.50911
6812.60000,-0.75030,1.00296,0.55784
6812.65000,-0.75018,1.00303,0.60631
6812.70000,-0.75007,1.00311,0.65436
6812.75000,-0.74996,1.00320,0.70188
6812.80000,-0.74986,1.00329,0.74878
6812.85000,-0.74976,1.00339,0.79495
6812.90000,-0.74966,1.00349,0.84038
6812.95000,-0.74957,1.00360,0.88508
6813.00000,-0.74948,1.00371,0.92905
6813.05000,-0.74940,1.00383,0.97228
6813.10000,-0.74933,1.00394,1.01480
6813.15000,-0.74925,1.00407,1.05659
6813.20000,-0.74919,1.00419,1.09771
6813.25000,-0.74799,1.00623,1.13724
6813.30000,-0.74474,1.01351,1.17077
6813.35000,-0.74122,1.02229,1.20835
6813.40000,-0.73786,1.03170,1.24755
6813.45000,-0.73487,1.04124,1.28612
6813.50000,-0.73224,1.05089,1.32399
6813.55000,-0.72998,1.06063,1.36112
6813.60000,-0.72808,1.07045,1.39748
6813.65000,-0.72653,1.08033,1.43296
6813.70000,-0.72533,1.09025,1.46744
6813.75000,-0.72446,1.10021,1.50078
6813.80000,-0.72392,1.11019,1.53283
6813.85000,-0.72370,1.12019,1.56339
6813.90000,-0.72377,1.13018,1.59233
6813.95000,-0.72412,1.14018,1.61945
6814.00000,-0.72474,1.15033,1.64538
6814.05000,-0.72549,1.16031,1.67045
6814.10000,-0.72564,1.16602,1.69523
6814.15000,-0.72570,1.16709,1.71689
6814.20000,-0.72579,1.16765,1.73561
6814.25000,-0.72587,1.16822,1.75436
6814.30000,-0.72597,1.16880,1.77370
6814.35000,-0.72609,1.16941,1.79381
6814.40000,-0.72623,1.17002,1.81459
6814.45000,-0.72639,1.17064,1.83581
6814.50000,-0.72656,1.17126,1.85707
6814.55000,-0.72674,1.17188,1.87825
6814.60000,-0.72694,1.17251,1.89925
6814.65000,-0.72715,1.17311,1.92006
6814.70000,-0.72736,1.17371,1.94056
6814.75000,-0.72759,1.17431,1.96068
6814.80000,-0.72781,1.17487,1.98035
6814.85000,-0.72804,1.17540,1.99962
6814.90000,-0.72829,1.17594,2.01841
6814.95000,-0.72853,1.17646,2.03670
6815.00000,-0.72879,1.17699,2.05439
6815.05000,-0.72906,1.17750,2.07147
6815.10000,-0.72931,1.17794,2.08777
6815.15000,-0.72956,1.17839,2.10405
6815.20000,-0.72980,1.17879,2.11915
6815.25000,-0.73002,1.17916,2.13354
6815.30000,-0.73025,1.17952,2.14702
6815.35000,-0.73037,1.17970,2.16097
6815.40000,-0.73060,1.18004,2.17303
6815.45000,-0.73069,1.18019,2.18498
6815.50000,-0.73075,1.18027,2.19718
6815.55000,-0.73081,1.18035,2.20939
6815.60000,-0.73094,1.18053,2.21960
6815.65000,-0.73110,1.18074,2.22867
6815.70000,-0.73123,1.18090,2.23787
6815.75000,-0.73135,1.18106,2.24705
6815.80000,-0.73147,1.18122,2.25623
6815.85000,-0.73159,1.18137,2.26540
6815.90000,-0.73171,1.18153,2.27457
6815.95000,-0.73183,1.18168,2.28373
6816.00000,-0.73194,1.18183,2.29289
6816.05000,-0.73206,1.18198,2.30204
6816.10000,-0.73217,1.18213,2.31118
6816.15000,-0.73228,1.18226,2.31596
6816.20000,-0.73239,1.18238,2.31707
6816.25000,-0.73248,1.18248,2.31738
6816.30000,-0.73258,1.18258,2.31740
6816.35000,-0.73268,1.18269,2.31684
6816.40000,-0.73278,1.18280,2.31574
6816.45000,-0.73288,1.18291,2.31410
6816.50000,-0.73298,1.18302,2.31193
6816.55000,-0.73308,1.18312,2.30925
6816.60000,-0.73318,1.18323,2.30606
6816.65000,-0.73327,1.18334,2.30237
6816.70000,-0.73337,1.18345,2.29820
6816.75000,-0.73347,1.18355,2.29355
6816.80000,-0.73356,1.18366,2.28825
6816.85000,-0.73365,1.18377,2.28191
6816.90000,-0.73374,1.18387,2.27430
6816.95000,-0.73382,1.18396,2.26538
6817.00000,-0.73379,1.18393,2.25583
6817.05000,-0.73371,1.18384,2.24488
6817.10000,-0.73365,1.18376,2.23242
6817.15000,-0.73351,1.18357,2.21895
6817.20000,-0.73338,1.18339,2.20382
6817.25000,-0.73322,1.18316,2.18725
6817.30000,-0.73305,1.18292,2.16900
6817.35000,-0.73287,1.18264,2.14897
6817.40000,-0.73266,1.18231,2.12685
6817.45000,-0.73241,1.18189,2.10318
6817.50000,-0.73215,1.18144,2.07758
6817.55000,-0.73187,1.18091,2.04974
6817.60000,-0.73158,1.18035,2.01964
6817.65000,-0.73129,1.17973,1.98722
6817.70000,-0.73099,1.17903,1.95282
6817.75000,-0.73074,1.17842,1.91692
6817.80000,-0.73075,1.17842,1.88178
6817.85000,-0.73078,1.17852,1.84516
6817.90000,-0.73081,1.17863,1.80663
6817.95000,-0.73084,1.17875,1.76624
6818.00000,-0.73086,1.17887,1.72407
6818.05000,-0.73087,1.17900,1.68036
6818.10000,-0.73089,1.17913,1.63541
6818.15000,-0.73089,1.17928,1.58929
6818.20000,-0.73089,1.17943,1.54212
6818.25000,-0.73088,1.17958,1.49398
6818.30000,-0.73087,1.17975,1.44497
6818.35000,-0.73084,1.17992,1.39517
6818.40000,-0.73080,1.18010,1.34483
6818.45000,-0.73076,1.18029,1.29427
6818.50000,-0.73070,1.18047,1.24387
6818.55000,-0.73063,1.18065,1.19370
6818.60000,-0.73055,1.18083,1.14353
6818.65000,-0.73047,1.18101,1.09311
6818.70000,-0.73037,1.18120,1.04243
6818.75000,-0.73025,1.18138,0.99152
6818.80000,-0.73013,1.18156,0.94042
6818.85000,-0.72998,1.18175,0.88917
6818.90000,-0.72983,1.18193,0.83779
6818.95000,-0.72965,1.18211,0.78632
6819.00000,-0.72947,1.18229,0.73489
6819.05000,-0.72927,1.18246,0.68372
6819.10000,-0.72906,1.18262,0.63301
6819.15000,-0.72884,1.18278,0.58279
6819.20000,-0.72862,1.18291,0.53307
6819.25000,-0.72839,1.18304,0.48377
6819.30000,-0.72815,1.18316,0.43478
6819.35000,-0.72790,1.18327,0.38604
6819.40000,-0.72765,1.18336,0.33753
6819.45000,-0.72739,1.18345,0.28927
6819.50000,-0.72712,1.18352,0.24127
6819.55000,-0.72685,1.18358,0.19353
6819.60000,-0.72657,1.18363,0.14605
6819.65000,-0.72628,1.18367,0.09885
6819.70000,-0.72598,1.18369,0.05196
6819.75000,-0.72569,1.18370,0.00553
6819.80000,-0.72539,1.18369,-0.04031
6819.85000,-0.72509,1.18367,-0.08550
6819.90000,-0.72480,1.18364,-0.13005
6819.95000,-0.72450,1.18360,-0.17394
6820.00000,-0.72422,1.18354,-0.21717
6820.05000,-0.72393,1.18347,-0.25981
6820.10000,-0.72366,1.18339,-0.30194
6820.15000,-0.72339,1.18330,-0.34358
6820.20000,-0.72313,1.18320,-0.38472
6820.25000,-0.72288,1.18309,-0.42539
6820.30000,-0.72263,1.18298,-0.46560
6820.35000,-0.72239,1.18285,-0.50534
6820.40000,-0.72216,1.18271,-0.54464
6820.45000,-0.72193,1.18257,-0.58347
6820.50000,-0.72171,1.18242,-0.62181
6820.55000,-0.72150,1.18226,-0.65954
6820.60000,-0.71954,1.18055,-0.69613
6820.65000,-0.71374,1.17553,-0.73009
6820.70000,-0.70725,1.16950,-0.76868
6820.75000,-0.70086,1.16309,-0.80670
6820.80000,-0.69470,1.15641,-0.84305
6820.85000,-0.68874,1.14949,-0.87750
6820.90000,-0.68298,1.14233,-0.90977
6820.95000,-0.67740,1.13494,-0.93913
6821.00000,-0.67199,1.12733,-0.96514
6821.05000,-0.66665,1.11963,-0.99081
6821.10000,-0.66512,1.11714,-1.00996
6821.15000,-0.66514,1.11719,-1.01387
6821.20000,-0.66508,1.11709,-1.01102
6821.25000,-0.66498,1.11692,-1.00671
6821.30000,-0.66487,1.11675,-1.00234
6821.35000,-0.66476,1.11657,-0.99796
6821.40000,-0.66465,1.11640,-0.99337
6821.45000,-0.66453,1.11621,-0.98524
6821.50000,-0.66438,1.11598,-0.97583
6821.55000,-0.66419,1.11571,-0.96421
6821.60000,-0.66396,1.11538,-0.94987
6821.65000,-0.66368,1.11499,-0.93243
6821.70000,-0.66336,1.11455,-0.91145
6821.75000,-0.66297,1.11405,-0.88724
6821.80000,-0.66252,1.11350,-0.86031
6821.85000,-0.66202,1.11293,-0.83149
6821.90000,-0.66147,1.11232,-0.80083
6821.95000,-0.66088,1.11171,-0.76859
6822.00000,-0.66026,1.11113,-0.73519
6822.05000,-0.65958,1.11053,-0.70136
6822.10000,-0.65889,1.10997,-0.66691
6822.15000,-0.65819,1.10943,-0.63193
6822.20000,-0.65745,1.10890,-0.59634
6822.25000,-0.65667,1.10839,-0.55973
6822.30000,-0.65584,1.10788,-0.52212
6822.35000,-0.65495,1.10738,-0.48341
6822.40000,-0.65404,1.10691,-0.44377
6822.45000,-0.65367,1.10674,-0.40558
6822.50000,-0.65360,1.10671,-0.36802
6822.55000,-0.65353,1.10668,-0.32990
6822.60000,-0.65346,1.10666,-0.29136
6822.65000,-0.65338,1.10664,-0.25264
6822.70000,-0.65330,1.10662,-0.21388
6822.75000,-0.65322,1.10660,-0.17511
6822.80000,-0.65314,1.10659,-0.13634
6822.85000,-0.65306,1.10658,-0.09760
6822.90000,-0.65297,1.10657,-0.05892
6822.95000,-0.65289,1.10657,-0.02024
6823.00000,-0.65280,1.10657,0.01854
6823.05000,-0.65272,1.10657,0.05743
6823.10000,-0.65262,1.10658,0.09647
6823.15000,-0.65253,1.10659,0.13566
6823.20000,-0.65243,1.10661,0.17498
6823.25000,-0.65233,1.10663,0.21437
6823.30000,-0.65223,1.10665,0.25376
6823.35000,-0.65213,1.10668,0.29311
6823.40000,-0.65203,1.10671,0.33231
6823.45000,-0.65192,1.10675,0.37127
6823.50000,-0.65182,1.10679,0.40998
6823.55000,-0.65172,1.10684,0.44842
6823.60000,-0.65163,1.10689,0.48658
6823.65000,-0.65153,1.10694,0.52444
6823.70000,-0.65144,1.10700,0.56198
6823.75000,-0.65134,1.10706,0.59921
6823.80000,-0.65125,1.10712,0.63619
6823.85000,-0.65116,1.10719,0.67292
6823.90000,-0.65107,1.10726,0.70942
6823.95000,-0.65099,1.10734,0.74570
6824.00000,-0.65090,1.10743,0.78175
6824.05000,-0.65081,1.10752,0.81755
6824.10000,-0.65072,1.10761,0.85305
6824.15000,-0.65064,1.10771,0.88822
6824.20000,-0.65056,1.10781,0.92303
6824.25000,-0.65048,1.10792,0.95744
6824.30000,-0.65041,1.10803,0.99144
6824.35000,-0.65034,1.10814,1.02502
6824.40000,-0.65027,1.10825,1.05816
6824.45000,-0.65021,1.10837,1.09087
6824.50000,-0.65015,1.10849,1.12313
6824.55000,-0.65010,1.10861,1.15495
6824.60000,-0.65005,1.10873,1.18634
6824.65000,-0.65000,1.10885,1.21734
6824.70000,-0.64995,1.10898,1.24794
6824.75000,-0.64991,1.10911,1.27816
6824.80000,-0.64987,1.10925,1.30797
6824.85000,-0.64983,1.10939,1.33737
6824.90000,-0.64980,1.10954,1.36634
6824.95000,-0.64977,1.10968,1.39484
6825.00000,-0.64920,1.11190,1.42239
6825.05000,-0.64798,1.12039,1.44785
6825.10000,-0.64683,1.13098,1.47759
6825.15000,-0.64602,1.14148,1.50661
6825.20000,-0.64551,1.15145,1.53261
6825.25000,-0.64526,1.16152,1.55899
6825.30000,-0.64528,1.17218,1.58701
6825.35000,-0.64560,1.18286,1.61446
6825.40000,-0.64618,1.19325,1.64066
6825.45000,-0.64699,1.20319,1.66563
6825.50000,-0.64806,1.21317,1.69008
6825.55000,-0.64931,1.22270,1.71504
6825.60000,-0.65077,1.23197,1.73986
6825.65000,-0.65247,1.24121,1.76420
6825.70000,-0.65439,1.25041,1.78813
6825.75000,-0.65652,1.25957,1.81186
6825.80000,-0.65888,1.26867,1.83574
6825.85000,-0.66163,1.27837,1.85890
6825.90000,-0.66475,1.28843,1.88638
6825.95000,-0.66739,1.29746,1.91534
6826.00000,-0.66851,1.30106,1.95683
6826.05000,-0.66939,1.30308,2.01524
6826.10000,-0.67009,1.30444,2.08513
6826.15000,-0.67062,1.30530,2.16294
6826.20000,-0.67072,1.30544,2.24422
6826.25000,-0.67074,1.30546,2.32570
6826.30000,-0.67076,1.30549,2.40633
6826.35000,-0.67079,1.30551,2.48600
6826.40000,-0.67082,1.30553,2.56465
6826.45000,-0.67084,1.30555,2.64237
6826.50000,-0.67087,1.30556,2.71898
6826.55000,-0.67090,1.30557,2.79416
6826.60000,-0.67093,1.30558,2.86805
6826.65000,-0.67096,1.30559,2.94032
6826.70000,-0.67099,1.30559,3.01037
6826.75000,-0.67101,1.30560,3.07754
6826.80000,-0.67104,1.30560,3.14151
6826.85000,-0.67106,1.30560,-3.08079
6826.90000,-0.67108,1.30559,-3.02301
6826.95000,-0.67110,1.30559,-2.96766
6827.00000,-0.67112,1.30559,-2.91363
6827.05000,-0.67114,1.30558,-2.86064
6827.10000,-0.67116,1.30557,-2.80881
6827.15000,-0.67118,1.30557,-2.75852
6827.20000,-0.67303,1.30455,-2.70954
6827.25000,-0.67853,1.30172,-2.66361
6827.30000,-0.68618,1.29754,-2.61990
6827.35000,-0.69391,1.29295,-2.58237
6827.40000,-0.70166,1.28811,-2.54770
6827.45000,-0.70534,1.28590,-2.51996
6827.50000,-0.70557,1.28578,-2.51036
6827.55000,-0.70568,1.28570,-2.50536
6827.60000,-0.70575,1.28565,-2.50123
6827.65000,-0.70582,1.28560,-2.49803
6827.70000,-0.70588,1.28556,-2.49576
6827.75000,-0.70591,1.28553,-2.49424
6827.80000,-0.70594,1.28550,-2.49371
6827.85000,-0.70597,1.28548,-2.49394
6827.90000,-0.70599,1.28547,-2.49521
6827.95000,-0.70600,1.28546,-2.49755
6828.00000,-0.70598,1.28547,-2.50098
6828.05000,-0.70598,1.28548,-2.50584
6828.10000,-0.70593,1.28552,-2.51150
6828.15000,-0.70589,1.28554,-2.51811
6828.20000,-0.70589,1.28554,-2.52584
6828.25000,-0.70593,1.28551,-2.53424
6828.30000,-0.70597,1.28548,-2.54289
6828.35000,-0.70600,1.28546,-2.55149
6828.40000,-0.70604,1.28544,-2.56006
6828.45000,-0.70608,1.28541,-2.56871
6828.50000,-0.70612,1.28539,-2.57748
6828.55000,-0.70615,1.28536,-2.58638
6828.60000,-0.70619,1.28534,-2.59544
6828.65000,-0.70623,1.28531,-2.60466
6828.70000,-0.70627,1.28529,-2.61407
6828.75000,-0.70632,1.28527,-2.62368
6828.80000,-0.70636,1.28524,-2.63335
6828.85000,-0.70640,1.28522,-2.64298
6828.90000,-0.70644,1.28520,-2.65259
6828.95000,-0.70649,1.28517,-2.66222
6829.00000,-0.70653,1.28515,-2.67186
6829.05000,-0.70657,1.28513,-2.68156
6829.10000,-0.70662,1.28511,-2.69132
6829.15000,-0.70667,1.28508,-2.70117
6829.20000,-0.70671,1.28506,-2.71112
6829.25000,-0.70676,1.28504,-2.72123
6829.30000,-0.70681,1.28502,-2.73166
6829.35000,-0.70686,1.28500,-2.74249
6829.40000,-0.70680,1.28502,-2.75293
6829.45000,-0.70665,1.28509,-2.76339
6829.50000,-0.70651,1.28514,-2.77370
6829.55000,-0.70636,1.28520,-2.78401
6829.60000,-0.70624,1.28524,-2.79286
6829.65000,-0.70613,1.28529,-2.80000
6829.70000,-0.70606,1.28531,-2.80533
6829.75000,-0.70604,1.28532,-2.80910
6829.80000,-0.70603,1.28532,-2.81162
6829.85000,-0.70606,1.28530,-2.81261
6829.90000,-0.70611,1.28529,-2.81217
6829.95000,-0.70621,1.28526,-2.80959
6830.00000,-0.70722,1.28444,-2.80633
6830.05000,-0.71192,1.28130,-2.80193
6830.10000,-0.72058,1.27797,-2.79938
6830.15000,-0.73003,1.27460,-2.79713
6830.20000,-0.73842,1.27216,-2.79423
6830.25000,-0.74292,1.27181,-2.79222
6830.30000,-0.74403,1.27185,-2.79819
6830.35000,-0.74384,1.27191,-2.80949
6830.40000,-0.74366,1.27198,-2.82004
6830.45000,-0.74350,1.27203,-2.82946
6830.50000,-0.74335,1.27208,-2.83810
6830.55000,-0.74324,1.27212,-2.84563
6830.60000,-0.74315,1.27214,-2.85216
6830.65000,-0.74307,1.27216,-2.85861
6830.70000,-0.74302,1.27217,-2.86324
6830.75000,-0.74302,1.27217,-2.86564
6830.80000,-0.74438,1.27105,-2.86714
6830.85000,-0.74938,1.26843,-2.86895
6830.90000,-0.75625,1.26576,-2.87128
6830.95000,-0.75950,1.26511,-2.87223
6831.00000,-0.75945,1.26518,-2.87992
6831.05000,-0.75927,1.26522,-2.88988
6831.10000,-0.75909,1.26528,-2.89983
6831.15000,-0.75895,1.26533,-2.90953
6831.20000,-0.75877,1.26537,-2.91913
6831.25000,-0.75860,1.26541,-2.92836
6831.30000,-0.75846,1.26544,-2.93700
6831.35000,-0.75832,1.26547,-2.94500
6831.40000,-0.75821,1.26550,-2.95226
6831.45000,-0.75811,1.26554,-2.95866
6831.50000,-0.75927,1.26493,-2.96411
6831.55000,-0.76551,1.26326,-2.96926
6831.60000,-0.77514,1.26159,-2.97488
6831.65000,-0.78469,1.26002,-2.98027
6831.70000,-0.79281,1.25913,-2.98527
6831.75000,-0.79407,1.25917,-2.99395
6831.80000,-0.79380,1.25921,-3.00835
6831.85000,-0.79350,1.25925,-3.02315
6831.90000,-0.79320,1.25928,-3.03804
6831.95000,-0.79289,1.25931,-3.05313
6832.00000,-0.79257,1.25934,-3.06856
6832.05000,-0.79225,1.25936,-3.08421
6832.10000,-0.79192,1.25937,-3.09995
6832.15000,-0.79160,1.25939,-3.11561
6832.20000,-0.79128,1.25939,-3.13104
6832.25000,-0.79097,1.25939,3.13699
6832.30000,-0.79066,1.25939,3.12207
6832.35000,-0.79036,1.25938,3.10736
6832.40000,-0.79007,1.25937,3.09285
6832.45000,-0.78978,1.25935,3.07853
6832.50000,-0.78949,1.25933,3.06439
6832.55000,-0.78921,1.25931,3.05041
6832.60000,-0.78893,1.25928,3.03661
6832.65000,-0.78866,1.25925,3.02298
6832.70000,-0.78839,1.25922,3.00967
6832.75000,-0.78813,1.25918,2.99663
6832.80000,-0.78998,1.25978,2.98356
6832.85000,-0.79837,1.26128,2.97140
6832.90000,-0.80792,1.26299,2.95959
6832.95000,-0.81744,1.26480,2.94737
6833.00000,-0.82692,1.26673,2.93440
6833.05000,-0.83640,1.26872,2.92139
6833.10000,-0.84157,1.26903,2.90748
6833.15000,-0.84158,1.26898,2.88867
6833.20000,-0.84101,1.26883,2.86284
6833.25000,-0.84036,1.26864,2.83405
6833.30000,-0.83967,1.26843,2.80368
6833.35000,-0.83896,1.26818,2.77195
6833.40000,-0.83824,1.26788,2.73939
6833.45000,-0.83751,1.26755,2.70590
6833.50000,-0.83676,1.26719,2.67091
6833.55000,-0.83607,1.26683,2.63467
6833.60000,-0.83546,1.26649,2.59746
6833.65000,-0.83515,1.26630,2.56126
6833.70000,-0.83497,1.26618,2.52597
6833.75000,-0.83500,1.26621,2.49204
6833.80000,-0.83504,1.26624,2.45803
6833.85000,-0.83508,1.26627,2.42284
6833.90000,-0.83511,1.26630,2.38571
6833.95000,-0.83514,1.26633,2.34596
6834.00000,-0.83517,1.26636,2.30307
6834.05000,-0.83520,1.26639,2.25665
6834.10000,-0.83523,1.26643,2.20675
6834.15000,-0.83525,1.26646,2.15385
6834.20000,-0.83527,1.26650,2.09862
6834.25000,-0.83530,1.26654,2.04243
6834.30000,-0.83532,1.26659,1.98707
6834.35000,-0.83534,1.26664,1.93315
6834.40000,-0.83536,1.26669,1.88083
6834.45000,-0.83537,1.26674,1.82993
6834.50000,-0.83539,1.26680,1.78026
6834.55000,-0.83540,1.26686,1.73156
6834.60000,-0.83541,1.26693,1.68276
6834.65000,-0.83541,1.26700,1.63265
6834.70000,-0.83541,1.26707,1.58057
6834.75000,-0.83541,1.26715,1.52623
6834.80000,-0.83541,1.26724,1.46980
6834.85000,-0.83539,1.26735,1.41160
6834.90000,-0.83537,1.26746,1.35195
6834.95000,-0.83534,1.26758,1.29117
6835.00000,-0.83530,1.26772,1.22965
6835.05000,-0.83524,1.26786,1.16775
6835.10000,-0.83517,1.26801,1.10592
6835.15000,-0.83509,1.26816,1.04453
6835.20000,-0.83500,1.26831,0.98384
6835.25000,-0.83490,1.26844,0.92384
6835.30000,-0.83480,1.26858,0.86453
6835.35000,-0.83468,1.26870,0.80593
6835.40000,-0.83456,1.26882,0.74782
6835.45000,-0.83443,1.26894,0.68990
6835.50000,-0.83428,1.26906,0.63198
6835.55000,-0.83411,1.26917,0.57399
6835.60000,-0.83391,1.26929,0.51599
6835.65000,-0.83369,1.26941,0.45809
6835.70000,-0.83344,1.26952,0.40041
6835.75000,-0.83316,1.26963,0.34299
6835.80000,-0.83285,1.26973,0.28592
6835.85000,-0.83250,1.26982,0.22927
6835.90000,-0.83213,1.26990,0.17322
6835.95000,-0.83174,1.26995,0.11790
6836.00000,-0.83134,1.26999,0.06341
6836.05000,-0.83093,1.27001,0.00981
6836.10000,-0.83053,1.27000,-0.04289
6836.15000,-0.83013,1.26997,-0.09469
6836.20000,-0.82973,1.26992,-0.14556
6836.25000,-0.82933,1.26985,-0.19556
6836.30000,-0.82893,1.26976,-0.24484
6836.35000,-0.82875,1.26972,-0.29438
6836.40000,-0.82831,1.26957,-0.34239
6836.45000,-0.82604,1.26859,-0.38924
6836.50000,-0.82000,1.26593,-0.43339
6836.55000,-0.81183,1.26193,-0.47634
6836.60000,-0.80336,1.25730,-0.52204
6836.65000,-0.79523,1.25236,-0.56833
6836.70000,-0.78692,1.24680,-0.61180
6836.75000,-0.77886,1.24089,-0.65415
6836.80000,-0.77105,1.23464,-0.69533
6836.85000,-0.76350,1.22808,-0.73526
6836.90000,-0.75622,1.22124,-0.77389
6836.95000,-0.74927,1.21417,-0.81144
6837.00000,-0.74252,1.20680,-0.84738
6837.05000,-0.73603,1.19919,-0.88211
6837.10000,-0.72981,1.19137,-0.91567
6837.15000,-0.72384,1.18334,-0.94803
6837.20000,-0.71814,1.17513,-0.97918
6837.25000,-0.71269,1.16675,-1.00909
6837.30000,-0.70735,1.15828,-1.03896
6837.35000,-0.70644,1.15512,-1.06601
6837.40000,-0.70634,1.15494,-1.09201
6837.45000,-0.70625,1.15476,-1.11736
6837.50000,-0.70617,1.15458,-1.14226
6837.55000,-0.70608,1.15439,-1.16648
6837.60000,-0.70600,1.15419,-1.18987
6837.65000,-0.70593,1.15400,-1.21243
6837.70000,-0.70585,1.15380,-1.23418
6837.75000,-0.70579,1.15360,-1.25511
6837.80000,-0.70572,1.15340,-1.27530
6837.85000,-0.70567,1.15320,-1.29483
6837.90000,-0.70561,1.15300,-1.31387
6837.95000,-0.70555,1.15278,-1.33262
6838.00000,-0.70550,1.15255,-1.35116
6838.05000,-0.70545,1.15230,-1.36951
6838.10000,-0.70539,1.15204,-1.38766
6838.15000,-0.70534,1.15174,-1.40559
6838.20000,-0.70529,1.15143,-1.42320
6838.25000,-0.70525,1.15111,-1.44033
6838.30000,-0.70521,1.15078,-1.45689
6838.35000,-0.70517,1.15045,-1.47278
6838.40000,-0.70514,1.15013,-1.48797
6838.45000,-0.70512,1.14980,-1.50243
6838.50000,-0.70510,1.14947,-1.51622
6838.55000,-0.70508,1.14914,-1.52939
6838.60000,-0.70507,1.14892,-1.54226
6838.65000,-0.70507,1.14868,-1.55447
6838.70000,-0.70506,1.14833,-1.56580
6838.75000,-0.70506,1.14797,-1.57675
6838.80000,-0.70506,1.14761,-1.58735
6838.85000,-0.70507,1.14729,-1.59753
6838.90000,-0.70508,1.14691,-1.60743
6838.95000,-0.70510,1.14665,-1.61811
6839.00000,-0.70511,1.14635,-1.62792
6839.05000,-0.70514,1.14593,-1.63721
6839.10000,-0.70517,1.14554,-1.64632
6839.15000,-0.70521,1.14504,-1.65542
6839.20000,-0.70527,1.14434,-1.66425
6839.25000,-0.70534,1.14365,-1.67250
6839.30000,-0.70541,1.14298,-1.68013
6839.35000,-0.70549,1.14232,-1.68713
6839.40000,-0.70556,1.14168,-1.69351
6839.45000,-0.70564,1.14106,-1.69928
6839.50000,-0.70572,1.14045,-1.70446
6839.55000,-0.70580,1.13987,-1.70904
6839.60000,-0.70588,1.13929,-1.71303
6839.65000,-0.70596,1.13874,-1.71646
6839.70000,-0.70604,1.13819,-1.71939
6839.75000,-0.70612,1.13766,-1.72187
6839.80000,-0.70620,1.13713,-1.72398
6839.85000,-0.70629,1.13661,-1.72582
6839.90000,-0.70637,1.13608,-1.72743
6839.95000,-0.70645,1.13554,-1.72883
6840.00000,-0.70654,1.13500,-1.73005
6840.05000,-0.70663,1.13445,-1.73106
6840.10000,-0.70672,1.13389,-1.73183
6840.15000,-0.70681,1.13332,-1.73237
6840.20000,-0.70690,1.13276,-1.73253
6840.25000,-0.70699,1.13221,-1.73229
6840.30000,-0.70708,1.13167,-1.73164
6840.35000,-0.70717,1.13114,-1.73060
6840.40000,-0.70725,1.13063,-1.72918
6840.45000,-0.70733,1.13012,-1.72737
6840.50000,-0.70741,1.12962,-1.72523
6840.55000,-0.70748,1.12913,-1.72282
6840.60000,-0.70756,1.12864,-1.72021
6840.65000,-0.70763,1.12816,-1.71743
6840.70000,-0.70770,1.12767,-1.71452
6840.75000,-0.70777,1.12717,-1.71146
6840.80000,-0.70784,1.12667,-1.70826
6840.85000,-0.70791,1.12615,-1.70497
6840.90000,-0.70798,1.12562,-1.70159
6840.95000,-0.70805,1.12507,-1.69815
6841.00000,-0.70813,1.12450,-1.69465
6841.05000,-0.70820,1.12390,-1.69111
6841.10000,-0.70828,1.12327,-1.68751
6841.15000,-0.70835,1.12260,-1.68386
6841.20000,-0.70843,1.12190,-1.68017
6841.25000,-0.70851,1.12115,-1.67643
6841.30000,-0.70860,1.12035,-1.67264
6841.35000,-0.70868,1.11949,-1.66882
6841.40000,-0.70877,1.11858,-1.66496
6841.45000,-0.70886,1.11759,-1.66105
6841.50000,-0.70895,1.11654,-1.65709
6841.55000,-0.70905,1.11540,-1.65308
6841.60000,-0.70915,1.11419,-1.64898
6841.65000,-0.70924,1.11291,-1.64479
6841.70000,-0.70934,1.11155,-1.64050
6841.75000,-0.70944,1.11011,-1.63611
6841.80000,-0.70954,1.10857,-1.63162
6841.85000,-0.70963,1.10693,-1.62702
6841.90000,-0.70973,1.10518,-1.62229
6841.95000,-0.70982,1.10333,-1.61743
6842.00000,-0.70991,1.10136,-1.61244
6842.05000,-0.70999,1.09927,-1.60729
6842.10000,-0.71006,1.09706,-1.60198
6842.15000,-0.71013,1.09473,-1.59651
6842.20000,-0.71018,1.09228,-1.59086
6842.25000,-0.71023,1.08972,-1.58503
6842.30000,-0.71026,1.08706,-1.57902
6842.35000,-0.71027,1.08430,-1.57282
6842.40000,-0.71027,1.08146,-1.56643
6842.45000,-0.71025,1.07854,-1.55985
6842.50000,-0.71020,1.07558,-1.55310
6842.55000,-0.71014,1.07258,-1.54617
6842.60000,-0.71006,1.06954,-1.53906
6842.65000,-0.70995,1.06649,-1.53178
6842.70000,-0.70982,1.06342,-1.52432
6842.75000,-0.70966,1.06035,-1.51668
6842.80000,-0.70948,1.05729,-1.50886
6842.85000,-0.70928,1.05424,-1.50087
6842.90000,-0.70906,1.05121,-1.49271
6842.95000,-0.70881,1.04822,-1.48438
6843.00000,-0.70854,1.04526,-1.47586
6843.05000,-0.70825,1.04235,-1.46712
6843.10000,-0.70794,1.03949,-1.45815
6843.15000,-0.70761,1.03669,-1.44896
6843.20000,-0.70727,1.03396,-1.43956
6843.25000,-0.70690,1.03131,-1.42995
6843.30000,-0.70653,1.02875,-1.42013
6843.35000,-0.70612,1.02614,-1.41026
6843.40000,-0.70568,1.02346,-1.40020
6843.45000,-0.70522,1.02078,-1.38998
6843.50000,-0.70475,1.01820,-1.37899
6843.55000,-0.70427,1.01574,-1.36790
6843.60000,-0.70380,1.01345,-1.35635
6843.65000,-0.70332,1.01122,-1.34483
6843.70000,-0.70284,1.00906,-1.33321
6843.75000,-0.70235,1.00706,-1.32194
6843.80000,-0.70186,1.00511,-1.31008
6843.85000,-0.70137,1.00331,-1.29806
6843.90000,-0.70089,1.00158,-1.28573
6843.95000,-0.70038,0.99986,-1.27396
6844.00000,-0.69989,0.99826,-1.26149
6844.05000,-0.69940,0.99669,-1.24948
6844.10000,-0.69893,0.99532,-1.23655
6844.15000,-0.69848,0.99403,-1.22342
6844.20000,-0.69685,0.99067,-1.21094
6844.25000,-0.69339,0.98222,-1.19941
6844.30000,-0.68966,0.97276,-1.18714
6844.35000,-0.68584,0.96345,-1.17395
6844.40000,-0.68186,0.95408,-1.16120
6844.45000,-0.67778,0.94484,-1.14787
6844.50000,-0.67359,0.93568,-1.13408
6844.55000,-0.66950,0.92681,-1.11988
6844.60000,-0.66594,0.91849,-1.10538
6844.65000,-0.66533,0.91385,-1.08922
6844.70000,-0.66507,0.91261,-1.07303
6844.75000,-0.66485,0.91221,-1.05595
6844.80000,-0.66457,0.91173,-1.03924
6844.85000,-0.66428,0.91122,-1.02259
6844.90000,-0.66394,0.91067,-1.00624
6844.95000,-0.66367,0.91023,-0.98881
6845.00000,-0.66338,0.90979,-0.97100
6845.05000,-0.66305,0.90931,-0.95321
6845.10000,-0.66270,0.90883,-0.93536
6845.15000,-0.66237,0.90838,-0.91694
6845.20000,-0.66202,0.90794,-0.89794
6845.25000,-0.66164,0.90746,-0.87924
6845.30000,-0.66126,0.90701,-0.85970
6845.35000,-0.66088,0.90658,-0.83978
6845.40000,-0.66043,0.90608,-0.81971
6845.45000,-0.66002,0.90565,-0.79901
6845.50000,-0.65959,0.90520,-0.77796
6845.55000,-0.65914,0.90477,-0.75616
6845.60000,-0.65865,0.90433,-0.73411
6845.65000,-0.65815,0.90388,-0.71169
6845.70000,-0.65759,0.90341,-0.68881
6845.75000,-0.65701,0.90295,-0.66535
6845.80000,-0.65652,0.90255,-0.64195
6845.85000,-0.65592,0.90210,-0.61780
6845.90000,-0.65532,0.90167,-0.59332
6845.95000,-0.65474,0.90128,-0.56850
6846.00000,-0.65436,0.90102,-0.54462
6846.05000,-0.65421,0.90093,-0.52139
6846.10000,-0.65410,0.90086,-0.49815
6846.15000,-0.65398,0.90080,-0.47475
6846.20000,-0.65387,0.90074,-0.45126
6846.25000,-0.65375,0.90069,-0.42771
6846.30000,-0.65364,0.90064,-0.40411
6846.35000,-0.65352,0.90059,-0.38050
6846.40000,-0.65340,0.90055,-0.35691
6846.45000,-0.65329,0.90050,-0.33333
6846.50000,-0.65317,0.90046,-0.30979
6846.55000,-0.65305,0.90043,-0.28632
6846.60000,-0.65294,0.90040,-0.26293
6846.65000,-0.65282,0.90037,-0.23965
6846.70000,-0.65270,0.90034,-0.21648
6846.75000,-0.65258,0.90031,-0.19349
6846.80000,-0.65246,0.90029,-0.17064
6846.85000,-0.65235,0.90027,-0.14795
6846.90000,-0.65223,0.90026,-0.12448
6846.95000,-0.65212,0.90024,-0.09818
6847.00000,-0.65200,0.90023,-0.06836
6847.05000,-0.65189,0.90022,-0.03489
6847.10000,-0.65177,0.90022,0.00161
6847.15000,-0.65166,0.90022,0.04062
6847.20000,-0.65154,0.90023,0.08174
6847.25000,-0.65141,0.90024,0.12454
6847.30000,-0.65129,0.90026,0.16853
6847.35000,-0.65115,0.90028,0.21321
6847.40000,-0.65102,0.90032,0.25854
6847.45000,-0.65088,0.90036,0.30443
6847.50000,-0.65073,0.90041,0.35067
6847.55000,-0.65059,0.90046,0.39712
6847.60000,-0.65044,0.90053,0.44366
6847.65000,-0.65029,0.90060,0.49019
6847.70000,-0.65015,0.90069,0.53662
6847.75000,-0.65000,0.90078,0.58277
6847.80000,-0.64986,0.90088,0.62860
6847.85000,-0.64972,0.90098,0.67413
6847.90000,-0.64958,0.90110,0.71930
6847.95000,-0.64944,0.90122,0.76395
6848.00000,-0.64932,0.90135,0.80800
6848.05000,-0.64919,0.90148,0.85143
6848.10000,-0.64908,0.90162,0.89427
6848.15000,-0.64897,0.90177,0.93664
6848.20000,-0.64886,0.90192,0.97855
6848.25000,-0.64876,0.90208,1.02004
6848.30000,-0.64859,0.90232,1.06147
6848.35000,-0.64846,0.90253,1.10221
6848.40000,-0.64814,0.90314,1.14416
6848.45000,-0.64767,0.90422,1.18762
6848.50000,-0.64726,0.90534,1.23051
6848.55000,-0.64691,0.90636,1.27225
6848.60000,-0.64658,0.90754,1.31391
6848.65000,-0.64630,0.90870,1.35455
6848.70000,-0.64569,0.91105,1.39364
6848.75000,-0.64435,0.91890,1.42681
6848.80000,-0.64309,0.92872,1.46137
6848.85000,-0.64217,0.93874,1.49680
6848.90000,-0.64165,0.94801,1.53275
6848.95000,-0.64147,0.95711,1.56873
6849.00000,-0.64161,0.96622,1.60396
6849.05000,-0.64207,0.97535,1.63844
6849.10000,-0.64284,0.98447,1.67216
6849.15000,-0.64392,0.99358,1.70514
6849.20000,-0.64530,1.00267,1.73737
6849.25000,-0.64697,1.01173,1.76883
6849.30000,-0.64892,1.02075,1.79954
6849.35000,-0.65116,1.02973,1.82946
6849.40000,-0.65366,1.03866,1.85863
6849.45000,-0.65642,1.04753,1.88703
6849.50000,-0.65944,1.05634,1.91457
6849.55000,-0.66270,1.06508,1.94120
6849.60000,-0.66620,1.07376,1.96692
6849.65000,-0.66992,1.08237,1.99168
6849.70000,-0.67387,1.09091,2.01542
6849.75000,-0.67802,1.09937,2.03812
6849.80000,-0.68237,1.10777,2.05974
6849.85000,-0.68682,1.11613,2.08131
6849.90000,-0.68769,1.11924,2.10213
6849.95000,-0.68788,1.11960,2.12046
6850.00000,-0.68807,1.11992,2.13809
6850.05000,-0.68815,1.12007,2.15623
6850.10000,-0.68830,1.12033,2.17317
6850.15000,-0.68847,1.12060,2.19083
6850.20000,-0.68865,1.12084,2.20803
6850.25000,-0.68884,1.12113,2.22436
6850.30000,-0.68899,1.12133,2.24096
6850.35000,-0.68923,1.12164,2.25722
6850.40000,-0.68942,1.12189,2.27238
6850.45000,-0.68965,1.12217,2.28701
6850.50000,-0.68979,1.12233,2.30132
6850.55000,-0.68995,1.12251,2.31531
6850.60000,-0.69017,1.12275,2.32856
6850.65000,-0.69007,1.12265,2.34176
6850.70000,-0.68997,1.12255,2.35434
6850.75000,-0.68987,1.12245,2.36641
6850.80000,-0.68999,1.12257,2.37772
6850.85000,-0.69017,1.12275,2.38833
6850.90000,-0.69035,1.12292,2.39867
6850.95000,-0.69053,1.12308,2.40893
6851.00000,-0.69074,1.12327,2.41857
6851.05000,-0.69098,1.12348,2.42761
6851.10000,-0.69111,1.12359,2.43673
6851.15000,-0.69128,1.12373,2.44520
6851.20000,-0.69144,1.12386,2.45303
6851.25000,-0.69159,1.12399,2.46058
6851.30000,-0.69176,1.12411,2.46733
6851.35000,-0.69191,1.12424,2.47356
6851.40000,-0.69206,1.12435,2.47948
6851.45000,-0.69220,1.12446,2.48522
6851.50000,-0.69235,1.12457,2.49005
6851.55000,-0.69253,1.12470,2.49415
6851.60000,-0.69270,1.12483,2.49790
6851.65000,-0.69284,1.12494,2.50138
6851.70000,-0.69301,1.12506,2.50430
6851.75000,-0.69316,1.12517,2.50678
6851.80000,-0.69333,1.12529,2.50877
6851.85000,-0.69347,1.12540,2.51042
6851.90000,-0.69362,1.12551,2.51165
6851.95000,-0.69377,1.12561,2.51254
6852.00000,-0.69391,1.12572,2.51312
6852.05000,-0.69405,1.12582,2.51338
6852.10000,-0.69418,1.12592,2.51330
6852.15000,-0.69432,1.12601,2.51294
6852.20000,-0.69445,1.12611,2.51228
6852.25000,-0.69457,1.12620,2.51135
6852.30000,-0.69469,1.12629,2.51018
6852.35000,-0.69482,1.12639,2.50864
6852.40000,-0.69495,1.12648,2.50687
6852.45000,-0.69508,1.12657,2.50485
6852.50000,-0.69521,1.12667,2.50261
6852.55000,-0.69534,1.12677,2.50010
6852.60000,-0.69547,1.12687,2.49742
6852.65000,-0.69560,1.12696,2.49457
6852.70000,-0.69573,1.12706,2.49153
6852.75000,-0.69586,1.12716,2.48825
6852.80000,-0.69599,1.12726,2.48472
6852.85000,-0.69612,1.12736,2.48096
6852.90000,-0.69625,1.12746,2.47697
6852.95000,-0.69637,1.12756,2.47276
6853.00000,-0.69650,1.12766,2.46837
6853.05000,-0.69663,1.12776,2.46381
6853.10000,-0.69675,1.12786,2.45909
6853.15000,-0.69687,1.12796,2.45422
6853.20000,-0.69700,1.12806,2.44922
6853.25000,-0.69712,1.12816,2.44409
6853.30000,-0.69724,1.12827,2.43881
6853.35000,-0.69736,1.12837,2.43336
6853.40000,-0.69748,1.12847,2.42774
6853.45000,-0.69760,1.12857,2.42197
6853.50000,-0.69772,1.12868,2.41605
6853.55000,-0.69783,1.12878,2.40999
6853.60000,-0.69795,1.12889,2.40376
6853.65000,-0.69807,1.12900,2.39736
6853.70000,-0.69818,1.12910,2.39080
6853.75000,-0.69830,1.12921,2.38408
6853.80000,-0.69841,1.12932,2.37723
6853.85000,-0.69852,1.12943,2.37026
6853.90000,-0.69864,1.12954,2.36319
6853.95000,-0.69875,1.12965,2.35603
6854.00000,-0.69886,1.12976,2.34881
6854.05000,-0.69897,1.12987,2.34152
6854.10000,-0.69909,1.13000,2.33464
6854.15000,-0.69913,1.13004,2.32792
6854.20000,-0.69917,1.13009,2.32098
6854.25000,-0.69927,1.13019,2.31364
6854.30000,-0.69929,1.13023,2.30701
6854.35000,-0.69934,1.13030,2.30014
6854.40000,-0.69949,1.13048,2.29290
6854.45000,-0.69958,1.13059,2.28572
6854.50000,-0.69966,1.13067,2.27821
6854.55000,-0.69971,1.13074,2.27085
6854.60000,-0.69971,1.13075,2.26340
6854.65000,-0.69971,1.13075,2.25595
6854.70000,-0.69971,1.13076,2.24848
6854.75000,-0.69971,1.13077,2.24102
6854.80000,-0.70138,1.13249,2.23401
6854.85000,-0.70703,1.13935,2.22709
6854.90000,-0.71301,1.14717,2.21960
6854.95000,-0.71896,1.15507,2.21225
6855.00000,-0.72483,1.16299,2.20498
6855.05000,-0.73065,1.17095,2.19801
6855.10000,-0.73640,1.17894,2.19138
6855.15000,-0.74211,1.18698,2.18495
6855.20000,-0.74778,1.19507,2.17887
6855.25000,-0.75340,1.20319,2.17331
6855.30000,-0.75897,1.21134,2.16835
6855.35000,-0.76451,1.21952,2.16376
6855.40000,-0.77004,1.22774,2.15965
6855.45000,-0.77554,1.23600,2.15687
6855.50000,-0.78104,1.24429,2.15508
6855.55000,-0.78653,1.25261,2.15433
6855.60000,-0.79204,1.26096,2.15462
6855.65000,-0.79759,1.26933,2.15615
6855.70000,-0.80315,1.27771,2.15872
6855.75000,-0.80878,1.28612,2.16237
6855.80000,-0.81444,1.29451,2.16802
6855.85000,-0.82020,1.30291,2.17582
6855.90000,-0.82607,1.31131,2.18580
6855.95000,-0.83185,1.31958,2.19612
6856.00000,-0.83645,1.32666,2.20684
6856.05000,-0.83753,1.32852,2.22216
6856.10000,-0.83791,1.32902,2.24615
6856.15000,-0.83832,1.32954,2.27098
6856.20000,-0.83877,1.33007,2.29582
6856.25000,-0.83922,1.33057,2.32041
6856.30000,-0.83966,1.33103,2.34417
6856.35000,-0.84011,1.33148,2.36696
6856.40000,-0.84053,1.33189,2.38864
6856.45000,-0.84095,1.33227,2.40933
6856.50000,-0.84136,1.33264,2.42918
6856.55000,-0.84177,1.33298,2.44834
6856.60000,-0.84216,1.33331,2.46698
6856.65000,-0.84256,1.33362,2.48544
6856.70000,-0.84297,1.33394,2.50354
6856.75000,-0.84337,1.33426,2.52142
6856.80000,-0.84380,1.33457,2.53933
6856.85000,-0.84416,1.33482,2.55704
6856.90000,-0.84455,1.33507,2.57541
6856.95000,-0.84495,1.33533,2.59486
6857.00000,-0.84504,1.33539,2.61375
6857.05000,-0.84508,1.33542,2.63281
6857.10000,-0.84513,1.33544,2.65169
6857.15000,-0.84517,1.33546,2.67039
6857.20000,-0.84522,1.33549,2.68885
6857.25000,-0.84527,1.33551,2.70711
6857.30000,-0.84532,1.33553,2.72511
6857.35000,-0.84536,1.33555,2.74278
6857.40000,-0.84728,1.33685,2.75926
6857.45000,-0.85491,1.34012,2.77518
6857.50000,-0.86384,1.34345,2.79391
6857.55000,-0.87282,1.34660,2.81331
6857.60000,-0.88184,1.34958,2.83316
6857.65000,-0.89090,1.35247,2.85302
6857.70000,-0.89613,1.35309,2.87019
6857.75000,-0.89669,1.35317,2.89069
6857.80000,-0.89674,1.35318,2.91130
6857.85000,-0.89679,1.35320,2.93219
6857.90000,-0.89685,1.35321,2.95352
6857.95000,-0.89690,1.35322,2.97565
6858.00000,-0.89696,1.35323,2.99889
6858.05000,-0.89702,1.35323,3.02353
6858.10000,-0.89708,1.35324,3.04980
6858.15000,-0.89714,1.35324,3.07760
6858.20000,-0.89721,1.35325,3.10659
6858.25000,-0.89728,1.35325,3.13645
6858.30000,-0.89736,1.35325,-3.11575
6858.35000,-0.89744,1.35324,-3.08353
6858.40000,-0.89753,1.35324,-3.05008
6858.45000,-0.89763,1.35323,-3.01546
6858.50000,-0.89775,1.35321,-2.97984
6858.55000,-0.89787,1.35319,-2.94336
6858.60000,-0.89802,1.35316,-2.90619
6858.65000,-0.89818,1.35311,-2.86851
6858.70000,-0.89836,1.35306,-2.83045
6858.75000,-0.89856,1.35299,-2.79221
6858.80000,-0.89878,1.35291,-2.75400
6858.85000,-0.89900,1.35281,-2.71604
6858.90000,-0.89922,1.35270,-2.67850
6858.95000,-0.89954,1.35254,-2.64105
6859.00000,-0.90032,1.35209,-2.60172
6859.05000,-0.90138,1.35143,-2.56152
6859.10000,-0.90203,1.35101,-2.52361
6859.15000,-0.90271,1.35054,-2.48641
6859.20000,-0.90364,1.34981,-2.44817
6859.25000,-0.90420,1.34935,-2.41241
6859.30000,-0.90451,1.34908,-2.37843
6859.35000,-0.90503,1.34858,-2.34363
6859.40000,-0.90532,1.34827,-2.31032
6859.45000,-0.90591,1.34762,-2.27547
6859.50000,-0.90647,1.34694,-2.24096
6859.55000,-0.90719,1.34601,-2.20549
6859.60000,-0.90792,1.34500,-2.17049
6859.65000,-0.90860,1.34398,-2.13625
6859.70000,-0.91025,1.34141,-2.10379
6859.75000,-0.91458,1.33390,-2.07572
6859.80000,-0.91890,1.32579,-2.04374
6859.85000,-0.92297,1.31752,-2.01256
6859.90000,-0.92680,1.30911,-1.98243
6859.95000,-0.93038,1.30055,-1.95337
6860.00000,-0.93373,1.29188,-1.92542
6860.05000,-0.93685,1.28309,-1.89842
6860.10000,-0.93974,1.27421,-1.87231
6860.15000,-0.94241,1.26522,-1.84719
6860.20000,-0.94487,1.25615,-1.82328
6860.25000,-0.94713,1.24699,-1.80083
6860.30000,-0.94919,1.23774,-1.78009
6860.35000,-0.95114,1.22819,-1.76214
6860.40000,-0.95294,1.21847,-1.74642
6860.45000,-0.95462,1.20900,-1.73069
6860.50000,-0.95483,1.20426,-1.71783
6860.55000,-0.95487,1.20386,-1.71998
6860.60000,-0.95487,1.20399,-1.73162
6860.65000,-0.95486,1.20401,-1.74389
6860.70000,-0.95485,1.20411,-1.75504
6860.75000,-0.95485,1.20418,-1.76248
6860.80000,-0.95486,1.20409,-1.76265
6860.85000,-0.95487,1.20404,-1.75732
6860.90000,-0.95488,1.20396,-1.74891
6860.95000,-0.95556,1.20190,-1.74032
6861.00000,-0.95705,1.19548,-1.73183
6861.05000,-0.95855,1.18665,-1.72109
6861.10000,-0.95998,1.17679,-1.70971
6861.15000,-0.96130,1.16722,-1.69883
6861.20000,-0.96170,1.16129,-1.68913
6861.25000,-0.96168,1.16013,-1.68915
6861.30000,-0.96168,1.16012,-1.70084
6861.35000,-0.96170,1.16007,-1.71611
6861.40000,-0.96172,1.16010,-1.73093
6861.45000,-0.96174,1.16005,-1.74462
6861.50000,-0.96174,1.16009,-1.75406
6861.55000,-0.96175,1.16006,-1.75789
6861.60000,-0.96176,1.16000,-1.75654
6861.65000,-0.96257,1.15821,-1.75515
6861.70000,-0.96415,1.15356,-1.75330
6861.75000,-0.96574,1.14638,-1.74954
6861.80000,-0.96738,1.13724,-1.74251
6861.85000,-0.96902,1.12753,-1.73442
6861.90000,-0.97061,1.11772,-1.72952
6861.95000,-0.97219,1.10786,-1.72502
6862.00000,-0.97243,1.10317,-1.72399
6862.05000,-0.97256,1.10181,-1.74161
6862.10000,-0.97254,1.10180,-1.77592
6862.15000,-0.97254,1.10179,-1.81167
6862.20000,-0.97251,1.10191,-1.84507
6862.25000,-0.97241,1.10231,-1.87481
6862.30000,-0.97251,1.10207,-1.90324
6862.35000,-0.97263,1.10158,-1.92524
6862.40000,-0.97268,1.10127,-1.93957
6862.45000,-0.97268,1.10119,-1.94576
6862.50000,-0.97391,1.09960,-1.94887
6862.55000,-0.97716,1.09361,-1.95028
6862.60000,-0.98049,1.08578,-1.94819
6862.65000,-0.98404,1.07678,-1.94087
6862.70000,-0.98757,1.06757,-1.93354
6862.75000,-0.99110,1.05820,-1.92907
6862.80000,-0.99458,1.04886,-1.92964
6862.85000,-0.99794,1.03967,-1.93131
6862.90000,-0.99886,1.03582,-1.94647
6862.95000,-0.99978,1.03328,-1.98110
6863.00000,-1.00003,1.03271,-2.02853
6863.05000,-1.00005,1.03267,-2.07862
6863.10000,-1.00007,1.03265,-2.12653
6863.15000,-1.00008,1.03263,-2.16935
6863.20000,-1.00010,1.03261,-2.20159
6863.25000,-1.00149,1.03101,-2.22928
6863.30000,-1.00527,1.02625,-2.24462
6863.35000,-1.01110,1.01900,-2.24232
6863.40000,-1.01730,1.01115,-2.23642
6863.45000,-1.02346,1.00327,-2.23300
6863.50000,-1.02954,0.99548,-2.23755
6863.55000,-1.03459,0.98904,-2.24727
6863.60000,-1.03668,0.98649,-2.27788
6863.65000,-1.03745,0.98563,-2.32495
6863.70000,-1.03748,0.98560,-2.37791
6863.75000,-1.03750,0.98557,-2.43079
6863.80000,-1.03753,0.98555,-2.48270
6863.85000,-1.03756,0.98553,-2.53280
6863.90000,-1.03757,0.98552,-2.57904
6863.95000,-1.03760,0.98552,-2.61518
6864.00000,-1.03893,0.98471,-2.64586
6864.05000,-1.04171,0.98316,-2.66518
6864.10000,-1.04401,0.98196,-2.66412
6864.15000,-1.04418,0.98188,-2.64978
6864.20000,-1.04425,0.98185,-2.63439
6864.25000,-1.04453,0.98170,-2.61747
6864.30000,-1.04460,0.98165,-2.60098
6864.35000,-1.04468,0.98161,-2.58435
6864.40000,-1.04475,0.98156,-2.56765
6864.45000,-1.04482,0.98151,-2.55088
6864.50000,-1.04490,0.98146,-2.53407
6864.55000,-1.04497,0.98141,-2.51719
6864.60000,-1.04504,0.98136,-2.50018
6864.65000,-1.04512,0.98130,-2.48291
6864.70000,-1.04520,0.98124,-2.46528
6864.75000,-1.04529,0.98116,-2.44727
6864.80000,-1.04539,0.98108,-2.42893
6864.85000,-1.04551,0.98098,-2.41031
6864.90000,-1.04563,0.98086,-2.39146
6864.95000,-1.04576,0.98074,-2.37244
6865.00000,-1.04591,0.98060,-2.35327
6865.05000,-1.04606,0.98044,-2.33399
6865.10000,-1.04622,0.98027,-2.31462
6865.15000,-1.04638,0.98008,-2.29519
6865.20000,-1.04655,0.97989,-2.27577
6865.25000,-1.04672,0.97969,-2.25640
6865.30000,-1.04688,0.97949,-2.23713
6865.35000,-1.04704,0.97928,-2.21795
6865.40000,-1.04719,0.97908,-2.19887
6865.45000,-1.04734,0.97886,-2.17989
6865.50000,-1.04749,0.97865,-2.16098
6865.55000,-1.04764,0.97843,-2.14207
6865.60000,-1.04778,0.97820,-2.12313
6865.65000,-1.04793,0.97795,-2.10411
6865.70000,-1.04808,0.97770,-2.08500
6865.75000,-1.04823,0.97742,-2.06583
6865.80000,-1.04838,0.97713,-2.04662
6865.85000,-1.04854,0.97682,-2.02737
6865.90000,-1.04870,0.97649,-2.00813
6865.95000,-1.04885,0.97614,-1.98890
6866.00000,-1.04901,0.97578,-1.96970
6866.05000,-1.04917,0.97540,-1.95053
6866.10000,-1.04932,0.97501,-1.93141
6866.15000,-1.04947,0.97461,-1.91242
6866.20000,-1.04960,0.97421,-1.89359
6866.25000,-1.04974,0.97380,-1.87495
6866.30000,-1.04986,0.97339,-1.85651
6866.35000,-1.04998,0.97299,-1.83825
6866.40000,-1.05008,0.97258,-1.82018
6866.45000,-1.05025,0.97192,-1.80115
6866.50000,-1.05039,0.97129,-1.78228
6866.55000,-1.05052,0.97069,-1.76370
6866.60000,-1.05063,0.97014,-1.74549
6866.65000,-1.05135,0.96741,-1.72815
6866.70000,-1.05271,0.95941,-1.71065
6866.75000,-1.05394,0.94998,-1.69103
6866.80000,-1.05499,0.94053,-1.67134
6866.85000,-1.05585,0.93106,-1.65169
6866.90000,-1.05652,0.92157,-1.63206
6866.95000,-1.05704,0.91146,-1.61307
6867.00000,-1.05737,0.90135,-1.59481
6867.05000,-1.05752,0.89094,-1.57505
6867.10000,-1.05746,0.88046,-1.55451
6867.15000,-1.05719,0.87002,-1.53318
6867.20000,-1.05679,0.85955,-1.51178
6867.25000,-1.05673,0.85452,-1.49053
6867.30000,-1.05665,0.85338,-1.46200
6867.35000,-1.05655,0.85245,-1.42863
6867.40000,-1.05642,0.85154,-1.39488
6867.45000,-1.05625,0.85066,-1.36092
6867.50000,-1.05607,0.84979,-1.32673
6867.55000,-1.05586,0.84892,-1.29232
6867.60000,-1.05561,0.84806,-1.25772
6867.65000,-1.05534,0.84723,-1.22299
6867.70000,-1.05505,0.84639,-1.18796
6867.75000,-1.05472,0.84557,-1.15272
6867.80000,-1.05436,0.84475,-1.11725
6867.85000,-1.05399,0.84401,-1.08179
6867.90000,-1.05373,0.84352,-1.04694
6867.95000,-1.05361,0.84333,-1.01279
6868.00000,-1.05359,0.84329,-0.97802
6868.05000,-1.05356,0.84325,-0.94174
6868.10000,-1.05353,0.84321,-0.90393
6868.15000,-1.05350,0.84317,-0.86492
6868.20000,-1.05346,0.84313,-0.82505
6868.25000,-1.05343,0.84309,-0.78468
6868.30000,-1.05338,0.84305,-0.74413
6868.35000,-1.05334,0.84301,-0.70350
6868.40000,-1.05329,0.84297,-0.66285
6868.45000,-1.05324,0.84294,-0.62206
6868.50000,-1.05319,0.84290,-0.58118
6868.55000,-1.05314,0.84287,-0.54009
6868.60000,-1.05308,0.84283,-0.49876
6868.65000,-1.05302,0.84280,-0.45734
6868.70000,-1.05296,0.84277,-0.41614
6868.75000,-1.05290,0.84275,-0.37533
6868.80000,-1.05283,0.84273,-0.33482
6868.85000,-1.05277,0.84270,-0.29450
6868.90000,-1.05270,0.84269,-0.25437
6868.95000,-1.05264,0.84267,-0.21441
6869.00000,-1.05257,0.84266,-0.17443
6869.05000,-1.05250,0.84265,-0.13377
6869.10000,-1.05243,0.84264,-0.09187
6869.15000,-1.05236,0.84263,-0.04848
6869.20000,-1.05228,0.84263,-0.00357
6869.25000,-1.05220,0.84263,0.04244
6869.30000,-1.05211,0.84264,0.08915
6869.35000,-1.05202,0.84265,0.13609
6869.40000,-1.05193,0.84266,0.18311
6869.45000,-1.05183,0.84268,0.23003
6869.50000,-1.05173,0.84271,0.27676
6869.55000,-1.05163,0.84274,0.32330
6869.60000,-1.05153,0.84278,0.36961
6869.65000,-1.05143,0.84282,0.41563
6869.70000,-1.05134,0.84286,0.46102
6869.75000,-1.05124,0.84292,0.50571
6869.80000,-1.05114,0.84297,0.54967
6869.85000,-1.05105,0.84303,0.59286
6869.90000,-1.05096,0.84310,0.63519
6869.95000,-1.05087,0.84316,0.67659
6870.00000,-1.05078,0.84324,0.71696
6870.05000,-1.04908,0.84484,0.75650
6870.10000,-1.04335,0.85046,0.78957
6870.15000,-1.03657,0.85753,0.82516
6870.20000,-1.02992,0.86499,0.85930
6870.25000,-1.02351,0.87265,0.89047
6870.30000,-1.01732,0.88050,0.91808
6870.35000,-1.01118,0.88871,0.94223
6870.40000,-1.00512,0.89715,0.96651
6870.45000,-1.00345,0.90002,0.98619
6870.50000,-1.00330,0.90024,0.99471
6870.55000,-1.00320,0.90040,0.99910
6870.60000,-1.00311,0.90054,1.00076
6870.65000,-1.00305,0.90062,0.99962
6870.70000,-1.00301,0.90067,0.99594
6870.75000,-1.00300,0.90068,0.98993
6870.80000,-1.00301,0.90066,0.98168
6870.85000,-1.00304,0.90061,0.97142
6870.90000,-1.00309,0.90054,0.95943
